x1,x2,x3,x4,x5,x6,x7,x8,x9,x10,x11,x12,x13,x14,x15,x16,x17,x18,x19,x20,x21,x22,x23,x24,x25,x26,x27,x28,x29,x30,x31,x32,x33,x34,x35,x36,x37,x38,x39,x40,x41,x42,x43,x44,x45,x46,x47,x48,x49,x50,x51,x52,x53,x54,x55,x56,x57,x58,x59,x60
0.25000000000000006,0.24474674718796524,0.016639263230942305,0.24551965911477275,0.0010642180125651896,0.2447750074217112,0.02257002237033105,0.24293407403481998,0.19195525374845138,0.24569352020716098,0.2343897354770465,-0.10721425660438297,0.11828385719948775,-0.11633515005751906,0.1433275213336828,-0.07572495498079955,0.08720062291790541,0.08939397463214306,-0.11295935724180073,0.24222503665647527,0.20031716541887237,0.09355908928789534,-0.04231660083016904,0.11209200924763425,-0.04282127870384398,0.12290933383529304,-0.07299600763450115,0.12483501687340572,-0.060666430225001615,0.23603391147077193,0.22562739081614297,-0.010844147578538594,0.03525875033288532,-0.0014531999296967942,0.026598670226157656,0.012796596347414807,0.0540023825325531,0.022514682561967723,0.02749233228751896,0.23930160009234788,0.22299860443428782,0.005189209756867088,0.0047788275285399525,0.0011291270387304305,0.04897563056605758,0.007846432470047942,0.034427867055070505,0.12374396658699975,-0.12181007484285532,0.2377576788802507,0.24403704109103158,0.245509231094878,0.0924932442859564,0.24545208770748345,0.0666724711577159,0.2441756187051112,0.05937297103250995,0.24132664193902162,0.1930350851195945,0.2456951220391087
0.24474674718796524,0.25,0.015692949318843116,0.24886019398724601,0.00030082149129779216,0.24811228139040917,0.022482882628101525,0.24627091195138245,0.1943748940860431,0.24903241502770015,0.2377228899840125,-0.11047697309625015,0.12170544596754827,-0.11973704436667292,0.14668854790227298,-0.0779946460717932,0.08908642108911388,0.09039815597752025,-0.11447029118777882,0.24551744554356236,0.20280733911302457,0.09656938531235665,-0.04436542325768334,0.11539605466115083,-0.04486476515893948,0.12606743277863822,-0.07537452197767057,0.1278226615145285,-0.06269007470176761,0.23930862984103074,0.22882731421997382,-0.012283905134236398,0.037153806508033405,-0.002734552315500739,0.028343036597878058,0.011781679545223385,0.05609049398092987,0.02171809005712074,0.02900985429961537,0.2425305196070618,0.22591669190853514,0.006520774398243864,0.0036197235808162857,0.0023991657257706103,0.0486438862634738,0.008942550862310862,0.034198819798738775,0.12574453007858838,-0.12356853988507811,0.2409585933248233,0.24735870164357263,0.2488453448385519,0.09448752404429608,0.24878650290965387,0.06817505130752136,0.24748620185157302,0.060612774474171884,0.2445842899650247,0.19577024836571058,0.24903404225139245
0.016639263230942305,0.015692949318843116,0.24999999999999994,0.016447181529482033,0.04312574077264696,0.01593976355819928,0.024541806543075778,0.014634066880450925,0.022519255993547413,0.016629172467778622,0.006501475693821207,0.10653237498286013,-0.10674183343488736,0.1069291765099151,-0.07900495604915103,0.07395728562294081,-0.03867958944411324,0.01851628876824706,-0.007204348616676885,0.01625199028994623,0.028179139676539452,-0.10315507104674093,0.08991578510798516,-0.10501525229266276,0.0893491869079512,-0.08574982290294991,0.08260964218473908,-0.07215100753711327,0.07092809104677747,0.011777010642078676,0.006847581959531116,0.08065531829846506,-0.08679184880908329,0.07943540716155341,-0.08542459653241151,0.07581359964147115,-0.08178971777594232,0.07104405408672805,-0.06980684860724458,0.017636456850579248,0.022169593162605798,-0.07906427803424947,0.07746156889557101,-0.07900313150125887,0.06618796603053159,-0.061902626657754554,0.046336952997856055,-0.01177060682983135,-0.0017106653222578772,0.01799132682736305,0.016184333284539238,0.016634131614209135,-0.04020151045688588,0.016688417656104463,-0.03309523924975677,0.01701090772548514,-0.023323991006988377,0.017714546041936365,0.0059961779735255285,0.016629067633186716
0.24551965911477275,0.24886019398724601,0.016447181529482033,0.24999999999999983,-3.964007206625593e-5,0.24888598885189595,0.022447707699672585,0.24703818342345088,0.19494024529562615,0.24980620225773487,0.2384979780299197,-0.11127520967274364,0.12255109271287588,-0.12057975782160293,0.14756880231236183,-0.0785722284222168,0.08957996495895428,0.09060386581951614,-0.11478494768400711,0.24627941161019282,0.20337917150628262,0.09730742025369038,-0.044875139583019454,0.11621544171854521,-0.045375074497451165,0.12686830350691317,-0.07597800813042027,0.12858046249464986,-0.0632072031332315,0.24007020074972887,0.22957214583548768,-0.01264883942776912,0.037626940641130036,-0.003060875523856672,0.028780513951851078,0.01151878612016383,0.05662039472413353,0.021505169089013995,0.029401369317029687,0.24327777508093198,0.22659021837770812,0.006859891992372624,0.0033222194987878473,0.002722965033456858,0.04854381605881428,0.00921885122527534,0.0341306359643565,0.12621552766847957,-0.12397838195048813,0.24169970262526083,0.2481286185824729,0.24961848053042665,0.09496715449891698,0.24955922394086907,0.06853716042000728,0.24825325024253314,0.060909465100212126,0.2453387429368152,0.1964067185626176,0.24980783505754986
0.0010642180125651896,0.00030082149129779216,0.04312574077264696,-3.964007206625593e-5,0.2500000000000001,-0.0007903142384472321,0.011467743744043114,-0.0025093542814966273,0.007301741108760061,0.00013651731217813735,-0.006908411314506459,0.0887811269785003,-0.09058398402055816,0.09240468374654286,-0.09687142527167518,0.07656541449187607,-0.0463849143797218,0.018791706280504715,-0.005709431007187695,-3.512444415403702e-5,0.011545771154241482,-0.08572044267255491,0.072749401986952,-0.09073244191089558,0.07284492864100102,-0.08634715353642966,0.07605779955186145,-0.07399798924583922,0.06471302174308138,-0.003476543480868297,-0.006497030112477207,0.0639169553089643,-0.06998088278191872,0.06233464565551164,-0.06857840292600666,0.058752517893765455,-0.07227809188851303,0.05550010377443347,-0.059892194703764494,0.0014043584316243227,0.005683602514836049,-0.06237374842419689,0.060503144956773655,-0.06200728310091478,0.04929526171083371,-0.04879361086471888,0.034311318075638426,-0.01582468061998087,0.005127212659766723,0.0016193978653793854,-0.00012579768368722912,0.00015008961126175725,-0.036400021071504765,0.0001955970545620746,-0.029446632728128266,0.0005151635547784542,-0.0212811546296143,0.0012157297600360795,-0.005476296892795975,0.000136355892990213
0.2447750074217112,0.24811228139040917,0.01593976355819928,0.24888598885189595,-0.0007903142384472321,0.25000000000000006,0.02165972453870795,0.24629483312885608,0.19420971677023946,0.24905850444158953,0.23788160295523594,-0.11201099982930057,0.12328055403485848,-0.1213192093091555,0.14827079034043553,-0.07932454613186643,0.0902785783253408,0.08987126034858493,-0.11410318676521171,0.2455359306450999,0.20263287393653695,0.09804573562498047,-0.04561306343880671,0.1169541207802586,-0.04611536804477341,0.12760068625853027,-0.07671620368340382,0.1293028370388231,-0.06393587951599004,0.2394026761362251,0.22896419549601407,-0.013374196779082949,0.03835096307809338,-0.003801720207751443,0.029519931713669907,0.010777453925472294,0.05735844935041842,0.020763792412668767,0.03013389105880943,0.24253054469795374,0.225845737019093,0.007584184890644193,0.0025863067909480736,0.003459563586746867,0.047806014967075455,0.009771941651580405,0.033623775402909645,0.12602712729079593,-0.12366833362958368,0.24095835250052736,0.2473890721657246,0.24887117886952492,0.09512074650614943,0.24881155256329374,0.06868742112741628,0.24750563238385345,0.06097893256806354,0.24459139824647805,0.19588520008175048,0.24906013445669578
0.02257002237033105,0.022482882628101525,0.024541806543075778,0.022447707699672585,0.011467743744043114,0.02165972453870795,0.2500000000000003,0.01981584735544065,0.02988873639500788,0.022574902245083753,0.018165776093137832,0.026741118895707513,-0.029669684223754884,0.0310490812609487,-0.031179724580412866,0.09389594920881271,-0.12627323555277198,0.07242995650120274,-0.04919107919383596,0.02246501273421246,0.023371397573841806,-0.02601042454948993,0.023002307099453598,-0.03006152380965184,0.029166174619100284,-0.03918048453553777,0.03681133237704641,-0.04673392376778987,0.0390774240418502,0.01921730698810381,0.01826110422671645,0.02174192681294935,-0.022650364783366288,0.027168114702009666,-0.028416202752761327,0.027007243706648656,-0.03326601519583896,0.02868175214679589,-0.03485808122628554,0.02295223229229295,0.022376523896164367,-0.021714345307758277,0.02520427426190361,-0.02589145685772435,0.026026542127039164,-0.020743551443444586,0.018731416977535942,0.003469579196132896,-0.008106418536963981,0.02249186613608063,0.022311347814747876,0.022564215527486536,-0.006403609446625233,0.022580132245622928,-0.007057523156491588,0.02260736769095138,-0.004435281764109257,0.022662276642111793,0.01498659194939418,0.022575652013555388
0.24293407403481998,0.24627091195138245,0.014634066880450925,0.24703818342345088,-0.0025093542814966273,0.24629483312885608,0.01981584735544065,0.2499999999999999,0.19236606152398625,0.2472115607004393,0.2362378348090328,-0.11379474813345089,0.12504082171154676,-0.12310115364354719,0.1499072803392206,-0.08111925989175744,0.09191061396634524,0.08805296144281556,-0.1125515176117123,0.2437054239095306,0.20079403396476558,0.09983517058608246,-0.047407873450486346,0.11874015641860658,-0.047913833648858366,0.1293790834340427,-0.07851156625797136,0.13108575383900248,-0.06572845051492715,0.23775335333637299,0.2274598596740257,-0.015141259789654958,0.04011207258494674,-0.005606502735838408,0.031318303996426176,0.008970057551107578,0.05915498457812021,0.018954494569146874,0.031933068793995295,0.24068473290099102,0.22400886641894954,0.009349231204898896,0.0007925789924307391,0.0052542493339759275,0.04600348773369744,0.011117088872001047,0.03238747487104226,0.125554407269754,-0.12289961314993972,0.23912768277271032,0.24556215490151947,0.24702521794415463,0.0954857202216696,0.24696469759514353,0.06904666446337865,0.24565904108735923,0.06114069522905347,0.2427457702687179,0.19459435430725167,0.24721318294657793
0.19195525374845138,0.1943748940860431,0.022519255993547413,0.19494024529562615,0.007301741108760061,0.19420971677023946,0.02988873639500788,0.19236606152398625,0.24999999999999983,0.195102401402452,0.1849002376397552,-0.07045649244169304,0.08143312153916737,-0.07963492177452396,0.10498221553058776,-0.03671043232458245,0.042895672356085705,0.13627346086960618,-0.1665653352436599,0.19437525577901166,0.16063850639853375,0.06144224618039618,-0.025474634716077495,0.07706591371255749,-0.024591600166519883,0.08593706380815827,-0.04580871777576651,0.083060286619198,-0.035485133103725926,0.186732591589574,0.17844497251449765,-0.0022428429770870936,0.02039044033769168,0.0065126596768730685,0.012281253722009835,0.01746113425460012,0.03267224047750993,0.02572274131774038,0.011264825351285276,0.1902931898419453,0.17761013969187087,-0.002065856090695647,0.010742273394562534,-0.006391824136366322,0.04491648838420732,0.00014819041443152298,0.03201489940473097,0.09572205956226855,-0.09561580367998956,0.1889872905814977,0.19375674090457332,0.19495938541817492,0.06928041095473794,0.1949203833350885,0.049248572178964875,0.193949545776705,0.04417670047244005,0.1917808894401867,0.15242016016545795,0.19510542735206218
0.24569352020716098,0.24903241502770015,0.016629172467778622,0.24980620225773487,0.00013651731217813735,0.24905850444158953,0.022574902245083753,0.2472115607004393,0.195102401402452,0.24999999999999983,0.23864499544451445,-0.11112119873276297,0.12239995641966937,-0.12042639357345135,0.14744287099379708,-0.07843151565594393,0.08947419348340636,0.09073941790311099,-0.1149162855716455,0.24645212157551713,0.20355059209286985,0.0971522662412711,-0.04471742866577968,0.11606254606691953,-0.04521743523065052,0.12673238815504345,-0.07583225097840929,0.12845628854477195,-0.06306831255136773,0.24022720608955495,0.22971486753175263,-0.012492096947910907,0.037471721233712174,-0.0029007143934057407,0.028622100373708947,0.011679755735913105,0.05647090856330923,0.021665046529073525,0.02925512259541778,0.24345091913281436,0.2267624073033604,0.0067031151742839405,0.0034817590530809807,0.002563615620111992,0.04870586506192639,0.00909902130753432,0.03424272723098658,0.1262624188298232,-0.12405148688318358,0.24187190756200055,0.24830074660227097,0.24979235986251558,0.09493851086000869,0.24973318045641055,0.06850804764960886,0.24842713140705788,0.06089696526650827,0.24551242287400468,0.1965291267625122,0.2499818100496712
0.2343897354770465,0.2377228899840125,0.006501475693821207,0.2384979780299197,-0.006908411314506459,0.23788160295523594,0.018165776093137832,0.2362378348090328,0.1849002376397552,0.23864499544451445,0.25000000000000006,-0.12195706515265861,0.13230911579227853,-0.1303932103323281,0.1524624537594991,-0.08549378397549873,0.09205432650583292,0.08469492460760751,-0.10952643352388741,0.23530433610786844,0.19228531524397452,0.1079834950707888,-0.05560335874059796,0.12598072221792092,-0.05586400932065665,0.1337968300571192,-0.08441639361816834,0.1339398496694689,-0.07072334523483967,0.22992246846801026,0.2204664951031204,-0.023222616039393455,0.04815224172996647,-0.013812513185537209,0.0393917592275361,0.000745180050266023,0.06569126548849946,0.011045757600623964,0.03797202756742013,0.23220837444404888,0.21549788887094457,0.017422169764365104,-0.007385461541614683,0.013426729870703744,0.037767565361551375,0.017343698734626458,0.026594302135598248,0.1233234856264291,-0.11932509713663175,0.23064058367297488,0.23708788483001977,0.23846328939762104,0.09708482797906512,0.23839872331613168,0.07062407206059038,0.23709512477881656,0.061922782720100766,0.23418811566597417,0.18859475931456537,0.23864660345104374
-0.10721425660438297,-0.11047697309625015,0.10653237498286013,-0.11127520967274364,0.0887811269785003,-0.11201099982930057,0.026741118895707513,-0.11379474813345089,-0.07045649244169304,-0.11112119873276297,-0.12195706515265861,0.24999999999999975,-0.23839361336810644,0.2373566457121963,-0.20752120425518056,0.1594220981588643,-0.10873622897866371,-0.02660182056032324,0.05304071676559412,-0.10985698794509825,-0.06487138289659423,-0.234880428782651,0.18240242899248768,-0.23320613411326507,0.17706192503651466,-0.20835250797623123,0.17918105595907383,-0.1871900022562641,0.15261556845990826,-0.11375956935410318,-0.11673440823743882,0.14728431075036869,-0.17197258675831553,0.13967615120183854,-0.16307924384514652,0.1251643336587659,-0.1691185719547311,0.11030651859300887,-0.13409003678492962,-0.1058500545951541,-0.08847526091045722,-0.14126919261604495,0.1327091279157083,-0.13876205760229018,0.08775755932717372,-0.11276814532749531,0.061461579903829944,-0.09100901796718307,0.06638161845179748,-0.1042106684073302,-0.11095302114191716,-0.11100736374348473,-0.12306068946815224,-0.11087991521206268,-0.0958715213866375,-0.10958799759484313,-0.07469806464579044,-0.10673269578255515,-0.09959530381538675,-0.11112230320061448
0.11828385719948775,0.12170544596754827,-0.10674183343488736,0.12255109271287588,-0.09058398402055816,0.12328055403485848,-0.029669684223754884,0.12504082171154676,0.08143312153916737,0.12239995641966937,0.13230911579227853,-0.23839361336810644,0.2499999999999996,-0.24645193984446168,0.21684094046329955,-0.16866638130913272,0.11936062663460198,0.022460699690293604,-0.05939917882015093,0.12111693693068763,0.07606278541720057,0.22427903206489094,-0.17166765113157725,0.24081394902474232,-0.17174643869366527,0.21662793229290356,-0.18016362124519028,0.19632414940264833,-0.15406678741534718,0.12451539610116549,0.12609346302011015,-0.1376123414396282,0.16242168633915224,-0.1299733552283529,0.15520156559774986,-0.11542772937525075,0.16683290501154754,-0.10198735329926567,0.13142093228818155,0.1168278474246144,0.0995997378481816,0.13159082840913972,-0.12295733707249742,0.1290616703114775,-0.07777260808389219,0.10531075892272342,-0.05428527744620013,0.09439444980943386,-0.07130764057690446,0.11536026767311806,0.12211548763278267,0.12227987574682964,0.12157618114740132,0.12215691283213348,0.09433843777433683,0.12085655642031153,0.07396808105717637,0.11798050033011716,0.10765749790214225,0.12240116406763266
-0.11633515005751906,-0.11973704436667292,0.1069291765099151,-0.12057975782160293,0.09240468374654286,-0.1213192093091555,0.0310490812609487,-0.12310115364354719,-0.07963492177452396,-0.12042639357345135,-0.1303932103323281,0.2373566457121963,-0.24645193984446168,0.2499999999999996,-0.21886663402062848,0.17160532091702876,-0.12074032687258182,-0.02062201802918601,0.05839730930661586,-0.11917191101074537,-0.07424105898219277,-0.22510294679943083,0.17263482834871385,-0.24264968175529492,0.1730652027748436,-0.21817311681472767,0.18157400336070814,-0.1973668230817574,0.1551823658309,-0.12270851436165846,-0.12440923086166772,0.1387222060034297,-0.1634573278663524,0.13117511168381163,-0.15642368314261307,0.11667851944210653,-0.16814612922112704,0.10333088456795642,-0.13255848464080638,-0.11487379707617866,-0.09770518798510218,-0.13271725946846252,0.12415784125617921,-0.13024913317873793,0.07912418508593398,-0.10620371427979963,0.05524214768262625,-0.093736346885353,0.07045152692337518,-0.113421681690205,-0.12016036471050792,-0.12030753139057432,-0.12153284160414037,-0.12018412232572122,-0.09437947698906904,-0.11888772831839825,-0.07391688260432323,-0.11602076647438257,-0.10622531833315385,-0.12042758788781942
0.1433275213336828,0.14668854790227298,-0.07900495604915103,0.14756880231236183,-0.09687142527167518,0.14827079034043553,-0.031179724580412866,0.1499072803392206,0.10498221553058776,0.14744287099379708,0.1524624537594991,-0.20752120425518056,0.21684094046329955,-0.21886663402062848,0.24999999999999967,-0.17766964774807537,0.13685364488154358,0.017618528324197535,-0.057621460495641805,0.1458224704594554,0.1017142946227836,0.19461772962649346,-0.14261820238279016,0.21340960907147924,-0.1434774911170622,0.21552135218481835,-0.16831343861419767,0.19728919352008648,-0.14264200240350366,0.14756226495633817,0.1460631246615702,-0.10932872452393773,0.13386262819515712,-0.10168432356568319,0.12690502073313992,-0.08733501494569562,0.15030163445395836,-0.07650539942217277,0.11439327500938763,0.1415141742323536,0.12489033517745683,0.10344803464573572,-0.09479269533995408,0.10083656743680197,-0.05028317713140643,0.0836611763722101,-0.03488612320491734,0.100084261656949,-0.0816034755767367,0.14027607200037062,0.14687139076719297,0.14731023004690175,0.11434270754753037,0.1472021513366253,0.08772129522254553,0.1459177154314174,0.07017864319733869,0.14307149267068414,0.12491308137883528,0.1474441094214394
-0.07572495498079955,-0.0779946460717932,0.07395728562294081,-0.0785722284222168,0.07656541449187607,-0.07932454613186643,0.09389594920881271,-0.08111925989175744,-0.03671043232458245,-0.07843151565594393,-0.08549378397549873,0.1594220981588643,-0.16866638130913272,0.17160532091702876,-0.17766964774807537,0.24999999999999972,-0.19872889980218636,0.05342858229673918,-0.010177644046553668,-0.07701147230431342,-0.04712643869243741,-0.15033360937833656,0.11327507554778274,-0.1678423531598053,0.12298213152367043,-0.18418550912924334,0.14900835865883766,-0.1717911749929024,0.12873937931025348,-0.08142179181892718,-0.08113795611920155,0.08997054755828136,-0.10738230101750362,0.0931100147407636,-0.11127065188235176,0.0833446611416996,-0.13272617881296683,0.0779709777337538,-0.10638830889927614,-0.07419461998782005,-0.06380983391013405,-0.08608865199878703,0.08559454049315125,-0.09064726715522771,0.05754716799212567,-0.07583974475909289,0.04151783294519172,-0.06467502924073788,0.047959881334553624,-0.07370317371902768,-0.07828760873879086,-0.07835277167206883,-0.08194618133299884,-0.07826500947255129,-0.0655086415068877,-0.0773762882391288,-0.051933569035649954,-0.07541176321965261,-0.07045671418248177,-0.07843181837258408
0.08720062291790541,0.08908642108911388,-0.03867958944411324,0.08957996495895428,-0.0463849143797218,0.0902785783253408,-0.12627323555277198,0.09191061396634524,0.042895672356085705,0.08947419348340636,0.09205432650583292,-0.10873622897866371,0.11936062663460198,-0.12074032687258182,0.13685364488154358,-0.19872889980218636,0.24999999999999986,-0.0693479298668326,0.023027624321165667,0.08785297163606409,0.06358198816938987,0.10002332672558806,-0.06795235032114537,0.11725959467224784,-0.07785606365991878,0.13947729531781441,-0.10727879424411266,0.15092468425473238,-0.10340481289310742,0.09045642775877258,0.08698635172010877,-0.04880613590985939,0.06342507827774181,-0.052169743109195574,0.06777476830353521,-0.04415549325344959,0.09118487269807726,-0.04154072586718049,0.07857611154776946,0.08539639212697996,0.07744825937057874,0.04567210268905277,-0.04571092499376672,0.04999017817911927,-0.022898914252880216,0.04331400650648893,-0.016525047579037704,0.05960720322207693,-0.04985597655879545,0.08536113593928417,0.08908278165053841,0.08939558330807514,0.06225328839137376,0.08933527497803631,0.049130016124694996,0.08859903344213618,0.040017521152721974,0.0869668007765889,0.07537058726700681,0.08947412222160551
0.08939397463214306,0.09039815597752025,0.01851628876824706,0.09060386581951614,0.018791706280504715,0.08987126034858493,0.07242995650120274,0.08805296144281556,0.13627346086960618,0.09073941790311099,0.08469492460760751,-0.02660182056032324,0.022460699690293604,-0.02062201802918601,0.017618528324197535,0.05342858229673918,-0.0693479298668326,0.24999999999999983,-0.20136983291983285,0.09228029181049693,0.07467738131392168,0.02656090498956719,-0.015918258231985186,0.0209154802544446,-0.008072092566859005,-0.003361926624959705,0.009213034836006615,-0.02848957819356575,0.024263148508057067,0.08463069784963537,0.08328296952994067,-0.005734879903813777,0.013301979687249898,0.0019616483627260127,0.004513871739448533,0.007319353341464582,-0.004894266837139981,0.016979906495012055,-0.021796562849679284,0.08952041875635199,0.08213200006762059,0.0036560960979039963,0.0027669237415199957,-0.0010957783845408756,0.01991744876186437,0.0017934002867117955,0.01388820272534181,0.04343912130392479,-0.043490356675387386,0.08787316418730318,0.09011891100438806,0.09067318211457472,0.033524925925427836,0.09065572828339273,0.02316043757340666,0.09020567132497191,0.020978683921904634,0.08919965992924962,0.07056350276808976,0.09074146460676434
-0.11295935724180073,-0.11447029118777882,-0.007204348616676885,-0.11478494768400711,-0.005709431007187695,-0.11410318676521171,-0.04919107919383596,-0.1125515176117123,-0.1665653352436599,-0.1149162855716455,-0.10952643352388741,0.05304071676559412,-0.05939917882015093,0.05839730930661586,-0.057621460495641805,-0.010177644046553668,0.023027624321165667,-0.20136983291983285,0.24999999999999997,-0.11824059300261995,-0.0925693041671175,-0.05016239042481352,0.030605150376698434,-0.05779349147282554,0.02696328346719925,-0.03825517501711911,0.020855464369960462,-0.017035272234632786,0.0051935221770769355,-0.10915354930571461,-0.10652401430547204,0.016084850170174064,-0.027313202603283085,0.008237054863591642,-0.019496935675492686,0.0009757658814848282,-0.019164391862967065,-0.008332595226931545,0.0008727091894740083,-0.11254601099868944,-0.103287370611331,-0.013213459187959293,0.006180272604642315,-0.00878477735091951,-0.016826331393070444,-0.010182250619643216,-0.011879530349797336,-0.05859901773956221,0.056645582733824584,-0.11102949931475616,-0.11417538260429043,-0.11483008105680192,-0.04831271322732375,-0.11479925156934288,-0.03455124702255734,-0.11417005593352096,-0.030232831676855972,-0.11276651323408811,-0.09059488077423906,-0.11491884230754738
0.24222503665647527,0.24551744554356236,0.01625199028994623,0.24627941161019282,-3.512444415403702e-5,0.2455359306450999,0.02246501273421246,0.2437054239095306,0.19437525577901166,0.24645212157551713,0.23530433610786844,-0.10985698794509825,0.12111693693068763,-0.11917191101074537,0.1458224704594554,-0.07701147230431342,0.08785297163606409,0.09228029181049693,-0.11824059300261995,0.24999999999999994,0.2006189173442575,0.09616669126158645,-0.044548770565333795,0.11491166783979025,-0.04498271876885237,0.1253557809790149,-0.07505204741488704,0.12687089576354793,-0.06242279296285926,0.23685080745117604,0.2265155690141487,-0.012757914203693987,0.037396661691177654,-0.0032242942813028915,0.02859960510185882,0.011174983456287651,0.056021448834735144,0.02108425778606145,0.029110835313804696,0.24001011119556298,0.22352243790445786,0.007041347983906944,0.003056255833299124,0.002905513109356631,0.047728900987561065,0.009245696873480036,0.033588933702170407,0.12454108800725479,-0.12230511755334478,0.2384496958103417,0.24479795774952184,0.2462669186831299,0.09382668162461834,0.24620834727072907,0.067710710265046,0.24491902234368654,0.060140399952350494,0.2420416998372698,0.19377774350151655,0.2464537840889813
0.20031716541887237,0.20280733911302457,0.028179139676539452,0.20337917150628262,0.011545771154241482,0.20263287393653695,0.023371397573841806,0.20079403396476558,0.16063850639853375,0.20355059209286985,0.19228531524397452,-0.06487138289659423,0.07606278541720057,-0.07424105898219277,0.1017142946227836,-0.04712643869243741,0.06358198816938987,0.07467738131392168,-0.0925693041671175,0.2006189173442575,0.24999999999999983,0.050792356229220695,-0.0004991581098095879,0.06980874607355604,-0.0018657146407543203,0.0811615824281218,-0.032070521275794,0.08320258888647278,-0.026623128636107513,0.19426587296030612,0.18362436375791089,0.02444156831913776,-0.006144938241064511,0.03289804156266611,-0.013330419240509893,0.04269856969518179,0.014480247647329022,0.04772571941952276,-0.0032400346395735744,0.19867939926369932,0.1876480513868192,-0.02844735114103146,0.03660637453854139,-0.03267674538125943,0.06751647367449133,-0.020662476040300744,0.048309648066550685,0.09343330848826051,-0.09774536130323393,0.19779550350890918,0.20203629666287926,0.20340529556056444,0.05700682903286357,0.20338375537087428,0.03908196722597344,0.2025054766787777,0.03685679470315204,0.20053811234600258,0.1567730035191463,0.20355186762353006
0.09355908928789534,0.09656938531235665,-0.10315507104674093,0.09730742025369038,-0.08572044267255491,0.09804573562498047,-0.02601042454948993,0.09983517058608246,0.06144224618039618,0.0971522662412711,0.1079834950707888,-0.234880428782651,0.22427903206489094,-0.22510294679943083,0.19461772962649346,-0.15033360937833656,0.10002332672558806,0.02656090498956719,-0.05016239042481352,0.09616669126158645,0.050792356229220695,0.24999999999999983,-0.19702303544011898,0.22378709828932994,-0.18448384562040676,0.19892350296340078,-0.17861846071820908,0.17655229431888536,-0.15159832100732992,0.10048034771935485,0.10525095702498888,-0.16036698572029723,0.18501817197163878,-0.15282379025275877,0.17386280248398672,-0.13828144519543042,0.17277903609102535,-0.12151663668906747,0.1382903994271293,0.09223826544389277,0.07460232405531297,0.15433330073770352,-0.1458660937535745,0.15188866513120922,-0.10101799087221722,0.12289091967910432,-0.07097904666286561,0.08708766846410883,-0.06036306170616923,0.09037456954930363,0.09713276772204034,0.09704596594163367,0.1255491903813038,0.09691212920363214,0.09830677927616714,0.09562481232040185,0.07599394407786803,0.0927823879528123,0.08970409189196686,0.09715329419924355
-0.04231660083016904,-0.04436542325768334,0.08991578510798516,-0.044875139583019454,0.072749401986952,-0.04561306343880671,0.023002307099453598,-0.047407873450486346,-0.025474634716077495,-0.04471742866577968,-0.05560335874059796,0.18240242899248768,-0.17166765113157725,0.17263482834871385,-0.14261820238279016,0.11327507554778274,-0.06795235032114537,-0.015918258231985186,0.030605150376698434,-0.044548770565333795,-0.0004991581098095879,-0.19702303544011898,0.25,-0.1783483847654722,0.21232700880809588,-0.15482573125342167,0.1786131177794579,-0.1397256490568457,0.15032301708664864,-0.05076894768803916,-0.06231084497729754,0.2109600933170106,-0.2354041198873323,0.20339972259062308,-0.21571133154620814,0.18865437365817783,-0.1882188561520643,0.16461570314321705,-0.155941774013855,-0.04109246197101786,-0.022394002387335896,-0.20482564707010362,0.19651915747631654,-0.20243116189420501,0.151758316019991,-0.16173533535496112,0.10724203705040128,-0.0725807354693509,0.037789629207347124,-0.03840739135916716,-0.04526087817246132,-0.04463902717537775,-0.13566050894808726,-0.04448036825728888,-0.10801918947834285,-0.043204005472381596,-0.08118129045648827,-0.04039610764728949,-0.05264435313443027,-0.044718115539137765
0.11209200924763425,0.11539605466115083,-0.10501525229266276,0.11621544171854521,-0.09073244191089558,0.1169541207802586,-0.03006152380965184,0.11874015641860658,0.07706591371255749,0.11606254606691953,0.12598072221792092,-0.23320613411326507,0.24081394902474232,-0.24264968175529492,0.21340960907147924,-0.1678423531598053,0.11725959467224784,0.0209154802544446,-0.05779349147282554,0.11491166783979025,0.06980874607355604,0.22378709828932994,-0.1783483847654722,0.24999999999999992,-0.17903423692918577,0.2161105222504966,-0.18285392160302513,0.19480483588396058,-0.15602639576652236,0.11863291971787365,0.121003514763587,-0.14432011334343733,0.16915889969148695,-0.13671944741939088,0.16216451837641885,-0.12215800550423149,0.170607976721563,-0.10810281401497272,0.13489361032209535,0.11060604562894631,0.09323912434082231,0.13827364714829604,-0.12967563085908249,0.13578801853315564,-0.08440367907965322,0.11051755277493097,-0.059037625462453606,0.09289534358680213,-0.06870464155712193,0.10906521330527084,0.11584910055230993,0.11594572046859748,0.1231564635158679,0.1158192618465527,0.09581691274094267,0.11451693300299691,0.07483170693153013,0.11163782378971901,0.10327157958473834,0.1160637115052955
-0.04282127870384398,-0.04486476515893948,0.0893491869079512,-0.045375074497451165,0.07284492864100102,-0.04611536804477341,0.029166174619100284,-0.047913833648858366,-0.024591600166519883,-0.04521743523065052,-0.05586400932065665,0.17706192503651466,-0.17174643869366527,0.1730652027748436,-0.1434774911170622,0.12298213152367043,-0.07785606365991878,-0.008072092566859005,0.02696328346719925,-0.04498271876885237,-0.0018657146407543203,-0.18448384562040676,0.21232700880809588,-0.17903423692918577,0.24999999999999986,-0.1683981824065097,0.19582391800241805,-0.15157605872588129,0.158587631393818,-0.051605505005384265,-0.06159948744295696,0.20287642275219958,-0.21664729814796505,0.20679741714523736,-0.23193549563142646,0.1922871810432689,-0.20276798063488827,0.17082317379306364,-0.1633757932455617,-0.04136043087137834,-0.023656910598022107,-0.19794049849155845,0.19629894715755475,-0.20348442693285743,0.15435853897653365,-0.1660829872978276,0.11116487054913954,-0.07553108038029865,0.03995878436252729,-0.03884836809979212,-0.04576941298317297,-0.04513921815053596,-0.13561202017175822,-0.044976485895949526,-0.1102604583344979,-0.04367932356881864,-0.08422960673133072,-0.040825241840773914,-0.05406466677721458,-0.04521807686867393
0.12290933383529304,0.12606743277863822,-0.08574982290294991,0.12686830350691317,-0.08634715353642966,0.12760068625853027,-0.03918048453553777,0.1293790834340427,0.08593706380815827,0.12673238815504345,0.1337968300571192,-0.20835250797623123,0.21662793229290356,-0.21817311681472767,0.21552135218481835,-0.18418550912924334,0.13947729531781441,-0.003361926624959705,-0.03825517501711911,0.1253557809790149,0.0811615824281218,0.19892350296340078,-0.15482573125342167,0.2161105222504966,-0.1683981824065097,0.24999999999999997,-0.19903869318634548,0.21690437501274534,-0.161996074076521,0.12901075215458338,0.1286237388166776,-0.1237095342435867,0.14759958601448117,-0.12611197285710005,0.15163185037375426,-0.11154578428036273,0.17907078147538236,-0.1010607403083693,0.1347095587837538,0.12087707410239833,0.10492680590914999,0.11808810191550137,-0.11579480838671703,0.12302214395753916,-0.07384802341580583,0.10370907077669915,-0.053140037466192815,0.09699359091225647,-0.07442404038427698,0.11967961605437481,0.12639892031127845,0.12661092978508948,0.1188612469511401,0.12648861740495865,0.0941581133576571,0.12518560902427633,0.07509539673162655,0.12230244716375423,0.11127355692188257,0.1267334518571128
-0.07299600763450115,-0.07537452197767057,0.08260964218473908,-0.07597800813042027,0.07605779955186145,-0.07671620368340382,0.03681133237704641,-0.07851156625797136,-0.04580871777576651,-0.07583225097840929,-0.08441639361816834,0.17918105595907383,-0.18016362124519028,0.18157400336070814,-0.16831343861419767,0.14900835865883766,-0.10727879424411266,0.009213034836006615,0.020855464369960462,-0.07505204741488704,-0.032070521275794,-0.17861846071820908,0.1786131177794579,-0.18285392160302513,0.19582391800241805,-0.19903869318634548,0.24999999999999978,-0.1936642994594535,0.1608609138271287,-0.08048932952124031,-0.0857650944666541,0.1648035133286479,-0.17934329252556122,0.17069694222695347,-0.19462905800578842,0.15680470801122073,-0.22213375759719106,0.14974252659097917,-0.1491504540732053,-0.07133612280575799,-0.054896511279488,-0.16006704668548372,0.15979597921377417,-0.16701090294679694,0.11935966255799459,-0.14028435820100404,0.09098422123905371,-0.08748369735227565,0.056586704501465405,-0.06933977724540545,-0.07604133832104258,-0.07574002664617793,-0.1253237443232904,-0.0755917978917089,-0.10148934668655843,-0.07430165283484186,-0.08203079612632064,-0.07145723901509358,-0.07687541879771728,-0.07583295935885613
0.12483501687340572,0.1278226615145285,-0.07215100753711327,0.12858046249464986,-0.07399798924583922,0.1293028370388231,-0.04673392376778987,0.13108575383900248,0.083060286619198,0.12845628854477195,0.1339398496694689,-0.1871900022562641,0.19632414940264833,-0.1973668230817574,0.19728919352008648,-0.1717911749929024,0.15092468425473238,-0.02848957819356575,-0.017035272234632786,0.12687089576354793,0.08320258888647278,0.17655229431888536,-0.1397256490568457,0.19480483588396058,-0.15157605872588129,0.21690437501274534,-0.1936642994594535,0.24999999999999997,-0.18409999135501606,0.13173437390749318,0.128956617417674,-0.11084353215864746,0.13429162000555142,-0.11563187710303674,0.1403025187808305,-0.10210104984480127,0.16860837140059814,-0.09860619885756552,0.1493268011554273,0.12196308489790011,0.10761606265235857,0.10548249492595316,-0.10496485989816119,0.11208556219976175,-0.06487017305405703,0.09474304595221997,-0.04958410812008455,0.09922899640402118,-0.07746076088870472,0.12153651542853253,0.12807066836561615,0.12833543114365065,0.11293531241404829,0.1282143435345264,0.08974190093986077,0.1269234582961729,0.07357241679264412,0.12406828347722346,0.11278968568497383,0.12845713524079766
-0.060666430225001615,-0.06269007470176761,0.07092809104677747,-0.0632072031332315,0.06471302174308138,-0.06393587951599004,0.0390774240418502,-0.06572845051492715,-0.035485133103725926,-0.06306831255136773,-0.07072334523483967,0.15261556845990826,-0.15406678741534718,0.1551823658309,-0.14264200240350366,0.12873937931025348,-0.10340481289310742,0.024263148508057067,0.0051935221770769355,-0.06242279296285926,-0.026623128636107513,-0.15159832100732992,0.15032301708664864,-0.15602639576652236,0.158587631393818,-0.161996074076521,0.1608609138271287,-0.18409999135501606,0.24999999999999986,-0.07275050897012941,-0.07131286133419278,0.13445441823427723,-0.15019411240423614,0.14007189008350102,-0.15851140723872428,0.13161567214149092,-0.15562161119825713,0.16180030867895323,-0.21108889524911154,-0.05668650330165332,-0.0457003677725292,-0.12999634531839735,0.131339912357963,-0.13661504063691607,0.09586451497572428,-0.11353641767731162,0.09265350946198396,-0.09707572873290349,0.06551458690644196,-0.05735492904455793,-0.06327320936489846,-0.06299093927976838,-0.10266888048460912,-0.06283406756359029,-0.08318824950195418,-0.06158143433358206,-0.07911187619353974,-0.05883127923461349,-0.07075696081451849,-0.06306882161363772
0.23603391147077193,0.23930862984103074,0.011777010642078676,0.24007020074972887,-0.003476543480868297,0.2394026761362251,0.01921730698810381,0.23775335333637299,0.186732591589574,0.24022720608955495,0.22992246846801026,-0.11375956935410318,0.12451539610116549,-0.12270851436165846,0.14756226495633817,-0.08142179181892718,0.09045642775877258,0.08463069784963537,-0.10915354930571461,0.23685080745117604,0.19426587296030612,0.10048034771935485,-0.05076894768803916,0.11863291971787365,-0.051605505005384265,0.12901075215458338,-0.08048932952124031,0.13173437390749318,-0.07275050897012941,0.25000000000000006,0.22149656816084465,-0.019125344939946456,0.04385314373141819,-0.010332086845739347,0.03583167032146351,0.003978873755358096,0.06159409758925999,0.01221293152882979,0.03867713367616611,0.23370600659922244,0.21729606298321977,0.013379922404070023,-0.0038017257601707637,0.009825226071557766,0.04093253158913234,0.014734354345501932,0.027712758082874323,0.12453938787992737,-0.12081827284573894,0.23224123210399059,0.2386467281599157,0.24004509520613046,0.0955007630742494,0.23998099289434766,0.06940687927538611,0.23867831083342234,0.061787135935766214,0.23577337164939483,0.18991310425908206,0.24022878164744507
0.22562739081614297,0.22882731421997382,0.006847581959531116,0.22957214583548768,-0.006497030112477207,0.22896419549601407,0.01826110422671645,0.2274598596740257,0.17844497251449765,0.22971486753175263,0.2204664951031204,-0.11673440823743882,0.12609346302011015,-0.12440923086166772,0.1460631246615702,-0.08113795611920155,0.08698635172010877,0.08328296952994067,-0.10652401430547204,0.2265155690141487,0.18362436375791089,0.10525095702498888,-0.06231084497729754,0.121003514763587,-0.06159948744295696,0.1286237388166776,-0.0857650944666541,0.128956617417674,-0.07131286133419278,0.22149656816084465,0.24999999999999992,-0.03271747476231394,0.05670069900494566,-0.023112696299847822,0.047351055887623235,-0.008434718487271616,0.0694908505237535,0.0032912498015148844,0.04157201682643239,0.2234872789103543,0.2065259677379461,0.026889511727422294,-0.016754898868879726,0.0227762514853296,0.02856531654720142,0.024458545159742537,0.020091813416138214,0.12093422321998044,-0.11545848502886816,0.2217715454987008,0.22825630061743427,0.22953769861254938,0.09925818688161528,0.22946841878259688,0.07260622134003801,0.22816298184545203,0.06299975306202871,0.2252537509113961,0.1823056226741945,0.2297164046385765
-0.010844147578538594,-0.012283905134236398,0.08065531829846506,-0.01264883942776912,0.0639169553089643,-0.013374196779082949,0.02174192681294935,-0.015141259789654958,-0.0022428429770870936,-0.012492096947910907,-0.023222616039393455,0.14728431075036869,-0.1376123414396282,0.1387222060034297,-0.10932872452393773,0.08997054755828136,-0.04880613590985939,-0.005734879903813777,0.016084850170174064,-0.012757914203693987,0.02444156831913776,-0.16036698572029723,0.2109600933170106,-0.14432011334343733,0.20287642275219958,-0.1237095342435867,0.1648035133286479,-0.11084353215864746,0.13445441823427723,-0.019125344939946456,-0.03271747476231394,0.24999999999999978,-0.22494378231394657,0.2386382947908857,-0.2169687025957479,0.2195699562264703,-0.18549088838304428,0.1716657345248861,-0.151121035917643,-0.01037422150213467,0.010383287927914644,-0.2431846067573313,0.2336292731239627,-0.239394674682753,0.18736086846594283,-0.1864219151353237,0.12840081106600656,-0.05621957244262663,0.017439615523510626,-0.0062354725969161655,-0.013368139797676773,-0.012426911071595657,-0.1457204555246161,-0.012251485104291724,-0.11644888870846301,-0.010952868062032634,-0.08321675631516053,-0.008103474780413141,-0.02677985997741648,-0.01249254217135902
