x1,x2,x3,x4,x5,x6,x7,x8,x9,x10,x11,x12,x13,x14,x15,x16,x17,x18,x19,x20,x21,x22,x23,x24,x25,x26,x27,x28,x29,x30,x31,x32,x33,x34,x35,x36,x37,x38,x39,x40,x41,x42,x43,x44,x45,x46,x47,x48,x49,x50,x51,x52,x53,x54,x55,x56,x57,x58,x59,x60
0.25,0.15688738565598553,-0.11216292140131609,0.16427396785461854,-0.12194729690391419,0.169784126147915,-0.10988656762142157,0.16224440682525293,-0.11498018287189256,0.18306859286592303,0.004063397041288305,-0.06968327010250683,0.07570211333093416,-0.07946638772624848,0.06289672123724531,-0.055077817016097964,0.054829869980105285,-0.05304142342657655,0.04559958643774787,-0.040039521093781005,-0.03845537087768206,0.04087696385180547,-0.07160088358605464,0.05395086278179555,-0.03947839448652801,0.02671366235065597,-0.033590937230528965,0.03486608246983882,-0.040314743757769826,0.04225270969228331,0.08135873639169093,-0.07794050515317841,0.05552766540009299,-0.04149055891377451,0.02240569015827318,-0.019051793530486645,0.009553832886532037,0.008368332856584053,-0.038156413870851696,0.09059617723650196,-0.07653415638113485,0.05181912191486827,-0.038972922550135486,0.01937685802615495,-0.005312138576639675,-0.01232437532323881,0.03842713532242014,-0.06386393645910604,0.0827576013323438,-0.07653208892351329,0.16107551852808447,0.13599495224441202,-0.04253701194825265,0.1475549971757623,-0.07874135698508018,0.1689732591295564,-0.11771893307702014,0.17215352247732396,-0.1368827493231107,0.18307893379396586
0.15688738565598553,0.25000000000000006,-0.2051907583326651,0.21465763158333515,-0.18057463262954174,0.21510855626144246,-0.16027632026450517,0.20801765840454084,-0.16320925529768884,0.22378674375451998,0.09689423713921572,-0.16238420865366598,0.16746194641096337,-0.1604528159571409,0.13026435591290025,-0.11336370145871802,0.10918004994451319,-0.10741056515706542,0.09912902721321228,-0.09585233080400826,-0.10978438562789641,0.11679704159608173,-0.15139099779662873,0.12556576328522323,-0.10252363698922126,0.08453453914949653,-0.09227916175514057,0.09281141493240995,-0.09794806411468769,0.09976234439527984,0.1595041716146806,-0.15483111101863037,0.12840562970671907,-0.10740484911161993,0.07905673801950401,-0.07381237681129724,0.06013979347230931,-0.03352687604010025,-0.010124070729004878,0.08771608244584686,-0.14127003467588142,0.1191532082119124,-0.1017193362742663,0.07481340108652318,-0.053921349446095154,0.02787002292980959,0.010716136831307812,-0.04802878633414569,0.0769681117723363,-0.06794345475200513,0.20840456557882978,0.1545706157348791,-0.017106043984938615,0.17143981782449316,-0.07001863143291122,0.20300843450364184,-0.12745953340938676,0.20769413528441072,-0.1561566708100362,0.22380413601650895
-0.11216292140131609,-0.2051907583326651,0.25000000000000006,-0.19785565014911977,0.1868870934335082,-0.18215600772887272,0.15283216822228457,-0.17348430104275903,0.15294620287763927,-0.17903944247371997,-0.14161260296222505,0.20712700371947154,-0.21222502042703906,0.19467981911108714,-0.1597293229991204,0.13793219701235773,-0.13047767632617666,0.12967308622102455,-0.12452857052146986,0.12557009747435777,0.151645961322798,-0.16125130856563402,0.18786705104628024,-0.16262403792539104,0.13814756641867337,-0.1210568415246735,0.1266093991362081,-0.1259944842802138,0.12856775634183049,-0.1294556951480968,-0.18999992495836068,0.1858960224036651,-0.1656538521759787,0.1446019605510425,-0.11644154213779337,0.11106284053704159,-0.09798559765929162,0.07182520895512061,-0.02940388140630947,-0.04659699100656293,0.16261942028127174,-0.1532586138962261,0.13740981854341977,-0.11266828990536164,0.0920336284330074,-0.06646921006422879,0.028701405920364614,0.007581283136786857,-0.03677582676565482,0.028123248035380653,-0.1787181968186487,-0.1115980265530956,-0.022379355374956268,-0.12796503899798098,0.029003454352836168,-0.15877191407974384,0.08507704173446821,-0.16334375041198798,0.11348246283381437,-0.17905676350207742
0.16427396785461854,0.21465763158333515,-0.19785565014911977,0.25000000000000006,-0.20038073073783755,0.22432204569617187,-0.16670101694130363,0.21508103121917266,-0.16824341954724595,0.23117150605557787,0.08961425935132394,-0.15512889146174275,0.16020759787652658,-0.15834946534545033,0.13050209492631448,-0.11464256470459118,0.11115306276855558,-0.10877955678806077,0.09957499473592016,-0.09513584938790906,-0.10335511704313252,0.10967671017966749,-0.14792965017093726,0.12207304336044443,-0.09932266725586593,0.08124119270593212,-0.08964889987052195,0.09086323466248716,-0.096997010213452,0.0990186797101384,0.1570755274946597,-0.15252189391401536,0.12481922423039261,-0.10381021296787032,0.07538775666921624,-0.07011222011207967,0.05623822045225496,-0.029324808331455628,-0.014875060980948979,0.09339513455822276,-0.1402707801038657,0.11602248462385266,-0.09827073392008857,0.07091095427522304,-0.0498742222333568,0.023587707972674395,0.015458526957604007,-0.053243900918184484,0.08245774812979631,-0.07330578777299254,0.21405122213437158,0.16112588701478012,-0.022017534649673123,0.1781823513240163,-0.07552205122084779,0.21013545615185453,-0.13365321726766957,0.2148786503913835,-0.16266980451131088,0.23118901364123765
-0.12194729690391419,-0.18057463262954174,0.1868870934335082,-0.20038073073783755,0.25000000000000006,-0.19604374652412154,0.1722403380549719,-0.179757341001813,0.16652998917492087,-0.18157332674021281,-0.1039174423582754,0.163984840542214,-0.1710966134650692,0.18431775556718294,-0.18005093794209606,0.1611633824284334,-0.15564153263599195,0.15293563339810357,-0.1451598524722587,0.1428785248327265,0.12024537684185216,-0.1291291841294414,0.16976078770358122,-0.16075610493181394,0.14404612679068873,-0.13069890408097268,0.1378818059481447,-0.13966102720623672,0.14517578896786423,-0.146660802257434,-0.16599093746020044,0.16862345222400285,-0.1558264054962639,0.1436157629881243,-0.12495527854705424,0.11935964236630778,-0.10580792171237811,0.0786668538122711,-0.034701562048677574,-0.04407737253612608,0.1549409841187989,-0.14399403018435358,0.13267403864882651,-0.11431109477213552,0.09663745242211563,-0.0731483754499448,0.033957621166393386,0.003663478964553675,-0.03373154173471507,0.024709643297276745,-0.17838859217227934,-0.11360182537500597,-0.021518752038229245,-0.12870315027842832,0.02637350682892086,-0.16053950633652034,0.08407346552835367,-0.16528203731487912,0.11344939070598427,-0.1815910765947055
0.169784126147915,0.21510855626144246,-0.18215600772887272,0.22432204569617187,-0.19604374652412154,0.24999999999999992,-0.17886054985422348,0.22086852998601952,-0.17067370029731452,0.2355268546294916,0.07980803141122253,-0.1445752807867978,0.14996110626335848,-0.15040610838194365,0.12615119763380878,-0.11214935757274352,0.10998320812404944,-0.10774884697068791,0.09771877504696522,-0.09192596360764177,-0.09470953452188402,0.10074095528700133,-0.13957290296782848,0.11606952630048836,-0.09458984258268638,0.07695798388134871,-0.08558755449057996,0.086993249449313,-0.09346185017908315,0.09580820233652573,0.14907793930423494,-0.14514134695778672,0.11764497339345824,-0.09799571481840028,0.07103599148801093,-0.06578896421628423,0.05188621753737993,-0.024993682498025437,-0.019227887485164907,0.09769611632185171,-0.13514855311135804,0.10944617038752695,-0.09221642259314865,0.0656216696743735,-0.04510520671600956,0.019233499168016994,0.01979891033459591,-0.057597173411713304,0.08664020763023184,-0.0774625226537608,0.2160701408937536,0.16573225546251769,-0.027114911295625845,0.18255439652774239,-0.07993978469758217,0.21449062367914062,-0.13800707258369535,0.21923382375151473,-0.16695037644262647,0.23554435306702529
-0.10988656762142157,-0.16027632026450517,0.15283216822228457,-0.16670101694130363,0.1722403380549719,-0.17886054985422348,0.24999999999999994,-0.1862424710412496,0.1791748143374086,-0.16439653479525884,-0.08228997753302994,0.13772930028735056,-0.1452193003837015,0.16108971973201702,-0.1702073476734429,0.1775697232185827,-0.18101883750606185,0.1785989053500222,-0.1687584927606463,0.16296564954929244,0.0996163150519628,-0.10808070555264801,0.1503361626018374,-0.15007718666542397,0.1518599064407246,-0.14800503723909464,0.15517071170816807,-0.15803757518636505,0.16436397994896162,-0.16667341505380018,-0.14646752298022125,0.1552154838007191,-0.15036109459300806,0.1489427200512616,-0.14208451317729218,0.136380104517368,-0.12294023848949111,0.09572689295666449,-0.05184481913313178,-0.026921532037465782,0.14711659467063934,-0.13957828043458803,0.1340449192638142,-0.12393837736965582,0.11039111214077701,-0.0902709805764558,0.051039545414956616,-0.013485715003542748,-0.01656900438403939,0.00754729542309341,-0.16238608854309644,-0.09867442083640487,-0.03209082889004704,-0.11167301249225728,0.009742494952626262,-0.14336630524752517,0.06691629448632484,-0.1481077950978242,0.09627970443301472,-0.16441442087755073
0.16224440682525293,0.20801765840454084,-0.17348430104275903,0.21508103121917266,-0.179757341001813,0.22086852998601952,-0.1862424710412496,0.24999999999999975,-0.19046065862181866,0.2281388258820535,0.07550525687960351,-0.13991045755935078,0.14550118866219755,-0.1472593571906359,0.12754264629399806,-0.11831019564625653,0.11737673627189359,-0.1151246283200238,0.10511119087796345,-0.0993157832809158,-0.09161964787272654,0.09787693453144367,-0.1371895372297647,0.11659845057655495,-0.09957173223127375,0.08434627289290393,-0.092833038900304,0.09438225543995271,-0.10083684248467606,0.10318621118247635,0.14530547059401322,-0.14327344680643878,0.11892420407152461,-0.10218784981944276,0.07842414732965988,-0.07312961582308218,0.05927441194328334,-0.03234825116662308,-0.011839756884709103,0.09032573767509111,-0.1344975721696319,0.11060258362663371,-0.09511238521843318,0.0709802258360541,-0.05157695306589736,0.02661766568072615,0.012435940110519393,-0.05020906419786604,0.0793077191535095,-0.0701385290474184,0.2099226842901833,0.15897312897825083,-0.0215711622974676,0.1752037757270283,-0.07269319889820267,0.2071026543251581,-0.13062059874003376,0.21184577836225538,-0.15958644463481172,0.22815636117532617
-0.11498018287189256,-0.16320925529768884,0.15294620287763927,-0.16824341954724595,0.16652998917492087,-0.17067370029731452,0.1791748143374086,-0.19046065862181866,0.24999999999999986,-0.16862094897907606,-0.07929622628061957,0.13429113065682566,-0.14158860300500234,0.1560829982074133,-0.16165023791422245,0.16584275595496428,-0.16878830059499847,0.1679250599732616,-0.16386790077454744,0.1579763497158663,0.09767003989883277,-0.10611979017407809,0.1479466861337602,-0.14537964836428904,0.1441073263120575,-0.13868028152408252,0.14617297873828927,-0.14893853433921733,0.15523581951304233,-0.15782481400725107,-0.14452289389678177,0.15208718451080538,-0.14545044377556926,0.1420438549390035,-0.13303088438723687,0.1274093617467813,-0.11403046840806705,0.08705617544865259,-0.043388202787646026,-0.03451183408915629,0.14387361816911928,-0.13471812247694614,0.12808732752314456,-0.11643991517877637,0.1022636858303293,-0.08170152949015505,0.042912768913112416,-0.005668228564687959,-0.023916726042594483,0.015251295171486191,-0.1650420340309733,-0.1035662448712025,-0.025882173995117563,-0.1167901396108919,0.01641287608760667,-0.14802726777521427,0.07300092833526359,-0.15271052157724208,0.10198302259467651,-0.16863873668299073
0.18306859286592303,0.22378674375451998,-0.17903944247371997,0.23117150605557787,-0.18157332674021281,0.2355268546294916,-0.16439653479525884,0.2281388258820535,-0.16862094897907606,0.2499999999999997,0.07082456524326856,-0.1363223266708025,0.14138933897372086,-0.1395449636672056,0.11168370874287373,-0.09771116020315151,0.09551883855939225,-0.09332442640517515,0.08325343494867793,-0.0774590618343204,-0.08531848527099085,0.09086127696581726,-0.1294479663680322,0.10325412937698482,-0.0810245622432753,0.06249009362937903,-0.07143836039099839,0.0725252304171862,-0.07902245229495981,0.08139131262748107,0.14116190065902515,-0.1360703889892953,0.10600123513059703,-0.08502576770992748,0.05656858801381802,-0.05141597277663046,0.037420907376311895,-0.010599286493895735,-0.03368513255031441,0.11204289085070453,-0.1282028471389637,0.09863169338505497,-0.08026703799163502,0.052095534358815525,-0.031074498957740733,0.0047737440388917205,0.03421030059294572,-0.07205015336159842,0.10076281270800484,-0.09153716636642951,0.22559857515990242,0.17983571074342797,-0.04058995962935439,0.19697621410469798,-0.09432310585863261,0.22892620701033925,-0.15244884673648604,0.23366889374962482,-0.18124971711244914,0.24997753110646342
0.004063397041288305,0.09689423713921572,-0.14161260296222505,0.08961425935132394,-0.1039174423582754,0.07980803141122253,-0.08228997753302994,0.07550525687960351,-0.07929622628061957,0.07082456524326856,0.2500000000000003,-0.18352515365680272,0.17384405959642474,-0.14725498828047348,0.11645305186710135,-0.09634640817398432,0.0885388200071079,-0.08954425499551127,0.08946446125496242,-0.09410611707916691,-0.14041540049068624,0.14955856622147268,-0.14746486738347397,0.1298254196291894,-0.11062703127949873,0.09946156150222893,-0.10045400998639485,0.09838338957142455,-0.09682925785074163,0.09656847312719176,0.14599048073106607,-0.1412335156144852,0.13216413407035396,-0.11715798633589627,0.09784876518666148,-0.09455789176443702,0.08731373418596676,-0.07220654780349543,0.048090365938535884,-0.0044645626357925705,-0.11682987308236387,0.12212242349646013,-0.11264749308512093,0.09780001411327248,-0.08479185601188406,0.06924506382412723,-0.04759106675294674,0.026975764293977262,-0.009503114812222805,0.014298892359269252,0.0834517266069732,0.031868832630780775,0.045523168037002834,0.04164613790360937,0.014929137967473746,0.05926791495686747,-0.017236658215991085,0.061877660670483656,-0.03378868048127834,0.07083247256765725
-0.06968327010250683,-0.16238420865366598,0.20712700371947154,-0.15512889146174275,0.163984840542214,-0.1445752807867978,0.13772930028735056,-0.13991045755935078,0.13429113065682566,-0.1363223266708025,-0.18352515365680272,0.2500000000000001,-0.23989144781470653,0.20849678784603867,-0.16800213955007584,0.14309649201745897,-0.13368048015765308,0.13444623763183744,-0.13209278262735788,0.13647431249223865,0.1903959339866612,-0.2033910609555646,0.20714823216643763,-0.18198504787868028,0.15628337603577944,-0.14001206533071686,0.14304254237243402,-0.14079295228067654,0.14021995484669625,-0.14045126849095754,-0.20605569491367393,0.2004545348792792,-0.18561003402855134,0.16455891224352662,-0.1367800973785465,0.1315998202839195,-0.11972445606989963,0.09537972474641505,-0.05625249194112874,-0.014189599417618683,0.17003192243208615,-0.17136115342899844,0.15701025600363056,-0.1344537259716313,0.11466613047358663,-0.09049601044463675,0.055504585307751736,-0.022062819410336054,-0.005573339131437224,-0.0022988192744050335,-0.14708951003457146,-0.073814459001494,-0.050381021994059694,-0.08911584670470314,-0.0023840717650068515,-0.11760767077536627,0.04953624175210337,-0.12183326905897358,0.07605866440313881,-0.1363383694174083
0.07570211333093416,0.16746194641096337,-0.21222502042703906,0.16020759787652658,-0.1710966134650692,0.14996110626335848,-0.1452193003837015,0.14550118866219755,-0.14158860300500234,0.14138933897372086,0.17384405959642474,-0.23989144781470653,0.2499999999999999,-0.21812109514752706,0.17761996877414596,-0.1527287201246728,0.14323670685755618,-0.14379247862921965,0.14118768100921608,-0.14543349619261928,-0.18529694429362423,0.19817086831870204,-0.21437407083627627,0.1895054600169034,-0.16382147886500795,0.1474421609577136,-0.15091777613243004,0.14902824427139716,-0.1490680101567731,0.14932363348627697,0.20892061375748922,-0.20589253693283036,0.19279549018279474,-0.1717182626812879,0.14377744240479876,-0.138373943672843,0.1259671561524939,-0.1005598557532282,0.059743257990451853,0.013819948027764857,-0.17605545456127492,0.17736239485176644,-0.1631497656854292,0.1406621401596414,-0.12040985975431485,0.0955077891343269,-0.058963854560837435,0.024046419542329334,0.004833562195571023,0.0033987699692253283,0.15241340618004817,0.07635095628140436,0.05288272284596176,0.09209740843315349,0.0034226384899251347,0.12183721748795322,-0.05073548865596549,0.12624949831479612,-0.07844530672578082,0.14140648113536428
-0.07946638772624848,-0.1604528159571409,0.19467981911108714,-0.15834946534545033,0.18431775556718294,-0.15040610838194365,0.16108971973201702,-0.1472593571906359,0.1560829982074133,-0.1395449636672056,-0.14725498828047348,0.20849678784603867,-0.21812109514752706,0.25000000000000017,-0.20935989102970023,0.18435672131474368,-0.17451007992068193,0.173351378536007,-0.1696821203910934,0.17323185819201842,0.16836812459650882,-0.18104020036253668,0.22106979578689567,-0.213677561449981,0.18791875683111706,-0.17159979649150497,0.17589473587164656,-0.17518151437924856,0.17668478283142697,-0.17697089683763953,-0.20298971092873627,0.2075760609152683,-0.20353171042509358,0.18854070208955223,-0.16701856287258712,0.16114811823553474,-0.14786922514854942,0.1205255118462521,-0.07675475972392637,-0.0023483489472497046,0.18273354524741559,-0.1861348956991631,0.17565416851063556,-0.15824111256519627,0.13950177416213136,-0.11520960379107673,0.07588227895242615,-0.038385369683666966,0.007289332899002153,-0.01615576853068122,-0.15205286483631056,-0.07131638404559568,-0.06433876343385743,-0.08663396781276196,-0.015795727762570242,-0.11850830309691443,0.04203918985617623,-0.12325152968075023,0.07185615339139237,-0.13956268806815442
0.06289672123724531,0.13026435591290025,-0.1597293229991204,0.13050209492631448,-0.18005093794209606,0.12615119763380878,-0.1702073476734429,0.12754264629399806,-0.16165023791422245,0.11168370874287373,0.11645305186710135,-0.16800213955007584,0.17761996877414596,-0.20935989102970023,0.2500000000000001,-0.22401798715185076,0.21377729178595814,-0.2104765226723855,0.2057436574458275,-0.20830154952686986,-0.13217482049602633,0.1447556988418124,-0.18828427986246812,0.20039903064284703,-0.20188819290422466,0.199867609850223,-0.2052261599950979,0.20740808410888067,-0.2116591465776934,0.21199046080557923,0.16700336447425693,-0.18157367366864083,0.19273377293679744,-0.1959584709455875,0.19436088569355292,-0.18832448170834654,0.17524414576472314,-0.14782407488198623,0.10424985343623056,-0.025273772683490042,-0.1692099575439755,0.17689138945350133,-0.17628367873843892,0.17294916906963484,-0.16119408685420994,0.14261481651691554,-0.10327930540471027,0.06594534338676812,-0.03489290100572442,0.0437444183194537,0.12616287512343963,0.047357826737476266,0.08073496942310077,0.0590958235539331,0.04251467923616031,0.0906833822165677,-0.014350522827820865,0.09541806469026634,-0.0441139893409377,0.11170180331771584
-0.055077817016097964,-0.11336370145871802,0.13793219701235773,-0.11464256470459118,0.1611633824284334,-0.11214935757274352,0.1775697232185827,-0.11831019564625653,0.16584275595496428,-0.09771116020315151,-0.09634640817398432,0.14309649201745897,-0.1527287201246728,0.18435672131474368,-0.22401798715185076,0.2500000000000001,-0.23929398085524095,0.2346565543398008,-0.2276309984299637,0.2271397891681458,0.1127338385710517,-0.12480167533438186,0.1699717539324259,-0.1902888967507669,0.20835820714509112,-0.2147748027631279,0.22057640762704733,-0.2242703393930852,0.22992925776986967,-0.2307799339321485,-0.1489699356962572,0.1688173040835749,-0.186865210701502,0.19982229369478535,-0.20885341187215406,0.20271654028978842,-0.18970429389200055,0.16217482854379978,-0.11858929182586773,0.039478363301879794,0.1622776446204321,-0.17221539309952744,0.17670102254424086,-0.1806431622596724,0.17258525319470036,-0.15700617353903606,0.11756575620703334,-0.08021967657127381,0.0491198666749058,-0.057987942735133136,-0.11309795270018363,-0.035277903829147104,-0.08915568556426914,-0.04515869800908094,-0.05627923690790579,-0.07667544502440078,0.00021647972714278278,-0.08141789362441289,0.030024547306384257,-0.09772939037457645
0.054829869980105285,0.10918004994451319,-0.13047767632617666,0.11115306276855558,-0.15564153263599195,0.10998320812404944,-0.18101883750606185,0.11737673627189359,-0.16878830059499847,0.09551883855939225,0.0885388200071079,-0.13368048015765308,0.14323670685755618,-0.17451007992068193,0.21377729178595814,-0.23929398085524095,0.2500000000000002,-0.24277968091408358,0.23346870268430323,-0.22906307331684064,-0.1079234995976737,0.11905745854712609,-0.16420528974894105,0.1857555922216799,-0.20683069907829202,0.2147504896160515,-0.22047855055091237,0.22461726476233493,-0.2306658035486129,0.23261989370867986,0.14608407469591936,-0.16647239507131698,0.18328518211828962,-0.19794307291108576,0.208866077219565,-0.20276380509313102,0.18985478104348003,-0.16251680570940027,0.11925164950726747,-0.040706239555749375,-0.1597036857202239,0.1697058864599572,-0.17477756241224202,0.17961335476163523,-0.17229829378706168,0.15738843415636283,-0.11822628476744046,0.08115363892591916,-0.05028185967063712,0.05908970491063193,0.11074728309186825,0.03385581931461577,0.08905982018590185,0.043362155378521144,0.05729161552839147,0.07463186278436836,0.0012849712354936807,0.07934044414032526,-0.028307129536812015,0.09553694874774155
-0.05304142342657655,-0.10741056515706542,0.12967308622102455,-0.10877955678806077,0.15293563339810357,-0.10774884697068791,0.1785989053500222,-0.1151246283200238,0.1679250599732616,-0.09332442640517515,-0.08954425499551127,0.13444623763183744,-0.14379247862921965,0.173351378536007,-0.2104765226723855,0.2346565543398008,-0.24277968091408358,0.2500000000000002,-0.23978928693528503,0.23412598203887042,0.11143012227509105,-0.12290757345669721,0.1682996528336681,-0.18995085592594407,0.2111159967825281,-0.2191615830220626,0.22485318718559022,-0.22919785243360985,0.23538606894802647,-0.23765080923938361,-0.14912364048698445,0.17007649397053873,-0.18754906293213294,0.20227144314004056,-0.2132392076649008,0.2070739502512076,-0.19409017107839954,0.1665405341157522,-0.12297535777578601,0.04384455581057974,0.16252043827616136,-0.1734467371317853,0.17871750665221564,-0.1837997013608764,0.17641591622969155,-0.1613897235273085,0.12193690052885221,-0.08460587022349646,0.053444150508999345,-0.062302908913449286,-0.1097097327078896,-0.031237642074548645,-0.0925261434389482,-0.040794713852230303,-0.06057981309935527,-0.07228871697895951,-0.004169055771431922,-0.07703110284071248,0.025664800950015058,-0.09334256419801325
0.04559958643774787,0.09912902721321228,-0.12452857052146986,0.09957499473592016,-0.1451598524722587,0.09771877504696522,-0.1687584927606463,0.10511119087796345,-0.16386790077454744,0.08325343494867793,0.08946446125496242,-0.13209278262735788,0.14118768100921608,-0.1696821203910934,0.2057436574458275,-0.2276309984299637,0.23346870268430323,-0.23978928693528503,0.25000000000000044,-0.24382858065034657,-0.10979759524870714,0.12212378346960821,-0.1673692611878786,0.18949509376202262,-0.21095675832181393,0.219662001090434,-0.22544199443640633,0.22994345719867212,-0.23605109548041373,0.23863802145387508,0.14547419290424782,-0.16740045666888576,0.18723659307040866,-0.20246455697262397,0.21406828314836718,-0.20791751119753088,0.19511252294633374,-0.16782431578615187,0.12466144809179305,-0.047292925732349014,-0.15988164179608003,0.1724128513231758,-0.17840699309437358,0.18451071193752266,-0.1775345175709098,0.16299810797045403,-0.12434828850144164,0.08767295826779466,-0.057206561422671325,0.06535208808639273,0.10123486684307997,0.023430717189248457,0.09590936478084873,0.03251567083492135,0.0656818008909416,0.06306681417788218,0.010609065204172293,0.06769343879347077,-0.018569132286548523,0.08327131790616847
-0.040039521093781005,-0.09585233080400826,0.12557009747435777,-0.09513584938790906,0.1428785248327265,-0.09192596360764177,0.16296564954929244,-0.0993157832809158,0.1579763497158663,-0.0774590618343204,-0.09410611707916691,0.13647431249223865,-0.14543349619261928,0.17323185819201842,-0.20830154952686986,0.2271397891681458,-0.22906307331684064,0.23412598203887042,-0.24382858065034657,0.2500000000000003,0.11355930685975366,-0.1271224843577749,0.17233656881442636,-0.1946755666085014,0.21607803279622706,-0.2249602221880233,0.23061196043597051,-0.2352380774807067,0.2413258072006545,-0.24390639130517433,-0.14652113242911954,0.16972757872357358,-0.19237514813708873,0.2076679021465389,-0.21937137340997534,0.21319264549088077,-0.20044199894808445,0.17316566348676593,-0.13008845753248302,0.05281725345893224,0.16209875309390842,-0.17635458859795874,0.1829221434746048,-0.1897873777496222,0.18285576034211143,-0.16837644731830118,0.12976859635250523,-0.09316590048179009,0.06264609997322394,-0.07075898189778196,-0.09716520361100152,-0.01782763275151821,-0.10114098860206364,-0.02680852879793536,-0.07122063125796516,-0.05730785993424868,-0.016239779270783385,-0.061926892647029885,0.01293527187025333,-0.07747679908018873
-0.03845537087768206,-0.10978438562789641,0.151645961322798,-0.10335511704313252,0.12024537684185216,-0.09470953452188402,0.0996163150519628,-0.09161964787272654,0.09767003989883277,-0.08531848527099085,-0.14041540049068624,0.1903959339866612,-0.18529694429362423,0.16836812459650882,-0.13217482049602633,0.1127338385710517,-0.1079234995976737,0.11143012227509105,-0.10979759524870714,0.11355930685975366,0.2500000000000001,-0.23249451879693284,0.18825069204351633,-0.16273048738527746,0.13656719506891354,-0.12176004064417231,0.12241584782651516,-0.12002168872579093,0.11730842010424858,-0.11768590684159842,-0.19258702204621586,0.17581316696753166,-0.16722329484470252,0.14627710262256677,-0.1194054092068555,0.11532915236552672,-0.10658729013521848,0.08811082734425264,-0.05858684658266987,0.005698618267434444,0.14474730063103547,-0.15259744941265968,0.14050472115242066,-0.12153878264505243,0.10433097039811465,-0.08428756166561227,0.058007361030720045,-0.032970129032954903,0.012013765192312682,-0.017756263277516525,-0.1013303474318438,-0.037561877104766946,-0.057313943577056464,-0.04995316964303274,-0.018744297354430495,-0.0713709823834867,0.020521056269544084,-0.07454001059849932,0.04047664640550787,-0.08533035552008682
0.04087696385180547,0.11679704159608173,-0.16125130856563402,0.10967671017966749,-0.1291291841294414,0.10074095528700133,-0.10808070555264801,0.09787693453144367,-0.10611979017407809,0.09086127696581726,0.14955856622147268,-0.2033910609555646,0.19817086831870204,-0.18104020036253668,0.1447556988418124,-0.12480167533438186,0.11905745854712609,-0.12290757345669721,0.12212378346960821,-0.1271224843577749,-0.23249451879693284,0.2500000000000002,-0.20267387091284234,0.17718653171255622,-0.15097403603577692,0.13585444664351842,-0.13686450691667823,0.13410171858297487,-0.13144428068438094,0.13124241100365175,0.19185470022187426,-0.1844152088977049,0.18173740423516258,-0.16077719255630626,0.13370965673708785,-0.12926104753626874,0.11968254594226724,-0.0994830441610883,0.06724520986645764,-0.009243938005299376,-0.15475204914093296,0.1641320433846515,-0.1527479481368519,0.1345346182992632,-0.11659731678473492,0.0953864407023544,-0.0665578354270282,0.03912339484920629,-0.01613494440068174,0.022494313185364462,0.10753380198629822,0.039001804912033304,0.06404362726154983,0.05205121916469457,0.023268177121857195,0.07552226073797656,-0.019656849513089904,0.07899723395670234,-0.04155385602484901,0.09087428844533517
-0.07160088358605464,-0.15139099779662873,0.18786705104628024,-0.14792965017093726,0.16976078770358122,-0.13957290296782848,0.1503361626018374,-0.1371895372297647,0.1479466861337602,-0.1294479663680322,-0.14746486738347397,0.20714823216643763,-0.21437407083627627,0.22106979578689567,-0.18828427986246812,0.1699717539324259,-0.16420528974894105,0.1682996528336681,-0.1673692611878786,0.17233656881442636,0.18825069204351633,-0.20267387091284234,0.2500000000000003,-0.22220584769613105,0.1958210643209651,-0.1793814394407227,0.18172433743987845,-0.17838819789008664,0.17658777736334436,-0.17635707966469902,-0.21696871000628426,0.2240621458431177,-0.22654376949858598,0.2053483787600638,-0.17711144299448756,0.17117500838368124,-0.15796247185239798,0.13057043659185358,-0.08684915252690936,0.007679990839546912,0.194021526130087,-0.20385859679720505,0.19209614066893296,-0.17262273568578054,0.151511874787154,-0.1253117867445979,0.0859497949790317,-0.048480379105721914,0.01716279686354039,-0.025992977367069243,-0.14611842443599585,-0.06020680372672232,-0.07742349188723217,-0.07645788092509227,-0.026186407204222197,-0.10841068274127658,0.03194319266185628,-0.11315404544746882,0.06185550921296469,-0.1294650163336216
0.05395086278179555,0.12556576328522323,-0.16262403792539104,0.12207304336044443,-0.16075610493181394,0.11606952630048836,-0.15007718666542397,0.11659845057655495,-0.14537964836428904,0.10325412937698482,0.1298254196291894,-0.18198504787868028,0.1895054600169034,-0.213677561449981,0.20039903064284703,-0.1902888967507669,0.1857555922216799,-0.18995085592594407,0.18949509376202262,-0.1946755666085014,-0.16273048738527746,0.17718653171255622,-0.22220584769613105,0.2500000000000004,-0.22013273485717083,0.20390393785151478,-0.20526257670504083,0.20118137740827582,-0.19914392929807176,0.19862760935273632,0.19122741522291314,-0.20237770050658563,0.2120472832208509,-0.20781073661849764,0.20024144362069268,-0.19420451073121142,0.18128265684486042,-0.15405177276022142,0.11087856069490129,-0.03248081595569875,-0.1800268983564934,0.19360084361058041,-0.18990960593654369,0.18228886895155694,-0.168822086266675,0.1489334002476967,-0.10989859057316162,0.0728944590121907,-0.04183826024276471,0.05057134870554545,0.1217772572574694,0.03842443968387339,0.09062415161015573,0.05104250828711242,0.049887578378120113,0.08242760199494141,-0.00673124532750798,0.08712311180872319,-0.03636074171316056,0.1032710379309595
-0.03947839448652801,-0.10252363698922126,0.13814756641867337,-0.09932266725586593,0.14404612679068873,-0.09458984258268638,0.1518599064407246,-0.09957173223127375,0.1441073263120575,-0.0810245622432753,-0.11062703127949873,0.15628337603577944,-0.16382147886500795,0.18791875683111706,-0.20188819290422466,0.20835820714509112,-0.20683069907829202,0.2111159967825281,-0.21095675832181393,0.21607803279622706,0.13656719506891354,-0.15097403603577692,0.1958210643209651,-0.22013273485717083,0.2500000000000003,-0.23039961408225465,0.23064791780571153,-0.22507454034834293,0.22234453638030033,-0.22007049173787474,-0.16572385729969719,0.18474229790653462,-0.20541312211970847,0.21384581048489554,-0.22553563885598696,0.21928904764112264,-0.2063867677922838,0.17877818305459328,-0.13527224792980588,0.05609223466316518,0.16965022135037683,-0.187684481066589,0.1909332784535146,-0.19366809291993936,0.18763263079715756,-0.17368191982519154,0.13419340224238574,-0.09690353076690149,0.06556689017844688,-0.07439355272070836,-0.10097191297255807,-0.019189992872276556,-0.10408817488404178,-0.028538377528768512,-0.07271157778035138,-0.0599880309618623,-0.016465952036945973,-0.06473027110014934,0.013440985324201356,-0.08104144198459923
0.02671366235065597,0.08453453914949653,-0.1210568415246735,0.08124119270593212,-0.13069890408097268,0.07695798388134871,-0.14800503723909464,0.08434627289290393,-0.13868028152408252,0.06249009362937903,0.09946156150222893,-0.14001206533071686,0.1474421609577136,-0.17159979649150497,0.199867609850223,-0.2147748027631279,0.2147504896160515,-0.2191615830220626,0.219662001090434,-0.2249602221880233,-0.12176004064417231,0.13585444664351842,-0.1793814394407227,0.20390393785151478,-0.23039961408225465,0.2500000000000004,-0.23982266922191478,0.2342602668898456,-0.2313268019783559,0.22883826788808329,0.14934017967349006,-0.17246853221829822,0.19954327612497635,-0.21478101802640454,0.2342092866706144,-0.2280379149533807,0.21560606733769488,-0.18871462416662688,0.14650508370412482,-0.06987006641258033,-0.16119944792294433,0.18237929139157744,-0.18958863527096867,0.1980275548404696,-0.1950541603995924,0.18387740519340956,-0.14555319751879583,0.1094392183754894,-0.07904672722671392,0.0875309851196265,0.08401680878899204,0.004243140276956814,0.11198391718468947,0.01182274212028957,0.08587587675056456,0.04216304268056213,0.03174562140834608,0.046753290029159573,0.002763141071102236,0.0625064738536077
-0.033590937230528965,-0.09227916175514057,0.1266093991362081,-0.08964889987052195,0.1378818059481447,-0.08558755449057996,0.15517071170816807,-0.092833038900304,0.14617297873828927,-0.07143836039099839,-0.10045400998639485,0.14304254237243402,-0.15091777613243004,0.17589473587164656,-0.2052261599950979,0.22057640762704733,-0.22047855055091237,0.22485318718559022,-0.22544199443640633,0.23061196043597051,0.12241584782651516,-0.13686450691667823,0.18172433743987845,-0.20526257670504083,0.23064791780571153,-0.23982266922191478,0.2500000000000003,-0.2407884811102026,0.23771988169301875,-0.23466226620525246,-0.15179275860789862,0.17487690705066303,-0.20154414913999213,0.21652010981115505,-0.23512419581929933,0.22881690915970954,-0.21597553605797148,0.18832479013924,-0.14486139824239178,0.06567590196712712,0.16496837862576572,-0.18413574877008185,0.19102669206647696,-0.19892038780075683,0.19526788256646513,-0.18326213089473314,0.1437475172006095,-0.1064920630449293,0.07514524452737249,-0.08397182329631661,-0.09212231978775975,-0.010934679967215354,-0.10976685751609226,-0.019031751474540233,-0.08199763719824844,-0.05040181986084222,-0.026050722011805045,-0.055143910291924586,0.003858290549181217,-0.07145541403317573
0.03486608246983882,0.09281141493240995,-0.1259944842802138,0.09086323466248716,-0.13966102720623672,0.086993249449313,-0.15803757518636505,0.09438225543995271,-0.14893853433921733,0.0725252304171862,0.09838338957142455,-0.14079295228067654,0.14902824427139716,-0.17518151437924856,0.20740808410888067,-0.2242703393930852,0.22461726476233493,-0.22919785243360985,0.22994345719867212,-0.2352380774807067,-0.12002168872579093,0.13410171858297487,-0.17838819789008664,0.20118137740827582,-0.22507454034834293,0.2342602668898456,-0.2407884811102026,0.25000000000000017,-0.24252904411369422,0.2392425705519916,0.14917725773653567,-0.17232701573087159,0.198566198456849,-0.21389794124368552,0.2298400366929802,-0.22361887285899712,0.21091241729822502,-0.18359208112569378,0.14061423285408922,-0.06250897616916665,-0.1640465710920934,0.1814618328003975,-0.18852379447827314,0.1964149862945226,-0.19150954827888325,0.17861120537026115,-0.13960814215777473,0.10280955963314106,-0.0718610375428708,0.08053436286094563,0.0931615211730936,0.012426820167858166,0.10744869271370308,0.020813672313290912,0.07893533279539433,0.051796218076617065,0.023562337597880623,0.056474083923936796,-0.005959223104983194,0.0725424000192297
-0.040314743757769826,-0.09794806411468769,0.12856775634183049,-0.096997010213452,0.14517578896786423,-0.09346185017908315,0.16436397994896162,-0.10083684248467606,0.15523581951304233,-0.07902245229495981,-0.09682925785074163,0.14021995484669625,-0.1490680101567731,0.17668478283142697,-0.2116591465776934,0.22992925776986967,-0.2306658035486129,0.23538606894802647,-0.23605109548041373,0.2413258072006545,0.11730842010424858,-0.13144428068438094,0.17658777736334436,-0.19914392929807176,0.22234453638030033,-0.2313268019783559,0.23771988169301875,-0.24252904411369422,0.25000000000000006,-0.2457240811042068,-0.148133476308601,0.1714055435619353,-0.19669957255896997,0.21205453873056646,-0.22684764080636935,0.22092757477560168,-0.20837417142022552,0.18077742223404952,-0.1372779276657467,0.05808429473568289,0.16511895979615074,-0.17974695265531274,0.18663833266335045,-0.19421900974320738,0.18892819143431916,-0.1756175974092086,0.13615469765651705,-0.09890819568883877,0.0675429232562784,-0.07637033612833093,-0.09897730656742472,-0.017931148375695045,-0.10390618465189355,-0.026577888779161847,-0.07456376399996444,-0.05798783869105911,-0.01845748956556753,-0.062728534545834,0.011450477153196824,-0.07904006882019912
0.04225270969228331,0.09976234439527984,-0.1294556951480968,0.0990186797101384,-0.146660802257434,0.09580820233652573,-0.16667341505380018,0.10318621118247635,-0.15782481400725107,0.08139131262748107,0.09656847312719176,-0.14045126849095754,0.14932363348627697,-0.17697089683763953,0.21199046080557923,-0.2307799339321485,0.23261989370867986,-0.23765080923938361,0.23863802145387508,-0.24390639130517433,-0.11768590684159842,0.13124241100365175,-0.17635707966469902,0.19862760935273632,-0.22007049173787474,0.22883826788808329,-0.23466226620525246,0.2392425705519916,-0.2457240811042068,0.2500000000000003,0.15043466558304525,-0.17366640910891867,0.19642764150450878,-0.21176910738565344,0.22345285938746257,-0.21726260053547536,0.20440597124645754,-0.17682629213593243,0.1333486690178275,-0.05440000848407819,-0.16601630305953566,0.18022502579493446,-0.1867818292064541,0.19359709451558957,-0.18651554919731655,0.17177673059941923,-0.1324310620881821,0.0952376253861908,-0.06399721097739981,0.07267327164131443,0.10110820481238444,0.01995537119842157,0.10255209658480303,0.029197981474232197,0.07158268508720798,0.060516099573534626,0.01542751276591404,0.06524073998418392,-0.014384003012990563,0.08140909900512779
0.08135873639169093,0.1595041716146806,-0.18999992495836068,0.1570755274946597,-0.16599093746020044,0.14907793930423494,-0.14646752298022125,0.14530547059401322,-0.14452289389678177,0.14116190065902515,0.14599048073106607,-0.20605569491367393,0.20892061375748922,-0.20298971092873627,0.16700336447425693,-0.1489699356962572,0.14608407469591936,-0.14912364048698445,0.14547419290424782,-0.14652113242911954,-0.19258702204621586,0.19185470022187426,-0.21696871000628426,0.19122741522291314,-0.16572385729969719,0.14934017967349006,-0.15179275860789862,0.14917725773653567,-0.148133476308601,0.15043466558304525,0.25000000000000033,-0.22628820078536047,0.19650268878070776,-0.175364347002199,0.14727775096549742,-0.1417821694884,0.1292240505594213,-0.10345392975066091,0.06209676107906991,0.012420883777815804,-0.18627743372777547,0.18943285358521494,-0.17144266842042144,0.1439859714039156,-0.1235260263462529,0.09835997256204848,-0.06137057847425902,0.02602600746234771,0.0034213785020615122,0.004829846537640088,0.1550920359789604,0.0749477298266467,0.05660248929838048,0.091327127510026,0.00526723069827427,0.1214051738098108,-0.049535235064649914,0.12587036021871373,-0.07767356918144389,0.14117809055313157
-0.07794050515317841,-0.15483111101863037,0.1858960224036651,-0.15252189391401536,0.16862345222400285,-0.14514134695778672,0.1552154838007191,-0.14327344680643878,0.15208718451080538,-0.1360703889892953,-0.1412335156144852,0.2004545348792792,-0.20589253693283036,0.2075760609152683,-0.18157367366864083,0.1688173040835749,-0.16647239507131698,0.17007649397053873,-0.16740045666888576,0.16972757872357358,0.17581316696753166,-0.1844152088977049,0.2240621458431177,-0.20237770050658563,0.18474229790653462,-0.17246853221829822,0.17487690705066303,-0.17232701573087159,0.1714055435619353,-0.17366640910891867,-0.22628820078536047,0.2500000000000003,-0.2199282790386915,0.19874333300566066,-0.17049403940334493,0.16459957142285028,-0.15134467136552077,0.12398146263530965,-0.08023016158202607,0.001048558328140573,0.2009243721028349,-0.21241951533758502,0.19408212780155282,-0.1660191588941258,0.14489982070924864,-0.11869348134124125,0.0793515741984902,-0.041860756102315044,0.010522907707045745,-0.019352611607593065,-0.1525084315396568,-0.06597739540650249,-0.07329131191199491,-0.08307945600618509,-0.019567521485954576,-0.11503289888462805,0.038563289810712914,-0.11977632929382825,0.06848536252070637,-0.13608752744211056
