x1,x2,x3,x4,x5,x6,x7,x8,x9,x10,x11,x12,x13,x14,x15,x16,x17,x18,x19,x20,x21,x22,x23,x24,x25,x26,x27,x28,x29,x30,x31,x32,x33,x34,x35,x36,x37,x38,x39,x40,x41,x42,x43,x44,x45,x46,x47,x48,x49,x50,x51,x52,x53,x54,x55,x56,x57,x58,x59,x60
0.25000000000000006,0.24883057955395996,-0.07105098728503913,0.24759433505987596,-0.08841667400866998,0.24812592780733453,-0.1333530477661249,0.24830798843753202,-0.15438398897780908,0.24914717831773373,0.04846543086005008,-0.06069509933677199,0.06391804187146288,-0.08673023760137953,0.07932965505578131,-0.09227061698534496,0.11937143939364782,-0.13876487503258492,0.14578446545531065,-0.1363816665939668,-0.03410489918200155,0.05336515298733631,-0.07981780097541935,0.07797752564049272,-0.05393003229758889,0.06250109896147295,-0.06730512328223245,0.0897911445381774,-0.09297807979034876,0.14268780889410942,0.1058011955263573,-0.09128194706198883,0.07825839456634853,-0.06710196568694285,0.04766911268278423,-0.043248461882281854,0.05085103800904936,0.013429874425990241,-0.02432359952156734,0.11761973744414242,-0.0891356324239015,0.08422350280425613,-0.07921703460526894,0.06239098661789287,-0.04966926894093586,0.028526978937001353,-0.023805242228791334,-0.05251811795235877,0.07581486628329076,-0.08608151190967114,0.24870468185101835,0.24873882726306598,0.07371547533700458,0.2459320086661418,0.0418459354918489,0.24727061419720747,0.010992270179486724,0.24812065837754926,-0.10528641986508534,0.24914828835012784
0.24883057955395996,0.25000000000000006,-0.07214416778769672,0.24812640793756763,-0.08919131245531682,0.24865958626720852,-0.13396090576800326,0.24883875645589273,-0.15491045905763193,0.24967951799612387,0.04951005021306598,-0.061745099147907836,0.06496850048312046,-0.08759856298544762,0.08006271028738253,-0.0929437016416873,0.11997272557441117,-0.13933136682495495,0.1463246034940759,-0.1369406715080347,-0.034958873133641995,0.05432465353881161,-0.08066792320000842,0.0788206750886937,-0.05471252351122771,0.06324459019094765,-0.06805043206600207,0.09045985471205895,-0.09364867509168388,0.14323987538665628,0.10660344943160792,-0.09210646756390257,0.07910431670644258,-0.06791021788013589,0.04842630073407886,-0.043986314467824326,0.05159553423157115,0.012977672689932251,-0.023918934589291944,0.11762271434903086,-0.0899211444689615,0.08501665434836789,-0.080003334241125,0.06318138481345185,-0.050410836974893,0.029204162611590888,-0.024420585591035427,-0.05223641121970566,0.0756353070566765,-0.08594706294947702,0.24923764070931975,0.2492696260135937,0.07447148130563465,0.2464508498849627,0.042553678651076114,0.2477947847553518,0.011551834119874947,0.2486485793310026,-0.10523527685913636,0.24968063004303562
-0.07105098728503913,-0.07214416778769672,0.2500000000000001,-0.07342830145131604,0.17929479119093722,-0.07238354426407098,0.12523896373158125,-0.07118653647841437,0.08522290208227239,-0.07187850617894191,-0.22582627989043177,0.23816643430900455,-0.2413855328210272,0.2144245867703955,-0.18141195292633602,0.15960640063351647,-0.1313604132650983,0.10974158060812648,-0.09228926626850596,0.09968015964277382,0.20288416122036207,-0.22230099421283114,0.20892057486397042,-0.20764261109009635,0.18325839574028807,-0.17182480724439148,0.17068049429103208,-0.1462139535506171,0.14571693167129962,-0.10130689629090465,-0.188566233783193,0.1989359079737767,-0.20797421086152712,0.19695605081239428,-0.1782189726905838,0.17361671748399776,-0.17243807198522862,0.11442399343450646,-0.10532829687039402,0.027048799464115866,0.18815397326292457,-0.19171084425577986,0.19064101300125366,-0.19339627450732372,0.1820891498282376,-0.16185609473073417,0.1472769120518599,-0.08168897189605831,0.06205518654457891,-0.053396481918589686,-0.07217849768831655,-0.07156695007019108,-0.18431173876460982,-0.06912567599114847,-0.17546067120481054,-0.07029559621056145,-0.13655061253687695,-0.07103378801542794,-0.03743576445017694,-0.07187861478278293
0.24759433505987596,0.24812640793756763,-0.07342830145131604,0.2500000000000001,-0.09078409134939978,0.24742886895666297,-0.13412703782667956,0.2476014731898959,-0.15437167444722802,0.24844179564180205,0.050828786008165705,-0.06306803375834577,0.06629235750507065,-0.08908306972488446,0.08162711953129195,-0.0940515062362073,0.12040380135136408,-0.13928557702696157,0.1459564378979857,-0.13675046623997297,-0.0363004158632037,0.05567176918304163,-0.08214007459522414,0.08029710314122161,-0.05618181528793918,0.06450442825545141,-0.06925046724553198,0.09122851778507642,-0.09438362789970917,0.14299511833346723,0.10767482763125252,-0.09338719354388682,0.08058066044439274,-0.06937727241162644,0.04989382738408579,-0.04544378769663223,0.05296575463762343,0.011692819308995926,-0.022642101591971265,0.11641904508131269,-0.09111204696716092,0.08628160608607159,-0.08129940065069464,0.0646498488731302,-0.05187157786485837,0.030657591997045798,-0.02574361588276645,-0.05098142270077277,0.07439951473439022,-0.08471979732394319,0.24800636767826426,0.24803201788003806,0.07574620340749517,0.24521078289762474,0.044008404096164126,0.24655559900574253,0.012865289682880997,0.24741024950158086,-0.10402132925627489,0.24844289799709496
-0.08841667400866998,-0.08919131245531682,0.17929479119093722,-0.09078409134939978,0.2500000000000001,-0.09025535217885511,0.1883500685046636,-0.08984052218390891,0.14926144570040087,-0.08923407901937203,-0.16990357897739186,0.1816426914671622,-0.1848635976862628,0.2081317556769817,-0.2407273708411477,0.21911912278937362,-0.1951579984878584,0.1731951944689415,-0.15647358538617787,0.1611949348345529,0.15599403462742023,-0.1754717253116967,0.20159784649780477,-0.20055352912294813,0.21484959971223272,-0.20713124321131132,0.20666200461711456,-0.19220934126186762,0.1922710912646339,-0.16290205885818465,-0.18500976319011125,0.19465199834290972,-0.20137932430367872,0.20071823104371606,-0.209016904025078,0.20378346949727089,-0.20443651613017505,0.13681632223286044,-0.12593122004266272,0.032184411420063994,0.18661130664800743,-0.1895656109442138,0.18945993581293824,-0.19706709513219264,0.18928417064455277,-0.18978339871308544,0.1751000506759656,-0.09762158171321703,0.07411961451249932,-0.06374865068983565,-0.08948583454702334,-0.08893081987197553,-0.18224661131829367,-0.08640008252554496,-0.18160814392278854,-0.08734719363179579,-0.16226401356276815,-0.0882178724427354,-0.044602416151227856,-0.08923418596509114
0.24812592780733453,0.24865958626720852,-0.07238354426407098,0.24742886895666297,-0.09025535217885511,0.25,-0.13512226238598934,0.2481406052890836,-0.15528654610820147,0.2489710581817997,0.04987016984560845,-0.06210276433736134,0.06532700991875492,-0.08812583490943213,0.08110123844562243,-0.0940139627623826,0.12110476325066959,-0.1398787327282585,0.14680013312092838,-0.13744293631246324,-0.03534801529967267,0.05471981839961043,-0.08119410916810534,0.07935185341962846,-0.055654363168009015,0.06421854091181918,-0.06899229026694173,0.0911506196804692,-0.09432774470034083,0.1436979919661352,0.10694692918487263,-0.092566993174799,0.07964128811589466,-0.06855888058399898,0.049366332390504156,-0.044919130853197244,0.052520468586045796,0.012119439697029055,-0.023068966377326656,0.11684653678921418,-0.09036834680589315,0.08549926596454405,-0.08051471735064464,0.06383541207469254,-0.05111078301937563,0.030129979725884923,-0.025309113963890142,-0.05140861663840427,0.07482641476647847,-0.08514661394248735,0.24853234412268982,0.24856178079223204,0.07497046381627866,0.24574430864656188,0.04324965381523472,0.24708485805416797,0.012430434816925953,0.24793935818668802,-0.10444941301349353,0.2489721674891012
-0.1333530477661249,-0.13396090576800326,0.12523896373158125,-0.13412703782667956,0.1883500685046636,-0.13512226238598934,0.25,-0.13494460106404316,0.2059199333125653,-0.13410381200378968,-0.11365739277101734,0.12630231540510636,-0.1295013795829183,0.15675982739214067,-0.1883952011923992,0.20649580944415116,-0.2351377615257358,0.20606591997342918,-0.2060701252454138,0.20044689766882562,0.10709049209835736,-0.12655334052090791,0.15286308162160703,-0.15168534156846397,0.16992590850184733,-0.17875446955855626,0.18028195012462983,-0.17836307710137636,0.1800150313248888,-0.20251480527387283,-0.15004722336319937,0.1536341964645916,-0.15256534639725522,0.15315459927022484,-0.16398422773738325,0.15898814552123508,-0.1650804738966479,0.0988232191591495,-0.08792817735056496,-0.005769952885603198,0.14886195471926975,-0.14933648369642263,0.14807230927034282,-0.14940689670640947,0.14212188266323145,-0.14476120394471972,0.13652609489625686,-0.05962337422646506,0.036164484502544635,-0.02581298192035406,-0.13414210402103996,-0.13379245525307124,-0.14140368703637285,-0.13131127162509726,-0.1344711978315602,-0.1322185407562599,-0.12367825105787095,-0.1330780436373984,-0.006595916596625623,-0.13410446946198878
0.24830798843753202,0.24883875645589273,-0.07118653647841437,0.2476014731898959,-0.08984052218390891,0.2481406052890836,-0.13494460106404316,0.25000000000000006,-0.15593943886503345,0.24915523581740368,0.04868009274282473,-0.06091926019695516,0.06414327844247016,-0.08702048698466007,0.08079354581293344,-0.09380759375197789,0.1209320504368347,-0.14031320828908442,0.1473448342925784,-0.1379344209100538,-0.034296126536881154,0.05366911003102838,-0.08014921437470358,0.07831158388155626,-0.055468622986306615,0.06403759374239139,-0.06884630835999314,0.09132861348487864,-0.09451754001659642,0.14424074563593128,0.10607793324486867,-0.09161669775426672,0.07861307808479173,-0.06777595170786473,0.04918367560806286,-0.04473757581942695,0.0523651452540846,0.01225371391334808,-0.0232033112649364,0.11698149394693,-0.08951924545441839,0.08461770844732289,-0.0796565744733139,0.06306366349253036,-0.05044921537452792,0.029947199301684053,-0.025171131786102873,-0.05154326295822643,0.07496088407170673,-0.08528111118437358,0.2487137979838239,0.2487472974615181,0.07412069139810366,0.24593724086641597,0.042592292711353126,0.24726902533969647,0.012292228295114097,0.24812345396759572,-0.10458456157796746,0.24915634317934382
-0.15438398897780908,-0.15491045905763193,0.08522290208227239,-0.15437167444722802,0.14926144570040087,-0.15528654610820147,0.2059199333125653,-0.15593943886503345,0.2500000000000001,-0.15510929274382562,-0.07271246942503519,0.0845879175023399,-0.08779371227676774,0.11551654662534168,-0.1477968851297762,0.17023353208601483,-0.19947032196938477,0.2219384977442944,-0.24051961153941603,0.23076807231422963,0.06942438790913796,-0.08881556647676314,0.11523951840320398,-0.1140640977440072,0.13978158975442756,-0.14869001837593473,0.1532275357674599,-0.17607560715178527,0.17889927819111515,-0.22875992859152158,-0.1201626809469675,0.12001629765414554,-0.11501619751497183,0.11798844368841782,-0.13427108781954897,0.13085689845532683,-0.13997105402315094,0.07846017027946285,-0.0676633853465355,-0.02481467344668544,0.11798155857907272,-0.11687572513170046,0.11531359005290313,-0.11443082271235755,0.10880562823780117,-0.11720370415033315,0.11277836348120311,-0.03978053715190472,0.016637822830607586,-0.0064035431793665835,-0.15501255047688156,-0.15481326830741604,-0.10914691469656725,-0.15249162104756475,-0.10143166487435185,-0.15327637443870087,-0.10013760361677873,-0.15409162241616112,0.012606672035612823,-0.15511011282079473
0.24914717831773373,0.24967951799612387,-0.07187850617894191,0.24844179564180205,-0.08923407901937203,0.2489710581817997,-0.13410381200378968,0.24915523581740368,-0.15510929274382562,0.2499999999999999,0.049277418206146145,-0.061515800663484346,0.06474011062482456,-0.08753353101329558,0.08007700344266148,-0.0929959240851967,0.12008988302252684,-0.13948738411058612,0.1465051687549076,-0.13709748984849052,-0.03474887736968361,0.05411978535318843,-0.08059526956382598,0.07874682857231322,-0.05463330987193763,0.06319571026515826,-0.06801003081137601,0.09048784112233908,-0.09368239947505327,0.14340226539115594,0.10659027161347269,-0.09206222271168446,0.07903039862921467,-0.06783189071111233,0.04834204306403314,-0.04389979757744931,0.05152341138074845,0.013094895112344004,-0.024044841063654905,0.11782277750877214,-0.08988429982668736,0.08496898543097835,-0.07994907051171898,0.0630991516008239,-0.050320623317898376,0.029105640832082263,-0.024329801986666705,-0.0523847354982486,0.07580207328558591,-0.0861219535757637,0.24955357225976085,0.24958617642081757,0.07441443071854256,0.24676536170838506,0.04245744025872598,0.24811020214933102,0.011450873057488315,0.2489646304037722,-0.1054255918889151,0.2499975167726596
0.04846543086005008,0.04951005021306598,-0.22582627989043177,0.050828786008165705,-0.16990357897739186,0.04987016984560845,-0.11365739277101734,0.04868009274282473,-0.07271246942503519,0.049277418206146145,0.24999999999999983,-0.2359111903299706,0.23259669081652445,-0.2049542913792285,0.17273060400414197,-0.15030296489624653,0.12072070450873307,-0.09785703147538218,0.08019293473609578,-0.08823760180463641,-0.20198855978074484,0.21982679035911679,-0.20077995975433138,0.19965116745901512,-0.1764071802817486,0.16459177737394365,-0.16309093781427206,0.1373660758292386,-0.1366268933587829,0.08941736619495047,0.1781742703099751,-0.18987081811397147,0.1999521635171,-0.18967653606054305,0.17196598201094113,-0.16778250024266617,0.1660402103509561,-0.11430044933498344,0.10626595312315086,-0.037087848183694344,-0.17928660511882205,0.18326925856926032,-0.1825939478278554,0.18655211681747622,-0.17631783081479263,0.15743924321948197,-0.1435644611220703,0.0853767383786469,-0.06801654919045207,0.06035992327891963,0.04961601330611702,0.049003094188059905,0.17680920937096328,0.0468246291609943,0.17044297723648474,0.04787700223621845,0.13408605815795493,0.048532551945608515,0.04626973723284647,0.0492775360196245
-0.06069509933677199,-0.061745099147907836,0.23816643430900455,-0.06306803375834577,0.1816426914671622,-0.06210276433736134,0.12630231540510636,-0.06091926019695516,0.0845879175023399,-0.061515800663484346,-0.2359111903299706,0.25000000000000017,-0.24665706255777065,0.21887065598172628,-0.1856214104605224,0.16289347617679265,-0.13321259819519585,0.11017537059609447,-0.0920710811414156,0.10003180783949286,0.21357761087004204,-0.23310087857580378,0.2141370931168848,-0.21288160668644515,0.18839142609172962,-0.17643703952705045,0.1750811185237731,-0.1492352808556292,0.14859999739931115,-0.10152515981585404,-0.1913765313902433,0.2031636843985328,-0.21322310818330004,0.2022243029181725,-0.1834652355625129,0.17888431147088502,-0.17742159865010856,0.12036737313287851,-0.1114666206432808,0.03483998030405746,0.19200882981841036,-0.19600636143901662,0.19512751500490957,-0.1987586868308222,0.18759255014997694,-0.16740093884626905,0.15267528259384142,-0.08832643587405006,0.06910192692675918,-0.06062329728547761,-0.0618547820768873,-0.06121195060309574,-0.18881388756589151,-0.058812695371472844,-0.18109454607050532,-0.05996511572464677,-0.14217532352238393,-0.06068963461208402,-0.04500728219360608,-0.06151588086337362
0.06391804187146288,0.06496850048312046,-0.2413855328210272,0.06629235750507065,-0.1848635976862628,0.06532700991875492,-0.1295013795829183,0.06414327844247016,-0.08779371227676774,0.06474011062482456,0.23259669081652445,-0.24665706255777065,0.25000000000000006,-0.22210846710470838,0.18881899941302913,-0.16608937529537723,0.13640084350742956,-0.11336538651857031,0.09525658532474388,-0.10306634114367777,-0.21097244131418205,0.2304809491651457,-0.21659835981822317,0.2153409891773201,-0.19087321788527276,0.1789816967186151,-0.17767008338890725,0.15199229891206703,-0.1513895022412668,0.10455824224811631,0.19395927133052834,-0.20568580051973992,0.2156745780145164,-0.20460289881473442,0.18583651030730017,-0.18118824624956248,0.1798263686312507,-0.12160180308787581,0.11249192376280619,-0.03406595958387804,-0.19445101862023725,0.19842420660347634,-0.19750144215259754,0.20106065403463025,-0.18972768953386543,0.16944017815316353,-0.15454905251387913,0.0888090160794544,-0.0691340856131382,0.060456733555351486,0.06507678861477248,0.06442974231768779,0.19106876876235493,0.06198167255361666,0.18308593033496132,0.06315410296881042,0.14380406181044403,0.06389423809808172,0.044471369435323545,0.06474018217306335
-0.08673023760137953,-0.08759856298544762,0.2144245867703955,-0.08908306972488446,0.2081317556769817,-0.08812583490943213,0.15675982739214067,-0.08702048698466007,0.11551654662534168,-0.08753353101329558,-0.2049542913792285,0.21887065598172628,-0.22210846710470838,0.2500000000000003,-0.21659287163465024,0.19384029578571352,-0.16410287729158043,0.14106536841656325,-0.1229751886796329,0.13023897921701258,0.19712083316875292,-0.21655078948087286,0.2424151466888703,-0.24113753539920954,0.21673447332821705,-0.20482245697372353,0.2038252765234648,-0.17836252909367964,0.1779708724322626,-0.13174939655630344,-0.2192940074201566,0.23137557281750945,-0.24141780273973074,0.22966979503497048,-0.21076112270113398,0.20550823805634433,-0.2048837267142503,0.13657271842961627,-0.12568479775625752,0.03192890344407719,0.21916334621909675,-0.22319470661395463,0.22199840604404636,-0.22548822857009124,0.21271243888937127,-0.1915262737932111,0.1750195836901223,-0.09737624699023202,0.0738614874260097,-0.06349006413741151,-0.08787416477820398,-0.08716881336749525,-0.21449144082810012,-0.08430192391594953,-0.20484329512404828,-0.08564637351516106,-0.1621875717730614,-0.08652026208651448,-0.04436185945802225,-0.08753368326055708
0.07932965505578131,0.08006271028738253,-0.18141195292633602,0.08162711953129195,-0.2407273708411477,0.08110123844562243,-0.1883952011923992,0.08079354581293344,-0.1477968851297762,0.08007700344266148,0.17273060400414197,-0.1856214104605224,0.18881899941302913,-0.21659287163465024,0.2500000000000001,-0.22676934041069588,0.19710644637160282,-0.1736238294531156,0.15580822534276587,-0.16120266295269992,-0.16463201765130833,0.1841083891421645,-0.21020778421066,0.20919859168689806,-0.2239208580059881,0.21604845603295855,-0.21524290760975393,0.1982396520571275,-0.19809435718256077,0.162760523580247,0.19098031351495134,-0.20211158321368858,0.21003021043864029,-0.2094650073607136,0.2181056040840575,-0.21282843930991813,0.21324549463926162,-0.1454614765195481,0.13458234707355443,-0.040857514207123156,-0.19354184340035582,0.19699339295931736,-0.1971042723875224,0.20585182942654584,-0.19812779295557267,0.1988763129638281,-0.18377378049630452,0.10628048086796923,-0.08277845885711048,0.07240682791414893,0.08037254842365307,0.07977696492042465,0.1897826656406318,0.07724812799745362,0.1904553373985955,0.07819046568747773,0.17094274822193503,0.07906165397622492,0.05327220950932854,0.08007704297498736
-0.09227061698534496,-0.0929437016416873,0.15960640063351647,-0.0940515062362073,0.21911912278937362,-0.0940139627623826,0.20649580944415116,-0.09380759375197789,0.17023353208601483,-0.0929959240851967,-0.15030296489624653,0.16289347617679265,-0.16608937529537723,0.19384029578571352,-0.22676934041069588,0.2500000000000004,-0.21984535482697437,0.19610088971554382,-0.17834910527292858,0.18044563111951917,0.1452872626496233,-0.1647805066206902,0.19097366448732928,-0.18995848396219517,0.2112095179889569,-0.22019216842225525,0.220700278208641,-0.21135007674106637,0.21172881026492613,-0.18205340771307624,-0.17617769409779546,0.18580035532639708,-0.19088161006195675,0.19220510531041418,-0.2053367361997992,0.200137403110524,-0.20579513039683772,0.138962748642805,-0.12807530299400746,0.03430045878606624,0.1785555716755737,-0.18123121221355187,0.18114283512287704,-0.18863607389475048,0.1817393729000686,-0.18609793157067356,0.1767911320781847,-0.09975083754097533,0.07624891979989373,-0.06587481623004766,-0.09322890737325122,-0.09270180974795555,-0.17398301426237361,-0.09023192043390216,-0.17409592360014614,-0.09110853039017482,-0.16394038292452554,-0.09197054074524268,-0.046665635056374374,-0.09299609865067478
0.11937143939364782,0.11997272557441117,-0.1313604132650983,0.12040380135136408,-0.1951579984878584,0.12110476325066959,-0.2351377615257358,0.1209320504368347,-0.19947032196938477,0.12008988302252684,0.12072070450873307,-0.13321259819519585,0.13640084350742956,-0.16410287729158043,0.19710644637160282,-0.21984535482697437,0.25000000000000033,-0.21923242927433675,0.2012485730898966,-0.1967110685213507,-0.11593515506240981,0.13537720468034228,-0.16161477562695467,0.1605163398324434,-0.18340273938933338,0.1923584199779299,-0.1938244379037294,0.19194852040992116,-0.19326684558223245,0.19804319499632703,0.155175111021289,-0.16060213377075072,0.16146092222873,-0.1633467688707319,0.17750974156165022,-0.17245660980250846,0.1786298083269288,-0.11247633966742655,0.10160529159250682,-0.008060079598859947,-0.15540098829327875,0.1565165687957876,-0.15578253167412712,0.1597168325214103,-0.15304960092187248,0.15831780763411038,-0.15011671341401217,0.07334693391627727,-0.04991955614100101,0.03958011942630304,0.12018565419250336,0.11979094276118107,0.1489878280481666,0.11734985611273696,0.1454342168265927,0.1182074182486528,0.13729159375648836,0.11906548908676128,0.02039846259612874,0.12009028642935174
-0.13876487503258492,-0.13933136682495495,0.10974158060812648,-0.13928557702696157,0.1731951944689415,-0.1398787327282585,0.20606591997342918,-0.14031320828908442,0.2219384977442944,-0.13948738411058612,-0.09785703147538218,0.11017537059609447,-0.11336538651857031,0.14106536841656325,-0.1736238294531156,0.19610088971554382,-0.21923242927433675,0.25000000000000033,-0.23039507142528193,0.22446479714249432,0.09413978829352217,-0.11363050589356494,0.14001394494650302,-0.13886371849053747,0.16475792031691897,-0.17369394476481684,0.1779850354441251,-0.20097702188937497,0.20313840017045542,-0.22585723996390997,-0.13863287762299162,0.141743121941508,-0.13985207685905493,0.14264571282178568,-0.15883398750628555,0.15387300595369593,-0.1620224899599843,0.09736020526911802,-0.08645946375230068,-0.007322290300819283,0.13824748810522947,-0.13826851048541053,0.13716519109862804,-0.13898291454700196,0.13267766675389062,-0.13959815451080068,0.13478989243780304,-0.05812072652451582,0.034649517089602,-0.024290329824770338,-0.13949009971346865,-0.13918693605194266,-0.1305926971236256,-0.13677088394361886,-0.1250593328373434,-0.13760045365053825,-0.12192408200487828,-0.13845491742888982,-0.005019992795516932,-0.1394878866358796
0.14578446545531065,0.1463246034940759,-0.09228926626850596,0.1459564378979857,-0.15647358538617787,0.14680013312092838,-0.2060701252454138,0.1473448342925784,-0.24051961153941603,0.1465051687549076,0.08019293473609578,-0.0920710811414156,0.09525658532474388,-0.1229751886796329,0.15580822534276587,-0.17834910527292858,0.2012485730898966,-0.23039507142528193,0.2500000000000001,-0.23973326313676643,-0.0770772450458548,0.09651642441547727,-0.12292020259104655,0.12178148403493287,-0.14870718391891433,0.1576318072044444,-0.16214608495182412,0.18504891592335584,-0.18775580996948996,0.23227334374069097,0.1251132142897763,-0.126470183408166,0.12275102252515663,-0.12603866030995933,0.14321778893335949,-0.13980937688572848,0.14901455404692673,-0.08748213339830035,0.07667070796598273,0.01597946859896514,-0.1240317710544135,0.12338423821724417,-0.12208185824747428,0.12252520961952247,-0.11706479668863642,0.126196613265119,-0.12176182438922965,0.048736106542171455,-0.02554573807995252,0.015289170263148636,0.1464491871871536,0.14621318964308438,0.11580453692710663,0.14389681400049137,0.10968843301352907,0.14466971400091166,0.10910111134249019,0.14548540074910515,-0.0037533590555496577,0.1465057657027133
-0.1363816665939668,-0.1369406715080347,0.09968015964277382,-0.13675046623997297,0.1611949348345529,-0.13744293631246324,0.20044689766882562,-0.1379344209100538,0.23076807231422963,-0.13709748984849052,-0.08823760180463641,0.10003180783949286,-0.10306634114367777,0.13023897921701258,-0.16120266295269992,0.18044563111951917,-0.1967110685213507,0.22446479714249432,-0.23973326313676643,0.2500000000000003,0.0860748952725678,-0.1054775732728614,0.13170485980461275,-0.13059996136942345,0.15746785190826895,-0.16633113784879444,0.1707852493566875,-0.19352728588493376,0.19617490300725707,-0.24091372968352165,-0.13084991776471208,0.13404633881190156,-0.13156793118540963,0.13482284865076433,-0.1520080555359909,0.1485610331778636,-0.15776958881539918,0.09629833590310202,-0.08552523311591628,-0.006910488321852358,0.13112618360882894,-0.13099513257478812,0.12988939870856106,-0.13134923683895097,0.12590249817621174,-0.1350340048205251,0.13056992068684295,-0.0576463180228937,0.034506768298057294,-0.024273280311631357,-0.13708739614555873,-0.1368085063072766,-0.12350954669179391,-0.13449477743032995,-0.11854007400850207,-0.13526556382692936,-0.1179397771261672,-0.13608012278711124,-0.005279618446075654,-0.13709802287417605
-0.03410489918200155,-0.034958873133641995,0.20288416122036207,-0.0363004158632037,0.15599403462742023,-0.03534801529967267,0.10709049209835736,-0.034296126536881154,0.06942438790913796,-0.03474887736968361,-0.20198855978074484,0.21357761087004204,-0.21097244131418205,0.19712083316875292,-0.16463201765130833,0.1452872626496233,-0.11593515506240981,0.09413978829352217,-0.0770772450458548,0.0860748952725678,0.2500000000000003,-0.2302558545272519,0.20374383156338396,-0.20256063643077718,0.17801638529049302,-0.16607926441968743,0.16438975803143965,-0.1376383949113041,0.1366834030961626,-0.08749652096922148,-0.17792239652823222,0.1909760219922607,-0.2029043027738311,0.19237714714536827,-0.17373088487184937,0.1695352605227843,-0.16753224313550028,0.11829131066646473,-0.11092940580377686,0.04593883417393539,0.18008454255623677,-0.1845489278476208,0.18419426635027128,-0.18943167064490798,0.1793844711937764,-0.15996237777992095,0.14643152452633382,-0.0911253712196835,0.07485155571675729,-0.06770535162601396,-0.035130239355671826,-0.03449015506379064,-0.1785847483330753,-0.03240750418056326,-0.17383005929356918,-0.03342784093547921,-0.13754195486203313,-0.03405047948903287,-0.054502459766999106,-0.03474884653654487
0.05336515298733631,0.05432465353881161,-0.22230099421283114,0.05567176918304163,-0.1754717253116967,0.05471981839961043,-0.12655334052090791,0.05366911003102838,-0.08881556647676314,0.05411978535318843,0.21982679035911679,-0.23310087857580378,0.2304809491651457,-0.21655078948087286,0.1841083891421645,-0.1647805066206902,0.13537720468034228,-0.11363050589356494,0.09651642441547727,-0.1054775732728614,-0.2302558545272519,0.25000000000000033,-0.22321756426952,0.22194370804083335,-0.19756613778173632,0.18539078068108314,-0.18393826280232586,0.15695272451097828,-0.15622501290941476,0.10685208887670673,0.19714041254862158,-0.21038727572312027,0.22232305673073963,-0.2112908917645919,0.19260696195939775,-0.18796545719321664,0.18648172383938616,-0.12904129770769315,0.12009662955170207,-0.042879929926555774,-0.19877469236040113,0.20321415281959754,-0.20263839766042765,0.20783022841581886,-0.19662548713168346,0.17646069756962507,-0.1615280420645967,0.09675980794493225,-0.07738721560719931,0.06884611957697961,0.05449787960635252,0.05381742251886372,0.19618728143887953,0.05140015805361233,0.19008415807319307,0.052558054516915635,0.15095293287435435,0.0532874323130623,0.0531156758679296,0.054119824145385916
-0.07981780097541935,-0.08066792320000842,0.20892057486397042,-0.08214007459522414,0.20159784649780477,-0.08119410916810534,0.15286308162160703,-0.08014921437470358,0.11523951840320398,-0.08059526956382598,-0.20077995975433138,0.2141370931168848,-0.21659835981822317,0.2424151466888703,-0.21020778421066,0.19097366448732928,-0.16161477562695467,0.14001394494650302,-0.12292020259104655,0.13170485980461275,0.20374383156338396,-0.22321756426952,0.2500000000000004,-0.2480983403354524,0.223655939554856,-0.2111966578534,0.2100769767438076,-0.1827937269843245,0.18230487387923536,-0.13313570054295581,-0.2231223992006931,0.2363309190860944,-0.24837786411102777,0.23659843029361544,-0.2176945690956839,0.21240775571078255,-0.21165185669463352,0.14322365238783338,-0.13233875596046035,0.03858459056099619,0.22376476224280198,-0.2281541709918865,0.22729264136022911,-0.23243968538586945,0.2196607543940166,-0.19845994173701592,0.181693017606839,-0.10403135243236614,0.08051305912494369,-0.07013948447474187,-0.08096750122035291,-0.08023405063269488,-0.2197073770028013,-0.07736339414837805,-0.21179135802755605,-0.07870810524731782,-0.16886275606619527,-0.07958241909074214,-0.051016479129862416,-0.08059539961182983
0.07797752564049272,0.0788206750886937,-0.20764261109009635,0.08029710314122161,-0.20055352912294813,0.07935185341962846,-0.15168534156846397,0.07831158388155626,-0.1140640977440072,0.07874682857231322,0.19965116745901512,-0.21288160668644515,0.2153409891773201,-0.24113753539920954,0.20919859168689806,-0.18995848396219517,0.1605163398324434,-0.13886371849053747,0.12178148403493287,-0.13059996136942345,-0.20256063643077718,0.22194370804083335,-0.2480983403354524,0.2500000000000005,-0.2228112986140264,0.21033136380643236,-0.209184262280964,0.18183568455348273,-0.18132745771918982,0.1319838615921731,0.22177904447703853,-0.23504547215183683,0.24714331391866196,-0.23551382270721322,0.21690313071145312,-0.21165814682309986,0.2108574988624064,-0.14301634987641385,0.13222838133881062,-0.039301696982113374,-0.2225388101128817,0.22694720168662721,-0.2261268534489048,0.23139808458858155,-0.21875499817372254,0.19783983359434038,-0.1811474253157989,0.10417065300608805,-0.08085932101253586,0.07057702999265532,0.07912085531415207,0.07838941593291553,0.21859617574812942,0.07554533162171799,0.21095618240066172,0.0768763681010204,0.16843084639520367,0.07774303170168542,0.05162393354205108,0.07874695078148128
-0.05393003229758889,-0.05471252351122771,0.18325839574028807,-0.05618181528793918,0.21484959971223272,-0.055654363168009015,0.16992590850184733,-0.055468622986306615,0.13978158975442756,-0.05463330987193763,-0.1764071802817486,0.18839142609172962,-0.19087321788527276,0.21673447332821705,-0.2239208580059881,0.2112095179889569,-0.18340273938933338,0.16475792031691897,-0.14870718391891433,0.15746785190826895,0.17801638529049302,-0.19756613778173632,0.223655939554856,-0.2228112986140264,0.25000000000000044,-0.23724148488952582,0.23592751181586805,-0.20877292971728276,0.20809793910426816,-0.1589948461717941,-0.1973864662906935,0.2116829883906322,-0.22380861650663236,0.22656519448620943,-0.2436710359475746,0.23826659787217502,-0.23764659357853482,0.16920312841210014,-0.15832884598944616,0.06456677943962963,0.2027701639811448,-0.20726924864907076,0.20860246133130564,-0.2232010466293739,0.21700999103205582,-0.22443335377924917,0.207676216728647,-0.13001966475139223,0.10649493897471596,-0.09611028296238897,-0.055022103838197264,-0.05436203234330317,-0.2010671887824816,-0.05192536924387571,-0.2093923612717462,-0.05274588812544626,-0.19484605720012604,-0.05362016561566725,-0.07699254809566042,-0.05463326281063204
0.06250109896147295,0.06324459019094765,-0.17182480724439148,0.06450442825545141,-0.20713124321131132,0.06421854091181918,-0.17875446955855626,0.06403759374239139,-0.14869001837593473,0.06319571026515826,0.16459177737394365,-0.17643703952705045,0.1789816967186151,-0.20482245697372353,0.21604845603295855,-0.22019216842225525,0.1923584199779299,-0.17369394476481684,0.1576318072044444,-0.16633113784879444,-0.16607926441968743,0.18539078068108314,-0.2111966578534,0.21033136380643236,-0.23724148488952582,0.25000000000000044,-0.24496228985916255,0.21781746752913297,-0.21712278468252794,0.16792835629100872,0.18647548099811653,-0.2001374619696427,0.21132669870551019,-0.21424186083586116,0.23150179166967838,-0.22621501002104985,0.2307310080302193,-0.16414866149243257,0.15340850659119706,-0.060789714234189225,-0.1918239528973127,0.19581413419017024,-0.1970320199937299,0.21089474261115712,-0.20484877207257282,0.21248874170445642,-0.2016807597721134,0.1254348105585412,-0.10220708057360596,0.09195169941083045,0.06354524732127416,0.0629271601129836,0.18967335566132348,0.06052628484019053,0.19732659332088603,0.06133109842245239,0.18899491331503993,0.062185465940795485,0.07300492973984365,0.06319574023263225
-0.06730512328223245,-0.06805043206600207,0.17068049429103208,-0.06925046724553198,0.20666200461711456,-0.06899229026694173,0.18028195012462983,-0.06884630835999314,0.1532275357674599,-0.06801003081137601,-0.16309093781427206,0.1750811185237731,-0.17767008338890725,0.2038252765234648,-0.21524290760975393,0.220700278208641,-0.1938244379037294,0.1779850354441251,-0.16214608495182412,0.1707852493566875,0.16438975803143965,-0.18393826280232586,0.2100769767438076,-0.209184262280964,0.23592751181586805,-0.24496228985916255,0.25000000000000056,-0.22211619149254366,0.22145191420731813,-0.17242815441926354,-0.1857701382734662,0.19922708075444323,-0.21018543256011202,0.21306686522299167,-0.23032247430521385,0.2250122729013428,-0.23350499394003227,0.1661930024257255,-0.1553140206996275,0.06154144494161808,0.19096867865591194,-0.194845249584195,0.19600395110813307,-0.20966089273749275,0.20350549892947178,-0.21108333639216773,0.20384468384283777,-0.12699139086735087,0.10347803246928937,-0.09309452893369696,-0.06835314944556928,-0.06773691543638777,-0.1885785035005256,-0.06530479392579973,-0.19588982805820165,-0.06612242894286278,-0.1909933580734796,-0.0669810438112061,-0.07387126432800163,-0.06801008685132447
0.0897911445381774,0.09045985471205895,-0.1462139535506171,0.09122851778507642,-0.19220934126186762,0.0911506196804692,-0.17836307710137636,0.09132861348487864,-0.17607560715178527,0.09048784112233908,0.1373660758292386,-0.1492352808556292,0.15199229891206703,-0.17836252909367964,0.1982396520571275,-0.21135007674106637,0.19194852040992116,-0.20097702188937497,0.18504891592335584,-0.19352728588493376,-0.1376383949113041,0.15695272451097828,-0.1827937269843245,0.18183568455348273,-0.20877292971728276,0.21781746752913297,-0.22211619149254366,0.2500000000000008,-0.24533256564923087,0.19541659383967808,0.16684726658688373,-0.1768453132126319,0.18283312791540338,-0.1859241185401019,0.20325265702683706,-0.19816686711467002,0.2065307821921978,-0.14243586874637518,0.13174536597259093,-0.039496987855819794,-0.17042694205538775,0.17299347592642353,-0.17331708161034742,0.1825077750186492,-0.17653216808163663,0.18435269911608027,-0.17963967873578798,0.10385858956836086,-0.08075182348536313,0.07054523536928752,0.09071707697504895,0.0902108319664866,0.16627843373333362,0.08783043732995001,0.16902651896369478,0.08862769014485716,0.1669852445156221,0.08947224005170186,0.05161177774290101,0.09048803138103327
-0.09297807979034876,-0.09364867509168388,0.14571693167129962,-0.09438362789970917,0.1922710912646339,-0.09432774470034083,0.1800150313248888,-0.09451754001659642,0.17889927819111515,-0.09368239947505327,-0.1366268933587829,0.14859999739931115,-0.1513895022412668,0.1779708724322626,-0.19809435718256077,0.21172881026492613,-0.19326684558223245,0.20313840017045542,-0.18775580996948996,0.19617490300725707,0.1366834030961626,-0.15622501290941476,0.18230487387923536,-0.18132745771918982,0.20809793910426816,-0.21712278468252794,0.22145191420731813,-0.24533256564923087,0.2500000000000005,-0.1983232811655679,-0.16675445567252958,0.17654407889474136,-0.182343622577847,0.1854111132294405,-0.20280967154132934,0.1979252876217841,-0.20634976426882698,0.14306422916857608,-0.13224867891248795,0.0384731153605827,0.17017409158118596,-0.1726323450540081,0.1729161894068288,-0.18194939870463334,0.1759993205034192,-0.18407577391822383,0.17935638554182481,-0.1038727115455448,0.0803883715057294,-0.07002430871123873,-0.09390213116274534,-0.09340149922099888,-0.16582706138951211,-0.09100094424565072,-0.16845216856667558,-0.09180769399461657,-0.1665290191869543,-0.09264989204766678,-0.05077594619521,-0.09368260718975227
0.14268780889410942,0.14323987538665628,-0.10130689629090465,0.14299511833346723,-0.16290205885818465,0.1436979919661352,-0.20251480527387283,0.14424074563593128,-0.22875992859152158,0.14340226539115594,0.08941736619495047,-0.10152515981585404,0.10455824224811631,-0.13174939655630344,0.162760523580247,-0.18205340771307624,0.19804319499632703,-0.22585723996390997,0.23227334374069097,-0.24091372968352165,-0.08749652096922148,0.10685208887670673,-0.13313570054295581,0.1319838615921731,-0.1589948461717941,0.16792835629100872,-0.17242815441926354,0.19541659383967808,-0.1983232811655679,0.2500000000000005,0.13308473499613677,-0.1359443865590917,0.13300609838402705,-0.1363159728550936,0.1536806576675477,-0.14878830386146544,0.15692653397938963,-0.09238224791874423,0.08154368620594071,0.01182322150454668,-0.13314098691808365,0.1328771079826707,-0.131653862917476,0.13268272528885594,-0.1266426445335988,0.13457156730040173,-0.1298022716101274,0.05331381329661781,-0.029954656154725565,0.019645596339124428,0.14337990440939424,0.14310398340747335,0.1251742398955498,0.14071552011545713,0.11906002583908383,0.14152230076277816,0.11699182808664885,0.1423745758440072,0.0004634776098690199,0.1434027983149087
0.1058011955263573,0.10660344943160792,-0.188566233783193,0.10767482763125252,-0.18500976319011125,0.10694692918487263,-0.15004722336319937,0.10607793324486867,-0.1201626809469675,0.10659027161347269,0.1781742703099751,-0.1913765313902433,0.19395927133052834,-0.2192940074201566,0.19098031351495134,-0.17617769409779546,0.155175111021289,-0.13863287762299162,0.1251132142897763,-0.13084991776471208,-0.17792239652823222,0.19714041254862158,-0.2231223992006931,0.22177904447703853,-0.1973864662906935,0.18647548099811653,-0.1857701382734662,0.16684726658688373,-0.16675445567252958,0.13308473499613677,0.25000000000000044,-0.23496145706508534,0.22207326704271518,-0.21038837075006303,0.19139951006472283,-0.18624210939462565,0.1854245782211292,-0.1171609339968847,0.10627676429286347,-0.012617620247698257,-0.2225649617125248,0.2261055302970738,-0.22098804909322572,0.2061528118053441,-0.19337740035004905,0.17218440305218982,-0.1555782789390895,0.07799609936321895,-0.054511983607013044,0.04415864155910316,0.10688564178037566,0.10618879938027426,0.2135752979136213,0.10336163465487098,0.1855159742473213,0.1047052223996455,0.14275584053259932,0.1055783903738852,0.025045071582119147,0.1065905494102578
-0.09128194706198883,-0.09210646756390257,0.1989359079737767,-0.09338719354388682,0.19465199834290972,-0.092566993174799,0.1536341964645916,-0.09161669775426672,0.12001629765414554,-0.09206222271168446,-0.18987081811397147,0.2031636843985328,-0.20568580051973992,0.23137557281750945,-0.20211158321368858,0.18580035532639708,-0.16060213377075072,0.141743121941508,-0.126470183408166,0.13404633881190156,0.1909760219922607,-0.21038727572312027,0.2363309190860944,-0.23504547215183683,0.2116829883906322,-0.2001374619696427,0.19922708075444323,-0.1768453132126319,0.17654407889474136,-0.1359443865590917,-0.23496145706508534,0.2500000000000004,-0.23694362933012986,0.22520175196762657,-0.20625812866603163,0.2010238199566007,-0.1996953200272458,0.13125414213187855,-0.12036305178793073,0.026599509331964713,0.2366308456057474,-0.24105152854879353,0.235891292736489,-0.22101230552397336,0.2082247195412685,-0.18702180724991588,0.1697683999431289,-0.09205303730919039,0.06853319839029343,-0.058163211332913425,-0.09243551944686668,-0.09166073139614572,-0.22827154706235084,-0.0888301224701864,-0.20035393249562664,-0.09017497011628603,-0.15693468310167719,-0.09105015728739639,-0.03903928171958866,-0.09206241886710632
