x1,x2,x3,x4,x5,x6,x7,x8,x9,x10,x11,x12,x13,x14,x15,x16,x17,x18,x19,x20,x21,x22,x23,x24,x25,x26,x27,x28,x29,x30,x31,x32,x33,x34,x35,x36,x37,x38,x39,x40,x41,x42,x43,x44,x45,x46,x47,x48,x49,x50,x51,x52,x53,x54,x55,x56,x57,x58,x59,x60
0.25000000000000006,0.24877733643380143,0.24459883916858502,0.24765680728883566,0.24778331486223937,0.24543865897251801,0.23442550141000076,0.2455861886960974,0.23533857640726483,0.24886078160020678,0.24741981790694692,0.15264077317443825,-0.1435389894836266,0.2226163383017485,-0.17882127553455462,0.221503174568055,-0.14794255003596354,0.2297656661509158,-0.21217299750735175,0.24838605031464753,0.2415582910756744,-0.058350134545674795,0.09582118349792358,-0.05776797619782863,0.11919273117687834,-0.03576157437859511,0.08306920542490273,0.0021682441884519495,0.011450177519901315,0.24842437920931162,0.24549428849415436,-0.07743747129845913,0.10050350333194596,-0.055445599509059744,0.10672886815122708,-0.030710270689363148,0.08585747196681313,-0.03637230350687002,0.057105169958417586,0.24816928604666488,0.24782303123600918,0.18775202500403693,-0.1847974339761099,0.22983269384772692,-0.17598749991753868,0.21369600968068891,-0.13696037157074317,0.21625803259938822,-0.1836408856736729,0.2462370579560706,0.24834541460713763,0.248810148136535,0.24703296789505058,0.2460616806322289,0.24561931195474349,0.24017896296599986,0.2266775175866824,0.24339927339788978,0.2164070741745921,0.24886318347636505
0.24877733643380143,0.24999999999999992,0.24562744711706522,0.24870442595307599,0.24882341372167166,0.246483847299583,0.23545165703177692,0.24663298039003226,0.2363827239329852,0.24991040852424065,0.24832344267752363,0.1530844965114943,-0.14390635075814856,0.22353389820857625,-0.17958007883283203,0.22245104893099985,-0.14864432634604127,0.2307540103675363,-0.21312982014059262,0.24943402304498233,0.2425726243316349,-0.05843949610082444,0.09611573354020463,-0.057915618427005044,0.11963801757894543,-0.03591296347379144,0.08342935796962124,0.002132970907174446,0.011540092976729817,0.2494721891401376,0.24653062119224192,-0.07779419884554387,0.1009605645476873,-0.05569764106265064,0.10717912930181077,-0.03082517471107582,0.0861771785336788,-0.036482268582981696,0.05729997012248098,0.24921601616236755,0.2488682756146982,0.18854601819983557,-0.18557926539926192,0.23080297169146702,-0.17672733341502053,0.2145934671886487,-0.13752838140068505,0.2171654655163542,-0.18440993616189105,0.24727555867486184,0.2493928538559004,0.2498595585125126,0.2480749765390515,0.24709941953400907,0.24665516431173548,0.2411918245833326,0.22763294602804734,0.2444258110640719,0.21731871359503555,0.24991281727379255
0.24459883916858502,0.24562744711706522,0.25,0.24450535325798078,0.2446322028781371,0.24228617662759297,0.23127732592374525,0.24243662508688635,0.23221621719029267,0.2457107308492838,0.24415670664548064,0.15353048472808334,-0.14803630983720512,0.220128873830602,-0.17632257621201033,0.218451013265274,-0.14494044343267934,0.22668328279502337,-0.20909446563365347,0.2452351760124317,0.2385079235693167,-0.05850388081010176,0.09511384091209046,-0.0570746477523793,0.11759521917906049,-0.03437164180944352,0.081220207765158,0.003222178030232311,0.010242166725384555,0.24527757735561678,0.24239523547132896,-0.07694303838548695,0.0997184267699545,-0.05557306913129583,0.10630283551816176,-0.03154676822756219,0.08613528392347619,-0.03705168653167658,0.05738436967420357,0.24502556584608282,0.2446855386623392,0.185606047474362,-0.18269110246978223,0.2270052528531347,-0.17404517432983463,0.2111922742814867,-0.13530308510526784,0.2135257380902687,-0.18118678953449002,0.24310874734506346,0.24520187849734865,0.24566056268982916,0.24390831624716802,0.24293553517465408,0.2425055356906127,0.2371002450553264,0.22372148822646518,0.240293906184563,0.21353138461458712,0.2457131246386376
0.24765680728883566,0.24870442595307599,0.24450535325798078,0.25000000000000017,0.24770039652462433,0.2453708390736727,0.2343289167117112,0.24551223076633702,0.23525706328993085,0.24878753153485014,0.2472024951769563,0.15199755940574652,-0.14283370198860587,0.22241789168699774,-0.17847791566806473,0.2213280027577818,-0.14762805000665194,0.22963563265233325,-0.21202467369565797,0.2483116421405585,0.24145100316456553,-0.05736534536664897,0.0950210241436291,-0.056853163883103734,0.11853504727264944,-0.03496590059907978,0.08242913883886768,0.0027567380253184937,0.010843937637321076,0.24835037195443557,0.2454362781877487,-0.0780907763074044,0.10118253824133405,-0.05626402923161591,0.10754413118356175,-0.031518765707549794,0.08662297177156104,-0.037004117114155445,0.05764217823970007,0.24809461723877616,0.24774945711217197,0.18795158921841332,-0.18500237613784862,0.2298704535433865,-0.17611726430721902,0.21373147177534918,-0.1368701437005148,0.21615507309359255,-0.18345017983087203,0.24615614527026639,0.2482722942082696,0.24873676947194476,0.24696407428322797,0.24598070522669457,0.24554228400984263,0.24008010857135517,0.22654498802852602,0.24330986190803755,0.21624018312668586,0.2487899373970214
0.24778331486223937,0.24882341372167166,0.2446322028781371,0.24770039652462433,0.25000000000000006,0.24547907225490348,0.2344649041856458,0.24565566464957364,0.23541976194653988,0.24890616706798607,0.24732656179622325,0.15239325219408997,-0.14327410009830419,0.2228131451629773,-0.18026858405630564,0.2223499779801218,-0.14868838409455506,0.22983862954987694,-0.21230319610362658,0.24843123610689308,0.24158470493807413,-0.05795296255498834,0.0955780025252344,-0.05758684444480927,0.11921538157008074,-0.03631322350194064,0.08352506546870112,0.0018449070494442484,0.011765068719207206,0.24846906693805695,0.24554288879775527,-0.0776190961758583,0.10069375169212987,-0.05561102711619693,0.10679559370590624,-0.03064518144441056,0.08570128785753427,-0.03614217062081714,0.05688157586109921,0.24821467918502488,0.24786818124368232,0.18781055298947996,-0.18485575209696048,0.22988009022871927,-0.17599526605317942,0.21370602627053298,-0.13690171790956523,0.2162478958164949,-0.18361548541284572,0.24628121449851162,0.24839064610295894,0.24885551890054508,0.24707829225390263,0.24610583945545386,0.2456633052848476,0.24022090036923985,0.2267147317507017,0.24344270306931962,0.21643263275087565,0.2489085665221856
0.24543865897251801,0.246483847299583,0.24228617662759297,0.2453708390736727,0.24547907225490348,0.25000000000000017,0.23210105480641172,0.24328842238766588,0.23307034031966284,0.2465657242655341,0.24499143538771687,0.1497417005637975,-0.14057526674067478,0.22018504735877947,-0.17630244948305981,0.2191054679604683,-0.14556417266178,0.22741839530712357,-0.20986141073139544,0.24609064174117523,0.23923316873028044,-0.055228817857571375,0.09286109221108176,-0.05477899905415768,0.11638416276571237,-0.03306528837258873,0.08040545109535194,0.004205914420733997,0.009247407840334558,0.24613048464456574,0.2432712684450289,-0.07878738306898574,0.10172356901135579,-0.05756700209057609,0.10851017037150797,-0.033069246908124524,0.08780419482850707,-0.03830994712572791,0.058610627864734456,0.24587537219808545,0.24553543806261402,0.18685966753107927,-0.18394459600137475,0.22806070743119783,-0.174924920095252,0.21202918301938598,-0.13554399205666495,0.21414787458904103,-0.1815309061533803,0.24393993984051607,0.24605511882274883,0.24651508117721407,0.2447669603765258,0.24376604925847353,0.2433390861656789,0.23787617216403678,0.22438353202149064,0.24109884568869727,0.2140915825361612,0.24656809982667538
0.23442550141000076,0.23545165703177692,0.23127732592374525,0.2343289167117112,0.2344649041856458,0.23210105480641172,0.2500000000000001,0.23225108379855564,0.22206721867296134,0.23552877006230705,0.23404559720298104,0.13891266250984793,-0.1301781169311034,0.20917146967681557,-0.16663680616241264,0.2092826511231516,-0.16177117175560887,0.21934316600168438,-0.20212712752882953,0.23506662879466683,0.22821401423909995,-0.04485861198211515,0.08235702916027224,-0.04498241570598634,0.10633196687711435,-0.0286387891259945,0.07531485575153846,0.0050719867984586366,0.0076257120416849036,0.23510155054941143,0.23250153769221976,-0.08082919658827528,0.10294664992083069,-0.06150985725808442,0.10875979797203367,-0.036422331528341984,0.0871830506845549,-0.038506988108444114,0.05729996737499625,0.23485854551215268,0.2345408351905921,0.18006401910936357,-0.1773074640887168,0.2183998462780431,-0.1681187678140292,0.20304804931946668,-0.1287026083066734,0.2040607661079986,-0.1721362105204211,0.23295570591679773,0.23504010177742857,0.2354793713411654,0.23382969032152123,0.23278837991527887,0.23240874481432616,0.2270156513661967,0.2138389200507472,0.23017474693625892,0.20369388267351615,0.2355310320600828
0.2455861886960974,0.24663298039003226,0.24243662508688635,0.24551223076633702,0.24565566464957364,0.24328842238766588,0.23225108379855564,0.2500000000000002,0.23318470265270463,0.2467150361353538,0.24514061470938855,0.1498934611295627,-0.14072587636998513,0.22033538037802056,-0.17648855868965702,0.21926866801142733,-0.14567752968656378,0.22756387555990434,-0.2099591320545317,0.24623968756417877,0.23938166395520924,-0.05535289976183421,0.09299587913127125,-0.05489979125989496,0.11652322467590333,-0.033171693088723045,0.08051452792897429,0.004182325653119381,0.009286813944235264,0.24627940588835034,0.24341703349281288,-0.07879268755219376,0.10172841062149718,-0.05756615064259858,0.10851524141282931,-0.0330523319706457,0.0878276072586741,-0.038303654171798575,0.058626634429220885,0.24602429169528203,0.24568415873826577,0.18695654362468633,-0.18403869903706133,0.22818711234745356,-0.17501607143054598,0.21215197306805517,-0.13562911768978525,0.21428158974102746,-0.1816470693982403,0.24408787457851128,0.24620411727594133,0.24666436052625085,0.24491461412173468,0.2439139176758688,0.24348652346505686,0.23802095045492602,0.22452136153599123,0.24124528164620287,0.2142242736196302,0.2467174064430737
0.23533857640726483,0.2363827239329852,0.23221621719029267,0.23525706328993085,0.23541976194653988,0.23307034031966284,0.22206721867296134,0.23318470265270463,0.25000000000000017,0.23645989685350827,0.2349382817113878,0.14000227590778677,-0.13088159476050604,0.2101284074875144,-0.16639909476150486,0.20912658181047028,-0.136091221780516,0.21733906649395676,-0.22346728408489439,0.2360473486349613,0.22913398386925363,-0.045416060226358884,0.0829342332586976,-0.04496542408952371,0.10637268728754408,-0.023222788878906782,0.07028113111868804,0.011307440080198163,0.0007997461095331301,0.2360320429225546,0.23340480212566816,-0.08087956282077118,0.10297373141768039,-0.06261323035091151,0.11213940679561155,-0.04089599717999374,0.09394985488983784,-0.045056867448902714,0.06326697260941194,0.23578001522703745,0.2354659674886647,0.18145652866852185,-0.17869431060160165,0.21960496994924092,-0.1698191095096938,0.20464781656551276,-0.13012566318578184,0.20527588395058066,-0.17297593812606663,0.23385368209267732,0.2359701021845897,0.2364096996893328,0.23476539173527577,0.2336863125948676,0.23332150864837164,0.2278304593840946,0.214504683320677,0.23102894963321485,0.2042685228060722,0.23646210625921188
0.24886078160020678,0.24991040852424065,0.2457107308492838,0.24878753153485014,0.24890616706798607,0.2465657242655341,0.23552877006230705,0.2467150361353538,0.23645989685350827,0.2500000000000001,0.24840577679964704,0.15313181767172343,-0.14395162820524768,0.22360669954145126,-0.17963455588555463,0.22252325560415293,-0.14869092218125585,0.23082986213046663,-0.2131981034923221,0.24951731293879345,0.2426533200008122,-0.05845131891257359,0.09614090390486968,-0.05792685742571657,0.1196716166519099,-0.035916616569895116,0.08345099683252866,0.0021385661198937574,0.011538699847719804,0.24955551163589298,0.24661311265331776,-0.07782596301618455,0.10100108080751032,-0.05572256166524104,0.10722302768880321,-0.03084170285292259,0.08621208797249591,-0.036499851484491676,0.05732369738896152,0.2492992401275885,0.24895138763406863,0.1886113450612429,-0.18564367954442548,0.23088134112367015,-0.176788050434115,0.21466588485855007,-0.13757381718672484,0.21723754968046713,-0.18447050878641288,0.24735809257188404,0.2494761468784374,0.24994300640057024,0.24815788311629122,0.2471818923085273,0.24673751433886207,0.2412722046489961,0.227708554845433,0.24450733592117962,0.2173906370525635,0.24999628395653142
0.24741981790694692,0.24832344267752363,0.24415670664548064,0.2472024951769563,0.24732656179622325,0.24499143538771687,0.23404559720298104,0.24514061470938855,0.2349382817113878,0.24840577679964704,0.2500000000000003,0.15169295377489647,-0.1428639845711804,0.22205937767307493,-0.178416637142325,0.2211383682622235,-0.14814474901604208,0.22930420799682794,-0.21177184871437207,0.24793161371933278,0.24109605680718807,-0.05761248882733987,0.09515377443616574,-0.0571474084622443,0.11863729584381522,-0.035458920305852376,0.08275280000560695,0.0022299338920129543,0.01136745429634587,0.24796967926698082,0.24505129608383872,-0.07755545007698161,0.10057903341436873,-0.05563426429219993,0.10671880142918222,-0.030880691876867403,0.08580958824142816,-0.036355075557653646,0.05700759729827197,0.2477150048591201,0.24736979214534816,0.18746577789241234,-0.18451790939590607,0.22942698916202706,-0.17571928570345824,0.21333701775163127,-0.13668782330117346,0.2158475436259793,-0.1832497492504909,0.24578352806526904,0.24789129018786663,0.24835519009545942,0.24658183089874064,0.24560835381473994,0.24516842848303608,0.23972885141381858,0.2262366406356647,0.24294748596165686,0.21597059106620087,0.24840817816492275
0.15264077317443825,0.1530844965114943,0.15353048472808334,0.15199755940574652,0.15239325219408997,0.1497417005637975,0.13891266250984793,0.1498934611295627,0.14000227590778677,0.15313181767172343,0.15169295377489647,0.25000000000000033,-0.23812613928439202,0.17574969692386133,-0.13573779389511975,0.13767301582229396,-0.07320577712511699,0.14090746231013973,-0.1243887315110284,0.1526682396387127,0.15171242428245998,-0.15267087742224866,0.14582847259293993,-0.11262689732384436,0.125223583878776,-0.05209937344407817,0.07275137996434743,-0.008011592790254365,0.017648356081497122,0.1528550518622503,0.15026263428291123,-0.010247618272898091,0.02291518826609523,0.00456369358425605,0.03244696418959577,0.003050875509243156,0.03856554516506786,-0.011677042066833062,0.025893182503092735,0.1527566413884101,0.15252341061006447,0.10348690731782444,-0.10144751996518316,0.13637057923394977,-0.10465894632054412,0.13106356505559194,-0.0910367699244887,0.1359431294542008,-0.11909457056125525,0.15180163561505045,0.1528163411997799,0.15310676892355984,0.15181217155865112,0.15169918280114764,0.15137030997729115,0.14873421955717236,0.14182153830113858,0.15036668659352162,0.13669464226325184,0.15313430134465583
-0.1435389894836266,-0.14390635075814856,-0.14803630983720512,-0.14283370198860587,-0.14327410009830419,-0.14057526674067478,-0.1301781169311034,-0.14072587636998513,-0.13088159476050604,-0.14395162820524768,-0.1428639845711804,-0.23812613928439202,0.2500000000000002,-0.17017057523483062,0.1310467244060959,-0.12908399140912472,0.06614416719553654,-0.13194773465412177,0.11553507819870973,-0.14349371246942283,-0.14266991281050725,0.14747460250703584,-0.1389189007553815,0.10970589425440995,-0.12049898499587791,0.04903885763617702,-0.06893886542288144,0.006614774287710572,-0.015797429504931165,-0.14368536832162823,-0.14123289585267865,0.008736105553729402,-0.02080066363017262,-0.004489532811063399,-0.03106389156598794,-0.001948055158926067,-0.038108713228844036,0.012298593363149313,-0.025513116718496293,-0.14359847181120233,-0.1433799325740004,-0.09718807845249121,0.09526345323695744,-0.1281928216109419,0.0986010758156516,-0.12341179945404526,0.08573088048666855,-0.12772092978055385,0.11181968370575374,-0.14269570160082573,-0.14365523220232373,-0.14392812046484063,-0.1427085544951426,-0.14260089916705895,-0.14229828304642894,-0.13980191114290297,-0.13330255237216476,-0.1413420111198772,-0.12841749149280784,-0.14395407059731724
0.2226163383017485,0.22353389820857625,0.220128873830602,0.22241789168699774,0.2228131451629773,0.22018504735877947,0.20917146967681557,0.22033538037802056,0.2101284074875144,0.22360669954145126,0.22205937767307493,0.17574969692386133,-0.17017057523483062,0.25000000000000033,-0.20588978498016153,0.20775621448565565,-0.13493469001559016,0.20988832407453095,-0.1927394569869315,0.22313500689689572,0.21760403595056002,-0.08134025455755245,0.11742948448705715,-0.0838073828643374,0.14123137269458888,-0.058552862767233316,0.09551001134106468,-0.011348735835649874,0.02394976343210883,0.22319889787498046,0.22026838274251612,-0.05486123246800681,0.07509488370471945,-0.03297620372373078,0.08206708399113578,-0.011929890238449042,0.06564075732480361,-0.02113085155532417,0.04074054708849911,0.22302583162743458,0.22268546529378302,0.16431660750000776,-0.16156271251259155,0.20479802808972414,-0.15498226384427022,0.1902063474070807,-0.12316815280216331,0.19370916111691397,-0.1663310989789444,0.22141370296813861,0.22314419108335676,0.2235645169963403,0.22190697462252604,0.2212640954690613,0.22080493960216563,0.21637807448181715,0.20511082634040784,0.2190634183226442,0.19627413027825372,0.22360913497423268
-0.17882127553455462,-0.17958007883283203,-0.17632257621201033,-0.17847791566806473,-0.18026858405630564,-0.17630244948305981,-0.16663680616241264,-0.17648855868965702,-0.16639909476150486,-0.17963455588555463,-0.178416637142325,-0.13573779389511975,0.1310467244060959,-0.20588978498016153,0.25000000000000017,-0.2067951118031467,0.13943906015856353,-0.16949959589947936,0.15391926613106985,-0.179242446178924,-0.1743708331959915,0.05548377058434756,-0.08870891896851696,0.06396331398575755,-0.11590262641405634,0.07511688008031486,-0.09832762671671902,0.023277111374843965,-0.0333235070142844,-0.17928063482379508,-0.17703297476541213,0.048923494464505966,-0.06463278032023542,0.03110907354866352,-0.06510364665889155,0.004668628815860228,-0.044239051715493256,0.006177649840870647,-0.02280674470884951,-0.17917558739113593,-0.1788946791633933,-0.13234384017725345,0.13009682213442214,-0.16427391310625072,0.12265784861720204,-0.15122295204526634,0.09563400259379033,-0.15385963909988884,0.1316715168562642,-0.1778594067513782,-0.17926157025957729,-0.17960124842658412,-0.17825657868327724,-0.1777425903787381,-0.17735531817263486,-0.17380541578479983,-0.1647399735440479,-0.1759776511989446,-0.1573425662344313,-0.17963692385001984
0.221503174568055,0.22245104893099985,0.218451013265274,0.2213280027577818,0.2223499779801218,0.2191054679604683,0.2092826511231516,0.21926866801142733,0.20912658181047028,0.22252325560415293,0.2211383682622235,0.13767301582229396,-0.12908399140912472,0.20775621448565565,-0.2067951118031467,0.2500000000000001,-0.17549917759717826,0.2103268898001367,-0.1931152080408959,0.22207110402068017,0.2155813908481382,-0.045228684837778574,0.0822633532519648,-0.04844747909272371,0.1091413024542259,-0.06075692385249556,0.09756120372927582,-0.014647300218246697,0.026594953357290684,0.22210903533606463,0.2196190417848826,-0.07362489438382488,0.09445546155839804,-0.05305616291441501,0.09430186230016635,-0.02108148235416355,0.06627133963841146,-0.019639418330686505,0.03884155244528055,0.22191769510246057,0.221596347700844,0.16786764882259478,-0.16521945665891472,0.20534878729213385,-0.15551727295286827,0.18938130834928482,-0.11891494594037208,0.19129774662592822,-0.16211665302633474,0.22017849371006193,0.2220603795832155,0.22247872993611512,0.22088445596843698,0.22002444826924794,0.21960888321034222,0.21479273517750871,0.2027773037769976,0.2176695741452264,0.19330127874597255,0.22252566550059297
-0.14794255003596354,-0.14864432634604127,-0.14494044343267934,-0.14762805000665194,-0.14868838409455506,-0.14556417266178,-0.16177117175560887,-0.14567752968656378,-0.136091221780516,-0.14869092218125585,-0.14814474901604208,-0.07320577712511699,0.06614416719553654,-0.13493469001559016,0.13943906015856353,-0.17549917759717826,0.2500000000000001,-0.1676009277137739,0.15794927281863275,-0.14834315346801694,-0.14238741580159361,-0.011923075664015221,-0.019378481235097306,-0.010306909555201103,-0.04495664886107715,0.04143125080723606,-0.07289582386659059,0.02296833608658591,-0.030137053961593958,-0.1483383623119297,-0.14743147078537996,0.08133142471076224,-0.09535358621588252,0.07058446767553461,-0.08180538176329173,0.030809242358948337,-0.04556503207895873,0.006541788547129949,-0.016635692633872903,-0.1482405141213201,-0.14805711150485662,-0.11872605138055067,0.11705759187082311,-0.1387033205777255,0.10674943160914482,-0.12748903032703962,0.0730975149304755,-0.1243519913438301,0.10081487356655366,-0.14679232453266114,-0.1483741004120355,-0.14865691452224192,-0.14764644392971457,-0.14668100847609009,-0.14652934939969675,-0.1424508885368868,-0.13292386275381263,-0.1447914705954971,-0.12491337585673602,-0.14869292690576605
0.2297656661509158,0.2307540103675363,0.22668328279502337,0.22963563265233325,0.22983862954987694,0.22741839530712357,0.21934316600168438,0.22756387555990434,0.21733906649395676,0.23082986213046663,0.22930420799682794,0.14090746231013973,-0.13194773465412177,0.20988832407453095,-0.16949959589947936,0.2103268898001367,-0.1676009277137739,0.2499999999999999,-0.23144206656611968,0.2304039053314798,0.22383778147561348,-0.04989881201695855,0.087192564205908,-0.04976970500317427,0.1111374837479852,-0.043443760734344736,0.09010981364136056,-0.016295990998264367,0.027895405625369695,0.23039642013913209,0.2278677645203697,-0.07875808195056977,0.10089456235898307,-0.057823278880811776,0.09919889696462408,-0.024250182615654304,0.06965020208836663,-0.02105031175691848,0.04023312964624846,0.23019538486837432,0.2298675221986302,0.17446162646244154,-0.17172545506487732,0.2130404683246004,-0.16171157117226279,0.19671826631227232,-0.12330394214727862,0.1984933852764918,-0.16785090239974274,0.22836753307010443,0.23034887262142636,0.23078311338371163,0.2291314137764053,0.22820573097571428,0.22778955659657754,0.2227092387945344,0.2100969173488853,0.22573243452491054,0.20017379674520652,0.23083224404143668
-0.21217299750735175,-0.21312982014059262,-0.20909446563365347,-0.21202467369565797,-0.21230319610362658,-0.20986141073139544,-0.20212712752882953,-0.2099591320545317,-0.22346728408489439,-0.2131981034923221,-0.21177184871437207,-0.1243887315110284,0.11553507819870973,-0.1927394569869315,0.15391926613106985,-0.1931152080408959,0.15794927281863275,-0.23144206656611968,0.2500000000000003,-0.21341100549630768,-0.20624348387315766,0.03354854647059378,-0.07065759866201589,0.033734771944942336,-0.09476940204370148,0.02855867257959378,-0.07447737507627043,0.006680012037279627,-0.01632583810999048,-0.21277787846426643,-0.2106563508445666,0.082520914178143,-0.10324049825538167,0.066210932920165,-0.10443827903211152,0.03566425233608315,-0.07756681167813796,0.030065426314395162,-0.04602136398008751,-0.21258607943549082,-0.21229980989682326,-0.16487196269948504,0.1623981364077601,-0.1982135024461657,0.15220384991209424,-0.18335257091663207,0.11329894218429064,-0.18277289647250564,0.15286557347418045,-0.21078552061721734,-0.21275334660531972,-0.21315249177979587,-0.21167973029754636,-0.21063537061182278,-0.21031532401302153,-0.20523729267162583,-0.19298660481845684,-0.20819904766532044,-0.18319766667471765,-0.21320025400304177
0.24838605031464753,0.24943402304498233,0.2452351760124317,0.2483116421405585,0.24843123610689308,0.24609064174117523,0.23506662879466683,0.24623968756417877,0.2360473486349613,0.24951731293879345,0.24793161371933278,0.1526682396387127,-0.14349371246942283,0.22313500689689572,-0.179242446178924,0.22207110402068017,-0.14834315346801694,0.2304039053314798,-0.21341100549630768,0.25000000000000006,0.24217821428773406,-0.05800493638886919,0.09568807758714776,-0.05750206804691775,0.11922914946670618,-0.0356026302122927,0.08310630796194324,0.002313986842212472,0.011323453404556191,0.24907942412644243,0.24614761232901913,-0.07790485791322227,0.1010451150012318,-0.05590242616897086,0.1073084939588934,-0.031060638086288797,0.08632398417452723,-0.03665235485301285,0.057400956738915536,0.24882346479505202,0.2484766004320421,0.18833844866663949,-0.18537774068469853,0.23047629439930248,-0.1765088671427134,0.21428782056954024,-0.13729104853797025,0.21680842294138386,-0.18407032283187963,0.2468836531516539,0.2490005700650448,0.24946649509104868,0.24768607872019277,0.24670777832277094,0.24626549228666994,0.24080260503344703,0.22725204225179402,0.24403512229059643,0.21694057535404251,0.2495197218174701
0.2415582910756744,0.2425726243316349,0.2385079235693167,0.24145100316456553,0.24158470493807413,0.23923316873028044,0.22821401423909995,0.23938166395520924,0.22913398386925363,0.2426533200008122,0.24109605680718807,0.15171242428245998,-0.14266991281050725,0.21760403595056002,-0.1743708331959915,0.2155813908481382,-0.14238741580159361,0.22383778147561348,-0.20624348387315766,0.24217821428773406,0.25000000000000017,-0.06566879155369965,0.09987408366230324,-0.062081125315456315,0.12055879349060769,-0.03772392879617754,0.08317339789000301,0.0012898970577872324,0.012145651258404848,0.24222706466376892,0.2393060928151755,-0.07261519645848577,0.09502482324330375,-0.05106263124305086,0.10168158354780055,-0.027958709882593347,0.0826468750471806,-0.034606868384364005,0.055021639681049395,0.24198381365783797,0.24164354676150693,0.18223012166053204,-0.17932924757224283,0.2237665507106477,-0.17118612795166263,0.20821078638642457,-0.13389171823566823,0.2109941255586674,-0.17948388814748742,0.24012025102788837,0.24215107446511408,0.24260444984715765,0.2408579072391498,0.23995037717170953,0.23951081644453634,0.234272976945208,0.22123541040219535,0.23738122204173778,0.21131227819025517,0.24265572257031753
-0.058350134545674795,-0.05843949610082444,-0.05850388081010176,-0.05736534536664897,-0.05795296255498834,-0.055228817857571375,-0.04485861198211515,-0.05535289976183421,-0.045416060226358884,-0.05845131891257359,-0.05761248882733987,-0.15267087742224866,0.14747460250703584,-0.08134025455755245,0.05548377058434756,-0.045228684837778574,-0.011923075664015221,-0.04989881201695855,0.03354854647059378,-0.05800493638886919,-0.06566879155369965,0.25000000000000017,-0.2096191863385957,0.184502762786589,-0.13542065594467784,0.0695633974699958,-0.05792479627011829,0.006978674478749087,-0.012951187542189666,-0.05833973786128195,-0.05599292089321447,-0.059673246961983145,0.057889330674468,-0.06554690242687446,0.03933837198763271,-0.030640041694784313,-0.0007642029052445884,-0.0024102127926995207,-0.005909018009799438,-0.05837172228344922,-0.0582668704439186,-0.020218234493838114,0.019082692251791548,-0.044004353106403736,0.035638235663904394,-0.05076622718400699,0.04814642655123019,-0.05803577877978606,0.05659668628250387,-0.0583836567011646,-0.058334631393242506,-0.05845066968303089,-0.05762778034692953,-0.05834993333963149,-0.058155613223441364,-0.058212090648988093,-0.05771092476923443,-0.05829706375884233,-0.05781536484249061,-0.05845358633322748
0.09582118349792358,0.09611573354020463,0.09511384091209046,0.0950210241436291,0.0955780025252344,0.09286109221108176,0.08235702916027224,0.09299587913127125,0.0829342332586976,0.09614090390486968,0.09515377443616574,0.14582847259293993,-0.1389189007553815,0.11742948448705715,-0.08870891896851696,0.0822633532519648,-0.019378481235097306,0.087192564205908,-0.07065759866201589,0.09568807758714776,0.09987408366230324,-0.2096191863385957,0.25000000000000006,-0.21085582801325545,0.1658751719760043,-0.08979893164617463,0.0818975629186825,-0.00985388785945547,0.018161081643695023,0.0959779641718842,0.09296700699717582,0.058444174983583036,-0.052113406220140046,0.06834995307223292,-0.029256327495179986,0.03489838622396231,0.00976179603113354,-0.00045091420353790226,0.01495240172339184,0.0959767413060955,0.09580499993275257,0.046194074138002694,-0.044583718140268715,0.07850347399826255,-0.06064968856710981,0.08208476649612939,-0.06940747946757767,0.09084429994287448,-0.08601226637323389,0.09580226135088334,0.09594783254983053,0.0961342514577352,0.09502020295256919,0.09574754154185117,0.0954317687235405,0.09501391586463269,0.09308136094335819,0.09542527959184897,0.09206539336603783,0.0961431983256635
-0.05776797619782863,-0.057915618427005044,-0.0570746477523793,-0.056853163883103734,-0.05758684444480927,-0.05477899905415768,-0.04498241570598634,-0.05489979125989496,-0.04496542408952371,-0.05792685742571657,-0.0571474084622443,-0.11262689732384436,0.10970589425440995,-0.0838073828643374,0.06396331398575755,-0.04844747909272371,-0.010306909555201103,-0.04976970500317427,0.033734771944942336,-0.05750206804691775,-0.062081125315456315,0.184502762786589,-0.21085582801325545,0.25000000000000017,-0.18737987449334248,0.11494757544622243,-0.08893525459409574,0.021039514259497783,-0.027208613841422685,-0.05781799268773842,-0.05496394205787338,-0.08408757479982622,0.08287733421574175,-0.09398597682725358,0.05960229388484122,-0.054757519357602306,0.014137100776546363,-0.014906777688978435,0.0028832254390546964,-0.057908677944193576,-0.05775958961274916,-0.013712235428815486,0.012455228703638554,-0.04158294445146546,0.03072014782038062,-0.047635746385767425,0.049082956974595415,-0.05750316250496432,0.05968296258097135,-0.058160962900490984,-0.05781415278377442,-0.05793116571811629,-0.057040592997068665,-0.05813875333744209,-0.057826662563237534,-0.05871376054297598,-0.05971715627409304,-0.05841721130725568,-0.060789822144610574,-0.057929036144191356
0.11919273117687834,0.11963801757894543,0.11759521917906049,0.11853504727264944,0.11921538157008074,0.11638416276571237,0.10633196687711435,0.11652322467590333,0.10637268728754408,0.1196716166519099,0.11863729584381522,0.125223583878776,-0.12049898499587791,0.14123137269458888,-0.11590262641405634,0.1091413024542259,-0.04495664886107715,0.1111374837479852,-0.09476940204370148,0.11922914946670618,0.12055879349060769,-0.13542065594467784,0.1658751719760043,-0.18737987449334248,0.25,-0.16546975259195976,0.14464047192057478,-0.06469346517208333,0.07218603537674821,0.11940564704311084,0.11650437258580344,0.03344725497157278,-0.02860340663512448,0.06103998999239407,-0.022249019385953327,0.06966488193121938,-0.022953867887623,0.04232358690955903,-0.027472523021827084,0.11954580246046494,0.11922376697669386,0.07059181104027322,-0.06868364502776535,0.10211451181244559,-0.06781131350448202,0.09269208786833583,-0.06670101171581101,0.1021297869005894,-0.09695265144502688,0.11930360696640807,0.11942780291556329,0.11966417128176074,0.11854757522766608,0.1192461259329057,0.11867284697306207,0.11856337220153527,0.11657271182089989,0.11899299031222633,0.11424126625155652,0.11967389304610866
-0.03576157437859511,-0.03591296347379144,-0.03437164180944352,-0.03496590059907978,-0.03631322350194064,-0.03306528837258873,-0.0286387891259945,-0.033171693088723045,-0.023222788878906782,-0.035916616569895116,-0.035458920305852376,-0.05209937344407817,0.04903885763617702,-0.058552862767233316,0.07511688008031486,-0.06075692385249556,0.04143125080723606,-0.043443760734344736,0.02855867257959378,-0.0356026302122927,-0.03772392879617754,0.0695633974699958,-0.08979893164617463,0.11494757544622243,-0.16546975259195976,0.2500000000000001,-0.20118415671194803,0.13212974461448626,-0.13552176702877194,-0.03568875831284444,-0.03445740088361536,-0.03255521990934353,0.0364493717578664,-0.05676134021296047,0.06066542081665814,-0.10012171103466029,0.09418326159362327,-0.10697017458720293,0.09661394993297516,-0.03605170182044078,-0.035817326121162986,-0.009273725020731535,0.00833639686313056,-0.02410745671260816,0.0019798496272261565,-0.01446690549535904,0.005768139160479193,-0.021312791530995787,0.025738793551191987,-0.03633108133963998,-0.03583531699711944,-0.03592708435404282,-0.03538490221756771,-0.036336633993736225,-0.035869809081114985,-0.037499623545327584,-0.03972575701775794,-0.03697177915585337,-0.03940970830007352,-0.03591861760943957
0.08306920542490273,0.08342935796962124,0.081220207765158,0.08242913883886768,0.08352506546870112,0.08040545109535194,0.07531485575153846,0.08051452792897429,0.07028113111868804,0.08345099683252866,0.08275280000560695,0.07275137996434743,-0.06893886542288144,0.09551001134106468,-0.09832762671671902,0.09756120372927582,-0.07289582386659059,0.09010981364136056,-0.07447737507627043,0.08310630796194324,0.08317339789000301,-0.05792479627011829,0.0818975629186825,-0.08893525459409574,0.14464047192057478,-0.20118415671194803,0.25000000000000006,-0.16422108627745235,0.1710000386959459,0.08303453137711063,0.08171987875032291,-0.0007542648661149219,0.0005197238184587435,0.02502754572623139,-0.024555984995573283,0.0922374288937076,-0.07826827070382612,0.11799428592663587,-0.10488665367873984,0.08346958331237156,0.08314141756444961,0.05074029249295141,-0.04925961334995099,0.06992456315032515,-0.034907591289496664,0.05317776189102782,-0.020340409011895162,0.05385595666969528,-0.0498011548808585,0.08317301885394034,0.08326246376296184,0.08345005201134076,0.08263901207766985,0.08316543032210741,0.08268406851142969,0.08287459461142122,0.08214153211327008,0.08317921106763781,0.07746903948264645,0.08345314928113069
0.0021682441884519495,0.002132970907174446,0.003222178030232311,0.0027567380253184937,0.0018449070494442484,0.004205914420733997,0.0050719867984586366,0.004182325653119381,0.011307440080198163,0.0021385661198937574,0.0022299338920129543,-0.008011592790254365,0.006614774287710572,-0.011348735835649874,0.023277111374843965,-0.014647300218246697,0.02296833608658591,-0.016295990998264367,0.006680012037279627,0.002313986842212472,0.0012898970577872324,0.006978674478749087,-0.00985388785945547,0.021039514259497783,-0.06469346517208333,0.13212974461448626,-0.16422108627745235,0.2500000000000003,-0.23448822101906827,0.0025275916089714527,0.0021970321893551798,-0.001198306945713249,0.01103938024485721,-0.025407139000193858,0.056702730337608934,-0.11747462982737182,0.1342268979388183,-0.16773471085733777,0.17567290930799456,0.0018242435244453098,0.0020989377449050837,0.009818546652095998,-0.010300642153005328,0.009102197699341421,-0.03222517355987049,0.0267237285373627,-0.04144995582780638,0.029156301828694667,-0.023080113184374335,0.0015975601324157527,0.0021580012703512667,0.0021214757687744125,0.002235417855268169,0.0015303950975428106,0.0019190925961967526,-0.00010925596395371536,-0.003890383557023802,0.0006013219233477835,-0.0011957993869288822,0.002136946335288449
0.011450177519901315,0.011540092976729817,0.010242166725384555,0.010843937637321076,0.011765068719207206,0.009247407840334558,0.0076257120416849036,0.009286813944235264,0.0007997461095331301,0.011538699847719804,0.01136745429634587,0.017648356081497122,-0.015797429504931165,0.02394976343210883,-0.0333235070142844,0.026594953357290684,-0.030137053961593958,0.027895405625369695,-0.01632583810999048,0.011323453404556191,0.012145651258404848,-0.012951187542189666,0.018161081643695023,-0.027208613841422685,0.07218603537674821,-0.13552176702877194,0.1710000386959459,-0.23448822101906827,0.25000000000000017,0.011114674299622679,0.011201008871876089,0.0007654296798137841,-0.009779169835140333,0.027071454926028662,-0.05665262229218714,0.12220286968899376,-0.13545393078568807,0.1725421026216732,-0.178952468304016,0.011831675080098318,0.011525666595369338,-0.0011498017594591633,0.0018522320361505562,0.0026675479749956204,0.02445902234301017,-0.016165158921110964,0.0347095424278206,-0.01776865321169232,0.012939480618021198,0.011983761000185703,0.01149034451214672,0.011554157240980913,0.011308939155000603,0.012046639899693118,0.01160402029910715,0.013487143505708989,0.016777659992762508,0.012890640717012953,0.013574137888670528,0.011540487615221333
0.24842437920931162,0.2494721891401376,0.24527757735561678,0.24835037195443557,0.24846906693805695,0.24613048464456574,0.23510155054941143,0.24627940588835034,0.2360320429225546,0.24955551163589298,0.24796967926698082,0.1528550518622503,-0.14368536832162823,0.22319889787498046,-0.17928063482379508,0.22210903533606463,-0.1483383623119297,0.23039642013913209,-0.21277787846426643,0.24907942412644243,0.24222706466376892,-0.05833973786128195,0.0959779641718842,-0.05781799268773842,0.11940564704311084,-0.03568875831284444,0.08303453137711063,0.0025275916089714527,0.011114674299622679,0.25,0.24617835539109084,-0.07756005585104865,0.10069800032145301,-0.05548615996316021,0.10692371041417201,-0.030849999027047055,0.08612012937060427,-0.0366135321066865,0.05741666275266625,0.24886174508056125,0.24851495231229156,0.18823474811967764,-0.18527214253200489,0.23045937998504434,-0.17650242315099568,0.2143226751755083,-0.1374365705287318,0.21693185972103368,-0.1842277718485165,0.24692487176377664,0.24903873958383005,0.24950473353482402,0.24772191159762386,0.2467488074730905,0.2463053223812244,0.24084980500333553,0.22730839756356533,0.24407879337783545,0.21702403513316126,0.24955791966291563
0.24549428849415436,0.24653062119224192,0.24239523547132896,0.2454362781877487,0.24554288879775527,0.2432712684450289,0.23250153769221976,0.24341703349281288,0.23340480212566816,0.24661311265331776,0.24505129608383872,0.15026263428291123,-0.14123289585267865,0.22026838274251612,-0.17703297476541213,0.2196190417848826,-0.14743147078537996,0.2278677645203697,-0.2106563508445666,0.24614761232901913,0.2393060928151755,-0.05599292089321447,0.09296700699717582,-0.05496394205787338,0.11650437258580344,-0.03445740088361536,0.08171987875032291,0.0021970321893551798,0.011201008871876089,0.24617835539109084,0.25000000000000044,-0.08099542100726562,0.10340285107677585,-0.05853802915232,0.10828790712348046,-0.03212032173161451,0.08561532194781518,-0.03609620144036146,0.05635730197165342,0.24592504277172975,0.24558127507678298,0.18748143386525698,-0.18456609150125888,0.22817888419702226,-0.17456023999658693,0.2116629511783998,-0.13495823648817717,0.21399277725316038,-0.18137239708178612,0.24398724770912425,0.24610218125016867,0.24656244984068212,0.24482263598278733,0.24381258142102544,0.2433783288362902,0.2379244395519559,0.22442344842288894,0.24114773824949862,0.21412965866129502,0.24661546208107696
-0.07743747129845913,-0.07779419884554387,-0.07694303838548695,-0.0780907763074044,-0.0776190961758583,-0.07878738306898574,-0.08082919658827528,-0.07879268755219376,-0.08087956282077118,-0.07782596301618455,-0.07755545007698161,-0.010247618272898091,0.008736105553729402,-0.05486123246800681,0.048923494464505966,-0.07362489438382488,0.08133142471076224,-0.07875808195056977,0.082520914178143,-0.07790485791322227,-0.07261519645848577,-0.059673246961983145,0.058444174983583036,-0.08408757479982622,0.03344725497157278,-0.03255521990934353,-0.0007542648661149219,-0.001198306945713249,0.0007654296798137841,-0.07756005585104865,-0.08099542100726562,0.2500000000000003,-0.22631859196286397,0.1999378842003126,-0.16678968613996653,0.0996739114350966,-0.07110383760414056,0.029806700865657763,-0.02236127943881421,-0.07741274651418342,-0.07731841636795836,-0.1350506692105432,0.13476732622476575,-0.09560632768308497,0.06389359128632445,-0.06144423367517419,0.0010923922634612936,-0.051574634552406975,0.024420392468012652,-0.07553745143993444,-0.07765294808676138,-0.07778306046952221,-0.0783334045578839,-0.07544139868998861,-0.07552370433538771,-0.07025269797054348,-0.05900333029587096,-0.07308008859659612,-0.04941566828065174,-0.07782520448021318
