x1,x2,x3,x4,x5,x6,x7,x8,x9,x10,x11,x12,x13,x14,x15,x16,x17,x18,x19,x20,x21,x22,x23,x24,x25,x26,x27,x28,x29,x30,x31,x32,x33,x34,x35,x36,x37,x38,x39,x40,x41,x42,x43,x44,x45,x46,x47,x48,x49,x50,x51,x52,x53,x54,x55,x56,x57,x58,x59,x60
0.25,0.24963365029963186,0.24905491472928162,0.24993914436316045,0.24973406249243807,0.2498558641040817,0.24998503150559018,0.24997844283273038,0.2499217085337097,0.24997677623916892,0.24880337996515622,0.21567060993423806,0.19537026517131392,0.23050538110427823,0.17513941050161924,0.23492337638127192,0.17767077253531582,0.2353134609589537,0.18226300766001405,0.24970623237982945,0.24959250106226513,0.21870043646203963,0.2270348900611221,0.21275179278260264,0.2150839237787463,0.21853526497345388,0.2152240671684603,0.22324748581055037,0.2135469798577925,0.24982605990475584,0.24966077046083887,0.22971805854837585,0.21398143046325954,0.2219739565135268,0.2218195625481185,0.2133844252623234,0.23105749238649492,0.2121069051413796,0.22932938817737572,0.24979820715820567,0.2494008331127423,0.21197576573255095,0.20645818829261295,0.2280975820749411,0.19103197796605764,0.23327807401671563,0.19231671254866012,0.236283357140528,0.19065777112017152,0.24981991662118652,0.2499638463594662,0.24973207071753653,0.24908096164340277,0.24991032409815794,0.24978369812718412,0.24984093225217605,0.24997126639108025,0.24997963737233184,0.24995990989827682,0.24997753188184116
0.24963365029963186,0.24999999999999994,0.24871617608824306,0.24960045044473012,0.24939565807349112,0.2495172963774079,0.24964628118824547,0.24963970028355267,0.24958304033576645,0.24963803477279214,0.24846623090474565,0.21537804272650088,0.19510431613653306,0.23019635901106517,0.17489110207204872,0.23460705183682937,0.17742921239434106,0.2349953277649472,0.18201515195336604,0.2493678567624545,0.2492542787178708,0.21840427851417488,0.22672721099240165,0.21246191146235094,0.2147925854411483,0.21823865638853815,0.2149324329367391,0.22294480468118988,0.2132575913282849,0.24948752279375802,0.24932245732596298,0.229406770044489,0.2136915569271225,0.2216731614892987,0.2215189856407278,0.21309526840224785,0.2307443883472706,0.2118194785267851,0.22901862652654395,0.2494597077607632,0.24906287220030304,0.21168851757121243,0.2061784189951277,0.22778848773250168,0.19077311228700883,0.23296196080706708,0.19205610581663038,0.23596317156963542,0.1903994124134028,0.2494813878071756,0.24962512250750932,0.24939366094275278,0.2487434341835492,0.24957167277375567,0.24944521839272585,0.2495023749600539,0.24963253248430187,0.24964089212210983,0.24962119138058783,0.24963878948475124
0.24905491472928162,0.24871617608824306,0.25,0.24902163988810494,0.2488170161357421,0.24893905078860284,0.24906877524172152,0.2490609751833037,0.24900435959196962,0.24905929077238143,0.2478883549943634,0.2147772607610119,0.19446496542067535,0.22972452195460774,0.17438473958258568,0.23410674747379662,0.17707991436453832,0.2344572448510274,0.1815793857900473,0.24878973010869476,0.24867638799291314,0.218053149618042,0.22620186838324507,0.21192922690032906,0.21429653736000967,0.21770993164871424,0.21443397986302906,0.22242297760954163,0.2127622175877116,0.2489091259850878,0.2487444423992976,0.22887510985368664,0.2131950135046685,0.22115946316751747,0.22100613819698706,0.21260117748637447,0.23020977704397438,0.21132839508734738,0.2284877514080434,0.24888137540956418,0.24848545984193374,0.21119774677807002,0.2057004139600959,0.22726036964229654,0.19033082113488067,0.23242187107658524,0.19161085378645162,0.23541612770791995,0.18995800148941838,0.24890300522949713,0.24904640670747616,0.24881548174922402,0.24816676242099156,0.2489930808883559,0.24886691966757635,0.2489239437302407,0.2490537995053544,0.2490621397627551,0.24904248469427062,0.24906004200002393
0.24993914436316045,0.24960045044473012,0.24902163988810494,0.2499999999999999,0.249700852961676,0.24982263926972373,0.24995178869850104,0.24994520074485008,0.2498884736960172,0.24994353428775526,0.24877029206969253,0.2156417375105861,0.19534379341520053,0.23047495890597772,0.17511471443424442,0.23489234295511482,0.17764717942699917,0.23528223724170344,0.1822386764969688,0.24967302635373595,0.24955931009300986,0.2186715478160207,0.22700470128593037,0.21272330931244837,0.21505533537996543,0.21850613348767978,0.21519544787644532,0.22321777930751724,0.2135185801912626,0.24979283800527152,0.24962757054030726,0.2296875108291723,0.21395298133745277,0.22194443853233975,0.2217900667759583,0.21335604910606754,0.2310267666273808,0.21207869891166087,0.22929889202911655,0.24976498896025567,0.2493676677582409,0.21194757702816694,0.20643073348040833,0.22806724949840904,0.19100657450611178,0.23324705265308598,0.19229113824588823,0.23625193614528875,0.19063241742431572,0.2497866955364972,0.24993060613498552,0.24969886131461064,0.2490478388252536,0.24987709099107458,0.24975048185885007,0.24980770837282806,0.24993802517988276,0.2499463950479604,0.24992667019726775,0.24994428983745817
0.24973406249243807,0.24939565807349112,0.2488170161357421,0.249700852961676,0.24999999999999994,0.24961766840835323,0.2497467964783687,0.24974011592855988,0.249683423178562,0.24973844917033583,0.248565958308751,0.2154524291586631,0.19515758989409937,0.2303048846372781,0.17490008996094836,0.23471347341716584,0.17750572293955108,0.235093228003495,0.18208603019177713,0.24946816120237217,0.24935453447311678,0.21851011613524554,0.22681841067610847,0.21254155696083998,0.21487923079852841,0.21832377979591794,0.21501893178614567,0.2230340089074033,0.2133432793787041,0.24958787627067383,0.24942274426754316,0.22949906517714827,0.21377754181987985,0.22176234077267928,0.2216082190232759,0.21318096891893765,0.23083722811197946,0.2119046755267824,0.22911075496213043,0.24956004997951423,0.24916305480984183,0.21177366405488945,0.20626135152471506,0.22788010931521285,0.19084984756766968,0.23305566615175938,0.1921333580200802,0.23605808483072102,0.19047599829318781,0.24958173875391274,0.24972553127011113,0.2494939766026689,0.2488434882996417,0.2496720600368325,0.24954555479093782,0.24960273434885866,0.24973294422747241,0.2497413072278532,0.24972159856194348,0.24973920374473346
0.2498558641040817,0.2495172963774079,0.24893905078860284,0.24982263926972373,0.24961766840835323,0.24999999999999994,0.2498685062067426,0.24986191913232053,0.24980521011820697,0.24986025251734056,0.24868741459345828,0.21557068629222315,0.19528038540961343,0.23040026488042856,0.17505364523422245,0.23481492762019548,0.177586990802362,0.23520419108457646,0.1821776209886559,0.249589834235444,0.24947615538278517,0.21859780612649388,0.2269290207885656,0.2126519473610983,0.21498372059649357,0.21843325845607858,0.21512375104623352,0.22314335080093387,0.2134474346670959,0.24970960651134227,0.24954439411458598,0.22961097771904593,0.21388174710741925,0.2218704854149057,0.2217161642186085,0.21328495852037366,0.23094978640772107,0.21200803276309352,0.229222489202828,0.24968176672948897,0.24928457791915587,0.21187695481360055,0.20636195058401785,0.22799125646670854,0.19094293082299094,0.23316933421844827,0.19222706642083107,0.23617321648419218,0.19056889829312762,0.24970346607371255,0.2498473287208624,0.24961566111835867,0.24896485555252792,0.24979383140831204,0.24966726446263873,0.24972447190849867,0.2498547452937179,0.24986311237293748,0.24984339409460893,0.24986100786389587
0.24998503150559018,0.24964628118824547,0.24906877524172152,0.24995178869850104,0.2497467964783687,0.2498685062067426,0.24999999999999994,0.2499910889367584,0.2499343517285208,0.24998942224669032,0.2488159651257847,0.2156814514163286,0.19538005122740953,0.23051706677844783,0.17514842156000934,0.23493527015385404,0.17767981296764637,0.23532535918252095,0.1822722284185207,0.2497188646996643,0.24960512760890172,0.2187116224035618,0.2270463752456552,0.21276254629941418,0.21509480441198775,0.21854630752258317,0.2152349547785519,0.22325877729311622,0.21355778232999278,0.2498386982843683,0.24967340047813094,0.22972967983564663,0.2139922534582568,0.22198518608208323,0.22183078457167588,0.21339522007837572,0.2310691815703729,0.2121176353749433,0.2293409897166245,0.24981084412910273,0.24941344998091078,0.21198648932836747,0.20646863273114688,0.2281091212316156,0.19104164201542517,0.23328987525299613,0.1923264416040406,0.2362953104119477,0.19066741625198122,0.24983255469034932,0.24997649170985303,0.249744704342691,0.2490935623297396,0.2499229667409221,0.24979633436409712,0.24985357138449582,0.249983912116837,0.2499922835215658,0.24997255504952312,0.2499901779245611
0.24997844283273038,0.24963970028355267,0.2490609751833037,0.24994520074485008,0.24974011592855988,0.24986191913232053,0.2499910889367584,0.24999999999999994,0.24992776442531556,0.24998283345598202,0.24880940872323393,0.2156758391774178,0.19537501371951133,0.23051094736212863,0.17514369586637513,0.23492905688863835,0.17767508320037073,0.2353191582508649,0.18226743055887631,0.24971228304631995,0.2495985489780582,0.21870573559257192,0.22704039142980725,0.21275695955815047,0.21508913454697254,0.21854056405459985,0.21522928220024595,0.2232528966447643,0.21355215445216222,0.24983211346847328,0.24966682001940826,0.22972362487023443,0.21398661486866843,0.22197933518564414,0.22182493745215495,0.21338959581210554,0.23106309116087148,0.21211204474459852,0.22933494508059937,0.24980426004719836,0.24940687637287534,0.21198090215276816,0.2064631910020985,0.22810310914292567,0.19103660688326926,0.2332837266049842,0.1923213725970301,0.23628908254987,0.19066239097052193,0.24982597003621354,0.2499699032620712,0.24973812200395956,0.24908699715270885,0.24991637970385897,0.24978975066459563,0.24984698617643555,0.24997732347348106,0.2499856946575708,0.24996596670549714,0.24998358911606183
0.2499217085337097,0.24958304033576645,0.24900435959196962,0.2498884736960172,0.249683423178562,0.24980521011820697,0.2499343517285208,0.24992776442531556,0.25,0.24992609813792735,0.2487529427765417,0.21562696928127328,0.19533083290336273,0.23045879329973856,0.17510528550904697,0.23487575923314838,0.1776345343976738,0.23526574527813657,0.18222594981097145,0.24965560903059475,0.24954190063856416,0.2186558927052927,0.22698885934125868,0.21270851560754864,0.21504033614585136,0.21849089073247718,0.21518043640023884,0.22320219688993997,0.2135036861941097,0.24977541238219375,0.24961015645064633,0.22967148741157353,0.2139380599468894,0.22192895559771722,0.22177459222839335,0.21334116555619315,0.23101064986532013,0.21206390414577653,0.2292828961262979,0.2497475652799157,0.24935027179538397,0.2119327914110984,0.206416332836401,0.2280513394247491,0.1909932498500343,0.23323078128859537,0.19227772396125528,0.2362354551385347,0.19061911884982602,0.249769270341923,0.24991317090116388,0.249681442247377,0.2490304651736877,0.24985965949048541,0.24973305919055727,0.24979028171239026,0.24992058942850645,0.2499289587126996,0.24990923523801842,0.24992685364905742
0.24997677623916892,0.24963803477279214,0.24905929077238143,0.24994353428775526,0.24973844917033583,0.24986025251734056,0.24998942224669032,0.24998283345598202,0.24992609813792735,0.2499999999999999,0.24880774995702165,0.2156743973628568,0.19537369628516082,0.2305094338106854,0.17514246497769026,0.23492750517525016,0.17767389131082578,0.23531759457024234,0.18226620729122464,0.2497106182198466,0.2495968849027409,0.21870427765339256,0.22703887765860783,0.212755526798043,0.21508770172644748,0.21853910223061346,0.2152278474056971,0.2232514065844719,0.21355073058756757,0.24983044785070138,0.2496651555036388,0.22972209331747664,0.21398518900131652,0.22197785526325634,0.22182345861993236,0.2133881731417948,0.231061550678759,0.21211063058259322,0.22933341612260247,0.2498025946148896,0.24940521358996356,0.2119794888721108,0.20646181452603185,0.22810158837942937,0.1910353332528076,0.23328217131350934,0.1923200904001432,0.2362875072222637,0.1906611198340012,0.2498243044591809,0.24996823672544322,0.2497364570126054,0.2490853365023946,0.24991471352406985,0.24978808532903726,0.24984532045928937,0.2499756568873829,0.2499840280156624,0.24996430019511398,0.24998192248819093
0.24880337996515622,0.24846623090474565,0.2478883549943634,0.24877029206969253,0.248565958308751,0.24868741459345828,0.2488159651257847,0.24880940872323393,0.2487529427765417,0.24880774995702165,0.24999999999999994,0.2145004122376834,0.1944561302072261,0.22942257501499055,0.17433591531603077,0.23382178256876457,0.17684472932671966,0.23421075101968739,0.18141316351695613,0.24853847697083484,0.24842529601788071,0.21768492431966413,0.22597452243030208,0.21175903141496383,0.21407791985368438,0.2175141485791091,0.21421753356836098,0.22220385034429557,0.212548284732053,0.24865773835093533,0.24849322186486836,0.22864378031103139,0.21298049926432494,0.22093590183898487,0.2207821610067853,0.21238653651718595,0.22997697406981177,0.21111498688937871,0.22825691505205475,0.2486300159603991,0.24823450022124843,0.2109844580869082,0.20549267589777429,0.22703087682228856,0.19013860781706401,0.23218713993854775,0.19141733574250852,0.23517836872120707,0.189766152487745,0.24865162389077927,0.248794880536088,0.24856418880212364,0.24791612465522275,0.2487416085737539,0.2486155747735461,0.2486725412415435,0.24880226586763643,0.24881059770165695,0.2487909624839164,0.24880850205757593
0.21567060993423806,0.21537804272650088,0.2147772607610119,0.2156417375105861,0.2154524291586631,0.21557068629222315,0.2156814514163286,0.2156758391774178,0.21562696928127328,0.2156743973628568,0.2145004122376834,0.25000000000000006,0.16116850643282143,0.19892644499194212,0.1510435125343665,0.20278995505738986,0.15262869195530687,0.20343904927314416,0.15685765218248307,0.21543955532447442,0.21533766893825568,0.18446853364888474,0.1955011787436,0.18415462622638926,0.18548854757677594,0.1884801892667051,0.18569445866541695,0.1927125197383426,0.18426127820868526,0.21554439008695378,0.2154017583425973,0.19819585785058488,0.18466773597662242,0.191511631445758,0.19139202770015096,0.1841023205209289,0.19934672499475445,0.18300061790731711,0.19786056184828332,0.21552033132656273,0.21517748935619246,0.18288759143726027,0.17812780009581433,0.19679738072380015,0.16481827322313108,0.20126699716418472,0.16592655429633302,0.20386002954811985,0.164495285812427,0.21553906303506587,0.21566324236129467,0.21546327149684505,0.2149015099166035,0.21561706454565496,0.21550781461900023,0.2155571948070471,0.21566964420043078,0.21567686649567913,0.21565984607070873,0.21567504992535275
0.19537026517131392,0.19510431613653306,0.19446496542067535,0.19534379341520053,0.19515758989409937,0.19528038540961343,0.19538005122740953,0.19537501371951133,0.19533083290336273,0.19537369628516082,0.1944561302072261,0.16116850643282143,0.2499999999999998,0.17592843945300982,0.13454401190405912,0.18422584182705593,0.1380252455832275,0.18403199733419545,0.14229320059260447,0.19516241178538735,0.19507449248708342,0.1710663749593733,0.1776027303871699,0.16543666928706272,0.1682060793569071,0.1704393324504018,0.16822414227675545,0.17446068377879173,0.16689691981442598,0.19525591904554412,0.19512673020253135,0.17953973164557913,0.16732303342103574,0.1734851700629721,0.17338285995007682,0.16677230487947542,0.1805853679048804,0.1657738727034053,0.17923568302199783,0.19523413156432284,0.19492356302055103,0.16567185047950558,0.16136141582504251,0.17827277535616787,0.14930451397553224,0.18232237735749057,0.15030845042679622,0.18467134386352047,0.1490118945581281,0.19525110032262483,0.19536359108308585,0.19518244279947256,0.19467355934265201,0.19532175982898112,0.19522279330821232,0.19526752541899053,0.19536939033844636,0.19537593282379684,0.1953605144758505,0.1953742872410887
0.23050538110427823,0.23019635901106517,0.22972452195460774,0.23047495890597772,0.2303048846372781,0.23040026488042856,0.23051706677844783,0.23051094736212863,0.23045879329973856,0.2305094338106854,0.22942257501499055,0.19892644499194212,0.17592843945300982,0.2499999999999998,0.15581350284778642,0.21730954204364222,0.16437304183626505,0.2172707929271256,0.16778319519753915,0.2302591301408126,0.2301549975681991,0.2016609419708489,0.20952132216474334,0.19332318862617237,0.19851513754360603,0.2016449425115121,0.19845725646729512,0.20564358586987644,0.19689004992831757,0.23037051294716876,0.23021805533110273,0.2118343981424019,0.1975191006154288,0.20470027255719192,0.20455121517780123,0.19677152784512417,0.21307342506601817,0.19558469994966501,0.21147329172754226,0.23034476295051137,0.22997834691620286,0.19546362420682398,0.1903801651235914,0.2103304341694838,0.17615464036179979,0.21511088202264755,0.17733961685598246,0.21788234255088965,0.17580996963444565,0.23036478572917116,0.23049750675733852,0.23028378101903177,0.2296833832396423,0.2304481526288523,0.2303313882964001,0.23038416477449447,0.23050434894071475,0.23051206801947646,0.23049387686409462,0.23051012649746985
0.17513941050161924,0.17489110207204872,0.17438473958258568,0.17511471443424442,0.17490008996094836,0.17505364523422245,0.17514842156000934,0.17514369586637513,0.17510528550904697,0.17514246497769026,0.17433591531603077,0.1510435125343665,0.13454401190405912,0.15581350284778642,0.24999999999999986,0.16017681338712483,0.12035363315046221,0.16557648031256572,0.1271526397092772,0.1749524264075782,0.1748720308981804,0.15235702344425034,0.15912374964002662,0.14749918613290827,0.15096600921234987,0.15090527340492857,0.15093549702870732,0.1563148276154334,0.1496085338189781,0.17503692508245214,0.17492113715316035,0.16094842343052804,0.15010413610840062,0.15551990417170322,0.15545439054638968,0.1494977830151765,0.1618924929333911,0.14860363656189982,0.16067672611355815,0.17501737090263195,0.17473897184532639,0.14851359163346575,0.14465268831394998,0.15981055629402932,0.1338438778969842,0.163442469232282,0.1347438018819105,0.16554828340360206,0.13358149404748848,0.17503258528923582,0.1751334275242432,0.17497103738990102,0.17451485288768329,0.17509592795295528,0.1750072097361474,0.175047309562626,0.1751386262560841,0.1751444912610369,0.1751306695073283,0.17514301608063945
0.23492337638127192,0.23460705183682937,0.23410674747379662,0.23489234295511482,0.23471347341716584,0.23481492762019548,0.23493527015385404,0.23492905688863835,0.23487575923314838,0.23492750517525016,0.23382178256876457,0.20278995505738986,0.18422584182705593,0.21730954204364222,0.16017681338712483,0.24999999999999994,0.16264906624032774,0.2216275931868496,0.17107314940750168,0.23467266197602857,0.23456578696890176,0.2057192023817031,0.21341972142479151,0.19982441517939728,0.20220679471740458,0.2035305707170915,0.20231127418958547,0.209682130002961,0.20067688638324746,0.23478587170424045,0.23463054438032763,0.21589161482258176,0.20117794944370074,0.20861792482027622,0.2084770041939347,0.20053941725045407,0.21717240632030568,0.19933627580754085,0.2155277996666836,0.23475968094316255,0.2343862342213255,0.1992121758748259,0.1940285174600578,0.21436401681211983,0.17953075446809832,0.21923405100137225,0.1807386654360916,0.22205837290910582,0.1791796210945488,0.2347800861696052,0.23491535111017234,0.23469752898467147,0.234085618598306,0.23486505103282476,0.23474604811302086,0.23479983674140095,0.2349223244301236,0.23493019146163224,0.23491165164076414,0.23492821272732717
0.17767077253531582,0.17742921239434106,0.17707991436453832,0.17764717942699917,0.17750572293955108,0.177586990802362,0.17767981296764637,0.17767508320037073,0.1776345343976738,0.17767389131082578,0.17684472932671966,0.15262869195530687,0.1380252455832275,0.16437304183626505,0.12035363315046221,0.16264906624032774,0.2499999999999999,0.16307307837870472,0.12670648752794136,0.17748252714001672,0.17739986005789993,0.15511874478749627,0.16151948758745183,0.15110794950065848,0.1530397480605184,0.1530801894061217,0.15311126502912645,0.1574457942050332,0.1518213078138969,0.17756677810751315,0.1774494500720656,0.16327133497639573,0.15205870945017746,0.15777848824243212,0.15773941097857763,0.15164798066218899,0.16422381218929125,0.15074736698980531,0.1630246346362363,0.17754695886159938,0.17726455212535056,0.1506569567638128,0.1467440215411447,0.16212051304396535,0.13577900126152245,0.16580578085796666,0.13669161341041752,0.16794089244793517,0.1355122001719421,0.1775624029728059,0.17766470308349533,0.17749996585777156,0.17703719061062742,0.17762666151544476,0.17753665999298263,0.17757734031030392,0.17766997692481343,0.177675926729042,0.17766190518277428,0.17767443022725468
0.2353134609589537,0.2349953277649472,0.2344572448510274,0.23528223724170344,0.235093228003495,0.23520419108457646,0.23532535918252095,0.2353191582508649,0.23526574527813657,0.23531759457024234,0.23421075101968739,0.20343904927314416,0.18403199733419545,0.2172707929271256,0.16557648031256572,0.2216275931868496,0.16307307837870472,0.24999999999999994,0.1677006697127795,0.23506090700712684,0.23495614768188983,0.20559417966022794,0.2142025176829221,0.1996972696341079,0.20300626394781754,0.20571604499684618,0.20247781198509535,0.2086186280562416,0.20085391428123633,0.2351756872298112,0.23502031915019264,0.21624192507043952,0.20107228627065987,0.20900535711385046,0.2087002685087424,0.20087690183561605,0.21751981557316408,0.19966520280058633,0.21591606344804007,0.2351495045802133,0.23477542286218867,0.19954084212016213,0.19435028117018746,0.21471759477700733,0.1798295012303353,0.219601387247292,0.18103954373896847,0.2224269637600466,0.1794771370866699,0.23516993225658764,0.2353054223620747,0.23508723854828573,0.23447431858250187,0.2352550387626416,0.2351358365605176,0.23518971604571093,0.23531240722152472,0.23532028735559105,0.2353017167199133,0.23531830533564546
0.18226300766001405,0.18201515195336604,0.1815793857900473,0.1822386764969688,0.18208603019177713,0.1821776209886559,0.1822722284185207,0.18226743055887631,0.18222594981097145,0.18226620729122464,0.18141316351695613,0.15685765218248307,0.14229320059260447,0.16778319519753915,0.1271526397092772,0.17107314940750168,0.12670648752794136,0.1677006697127795,0.25000000000000017,0.18200724402563337,0.1819853560915492,0.1597324190223524,0.1656457126102034,0.15530441885732238,0.1568441360593432,0.15857546332253306,0.15693897894405898,0.1615657186092535,0.15573936225804283,0.18215631347914288,0.1820359216875192,0.16749131945167814,0.1559011117824935,0.16185660984519037,0.16177994999859338,0.155573225342601,0.16846229188218823,0.1546478697913845,0.1672356124716767,0.18213599744437306,0.18184628055637028,0.15455407684797215,0.15053640104756957,0.16631246421505833,0.13928839317742092,0.17009150887644078,0.14022466571534808,0.17228173909693306,0.13901478335653905,0.18215183713608188,0.18225678133179468,0.18208778616278362,0.18161304626852112,0.18221775650791275,0.18212542858406278,0.18216716053385124,0.1822621914896083,0.18226829507356726,0.18225391111239228,0.1822667598918777
0.24970623237982945,0.2493678567624545,0.24878973010869476,0.24967302635373595,0.24946816120237217,0.249589834235444,0.2497188646996643,0.24971228304631995,0.24965560903059475,0.2497106182198466,0.24853847697083484,0.21543955532447442,0.19516241178538735,0.2302591301408126,0.1749524264075782,0.23467266197602857,0.17748252714001672,0.23506090700712684,0.18200724402563337,0.24999999999999986,0.24932674098642385,0.21845590443792093,0.22679168298738378,0.21252494822443568,0.21485431938153993,0.21830299771526612,0.21499470647436938,0.22301107318870503,0.21331945035822017,0.24956006258949198,0.24939494860839426,0.22947346115555603,0.21375437263225086,0.22173751812681003,0.2215832903056443,0.2131572302124558,0.23081139897061156,0.21188107657732172,0.22908513157300756,0.24953223929118598,0.2491352883201751,0.21175008322949856,0.20623836792512637,0.22785472399728846,0.19082858206638856,0.2330296924521398,0.19211194640472312,0.23603177955383825,0.190454772016039,0.2495539256178685,0.24969770210821376,0.24946617324499076,0.24881575742288606,0.24964423683371542,0.2495177456885933,0.2495749188716908,0.24970511423958297,0.24971347630789908,0.24969376983833586,0.24971137305918936
0.24959250106226513,0.2492542787178708,0.24867638799291314,0.24955931009300986,0.24935453447311678,0.24947615538278517,0.24960512760890172,0.2495985489780582,0.24954190063856416,0.2495968849027409,0.24842529601788071,0.21533766893825568,0.19507449248708342,0.2301549975681991,0.1748720308981804,0.23456578696890176,0.17739986005789993,0.23495614768188983,0.1819853560915492,0.24932674098642385,0.24999999999999947,0.2183197272511402,0.2266861068898752,0.212428163772723,0.2147562585199757,0.21820390998994116,0.21489667519494218,0.22290946362064037,0.21322249762587264,0.2494463977916897,0.24928135910656365,0.2293689969956358,0.21365629481046716,0.22163665074144134,0.22148257387915715,0.21306015150836566,0.23070637134670308,0.2117845712099845,0.22898087398631348,0.2494185871903096,0.24902181703064422,0.21165362855539793,0.2061444300596468,0.22775093792861517,0.19074166279832394,0.23292355753830235,0.192024446961122,0.23592427596058316,0.1903680272677104,0.24944026366860558,0.24958397467585106,0.2493525512648723,0.24870243167960326,0.24953053375267176,0.2494041002168899,0.24946124736203576,0.24959138343121598,0.24959974169101196,0.24958004419694674,0.24959763940024893
0.21870043646203963,0.21840427851417488,0.218053149618042,0.2186715478160207,0.21851011613524554,0.21859780612649388,0.2187116224035618,0.21870573559257192,0.2186558927052927,0.21870427765339256,0.21768492431966413,0.18446853364888474,0.1710663749593733,0.2016609419708489,0.15235702344425034,0.2057192023817031,0.15511874478749627,0.20559417966022794,0.1597324190223524,0.21845590443792093,0.2183197272511402,0.24999999999999972,0.19580695155895128,0.18538182471620226,0.18822378302645595,0.19097944640687411,0.1882928155954073,0.19520543388146724,0.18680551431320785,0.2185723648212328,0.21842768186500514,0.20100296075379132,0.18675811245162313,0.19423196130053338,0.19410454536452276,0.1866866467498259,0.20218060909913013,0.18557819432134212,0.20064643749111083,0.21854804804351893,0.21820036273383442,0.18546415407351916,0.18062712921421262,0.19956328463756506,0.16713181020500198,0.20409439376208566,0.16825755735612413,0.20672394863339888,0.16680615759435916,0.21856704115769987,0.21869296538647248,0.21849018525167557,0.21792052136267864,0.2186461388465612,0.21853535311262434,0.21858542804067854,0.21869945715611566,0.21870678091814427,0.21868952137696532,0.21870493882791525
0.2270348900611221,0.22672721099240165,0.22620186838324507,0.22700470128593037,0.22681841067610847,0.2269290207885656,0.2270463752456552,0.22704039142980725,0.22698885934125868,0.22703887765860783,0.22597452243030208,0.1955011787436,0.1776027303871699,0.20952132216474334,0.15912374964002662,0.21341972142479151,0.16151948758745183,0.2142025176829221,0.1656457126102034,0.22679168298738378,0.2266861068898752,0.19580695155895128,0.24999999999999972,0.1898680072951538,0.19506114673756306,0.19846916171294546,0.1957754898103395,0.20222838477961405,0.1941606976918223,0.22690100994778975,0.22675036055409786,0.2085745095266941,0.1910984313085714,0.20140246520225397,0.20192370106417737,0.19368959081241177,0.20994627008538214,0.19272253048959367,0.20833512186170772,0.2268767101448189,0.22651565010104513,0.19259587301680836,0.18750648360027658,0.20724225043887096,0.173505002437685,0.21187587728752724,0.1746711748738402,0.21460247731575097,0.17316300132737525,0.22689641021403473,0.2270271342700773,0.22681662639022712,0.22622513739993097,0.22697852321816817,0.22686350153934967,0.22691549881899184,0.2270338733819578,0.22704147629806876,0.2270235588230771,0.22703956400763173
0.21275179278260264,0.21246191146235094,0.21192922690032906,0.21272330931244837,0.21254155696083998,0.2126519473610983,0.21276254629941418,0.21275695955815047,0.21270851560754864,0.212755526798043,0.21175903141496383,0.18415462622638926,0.16543666928706272,0.19332318862617237,0.14749918613290827,0.19982441517939728,0.15110794950065848,0.1996972696341079,0.15530441885732238,0.21252494822443568,0.212428163772723,0.18538182471620226,0.1898680072951538,0.24999999999999958,0.17792638378534764,0.18628654586041965,0.18303722463771732,0.1902196380628457,0.18164254744885092,0.21262714195166554,0.21248656907559355,0.19551607176561173,0.18151217632480673,0.1890421429993226,0.1885144745765789,0.18169897102023694,0.19673254548853641,0.18054110403068413,0.19523621963287702,0.21260355946786802,0.21226529978013414,0.1803974118846943,0.17570927232405434,0.1941276213890212,0.1625817871379888,0.19854674525889454,0.1636809214438556,0.2011009342871289,0.16226900668384087,0.2126220249628098,0.21274452491998005,0.21254726039687785,0.2119930908219549,0.21269897206021443,0.21259119797216433,0.2126399125673915,0.21275084006466352,0.2127579646697394,0.2127411745626749,0.21275617268429564
0.2150839237787463,0.2147925854411483,0.21429653736000967,0.21505533537996543,0.21487923079852841,0.21498372059649357,0.21509480441198775,0.21508913454697254,0.21504033614585136,0.21508770172644748,0.21407791985368438,0.18548854757677594,0.1682060793569071,0.19851513754360603,0.15096600921234987,0.20220679471740458,0.1530397480605184,0.20300626394781754,0.1568441360593432,0.21485431938153993,0.2147562585199757,0.18822378302645595,0.19506114673756306,0.17792638378534764,0.24999999999999953,0.18371852473814707,0.18658013909111956,0.1912506556022406,0.18444926579640641,0.2149583241927871,0.21481924124218402,0.19721418346406028,0.18451054052491841,0.1904803991338367,0.18702810857345406,0.1833923915222357,0.19804282488420535,0.18261048890627543,0.19696501503494987,0.2149344863811556,0.21459153064860678,0.18270906960461533,0.177613682034901,0.19640874848868925,0.16439480352420874,0.20075565709831858,0.16548989195710911,0.20330730064342623,0.16404904119914498,0.21495273458551523,0.21507657624719628,0.21487714936403574,0.21431671909990904,0.21503052404988274,0.21492154874477756,0.2149708179165144,0.2150829609510494,0.21509016332054634,0.21507318865459601,0.21508835169180615
0.21853526497345388,0.21823865638853815,0.21770993164871424,0.21850613348767978,0.21832377979591794,0.21843325845607858,0.21854630752258317,0.21854056405459985,0.21849089073247718,0.21853910223061346,0.2175141485791091,0.1884801892667051,0.1704393324504018,0.2016449425115121,0.15090527340492857,0.2035305707170915,0.1530801894061217,0.20571604499684618,0.15857546332253306,0.21830299771526612,0.21820390998994116,0.19097944640687411,0.19846916171294546,0.18628654586041965,0.18371852473814707,0.2499999999999996,0.18380493026218978,0.19517889016405768,0.1866818423316119,0.21840760420149818,0.21826194803491472,0.20086527792417,0.1867402057734282,0.1941128753045354,0.193930039346697,0.1866863550659299,0.20201016996007326,0.18551398270552752,0.20053790816921802,0.21838298802134573,0.21803553000719123,0.18533474171219455,0.18048788154917453,0.19943528432020133,0.16700345468494204,0.2039412002008768,0.1681289106919566,0.2065695170467627,0.16668027408011368,0.2184019712624084,0.21852779954024706,0.21832517255339878,0.21775589605451443,0.21848100836568918,0.21837030376913508,0.21842034384932893,0.21853428642038297,0.2185416046379675,0.21852435815221158,0.21853976393895921
0.2152240671684603,0.2149324329367391,0.21443397986302906,0.21519544787644532,0.21501893178614567,0.21512375104623352,0.2152349547785519,0.21522928220024595,0.21518043640023884,0.2152278474056971,0.21421753356836098,0.18569445866541695,0.16822414227675545,0.19845725646729512,0.15093549702870732,0.20231127418958547,0.15311126502912645,0.20247781198509535,0.15693897894405898,0.21499470647436938,0.21489667519494218,0.1882928155954073,0.1957754898103395,0.18303722463771732,0.18658013909111956,0.18380493026218978,0.2499999999999994,0.18854110212551323,0.18431315265261297,0.2150979591178926,0.21496336387748666,0.19758485380386845,0.18406282476372282,0.19161304741306273,0.18983088360433267,0.18334787987259393,0.1963845701337951,0.18228826572940363,0.19702137530140032,0.21507429837098768,0.2147327857294531,0.18249730168580044,0.17790191181505413,0.19647783539133143,0.1646050893014831,0.2008810176346072,0.16560066551352337,0.20343823072647504,0.16416047048187835,0.2150928155312108,0.21521671485116925,0.21501715802746138,0.21445714763196913,0.21517063264376296,0.21506165997183177,0.21511088631700215,0.2152231036646757,0.21523031077580626,0.21521332423382583,0.21522849796663962
0.22324748581055037,0.22294480468118988,0.22242297760954163,0.22321777930751724,0.2230340089074033,0.22314335080093387,0.22325877729311622,0.2232528966447643,0.22320219688993997,0.2232514065844719,0.22220385034429557,0.1927125197383426,0.17446068377879173,0.20564358586987644,0.1563148276154334,0.209682130002961,0.1574457942050332,0.2086186280562416,0.1615657186092535,0.22301107318870503,0.22290946362064037,0.19520543388146724,0.20222838477961405,0.1902196380628457,0.1912506556022406,0.19517889016405768,0.18854110212551323,0.2499999999999995,0.18691490892621063,0.22311947758281406,0.2229657059987155,0.20534335569397102,0.19125227783339196,0.19843864911997838,0.1986011723010941,0.1907248730675327,0.20651939280531204,0.1895800653925842,0.20478659972369523,0.22309232517028807,0.22273688507675216,0.18933529929388218,0.1843647340400046,0.20368771850170023,0.17059462227810285,0.2083466813987841,0.17175605136507877,0.2110239676733414,0.17027411883487403,0.22311131944528217,0.22323985940219696,0.22303286321938556,0.22245134286970475,0.22319205928088934,0.2230789689464063,0.22313008743122636,0.22324648634487787,0.223253962175654,0.22323634379333632,0.22325208178611514
0.2135469798577925,0.2132575913282849,0.2127622175877116,0.2135185801912626,0.2133432793787041,0.2134474346670959,0.21355778232999278,0.21355215445216222,0.2135036861941097,0.21355073058756757,0.212548284732053,0.18426127820868526,0.16689691981442598,0.19689004992831757,0.1496085338189781,0.20067688638324746,0.1518213078138969,0.20085391428123633,0.15573936225804283,0.21331945035822017,0.21322249762587264,0.18680551431320785,0.1941606976918223,0.18164254744885092,0.18444926579640641,0.1866818423316119,0.18431315265261297,0.18691490892621063,0.24999999999999964,0.21340577323057588,0.21328876809943942,0.1965092816096516,0.18217010650351204,0.19012318590344066,0.18858119244330918,0.18251671530019342,0.19676528118543957,0.1809845120958146,0.1930139898959836,0.2134000045379226,0.2130595040203752,0.18086874953361065,0.17644691705129018,0.19471880251818732,0.1632087622740465,0.19924928568684555,0.16428158922925995,0.20184139014945748,0.16287364424252088,0.21341679817451673,0.21353968483367522,0.21334168299760575,0.21278592313136702,0.21349396170870108,0.21338601336896437,0.2134346865824098,0.21354602631716307,0.2135531748131401,0.21353632433831113,0.2135513761299287
0.24982605990475584,0.24948752279375802,0.2489091259850878,0.24979283800527152,0.24958787627067383,0.24970960651134227,0.2498386982843683,0.24983211346847328,0.24977541238219375,0.24983044785070138,0.24865773835093533,0.21554439008695378,0.19525591904554412,0.23037051294716876,0.17503692508245214,0.23478587170424045,0.17756677810751315,0.2351756872298112,0.18215631347914288,0.24956006258949198,0.2494463977916897,0.2185723648212328,0.22690100994778975,0.21262714195166554,0.2149583241927871,0.21840760420149818,0.2150979591178926,0.22311947758281406,0.21340577323057588,0.2499999999999994,0.24951462574083633,0.2295829641788002,0.2138666767389292,0.2218433927037308,0.22168697635645,0.21325967192057385,0.23092041679374967,0.2119831611776844,0.22919669249553964,0.2496519830437557,0.24925484136020748,0.21185202972065753,0.20633734309998206,0.22796440451743086,0.19092022212040974,0.23314160052135544,0.19220415599262503,0.23614505650683676,0.19054617051916095,0.24967368003999024,0.24981752553968264,0.2495858855717933,0.24893515732102967,0.24976403460859145,0.2496374826498416,0.2496946833821942,0.2498249412269314,0.2498333073089977,0.24981359138054762,0.24983120305099366
0.24966077046083887,0.24932245732596298,0.2487444423992976,0.24962757054030726,0.24942274426754316,0.24954439411458598,0.24967340047813094,0.24966682001940826,0.24961015645064633,0.2496651555036388,0.24849322186486836,0.2154017583425973,0.19512673020253135,0.23021805533110273,0.17492113715316035,0.23463054438032763,0.1774494500720656,0.23502031915019264,0.1820359216875192,0.24939494860839426,0.24928135910656365,0.21842768186500514,0.22675036055409786,0.21248656907559355,0.21481924124218402,0.21826194803491472,0.21496336387748666,0.2229657059987155,0.21328876809943942,0.24951462574083633,0.2499999999999995,0.22941292206834177,0.21371581231078138,0.22169766217982337,0.22152885208710235,0.21311748124597601,0.23077125482316405,0.21184277511800284,0.22904549520569956,0.24948681354391922,0.24908993703326407,0.21170866215246834,0.20620131351548354,0.22781319061364352,0.1907939596938557,0.23298772868522172,0.19207708747405278,0.23598875936801522,0.1904200900151424,0.24950849141480233,0.24965224174225736,0.2494207550315828,0.24877045841681725,0.2495987862017269,0.2494723178933375,0.24952948085541443,0.249659652522811,0.24966801307006722,0.2496483101831153,0.24966591020427834
0.22971805854837585,0.229406770044489,0.22887510985368664,0.2296875108291723,0.22949906517714827,0.22961097771904593,0.22972967983564663,0.22972362487023443,0.22967148741157353,0.22972209331747664,0.22864378031103139,0.19819585785058488,0.17953973164557913,0.2118343981424019,0.16094842343052804,0.21589161482258176,0.16327133497639573,0.21624192507043952,0.16749131945167814,0.22947346115555603,0.2293689969956358,0.20100296075379132,0.2085745095266941,0.19551607176561173,0.19721418346406028,0.20086527792417,0.19758485380386845,0.20534335569397102,0.1965092816096516,0.2295829641788002,0.22941292206834177,0.24999999999999936,0.1937656747249255,0.20395432438147199,0.20431449890036804,0.19558421576686505,0.21283813911377303,0.19447331059316497,0.21081027594611668,0.22955864868964782,0.22919780541962034,0.19177596435830588,0.1899271245540248,0.20934725046595629,0.17546071730478566,0.21441642692676788,0.17675229028626005,0.21710266781161086,0.17520437436081274,0.22957792552893885,0.22971021109816717,0.22949721535834927,0.22889984548098743,0.22966102554689186,0.2295446175721368,0.22959726012881762,0.22971703095984497,0.22972472262350835,0.229706592373969,0.22972278773302962
0.21398143046325954,0.2136915569271225,0.2131950135046685,0.21395298133745277,0.21377754181987985,0.21388174710741925,0.2139922534582568,0.21398661486866843,0.2139380599468894,0.21398518900131652,0.21298049926432494,0.18466773597662242,0.16732303342103574,0.1975191006154288,0.15010413610840062,0.20117794944370074,0.15205870945017746,0.20107228627065987,0.1559011117824935,0.21375437263225086,0.21365629481046716,0.18675811245162313,0.1910984313085714,0.18151217632480673,0.18451054052491841,0.1867402057734282,0.18406282476372282,0.19125227783339196,0.18217010650351204,0.2138666767389292,0.21371581231078138,0.1937656747249255,0.24999999999999922,0.1860390617236917,0.18879384542354927,0.18325989409917953,0.19761937572918362,0.18118314067330177,0.1960491217921549,0.21383204282305726,0.21349458345950628,0.1808404091453873,0.17699541967585156,0.19533104379510838,0.16365048719434197,0.19969277967276466,0.16461569192577044,0.20225860952516367,0.16320539671647372,0.21385093218696863,0.21397412059563906,0.21377571596029216,0.21321869135865254,0.21392830445272412,0.21381992895630814,0.2138689042576081,0.21398047248586136,0.21398763802193818,0.21397075167934765,0.21398583567939072
