x1,x2,x3,x4,x5,x6,x7,x8,x9,x10,x11,x12,x13,x14,x15,x16,x17,x18,x19,x20,x21,x22,x23,x24,x25,x26,x27,x28,x29,x30,x31,x32,x33,x34,x35,x36,x37,x38,x39,x40,x41,x42,x43,x44,x45,x46,x47,x48,x49,x50,x51,x52,x53,x54,x55,x56,x57,x58,x59,x60
0.25,0.24830752787359317,-0.09224810093172535,0.24839171183387726,-0.11265754999730257,0.24826969009451275,-0.15476202886975193,0.2481678612787204,0.010260021437460451,0.24867190950779677,0.09175320103971739,-0.08492919491228472,0.08837253710626462,-0.08901366944142147,0.1176392010400797,-0.11927877496770874,0.15130980240849023,-0.14308694585279072,-0.011519109018897081,0.06379987808791444,-0.043117738631923225,0.07646696587545211,-0.07819390281047531,0.08029798385300402,-0.07128297854192323,0.08810488374772217,-0.0858953357086364,0.1318787063146512,-0.10890672572723896,0.16251885797118437,0.10133427782591163,-0.07469343773334935,0.07519706305110412,-0.06663304389133344,0.06942537787793517,-0.05680613938483941,0.061288031212318614,0.032257712420971855,-0.02129079277560629,0.0943654798004117,-0.04430353296864321,0.0632010097939072,-0.06156858037792994,0.06055265297289203,-0.029698090357732045,0.03359028186134402,0.022463199655498586,-0.032009410145617305,-0.024455276197143997,0.06379740029770103,0.24854431360038645,0.24862680438143053,0.05084882184592079,0.24816941677250232,0.02394456161234128,0.24809281486486454,-0.02847135095243596,0.24701209200880397,0.008513164159882623,0.24867261417922606
0.24830752787359317,0.25000000000000006,-0.09389380952632888,0.24935476891978806,-0.11408167796782744,0.24923055579550252,-0.15604420389105353,0.24912937126050874,0.010156457194312634,0.2496308841457579,0.09317610304481809,-0.08641059917123423,0.08985500676229606,-0.09049456910014102,0.11911078849171174,-0.12071028012396524,0.1526227291298837,-0.14430113994078902,-0.011327813487959254,0.06385765996828602,-0.04428400758239992,0.0778737473231699,-0.07960411300365569,0.081725333317619,-0.07266561870366867,0.0894795641272146,-0.08726337298770011,0.1331640268030779,-0.11003951341911267,0.16355404058548845,0.10268615850235568,-0.07608914645431032,0.0765951554976049,-0.06798743373777442,0.07079549948505813,-0.058047179028630734,0.06254869406068109,0.031672195005076696,-0.020697376263904173,0.09427425427130139,-0.04547566964679865,0.06452478320417575,-0.06288308460821791,0.06186481215162347,-0.030783873826116647,0.034656127434547414,0.02183770479149162,-0.031522673628309635,-0.024729044823793213,0.06416579199813534,0.24950329396122053,0.24958544410520905,0.05206716605069524,0.24912467627569942,0.02496400722158249,0.24904750985283108,-0.027901067146002413,0.24795882334503952,0.008618465408071173,0.24963159073498423
-0.09224810093172535,-0.09389380952632888,0.24999999999999983,-0.09383128198867637,0.20706406728660287,-0.09387710005237186,0.1639762691705074,-0.09385652302246379,-0.044264024917578144,-0.093548913664991,-0.2213040571573455,0.23832074187619587,-0.24168347557123646,0.24075787818153754,-0.21369338043384198,0.20289022200460888,-0.17054604908627852,0.15103743391818858,0.022202347036690342,-0.03713067412236657,0.19537950162587256,-0.22838244224617807,0.22944519464307656,-0.232064208149956,0.2212974098264114,-0.20833186778232457,0.20832185436236192,-0.17310804900423066,0.15272790401254893,-0.1282677445060227,-0.21111032322518858,0.2264692218483052,-0.22704326165454336,0.21791925154745692,-0.21957136954321566,0.199197324484688,-0.20039409470788772,0.10866561737677531,-0.10510753607342425,0.04043062021062281,0.19293387182233096,-0.2140158048177982,0.21259725871989762,-0.21233907849557743,0.1819246416589446,-0.17521907486694588,0.1137896040094231,-0.0917769109949941,0.03793694077343704,-0.04289269323717089,-0.09358847140097382,-0.0935043045986226,-0.19893309827060945,-0.0930508270218924,-0.17207568828942219,-0.09297519738029034,-0.10596880587375196,-0.0919104830819895,-0.013422822051837237,-0.0935493564849185
0.24839171183387726,0.24935476891978806,-0.09383128198867637,0.25000000000000006,-0.11421406676059433,0.24931497770445263,-0.15613476111411836,0.24921968989883783,0.01008963603798563,0.24971490061158988,0.09326621752110102,-0.08650533461818664,0.08995149688818109,-0.09059119177329342,0.11921779819665596,-0.12082128092192973,0.1527418462434917,-0.14444211111794458,-0.011264815678517942,0.06382647610519766,-0.04435618916844069,0.07796378231110399,-0.07969484245059383,0.08181736773290887,-0.07275322075937993,0.08957574393380957,-0.08735842353181306,0.13329820948469656,-0.11015540333308449,0.16355997037898068,0.10277264137389634,-0.07617834089419467,0.076684567535862,-0.0680724099874001,0.07088214361913273,-0.05812667473274791,0.0626307913596879,0.031640334964062884,-0.0206576675238952,0.09427444029566888,-0.04554766324187915,0.0646076764922557,-0.06296519941394112,0.061946664986487494,-0.030849224290153774,0.03472322539185646,0.02180249834041279,-0.03149661706916421,-0.024750312914597897,0.06419747244438696,0.24958729608681415,0.24966943634237854,0.05214253703547199,0.24920842289811054,0.025024871434522995,0.24913121542517622,-0.027869728316952343,0.24804194984210612,0.008628178057658694,0.24971560749225505
-0.11265754999730257,-0.11408167796782744,0.20706406728660287,-0.11421406676059433,0.24999999999999994,-0.11433899425530997,0.18629723147243318,-0.11432613760796445,-0.023668160025769457,-0.11393545165880349,-0.194694317921439,0.2104701310348893,-0.21379228172008002,0.2144315380474958,-0.23782488867000967,0.2253006301198505,-0.19328546770148555,0.16980315988753777,-0.0002569493336888041,-0.02843512187931092,0.16979838887103313,-0.20221429373874056,0.2034115371166626,-0.20592853380618112,0.19641768294658557,-0.2028514302653299,0.2013668496038215,-0.17888349515167426,0.1569161864369133,-0.14299496025868888,-0.19230080146500975,0.20039245669149433,-0.20096031163927033,0.19205067365104633,-0.19470105095646223,0.17937079073666198,-0.18304436757610787,0.09236807272120318,-0.0926005753825897,0.026296802562317784,0.16790290374542913,-0.18826516532787166,0.1868465053769645,-0.1865046980645238,0.15662981007152205,-0.15660369708350746,0.09750515482396753,-0.07753732067822278,0.03897222104060848,-0.0483546605668768,-0.11395107788638131,-0.11389155955828578,-0.17384227975443453,-0.11344629295692339,-0.1474728513499821,-0.1133719586283617,-0.09004482066506408,-0.11232396120637353,-0.015963381057631055,-0.11393589924428309
0.24826969009451275,0.24923055579550252,-0.09387710005237186,0.24931497770445263,-0.11433899425530997,0.24999999999999983,-0.15644262905408793,0.2490952396518323,0.010151621462851776,0.24959293724536477,0.09337097128877203,-0.08663250960509469,0.09007865988246605,-0.09071852255960414,0.11934611122141045,-0.12096424383778924,0.1529359719022971,-0.1445381257674889,-0.011236547119384927,0.06378527269119272,-0.04448270518265065,0.07809081382718261,-0.07982142314094141,0.08194443937331182,-0.07287976307497246,0.08971169049978306,-0.08749356153143022,0.13337248015701866,-0.11023576002798909,0.16356260970264283,0.10287149053959635,-0.07630501184382729,0.07681139102216064,-0.06819795850637134,0.07100874950416622,-0.05825461748855414,0.06276070192680466,0.03151200720709821,-0.020536681574230813,0.09415214300682306,-0.04567053265716279,0.06473276159578864,-0.06309039489724681,0.06207248742693178,-0.03097478055815821,0.03485148284518986,0.021679038819887975,-0.03138395935454908,-0.024770317729962868,0.0641892741885454,0.24946546941465722,0.24954747283246145,0.05226503118931821,0.24908645286761774,0.025146754761491173,0.24900924449988798,-0.027747996987119408,0.24791996554764598,0.008640367318503142,0.2495936444488299
-0.15476202886975193,-0.15604420389105353,0.1639762691705074,-0.15613476111411836,0.18629723147243318,-0.15644262905408793,0.2500000000000001,-0.15653542400902018,0.021930118352056806,-0.1560409935452456,-0.1557099014970742,0.1636371441300656,-0.16701791029485233,0.16763979332287784,-0.19482879605915682,0.20474333297620848,-0.2354822987585628,0.20879963444303173,-0.03915098381480667,-0.006363812885473319,0.12487524726911414,-0.1568351965093719,0.15822484978340293,-0.16063488616449967,0.16128181617160614,-0.17760959766326498,0.1754132564163291,-0.19747108964854107,0.17299295729868439,-0.18063901170978838,-0.16013267778586654,0.15776261799814384,-0.1577630531744974,0.1563530053952577,-0.15950216688001323,0.1464011988260705,-0.15127315794612142,0.058409113005753625,-0.06598894566855835,-0.00517582973850721,0.1319176080381118,-0.15183772037777007,0.15086614700787684,-0.15060111618858177,0.12010165348826306,-0.12351250918749142,0.06474394510893676,-0.04774019047388371,0.03796129432796051,-0.056662562381048776,-0.15601369521658068,-0.15599622918848247,-0.13839042775302013,-0.15554208225678387,-0.11182783257478836,-0.15546617717567465,-0.057606732793457155,-0.15439533684031378,-0.016695904389231905,-0.15604155973542985
0.2481678612787204,0.24912937126050874,-0.09385652302246379,0.24921968989883783,-0.11432613760796445,0.2490952396518323,-0.15653542400902018,0.24999999999999967,0.009718737818924975,0.24949100828976795,0.0934242665685078,-0.08669956400662536,0.09014556380126598,-0.09078543876103272,0.11941573455497032,-0.12104120990871693,0.15300206265841215,-0.14474848706777194,-0.010927909758816669,0.06351322696270781,-0.04455483735779011,0.0781594286479706,-0.07988962754593286,0.08201275070364528,-0.07295312017490921,0.08978844964579183,-0.08757031474804826,0.13357535235181436,-0.11043209957845762,0.1634272418832961,0.10291302210042673,-0.07637499596460476,0.07688106687985308,-0.0682711732663067,0.07108233066441784,-0.05833006394712527,0.06283683516266252,0.03142744835374229,-0.020434293844364463,0.09405075158464153,-0.04574389810819456,0.0648055695062082,-0.06316369449887804,0.062146470204947506,-0.03105163232848179,0.034929317417770445,0.02159905423172811,-0.031309152231354706,-0.024786686451061718,0.06418617417454571,0.24936363834260494,0.24944554698590057,0.052337727092691994,0.24898456750614037,0.025221828506204292,0.24890736603582314,-0.02766855278518162,0.24781818383764118,0.008653086121206622,0.24949171446975787
0.010260021437460451,0.010156457194312634,-0.044264024917578144,0.01008963603798563,-0.023668160025769457,0.010151621462851776,0.021930118352056806,0.009718737818924975,0.24999999999999975,0.010195468429928013,0.04917876968194985,-0.04959800738954791,0.046267060042111736,-0.04567206667919419,0.021376720446342104,-0.00998749747470585,-0.019198311937283392,0.043932343475165725,-0.21980707644829237,0.17749092534355293,-0.039659067652699165,0.046750436174566916,-0.046025744944173566,0.04630059323791089,-0.035685206216910084,0.02140166794760401,-0.022313181194369376,-0.017360500915849408,0.025355000380393716,-0.036660552438665256,0.03824386684247889,-0.043235112219772144,0.043778827188756635,-0.03602103099481964,0.035492420173210464,-0.029661868830237775,0.028055965178261255,-0.009194293692218978,0.0024530271545791394,0.0020778253203235764,-0.032773224722627496,0.03617832140931839,-0.03552740839185337,0.03525901109212468,-0.0310194207152381,0.02589430847235231,-0.013405483514735096,0.007818720645888788,0.001503225098745579,-0.001272652931312747,0.010206315809847733,0.01019144223266797,0.03340383613717844,0.010133976603958494,0.02967160839746807,0.010124525893666681,0.012422817104481187,0.009998880513375793,-0.004429740761365312,0.010196926178626862
0.24867190950779677,0.2496308841457579,-0.093548913664991,0.24971490061158988,-0.11393545165880349,0.24959293724536477,-0.1560409935452456,0.24949100828976795,0.010195468429928013,0.24999999999999972,0.09303720221333074,-0.08622837655229999,0.08967460630453349,-0.09031444145214026,0.11894536450579099,-0.12056711581580704,0.15259767566243568,-0.1442850393537527,-0.011402785463859762,0.06399038383966811,-0.04407880524630802,0.0776867678411509,-0.07941888981521501,0.081540406529473,-0.07247612073577153,0.08931150990810795,-0.08709331338338566,0.13311315061432244,-0.1099802369180745,0.16369298596152004,0.10257303879677382,-0.07590112074823833,0.07640731912044244,-0.06779545421855838,0.07060483259247699,-0.057853834035340085,0.06235826360371624,0.031913736249725835,-0.02091848307587714,0.0945416052427733,-0.045275987462656424,0.06433182176852312,-0.06268889165625537,0.06166887242253697,-0.030570932149032868,0.03445028306550533,0.02206581480408579,-0.031736833064594606,-0.024712805400278714,0.06422248711489217,0.24986734991456258,0.24994979567529868,0.05187177755042362,0.2494887801765088,0.0247543585899791,0.24941157185944374,-0.028129518491589137,0.24832229334293865,0.008607127373075793,0.24999596754670686
0.09175320103971739,0.09317610304481809,-0.2213040571573455,0.09326621752110102,-0.194694317921439,0.09337097128877203,-0.1557099014970742,0.0934242665685078,0.04917876968194985,0.09303720221333074,0.24999999999999956,-0.23024867171605468,0.22841057735703035,-0.22752273522148642,0.2011550885748183,-0.19102035039319926,0.1614449677785245,-0.14301294198212755,-0.027904225605484216,0.04146263167843091,-0.18699574460643903,0.21895753465626083,-0.21885188916055265,0.2210685265271298,-0.21041071528632166,0.1977450178704011,-0.1977560618878489,0.16513120666379125,-0.14517147141659426,0.1228309440570567,0.20172018771165748,-0.2158809786917432,0.21644970172002126,-0.20743480372635686,0.20885659072961388,-0.18917608764743676,0.1902723999373311,-0.10159334344362739,0.09830971498402215,-0.03596505961598504,-0.18340453283127384,0.20370561614220878,-0.2023177327545212,0.20204566717825512,-0.17271286861694796,0.1660390352494623,-0.10676292691588606,0.08569918306665783,-0.03593999560529883,0.04139247518225271,0.09307232222665586,0.09299426775120136,0.1891933897486383,0.09255718485788204,0.16329991581009298,0.09248428944507052,0.09926315050965918,0.09145834897584577,0.012493202040044877,0.09303768760222877
-0.08492919491228472,-0.08641059917123423,0.23832074187619587,-0.08650533461818664,0.2104701310348893,-0.08663250960509469,0.1636371441300656,-0.08669956400662536,-0.04959800738954791,-0.08622837655229999,-0.23024867171605468,0.24999999999999983,-0.24650195620170395,0.2455571706064387,-0.21724133174451454,0.20584029970362666,-0.17042386777228105,0.1504540303862731,0.025661640229760224,-0.038417331461535455,0.20508826379395073,-0.2382147594152935,0.23760208181334613,-0.23978207336517118,0.22889634666234548,-0.21460881887605965,0.21470246419198816,-0.1753625339513096,0.15481762101513089,-0.1258510177794425,-0.21703567297916931,0.2346153770581101,-0.2351972180345555,0.22597645157550356,-0.22734909843901324,0.20656354541811497,-0.2075965054175837,0.11557458465782121,-0.11127461656055612,0.046892505032520765,0.20079111211508205,-0.22204425090707713,0.22062898491962088,-0.22040516628744375,0.1899264120375331,-0.18248098582375905,0.12054999063368503,-0.0978298171162537,0.03852417086787214,-0.04183968917765981,-0.08627623676088705,-0.08618370921698171,-0.20678053553005174,-0.08572927049003404,-0.1798536667786163,-0.08565349863864,-0.11262253241987646,-0.08458707251031974,-0.013538209722606808,-0.08622883344605745
0.08837253710626462,0.08985500676229606,-0.24168347557123646,0.08995149688818109,-0.21379228172008002,0.09007865988246605,-0.16701791029485233,0.09014556380126598,0.046267060042111736,0.08967460630453349,0.22841057735703035,-0.24650195620170395,0.24999999999999975,-0.24899474927550536,0.22068354057289155,-0.20927885966822896,0.1738678735169382,-0.15389663782212548,-0.02223223635123205,0.03636193839946554,-0.20299857163160437,0.2364309858282194,-0.23750065093091682,0.24017711705414535,-0.22927527183271262,0.215507148834051,-0.21554171637528932,0.17718338556222873,-0.15653586475626016,0.12928495339133653,0.21748082593480547,-0.2345154422879011,0.23509694952711305,-0.22586838909707072,0.2275285193047231,-0.206708235290947,0.20786154553679945,-0.11494474685848569,0.11089903471868295,-0.045585880198066336,-0.20045466939637388,0.22189215567769305,-0.22046429046187233,0.22022956254053644,-0.18941980152560867,0.1823967008088422,-0.11996962922505515,0.09724344704478592,-0.03898862312505217,0.04286290447520554,0.08972024604947415,0.08962940568635049,0.2065176295075433,0.08916993890462309,0.17930027974539253,0.08909332030633162,0.11198203993867425,0.08801473081149834,0.0138550625951607,0.0896750416050602
-0.08901366944142147,-0.09049456910014102,0.24075787818153754,-0.09059119177329342,0.2144315380474958,-0.09071852255960414,0.16763979332287784,-0.09078543876103272,-0.04567206667919419,-0.09031444145214026,-0.22752273522148642,0.2455571706064387,-0.24899474927550536,0.24999999999999956,-0.22133103506852078,0.2099254097101619,-0.17451736646340732,0.15452985275709546,0.02157789698356898,-0.036005043123949955,0.20345997606743174,-0.23702326472055688,0.23815248271222947,-0.24086260941915835,0.22996421210387263,-0.2161526120163239,0.2161844106665203,-0.177796042996977,0.15710574648853046,-0.12988051786106092,-0.21813091373958068,0.23516832620483313,-0.23574929520769328,0.22652004244168344,-0.2282009119191291,0.20729930316996154,-0.20845953234688394,0.11519782507616133,-0.11115556265759367,0.045552773341806845,0.20100481611310972,-0.2225244734388391,0.2210928655603076,-0.22085705227503993,0.18991929402379212,-0.18288694223593852,0.12023322226768744,-0.09744920211792174,0.03914305890527495,-0.043090505978362094,-0.09035996812944293,-0.09026904654630072,-0.20709480940114586,-0.08980763992938072,-0.17976489911388893,-0.0897306968223433,-0.11221518045194097,-0.08864749208772404,-0.013917875653291568,-0.09031487684123315
0.1176392010400797,0.11911078849171174,-0.21369338043384198,0.11921779819665596,-0.23782488867000967,0.11934611122141045,-0.19482879605915682,0.11941573455497032,0.021376720446342104,0.11894536450579099,0.2011550885748183,-0.21724133174451454,0.22068354057289155,-0.22133103506852078,0.2499999999999996,-0.236521442651793,0.2022080995937264,-0.17880527206922628,0.0031249873193935408,0.027781362846783716,-0.17510123843250128,0.20869273920283005,-0.20993621245181107,0.21254217447134902,-0.2029290365353572,0.21122273547612078,-0.2095590983266822,0.18727892419086187,-0.16427791583638057,0.14778903075287858,0.19863489858692787,-0.20684730808141363,0.20742635533166454,-0.1983108768363636,0.20114921156761442,-0.185644985882983,0.1896707346124057,-0.09560232090246507,0.0961605620166653,-0.02718050150850559,-0.1732778099808475,0.19437337163774607,-0.19291035813509455,0.19255849989334833,-0.16158463785523916,0.1621076329881358,-0.1008986787762123,0.08024826911152509,-0.040722603662294576,0.05060075154454288,0.11896074999221744,0.1188998471446433,0.17944112382239097,0.11843819250799777,0.1521043971290114,0.11836111782859321,0.09316865058518534,0.11727436103135325,0.01689338400368977,0.11894582572002188
-0.11927877496770874,-0.12071028012396524,0.20289022200460888,-0.12082128092192973,0.2253006301198505,-0.12096424383778924,0.20474333297620848,-0.12104120990871693,-0.00998749747470585,-0.12056711581580704,-0.19102035039319926,0.20584029970362666,-0.20927885966822896,0.2099254097101619,-0.236521442651793,0.24999999999999972,-0.21414482801468956,0.1910054518765483,-0.015478623479299042,-0.019747438461650262,0.16657107032491117,-0.19926085606106267,0.20052675221934127,-0.20311649338047055,0.20163320882253122,-0.21805564084830778,0.21577780147929254,-0.19621218797759987,0.172578331932394,-0.15581395011856883,-0.19115628167029938,0.19959871417710334,-0.1997292227262026,0.19652343225827362,-0.1998537414259047,0.18630306591019172,-0.1914282469284859,0.09713268452757555,-0.09895728973565215,0.028954639968698268,0.17110412533193745,-0.191974499205837,0.1909249360227877,-0.19078637804923965,0.15984594897894358,-0.16312391785120992,0.10220543683419969,-0.08165155190379397,0.042888581215583046,-0.05294688245704976,-0.12058099074386097,-0.12052161501416808,-0.17747837355478258,-0.12006019643814082,-0.15037192797517257,-0.11998314180549839,-0.0944714483829388,-0.11889604823582771,-0.019058735790194067,-0.12056760056395864
0.15130980240849023,0.1526227291298837,-0.17054604908627852,0.1527418462434917,-0.19328546770148555,0.1529359719022971,-0.2354822987585628,0.15300206265841215,-0.019198311937283392,0.15259767566243568,0.1614449677785245,-0.17042386777228105,0.1738678735169382,-0.17451736646340732,0.2022080995937264,-0.21414482801468956,0.24999999999999972,-0.21929764480412287,0.044606390165516395,0.0014656507199649492,-0.13189391895880132,0.164247527976385,-0.16563831944422597,0.16810646124827067,-0.16945214153809485,0.18634522195745531,-0.18409220679294785,0.20710524305542824,-0.18211026231702612,0.18253408888957381,0.16615912610002853,-0.1653790856529023,0.16534295668868718,-0.16440850669174117,0.16764946904583822,-0.1543987486449409,0.15941773510887006,-0.06518150930163956,0.07299986445846528,-0.0007032531730151419,-0.1394599661498908,0.15974885403087177,-0.15880757470896237,0.1585886990833973,-0.12764283814190475,0.1311924652117075,-0.07136554013329421,0.05364265582172579,-0.03957084427184943,0.057276179150620755,0.15257626158985074,0.15255220665018848,0.1460298825013559,0.15209125541315313,0.11908049231195317,0.15201422176347898,0.0640453831277207,0.1509274123834786,0.017633211859535123,0.1525982088257724
-0.14308694585279072,-0.14430113994078902,0.15103743391818858,-0.14444211111794458,0.16980315988753777,-0.1445381257674889,0.20879963444303173,-0.14474848706777194,0.043932343475165725,-0.1442850393537527,-0.14301294198212755,0.1504540303862731,-0.15389663782212548,0.15452985275709546,-0.17880527206922628,0.1910054518765483,-0.21929764480412287,0.24999999999999975,-0.07334245968085812,0.024656330327234823,0.11632469406548825,-0.14574745679308732,0.1471273458377316,-0.14945346064065398,0.1601504682786798,-0.17698838179013826,0.17482088236704635,-0.21879106856171046,0.19478196388416782,-0.18986764624387478,-0.14953524584745,0.1495304573829235,-0.14895254153478096,0.15529038794804922,-0.15844352030530448,0.1461196837782997,-0.15098824529428415,0.06220440893896011,-0.07280256022832426,0.003084068233470538,0.1311901619232592,-0.15013241624068097,0.1497486957260768,-0.1498069033222125,0.12056052087912988,-0.12420326613928409,0.06781292606717639,-0.05129358970013058,0.038973468728554665,-0.05597010211325777,-0.1442644846471869,-0.14424186639392844,-0.137676942389479,-0.14380567540392994,-0.11245614053303225,-0.14373277017426317,-0.06087678416520034,-0.1427038074417606,-0.018157020201305874,-0.14428541459122282
-0.011519109018897081,-0.011327813487959254,0.022202347036690342,-0.011264815678517942,-0.0002569493336888041,-0.011236547119384927,-0.03915098381480667,-0.010927909758816669,-0.21980707644829237,-0.011402785463859762,-0.027904225605484216,0.025661640229760224,-0.02223223635123205,0.02157789698356898,0.0031249873193935408,-0.015478623479299042,0.044606390165516395,-0.07334245968085812,0.24999999999999986,-0.1970829155361808,0.018555971717913126,-0.023491177695022843,0.02273328436056456,-0.02282671165558407,0.012055898058460801,0.003833874584605537,-0.002733641810897118,0.04470969682293298,-0.05088637234664995,0.053275481728537036,-0.018169376293368802,0.01991336930844521,-0.020451968292915134,0.012775867426431203,-0.011967745915042965,0.007034209655414189,-0.004954508239199427,-0.007600355216512643,0.015039074787188609,-0.014362991161643796,0.011503732344752,-0.013312656151587018,0.012708396632762667,-0.012390093135107754,0.010311509298245956,-0.00486369753304184,-0.0031957635721407657,0.006667887872345863,-0.006383688467857659,0.004752552704854743,-0.011401811481622368,-0.011401672706461459,-0.01171230540024979,-0.011376858091405753,-0.009905120826538603,-0.011372850798111197,0.0035043891947882013,-0.011324331890969909,0.007024379099789362,-0.011403907711553385
0.06379987808791444,0.06385765996828602,-0.03713067412236657,0.06382647610519766,-0.02843512187931092,0.06378527269119272,-0.006363812885473319,0.06351322696270781,0.17749092534355293,0.06399038383966811,0.04146263167843091,-0.038417331461535455,0.03636193839946554,-0.036005043123949955,0.027781362846783716,-0.019747438461650262,0.0014656507199649492,0.024656330327234823,-0.1970829155361808,0.24999999999999978,-0.02215667257954596,0.033686837886834034,-0.03343568102713908,0.03407329919418655,-0.023514940811541516,0.013791117880773768,-0.013936169875987356,-0.014315993570808538,0.028859473099959333,-0.022207544194232653,0.03540721657637352,-0.030435011876111147,0.03096813630651392,-0.023053318927373615,0.02300872091988282,-0.016203280881483338,0.015325510512058497,0.018341967277199014,-0.02294368277197534,0.03650598464156505,-0.017292369694299422,0.02277897006336334,-0.02194882543310879,0.021470187035284225,-0.013292931341693806,0.009570964745400628,0.01070046415576357,-0.016678650594173436,0.002421191273046686,0.007866905074736174,0.06396052672052029,0.06398049211768636,0.01886176625206744,0.0638687115162559,0.011874114331693377,0.06385009514483492,-0.012094544399261994,0.06359882986256205,-0.005799682209614767,0.06399138848069089
-0.043117738631923225,-0.04428400758239992,0.19537950162587256,-0.04435618916844069,0.16979838887103313,-0.04448270518265065,0.12487524726911414,-0.04455483735779011,-0.039659067652699165,-0.04407880524630802,-0.18699574460643903,0.20508826379395073,-0.20299857163160437,0.20345997606743174,-0.17510123843250128,0.16657107032491117,-0.13189391895880132,0.11632469406548825,0.018555971717913126,-0.02215667257954596,0.24999999999999986,-0.21636446066298692,0.21462543471395826,-0.21214679144867232,0.20376961152427037,-0.18690460838958803,0.18758836218579372,-0.14308739262346026,0.1258277638319564,-0.09077679973726001,-0.19145179749416633,0.21287948827330463,-0.2133355312815313,0.20610690444541802,-0.2043070518948392,0.18615050276177725,-0.18609021180996063,0.1114631195061924,-0.10540247415956855,0.05599874303973098,0.1854437916836279,-0.20286722940261542,0.20178279574685043,-0.2017273686684467,0.17737897482996878,-0.16663899428773085,0.11541876368511891,-0.09487944793926661,0.030695186301053407,-0.028171099359993425,-0.0441439349476302,-0.04404322681027158,-0.1901890962983764,-0.04368061844550501,-0.16869727311065916,-0.043620238879964884,-0.10881759147632,-0.04277279908184382,-0.00946547580397104,-0.044079113246192486
0.07646696587545211,0.0778737473231699,-0.22838244224617807,0.07796378231110399,-0.20221429373874056,0.07809081382718261,-0.1568351965093719,0.0781594286479706,0.046750436174566916,0.0776867678411509,0.21895753465626083,-0.2382147594152935,0.2364309858282194,-0.23702326472055688,0.20869273920283005,-0.19926085606106267,0.164247527976385,-0.14574745679308732,-0.023491177695022843,0.033686837886834034,-0.21636446066298692,0.24999999999999994,-0.24781471467550162,0.2453894603533087,-0.2347244419028838,0.21793299944370734,-0.21843507124571324,0.17429039869138532,-0.15436130977011103,0.12146519323806272,0.224203928734589,-0.24476200625702027,0.24534518403037708,-0.23608417735716714,0.23492725825716443,-0.2132874655167599,0.21378023297258647,-0.12147697302912698,0.11605240335831847,-0.05235993588044614,-0.21060612186603556,0.2321067698497077,-0.2306962939618006,0.2305076856308649,-0.19986983567946068,0.18890977007684062,-0.12631074017985516,0.1028668878761542,-0.037777677684290065,0.03939665680733281,0.07774420245898431,0.07764187278286969,0.21661327016456286,0.07718494402597181,0.18954451166374195,0.07710879031213505,0.1182561668447056,0.07603766577818785,0.012238080986470182,0.07768719894677521
-0.07819390281047531,-0.07960411300365569,0.22944519464307656,-0.07969484245059383,0.2034115371166626,-0.07982142314094141,0.15822484978340293,-0.07988962754593286,-0.046025744944173566,-0.07941888981521501,-0.21885188916055265,0.23760208181334613,-0.23750065093091682,0.23815248271222947,-0.20993621245181107,0.20052675221934127,-0.16563831944422597,0.1471273458377316,0.02273328436056456,-0.03343568102713908,0.21462543471395826,-0.24781471467550162,0.2499999999999999,-0.24681972578244452,0.23617197703604834,-0.21936298802209614,0.2198596258420725,-0.17570295750402598,0.15569437197647823,-0.1229679910047075,-0.22572862181710268,0.2462664560066847,-0.24684851009994777,0.2375818682260294,-0.23639504742973627,0.21457030788641798,-0.2150834191074799,0.12192645126845751,-0.11652215586435469,0.052107109300204776,0.2118529530992432,-0.2335571113739395,0.232136705308887,-0.231944354740871,0.20098555143031846,-0.18994050557830702,0.12678659297162823,-0.10321506356139079,0.03811569855096553,-0.039954097493761144,-0.07947588512261441,-0.07937350491794014,-0.21792831832467505,-0.07891170935504904,-0.1905774902769601,-0.07883474071793088,-0.11865791031953017,-0.07775203731119885,-0.012355503031194854,-0.07941931876894084
0.08029798385300402,0.081725333317619,-0.232064208149956,0.08181736773290887,-0.20592853380618112,0.08194443937331182,-0.16063488616449967,0.08201275070364528,0.04630059323791089,0.081540406529473,0.2210685265271298,-0.23978207336517118,0.24017711705414535,-0.24086260941915835,0.21254217447134902,-0.20311649338047055,0.16810646124827067,-0.14945346064065398,-0.02282671165558407,0.03407329919418655,-0.21214679144867232,0.2453894603533087,-0.24681972578244452,0.25000000000000006,-0.23856533439938932,0.22181631488263054,-0.22213071804590476,0.17810512181442137,-0.1580972668555824,0.12535776624714567,0.22403117095156244,-0.2438617142449667,0.2444431674941508,-0.2351936909261298,0.23681190663880775,-0.21517826910546822,0.21599384630272636,-0.12284512406588007,0.11776618301925804,-0.05276626934225521,-0.20951954614276738,0.23117071137832274,-0.22975127441269189,0.22955721580826632,-0.19863159904849498,0.19066325725835054,-0.12765663795833826,0.10416744208205768,-0.03965433807267328,0.04166651295558618,0.08159540235983405,0.08149503794842287,0.21558236905209474,0.08103366897928711,0.1882464070178701,0.08095675207139832,0.11953594834484857,0.07987411868125056,0.013946227024616691,0.08154084020020012
-0.07128297854192323,-0.07266561870366867,0.2212974098264114,-0.07275322075937993,0.19641768294658557,-0.07287976307497246,0.16128181617160614,-0.07295312017490921,-0.035685206216910084,-0.07247612073577153,-0.21041071528632166,0.22889634666234548,-0.22927527183271262,0.22996421210387263,-0.2029290365353572,0.20163320882253122,-0.16945214153809485,0.1601504682786798,0.012055898058460801,-0.023514940811541516,0.20376961152427037,-0.2347244419028838,0.23617197703604834,-0.23856533439938932,0.2499999999999998,-0.23285221879059584,0.2331439860552153,-0.18899229579824336,0.16898080039789373,-0.13295907117435585,-0.21361909775723523,0.23889135838656422,-0.23830191170227286,0.24436684289338226,-0.2478157433585212,0.2261525306779378,-0.2270292365876454,0.13380411679091847,-0.12871935990839808,0.06340289087890233,0.2174161540721095,-0.2387311627336179,0.23839700249267273,-0.23880221088176976,0.20790243704300138,-0.20164115826476264,0.13827624340625982,-0.11403491276939094,0.04301181835083141,-0.04280411975266432,-0.07254111688165808,-0.07243069269464246,-0.22401415125221194,-0.07196896198651911,-0.19722560901166683,-0.07189198844438384,-0.13001125504268818,-0.07080821436910822,-0.01666827255757944,-0.07247653070641231
0.08810488374772217,0.0894795641272146,-0.20833186778232457,0.08957574393380957,-0.2028514302653299,0.08971169049978306,-0.17760959766326498,0.08978844964579183,0.02140166794760401,0.08931150990810795,0.1977450178704011,-0.21460881887605965,0.215507148834051,-0.2161526120163239,0.21122273547612078,-0.21805564084830778,0.18634522195745531,-0.17698838179013826,0.003833874584605537,0.013791117880773768,-0.18690460838958803,0.21793299944370734,-0.21936298802209614,0.22181631488263054,-0.23285221879059584,0.24999999999999978,-0.24745760863928068,0.20549982273136486,-0.18519264924653916,0.1494308754500202,0.2019749625802021,-0.22202031434399883,0.2214315208997072,-0.22756101989513822,0.23109751843209375,-0.21749217078156516,0.22284837136134417,-0.12852724270546836,0.12775235311714733,-0.058732447536668064,-0.2008805969447774,0.22193033027522602,-0.22158433037338643,0.2219435307970587,-0.19105725602380527,0.19439656589470192,-0.13245747424521911,0.1093034192696209,-0.04777287157186706,0.050652934205834305,0.08935949683865534,0.08926598943839281,0.2074959810471374,0.08880449366613996,0.18069802172019075,0.08872747731610166,0.12431664411377334,0.08764088859916225,0.022070405091583555,0.08931192916676887
-0.0858953357086364,-0.08726337298770011,0.20832185436236192,-0.08735842353181306,0.2013668496038215,-0.08749356153143022,0.1754132564163291,-0.08757031474804826,-0.022313181194369376,-0.08709331338338566,-0.1977560618878489,0.21470246419198816,-0.21554171637528932,0.2161844106665203,-0.2095590983266822,0.21577780147929254,-0.18409220679294785,0.17482088236704635,-0.002733641810897118,-0.013936169875987356,0.18758836218579372,-0.21843507124571324,0.2198596258420725,-0.22213071804590476,0.2331439860552153,-0.24745760863928068,0.24999999999999986,-0.20373816438020945,0.18364407266424426,-0.14762493035346402,-0.20202624168918162,0.22252343952051157,-0.22193469762288998,0.2280670565874996,-0.23160496975847003,0.2190067526202046,-0.22437015637507468,0.130254838294115,-0.1291804265832901,0.06043406524699326,0.20155258016309957,-0.22253200952847751,0.22221120847697645,-0.22258977401609997,0.19249162537638928,-0.19597371455461401,0.13412457398217162,-0.11088244071349897,0.04828426112402567,-0.050655189210842534,-0.08714299700870326,-0.08704790482935447,-0.2081273693218081,-0.08658755676140018,-0.1820922655643025,-0.08651064666427447,-0.12597531867387218,-0.08542663997281828,-0.022533766577812316,-0.08709372706196711
0.1318787063146512,0.1331640268030779,-0.17310804900423066,0.13329820948469656,-0.17888349515167426,0.13337248015701866,-0.19747108964854107,0.13357535235181436,-0.017360500915849408,0.13311315061432244,0.16513120666379125,-0.1753625339513096,0.17718338556222873,-0.177796042996977,0.18727892419086187,-0.19621218797759987,0.20710524305542824,-0.21879106856171046,0.04470969682293298,-0.014315993570808538,-0.14308739262346026,0.17429039869138532,-0.17570295750402598,0.17810512181442137,-0.18899229579824336,0.20549982273136486,-0.20373816438020945,0.24999999999999986,-0.22354627054926562,0.19154417960735257,0.17176380140061168,-0.17819547790955467,0.17760875763309358,-0.18390700552049816,0.18726757156258353,-0.17390207833615529,0.17902643480473818,-0.08479945192786181,0.09575584104012452,-0.02222016966501054,-0.1580404109861524,0.17840763334357046,-0.17800653944944234,0.17816044707271925,-0.14723508760437462,0.15071264977943422,-0.09016324025663534,0.07096863461582,-0.043890181465870835,0.05758179785396364,0.13311292771397135,0.13306757300275726,0.16483273536057938,0.13260624868970558,0.13811280827728595,0.13252918513610656,0.08257752257766231,0.13144187312896052,0.020718323009653334,0.13311358723508818
-0.10890672572723896,-0.11003951341911267,0.15272790401254893,-0.11015540333308449,0.1569161864369133,-0.11023576002798909,0.17299295729868439,-0.11043209957845762,0.025355000380393716,-0.1099802369180745,-0.14517147141659426,0.15481762101513089,-0.15653586475626016,0.15710574648853046,-0.16427791583638057,0.172578331932394,-0.18211026231702612,0.19478196388416782,-0.05088637234664995,0.028859473099959333,0.1258277638319564,-0.15436130977011103,0.15569437197647823,-0.1580972668555824,0.16898080039789373,-0.18519264924653916,0.18364407266424426,-0.22354627054926562,0.2499999999999999,-0.19614657537412522,-0.15112232372893758,0.1581943666096818,-0.15761359175320888,0.16392288672321917,-0.1672756048644971,0.15601681626659783,-0.16092653742461163,0.10766914938662285,-0.11892948133343256,0.0453744470156237,0.14118686487400323,-0.1587732029102025,0.15849065451708227,-0.1586749173119869,0.13102389933525063,-0.13481710102908157,0.09673270372065763,-0.09004619477992543,0.054948425125933474,-0.06349033362287809,-0.10998548486893303,-0.10993496999589036,-0.14711809843456924,-0.10948604751059438,-0.1221946981112696,-0.10941151812259872,-0.08904577839612127,-0.1083152877357972,-0.031096489560847963,-0.10998053480542877
0.16251885797118437,0.16355404058548845,-0.1282677445060227,0.16355997037898068,-0.14299496025868888,0.16356260970264283,-0.18063901170978838,0.1634272418832961,-0.036660552438665256,0.16369298596152004,0.1228309440570567,-0.1258510177794425,0.12928495339133653,-0.12988051786106092,0.14778903075287858,-0.15581395011856883,0.18253408888957381,-0.18986764624387478,0.053275481728537036,-0.022207544194232653,-0.09077679973726001,0.12146519323806272,-0.1229679910047075,0.12535776624714567,-0.13295907117435585,0.1494308754500202,-0.14762493035346402,0.19154417960735257,-0.19614657537412522,0.24999999999999978,0.13060780447809148,-0.12444986707563814,0.12398908615932343,-0.1279677431769614,0.13113299167514958,-0.11860595546091833,0.12337755210597405,-0.05406328637180886,0.0652504162995629,0.008326581701647087,-0.10496005612154655,0.12305571052425791,-0.12247517933267603,0.12231285471762643,-0.09281324827040341,0.09654291500725151,-0.05121994010247654,0.04327546594371503,-0.04320959904005002,0.063655120106522,0.1636474327113703,0.16364758804544222,0.11129063731418619,0.16319401150283785,0.08514116117992944,0.1631185023252577,0.044157315746635444,0.1620253145628098,0.022322280993539657,0.16369338074156534
0.10133427782591163,0.10268615850235568,-0.21111032322518858,0.10277264137389634,-0.19230080146500975,0.10287149053959635,-0.16013267778586654,0.10291302210042673,0.03824386684247889,0.10257303879677382,0.20172018771165748,-0.21703567297916931,0.21748082593480547,-0.21813091373958068,0.19863489858692787,-0.19115628167029938,0.16615912610002853,-0.14953524584745,-0.018169376293368802,0.03540721657637352,-0.19145179749416633,0.224203928734589,-0.22572862181710268,0.22403117095156244,-0.21361909775723523,0.2019749625802021,-0.20202624168918162,0.17176380140061168,-0.15112232372893758,0.13060780447809148,0.24999999999999964,-0.22331004586497952,0.2238092417980669,-0.2146259717327418,0.21364214430828987,-0.1931782671952896,0.19429659363817608,-0.10094928729274102,0.0980263320427024,-0.03226416562534121,-0.18932418629191547,0.21067556208442476,-0.2092244342430239,0.20891994609308184,-0.17793286731121544,0.16872744929573247,-0.10647095006564282,0.08479288401961235,-0.03628157744192566,0.043274137275982824,0.1026049450996147,0.10252762616118791,0.19547351335054505,0.1020657979956394,0.16814687606943984,0.10198877449201804,0.09862099947324596,0.10090489652755688,0.011825425919414819,0.10257350141666523
-0.07469343773334935,-0.07608914645431032,0.2264692218483052,-0.07617834089419467,0.20039245669149433,-0.07630501184382729,0.15776261799814384,-0.07637499596460476,-0.043235112219772144,-0.07590112074823833,-0.2158809786917432,0.2346153770581101,-0.2345154422879011,0.23516832620483313,-0.20684730808141363,0.19959871417710334,-0.1653790856529023,0.1495304573829235,0.01991336930844521,-0.030435011876111147,0.21287948827330463,-0.24476200625702027,0.2462664560066847,-0.2438617142449667,0.23889135838656422,-0.22202031434399883,0.22252343952051157,-0.17819547790955467,0.1581943666096818,-0.12444986707563814,-0.22331004586497952,0.24999999999999978,-0.2490682342147813,0.24114322169491975,-0.23943927773832308,0.2175759766906402,-0.2180715679654705,0.12490260020228429,-0.11943918639570641,0.05512563647589569,0.21535410124623375,-0.23711888159275063,0.23569888680927284,-0.23552225948368458,0.20456171295102463,-0.1929352871512032,0.12964577289057558,-0.10579983924265692,0.038326798228469024,-0.03944333643245549,-0.0759619188857648,-0.07585572633780589,-0.22141919367689802,-0.07539380585532997,-0.1940598923046853,-0.07531682470569705,-0.1214742743441539,-0.07423406958177178,-0.012365632985558742,-0.07590154193622901
