x1,x2,x3,x4,x5,x6,x7,x8,x9,x10,x11,x12,x13,x14,x15,x16,x17,x18,x19,x20,x21,x22,x23,x24,x25,x26,x27,x28,x29,x30,x31,x32,x33,x34,x35,x36,x37,x38,x39,x40,x41,x42,x43,x44,x45,x46,x47,x48,x49,x50,x51,x52,x53,x54,x55,x56,x57,x58,x59,x60
0.25000000000000006,0.03861486492207753,-0.017820146756777906,0.14113584207710062,-0.11369738896446854,0.16652418100197605,-0.10979837739329372,0.1736288912886405,-0.08755782180442004,0.19664305579284272,-0.2287362850066774,0.22851131103542183,-0.2226268613473023,0.22234282029240426,-0.2225861272472634,0.20732229675479105,-0.20734072585109573,0.06969593160977795,-0.09234559071863986,-0.026520833391997456,0.15731579647427324,-0.22272114646619756,0.1338458552322832,-0.22258611519786237,0.21083784418476956,-0.22041834099643923,-0.21349414453295615,-0.07057707401714969,-0.1862168593322044,0.02931050902421492,-0.15379979387409026,-0.07805728079506756,-0.1331920774184503,-0.10550464820274394,-0.21271755344800386,-0.2225767688146783,0.21374629576798537,-0.22258674739122558,0.18691762984416482,-0.20672915029479144,-0.1457438893888563,0.0782215504760071,-0.20883097679425539,0.10411355030566016,-0.2225814189412665,0.22122923084393994,-0.22258646060747295,0.21966232821463355,-0.2225863054264851,0.2070590218460905,0.14035015883196156,0.08785149436669093,-0.05233649316621353,0.12255866539266166,-0.061055399075053814,0.1341165529617717,-0.017050321464326862,0.10816408374210526,-0.07314009725707697,0.20449212139962725
0.03861486492207753,0.25000000000000006,-0.2129521271645208,0.10295440092603537,-0.07219557918593378,0.05514654926222554,-0.04757643079906775,0.0479940560736413,-0.07748115527029216,0.04425924646120034,-0.05713719282103312,0.057098327668121535,-0.06323434988874141,0.06320536783953433,-0.06327436217074674,0.05542395091794083,-0.055405780061660186,-0.008631983676775534,-0.0027540946012869615,-0.021824584471816767,0.05242774780296929,-0.06313601789920581,0.04757146093500337,-0.06327459096031221,0.05998377389821224,-0.062222640583053324,-0.06120217933771796,0.00866108765142003,-0.05495174665689795,0.02235431038752894,-0.05149398425601963,-0.016730319029219884,-0.047376416785834666,-0.02205934509353804,-0.06096308205779,-0.06327236163136442,0.061242371429635935,-0.06327473404600707,0.05508091132443392,-0.0596330474662368,-0.03990245434380688,0.01681218766551019,-0.05840693293396465,0.02167332612064125,-0.06327288579747448,0.06289575498452481,-0.06327465540280393,0.06243800580035059,-0.06327461692051059,0.059695124385561356,0.039965791443047585,0.021672570490437405,-0.010440667981978595,0.031181245737551277,-0.014054745720173017,0.03658305047447567,-0.004613678109871344,0.030306341328689684,-0.01943369378679115,0.05808760223979
-0.017820146756777906,-0.2129521271645208,0.25000000000000017,-0.11230488524623312,0.06936178141304469,-0.04599166212109014,0.043534434081636694,-0.028147688838176074,0.06922839203526455,-0.01807546119332126,0.029733397415072818,-0.029720019979367955,0.03577928154549693,-0.03578006247178875,0.03581896506059795,-0.030899837329458953,0.030876802317665434,0.02288035417429056,-0.012489492417974484,0.023014352534447547,-0.034452649790086144,0.03568219495876505,-0.0328372406493974,0.03581923982909269,-0.034351131482202785,0.035205474115591814,0.03508373548571658,-0.023038630530822286,0.03284953803888979,-0.023176013665939587,0.03395364109946001,0.00636505468806093,0.03272631772571502,0.007254611424207434,0.03494477612756502,0.03581835320625357,-0.03508571676314903,0.03581929342222371,-0.032867291926086846,0.034508599104750765,0.021958598059964408,-0.006431637450910346,0.032441594496859946,-0.00705239052569577,0.03581802718457746,-0.035609294150466334,0.03581925065230196,-0.03534105885842825,0.03581923404482979,-0.03451626899824345,-0.022946453787362896,-0.010056432598795715,0.003051118484264958,-0.015309934544563648,0.005861154623696356,-0.019751722570481738,0.00250468805981343,-0.016917643121043883,0.01021422304671618,-0.03285413828133519
0.14113584207710062,0.10295440092603537,-0.11230488524623312,0.24999999999999997,-0.17895692794822027,0.14922807951355904,-0.08359958150984365,0.12375328325498924,-0.06703823810916104,0.13957091306516403,-0.15648582069922296,0.15635641026904049,-0.16255880502101694,0.16242100297348153,-0.16259861530141945,0.15335418476374107,-0.15336877642224847,0.049561164204031845,-0.06633636248248621,-0.021215552154914177,0.11623275769625116,-0.16245972083377078,0.09917589142543246,-0.16259868973240355,0.15430322186870887,-0.16133950264401464,-0.15594238066545166,-0.050084807657220114,-0.13597117072954373,0.023241050590076535,-0.11369713374869518,-0.056235563693164785,-0.09869375170790892,-0.07643763816613902,-0.15536963958798483,-0.16259184191573162,0.15612535344870007,-0.16259914668924313,0.13647971810997267,-0.15098698147550776,-0.1061039155450167,0.05636063099109515,-0.15245872159070156,0.0754162703194102,-0.16259522790718667,0.1616080463263393,-0.1625989375260036,0.16046297819664465,-0.16259882380541468,0.1512289865099097,0.10236024340417349,0.06393834610265564,-0.03783897848847729,0.08919509094436961,-0.044288375995968916,0.09781018174986568,-0.012403105477806917,0.07894358381083999,-0.053251225802228,0.14937742145234667
-0.11369738896446854,-0.07219557918593378,0.06936178141304469,-0.17895692794822027,0.2500000000000001,-0.16634132648564157,0.0899825847480263,-0.10135496413397135,0.04006701737207859,-0.0990121254191441,0.11521925794693855,-0.11512651149747982,0.12081241782600424,-0.120716982919311,0.12084906806229755,-0.12492907846353965,0.12492225084198506,-0.03899738640149322,0.04728206603032103,0.0184525787124006,-0.0865527314075133,0.1207216316953507,-0.07337940781516887,0.12084919864552461,-0.11628993648154519,0.12151716298897447,0.11598606473371112,0.03930937147695006,0.1014142889637395,-0.01998063993953117,0.0846712076684149,0.04209203973896373,0.0730290529995415,0.05676502091608265,0.11556817649152737,0.12084418615720102,-0.11612333632429392,0.12084953275626517,-0.10178172373769072,0.11237267003320611,0.07912907992849154,-0.04218300022878687,0.11330455989111671,-0.05601369360614961,0.12084661859781444,-0.12011292153652939,0.12084937721051875,-0.11926099110558028,0.12084929391595103,-0.11254691973859468,-0.07628652723524357,-0.04748126555429746,0.02815169030173587,-0.06632850799094885,0.03296194738647861,-0.07273022837313921,0.009247430142265055,-0.05870838951413044,0.03964996282792396,-0.11102203689975561
0.16652418100197605,0.05514654926222554,-0.04599166212109014,0.14922807951355904,-0.16634132648564157,0.24999999999999997,-0.14598080368397354,0.15702738840712704,-0.05616253688761483,0.16016127698916918,-0.18050429805183588,0.18035246073028538,-0.18673234309026687,0.18656905188278383,-0.18677317447673233,0.17819387410787219,-0.17819759170932378,0.06651609245034024,-0.08039990743995612,-0.02110752690032784,0.1312963337794436,-0.18663059440871754,0.11090436375537818,-0.18677320365385727,0.17736826119719762,-0.18558988250849862,-0.1789854014279236,-0.0666974015703127,-0.15563443130220558,0.023509699764119478,-0.1283709143693884,-0.0662433204534186,-0.1103564863830964,-0.09015588808515274,-0.17833433791648537,-0.18676521959371256,0.17920557072386414,-0.1867737377347985,0.15623732108937843,-0.17319758576348615,-0.1223619651937602,0.06637618436262932,-0.17540739943758465,0.08898072922597366,-0.18676933539740584,0.18563322534987106,-0.1867734966093485,0.18432146655745935,-0.1867733644633783,0.17348426529766425,0.11758163186535892,0.07442269349410086,-0.04478800288366595,0.10354871514660613,-0.05186025397919766,0.11281425879800146,-0.014318709639570229,0.09081523733977057,-0.061579728526793685,0.17159903247464756
-0.10979837739329372,-0.04757643079906775,0.043534434081636694,-0.08359958150984365,0.0899825847480263,-0.14598080368397354,0.24999999999999983,-0.1582294200486165,0.03887057970808176,-0.09284740073831252,0.10928089943684176,-0.10919384098742227,0.11527237213319613,-0.11518591443135107,0.11531164250810236,-0.09825143242134463,0.09821241597680926,-0.05493971788701778,0.04617395985293745,0.0017240833424859298,-0.07789179778170062,0.11517549451255306,-0.06397009080699896,0.1153117608810508,-0.10725978965617357,0.11290455234476351,0.10984305063296197,0.05380626810727933,0.09341584021286625,-0.003226355383382438,0.07611051213434054,0.0418907699423379,0.06362573363467282,0.059847101233681345,0.10941873316386554,0.11530624107466642,-0.10999631565429213,0.1153121219633125,-0.09386060033589452,0.10577304888830427,0.07489432514412794,-0.04196476492267272,0.10876846504935905,-0.059077307903982273,0.11530957955720396,-0.11460444496498265,0.1153119721535345,-0.11380488983561453,0.11531188190000281,-0.10599237203521131,-0.07148785829224936,-0.047820024593073704,0.02972890313103886,-0.06558072396428614,0.033438836723600505,-0.07023417514068706,0.008785296166365246,-0.05609909269533644,0.0383164215073772,-0.105967058398858
0.1736288912886405,0.0479940560736413,-0.028147688838176074,0.12375328325498924,-0.10135496413397135,0.15702738840712704,-0.1582294200486165,0.24999999999999994,-0.11816652608178665,0.166684114841993,-0.18323715846126776,0.18308275308187552,-0.18946522178985067,0.18929886243155303,-0.18950603218912757,0.1724350598205954,-0.17243234539130026,0.06896302031496468,-0.06290003398445779,-0.012848747142666914,0.1319552539379534,-0.18936315280064656,0.11112746194148101,-0.18950605041618304,0.17826716246093757,-0.18708753375614798,-0.1810847972956651,-0.06975728968473612,-0.15577309899455588,0.015095140637226044,-0.1290234737392317,-0.06587444342783921,-0.110566896909531,-0.09247428244963396,-0.18039349340921942,-0.18949747855788335,0.18131404465302747,-0.1895066180978866,0.1564411693833431,-0.17480434133659306,-0.12272073864226042,0.06601579155351717,-0.17808028475257862,0.0912358713153158,-0.18950219217341863,0.18834869374671487,-0.18950637371325563,0.18702373099953368,-0.18950623230525526,0.17512912337460484,0.11809019817124641,0.07606275166185103,-0.04569829535906944,0.10520438307968859,-0.052668864931025704,0.11440444818148497,-0.014367899470062284,0.09197736770496553,-0.06218534193197625,0.1741167397002883
-0.08755782180442004,-0.07748115527029216,0.06922839203526455,-0.06703823810916104,0.04006701737207859,-0.05616253688761483,0.03887057970808176,-0.11816652608178665,0.25000000000000006,-0.1205164845110679,0.09123175710890995,-0.09116195649141286,0.09745719767562307,-0.09739153101901027,0.09749799394044151,-0.08045249073897753,0.0804043358161634,0.020078987502670113,-0.04248215411124645,0.01980584259994987,-0.08014216003909928,0.09735549992967289,-0.07268957615238628,0.09749820511178903,-0.09068555313632284,0.095092101370958,0.09338582678809772,-0.018453566929077327,0.08085987327328487,-0.020161888433185587,0.07878721817648605,0.021407394013394476,0.07237950911140287,0.03365460172695958,0.09294744022820707,0.09749392708080376,-0.09344954947076,0.0974984699721603,-0.08115575806220528,0.09023123375679597,0.058081417143725056,-0.02155700141858237,0.08993406949745225,-0.03296758192800648,0.09749560527410922,-0.09691511343043507,0.0974983502097538,-0.09621843063749533,0.09749827747287182,-0.09038741141041902,-0.05910866713212293,-0.03352974658975673,0.015271774874938394,-0.04723025983768751,0.020761773159513414,-0.05578122691519796,0.006711790731297532,-0.046223579502038016,0.028928606215558858,-0.08950698420949513
0.19664305579284272,0.04425924646120034,-0.01807546119332126,0.13957091306516403,-0.0990121254191441,0.16016127698916918,-0.09284740073831252,0.166684114841993,-0.1205164845110679,0.24999999999999975,-0.21622434391051204,0.21603968477806626,-0.22243287936455985,0.22223053635942047,-0.222473550315705,0.20541795349285052,-0.20543308655670628,0.06711396915732895,-0.08257470780116238,-0.018950496710382167,0.15768941793891952,-0.22233050108323235,0.13442595856571504,-0.22247353659096983,0.2099044994975518,-0.22005237742129918,-0.21284327341829662,-0.06806371575695772,-0.1838767969368927,0.021619067429450762,-0.15424389141788133,-0.0756074840654114,-0.13375631617746153,-0.1055454806292063,-0.21202659877840338,-0.22246369298417518,0.2130972229287948,-0.22247418983866152,0.18463143990801578,-0.20564829453862782,-0.1437352448075198,0.0757853338903162,-0.20870931302003143,0.10410168102699652,-0.22246886696297113,0.22111744661260585,-0.2224739039321103,0.21955672537541218,-0.2224737409312858,0.20601369279516643,0.13883670778294793,0.08801415418525958,-0.05200222095302437,0.12215932356917987,-0.06062751778285441,0.13375995509697036,-0.016812101962573947,0.107845773696088,-0.07255814660559734,0.20439061202347414
-0.2287362850066774,-0.05713719282103312,0.029733397415072818,-0.15648582069922296,0.11521925794693855,-0.18050429805183588,0.10928089943684176,-0.18323715846126776,0.09123175710890995,-0.21622434391051204,0.2500000000000001,-0.24974752821867338,0.24377083518697587,-0.24346297288542487,0.24372936075579016,-0.22659709989278426,0.22662367610259218,-0.0822187975631363,0.10641818938075776,0.025366329828829748,-0.1708655700919825,0.2438665616201818,-0.1447954205902365,0.24372932307818637,-0.2306485870595569,0.24129666445098924,0.23360577078682088,0.08309917929726976,0.20323389774017284,-0.028465220216618,0.16701110779685974,0.0863464324288105,0.14407795269014412,0.11723108107717885,0.2327544904322906,0.2437189426056242,-0.23388874326000994,0.24373002469860058,-0.20402126456494676,0.22607605863424132,0.15969231258999356,-0.08652056923922384,0.22886634915735343,-0.1156999124768656,0.24372426178380552,-0.24224208748353968,0.2437297101448489,-0.2405295613768789,0.24372953816379084,-0.22644787719277654,-0.15350379891213597,-0.09692694322440312,0.05822186884885036,-0.13494451998263396,0.0675159187559621,-0.14715206438780493,0.01869177242627812,-0.11850192330331152,0.08031497218918301,-0.22392597934126743
0.22851131103542183,0.057098327668121535,-0.029720019979367955,0.15635641026904049,-0.11512651149747982,0.18035246073028538,-0.10919384098742227,0.18308275308187552,-0.09116195649141286,0.21603968477806626,-0.24974752821867338,0.25000000000000006,-0.24356079599081765,0.24325317733628044,-0.24351933538995996,0.2264028583050504,-0.22642941581029577,0.08214751823542042,-0.10632582012348914,-0.025343487911854118,0.1707155114684463,-0.24365649271975284,0.14466779362274806,-0.24351929772630618,0.2304501965081759,-0.2410888794177491,-0.23340468250655771,-0.08302763658133729,-0.20305964019570988,0.02843982652937703,-0.16686433156614347,-0.08627384631109834,-0.14395095877353425,-0.11713082145039815,-0.23255415418198597,-0.2435089264093922,0.23368740964919962,-0.24351999874761338,0.2038463162585186,-0.2258816285516475,-0.15955583548372654,0.086447821381258,-0.2286692495650206,0.11560099738537247,-0.2435142408308958,0.2420333429731487,-0.2435196844642467,0.24032229122232696,-0.24351951263464888,0.2262531126975521,0.15337223701099803,0.09684364486375364,-0.0581722989514686,0.13482877354465064,-0.06745827084664134,0.14702556476101836,-0.018675810187140235,0.11839998824183202,-0.08024617702951119,0.2237330226894612
-0.2226268613473023,-0.06323434988874141,0.03577928154549693,-0.16255880502101694,0.12081241782600424,-0.18673234309026687,0.11527237213319613,-0.18946522178985067,0.09745719767562307,-0.22243287936455985,0.24377083518697587,-0.24356079599081765,0.25,-0.2496846258018244,0.24995779645274396,-0.232822286606296,0.23285196004786216,-0.08563987815995071,0.10993088525694363,0.023719023620757118,-0.1756136296333917,0.24981593309084468,-0.14893397013863924,0.24995774697214393,-0.23637283761543773,0.2475230987987495,0.23935910519612824,0.08651703923357387,0.20754601805404474,-0.026885416254046633,0.17169829602906975,0.08797078822953266,0.1481877375150464,0.12075115092586103,0.23847263439709987,0.24994690044449844,-0.23965238373123593,0.2499584720809298,-0.2083730994748612,0.23146945910567093,0.16316817725724558,-0.08815288806604671,0.23475558638063482,-0.11916168662668232,0.24995258397416925,-0.2484321033596921,0.24995814958359197,-0.24667840828345014,0.24995797016456928,-0.2318648219640058,-0.1569074725496776,-0.09968906537001287,0.05987876266011901,-0.1385024907228876,0.06930672224915649,-0.1509025081235394,0.019095569190840628,-0.12146027693689265,0.08225411599321449,-0.2296513417367504
0.22234282029240426,0.06320536783953433,-0.03578006247178875,0.16242100297348153,-0.120716982919311,0.18656905188278383,-0.11518591443135107,0.18929886243155303,-0.09739153101901027,0.22223053635942047,-0.24346297288542487,0.24325317733628044,-0.2496846258018244,0.25000000000000006,-0.2497253808956041,0.2326086271844971,-0.23263828839285822,0.08557325114942219,-0.10983811526206658,-0.02367964388104503,0.1754524149143662,-0.24958188821603655,0.14879812454195945,-0.2497253313822142,0.23615176675084903,-0.2472933381442533,-0.2391349542554157,-0.08644934695461416,-0.20734656962674908,0.026843037195908,-0.1715409666969012,-0.08788527688925188,-0.1480525132083776,-0.12064323878168487,-0.2382492141585472,-0.24971449346787458,0.2394279855990123,-0.2497260558582581,0.20817302722865305,-0.23125141793534684,-0.16301225979215178,0.08806722982203943,-0.23453767526791183,0.11905511469694895,-0.2497201734100018,0.24820110293476202,-0.24972573366123269,0.2464490580034857,-0.2497255543868155,0.23164651619550297,0.15675786305606135,0.09959866547905112,-0.05982463895132963,0.1383747751593345,-0.06924300388008056,0.15076224585505793,-0.019077306284320958,0.12134687668450445,-0.08217693204204987,0.22943783241351892
-0.2225861272472634,-0.06327436217074674,0.03581896506059795,-0.16259861530141945,0.12084906806229755,-0.18677317447673233,0.11531164250810236,-0.18950603218912757,0.09749799394044151,-0.222473550315705,0.24372936075579016,-0.24351933538995996,0.24995779645274396,-0.2497253808956041,0.2500000000000001,-0.2328635598149142,0.2328932544890414,-0.08566706302754692,0.10995852262440724,0.023705396173072574,-0.17564432964628815,0.24985494669197217,-0.14896086234260605,0.24999854625564244,-0.23641018400466238,0.24756395609583748,0.23939657510001064,0.08654411972653861,0.2075733893800036,-0.02687225193046653,0.17172860190148037,0.08798145545999476,0.14821443502512047,0.12077529538176006,0.23850986577078637,0.24998769647732932,-0.23968992727657124,0.24999927152470292,-0.20840075201699404,0.23150440816034884,0.16319060449897285,-0.08816360728549266,0.23479428123817303,-0.11918543337016181,0.249993382643445,-0.24847265015257228,0.24999894897515595,-0.24671868851034875,0.24999876950450636,-0.2318999391598545,-0.15692935558741247,-0.09970766112967938,0.05989012512941935,-0.1385261934325482,0.06931878440568971,-0.15092719962878534,0.019098178205769395,-0.12147963938018298,0.08226684602828432,-0.22968885187219742
0.20732229675479105,0.05542395091794083,-0.030899837329458953,0.15335418476374107,-0.12492907846353965,0.17819387410787219,-0.09825143242134463,0.1724350598205954,-0.08045249073897753,0.20541795349285052,-0.22659709989278426,0.2264028583050504,-0.232822286606296,0.2326086271844971,-0.2328635598149142,0.25000000000000017,-0.24960487097487108,0.10262177469809336,-0.1267756079388479,-0.006692130696449861,0.15856668838333166,-0.23271947385990807,0.13188606501651723,-0.2328630054986528,0.22383655188027693,-0.23519640255691593,-0.22226685920854336,-0.1034937546023882,-0.19046070886836863,0.00987018439606303,-0.154897849008436,-0.08541803903511168,-0.1311763010707222,-0.1196335809047265,-0.22143271885174937,-0.23285226809587922,0.22256742981210226,-0.2328637200451325,0.19131476818944101,-0.21438903274636928,-0.15232775334321397,0.08556509645342272,-0.2195182643491056,0.11811702394752052,-0.2328585352529477,0.23143557415365598,-0.23286341744357159,0.22981547945991349,-0.23286324135996284,0.21480310011805598,0.145349977905683,0.09594798808642482,-0.05959651930796796,0.1321297252223441,-0.06731397847456207,0.14180222532781844,-0.01786161486063463,0.11340106221795003,-0.07754693312669152,0.21398436986563468
-0.20734072585109573,-0.055405780061660186,0.030876802317665434,-0.15336877642224847,0.12492225084198506,-0.17819759170932378,0.09821241597680926,-0.17243234539130026,0.0804043358161634,-0.20543308655670628,0.22662367610259218,-0.22642941581029577,0.23285196004786216,-0.23263828839285822,0.2328932544890414,-0.24960487097487108,0.25,-0.10277253726655038,0.12693653829511214,0.006600264181504209,-0.15855647864675043,0.2327490962439928,-0.13186140677287783,0.23289269905991278,-0.22382530869546508,0.23518880376696372,0.2222908556612685,0.10364234500852423,0.19046759513495568,-0.009780060999821483,0.15488704296764413,0.08544980174699286,0.13115146535404143,0.11969179248739562,0.22145655837573566,0.23288195647284923,-0.2225916280115184,0.2328934139246861,-0.19132226666055757,0.2144088469914514,0.15234910668994292,-0.08559674172052478,0.21955118082394331,-0.11817482686619918,0.2328882302796789,-0.23146504883148025,0.23289311127153678,-0.2298448297668264,0.2328929351117058,-0.21482324246186296,-0.1453635462242072,-0.09597872812808886,0.05962705599871875,-0.13216521972961787,0.06733908906223908,-0.14182764882567786,0.017864329162665726,-0.11341701396853555,0.07756234879822463,-0.21401189088077602
0.06969593160977795,-0.008631983676775534,0.02288035417429056,0.049561164204031845,-0.03899738640149322,0.06651609245034024,-0.05493971788701778,0.06896302031496468,0.020078987502670113,0.06711396915732895,-0.0822187975631363,0.08214751823542042,-0.08563987815995071,0.08557325114942219,-0.08566706302754692,0.10262177469809336,-0.10277253726655038,0.24999999999999994,-0.22214466174480046,0.13114942422601547,0.01194216653684503,-0.08552267813720237,-0.014245612747588024,-0.08566632229654478,0.07725216579236094,-0.0880241619399083,-0.07506955498685441,-0.24679084387602745,-0.043246213634035205,-0.1284553955597375,-0.010521371255374782,-0.05922025540806737,0.014583980681075694,-0.1054825670119214,-0.0746696452409637,-0.08565649189491908,0.07543034954778509,-0.08566693734939594,0.04432767337201464,-0.06726894606486547,-0.057139574099873004,0.05908765198152114,-0.0877892404883777,0.10456988363052372,-0.08566761644224473,0.08508861789681563,-0.0856668080674535,0.08461479312668227,-0.08566665959318065,0.06784574519008596,0.045135746683445534,0.06191626844490513,-0.054436313808623314,0.07496300832432509,-0.04803956505114928,0.0624117859375448,-0.00700175343468025,0.043625284867960905,-0.03596088591215623,0.079058666587087
-0.09234559071863986,-0.0027540946012869615,-0.012489492417974484,-0.06633636248248621,0.04728206603032103,-0.08039990743995612,0.04617395985293745,-0.06290003398445779,-0.04248215411124645,-0.08257470780116238,0.10641818938075776,-0.10632582012348914,0.10993088525694363,-0.10983811526206658,0.10995852262440724,-0.1267756079388479,0.12693653829511214,-0.22214466174480046,0.24999999999999992,-0.11633333681398395,-0.036613236787260126,0.1098141673369367,-0.01097232660372937,0.10995780858774956,-0.10142603898810885,0.11229340729858528,0.09936366348002895,0.21897113956610914,0.06753419351874418,0.11305964863301708,0.0347333651686609,0.06603588191266077,0.01051648791066246,0.11056355886097,0.09889552985056586,0.10994783110588574,-0.09971094267712732,0.1099584435873938,-0.06858339716323958,0.09154749514994275,0.07391329368220376,-0.06593768233877015,0.10984742687180968,-0.10956461798882064,0.10995827141831407,-0.10923742087598057,0.10995828450816875,-0.10857707874494583,0.10995813192098243,-0.09209746894409127,-0.06205612905679742,-0.06863974459858688,0.056933276013995004,-0.08577689737924872,0.05249102423835378,-0.07613040036013415,0.008930319065819765,-0.05536384972555287,0.04344759563213935,-0.10133911764979305
-0.026520833391997456,-0.021824584471816767,0.023014352534447547,-0.021215552154914177,0.0184525787124006,-0.02110752690032784,0.0017240833424859298,-0.012848747142666914,0.01980584259994987,-0.018950496710382167,0.025366329828829748,-0.025343487911854118,0.023719023620757118,-0.02367964388104503,0.023705396173072574,-0.006692130696449861,0.006600264181504209,0.13114942422601547,-0.11633333681398395,0.2500000000000001,-0.06358401426777632,0.023849827404179562,-0.055299057298201795,0.023706207415800103,-0.03210981128675224,0.021347598334152493,0.0340779749858214,-0.1281390229644861,0.06605936046648979,-0.24653081764093734,0.06305568214703043,-0.0033526479671087094,0.05569543171952458,-0.05488447041326873,0.03448276191632706,0.02371538466268243,-0.03388874729129548,0.023705691917915626,-0.06485848187258,0.04203613429145455,0.02911789509034505,0.003256023030605326,0.014748570458323909,0.05424871352508981,0.023702354610894275,-0.02361663540008291,0.023705674977090967,-0.023277507479228732,0.023705809374371747,-0.041339078689427315,-0.034890885502770946,0.02048658415167403,-0.02661189238532481,0.012361194696322835,-0.015185263742491082,-0.005576103792323911,0.003055767866242823,-0.011482848513473339,0.00403684253099562,-0.021401800874411268
0.15731579647427324,0.05242774780296929,-0.034452649790086144,0.11623275769625116,-0.0865527314075133,0.1312963337794436,-0.07789179778170062,0.1319552539379534,-0.08014216003909928,0.15768941793891952,-0.1708655700919825,0.1707155114684463,-0.1756136296333917,0.1754524149143662,-0.17564432964628815,0.15856668838333166,-0.15855647864675043,0.01194216653684503,-0.036613236787260126,-0.06358401426777632,0.24999999999999986,-0.1757855323767418,0.1239925333584661,-0.1756445247764057,0.1621401234804496,-0.1732129224122418,-0.16527426383311805,-0.012497574507405265,-0.1336174659806586,0.06530356313910293,-0.2453701190791749,-0.014090888020893016,-0.12340416976441738,-0.06018151219619846,-0.16425224805015548,-0.17563386820829185,0.16542632705240512,-0.17564488288696378,0.13431645758925692,-0.15725652498192969,-0.08925976186804849,0.014481105521987503,-0.16047118126224355,0.05857002782458492,-0.17563973608071837,0.17459450594184,-0.17564467409600532,0.173368483076824,-0.17564449781236932,0.15773204458635592,0.09585233100570953,0.062141290633775915,-0.025027925023699382,0.08242154555188373,-0.03428045278774315,0.09790384135243359,-0.009734599850945602,0.08095195901573483,-0.047621015473055035,0.16122034991639198
-0.22272114646619756,-0.06313601789920581,0.03568219495876505,-0.16245972083377078,0.1207216316953507,-0.18663059440871754,0.11517549451255306,-0.18936315280064656,0.09735549992967289,-0.22233050108323235,0.2438665616201818,-0.24365649271975284,0.24981593309084468,-0.24958188821603655,0.24985494669197217,-0.23271947385990807,0.2327490962439928,-0.08552267813720237,0.1098141673369367,0.023849827404179562,-0.1757855323767418,0.2500000000000001,-0.149104073477427,0.24985489824886128,-0.23626648779675835,0.24742023463686308,0.23925317396583629,0.08640005688859419,0.2074301563864286,-0.027014078645373463,0.17186936533743608,0.08783738670771431,0.14835719333743438,0.12063177698112498,0.23836625249402485,0.2498440480394179,-0.23954632639352968,0.24985562212493906,-0.2082571185423425,0.23136073944884644,0.16304706789168066,-0.08802009006150317,0.23465059271819821,-0.11904195595946407,0.24984973347107575,-0.24832994636680766,0.24985529980116478,-0.24657697857635674,0.24985512033548707,-0.2317564318409248,-0.15681329059261323,-0.09962229579459739,0.05980743934140206,-0.1384052424864128,0.06923994685690522,-0.15082054679476434,0.0190810796936004,-0.12140092653330799,0.08219671136752578,-0.22955650905292418
0.1338458552322832,0.04757146093500337,-0.0328372406493974,0.09917589142543246,-0.07337940781516887,0.11090436375537818,-0.06397009080699896,0.11112746194148101,-0.07268957615238628,0.13442595856571504,-0.1447954205902365,0.14466779362274806,-0.14893397013863924,0.14879812454195945,-0.14896086234260605,0.13188606501651723,-0.13186140677287783,-0.014245612747588024,-0.01097232660372937,-0.055299057298201795,0.1239925333584661,-0.149104073477427,0.24999999999999997,-0.14896109149520817,0.135447635055073,-0.14652799055556565,-0.13860222231927907,0.014195790443083101,-0.10701079542765099,0.05624269918721774,-0.12232064698045639,0.012643510461056919,-0.24846985594878496,-0.01993998534339685,-0.13755957127157026,-0.14895052813089926,0.13874255403781421,-0.14896137207658589,0.10760301319761945,-0.1305549677042909,-0.06262954595370049,-0.012076779072444394,-0.13378888793100832,0.01838764619104742,-0.14895564664891064,0.14809977058696042,-0.14896120811386765,0.14704437769287088,-0.1489610330592787,0.13106026901673906,0.07554906549528839,0.039658483473139945,-0.001843929717919116,0.053560885414091215,-0.013981663796762302,0.07599507705301384,-0.007136695633732731,0.06617990711587658,-0.033064390086104546,0.1366051146146353
-0.22258611519786237,-0.06327459096031221,0.03581923982909269,-0.16259868973240355,0.12084919864552461,-0.18677320365385727,0.1153117608810508,-0.18950605041618304,0.09749820511178903,-0.22247353659096983,0.24372932307818637,-0.24351929772630618,0.24995774697214393,-0.2497253313822142,0.24999854625564244,-0.2328630054986528,0.23289269905991278,-0.08566632229654478,0.10995780858774956,0.023706207415800103,-0.1756445247764057,0.24985489824886128,-0.14896109149520817,0.2500000000000001,-0.23641011119175312,0.24756383383138914,0.2393965699484351,0.08654338461197916,0.207573519355934,-0.02687306212469064,0.17172879746069378,0.08798137434192065,0.14821466553286908,0.12077498587766647,0.2385098624679435,0.24998764695240766,-0.23968992106033976,0.2499992219575508,-0.20840087721998374,0.23150443641993868,0.16319061387650263,-0.0881635266218176,0.23479420428984632,-0.11918512703746495,0.24999333306541824,-0.24847260113139003,0.2499988994081318,-0.24671863915842035,0.24999871993807388,-0.23189996462758217,-0.15692939693733216,-0.09970751291061937,0.059889970134978536,-0.13852605201444637,0.06931867238671406,-0.1509271296015281,0.019098178664219992,-0.1214796131273577,0.08226680867554256,-0.2296888047763378
0.21083784418476956,0.05998377389821224,-0.034351131482202785,0.15430322186870887,-0.11628993648154519,0.17736826119719762,-0.10725978965617357,0.17826716246093757,-0.09068555313632284,0.2099044994975518,-0.2306485870595569,0.2304501965081759,-0.23637283761543773,0.23615176675084903,-0.23641018400466238,0.22383655188027693,-0.22382530869546508,0.07725216579236094,-0.10142603898810885,-0.03210981128675224,0.1621401234804496,-0.23626648779675835,0.135447635055073,-0.23641011119175312,0.24999999999999975,-0.23854892819238685,-0.22588705400294107,-0.07814302857263726,-0.19403402640536777,0.03500245843710362,-0.15840651341971393,-0.09052911938144574,-0.1346573174063486,-0.10961876839738778,-0.24686000535195562,-0.2363992757987887,0.22611179248341512,-0.23641076968228802,0.194829575861982,-0.21792131599328576,-0.16149776332998245,0.09068100955266362,-0.22149905144767773,0.10804607709280435,-0.23640500321140145,0.23497100296299747,-0.2364104630769262,0.2333132542956642,-0.23641028695648048,0.2183317164810813,0.15337382072983888,0.09219122137751323,-0.05643529910320598,0.13087503534630965,-0.06532211364801538,0.14332641979330538,-0.0193700991288812,0.11574690397970701,-0.07915150502714373,0.21704620817458042
-0.22041834099643923,-0.062222640583053324,0.035205474115591814,-0.16133950264401464,0.12151716298897447,-0.18558988250849862,0.11290455234476351,-0.18708753375614798,0.095092101370958,-0.22005237742129918,0.24129666445098924,-0.2410888794177491,0.2475230987987495,-0.2472933381442533,0.24756395609583748,-0.23519640255691593,0.23518880376696372,-0.0880241619399083,0.11229340729858528,0.021347598334152493,-0.1732129224122418,0.24742023463686308,-0.14652799055556565,0.24756383383138914,-0.23854892819238685,0.25000000000000006,0.23700776352326874,0.08890150580164843,0.20513889352485007,-0.02451426500499096,0.16933228928079042,0.0876358909256647,0.1457865082995079,0.12058545122367571,0.23615685611518616,0.24755299912707235,-0.23725631101960104,0.247564557469826,-0.20596995835312903,0.2290711677336531,0.16167068807062934,-0.08781302666140169,0.23262058504100566,-0.11900582374770836,0.24755876745171063,-0.24605195160982493,0.2475642377529673,-0.24431699105178367,0.24756405875600457,-0.22946938272000825,-0.15530216652702192,-0.09916118561929207,0.05984124716389229,-0.13761165321671157,0.06902846031820704,-0.1496306153270078,0.018926767207347442,-0.12033428650518793,0.08159918841211268,-0.22745687049923774
-0.21349414453295615,-0.06120217933771796,0.03508373548571658,-0.15594238066545166,0.11598606473371112,-0.1789854014279236,0.10984305063296197,-0.1810847972956651,0.09338582678809772,-0.21284327341829662,0.23360577078682088,-0.23340468250655771,0.23935910519612824,-0.2391349542554157,0.23939657510001064,-0.22226685920854336,0.2222908556612685,-0.07506955498685441,0.09936366348002895,0.0340779749858214,-0.16527426383311805,0.23925317396583629,-0.13860222231927907,0.2393965699484351,-0.22588705400294107,0.23700776352326874,0.2500000000000002,0.0760285855326451,0.19699904756692144,-0.037047530766610846,0.16169115087353705,0.09273684963934964,0.1379161125068831,0.11120343772009304,0.22809070586465055,0.23940543617651017,-0.24942615807827423,0.23939723308686262,-0.19781874877464437,0.22090927599741272,0.16409477333934708,-0.09286895070870263,0.2242324286772113,-0.109614609438709,0.23939140490022331,-0.23793901741640378,0.23939692219139663,-0.2362593126826004,0.2393967458762046,-0.2213162646981684,-0.15566883222796182,-0.09344867117216905,0.057430695354151226,-0.1327735016140473,0.06640122166870721,-0.145289211781897,0.01969981404002359,-0.1173272125858088,0.08036921086054152,-0.21978992956917143
-0.07057707401714969,0.00866108765142003,-0.023038630530822286,-0.050084807657220114,0.03930937147695006,-0.0666974015703127,0.05380626810727933,-0.06975728968473612,-0.018453566929077327,-0.06806371575695772,0.08309917929726976,-0.08302763658133729,0.08651703923357387,-0.08644934695461416,0.08654411972653861,-0.1034937546023882,0.10364234500852423,-0.24679084387602745,0.21897113956610914,-0.1281390229644861,-0.012497574507405265,0.08640005688859419,0.014195790443083101,0.08654338461197916,-0.07814302857263726,0.08890150580164843,0.0760285855326451,0.2500000000000001,0.04554932764462511,0.12555695635153186,0.011095916506753095,0.05915533160600611,-0.013058689832787213,0.10533414771189124,0.07555731423547501,0.08653354387585177,-0.07630645541847242,0.08654399592892784,-0.04520111766896027,0.0681444636184087,0.057614918995923414,-0.05902591675333005,0.08854494540722567,-0.10441684866445322,0.08654463028445433,-0.08596081994042519,0.08654386571743153,-0.08547994756374747,0.08654371703009549,-0.06872033199047665,-0.04569966269297123,-0.062026878211576736,0.05432912660988579,-0.07518767467748852,0.048047179242196564,-0.062832347153674,0.007054203410222351,-0.04402155845386337,0.036155218290859076,-0.07986126760614613
-0.1862168593322044,-0.05495174665689795,0.03284953803888979,-0.13597117072954373,0.1014142889637395,-0.15563443130220558,0.09341584021286625,-0.15577309899455588,0.08085987327328487,-0.1838767969368927,0.20323389774017284,-0.20305964019570988,0.20754601805404474,-0.20734656962674908,0.2075733893800036,-0.19046070886836863,0.19046759513495568,-0.043246213634035205,0.06753419351874418,0.06605936046648979,-0.1336174659806586,0.2074301563864286,-0.10701079542765099,0.207573519355934,-0.19403402640536777,0.20513889352485007,0.19699904756692144,0.04554932764462511,0.2500000000000002,-0.06924705639524892,0.1296199271300657,0.11920895019084458,0.10754135282310719,0.07847159563797279,0.19623705754593818,0.20756271910768387,-0.19729151242056908,0.2075739935218865,-0.24869582839245,0.2259108831448774,0.1765558532012248,-0.11910297277469917,0.19447690739387463,-0.07893603713303575,0.20756818611248481,-0.2063216914408655,0.20757371543072015,-0.20466091187411656,0.20757383276332472,-0.22500718503042078,-0.16534598442759604,-0.06814438076962161,0.043447008059990695,-0.11235367820618962,0.05829362921450119,-0.12778908797665803,0.020115755019332326,-0.10600005682719175,0.07791371609190013,-0.1908481633726606
0.02931050902421492,0.02235431038752894,-0.023176013665939587,0.023241050590076535,-0.01998063993953117,0.023509699764119478,-0.003226355383382438,0.015095140637226044,-0.020161888433185587,0.021619067429450762,-0.028465220216618,0.02843982652937703,-0.026885416254046633,0.026843037195908,-0.02687225193046653,0.00987018439606303,-0.009780060999821483,-0.1284553955597375,0.11305964863301708,-0.24653081764093734,0.06530356313910293,-0.027014078645373463,0.05624269918721774,-0.02687306212469064,0.03500245843710362,-0.02451426500499096,-0.037047530766610846,0.12555695635153186,-0.06924705639524892,0.25000000000000017,-0.06467351260534009,0.0012974468390371807,-0.05662402785545371,0.05303699477724094,-0.03737516428082312,-0.026882095742081703,0.036920799699384346,-0.026872552720086963,0.06809310276766535,-0.045233746525340304,-0.03173022563636926,-0.001204884705778883,-0.017801345626704358,-0.05240422766715502,-0.026869153575348824,0.026763856635722068,-0.026872531371669003,0.026401360475185008,-0.026872665701539032,0.04453200256795538,0.03723885992549289,-0.019158937188852893,0.02561968800784758,-0.010387744824628635,0.01407668245480313,0.007623089579011837,-0.0033671527831818458,0.0131100757170579,-0.005276274437470315,0.024316271083910337
-0.15379979387409026,-0.05149398425601963,0.03395364109946001,-0.11369713374869518,0.0846712076684149,-0.1283709143693884,0.07611051213434054,-0.1290234737392317,0.07878721817648605,-0.15424389141788133,0.16701110779685974,-0.16686433156614347,0.17169829602906975,-0.1715409666969012,0.17172860190148037,-0.154897849008436,0.15488704296764413,-0.010521371255374782,0.0347333651686609,0.06305568214703043,-0.2453701190791749,0.17186936533743608,-0.12232064698045639,0.17172879746069378,-0.15840651341971393,0.16933228928079042,0.16169115087353705,0.011095916506753095,0.1296199271300657,-0.06467351260534009,0.25000000000000006,0.009745748414226324,0.12177504239054031,0.058264818045875785,0.16048261460124383,0.17171852241699193,-0.16176870661384182,0.17172914490959862,-0.13028895028476326,0.15333018895203707,0.08505365513729175,-0.01011529024313415,0.15652828661244977,-0.05664129328920867,0.17172409609166805,-0.1707026289933883,0.1717289419740684,-0.16950591352271951,0.17172876498830097,-0.15381200982956414,-0.09229809536769304,-0.060837422246445005,0.023898892097652807,-0.08003837244080061,0.03293674006854816,-0.09527210962751358,0.009143547629417909,-0.07879093006635422,0.04585994414368372,-0.15761608424971257
-0.07805728079506756,-0.016730319029219884,0.00636505468806093,-0.056235563693164785,0.04209203973896373,-0.0662433204534186,0.0418907699423379,-0.06587444342783921,0.021407394013394476,-0.0756074840654114,0.0863464324288105,-0.08627384631109834,0.08797078822953266,-0.08788527688925188,0.08798145545999476,-0.08541803903511168,0.08544980174699286,-0.05922025540806737,0.06603588191266077,-0.0033526479671087094,-0.014090888020893016,0.08783738670771431,0.012643510461056919,0.08798137434192065,-0.09052911938144574,0.0876358909256647,0.09273684963934964,0.05915533160600611,0.11920895019084458,0.0012974468390371807,0.009745748414226324,0.25000000000000033,-0.013771620761922607,0.0031339489010419217,0.09131268526476755,0.08798392529333829,-0.09291035720376965,0.0879816384466992,-0.12017955640452427,0.0993993660807955,0.17439055119968977,-0.2491361856203368,0.10316088714048414,-0.0051295061763747055,0.08797721549515593,-0.0874892059349418,0.08798147571624619,-0.08671633888486051,0.08798164066047887,-0.0987682740636405,-0.13581115930923598,0.004198491692803195,0.009947731068956377,-0.043658764261798405,0.024737614990039944,-0.06578663422753843,0.0298507107116133,-0.06082902406170536,0.0577734882081152,-0.08126123085096391
