x1,x2,x3,x4,x5,x6,x7,x8,x9,x10,x11,x12,x13,x14,x15,x16,x17,x18,x19,x20,x21,x22,x23,x24,x25,x26,x27,x28,x29,x30,x31,x32,x33,x34,x35,x36,x37,x38,x39,x40,x41,x42,x43,x44,x45,x46,x47,x48,x49,x50,x51,x52,x53,x54,x55,x56,x57,x58,x59,x60
0.25000000000000006,0.24607095698392695,-0.11396573147215469,0.24517116699473385,-0.15305679157366076,0.24585369029256413,-0.1531352280680961,0.2451723049563281,-0.1553967889416401,0.24645605057626166,0.09471603152508505,-0.09613015258332805,0.10640621631744894,-0.11090142282375731,0.12798297926244595,-0.1141448447600647,0.1425527442285394,-0.15095852017652223,0.15246415062673147,-0.1439328438688403,-0.06276205327045198,0.07766270378792264,-0.09171379993397309,0.0906000024550119,-0.06546519197121757,0.06792447758120924,-0.06957481141965931,0.10467939856345142,-0.10552722021695009,0.1512165137135876,0.09174782534754786,-0.08307817018787918,0.08338915992562522,-0.07183847814025374,0.06105511259862094,-0.030846404861709413,0.04048741937022218,0.02905211788893705,-0.031019595357048596,0.16335296614345682,-0.062494666341912766,0.06074606057227748,-0.052244565928550674,0.04836838404279072,0.011035973985626751,-0.02321190635539885,0.0860662762461445,-0.10497885851155338,0.14578509601323117,-0.13890846266404236,0.24573690700506476,0.24510964232492335,0.0384089846300625,0.24173054036461486,-0.04241099382702946,0.24504859923712718,-0.11212042097588149,0.24524484291321866,-0.1648188823639311,0.2464567388828452
0.24607095698392695,0.25000000000000006,-0.11782433701094475,0.24835311330552717,-0.15607886532353646,0.24901596640022472,-0.1553096748826895,0.24830254363153725,-0.15724044182253002,0.24960941013645713,0.09847767753272971,-0.09989111285161748,0.11016653780409956,-0.1145770300071128,0.13105763991142202,-0.11641512569535292,0.14463462791816614,-0.15291981120805734,0.15430462034580678,-0.14576328468241942,-0.0658375841439654,0.08101331641337656,-0.0950589870591175,0.09392932377542465,-0.06796102166646611,0.06998834972469598,-0.07157292347614208,0.10664247346899546,-0.1074924195582509,0.15313567596757047,0.09507016691073171,-0.08617023451517232,0.08648798613890778,-0.07457979511164994,0.06347086246153859,-0.03253727207174131,0.04213414280234751,0.028621902312230777,-0.03062294202060123,0.1652559730610755,-0.06513461108447373,0.06338126519474749,-0.05465780388586526,0.050674497706389654,0.009981198023005858,-0.022469865760256225,0.0864712311783741,-0.10586264426822269,0.1473801595355786,-0.1403911858756335,0.24888294325628757,0.24823874068215326,0.040572652055014355,0.2447992884527049,-0.04190728156743031,0.2481774262829561,-0.11297645286183994,0.24837745984880436,-0.16674365982562125,0.24961007216813064
-0.11396573147215469,-0.11782433701094475,0.25000000000000006,-0.11876739944754305,0.1595936005741158,-0.1179483730174369,0.1102819439740341,-0.11673162666844143,0.08802967736789738,-0.11748267103458195,-0.22955980155785352,0.2313067510564936,-0.24156636116231678,0.23358611635711266,-0.17924082974100716,0.1498415719352832,-0.1153663066782395,0.10263469300676811,-0.09017586052407636,0.09489181976022104,0.19619054170289452,-0.21144299281377685,0.21417078576348117,-0.21352585204717758,0.186937854453364,-0.15986011751134308,0.15777409370481002,-0.13341859001881187,0.1330368378388037,-0.09932204639759214,-0.21242606922876597,0.20562612404171757,-0.20611085981972618,0.19358181391959925,-0.18318097998678923,0.15276358187604164,-0.14433841918655693,0.07570305432140949,-0.07385727728366442,-0.05503260112264514,0.18298013361248933,-0.18365601324845288,0.17512115633037795,-0.17123671316995262,0.11243272814488485,-0.10018349386270214,0.03438018382916568,-0.0022725307433172064,-0.037673588380915835,0.031678739253872865,-0.11728944482152999,-0.11617764129765593,-0.1615610168435077,-0.11286505219200527,-0.08181970300824272,-0.11610669755937816,-0.00919652268452594,-0.11633281600693333,0.05611138242612024,-0.11748030421239913
0.24517116699473385,0.24835311330552717,-0.11876739944754305,0.25,-0.15736050319140024,0.24812527853694533,-0.15591408755537095,0.2474109925808,-0.15761056672948193,0.24870972395272828,0.09948026536000727,-0.1008969086625603,0.1111751987516234,-0.11559995446243301,0.13216516380240648,-0.1173905167699331,0.14535103112714257,-0.1534216832496922,0.15471296604144835,-0.14622493322585,-0.06683449762091684,0.08201502417307188,-0.09607267670113101,0.09494639776653326,-0.06896355939207022,0.07090184172166024,-0.07246961099160129,0.10735622716544921,-0.10820137607051385,0.15357749467379067,0.0960571243329926,-0.0871809787103643,0.08750205548225873,-0.07558379294410783,0.06447588964706641,-0.033530517692121,0.04307166476040099,0.027711819089817395,-0.029712820215514302,0.16439030743644684,-0.06612150251871564,0.0643864398540133,-0.055660176118010996,0.05167578792620998,0.0090010919699052,-0.021494167440460184,0.08553295777302182,-0.10497586509545642,0.14650780378075184,-0.13952110404242093,0.24798713905218317,0.24733867016796482,0.04156998521586089,0.2438979498326833,-0.040937998187604505,0.24727721436053102,-0.11204583735826971,0.24747743216457652,-0.16587738770859772,0.24871034184018748
-0.15305679157366076,-0.15607886532353646,0.1595936005741158,-0.15736050319140024,0.24999999999999994,-0.156690486810354,0.18111671621136538,-0.15640065161095248,0.1680090645171308,-0.15608774268087358,-0.15240403297996405,0.1541033612446853,-0.16439769965625858,0.16961222319487704,-0.22467890575169974,0.1957681841987053,-0.18536949654833684,0.17686741213928833,-0.16854267388243338,0.16705104565765572,0.12142665686948294,-0.1366080936906984,0.1503566246388257,-0.14960633360321096,0.1494316735923255,-0.1510088204383056,0.15082874351516792,-0.16247758741889898,0.16272012003144548,-0.17240224843062002,-0.14887605615967275,0.14867691043930256,-0.14923358112386242,0.1468499713762467,-0.14584854869375796,0.12470135190593537,-0.1278974433627389,0.05670495563092182,-0.05476723466584166,-0.07982490216706892,0.13056646177826822,-0.13038586580217898,0.12650381025255242,-0.12522846144816474,0.07703742468737604,-0.07033953880001662,0.004682375826276669,0.020255401586403737,-0.061849574548882694,0.05530116093706701,-0.15572127351975296,-0.15478003276146024,-0.11289573102302275,-0.15141204412127177,-0.04539986082470739,-0.15465291818354882,0.021688657231715196,-0.1548674803826118,0.08116515734728144,-0.15608539414110495
0.24585369029256413,0.24901596640022472,-0.1179483730174369,0.24812527853694533,-0.156690486810354,0.2499999999999999,-0.15584111725048855,0.24809117960876137,-0.15779990051739398,0.2493894619963813,0.09875183493946069,-0.10016623831142424,0.11044408803487156,-0.11487233734477054,0.13149581606581356,-0.11685604798513478,0.14514956215143354,-0.1534610256711313,0.1548605495520573,-0.14630212924731212,-0.06610619264057287,0.0812863227400049,-0.09534800464392572,0.09421917591420012,-0.06827298256687829,0.07034360703144975,-0.07193079872599847,0.10708227520869833,-0.1079331571195955,0.15367909881178302,0.09534582546160368,-0.0864642294642568,0.08678384123084978,-0.0748821143385467,0.0637827018163347,-0.032850536321633414,0.04246976877993722,0.028309551338453427,-0.030310989346473763,0.16498949527475748,-0.06542272480247598,0.06367431156868947,-0.05495387083812392,0.05097258805212552,0.009688403697509146,-0.022174218051647522,0.08619292921831048,-0.10557653469509701,0.14710791029435277,-0.14011752271699035,0.24866402353433195,0.24801841934066013,0.0408644910564746,0.2445778701897175,-0.04162493177081821,0.24795697812024228,-0.11270694710854266,0.24815704503842856,-0.1664780720150878,0.24939010618905413
-0.1531352280680961,-0.1553096748826895,0.1102819439740341,-0.15591408755537095,0.18111671621136538,-0.15584111725048855,0.25000000000000017,-0.15652978281844337,0.22122166007006622,-0.1552392557850373,-0.10282996924734457,0.10480611399764062,-0.11503110203018177,0.12334150407507068,-0.17636537043449185,0.2045507404741938,-0.2387909116339966,0.22500041810351526,-0.22113395553949086,0.2146444939821689,0.07787493059985753,-0.09299725574282343,0.10679637885766072,-0.1060719347089858,0.1325455841190518,-0.15846485660201776,0.16456811392934484,-0.18646855025666537,0.18702231552222928,-0.2202432687559835,-0.10539601443691297,0.11223167216712913,-0.11284930484895948,0.12064806265086764,-0.12944531578115753,0.12325738014597967,-0.13559208245198892,0.06465487506504748,-0.06272785393908284,-0.07177218844083527,0.09926380546954977,-0.09881279341434673,0.10006413983075398,-0.10152219316328148,0.06916218132141697,-0.06981140293779448,0.006510870248468454,0.012416821782670479,-0.05390793781895624,0.04725206316893828,-0.15484322604923328,-0.1540015432404147,-0.0870903718470356,-0.15074740920007546,-0.037983664088704204,-0.15380714135716217,0.01986390961733009,-0.15400682426389015,0.07325367036219005,-0.15523690798661396
0.2451723049563281,0.24830254363153725,-0.11673162666844143,0.2474109925808,-0.15640065161095248,0.24809117960876137,-0.15652978281844337,0.2500000000000001,-0.15856655348831375,0.2486854241858184,0.09756560173544405,-0.09898418602284702,0.10926063039530381,-0.11377198795799273,0.13136665786187612,-0.11742176511711591,0.14580322351573044,-0.15417947088967016,0.15561775616608037,-0.1470540436711199,-0.06507427196698652,0.0802514722728109,-0.09431249605897357,0.0931873653337096,-0.06835536819641679,0.07092712022758207,-0.0726006887200579,0.1077835160386372,-0.10863364170089082,0.15441033005005644,0.09431786547652886,-0.08573167801115164,0.08605308423051077,-0.07457584221131197,0.06389020543367872,-0.03345422549767742,0.04314155562476073,0.027629447529486442,-0.029630119773014607,0.16429245484047555,-0.06488173948237434,0.0631361783242244,-0.05462501879742443,0.050758274826475394,0.009318419320519147,-0.021534984692458604,0.085526959891065,-0.10488673297593816,0.14641309599403923,-0.13942508654995864,0.24796152535243265,0.2473171513726199,0.04056028044469413,0.24388084832716547,-0.041236492848151715,0.24725315205913775,-0.11203675247007136,0.24745315365498735,-0.16578099702974677,0.2486860730967066
-0.1553967889416401,-0.15724044182253002,0.08802967736789738,-0.15761056672948193,0.1680090645171308,-0.15779990051739398,0.22122166007006622,-0.15856655348831375,0.25000000000000033,-0.15727387715677432,-0.08001758426914586,0.08189601050591326,-0.09209504970890424,0.10058329147228595,-0.15562540714530462,0.18554669462522427,-0.22001527279925903,0.23357083874639945,-0.24590200330723233,0.2372469815256304,0.058999404134661475,-0.07371437466104341,0.08752854590131154,-0.08680856621711251,0.11671310758087204,-0.14403472968825812,0.15277529563232548,-0.1877739321050381,0.18848284827305642,-0.23422050617993195,-0.08613813177254068,0.0938929781449905,-0.09450966854892155,0.10374263121558436,-0.11380332078130773,0.11111296037393704,-0.12436251466210102,0.05604313363338384,-0.0541800698802644,-0.07564209310964487,0.08244508428180163,-0.08181305462761704,0.08389955521171027,-0.0857540274831543,0.05762448869225177,-0.05970075454268269,-0.0010128978272759305,0.018378996235934413,-0.0584140367616306,0.05194242336586062,-0.15685326883310188,-0.15609233926767233,-0.07149947088344612,-0.1529747577317061,-0.027618783024390994,-0.15589269236781025,0.026477767249249645,-0.1560831791211824,0.07709230970602886,-0.15727235222318536
0.24645605057626166,0.24960941013645713,-0.11748267103458195,0.24870972395272828,-0.15608774268087358,0.2493894619963813,-0.1552392557850373,0.2486854241858184,-0.15727387715677432,0.25000000000000017,0.0982001395762259,-0.09961313491943102,0.10989105625909187,-0.11431848976282395,0.1308926520707528,-0.11625270580747149,0.14454679241850588,-0.15291189800318997,0.1543237954548184,-0.14576037505347528,-0.06555097731435885,0.08073095140953189,-0.09479503656131949,0.09366387636557585,-0.0676860839662173,0.06974006862024738,-0.07133199081772655,0.10651367325457099,-0.10736587707285009,0.1531423617063175,0.09481307996267943,-0.08590244699066571,0.0862195057051102,-0.07430825358963765,0.0631932595554414,-0.032248911060653446,0.041867638744164715,0.028911106621177844,-0.030913038815259614,0.16559224211662307,-0.06486457386848056,0.06310488900638839,-0.05437801776653693,0.050393047882969146,0.010284070236751638,-0.022777397396267933,0.08679554086017822,-0.10617904101653723,0.1477105590039421,-0.14071777721973783,0.2492666921537225,0.2486234972155387,0.04028811401687837,0.2451828973671955,-0.04222106107438736,0.24856220323354683,-0.11331019171530818,0.24876226724678144,-0.16708079879360618,0.24999533769333107
0.09471603152508505,0.09847767753272971,-0.22955980155785352,0.09948026536000727,-0.15240403297996405,0.09875183493946069,-0.10282996924734457,0.09756560173544405,-0.08001758426914586,0.0982001395762259,0.2500000000000003,-0.24731809771427624,0.23701573238074986,-0.22862366571587217,0.17306592013896271,-0.14390735155867107,0.10912052239830007,-0.09540061737405744,0.08268485978232001,-0.08782634540883717,-0.21179805387935635,0.22693465130434404,-0.2142055476037504,0.21362144158065424,-0.18715517356373249,0.1586622678054967,-0.15619115284193705,0.1291326830733471,-0.12869414800685988,0.09207533382095053,0.21235042582779484,-0.2058236266540734,0.20627569949711744,-0.19386477552550319,0.183599529697609,-0.15420548185673771,0.1447620900369267,-0.08075291270471632,0.07903660315611821,0.041377730129340234,-0.184125249513108,0.18499508259595374,-0.17669994501261632,0.17290489313039242,-0.11700913449437272,0.10513531505407843,-0.043302111654316626,0.012204506483856679,0.025135315328706918,-0.019602259418014804,0.09806952192278025,0.09697789611128096,0.16399001762426485,0.09387743906185983,0.08840457006216916,0.09691398129044022,0.019790282815760125,0.0971280914344983,-0.042354186711227766,0.09819752255415087
-0.09613015258332805,-0.09989111285161748,0.2313067510564936,-0.1008969086625603,0.1541033612446853,-0.10016623831142424,0.10480611399764062,-0.09898418602284702,0.08189601050591326,-0.09961313491943102,-0.24731809771427624,0.2500000000000002,-0.2396649877472119,0.23123399194564292,-0.17535382875171962,0.14601882135557673,-0.11112659281894063,0.09733109316813504,-0.08452004653002,0.08966023400614706,0.2139697529443908,-0.22930193367432902,0.21666266695777678,-0.21607123316277113,0.18937146630125148,-0.16069521595175443,0.1582253896262618,-0.13111357929310014,0.13067473473681954,-0.0939804417308509,-0.2147766878252175,0.20819912828954434,-0.20865900362982845,0.19613022434983524,-0.18577150144532106,0.1560545318186387,-0.14658089033465174,0.08174430743455843,-0.08000578790200452,-0.041967181024265166,0.18624465840585508,-0.18712187085553095,0.1787402976826055,-0.1749072872375234,0.11834966894485766,-0.10635047467082295,0.04373936068191024,-0.012306195765547855,-0.025515889443085096,0.019909412711676715,-0.09948016765976685,-0.09837533894253021,-0.16586839326479008,-0.09523516245614348,-0.08937622568282033,-0.09831035460331168,-0.01992273177926841,-0.09852706730605724,0.04295808483351899,-0.09961049447512677
0.10640621631744894,0.11016653780409956,-0.24156636116231678,0.1111751987516234,-0.16439769965625858,0.11044408803487156,-0.11503110203018177,0.10926063039530381,-0.09209504970890424,0.10989105625909187,0.23701573238074986,-0.2396649877472119,0.25000000000000044,-0.24135324470290184,0.1854269734831525,-0.1561375460968644,0.12123460424747853,-0.10742775486383112,0.0946136415796798,-0.099525283376917,-0.20441067397508836,0.2196986791830951,-0.22191031723481136,0.22129371161310335,-0.19463895624590036,0.16713223936256508,-0.16493512606178898,0.13936316683198213,-0.1389526858631738,0.10389921471015635,0.21993446564197175,-0.21335584714135558,0.21386776761480986,-0.20127943438308532,0.19090457370250266,-0.16044435034010862,0.1517425049837639,-0.08306466262522622,0.08122397319408337,0.04771089364148623,-0.19056905886167075,0.19139176808784308,-0.1828503958230579,0.17896451178516956,-0.12011631664433547,0.1078540148803964,-0.04194771832854316,0.009621778187689198,0.03034208394672863,-0.024378619307353324,0.10973002130494257,0.10858606691435761,0.1692820668578496,0.10527129845695146,0.08949122531897666,0.10851420002511362,0.016762723914982576,0.10874095846053605,-0.04878509642833036,0.10988833826979316
-0.11090142282375731,-0.1145770300071128,0.23358611635711266,-0.11559995446243301,0.16961222319487704,-0.11487233734477054,0.12334150407507068,-0.11377198795799273,0.10058329147228595,-0.11431848976282395,-0.22862366571587217,0.23123399194564292,-0.24135324470290184,0.25000000000000033,-0.19400288559438564,0.16460567734828147,-0.12970352551471953,0.11590290179077023,-0.10308525571799826,0.10793673280457122,0.20116288042175814,-0.21640375293930042,0.2299471790265257,-0.22933161229772234,0.202698876861763,-0.17505083450924436,0.17301133386898668,-0.14761978123620428,0.14721139194605087,-0.11234305883166504,-0.22781913810835763,0.2213281414272978,-0.22188794384746882,0.20922991711892008,-0.1988630390831142,0.1677967047924762,-0.15910339550836974,0.08732779908401919,-0.08540732974316917,-0.04912206643128547,0.19780342607780016,-0.1986562606058895,0.18998724128755523,-0.18606035480511846,0.12536943274201512,-0.1128968967525559,0.04419057992942954,-0.010685456655202931,-0.03100684272146889,0.02477938472535573,-0.11415073961567779,-0.11295993828603357,-0.17585762756408801,-0.10950447323224796,-0.0934169267231344,-0.11288205222314156,-0.01791206133974635,-0.11311806603057603,0.05025090092617512,-0.114315736103075
0.12798297926244595,0.13105763991142202,-0.17924082974100716,0.13216516380240648,-0.22467890575169974,0.13149581606581356,-0.17636537043449185,0.13136665786187612,-0.15562540714530462,0.1308926520707528,0.17306592013896271,-0.17535382875171962,0.1854269734831525,-0.19400288559438564,0.25000000000000033,-0.21965370876721052,0.1847346515973807,-0.1707161923482738,0.15788918107241043,-0.16038374015086024,-0.1459437616578375,0.16112053926783632,-0.17476517697116703,0.1741110321481192,-0.17412484151527183,0.17564501215855707,-0.17465775853424728,0.17472540054118008,-0.17467351361372585,0.16504075300873738,0.17289237352907738,-0.17321040238830004,0.1738117156285505,-0.1713963537268709,0.17063279849890267,-0.1495838039141279,0.15210703667374711,-0.0808189338408138,0.07890084804672613,0.05554839661942814,-0.15470753569626639,0.15500429355755393,-0.1511868539504297,0.14995150627574555,-0.10193216717918363,0.09530336445192425,-0.02948120211468455,0.003979436577941222,0.037581920948021444,-0.031147998100412598,0.13063252397594585,0.1295892895756759,0.13758964951030553,0.1262225662445428,0.0703257778643149,0.1294585326764989,0.0031618699790539155,0.12967448402899706,-0.05687376219426444,0.13088965147976683
-0.1141448447600647,-0.11641512569535292,0.1498415719352832,-0.1173905167699331,0.1957681841987053,-0.11685604798513478,0.2045507404741938,-0.11742176511711591,0.18554669462522427,-0.11625270580747149,-0.14390735155867107,0.14601882135557673,-0.1561375460968644,0.16460567734828147,-0.21965370876721052,0.25000000000000033,-0.21502761299709489,0.2010180586166262,-0.1882064344327734,0.19059787512142354,0.11921038945495281,-0.13436972365545424,0.1480234402542886,-0.1474510736143061,0.17632698855452414,-0.20346113482397593,0.2025805479749341,-0.20412209799041084,0.20404797589012058,-0.19530555229096538,-0.14618526015442485,0.15424889428813487,-0.15491902494596904,0.16345250653929777,-0.17331098962599378,0.16308762983498762,-0.17393150515109132,0.10262125585592183,-0.10071946454916808,-0.03393085129551206,0.1405214655120749,-0.14084870397499996,0.14231194640690237,-0.14401435593894987,0.10966102193022648,-0.10937873365349915,0.045495297489124065,-0.02552343668199935,-0.01603155805832611,0.009538221043925113,-0.11602915582667953,-0.11501036403107022,-0.12925133752008314,-0.11172842916986729,-0.07835112199553489,-0.11481771817808184,-0.019122567964189693,-0.11502031233145814,0.03539424935553945,-0.11624963054076316
0.1425527442285394,0.14463462791816614,-0.1153663066782395,0.14535103112714257,-0.18536949654833684,0.14514956215143354,-0.2387909116339966,0.14580322351573044,-0.22001527279925903,0.14454679241850588,0.10912052239830007,-0.11112659281894063,0.12123460424747853,-0.12970352551471953,0.1847346515973807,-0.21502761299709489,0.25000000000000033,-0.2341510813464898,0.22128536038859548,-0.21591332686139333,-0.08448701051869197,0.09960736352015126,-0.11335977755198005,0.11267824944803341,-0.1418132637380025,0.16897826562439197,-0.17515057786708596,0.19672322009313628,-0.19713202864067472,0.2207326689912651,0.11181080248529093,-0.11954140605982086,0.12018263448712604,-0.12895620827356352,0.13880056105461588,-0.13373366402249337,0.14621596124975195,-0.07527962959008898,0.07336154000951078,0.06111104383459062,-0.10686700391184167,0.10659571260194874,-0.1083524799776695,0.1100905971312196,-0.0790933943439051,0.08037326299540867,-0.017110545737985337,-0.0017672247486765517,0.04325083093064801,-0.03663569567504045,0.14419297905376216,0.14331626556608956,0.09543267656124683,0.14007065227632318,0.047953816838975705,0.14311466667925815,-0.009249232071421608,0.14331427041700176,-0.06259314682361106,0.14454408979187203
-0.15095852017652223,-0.15291981120805734,0.10263469300676811,-0.1534216832496922,0.17686741213928833,-0.1534610256711313,0.22500041810351526,-0.15417947088967016,0.23357083874639945,-0.15291189800318997,-0.09540061737405744,0.09733109316813504,-0.10742775486383112,0.11590290179077023,-0.1707161923482738,0.2010180586166262,-0.2341510813464898,0.2500000000000003,-0.2370002713554499,0.23036205976087834,0.07308501068142648,-0.08822032789771311,0.10202496272590407,-0.10131167301511483,0.13142596108853508,-0.1589775695743546,0.1681417691540783,-0.20359627640107464,0.20409730530598572,-0.2351912361527739,-0.10047778190063053,0.10842248136482141,-0.1090690344197131,0.11825474896074947,-0.128429293536595,0.12548605373232513,-0.13894925960317447,0.06809028645431361,-0.0661657711362183,-0.06850778966909075,0.09621777356301559,-0.09576347100519567,0.09778157478741509,-0.09962177937997316,0.07014813293369096,-0.07216683828557412,0.009107696701863625,0.00909691045441835,-0.05063218988896302,0.043963008896726885,-0.1525191243417984,-0.15168525372515104,-0.08490210595301649,-0.14844859434746485,-0.039018083771029846,-0.15147810642784004,0.017299298398987882,-0.1516762479725643,0.07000758489815989,-0.1529093842645818
0.15246415062673147,0.15430462034580678,-0.09017586052407636,0.15471296604144835,-0.16854267388243338,0.1548605495520573,-0.22113395553949086,0.15561775616608037,-0.24590200330723233,0.1543237954548184,0.08268485978232001,-0.08452004653002,0.0946136415796798,-0.10308525571799826,0.15788918107241043,-0.1882064344327734,0.22128536038859548,-0.2370002713554499,0.2500000000000003,-0.24120727980309167,-0.06163983164101816,0.07639547817392749,-0.09021592226175126,0.08950697460992713,-0.11959821543917887,0.14700115436794364,-0.15631759792694364,0.191342062149613,-0.19201287700995517,0.23526776443679304,0.08875961053557335,-0.09663363223900298,0.09725948720834768,-0.1065469660598184,0.11670399851107123,-0.11455348529686073,0.12788061073563078,-0.05941250608166329,0.05754812332139349,0.07254703267788427,-0.08517169362824054,0.0845949026904546,-0.08673865919228556,0.0886151376993964,-0.06080638509554768,0.06306738212679239,-0.0022357281504865375,-0.015162863523028834,0.05528258208149661,-0.048809948108952964,0.1539144569369628,0.15314087300261237,0.07432483263830116,0.15001949080355767,0.03075031389115202,0.15293887474713355,-0.0232793242017553,0.1531297805366291,-0.07400015354442238,0.154321408248289
-0.1439328438688403,-0.14576328468241942,0.09489181976022104,-0.14622493322585,0.16705104565765572,-0.14630212924731212,0.2146444939821689,-0.1470540436711199,0.2372469815256304,-0.14576037505347528,-0.08782634540883717,0.08966023400614706,-0.099525283376917,0.10793673280457122,-0.16038374015086024,0.19059787512142354,-0.21591332686139333,0.23036205976087834,-0.24120727980309167,0.2500000000000002,0.06834250011390207,-0.08302164835710742,0.09673640487929454,-0.09606352412256022,0.12626472074116454,-0.15363055742187395,0.1635275495197952,-0.1981932797150702,0.19884952907052722,-0.24202317598225645,-0.09501488990200196,0.10319145986812898,-0.10384943992118838,0.11315600275077647,-0.1234184228639654,0.12194104213100555,-0.13526838020810186,0.06706538135006694,-0.0652147953712161,-0.06435845840479626,0.09174633169911797,-0.09131573191036951,0.09353236383669136,-0.09543433160193823,0.06822393076612021,-0.07070723307749639,0.010123533085904244,0.007203588555592388,-0.047163282849794035,0.04074740900102695,-0.14538538444935362,-0.1445851304319529,-0.08118327525306206,-0.14147931930255628,-0.03830413544071198,-0.14438095897071712,0.015281788062527748,-0.1445711503122032,0.06580586593747394,-0.14575791842666136
-0.06276205327045198,-0.0658375841439654,0.19619054170289452,-0.06683449762091684,0.12142665686948294,-0.06610619264057287,0.07787493059985753,-0.06507427196698652,0.058999404134661475,-0.06555097731435885,-0.21179805387935635,0.2139697529443908,-0.20441067397508836,0.20116288042175814,-0.1459437616578375,0.11921038945495281,-0.08448701051869197,0.07308501068142648,-0.06163983164101816,0.06834250011390207,0.2500000000000002,-0.2345080654614403,0.22067825292348356,-0.2179111310687249,0.19121234309705953,-0.15646870500482155,0.1532850397777569,-0.11762580170082354,0.11703215165874642,-0.07153314473334346,-0.22042443542144985,0.21362694955235054,-0.21315381566830577,0.20060029342521396,-0.1904228100020045,0.16364807895241062,-0.14948650347297696,0.09203662186205809,-0.09049285085455513,-0.019321837895909633,0.1929590233841803,-0.19422881502192663,0.1861677727580479,-0.18244252416188889,0.13098941853671422,-0.1200214478939226,0.06237256790228927,-0.030006642983995524,-0.00425675832403831,-0.0005374953986881252,-0.06552828555525253,-0.06443402422777074,-0.174507484931938,-0.06160561842272717,-0.10493721616690116,-0.06437286716362854,-0.0408980828179998,-0.06457909621844177,0.019996546853148164,-0.06554850555442057
0.07766270378792264,0.08101331641337656,-0.21144299281377685,0.08201502417307188,-0.1366080936906984,0.0812863227400049,-0.09299725574282343,0.0802514722728109,-0.07371437466104341,0.08073095140953189,0.22693465130434404,-0.22930193367432902,0.2196986791830951,-0.21640375293930042,0.16112053926783632,-0.13436972365545424,0.09960736352015126,-0.08822032789771311,0.07639547817392749,-0.08302164835710742,-0.2345080654614403,0.2500000000000003,-0.23589968068910477,0.23305165203614855,-0.20639310648175768,0.17127016362035224,-0.16843059870794588,0.1327388157231099,-0.13215539299770993,0.08664627610881445,0.23378103338076872,-0.22752894911956922,0.2280223402112867,-0.21539974334477352,0.20515996491560495,-0.17540332475884607,0.16108414222951317,-0.09596409857395305,0.09423129454721796,0.02794122006886873,-0.205193482014085,0.20644111125987763,-0.19806801369787747,0.19424474892286905,-0.1376215542130988,0.12562319689967236,-0.06170492582195616,0.026538169595079986,0.011397105048196582,-0.005914747354112416,0.08067447019853798,0.07949313826103552,0.18516798951655597,0.07634529718480251,0.10859191959232957,0.07942563122554624,0.03789093982649604,0.07965202779662442,-0.02883943814322996,0.08072837198541301
-0.09171379993397309,-0.0950589870591175,0.21417078576348117,-0.09607267670113101,0.1503566246388257,-0.09534800464392572,0.10679637885766072,-0.09431249605897357,0.08752854590131154,-0.09479503656131949,-0.2142055476037504,0.21666266695777678,-0.22191031723481136,0.2299471790265257,-0.17476517697116703,0.1480234402542886,-0.11335977755198005,0.10202496272590407,-0.09021592226175126,0.09673640487929454,0.22067825292348356,-0.23589968068910477,0.2500000000000004,-0.2464948141707537,0.21984873552002052,-0.18441615446410256,0.18192654271638034,-0.1463450190302617,0.14576962438717478,-0.10044312027839969,-0.24703455594503812,0.24080629247354468,-0.24138840253868482,0.22862133177648492,-0.21836077733433745,0.1872757041742972,-0.17298656102172083,0.10103053548990101,-0.09911860209802431,-0.035357433552893364,0.21691058192006152,-0.21814214720054648,0.20948018834525167,-0.20556076823059613,0.14486979675518222,-0.13239972535310773,0.06232590061115105,-0.024563107149602664,-0.017172363251744024,0.011092022325153965,-0.0947052400356889,-0.09343877678258304,-0.1953464047914244,-0.08998161837063184,-0.11291805740917994,-0.09335869883041618,-0.03610358938791527,-0.09360542682662816,0.0363759825300862,-0.09479237717533837
0.0906000024550119,0.09392932377542465,-0.21352585204717758,0.09494639776653326,-0.14960633360321096,0.09421917591420012,-0.1060719347089858,0.0931873653337096,-0.08680856621711251,0.09366387636557585,0.21362144158065424,-0.21607123316277113,0.22129371161310335,-0.22933161229772234,0.1741110321481192,-0.1474510736143061,0.11267824944803341,-0.10131167301511483,0.08950697460992713,-0.09606352412256022,-0.2179111310687249,0.23305165203614855,-0.2464948141707537,0.25000000000000033,-0.21941648002284783,0.18394705018454718,-0.18141784340794795,0.14575568159517627,-0.14517694083222102,0.09972799201763945,0.24416052846182223,-0.23798160434381677,0.23856251671377166,-0.22589601493099076,0.21570186242735895,-0.1848413421927282,0.1716861932648019,-0.10064205827763743,0.09875532974311374,0.03401283362474024,-0.2143556150719197,0.2155715750209485,-0.20698467242652063,0.2030980757476225,-0.1430300993255899,0.13064820922307507,-0.06168717138208741,0.02512219027011822,0.01607279930294929,-0.010057574366117716,0.09357631526261782,0.09232429857010872,0.19302546079688676,0.0889099932841389,0.11148061887361495,0.092245827723923,0.035792794047536214,0.09248761450804235,-0.03503795723061757,0.09366120692011483
-0.06546519197121757,-0.06796102166646611,0.186937854453364,-0.06896355939207022,0.1494316735923255,-0.06827298256687829,0.1325455841190518,-0.06835536819641679,0.11671310758087204,-0.0676860839662173,-0.18715517356373249,0.18937146630125148,-0.19463895624590036,0.202698876861763,-0.17412484151527183,0.17632698855452414,-0.1418132637380025,0.13142596108853508,-0.11959821543917887,0.12626472074116454,0.19121234309705953,-0.20639310648175768,0.21984873552002052,-0.21941648002284783,0.2500000000000004,-0.21404698042856007,0.21155121855142203,-0.175953485116722,0.17533227805121596,-0.12999802758660453,-0.21761165726147857,0.22649058016561313,-0.22719536156516382,0.23572345110450899,-0.24534686212826814,0.21435707596412082,-0.20142836288655777,0.12945719985949006,-0.12756815117074993,-0.006921385055708249,0.21005013048699017,-0.21153771645111666,0.21203290674806646,-0.2137166688076537,0.16607753698337646,-0.1595048750005883,0.0897068359156351,-0.05297455602748909,0.011246190047157111,-0.017267419168524284,-0.06768794201964877,-0.06639591146220931,-0.19851142743487318,-0.06299497465377399,-0.13427270759375187,-0.066249480330255,-0.06349318663739514,-0.0664937169924267,0.007968674138889275,-0.06768318776410069
0.06792447758120924,0.06998834972469598,-0.15986011751134308,0.07090184172166024,-0.1510088204383056,0.07034360703144975,-0.15846485660201776,0.07092712022758207,-0.14403472968825812,0.06974006862024738,0.1586622678054967,-0.16069521595175443,0.16713223936256508,-0.17505083450924436,0.17564501215855707,-0.20346113482397593,0.16897826562439197,-0.1589775695743546,0.14700115436794364,-0.15363055742187395,-0.15646870500482155,0.17127016362035224,-0.18441615446410256,0.18394705018454718,-0.21404698042856007,0.25000000000000033,-0.23942890786271454,0.20373572015559602,-0.20309164904082408,0.15761793985106978,0.18231041004783435,-0.1911511202104357,0.19184067170017458,-0.2006766208684327,0.21124468043841776,-0.20172100195926737,0.2118321536620743,-0.14199289370416643,0.14017259205607988,-0.009278492826500149,-0.17726971101666325,0.17840134074996622,-0.18019777438047424,0.1820768280370022,-0.14945890809279977,0.14957977143917464,-0.08719224422062623,0.06710164235909591,-0.026689944304028414,0.03282334591053274,0.06970573511735564,0.06854116640142978,0.16752028068411406,0.06535085203983568,0.11903246879783824,0.06834473906007824,0.061593742760577254,0.06854362292657239,0.007869970813109346,0.06973694807932788
-0.06957481141965931,-0.07157292347614208,0.15777409370481002,-0.07246961099160129,0.15082874351516792,-0.07193079872599847,0.16456811392934484,-0.0726006887200579,0.15277529563232548,-0.07133199081772655,-0.15619115284193705,0.1582253896262618,-0.16493512606178898,0.17301133386898668,-0.17465775853424728,0.2025805479749341,-0.17515057786708596,0.1681417691540783,-0.15631759792694364,0.1635275495197952,0.1532850397777569,-0.16843059870794588,0.18192654271638034,-0.18141784340794795,0.21155121855142203,-0.23942890786271454,0.25000000000000056,-0.21381200147147944,0.21316236133628017,-0.1677535316520019,-0.17981272664768919,0.188629110495173,-0.18932904681010157,0.19813025309464066,-0.2088293869868582,0.20676977176526576,-0.22041020886755608,0.14862693239747876,-0.14675680669439586,0.012160631198779689,0.17495294013784662,-0.17604725460491774,0.17818037901109593,-0.18007947571595848,0.15125175644411953,-0.15359010352370236,0.09026611788212256,-0.07156563697799424,0.03003386400184479,-0.03637284194883992,-0.07128700548810911,-0.07011814763223026,-0.16530281472700323,-0.06687860324300518,-0.12014565498379241,-0.06989795428077256,-0.06394084362943549,-0.07009772033537355,-0.010667995550975935,-0.07132881635478446
0.10467939856345142,0.10664247346899546,-0.13341859001881187,0.10735622716544921,-0.16247758741889898,0.10708227520869833,-0.18646855025666537,0.1077835160386372,-0.1877739321050381,0.10651367325457099,0.1291326830733471,-0.13111357929310014,0.13936316683198213,-0.14761978123620428,0.17472540054118008,-0.20412209799041084,0.19672322009313628,-0.20359627640107464,0.191342062149613,-0.1981932797150702,-0.11762580170082354,0.1327388157231099,-0.1463450190302617,0.14575568159517627,-0.175953485116722,0.20373572015559602,-0.21381200147147944,0.2500000000000005,-0.24869667537805237,0.2032283658439169,0.14438708672355574,-0.15292774183774469,0.15361566316161385,-0.1626207054665907,0.1731299202231842,-0.1710849960556963,0.18471610643986328,-0.11383196350684038,0.11194923965174763,0.02232301160376054,-0.13997307726664898,0.1403890983208171,-0.14251189985141857,0.14439805542214282,-0.11562072744370316,0.11795098053271327,-0.05499279879719651,0.03691094444735877,0.004503934674894636,0.001967016009630004,0.10631773218694586,0.1052984113765162,0.12967657857346251,0.10206890997479283,0.08457241429794969,0.10508360736461773,0.028699328815322278,0.10528120746199995,-0.023824228320684242,0.10651078532623631
-0.10552722021695009,-0.1074924195582509,0.1330368378388037,-0.10820137607051385,0.16272012003144548,-0.1079331571195955,0.18702231552222928,-0.10863364170089082,0.18848284827305642,-0.10736587707285009,-0.12869414800685988,0.13067473473681954,-0.1389526858631738,0.14721139194605087,-0.17467351361372585,0.20404797589012058,-0.19713202864067472,0.20409730530598572,-0.19201287700995517,0.19884952907052722,0.11703215165874642,-0.13215539299770993,0.14576962438717478,-0.14517694083222102,0.17533227805121596,-0.20309164904082408,0.21316236133628017,-0.24869667537805237,0.2500000000000002,-0.2039860738308539,-0.1438170254548571,0.1523428433367181,-0.1530313175408321,0.1620299323754164,-0.17252928238029977,0.1705667180310028,-0.18422132085017914,0.1135919097427382,-0.11170495153575558,-0.02296368088013117,0.1394055723332353,-0.13980805735577445,0.14193067049327546,-0.14381320754862337,0.11508203150773039,-0.11744603284494251,0.05445620499501034,-0.03644602713536126,-0.005091343900052881,-0.0014004174060714197,-0.10716678600934888,-0.10614816319522648,-0.12906543602926784,-0.10291589359863407,-0.08401243926280817,-0.10593187716303056,-0.0280901892727749,-0.1061298484893174,0.02446862676132627,-0.10736299445954542
0.1512165137135876,0.15313567596757047,-0.09932204639759214,0.15357749467379067,-0.17240224843062002,0.15367909881178302,-0.2202432687559835,0.15441033005005644,-0.23422050617993195,0.1531423617063175,0.09207533382095053,-0.0939804417308509,0.10389921471015635,-0.11234305883166504,0.16504075300873738,-0.19530555229096538,0.2207326689912651,-0.2351912361527739,0.23526776443679304,-0.24202317598225645,-0.07153314473334346,0.08664627610881445,-0.10044312027839969,0.09972799201763945,-0.12999802758660453,0.15761793985106978,-0.1677535316520019,0.2032283658439169,-0.2039860738308539,0.25000000000000033,0.09869346549057668,-0.1068609562513433,0.10753450506394929,-0.11679079353057575,0.1270468912958759,-0.12505897555093576,0.13864764348576103,-0.06779694644608367,0.0658726503210104,0.06876143774005802,-0.09480244496261761,0.09433256073084317,-0.09643045264734047,0.09829351508764131,-0.06947905435823512,0.0718061410424174,-0.008799289856200355,-0.009367963584340663,0.050891013583168485,-0.04422175480124282,0.15274666310495866,0.15191869752030093,0.08357749334178532,0.14868832018917374,0.03837952464383127,0.15170909406418015,-0.017599231852194214,0.15190711344474125,-0.07026076935100402,0.1531398923910671
0.09174782534754786,0.09507016691073171,-0.21242606922876597,0.0960571243329926,-0.14887605615967275,0.09534582546160368,-0.10539601443691297,0.09431786547652886,-0.08613813177254068,0.09481307996267943,0.21235042582779484,-0.2147766878252175,0.21993446564197175,-0.22781913810835763,0.17289237352907738,-0.14618526015442485,0.11181080248529093,-0.10047778190063053,0.08875961053557335,-0.09501488990200196,-0.22042443542144985,0.23378103338076872,-0.24703455594503812,0.24416052846182223,-0.21761165726147857,0.18231041004783435,-0.17981272664768919,0.14438708672355574,-0.1438170254548571,0.09869346549057668,0.2500000000000003,-0.24027750327159064,0.239561590470371,-0.2268100884999715,0.21655196007049493,-0.1856966228305425,0.17142280539263305,-0.09976691068566673,0.09786935531019823,0.035761870318127414,-0.21626592879922713,0.21749149793391437,-0.20884312002514505,0.20492898197098205,-0.1443570849928002,0.13190813136925553,-0.06194748293425877,0.024160423476522225,0.01748815628546432,-0.01154576688755169,0.09472184385606246,0.09345964821014945,0.1947388934973436,0.09000961024290487,0.11247108080116232,0.09337983865439788,0.03578148187642769,0.09362629879077278,-0.036649223011594664,0.09481047855578022
-0.08307817018787918,-0.08617023451517232,0.20562612404171757,-0.0871809787103643,0.14867691043930256,-0.0864642294642568,0.11223167216712913,-0.08573167801115164,0.0938929781449905,-0.08590244699066571,-0.2058236266540734,0.20819912828954434,-0.21335584714135558,0.2213281414272978,-0.17321040238830004,0.15424889428813487,-0.11954140605982086,0.10842248136482141,-0.09663363223900298,0.10319145986812898,0.21362694955235054,-0.22752894911956922,0.24080629247354468,-0.23798160434381677,0.22649058016561313,-0.1911511202104357,0.188629110495173,-0.15292774183774469,0.1523428433367181,-0.1068609562513433,-0.24027750327159064,0.25000000000000033,-0.24910625377575069,0.23630543262822645,-0.22608863888179176,0.19516487733262347,-0.1807722480037201,0.1089721215853808,-0.10707717364146391,-0.026829289353461985,0.22563600133667427,-0.22703875037088903,0.21838051413459253,-0.21446377730401936,0.15377014135564343,-0.1413014090442971,0.07115592666897556,-0.03322665309988077,-0.008513750486786768,0.002596835655628889,-0.08584934885802875,-0.08454720183275426,-0.20424338070419093,-0.08108887848582332,-0.12181596374814496,-0.08446597461736707,-0.04494123578666447,-0.08471317034346469,0.02771609838873415,-0.08589973265180215
