x1,x2,x3,x4,x5,x6,x7,x8,x9,x10,x11,x12,x13,x14,x15,x16,x17,x18,x19,x20,x21,x22,x23,x24,x25,x26,x27,x28,x29,x30,x31,x32,x33,x34,x35,x36,x37,x38,x39,x40,x41,x42,x43,x44,x45,x46,x47,x48,x49,x50,x51,x52,x53,x54,x55,x56,x57,x58,x59,x60
0.24999999999999994,0.24965817978840577,0.24103496370465852,0.24902419382744367,0.24592558998479797,0.24719657424563907,0.24138344698485178,0.2450875703130225,0.22717467485570378,0.24982766031482564,0.24655275645034574,0.07449869952255349,-0.07134041500659925,0.17070876026280468,-0.1363973738634795,0.20295592387267408,-0.1642395644866771,0.23321091019680432,-0.19859166379595306,0.23910704547768521,0.2472851438333333,0.0028151156587760077,-0.0002626252649343808,0.028627109624122068,-0.007317777598711578,0.03479461549368061,-0.005207638624080067,0.03143579035959859,-0.02374270207062445,0.24543646340140046,0.2491025950805856,-0.07476414674047263,0.08206748490939769,-0.0525433532727936,0.06662695248688755,-0.0478826343291072,0.06654606411935182,-0.036115423850179545,0.042081896948918826,0.23785424400475488,0.24699805219706725,0.14525275336053328,-0.14213467276904268,0.20669236954900336,-0.16387347268228936,0.23027778616696443,-0.1659176901016471,0.2326495618176609,-0.19075577456183113,0.22932972499095094,0.2497636697664039,0.24965514645787218,0.2432433207989215,0.24744317519497228,0.2406195476793215,0.24020799346270863,0.23418425708301452,0.23824148996598488,0.23043863482809082,0.24982765799740592
0.24965817978840577,0.25,0.24102316037311056,0.2490224646394776,0.24591520025398247,0.2471967930175462,0.24138648614440514,0.24508445466470166,0.2271678157614847,0.24982517482915803,0.2465490021274433,0.07430931690045782,-0.07115076000839334,0.17062154274053892,-0.13631734301629903,0.2029279965434668,-0.1642183931320268,0.23319842898244852,-0.19857685185804425,0.23910064986757718,0.2472805264860284,0.003037769775854103,-0.0004873585753125474,0.028859643389752714,-0.007536996920415099,0.035020532226587506,-0.005417316222528656,0.03164397512589631,-0.023949587195655462,0.2454379222788478,0.249100874331923,-0.0749583380876129,0.08226715603467291,-0.052768558414921965,0.06684774771453837,-0.04810650234494912,0.06676346393922153,-0.03632109153330078,0.04229102061547796,0.2378423635730164,0.24699497179384852,0.14536677258169145,-0.14224543049843455,0.20674018219941545,-0.1639152949325798,0.2302985957796288,-0.16588979840059725,0.23264612959029507,-0.19072123008665087,0.22931128610102355,0.24976120167553423,0.2496525457016284,0.24324446907820693,0.24743894073692166,0.24061042688327874,0.24019815583904958,0.2341701224566481,0.2382302639452742,0.23042131947843417,0.24982517216609176
0.24103496370465852,0.24102316037311056,0.24999999999999986,0.2403879389876721,0.23732804754605397,0.2385763801514415,0.23287332096102736,0.23648280899773172,0.21862847983640188,0.24119204263385918,0.23798418634735005,0.08002645891098904,-0.07902541198716694,0.16555738136261325,-0.131306238448693,0.19514834150176152,-0.15652033709940613,0.22482223543557414,-0.1904621206009822,0.23047797321338492,0.23877796216171437,-0.002525305945638935,0.004944541741697094,0.02331231197942473,-0.0030252518913293593,0.030439928835573185,-0.001842969149560436,0.027449049521262356,-0.020078261707175686,0.23695751949438035,0.2404805783576741,-0.06922145556469277,0.07617194437641879,-0.04733565796084813,0.061013382828682246,-0.0429444716226852,0.06124467878548351,-0.032087159005325855,0.037807686872096305,0.22976885491499616,0.238469530227363,0.13849736802090507,-0.13554261068705262,0.19879908938407817,-0.15756958241408608,0.22199133887771272,-0.1605878363081337,0.22464905665825421,-0.18465879275292107,0.2216381164149554,0.2411300036479573,0.24102719425801558,0.2347801514634175,0.23891581251837296,0.23239948022278972,0.23201311630823082,0.22626020006868997,0.23013503574575161,0.22269353417823518,0.2411920398252797
0.24902419382744367,0.2490224646394776,0.2403879389876721,0.24999999999999978,0.24528029321123018,0.2465697603989851,0.2407848447951297,0.2444568461119475,0.2265714639652881,0.24919058689176915,0.24591852840417733,0.07372691860896574,-0.07057491350096573,0.17000498571408015,-0.13579971219569342,0.2023296513887745,-0.16371449840511784,0.2325748998848022,-0.19802468006566395,0.23847678913782908,0.2466472305297314,0.003547356003255413,-0.0010094213169743217,0.029345347989651795,-0.008045048618397298,0.0354923935526609,-0.005918710714468991,0.032079565641656385,-0.02440192970850444,0.24482507059049893,0.24846999073504267,-0.07524750218842093,0.08255118092401909,-0.05319018245229403,0.06722331919728336,-0.04853768695596445,0.06713440775457956,-0.03674007263602416,0.042703654740513554,0.23721471608516856,0.24636603916383337,0.1452818544699288,-0.1421604232843316,0.20633784668280558,-0.1636061479574521,0.22977077804107282,-0.16540392178361493,0.2320526474856228,-0.19015636713575101,0.22868891831288454,0.24912681762133812,0.24901810778809463,0.24263536364834865,0.2468060395444611,0.23998263678748186,0.2395696372576767,0.23354615746686905,0.23760326748144944,0.22979894522830255,0.24919058357675
0.24592558998479797,0.24591520025398247,0.23732804754605397,0.24528029321123018,0.24999999999999972,0.24345330277535776,0.23788443743948806,0.24138065685792612,0.22349859600307112,0.24608414862820063,0.24300985686608775,0.07104825263312756,-0.06797635517522654,0.16731577426233946,-0.13849935196188493,0.1998098661435692,-0.16131852739972016,0.22955515582167685,-0.19531286508817314,0.2353828627961852,0.2435448018639778,0.006175077270256682,-0.0037055738597633844,0.031880317323183006,-0.01066981982386042,0.03763466234281157,-0.00838165472126898,0.03421569198062631,-0.026635822650808483,0.24192421955640991,0.24538185583449174,-0.07671373099344006,0.08399575391258828,-0.05532176415840569,0.06912802512057817,-0.050729583868610595,0.0690102517646827,-0.038833335702388415,0.044765345136832745,0.23413948771580645,0.24328708133110766,0.14489375255946557,-0.14177158851035077,0.20438081435914396,-0.1621040634888444,0.22719607179045398,-0.16301339101117845,0.22914065010836626,-0.18737266504397318,0.2256357896997795,0.24602137234765845,0.24591235562997496,0.2396543717613533,0.24370721189139932,0.23690701769902664,0.23649009163249765,0.23048797217058353,0.23453060794513345,0.22674576844308555,0.24608413467019127
0.24719657424563907,0.2471967930175462,0.2385763801514415,0.2465697603989851,0.24345330277535776,0.24999999999999983,0.23891738456634073,0.24264465010948527,0.22481672650875578,0.2473629445371542,0.24410253626955408,0.07197020164095591,-0.06886987055779502,0.1681954293195314,-0.13422557798161733,0.20057429123354348,-0.1621997489706828,0.23077134427188342,-0.1963985590015818,0.23667371660252257,0.24482216070405097,0.00512170656840941,-0.002621123417028025,0.030866662946898285,-0.009624572647290523,0.03698399163359778,-0.0074819258391381205,0.033450154408210295,-0.025821831381179897,0.24307141281071584,0.24665345187896842,-0.07619184213079333,0.08348373753402102,-0.05453364938897027,0.06843181719304915,-0.049909268704788345,0.0683274907779296,-0.038064148446239475,0.04401134320343387,0.23540157531726366,0.24455432561889115,0.14510347749005492,-0.14197998725601396,0.205207659240302,-0.16274072560924116,0.22826410221928284,-0.16398937446812226,0.23034256537273037,-0.18851036800512425,0.22688706370179437,0.2472997737401937,0.24719083162825484,0.24088314437481417,0.24498222932032687,0.23817067432967412,0.23775515310326664,0.23174228419123152,0.23579234665874907,0.22799772426168655,0.247362941015043
0.24138344698485178,0.24138648614440514,0.23287332096102736,0.2407848447951297,0.23788443743948806,0.23891738456634073,0.24999999999999994,0.23680778859170137,0.2192117045573233,0.2415480577143915,0.23853319334976858,0.06635295736530725,-0.06353481185961143,0.16260460672369348,-0.1286981250795747,0.19496094327609936,-0.16335498014316369,0.2251252320007903,-0.19170233883829638,0.2309076799187912,0.23900804839220977,0.010696871837650225,-0.008324253753113072,0.03638004050544792,-0.015278089917151105,0.042397127931533114,-0.013109778568025247,0.038185144902121354,-0.03077753346645829,0.23787946490244904,0.24087612911137055,-0.0798056203287946,0.08707573048361221,-0.05951134650558079,0.07296732693239302,-0.05501650487174521,0.07265636757848933,-0.042753320266459054,0.04864758930042154,0.22960213086978715,0.23878777999080966,0.14489253365707544,-0.14175319239465528,0.20176258540211842,-0.16010899709372514,0.22354174351842157,-0.15939547326316691,0.22488937092539132,-0.1831563557845969,0.22109999301465216,0.24148677411026312,0.24137666159383578,0.235318997229045,0.23917360148078876,0.23238322203093742,0.2319572011490546,0.22596453127206767,0.23000101272247997,0.2222160847131204,0.24154798876299102
0.2450875703130225,0.24508445466470166,0.23648280899773172,0.2444568461119475,0.24138065685792612,0.24264465010948527,0.23680778859170137,0.24999999999999994,0.22259417490987743,0.2452528079879237,0.24199916596458415,0.06982610092688178,-0.06678679254470608,0.1660712504310851,-0.13223250560097935,0.19847020449392186,-0.16027064338472038,0.22866460745976439,-0.19432721917003504,0.23457061111402408,0.24271210297847218,0.007204862759276747,-0.004753034958179437,0.03293824556665716,-0.011745224956030944,0.03904927555547483,-0.009595116148883007,0.035339324014289214,-0.02777045196009242,0.24108358795266505,0.2445571913295145,-0.07755641427114492,0.08484211643895148,-0.05640755072457365,0.07014539917360754,-0.05182401942531889,0.07003042168784616,-0.03990444752285061,0.04583825295051267,0.23329393277468427,0.24246165829545008,0.14506041546546478,-0.14193022609882514,0.20397315827784213,-0.16180299940400522,0.22655887939807318,-0.16231927481635952,0.22836876796234618,-0.18656393705636531,0.22478299414494624,0.24519034710205195,0.2450809413518964,0.23886498886923146,0.24287390250711968,0.23606863306785775,0.23564919307026502,0.22964212021084723,0.23368842693122435,0.22589616486645853,0.2452527990315988
0.22717467485570378,0.2271678157614847,0.21862847983640188,0.2265714639652881,0.22349859600307112,0.22481672650875578,0.2192117045573233,0.22259417490987743,0.24999999999999986,0.22733101267835001,0.2245085250303117,0.05234554007200177,-0.04956785891016006,0.1486078101767236,-0.1159219088775868,0.18090589815108754,-0.14289169574705066,0.2111272360049044,-0.21723154559795743,0.21664913214996712,0.22479276637939327,0.024445598608364472,-0.022431201553475,0.05026763833240681,-0.029490770034826544,0.056535119130220204,-0.027364858200194186,0.05032649505912192,-0.04344383049559624,0.22477816211910623,0.2267525064155917,-0.08895339443098688,0.09617311364417462,-0.07206976742067898,0.08445000579668824,-0.06792684983093768,0.08374552649321222,-0.05478401220434718,0.06056638052797087,0.21540106829371905,0.2246879992175618,0.1445673092938796,-0.14138392139393396,0.1934209330870783,-0.15374037892829812,0.21203437211548948,-0.14813702396496614,0.21159811184753566,-0.17005127888390623,0.20692578796450026,0.22727473370596757,0.22716151192549136,0.22172060663116708,0.22496899862789152,0.2182203174862555,0.21776835194964997,0.21181461916353753,0.2158260481200033,0.20805942501553937,0.22733113801483434
0.24982766031482564,0.24982517482915803,0.24119204263385918,0.24919058689176915,0.24608414862820063,0.2473629445371542,0.2415480577143915,0.2452528079879237,0.22733101267835001,0.24999999999999967,0.24671748376308417,0.07446972309997876,-0.07130803052617035,0.17078843352484946,-0.13645826042804887,0.20309141745465634,-0.16436109527173945,0.23336630131596892,-0.19872956462646102,0.23926849245181694,0.24744982410651065,0.0028896827174649886,-0.0003356602478500027,0.028715177765707128,-0.007387351209404553,0.034878370413629484,-0.005268831524282469,0.031513245011928745,-0.023814160047191318,0.2455996288665545,0.24926933817288532,-0.07486787323554459,0.08217771212592181,-0.05264043128031214,0.06673215268375787,-0.04797545213180193,0.06664889010453476,-0.03619443065697839,0.04216580248699109,0.23801069356868562,0.24716300966167792,0.14538159823228528,-0.1422604859210676,0.20684425657135008,-0.16399490291174315,0.2304379284338269,-0.1660213741537838,0.2328046672962931,-0.19087436559065227,0.2294786695821667,0.24993065059451455,0.2498220183881009,0.24340692990738386,0.24760812008864713,0.24077859500236135,0.24036656806239962,0.23433762625567683,0.2383983695484227,0.23058862110218842,0.24999467686816507
0.24655275645034574,0.2465490021274433,0.23798418634735005,0.24591852840417733,0.24300985686608775,0.24410253626955408,0.23853319334976858,0.24199916596458415,0.2245085250303117,0.24671748376308417,0.2499999999999996,0.0712817608995587,-0.06833966481165343,0.1676022496612766,-0.13415760087459083,0.20025541501140312,-0.16239958818459035,0.23025508618606538,-0.19629126515188056,0.23615783826779196,0.2441962666836765,0.004282943529522714,-0.0017697876748132258,0.02971125590926995,-0.00857333462181668,0.035612653930003374,-0.006342626657382136,0.03216397512453564,-0.024569457596854787,0.24249006364467046,0.24600563696395555,-0.07491506889019882,0.08215997593947963,-0.053147927731480235,0.067032847573229,-0.048548402031160946,0.06690437975741749,-0.03678562552043642,0.04269549338281567,0.23483969130085613,0.24391956506660137,0.14408250836373815,-0.1409848265309395,0.20439440665998415,-0.16207023326718775,0.22753887597424283,-0.16370454881013033,0.22974750320623225,-0.18819886590578697,0.2263844060062531,0.24665439587176954,0.2465464757215718,0.2402348018275095,0.24435276239471626,0.2375862012856225,0.23717579037059805,0.2312027225815035,0.23522589273668731,0.22748586475648327,0.24671749265585566
0.07449869952255349,0.07430931690045782,0.08002645891098904,0.07372691860896574,0.07104825263312756,0.07197020164095591,0.06635295736530725,0.06982610092688178,0.05234554007200177,0.07446972309997876,0.0712817608995587,0.24999999999999978,-0.23631996104631092,0.1453876436102248,-0.10900132711122394,0.06714625049138542,-0.027840906521511256,0.07020562009483476,-0.036702491151830115,0.06383576959410672,0.07514573999779754,-0.1708208189286842,0.17145488169825723,-0.1446039307119803,0.14221764246626256,-0.11534499605505194,0.12189179506157967,-0.10578047509123852,0.10702249138069617,0.07032608385472021,0.0738160471008024,0.09062952091062713,-0.0918171674947398,0.11416539460804394,-0.10710562981738721,0.11332068006629471,-0.09921571290262411,0.10125808776250776,-0.10120189047296779,0.07629220650154063,0.07398854943761884,-0.023251684745809492,0.02218967598713311,0.03294588991629218,-0.024226119628859906,0.055809145351080086,-0.06463821882776519,0.07012195879194219,-0.07545088068047616,0.07750313294226766,0.07444140581008386,0.0744852678359953,0.0704238165996101,0.07476585601184756,0.07553184402589866,0.07582311804559226,0.07650830769257537,0.07603357801309284,0.07719075352853781,0.0744704023700979
-0.07134041500659925,-0.07115076000839334,-0.07902541198716694,-0.07057491350096573,-0.06797635517522654,-0.06886987055779502,-0.06353481185961143,-0.06678679254470608,-0.04956785891016006,-0.07130803052617035,-0.06833966481165343,-0.23631996104631092,0.24999999999999994,-0.1492092267619281,0.11396322374696702,-0.06986197924621305,0.03058248707669959,-0.06774258098102544,0.03497399729208471,-0.06088013443490494,-0.07194207420341699,0.16330069722113266,-0.1640321673396858,0.14133184074022193,-0.13919679669430562,0.11307582017006318,-0.11959389720751189,0.10383554544320081,-0.10507664700262777,-0.06736049889804853,-0.07067374210281256,-0.08888909181434397,0.0900086494729306,-0.11164778939718759,0.10481495322454161,-0.11086239226652764,0.09717035984022764,-0.0993088632084668,0.09929674888498961,-0.07316945988344606,-0.07085504367957426,0.02353563512634893,-0.022493036790116733,-0.031020709919831625,0.022758309124605754,-0.053216061307921086,0.06209454289016106,-0.06700176814585534,0.072439486455155,-0.07437210067895728,-0.0712807140144079,-0.07132416069092407,-0.06739559678302327,-0.07161042685052964,-0.07239733903741541,-0.07268208046893361,-0.07339599686040706,-0.07289800486539458,-0.07404998512094481,-0.07130867701505816
0.17070876026280468,0.17062154274053892,0.16555738136261325,0.17000498571408015,0.16731577426233946,0.1681954293195314,0.16260460672369348,0.1660712504310851,0.1486078101767236,0.17078843352484946,0.1676022496612766,0.1453876436102248,-0.1492092267619281,0.25,-0.21269489172980097,0.16915510236618897,-0.12832460588705313,0.1670131764993475,-0.13254811919539816,0.16011093819542563,0.16966173382367145,-0.07203283714915973,0.07396739044675442,-0.05021238229289572,0.062194237701453894,-0.03517783367613739,0.055537643373367314,-0.03324078708052643,0.03837208160068259,0.1664700110480463,0.17009135325092808,0.0006838874850301487,0.0031085188101828685,0.023316186130146486,-0.01232276529979172,0.025905212467814378,-0.009280663734078565,0.02820101347856563,-0.024966492095135028,0.1651542578805134,0.16902491929425223,0.06863137487183467,-0.06735717817092776,0.12817876320375443,-0.10080037044915138,0.15156802354870755,-0.12004629315582514,0.15871790525610133,-0.1382994264505277,0.1609403078767602,0.17074043301750302,0.1707014146136354,0.16533645446152068,0.16962231491737317,0.1662534670557059,0.16615401501817462,0.16322690239702814,0.16517467458250584,0.16135525018343944,0.17078877756427055
-0.1363973738634795,-0.13631734301629903,-0.131306238448693,-0.13579971219569342,-0.13849935196188493,-0.13422557798161733,-0.1286981250795747,-0.13223250560097935,-0.1159219088775868,-0.13645826042804887,-0.13415760087459083,-0.10900132711122394,0.11396322374696702,-0.21269489172980097,0.25000000000000006,-0.18073284663590497,0.14128934730380482,-0.13429936167971934,0.10211749737357494,-0.12616481151918915,-0.1353849439404692,0.04394961250086944,-0.04553197952785777,0.0320499359115586,-0.04346632496907989,0.0476590188339541,-0.049468978014034166,0.02961332975876612,-0.03381033197682538,-0.13304897575055855,-0.1359021882905867,-0.00017534366620949862,-0.00315338735472316,-0.017946713748179743,0.009317045823408613,-0.020580904221077168,0.00769640224856,-0.0243531264437904,0.02184736853111392,-0.13203192772764952,-0.1350532649209237,-0.05482185332715205,0.05377291967935057,-0.10248769839546572,0.08067125530113194,-0.12116885624874092,0.0954814462019594,-0.12603048457784205,0.10970546452449871,-0.12852298873346032,-0.13642005118409392,-0.1363889212401758,-0.1321099979116468,-0.13552595203337575,-0.13284124956857205,-0.1327489129749985,-0.1304622119522647,-0.13196245128302506,-0.12880384602459874,-0.13645874560309973
0.20295592387267408,0.2029279965434668,0.19514834150176152,0.2023296513887745,0.1998098661435692,0.20057429123354348,0.19496094327609936,0.19847020449392186,0.18090589815108754,0.20309141745465634,0.20025541501140312,0.06714625049138542,-0.06986197924621305,0.16915510236618897,-0.18073284663590497,0.25,-0.20540686908109915,0.2005379742815674,-0.16597010340489043,0.19244478937482398,0.20100240308397307,0.0014322594134967275,0.0010567431367343953,0.014273706343232096,0.005680593944162768,-0.008064774955267012,0.019166109378878735,0.005377874462529739,0.0013040832719914176,0.19914383868414032,0.2024469831084754,-0.04700456265265238,0.05324473191130109,-0.027460750810613426,0.039157903537168415,-0.022751367117283487,0.038200693348088365,-0.01117106692034263,0.01564048003379421,0.19421206242085906,0.20084607189398704,0.10953563579171567,-0.10714256041090416,0.16452706680844226,-0.1303035537363252,0.1856552619239246,-0.1359288923300996,0.18760136510988917,-0.15585973024033783,0.18748772371772454,0.20303822034175623,0.20295994127583245,0.19749302220388956,0.20128250893310415,0.19611207896341068,0.19580751224192017,0.19134105199648604,0.19430580667022213,0.18819791960807966,0.2030916023446039
-0.1642395644866771,-0.1642183931320268,-0.15652033709940613,-0.16371449840511784,-0.16131852739972016,-0.1621997489706828,-0.16335498014316369,-0.16027064338472038,-0.14289169574705066,-0.16436109527173945,-0.16239958818459035,-0.027840906521511256,0.03058248707669959,-0.12832460588705313,0.14128934730380482,-0.20540686908109915,0.2500000000000002,-0.18077039175979806,0.14756631621434832,-0.1541029850318873,-0.16227339699307372,-0.03920367047102648,0.03774951458104363,-0.051408304750437235,0.03244782541143825,-0.028069284067548952,0.01707890114607785,-0.02503467741083232,0.02086255379765971,-0.16269831469516866,-0.1639697110433758,0.07183800928349113,-0.07772334795338784,0.059900272165980366,-0.06829484169458558,0.05496093060586987,-0.057211968184891805,0.03246456929346709,-0.03608450640378732,-0.1556730821700258,-0.16242915996065344,-0.10840752591201167,0.10585613842444663,-0.1414786312036567,0.11211303125440025,-0.15360690814151462,0.10509757257535716,-0.1510662427290445,0.1202928749868308,-0.14908508943758186,-0.16432103637866968,-0.16423580693184658,-0.16046560715311972,-0.16260773718187568,-0.15762499632496918,-0.15725489362202913,-0.15294525602510536,-0.15581145262765708,-0.14982311947117818,-0.16436142303696966
0.23321091019680432,0.23319842898244852,0.22482223543557414,0.2325748998848022,0.22955515582167685,0.23077134427188342,0.2251252320007903,0.22866460745976439,0.2111272360049044,0.23336630131596892,0.23025508618606538,0.07020562009483476,-0.06774258098102544,0.1670131764993475,-0.13429936167971934,0.2005379742815674,-0.18077039175979806,0.2500000000000003,-0.21347235579450927,0.22292967479615555,0.23096279231634034,0.004816025000368691,-0.0024887520729976807,0.02998957507446702,-0.009062893523677923,0.03483554792252409,-0.005504238571232512,0.018249486772706387,-0.01216423417346185,0.2291466228683257,0.23270393745536017,-0.0740633775398198,0.0810119907554494,-0.05255317707603933,0.06533190363145022,-0.047016899800589936,0.05528194982886549,-0.025441496193419785,0.0304771252139439,0.22215430919062995,0.23070469737374774,0.13790356681749572,-0.13484480001443558,0.1938528088416133,-0.1531576835411573,0.2149353110568578,-0.15397407935991786,0.21653743785557736,-0.17715598393794735,0.21403353886726315,0.23330682084231125,0.23320402272302043,0.22731331755735978,0.23112078840630956,0.2247085980251604,0.2243092439415146,0.21866639614252406,0.22245973248483752,0.21504510037966304,0.23336636985683362
-0.19859166379595306,-0.19857685185804425,-0.1904621206009822,-0.19802468006566395,-0.19531286508817314,-0.1963985590015818,-0.19170233883829638,-0.19432721917003504,-0.21723154559795743,-0.19872956462646102,-0.19629126515188056,-0.036702491151830115,0.03497399729208471,-0.13254811919539816,0.10211749737357494,-0.16597010340489043,0.14756631621434832,-0.21347235579450927,0.25000000000000006,-0.20909486809963831,-0.1963603044546788,-0.03619235674497021,0.0346692002031682,-0.0611181986948474,0.04123485448855439,-0.06588199644441518,0.03760249328419116,-0.04599637572696213,0.04094261413293855,-0.1969295095978821,-0.19828543882610744,0.09396717063989192,-0.1007102428440818,0.0802098658439001,-0.09037480714367718,0.07535290638013621,-0.07960950173262009,0.05216666167778796,-0.05689991532968704,-0.18768951565166547,-0.19636209098051682,-0.13572172481543043,0.13259334381094817,-0.17292502848327512,0.1371379572857432,-0.18658723709053265,0.12688424930408354,-0.18414450365391943,0.145641843291959,-0.17971664194323309,-0.19868159909645153,-0.19857302518495176,-0.19414240642796413,-0.1965379822993643,-0.19029726836655836,-0.18984254457998112,-0.18435382418280677,-0.18804551721027649,-0.18075482078368693,-0.19872965276920349
0.23910704547768521,0.23910064986757718,0.23047797321338492,0.23847678913782908,0.2353828627961852,0.23667371660252257,0.2309076799187912,0.23457061111402408,0.21664913214996712,0.23926849245181694,0.23615783826779196,0.06383576959410672,-0.06088013443490494,0.16011093819542563,-0.12616481151918915,0.19244478937482398,-0.1541029850318873,0.22292967479615555,-0.20909486809963831,0.25000000000000006,0.23672681174058882,0.013195309467699489,-0.010927158084816679,0.03902865722435065,-0.01797573264270897,0.045275895538165654,-0.015778829414503693,0.04126635038294626,-0.03378232440766254,0.23488632312992733,0.2386138790996479,-0.08179436070941093,0.08906462485965602,-0.06203742047908732,0.07529520458111241,-0.05752226155107203,0.07523499759550045,-0.04542569758366827,0.05133230140247461,0.22730695721474664,0.2365262311025914,0.1451694862141274,-0.1420124782662217,0.20056653486731008,-0.15922839729072086,0.2217475717680779,-0.1575277790230492,0.22274609366761272,-0.18097290873038166,0.21879091200921935,0.23920811577886866,0.2390972230952171,0.2331494893801013,0.23689236893667442,0.23009914695931705,0.22966647164951998,0.22367132082627608,0.22770917873797633,0.2199115843507568,0.23926852531173484
0.2472851438333333,0.2472805264860284,0.23877796216171437,0.2466472305297314,0.2435448018639778,0.24482216070405097,0.23900804839220977,0.24271210297847218,0.22479276637939327,0.24744982410651065,0.2441962666836765,0.07514573999779754,-0.07194207420341699,0.16966173382367145,-0.1353849439404692,0.20100240308397307,-0.16227339699307372,0.23096279231634034,-0.1963603044546788,0.23672681174058882,0.2500000000000001,0.0004772795195425183,0.0020455437946699695,0.0263119147216332,-0.0053460447477990634,0.032828033523641775,-0.003536596392979721,0.029623364870723312,-0.02201418948040345,0.24305888175856505,0.24672585082612922,-0.07255483196630716,0.07974637823965797,-0.05032414440517618,0.06431232473180953,-0.04573991929831534,0.06434450437786988,-0.03429611843498207,0.04018330809448643,0.23566174920209804,0.24465196631358715,0.14298677776884797,-0.13992450538278553,0.20434526020320185,-0.16198796726330839,0.22791655718831538,-0.16454027189012774,0.2304458092379412,-0.18918673381686382,0.22726810546165602,0.247386319556186,0.24727983865606837,0.2409005151679479,0.24510136932217214,0.23837977430873028,0.2379775992009551,0.23204410053377883,0.23604035439715063,0.2283579453338731,0.24744983029141637
0.0028151156587760077,0.003037769775854103,-0.002525305945638935,0.003547356003255413,0.006175077270256682,0.00512170656840941,0.010696871837650225,0.007204862759276747,0.024445598608364472,0.0028896827174649886,0.004282943529522714,-0.1708208189286842,0.16330069722113266,-0.07203283714915973,0.04394961250086944,0.0014322594134967275,-0.03920367047102648,0.004816025000368691,-0.03619235674497021,0.013195309467699489,0.0004772795195425183,0.2500000000000002,-0.24414470080425316,0.2176637427776333,-0.20248013203248302,0.17605864784473646,-0.172960401239832,0.1626111801629612,-0.161146413331372,0.006875864295318284,0.003502812342757882,-0.1611709087505864,0.16592637559578263,-0.1848385302564397,0.1809320967282525,-0.18137299426446638,0.16954470392684276,-0.1587748063699095,0.16127626003292697,-0.004873185345833562,0.00234341174767691,0.096221326660519,-0.09337405624981407,0.04308359003291653,-0.03685529452718394,0.020877446294314386,0.019799476526427072,0.0013235542042483262,0.024448825742386115,-0.01034545935767101,0.002902119859694969,0.002792768221666246,0.005771672324802197,0.0014334680590361228,-0.002618341029871198,-0.0032110317938875933,-0.006786974168784316,-0.004364343707997226,-0.009437661740379334,0.00288880544619939
-0.0002626252649343808,-0.0004873585753125474,0.004944541741697094,-0.0010094213169743217,-0.0037055738597633844,-0.002621123417028025,-0.008324253753113072,-0.004753034958179437,-0.022431201553475,-0.0003356602478500027,-0.0017697876748132258,0.17145488169825723,-0.1640321673396858,0.07396739044675442,-0.04553197952785777,0.0010567431367343953,0.03774951458104363,-0.0024887520729976807,0.0346692002031682,-0.010927158084816679,0.0020455437946699695,-0.24414470080425316,0.2500000000000001,-0.2213928465674008,0.20627684477301506,-0.17929605211649516,0.1764635356270786,-0.165456711027804,0.16407187685724867,-0.004475442673539906,-0.000967576193481716,0.1633257488479635,-0.16807062073364173,0.18763776205286822,-0.1835096778800795,0.1841890595945319,-0.17192427014726447,0.16142937330667576,-0.16391797577637093,0.007451791637747809,0.0001914758331384727,-0.09646478458128947,0.09360173365471362,-0.04170923651415655,0.035810846555445836,-0.01885008049832485,-0.02184833786425783,0.0010013093351734122,-0.026807044074475865,0.01292113519508173,-0.0003490069970088794,-0.00023877420541791768,-0.0033384659586168366,0.0011222937540176163,0.005177214464957413,0.005775739210509387,0.009359633473856451,0.006929397254056088,0.01200294048940354,-0.0003347725523980034
0.028627109624122068,0.028859643389752714,0.02331231197942473,0.029345347989651795,0.031880317323183006,0.030866662946898285,0.03638004050544792,0.03293824556665716,0.05026763833240681,0.028715177765707128,0.02971125590926995,-0.1446039307119803,0.14133184074022193,-0.05021238229289572,0.0320499359115586,0.014273706343232096,-0.051408304750437235,0.02998957507446702,-0.0611181986948474,0.03902865722435065,0.0263119147216332,0.2176637427776333,-0.2213928465674008,0.24999999999999994,-0.2279293869729312,0.2020095786352886,-0.19647130761459014,0.18654666061883096,-0.1843764505616994,0.03274148012332007,0.029323920501284198,-0.18694480759764517,0.1927233186993348,-0.21076177608256594,0.20781311918995635,-0.20701641249199293,0.19576684344120715,-0.18206691155895352,0.1855159283500983,0.0187685164577843,0.027813728026986607,0.12197887997419356,-0.11853335893077642,0.06900908863458721,-0.057656495323258915,0.04671163464628492,0.004721012483690263,0.025956498696409296,0.007053864646710225,0.011925370382962961,0.028722533048709798,0.028589532262883497,0.031243724396499126,0.026848769462171546,0.021629403146342204,0.020935851451750156,0.016287361129575576,0.019451674851874306,0.013099952915589085,0.028714201883894154
-0.007317777598711578,-0.007536996920415099,-0.0030252518913293593,-0.008045048618397298,-0.01066981982386042,-0.009624572647290523,-0.015278089917151105,-0.011745224956030944,-0.029490770034826544,-0.007387351209404553,-0.00857333462181668,0.14221764246626256,-0.13919679669430562,0.062194237701453894,-0.04346632496907989,0.005680593944162768,0.03244782541143825,-0.009062893523677923,0.04123485448855439,-0.01797573264270897,-0.0053460447477990634,-0.20248013203248302,0.20627684477301506,-0.2279293869729312,0.25,-0.22141914942052024,0.21592920508318938,-0.19067618339973988,0.18867611880239188,-0.011569450372187826,-0.008016203019675497,0.16996538781292844,-0.17516198409714986,0.1943754001353373,-0.19060508081401933,0.19492027829303005,-0.18295557780014338,0.17937447236611523,-0.1824394483359886,0.001507386792913215,-0.006743862190312073,-0.10317004275447697,0.10015856707226192,-0.048715825179915316,0.041249892863594116,-0.025930348029051167,-0.01520744053861466,-0.010179330755228321,-0.017856257078463323,0.0066247163142488085,-0.007399680949804247,-0.007281422125510588,-0.010252807266087361,-0.005802153387221668,-0.001361420503281987,-0.0007625504609285872,0.003409147587723352,0.0004865603262345658,0.00533312947859257,-0.007386430074721252
0.03479461549368061,0.035020532226587506,0.030439928835573185,0.0354923935526609,0.03763466234281157,0.03698399163359778,0.042397127931533114,0.03904927555547483,0.056535119130220204,0.034878370413629484,0.035612653930003374,-0.11534499605505194,0.11307582017006318,-0.03517783367613739,0.0476590188339541,-0.008064774955267012,-0.028069284067548952,0.03483554792252409,-0.06588199644441518,0.045275895538165654,0.032828033523641775,0.17605864784473646,-0.17929605211649516,0.2020095786352886,-0.22141914942052024,0.24999999999999978,-0.21952077304232304,0.19559442348067704,-0.19276375921403763,0.03866126614013103,0.0354108069587307,-0.17375969571696218,0.17950970577140765,-0.1952051306726673,0.19352419219453437,-0.19646751255226239,0.18851281815769433,-0.18337159941415526,0.18719370781488018,0.02474471943495179,0.03393311361170519,0.1168700563378247,-0.11360185748116003,0.07046507538056909,-0.05844726283418356,0.050901979117751184,-0.0040505481701794245,0.03666390344669084,-0.004547979860209823,0.018949401972148887,0.034883298002724404,0.03475536596801713,0.03693574503388326,0.033061396216720475,0.02794364720715639,0.027324419535812734,0.02251496242534506,0.02588560670306453,0.020395978198263123,0.03487735225099618
-0.005207638624080067,-0.005417316222528656,-0.001842969149560436,-0.005918710714468991,-0.00838165472126898,-0.0074819258391381205,-0.013109778568025247,-0.009595116148883007,-0.027364858200194186,-0.005268831524282469,-0.006342626657382136,0.12189179506157967,-0.11959389720751189,0.055537643373367314,-0.049468978014034166,0.019166109378878735,0.01707890114607785,-0.005504238571232512,0.03760249328419116,-0.015778829414503693,-0.003536596392979721,-0.172960401239832,0.1764635356270786,-0.19647130761459014,0.21592920508318938,-0.21952077304232304,0.24999999999999994,-0.22322302269737143,0.22115228188750533,-0.009551173252313444,-0.005884957830533764,0.1643978649382312,-0.16958730381628304,0.1887814032431581,-0.18563337221711648,0.19748934685555727,-0.18835119216165858,0.1996330877185725,-0.20332929933273783,0.0043186720832569,-0.004627012959818817,-0.09925842482752577,0.09641195901206469,-0.04594050837708038,0.03880988417672717,-0.023760188294407344,-0.011430611719949515,-0.01651374329586475,-0.011152565914399218,0.007919263188550638,-0.005282079671622676,-0.005164076634202493,-0.008039502466948545,-0.0037045978789408468,0.0007257253300658004,0.0012562208388400015,0.0058533393980373764,0.002475653403063255,0.006099905013754338,-0.0052679082085443285
0.03143579035959859,0.03164397512589631,0.027449049521262356,0.032079565641656385,0.03421569198062631,0.033450154408210295,0.038185144902121354,0.035339324014289214,0.05032649505912192,0.031513245011928745,0.03216397512453564,-0.10578047509123852,0.10383554544320081,-0.03324078708052643,0.02961332975876612,0.005377874462529739,-0.02503467741083232,0.018249486772706387,-0.04599637572696213,0.04126635038294626,0.029623364870723312,0.1626111801629612,-0.165456711027804,0.18654666061883096,-0.19067618339973988,0.19559442348067704,-0.22322302269737143,0.24999999999999986,-0.2412803198817728,0.03542629088770523,0.03202537845431847,-0.16448960769663037,0.1704365223587079,-0.18804140295764374,0.18704177209230896,-0.19828540406822176,0.2078026534480524,-0.21816015709489445,0.22344352827788072,0.02074240041819227,0.030610069758032363,0.1103222256293133,-0.10737949736241383,0.06622095630530708,-0.05587877850295994,0.04827346193133834,-0.00779441986648372,0.04221505580381293,-0.01063028202562681,0.016511917075488367,0.031519319301834325,0.031392654885653785,0.03341235956191034,0.0297332985401294,0.024661091718685437,0.02411308504402068,0.018929237520970452,0.022710637644485946,0.01847940208481791,0.03151230292311762
-0.02374270207062445,-0.023949587195655462,-0.020078261707175686,-0.02440192970850444,-0.026635822650808483,-0.025821831381179897,-0.03077753346645829,-0.02777045196009242,-0.04344383049559624,-0.023814160047191318,-0.024569457596854787,0.10702249138069617,-0.10507664700262777,0.03837208160068259,-0.03381033197682538,0.0013040832719914176,0.02086255379765971,-0.01216423417346185,0.04094261413293855,-0.03378232440766254,-0.02201418948040345,-0.161146413331372,0.16407187685724867,-0.1843764505616994,0.18867611880239188,-0.19276375921403763,0.22115228188750533,-0.2412803198817728,0.2499999999999999,-0.02820869684961775,-0.02434512817401288,0.16119054397148233,-0.1670313894882948,0.18552676455235043,-0.18419957417134242,0.19591795957694402,-0.2055929272909398,0.22546926787985674,-0.23092224908863349,-0.013066273550757112,-0.022988275637266516,-0.10520520750196385,0.10236705863154141,-0.05962829829615073,0.05056331627091831,-0.041123880720131595,0.004424829138721598,-0.03814227560662273,0.007753900113179192,-0.009640085150487268,-0.02382238408090041,-0.023698517357888724,-0.025872809146665003,-0.022103586923330268,-0.017202372729965495,-0.01670259276076452,-0.01147965058188978,-0.015363885087324747,-0.011778731917920317,-0.02381322635323937
0.24543646340140046,0.2454379222788478,0.23695751949438035,0.24482507059049893,0.24192421955640991,0.24307141281071584,0.23787946490244904,0.24108358795266505,0.22477816211910623,0.2455996288665545,0.24249006364467046,0.07032608385472021,-0.06736049889804853,0.1664700110480463,-0.13304897575055855,0.19914383868414032,-0.16269831469516866,0.2291466228683257,-0.1969295095978821,0.23488632312992733,0.24305888175856505,0.006875864295318284,-0.004475442673539906,0.03274148012332007,-0.011569450372187826,0.03866126614013103,-0.009551173252313444,0.03542629088770523,-0.02820869684961775,0.25000000000000006,0.2449019694781225,-0.07739135021374531,0.08469595574578849,-0.05627969887363391,0.0700433811122836,-0.051730184254165916,0.07015778337850899,-0.040044949965409526,0.04599740177160966,0.23362885422480856,0.24280536893052268,0.14510220802197252,-0.1419747198847502,0.2041953409622144,-0.16200505197298662,0.22687788609441265,-0.16260598161805365,0.2287257072622557,-0.18688728746736757,0.2251161870111201,0.24553708442879454,0.24542762277361355,0.2391967253394955,0.2432188241934026,0.2364083363582183,0.2359887705731596,0.22997505501209733,0.23402633653668556,0.22623213842433154,0.2455996321889701
0.2491025950805856,0.249100874331923,0.2404805783576741,0.24846999073504267,0.24538185583449174,0.24665345187896842,0.24087612911137055,0.2445571913295145,0.2267525064155917,0.24926933817288532,0.24600563696395555,0.0738160471008024,-0.07067374210281256,0.17009135325092808,-0.1359021882905867,0.2024469831084754,-0.1639697110433758,0.23270393745536017,-0.19828543882610744,0.2386138790996479,0.24672585082612922,0.003502812342757882,-0.000967576193481716,0.029323920501284198,-0.008016203019675497,0.0354108069587307,-0.005884957830533764,0.03202537845431847,-0.02434512817401288,0.2449019694781225,0.24999999999999983,-0.07553742851528879,0.0827772552019141,-0.05325434913497109,0.06727561491479028,-0.04852487798556138,0.0670783612588365,-0.03667333480434272,0.0426366925987766,0.23728920814645174,0.24644334629470824,0.1455017362255867,-0.1423680356381416,0.2064506209144724,-0.16366766254974807,0.22982157657057523,-0.16542703766858322,0.23212036837416564,-0.19020580968772993,0.22875875516377683,0.24920554503537726,0.24909679329503792,0.24271828609479856,0.24688389109468842,0.24005768008139608,0.23964491047756326,0.23361784891391224,0.23767793284187197,0.22986936567943958,0.24926933218164019
-0.07476414674047263,-0.0749583380876129,-0.06922145556469277,-0.07524750218842093,-0.07671373099344006,-0.07619184213079333,-0.0798056203287946,-0.07755641427114492,-0.08895339443098688,-0.07486787323554459,-0.07491506889019882,0.09062952091062713,-0.08888909181434397,0.0006838874850301487,-0.00017534366620949862,-0.04700456265265238,0.07183800928349113,-0.0740633775398198,0.09396717063989192,-0.08179436070941093,-0.07255483196630716,-0.1611709087505864,0.1633257488479635,-0.18694480759764517,0.16996538781292844,-0.17375969571696218,0.1643978649382312,-0.16448960769663037,0.16119054397148233,-0.07739135021374531,-0.07553742851528879,0.25,-0.23969295800869528,0.21307598190330762,-0.21019671680507804,0.1921896357417504,-0.18173835133304284,0.16257845272079408,-0.16675343353025346,-0.06345846947868627,-0.0733972996615206,-0.17801163141825765,0.1717826202148169,-0.11509271578808539,0.08760211783036784,-0.08257081287550913,0.02161270462029568,-0.06742433154290571,0.02820019265491021,-0.055086427314406716,-0.07486135163829494,-0.07471879270692103,-0.07731565580151702,-0.072682339798807,-0.06647742500993495,-0.06582709089636928,-0.06015226546682323,-0.06408983480575418,-0.056365670883277666,-0.07486700327904812
