x1,x2,x3,x4,x5,x6,x7,x8,x9,x10,x11,x12,x13,x14,x15,x16,x17,x18,x19,x20,x21,x22,x23,x24,x25,x26,x27,x28,x29,x30,x31,x32,x33,x34,x35,x36,x37,x38,x39,x40,x41,x42,x43,x44,x45,x46,x47,x48,x49,x50,x51,x52,x53,x54,x55,x56,x57,x58,x59,x60
0.25000000000000006,0.13854175944447092,-0.12149270867208396,0.18420373674022214,-0.16092516919180375,0.1841145937689901,-0.15134632549389465,0.18425241081177374,-0.16150645909187736,0.1966353715285175,-0.1699639253933987,-0.018481970339698166,0.012260201505682513,-0.02153037690763616,-0.019360882209397887,0.02480926107524019,-0.04366282764355785,0.046125224866039635,-0.0544567183887913,0.055884412108120556,-0.06475752393329418,0.0062700671440251415,-0.038801828836013574,-0.004014215251526072,0.0076340940595300034,-0.05074090048113929,0.04826036759966896,-0.06548532299867946,0.051430352058936424,-0.0582621931921273,0.13221554792989754,-0.15014312559996257,0.030389410977763206,-0.029448116935544423,-0.03287957186729227,0.0354248133568045,-0.07596163947368174,0.0708559379165601,-0.09904032753103086,0.09905923353610777,-0.16785594929034645,0.12814986827283206,-0.11734897966997707,-0.004942617998719806,0.02045553172566866,-0.07479230073389122,0.08197800315504734,-0.10235925495589045,0.09311553081766526,-0.09426483923131161,0.18524330136066874,0.10654062888109025,-0.07147966807122347,0.18272551550420818,-0.16892384374217803,0.18959517188190697,-0.17768030478411212,0.19044949694721724,-0.18097492287155437,0.19662234534537895
0.13854175944447092,0.25000000000000006,-0.23181341953058604,0.19258642198213546,-0.16996579440066426,0.18077774577995342,-0.15781349570354333,0.18506935384803672,-0.1704611410023304,0.19068438656980058,-0.06026451895619256,-0.12556745569280758,0.11938267435034827,-0.12394910098698299,0.06447106743587426,-0.05533334028266734,0.0291495106610787,-0.02544865066216163,0.014791949851766432,-0.013278548064566286,-0.1233583034451165,0.10068640571921134,-0.12964936545483194,0.08805806454037587,-0.08170035172697568,0.020982259372054883,-0.019901691867791775,-0.0004110765700564146,-0.01494302151865146,0.009827218003553623,0.15952381967831766,-0.17342340312194823,0.11858032079118302,-0.11695908345865708,0.04640654193550594,-0.041458996057641105,-0.015603371080275805,0.012367737641933793,-0.04905363927245875,0.053562797247362334,-0.1777500803361595,0.15930260566216647,-0.1533570576322884,0.07388838829905199,-0.05389836023943536,-0.014138338697018398,0.024694601522771198,-0.05395219923004548,0.047303166096304826,-0.04906432344705865,0.1858778331358661,0.08835575093979606,-0.0491772378543676,0.17020074605917893,-0.15082256031262228,0.17991301725558367,-0.16266361470612756,0.18115269875032697,-0.16873218991659653,0.19010123976163937
-0.12149270867208396,-0.23181341953058604,0.2500000000000002,-0.1866976466687561,0.16540040351110125,-0.16611490780419774,0.14563015370755902,-0.17025621977094949,0.15923704786707896,-0.17333781470863724,0.043601106849078544,0.14028432045288539,-0.1370864038390962,0.1393364710418841,-0.0796945146503971,0.07026023320393443,-0.044330828679096046,0.04065169140112472,-0.030369900894315717,0.029014229825100282,0.12694426734349873,-0.11437568613091413,0.13967220940839775,-0.10385976711066155,0.09727946845404688,-0.03683139623624573,0.03492642044181942,-0.015486349978803675,0.029902256657312252,-0.025618413357659506,-0.1526103563479009,0.16430191971579083,-0.1290354714853117,0.12755404488830305,-0.062268574643765603,0.05709471995455377,-0.00041860540184787286,0.0029545093865119146,0.032807272172752915,-0.03800833280163615,0.1652041797972077,-0.15326101234011144,0.1489742357875703,-0.08645879906277205,0.06718166490942369,-0.0019802587387082013,-0.008552483328178437,0.037629291799231565,-0.03215422771749481,0.03392286012458568,-0.1704802319801793,-0.07665260143431607,0.039763758938285855,-0.15296964910979927,0.1338611177688531,-0.16256301895826594,0.1454356142799979,-0.16379585925907136,0.151685663408071,-0.1726778249761813
0.18420373674022214,0.19258642198213546,-0.1866976466687561,0.2500000000000002,-0.22335382368812098,0.22708442835660544,-0.19287808040021154,0.2266312323519278,-0.20168520316052807,0.2359882679250507,-0.10497460951578813,-0.08297989327660309,0.07447165033694131,-0.08177468141441932,0.022335968338542903,-0.013574490863029445,-0.013043411719437816,0.016658917833427427,-0.027910119374066036,0.02960437876949378,-0.11127644597421339,0.059654619655032465,-0.09625701956439986,0.045305733629689884,-0.039514053485809476,-0.02201929549614633,0.020922443636143356,-0.043537138366085554,0.02568860872821253,-0.033078793314055985,0.1756231518714866,-0.19495298809803532,0.08463811884756421,-0.08319008650827309,0.0034632672860428477,0.0008849968254751319,-0.05892415450530679,0.05378878901514544,-0.09274497387587453,0.09527609490242073,-0.20945469607767536,0.1725536306991024,-0.1620828207004072,0.036884638203156885,-0.01566900646853003,-0.057566323704850444,0.06813694814899092,-0.09774955597518509,0.08791204367661704,-0.08964016040288172,0.22561866787405022,0.11971786784915038,-0.07483618339778383,0.21540010462049408,-0.19555191395649335,0.22531784788530604,-0.20786920320591845,0.22656970612563446,-0.2133991776816924,0.23562279798895172
-0.16092516919180375,-0.16996579440066426,0.16540040351110125,-0.22335382368812098,0.2500000000000002,-0.22327761373421331,0.1920037687914322,-0.2032910402122201,0.1808800442335557,-0.20957216013893687,0.08719064069493711,0.0887823754316828,-0.0838477616415692,0.09270046006294994,-0.04890971092082211,0.040102055696040716,-0.013535649509807388,0.00979214620622052,0.001331773300792043,-0.0030345959074335846,0.10826759034266226,-0.06831879777890966,0.10179249984904737,-0.062518351432826,0.05788394383614339,-0.004540964629951227,0.004399491217485617,0.01695732186791184,-0.0003307392083755541,0.006673840311040413,-0.1610591149990011,0.1783125846604949,-0.09132523995490949,0.09066057697993216,-0.02399352860372647,0.020133539871575474,0.03257851752471052,-0.029008028222992695,0.06621655866211708,-0.07004866029084265,0.18893063775272706,-0.16008734190018076,0.15183246158313987,-0.05020658650831561,0.031274428669820845,0.03366193927304683,-0.043806688674212564,0.07209690862676406,-0.06373670679494692,0.06540341214373141,-0.20153077711459202,-0.10295057821813507,0.06190901397948049,-0.18920416920643734,0.17005609648999762,-0.19881153631762766,0.1815717339461035,-0.20003249630089892,0.18721680639400715,-0.20904738180380317
0.1841145937689901,0.18077774577995342,-0.16611490780419774,0.22708442835660544,-0.22327761373421331,0.2500000000000002,-0.21302815574401082,0.22777833544266674,-0.20154841073366567,0.23585735896710242,-0.10541077974629165,-0.08084051211913605,0.07239253078545071,-0.079879442348824,0.02249898726766038,-0.013738342351276751,-0.012879298805464567,0.016495130613035626,-0.027745595395747457,0.029439802189632023,-0.11018389082470537,0.05799610502950992,-0.09458151625264974,0.04424985340190244,-0.03865142327304791,-0.021857288654852848,0.020759470234523594,-0.04337216782244072,0.02551060772055186,-0.03292866294466052,0.17494318126139088,-0.19434472907753852,0.08305846345978603,-0.08170208829550549,0.0028420904712097147,0.001397000551182211,-0.05878893121948423,0.05371412498953319,-0.09258523458546812,0.09513269737371233,-0.20906867090601125,0.1718790054639561,-0.16136358485770816,0.03586607436921056,-0.014843412730139503,-0.057746621561398453,0.06825564870740154,-0.09770297378809292,0.08782584382075229,-0.08954218204122145,0.22535292002286506,0.11981241833822723,-0.07502347826320034,0.21527064729332243,-0.19548898165051234,0.22515739323496947,-0.20773610885839414,0.2264052451623207,-0.21323632996937042,0.23545286073437505
-0.15134632549389465,-0.15781349570354333,0.14563015370755902,-0.19287808040021154,0.1920037687914322,-0.21302815574401082,0.25000000000000017,-0.21299789759865034,0.19213228902745483,-0.19965581097781981,0.08027699397594308,0.08526532385725251,-0.07930640581883916,0.08796496594272128,-0.045328841805343,0.03995471880867374,-0.023524774026843616,0.019734914297720563,-0.008659134492786644,0.006953537235416792,0.10339510790105741,-0.06614551863392389,0.09875091451848116,-0.060756075523958356,0.057057918632812656,-0.011243817379664062,0.011999086080428352,0.006964843964970844,0.009248391095719379,-0.0031639882216882103,-0.15354645785910662,0.1703015224097266,-0.0888969648429093,0.08856643895742164,-0.027147381869863884,0.024091893401357044,0.02299569186758806,-0.020269637685844524,0.056273270749679555,-0.0607590945382116,0.1802948970508348,-0.15327366242107382,0.14563941337147368,-0.05109529143649206,0.033523912405377485,0.02673095859712081,-0.03636613325987991,0.06322686599558548,-0.05522397069684516,0.05680282381904951,-0.19206500635204987,-0.09740390518337083,0.05807445635562014,-0.17953276276034189,0.16090896401195395,-0.18889142901886138,0.1718940792022256,-0.1900784119105901,0.17741996796493018,-0.19904111189481816
0.18425241081177374,0.18506935384803672,-0.17025621977094949,0.2266312323519278,-0.2032910402122201,0.22777833544266674,-0.21299789759865034,0.2500000000000001,-0.22174934349861825,0.2360720790961184,-0.10620731311103465,-0.07835532784698607,0.0695177161621093,-0.07700010843816692,0.02002016502512193,-0.01183861312858067,-0.013084707486034864,0.016698785413566963,-0.027949499363845436,0.029643538374107877,-0.10892760464225225,0.055969948616927626,-0.09265195624834693,0.041995405124738754,-0.036590890838343555,-0.02261233847187222,0.021271560390354414,-0.043575070316510936,0.0256850177848177,-0.03315437912237249,0.17435318197953098,-0.19386887614533305,0.08120080689886468,-0.07989436867641973,0.0014427253708736002,0.0026284896576965265,-0.059061160294492904,0.05404986906640252,-0.09279357377936355,0.09536441040958724,-0.20890760657501067,0.17125225518447468,-0.1606487700084329,0.034401659504135026,-0.013553478748540966,-0.058481635578412135,0.06889742054607176,-0.09809746425459036,0.08814615261779021,-0.0898448111987484,0.22538972573159677,0.12018308175985337,-0.07545328638819465,0.21551287135089978,-0.1958086061874757,0.22536148761947025,-0.2079834365729754,0.22660334687895006,-0.2134361106694025,0.23564117466436948
-0.16150645909187736,-0.1704611410023304,0.15923704786707896,-0.20168520316052807,0.1808800442335557,-0.20154841073366567,0.19213228902745483,-0.22174934349861825,0.25000000000000033,-0.2094416436131419,0.09066396150019172,0.07545520961059365,-0.06881427432880442,0.07717262666885173,-0.030254363204144423,0.024321262618362864,-0.006780059352177463,0.004674259440670496,0.00015003401724613018,-0.0018526606385258508,0.09935362512248132,-0.0555315939177388,0.08968747310559769,-0.049666115055161435,0.046065258944398446,0.0013094486291236665,0.0014963913001981286,0.01577653603780723,0.000937287857478676,0.005629316583506685,-0.1558118481673764,0.17367194907639802,-0.08014130042103082,0.07999606498432882,-0.01829718558283645,0.015351938761863825,0.03198408157781057,-0.028809439868377314,0.06508966726133728,-0.06919581459021824,0.18606695921435426,-0.1549470171706146,0.14636931710988824,-0.04241849749325634,0.02483680788940073,0.035634614467490035,-0.04525988562789949,0.0721583601008214,-0.0634951081925434,0.06506424892827037,-0.19960256464221654,-0.10377103967238166,0.0634361116913315,-0.18837033509077286,0.16974204970370077,-0.19772981233564024,0.18074032567346734,-0.1989175834145127,0.18614159198249242,-0.20787192895780338
0.1966353715285175,0.19068438656980058,-0.17333781470863724,0.2359882679250507,-0.20957216013893687,0.23585735896710242,-0.19965581097781981,0.2360720790961184,-0.2094416436131419,0.2500000000000004,-0.11738698791023833,-0.07099260319085643,0.06172535937089236,-0.069027319799924,0.009576135583946337,-0.0008385587723335572,-0.025797459007653414,0.029349879405002492,-0.04065576773236406,0.04234439559962227,-0.10802492869187698,0.04814339753271981,-0.08631069261782234,0.03256575217237632,-0.026933967976874255,-0.034764858164771546,0.03304280861953589,-0.056266766552976015,0.03776062787266833,-0.0457870687123142,0.1799513723086308,-0.20062354130094523,0.07454996099614972,-0.07312419327238923,-0.009258593950944909,0.013431436383784301,-0.07163317274130898,0.06594373268317877,-0.10541857412594283,0.10734581651119034,-0.2180280174784081,0.1758744279615633,-0.1641132032072247,0.025926332052958204,-0.0043875201018033815,-0.07024858893728904,0.08078831833616469,-0.11040756793717185,0.09967376816183642,-0.10138594232600591,0.23648099759094549,0.1284758790949987,-0.08207853305678525,0.22790279999752294,-0.20799004929863338,0.23784313838690038,-0.2204112010922615,0.23909402699950902,-0.22576203714048612,0.248136324471329
-0.1699639253933987,-0.06026451895619256,0.043601106849078544,-0.10497460951578813,0.08719064069493711,-0.10541077974629165,0.08027699397594308,-0.10620731311103465,0.09066396150019172,-0.11738698791023833,0.25000000000000044,-0.061349162399223854,0.058732624847794776,-0.046233517709065794,0.056997973462627055,-0.05744955295893404,0.06437877832491065,-0.06537783630741177,0.06961228046253604,-0.07066712301173447,-0.001308416140038462,0.05743876560484064,-0.033177365533505025,0.05482210406358479,-0.055169701343175157,0.06910626471293567,-0.0657106849541859,0.0740492559377843,-0.06655118480236372,0.0715555081322126,-0.05926650956566095,0.07316313627488208,0.03620650770328408,-0.03594240554183554,0.06400949143917554,-0.06401189415083725,0.0775640847567314,-0.07362131091114338,0.08517719756641423,-0.08265913887481088,0.091381941884215,-0.05572081094470405,0.046577783801887034,0.0494959756795369,-0.0554504988891358,0.07744708772726913,-0.07966996870427644,0.08636214261701845,-0.0794302213277464,0.07974603223069092,-0.10696859746169507,-0.07250308849063705,0.05459565961622561,-0.11315818002967787,0.10839939769287855,-0.11550078795329073,0.11158790200802723,-0.11577505957792536,0.11190410531027409,-0.11780720189659409
-0.018481970339698166,-0.12556745569280758,0.14028432045288539,-0.08297989327660309,0.0887823754316828,-0.08084051211913605,0.08526532385725251,-0.07835532784698607,0.07545520961059365,-0.07099260319085643,-0.061349162399223854,0.2500000000000006,-0.23323505565167824,0.21369945634817064,-0.15626325231192462,0.14391466518101506,-0.12107968175653704,0.11804345611839927,-0.11123205026826159,0.1114466179115483,0.16615668880888554,-0.21894494790713823,0.21121812494485565,-0.18485571588935937,0.17721706591803243,-0.12034733077665151,0.1137816813921719,-0.09973689060852449,0.10799203561132574,-0.10878450435860443,-0.11695167121662191,0.11211915005548007,-0.20121285151619583,0.19816163121303154,-0.1449391737631587,0.13863164377438883,-0.0861977734501768,0.08484139148034607,-0.05582200192606109,0.04688808200313186,0.09162706762152187,-0.1193011336665789,0.1248538998106601,-0.1616883189707189,0.14455728360322437,-0.08859893070396822,0.07865272902055206,-0.051819448971060014,0.05021762748169933,-0.04848702437753307,-0.07961705750108972,-0.007180139200212265,-0.016113468251239098,-0.051655746014181325,0.034429507251518915,-0.060329238513765565,0.04474827182464986,-0.061471439344355616,0.051777431863369514,-0.06951113361448184
0.012260201505682513,0.11938267435034827,-0.1370864038390962,0.07447165033694131,-0.0838477616415692,0.07239253078545071,-0.07930640581883916,0.0695177161621093,-0.06881427432880442,0.06172535937089236,0.058732624847794776,-0.23323505565167824,0.2500000000000001,-0.2299014680462565,0.16985525042764663,-0.15741973584573943,0.13434847287963833,-0.13116244790788614,0.12417650594465741,-0.12430392620743848,-0.15338187343358906,0.20618060258154475,-0.20328448712279668,0.1987315178824546,-0.1908367308677672,0.13306617522953923,-0.12600915741056112,0.11235797870044066,-0.12048916905886106,0.12154235277433714,0.10696910266690632,-0.10331671235388891,0.19512839792443518,-0.1939914990732767,0.15823262520451575,-0.15171639102631146,0.09855930154041766,-0.09675020230979922,0.06767879937353685,-0.058304726355299714,-0.08332844557831814,0.11214856453219796,-0.11847699052104368,0.16423405095789137,-0.14921172737028573,0.10094830224037056,-0.09082287562745328,0.0635815193847484,-0.06150301498146333,0.05973428279519094,0.07066302777794949,0.0019254311502950572,0.01985217743959603,0.042245197360430545,-0.025220177041673744,0.05087782431096452,-0.03501599181089839,0.05203707621831411,-0.04224655179371132,0.06022891047205075
-0.02153037690763616,-0.12394910098698299,0.1393364710418841,-0.08177468141441932,0.09270046006294994,-0.079879442348824,0.08796496594272128,-0.07700010843816692,0.07717262666885173,-0.069027319799924,-0.046233517709065794,0.21369945634817064,-0.2299014680462565,0.2500000000000006,-0.18825251163836554,0.17540401166654954,-0.15089943158179572,0.14711119856020763,-0.13859508992197955,0.13809376928572337,0.1399045414149628,-0.19133959812960083,0.2089510259971852,-0.2134440375455107,0.20550382861564387,-0.14619022935355336,0.13902352037146168,-0.1246727581886209,0.13386689132779342,-0.13471658318486424,-0.10761402154371329,0.11046872073265522,-0.20109717333923963,0.20112201588170736,-0.17150405254485757,0.1648566376307472,-0.10926560681522317,0.10710113181971362,-0.07545579889703072,0.06517994138983565,0.0906915713168036,-0.11946660998678227,0.12597312843758418,-0.1728691357650559,0.15798255732015684,-0.1104818335142137,0.09961683053305506,-0.07040612750652846,0.06847767155711365,-0.06656164361051588,-0.07796725110015819,-0.004562437784503965,-0.01904719725598001,-0.04777434608811044,0.029413943715769147,-0.05711919294615857,0.03968755576759219,-0.058368232141902315,0.04747472271766694,-0.06743414014832971
-0.019360882209397887,0.06447106743587426,-0.0796945146503971,0.022335968338542903,-0.04890971092082211,0.02249898726766038,-0.045328841805343,0.02002016502512193,-0.030254363204144423,0.009576135583946337,0.056997973462627055,-0.15626325231192462,0.16985525042764663,-0.18825251163836554,0.2500000000000004,-0.23651242606104916,0.211420780188557,-0.20712461813240043,0.1981924758467305,-0.19721728676108477,-0.09435302514887112,0.1494862762452644,-0.15958646740864668,0.19096664904325775,-0.19525145840411692,0.2049900528327822,-0.19547228206806888,0.1836827137079742,-0.1908272750934736,0.19260055739161133,0.05365274578788771,-0.05473902208184215,0.15623887055374133,-0.15983929027090557,0.1780505548777351,-0.177968874747883,0.16630022720225696,-0.1579682590964343,0.13413623713151385,-0.1202291127571337,-0.03506552368198143,0.06897426537569645,-0.07797872382538446,0.15814852452547404,-0.15475844738242603,0.14647631288960897,-0.139627812632108,0.1215456878643665,-0.11842740810726896,0.11723064445835384,0.019892638095946227,-0.024892037732733664,0.03719229108882599,-0.009019127992853966,0.02317490914016963,-0.0016518604802513333,0.01725171715473984,-0.0006707319217796143,0.010710625690956918,0.008031482369397377
0.02480926107524019,-0.05533334028266734,0.07026023320393443,-0.013574490863029445,0.040102055696040716,-0.013738342351276751,0.03995471880867374,-0.01183861312858067,0.024321262618362864,-0.0008385587723335572,-0.05744955295893404,0.14391466518101506,-0.15741973584573943,0.17540401166654954,-0.23651242606104916,0.2500000000000005,-0.2233226728620211,0.21858080447366596,-0.20846708338972073,0.20670396286575796,0.08485880226407347,-0.1391543219505391,0.14835277152394544,-0.1834766889435793,0.19040989186514398,-0.21419595691472146,0.20434064973057223,-0.19286070816183223,0.19977177431770546,-0.2015823129540852,-0.04444002618033752,0.04543913321795769,-0.145804668398465,0.150044143658475,-0.17655102259502653,0.17784779265211595,-0.17502942705856306,0.16556312319379718,-0.14310999003933786,0.12857325980278786,0.0262899763402439,-0.060161240526417824,0.06937256060105544,-0.15318901378339117,0.1519385173070545,-0.1508758778365532,0.14483058006779895,-0.12895246501894886,0.1258081375240047,-0.12475783085918876,-0.011101616938200297,0.028733040308121162,-0.03920947553612795,0.01728084393018003,-0.030663579375260857,0.010278815401256611,-0.02554985483930119,0.00934935948144971,-0.019286915726529238,0.0006972447512355315
-0.04366282764355785,0.0291495106610787,-0.044330828679096046,-0.013043411719437816,-0.013535649509807388,-0.012879298805464567,-0.023524774026843616,-0.013084707486034864,-0.006780059352177463,-0.025797459007653414,0.06437877832491065,-0.12107968175653704,0.13434847287963833,-0.15089943158179572,0.211420780188557,-0.2233226728620211,0.25000000000000033,-0.2441578382923286,0.23410838463400618,-0.23234106248481348,-0.06354454719189222,0.12039978833016671,-0.1281639961487349,0.17032430279259345,-0.1797108396761597,0.22443419343394108,-0.21981181776527453,0.21856987558730145,-0.2244989690992073,0.2267960027807012,0.02013083087407198,-0.02050773490026691,0.12849406780332304,-0.1344751234318806,0.18208650076247307,-0.18577956287884131,0.1993430182347403,-0.18766802340286465,0.16890066814990995,-0.15264391484948214,-0.0015803266340315297,0.03792356811634551,-0.048456986036680534,0.1485595614312211,-0.15212035148653638,0.16759713547762317,-0.16308250662152485,0.1514685479713428,-0.14761727666046412,0.1468351604874325,-0.014855739020753933,-0.04216285967834007,0.04763043616994107,-0.04275418694768936,0.054356210864373956,-0.03658609842872535,0.05105748769171113,-0.03576025856221124,0.045236971160285765,-0.027314160455574377
0.046125224866039635,-0.02544865066216163,0.04065169140112472,0.016658917833427427,0.00979214620622052,0.016495130613035626,0.019734914297720563,0.016698785413566963,0.004674259440670496,0.029349879405002492,-0.06537783630741177,0.11804345611839927,-0.13116244790788614,0.14711119856020763,-0.20712461813240043,0.21858080447366596,-0.2441578382923286,0.2500000000000001,-0.23866863794703913,0.23689059265048898,0.06043081894859298,-0.11757266208082588,0.1253569577818239,-0.16885486579024003,0.17886514014045124,-0.2261583441057562,0.22257221738727112,-0.22305224826036296,0.22890493170445692,-0.23126190432640353,-0.016694707469266254,0.017077483653596265,-0.12622982099382363,0.13253411189103673,-0.18396173845389927,0.18795243254247318,-0.20350916139044858,0.19151333660054223,-0.17312184027216881,0.15655915469328047,-0.0017170932158315346,-0.03493563048307357,0.04568456549780902,-0.14835406035118612,0.15265397319362797,-0.17070628028143137,0.16634738172192096,-0.15517363079486887,0.15121956443625267,-0.15046512040117876,0.01832514910268395,0.04401548194886331,-0.048839946866226586,0.046238477676205716,-0.05765860684097488,0.04014914451409366,-0.05460110667048725,0.03933102180457311,-0.048801694821811833,0.030865915700403583
-0.0544567183887913,0.014791949851766432,-0.030369900894315717,-0.027910119374066036,0.001331773300792043,-0.027745595395747457,-0.008659134492786644,-0.027949499363845436,0.00015003401724613018,-0.04065576773236406,0.06961228046253604,-0.11123205026826159,0.12417650594465741,-0.13859508992197955,0.1981924758467305,-0.20846708338972073,0.23410838463400618,-0.23866863794703913,0.2500000000000005,-0.24767000815409557,-0.05257188881325317,0.11156697078722377,-0.1190399328621305,0.16606534847603102,-0.17727300123478434,0.22921031023315397,-0.22846647312509283,0.23386623114574345,-0.23928534263246257,0.24191093681704393,0.0067802443651717795,-0.006881280609345668,0.12132533208456195,-0.12833725579165609,0.1890428310273719,-0.1936465438596263,0.2137899435903424,-0.20107067000062626,0.184017027254478,-0.1667856514594881,0.01190469597631216,0.026186924953263975,-0.03763878668664656,0.14840657389245335,-0.15452304089110394,0.178931879694049,-0.17500205234093666,0.16504866848251398,-0.16067251090116064,0.15999138442595634,-0.029233754938820643,-0.05002818173655652,0.052826373063689355,-0.057151396620879966,0.067945275323038,-0.05134851536700563,0.06554503478848177,-0.050560484155733824,0.05983391014285745,-0.042172220818892554
0.055884412108120556,-0.013278548064566286,0.029014229825100282,0.02960437876949378,-0.0030345959074335846,0.029439802189632023,0.006953537235416792,0.029643538374107877,-0.0018526606385258508,0.04234439559962227,-0.07066712301173447,0.1114466179115483,-0.12430392620743848,0.13809376928572337,-0.19721728676108477,0.20670396286575796,-0.23234106248481348,0.23689059265048898,-0.24767000815409557,0.2500000000000005,0.05254807745244065,-0.11245472019818299,0.1198942448739564,-0.167243082869195,0.1784748131788727,-0.23055665178107562,0.2300152407013167,-0.2358779271375434,0.2412297812276174,-0.2439285837152809,-0.0058847487245355405,0.005864980729532108,-0.12227922992281366,0.12932707542365884,-0.19071198827832483,0.19533470500463232,-0.2157271344139745,0.20290884562363398,-0.18594350307268892,0.16859108599245737,-0.013159275769551384,-0.02550174361852923,0.037128195294079076,-0.14966584109360936,0.15589342027044512,-0.18072031845612854,0.1768001521788856,-0.16688469424534486,0.16239834436693756,-0.16171787513397418,0.03074772162061771,0.05115414820668584,-0.053727777679797944,0.05884872736271777,-0.0696282810223595,0.053050517978817935,-0.06726021827371392,0.052262359829320634,-0.06152650412476304,0.04386306915139005
-0.06475752393329418,-0.1233583034451165,0.12694426734349873,-0.11127644597421339,0.10826759034266226,-0.11018389082470537,0.10339510790105741,-0.10892760464225225,0.09935362512248132,-0.10802492869187698,-0.001308416140038462,0.16615668880888554,-0.15338187343358906,0.1399045414149628,-0.09435302514887112,0.08485880226407347,-0.06354454719189222,0.06043081894859298,-0.05257188881325317,0.05254807745244065,0.25000000000000044,-0.18853106161878733,0.15953541999241694,-0.12121180374660327,0.11477947034802041,-0.06174567815394408,0.05747525543292815,-0.04188733191304005,0.051266735849595686,-0.05023489293451328,-0.17289371176871013,0.1547467725722803,-0.1493969925640008,0.14598593034454269,-0.08397960159772072,0.07864510548526807,-0.029154121763232725,0.02983422608119584,-0.0008625960960507563,-0.004550894829547188,0.12308836329494197,-0.14488777656266524,0.14259652065216363,-0.10722187098906442,0.08977785521724427,-0.03144223047083501,0.022278990525624025,0.0028003968276874105,6.917125861139884e-5,0.0014218896045124897,-0.11584218496517835,-0.0314024633820126,0.0026487484166953655,-0.09114069661886967,0.07535511622559517,-0.0990485361661058,0.08524838323457803,-0.10010079807968282,0.09087186494472953,-0.1071006920270695
0.0062700671440251415,0.10068640571921134,-0.11437568613091413,0.059654619655032465,-0.06831879777890966,0.05799610502950992,-0.06614551863392389,0.055969948616927626,-0.0555315939177388,0.04814339753271981,0.05743876560484064,-0.21894494790713823,0.20618060258154475,-0.19133959812960083,0.1494862762452644,-0.1391543219505391,0.12039978833016671,-0.11757266208082588,0.11156697078722377,-0.11245472019818299,-0.18853106161878733,0.2500000000000006,-0.2114254143495952,0.17987341354336406,-0.17294736774847322,0.12219999471143211,-0.11495703219994818,0.10232315685968106,-0.10878869536611958,0.11049539251798646,0.11253100247512662,-0.0963573984107777,0.20140558689387347,-0.1973432263054506,0.14325712047231562,-0.13723353913354985,0.08956241479833506,-0.087539836027423,0.06132902597598489,-0.052290749361267715,-0.07267047259617415,0.1056934438214399,-0.11233184711817441,0.16130015572331627,-0.1448833067369416,0.09138626360062235,-0.08220404355009822,0.05750623986531038,-0.05495868138921814,0.053384211735917966,0.05843008607269335,-0.0056331956208078605,0.024927926515384134,0.03094868146464722,-0.015468105600808284,0.03873220154135278,-0.024965710738021517,0.039777537844129865,-0.031601681232527414,0.04678252659228314
-0.038801828836013574,-0.12964936545483194,0.13967220940839775,-0.09625701956439986,0.10179249984904737,-0.09458151625264974,0.09875091451848116,-0.09265195624834693,0.08968747310559769,-0.08631069261782234,-0.033177365533505025,0.21121812494485565,-0.20328448712279668,0.2089510259971852,-0.15958646740864668,0.14835277152394544,-0.1281639961487349,0.1253569577818239,-0.1190399328621305,0.1198942448739564,0.15953541999241694,-0.2114254143495952,0.25000000000000044,-0.19610455753296308,0.18828707894586602,-0.12872823765702396,0.12231714431328398,-0.10721174664839334,0.1166042698181618,-0.11727350670094794,-0.12837499990662196,0.13415359703816968,-0.23617378644691928,0.23127531712508925,-0.15422510539401252,0.14770457702198672,-0.09183531918021752,0.09038828145729391,-0.0580274830532975,0.04793983517154026,0.10990014346075466,-0.14138730231249816,0.14737015387751826,-0.18483451391593606,0.16353478437090452,-0.09319785201964113,0.08233585764149343,-0.05302986719391474,0.05142449254728127,-0.04950237552524838,-0.09634977982576391,-0.011470963772483824,-0.015996655016139602,-0.06462938571183634,0.0449224495928058,-0.07449520487421296,0.05705774158568241,-0.07574564118977752,0.06479380034551128,-0.08480892045297915
-0.004014215251526072,0.08805806454037587,-0.10385976711066155,0.045305733629689884,-0.062518351432826,0.04424985340190244,-0.060756075523958356,0.041995405124738754,-0.049666115055161435,0.03256575217237632,0.05482210406358479,-0.18485571588935937,0.1987315178824546,-0.2134440375455107,0.19096664904325775,-0.1834766889435793,0.17032430279259345,-0.16885486579024003,0.16606534847603102,-0.167243082869195,-0.12121180374660327,0.17987341354336406,-0.19610455753296308,0.25000000000000044,-0.23555564422759231,0.17679794975376267,-0.16790339774057586,0.1554895326710185,-0.16307568882137047,0.1651736315716796,0.07966493502608038,-0.08081429601934974,0.19170965804390444,-0.19513821415601526,0.20220225482807247,-0.19519593403156957,0.14083923057171047,-0.13733155727459323,0.10791762613235653,-0.09671377809927122,-0.05963353432570376,0.09536962473127397,-0.1045699714992576,0.1815504028653487,-0.17165618845883138,0.14231106482113975,-0.13162316635680324,0.1031244716188817,-0.09928871431685492,0.09738643594347991,0.04357344333931632,-0.01633330548784646,0.03394375174594745,0.012235989362491814,0.004656585244713489,0.020957753394355443,-0.003986989298486555,0.02217557517498494,-0.011955690769266258,0.030996191126691334
0.0076340940595300034,-0.08170035172697568,0.09727946845404688,-0.039514053485809476,0.05788394383614339,-0.03865142327304791,0.057057918632812656,-0.036590890838343555,0.046065258944398446,-0.026933967976874255,-0.055169701343175157,0.17721706591803243,-0.1908367308677672,0.20550382861564387,-0.19525145840411692,0.19040989186514398,-0.1797108396761597,0.17886514014045124,-0.17727300123478434,0.1784748131788727,0.11477947034802041,-0.17294736774847322,0.18828707894586602,-0.23555564422759231,0.25000000000000044,-0.1881709713011835,0.17880419187021143,-0.16641175440210026,0.17415331575874884,-0.17637233516651987,-0.0735496005633182,0.07457734755645719,-0.1851702594987044,0.19034787048408422,-0.21352753146687126,0.20640019791849848,-0.15133879905356992,0.14741732316271436,-0.11753767093744269,0.10588649499948918,0.05428111247523475,-0.09020734822933586,0.09989456146114442,-0.1827621462435251,0.17479510838767043,-0.15245648786594482,0.14153487630899145,-0.1124526149410687,0.10837823848011402,-0.1064372455254843,-0.03798576961551014,0.019501898220546966,-0.03619668594852664,-0.0062597388791753444,-0.010619253419068506,-0.015032231273237034,-0.002389293635796384,-0.016279793575581736,0.005800619914183194,-0.02534725169000958
-0.05074090048113929,0.020982259372054883,-0.03683139623624573,-0.02201929549614633,-0.004540964629951227,-0.021857288654852848,-0.011243817379664062,-0.02261233847187222,0.0013094486291236665,-0.034764858164771546,0.06910626471293567,-0.12034733077665151,0.13306617522953923,-0.14619022935355336,0.2049900528327822,-0.21419595691472146,0.22443419343394108,-0.2261583441057562,0.22921031023315397,-0.23055665178107562,-0.06174567815394408,0.12219999471143211,-0.12872823765702396,0.17679794975376267,-0.1881709713011835,0.25000000000000067,-0.23656487037313056,0.22560144887075867,-0.22567480337370685,0.22742983795128735,0.013725477160759832,-0.0136024771938497,0.12961003015946895,-0.1357114410946195,0.18880638460064358,-0.1922639104636197,0.20815823930731453,-0.19290297813301865,0.1736214793850816,-0.15755013276561866,0.005839075408821436,0.03253016823287115,-0.04376495788895615,0.1513554506281239,-0.15562745192574567,0.17385774813993446,-0.16921992642478415,0.15731551362902707,-0.15295189811876034,0.15212329255410872,-0.023227556096738194,-0.04739420654919405,0.051383191946744816,-0.05132628835790795,0.06253981160482852,-0.04532618403078057,0.05952415303880383,-0.04450597600774583,0.05362510010465553,-0.03626538991474148
0.04826036759966896,-0.019901691867791775,0.03492642044181942,0.020922443636143356,0.004399491217485617,0.020759470234523594,0.011999086080428352,0.021271560390354414,0.0014963913001981286,0.03304280861953589,-0.0657106849541859,0.1137816813921719,-0.12600915741056112,0.13902352037146168,-0.19547228206806888,0.20434064973057223,-0.21981181776527453,0.22257221738727112,-0.22846647312509283,0.2300152407013167,0.05747525543292815,-0.11495703219994818,0.12231714431328398,-0.16790339774057586,0.17880419187021143,-0.23656487037313056,0.2500000000000009,-0.225850206822932,0.22556715882549463,-0.22696515228263267,-0.012611576636351405,0.013055086519409993,-0.12374269467645706,0.1300506377874272,-0.18499202807813359,0.1892423374086158,-0.2095542392306493,0.19388950521195317,-0.17303447007569475,0.15763965379599298,-0.005340170707323197,-0.03135561024912945,0.04226697916177733,-0.1470345027006302,0.15209942467223658,-0.17288736349402778,0.1686166457656171,-0.1576802561712349,0.15362859829894546,-0.15286582153269426,0.02201175216250291,0.04568281240208842,-0.04974361871078938,0.04969576920681802,-0.06082998290906359,0.0437281276407019,-0.058045528755961126,0.042917473784515575,-0.05227252343137977,0.03453045866675753
-0.06548532299867946,-0.0004110765700564146,-0.015486349978803675,-0.043537138366085554,0.01695732186791184,-0.04337216782244072,0.006964843964970844,-0.043575070316510936,0.01577653603780723,-0.056266766552976015,0.0740492559377843,-0.09973689060852449,0.11235797870044066,-0.1246727581886209,0.1836827137079742,-0.19286070816183223,0.21856987558730145,-0.22305224826036296,0.23386623114574345,-0.2358779271375434,-0.04188733191304005,0.10232315685968106,-0.10721174664839334,0.1554895326710185,-0.16641175440210026,0.22560144887075867,-0.225850206822932,0.25000000000000083,-0.23138877170557937,0.23331433032706236,-0.006791583365454008,0.00785605255896051,0.1103522652644642,-0.11713206259237903,0.18187438202844236,-0.18687731793552947,0.2129428472506902,-0.1976499877066471,0.18348020368347503,-0.16692930077984336,0.026791768013714388,0.012342926036552588,-0.024105035734132887,0.13955397569586947,-0.14713723021213077,0.1764956028548324,-0.17332078286824565,0.165454229326638,-0.16059195932555412,0.16002934269953212,-0.04457068257775509,-0.05675744840986412,0.05614959305244341,-0.07062373133955956,0.07956295868172755,-0.06574964475518681,0.0781677602602943,-0.06507067068317741,0.07300585418049645,-0.05768145439460995
0.051430352058936424,-0.01494302151865146,0.029902256657312252,0.02568860872821253,-0.0003307392083755541,0.02551060772055186,0.009248391095719379,0.0256850177848177,0.000937287857478676,0.03776062787266833,-0.06655118480236372,0.10799203561132574,-0.12048916905886106,0.13386689132779342,-0.1908272750934736,0.19977177431770546,-0.2244989690992073,0.22890493170445692,-0.23928534263246257,0.2412297812276174,0.051266735849595686,-0.10878869536611958,0.1166042698181618,-0.16307568882137047,0.17415331575874884,-0.22567480337370685,0.22556715882549463,-0.23138877170557937,0.25000000000000083,-0.24021973083592535,-0.007219599862115891,0.007744959108090253,-0.11902010709343425,0.12608127479272063,-0.18725431195125777,0.1917902684121971,-0.21122786810370875,0.19889571776951992,-0.18181083669173162,0.1646045207295413,-0.010024461981484913,-0.02663674575023655,0.037835938210548495,-0.14605337945840613,0.15220413512652442,-0.1766693357455997,0.17270482908826826,-0.16264713590358634,0.1584669086886582,-0.1577936382897646,0.026765307956934766,0.04793117390271833,-0.051066140557190415,0.054296391197484244,-0.065145434104329,0.04846509004527041,-0.06272531521258627,0.04767332116642585,-0.05702840752760929,0.03924942529987881
-0.0582621931921273,0.009827218003553623,-0.025618413357659506,-0.033078793314055985,0.006673840311040413,-0.03292866294466052,-0.0031639882216882103,-0.03315437912237249,0.005629316583506685,-0.0457870687123142,0.0715555081322126,-0.10878450435860443,0.12154235277433714,-0.13471658318486424,0.19260055739161133,-0.2015823129540852,0.2267960027807012,-0.23126190432640353,0.24191093681704393,-0.2439285837152809,-0.05023489293451328,0.11049539251798646,-0.11727350670094794,0.1651736315716796,-0.17637233516651987,0.22742983795128735,-0.22696515228263267,0.23331433032706236,-0.24021973083592535,0.2500000000000009,0.002976021905059037,-0.0025120552758862665,0.12000739964323587,-0.1270333458196006,0.1894031400954165,-0.193746900279742,0.213253704696729,-0.2008605623803958,0.1849332975563527,-0.1678157851960545,0.01644940027262975,0.02241297448339885,-0.034121882143353384,0.1477890069810556,-0.15417799933397497,0.17950660645589447,-0.1757195728363336,0.16618757673195855,-0.1615367173374084,0.16089655823195084,-0.034138380664315494,-0.05259193265876477,0.05439621845814356,-0.06173349808195975,0.07207501322618819,-0.05616062646075196,0.06989327855402452,-0.05540122655560748,0.06429861027355667,-0.04727668392391873
0.13221554792989754,0.15952381967831766,-0.1526103563479009,0.1756231518714866,-0.1610591149990011,0.17494318126139088,-0.15354645785910662,0.17435318197953098,-0.1558118481673764,0.1799513723086308,-0.05926650956566095,-0.11695167121662191,0.10696910266690632,-0.10761402154371329,0.05365274578788771,-0.04444002618033752,0.02013083087407198,-0.016694707469266254,0.0067802443651717795,-0.0058847487245355405,-0.17289371176871013,0.11253100247512662,-0.12837499990662196,0.07966493502608038,-0.0735496005633182,0.013725477160759832,-0.012611576636351405,-0.006791583365454008,-0.007219599862115891,0.002976021905059037,0.25000000000000094,-0.2268317347200996,0.11687028024244096,-0.11339640943478731,0.03903383112988387,-0.033800653816021556,-0.022953675602051152,0.01999144950080017,-0.056779070395646794,0.0601861796016806,-0.186612771087047,0.19842869811457936,-0.18755358985963855,0.06732387413930047,-0.047064247345169986,-0.021885001438780315,0.03248749686493077,-0.06182421679153356,0.053310311687255744,-0.05500582446654403,0.18570721385002142,0.07242252894938349,-0.031166118331672783,0.16140562100981226,-0.14348698836640872,0.170398771601213,-0.154906053469412,0.17157914629323917,-0.16038929123607232,0.17934687371457197
-0.15014312559996257,-0.17342340312194823,0.16430191971579083,-0.19495298809803532,0.1783125846604949,-0.19434472907753852,0.1703015224097266,-0.19386887614533305,0.17367194907639802,-0.20062354130094523,0.07316313627488208,0.11211915005548007,-0.10331671235388891,0.11046872073265522,-0.05473902208184215,0.04543913321795769,-0.02050773490026691,0.017077483653596265,-0.006881280609345668,0.005864980729532108,0.1547467725722803,-0.0963573984107777,0.13415359703816968,-0.08081429601934974,0.07457734755645719,-0.0136024771938497,0.013055086519409993,0.00785605255896051,0.007744959108090253,-0.0025120552758862665,-0.2268317347200996,0.250000000000001,-0.12307635925380676,0.12119096944879212,-0.03915872259986538,0.034288132386585436,0.02324207171217523,-0.019659065791525026,0.05706410271040204,-0.060034914060252756,0.20800453300835456,-0.2204277912424797,0.20838159159480202,-0.07406908754196216,0.052356267844181875,0.02187516942904708,-0.03251822467839502,0.062065711440386834,-0.0528760849098499,0.054598470434095714,-0.20686196458029357,-0.08119741264409136,0.035159574192384864,-0.17969419432723993,0.1597805670543337,-0.18964001116319978,0.17219139638552416,-0.19089177047320424,0.17784321698279573,-0.19994839589833746
