x1,x2,x3,x4,x5,x6,x7,x8,x9,x10,x11,x12,x13,x14,x15,x16,x17,x18,x19,x20,x21,x22,x23,x24,x25,x26,x27,x28,x29,x30,x31,x32,x33,x34,x35,x36,x37,x38,x39,x40,x41,x42,x43,x44,x45,x46,x47,x48,x49,x50,x51,x52,x53,x54,x55,x56,x57,x58,x59,x60
0.25000000000000006,0.2499120497849857,0.24961734237975372,0.2499560024366597,0.2497173745776358,0.2499410204846975,0.2497530296390458,0.24993777057809755,0.24995536262674264,0.24995263289684386,0.24971665043422217,0.24917632211993687,0.2479589252761409,0.2471487631064985,0.24671071105352801,0.2411130239559844,0.24525767632330014,0.24201506827647476,0.2493919737306388,0.2499025649403961,0.24993585258011855,0.2475384858707913,0.24839278580182003,0.24587060150968185,0.2479384550420199,0.24548707889664398,0.2483673374489994,0.24720787445045,0.24928184387946684,0.24995098966432722,0.24992654020989866,0.24754364253772276,0.24819994955394326,0.24622835963626052,0.2476418491577311,0.24535288736278682,0.24855090671004879,0.24721056356701845,0.2494609585191384,0.24994591079179296,0.24966249430107232,0.24927713428122406,0.24819086604788154,0.2473182436322159,0.2470949804411737,0.24239347456930008,0.2449459973404151,0.24366219471671563,0.2491936569940739,0.24991306331107388,0.24990866024703035,0.2499178503391371,0.2496097785597073,0.24995474714800517,0.24970724489315319,0.24994337408582906,0.2497403729149544,0.24994019198546844,0.24995377697284343,0.24995288311725622
0.2499120497849857,0.2500000000000001,0.24961154905934385,0.24994942453948368,0.24971080319248432,0.24993444321423908,0.24974645731562106,0.24993119339316142,0.24994878497886647,0.24994605532080139,0.24971007906812676,0.24916976497273782,0.24795240016509287,0.24714225931510292,0.24670421878959928,0.24110667899681565,0.2452512222964017,0.242008699579748,0.2493854109085049,0.24989598868190652,0.24992927544565488,0.24753197182372824,0.2483862492736063,0.24586413135347934,0.24793193046965198,0.24548061883295041,0.2483608015904664,0.24720136910352242,0.249275283955432,0.24994441213152724,0.24991996332049293,0.24753712835496053,0.2481934181002716,0.2462218800655492,0.2476353323906329,0.24534643083038252,0.24854436602083763,0.24720405814932603,0.24945439388164986,0.24993933339264482,0.24965592436011136,0.24927057448112355,0.24818433483324498,0.24731173538089116,0.24708847806508483,0.24238709591470198,0.2449395515154398,0.24365578267537885,0.2491870993907027,0.24990648677631674,0.24990208382814114,0.24991127367840787,0.24960321000597638,0.2499481695163258,0.24970067377456745,0.24993679675343516,0.2497338009245952,0.2499336147368124,0.24994719936669457,0.24994630553462938
0.24961734237975372,0.24961154905934385,0.25000000000000006,0.24965524927360727,0.2494163331061858,0.24963970940167937,0.24945194518439465,0.24963646341293522,0.24965403425386026,0.2496513078147292,0.2494156098357479,0.24887593290277363,0.2476600036658583,0.24685081816999402,0.24641329420136188,0.24082235527648135,0.24496201114625882,0.24172331215662024,0.24909132453926117,0.2496013002166417,0.24963454772715785,0.24724007111229462,0.24809334116020534,0.24557419743371398,0.2476395581091927,0.2451911371682079,0.2480679234861054,0.24690985825352155,0.24898132745278995,0.24964966656317653,0.24962524658326776,0.2472452215627157,0.2479007373819671,0.2459315242725897,0.24734330979182104,0.24505710740610132,0.2482512714491348,0.24691254412828265,0.2491602261646155,0.24964459381336893,0.24936151898937298,0.24897662353210287,0.24789166482633315,0.24702009438206696,0.24679710034121768,0.2421012622697848,0.24465070790134477,0.24336845293860224,0.24889324687922154,0.24961178593123196,0.2496073881752089,0.24961656718839548,0.2493088667983493,0.24965341951710016,0.24940621563332913,0.2496420601654773,0.2494393037183479,0.2496388819012301,0.24965245051151247,0.2496515577334938
0.2499560024366597,0.24994942453948368,0.24965524927360727,0.25000000000000017,0.24975472045042124,0.24997839980430092,0.24979038084413696,0.24997514941166918,0.24999274409125014,0.24999001395311324,0.24975399619871003,0.24921358707694188,0.24799600816833067,0.24718572483686121,0.24674760727208445,0.24114908302610227,0.24529435523679208,0.24205126224963067,0.24942927093889408,0.2499399385088744,0.2499732311268484,0.24757550588519162,0.24842993357896248,0.24590737208770516,0.24797553487283377,0.24552379211787861,0.2484044814202753,0.24724484502106575,0.24931912461752118,0.2499883704748472,0.24996391736394005,0.24758066332331563,0.2482370684919311,0.2462651837179274,0.2476788846303753,0.2453895805153338,0.24858807813457795,0.24724753453979853,0.2494982660442457,0.24998329084275442,0.2496998319663719,0.24931441431494583,0.2482279836274078,0.24735523070882526,0.24713193412820117,0.24242972513408598,0.24498262964151735,0.2436986350218483,0.2492309245435538,0.2499504384496105,0.2499460347270775,0.24995522619358598,0.2496471083412328,0.24999212852046632,0.24974458925101836,0.24998075375741968,0.24977772222720016,0.24997757118116787,0.2499911582002125,0.2499902642109469
0.2497173745776358,0.24971080319248432,0.2494163331061858,0.24975472045042124,0.2500000000000002,0.24973975056297046,0.2495532495765878,0.24973650065508368,0.24975408324887668,0.2497513500920717,0.24951553308470384,0.24897508577409463,0.2477608470781962,0.24695158329894057,0.2465106535671796,0.24091874910822716,0.2450595897881151,0.24182013594959575,0.2491911307388671,0.24970132617056948,0.24973458661215334,0.24734433221171162,0.2481929208360541,0.2456732318721764,0.24773893961109048,0.2452895137499314,0.24816739685609115,0.24700881380560827,0.24908111425858695,0.2497497120997967,0.24972528112389433,0.2473443140524738,0.24800008477319888,0.24603011563358354,0.24744244503925722,0.245155331371129,0.24835077264303806,0.2470114865330581,0.2492600744169268,0.24974463693136986,0.24946144882652635,0.24907640153000007,0.24799100629734674,0.24711910200676798,0.24689600404495465,0.242198303670624,0.24474875236601165,0.2434659610812901,0.24899299009216658,0.2497118158497843,0.24970741638400623,0.24971659907561336,0.2494087746022298,0.24975346617260538,0.24950616241210166,0.24974210226880297,0.24953926435589555,0.24973892273160103,0.24975249677585068,0.24975160364291094
0.2499410204846975,0.24993444321423908,0.24963970940167937,0.24997839980430092,0.24973975056297046,0.2500000000000002,0.2497754088192608,0.24996016631206872,0.24997775993705357,0.24997502996255658,0.24973902635466974,0.24919864962413601,0.24798114369520335,0.24717090893078514,0.24673281762605503,0.24113462894641466,0.2452796526963014,0.24203675409480302,0.24941432055835222,0.24992495751975743,0.24995824814222664,0.24756066661627976,0.24841504309705895,0.24589263280399115,0.24796067162684177,0.2455090758253179,0.2483895924639325,0.24723002557142298,0.2493041808389684,0.24997338658279766,0.2499489349375699,0.2475658237452755,0.24822218957004397,0.2462504229875728,0.24766403916511154,0.24537487226719584,0.2485731781737497,0.24723271492895013,0.24948331152825,0.2499683072551698,0.24968486536884646,0.24929947081872106,0.24821310525005277,0.24734040464284565,0.24711712144625164,0.242415194294815,0.24496794578534617,0.24368402812620435,0.24921598605156872,0.24993545683114443,0.24993105337256327,0.24994024428815043,0.2496321449038749,0.24997714440316596,0.24972961997081505,0.2499657703219039,0.24976275096106057,0.24996258793641044,0.24997617414107148,0.2499752802053901
0.2497530296390458,0.24974645731562106,0.24945194518439465,0.24979038084413696,0.2495532495765878,0.2497754088192608,0.25000000000000017,0.24977216167964209,0.24978974135645923,0.24978701309712403,0.2495511787604694,0.24901105288434014,0.24779434764846894,0.24698521636712026,0.24654710143433517,0.24095224931398704,0.24509226203904608,0.241853671368078,0.2492266303793921,0.24973697882163984,0.24977024421620148,0.2473752902856107,0.24822820170247042,0.24570782343586892,0.24777418563201575,0.24532415280248587,0.24820277806432317,0.24704387549871867,0.24911667085254594,0.24978537122843797,0.24976093788396794,0.24737962085494017,0.2480354844816057,0.24606520557502554,0.24747774511029452,0.24519030613004802,0.24838621695887467,0.24704675189372685,0.24929566459688618,0.24978029588571976,0.24949706718506467,0.24911196112754572,0.24802641314754018,0.24715436401864851,0.24693125207123462,0.24223285931588498,0.24478368686860033,0.24350072241225762,0.24902853933732513,0.24974747015646004,0.24974307002357776,0.2497522540263091,0.24944438596028418,0.24978912638723905,0.24954178834109927,0.2497777608608904,0.24957489416547005,0.24977458086919826,0.24978815685245168,0.249787263591604
0.24993777057809755,0.24993119339316142,0.24963646341293522,0.24997514941166918,0.24973650065508368,0.24996016631206872,0.24977216167964209,0.25000000000000006,0.24997505494275896,0.24997177962268596,0.24973577933367622,0.24919541312961532,0.24797793182087483,0.24716768674619655,0.24672961003950777,0.24113149228552164,0.24527638045982295,0.2420336089444952,0.24941107714940128,0.24992170782485162,0.24995499800809345,0.24755742000357872,0.24841181380834795,0.24588943155967444,0.24795744994999086,0.24550588895328507,0.24838636460902608,0.24722681409429179,0.2493009392895127,0.2499701362529343,0.24994568491607033,0.24756260470099078,0.24821896200468788,0.24624722083450382,0.24766081840873017,0.24537168133523363,0.2485699460453323,0.24722949978155143,0.24948006752984697,0.24996505699374993,0.2496816187936149,0.24929622919312797,0.2482098777688914,0.24733718835684163,0.24711390813778777,0.24241204194982283,0.2449647601687487,0.24368085864832306,0.24921274553161696,0.24993220699601856,0.2499278035955625,0.24993699439164316,0.24962889899354415,0.24997389402685785,0.24972637281537552,0.24996252009348946,0.249759503369899,0.24995933774938656,0.2499729237772804,0.24997202985332168
0.24995536262674264,0.24994878497886647,0.24965403425386026,0.24999274409125014,0.24975408324887668,0.24997775993705357,0.24978974135645923,0.24997505494275896,0.25000000000000006,0.24998937401051846,0.24975335650573052,0.24921294391782534,0.24799541133003433,0.2471851024095051,0.24674693610673393,0.24114841096624745,0.24529394640556376,0.24205060050318258,0.2494286298565274,0.2499392987355016,0.24997259128199303,0.24757489484206446,0.2484292986918558,0.2459067426793792,0.24797489590848076,0.2455231410687354,0.24840384147982802,0.24724419873513295,0.24931848608250248,0.24998773056719678,0.24996327753821984,0.2475800295711553,0.248236432936322,0.24626455282067541,0.24767825063521381,0.2453889515398196,0.24858744171117103,0.2472469013721417,0.24949762752954074,0.2499826509629809,0.24969919280950859,0.24931377605634086,0.24822734818474312,0.24735459702880494,0.24713130142446516,0.242429104077832,0.2449820021712438,0.24369801064622634,0.24923028651848067,0.24994979865419523,0.24994539494267454,0.2499545863856559,0.2496464693176359,0.2499914886180776,0.24974395000562755,0.24998011388414704,0.24977708287666614,0.2499769313160355,0.2499905183002533,0.24998962431333
0.24995263289684386,0.24994605532080139,0.2496513078147292,0.24999001395311324,0.2497513500920717,0.24997502996255658,0.24978701309712403,0.24997177962268596,0.24998937401051846,0.2500000000000002,0.24975062939118925,0.24921022791907557,0.24799266459032143,0.24718239176971143,0.2467442823720734,0.24114583095301595,0.24529104696042736,0.2420479979800008,0.24942590840684573,0.2499365691854289,0.24996986135497695,0.24757216728841935,0.24842658448838764,0.2459040568243806,0.2479721918523007,0.2455204817160649,0.24840113268448752,0.24724151168415542,0.24931576365278255,0.2499850004981769,0.24996054771810491,0.24757732579700273,0.24823372211557018,0.24626186390117444,0.24767554577110873,0.24538627250990314,0.2485847270219811,0.24724420151388904,0.2494949026770274,0.24997992093507648,0.24969646587971095,0.24931105342121648,0.24822463738106962,0.2473518962103007,0.24712860265595904,0.24242645703261068,0.24497932713949871,0.24369534984405183,0.24922756477638122,0.24994706898484634,0.24994266532163137,0.24995185666423403,0.24964374296604303,0.24998875849365132,0.24974122256211753,0.24997738388394253,0.24977435509090287,0.249974201350593,0.24998778818647954,0.24998689420926384
0.24971665043422217,0.24971007906812676,0.2494156098357479,0.24975399619871003,0.24951553308470384,0.24973902635466974,0.2495511787604694,0.24973577933367622,0.24975335650573052,0.24975062939118925,0.2500000000000001,0.24897456180695215,0.2477575033702447,0.2469483917515487,0.24651184830586,0.24091837328426433,0.2450585668467188,0.24181943268547715,0.2491904114271566,0.24970060199159994,0.24973386243045761,0.24734054192271548,0.24819208131677659,0.24567207825844498,0.24773814925007506,0.24528878258266246,0.24816665786220338,0.24700810434691356,0.24908038839395932,0.24974898767092035,0.24972455740902738,0.24734359084346752,0.24799936233138278,0.24602938331736943,0.24744171594239356,0.2451546121494442,0.2483500433936954,0.24701077452777861,0.24925935148887235,0.24974391270933483,0.24946072533965152,0.24907567802152178,0.24799028687248853,0.24711837744631399,0.24689528747466666,0.24219759107477604,0.2447480421763339,0.24346526790259646,0.24899226752214085,0.24971109175265266,0.24970669226947845,0.24971587493445493,0.24940805180765202,0.24975274192453545,0.2495054393027325,0.24974137805369062,0.2495385408425403,0.24973819852532378,0.2497517725322894,0.24975087940023813
0.24917632211993687,0.24916976497273782,0.24887593290277363,0.24921358707694188,0.24897508577409463,0.24919864962413601,0.24901105288434014,0.24919541312961532,0.24921294391782534,0.24921022791907557,0.24897456180695215,0.25000000000000006,0.2472217475386676,0.24641212542392407,0.24597561705719345,0.2403889593776484,0.24452316121305753,0.24129389071178467,0.24865108111546194,0.2491603075491585,0.24919349976910685,0.2468067882072834,0.24765557294224744,0.24513517650933364,0.24720156241043112,0.24475617882452788,0.24762905938272775,0.2464731784422741,0.24854131154612874,0.2492085840390649,0.24918421123299675,0.24680832982657558,0.2474627877300937,0.24549664843462052,0.24690619706780728,0.24462369411046367,0.2478125795372136,0.24647604912829987,0.2487200347382342,0.2492035253975122,0.24892094997712502,0.24853667956765407,0.24745365814430606,0.24658340834979198,0.24636097540294452,0.24167318155374232,0.24421820298934102,0.24293800620252765,0.24845346988758785,0.24917077530762688,0.24916638550224593,0.24917554829824326,0.24886838448762927,0.24921233551671407,0.24896557643745038,0.24920099623473818,0.24899859829045562,0.24919782358667006,0.2492113681808412,0.24921047702249127
0.2479589252761409,0.24795240016509287,0.2476600036658583,0.24799600816833067,0.2477608470781962,0.24798114369520335,0.24779434764846894,0.24797793182087483,0.24799541133003433,0.24799266459032143,0.2477575033702447,0.2472217475386676,0.25000000000000017,0.24518913585399285,0.24479154898293587,0.2392189664516911,0.24333959882855105,0.24011392984003763,0.24743620870007269,0.24794298881148855,0.2479760168622606,0.245594547956319,0.24644532691698512,0.24393939093101552,0.24599399916181794,0.24356050385245875,0.2464193738001829,0.2452684800568042,0.24732709036538195,0.24799103291907004,0.24796677549777582,0.24560256437391,0.2462537454345772,0.2442975244461101,0.24570002231617125,0.24342884562494646,0.24660192767964675,0.24527200103921878,0.24750485981651793,0.24798599565168786,0.24770480146669668,0.24732244747203855,0.24624470145398378,0.24537886163664369,0.2451573929893208,0.2404926934667848,0.24302520110326367,0.24175135964785033,0.24723962907480618,0.24795340561796902,0.24794903720566708,0.2479581552350392,0.24765249574008533,0.2479947627228312,0.24774920317448473,0.24798347884093047,0.24778206937273187,0.24798032169356324,0.24799380013657382,0.24799291330862427
0.2471487631064985,0.24714225931510292,0.24685081816999402,0.24718572483686121,0.24695158329894057,0.24717090893078514,0.24698521636712026,0.24716768674619655,0.2471851024095051,0.24718239176971143,0.2469483917515487,0.24641212542392407,0.24518913585399285,0.2500000000000002,0.24394089529263496,0.23838816844200028,0.24252286879655363,0.23931880108995343,0.2466269825947901,0.24713288245224638,0.2471657762063168,0.24478358795018001,0.245637781259396,0.24310182697944516,0.2451852826779801,0.24275066818657054,0.2456075776746256,0.2444654092854054,0.24651738634080247,0.24718070668648393,0.24715657240296499,0.24479922242973365,0.24544883100398926,0.24349410590749532,0.24489573831578426,0.24262692517061699,0.24579517478967677,0.24446686356860856,0.24669654704856384,0.24717574489685054,0.24689545908599783,0.24651354549719787,0.24543960617998972,0.24457343275562093,0.2443550767175316,0.23970193032247342,0.24222729546192395,0.24095453618158336,0.24643128258791594,0.24714325851454402,0.2471389073421534,0.2471479955823603,0.24684322605655262,0.24718448346043076,0.24693984681807077,0.2471732364482952,0.24697248867693247,0.24717008963176634,0.24718352337410945,0.2471826400890644
0.24671071105352801,0.24670421878959928,0.24641329420136188,0.24674760727208445,0.2465106535671796,0.24673281762605503,0.24654710143433517,0.24672961003950777,0.24674693610673393,0.2467442823720734,0.24651184830586,0.24597561705719345,0.24479154898293587,0.24394089529263496,0.25000000000000006,0.2379034979338819,0.24206613194128826,0.23889155272094625,0.24618894944399514,0.24669486012463354,0.24672769556943028,0.2443529555912277,0.24520175456893112,0.2426873510666684,0.24474858200649158,0.24230536797627464,0.24517173907299347,0.24402882296913342,0.24608043440049177,0.24674259288152922,0.24671853975234204,0.24436503776563678,0.2450126654384373,0.24306205309299317,0.24446182615307166,0.24219727726844403,0.24535914429819533,0.2440344488558157,0.24625925984210648,0.2467376450682555,0.2464578514752643,0.24607665191688502,0.24500463989388704,0.24413991700423063,0.24392213986819167,0.2392771096555371,0.24179854953651275,0.2405294748525588,0.24599455096642964,0.24670521879068544,0.24670087275859032,0.2467099448900531,0.24640576552225837,0.24674636809621212,0.24650217518232467,0.24673514101857896,0.2465347569696311,0.24673199974815194,0.2467454099413425,0.24674452799176436
0.2411130239559844,0.24110667899681565,0.24082235527648135,0.24114908302610227,0.24091874910822716,0.24113462894641466,0.24095224931398704,0.24113149228552164,0.24114841096624745,0.24114583095301595,0.24091837328426433,0.2403889593776484,0.2392189664516911,0.23838816844200028,0.2379034979338819,0.24999999999999997,0.23645026130641142,0.23335727784254826,0.24059455490368842,0.24109753381026017,0.24112960583403834,0.23881090952223505,0.23962880317405097,0.2371919589874453,0.23916572748548798,0.2366802790365853,0.23960394816965255,0.23845307569527455,0.2404966971978977,0.24114413090881595,0.24112048492226432,0.2388221984463803,0.23944840487178937,0.23754663001429377,0.23891350862641395,0.23669470737008846,0.23979519263152485,0.238490417825132,0.24067281721551698,0.24113934651935176,0.2408659110609474,0.24049251693286922,0.23944498681786908,0.23859730044278052,0.23838609048710935,0.23384494360931796,0.236306677508108,0.23505700194691084,0.240412408853288,0.24110764312947827,0.24110340888011508,0.24111227517608588,0.2408146870373123,0.241147871964822,0.24090930254603607,0.24113689962323676,0.2409410367688438,0.24113382976377554,0.24114693391747463,0.2411460736124192
0.24525767632330014,0.2452512222964017,0.24496201114625882,0.24529435523679208,0.2450595897881151,0.2452796526963014,0.24509226203904608,0.24527638045982295,0.24529394640556376,0.24529104696042736,0.2450585668467188,0.24452316121305753,0.24333959882855105,0.24252286879655363,0.24206613194128826,0.23645026130641142,0.24999999999999992,0.23735321011380273,0.24473152999210138,0.24524190771360707,0.24527459234039725,0.24291391522599323,0.2437565834905321,0.24128135406198908,0.24330497232371745,0.24083986680179392,0.24372762189324865,0.2425527237925677,0.2446316206434933,0.24528936128367002,0.24526545437719746,0.24292657327568234,0.24356939570943975,0.24163216199665716,0.24301995065629892,0.24077157044794087,0.24391446748563383,0.24259764808277962,0.24480892249796882,0.24528445174247282,0.24500630473974458,0.24462745934219113,0.24356172721152128,0.24270225129434891,0.24248568816924293,0.23786911805195576,0.24037469611149376,0.23911296329182855,0.24454571304239886,0.2452522172781051,0.24524789597231947,0.24525691467246702,0.2449545275425482,0.24529312335928183,0.2450503913589025,0.2452819624051588,0.24508275974873042,0.24527883963836164,0.24529217075891963,0.24529129409229344
0.24201506827647476,0.242008699579748,0.24172331215662024,0.24205126224963067,0.24182013594959575,0.24203675409480302,0.241853671368078,0.2420336089444952,0.24205060050318258,0.2420479979800008,0.24181943268547715,0.24129389071178467,0.24011392984003763,0.23931880108995343,0.23889155272094625,0.23335727784254826,0.23735321011380273,0.25,0.24149007884920828,0.24199951853372878,0.24203175100906982,0.23971340179922243,0.24053972883505048,0.23808372715625362,0.24009431418084848,0.23768048896457308,0.24050008441050993,0.23930412828217032,0.24139644350974232,0.24204632201624832,0.2420226135014226,0.2397168795521022,0.2403567940076847,0.2384412523864724,0.23980805502641434,0.23758670002591323,0.24069197967998285,0.23938693289878152,0.24157279228347586,0.24204148951444093,0.2417670370887847,0.24139315486275797,0.240341355457877,0.23949350396768873,0.2392792337733966,0.23472520854437226,0.23719450031649544,0.2359433195349634,0.24131229256462516,0.242009671765571,0.2420054172305501,0.2420143166947113,0.24171572870170732,0.2420500466579185,0.24181050444526517,0.2420390332655915,0.24184243731906901,0.2420359519022362,0.242049105664249,0.24204824157722593
0.2493919737306388,0.2493854109085049,0.24909132453926117,0.24942927093889408,0.2491911307388671,0.24941432055835222,0.2492266303793921,0.24941107714940128,0.2494286298565274,0.24942590840684573,0.2491904114271566,0.24865108111546194,0.24743620870007269,0.2466269825947901,0.24618894944399514,0.24059455490368842,0.24473152999210138,0.24149007884920828,0.25,0.2493759448183323,0.24940916572473174,0.24701589143241812,0.24786926962649955,0.245354521891116,0.24741486284039313,0.24496226240575955,0.24784285447794577,0.24668090725223535,0.2487563664890955,0.24942425958509282,0.2493998727364318,0.2470219744637108,0.24767698855637227,0.2457090833497568,0.2471196834131031,0.24483524093212097,0.24802703623194092,0.24668935016219423,0.24893531811073843,0.24941920055437353,0.24913637941409902,0.2487517593154526,0.24766780865212334,0.24679667090270574,0.24657416770192292,0.24188228776151252,0.2444294774563041,0.2431481587013205,0.24866847262058678,0.2493864223573781,0.24938202851324792,0.24939119923934444,0.24908376968958493,0.2494280182955278,0.24918105584472183,0.24941666919999667,0.24921409732390754,0.24941349380381977,0.24942705010317123,0.24942615819282293
0.2499025649403961,0.24989598868190652,0.2496013002166417,0.2499399385088744,0.24970132617056948,0.24992495751975743,0.24973697882163984,0.24992170782485162,0.2499392987355016,0.2499365691854289,0.24970060199159994,0.2491603075491585,0.24794298881148855,0.24713288245224638,0.24669486012463354,0.24109753381026017,0.24524190771360707,0.24199951853372878,0.2493759448183323,0.24999999999999983,0.2499197899443,0.2475225842203648,0.24837682269110375,0.2458548022181969,0.24792252226862402,0.24547130694033317,0.24835137679907726,0.24719198956145708,0.24926582339262487,0.24993492606271372,0.24991047816862144,0.24752773371693743,0.2481839985347936,0.2462125355398949,0.24762593395013102,0.2453371194459859,0.24853493320350842,0.2471946760304599,0.24944492638199028,0.24992984751256214,0.24964644923755447,0.2492611140029971,0.2481749155678597,0.2473023493701869,0.24707910039556183,0.24237789682953906,0.2449302554137839,0.24364653511900378,0.2491776420712357,0.24989700214241015,0.24989259936178593,0.24990178886327277,0.24959373687622557,0.24993868330089303,0.24969119694485506,0.2499273109696296,0.24972432284307527,0.24992412907377953,0.2499377131880589,0.2499368193899398
0.24993585258011855,0.24992927544565488,0.24963454772715785,0.2499732311268484,0.24973458661215334,0.24995824814222664,0.24977024421620148,0.24995499800809345,0.24997259128199303,0.24996986135497695,0.24973386243045761,0.24919349976910685,0.2479760168622606,0.2471657762063168,0.24672769556943028,0.24112960583403834,0.24527459234039725,0.24203175100906982,0.24940916572473174,0.2499197899443,0.2499999999999998,0.2475554517404728,0.24840990928125103,0.2458875247378966,0.24795554159906796,0.24550399013257262,0.24838445335548306,0.2472249110789425,0.24929902557127284,0.24996821798815097,0.24994376686986378,0.24756070469460525,0.24821705738942407,0.24624532997405715,0.24765891816224284,0.24536979711160792,0.24856803818693762,0.2472276021882183,0.24947815318854533,0.2499631387863694,0.24967970275738416,0.24929431597820373,0.24820797294766028,0.24733528955658898,0.24711201162713498,0.24241018073152193,0.24496287981672282,0.24367898810823568,0.24921083301063948,0.24993028904124948,0.24992588567406918,0.24993507639962073,0.24962698336609188,0.24997197575167096,0.24972445646820057,0.24996060190558536,0.24975758674468815,0.24995741958589102,0.2499710055095125,0.24997011159244004
0.2475384858707913,0.24753197182372824,0.24724007111229462,0.24757550588519162,0.24734433221171162,0.24756066661627976,0.2473752902856107,0.24755742000357872,0.24757489484206446,0.24757216728841935,0.24734054192271548,0.2468067882072834,0.245594547956319,0.24478358795018001,0.2443529555912277,0.23881090952223505,0.24291391522599323,0.23971340179922243,0.24701589143241812,0.2475225842203648,0.2475554517404728,0.24999999999999994,0.24601235906794777,0.24350707508563207,0.245576617254962,0.24315069830346128,0.24600227990796575,0.24485655294074124,0.24690754798147876,0.24757052585665404,0.24754632607365468,0.2451858838355466,0.24583457153203445,0.24388199783117565,0.24528180409855257,0.2430147734485355,0.24618360225836639,0.24485558674530045,0.24708527762398086,0.24756551033265875,0.24728478939401752,0.24690292195216698,0.2458270822629342,0.24496200799180973,0.24474149628105055,0.2400839746349801,0.2426124996261863,0.24134057706833972,0.2468203056980499,0.2475329758533723,0.24752861456651054,0.2475377171357076,0.2472325684828193,0.24757426255153833,0.24732915140242442,0.24756299780300414,0.24736193342024582,0.24755984600211556,0.24757330152104964,0.2475724162731329
0.24839278580182003,0.2483862492736063,0.24809334116020534,0.24842993357896248,0.2481929208360541,0.24841504309705895,0.24822820170247042,0.24841181380834795,0.2484292986918558,0.24842658448838764,0.24819208131677659,0.24765557294224744,0.24644532691698512,0.245637781259396,0.24520175456893112,0.23962880317405097,0.2437565834905321,0.24053972883505048,0.24786926962649955,0.24837682269110375,0.24840990928125103,0.24601235906794777,0.25000000000000006,0.24434438401429454,0.2464265986265912,0.24397971503822377,0.24685619977580905,0.24570670096520159,0.24775999544713245,0.24842493080695227,0.24840061291453716,0.24603239730337978,0.24667566754333495,0.2447233565109601,0.24613202799407702,0.2438514334731018,0.24703594040937116,0.24569966821261469,0.24793884260885077,0.24841990344874748,0.24813821225982924,0.24775480267877786,0.24667536256475678,0.2458063934202845,0.24558606446684586,0.24091230456604515,0.24344924965585096,0.24217201092150514,0.24767201424711083,0.24838725631450068,0.2483828804297596,0.2483920144140585,0.24808579674406653,0.24842868595442674,0.24818276468692105,0.24841738233011623,0.24821563215677153,0.24841421963448976,0.24842772148238154,0.24842683330409493
0.24587060150968185,0.24586413135347934,0.24557419743371398,0.24590737208770516,0.2456732318721764,0.24589263280399115,0.24570782343586892,0.24588943155967444,0.2459067426793792,0.2459040568243806,0.24567207825844498,0.24513517650933364,0.24393939093101552,0.24310182697944516,0.2426873510666684,0.2371919589874453,0.24128135406198908,0.23808372715625362,0.245354521891116,0.2458548022181969,0.2458875247378966,0.24350707508563207,0.24434438401429454,0.24999999999999992,0.24389006449654776,0.24146001328467467,0.24433676597822593,0.24319887757428915,0.24524332959464532,0.24590238324244765,0.24587834883522638,0.24353480257725757,0.24418204143689284,0.2422380404852029,0.24362323415042395,0.24137424163422036,0.2445257639714133,0.24320344015903878,0.2454209502099036,0.24589744381249734,0.2456186120674318,0.2452390079470284,0.2441705044682001,0.24330987601445903,0.2430918543527267,0.2384652212054088,0.24097557408991754,0.23970917935338482,0.24515690333277343,0.24586512608987776,0.24586079671572847,0.24586983795485462,0.24556664893687727,0.2459061371312401,0.24566276398011144,0.24589494828439998,0.24569523711352442,0.24589181775267824,0.24590518193848723,0.24590430329307775
0.2479384550420199,0.24793193046965198,0.2476395581091927,0.24797553487283377,0.24773893961109048,0.24796067162684177,0.24777418563201575,0.24795744994999086,0.24797489590848076,0.2479721918523007,0.24773814925007506,0.24720156241043112,0.24599399916181794,0.2451852826779801,0.24474858200649158,0.23916572748548798,0.24330497232371745,0.24009431418084848,0.24741486284039313,0.24792252226862402,0.24795554159906796,0.245576617254962,0.2464265986265912,0.24389006449654776,0.25,0.24350714649563324,0.24641174815477634,0.24524455449631202,0.2473155613520884,0.24797051514813967,0.24794625590421415,0.2455865300647528,0.24628039518514888,0.24428158498533412,0.2456623963118452,0.24341020592245638,0.24658282416530503,0.24525044263773157,0.24748429754004503,0.2479655233303378,0.24768434183852642,0.24730204587726884,0.2462244053793949,0.24535792413038307,0.24513663767847563,0.2404754047591422,0.2430026160142309,0.241725094440026,0.2472186304277321,0.24793293613681636,0.2479285677858605,0.2479376850660293,0.24763191065245643,0.24797428952986328,0.2477289590146198,0.24796300658066822,0.2477616005828398,0.2479598497988925,0.2479733257376089,0.24797244026862345
0.24548707889664398,0.24548061883295041,0.2451911371682079,0.24552379211787861,0.2452895137499314,0.2455090758253179,0.24532415280248587,0.24550588895328507,0.2455231410687354,0.2455204817160649,0.24528878258266246,0.24475617882452788,0.24356050385245875,0.24275066818657054,0.24230536797627464,0.2366802790365853,0.24083986680179392,0.23768048896457308,0.24496226240575955,0.24547130694033317,0.24550399013257262,0.24315069830346128,0.24397971503822377,0.24146001328467467,0.24350714649563324,0.24999999999999992,0.24393714101226652,0.24278999601833803,0.24485724109575774,0.24551876804887462,0.24549486953157285,0.2431551812706913,0.24381128582258457,0.24185840616472978,0.24326039270880126,0.2409921819498461,0.2441422630017005,0.2428222787237338,0.2450406123914482,0.24551387921987577,0.24523547816303498,0.2448562179185346,0.24378926939715517,0.24292843502755412,0.24271198330620963,0.2380894660373683,0.2405977422932697,0.23933212765307108,0.24477424510587945,0.24548161041829816,0.245477289396555,0.24548631653344394,0.24518357237925728,0.24552255908788856,0.2452796181202357,0.24551138769556546,0.24531200378981477,0.24550826200199644,0.24552160530949543,0.2455207281101279
0.2483673374489994,0.2483608015904664,0.2480679234861054,0.2484044814202753,0.24816739685609115,0.2483895924639325,0.24820277806432317,0.24838636460902608,0.24840384147982802,0.24840113268448752,0.24816665786220338,0.24762905938272775,0.2464193738001829,0.2456075776746256,0.24517173907299347,0.23960394816965255,0.24372762189324865,0.24050008441050993,0.24784285447794577,0.24835137679907726,0.24838445335548306,0.24600227990796575,0.24685619977580905,0.24433676597822593,0.24641174815477634,0.24393714101226652,0.24999999999999978,0.24565794996753218,0.24774469022700046,0.2483994806500763,0.2483752139458039,0.2460177273893811,0.24667816598739198,0.24475019949630197,0.24615814501537905,0.24384249899583035,0.2470013927170012,0.24568386594383426,0.24792757933686327,0.2483944528924811,0.24811276508253727,0.24773156560494622,0.24665070213179133,0.24578468522770064,0.2455614532900057,0.24090555626816035,0.2434247532783971,0.24214194030176764,0.24764619266934254,0.24836181007476577,0.2483574330880475,0.2483665661413199,0.24806016055456115,0.2484032339225808,0.2481575786409101,0.2483919314553557,0.24819014392053454,0.24838876937868298,0.24840226735173718,0.24840138146303753
0.24720787445045,0.24720136910352242,0.24690985825352155,0.24724484502106575,0.24700881380560827,0.24723002557142298,0.24704387549871867,0.24722681409429179,0.24724419873513295,0.24724151168415542,0.24700810434691356,0.2464731784422741,0.2452684800568042,0.2444654092854054,0.24402882296913342,0.23845307569527455,0.2425527237925677,0.23930412828217032,0.24668090725223535,0.24719198956145708,0.2472249110789425,0.24485655294074124,0.24570670096520159,0.24319887757428915,0.24524455449631202,0.24278999601833803,0.24565794996753218,0.24999999999999967,0.24657591359170675,0.2472398009839863,0.24721574035921887,0.24485874361515345,0.24550914526825304,0.2435590246643843,0.24497723491042672,0.2426903534266746,0.24585898865037287,0.2445286110339292,0.24675437258632063,0.2472348628098839,0.24695449815125414,0.24657281726315383,0.2454985707035138,0.2446321512441796,0.24441444348648841,0.2397638843586119,0.24228784237891265,0.24101712161293148,0.24649042434875396,0.24720237416376475,0.2471980163303947,0.24720710674320193,0.24690236133931084,0.24724360334833742,0.24699892763592773,0.2472323536462543,0.24703157032318135,0.24722920603592582,0.2472426433322675,0.24724175953548025
0.24928184387946684,0.249275283955432,0.24898132745278995,0.24931912461752118,0.24908111425858695,0.2493041808389684,0.24911667085254594,0.2493009392895127,0.24931848608250248,0.24931576365278255,0.24908038839395932,0.24854131154612874,0.24732709036538195,0.24651738634080247,0.24608043440049177,0.2404966971978977,0.2446316206434933,0.24139644350974232,0.2487563664890955,0.24926582339262487,0.24929902557127284,0.24690754798147876,0.24775999544713245,0.24524332959464532,0.2473155613520884,0.24485724109575774,0.24774469022700046,0.24657591359170675,0.24999999999999975,0.24931410415600697,0.24928973785847952,0.24691333417736067,0.24756574390542677,0.24561544291485504,0.2470197817713501,0.2447484545254931,0.2479629819272414,0.24658080179280278,0.2488248296442595,0.24930905879681342,0.24902635379635885,0.24864222357912238,0.24755862353337327,0.24668679092287865,0.2464650368253507,0.24177759655576658,0.24432120831424387,0.24304171515228096,0.2485584808313192,0.24927629861641143,0.24927190305361785,0.24928106973092065,0.24897376867997612,0.2493178725272571,0.24907111400167653,0.24930652844245066,0.2491040307021824,0.24930335451184854,0.24931690447763905,0.24931601324601754
0.24995098966432722,0.24994441213152724,0.24964966656317653,0.2499883704748472,0.2497497120997967,0.24997338658279766,0.24978537122843797,0.2499701362529343,0.24998773056719678,0.2499850004981769,0.24974898767092035,0.2492085840390649,0.24799103291907004,0.24718070668648393,0.24674259288152922,0.24114413090881595,0.24528936128367002,0.24204632201624832,0.24942425958509282,0.24993492606271372,0.24996821798815097,0.24757052585665404,0.24842493080695227,0.24590238324244765,0.24797051514813967,0.24551876804887462,0.2483994806500763,0.2472398009839863,0.24931410415600697,0.24999999999999975,0.24995890522323397,0.24757568300600702,0.24823209223283071,0.2462601704168167,0.24767391483912896,0.24538456792773553,0.24858308004805355,0.24724253237065402,0.24949327220773787,0.24997827752117346,0.2496948241043842,0.24930940277233687,0.24822299694255748,0.24735021648792718,0.24712695805519455,0.2424247839208975,0.2449776615596195,0.243693668464222,0.24922591824853912,0.24994542576556947,0.24994102215462796,0.24995021343684062,0.24964210055902517,0.24998711502363855,0.24973958305310245,0.249975740488738,0.24977271319719455,0.24997255797620474,0.24998614471487549,0.2499852507515071
0.24992654020989866,0.24991996332049293,0.24962524658326776,0.24996391736394005,0.24972528112389433,0.2499489349375699,0.24976093788396794,0.24994568491607033,0.24996327753821984,0.24996054771810491,0.24972455740902738,0.24918421123299675,0.24796677549777582,0.24715657240296499,0.24671853975234204,0.24112048492226432,0.24526545437719746,0.2420226135014226,0.2493998727364318,0.24991047816862144,0.24994376686986378,0.24754632607365468,0.24840061291453716,0.24587834883522638,0.24794625590421415,0.24549486953157285,0.2483752139458039,0.24721574035921887,0.24928973785847952,0.24995890522323397,0.2499999999999997,0.24755146068802056,0.24820779277950958,0.2462361235231077,0.2476496924037556,0.2453606790090685,0.2485587470583326,0.247218444763598,0.24946885677669095,0.24995382540221714,0.24967039964523172,0.24928502947382783,0.24819872751650662,0.24732607392507122,0.24710281184194793,0.2424011423875606,0.24495378328535952,0.2436700300706756,0.24920155004579633,0.24992097702779822,0.24991657367525322,0.24992576405833902,0.24961768538559265,0.2499626620355543,0.24971515285372722,0.24995128861325108,0.2497482814826561,0.24994810641032228,0.24996169184267286,0.2499607979457623
0.24754364253772276,0.24753712835496053,0.2472452215627157,0.24758066332331563,0.2473443140524738,0.2475658237452755,0.24737962085494017,0.24756260470099078,0.2475800295711553,0.24757732579700273,0.24734359084346752,0.24680832982657558,0.24560256437391,0.24479922242973365,0.24436503776563678,0.2388221984463803,0.24292657327568234,0.2397168795521022,0.2470219744637108,0.24752773371693743,0.24756070469460525,0.2451858838355466,0.24603239730337978,0.24353480257725757,0.2455865300647528,0.2431551812706913,0.2460177273893811,0.24485874361515345,0.24691333417736067,0.24757568300600702,0.24755146068802056,0.24999999999999958,0.2458274245549324,0.24386778317647356,0.2452709657179011,0.24300774753270057,0.24618090115746774,0.24485435573778572,0.24709031967887374,0.24757066688476792,0.24728979524900144,0.24690216678640728,0.24582990450579936,0.2449609635610816,0.2447449172528747,0.24007932132966617,0.24261227387711895,0.2413373773820959,0.24682495319935618,0.2475381252858799,0.24753377102545632,0.2475428737865037,0.2472375707391237,0.24757941996286048,0.2473343386812181,0.24756815497955892,0.2473670644895745,0.24756500319248234,0.24757845830128994,0.24757757364689453
0.24819994955394326,0.2481934181002716,0.2479007373819671,0.2482370684919311,0.24800008477319888,0.24822218957004397,0.2480354844816057,0.24821896200468788,0.248236432936322,0.24823372211557018,0.24799936233138278,0.2474627877300937,0.2462537454345772,0.24544883100398926,0.2450126654384373,0.23944840487178937,0.24356939570943975,0.2403567940076847,0.24767698855637227,0.2481839985347936,0.24821705738942407,0.24583457153203445,0.24667566754333495,0.24418204143689284,0.24628039518514888,0.24381128582258457,0.24667816598739198,0.24550914526825304,0.24756574390542677,0.24823209223283071,0.24820779277950958,0.2458274245549324,0.24999999999999992,0.24451015614672128,0.24594240428520087,0.24364766627892695,0.24683805011919535,0.24550490510608003,0.24774753333146665,0.2482270454776837,0.24794565905945792,0.2475639093231333,0.2464833843088762,0.24561350530881462,0.2453932910417336,0.24071117444505705,0.2432553479799417,0.2419789703883872,0.24747953174033044,0.24819441590077154,0.24819005187036267,0.24819917876381353,0.24789311917645077,0.24823582183506107,0.2479899894260377,0.24822452698481937,0.24802291405980018,0.2482213667672412,0.24823485840481457,0.24823397062391883
