x1,x2,x3,x4,x5,x6,x7,x8,x9,x10,x11,x12,x13,x14,x15,x16,x17,x18,x19,x20,x21,x22,x23,x24,x25,x26,x27,x28,x29,x30,x31,x32,x33,x34,x35,x36,x37,x38,x39,x40,x41,x42,x43,x44,x45,x46,x47,x48,x49,x50,x51,x52,x53,x54,x55,x56,x57,x58,x59,x60
0.25000000000000006,0.24879635223860053,-0.09053233669544848,0.24769729696425108,-0.09944115247241347,0.2484828209765047,-0.14417670091988735,0.24879117838614304,-0.1811977584813476,0.24898696745400736,0.07474496936081095,-0.07876823552288216,0.08482302749689738,-0.08979706971483863,0.09189747094459547,-0.10144094430005363,0.13871681781355452,-0.16974878225230725,0.16721285081568166,-0.1422821793664174,-0.042244329597725234,0.06599028418994443,-0.07307062413486681,0.07439548786064676,-0.056133360871038526,0.07016996355202647,-0.06801885040082684,0.12481212466874134,-0.12625859635325357,0.16736150014553552,0.07984185651603222,-0.06940524473218374,0.06780658295828287,-0.059761648794919395,0.05156992857628863,-0.04018074236499193,0.047725251818490716,0.043491632392374316,-0.04748687700837051,0.14243623931658195,-0.054703646965088545,0.05429438440101422,-0.048261668949113844,0.044871288423313456,-0.004858497608861183,-0.005694332064514659,0.058009502891718384,-0.08880024306204709,0.1295891775686662,-0.12679753496536902,0.24843467954534393,0.2488705836928256,0.036946761801436315,0.24728683573960322,-0.008999643308600924,0.24858696465040458,-0.06506421405840099,0.2488585043889773,-0.13754857092022485,0.2489885017192366
0.24879635223860053,0.25000000000000006,-0.09169721739852306,0.24851875018366573,-0.10038274709201328,0.24929928174927385,-0.14506031093286262,0.2496083830305991,-0.18190635055683557,0.24980482177170027,0.07577389839578369,-0.07979564285608359,0.08584621744448599,-0.09081389087426547,0.09283843364045527,-0.10236111829008213,0.1395932818632817,-0.17053402936609266,0.1679417748976125,-0.14301205158512953,-0.04305283634584417,0.0669348700718482,-0.07400905094485957,0.07533807610119414,-0.057001711479163004,0.07103873904655543,-0.06887373949194925,0.12560871861355574,-0.12705608792589007,0.16812569018960574,0.0807750547036742,-0.07032286320105824,0.06872448485676592,-0.06064565854718433,0.05242248297460396,-0.040970608114568846,0.04851664641775977,0.043231206954303214,-0.047248858483372146,0.14272531350733797,-0.05553678520604295,0.055134777452325874,-0.049076755629597,0.04567453695900417,-0.005446883993736952,-0.005158234245039209,0.05780595402340161,-0.08879119761179795,0.12981257873793295,-0.12701284121636544,0.24925133810392888,0.24968781996486755,0.03769775327781038,0.24809528341404488,-0.008489106052851539,0.24940258168090293,-0.06490021860229733,0.24967563476041585,-0.13781601820841477,0.24980635402592835
-0.09053233669544848,-0.09169721739852306,0.25000000000000006,-0.09282063090860497,0.20033177126243035,-0.09123500677096502,0.15441339122290954,-0.09154220463930798,0.0922834460803427,-0.09153201335506883,-0.23103061121666219,0.23604634905672575,-0.24210303712619946,0.23716159348839205,-0.20769372241235207,0.19408310075514768,-0.1559863789951691,0.11936045177289008,-0.10421873302811563,0.11932061637110045,0.19689107717591917,-0.22056915617849707,0.22203248364236125,-0.22301787615710825,0.20445120622800772,-0.19640270546354693,0.19188006508473557,-0.14814108532235143,0.14764274428086865,-0.11841715031554319,-0.21664408446124753,0.21605240489204613,-0.21698760100062334,0.2084258361818868,-0.20072202378109352,0.1891836248595308,-0.18557766413068189,0.09070497623593639,-0.08677496768928941,-0.005181423173667009,0.19959946027382622,-0.20180142692980907,0.1968758134335352,-0.19445005480665536,0.1553970251784938,-0.1450134474368358,0.08301907563713685,-0.04686207077255503,0.00573821637040796,-0.006470744141110242,-0.09150289046815005,-0.09142498560422781,-0.18553730420204356,-0.08987471810418207,-0.14173175803644592,-0.09113988918348648,-0.0760853724356383,-0.09140446860771068,0.001932135037681701,-0.09153043943382955
0.24769729696425108,0.24851875018366573,-0.09282063090860497,0.2500000000000001,-0.10166624938083946,0.24820253823965946,-0.14556995049976343,0.24851041564644438,-0.18130374335307803,0.24870573356591863,0.07701416397360797,-0.08104622196356934,0.08710123019134582,-0.09207362398852578,0.09410810316935603,-0.10344469112663207,0.14014594372287328,-0.17032373375240437,0.1675933185320715,-0.1429270470782449,-0.04428657063496284,0.06818050109930694,-0.0752579829354834,0.07658996732449176,-0.05824738823966956,0.07217501408167308,-0.06998807000473828,0.12585544862520817,-0.12728710838496488,0.16780551514166392,0.08193354854874033,-0.07155406418500379,0.06997407123793949,-0.061888493820243855,0.05366680838136077,-0.04220594382173316,0.049691657166567496,0.04215258590468726,-0.046172665070235645,0.14169234422408092,-0.05674439694100588,0.05636325367798514,-0.05031058881241332,0.04691427408588024,-0.006668027690427267,-0.003941574949117458,0.0566905270566589,-0.08773295816948554,0.1287860125354656,-0.12600112339344796,0.2481561259483761,0.2485887279178355,0.03892339509121661,0.24699535697283778,-0.007276208811227383,0.24830327554857212,-0.06378892052896536,0.2485764640291974,-0.13679285047883594,0.24870724345918704
-0.09944115247241347,-0.10038274709201328,0.20033177126243035,-0.10166624938083946,0.25,-0.10088632157520981,0.1925174724557509,-0.10050236137266903,0.12978604760728302,-0.10038549943784258,-0.19692307674216167,0.20148450911657106,-0.2075921589509914,0.21260421097879173,-0.24180899749326326,0.2277073120828474,-0.19714355526479105,0.15748606247474198,-0.14197680256921288,0.14886282949981208,0.16500824784314125,-0.18868053997523385,0.1955185724910881,-0.19718751221222536,0.20590692243147893,-0.20566919957175755,0.20137907259425497,-0.1674120202421168,0.1671347741880671,-0.14704200353064775,-0.19146265243074723,0.19745669077042333,-0.19816117698765734,0.19879205138593226,-0.20119477661172072,0.18983528841783756,-0.18980865564672555,0.09266096140429442,-0.08863184302424225,-0.006520113378563466,0.18431850440996583,-0.1863087384373794,0.18440599605636393,-0.1844760118272137,0.14999425425612956,-0.1441010623569992,0.08300750863110244,-0.04731858731448738,0.0049119483692749814,-0.005744419485640817,-0.10031489489559575,-0.10027853122015694,-0.17279861833813712,-0.09872182404558233,-0.13587416642971242,-0.099980268035891,-0.0758188707650491,-0.10025365296448387,0.003040012804862881,-0.1003840256553767
0.2484828209765047,0.24929928174927385,-0.09123500677096502,0.24820253823965946,-0.10088632157520981,0.25,-0.14561469627848617,0.24929769645038627,-0.18246590665286377,0.24948961658165988,0.07550264963184487,-0.07952101933706598,0.0855760422461968,-0.09055193603889405,0.09333347274589981,-0.10287081488969485,0.14013724762276178,-0.17109495403847055,0.16850317798676254,-0.14355130426611643,-0.04276948567253955,0.06665558742710177,-0.0737361907229591,0.07506915185845796,-0.057463063751480456,0.07151939809451077,-0.06935329431291698,0.1261306599101904,-0.12757636693012891,0.16861410990519382,0.0804987444001408,-0.07025377901624955,0.06865817908932918,-0.06082304397819992,0.05287187981309066,-0.041426641135052664,0.048981732503419806,0.04281054610212114,-0.046829397441135415,0.1423526439958599,-0.05555572984334083,0.05515603562183901,-0.04918276655055401,0.04585012551840693,-0.0057579064318181074,-0.004724952667235903,0.05739417630344923,-0.0883921059183953,0.12943617860397505,-0.1266405065035619,0.24893670204212842,0.24937267952364728,0.03779995500634377,0.24778053773862452,-0.008185463052747824,0.24908717274110528,-0.06449248869306176,0.24936035868675135,-0.13744361581894377,0.2494911422415322
-0.14417670091988735,-0.14506031093286262,0.15441339122290954,-0.14556995049976343,0.1925174724557509,-0.14561469627848617,0.2500000000000001,-0.14530589028643232,0.17655253794218617,-0.14511381630954817,-0.14777477778645193,0.15202129858040733,-0.1580828981311997,0.16310585004255593,-0.18920302086402274,0.2024078167994786,-0.24157783913326786,0.19777678278542718,-0.18311084539850422,0.16581872937450814,0.11577177527160078,-0.1392812751264615,0.1461701041939841,-0.14775379695923727,0.1570502713754619,-0.1712491363312497,0.17093386642323857,-0.1680172153400821,0.16816739911832715,-0.16792509235874423,-0.14564498504657258,0.14886927625554436,-0.14886356608316595,0.15119114209687368,-0.1543616144489327,0.1439608301576858,-0.15072105349640505,0.05620260163423896,-0.05222227255860744,-0.04266625969588275,0.1368935731754098,-0.13807363600324246,0.13651334810834498,-0.13680770254480012,0.10339521891478308,-0.09828964849462946,0.043261889845927964,-0.01099023542616032,-0.030788729348370465,0.029387686876957572,-0.1448924233365977,-0.14500542442715247,-0.12507144254071026,-0.1434654630630771,-0.08939380100728096,-0.14471068250553154,-0.036108213184173586,-0.14498256955247965,0.03874290199990378,-0.14511259861024525
0.24879117838614304,0.2496083830305991,-0.09154220463930798,0.24851041564644438,-0.10050236137266903,0.24929769645038627,-0.14530589028643232,0.25000000000000006,-0.18223727755956304,0.24979877294494696,0.07576638296852191,-0.07979008561929361,0.08584483414264128,-0.09081979663114247,0.09298900256689324,-0.10254519119298304,0.1398251610600936,-0.1708387474140607,0.16825526337527932,-0.1432981028805363,-0.043032962190538926,0.06692468878585844,-0.07400539659891045,0.07533604998361146,-0.057139778385691356,0.0711935365164649,-0.0690451126865397,0.12586359067798267,-0.12730905171871842,0.16834920069153647,0.08076876803316647,-0.07035791797455047,0.06876051060403617,-0.06073551203331849,0.052568414154231816,-0.04111772954168298,0.04867281930291732,0.04311662940418904,-0.04713586875856027,0.1426589677244615,-0.05558563855324455,0.05518447980588149,-0.04914495392028163,0.04575845169116355,-0.005547184391656183,-0.005033520762271803,0.05770137598711443,-0.08869855161022588,0.12974078146776485,-0.1269413536802065,0.24924531290899998,0.24968173873956204,0.037760761136833715,0.2480886978637298,-0.00839575114786642,0.2493963298647238,-0.06479928835478914,0.24966951544473895,-0.13774816652587446,0.24980029860581218
-0.1811977584813476,-0.18190635055683557,0.0922834460803427,-0.18130374335307803,0.12978604760728302,-0.18246590665286377,0.17655253794218617,-0.18223727755956304,0.2500000000000003,-0.18205368156477084,-0.07983952215619915,0.08360288676027641,-0.08969213016259116,0.09473493601779162,-0.12381384144791686,0.13808752459467144,-0.17770919465291105,0.21860845857622802,-0.2345560707052407,0.2097585418849741,0.052498944635349036,-0.07442900368617612,0.0813540516536367,-0.08285041426711642,0.09990152483652967,-0.11384417055116963,0.11844023597289367,-0.17488319732709726,0.17652288111628678,-0.21312920074318273,-0.08365522695306096,0.08667550813242905,-0.0861556790918966,0.09311924347295047,-0.10003354699937025,0.09147618676879996,-0.0990261805123326,0.013016935262368138,-0.009325452756124376,-0.08067682820306912,0.07758592519424212,-0.07782545620508112,0.07790577463690025,-0.07941937787228452,0.05064370086342469,-0.04813048733196179,-0.0009691788112592414,0.029837676399895752,-0.06893189552213806,0.0669980397369509,-0.18167708201369773,-0.18195033222943557,-0.06723395487166733,-0.18051877089754584,-0.037465508932106595,-0.18167209461577885,0.007717523669519143,-0.1819293288667099,0.07648241779822647,-0.18205256856371346
0.24898696745400736,0.24980482177170027,-0.09153201335506883,0.24870573356591863,-0.10038549943784258,0.24948961658165988,-0.14511381630954817,0.24979877294494696,-0.18205368156477084,0.25,0.07573776570816053,-0.07976243560414893,0.0858171730045458,-0.09079172819307717,0.09283422815498063,-0.10237015135183497,0.1396434101048189,-0.17065112964805923,0.16806608614858176,-0.14310794524950987,-0.04300305387936392,0.06689666568372678,-0.07397761758522146,0.07530751793176417,-0.05696526540788123,0.07101823766257033,-0.06885296081779473,0.12567289878180773,-0.12712210987262812,0.16825066633629573,0.08075162429917075,-0.07029132718855366,0.06869120458411744,-0.060609424934739184,0.05238299076745043,-0.0409255237896754,0.048480131778341415,0.04331021518997016,-0.04732982179714095,0.14285418401991617,-0.055499062251012816,0.055095699510093465,-0.04903459947711524,0.04563061283803479,-0.00538339987774872,-0.005226569095227021,0.05789529739618213,-0.08889305983386193,0.12993430027061229,-0.1271323001520989,0.24944145596161282,0.24987837672400526,0.03765006540385653,0.24828505238425408,-0.008559472779179761,0.24959299959379397,-0.06499307900139124,0.24986618888347942,-0.13794177310131614,0.24999697369019078
0.07474496936081095,0.07577389839578369,-0.23103061121666219,0.07701416397360797,-0.19692307674216167,0.07550264963184487,-0.14777477778645193,0.07576638296852191,-0.07983952215619915,0.07573776570816053,0.2500000000000005,-0.24469650243903898,0.23865406509436352,-0.2337059905290155,0.20455447923221812,-0.19015510871969166,0.14973059743627518,-0.10898003765157753,0.0931679877985753,-0.10976506049446401,-0.2059326303740849,0.22906070860152583,-0.22214693275976402,0.22239327550769653,-0.20412510163648898,0.19506434566723369,-0.19047177903929932,0.1412499011645106,-0.14060229506420516,0.10713968496429077,0.21614679041896373,-0.21605115339342146,0.2171678307755194,-0.20872269845950542,0.20117260231256504,-0.1901623880697177,0.18572998778813382,-0.09531990354999087,0.09159208686031785,-0.004527445285678902,-0.20024190122630076,0.20252272357247014,-0.19783148577488377,0.19551895549167111,-0.15833677981133037,0.1483500133875794,-0.08862393074513457,0.05381043030706973,-0.014752395264258408,0.015302971084850835,0.07574756920362401,0.07563670298727289,0.18706318857497783,0.0741659343567648,0.1453762694862456,0.07536610477633407,0.08205242854080776,0.07561676122730987,0.007493722914412887,0.07573603523736552
-0.07876823552288216,-0.07979564285608359,0.23604634905672575,-0.08104622196356934,0.20148450911657106,-0.07952101933706598,0.15202129858040733,-0.07979008561929361,0.08360288676027641,-0.07976243560414893,-0.24469650243903898,0.2500000000000004,-0.24377090964137965,0.23876648097246947,-0.20916921287980128,0.1946578306614387,-0.1539809922896141,0.11295552903650437,-0.0970054484578882,0.11362765982952547,0.21007670978715962,-0.2339035830899929,0.22706003167595504,-0.22729389133953776,0.20869454223038356,-0.19957223062826887,0.19492762458685498,-0.14539927022377325,0.14475875266071625,-0.11107774874675966,-0.22102014102290485,0.2208668743389365,-0.22198976582822466,0.213395874936549,-0.20570830812929125,0.19438184338326467,-0.1899167948745862,0.09678187603438604,-0.09293919386805613,0.0031710068295060165,0.2046329956748608,-0.20695334290947698,0.20214322323151138,-0.19977879276996696,0.1615105358040195,-0.15126847748296945,0.08980948329284456,-0.05398312699333463,0.013731189350409977,-0.014321298637246887,-0.07976656997808247,-0.07965823302521548,-0.19104614090794547,-0.07814250958602681,-0.1481506584567614,-0.0793793067312962,-0.08303511036613914,-0.07963772745828093,-0.0062467317153370415,-0.07976070394683915
0.08482302749689738,0.08584621744448599,-0.24210303712619946,0.08710123019134582,-0.2075921589509914,0.0855760422461968,-0.1580828981311997,0.08584483414264128,-0.08969213016259116,0.0858171730045458,0.23865406509436352,-0.24377090964137965,0.2500000000000004,-0.24486092650397848,0.21525564328046284,-0.20076410627823021,0.16008229109604327,-0.1190428549923881,0.1030952188857332,-0.11957564514633193,-0.2043568835141075,0.2281906829005842,-0.2296294509359377,0.23063171023438536,-0.21203664609939685,0.20343764140090587,-0.19880244205231545,0.1502538752467724,-0.14965324151309842,0.11706296885574266,0.2237311314621826,-0.22355163648731038,0.22459018109016773,-0.21599339152763178,0.20830152133248012,-0.19667762074779171,0.1927640576482051,-0.09702275475290835,0.09306543298211915,-0.0005330277821634782,-0.20692175333003318,0.20924612944412882,-0.20434323542550603,0.20194983493029786,-0.1626718679060412,0.15224251616473441,-0.08949396018503837,0.05290682693008043,-0.011457878298361125,0.012111116517823279,0.08580924665537501,0.08570972714959647,0.19291838682663806,0.08414934358066631,0.14891110946181388,0.085422393328689,0.08251185645907408,0.08568868696654203,0.003740473824042802,0.08581545235873571
-0.08979706971483863,-0.09081389087426547,0.23716159348839205,-0.09207362398852578,0.21260421097879173,-0.09055193603889405,0.16310585004255593,-0.09081979663114247,0.09473493601779162,-0.09079172819307717,-0.2337059905290155,0.23876648097246947,-0.24486092650397848,0.2500000000000003,-0.22031009608952506,0.20581440664631856,-0.1651353321090628,0.12409266899095522,-0.10813867590776755,0.12456614124078393,0.2020332140774157,-0.22600779189342815,0.23280418439299302,-0.2344095709556343,0.21586488668621143,-0.2074856854350816,0.20285248123232455,-0.1547562814247549,0.15418684645217492,-0.12210526741943989,-0.22702396038331232,0.22684243704733503,-0.2278005160684281,0.2192115735260946,-0.2115342275769865,0.19962612727911336,-0.1960702047034963,0.09780449131689624,-0.09373793975191397,-0.0014094931816680187,0.20982808822877969,-0.2121691768413055,0.20718382653076517,-0.20476721414935892,0.16453843917086636,-0.15393825816094323,0.08982920087025781,-0.05244231477851437,0.009852456510024553,-0.010556302067811526,-0.09077478864983626,-0.09068129259395796,-0.1954465492829079,-0.089078526250133,-0.15039596629021426,-0.09038594118643889,-0.08265043144841838,-0.09065970243159603,-0.0019152563089328385,-0.0907900515781632
0.09189747094459547,0.09283843364045527,-0.20769372241235207,0.09410810316935603,-0.24180899749326326,0.09333347274589981,-0.18920302086402274,0.09298900256689324,-0.12381384144791686,0.09283422815498063,0.20455447923221812,-0.20916921287980128,0.21525564328046284,-0.22031009608952506,0.2500000000000004,-0.23532759851868273,0.19474927953687607,-0.15346401244056043,0.1375332201985295,-0.14794614471826076,-0.17269033734008551,0.19638525044009356,-0.20321488034801205,0.2048989615284862,-0.2137817738721422,0.21349501472951435,-0.2090065422266018,0.16903667872043085,-0.16868813177194805,0.14519656767790173,0.19854186942078195,-0.20507887692836527,0.20591711265363638,-0.20654082515902367,0.20901043246927917,-0.1976034079282381,0.1974592846088798,-0.09991038172711539,0.09587512416024067,-0.0006583866071166386,-0.19183759739725012,0.19396165673681223,-0.1921155035711862,0.1922389104200244,-0.1577410756149936,0.15185338018767444,-0.09041793478433971,0.0545391963510314,-0.012022074067271363,0.012751868311639299,0.09278997313129705,0.09272754296467439,0.18048142740043382,0.09116918205374744,0.14359962268421786,0.09242854684219666,0.08321746840372873,0.09270217435164205,0.0040651177598958884,0.09283264575079027
-0.10144094430005363,-0.10236111829008213,0.19408310075514768,-0.10344469112663207,0.2277073120828474,-0.10287081488969485,0.2024078167994786,-0.10254519119298304,0.13808752459467144,-0.10237015135183497,-0.19015510871969166,0.1946578306614387,-0.20076410627823021,0.20581440664631856,-0.23532759851868273,0.2500000000000001,-0.20917804567335618,0.16774388617014244,-0.15182743548494446,0.1599501542080839,0.15824078593007765,-0.18188032760197567,0.18872875717182847,-0.1904106880445515,0.20433481539661333,-0.2185752227505822,0.21461887788075298,-0.1773441905745823,0.17710519890291682,-0.1571914123523339,-0.18477676446747934,0.19205350415717043,-0.19279706776547112,0.19511195344783605,-0.19937611851855594,0.18809660469456266,-0.19432490281389653,0.0974735682807361,-0.09345598582453951,-0.0018546136307936376,0.1796091930617779,-0.18154822983247598,0.18024503210934942,-0.18080491626543635,0.1473413831841,-0.1423097385171677,0.08539247473513709,-0.05207176959217516,0.009642647662716651,-0.010461237460659845,-0.10229859266563937,-0.10226363398151837,-0.16864563007107536,-0.10071387759697116,-0.13321090053251114,-0.10196455711404327,-0.07816702611817895,-0.10223796925764977,-0.0016551028399437813,-0.10236863496179101
0.13871681781355452,0.1395932818632817,-0.1559863789951691,0.14014594372287328,-0.19714355526479105,0.14013724762276178,-0.24157783913326786,0.1398251610600936,-0.17770919465291105,0.1396434101048189,0.14973059743627518,-0.1539809922896141,0.16008229109604327,-0.1651353321090628,0.19474927953687607,-0.20917804567335618,0.2500000000000002,-0.20465833521930146,0.18873533638512419,-0.17136546936827782,-0.11769234461928536,0.1412546435859553,-0.1481701096019427,0.1497850435286955,-0.16373287398883696,0.17798906402219972,-0.17768533126387015,0.17462190857706777,-0.1745118357502183,0.16865074204668423,0.1473846876320668,-0.15212431328112205,0.15218587051692567,-0.15606822200395254,0.16099166756101946,-0.1506203007969777,0.15741071918952051,-0.06248079967064012,0.05849336608416091,0.03679157874405552,-0.14065540357339554,0.14191494824997825,-0.14091508112313014,0.1416705504603939,-0.10909284904428215,0.1047668483245063,-0.04949899026061121,0.017089361085416012,0.024914158121268022,-0.02358753032397038,0.13943821606455842,0.13953549715694685,0.12942865634922357,0.13799627707889844,0.09502514301091541,0.13923850821382444,0.04230852580137156,0.1395115305158515,-0.03290202979839023,0.1396421053564481
-0.16974878225230725,-0.17053402936609266,0.11936045177289008,-0.17032373375240437,0.15748606247474198,-0.17109495403847055,0.19777678278542718,-0.1708387474140607,0.21860845857622802,-0.17065112964805923,-0.10898003765157753,0.11295552903650437,-0.1190428549923881,0.12409266899095522,-0.15346401244056043,0.16774388617014244,-0.20465833521930146,0.2500000000000002,-0.23348808839309337,0.20932204201300192,0.07939487954326485,-0.10289149525200807,0.1098677282229074,-0.1114401176037577,0.12910834381462025,-0.14337067400538772,0.14805352164807511,-0.20499240524657195,0.20472534145134982,-0.20644623946247567,-0.11088341912398232,0.11513604334266977,-0.11488329358028103,0.12199691563126414,-0.12922220274995455,0.12003208805554075,-0.12780384625645613,0.03589861885604709,-0.03200881599666112,-0.0635211476916494,0.10513836452739589,-0.10580130750023752,0.10590448526996507,-0.10752269385861479,0.07679561467805401,-0.07402092834518743,0.021385276471935596,0.00955454105643594,-0.051283894970826215,0.04954483412776758,-0.17033318977988035,-0.17054270544388273,-0.09450857312552546,-0.16901819417513564,-0.06275072160341799,-0.17024599127440204,-0.01419790173082809,-0.17051917679057446,0.0592979286523675,-0.17065000197416036
0.16721285081568166,0.1679417748976125,-0.10421873302811563,0.1675933185320715,-0.14197680256921288,0.16850317798676254,-0.18311084539850422,0.16825526337527932,-0.2345560707052407,0.16806608614858176,0.0931679877985753,-0.0970054484578882,0.1030952188857332,-0.10813867590776755,0.1375332201985295,-0.15182743548494446,0.18873533638512419,-0.23348808839309337,0.25000000000000017,-0.22484131144030597,-0.06608669649183403,0.08805253615229626,-0.09496378547477781,0.09648915302175247,-0.11420285110772263,0.1282313778789835,-0.13293837988956492,0.18980960128918992,-0.19044159129215754,0.20460895296438564,0.09631862905529044,-0.10029451643321506,0.09997761489484358,-0.10716974979289036,0.11440616462406754,-0.10583565074022003,0.11346678142368248,-0.027326073819466928,0.02365332030019306,0.06648788171777631,-0.09111733267621894,0.0916039942312795,-0.09185104851604411,0.09350110786935491,-0.06484545717251008,0.062464460028146165,-0.01331739930844871,-0.015570026014984395,0.054865719423690826,-0.053127802337258175,0.16773953818301301,0.16796355887220898,0.08113260006252185,0.16653024304801103,0.05162898648231527,0.1676839107320376,0.006543340191415973,0.16794154036720113,-0.062428711818081295,0.16806497574009902
-0.1422821793664174,-0.14301205158512953,0.11932061637110045,-0.1429270470782449,0.14886282949981208,-0.14355130426611643,0.16581872937450814,-0.1432981028805363,0.2097585418849741,-0.14310794524950987,-0.10976506049446401,0.11362765982952547,-0.11957564514633193,0.12456614124078393,-0.14794614471826076,0.1599501542080839,-0.17136546936827782,0.20932204201300192,-0.22484131144030597,0.25,0.08599839198454039,-0.10769919699939899,0.11450950524831724,-0.11605163638043281,0.1343674320442503,-0.14826851288417667,0.15333128973581356,-0.2097464194773584,0.2104867495649487,-0.22456621115806571,-0.11314544842917709,0.11946914475464167,-0.11973086680151498,0.12724340217616364,-0.13488374656614757,0.12651060148370227,-0.1341244949960114,0.04937387201056357,-0.04579395416744352,-0.042998750940836834,0.1101971750266289,-0.11105188140215842,0.11179319819008934,-0.11386172377902272,0.08595928752281434,-0.08387106892345808,0.03554452908563696,-0.007157480953375073,-0.031770267030390834,0.030369870914937574,-0.14286463309111905,-0.1430084898821254,-0.10119348806225231,-0.14159834136212548,-0.07291962197659135,-0.14273137720469783,-0.02884847060872363,-0.14298512407918162,0.03922137159520597,-0.14310671968752087
-0.042244329597725234,-0.04305283634584417,0.19689107717591917,-0.04428657063496284,0.16500824784314125,-0.04276948567253955,0.11577177527160078,-0.043032962190538926,0.052498944635349036,-0.04300305387936392,-0.2059326303740849,0.21007670978715962,-0.2043568835141075,0.2020332140774157,-0.17269033734008551,0.15824078593007765,-0.11769234461928536,0.07939487954326485,-0.06608669649183403,0.08599839198454039,0.2500000000000004,-0.22594393462411924,0.21871133397504428,-0.21649633262614504,0.1983007351240477,-0.18349893643401713,0.17877594287404766,-0.12204147428418358,0.121230018056071,-0.08076973051631549,-0.21203915291086298,0.21229594599584423,-0.2137507554800012,0.2053345388521942,-0.1978654802643127,0.18809542403493723,-0.18012427563516273,0.10003540740520508,-0.09678814614658193,0.021375118791517746,0.19797284463336545,-0.20036428224190386,0.19610370496537788,-0.19395105819013897,0.16099017959718828,-0.1518077158671957,0.09635746132981256,-0.06408075635714314,0.029987405402477203,-0.03018105451153769,-0.04308757299508214,-0.042916131940259686,-0.18668762672173586,-0.04163071859152079,-0.14968290222999608,-0.04268038135955107,-0.09065740720110539,-0.04289805841155997,-0.02371487675588978,-0.04300136115104152
0.06599028418994443,0.0669348700718482,-0.22056915617849707,0.06818050109930694,-0.18868053997523385,0.06665558742710177,-0.1392812751264615,0.06692468878585844,-0.07442900368617612,0.06689666568372678,0.22906070860152583,-0.2339035830899929,0.2281906829005842,-0.22600779189342815,0.19638525044009356,-0.18188032760197567,0.1412546435859553,-0.10289149525200807,0.08805253615229626,-0.10769919699939899,-0.22594393462411924,0.25000000000000033,-0.24265131554152336,0.24039619823184832,-0.22180210579835577,0.20695008342711388,-0.2021844493601988,0.14543889396080334,-0.14469109380027,0.10422823395405821,0.23563473870938428,-0.23614272579758472,0.23759508764924034,-0.22894754869644077,0.2213042521488116,-0.20983882538437246,0.20183725658861346,-0.10714538980785837,0.10325680524327945,-0.012688779032578978,-0.21969595455618302,0.2222662354624318,-0.21753230679666605,0.21524653536262656,-0.17665620122103945,0.1663501378896611,-0.10163681690835188,0.06396251165819933,-0.023199147048019148,0.023633873456839156,0.06694251987895508,0.06679237237375496,0.2063015145445312,0.06526159967015163,0.16315127697104043,0.06650987697025279,0.0948032672012226,0.06677090716058401,0.01566028269558309,0.06689495391224984
-0.07307062413486681,-0.07400905094485957,0.22203248364236125,-0.0752579829354834,0.1955185724910881,-0.0737361907229591,0.1461701041939841,-0.07400539659891045,0.0813540516536367,-0.07397761758522146,-0.22214693275976402,0.22706003167595504,-0.2296294509359377,0.23280418439299302,-0.20321488034801205,0.18872875717182847,-0.1481701096019427,0.1098677282229074,-0.09496378547477781,0.11450950524831724,0.21871133397504428,-0.24265131554152336,0.2500000000000003,-0.24717622520565297,0.22857505395149033,-0.2137242759363484,0.20896877791791102,-0.15231262939905257,0.15159457624117162,-0.11120117644031145,-0.24239333747755962,0.24294755679596292,-0.2443973901106036,0.23572656667893732,-0.22807511325307295,0.21612315695453804,-0.2081201106159591,0.10910461395776251,-0.10502943753857581,0.010048471432497624,0.22590023851489024,-0.22852058240846562,0.22366363506502243,-0.2213507428168779,0.18113744632238934,-0.1705254210240125,0.10308433517406798,-0.06381729520599234,0.02111295406960638,-0.0216195086471299,-0.07401180133080469,-0.07386830681020484,-0.21190268833830767,-0.07226580006984988,-0.16698740758012298,-0.07357217896001524,-0.09592033571915308,-0.07384585176932902,-0.013205318751981707,-0.07397594011809072
0.07439548786064676,0.07533807610119414,-0.22301787615710825,0.07658996732449176,-0.19718751221222536,0.07506915185845796,-0.14775379695923727,0.07533604998361146,-0.08285041426711642,0.07530751793176417,0.22239327550769653,-0.22729389133953776,0.23063171023438536,-0.2344095709556343,0.2048989615284862,-0.1904106880445515,0.1497850435286955,-0.1114401176037577,0.09648915302175247,-0.11605163638043281,-0.21649633262614504,0.24039619823184832,-0.24717622520565297,0.2500000000000004,-0.23029570187215978,0.21545109526967218,-0.2106984470834784,0.15396422195364948,-0.1532417725004218,0.11277844882527532,0.24023682994958592,-0.2407610699549882,0.24221452155772674,-0.23359976420986917,0.225996196130003,-0.21408049313991517,0.2078099066403148,-0.1091620984876195,0.10510028859925183,-0.010330973794351987,-0.22379359010132752,0.22638461249065192,-0.22155206898837257,0.21925478654354574,-0.1791597316311482,0.16859111297782248,-0.1024859623204618,0.06397908712638578,-0.02139036882086977,0.021904172663169595,0.07533911610798612,0.07519839381631144,0.2098225026503563,0.07360009650101579,0.1650463547440762,0.07490307886050028,0.09533230046963924,0.07517602191841684,0.013494324380841624,0.07530584017291116
-0.056133360871038526,-0.057001711479163004,0.20445120622800772,-0.05824738823966956,0.20590692243147893,-0.057463063751480456,0.1570502713754619,-0.057139778385691356,0.09990152483652967,-0.05696526540788123,-0.20412510163648898,0.20869454223038356,-0.21203664609939685,0.21586488668621143,-0.2137817738721422,0.20433481539661333,-0.16373287398883696,0.12910834381462025,-0.11420285110772263,0.1343674320442503,0.1983007351240477,-0.22180210579835577,0.22857505395149033,-0.23029570187215978,0.25000000000000044,-0.23374441734047874,0.22895302357464345,-0.17226986407088768,0.17153231888524967,-0.1306470393725582,-0.22166765181711048,0.23234948111514514,-0.23390660223825155,0.23747583320583432,-0.243438723223982,0.23213639848590167,-0.22600589984237524,0.12741391911562241,-0.12338538405740393,0.02869019831552293,0.22013556708084125,-0.22279171628246755,0.22223394245387187,-0.2234032104541776,0.19096188579222595,-0.18666397616252972,0.12071394009719694,-0.08229643839404721,0.03964515772957186,-0.03993742087440945,-0.05702666459935297,-0.05686233528105763,-0.21060741319081047,-0.0553231655956269,-0.17683601042899866,-0.0565611230287066,-0.11354175785087904,-0.056833819497729185,-0.031752191351089164,-0.05696354575974439
0.07016996355202647,0.07103873904655543,-0.19640270546354693,0.07217501408167308,-0.20566919957175755,0.07151939809451077,-0.1712491363312497,0.0711935365164649,-0.11384417055116963,0.07101823766257033,0.19506434566723369,-0.19957223062826887,0.20343764140090587,-0.2074856854350816,0.21349501472951435,-0.2185752227505822,0.17798906402219972,-0.14337067400538772,0.1282313778789835,-0.14826851288417667,-0.18349893643401713,0.20695008342711388,-0.2137242759363484,0.21545109526967218,-0.23374441734047874,0.2500000000000002,-0.2432320117946524,0.18652523486235983,-0.18577609739769013,0.144910869979038,0.20738060570426797,-0.21751837637471566,0.21907669660890636,-0.22275489189516334,0.22874429132995994,-0.21753101891941956,0.22311493238267577,-0.12576787889587765,0.12177644021239946,-0.027133817000248153,-0.2055887712028871,0.20801925848617742,-0.2074836437497982,0.20866445602203765,-0.17634370989356746,0.17211202294388278,-0.1144317090380266,0.08070043689319487,-0.03825387633388346,0.03865498763059768,0.07104961803019745,0.07091477838631105,0.19590476141775215,0.0693800299670648,0.16226157317088,0.07061509508381082,0.10722821570901499,0.0708868049564689,0.030323987368163753,0.07101658799822322
-0.06801885040082684,-0.06887373949194925,0.19188006508473557,-0.06998807000473828,0.20137907259425497,-0.06935329431291698,0.17093386642323857,-0.0690451126865397,0.11844023597289367,-0.06885296081779473,-0.19047177903929932,0.19492762458685498,-0.19880244205231545,0.20285248123232455,-0.2090065422266018,0.21461887788075298,-0.17768533126387015,0.14805352164807511,-0.13293837988956492,0.15333128973581356,0.17877594287404766,-0.2021844493601988,0.20896877791791102,-0.2106984470834784,0.22895302357464345,-0.2432320117946524,0.25000000000000044,-0.19166005843470185,0.19088850539973698,-0.14992380226776442,-0.2026777507151565,0.21274729244190277,-0.2143296052687175,0.22148124969210337,-0.2293559864387879,0.2200911961406471,-0.22812404582580642,0.13046084526175,-0.126473879397011,0.031762296898065326,0.20189102246718085,-0.20429997022613902,0.20515534229035354,-0.20742608802600998,0.1771264602404379,-0.1746008789234936,0.11832086098631435,-0.08536956029779957,0.04289835923214765,-0.04326182922963771,-0.06888610053431268,-0.06875098961467999,-0.19359345934045896,-0.06722963812965145,-0.16301529561180023,-0.06844957357275819,-0.11109709681580558,-0.06872139734951992,-0.034953695247001766,-0.06885131247159587
0.12481212466874134,0.12560871861355574,-0.14814108532235143,0.12585544862520817,-0.1674120202421168,0.1261306599101904,-0.1680172153400821,0.12586359067798267,-0.17488319732709726,0.12567289878180773,0.1412499011645106,-0.14539927022377325,0.1502538752467724,-0.1547562814247549,0.16903667872043085,-0.1773441905745823,0.17462190857706777,-0.20499240524657195,0.18980960128918992,-0.2097464194773584,-0.12204147428418358,0.14543889396080334,-0.15231262939905257,0.15396422195364948,-0.17226986407088768,0.18652523486235983,-0.19166005843470185,0.2500000000000004,-0.24748868212342479,0.20686814410598636,0.14825580315699738,-0.1560064371484301,0.15758983991311515,-0.16498196583879005,0.17270578557748462,-0.16355814113669478,0.1714569606711714,-0.0797131791877831,0.07591802032884537,0.019091173932355092,-0.1462115043620276,0.14763299212552772,-0.14849418225677516,0.1507414386123895,-0.1204223760170704,0.1178867919054152,-0.06541091776165135,0.03458387796702004,0.007357171606477204,-0.006241108409398007,0.12551276480437037,0.12556778827747453,0.1370560875741817,0.12404914288804858,0.106378462422338,0.1252696265113962,0.05821429870634918,0.12554140391793875,-0.01532976327212703,0.12567153854346919
-0.12625859635325357,-0.12705608792589007,0.14764274428086865,-0.12728710838496488,0.1671347741880671,-0.12757636693012891,0.16816739911832715,-0.12730905171871842,0.17652288111628678,-0.12712210987262812,-0.14060229506420516,0.14475875266071625,-0.14965324151309842,0.15418684645217492,-0.16868813177194805,0.17710519890291682,-0.1745118357502183,0.20472534145134982,-0.19044159129215754,0.2104867495649487,0.121230018056071,-0.14469109380027,0.15159457624117162,-0.1532417725004218,0.17153231888524967,-0.18577609739769013,0.19088850539973698,-0.24748868212342479,0.25000000000000033,-0.2087936203124444,-0.14765970144807591,0.15534366105872216,-0.1568666287267927,0.16425480733127995,-0.1719684993635122,0.16282682537310014,-0.1707212089907693,0.07932065019144975,-0.0755022259723283,-0.020015716959367116,0.14546411855049887,-0.14686850364444237,0.14770438479670997,-0.14994286317433758,0.11958005918568608,-0.1170466037044734,0.06467757866322356,-0.03394376075346257,-0.008209745054380609,0.0070751897499649954,-0.12695716736270593,-0.12701650337264314,-0.1362337833714931,-0.12549526616391943,-0.10551939478813888,-0.12671692259482362,-0.057448414504610856,-0.12698994234149566,0.016224825583567446,-0.12712075852312024
0.16736150014553552,0.16812569018960574,-0.11841715031554319,0.16780551514166392,-0.14704200353064775,0.16861410990519382,-0.16792509235874423,0.16834920069153647,-0.21312920074318273,0.16825066633629573,0.10713968496429077,-0.11107774874675966,0.11706296885574266,-0.12210526741943989,0.14519656767790173,-0.1571914123523339,0.16865074204668423,-0.20644623946247567,0.20460895296438564,-0.22456621115806571,-0.08076973051631549,0.10422823395405821,-0.11120117644031145,0.11277844882527532,-0.1306470393725582,0.144910869979038,-0.14992380226776442,0.20686814410598636,-0.2087936203124444,0.2500000000000005,0.11065892650487885,-0.11619568138160896,0.11627494851998527,-0.1236116786357634,0.1310083544857839,-0.12190609793322968,0.1296821837540687,-0.038286201647092497,0.03440002869992315,0.06112656908105102,-0.10608854815162315,0.1067709458447089,-0.10721187566705769,0.10915173988133413,-0.07864053328057431,0.0759892091738443,-0.023607372229224606,-0.007163617964935244,0.04890990290645132,-0.04720185720187817,0.16793912713308332,0.16814274866723017,0.09583144547419523,0.16662245099898992,0.06462784416335088,0.16784577788105257,0.016420729074554608,0.16811882327852315,-0.056923794731128206,0.1682496360012915
0.07984185651603222,0.0807750547036742,-0.21664408446124753,0.08193354854874033,-0.19146265243074723,0.0804987444001408,-0.14564498504657258,0.08076876803316647,-0.08365522695306096,0.08075162429917075,0.21614679041896373,-0.22102014102290485,0.2237311314621826,-0.22702396038331232,0.19854186942078195,-0.18477676446747934,0.1473846876320668,-0.11088341912398232,0.09631862905529044,-0.11314544842917709,-0.21203915291086298,0.23563473870938428,-0.24239333747755962,0.24023682994958592,-0.22166765181711048,0.20738060570426797,-0.2026777507151565,0.14825580315699738,-0.14765970144807591,0.11065892650487885,0.2500000000000003,-0.23901758696036773,0.23741721222354278,-0.22876635884979915,0.22108874791009786,-0.2091459790782487,0.20143676221599066,-0.10292471845242163,0.09884250115931373,-0.0037891370203973,-0.22091093907831874,0.2234255882902342,-0.2175023927666189,0.21436701412986917,-0.1741890749093967,0.16357386679132746,-0.09658913158987784,0.05759501332890144,-0.014926737025343279,0.015521336693893668,0.08076505371881662,0.08064173557306961,0.20575577783284446,0.07904150943163801,0.16006643010929558,0.08034621024575223,0.08942750109103058,0.08061994389978759,0.007012194867823708,0.08075012176773425
-0.06940524473218374,-0.07032286320105824,0.21605240489204613,-0.07155406418500379,0.19745669077042333,-0.07025377901624955,0.14886927625554436,-0.07035791797455047,0.08667550813242905,-0.07029132718855366,-0.21605115339342146,0.2208668743389365,-0.22355163648731038,0.22684243704733503,-0.20507887692836527,0.19205350415717043,-0.15212431328112205,0.11513604334266977,-0.10029451643321506,0.11946914475464167,0.21229594599584423,-0.23614272579758472,0.24294755679596292,-0.2407610699549882,0.23234948111514514,-0.21751837637471566,0.21274729244190277,-0.1560064371484301,0.15534366105872216,-0.11619568138160896,-0.23901758696036773,0.2500000000000004,-0.24806364982651252,0.23960607663278558,-0.23196604217649663,0.22001215992754997,-0.21199977958937255,0.11289764734686658,-0.1088259516405836,0.013795572244052517,0.23161054089202865,-0.2343153222119118,0.22842100757997777,-0.22531196886669802,0.1850599064711923,-0.17443739795688204,0.10692212346007482,-0.06761492642487188,0.024828654992371864,-0.025279548082517145,-0.070342241925172,-0.07018183362928376,-0.21663390649739703,-0.06857791340507742,-0.1708921590898092,-0.06988553019635042,-0.0997473664645689,-0.0701594607630039,-0.016913538956357017,-0.07028967206733248
