x1,x2,x3,x4,x5,x6,x7,x8,x9,x10,x11,x12,x13,x14,x15,x16,x17,x18,x19,x20,x21,x22,x23,x24,x25,x26,x27,x28,x29,x30,x31,x32,x33,x34,x35,x36,x37,x38,x39,x40,x41,x42,x43,x44,x45,x46,x47,x48,x49,x50,x51,x52,x53,x54,x55,x56,x57,x58,x59,x60
0.25,0.24973573646744238,0.24333687445753385,0.24840230508304234,0.2488361936778011,0.24656264845641046,0.24213741240492356,0.24592191888089382,0.22463672720957115,0.24980286810551872,0.24920556251401188,0.15382083172676506,-0.1395191813543888,0.21228422337979228,-0.18189685273023634,0.22797801351868463,-0.1843300609572011,0.24324394751445128,-0.2109621704176701,0.2455854329927638,0.24934175975756945,-0.04874073494333383,0.05614779343756085,0.0008268167015850803,0.03577191031064603,-0.005356694572016334,0.03781333053034482,0.0011715985377571331,0.012659986314355406,0.24799295015628933,0.2496110145133989,-0.08551107557542198,0.09653078003106046,-0.06489670124832718,0.10544165121635968,-0.07469238357083878,0.10018405563708702,-0.04667489790792881,0.05024647122146028,0.24082703283872783,0.24937415595711143,0.17336640536402056,-0.16893175330415097,0.23306971738193547,-0.20028782878395374,0.238931515596264,-0.19660162734099232,0.24420100911148687,-0.2045447146090742,0.2315229223324698,0.24958976498681718,0.24965138967044412,0.24592280166770922,0.24638292187217312,0.24822255456633366,0.2405080921900604,0.236089461284793,0.24162719798993573,0.22609376165655926,0.24980823511975264
0.24973573646744238,0.25000000000000006,0.24343243520987282,0.24851616119710462,0.2489376295662374,0.24667459611252332,0.24224297933844943,0.2460329575693568,0.22474105433377012,0.24991498140217036,0.24918036212687739,0.1538784437056555,-0.13956571103431603,0.21238097412895854,-0.18196973598085206,0.22807937445731402,-0.18439852429052944,0.24335229233794187,-0.2110565038418314,0.24569585742903627,0.24945360437217534,-0.04873602120248886,0.056147162407681715,0.000860078790900499,0.03575952642316062,-0.005331712603591522,0.03780597384219918,0.0011967222837587638,0.012642532995073624,0.24810453074929104,0.24972302943146107,-0.0855751901887768,0.09660050495188545,-0.06495738862680413,0.10551547092991265,-0.0747519489815178,0.1002528937082412,-0.046717935762002276,0.05029119995694706,0.24093414019875073,0.24948613756041985,0.17345494612128337,-0.16901823197892532,0.23317668619481355,-0.2003791686102647,0.2390384041144753,-0.19668636817059598,0.24431049000901783,-0.2046327945093201,0.23162504972511772,0.2497017741179306,0.2497634215956744,0.2460335258113786,0.24649317329338236,0.24833387778993005,0.24061515408479692,0.23619403514159887,0.24173487861870951,0.22619294099697512,0.24992035061543447
0.24333687445753385,0.24343243520987282,0.2500000000000001,0.24209841576815563,0.2425411136503437,0.2402753036536537,0.23589966774137394,0.2396311098110945,0.21848055906435043,0.2434992541881869,0.2428305628272949,0.15469938850483644,-0.1443174040193956,0.2070738814617322,-0.17695119268222692,0.22214514700087498,-0.17916833422991743,0.2370769478533109,-0.20516046130099622,0.23934526490003383,0.2430498226186582,-0.04945336544989091,0.05642227875576992,-0.00012233990298927603,0.03559315627803593,-0.005675808397973109,0.03725010461562735,0.0009068587673893491,0.012562933640518322,0.2417403499968533,0.2433120551233952,-0.08312835224103755,0.09385999410986684,-0.06302349687371323,0.10265678544338473,-0.0726991766102034,0.097549077492817,-0.04534601657690297,0.048824321819977506,0.2347569079927681,0.24308115032152644,0.1689140655515952,-0.16459212011560698,0.22717258815829275,-0.1952308567408045,0.2329085430064243,-0.19166851534064405,0.2380399073849695,-0.1994008195683075,0.22568921248483448,0.24329164489637894,0.24335172650027964,0.23971500420704875,0.24016698993940966,0.24195938631978023,0.23444254068150297,0.23014008880909417,0.235532835819973,0.22039763860675773,0.24350456632220188
0.24840230508304234,0.24851616119710462,0.24209841576815563,0.25000000000000006,0.24760376202235956,0.24534988170930028,0.24092705053170102,0.24470419486236145,0.2234967585723716,0.24858099683024415,0.24785561571412196,0.15262081728144966,-0.13834029834665332,0.2110915383405038,-0.1807691329708642,0.2268012384645578,-0.18331449880120418,0.24204206043924217,-0.2100851590715815,0.2443891216054234,0.24812000356872674,-0.047512522677556755,0.0549094818644842,0.0019306809849400414,0.034653001897782414,-0.004450179712647413,0.03685275198346887,0.0019310490628785231,0.011877287097560493,0.24679246430055918,0.24838975018441378,-0.0859256168563887,0.09691345921910836,-0.06560632847404839,0.10578715847696747,-0.07518227466003523,0.10047087756149083,-0.04714546281540818,0.050701379939530306,0.23961775852714087,0.248156379853439,0.17286530135677997,-0.16845166861444683,0.23200666717277413,-0.1993598337147264,0.2377535855126599,-0.195530281100037,0.24300307108901625,-0.203423427104453,0.23033255475689918,0.2483686755867189,0.2484298380293241,0.24473131447547702,0.24516712840392058,0.24700583020143355,0.23930297170090647,0.23488992371954967,0.24042037370313507,0.22491303346558428,0.24858634753646203
0.2488361936778011,0.2489376295662374,0.2425411136503437,0.24760376202235956,0.2500000000000001,0.24576472013492656,0.24136173231213737,0.24513250047682839,0.2238577719282162,0.24900458614296284,0.24833881324706752,0.15342580700002234,-0.1392050065604924,0.2118522847795898,-0.18250801713053186,0.2273750919133813,-0.18383619402507928,0.24248809763407253,-0.21023844878720385,0.244788452845238,0.2485447529573421,-0.04872531079316504,0.056118080887446256,0.0007703682102591093,0.0357345454476599,-0.005390616314875876,0.03771419882702118,0.0011940711561911606,0.012600278793476504,0.2472045260411647,0.24881328948394565,-0.08530689711539712,0.0962893457546157,-0.06477824871485538,0.10518899097086101,-0.07454787190644997,0.09994945843107023,-0.04657664450719324,0.050136124551449085,0.24005512676702198,0.24857745138258913,0.17284513586185682,-0.16842461593563934,0.23233124923214776,-0.19964969653117387,0.2381669996249512,-0.19596220612132684,0.24341950376860202,-0.20387587138833732,0.23077609073891045,0.24879214474413228,0.24885354889883773,0.2451378960537018,0.24559423318301635,0.24742903836358343,0.23973584531572112,0.23533045721743986,0.24085180493273248,0.22536156540319568,0.24900994753231587
0.24656264845641046,0.24667459611252332,0.2402753036536537,0.24534988170930028,0.24576472013492656,0.2500000000000002,0.2390685284403184,0.242869251353335,0.22180037423061555,0.2467408273121551,0.2460305311589106,0.15094350946855536,-0.13673254893388934,0.2093190312878116,-0.17914306952952783,0.22505039558702836,-0.18181064256446558,0.2402383899937373,-0.20880179558777676,0.24258496376096114,0.24628056112428473,-0.045913940245081164,0.05328842121546429,0.003298167973148958,0.03322898466159218,-0.0033417208442835943,0.03563243504770462,0.0028483499688039013,0.010911840476500628,0.2449824870791554,0.24655059376076138,-0.08631994614480905,0.09725441561069105,-0.0663945158389697,0.10607447707300799,-0.07569044306000844,0.10069128254329801,-0.04765382484049953,0.051185136681798304,0.23780538491241918,0.24632184680400554,0.17201501385091345,-0.16763392255204346,0.23038498148150133,-0.19795091326089964,0.23598320061474087,-0.19394900801103698,0.2412000603021326,-0.20176791901276783,0.2285557350634808,0.24652976017111333,0.246590269279171,0.24293381667333028,0.24333901466579053,0.24517414848589641,0.237495835929953,0.23309581298368864,0.2386096327621387,0.22315517204551175,0.24674615642138287
0.24213741240492356,0.24224297933844943,0.23589966774137394,0.24092705053170102,0.24136173231213737,0.2390685284403184,0.25000000000000033,0.23842853487797572,0.21748987351539342,0.24230958364735822,0.2416065562591517,0.14639372047023907,-0.13219724591944598,0.20480072640834313,-0.17465747701219314,0.220555860524965,-0.18437796098027182,0.2360969446656896,-0.20416229887240225,0.2381470291863646,0.24184888663507478,-0.041588482274890766,0.04891230745976228,0.007775989588555347,0.028636528957621046,0.0009929191347004462,0.03130907508202669,0.006602608537248904,0.007154362479174826,0.24067266805723847,0.2421212930078034,-0.08893476212641482,0.09972938067212177,-0.07039746702709601,0.10855550219942224,-0.0789226691483378,0.10305637604435454,-0.050413135863019265,0.05388589593513908,0.2333728747550905,0.24190831958067288,0.17069193563867566,-0.1663887418728277,0.22661973396857715,-0.1946090889102125,0.23169044225409516,-0.18987300417612338,0.23684714076721658,-0.19748221804659463,0.22413323986423225,0.24210093911697553,0.24215944190955901,0.23862609430177165,0.23891034006567602,0.2407565278569802,0.2330721797915508,0.22867004618790562,0.23418627384898244,0.21873486262777395,0.24231489000630646
0.24592191888089382,0.2460329575693568,0.2396311098110945,0.24470419486236145,0.24513250047682839,0.242869251353335,0.23842853487797572,0.25000000000000017,0.22093808828874348,0.24610015789641176,0.24538709114963875,0.15025794895482902,-0.13604641614625174,0.20866854683001898,-0.17846360342897796,0.22440363144815628,-0.1811642012801442,0.2396047585140247,-0.2085384219961784,0.24195321527069658,0.2456399611238482,-0.045229931371559465,0.05260330651573511,0.003896145652930105,0.03262292210893089,-0.002846106211644858,0.03511638582051805,0.003252288433364133,0.010498908418318664,0.24435314441680814,0.24591024540308987,-0.08653553232396548,0.09745314451701065,-0.06676286867892536,0.10625035114839193,-0.07594472120248369,0.10084058254453249,-0.04790013093841111,0.0514231589969118,0.23717143232267826,0.24568331063926876,0.1717506613272092,-0.16738091101927507,0.22982745740285362,-0.19746516639674427,0.2353658714598911,-0.193388407643025,0.24057213916222053,-0.2011810080809262,0.22793198484363264,0.24588949766130153,0.24594976557699635,0.24230902119682335,0.24270161259523998,0.24453619188532472,0.23686417325349526,0.2324671222889329,0.2379770461169457,0.22253668274692917,0.2461054731948439
0.22463672720957115,0.22474105433377012,0.21848055906435043,0.2234967585723716,0.2238577719282162,0.22180037423061555,0.21748987351539342,0.22093808828874348,0.2500000000000003,0.22480622154321703,0.22416172227221612,0.1289405177880778,-0.1150543905813454,0.18734487627588747,-0.15760313765709594,0.20301606381937715,-0.1612614494763784,0.21835103604335782,-0.23112313040403135,0.22067523821109605,0.22434582608563874,-0.02398792208635649,0.03131879795963503,0.0250712854880963,0.011307376358195877,0.016691995320125073,0.015396390667487398,0.019781725901793383,-0.006329947485908346,0.2234850660350838,0.22462650773943585,-0.09876395312277685,0.10898196433450444,-0.0848962600604821,0.11680540160506081,-0.08957945697991217,0.11041344551265324,-0.05985040709404514,0.0631104116586652,0.2159184923441203,0.22447190135605766,0.16514624976020809,-0.16112731030350086,0.21167825373819296,-0.18130588913098497,0.21471393336722192,-0.1739102186342724,0.21964309711359448,-0.18081123287808012,0.20679463886349084,0.2246080869362998,0.22465916790669982,0.22160288672707998,0.2214435880975645,0.22331332432250545,0.2156707310736931,0.2112778511893312,0.21677807789719158,0.20145433369463508,0.224811786484197
0.24980286810551872,0.24991498140217036,0.2434992541881869,0.24858099683024415,0.24900458614296284,0.2467408273121551,0.24230958364735822,0.24610015789641176,0.22480622154321703,0.2500000000000003,0.24924693931020225,0.15394463483302437,-0.13962969030761532,0.2124472521475912,-0.1820263410318895,0.22814457326245582,-0.18445955684307433,0.24341872749601143,-0.21109854883227733,0.2457624136532293,0.24952076064130968,-0.04878686076665081,0.05619894292210605,0.0008107613996238811,0.03581056091934538,-0.005374748763014154,0.03785274784318148,0.0011586083315354748,0.012681931679790209,0.24817044066296892,0.2497901653998532,-0.0855542866484739,0.09658165724292665,-0.06492051372940509,0.10549785285623083,-0.0747257105791725,0.1002378737428579,-0.04669403601695447,0.0502682087386929,0.24100053898180376,0.2495530842543871,0.1734830732012895,-0.16904518847775302,0.23323531848321336,-0.20043041167638323,0.2391031385786937,-0.19674511809452302,0.24437636857836165,-0.20469442199561222,0.2316904710137895,0.24976889970869695,0.24983057276425233,0.24609905103291985,0.24656000752860702,0.24840076256420185,0.24068140367387866,0.2362599243327677,0.24180122440146584,0.226257856350515,0.24998752027682028
0.24920556251401188,0.24918036212687739,0.2428305628272949,0.24785561571412196,0.24833881324706752,0.2460305311589106,0.2416065562591517,0.24538709114963875,0.22416172227221612,0.24924693931020225,0.2500000000000001,0.15376679071773208,-0.13949726445007382,0.21182807831383138,-0.18146964621108744,0.22746518092834553,-0.183960829668901,0.2427045159792017,-0.2106159736921976,0.24503142359998872,0.24878680161760225,-0.04878160265507779,0.056155806966780415,0.0007589610590094154,0.03574486116384697,-0.005368212775128207,0.037752104596095216,0.0011587291485079668,0.012641502641293078,0.24744244812174918,0.24905550162383658,-0.08532122695936457,0.096314303527511,-0.0647556812813855,0.10521432636320886,-0.07454183835659915,0.09997327286017088,-0.0465720255682508,0.0501352500696253,0.24029092765259472,0.24881920541857355,0.17298260434600354,-0.1685581149836077,0.23255096717012813,-0.1998418673363242,0.2383999473683344,-0.19616317224401164,0.24365745622236193,-0.20408706152986247,0.23100649928003308,0.24903431114203656,0.24909579347930755,0.2453755175501978,0.2458343751747676,0.2476700939403087,0.23997219696282823,0.23556343772244354,0.24108887337390345,0.22558889429010057,0.24925229937388038
0.15382083172676506,0.1538784437056555,0.15469938850483644,0.15262081728144966,0.15342580700002234,0.15094350946855536,0.14639372047023907,0.15025794895482902,0.1289405177880778,0.15394463483302437,0.15376679071773208,0.25000000000000033,-0.23432043315541956,0.17730278322915788,-0.1480311478388963,0.15193159273065912,-0.11019816437132618,0.15252377516160098,-0.12132805003877578,0.14976083728501088,0.15377647576893141,-0.14267786795104637,0.1404516127838572,-0.0845337118973674,0.09437359829233227,-0.06529965037449978,0.07737701670332406,-0.04810981115619326,0.05357246294062638,0.15235325032861857,0.1538360490397469,-0.0019280845662449928,0.0072840933975154044,0.02132116632740369,0.016114732672425504,0.002320148784273125,0.017334460111741584,0.013301694014140353,-0.011319483326291397,0.15028979495500958,0.15356850760260993,0.08624138033957582,-0.08360070720083759,0.13914973306632447,-0.12086361991234257,0.14799874669136448,-0.1279594766328182,0.1507228073706195,-0.13300919337873704,0.14601823823809,0.15382936930793453,0.15387622100190876,0.1508962081817698,0.15244232541087757,0.15312601456412406,0.14984433556327645,0.1481205870688473,0.15031646807418994,0.14357931167733662,0.1539486386532318
-0.1395191813543888,-0.13956571103431603,-0.1443174040193956,-0.13834029834665332,-0.1392050065604924,-0.13673254893388934,-0.13219724591944598,-0.13604641614625174,-0.1150543905813454,-0.13962969030761532,-0.13949726445007382,-0.23432043315541956,0.2500000000000003,-0.17629250818468004,0.1475301230281951,-0.14280488203039257,0.10186755802495197,-0.13923986457498855,0.10892609013928156,-0.1356118598611197,-0.13947267422858803,0.1328733515912211,-0.1302413306581962,0.09000435691266502,-0.09857018385360204,0.0709323950947938,-0.08200719268671695,0.05438377301492233,-0.05934443923936613,-0.13808636087636297,-0.1395357481325795,-0.006828413803500368,0.002082513582542301,-0.029714347326034608,-0.005663286301360956,-0.011231602336480411,-0.007304175209004003,-0.02118164029745582,0.019454895852942324,-0.13670670793011505,-0.1392680232563056,-0.07454500566280592,0.07219348408581452,-0.12543091523031277,0.10916542854132717,-0.1343923555221675,0.11735830147575939,-0.13670539605116222,0.12186998423566235,-0.13305356962013004,-0.13952805536198276,-0.13957212948101183,-0.13674682200804325,-0.13837606311301195,-0.1389174744147104,-0.13620351529957558,-0.13485168257859784,-0.1365919637193257,-0.13097984668300952,-0.1396334596483923
0.21228422337979228,0.21238097412895854,0.2070738814617322,0.2110915383405038,0.2118522847795898,0.2093190312878116,0.20480072640834313,0.20866854683001898,0.18734487627588747,0.2124472521475912,0.21182807831383138,0.17730278322915788,-0.17629250818468004,0.2500000000000006,-0.21824884872608485,0.21529791295393824,-0.1718068926202133,0.2118040605946993,-0.1800636318611787,0.20824127916667762,0.21208367334492154,-0.07292760133453001,0.07962269083565814,-0.03589007327281029,0.06731459019858073,-0.03731832579209095,0.06288531945757468,-0.025891852464000963,0.036785035194408164,0.21066047705247753,0.2122912356261796,-0.051393270648086596,0.060283630210595684,-0.029355003240602928,0.0684637620218607,-0.04152837653571182,0.06483735428990406,-0.01794043441880168,0.020808210421806132,0.20575002183171912,0.21203391051197368,0.1386165069832476,-0.13492279610849706,0.19634144842446435,-0.1693177620042181,0.20360182675443428,-0.17038522698342226,0.2076974177532628,-0.17695636602972145,0.19839013650313525,0.21227291076072247,0.21232915853033932,0.2088700429611115,0.20980263901426457,0.21117743787935248,0.2052522466484272,0.2020032706580243,0.20610773369803606,0.19411152860516126,0.21245204181464927
-0.18189685273023634,-0.18196973598085206,-0.17695119268222692,-0.1807691329708642,-0.18250801713053186,-0.17914306952952783,-0.17465747701219314,-0.17846360342897796,-0.15760313765709594,-0.1820263410318895,-0.18146964621108744,-0.1480311478388963,0.1475301230281951,-0.21824884872608485,0.25000000000000044,-0.20354442406999734,0.16405538173449666,-0.18424355768049436,0.15461269839256983,-0.17799735319612722,-0.18170071762614567,0.05813222243447714,-0.06449301338675517,0.03664355428399037,-0.06558100486762468,0.0414399792409638,-0.06083800281577789,0.027234139748631297,-0.03697500601792944,-0.1805916318513713,-0.1818958661849232,0.04241040084971807,-0.04990309246585201,0.022919743073296646,-0.05642044185449974,0.033493248887693776,-0.0537095133203206,0.011930402994316702,-0.014333634876527454,-0.1764318606857444,-0.1816674787904919,-0.11807418187997883,0.11492456825153148,-0.16804488245867993,0.144798124781189,-0.17445478487038119,0.14624345766577618,-0.17789085593432222,0.15175356037883753,-0.17008022978741885,-0.18187775649174154,-0.18192605075060778,-0.1789324160401114,-0.17977554781307514,-0.18094494192992788,-0.17589991241827146,-0.17320114824934757,-0.17662561782813904,-0.1664002933575814,-0.1820307166015543
0.22797801351868463,0.22807937445731402,0.22214514700087498,0.2268012384645578,0.2273750919133813,0.22505039558702836,0.220555860524965,0.22440363144815628,0.20301606381937715,0.22814457326245582,0.22746518092834553,0.15193159273065912,-0.14280488203039257,0.21529791295393824,-0.20354442406999734,0.2500000000000005,-0.204774193303056,0.23009811205146183,-0.19828477091363883,0.22394317027341376,0.22772275546575876,-0.0523765995784971,0.05940384560569182,-0.01609113373877205,0.05180441477076711,-0.025317946452277206,0.05166110135425497,-0.013323362284084431,0.025961613508757374,0.2264724849071426,0.22797282162252783,-0.06944605788076971,0.07938433442947679,-0.0485647221669171,0.08732997365065612,-0.058501024530186886,0.08254638444247976,-0.03162516958962955,0.03477032707969127,0.22041637848423595,0.22773256048544652,0.15469690798820368,-0.15068962198648822,0.21212755363055938,-0.18251687961713967,0.21840705317450812,-0.1810122711799874,0.22297518780116324,-0.1880411174471258,0.21209379338221604,0.22795281618937036,0.2280106605588383,0.22449004624479027,0.22513173602746164,0.22673643036279717,0.21995279303036022,0.2161802090020214,0.22093337886699707,0.2072415008695941,0.22814952808250208
-0.1843300609572011,-0.18439852429052944,-0.17916833422991743,-0.18331449880120418,-0.18383619402507928,-0.18181064256446558,-0.18437796098027182,-0.1811642012801442,-0.1612614494763784,-0.18445955684307433,-0.183960829668901,-0.11019816437132618,0.10186755802495197,-0.1718068926202133,0.16405538173449666,-0.204774193303056,0.2500000000000005,-0.1906896629862615,0.1615781225143514,-0.1804779748552929,-0.1840423684345627,0.012289849344904824,-0.018947641352326287,-0.02288311279308636,-0.012004601435665974,-0.010037383222155546,-0.015255758589308051,-0.016173111422923023,0.0044990907992050345,-0.1837529491644849,-0.184310359349956,0.08799174316858581,-0.09642742917467423,0.07853605490236087,-0.10333816788825585,0.081283824109221,-0.09745288429487237,0.05191177131569305,-0.05449479095702206,-0.17701278010284824,-0.18420198153078268,-0.1385074969837133,0.13524998430004664,-0.174317535268624,0.14907920284799933,-0.17614238701213264,0.1418510811410063,-0.18009046158892364,0.14705285852499564,-0.16910200773417203,-0.18429372047836165,-0.1843336497614272,-0.18192198119922753,-0.1815856274055707,-0.18321200858659928,-0.17665166934162632,-0.17299655976431424,-0.17759650556487877,-0.16446675460269927,-0.18446353246958258
0.24324394751445128,0.24335229233794187,0.2370769478533109,0.24204206043924217,0.24248809763407253,0.2402383899937373,0.2360969446656896,0.2396047585140247,0.21835103604335782,0.24341872749601143,0.2427045159792017,0.15252377516160098,-0.13923986457498855,0.2118040605946993,-0.18424355768049436,0.23009811205146183,-0.1906896629862615,0.2500000000000005,-0.21693084580982622,0.23923991497011907,0.2429653541837621,-0.0486054964349331,0.055984951141591785,-0.0018698724179449595,0.038438693629344885,-0.009365839718641075,0.04179191519649974,-0.004532702713141551,0.017521299836224573,0.2416313246427905,0.24323371564628524,-0.08182988696537197,0.09256357054898762,-0.06121397067392702,0.10071760012501722,-0.0703953224096466,0.09505058105477071,-0.041788048512067945,0.04522466350858224,0.2348024127012169,0.24299635689948365,0.16823560658868422,-0.16393625009099486,0.22696241734428668,-0.19506392302785017,0.23287417359847523,-0.19191495144488066,0.2379200456761878,-0.19956117711324003,0.22574839149891324,0.24321167971294042,0.24327206502570106,0.23961631370773664,0.2401099704361882,0.24188737897926466,0.23442522914179026,0.23019131836833084,0.23550654714144004,0.22046774791287407,0.24342395428912456
-0.2109621704176701,-0.2110565038418314,-0.20516046130099622,-0.2100851590715815,-0.21023844878720385,-0.20880179558777676,-0.20416229887240225,-0.2085384219961784,-0.23112313040403135,-0.21109854883227733,-0.2106159736921976,-0.12132805003877578,0.10892609013928156,-0.1800636318611787,0.15461269839256983,-0.19828477091363883,0.1615781225143514,-0.21693084580982622,0.2500000000000007,-0.21502835064019094,-0.21065176519337386,0.019288219595410588,-0.026467428390456283,-0.02625779476219943,-0.009565332959061536,-0.015773252349088395,-0.015783213067842465,-0.016569999465415527,0.0043082956703068016,-0.20984330360115405,-0.21093010047335473,0.09644848059799215,-0.1060916218052206,0.0837331062804256,-0.11238829428527561,0.08643216070107587,-0.10522408128026829,0.05607811390262078,-0.059108290024627565,-0.20270367285772617,-0.21079075961302093,-0.15653203441833222,0.1527737712598181,-0.1990589771208861,0.17036013688582327,-0.20158967670993944,0.1629481437989853,-0.20617364868434296,0.1693046982777283,-0.19398355036858692,-0.2109111640268798,-0.21095853518606947,-0.20813572845402928,-0.20790242429711647,-0.20968898390386795,-0.20241618726715105,-0.19826712563178678,-0.20346874485848196,-0.18888202844655452,-0.21110336237865793
0.2455854329927638,0.24569585742903627,0.23934526490003383,0.2443891216054234,0.244788452845238,0.24258496376096114,0.2381470291863646,0.24195321527069658,0.22067523821109605,0.2457624136532293,0.24503142359998872,0.14976083728501088,-0.1356118598611197,0.20824127916667762,-0.17799735319612722,0.22394317027341376,-0.1804779748552929,0.23923991497011907,-0.21502835064019094,0.2500000000000008,0.24530108283539656,-0.04463824128559175,0.052023487799432604,0.004927308669558058,0.03165187668370173,-0.0018651742292493524,0.03425189056485488,0.0042287305188531705,0.009514061846181646,0.24402130556859722,0.24557255509460166,-0.0878346623480023,0.09872764683045587,-0.06833104162812854,0.10739512083934243,-0.07719460297342354,0.10186375563202478,-0.048831245835663034,0.05235408712676058,0.2367932292223416,0.24534910393619466,0.1721227624034729,-0.16775483556993082,0.22962060798739595,-0.1972144267671383,0.2350112885484616,-0.19290081797958294,0.24022921248865134,-0.20068096845690675,0.22751281689786368,0.24555152962392232,0.24561141762873745,0.24199362852793202,0.24234939657309099,0.24419531209872478,0.2364872827685938,0.23206799806641268,0.2376052677597041,0.22209522167600937,0.24576766173813022
0.24934175975756945,0.24945360437217534,0.2430498226186582,0.24812000356872674,0.2485447529573421,0.24628056112428473,0.24184888663507478,0.2456399611238482,0.22434582608563874,0.24952076064130968,0.24878680161760225,0.15377647576893141,-0.13947267422858803,0.21208367334492154,-0.18170071762614567,0.22772275546575876,-0.1840423684345627,0.2429653541837621,-0.21065176519337386,0.24530108283539656,0.2500000000000007,-0.04923270170629616,0.056587551106964604,0.0004180516843148849,0.0360967849347297,-0.00566675624850718,0.03803909389693224,0.0009305884864952994,0.012867022322337057,0.24771035993926316,0.24932918328763923,-0.08516367236523227,0.09616309895958881,-0.06451918882632698,0.10507910049471887,-0.07436685709016325,0.09985011852859921,-0.046417601542999225,0.04998424383424585,0.24056422555370321,0.24909197198086555,0.17306898662532003,-0.1686396857380011,0.23278413492851274,-0.20004829601968513,0.23866514072030845,-0.19641274550290033,0.2439264257817334,-0.20434832894698976,0.23127801392641587,0.24930797605905924,0.2493695755984593,0.24564179767720554,0.24610768932100094,0.2479429914047257,0.2402445885386122,0.23583578819797713,0.24136135120884994,0.22585960828910545,0.24952612295383075
-0.04874073494333383,-0.04873602120248886,-0.04945336544989091,-0.047512522677556755,-0.04872531079316504,-0.045913940245081164,-0.041588482274890766,-0.045229931371559465,-0.02398792208635649,-0.04878686076665081,-0.04878160265507779,-0.14267786795104637,0.1328733515912211,-0.07292760133453001,0.05813222243447714,-0.0523765995784971,0.012289849344904824,-0.0486054964349331,0.019288219595410588,-0.04463824128559175,-0.04923270170629616,0.2500000000000009,-0.23933361221076815,0.18518934708681306,-0.15400497282156028,0.1270828381663946,-0.11505081768601821,0.10031372780570454,-0.09595423009844696,-0.04729616213898746,-0.048770576901714956,-0.09662786138253752,0.09753470879468923,-0.12439693820313827,0.0888556023892818,-0.092738045453199,0.07878557782727469,-0.080410025084529,0.08008537687629429,-0.051064185231924325,-0.048453165573893835,0.012204526760098372,-0.012888497829768673,-0.03548424482322351,0.033366246553882574,-0.048248488717088873,0.05331405175849977,-0.048323083658022986,0.05561565420381059,-0.052674163840216705,-0.04878163218596511,-0.048813771668357146,-0.04655666809269425,-0.04948108604252509,-0.04881863509036285,-0.050635492509539304,-0.05189430848322477,-0.05036770469334483,-0.05374085298663639,-0.04878976036193362
0.05614779343756085,0.056147162407681715,0.05642227875576992,0.0549094818644842,0.056118080887446256,0.05328842121546429,0.04891230745976228,0.05260330651573511,0.03131879795963503,0.05619894292210605,0.056155806966780415,0.1404516127838572,-0.1302413306581962,0.07962269083565814,-0.06449301338675517,0.05940384560569182,-0.018947641352326287,0.055984951141591785,-0.026467428390456283,0.052023487799432604,0.056587551106964604,-0.23933361221076815,0.2500000000000006,-0.1926505334410105,0.16201054323785813,-0.1333348480641061,0.12141100814808961,-0.10413043469677075,0.10003518971267843,0.054522060271830534,0.05617664781776419,0.0964407367965934,-0.09703601592351371,0.1255132291271105,-0.08811759268508677,0.09365521908490244,-0.07868436252338362,0.082010326973987,-0.0815986229775849,0.05833618802772625,0.055846975049097906,-0.008018718634974593,0.008840099008997364,0.042225903098014266,-0.03927181664190426,0.055399936125172126,-0.059590422166755884,0.055564317308898444,-0.062104104482535824,0.05975794404623475,0.05618820763963202,0.056222786032892776,0.05382963327090974,0.05682919919006588,0.056195548665103685,0.05787393812491443,0.059068977368058384,0.057626283527471414,0.06071001945710452,0.05620195036587452
0.0008268167015850803,0.000860078790900499,-0.00012233990298927603,0.0019306809849400414,0.0007703682102591093,0.003298167973148958,0.007775989588555347,0.003896145652930105,0.0250712854880963,0.0008107613996238811,0.0007589610590094154,-0.0845337118973674,0.09000435691266502,-0.03589007327281029,0.03664355428399037,-0.01609113373877205,-0.02288311279308636,-0.0018698724179449595,-0.02625779476219943,0.004927308669558058,0.0004180516843148849,0.18518934708681306,-0.1926505334410105,0.25000000000000083,-0.21267752868546438,0.185531546156846,-0.1589672689393309,0.1435441375844584,-0.1337224161830029,0.002461059331239473,0.0007429093436012246,-0.14188141443935257,0.14568483176436386,-0.17297812956836628,0.14367169695592696,-0.1434059957412432,0.131692246317693,-0.1233223972067329,0.12391180382957775,-0.004655423642429993,0.001137148700810733,0.0591344011761382,-0.058651184882596914,0.013554108568628183,-0.007834724001973872,-0.001381981554047125,0.01909854024443081,0.00010717660121605768,0.019816226011475483,-0.009058633541975468,0.0007630491054875878,0.0007367686449884706,0.0026996978945303222,-0.0009893628119412546,0.0003510640365326664,-0.0040328133159074925,-0.006892061443651367,-0.0033892861342002378,-0.011824348595449171,0.0008090312098453955
0.03577191031064603,0.03575952642316062,0.03559315627803593,0.034653001897782414,0.0357345454476599,0.03322898466159218,0.028636528957621046,0.03262292210893089,0.011307376358195877,0.03581056091934538,0.03574486116384697,0.09437359829233227,-0.09857018385360204,0.06731459019858073,-0.06558100486762468,0.05180441477076711,-0.012004601435665974,0.038438693629344885,-0.009565332959061536,0.03165187668370173,0.0360967849347297,-0.15400497282156028,0.16201054323785813,-0.21267752868546438,0.25000000000000094,-0.21876542999748952,0.19396940738017637,-0.15857117843218077,0.14920901418254778,0.03406074255885648,0.035863610922704396,0.10804468684692005,-0.11079730074823131,0.1388635086057041,-0.10864121051251358,0.11823717725460119,-0.10478554193276525,0.11572085265607446,-0.11603180971639669,0.03976085742455688,0.035465114746264355,-0.02445715778153474,0.02457765993815349,0.022519797891252746,-0.022697584258854382,0.036410389800148206,-0.04618970422140071,0.03522958067150547,-0.04687520579819769,0.041794713791542086,0.03582048896355449,0.03585192684460032,0.03364437295588182,0.03686327711104086,0.036005338526968106,0.03862731913251573,0.04078462425088527,0.038228089082581476,0.043153031030252496,0.03581282596346289
-0.005356694572016334,-0.005331712603591522,-0.005675808397973109,-0.004450179712647413,-0.005390616314875876,-0.0033417208442835943,0.0009929191347004462,-0.002846106211644858,0.016691995320125073,-0.005374748763014154,-0.005368212775128207,-0.06529965037449978,0.0709323950947938,-0.03731832579209095,0.0414399792409638,-0.025317946452277206,-0.010037383222155546,-0.009365839718641075,-0.015773252349088395,-0.0018651742292493524,-0.00566675624850718,0.1270828381663946,-0.1333348480641061,0.185531546156846,-0.21876542999748952,0.250000000000001,-0.21638639356010345,0.18222160783672894,-0.17029654432687394,-0.00371093088294156,-0.005469838657682935,-0.11611473907336407,0.12072995444056209,-0.14775907761417517,0.12793084165279217,-0.13552695312714552,0.13014206918125262,-0.13787156781536164,0.13872226987348577,-0.010734040190787785,-0.005068315711741783,0.04589407619306275,-0.04538408116305475,0.006249916567092189,-0.00237319301424319,-0.0073007660808091564,0.022667810247811122,-0.005289462566234037,0.022474490053943832,-0.013907167370332556,-0.005412096066607238,-0.00543731182338427,-0.003654066634728713,-0.006911715062649903,-0.005778583192794244,-0.009505537052616642,-0.012326116005814151,-0.008947604861316641,-0.01599862610642198,-0.005376109956889564
0.03781333053034482,0.03780597384219918,0.03725010461562735,0.03685275198346887,0.03771419882702118,0.03563243504770462,0.03130907508202669,0.03511638582051805,0.015396390667487398,0.03785274784318148,0.037752104596095216,0.07737701670332406,-0.08200719268671695,0.06288531945757468,-0.06083800281577789,0.05166110135425497,-0.015255758589308051,0.04179191519649974,-0.015783213067842465,0.03425189056485488,0.03803909389693224,-0.11505081768601821,0.12141100814808961,-0.1589672689393309,0.19396940738017637,-0.21638639356010345,0.25000000000000094,-0.21053861138723357,0.19960737314846946,0.03607149737443904,0.037937403819342796,0.0892823393754101,-0.09303846307201667,0.12104858257716009,-0.10002427453256353,0.11837965117708012,-0.11170904621264334,0.1410847333699503,-0.14185211335120132,0.04223559822497286,0.03752144972354338,-0.016555974216054852,0.0165445730152517,0.025468873949125597,-0.02454632632743678,0.038554237309641075,-0.04757890845711742,0.03648424762612445,-0.04685431823506277,0.04321243531767998,0.03785754050485031,0.037887753622998545,0.035848969910544516,0.038762710765610095,0.03804393863914099,0.040281810375446536,0.04270773434544509,0.03992431230021664,0.04399006927389974,0.03785466904142853
0.0011715985377571331,0.0011967222837587638,0.0009068587673893491,0.0019310490628785231,0.0011940711561911606,0.0028483499688039013,0.006602608537248904,0.003252288433364133,0.019781725901793383,0.0011586083315354748,0.0011587291485079668,-0.04810981115619326,0.05438377301492233,-0.025891852464000963,0.027234139748631297,-0.013323362284084431,-0.016173111422923023,-0.004532702713141551,-0.016569999465415527,0.0042287305188531705,0.0009305884864952994,0.10031372780570454,-0.10413043469677075,0.1435441375844584,-0.15857117843218077,0.18222160783672894,-0.21053861138723357,0.25000000000000105,-0.23373864910838293,0.002879294704842003,0.0010398704258042732,-0.10463739593153845,0.10998925783902103,-0.137082102792297,0.12515696771788168,-0.14114103230091876,0.14834688182437838,-0.1758796998252631,0.1774389883782824,-0.005207782332658263,0.001440709151861927,0.04620883921757704,-0.045518414350882656,0.01154630660262328,-0.007567915050399965,-0.0013503322037585572,0.017986292109969902,0.001958407247597089,0.015796973857648666,-0.007635632225767369,0.001118294377810987,0.0010957579516310656,0.0025957849211322216,-0.0003885205208987251,0.0006834808213677936,-0.003002126766276801,-0.006425107047854144,-0.002435075026743717,-0.009281389599702202,0.0011576169730287721
0.012659986314355406,0.012642532995073624,0.012562933640518322,0.011877287097560493,0.012600278793476504,0.010911840476500628,0.007154362479174826,0.010498908418318664,-0.006329947485908346,0.012681931679790209,0.012641502641293078,0.05357246294062638,-0.05934443923936613,0.036785035194408164,-0.03697500601792944,0.025961613508757374,0.0044990907992050345,0.017521299836224573,0.0043082956703068016,0.009514061846181646,0.012867022322337057,-0.09595423009844696,0.10003518971267843,-0.1337224161830029,0.14920901418254778,-0.17029654432687394,0.19960737314846946,-0.23373864910838293,0.25000000000000117,0.010895588165228749,0.01279745210687931,0.09219568022052725,-0.09743169263909225,0.12496712260252847,-0.11299484777249091,0.12945786471286852,-0.13671574058424488,0.18419116329049756,-0.18617059744312778,0.018827102679172064,0.012390246117278405,-0.03315252550865337,0.032575310142303054,0.0021128602642459726,-0.0042066245643288865,0.01510815840417043,-0.028988741783291822,0.011099555773491105,-0.02563517399740446,0.020002058244637043,0.012707842009171858,0.012732056572908547,0.011136543956184197,0.013934585801794764,0.013063840357653254,0.016042957311756634,0.01937107379649695,0.015569967013999075,0.02088384712762401,0.012683166974890707
0.24799295015628933,0.24810453074929104,0.2417403499968533,0.24679246430055918,0.2472045260411647,0.2449824870791554,0.24067266805723847,0.24435314441680814,0.2234850660350838,0.24817044066296892,0.24744244812174918,0.15235325032861857,-0.13808636087636297,0.21066047705247753,-0.1805916318513713,0.2264724849071426,-0.1837529491644849,0.2416313246427905,-0.20984330360115405,0.24402130556859722,0.24771035993926316,-0.04729616213898746,0.054522060271830534,0.002461059331239473,0.03406074255885648,-0.00371093088294156,0.03607149737443904,0.002879294704842003,0.010895588165228749,0.250000000000001,0.2479790094748562,-0.08668049265078716,0.09765278353971134,-0.06638481477692451,0.10641994851929751,-0.07583672577605312,0.10119643841816524,-0.04796847025064403,0.0515240633643864,0.2391929882368707,0.24774851603487585,0.17299287724738574,-0.16857324794980136,0.23171590771206788,-0.19906105114962402,0.23733360758673114,-0.19508235921835618,0.2425920301083395,-0.20296716467236048,0.2298968079223387,0.24795821028593687,0.24801911498697118,0.24434052302828035,0.24475218472621968,0.24659555661776236,0.2388806780997045,0.23446028792391044,0.23999970829369852,0.2244711268100387,0.24817575922841392
0.2496110145133989,0.24972302943146107,0.2433120551233952,0.24838975018441378,0.24881328948394565,0.24655059376076138,0.2421212930078034,0.24591024540308987,0.22462650773943585,0.2497901653998532,0.24905550162383658,0.1538360490397469,-0.1395357481325795,0.2122912356261796,-0.1818958661849232,0.22797282162252783,-0.184310359349956,0.24323371564628524,-0.21093010047335473,0.24557255509460166,0.24932918328763923,-0.048770576901714956,0.05617664781776419,0.0007429093436012246,0.035863610922704396,-0.005469838657682935,0.037937403819342796,0.0010398704258042732,0.01279745210687931,0.2479790094748562,0.2500000000000007,-0.0857197327741186,0.0965184555671855,-0.06486009463464153,0.1053587186057722,-0.07459282950745894,0.10008004973041677,-0.04654668318785201,0.05011896494631192,0.24081292028407755,0.24936128927862664,0.17354185637357977,-0.1691098383830289,0.23305242794741013,-0.20025862652851473,0.23891366173437292,-0.1965699984612699,0.24418549140108484,-0.20452990597683035,0.23150792791691682,0.24957708818310384,0.24963872122237582,0.24591067786435153,0.24637076955943824,0.24820957447129588,0.24049671962975513,0.23607249375667466,0.24161570274316074,0.2260846596264497,0.24979553113197828
-0.08551107557542198,-0.0855751901887768,-0.08312835224103755,-0.0859256168563887,-0.08530689711539712,-0.08631994614480905,-0.08893476212641482,-0.08653553232396548,-0.09876395312277685,-0.0855542866484739,-0.08532122695936457,-0.0019280845662449928,-0.006828413803500368,-0.051393270648086596,0.04241040084971807,-0.06944605788076971,0.08799174316858581,-0.08182988696537197,0.09644848059799215,-0.0878346623480023,-0.08516367236523227,-0.09662786138253752,0.0964407367965934,-0.14188141443935257,0.10804468684692005,-0.11611473907336407,0.0892823393754101,-0.10463739593153845,0.09219568022052725,-0.08668049265078716,-0.0857197327741186,0.25000000000000105,-0.23739160071108628,0.2091707286819125,-0.1751372994877668,0.1484034135010262,-0.13966981766083594,0.10671597191975858,-0.10878788169154685,-0.0772839761781866,-0.08577306698152141,-0.1594737321380328,0.15560992771209528,-0.09742498775344914,0.07153973485453125,-0.07573341624821489,0.040713134072707095,-0.0805344822656733,0.04650124673601932,-0.06876339580163157,-0.08543779776825135,-0.08543352820768152,-0.08707621054052161,-0.08259990981598406,-0.0845703201198895,-0.07755012493390628,-0.072823888144913,-0.07857651445889807,-0.06449235225570354,-0.08555509771183684
