x1,x2,x3,x4,x5,x6,x7,x8,x9,x10,x11,x12,x13,x14,x15,x16,x17,x18,x19,x20,x21,x22,x23,x24,x25,x26,x27,x28,x29,x30,x31,x32,x33,x34,x35,x36,x37,x38,x39,x40,x41,x42,x43,x44,x45,x46,x47,x48,x49,x50,x51,x52,x53,x54,x55,x56,x57,x58,x59,x60
0.25,0.07401558024881633,-0.10385855416175205,0.16659731774376177,0.09146950360743566,-0.014159440633419654,0.06454314482097932,-0.11117351126910137,0.10997346466255652,-0.17259136135753034,0.23494613258513838,-0.23487493787258937,0.23354698029055707,-0.23487492303409038,0.23454553084472832,-0.23487492899070425,0.22027407779602734,-0.23487491834392946,0.22486143327487199,-0.2348615212779727,0.10184221994536019,-0.118521596666297,0.08819451202382218,-0.11075167399684377,0.0016467411952791754,-0.002495971633133164,-0.11338367812210834,0.11322368496526888,-0.23459799513926768,0.23181876310639082,-0.10214747136279233,0.09045042885448769,-0.11015470668042188,0.030356351190692736,-0.0696130564524745,0.039972309620205836,-0.12133308472549018,0.12131498917677157,-0.23477056018006667,0.23476189929829544,0.23485154902328784,-0.23486414466291283,0.23461455757123578,-0.23486300432729,0.23315512236978772,-0.23487360529086962,0.2308287537232089,-0.23485431358347192,0.2315795787420102,-0.2348749034272676,0.21392925882452565,-0.0831238626294377,-0.09826457923322517,-0.07887908232411286,0.06693033368815923,-0.13128071476987996,0.06372078347774697,-0.15918988470554402,0.12421389521160248,-0.1218684588320717
0.07401558024881633,0.24999999999999986,-0.20512043284335893,0.08723086712620104,0.17794338381575506,-0.06822292465737638,-0.039078479155661094,0.0337913481977327,0.008318745984377117,-0.04076424441342266,0.06003441884679021,-0.05996914037973735,0.05908446582767173,-0.059969136557674975,0.060120309170923,-0.059969138151627896,0.0479616674884209,-0.05996913515746242,0.051981605347241965,-0.059966897040062195,0.025378046655786874,-0.02950790714061207,0.021468416246583796,-0.02707810420942734,-0.0023031322676622277,0.002080112488325721,-0.03125778653415739,0.031214325186678694,-0.059904326484165576,0.059186997217793275,-0.025457738966960398,0.022371446329349464,-0.02729852386090724,0.005834889653531736,-0.015859845460136128,0.008362667471400718,-0.03007857490155878,0.03007402172297227,-0.05994162122768261,0.059939462041912014,0.05996308254780256,-0.05996632249898727,0.059902389153003936,-0.0599659838616846,0.059532419720738375,-0.05996878977068421,0.05894142014130898,-0.05996371647595774,0.05913207899949948,-0.05996913161771435,0.05462054993060617,-0.021223156798336588,-0.025084563235471403,-0.020139568995376077,0.017093688143269344,-0.03351793618989786,0.016273572895184808,-0.040645353867753135,0.03172026497891075,-0.031114021417189202
-0.10385855416175205,-0.20512043284335893,0.24999999999999994,-0.0965408214066171,-0.2121853559045277,0.09106243764728698,0.02813438761162802,-0.012333839925022495,-0.02579859507798748,0.07340875504972798,-0.10331820621200113,0.10331054266730154,-0.10271390745891064,0.1033105361090718,-0.10342814553483219,0.103310538771289,-0.08853526833145323,0.10331053382409384,-0.09316211267685255,0.10330596146505895,-0.044200191779975945,0.051396864094659475,-0.037736128376239776,0.0474771901942505,0.002147771550377126,-0.0017680147101512395,0.05226374444554443,-0.052190697200501825,0.10319478968397629,-0.10196392952704834,0.04433619003910406,-0.039082674953893254,0.047635034823782986,-0.011367622017672116,0.02860936155172458,-0.015653986898738308,0.05243085026953364,-0.05242296353418124,0.10326372204987115,-0.10325996699128218,-0.10330017043456324,0.10330573483463705,-0.10319574321292857,0.10330518008385586,-0.10255651230023895,0.10330994570758875,-0.10153645225472871,0.10330130648574366,-0.10186556732234715,0.10331052754831632,-0.09409682438027113,0.036561976700735445,0.04321708628944049,0.03469509936028847,-0.0294445031934073,0.057743086651273964,-0.028032148371338193,0.07002064221432498,-0.054641661504454285,0.05360228652877903
0.16659731774376177,0.08723086712620104,-0.0965408214066171,0.25000000000000006,0.1074466170199634,0.005942486580149953,0.043335063862777704,-0.05765789225323366,0.07220534507297689,-0.1167472511945547,0.16171173113432394,-0.16168813601175677,0.1611927883926238,-0.16168812579271608,0.16180857125087655,-0.16168812998161203,0.14840460171355846,-0.16168812247307507,0.1526056342260674,-0.16167906819648414,0.06996976609041675,-0.08140890548440359,0.060414382526733694,-0.07586483302693395,0.00012350072916211835,-0.0007097735974462284,-0.07892285155762713,0.07881172037122337,-0.16149968725443334,0.1595831267729761,-0.07018033985428433,0.06208823916223892,-0.0756166918812521,0.020230183049484502,-0.0472225139448858,0.026837212290225468,-0.08319082139513327,0.08317839329622738,-0.1616159495299002,0.16161000711217235,0.16167201317927765,-0.16168069105252716,0.16150881792987232,-0.161679882633988,0.16050502116492582,-0.1616872148207844,0.15890474730055865,-0.1616738793484115,0.1594212029101504,-0.16168811231503666,0.14726886803230108,-0.057222444607072584,-0.06764369052434192,-0.05430039203622822,0.04607663622834937,-0.09037336206118175,0.043866975022630886,-0.10958662097809758,0.08551099676871637,-0.08389367033307059
0.09146950360743566,0.17794338381575506,-0.2121853559045277,0.1074466170199634,0.2500000000000003,-0.09291310912395978,-0.0486093615506471,0.028394968258503652,0.01813936840220073,-0.06552698761950569,0.09235533207571095,-0.09235538727453478,0.09174313289069519,-0.09235538141577755,0.0922869374131753,-0.09235538369550765,0.07757162033288999,-0.09235537932868634,0.0822409022998289,-0.0923516246878436,0.039358063000352064,-0.04576228028020161,0.03348020540217802,-0.04215872174589306,-0.002503886967660496,0.0021628999692016675,-0.047191616865908594,0.04712580206981126,-0.09225310612586814,0.09115123825513595,-0.039480067254851064,0.034759828110946654,-0.04238193089123523,0.009746355158471125,-0.025166133781335157,0.013606429829848122,-0.046684792448024016,0.04667775508939884,-0.09231335507483643,0.09231000886480115,0.092346093935209,-0.09235107390195975,0.09225269510511831,-0.09235056963532438,0.0916818304857581,-0.09235485146178284,0.09077054595077465,-0.0923470979109088,0.09106453821283954,-0.09235537376876815,0.0841185618554256,-0.032684831570631886,-0.038633315412625574,-0.031015967699202365,0.026323187481568887,-0.05161970921134069,0.025060467275856604,-0.06259566896969053,0.04884856034891042,-0.047917849514197426
-0.014159440633419654,-0.06822292465737638,0.09106243764728698,0.005942486580149953,-0.09291310912395978,0.24999999999999992,-0.06332728743880012,0.06390689871263774,0.03640404416619064,0.035704422018684574,-0.019690311601688923,0.019729146184751307,-0.018863498099545795,0.019729144928462464,-0.019912365648897982,0.019729144909811473,-0.01717694571465199,0.019729144338537827,-0.00959408784035408,0.01973105307314492,-0.007503262954602125,0.008496625484706035,-0.0053530493737904035,0.006729348268713173,0.005064327023207498,-0.004979124871361914,0.012298036010033327,-0.01228241593520508,0.019712133395213802,-0.01946486827918279,0.007532509065674346,-0.006348510222870837,0.0076515549524625165,0.0009099852412343264,0.002200285952612128,-0.0002324742375856785,0.008860340659598141,-0.008858932653704337,0.019719111819652135,-0.01971846010609479,-0.01972702202786681,0.019728126295968502,-0.019706696961500746,0.019727947331356972,-0.01958818619669112,0.01972901805843947,-0.019398521937882867,0.01972718419501652,-0.019458938966421573,0.019729143353832777,-0.01796865424077834,0.006981754223572837,0.008246341605700114,0.0066255236442585835,-0.005629644852164123,0.011025596289991633,-0.005359748092160816,0.013372611459301813,-0.01044282540486603,0.010233635615084795
0.06454314482097932,-0.039078479155661094,0.02813438761162802,0.043335063862777704,-0.0486093615506471,-0.06332728743880012,0.24999999999999994,-0.15772111376145898,0.021561014484690562,-0.06836213975469693,0.07419775721192738,-0.07427129591021156,0.07350771531341671,-0.07427129123298945,0.0740348185259647,-0.07427129372045706,0.06203980357265196,-0.07427128943132892,0.06412772550965355,-0.07426739858989444,0.031573452646337756,-0.03670791916427497,0.026822507281856443,-0.033794992581890844,-0.002294571065595799,0.0020198472463518248,-0.03837873076760643,0.038325231851159346,-0.07419023884145752,0.07330330540742667,-0.03167173075352722,0.027874580204241498,-0.03399118970019084,0.007610935872085231,-0.02002009706205016,0.010677314544681326,-0.03738651575206551,0.03738086611233462,-0.07423734259860633,0.0742346608592334,0.07426381249655646,-0.07426781989760593,0.07418868476437193,-0.07426740851345018,0.07373002466509115,-0.07427086335274702,0.07299755334870314,-0.07426460162047323,0.07323392944233233,-0.07427128507679051,0.06764722340902779,-0.026284768528349718,-0.031067824119185388,-0.024942716852276045,0.02116958834467902,-0.04151188257345042,0.02015395489580121,-0.05033885707236872,0.0392843729522011,-0.038534780940708335
-0.11117351126910137,0.0337913481977327,-0.012333839925022495,-0.05765789225323366,0.028394968258503652,0.06390689871263774,-0.15772111376145898,0.25,0.0021675168944775744,0.10588377658084609,-0.12296309108054906,0.12303676729311185,-0.12196036584789091,0.12303675954090516,-0.12268116975590729,0.12303676320241563,-0.1276646675389739,0.12303675736735382,-0.13315245042344584,0.12303034500030728,-0.05517468417520465,0.06439284412139412,-0.04950081966709931,0.061963688766513224,-0.009271249631509722,0.009695395468002098,0.05413221506676619,-0.0540534480050759,0.12287892849746954,-0.12144590274298316,0.05532907580713939,-0.04954065944801929,0.06026101234906297,-0.02161347450952444,0.04232454037338966,-0.026122825145117306,0.06586048325952767,-0.06585081794911825,0.12298429900045721,-0.12297963029586982,-0.12302477617966454,0.12303129978604359,-0.12290125089978167,0.12303084131815306,-0.12212969503497985,0.12303609671158566,-0.12090202930788001,0.12302636254669552,-0.12129922891610054,0.12303674911203911,-0.11206641963196348,0.043544465173814474,0.05148783883652631,0.04132033026970694,-0.035047817614775566,0.06877307763141899,-0.03336754460391539,0.08338858975600523,-0.06505302045104595,0.06384472575007874
0.10997346466255652,0.008318745984377117,-0.02579859507798748,0.07220534507297689,0.01813936840220073,0.03640404416619064,0.021561014484690562,0.0021675168944775744,0.25000000000000006,-0.05259307028220809,0.11861079046663953,-0.11867110611268002,0.11811838288799642,-0.11867109864525988,0.11849223355572411,-0.11867110069535958,0.11375269538514907,-0.11867109641250476,0.10848877059748628,-0.11865673571897387,0.050719156327199505,-0.05899001620585526,0.043298901479886555,-0.05444434439562491,-0.0020528716457756417,0.001615365475568909,-0.05796132528706644,0.05788035249780984,-0.11853252087077189,0.11712171224293279,-0.050875479860457325,0.04483789096199983,-0.05466965520104029,0.013403621467449247,-0.03317972011754565,0.01872318287434206,-0.060809664085963736,0.06080056653382556,-0.11861790768318714,0.11861355867271171,0.11865918888870787,-0.11866558113907962,0.11853919708562288,-0.11866496728973197,0.11780368863380257,-0.11867042614647881,0.11663105483396802,-0.11866060353996609,0.11700875364064753,-0.118671088746304,0.10808775108012426,-0.041998265664312605,-0.049644904554988836,-0.039853740066508984,0.033820122715421355,-0.06632909973394917,0.03219860074403236,-0.08043157807446318,0.0627633883522352,-0.0615729076920704
-0.17259136135753034,-0.04076424441342266,0.07340875504972798,-0.1167472511945547,-0.06552698761950569,0.035704422018684574,-0.06836213975469693,0.10588377658084609,-0.05259307028220809,0.24999999999999994,-0.18384092246381165,0.18390805755853534,-0.18284340496421983,0.1839080459275487,-0.1836359225549334,0.18390805064364193,-0.17083584698266807,0.1839080421242364,-0.17374766676784317,0.18389829753545622,-0.0795660845341213,0.09260436678437993,-0.06879597549932724,0.08643497240462064,-0.0007611719103712159,0.001427653092730479,0.08940898684512763,-0.0892828536414528,0.1836928428524223,-0.18151540250483,0.07980559777572495,-0.07062644889856652,0.08603935881902504,-0.023382782917786702,0.054133625965626306,-0.030893028273967768,0.09478236619929825,-0.09476821088807656,0.18382612421410136,-0.18381935543032438,-0.18388972211447743,0.1838995900274742,-0.18370410966936626,0.18389869152376703,-0.18256203551174674,0.1839070116877755,-0.1807410560732348,0.18389186927589524,-0.18132881949744223,0.18390803059230768,-0.16750735515113607,0.0650862439389888,0.07694051565008107,0.061762621849375136,-0.05240783542944741,0.1027930777684293,-0.04989454330945599,0.12464641635134183,-0.0972612610608269,0.09542308369433487
0.23494613258513838,0.06003441884679021,-0.10331820621200113,0.16171173113432394,0.09235533207571095,-0.019690311601688923,0.07419775721192738,-0.12296309108054906,0.11861079046663953,-0.18384092246381165,0.24999999999999994,-0.24992578739861718,0.2485743316030294,-0.2499257716123584,0.24956851733440394,-0.2499257779467507,0.2350731910268333,-0.24992576663752278,0.23973818108229367,-0.24991140478708984,0.1084269331342662,-0.1261869759835605,0.09394303790313503,-0.11795851560018156,0.001992967647800199,-0.0028960405866963784,-0.1204500423511508,0.120280017716698,-0.24963058983549238,0.24667392548647607,-0.10875158145518588,0.09631392665659969,-0.11729040080085641,0.03247200414551495,-0.07424320917090421,0.04269556492454457,-0.1291866070008595,0.12916734617112455,-0.24981479640374438,0.24980557600623302,0.2499009077974508,-0.2499143083713887,0.24964874703043996,-0.249913098886068,0.24809555412787382,-0.2499243703303465,0.24561985243936624,-0.24990385525274927,0.24641888318712243,-0.24992575074270965,0.22763796168472156,-0.08845049250355756,-0.10456181308835241,-0.08393368681391644,0.0712188270455545,-0.13969331893330858,0.06780366372488315,-0.16939077978184264,0.13217307189187183,-0.12967798800134597
-0.23487493787258937,-0.05996914037973735,0.10331054266730154,-0.16168813601175677,-0.09235538727453478,0.019729146184751307,-0.07427129591021156,0.12303676729311185,-0.11867110611268002,0.18390805755853534,-0.24992578739861718,0.2500000000000002,-0.2486484462473475,0.2499998945949488,-0.24964263881143367,0.24999990093129557,-0.23514726524218027,0.2499998896187088,-0.2398122719805786,0.24998552770934024,-0.10845950383642346,0.1262248114404855,-0.09397143962116604,0.11799403293095463,-0.0019947323611678685,0.002898070252682916,0.12048481298593221,-0.12031473914868478,0.24970462260194048,-0.24674708416424754,0.1087842475989388,-0.09634294825711437,0.11732562988468784,-0.032482534128594094,0.07426605376033338,-0.042709002669120685,0.1292252898794171,-0.12920602331409983,0.24988888682531615,-0.249879663672189,-0.24997502345424652,0.2499884279901552,-0.2497227879854943,0.24998721816171,-0.24816913318590159,0.2499984929016671,-0.24569269619248987,0.24997797179991316,-0.24649196430254966,0.249999873719131,-0.22770547483287737,0.08847672531597477,0.10459282601065298,0.08395857992868355,-0.07123994703809317,0.13973474967417537,-0.06782377121529803,0.16944101753952973,-0.13221226948349435,0.12971644867938867
0.23354698029055707,0.05908446582767173,-0.10271390745891064,0.1611927883926238,0.09174313289069519,-0.018863498099545795,0.07350771531341671,-0.12196036584789091,0.11811838288799642,-0.18284340496421983,0.2485743316030294,-0.2486484462473475,0.2500000000000002,-0.24864843056239677,0.24829118465330385,-0.24864843686267826,0.23384844452016923,-0.24864842556892988,0.23850648692047405,-0.2486340683486717,0.10789932476114483,-0.12557064646544064,0.09348142992882964,-0.1173670351628411,0.001986072601191932,-0.0028843499245735844,-0.11983268031403776,0.11966353105569068,-0.24835474515041955,0.24541307545244515,-0.10822225309087594,0.09584434038452459,-0.11671503204819682,0.032324048546586194,-0.07387250520473719,0.04248456511018215,-0.12852921212417645,0.12851005061257914,-0.24853802353649979,0.24852885016467438,0.24862369647456498,-0.24863702803930796,0.24837282875910657,-0.24863582360180217,0.2468275389034298,-0.24864703645743322,0.24436450570890794,-0.24862662667401694,0.24515944874242054,-0.24864840977863856,0.22647453421671102,-0.08799843880466904,-0.10402742822646843,-0.08350471329873715,0.07085480695302947,-0.13897937044263525,0.06745711131946538,-0.16852504277838057,0.13149752912067425,-0.12901522623446027
-0.23487492303409038,-0.059969136557674975,0.1033105361090718,-0.16168812579271608,-0.09235538141577755,0.019729144928462464,-0.07427129123298945,0.12303675954090516,-0.11867109864525988,0.1839080459275487,-0.2499257716123584,0.2499998945949488,-0.24864843056239677,0.2500000000000004,-0.24964262304269147,0.24999988514032107,-0.23514725039875348,0.24999987382773498,-0.23981225683838625,0.2499855119192712,-0.10845949698861393,0.1262248034707799,-0.09397143368879551,0.11799402548087515,-0.0019947322388790393,0.002898070073314087,0.12048480537269926,-0.12031473154619787,0.24970460682960863,-0.2467470685787255,0.1087842407306104,-0.09634294217464281,0.11732562247701711,-0.03248253208052713,0.07426604907230114,-0.042708999974122384,0.12922528171828732,-0.1292060151541869,0.24988887104135463,-0.2498796478888099,-0.2499750076648436,0.24998841219990559,-0.2497227722120239,0.24998720237153668,-0.24816911751056048,0.24999847711078138,-0.2456926806735681,0.2499779560103239,-0.24649194873314376,0.24999985792815807,-0.22770546045010712,0.0884767197274386,0.10459281940416652,0.08395857462553044,-0.07123994253829076,0.13973474084798224,-0.06782376693127636,0.16944100683696964,-0.13221226113244053,0.12971644048599149
0.23454553084472832,0.060120309170923,-0.10342814553483219,0.16180857125087655,0.0922869374131753,-0.019912365648897982,0.0740348185259647,-0.12268116975590729,0.11849223355572411,-0.1836359225549334,0.24956851733440394,-0.24964263881143367,0.24829118465330385,-0.24964262304269147,0.2500000000000004,-0.24964262939916962,0.234790062392117,-0.24964261806744334,0.2394550128363887,-0.2496282564600124,0.10836747496270592,-0.12611376799637367,0.09393497488080536,-0.11792180304830444,0.0020872292341574407,-0.0029887527816924,-0.12026504077370642,0.12009523029491681,-0.24934764808273363,0.24639437247468593,-0.10869160039223494,0.09627838666577765,-0.11723547933596189,0.0325119437657476,-0.0742223168945546,0.04269892785855153,-0.12906149866798422,0.12904225974262948,-0.2495317874846317,0.24952257654743104,0.24961779548747773,-0.24963117910097654,0.24936593787147124,-0.24962996891105033,0.24781437990939026,-0.2496412236111307,0.2453414441843639,-0.24962073512785485,0.2461395962645221,-0.24964260219570367,0.22738008261273757,-0.08835030445571782,-0.10444347823860624,-0.08383860021506521,0.07113799585950702,-0.1395350923238014,0.0677267235425015,-0.16919885749052,0.13202317597509067,-0.12953112435201827
-0.23487492899070425,-0.059969138151627896,0.103310538771289,-0.16168812998161203,-0.09235538369550765,0.019729144909811473,-0.07427129372045706,0.12303676320241563,-0.11867110069535958,0.18390805064364193,-0.2499257779467507,0.24999990093129557,-0.24864843686267826,0.24999988514032107,-0.24964262939916962,0.2500000000000001,-0.235147255922779,0.24999988016408126,-0.2398122627903429,0.2499855182552552,-0.10845949972428152,0.12622480665707397,-0.09397143605304409,0.1179940284546861,-0.0019947322360708212,0.0028980700934757493,0.12048480850486068,-0.12031473467394543,0.24970461315868683,-0.24674707483266686,0.10878424347453541,-0.09634294460174185,0.11732562543660274,-0.032482532863140436,0.07426605091666658,-0.04270900101202067,0.12922528496772162,-0.12920601840313478,0.24988887737486226,-0.2498796542220855,-0.24997501400055822,0.2499884185359603,-0.24972277854134345,0.24998720870755956,-0.24816912380057213,0.24999848344709208,-0.24569268690087506,0.24997796234611017,-0.24649195498070003,0.24999986426450418,-0.22770546622137594,0.08847672196990801,0.10459282205499391,0.08395857675349054,-0.0712399443440208,0.1397347443895846,-0.06782376865039193,0.16944101113152504,-0.1322122644835526,0.12971644377365937
0.22027407779602734,0.0479616674884209,-0.08853526833145323,0.14840460171355846,0.07757162033288999,-0.01717694571465199,0.06203980357265196,-0.1276646675389739,0.11375269538514907,-0.17083584698266807,0.2350731910268333,-0.23514726524218027,0.23384844452016923,-0.23514725039875348,0.234790062392117,-0.235147255922779,0.2500000000000003,-0.23514724595711506,0.22496238881053737,-0.23513288791273504,0.10339386276984863,-0.12045329283972811,0.09096467743959619,-0.11400089626979446,0.008636733132467708,-0.009471768114471996,-0.10835904134179007,0.10820388599710097,-0.2348569121812144,0.23209465339596144,-0.10369553214387793,0.09228843421622265,-0.11231380559259176,0.0352461241731881,-0.07460754243597538,0.04457694742354918,-0.12361326589972688,0.12359498276174903,-0.23504484142456095,0.2350360467836138,0.2351240596547221,-0.23513660967053854,0.2348872585432252,-0.23513559523110453,0.2334198060763163,-0.23514595609036634,0.23108307759917285,-0.23512699070978454,0.23183772788772647,-0.23514723063188875,0.21417892499387256,-0.08322103791765584,-0.09839006862890423,-0.07897085776587322,0.06699630711720166,-0.1314356875838248,0.06378433622980159,-0.1593733852913245,0.12434444253534799,-0.1220143832892455
-0.23487491834392946,-0.05996913515746242,0.10331053382409384,-0.16168812247307507,-0.09235537932868634,0.019729144338537827,-0.07427128943132892,0.12303675736735382,-0.11867109641250476,0.1839080421242364,-0.24992576663752278,0.2499998896187088,-0.24864842556892988,0.24999987382773498,-0.24964261806744334,0.24999988016408126,-0.23514724595711506,0.24999999999999997,-0.2398122525092404,0.24998550694276603,-0.10845949483115287,0.12622480097061903,-0.09397143183338236,0.11799402315707747,-0.0019947322909083394,0.0028980701072312477,0.12048480284308505,-0.12031472902010448,0.2497046018589283,-0.24674706366728633,0.10878423856664252,-0.09634294025866512,0.11732562015373663,-0.03248253149282817,0.07426604765941654,-0.04270899920123479,0.12922527919091065,-0.12920601262719,0.24988886606736968,-0.24987964291500595,-0.24997500268910022,0.249988407223895,-0.24972276724130466,0.24998719739555295,-0.248169112570666,0.24999847213457027,-0.24569267578283008,0.24997795103452886,-0.24649194382652426,0.24999985295191912,-0.22770545591766522,0.08847671796632349,0.1045928173224549,0.0839585729543426,-0.07123994112005876,0.13973473806661588,-0.06782376558107653,0.16944100346423954,-0.132212258500517,0.12971643790407256
0.22486143327487199,0.051981605347241965,-0.09316211267685255,0.1526056342260674,0.0822409022998289,-0.00959408784035408,0.06412772550965355,-0.13315245042344584,0.10848877059748628,-0.17374766676784317,0.23973818108229367,-0.2398122719805786,0.23850648692047405,-0.23981225683838625,0.2394550128363887,-0.2398122627903429,0.22496238881053737,-0.2398122525092404,0.2500000000000001,-0.23982662708735084,0.1048570508651426,-0.12196731966215846,0.09125641979309809,-0.11437437219979923,0.00467893133596035,-0.005538608196748754,-0.11267642184108237,0.11251736736733159,-0.23952147101828766,0.23669181492416688,-0.10516630242481537,0.09330164977861238,-0.11347221916623015,0.03315070517246115,-0.07315768620431344,0.04293387164570243,-0.12497958197330297,0.1249610304026434,-0.23970674717703908,0.23969784084301723,0.23978849737267138,-0.23980132988306238,0.2395467324077286,-0.23980021110849453,0.23805332303626378,-0.23981092371872134,0.23567491661859535,-0.23979140756619297,0.23644243686414979,-0.23981223674943833,0.21842706413910665,-0.08487164093050521,-0.10033570703444529,-0.0805373652339111,0.06833159729589323,-0.13404175319363523,0.06505555715500148,-0.16253583241856012,0.1268185595640375,-0.12443246477595447
-0.2348615212779727,-0.059966897040062195,0.10330596146505895,-0.16167906819648414,-0.0923516246878436,0.01973105307314492,-0.07426739858989444,0.12303034500030728,-0.11865673571897387,0.18389829753545622,-0.24991140478708984,0.24998552770934024,-0.2486340683486717,0.2499855119192712,-0.2496282564600124,0.2499855182552552,-0.23513288791273504,0.24998550694276603,-0.23982662708735084,0.25000000000000017,-0.10845339650273086,0.12621576660126774,-0.09396315312445445,0.11798226607394222,-0.001985781142300125,0.002889090477956316,0.12048771854713856,-0.12031765935048701,0.2496902768160834,-0.2467328772673024,0.10877812776517432,-0.09633718340438438,0.11731685198800944,-0.032475746628213696,0.07425542591589386,-0.04269957740488625,0.12921400773601027,-0.12919474260252106,0.24987450693763022,-0.24986528454038218,-0.24996064205363175,0.2499740458734297,-0.24970842028526227,0.24997283593819014,-0.2481548634145596,0.24998411026433143,-0.24567858326636788,0.2499635897024933,-0.24647780119161303,0.2499854910448731,-0.2276923723713356,0.08847163419409242,0.10458679069592004,0.0839537494048402,-0.07123586559042702,0.13972670645862081,-0.06781988556777652,0.16943127113623502,-0.13220468511115863,0.12970897844524779
0.10184221994536019,0.025378046655786874,-0.044200191779975945,0.06996976609041675,0.039358063000352064,-0.007503262954602125,0.031573452646337756,-0.05517468417520465,0.050719156327199505,-0.0795660845341213,0.1084269331342662,-0.10845950383642346,0.10789932476114483,-0.10845949698861393,0.10836747496270592,-0.10845949972428152,0.10339386276984863,-0.10845949483115287,0.1048570508651426,-0.10845339650273086,0.2499999999999999,-0.2322318521583066,0.20088223149292533,-0.1784378875528846,0.06415767777726818,-0.06337785962199603,-0.02486087565664017,0.024825769114180114,-0.10816434294057674,0.10615788980660296,-0.24964248475715972,0.23732680341429457,-0.21681246815896527,0.13288381953413045,-0.0986952049578004,0.06866341973934172,-0.07397185476427241,0.0739684118730282,-0.10841300908652393,0.10840852405186602,0.10846662647778472,-0.1084688760484782,0.10838976729282959,-0.10846058762168806,0.10748764354702771,-0.10845912447144553,0.10649190037312908,-0.10845292349477814,0.10683006922871212,-0.10845948662167872,0.09880845036179044,-0.038425921198061756,-0.04549775474832404,-0.036433555623208665,0.03072145240560572,-0.060670679205981896,0.029305587418510838,-0.07349941183136355,0.05720863745542462,-0.056325938978342684
-0.118521596666297,-0.02950790714061207,0.051396864094659475,-0.08140890548440359,-0.04576228028020161,0.008496625484706035,-0.03670791916427497,0.06439284412139412,-0.05899001620585526,0.09260436678437993,-0.1261869759835605,0.1262248114404855,-0.12557064646544064,0.1262248034707799,-0.12611376799637367,0.12622480665707397,-0.12045329283972811,0.12622480097061903,-0.12196731966215846,0.12621576660126774,-0.2322318521583066,0.2500000000000003,-0.2177458954293432,0.19533845789339702,-0.07979717352010265,0.0790309003817224,0.022747832237965393,-0.022711151087434905,0.12592953428643586,-0.12386488601223411,0.231992454938777,-0.21967389054698955,0.23372208852269577,-0.1497687638203186,0.11574306350668943,-0.08428037752869592,0.08994813644230955,-0.08994310108154194,0.12617798098048302,-0.12617243825678567,-0.1262311269063969,0.1262341088176058,-0.12613776611395652,0.1262258238330344,-0.12510103695783575,0.1262244064351091,-0.12391726008213311,0.1262178760397512,-0.12431376481051948,0.1262247912286024,-0.11499429214389559,0.044716435560472355,0.05296347404475015,0.042400838664415574,-0.03574712341391126,0.07060936564657286,-0.03409864190088783,0.08553858419217916,-0.06656521035763453,0.0655566839684186
0.08819451202382218,0.021468416246583796,-0.037736128376239776,0.060414382526733694,0.03348020540217802,-0.0053530493737904035,0.026822507281856443,-0.04950081966709931,0.043298901479886555,-0.06879597549932724,0.09394303790313503,-0.09397143962116604,0.09348142992882964,-0.09397143368879551,0.09393497488080536,-0.09397143605304409,0.09096467743959619,-0.09397143183338236,0.09125641979309809,-0.09396315312445445,0.20088223149292533,-0.2177458954293432,0.2500000000000003,-0.22597681793302582,0.11046284700621035,-0.10968208746942913,0.007980480360544493,-0.00800886698332989,-0.09367649500632122,0.09219768338411365,-0.20064685997342915,0.21264712810320668,-0.22663840168119237,0.1440487477293819,-0.10351238333475711,0.07443581657066799,-0.07115571817182853,0.07115281639826294,-0.09393474866411045,0.0939306140461648,0.09398168885058739,-0.09398280050531338,0.09392299793492376,-0.0939738876414592,0.09308278630955474,-0.09397119332644227,0.09223501911084662,-0.09396695242773526,0.09252196850338562,-0.09397142425018311,0.0856155692699534,-0.033302633435434374,-0.03945734815431136,-0.03156756207371767,0.026566083294802176,-0.05257986832254751,0.025357631597004906,-0.06367919987551149,0.04952032820872346,-0.048817312417784815
-0.11075167399684377,-0.02707810420942734,0.0474771901942505,-0.07586483302693395,-0.04215872174589306,0.006729348268713173,-0.033794992581890844,0.061963688766513224,-0.05444434439562491,0.08643497240462064,-0.11795851560018156,0.11799403293095463,-0.1173670351628411,0.11799402548087515,-0.11792180304830444,0.1179940284546861,-0.11400089626979446,0.11799402315707747,-0.11437437219979923,0.11798226607394222,-0.1784378875528846,0.19533845789339702,-0.22597681793302582,0.25000000000000006,-0.13400017840456974,0.13329413455900396,-0.01026490510788373,0.010320098990565395,0.11769874547016047,-0.11609606725097767,0.1782715175803967,-0.188861787589969,0.2029269168599835,-0.12030817187315243,0.12708687089333234,-0.097977134260832,0.09492151032570055,-0.09491351565164592,0.11795712841666517,-0.11795134394060548,-0.11799690654496575,0.11800011336236636,-0.11791548531507184,0.1179936658897848,-0.11697394160778726,0.11799377366414446,-0.1157418473506205,0.11798946174981227,-0.11616239989299613,0.11799401347143824,-0.1074991110297886,0.04179463497566832,0.049552959025923306,0.039632065262648675,-0.03341012967094427,0.06600731682416221,-0.03181129074187502,0.07994600255149091,-0.062159351486819565,0.061307067774768145
0.0016467411952791754,-0.0023031322676622277,0.002147771550377126,0.00012350072916211835,-0.002503886967660496,0.005064327023207498,-0.002294571065595799,-0.009271249631509722,-0.0020528716457756417,-0.0007611719103712159,0.001992967647800199,-0.0019947323611678685,0.001986072601191932,-0.0019947322388790393,0.0020872292341574407,-0.0019947322360708212,0.008636733132467708,-0.0019947322909083394,0.00467893133596035,-0.001985781142300125,0.06415767777726818,-0.07979717352010265,0.11046284700621035,-0.13400017840456974,0.2499999999999999,-0.24909297070562883,0.12614513905917699,-0.1260698078881623,-0.0016997525550583596,0.0022781388137729473,-0.0639656942405754,0.07461556382574906,-0.08738473638861435,0.17109827953972442,-0.17772836934597527,0.15042524237027677,-0.06408093573652833,0.06407582154114555,-0.002052623924747101,0.0020490050011492326,0.002003203019118567,-0.002000890788819199,0.0020233145767319873,-0.0020043106399692478,0.001806314458176754,-0.0019954914726439594,0.001518691369128293,-0.002005402244436248,0.0016522771730897148,-0.001994728195546915,0.001869094272922603,-0.0007331521397737577,-0.001205010256199757,-0.0006798489520439836,0.00020157747670997503,-0.0012015469207217007,0.00018964280339874674,-0.0013083251346577393,0.0006213677589497264,-0.0011852872775676587
-0.002495971633133164,0.002080112488325721,-0.0017680147101512395,-0.0007097735974462284,0.0021628999692016675,-0.004979124871361914,0.0020198472463518248,0.009695395468002098,0.001615365475568909,0.001427653092730479,-0.0028960405866963784,0.002898070252682916,-0.0028843499245735844,0.002898070073314087,-0.0029887527816924,0.0028980700934757493,-0.009471768114471996,0.0028980701072312477,-0.005538608196748754,0.002889090477956316,-0.06337785962199603,0.0790309003817224,-0.10968208746942913,0.13329413455900396,-0.24909297070562883,0.25000000000000006,-0.12661635515433836,0.12654303493971045,0.0026027672497076428,-0.003176818911255233,0.06319519831921684,-0.07384415969773934,0.08741575737480843,-0.17111843936317475,0.1782430602761446,-0.15093502613624812,0.0647812383065927,-0.06477601516622222,0.0029558059462371266,-0.0029521384502300316,-0.0029064010282516145,0.0029041453106670194,-0.0029255756795726587,0.0029075971206263184,-0.0027031370493218717,0.002898826662060088,-0.0024050790998064037,0.0029087031009541074,-0.0025419571936999437,0.002898065942586984,-0.0026919780803700655,0.0010527792510095966,0.0015838777949219575,0.0009832077600145652,-0.00045840089531154547,0.001706597640177555,-0.00043384200318810574,0.0019204658974270857,-0.001097929699446215,0.0016544122974735728
-0.11338367812210834,-0.03125778653415739,0.05226374444554443,-0.07892285155762713,-0.047191616865908594,0.012298036010033327,-0.03837873076760643,0.05413221506676619,-0.05796132528706644,0.08940898684512763,-0.1204500423511508,0.12048481298593221,-0.11983268031403776,0.12048480537269926,-0.12026504077370642,0.12048480850486068,-0.10835904134179007,0.12048480284308505,-0.11267642184108237,0.12048771854713856,-0.02486087565664017,0.022747832237965393,0.007980480360544493,-0.01026490510788373,0.12614513905917699,-0.12661635515433836,0.2500000000000001,-0.2498196178588674,0.1207798195086196,-0.11896379590888383,0.025126071791716775,-0.014280372179131359,0.014438116509256754,0.06978382949681017,-0.05524893457035861,0.08669903753501541,-0.0002897421599123218,0.0002947446832958885,0.12037387240937332,-0.12037305336446638,-0.1204687704860782,0.12047631481241969,-0.12033612833262647,0.1204738329039973,-0.11975162201035355,0.12048345544664368,-0.11873069661181712,0.12046307224961804,-0.11908222289656452,0.12048479880932549,-0.10970149084321029,0.042619976072898295,0.05012387361317456,0.040456239583318926,-0.03462058609768518,0.06727285021917837,-0.03292739910145986,0.08167868245147711,-0.06405967374577043,0.062399371760848796
0.11322368496526888,0.031214325186678694,-0.052190697200501825,0.07881172037122337,0.04712580206981126,-0.01228241593520508,0.038325231851159346,-0.0540534480050759,0.05788035249780984,-0.0892828536414528,0.120280017716698,-0.12031473914868478,0.11966353105569068,-0.12031473154619787,0.12009523029491681,-0.12031473467394543,0.10820388599710097,-0.12031472902010448,0.11251736736733159,-0.12031765935048701,0.024825769114180114,-0.022711151087434905,-0.00800886698332989,0.010320098990565395,-0.1260698078881623,0.12654303493971045,-0.2498196178588674,0.25000000000000006,-0.12060996776037129,0.11879686011093234,-0.025090616057355353,0.01425169274477171,-0.014403093548553996,-0.06971033600398184,0.05522185308629478,-0.08665386142240614,0.00034225962394844443,-0.0003472471950880003,-0.12020390989319699,0.12020309505592351,0.1202987189167964,-0.12030625283036951,0.12016625458476414,-0.1203037732580908,0.11958267562052453,-0.12031338298242496,0.11856334876767505,-0.12029301953882998,0.11891436246208148,-0.12031472499491296,0.10954661238492867,-0.04255980414448773,-0.050052912352746906,-0.04039913232640912,0.03457190919968297,-0.06717783967490465,0.03288109869634102,-0.08156340055494303,0.06396951045657259,-0.06231120023702479
-0.23459799513926768,-0.059904326484165576,0.10319478968397629,-0.16149968725443334,-0.09225310612586814,0.019712133395213802,-0.07419023884145752,0.12287892849746954,-0.11853252087077189,0.1836928428524223,-0.24963058983549238,0.24970462260194048,-0.24835474515041955,0.24970460682960863,-0.24934764808273363,0.24970461315868683,-0.2348569121812144,0.2497046018589283,-0.23952147101828766,0.2496902768160834,-0.10816434294057674,0.12592953428643586,-0.09367649500632122,0.11769874547016047,-0.0016997525550583596,0.0026027672497076428,0.1207798195086196,-0.12060996776037129,0.25000000000000006,-0.24704075279416612,0.1084889564366838,-0.09604822399687246,0.11703033118766172,-0.0321889456556352,0.07397075387028341,-0.042413991979022576,0.1289300101200946,-0.128910772739366,0.24959359922941096,-0.24958439508730076,-0.24967974767679812,0.24969314028195497,-0.24942778435908308,0.24969193073766616,-0.24787645085364304,0.24970320525565598,-0.24540316704337517,0.24968268446571265,-0.2462014868474523,0.24970458598652323,-0.22743642638974895,0.08837215488008031,0.10446863097332304,0.08385939058358768,-0.07115652941116074,0.13956952226889052,-0.06774418088196499,0.16924090750844134,-0.13205688015596398,0.12956297519635065
0.23181876310639082,0.059186997217793275,-0.10196392952704834,0.1595831267729761,0.09115123825513595,-0.01946486827918279,0.07330330540742667,-0.12144590274298316,0.11712171224293279,-0.18151540250483,0.24667392548647607,-0.24674708416424754,0.24541307545244515,-0.2467470685787255,0.24639437247468593,-0.24674707483266686,0.23209465339596144,-0.24674706366728633,0.23669181492416688,-0.2467328772673024,0.10615788980660296,-0.12386488601223411,0.09219768338411365,-0.11609606725097767,0.0022781388137729473,-0.003176818911255233,-0.11896379590888383,0.11879686011093234,-0.24704075279416612,0.25,-0.10647690871795952,0.09425575213279969,-0.11516871078664284,0.03195331769188286,-0.07344887389429512,0.04248436688730545,-0.12779806939294286,0.127779056058539,-0.24663782412887916,0.24662870316216673,0.24672245228393688,-0.24673569459059264,0.24647338140139294,-0.24673455214915957,0.2449401926627451,-0.24674568761724655,0.24249458431507118,-0.24672547782747403,0.2432837392387033,-0.24674704796187377,0.22474284153395574,-0.08732544742491126,-0.10323288452214134,-0.08286619402913942,0.0703123319903508,-0.13791677055234747,0.06694056165315866,-0.16723632568384206,0.1304908811068968,-0.1280290566451224
-0.10214747136279233,-0.025457738966960398,0.04433619003910406,-0.07018033985428433,-0.039480067254851064,0.007532509065674346,-0.03167173075352722,0.05532907580713939,-0.050875479860457325,0.07980559777572495,-0.10875158145518588,0.1087842475989388,-0.10822225309087594,0.1087842407306104,-0.10869160039223494,0.10878424347453541,-0.10369553214387793,0.10878423856664252,-0.10516630242481537,0.10877812776517432,-0.24964248475715972,0.231992454938777,-0.20064685997342915,0.1782715175803967,-0.0639656942405754,0.06319519831921684,0.025126071791716775,-0.025090616057355353,0.1084889564366838,-0.10647690871795952,0.25000000000000006,-0.23755842462646615,0.21703039498510177,-0.13282698186285766,0.09867825315168191,-0.0685978316158826,0.07407873035594609,-0.0740752535755825,0.1087375079473156,-0.10873301525541183,-0.10879134414889714,0.10879361040249991,-0.10871417640189913,0.10878530860215689,-0.10781007402163435,0.10878386570582013,-0.10681143649581086,0.10877762791276323,-0.1071505360773024,0.10878423033998683,-0.0991041896758264,0.038540853564024105,0.04563329672974704,0.036542600308787955,-0.030814282703615508,0.060852128456450334,-0.029393943846349194,0.07371953090623407,-0.05738073159541733,0.05649431729483
0.09045042885448769,0.022371446329349464,-0.039082674953893254,0.06208823916223892,0.034759828110946654,-0.006348510222870837,0.027874580204241498,-0.04954065944801929,0.04483789096199983,-0.07062644889856652,0.09631392665659969,-0.09634294825711437,0.09584434038452459,-0.09634294217464281,0.09627838666577765,-0.09634294460174185,0.09228843421622265,-0.09634294025866512,0.09330164977861238,-0.09633718340438438,0.23732680341429457,-0.21967389054698955,0.21264712810320668,-0.188861787589969,0.07461556382574906,-0.07384415969773934,-0.014280372179131359,0.01425169274477171,-0.09604822399687246,0.09425575213279969,-0.23755842462646615,0.25000000000000006,-0.22901699376141904,0.14485720286129755,-0.10431843290785581,0.07429166207291998,-0.07142961963630644,0.07142742543176521,-0.09629633534129999,0.09629219271191868,0.09635309774232348,-0.09635430663878077,0.0962924004030456,-0.0963453410610571,0.09544064921808666,-0.09634268043175467,0.09456543372148282,-0.09633807476517718,0.09486400602439664,-0.0963429325834118,0.08777545435568694,-0.03414168673317346,-0.04044774171096404,-0.03236454495377718,0.02724454357455651,-0.05390453246162917,0.026001384755294496,-0.06528623163394474,0.0507768517667495,-0.05004707884664083
