x1,x2,x3,x4,x5,x6,x7,x8,x9,x10,x11,x12,x13,x14,x15,x16,x17,x18,x19,x20,x21,x22,x23,x24,x25,x26,x27,x28,x29,x30,x31,x32,x33,x34,x35,x36,x37,x38,x39,x40,x41,x42,x43,x44,x45,x46,x47,x48,x49,x50,x51,x52,x53,x54,x55,x56,x57,x58,x59,x60
0.25000000000000006,0.028261724899379392,-0.04384116205532527,0.1316780964613719,0.13062478294219815,0.14497970389964776,-0.047010974525931934,0.03409901876912049,0.23764251118743993,0.14350452758992824,0.24346770305633625,-0.24342290915805043,0.24400197817212474,-0.2419569202508595,0.24059426434749165,-0.24251308010266537,0.24390293193828072,-0.24272531675686193,0.242840521172553,-0.24430155958872157,0.048539341022444636,-0.06439410360795456,0.03722873337152442,-0.054857036779294724,-0.03149380804102521,0.03105411187901405,-0.09566635338905945,0.09521653253310874,-0.24130043024077202,0.2391182653961272,-0.048823982006061015,0.032697658270783934,-0.050994125087369085,-0.015438109234635528,-0.025096489122442986,0.0184480679326991,-0.10144392627947477,0.1013623073959048,-0.24381858748120427,0.24380547550890255,0.2441573703032387,-0.2441581186399305,0.24357960145149937,-0.24033918720557568,0.23871001201285444,-0.24198183910543564,0.24422122089539136,-0.24327157691028278,0.24328983452613537,-0.24430573598942845,0.24154868849833125,0.052934667734739205,-0.05946419366384906,0.14351868070229806,0.13493379957837515,0.1560084868208417,-0.061314077020812666,0.04595749188545672,0.23807971601244604,0.1307471372409776
0.028261724899379392,0.25,-0.2337582577192556,0.10000033018659879,0.1458970585695008,0.01117879791347943,-0.12761080586347456,0.12074029841711745,0.035930776052744584,0.055590196489713764,0.03154027942323595,-0.031616809060763966,0.032551769320012296,-0.03111015997146738,0.029890542310595337,-0.031486060193937716,0.03265823106282279,-0.03266984166393786,0.03254989480645166,-0.03227913635760426,0.006763741645460428,-0.008732754023256375,0.0050560236007592615,-0.0074220066837263655,-0.00410465701193612,0.0040471848832353465,-0.012855734509350203,0.012796762325932036,-0.031908950119121024,0.03162073389483348,-0.006801072603693817,0.004616688780727979,-0.006904238347072262,-0.00196673090666678,-0.003401834544570764,0.002495913491722695,-0.013428269573415252,0.013417545008224277,-0.032212291912015086,0.03221055735710221,0.0322569802463705,-0.032257083492434405,0.03218076452609524,-0.03175492268476728,0.03154006091739268,-0.03197007122801009,0.03226531647102583,-0.03214019199292066,0.03214259333692951,-0.03227645794992257,0.031912231767135854,0.006995751474655511,-0.007858431468770778,0.01896194722976531,0.01782803606497168,0.020611018974463817,-0.008101778807853153,0.006072915094256827,0.03145393574086508,0.01727399944825586
-0.04384116205532527,-0.2337582577192556,0.24999999999999997,-0.10869852794287566,-0.1594741777148936,-0.004907383916122011,0.12892255798315785,-0.12174425313880761,-0.04271320488130291,-0.06162678123098198,-0.03825162162135819,0.038332315254977656,-0.03932670260773507,0.03768904781329853,-0.03635130191566645,0.03814932865502173,-0.039435357962863495,0.03938844600093929,-0.039262294819525964,0.03903821238452485,-0.00812959773006407,0.010535744315230435,-0.006122371179513867,0.008980408953827772,0.004890482244669869,-0.004820921907102146,0.015434139991265196,-0.015362824845808505,0.03858522557408134,-0.038237186863129755,0.008174785892516814,-0.0055532806048116615,0.008345118070016557,0.002329441385967013,0.004160242591107396,-0.00306973173415012,0.01627405500617276,-0.016261043865710992,0.03895819600319585,-0.038956097379303625,-0.03901213647594608,0.03901226128274489,-0.03892009495740672,0.038405364512988045,-0.038145921436206605,0.03866569421741058,-0.03902223626880303,0.03887111775415598,-0.03887401537686493,0.03903569639114252,-0.038595196722906976,-0.008460954040404244,0.009504295797155402,-0.022933065351639352,-0.021561502408011097,-0.02492737437898649,0.009798491698112541,-0.00734476079324193,-0.03804091779093143,-0.020891479572334722
0.1316780964613719,0.10000033018659879,-0.10869852794287566,0.24999999999999992,0.01825267951732646,0.11089407139156597,-0.0036880561601709246,0.011191852763268959,0.12813679264936398,0.07563812530586536,0.1330292886690335,-0.1329675358461696,0.13353629583243606,-0.13227829562094096,0.1315000436186869,-0.13261101821498006,0.13342680816714178,-0.13268518535775484,0.13280546226693013,-0.13382338999933213,0.027475511868682623,-0.03623900845584956,0.021322901874445854,-0.030889509864110383,-0.016538214982209268,0.01629933059379915,-0.05188339038809336,0.05163603644565001,-0.13216305565305747,0.13097251971048735,-0.027630240726712354,0.01877322928513755,-0.028860819612596435,-0.007624945015923063,-0.014385203573999677,0.010722657072730653,-0.05594780836367232,0.055902802659284864,-0.13356174870826992,0.13355455485308598,0.13374659708119638,-0.13374703157307088,0.13343156232486117,-0.13166910725439876,0.13078073789717154,-0.1325604827386472,0.1337810608096449,-0.13326363980284417,0.13327355305221036,-0.13382716056807772,0.13231697777093465,0.029006969148186318,-0.03258392558032013,0.07862237205046567,0.07391946632572143,0.08545950364381402,-0.03359241733279754,0.025180295231160155,0.13041668646865315,0.0716228146489315
0.13062478294219815,0.1458970585695008,-0.1594741777148936,0.01825267951732646,0.2500000000000002,0.03582326281401019,-0.16510233295293575,0.14280996342523822,0.13189958572652086,0.11513362031363121,0.12832174021938111,-0.12841179862165894,0.12939622882907673,-0.12716407508101293,0.1254287287146278,-0.1278406866906887,0.1295172065599861,-0.1291325086111905,0.12900377498453944,-0.12912624234577308,0.025278426771200107,-0.03346475692861343,0.019050627362427873,-0.028482191582025765,-0.017163867450400404,0.016930475804823646,-0.05120129522159527,0.05096482520084981,-0.12758043546953124,0.12642327418598634,-0.025429579124943265,0.01687300643745534,-0.026356833660835917,-0.008764690131011521,-0.012835163780986328,0.009310375473621966,-0.05333681630007886,0.05329397767475839,-0.1288655050997033,0.1288585817803758,0.12904507491007575,-0.12904545461928324,0.12873864207450975,-0.1270179590058349,0.12615398888944193,-0.12789122600867567,0.12907914741703022,-0.12857531850535578,0.12858502865698282,-0.12912395107082464,0.12766670672494135,0.027971840332239026,-0.031422805648578314,0.07585153079497206,0.07131457654928762,0.08245554185678844,-0.03240342200358737,0.024286918093869913,0.12583327394508495,0.06910352525478462
0.14497970389964776,0.01117879791347943,-0.004907383916122011,0.11089407139156597,0.03582326281401019,0.25000000000000017,-0.12046667298616884,0.10732307760510647,0.14685191629728886,0.09939690347298892,0.14892236037678458,-0.1488607144069523,0.14929830010548933,-0.14772947913057527,0.1467057310094289,-0.14814455717784897,0.14921412625936695,-0.14891158487881334,0.1490283958724478,-0.14959527705171208,0.0298716682053094,-0.0395213077929232,0.022807028029235718,-0.033602872916833094,-0.01944746050869299,0.019178379654000544,-0.0589469376679637,0.058671331843323016,-0.14776947219835931,0.14643187883894862,-0.030045834748707433,0.020122334947895736,-0.03126570392712355,-0.009548725670075258,-0.01526983111254861,0.011176646195354151,-0.06203452212404195,0.06198465791323244,-0.14929696816745475,0.1492889411117743,0.1495046625857234,-0.14950512171615332,0.14915058408203147,-0.14716601134957819,0.1461674448429752,-0.14817125279917037,0.14954369849885168,-0.14896174571070506,0.14897293981640092,-0.1495954812848068,0.14790725934896182,0.0324132212871053,-0.036411440745454465,0.08788031130297541,0.08262407299226723,0.09552834338574115,-0.0375443444214633,0.028141032380507188,0.14578312534902835,0.08006026147780929
-0.047010974525931934,-0.12761080586347456,0.12892255798315785,-0.0036880561601709246,-0.16510233295293575,-0.12046667298616884,0.25000000000000017,-0.22557080021766407,-0.051450801776440194,-0.0745902461545579,-0.04394558485913396,0.04402579717053953,-0.04487605961667926,0.04307936393612281,-0.04164175934176298,0.04362012373444816,-0.045016348180767225,0.04550345310111687,-0.04537326766406824,0.04459817972809085,-0.00850424695109831,0.011133474207734292,-0.006028141931278257,0.009374724740810645,0.006586119639698903,-0.0065047226389102035,0.01859935303057739,-0.01851840934535958,0.044105234506235914,-0.04370066336415223,0.008556950210300385,-0.005525193454947791,0.00860764014955614,0.003677752286657752,0.003924671849345381,-0.0026800946502941497,0.018074821782946678,-0.018060401488793936,0.04450124955298866,-0.04449886724521312,-0.04456402547087659,0.04456414325939061,-0.0444569031779075,0.04385486358460008,-0.04355274048083358,0.044160451181747246,-0.04457601461465341,0.04439974749629638,-0.0444031726919948,0.04459164684003012,-0.044088351973757385,-0.009653929552568054,0.010845583622856132,-0.02619135735785371,-0.024625528597902308,-0.028474745474955508,0.011187146779081432,-0.00838414539671727,-0.04345524802360885,-0.02386342869850243
0.03409901876912049,0.12074029841711745,-0.12174425313880761,0.011191852763268959,0.14280996342523822,0.10732307760510647,-0.22557080021766407,0.25000000000000017,0.02707481189830958,0.05775327941037598,0.031018922141997026,-0.031099237064558336,0.031918391586050275,-0.030283656732390245,0.02894187957698522,-0.030779870264888824,0.032059871480078855,-0.03255026247299583,0.032395810641053444,-0.03164133259514326,0.0060978398976166215,-0.007914019263411492,0.004260592790869296,-0.006655729312394376,-0.00472017435419698,0.004662507296422685,-0.01334406993981631,0.01328682209876106,-0.03130170066900043,0.03101420960178515,-0.006135206397617888,0.003965145050611516,-0.006102298246718812,-0.0026549964807762927,-0.0027579973129214543,0.0018650247735154718,-0.012796556946096079,0.012786378718319827,-0.03157088855922283,0.03156919863742661,0.031615478636497864,-0.03161556205113876,0.03153938481709083,-0.031112122283629064,0.030897522451391646,-0.03132880890478557,0.031623980108965825,-0.03149879905865954,0.031501233118865817,-0.03163507923363703,0.0312780230520251,0.006848951773637743,-0.007694356827374687,0.018581148710699814,0.017470459681068723,0.020201055920150354,-0.007936664252916115,0.005948091037724742,0.030828881591167357,0.01692968075155851
0.23764251118743993,0.035930776052744584,-0.04271320488130291,0.12813679264936398,0.13189958572652086,0.14685191629728886,-0.051450801776440194,0.02707481189830958,0.2500000000000001,0.15286292697450796,0.24224499425911417,-0.24218219464269247,0.2427552585459612,-0.240699897670211,0.239360858408721,-0.24125414074154697,0.24264514523102812,-0.24143477968732308,0.24158205743735833,-0.24306547764374878,0.04833515458858561,-0.06410720911921469,0.03707756769903674,-0.05460833892756266,-0.03130367724291938,0.03086628103634073,-0.0951528656411162,0.09470533124792258,-0.24008029862704372,0.2379094195745531,-0.048618314258147124,0.03257248858789583,-0.050773423343226716,-0.015321347324503163,-0.024996277321522018,0.01838104105084633,-0.10094700739713464,0.10086578734927915,-0.24258538885504644,0.24257234281030687,0.24292242675021983,-0.24292317229065047,0.24234764723827662,-0.23912411740412884,0.23750335512507725,-0.24075814187857747,0.24298593384164377,-0.24204120986394256,0.24205937144061557,-0.24307001321851104,0.2403269140502892,0.05266726342334291,-0.05916376943250658,0.14279292095151128,0.13425143950943913,0.1552193948438583,-0.06100412729175874,0.045725218995493616,0.23687548538708217,0.13008585204934323
0.14350452758992824,0.055590196489713764,-0.06162678123098198,0.07563812530586536,0.11513362031363121,0.09939690347298892,-0.0745902461545579,0.05775327941037598,0.15286292697450796,0.25000000000000006,0.14522391919050082,-0.1452082193807217,0.14583538399044424,-0.1441694726494341,0.14297640921399765,-0.14458446437519365,0.1457991714272197,-0.14500339903671727,0.14505567121076987,-0.1459331253392073,0.029159639106804493,-0.03857645100326745,0.022363997172369372,-0.03290196297069004,-0.01860033148534046,0.018338006918020053,-0.057016024779232594,0.05674785919862049,-0.14415307285168494,0.14285099262148115,-0.029329568536359173,0.01970532646289052,-0.03057884491569534,-0.009044731428390577,-0.015160196162512091,0.011182278172659836,-0.060695946500480144,0.06064713558236333,-0.1456456846869825,0.1456378488642027,0.1458477672613215,-0.14584821751628865,0.14550304225336594,-0.14356971124404008,0.14259774795680313,-0.14454985854975602,0.14588587110865514,-0.14531933047403378,0.14533021355904,-0.14593630491108958,0.1442893977237826,0.031622558288858495,-0.035523006159443135,0.08573209360377433,0.0806036522415692,0.09319194859046674,-0.03662705130677933,0.027453786633871574,0.14221718864830474,0.07810220751207586
0.24346770305633625,0.03154027942323595,-0.03825162162135819,0.1330292886690335,0.12832174021938111,0.14892236037678458,-0.04394558485913396,0.031018922141997026,0.24224499425911417,0.14522391919050082,0.25000000000000033,-0.24986944739774242,0.2488264311727564,-0.24677802491465217,0.2454169485999292,-0.24733233803026794,0.24872321960201013,-0.24751250245889528,0.24763440347798188,-0.24914358536748857,0.04893586345176262,-0.0650883747199188,0.03743935648478777,-0.05547132657709074,-0.03241744820083178,0.0319678610336102,-0.09775568814470117,0.09729743251730069,-0.24608651752573713,0.24385900025685397,-0.04922686737563967,0.03281532179052773,-0.05146602297468647,-0.016150173916026245,-0.025301576626775242,0.018534785168442442,-0.10328452488114369,0.10320141368782791,-0.24865051294180454,0.24863714614619248,0.24899626135222122,-0.24899701035540037,0.2484064082561726,-0.24509504293169576,0.2434318673187311,-0.24677522321685466,0.24906169943848835,-0.2480919613723205,0.24811062112703988,-0.24914797972692715,0.2463362395596383,0.053978411042550106,-0.060637257489194504,0.1463607448767535,0.13760559037123513,0.15910053821847764,-0.06252637071310989,0.04686542914137558,0.2427985214139534,0.1333378193797141
-0.24342290915805043,-0.031616809060763966,0.038332315254977656,-0.1329675358461696,-0.12841179862165894,-0.1488607144069523,0.04402579717053953,-0.031099237064558336,-0.24218219464269247,-0.1452082193807217,-0.24986944739774242,0.2500000000000003,-0.24895663750505842,0.24673005488390964,-0.2453688286804714,0.24728435932518122,-0.24867535937509755,0.24746462540306527,-0.24758653043814388,0.24909574331525589,-0.04885596702846175,0.06500285377722195,-0.037365026176104474,0.05540062304941366,0.032450977438548675,-0.03200132929358308,0.09776437434462766,-0.09730626453616897,0.2460398063761181,-0.24381243630033148,0.04914700574942628,-0.03274232404338407,0.0513879324687206,0.0161997852088523,0.025258620782450406,-0.018494681899145785,0.10324233903989567,-0.10315926071635544,0.24860268134464078,-0.24858931777443655,-0.2489483975478903,0.24894914461239087,-0.24835857429714203,0.2450469861547188,-0.24338390368229904,0.24672747055235308,-0.24901386349761243,0.24804414562779348,-0.2480628070551588,0.24910013897041486,-0.24628893274602606,-0.05396735343584026,0.060624908864395706,-0.14633231622792628,-0.1375788326111881,-0.15906997370488946,0.06251398645389651,-0.04685605399580869,-0.24275189548122048,-0.1333121170427079
0.24400197817212474,0.032551769320012296,-0.03932670260773507,0.13353629583243606,0.12939622882907673,0.14929830010548933,-0.04487605961667926,0.031918391586050275,0.2427552585459612,0.14583538399044424,0.2488264311727564,-0.24895663750505842,0.2500000000000002,-0.24770290868683328,0.2459351125351764,-0.2478506174206461,0.24924143057929063,-0.2480307266856707,0.24815259559670658,-0.2496618248769927,0.04940500430478766,-0.06560042082801673,0.03782370265104611,-0.05585657311327412,-0.03233926387622009,0.03188951310850845,-0.0978652189033381,0.09740559510145202,-0.24659634256958085,0.2443652515244447,-0.04969615904197668,0.03320709967471209,-0.0519006804736138,-0.015952346466599196,-0.02551419378948606,0.018724652049872947,-0.10359069224970509,0.10350734097323115,-0.24916806691348753,0.24915466970152267,0.24951442348332403,-0.2495151826262708,0.24892368029643155,-0.24560936066046052,0.24394360741495227,-0.24729001034173312,0.24957979638193764,-0.24860873218871862,0.24862740887592527,-0.2496662071210241,0.24684864503791978,0.054093812522494775,-0.06076656691673402,0.1466666106666605,0.13789336106475272,0.1594315188652143,-0.06265814862101358,0.04696462058495333,0.24330356369954903,0.13361561579451078
-0.2419569202508595,-0.03111015997146738,0.03768904781329853,-0.13227829562094096,-0.12716407508101293,-0.14772947913057527,0.04307936393612281,-0.030283656732390245,-0.240699897670211,-0.1441694726494341,-0.24677802491465217,0.24673005488390964,-0.24770290868683328,0.25000000000000056,-0.2482317265262051,0.24580203753641697,-0.24719382101254606,0.24598226021880493,-0.24610416515808897,0.2476133792015346,-0.04764200863576729,0.06366777060703782,-0.03587407217431399,0.0537603127627897,0.03433464132170594,-0.03388513834131732,0.0985747941971673,-0.09811825014131141,0.24458577419147087,-0.2423586820533674,0.04793236501968503,-0.031432261192491845,0.04995713199683539,0.017819917400123505,0.02350441922144974,-0.016824615228924034,0.10167317442211414,-0.10159125985758889,0.24711970403692077,-0.24710645193106398,-0.24746611604804764,0.247466827665202,-0.24687589853323424,0.24356184657479127,-0.24189689580884483,0.24524259396514297,-0.24753155544618405,0.24656062268804396,-0.2465793941906406,0.24761780881431805,-0.244823158947103,-0.05362750681893515,0.06024517370053701,-0.14545155551179978,-0.13675266423446408,-0.1581223727284572,0.062132357190830816,-0.04656751249070821,-0.24130731159775468,-0.13251637018642207
0.24059426434749165,0.029890542310595337,-0.03635130191566645,0.1315000436186869,0.1254287287146278,0.1467057310094289,-0.04164175934176298,0.02894187957698522,0.239360858408721,0.14297640921399765,0.2454169485999292,-0.2453688286804714,0.2459351125351764,-0.2482317265262051,0.2500000000000004,-0.247529854663314,0.24583262731877925,-0.24462107429368896,0.24474308847673742,-0.2462521695077879,0.046505520971596576,-0.06238573147776562,0.03459515766966155,-0.05241542796145986,-0.035776655808535854,0.0353273189356971,-0.09917613458894634,0.09872165501381358,-0.2432548802661637,0.24102964481680264,-0.04679526954050013,0.030296427686743444,-0.04867594190464332,-0.01917255834504039,-0.022083163611816142,0.015475418362529064,-0.10034661981812597,0.10026572051286722,-0.24575836307938834,0.24574520835856678,0.24610500409620872,-0.24610568427521015,0.2455148633636464,-0.24220058044105652,0.24053546480927085,-0.24388110392994963,0.24617045585871736,-0.24519924456221656,0.24521809064709438,-0.2462566302538146,0.2434772074449576,0.05331780589613344,-0.05989886383081219,0.14464407798578668,0.13599496136638559,0.1572523445434374,-0.06178311674564829,0.046303752861057736,0.23998080598094515,0.13178596497199999
-0.24251308010266537,-0.031486060193937716,0.03814932865502173,-0.13261101821498006,-0.1278406866906887,-0.14814455717784897,0.04362012373444816,-0.030779870264888824,-0.24125414074154697,-0.14458446437519365,-0.24733233803026794,0.24728435932518122,-0.2478506174206461,0.24580203753641697,-0.247529854663314,0.2500000000000004,-0.2483017626739907,0.24653661956365028,-0.24665852687857798,0.24816770389648063,-0.048109419128823445,0.06415241950741982,-0.03635849239025883,0.05431464148436292,0.03404508074430444,-0.0335953861362214,0.09860402441203864,-0.0981464362355711,0.24513424210522305,-0.24290441740447175,0.04839994718098884,-0.031899797030286316,0.05044187539022822,0.01753361483828041,0.023860955049826976,-0.017153511142933738,0.10207968122249512,-0.10199748021237658,0.24767359288318017,-0.24766030443835144,-0.24802037030436924,0.24802109346578463,-0.2474294811619007,0.24411372565229303,-0.24244709529661349,0.24579460827271438,-0.24808576809763525,0.2471139934192571,-0.24713276478510907,0.24817212060408103,-0.24537126304954673,-0.05375287534353802,0.060385432290620364,-0.1457797451370276,-0.1370612947609867,-0.1584764794298989,0.06227430216637588,-0.046674594918201376,-0.24184753524566177,-0.13281376544839882
0.24390293193828072,0.03265823106282279,-0.039435357962863495,0.13342680816714178,0.1295172065599861,0.14921412625936695,-0.045016348180767225,0.032059871480078855,0.24264514523102812,0.1457991714272197,0.24872321960201013,-0.24867535937509755,0.24924143057929063,-0.24719382101254606,0.24583262731877925,-0.2483017626739907,0.2500000000000002,-0.24822520816429403,0.24804944275179916,-0.24955867737723272,0.04927391464106504,-0.065483109684814,0.037688540595550185,-0.055708694247037935,-0.032649865399629344,0.03219998025563822,-0.0981329971083849,0.09767304124652605,-0.24649084819420441,0.2442584243813488,-0.04956500341474887,0.033065030502658396,-0.051772873220053556,-0.016203345455634777,-0.02525557126123937,0.018468575861111298,-0.10339440818500917,0.10331120953831066,-0.24906457415322691,0.24905118722264558,0.24941126055906568,-0.2494120163299983,0.24882012952383947,-0.24550436226727873,0.243837373108304,-0.24718519388112836,0.2494766110357581,-0.24850486557992504,0.24852356879894216,-0.249563062015914,0.2467466433126074,0.05406922585415634,-0.060739192937061696,0.14660470282993854,0.1378356589771951,0.15936544607175063,-0.06263115081343948,0.04694407771624855,0.24320305443517407,0.1335601405160438
-0.24272531675686193,-0.03266984166393786,0.03938844600093929,-0.13268518535775484,-0.1291325086111905,-0.14891158487881334,0.04550345310111687,-0.03255026247299583,-0.24143477968732308,-0.14500339903671727,-0.24751250245889528,0.24746462540306527,-0.2480307266856707,0.24598226021880493,-0.24462107429368896,0.24653661956365028,-0.24822520816429403,0.25000000000000056,-0.24982388158106764,0.2483479731664297,-0.04802720129369182,0.06425412073410228,-0.03646003470489592,0.054494927759951836,0.03386522051556988,-0.033415391661462096,0.09952389614325463,-0.09906427942369331,0.24527638188024753,-0.24304343893642144,0.04831784483181399,-0.03181764561414747,0.05054367993186256,0.01743165768243657,0.024041236717417112,-0.01724008359876639,0.10216627201036985,-0.10208414027521416,0.24785385893482076,-0.24784055644823216,-0.24820056756334102,0.2482012931965176,-0.2476095894937158,0.24429350471298644,-0.2426264814481527,0.24597436596524658,-0.24826600999053403,0.247294121198776,-0.24731288722955364,0.24835238264797121,-0.24554951507140294,-0.05379404699536702,0.060431451686273424,-0.14588646574842126,-0.13716201918941764,-0.15859137556819455,0.06232060646343323,-0.04670954199986082,-0.24202322261359127,-0.13291050626754045
0.242840521172553,0.03254989480645166,-0.039262294819525964,0.13280546226693013,0.12900377498453944,0.1490283958724478,-0.04537326766406824,0.032395810641053444,0.24158205743735833,0.14505567121076987,0.24763440347798188,-0.24758653043814388,0.24815259559670658,-0.24610416515808897,0.24474308847673742,-0.24665852687857798,0.24804944275179916,-0.24982388158106764,0.2500000000000003,-0.24849036680912526,0.048161672705645316,-0.06438759724891067,0.03659514376987967,-0.05462899086637818,-0.033725549379608796,0.03327574000182722,-0.09938001189715287,0.09892036690117922,-0.24539843136601242,0.24316563032640806,-0.04845235009512551,0.03195317718480755,-0.05067801257102818,-0.017293229031642404,-0.02417726288762287,0.017376434603689067,-0.10229737443692688,0.10221513126753282,-0.24797575708149242,0.2479624458181357,0.24832244050782676,-0.24832316946529046,0.24773147999514508,-0.24441562627537564,0.24274870255036898,-0.24609638287216434,0.248387869803989,-0.2474160544533376,0.24743481229156006,-0.2484742461840757,0.24567001615573295,0.053821913279528164,-0.06046259814312968,0.14595884716733426,0.13722989678878442,0.15866929717866984,-0.06235195160382803,0.046733236744522705,0.24214198156940098,0.13297591863290753
-0.24430155958872157,-0.03227913635760426,0.03903821238452485,-0.13382338999933213,-0.12912624234577308,-0.14959527705171208,0.04459817972809085,-0.03164133259514326,-0.24306547764374878,-0.1459331253392073,-0.24914358536748857,0.24909574331525589,-0.2496618248769927,0.2476133792015346,-0.2462521695077879,0.24816770389648063,-0.24955867737723272,0.2483479731664297,-0.24849036680912526,0.25000000000000033,-0.049657772948836755,0.06588530247905615,-0.03808998257076848,0.056126117086468585,0.032234100322563325,-0.03178416626515006,0.09789333239765205,-0.09743302958423163,0.24690733459081216,-0.24467440054992984,0.04994903475071933,-0.03344878257414496,0.05217487338517376,0.01580309069905147,0.025672439525995586,-0.018869943413645375,0.10379744000344096,-0.10371392551859619,0.24948497581446438,-0.2494715592818715,-0.2498316451261562,0.24983241073330217,-0.24924043281816607,0.24592460995636106,-0.24425751913341578,0.24760548417675138,-0.2498969806075225,0.24892523549463472,-0.24894391840930014,0.24998346204674363,-0.24716233917294111,-0.05416478515033188,0.06084605778699918,-0.14685403961789764,-0.13806965315667208,-0.15963415821796234,0.06273898041319322,-0.04702550439881767,-0.24361274731402727,-0.13378572008442408
0.048539341022444636,0.006763741645460428,-0.00812959773006407,0.027475511868682623,0.025278426771200107,0.0298716682053094,-0.00850424695109831,0.0060978398976166215,0.04833515458858561,0.029159639106804493,0.04893586345176262,-0.04885596702846175,0.04940500430478766,-0.04764200863576729,0.046505520971596576,-0.048109419128823445,0.04927391464106504,-0.04802720129369182,0.048161672705645316,-0.049657772948836755,0.2500000000000002,-0.23376912833173,0.20739395637032992,-0.18951715794748725,0.10217963430397271,-0.1018025447719516,0.051400976360500755,-0.05170488603130087,-0.04659103657374532,0.04695359596869669,-0.24966299229334332,0.23329536784056223,-0.21462628010980045,0.14715681794699959,-0.11151697872086454,0.104769931951573,-0.08207960387099011,0.08202215515775009,-0.04980941445226863,0.04980492285053792,0.0497930339349615,-0.04979855064101312,0.04990429305776351,-0.05175826535313331,0.05203700219912437,-0.050206234784384865,0.04968254748120524,-0.049952069531182905,0.049941133895524306,-0.049666947211950134,0.049123875716339575,0.012791446106266478,-0.01415561726104721,0.030115880560433496,0.02843016026549577,0.03174987934115657,-0.013577398598456388,0.010448091510303596,0.04841503137572718,0.026873077481879604
-0.06439410360795456,-0.008732754023256375,0.010535744315230435,-0.03623900845584956,-0.03346475692861343,-0.0395213077929232,0.011133474207734292,-0.007914019263411492,-0.06410720911921469,-0.03857645100326745,-0.0650883747199188,0.06500285377722195,-0.06560042082801673,0.06366777060703782,-0.06238573147776562,0.06415241950741982,-0.065483109684814,0.06425412073410228,-0.06438759724891067,0.06588530247905615,-0.23376912833173,0.25000000000000033,-0.2222035277066839,0.20433043323112077,-0.11603989021380806,0.11569428973874525,-0.05924698128463413,0.059576083229570094,0.06281734679527302,-0.06310097794526702,0.23355188257676615,-0.21717275521057833,0.22946849816421763,-0.16198224244261997,0.12652575838679975,-0.11976441456203012,0.09754360118252804,-0.09746812522246003,0.06603419146771108,-0.06602858890640749,-0.0660191190575963,0.06602499627559592,-0.06612527822127688,0.06796046944079225,-0.0682300197976069,0.06642129754402311,-0.06590824313980785,0.06617382395114058,-0.0661622313181909,0.06589410328136938,-0.06516925426997129,-0.016461603023839002,0.01826192759598129,-0.03973274504363755,-0.03745196355735034,-0.042123408327178966,0.01772999140659481,-0.01358180602013236,-0.06422868740440524,-0.03557781863734356
0.03722873337152442,0.0050560236007592615,-0.006122371179513867,0.021322901874445854,0.019050627362427873,0.022807028029235718,-0.006028141931278257,0.004260592790869296,0.03707756769903674,0.022363997172369372,0.03743935648478777,-0.037365026176104474,0.03782370265104611,-0.03587407217431399,0.03459515766966155,-0.03635849239025883,0.037688540595550185,-0.03646003470489592,0.03659514376987967,-0.03808998257076848,0.20739395637032992,-0.2222035277066839,0.25000000000000044,-0.2319630605147483,0.14367569503914485,-0.14332203460608217,0.08692673066689005,-0.08706266621673782,-0.03509084382513202,0.035774588306398486,-0.20716912011344696,0.22365807147653347,-0.23591474542347857,0.17027086873048056,-0.12913686903680538,0.1244819481214044,-0.09179249808073865,0.09172094788081041,-0.03831097980645607,0.03830660108836567,0.03825114214127177,-0.0382572640681264,0.03843539663641496,-0.040808318449229754,0.041314344524970195,-0.03896586192943463,0.03812550618322936,-0.03853220327182067,0.038517492310636045,-0.038099437546552574,0.03769063417575846,0.010675869428492479,-0.01173634730978445,0.023511603821832074,0.022224014412007775,0.024370498051912,-0.010880390939236598,0.00847599634899421,0.03714545846343438,0.02073621900186984
-0.054857036779294724,-0.0074220066837263655,0.008980408953827772,-0.030889509864110383,-0.028482191582025765,-0.033602872916833094,0.009374724740810645,-0.006655729312394376,-0.05460833892756266,-0.03290196297069004,-0.05547132657709074,0.05540062304941366,-0.05585657311327412,0.0537603127627897,-0.05241542796145986,0.05431464148436292,-0.055708694247037935,0.054494927759951836,-0.05462899086637818,0.056126117086468585,-0.18951715794748725,0.20433043323112077,-0.2319630605147483,0.25000000000000044,-0.1616390875204449,0.1612902291842716,-0.09536853496485181,0.0955448885832848,0.053122153385331675,-0.053681674288880064,0.18932071915666984,-0.20579282430342216,0.21808823160162147,-0.15243875448260014,0.1471163522981584,-0.14244430721407003,0.10978898997337505,-0.10971311331888565,0.0563469903319783,-0.056340819041493954,-0.056257362800302656,0.056263002584330486,-0.056413925073023785,0.05862125649529283,-0.05918040826350893,0.05700140261667032,-0.056159944696461704,0.05656803782967754,-0.056552413340835626,0.05613516286624758,-0.055526739833276724,-0.01495275804081906,0.016493080210365427,-0.034312623369597894,-0.032348577340446355,-0.03591244511082238,0.015602178937876793,-0.012059478384701538,-0.054727628559125094,-0.03044078378525416
-0.03149380804102521,-0.00410465701193612,0.004890482244669869,-0.016538214982209268,-0.017163867450400404,-0.01944746050869299,0.006586119639698903,-0.00472017435419698,-0.03130367724291938,-0.01860033148534046,-0.03241744820083178,0.032450977438548675,-0.03233926387622009,0.03433464132170594,-0.035776655808535854,0.03404508074430444,-0.032649865399629344,0.03386522051556988,-0.033725549379608796,0.032234100322563325,0.10217963430397271,-0.11603989021380806,0.14367569503914485,-0.1616390875204449,0.2500000000000004,-0.24954823257990152,0.18370119988819064,-0.1837037674036368,0.03517877903742497,-0.03340884322248353,-0.1019841905865014,0.1184594068730558,-0.12979420858265703,0.19749380638968458,-0.1920932479882547,0.18840559550153138,-0.103641501065938,0.10357161360916711,0.03171951514777428,-0.031721886747864664,-0.032100839871324685,0.03209718299392704,-0.03156680973872559,0.02838269889527219,-0.026726025514997642,0.029895993333400674,-0.032151955348374915,0.03117535838791631,-0.031204713801762103,0.03222296412251661,-0.03183652176201109,-0.004511640138467851,0.005340237405445208,-0.01762196737380541,-0.016781132805553513,-0.02044523416125258,0.006802965832372859,-0.004770910890423478,-0.03139362093478256,-0.016916487500217525
0.03105411187901405,0.0040471848832353465,-0.004820921907102146,0.01629933059379915,0.016930475804823646,0.019178379654000544,-0.0065047226389102035,0.004662507296422685,0.03086628103634073,0.018338006918020053,0.0319678610336102,-0.03200132929358308,0.03188951310850845,-0.03388513834131732,0.0353273189356971,-0.0335953861362214,0.03219998025563822,-0.033415391661462096,0.03327574000182722,-0.03178416626515006,-0.1018025447719516,0.11569428973874525,-0.14332203460608217,0.1612902291842716,-0.24954823257990152,0.2500000000000002,-0.18388828774788585,0.1838914140935185,-0.03472966851895026,0.03296261009434944,0.10163138907038363,-0.1181035650786309,0.13002304750863108,-0.19766708013551912,0.19242544782987758,-0.18873404671910143,0.10401525874649745,-0.1039450035911727,-0.031269843507205485,0.03127224653220999,0.03165108691793598,-0.031647424705278135,0.031117513977072693,-0.027935507019258305,0.026279542262417417,-0.029447320487620506,0.03170209771860105,-0.03072597942220119,0.030755341374036935,-0.03177303984731522,0.031391634200675506,0.0044098055300823506,-0.005226339289921528,0.017355323603405318,0.016530799607638244,0.020157652068444793,-0.0066877540299706524,0.004683986544940022,0.030955132658802263,0.016675101535631745
-0.09566635338905945,-0.012855734509350203,0.015434139991265196,-0.05188339038809336,-0.05120129522159527,-0.0589469376679637,0.01859935303057739,-0.01334406993981631,-0.0951528656411162,-0.057016024779232594,-0.09775568814470117,0.09776437434462766,-0.0978652189033381,0.0985747941971673,-0.09917613458894634,0.09860402441203864,-0.0981329971083849,0.09952389614325463,-0.09938001189715287,0.09789333239765205,0.051400976360500755,-0.05924698128463413,0.08692673066689005,-0.09536853496485181,0.18370119988819064,-0.18388828774788585,0.2500000000000003,-0.24952512037183733,0.10052453249344186,-0.09844576029696288,-0.051206113032306086,0.06768748496876431,-0.07350588889574365,0.14127184996160264,-0.1264340199313624,0.13311349859982913,-0.04830851742980689,0.04826728932422562,0.09737871207053392,-0.09737632384976852,-0.09775076403393475,0.09774848315370503,-0.09719984258366304,0.09398335378583755,-0.09228254092457294,0.0954991617673247,-0.09780439012727735,0.09681923200589145,-0.09684566659924346,0.09788067637860347,-0.0967602529635879,-0.019460745809517836,0.02205505870049034,-0.05654937994027013,-0.053364660316957156,-0.06238330610007796,0.02365346606037153,-0.01749450836026044,-0.09538066601149212,-0.05214962567254394
0.09521653253310874,0.012796762325932036,-0.015362824845808505,0.05163603644565001,0.05096482520084981,0.058671331843323016,-0.01851840934535958,0.01328682209876106,0.09470533124792258,0.05674785919862049,0.09729743251730069,-0.09730626453616897,0.09740559510145202,-0.09811825014131141,0.09872165501381358,-0.0981464362355711,0.09767304124652605,-0.09906427942369331,0.09892036690117922,-0.09743302958423163,-0.05170488603130087,0.059576083229570094,-0.08706266621673782,0.0955448885832848,-0.1837037674036368,0.1838914140935185,-0.24952512037183733,0.25000000000000056,-0.10050291060248676,0.09842562000549067,0.05151184394889232,-0.06798209220525162,0.0738749950598504,-0.1416140880681251,0.126843410642372,-0.13352077940637558,0.04873544803180908,-0.04869383735605793,-0.09691851977618512,0.09691616365927522,0.09729054088441935,-0.09728825112705221,0.09673985787016953,-0.09352422269460653,0.091823733637293,-0.09503940801477775,0.09734414035280722,-0.09635916809775526,0.09638561899011551,-0.09742037990866695,0.09630510938281557,0.019356366541743934,-0.02193831661500529,0.056276460799036684,0.053108571273821785,0.062089051945982035,-0.023535513886111283,0.017405471459926745,0.09493208610886851,0.05190266116163672
-0.24130043024077202,-0.031908950119121024,0.03858522557408134,-0.13216305565305747,-0.12758043546953124,-0.14776947219835931,0.044105234506235914,-0.03130170066900043,-0.24008029862704372,-0.14415307285168494,-0.24608651752573713,0.2460398063761181,-0.24659634256958085,0.24458577419147087,-0.2432548802661637,0.24513424210522305,-0.24649084819420441,0.24527638188024753,-0.24539843136601242,0.24690733459081216,-0.04659103657374532,0.06281734679527302,-0.03509084382513202,0.053122153385331675,0.03517877903742497,-0.03472966851895026,0.10052453249344186,-0.10050291060248676,0.25000000000000033,-0.24776064249492608,0.04688083360919937,-0.030380685157503924,0.04910651357364224,0.01886649411899267,0.022600753317943683,-0.01580161745047691,0.10072655858065008,-0.10064564907523343,0.24641322341536345,-0.24640002170332212,-0.24675996914674264,0.24676065956474627,-0.24616920085439803,0.24285290395456913,-0.24118594141722502,0.2445337355764126,-0.24682550328419,0.24585348973728,-0.2458723291124066,0.24691177971621223,-0.24412503539504316,-0.053466592093351833,0.06006525214171184,-0.14503188072094925,-0.1363603695458878,-0.1576703708612186,0.061951084215152226,-0.04643047251518217,-0.24061932107548853,-0.13213749776982278
0.2391182653961272,0.03162073389483348,-0.038237186863129755,0.13097251971048735,0.12642327418598634,0.14643187883894862,-0.04370066336415223,0.03101420960178515,0.2379094195745531,0.14285099262148115,0.24385900025685397,-0.24381243630033148,0.2443652515244447,-0.2423586820533674,0.24102964481680264,-0.24290441740447175,0.2442584243813488,-0.24304343893642144,0.24316563032640806,-0.24467440054992984,0.04695359596869669,-0.06310097794526702,0.035774588306398486,-0.053681674288880064,-0.03340884322248353,0.03296261009434944,-0.09844576029696288,0.09842562000549067,-0.24776064249492608,0.25000000000000033,-0.04723542279295106,0.030937085592391965,-0.049584002390203955,-0.017412632981220866,-0.023711324278640856,0.016942324221783957,-0.10060211857433041,0.10052155845673469,-0.24418780593866937,0.2441746959499261,0.24452917566827703,-0.24452988570073178,0.2439468088017108,-0.24067935220973263,0.23903712463241716,-0.24233591478186034,0.2445938055431744,-0.24363630758598995,0.24365479534268178,-0.24467889912468577,0.2419175081986209,0.05299963940016583,-0.05953883950281395,0.1437291102069456,0.13513402568581467,0.15624543903975308,-0.06139947267470515,0.046019268549086965,0.23844339859123007,0.13094475569653954
-0.048823982006061015,-0.006801072603693817,0.008174785892516814,-0.027630240726712354,-0.025429579124943265,-0.030045834748707433,0.008556950210300385,-0.006135206397617888,-0.048618314258147124,-0.029329568536359173,-0.04922686737563967,0.04914700574942628,-0.04969615904197668,0.04793236501968503,-0.04679526954050013,0.04839994718098884,-0.04956500341474887,0.04831784483181399,-0.04845235009512551,0.04994903475071933,-0.24966299229334332,0.23355188257676615,-0.20716912011344696,0.18932071915666984,-0.1019841905865014,0.10163138907038363,-0.051206113032306086,0.05151184394889232,0.04688083360919937,-0.04723542279295106,0.25000000000000017,-0.23349925869091542,0.21479672447674106,-0.14715290544987905,0.11153938635049995,-0.10478132928058663,0.08220598377916964,-0.08214825641861861,0.05010012151722791,-0.05009561370168106,-0.05008420320356763,0.050089723755700866,-0.0501947540623763,0.05204591837137309,-0.05232267083684042,0.05049475839028888,-0.049973709363585965,0.05024215066184583,-0.050231235163135136,0.049958206069083216,-0.04941185783548305,-0.012855684097552045,0.014227656331780419,-0.030287417500819657,-0.028591708728643275,-0.031935838634866626,0.01365116046027786,-0.01050352273968037,-0.04869888664579559,-0.027029129975775886
0.032697658270783934,0.004616688780727979,-0.0055532806048116615,0.01877322928513755,0.01687300643745534,0.020122334947895736,-0.005525193454947791,0.003965145050611516,0.03257248858789583,0.01970532646289052,0.03281532179052773,-0.03274232404338407,0.03320709967471209,-0.031432261192491845,0.030296427686743444,-0.031899797030286316,0.033065030502658396,-0.03181764561414747,0.03195317718480755,-0.03344878257414496,0.23329536784056223,-0.21717275521057833,0.22365807147653347,-0.20579282430342216,0.1184594068730558,-0.1181035650786309,0.06768748496876431,-0.06798209220525162,-0.030380685157503924,0.030937085592391965,-0.23349925869091542,0.2500000000000001,-0.23127343122874108,0.16363453433752925,-0.12250180268945472,0.11574620693337405,-0.08346917314644682,0.08341134827759021,-0.03366409376579346,0.033660096880760736,0.03361006160767678,-0.03361607050320266,0.03378780263993935,-0.03614359902959381,0.03661723305842332,-0.034285049498262284,0.0334837723793608,-0.03387598353898759,0.033861948519857084,-0.03345835259586552,0.03310134789232896,0.009597782457133426,-0.010533562736076484,0.02073715776052743,0.019640876243180224,0.021392557071855316,-0.009677009611255182,0.00756330081414955,0.03262277782322621,0.01824275979293385
