x1,x2,x3,x4,x5,x6,x7,x8,x9,x10,x11,x12,x13,x14,x15,x16,x17,x18,x19,x20,x21,x22,x23,x24,x25,x26,x27,x28,x29,x30,x31,x32,x33,x34,x35,x36,x37,x38,x39,x40,x41,x42,x43,x44,x45,x46,x47,x48,x49,x50,x51,x52,x53,x54,x55,x56,x57,x58,x59,x60
0.25000000000000006,0.2475333426294993,0.004124610620000964,0.24723798992881052,0.004418766420289449,0.24779029177702924,-0.005637742765688376,0.24712486002630732,0.2035298119276642,0.248018788391408,0.16458085765160602,-0.07683704472623677,0.07709630808835352,-0.07742073490977078,0.10261081000450495,-0.07756135626379826,0.08003768855503837,0.038309906925219045,-0.16893848318057053,0.21559544607396686,0.0731356065255153,0.07641408382375012,-0.07426520460332892,0.07620811517489899,-0.06946930721201887,0.0902998161967454,-0.07550443677423153,0.12493574195798131,-0.08852928874593609,0.19365154027508158,0.1641104182544222,-0.06931552496871306,0.07113643143016517,-0.0681234186624917,0.06799083573645248,-0.04673699052304808,0.05330664080361998,0.01315485640263319,0.015499496841441628,0.16499601673833672,0.1036964232863653,0.06743363665907753,-0.06529367832881684,0.06826449856184508,-0.04377286966187016,0.06389356329640725,-0.028732739068291158,0.11152464804428056,-0.1831140714181404,0.21300563055783145,0.24769513587042266,0.24788824157501396,0.10624088651617168,0.2478784532576878,0.10854771627387712,0.24802705159979757,0.06316693077647144,0.24794566613906274,0.19727163861274988,0.24802809046431837
0.2475333426294993,0.24999999999999997,0.0036326585797114876,0.24871632972362287,0.003819223252092349,0.2492644653759434,-0.006002159630990477,0.24859876917640267,0.20479370466628313,0.24949288926572202,0.16606348934965867,-0.07833448053269651,0.07859411971666279,-0.07891844283906947,0.10411053850813803,-0.07881339265018573,0.08089718503565434,0.03840728128878974,-0.16999760922326562,0.2169659453549021,0.07301573792121209,0.077896535915032,-0.07572621613839761,0.07768819808177471,-0.07088865157066174,0.09174573883437544,-0.07687223037571202,0.1262793182333774,-0.08960911350128078,0.1950266211720963,0.16557432438344322,-0.0707337080499785,0.07257066685423325,-0.06952953984175057,0.06939517631883699,-0.047947761350257995,0.05455610685175626,0.012558390712337577,0.016183373262175466,0.16575877496088892,0.10385720422275571,0.06883381522997764,-0.06667482026899077,0.06966918076927243,-0.04493990574650002,0.06508427516374925,-0.029353039011225945,0.11230264834559782,-0.18413513293140168,0.21419817704810715,0.24916892406115898,0.249361413826725,0.10758901423390137,0.2493512734248631,0.10977923438410435,0.2495012140027915,0.06382507368203773,0.24941910784447627,0.19834590024545012,0.24950225856649946
0.004124610620000964,0.0036326585797114876,0.25000000000000006,0.003300455016522117,0.07331401358281298,0.00387083720286399,0.04935016136462975,0.0034356670575355166,-0.004540166922206995,0.00409301454397099,-0.07464458756373224,0.158391103925737,-0.15823535747075007,0.15786791945114995,-0.13361489184350175,0.1191499694507981,-0.057107332869740825,0.02097316191276382,0.004636117369383181,-0.009503971048311896,0.0862526075517963,-0.15641868381740445,0.15512519064280703,-0.15624663819832718,0.15321502449451724,-0.13733641132973082,0.13930615902961202,-0.0901808160040547,0.08362106913059855,-0.030777708529538324,-0.07220283023315802,0.15316278845377285,-0.15392907150807913,0.15243100149311792,-0.15228264573219197,0.14231941759200614,-0.1421173692618466,0.10373504579669648,-0.09060330629895784,0.03616186325805555,0.07157552561018331,-0.1521586919555994,0.1512255665139336,-0.15207912214432012,0.13836351397766827,-0.12332886893847084,0.06848510683749474,-0.015843612901258415,-0.013333279815907248,0.014779275235718316,0.0038408399719739835,0.004114541070921208,-0.10817193825630536,0.004159461846911461,-0.08813948320138501,0.00409151160913222,-0.04232801924306479,0.004126517015757216,0.01831716300639959,0.004091601655623842
0.24723798992881052,0.24871632972362287,0.003300455016522117,0.25,0.002887938727175732,0.24897149125815313,-0.0065002906834616,0.24830867257537828,0.2046256032785343,0.24919718629619864,0.16647343226296268,-0.07952121691734237,0.0797797035959744,-0.08010556868725241,0.1052955636100288,-0.07988997501340567,0.081529572687795,0.038022937849094746,-0.16985168342472634,0.21682833485678282,0.07224213532899984,0.07907863279309396,-0.07690011835782785,0.07886912075538997,-0.07205127986019588,0.09288608966768631,-0.07799982129950282,0.1270827288064214,-0.09036043685709368,0.1951609290743104,0.1659841234702804,-0.07189661592339978,0.07373801274707699,-0.07068742971546642,0.07055234702839737,-0.04904725767472405,0.05565930178162961,0.011686341862240218,0.016976712671232092,0.16527768519553776,0.10316978584094985,0.06999027386351661,-0.06782599993660017,0.07082411162561819,-0.04601014330018043,0.06601573743049648,-0.029880551298229373,0.11232293618336611,-0.18383624759027012,0.21385404734313157,0.2488756156006378,0.2490656756070657,0.1083559990042884,0.24905517917849906,0.11037755487974424,0.24920551064044488,0.06410392393304472,0.24912320825308407,0.1979903570266731,0.2492065533780301
0.004418766420289449,0.003819223252092349,0.07331401358281298,0.002887938727175732,0.25000000000000033,0.0034387640409957033,0.03400027314725581,0.003058265601843814,-0.007966584669436363,0.003678103629813764,-0.05380075873887167,0.11972119587455456,-0.11965747088124983,0.12010427516197046,-0.1354393841611805,0.11573913129920275,-0.05683269414597399,0.025094824474992474,0.008913262981710714,-0.01081226753737473,0.0661799043578156,-0.11983089699988712,0.11883742731413627,-0.11969744696755594,0.11692585603020851,-0.12081087472103139,0.11671506945151901,-0.08404670778609177,0.07514835431242405,-0.028231051381560006,-0.055066335088334674,0.11715081656113352,-0.11782275859888479,0.11640905016314913,-0.116291968969234,0.10873947071852523,-0.10991442334173221,0.0804566761099479,-0.07425363327007917,0.028921276406790458,0.054968298185924795,-0.11621912330539728,0.11550260280243002,-0.11614564002697994,0.10568707796029775,-0.09436372138816917,0.0525166616676545,-0.012423246794099884,-0.010476226729782111,0.011732093546277913,0.003483364641276484,0.003694107669814594,-0.08289835724796212,0.0037286687013394046,-0.067292596310486,0.003677057053252003,-0.03240850374162971,0.0037035964249281348,0.014381249356021957,0.003677128082264864
0.24779029177702924,0.2492644653759434,0.00387083720286399,0.24897149125815313,0.0034387640409957033,0.2500000000000002,-0.006313243502155357,0.24885659144814176,0.20500499045241188,0.24974970681304395,0.16650262609112884,-0.07897244526231118,0.07923212275535499,-0.0795567137349373,0.10475570418651621,-0.0793836965895307,0.08134204673882114,0.038255089174383736,-0.1701517978546184,0.21721283436132718,0.07279242850714172,0.07853024444983221,-0.07635302127165539,0.07832107657517652,-0.07150324664781249,0.09237410710636335,-0.07747513127926733,0.12686577251857223,-0.0901157592299985,0.19542855535093395,0.16600813916852564,-0.07134809485817696,0.07318978724081528,-0.07013995125827346,0.07000505319651663,-0.048499453297142975,0.05511985495178928,0.012192589598915036,0.01657355105438998,0.16580192728243812,0.10371894469749048,0.0694425257821567,-0.0672779060870192,0.07027852782901975,-0.0454743150203329,0.06559051760325134,-0.029629119053384563,0.11248790807735502,-0.18429040938374674,0.2143796576902386,0.24942628793219504,0.24961801457976718,0.10809023523464269,0.2496077027511874,0.1102091964997569,0.2497580446913151,0.06404600920977271,0.24967572645683125,0.1984980802772795,0.24975909007489774
-0.005637742765688376,-0.006002159630990477,0.04935016136462975,-0.0065002906834616,0.03400027314725581,-0.006313243502155357,0.25000000000000017,-0.006973398995034291,-0.0099177002022368,-0.006078942838389464,-0.03521025585921987,0.06750019334086353,-0.06742205638737857,0.06766474707414186,-0.07316975737653256,0.10130438351825642,-0.15319843687167697,0.07544043386508585,-0.0020474152495528583,-0.011812580203784324,0.03519425274230293,-0.06752222531595056,0.06694433418716564,-0.06746684354921254,0.07092038426522945,-0.0757848862183625,0.07335481345211015,-0.07481502448629226,0.06475550175010159,-0.029720188776276444,-0.035384375664016865,0.06804341082088754,-0.06747056853241466,0.06967400373640927,-0.07032788606227944,0.06534923879514727,-0.06669942017322529,0.05013029713882695,-0.052785819272483485,0.013278361350311055,0.028320789870306305,-0.06935018253715039,0.06895180142249122,-0.06947036714554494,0.06295472321036484,-0.057936482836329246,0.033523655921434296,-0.013320837093166955,0.0008056517092277511,-0.00039424232838153024,-0.006180801835818553,-0.006063859425642335,-0.051994762454287496,-0.006043009454665684,-0.04282628267604763,-0.006078035368871644,-0.02237736551397617,-0.006059361478358847,0.0015038987198201011,-0.006078027662697116
0.24712486002630732,0.24859876917640267,0.0034356670575355166,0.24830867257537828,0.003058265601843814,0.24885659144814176,-0.006973398995034291,0.2500000000000002,0.20432150402923568,0.24908381115458264,0.16645624065279435,-0.07958779940009515,0.07983916211698765,-0.08017229056634646,0.10531684085135654,-0.07998553919143749,0.08187879149012788,0.03767841020273725,-0.1695137619046158,0.21661147517592813,0.07215295348611392,0.07914586762037845,-0.07696749428029147,0.07893635023702522,-0.07212154538851819,0.09297298361226997,-0.07808245604105617,0.12738308436424484,-0.09064772069144321,0.1955001964141981,0.16595865612104868,-0.0719657668516515,0.0738064622855374,-0.07075743902615288,0.07062270822395297,-0.04912066418011984,0.055737655810607814,0.011573184798815596,0.017160228834460875,0.16515586896473983,0.10307638892957714,0.07006034360188305,-0.06789644409380113,0.07089384525611452,-0.0460821100457799,0.066075419450665,-0.029922989410581184,0.11230265706710658,-0.18375064992799475,0.21375054646861402,0.24876258049052932,0.24895234483715303,0.10839128111252198,0.24894181637245538,0.11039042721616674,0.24909212630785685,0.06411149134813583,0.24900983686510592,0.1978924286146767,0.24909316852314595
0.2035298119276642,0.20479370466628313,-0.004540166922206995,0.2046256032785343,-0.007966584669436363,0.20500499045241188,-0.0099177002022368,0.20432150402923568,0.25000000000000017,0.2052035512743688,0.1419984364972523,-0.07576195827080683,0.07596930213325806,-0.07633409619815433,0.10113175669192714,-0.07598510849186828,0.05554984901233278,0.060790650964826234,-0.199407314594863,0.20191115660886272,0.05420012051728667,0.07542216952485013,-0.07346993886053986,0.07522661801950935,-0.06869123205943088,0.08912574209528508,-0.07514259789699346,0.10436378141282726,-0.07408009136742091,0.15897963059629072,0.14150720514136975,-0.06891753382963252,0.07061453497672365,-0.06760468290468771,0.06740766291704979,-0.04911860734585956,0.05476347325561907,0.004446029835941131,0.016728640779510473,0.13462827006207828,0.08066947942038724,0.06703822294036627,-0.06518621290299166,0.06770250396362597,-0.04638618328550843,0.06179488669730503,-0.028339881750672532,0.09292703477637057,-0.15054579862293793,0.17537677117973746,0.2049546446531319,0.20509515372957515,0.0957447796108769,0.20508390121680184,0.09634835599639241,0.20521197512671402,0.055087949705559254,0.2051420962044966,0.16203823373426704,0.2052128294947875
0.248018788391408,0.24949288926572202,0.00409301454397099,0.24919718629619864,0.003678103629813764,0.24974970681304395,-0.006078942838389464,0.24908381115458264,0.2052035512743688,0.25000000000000006,0.1665092902249318,-0.07874014046583776,0.07900010357602089,-0.07932431486614,0.10452491442249454,-0.07915369267973757,0.08114544973242874,0.03844634705394098,-0.17033494142445135,0.21740548440691607,0.07302307547776357,0.07829797593152785,-0.0761213306915748,0.07808895407883373,-0.07127092201063777,0.09214318844666573,-0.07724370874785014,0.12667587221826618,-0.0899229967148139,0.19546042062504104,0.16601516158741259,-0.07111575407739418,0.07295760242302327,-0.0699079402896247,0.06977303474548618,-0.048267556589336263,0.05488865423250067,0.012418257835155197,0.016361057592377853,0.1660278627860317,0.10394861161005282,0.06921042348645781,-0.06704569038291038,0.07004730335638616,-0.04524754812519451,0.06540791454692145,-0.02951942963311311,0.11254939807576265,-0.18447707089524096,0.21459704761393955,0.24965403109441056,0.24984646639135813,0.10797259890499886,0.24983623475682643,0.11013524294023971,0.24998657848206698,0.06401799357388631,0.24990425507455458,0.19870793050666288,0.24998762496243063
0.16458085765160602,0.16606348934965867,-0.07464458756373224,0.16647343226296268,-0.05380075873887167,0.16650262609112884,-0.03521025585921987,0.16645624065279435,0.1419984364972523,0.1665092902249318,0.24999999999999997,-0.1614227130108104,0.16147938540748602,-0.16140802516683767,0.15943248167693974,-0.13241806759747116,0.09164276893876323,0.012671750002023587,-0.11766648282454875,0.1532268903281281,-0.009323959571008377,0.15966321052027393,-0.15730804857758882,0.1594041667403022,-0.15265031406100063,0.1548806603856664,-0.1464949496789125,0.1464044356227377,-0.11734250279861691,0.15356345154199985,0.1616552750295976,-0.15255077914862222,0.15433415102366518,-0.15120570055070537,0.1509994366470119,-0.12964234204177646,0.13390343346948771,-0.06220445566980974,0.0725796751072174,0.087850078213159,0.021629433898906435,0.15055036448040743,-0.14844730745371276,0.15106110113141258,-0.12491498652432267,0.12830646867146436,-0.06662087699917112,0.08697640562511327,-0.11583912490480262,0.13526337438896946,0.16646139519450007,0.16640526302137573,0.1468164831940379,0.16636773732804902,0.13463645025064216,0.16651585332996627,0.07217230875313033,0.16643625627960737,0.12208939166063361,0.16651650071703958
-0.07683704472623677,-0.07833448053269651,0.158391103925737,-0.07952121691734237,0.11972119587455456,-0.07897244526231118,0.06750019334086353,-0.07958779940009515,-0.07576195827080683,-0.07874014046583776,-0.1614227130108104,0.2500000000000002,-0.24955658137361744,0.24918072492852963,-0.22385047357722945,0.1942799484034349,-0.1065705810660354,0.01710753855744672,0.06254517875260318,-0.0861602576509782,0.09677394647524007,-0.2468111133890528,0.24425469014463103,-0.24649779741271272,0.23978706510346298,-0.22492732140873617,0.22249146502701903,-0.17086234884162987,0.14910261863921956,-0.1107878275044483,-0.1578341607746595,0.2397412466206512,-0.24146968916929018,0.2382473230424422,-0.2379754313746535,0.2166743171819264,-0.2186787296015541,0.14195079871890448,-0.13353736816616385,-0.005134502635782956,0.06563829032871381,-0.23763317490119984,0.23558528504852772,-0.23780066708035147,0.21009712845177123,-0.19575411639328663,0.10639804454877107,-0.06038833540691225,0.04359231986690703,-0.05173680768758918,-0.07898552556315534,-0.07866510204489148,-0.18884679835736515,-0.07859837558940186,-0.16133597651266013,-0.07874486254459508,-0.08123735630099178,-0.07866776227309336,-0.04138509918029032,-0.07874508954399034
0.07709630808835352,0.07859411971666279,-0.15823535747075007,0.0797797035959744,-0.11965747088124983,0.07923212275535499,-0.06742205638737857,0.07983916211698765,0.07596930213325806,0.07900010357602089,0.16147938540748602,-0.24955658137361744,0.25000000000000017,-0.24913781466430118,0.2238207352432513,-0.19422192490857307,0.10652011024290788,-0.017009649879860672,-0.06270092495547759,0.08638012600416525,-0.09663031387942637,0.24676756869081723,-0.244209992400528,0.2464541772776014,-0.2397378250127172,0.2248882512097313,-0.22244380907088113,0.1708630609937395,-0.1490785456974314,0.11091916544525425,0.1579472738249034,-0.23969253208101068,0.2414224644539522,-0.23819752132539748,0.23792537594876084,-0.21661000657007803,0.21861870989477877,-0.14184853526539865,0.13345839191828274,0.0053382329869817976,-0.0654744696904834,0.23758291215401606,-0.23553352487103968,0.23775129436932077,-0.21003309649939567,0.19572150309913786,-0.10637182825548529,0.06048786349821094,-0.04379150426636999,0.05196872741283643,0.07924494749359458,0.07892494486973636,0.18886943206135012,0.07885824494704395,0.16137813757895184,0.07900483204952449,0.0812678726238763,0.0789276752599797,0.04160336889740307,0.07900506019530955
-0.07742073490977078,-0.07891844283906947,0.15786791945114995,-0.08010556868725241,0.12010427516197046,-0.0795567137349373,0.06766474707414186,-0.08017229056634646,-0.07633409619815433,-0.07932431486614,-0.16140802516683767,0.24918072492852963,-0.24913781466430118,0.25000000000000017,-0.22453172231512286,0.19492582480494058,-0.10715419607585758,0.01716053030743491,0.06304562126294554,-0.08672828066900898,0.0968510375285759,-0.24744719205820323,0.24488190598352597,-0.24713299089139493,0.24040787143489542,-0.22558085715938853,0.22310695736398997,-0.17147625724645782,0.14959811517035126,-0.11136388257504488,-0.15843767441295098,0.2403553236713643,-0.24208831400714728,0.2388606680602195,-0.2385896023961857,0.21720839194324287,-0.2192307248440979,0.14223232733449223,-0.1338595683878188,-0.005420679413862132,0.0655999388903478,-0.238243668039111,0.23618806096885048,-0.23841319791595758,0.21061110910092837,-0.19627392552519676,0.10667331296231634,-0.06070777125487302,0.04399475099788504,-0.05220555194649115,-0.0795696576483105,-0.07924888904894543,-0.18942199855838845,-0.07918200562298483,-0.1618574548513014,-0.07932905068085515,-0.08151699364645511,-0.07925165030387739,-0.0418058775197698,-0.07932927991019874
0.10261081000450495,0.10411053850813803,-0.13361489184350175,0.1052955636100288,-0.1354393841611805,0.10475570418651621,-0.07316975737653256,0.10531684085135654,0.10113175669192714,0.10452491442249454,0.15943248167693974,-0.22385047357722945,0.2238207352432513,-0.22453172231512286,0.24999999999999997,-0.2127151833081218,0.12804286814195157,-0.023898590759560044,-0.08636094087651945,0.11135070081303892,-0.07229936673619214,0.22345512603804576,-0.22093259901426654,0.22315512991075862,-0.21640757926519483,0.22662422160510698,-0.21547362751910856,0.18422207870387444,-0.15497072589410946,0.12944713957391613,0.16007196189956302,-0.21632918979126034,0.21808002362839826,-0.21487888754938017,0.21470287146600053,-0.19327453667018452,0.19762284617914594,-0.12149838668212803,0.12310968121791549,0.02780923761131087,-0.041002446702112436,0.21424751773188144,-0.21216997683746835,0.2145166343906893,-0.18707698078976123,0.17805046419372933,-0.09612593039467168,0.06925822963100882,-0.0648745664489463,0.07616875160607456,0.10468919556749821,0.10444136788014068,0.1785492954465231,0.10438228320580811,0.15495352021296066,0.10453025978698534,0.07952854162519668,0.1044518973514393,0.06497024351888031,0.10453060928200382
-0.07756135626379826,-0.07881339265018573,0.1191499694507981,-0.07988997501340567,0.11573913129920275,-0.0793836965895307,0.10130438351825642,-0.07998553919143749,-0.07598510849186828,-0.07915369267973757,-0.13241806759747116,0.1942799484034349,-0.19422192490857307,0.19492582480494058,-0.2127151833081218,0.2500000000000002,-0.16096175809912872,0.055551502520875935,0.061073459987055836,-0.08613148218706972,0.07051326559649936,-0.19444489879915683,0.192308260355687,-0.19421634222657935,0.19546534657965117,-0.21299155555692556,0.2010482748646426,-0.1736755237434153,0.14562926275259022,-0.1099064436011992,-0.13333997739862333,0.19138747324219474,-0.19151077011127496,0.19293125488250432,-0.19377199178070048,0.17572963240155662,-0.1801042069442178,0.11479832426251489,-0.11677361125442985,-0.013218435418181313,0.044697047142104394,-0.19214679177676647,0.19050541562091095,-0.1925131097689949,0.16947713506007947,-0.16061209166676357,0.08800327365590038,-0.0575124091097092,0.04763802273352387,-0.05557143922687768,-0.07932628341906006,-0.07908506426603533,-0.15693755986190125,-0.07903111380493627,-0.13529906709841624,-0.07915724634035536,-0.06987627779598353,-0.07909027334109875,-0.04643081108475877,-0.07915749588904836
0.08003768855503837,0.08089718503565434,-0.057107332869740825,0.081529572687795,-0.05683269414597399,0.08134204673882114,-0.15319843687167697,0.08187879149012788,0.05554984901233278,0.08114544973242874,0.09164276893876323,-0.1065705810660354,0.10652011024290788,-0.10715419607585758,0.12804286814195157,-0.16096175809912872,0.2500000000000003,-0.11301179456127582,-0.026966140845742708,0.07061461070827486,-0.02231496004484933,0.10696776113153163,-0.10562444059402128,0.10684028524800197,-0.10932021621312507,0.12877642012186566,-0.1189456504033786,0.15425171170908888,-0.12759619691365465,0.10462208022888406,0.09293402494840758,-0.10559894215216334,0.10539344960714614,-0.10734438829513274,0.10816854674212127,-0.09562973606651959,0.10017029946898197,-0.06159226531906404,0.08025245330945778,0.030520879310600598,-0.004672128221331702,0.10672972385943978,-0.10559938939062836,0.10713267712180104,-0.09173292514339679,0.0918996537239715,-0.05118837544767769,0.05112063080014413,-0.05566357861770561,0.06374632596630249,0.08117911457835077,0.08108801375492654,0.09735974440823426,0.0810585419152416,0.0859874173619498,0.08114641106175212,0.0472934141007403,0.08109889785732105,0.056772474050716615,0.0811467095096449
0.038309906925219045,0.03840728128878974,0.02097316191276382,0.038022937849094746,0.025094824474992474,0.038255089174383736,0.07544043386508585,0.03767841020273725,0.060790650964826234,0.03844634705394098,0.012671750002023587,0.01710753855744672,-0.017009649879860672,0.01716053030743491,-0.023898590759560044,0.055551502520875935,-0.11301179456127582,0.25000000000000033,-0.10214382667010005,0.053917662626237726,0.028933208918475752,-0.017985462106248615,0.018254988472074383,-0.018024381328278865,0.0229036396581727,-0.033843350494202055,0.032871431581075625,-0.07888137930447554,0.06939595353473614,-0.0026729395144969447,0.010873552174742875,0.020486142943230545,-0.019523997388579743,0.02225677787166256,-0.022904542733466926,0.023796033785039455,-0.025170693151247515,0.0344778113965899,-0.04792417255167067,0.038758768598000724,0.030931280042750073,-0.022142872097654885,0.02233710581417407,-0.022119626405634668,0.023065444066358562,-0.01854372442049469,0.014099043655414503,0.007846119214069547,-0.028918703565885245,0.03509054609891733,0.038338349803911945,0.03843212727015351,-0.009369222317187694,0.038441813713364734,-0.0030764364107396997,0.038449642707184976,-0.002305196877600321,0.038445487022733045,0.03313135955447507,0.03844982021845486
-0.16893848318057053,-0.16999760922326562,0.004636117369383181,-0.16985168342472634,0.008913262981710714,-0.1701517978546184,-0.0020474152495528583,-0.1695137619046158,-0.199407314594863,-0.17033494142445135,-0.11766648282454875,0.06254517875260318,-0.06270092495547759,0.06304562126294554,-0.08636094087651945,0.061073459987055836,-0.026966140845742708,-0.10214382667010005,0.2500000000000003,-0.1973256768499857,-0.04550895621560704,-0.06220969921625459,0.06052693542429663,-0.062036081450325235,0.05578224640561945,-0.07531750442351655,0.062410702206238795,-0.06558147733366422,0.043176668931503834,-0.12087589575051227,-0.1171622101368254,0.056402857966934665,-0.05796251790974606,0.05499642954482023,-0.05473436774734048,0.03967851073685209,-0.04419997065689556,-0.007322617361306865,-0.004563729640527967,-0.11365581362702411,-0.06745887312255468,-0.05455753181715849,0.053014323189408664,-0.055086350409968274,0.03745988732128631,-0.0498970791234862,0.022103237635565622,-0.07552681511024344,0.12462419229246202,-0.14556680977437852,-0.1701252221473161,-0.17024569410521778,-0.07795147799025726,-0.17023713691023523,-0.07912758532387068,-0.1703429097750566,-0.04472048811960567,-0.17028529273396398,-0.1344422548736109,-0.17034361963013142
0.21559544607396686,0.2169659453549021,-0.009503971048311896,0.21682833485678282,-0.01081226753737473,0.21721283436132718,-0.011812580203784324,0.21661147517592813,0.20191115660886272,0.21740548440691607,0.1532268903281281,-0.0861602576509782,0.08638012600416525,-0.08672828066900898,0.11135070081303892,-0.08613148218706972,0.07061461070827486,0.053917662626237726,-0.1973256768499857,0.2500000000000003,0.05418995748993322,0.08571927616691007,-0.08357810711154609,0.08550542627721143,-0.07879544939177845,0.09955470936963304,-0.08510920234728457,0.11142225592879802,-0.07803329226396612,0.16301364762281031,0.15266149255567069,-0.07882523319240557,0.0805851434178652,-0.07754566622123023,0.07737807000886684,-0.05761240952956469,0.06349978268599378,0.0014735583733752724,0.019244559701667465,0.14174743592208527,0.08277274612818103,0.07692307249326011,-0.07493175933854478,0.07763190144566877,-0.05453801252066192,0.07022524173141871,-0.03237094537787974,0.09868791194007516,-0.15895437881071067,0.18534962490727847,0.21714992995618004,0.21728876710422027,0.10551925236101803,0.2172752009944042,0.10551875936732298,0.21741359141359926,0.059802598162410736,0.2173382374607916,0.171038019743272,0.21741449388828127
0.0731356065255153,0.07301573792121209,0.0862526075517963,0.07224213532899984,0.0661799043578156,0.07279242850714172,0.03519425274230293,0.07215295348611392,0.05420012051728667,0.07302307547776357,-0.009323959571008377,0.09677394647524007,-0.09663031387942637,0.0968510375285759,-0.07229936673619214,0.07051326559649936,-0.02231496004484933,0.028933208918475752,-0.04550895621560704,0.05418995748993322,0.25000000000000006,-0.0986291238729386,0.10080078441077667,-0.09882788585439418,0.10279168299954945,-0.08258116058223962,0.08907000264026378,-0.03709086187216839,0.04251775032374936,0.02903536133247837,-0.010707026681555234,0.10251926999811724,-0.10207988702847644,0.10338303159794655,-0.10367784671536687,0.10171449404018672,-0.09917442099208389,0.08776164611150788,-0.06899847385195221,0.07565513550505369,0.08665320177605039,-0.10325745312385601,0.10315742169198228,-0.10303009469972779,0.09909883482925522,-0.08161852300660019,0.04759210274030397,0.018136702074164325,-0.062014955254762624,0.0717392579679957,0.07272980367363538,0.07300394967072907,-0.056998960094386555,0.07303736868440303,-0.04038870093868959,0.0730244269191502,-0.01667572226102425,0.07302990506918304,0.07012824784884213,0.07302479176126746
0.07641408382375012,0.077896535915032,-0.15641868381740445,0.07907863279309396,-0.11983089699988712,0.07853024444983221,-0.06752222531595056,0.07914586762037845,0.07542216952485013,0.07829797593152785,0.15966321052027393,-0.2468111133890528,0.24676756869081723,-0.24744719205820323,0.22345512603804576,-0.19444489879915683,0.10696776113153163,-0.017985462106248615,-0.06220969921625459,0.08571927616691007,-0.0986291238729386,0.25000000000000017,-0.2472186921625614,0.24854035251105472,-0.2424496847858723,0.22641002264837115,-0.22436221263803388,0.17206637535403704,-0.150351765486791,0.11096387833105685,0.15903946231794888,-0.24271362782769668,0.24444971507068863,-0.2412172965181811,0.240936782852691,-0.21946234242546447,0.22127242074082587,-0.14405759363279502,0.1352409687677322,0.004184401166152168,-0.0672293404063377,0.24059776202657163,-0.23853463929134,0.24076315825723413,-0.2128210976181553,0.19813890638625994,-0.10773513003562382,0.06054252064037491,-0.043058291704219855,0.0511299384349384,0.07854883483115938,0.07822262827712796,0.190867001884043,0.07815501419513048,0.16294763438288246,0.07830265450743049,0.08199706064092482,0.07822496495282516,0.04072986182628824,0.0783028781814518
-0.07426520460332892,-0.07572621613839761,0.15512519064280703,-0.07690011835782785,0.11883742731413627,-0.07635302127165539,0.06694433418716564,-0.07696749428029147,-0.07346993886053986,-0.0761213306915748,-0.15730804857758882,0.24425469014463103,-0.244209992400528,0.24488190598352597,-0.22093259901426654,0.192308260355687,-0.10562444059402128,0.018254988472074383,0.06052693542429663,-0.08357810711154609,0.10080078441077667,-0.2472186921625614,0.2500000000000001,-0.2474693813109025,0.2434563302332662,-0.22435931893706712,0.22352128269027507,-0.1696691931501333,0.14864919289836906,-0.10893832796019681,-0.1589702192385343,0.2449546880463223,-0.24668883930160218,0.2434563763884877,-0.2431425920942723,0.22164870433676268,-0.22275044543781777,0.14585441804566504,-0.13573875276397873,-0.0023134114539384606,0.06943018122130107,-0.24283767395795544,0.24077550140556578,-0.24299459847367252,0.21500619328813783,-0.19980815270049584,0.1086820705066156,-0.0597621282844739,0.04122821436787085,-0.049043594229218904,-0.07637931968514049,-0.07604659651823859,-0.19189551041443323,-0.07597828211459955,-0.1636195087584755,-0.07612591890967906,-0.08218525680558574,-0.07604827249705758,-0.038705642294894295,-0.0761261321105149
0.07620811517489899,0.07768819808177471,-0.15624663819832718,0.07886912075538997,-0.11969744696755594,0.07832107657517652,-0.06746684354921254,0.07893635023702522,0.07522661801950935,0.07808895407883373,0.1594041667403022,-0.24649779741271272,0.2464541772776014,-0.24713299089139493,0.22315512991075862,-0.19421634222657935,0.10684028524800197,-0.018024381328278865,-0.062036081450325235,0.08550542627721143,-0.09882788585439418,0.24854035251105472,-0.2474693813109025,0.2500000000000002,-0.24302578015901957,0.2263064663914002,-0.22441254503981092,0.17185636027538187,-0.15028527668222458,0.110809176633631,0.15903621118400252,-0.2429495389127244,0.24467835907275393,-0.24146770524721498,0.24119515559103602,-0.21972067564284833,0.22157735325271077,-0.14426493751287217,0.13533619075147238,0.003990729100768168,-0.06745627220626782,0.24084681158096116,-0.23878422222606455,0.24101227502831363,-0.2130653360922992,0.19833991463465897,-0.10785159459718716,0.06047758255566526,-0.04288214269894785,0.050927476556239706,0.0783405510059825,0.07801365884673896,0.19098906389672599,0.07794596566242892,0.16303696069491855,0.07809362295708554,0.08203181695928757,0.07801592728191639,0.040532729809034454,0.07809384560592934
-0.06946930721201887,-0.07088865157066174,0.15321502449451724,-0.07205127986019588,0.11692585603020851,-0.07150324664781249,0.07092038426522945,-0.07212154538851819,-0.06869123205943088,-0.07127092201063777,-0.15265031406100063,0.23978706510346298,-0.2397378250127172,0.24040787143489542,-0.21640757926519483,0.19546534657965117,-0.10932021621312507,0.0229036396581727,0.05578224640561945,-0.07879544939177845,0.10279168299954945,-0.2424496847858723,0.2434563302332662,-0.24302578015901957,0.2500000000000002,-0.22883181060770424,0.22811241872393725,-0.17434776805869218,0.1533555001081521,-0.10799327294277851,-0.15404781481031715,0.24352949941287927,-0.24346749247264618,0.2456872060593449,-0.24663241952528936,0.22562884582646986,-0.22687670041844024,0.1500999602450944,-0.14017384240304237,0.0023598823196660144,0.0729590860920637,-0.24475005328014496,0.24287139236462557,-0.24511667839875353,0.21800564441654643,-0.2029829707771957,0.11109739250928402,-0.059029970067591475,0.03777177552796512,-0.04470880166513424,-0.07154048013564566,-0.07119802223661809,-0.19220200568542606,-0.07112861754016354,-0.163849783721882,-0.07127523412704449,-0.08285205569206042,-0.07119791693519799,-0.03462636038620603,-0.07127542462456278
0.0902998161967454,0.09174573883437544,-0.13733641132973082,0.09288608966768631,-0.12081087472103139,0.09237410710636335,-0.0757848862183625,0.09297298361226997,0.08912574209528508,0.09214318844666573,0.1548806603856664,-0.22492732140873617,0.2248882512097313,-0.22558085715938853,0.22662422160510698,-0.21299155555692556,0.12877642012186566,-0.033843350494202055,-0.07531750442351655,0.09955470936963304,-0.08258116058223962,0.22641002264837115,-0.22435931893706712,0.2263064663914002,-0.22883181060770424,0.25000000000000056,-0.23495967030558032,0.1939124510638462,-0.16483676125451374,0.1255490929215028,0.15546632743586145,-0.22362462924960919,0.22362523530194042,-0.22572051364776818,0.22680371444781935,-0.20580489259936735,0.21084586048011078,-0.13328666708111017,0.1339784326972489,0.015698834493609155,-0.05254231707574961,0.22478014228436974,-0.2228795694909566,0.22522309670419208,-0.19840412691086967,0.18793202591334282,-0.1024480737135952,0.06638111964248608,-0.055140034876127154,0.06458287220318785,0.0923458639058029,0.09206359808738501,0.18329569938851092,0.0920005758341814,0.1581614080476328,0.09214791047245106,0.08128621791665795,0.09206983358497213,0.05385402729911172,0.0921482006718137
-0.07550443677423153,-0.07687223037571202,0.13930615902961202,-0.07799982129950282,0.11671506945151901,-0.07747513127926733,0.07335481345211015,-0.07808245604105617,-0.07514259789699346,-0.07724370874785014,-0.1464949496789125,0.22249146502701903,-0.22244380907088113,0.22310695736398997,-0.21547362751910856,0.2010482748646426,-0.1189456504033786,0.032871431581075625,0.062410702206238795,-0.08510920234728457,0.08907000264026378,-0.22436221263803388,0.22352128269027507,-0.22441254503981092,0.22811241872393725,-0.23495967030558032,0.2500000000000003,-0.18644004233611802,0.16134270010467314,-0.11364136291531637,-0.14741354414253224,0.22319872108162211,-0.2231028389631725,0.22538165169817095,-0.22649957495877568,0.21435657489353768,-0.21908571506213073,0.14527753653014483,-0.14231202847523347,-0.0022256745002999204,0.06034162795727953,-0.2244367507445463,0.22258113272857802,-0.22485129108945612,0.2024280912495216,-0.1942978070128699,0.11102287361225187,-0.06656712597811532,0.04650745800716341,-0.051935512879229005,-0.07747020628416125,-0.07717033691253869,-0.1790905514905223,-0.07710571814528888,-0.15576935592505722,-0.0772479654757587,-0.08422411107904179,-0.07717064312444578,-0.04245994789189654,-0.0772481858786989
0.12493574195798131,0.1262793182333774,-0.0901808160040547,0.1270827288064214,-0.08404670778609177,0.12686577251857223,-0.07481502448629226,0.12738308436424484,0.10436378141282726,0.12667587221826618,0.1464044356227377,-0.17086234884162987,0.1708630609937395,-0.17147625724645782,0.18422207870387444,-0.1736755237434153,0.15425171170908888,-0.07888137930447554,-0.06558147733366422,0.11142225592879802,-0.03709086187216839,0.17206637535403704,-0.1696691931501333,0.17185636027538187,-0.17434776805869218,0.1939124510638462,-0.18644004233611802,0.2500000000000004,-0.21287247239134713,0.16355634524275056,0.1473073147675604,-0.1689451906794917,0.16887368645196305,-0.17120730659392916,0.17232037572692002,-0.15495054859526045,0.16139771215117774,-0.1105839210976331,0.13933002939163783,0.04284512754614701,-0.00879660039967987,0.17023535870107656,-0.1683497612271519,0.17086317730049577,-0.1471236672616756,0.14873001409981967,-0.09159103922161453,0.08961222684703331,-0.0904646247873401,0.09958651379701705,0.1267362383674068,0.1265878760271871,0.15430342055915894,0.12654012732969344,0.13669263965603234,0.1266803512644094,0.08181140583837601,0.1266012915906103,0.0894824291509088,0.12668080874162402
-0.08852928874593609,-0.08960911350128078,0.08362106913059855,-0.09036043685709368,0.07514835431242405,-0.0901157592299985,0.06475550175010159,-0.09064772069144321,-0.07408009136742091,-0.0899229967148139,-0.11734250279861691,0.14910261863921956,-0.1490785456974314,0.14959811517035126,-0.15497072589410946,0.14562926275259022,-0.12759619691365465,0.06939595353473614,0.043176668931503834,-0.07803329226396612,0.04251775032374936,-0.150351765486791,0.14864919289836906,-0.15028527668222458,0.1533555001081521,-0.16483676125451374,0.16134270010467314,-0.21287247239134713,0.2500000000000001,-0.14382395488292946,-0.11821138868701947,0.14850238846737057,-0.148296570351748,0.15067468305628076,-0.1517702184057693,0.1432867018292343,-0.14900886280499698,0.14697226606328456,-0.1756221208634932,-0.006226420340374867,0.01887979219346221,-0.14969849842116764,0.1479183644282321,-0.1502827245265064,0.13194743344726662,-0.13627096451968612,0.11674015351676409,-0.10463181433998535,0.07728068792993303,-0.0698789693725639,-0.09001197405316104,-0.08985404987691431,-0.1302845244795828,-0.08980871939224101,-0.11483061991773447,-0.08992631120896692,-0.09325777066355025,-0.08984809145346913,-0.06549233686441622,-0.08992659697687459
0.19365154027508158,0.1950266211720963,-0.030777708529538324,0.1951609290743104,-0.028231051381560006,0.19542855535093395,-0.029720188776276444,0.1955001964141981,0.15897963059629072,0.19546042062504104,0.15356345154199985,-0.1107878275044483,0.11091916544525425,-0.11136388257504488,0.12944713957391613,-0.1099064436011992,0.10462208022888406,-0.0026729395144969447,-0.12087589575051227,0.16301364762281031,0.02903536133247837,0.11096387833105685,-0.10893832796019681,0.110809176633631,-0.10799327294277851,0.1255490929215028,-0.11364136291531637,0.16355634524275056,-0.14382395488292946,0.25000000000000006,0.15364516403157819,-0.10579807307573166,0.10682885834739703,-0.10600991648378953,0.10638612444908238,-0.08606672779795013,0.09249687916841384,-0.04124684551791728,0.06997793992373307,0.11181014054042657,0.05811762663287669,0.10519990310289905,-0.10317047490196553,0.10595082404141754,-0.08162560232317179,0.09410192187972924,-0.05729626857155695,0.10581114719390515,-0.14533073903337076,0.16445553383997227,0.19529148648520664,0.19534908538113294,0.12199405544586439,0.19532484192422847,0.11623216496615671,0.19546696349160497,0.07246239769423914,0.19538630128971912,0.1518415330181619,0.1954677506575044
0.1641104182544222,0.16557432438344322,-0.07220283023315802,0.1659841234702804,-0.055066335088334674,0.16600813916852564,-0.035384375664016865,0.16595865612104868,0.14150720514136975,0.16601516158741259,0.1616552750295976,-0.1578341607746595,0.1579472738249034,-0.15843767441295098,0.16007196189956302,-0.13333997739862333,0.09293402494840758,0.010873552174742875,-0.1171622101368254,0.15266149255567069,-0.010707026681555234,0.15903946231794888,-0.1589702192385343,0.15903621118400252,-0.15404781481031715,0.15546632743586145,-0.14741354414253224,0.1473073147675604,-0.11821138868701947,0.15364516403157819,0.2500000000000001,-0.15503030142737836,0.15675007264028415,-0.1536818734543352,0.1534239391419395,-0.13194145894167553,0.13577124058820011,-0.06399976312032048,0.07400157011654869,0.08697041035873446,0.02023373907745622,0.1530247385920039,-0.15090971286140628,0.15353332611476017,-0.12719619420589182,0.13026890257338458,-0.06772794805343438,0.08705620534603768,-0.11530022191737352,0.13464690732091164,0.16597205600894602,0.16591093172813123,0.14848034409943342,0.16587266063799044,0.1359348192014738,0.1660216795507819,0.07277692697768519,0.16594162261300008,0.12144014766957437,0.1660223236190525
-0.06931552496871306,-0.0707337080499785,0.15316278845377285,-0.07189661592339978,0.11715081656113352,-0.07134809485817696,0.06804341082088754,-0.0719657668516515,-0.06891753382963252,-0.07111575407739418,-0.15255077914862222,0.2397412466206512,-0.23969253208101068,0.2403553236713643,-0.21632918979126034,0.19138747324219474,-0.10559894215216334,0.020486142943230545,0.056402857966934665,-0.07882523319240557,0.10251926999811724,-0.24271362782769668,0.2449546880463223,-0.2429495389127244,0.24352949941287927,-0.22362462924960919,0.22319872108162211,-0.1689451906794917,0.14850238846737057,-0.10579807307573166,-0.15503030142737836,0.2500000000000003,-0.24812973328161503,0.24692795762234382,-0.2462962591975923,0.22508189032739728,-0.22537172545776102,0.14919249225368944,-0.1379141384256836,0.0019780790518745665,0.07374102116494931,-0.24634013952501194,0.2442906543316397,-0.24647811837842448,0.21852914952010485,-0.2023322676577873,0.11012308784503277,-0.057947123635711424,0.03716185900495073,-0.04438102906309294,-0.07138793052287279,-0.07104277658583869,-0.19324116107011668,-0.07097325452694803,-0.16422410980552904,-0.07112011273159446,-0.08216594440878999,-0.0710429912692089,-0.03423095202306031,-0.07112030270150778
