x1,x2,x3,x4,x5,x6,x7,x8,x9,x10,x11,x12,x13,x14,x15,x16,x17,x18,x19,x20,x21,x22,x23,x24,x25,x26,x27,x28,x29,x30,x31,x32,x33,x34,x35,x36,x37,x38,x39,x40,x41,x42,x43,x44,x45,x46,x47,x48,x49,x50,x51,x52,x53,x54,x55,x56,x57,x58,x59,x60
0.25000000000000006,0.21883647636575715,-0.15150401927524904,0.21962791033318482,-0.16091069142520997,0.22020539202043596,-0.18652785917305523,0.21781241971686593,-0.18557134587364768,0.22140148454769398,0.13106890022496223,-0.1284789109470327,0.14430584826757933,-0.14112596131676386,0.1515152741018482,-0.13839705893009813,0.16800509290154833,-0.15182733780850086,0.16124895043243648,-0.13855304712449107,-0.027441525708232165,0.05772044052630158,-0.06199859584095609,0.08525641367416369,-0.07039443150005871,0.09076966955929583,-0.08557332093017961,0.10629162473273891,-0.10316341660088571,0.1470053066613827,0.03911735002279249,-0.011761564824929658,0.014664557752529056,0.010422580171695546,-0.006789840904056194,0.03199462886232202,-0.02357167619647536,0.04894432564890164,-0.04338592572572032,0.11086440694707159,0.05038704376950535,-0.049500247254674334,0.05960699471167275,-0.058649105058818526,0.07412280223157151,-0.07344735271898173,0.11314078986484291,-0.10327811535245414,0.13095748883917102,-0.08975132324345081,0.2050370481392308,0.21790056092610477,-0.08028280276320587,0.218920007469807,-0.09702944041810449,0.2199823045028258,-0.13390278473762976,0.21408077245682056,-0.15876632676612762,0.22140357604194555
0.21883647636575715,0.24999999999999994,-0.18078992798443883,0.24569317112074177,-0.18799834519658162,0.246253300122267,-0.21172234158221068,0.24394451169242046,-0.2098063923879758,0.24742702936750116,0.15903227640154377,-0.15535124381139118,0.17136529467062978,-0.16792459307537125,0.17816384251068268,-0.16386357776399516,0.1930308001974982,-0.17623431182471558,0.1855633871174738,-0.16208370333505923,-0.03926223393644257,0.07536108318870871,-0.07958387363493022,0.10557110059754732,-0.08931821727329657,0.11251059172112175,-0.10678286320103614,0.1294051777323363,-0.12589521283547772,0.17125794331319494,0.05297751625145526,-0.02208271793388066,0.025423897136462623,0.0030581607547423267,0.0011299117664831612,0.028044528865953322,-0.018419063262263485,0.047796520638045,-0.04141569336343209,0.1195178450223544,0.04942560275037943,-0.04832327804193268,0.060011638932731676,-0.05890200757116628,0.07682551080522071,-0.07604398327221898,0.12202647166164925,-0.11063895742499105,0.1427018221838747,-0.09558819722757257,0.22970170694265118,0.24337254278581044,-0.08398709857954789,0.24455227340612123,-0.10338124600634868,0.24578278908456325,-0.14607966149076684,0.2389467059227898,-0.17492831100981338,0.24742912389265032
-0.15150401927524904,-0.18078992798443883,0.24999999999999992,-0.18065062558702324,0.2237319326241913,-0.17951411143724924,0.18251176185347748,-0.1812929285914873,0.1625594001922938,-0.1788570547297494,-0.22339340003649608,0.22175220903786996,-0.2377739362083197,0.23357446472842944,-0.22465410270189234,0.2110032940523742,-0.1917191058559393,0.18344301872068194,-0.17790063153747884,0.1751807772545905,0.10586914081655778,-0.14172654053354267,0.1456627521689653,-0.17137970173467182,0.15517401160804226,-0.17455895589186948,0.1689580708007415,-0.18115408015017267,0.17822669275055716,-0.1797666205066984,-0.11816316468286688,0.08857367312290866,-0.09189372963281113,0.06355526171228053,-0.06773214654902106,0.038768868283092124,-0.04829949917061351,0.01916062839466599,-0.025362621039819032,-0.05199323703699804,0.01686289418879003,-0.018567917126454996,0.007068907871401494,-0.008169523384661646,-0.009608252644259515,0.00883944270828231,-0.054482958325519415,0.043165664820136194,-0.0749740335661425,0.032113256962819664,-0.17081112528187753,-0.17483958986223666,0.016905938245554353,-0.1760012397275103,0.03611245929802872,-0.1772220422567832,0.07836972282892384,-0.17044039320085297,0.10705933252733803,-0.1788552269565267
0.21962791033318482,0.24569317112074177,-0.18065062558702324,0.25,-0.19063184316201556,0.24708979372472703,-0.21262802344395032,0.24486211340149766,-0.210468518604272,0.24820058067412776,0.16088844476019654,-0.15719705088376082,0.1732939080280613,-0.16983407685047608,0.18029088270900548,-0.16588823384677395,0.19436106129455172,-0.17744588266877548,0.18664236807405218,-0.1633106699111851,-0.04013021691238508,0.07647313747880903,-0.08072578569872062,0.10690604231294,-0.09053913873317651,0.11398998293259728,-0.10821897973799137,0.13092146477382857,-0.12739145758211695,0.17248011271618693,0.05394018669014808,-0.022868770233706332,0.02623070542408916,0.0024256439666003843,0.0017886402696987293,0.027554167969282575,-0.017865007287561796,0.04741226625074478,-0.04099130344370294,0.11954694899060887,0.04906740726725623,-0.047952409366670334,0.0597069223833034,-0.05859091525322533,0.07661745623757088,-0.07583149694315941,0.12207877136187503,-0.11062296178505047,0.1428703064327909,-0.09551696948678096,0.23046864400744932,0.24412282152061013,-0.08382219286806834,0.2453092512002236,-0.10332754418398941,0.24654684595000545,-0.14627060468267927,0.2396714295295221,-0.17528345960827768,0.24820265299649105
-0.16091069142520997,-0.18799834519658162,0.2237319326241913,-0.19063184316201556,0.25000000000000006,-0.19004215793526158,0.19386160441971104,-0.19083729074891898,0.17385354093615885,-0.188841338881002,-0.21803312612198136,0.2158127742644143,-0.23186639011864335,0.2284144652273915,-0.23883030149023457,0.22446468868041622,-0.2039820799252901,0.18988311006493963,-0.1843882764081696,0.1790414994266565,0.0989912290998591,-0.13528578557454232,0.13948051757424548,-0.16564898844992887,0.1493160924720623,-0.17269256869345515,0.16693610329257963,-0.18194077793463173,0.17877408377748372,-0.1841529127984885,-0.11178981700031543,0.08177093236170967,-0.08513000943433707,0.05650144649089532,-0.060730980649595916,0.03141925310334548,-0.04110810170348039,0.011612264354934896,-0.017957341375561216,-0.06040176927938589,0.009322011890579102,-0.010978786790863107,-0.0006677152229465473,-0.0004461847002893471,-0.01754678139060457,0.016767923228668526,-0.06295995095216961,0.05149613018745436,-0.08368889553348363,0.039826042603537636,-0.17958808506034593,-0.1847743589857499,0.02491009478963559,-0.18595103896819554,0.044352613442220794,-0.1871865871820074,0.08713254521336254,-0.18032295376173915,0.11614905512590694,-0.18883952048868716
0.22020539202043596,0.246253300122267,-0.17951411143724924,0.24708979372472703,-0.19004215793526158,0.25000000000000006,-0.21468170154838917,0.245222799534515,-0.2109678915913986,0.24878386540779973,0.1602938871875324,-0.15661689610459817,0.17271403237918653,-0.16925426052879614,0.17971378341473307,-0.16531069545304747,0.1954559763790629,-0.17844849741583269,0.18793504413275497,-0.16398849364974707,-0.0395500090291105,0.07589298544454892,-0.080146223347808,0.10632620040295808,-0.08995910696188547,0.11341069433510008,-0.1076398012742448,0.13060437248070472,-0.12706221682076244,0.17323672712442095,0.0533697655193721,-0.022288285739815675,0.025650217796574917,0.00300616126348667,0.0012079713851582067,0.028134982595149488,-0.018445890622727515,0.047993482724257644,-0.041570525897261096,0.12012885919600495,0.04964242238230545,-0.048532704852900135,0.060288151856873154,-0.05917213235805583,0.07719888115427392,-0.07641285727273886,0.12266036198684148,-0.11120472165315731,0.1434523850237643,-0.09606501578987768,0.230968713056253,0.24470584570767145,-0.08440200768595532,0.24589236275674775,-0.10390784436647571,0.24712996926671568,-0.14685222036731008,0.24025448348416534,-0.17586485412090783,0.24878579337270595
-0.18652785917305523,-0.21172234158221068,0.18251176185347748,-0.21262802344395032,0.19386160441971104,-0.21468170154838917,0.25000000000000006,-0.2170811716971795,0.2173880658800683,-0.21348270745117706,-0.16898715699344444,0.16633639917945228,-0.1824179769022551,0.18128494008257998,-0.1917682638180898,0.20019427611379234,-0.23026615318498747,0.2133338117589202,-0.20743268299517195,0.18352559267162014,0.052509629321130076,-0.08845842868970882,0.09273406931411454,-0.1188826140673943,0.12492518965058572,-0.148396888667539,0.1426486154016992,-0.16557448029967664,0.162038662591763,-0.19180667935181286,-0.06554992883208641,0.047064082919781966,-0.050147365517403224,0.03209468854376516,-0.03631662987031857,0.006985943399381356,-0.016678364594717304,-0.012845898177424412,0.006434473699936081,-0.08492585806792918,-0.014863959878897225,0.013525573319149003,-0.025135369560181538,0.024019398082627944,-0.042030956924589837,0.041248902616855924,-0.08747354114359646,0.07601052784622167,-0.1082326449538813,0.06288471774097217,-0.19977524544524952,-0.2094089163247441,0.049326093271312876,-0.21059010338678857,0.06880283149023715,-0.21182676197178366,0.11165939020554612,-0.20495678806562248,0.14068056179850497,-0.21348123718622272
0.21781241971686593,0.24394451169242046,-0.1812929285914873,0.24486211340149766,-0.19083729074891898,0.245222799534515,-0.2170811716971795,0.2499999999999997,-0.2153934651567823,0.24638781551894903,0.16254040942153822,-0.1589256966827857,0.1750227989549165,-0.17157125243422489,0.18203096336833324,-0.16770614125670205,0.19784856322540859,-0.1808490358675456,0.1904831437507374,-0.1665349604501041,-0.041870556396713346,0.07821253919092504,-0.08246425287043238,0.10864578834053931,-0.09235515083147491,0.11580633119069397,-0.11003585952600718,0.13300056032556395,-0.12945857928433221,0.1756748041193539,0.05564953660700438,-0.02464957742029695,0.028010680085303337,0.0006104680977335503,0.003604632200476736,0.025739135802570902,-0.01604929029584811,0.04559686921965175,-0.03917436075793294,0.11773227686358788,0.04727194042889899,-0.046140334767645605,0.05789182878986613,-0.05677581668431608,0.07480243516785928,-0.07401664599890963,0.12026506773300555,-0.10880830444243222,0.14105595432658868,-0.09380713320331616,0.22891320863323927,0.24230956359985556,-0.0820124904630171,0.24349576513334215,-0.10151711828111969,0.24473337309071969,-0.14445779909615178,0.23785789607754557,-0.17347255326482378,0.24638919361952286
-0.18557134587364768,-0.2098063923879758,0.1625594001922938,-0.210468518604272,0.17385354093615885,-0.2109678915913986,0.2173880658800683,-0.2153934651567823,0.24999999999999997,-0.21180091379835345,-0.14590065185062717,0.14309180580844133,-0.15915442338993116,0.1597209886637755,-0.17016332573972515,0.1786520031998669,-0.20857019420119285,0.21375480869453017,-0.223598836366011,0.19974975826740024,0.04360014665530664,-0.07928651866385165,0.08363278873830489,-0.1096853100744468,0.12058765840980872,-0.14375203928265534,0.14334955586841464,-0.16624353166396894,0.16272615810934532,-0.2077892562814404,-0.05656385838775871,0.04341735848964596,-0.04637086552709211,0.033020506277192725,-0.03723072906836035,0.007989588781839257,-0.017661740417953625,-0.01177239631335262,0.005376951427664714,-0.0836309794158737,-0.013800650967887648,0.012498777094318741,-0.02403485549657151,0.022921907520427155,-0.040878142890145255,0.04009856501513556,-0.0861808328788527,0.07474991526228579,-0.10687250294589909,0.061703795207309266,-0.19786732808711285,-0.20773935732340867,0.0481519905176528,-0.20891686204547144,0.06756982872992096,-0.2101497027146065,0.11029246414691073,-0.20330093936929192,0.1392222966079892,-0.21179906923013891
0.22140148454769398,0.24742702936750116,-0.1788570547297494,0.24820058067412776,-0.188841338881002,0.24878386540779973,-0.21348270745117706,0.24638781551894903,-0.21180091379835345,0.24999999999999994,0.1591445732962578,-0.1554135101808845,0.17151071150830502,-0.16805101428490246,0.17851096010349093,-0.16410768402977027,0.19426224075813758,-0.1772514019373392,0.18688580382355405,-0.16293710632576042,-0.038345875611288174,0.07468926342291665,-0.07894335597718641,0.10512276254931398,-0.088755813642599,0.11220781862204635,-0.10643690233825623,0.12940274554473305,-0.12586041347165594,0.17223696675533576,0.05218596847726163,-0.021083915091084638,0.024445830055015834,0.004210227450203919,3.474950901073758e-6,0.029339525000070487,-0.019650682991689136,0.04919874195864641,-0.04277546291199061,0.12133523091411852,0.05083452648973698,-0.04973595977542917,0.06149343340346344,-0.0603773910086563,0.07840448886685705,-0.07761833457279434,0.12386610167619388,-0.11241085368633393,0.14465902807027026,-0.09720125338289,0.2320037239714423,0.2459139906434378,-0.08560423867281038,0.24710068523454753,-0.10511099519942677,0.24833831037660864,-0.14805789996050245,0.24146271264644711,-0.17706992885661338,0.24999416217935685
0.13106890022496223,0.15903227640154377,-0.22339340003649608,0.16088844476019654,-0.21803312612198136,0.1602938871875324,-0.16898715699344444,0.16254040942153822,-0.14590065185062717,0.1591445732962578,0.2500000000000001,-0.2452294043431447,0.23425049019604413,-0.23021334669478707,0.22110176748105426,-0.20751761409875127,0.18173382982010228,-0.17404919410463437,0.1655264467965528,-0.1667793084536306,-0.1270895529035572,0.1632230373808793,-0.16109408553577345,0.18062899366598986,-0.1644964635137673,0.17830737814094277,-0.173011660810518,0.18080653150538736,-0.17832063766213152,0.170376721162336,0.1337157675751091,-0.10445433873565318,0.10768437218052346,-0.07952641649761956,0.08351179378459021,-0.05502376403141783,0.06359813268322664,-0.034974014279297604,0.040740177057673584,0.035051234044300404,-0.03339890733491053,0.035218055089939124,-0.023906962786764293,0.02499073417045649,-0.007487573350100385,0.008242871268859482,0.03670307559247571,-0.025803255644061412,0.057120501371419906,-0.016490953793727576,0.153590356747406,0.15519073295296754,0.0002548734353782087,0.15633235137315218,-0.018647266751720643,0.15753434595026747,-0.06022634508535428,0.150857649749958,-0.08872765218553821,0.15914224490013887
-0.1284789109470327,-0.15535124381139118,0.22175220903786996,-0.15719705088376082,0.2158127742644143,-0.15661689610459817,0.16633639917945228,-0.1589256966827857,0.14309180580844133,-0.1554135101808845,-0.2452294043431447,0.2500000000000001,-0.23386214288974475,0.2298685845136973,-0.22045745957056648,0.20691656283867768,-0.17979962732472138,0.17235190036606127,-0.16347595706907891,0.16575026775507445,0.1314983353638531,-0.16761001939607567,0.16445140532403169,-0.18278366380701508,0.1666928026249937,-0.17932789163829965,0.17409688662762238,-0.18108715400764455,0.1786831946715362,-0.16913063294651046,-0.13710348870040387,0.10788787923077428,-0.1111020475656655,0.08295716753541664,-0.08690868389571545,0.0584627489194431,-0.06685513292404127,0.03828118542521507,-0.04396815580628114,-0.03164864293446316,0.036857055474969674,-0.038702813162731026,0.027408212501649272,-0.028490667040955407,0.011009341463298811,-0.011763353539962391,-0.03312786387334478,0.02229300510338426,-0.053571029093964766,0.013322703444949817,-0.15035583807120753,-0.15146487750557822,-0.0037758745628023605,-0.15260463361048976,0.01510107375344359,-0.1538051339952335,0.056622776471834856,-0.14713685168839444,0.08514215063675694,-0.15541100448685072
0.14430584826757933,0.17136529467062978,-0.2377739362083197,0.1732939080280613,-0.23186639011864335,0.17271403237918653,-0.1824179769022551,0.1750227989549165,-0.15915442338993116,0.17151071150830502,0.23425049019604413,-0.23386214288974475,0.2500000000000004,-0.2456984653266656,0.2363913926823672,-0.22263459760099627,0.19575631862181986,-0.1879269458584885,0.17919637998456342,-0.17921997467526604,-0.11661211290601192,0.15295833657650695,-0.15688849828647428,0.1828766310194241,-0.16652776465473815,0.1860784574525544,-0.18042378113609506,0.19155700326602718,-0.18865369691136527,0.1832422000058523,0.1288991749357222,-0.09914459084353988,0.10250456944502592,-0.07384817069089593,0.07807852192488042,-0.048760851361437964,0.05840353928816737,-0.028910916200707674,0.03517540946543724,0.04310887511247676,-0.026488799470564196,0.028301978705391043,-0.01667753690909219,0.017791513922198996,0.00020208055492679607,0.0005751520765352277,0.04562747111047778,-0.03417004576627441,0.06636547738481559,-0.023538696731475357,0.1647285369267182,0.16744491425049982,-0.007616157677087413,0.16861945019495114,-0.027051571730208904,0.1698551148661222,-0.06980840415024696,0.1629909678971481,-0.09885757255511018,0.17150816122894125
-0.14112596131676386,-0.16792459307537125,0.23357446472842944,-0.16983407685047608,0.2284144652273915,-0.16925426052879614,0.18128494008257998,-0.17157125243422489,0.1597209886637755,-0.16805101428490246,-0.23021334669478707,0.2298685845136973,-0.2456984653266656,0.24999999999999997,-0.23935229133236033,0.22565223519734906,-0.1974792378345493,0.18987557094008892,-0.1807996411397431,0.18132857558939391,0.12017755984035663,-0.15652719296704543,0.16072129737248267,-0.1869441025064637,0.1705958368357705,-0.1899458616871386,0.18429545719834145,-0.1947445520826181,0.19186706356397712,-0.18515868622991466,-0.1326485130529859,0.102943249887616,-0.10630840126768541,0.07763142929289227,-0.08187251283646052,0.05251432835357227,-0.06219465158747644,0.03266143789370989,-0.03893405946016295,-0.03945480998848396,0.030171363608772196,-0.032020958809852354,0.02038693988398585,-0.02150238177696127,0.0034851111438636666,-0.0042630148012563806,-0.04200236010790765,0.030520587903288585,-0.06275876454325567,0.02007130963977985,-0.16178744756941685,-0.16398020867923782,0.003949526216282975,-0.16515581962773362,0.023408864085302225,-0.166393126497005,0.06621678327179001,-0.15951986940883298,0.09530072868123117,-0.16804836453999686
0.1515152741018482,0.17816384251068268,-0.22465410270189234,0.18029088270900548,-0.23883030149023457,0.17971378341473307,-0.1917682638180898,0.18203096336833324,-0.17016332573972515,0.17851096010349093,0.22110176748105426,-0.22045745957056648,0.2363913926823672,-0.23935229133236033,0.24999999999999994,-0.23540712220476562,0.20752847937849236,-0.1938145695211974,0.1849415716264572,-0.1822816533676056,-0.10968664805096687,0.1460309481606705,-0.15022837086638074,0.1764511312940266,-0.16008536640538992,0.18351581273640513,-0.17774803613067733,0.19163808336159707,-0.1885196389067001,0.18674927503641553,0.12232934040360964,-0.09244419893617774,0.09580845768831908,-0.06713291537658797,0.07137230862629947,-0.042020686243835634,0.05172715424137892,-0.022194749664326725,0.02853889986328368,0.04990889004909864,-0.019784109093175666,0.021540608874500093,-0.009895523842115348,0.01101076075711485,0.0070039235244861225,-0.006225135647079168,0.0524784820521796,-0.04099473205812888,0.07322735908607891,-0.029919451406089315,0.17076208931283227,0.17443960044260695,-0.014406979772757934,0.17561634804796053,-0.03386821311410446,0.17685343456493655,-0.07668490066139885,0.16998132801428892,-0.10574600908630494,0.17850840195265547
-0.13839705893009813,-0.16386357776399516,0.2110032940523742,-0.16588823384677395,0.22446468868041622,-0.16531069545304747,0.20019427611379234,-0.16770614125670205,0.1786520031998669,-0.16410768402977027,-0.20751761409875127,0.20691656283867768,-0.22263459760099627,0.22565223519734906,-0.23540712220476562,0.24999999999999994,-0.21968315768137273,0.20636871680128918,-0.19743307359614762,0.19513792174246078,0.10054736868776815,-0.13648642374776584,0.140733185556497,-0.16692558949696507,0.17432043846095338,-0.19780856557320473,0.192051849605896,-0.20524860591328814,0.20215957338384205,-0.1992325710636864,-0.11275904095370125,0.09582637757037024,-0.09889574441183707,0.08145881689705266,-0.08569927272071264,0.05635313222237374,-0.06606150505876124,0.03653821199554061,-0.042873216086504844,-0.035544421976028764,0.033985300804448206,-0.035772329997779906,0.024240234878924252,-0.025356115296469896,0.007346753614111461,-0.008123992655385884,-0.03812073161311329,0.02663367074894374,-0.058856341026742996,0.01636074533314207,-0.1574165803399444,-0.16003889577424607,9.131893998401387e-5,-0.16121364226937338,0.019543675115701337,-0.1624503625064802,0.06232520030557052,-0.1555803906743261,0.09139022968109553,-0.1641048070297892
0.16800509290154833,0.1930308001974982,-0.1917191058559393,0.19436106129455172,-0.2039820799252901,0.1954559763790629,-0.23026615318498747,0.19784856322540859,-0.20857019420119285,0.19426224075813758,0.18173382982010228,-0.17979962732472138,0.19575631862181986,-0.1974792378345493,0.20752847937849236,-0.21968315768137273,0.24999999999999997,-0.2327577517316668,0.22519876675967096,-0.2019132165897516,-0.0705393988454836,0.10649054879992911,-0.11075948167128415,0.1369391058316516,-0.144334025268526,0.1678353708942837,-0.16208193592116718,0.18500442659728153,-0.181471472922661,0.20898851619462352,0.08325576582997986,-0.0658066794618953,0.06887599553201154,-0.05144189632969018,0.05567398886194641,-0.026320881513431788,0.03602556098443853,-0.006485361313014041,0.012897019913939583,0.06563388188608567,-0.004254748166723925,0.005767374525745612,0.005814099514353468,-0.004697552893949683,0.022717823359449392,-0.021937237272446952,0.06819425802958459,-0.05671570272432933,0.08895512573586045,-0.04469893312252829,0.18326763397117773,0.19018757876129444,-0.030072679105527737,0.19136686590022106,-0.04955032290050041,0.19260420460363242,-0.09240023078168728,0.1857305875539007,-0.12145392960846492,0.19425954536292245
-0.15182733780850086,-0.17623431182471558,0.18344301872068194,-0.17744588266877548,0.18988311006493963,-0.17844849741583269,0.2133338117589202,-0.1808490358675456,0.21375480869453017,-0.1772514019373392,-0.17404919410463437,0.17235190036606127,-0.1879269458584885,0.18987557094008892,-0.1938145695211974,0.20636871680128918,-0.2327577517316668,0.2500000000000002,-0.24006923728912616,0.21756912233678022,0.07575614174848098,-0.11154542401394382,0.11587912626689167,-0.14199936207605543,0.15608894899995404,-0.17929186026893615,0.17912864951393476,-0.20206133987084168,0.1985398174268088,-0.22393305527117607,-0.08817981983693941,0.0773777637914738,-0.08030094608861113,0.06847557335828343,-0.0727133427569295,0.04335182134399824,-0.05306287152196901,0.023519476957744336,-0.02992891393774915,-0.04860832623760043,0.021109590524909766,-0.022729410640816367,0.011216558352931902,-0.012333674371025819,-0.005688126559432052,0.004909076683324495,-0.05117772911424569,0.039689970732939735,-0.07193284137900759,0.028641844545877995,-0.16819889208584904,-0.17317759653509132,0.013090990793965918,-0.1743548902773913,0.03256428763246515,-0.1755923773058085,0.07539268299726246,-0.16871805583362617,0.10446479544347693,-0.1772478772935651
0.16124895043243648,0.1855633871174738,-0.17790063153747884,0.18664236807405218,-0.1843882764081696,0.18793504413275497,-0.20743268299517195,0.1904831437507374,-0.223598836366011,0.18688580382355405,0.1655264467965528,-0.16347595706907891,0.17919637998456342,-0.1807996411397431,0.1849415716264572,-0.19743307359614762,0.22519876675967096,-0.24006923728912616,0.25000000000000044,-0.22603186860676844,-0.06606053245429963,0.10184646122294483,-0.10618870993603989,0.13230527977866507,-0.14643118462204902,0.16963982778125986,-0.16951290392414103,0.19245225850490394,-0.18893081913116935,0.2324365137852302,0.07864322321217916,-0.06771667790872622,0.07063866303545371,-0.058851033249585974,0.0630850947084446,-0.033726083000140294,0.043434768462282045,-0.01389053049519265,0.020302061757500458,0.058239018501658496,-0.011585294996796005,0.013115576470462567,-0.0015879448400586455,0.002705135106413154,0.015317651761200991,-0.014537637807496822,0.06080375923576822,-0.04932009886537848,0.08156382824958021,-0.037714216600534284,0.17644653295781906,0.18281064803379882,-0.022692794584461887,0.1839892430138737,-0.042171502092452864,0.18522675510186698,-0.085015813996083,0.17835222635613646,-0.11408001352380646,0.1868823108940398
-0.13855304712449107,-0.16208370333505923,0.1751807772545905,-0.1633106699111851,0.1790414994266565,-0.16398849364974707,0.18352559267162014,-0.1665349604501041,0.19974975826740024,-0.16293710632576042,-0.1667793084536306,0.16575026775507445,-0.17921997467526604,0.18132857558939391,-0.1822816533676056,0.19513792174246078,-0.2019132165897516,0.21756912233678022,-0.22603186860676844,0.25,0.08176642109605503,-0.11615188460042376,0.12048409888423765,-0.14563262060173704,0.15999019698970338,-0.1822062042114055,0.18245556802534296,-0.20444072733766622,0.20143115751254517,-0.2405068299477473,-0.09361050890105625,0.08365842143866399,-0.0864765560359061,0.07534586776002497,-0.07945101359281279,0.05097664516207715,-0.060380135396966315,0.03173313732021825,-0.037941441264337974,-0.038207544183700475,0.02932451979120782,-0.030974866017942415,0.01982640354285634,-0.02090972910377369,0.003433330906507966,-0.004187936099517239,-0.040684091737252334,0.02954475849944907,-0.06081170596779979,0.019363477386804277,-0.15541136661677032,-0.1589876535793506,0.003770802136633099,-0.16012815685552156,0.022650756606496878,-0.16132820784287905,0.06416938819596991,-0.15466198480415566,0.09237421933633713,-0.16293358730619623
-0.027441525708232165,-0.03926223393644257,0.10586914081655778,-0.04013021691238508,0.0989912290998591,-0.0395500090291105,0.052509629321130076,-0.041870556396713346,0.04360014665530664,-0.038345875611288174,-0.1270895529035572,0.1314983353638531,-0.11661211290601192,0.12017755984035663,-0.10968664805096687,0.10054736868776815,-0.0705393988454836,0.07575614174848098,-0.06606053245429963,0.08176642109605503,0.2500000000000003,-0.21358944947104894,0.20867048697710588,-0.18247963510873597,0.16916784484846328,-0.1459639080579737,0.14376064012693596,-0.12258782923070806,0.12329031010775185,-0.08090110147214229,-0.2360023069775249,0.2103021962081693,-0.2093688290201254,0.18289357238580548,-0.18240694024507323,0.15695082356689832,-0.15305343504698848,0.12811109348632904,-0.12876822510135974,0.06449104162419013,0.1413825491102751,-0.14383168434371937,0.13321434777627397,-0.13423435868015685,0.11780033061743912,-0.11849774751744134,0.0763043921276525,-0.08296636575856053,0.053609042947564675,-0.07500552473463004,-0.047116640124380854,-0.03465174196326851,-0.11074272009226888,-0.035709497500413585,-0.09304768325410707,-0.036837162443941744,-0.05422853946022632,-0.03058228003104618,-0.02396717435387232,-0.03834340840229121
0.05772044052630158,0.07536108318870871,-0.14172654053354267,0.07647313747880903,-0.13528578557454232,0.07589298544454892,-0.08845842868970882,0.07821253919092504,-0.07928651866385165,0.07468926342291665,0.1632230373808793,-0.16761001939607567,0.15295833657650695,-0.15652719296704543,0.1460309481606705,-0.13648642374776584,0.10649054879992911,-0.11154542401394382,0.10184646122294483,-0.11615188460042376,-0.21358944947104894,0.25000000000000044,-0.24212513397017293,0.21730367513419685,-0.20278700644988276,0.18058708593949058,-0.1776715869821799,0.15747197230841747,-0.15768678341232312,0.11654571037039016,0.21422610630824052,-0.18623927603522167,0.18930127193696675,-0.16129093161346783,0.16435469449212847,-0.136643555537801,0.13891020199410872,-0.11107335284882629,0.11423394012744857,-0.04193956977208806,-0.11505342428091526,0.11747362908698944,-0.10634889199134794,0.10742227200641073,-0.09011289753620214,0.09085192616141333,-0.046363371881747155,0.05526410949480004,-0.024283620511221633,0.05526607647443082,0.08042194265450604,0.07078818332829195,0.08272387957406281,0.07190756922511005,0.06406712290621408,0.07309651513671021,0.023069497528763454,0.06649332589682032,-0.007034697820469692,0.07468665978185197
-0.06199859584095609,-0.07958387363493022,0.1456627521689653,-0.08072578569872062,0.13948051757424548,-0.080146223347808,0.09273406931411454,-0.08246425287043238,0.08363278873830489,-0.07894335597718641,-0.16109408553577345,0.16445140532403169,-0.15688849828647428,0.16072129737248267,-0.15022837086638074,0.140733185556497,-0.11075948167128415,0.11587912626689167,-0.10618870993603989,0.12048409888423765,0.20867048697710588,-0.24212513397017293,0.2500000000000004,-0.22295953250252437,0.20855412239815813,-0.18580703593644643,0.1829371047570852,-0.16235678283245294,0.16259174665213844,-0.12101042362248511,-0.21970534744035508,0.19199828276452485,-0.19537566845151033,0.16669773580998054,-0.16999348006483656,0.14121657528083478,-0.1434935039315924,0.11448702731421426,-0.11775981043158741,0.04244777383983223,0.11854021103808723,-0.12103972359763317,0.10947888518262366,-0.11059609563052865,0.09258236812786634,-0.0933516268301725,0.047051448705992274,-0.056289895410944944,0.024044857805420948,-0.05638130867815535,-0.08469447859160428,-0.07488311442132187,-0.08489354614703985,-0.07604834971525498,-0.06547655798288485,-0.07728567733779,-0.022807121473322145,-0.07041292811529128,0.008548858710848893,-0.07894073668930748
0.08525641367416369,0.10557110059754732,-0.17137970173467182,0.10690604231294,-0.16564898844992887,0.10632620040295808,-0.1188826140673943,0.10864578834053931,-0.1096853100744468,0.10512276254931398,0.18062899366598986,-0.18278366380701508,0.1828766310194241,-0.1869441025064637,0.1764511312940266,-0.16692558949696507,0.1369391058316516,-0.14199936207605543,0.13230527977866507,-0.14563262060173704,-0.18247963510873597,0.21730367513419685,-0.22295953250252437,0.2500000000000003,-0.23289541989477083,0.2114681430295703,-0.20712418050782885,0.18780544100040597,-0.1869049200500824,0.1469891140572706,0.19389211536074813,-0.16526951700385428,0.16863049615593845,-0.13998689101810477,0.1442120188490892,-0.11491893523635674,0.12430314036619494,-0.09487748647386011,0.10042917758636026,-0.02292120664966003,-0.09204618001722412,0.09442900548461598,-0.08288700306041295,0.08400024183416564,-0.06602621903478732,0.06679634829815713,-0.020610302283324763,0.032012083483437884,0.00015402140388757343,0.038619315288794476,0.10767720943473949,0.10106881539652003,0.05842779189426908,0.10223397864532273,0.039043036192244064,0.10346855826429305,-0.003572775512036003,0.09661088485826916,-0.03272742280664508,0.10512000508383425
-0.07039443150005871,-0.08931821727329657,0.15517401160804226,-0.09053913873317651,0.1493160924720623,-0.08995910696188547,0.12492518965058572,-0.09235515083147491,0.12058765840980872,-0.088755813642599,-0.1644964635137673,0.1666928026249937,-0.16652776465473815,0.1705958368357705,-0.16008536640538992,0.17432043846095338,-0.144334025268526,0.15608894899995404,-0.14643118462204902,0.15999019698970338,0.16916784484846328,-0.20278700644988276,0.20855412239815813,-0.23289541989477083,0.25000000000000056,-0.22609480119155634,0.22209464262827439,-0.20243789066339457,0.20158798138728828,-0.16102399855977953,-0.1800906445932771,0.16820494902164726,-0.17120014406006176,0.15686950911862532,-0.1610897512520703,0.1317400389939953,-0.141048912838352,0.11156945184464023,-0.11708916210227079,0.03946156298028715,0.10867460702195732,-0.11108268517946454,0.09965228004201615,-0.10076919418144531,0.08275665137747308,-0.08352691931605923,0.03723638394597558,-0.04863960903134327,0.01640518698522598,-0.05426666302074542,-0.09240387522919309,-0.08469461666976749,-0.07509954325408004,-0.08586041885049103,-0.05567642497616292,-0.08709763396547378,-0.012995632566335303,-0.08022543080911698,0.016265218105675244,-0.08875256963151869
0.09076966955929583,0.11251059172112175,-0.17455895589186948,0.11398998293259728,-0.17269256869345515,0.11341069433510008,-0.148396888667539,0.11580633119069397,-0.14375203928265534,0.11220781862204635,0.17830737814094277,-0.17932789163829965,0.1860784574525544,-0.1899458616871386,0.18351581273640513,-0.19780856557320473,0.1678353708942837,-0.17929186026893615,0.16963982778125986,-0.1822062042114055,-0.1459639080579737,0.18058708593949058,-0.18580703593644643,0.2114681430295703,-0.22609480119155634,0.25000000000000033,-0.24384276085910694,0.22533557787359254,-0.22375297575835,0.18402274981790775,0.15727279415831616,-0.1446602326144409,0.1476522950305023,-0.1332530187503211,0.13750549703336262,-0.10816105528746695,0.11787965647861876,-0.08837373872890802,0.09437754230371044,-0.016315193200128527,-0.08527533592104591,0.08750089956261153,-0.07606729599195394,0.07718297023943109,-0.05918252883843708,0.05995442788133546,-0.013706419191800451,0.02521529883130969,0.006995515020137259,0.03250869351668925,0.11255951771235315,0.10814674703981943,0.05159846383040444,0.10931438990331169,0.032177964037620306,0.11055069997723987,-0.01050833786653514,0.10368337107490061,-0.03960731020311283,0.11220447632788311
-0.08557332093017961,-0.10678286320103614,0.1689580708007415,-0.10821897973799137,0.16693610329257963,-0.1076398012742448,0.1426486154016992,-0.11003585952600718,0.14334955586841464,-0.10643690233825623,-0.173011660810518,0.17409688662762238,-0.18042378113609506,0.18429545719834145,-0.17774803613067733,0.192051849605896,-0.16208193592116718,0.17912864951393476,-0.16951290392414103,0.18245556802534296,0.14376064012693596,-0.1776715869821799,0.1829371047570852,-0.20712418050782885,0.22209464262827439,-0.24384276085910694,0.2500000000000005,-0.22655007789736012,0.2250085339601042,-0.18415061683872164,-0.15496008365366357,0.14636743898260762,-0.14928915692569567,0.13780746138398897,-0.14203508542011803,0.11394838815095895,-0.12366620538525958,0.09415934429108166,-0.10011805017234998,0.022094583463365028,0.09095157638391144,-0.0931915677550628,0.08185297492866603,-0.08296908353180311,0.06496714403937881,-0.06573852656827234,0.019484647150034593,-0.03099648544542795,-0.001216884536122223,-0.037964997217860584,-0.10731231710056265,-0.10237600722479753,-0.05736694425021295,-0.10354306467974482,-0.03794658253194871,-0.10477947734673185,0.004734226842422588,-0.09791161126575912,0.03384136313356377,-0.10643337952490581
0.10629162473273891,0.1294051777323363,-0.18115408015017267,0.13092146477382857,-0.18194077793463173,0.13060437248070472,-0.16557448029967664,0.13300056032556395,-0.16624353166396894,0.12940274554473305,0.18080653150538736,-0.18108715400764455,0.19155700326602718,-0.1947445520826181,0.19163808336159707,-0.20524860591328814,0.18500442659728153,-0.20206133987084168,0.19245225850490394,-0.20444072733766622,-0.12258782923070806,0.15747197230841747,-0.16235678283245294,0.18780544100040597,-0.20243789066339457,0.22533557787359254,-0.22655007789736012,0.25000000000000044,-0.24597674547950643,0.20672544540422202,0.13418996603033953,-0.12439174286135361,0.1273078207130815,-0.11564824154395788,0.11989740798361159,-0.09082301983060113,0.10054361781428935,-0.07104821303122448,0.07744100328716029,0.0009617270365537241,-0.06810558570815325,0.07016119826044272,-0.058747854112237666,0.059862980090726055,-0.04187355175573686,0.04264662819028558,0.0035635710606486725,0.007930642382040252,0.024258590427816237,0.016219172974391183,0.12717662728720955,0.12534194281634978,0.03434527807273726,0.1265110110513153,0.014928376875361927,0.12774647662764818,-0.027755766776236934,0.1208837060062924,-0.05681877699952406,0.12939916582262964
-0.10316341660088571,-0.12589521283547772,0.17822669275055716,-0.12739145758211695,0.17877408377748372,-0.12706221682076244,0.162038662591763,-0.12945857928433221,0.16272615810934532,-0.12586041347165594,-0.17832063766213152,0.1786831946715362,-0.18865369691136527,0.19186706356397712,-0.1885196389067001,0.20215957338384205,-0.181471472922661,0.1985398174268088,-0.18893081913116935,0.20143115751254517,0.12329031010775185,-0.15768678341232312,0.16259174665213844,-0.1869049200500824,0.20158798138728828,-0.22375297575835,0.2250085339601042,-0.24597674547950643,0.25000000000000044,-0.20358928060011566,-0.13477447221426905,0.12580064777279654,-0.1287103236824034,0.11740422481241458,-0.1216111109982617,0.09340509462187985,-0.10309383784890346,0.07491970670424025,-0.08130390716968787,0.0027839553101714335,0.07094066833233377,-0.07297367813951952,0.06187891965646252,-0.06297894692649007,0.04538796768763615,-0.046152439448861986,0.0001983588027505994,-0.011707616702791685,-0.02053826607993409,-0.019793529923651527,-0.12406774565671952,-0.12181679601734217,-0.03746901845654506,-0.12297625097658171,-0.018413581744177645,-0.12420125171721695,0.024037807304544353,-0.11732640983588925,0.05316208487728023,-0.1258568455870433
0.1470053066613827,0.17125794331319494,-0.1797666205066984,0.17248011271618693,-0.1841529127984885,0.17323672712442095,-0.19180667935181286,0.1756748041193539,-0.2077892562814404,0.17223696675533576,0.170376721162336,-0.16913063294651046,0.1832422000058523,-0.18515868622991466,0.18674927503641553,-0.1992325710636864,0.20898851619462352,-0.22393305527117607,0.2324365137852302,-0.2405068299477473,-0.08090110147214229,0.11654571037039016,-0.12101042362248511,0.1469891140572706,-0.16102399855977953,0.18402274981790775,-0.18415061683872164,0.20672544540422202,-0.20358928060011566,0.2500000000000004,0.09323598937680859,-0.08246511757196821,0.08539026830093122,-0.07350589963603457,0.07774590728588782,-0.04838176986773632,0.05809469541350505,-0.02855142921847324,0.034960160459634335,0.04358291740210941,-0.026085209120674066,0.027752173788937764,-0.01624589603232259,0.01736304699253204,0.0006591867944036714,0.00011942135439521696,0.046154689941017686,-0.03466369036206267,0.0669094632584053,-0.023906110475713338,0.16391104155396147,0.16816361518379458,-0.008078102334951744,0.1693403268782967,-0.027549740950350468,0.17057790435035292,-0.07037367372965946,0.1637029768816764,-0.09945302963536727,0.17223354720066647
0.03911735002279249,0.05297751625145526,-0.11816316468286688,0.05394018669014808,-0.11178981700031543,0.0533697655193721,-0.06554992883208641,0.05564953660700438,-0.05656385838775871,0.05218596847726163,0.1337157675751091,-0.13710348870040387,0.1288991749357222,-0.1326485130529859,0.12232934040360964,-0.11275904095370125,0.08325576582997986,-0.08817981983693941,0.07864322321217916,-0.09361050890105625,-0.2360023069775249,0.21422610630824052,-0.21970534744035508,0.19389211536074813,-0.1800906445932771,0.15727279415831616,-0.15496008365366357,0.13418996603033953,-0.13477447221426905,0.09323598937680859,0.25000000000000056,-0.21865105495041454,0.21779352380911174,-0.18995516640872862,0.1896933901039214,-0.16231169425083944,0.15903391702585887,-0.13169078401497572,0.1327766597528207,-0.061749616778331094,-0.14490549443719658,0.14749701613942784,-0.13596173969119932,0.13707907031886843,-0.11908911985984359,0.11985434040424896,-0.07360853479525795,0.08121651085904692,-0.04900832862238247,0.07389855110242562,0.06039501736435675,0.04813452355165822,0.11134078279648098,0.04929529527370109,0.09195924536818235,0.050530910323009284,0.04939134542048896,0.04366830657963264,0.01649048164870519,0.05218350884083857
-0.011761564824929658,-0.02208271793388066,0.08857367312290866,-0.022868770233706332,0.08177093236170967,-0.022288285739815675,0.047064082919781966,-0.02464957742029695,0.04341735848964596,-0.021083915091084638,-0.10445433873565318,0.10788787923077428,-0.09914459084353988,0.102943249887616,-0.09244419893617774,0.09582637757037024,-0.0658066794618953,0.0773777637914738,-0.06771667790872622,0.08365842143866399,0.2103021962081693,-0.18623927603522167,0.19199828276452485,-0.16526951700385428,0.16820494902164726,-0.1446602326144409,0.14636743898260762,-0.12439174286135361,0.12580064777279654,-0.08246511757196821,-0.21865105495041454,0.2500000000000005,-0.24618211871990495,0.2202478741738287,-0.21819253481068682,0.19204823465822582,-0.18580432772677452,0.15899094297807861,-0.15877884772854708,0.08957871467909317,0.17606076339600704,-0.1787406348652991,0.16720602178023664,-0.16832641327704212,0.15032198631650434,-0.1510849821893732,0.10478981947463585,-0.11154394638206858,0.07930610725033574,-0.09978107633921525,-0.03213343193035488,-0.017032037383826026,-0.1424845276002894,-0.01819067192416095,-0.12309688976762244,-0.01942730223948879,-0.08054326329627688,-0.012559552744754955,-0.04674854208353107,-0.021081120141966093
