x1,x2,x3,x4,x5,x6,x7,x8,x9,x10,x11,x12,x13,x14,x15,x16,x17,x18,x19,x20,x21,x22,x23,x24,x25,x26,x27,x28,x29,x30,x31,x32,x33,x34,x35,x36,x37,x38,x39,x40,x41,x42,x43,x44,x45,x46,x47,x48,x49,x50,x51,x52,x53,x54,x55,x56,x57,x58,x59,x60
0.25000000000000006,-0.037081177125255764,0.033862397057081266,-0.09337255696049541,0.008292997527331977,-0.024101699232637656,-0.0033613103632993253,0.0443100130739562,0.05500663876173798,-0.007459364623677654,-0.2100627528424706,0.0557949786216114,-0.050161867452340886,0.009081051391140724,0.0018914097466250475,-0.002343579717653902,0.0023684485373524663,0.032203715917804535,-0.04676083277629632,0.04262384604096816,0.008532601858098269,-0.009172311399414901,0.018976769308985928,-0.020164108587653003,0.024519449448046262,-0.01810294397838424,0.026131196932605523,-0.026165805259403287,0.0042373806150988015,-0.0042700381815881155,-0.018239225567246314,0.018313974640405545,-0.018395159950798344,0.017816715778875118,-0.01780992331674847,0.005720405465148591,-0.005724814663724699,-0.003419598389008995,0.0008865720191142542,-0.0010371368564095452,0.01799136588618057,-0.017971642274424326,0.011663223637367081,-0.010716642702812688,-0.00012065913243275104,0.004921045082592086,-0.005766347156450845,0.006292836304677891,-0.00631188954206805,0.006313953519726744,-0.006501225145460073,-0.003369062466177869,-0.005388384181225031,-0.005333476698715258,0.0002951345593778642,-0.0003859879937608732,-0.0017017996741958458,-0.0019982540411128988,-0.0005791532423683964,-0.0019206457326196085
-0.037081177125255764,0.2500000000000001,-0.09030152122415339,0.06224715027963188,0.05244210415010833,0.05487943546070299,0.004411993393645886,0.00949874763174098,-0.033892456799847266,0.026433277843332718,0.030610032345896005,-0.05753991420246117,0.054623598833299813,-0.05470378565784756,0.03751097285667377,-0.03695540921964439,0.03713758204771628,-0.02713537012614653,0.036231026062953677,-0.03235234965675479,-0.06217077426851919,0.06218490304085772,-0.05765872501285905,0.05157798276021822,-0.04017690455370122,0.027437590430521096,-0.010767225774879865,0.010829365718617189,0.039794294786841856,-0.03971110389844791,0.033691228685568925,-0.03387116189293512,0.03603854934081912,-0.01316988462740561,0.012973730940061696,0.03594434841255057,-0.03595868352471676,0.05681721911863478,-0.051203818403589896,0.05147870529729329,-0.03073914075668235,0.030641487696022433,0.0035852657300442115,-0.008981398917084738,0.04412553952507958,-0.05978410224130448,0.061961145131748434,-0.06304372734634899,0.06322121729085765,-0.06320723636462613,-0.009221153702555343,0.04687249196064189,-0.009665043954457149,0.02397658431969271,0.007122199207827532,0.02103487911272861,0.02120911369336882,0.011349564147966893,0.0031952401584618116,0.012699609146285581
0.033862397057081266,-0.09030152122415339,0.25000000000000017,-0.08657034252140386,-0.0011638500736549835,0.0013675990614571635,0.005119345180413262,0.04542843989862126,-0.015468367265262429,0.04067550865601502,-0.024697351293351755,0.010276143722254582,-0.017837124426994644,-0.012738752670726123,0.014941291667905988,-0.015065922225948962,0.015167183715059927,-0.024117008229758638,0.016636533609687226,-0.01895377128591535,-0.01799139414573775,0.017485733986655413,-0.02000691872963141,0.01703206308864049,-0.019258867977034393,0.019683216013372373,-0.017065325574648696,0.017095496783567036,0.007768819346423159,-0.007730278762615247,0.01438180671025787,-0.014447289461190692,0.015039328079515479,-0.009373504284956287,0.009360575835032917,0.005092098321186184,-0.005090544748507561,0.01501653306404988,-0.01263351229159195,0.012761277431687383,-0.013478643035135403,0.013442072416441176,-0.0024640200171904747,0.00102498176903696,0.011007460563008846,-0.016256304820929615,0.01715485230976604,-0.017685877433531037,0.017737583851312116,-0.01773476258490685,-0.0002562526563495773,0.012883263911891995,-0.0009147760848737923,0.007631383921102065,0.001714023093078834,0.005380573287736037,0.00584111772856336,0.0034423381614629264,0.000997635764461529,0.003758912968584109
-0.09337255696049541,0.06224715027963188,-0.08657034252140386,0.2500000000000002,-0.0033149413216177624,0.06916214257606879,-0.028399449436810453,0.042373713874125404,-0.08695193483067545,0.05320016434215782,0.08398744090958797,-0.1204084094432516,0.12485845038446318,-0.1121923172793757,0.09422728006669685,-0.09336688747353221,0.0937091951691775,-0.07455305362808212,0.08888319822772059,-0.0832636090105788,-0.115464247121647,0.11574834850659718,-0.10663768577966266,0.10332852380993716,-0.08675858337494023,0.0741561141162398,-0.040312034583997,0.04044617879408658,0.06646990486378145,-0.06629442932350904,0.059932649782239,-0.06029300285952946,0.06434008089676967,-0.03310550818799197,0.032820858130656334,0.059171675673998184,-0.05918516398498816,0.10347604683263006,-0.09126962204123436,0.09189863262855509,-0.054174378389778545,0.05398629335219656,0.0036751155265908747,-0.011291572885702091,0.07974818335054594,-0.11024019165873833,0.1147275768929406,-0.11706939945784729,0.11740244336578962,-0.1173753292991178,-0.02302503435285896,0.0878331451106772,-0.016207517302984555,0.04422167540746215,0.012994650892492406,0.039492091875316125,0.03970422186574048,0.020753806059029142,0.005519300376015922,0.023577909272509273
0.008292997527331977,0.05244210415010833,-0.0011638500736549835,-0.0033149413216177624,0.2500000000000001,0.046600228082322906,0.06845869111112293,-0.008906458563825936,-0.045404790811078365,0.009425339505709784,0.0002767075285413392,-0.07101683748947099,0.06078604832568155,-0.0702193973899035,0.04179267363751289,-0.040908785803377486,0.04114436360118637,-0.0321047459781526,0.04816488716525015,-0.041187051558866185,-0.08236551436885797,0.08217856638207285,-0.07769876259846668,0.06832572048512355,-0.05240194508179906,0.03142127058412777,-0.011374173051204315,0.011453173744193027,0.054616685411045064,-0.05451002437991446,0.046956571904134554,-0.04719419038681621,0.050051971877895396,-0.01687595467407221,0.016597085331411413,0.048656105215550007,-0.04867975165358415,0.07561037630158168,-0.06869018361252291,0.06901871090121196,-0.04311139759838069,0.042982522724096486,0.004323645951829404,-0.01212725554016375,0.05847790544378509,-0.07907520272851462,0.08188847584155542,-0.08327250373368186,0.08350616238301929,-0.08348839333214822,-0.00971932547182742,0.06158644430865865,-0.012594036243618986,0.032064255021349575,0.00934110242516307,0.027476242488541996,0.02788389818455357,0.015180953485732446,0.0043623306375149985,0.016851771883154933
-0.024101699232637656,0.05487943546070299,0.0013675990614571635,0.06916214257606879,0.046600228082322906,0.2500000000000003,-0.025077156183301554,0.057199439385446235,-0.08247387452657394,0.07371274392478647,0.032414827555984,-0.09794591126418008,0.1038007535544118,-0.13576415861082106,0.10953164147738613,-0.10844674633601777,0.10894141796136567,-0.074043056993292,0.08879967651767498,-0.08177986441163193,-0.14589931507544135,0.14539701855591775,-0.13131260333618808,0.1229834492769417,-0.09820233928540739,0.07845382800384186,-0.034520534628811626,0.03467293018768095,0.08962859791584897,-0.08942059495727848,0.0739521307060033,-0.07438295225008283,0.07956817857040512,-0.0336873871699854,0.033274261057637915,0.08149819763957661,-0.08152111767401717,0.1329627016484059,-0.11867698596416679,0.11939717002306037,-0.06672313238606255,0.06648999876990186,0.009084236154494702,-0.019849360723969943,0.10350933940383897,-0.1408179842665287,0.14614203743480966,-0.14883841846694518,0.14925952097359063,-0.14922478536757905,-0.028133089377879384,0.11159436949297477,-0.02302796280993625,0.05565604894623614,0.016894163325868176,0.05040876582657849,0.0504204030520012,0.02633420661813433,0.007164730558877695,0.02981767811372517
-0.0033613103632993253,0.004411993393645886,0.005119345180413262,-0.028399449436810453,0.06845869111112293,-0.025077156183301554,0.25000000000000017,-0.10962606775283232,0.0013839547308550687,-0.0522999075477151,0.023346733972021937,-0.019337023060143958,0.003646416411431044,0.03406115983663484,-0.06360686247831719,0.06410876046007508,-0.06427287355060142,0.021767300837245582,-0.005611717042623933,0.011814268880015528,0.019182672817047473,-0.018658085475947783,0.005014026069224916,-0.015772595956772512,0.014384172627591743,-0.03555118408999944,0.015206472308784419,-0.015233924403518746,-0.008319915256705253,0.008276464403328276,0.00817211623921006,-0.008120626435766986,0.00716161508758773,0.003436909035727148,-0.0034996482244250816,-0.008192805991880728,0.008178290828195265,-0.018166452141365808,0.014924002209878806,-0.015114070401689335,-0.009765780972348963,0.009801959235272575,-0.008070122722023945,0.005159556680283203,-0.01563446276269631,0.020330929583125733,-0.021251359498682548,0.02179792663078278,-0.021864115548049744,0.021853684361920832,0.021403391713221847,-0.01897755304083248,0.006664018394314974,-0.004755321033556684,-0.0030771283413717283,-0.009794781466742368,-0.008334686711794569,-0.0024606516423558073,-9.445661624797182e-5,-0.0037167899059084163
0.0443100130739562,0.00949874763174098,0.04542843989862126,0.042373713874125404,-0.008906458563825936,0.057199439385446235,-0.10962606775283232,0.25000000000000017,-0.09954869335995846,0.09892973144743869,-0.028193251203018424,-0.09578704417101067,0.10221995447822575,-0.14268800973353885,0.15792887807513195,-0.15796878425500188,0.15849967579828697,-0.12196573271466082,0.10587405320788702,-0.11304183306335637,-0.14152848417072852,0.1410742036885378,-0.1260204603180737,0.12706764232084253,-0.116574323757569,0.12603269803161998,-0.0778480348913521,0.07803724438787112,0.07326012400026333,-0.07301299924060575,0.06647851378377474,-0.06692805924572699,0.07205577193614493,-0.04680694058392851,0.046622622888040706,0.06263382771781094,-0.06262674297298648,0.12491288067187822,-0.1078837718299313,0.1087935413396971,-0.05891150686120426,0.058664193810965944,0.005182294597478842,-0.01124668737499466,0.09667754666556282,-0.1345739545888311,0.14060293020193657,-0.1439281259192011,0.14434407234909952,-0.1443083515629024,-0.037530686906188986,0.10955930371209333,-0.02015830118840486,0.05308925639375808,0.016086242030741254,0.04961881650371692,0.04935452581056531,0.024842230434408693,0.0062551617268624075,0.028761786470169727
0.05500663876173798,-0.033892456799847266,-0.015468367265262429,-0.08695193483067545,-0.045404790811078365,-0.08247387452657394,0.0013839547308550687,-0.09954869335995846,0.25000000000000033,-0.10733213294986171,-0.07709317328872169,0.11214163703280543,-0.12974269320491222,0.1608282720780974,-0.1496005659617281,0.14851891284228108,-0.14909163476730397,0.19961429707554404,-0.21576138702126593,0.20793330222545098,0.1611449613556586,-0.16060271541769833,0.1713292573957551,-0.17415506573470887,0.17508206972037657,-0.16779189095564995,0.13559932889618273,-0.13586048823093594,-0.06543254295630242,0.06510798769165123,-0.11187185725296739,0.11250225066539225,-0.11779299943327762,0.0881370115087284,-0.08790087355030055,-0.05117281682290296,0.05116193602484927,-0.13424517517748422,0.11156357552825741,-0.11280467745280123,0.10364777324793867,-0.1033528599209834,0.022361484777371297,-0.01350478930667964,-0.0978296219960351,0.1471752926479556,-0.15515027412019755,0.15966835940644747,-0.16013074419950793,0.1601002178597311,0.02041653302973308,-0.1179585178737427,0.007582017474484207,-0.06627975288710794,-0.015462564771985245,-0.050597810370084324,-0.05357306878288752,-0.029860080830029934,-0.007787146645503576,-0.03352639966749265
-0.007459364623677654,0.026433277843332718,0.04067550865601502,0.05320016434215782,0.009425339505709784,0.07371274392478647,-0.0522999075477151,0.09892973144743869,-0.10733213294986171,0.25000000000000017,0.021307190433904458,-0.08391602039294734,0.08972374280535939,-0.12807570424964573,0.14222529842933243,-0.14230922425176937,0.14279552572352927,-0.1286624905248926,0.1125932631574068,-0.11720547557146274,-0.12812235626553062,0.1276783693916227,-0.1195582463506018,0.11979554358072735,-0.114956197684489,0.12362504932114037,-0.08221525800883221,0.0823959772254522,0.06133087660929831,-0.061094790840874186,0.06686577130207215,-0.06729690569855994,0.07179303542080162,-0.04967438490942974,0.049510760182836774,0.05204876036764561,-0.0520385442032534,0.1116013236185174,-0.09503080459449728,0.09592863455744967,-0.06006284054287205,0.059834797175566,-0.0007804317043080015,-0.004893797335014218,0.08541783881014045,-0.1211697138384563,0.12692472380143244,-0.1301322878366436,0.1305091187251267,-0.13047842357023817,-0.030478601813103332,0.09844659140630349,-0.015342952520995977,0.0493563919832518,0.01411702290139993,0.04407597974155335,0.044431068992139666,0.02285268315526502,0.005787862106634389,0.02629777785546607
-0.2100627528424706,0.030610032345896005,-0.024697351293351755,0.08398744090958797,0.0002767075285413392,0.032414827555984,0.023346733972021937,-0.028193251203018424,-0.07709317328872169,0.021307190433904458,0.2500000000000002,-0.07962285931433402,0.07368404731079652,-0.03059178299563461,0.017817506559043236,-0.01724442877657712,0.0172875220750072,-0.05274425763806473,0.06883517558407876,-0.0641851194916471,-0.030475567764216695,0.031165679210222064,-0.04057402824540057,0.04149728578572885,-0.04439425603145256,0.03672529128686353,-0.039211508764362024,0.03927681738766841,0.0065840838428506635,-0.006512820031866364,0.031176973743015323,-0.03132745701037388,0.03215700937791471,-0.026694721023546177,0.026648409563910423,0.003373051864864058,-0.0033689214865768565,0.022393399583671654,-0.017171665793214174,0.017465663497402282,-0.029822101074228592,0.029764337599749294,-0.012582111239312648,0.010345412711887412,0.014420979527891831,-0.025404732666233495,0.027215034156920937,-0.028271621969658683,0.028353867793769538,-0.02835119169680614,0.002702301434320499,0.019774621374110894,0.00319998274573735,0.013972473649323641,0.0020132061677351596,0.007622333380298572,0.009129646283665211,0.005976756965498055,0.0016238220988068685,0.006424832152439019
0.0557949786216114,-0.05753991420246117,0.010276143722254582,-0.1204084094432516,-0.07101683748947099,-0.09794591126418008,-0.019337023060143958,-0.09578704417101067,0.11214163703280543,-0.08391602039294734,-0.07962285931433402,0.2500000000000003,-0.2310546179627324,0.18705055953515645,-0.15981203382169068,0.1586741762524658,-0.15918429282402324,0.10532040676757108,-0.12128765186658261,0.11403531188470127,0.19373426035655372,-0.1946893509899162,0.17251359382350337,-0.16426601531980417,0.13212099794764612,-0.1125276683561769,0.049119133141366594,-0.04932443533959341,-0.11906525296305777,0.11879014563692539,-0.09108226183587591,0.09164922370445809,-0.0985239337937214,0.0438337497377466,-0.04334040102315639,-0.10692783938097358,0.10695754815365666,-0.17672303033766074,0.15770004725893633,-0.15866152947131387,0.08142133213062634,-0.08111184908945103,-0.014708098843764845,0.027554319415294994,-0.1379350032369223,0.18709583860033066,-0.19421329383346794,0.19786351425965387,-0.19842539989636912,0.19837727776708894,0.04354468018504863,-0.14925794962433417,0.031879277969902975,-0.07274438441376524,-0.022660033076334223,-0.06789379081868964,-0.0673612841287597,-0.03450935519106993,-0.009176292815474142,-0.03940264938095724
-0.050161867452340886,0.054623598833299813,-0.017837124426994644,0.12485845038446318,0.06078604832568155,0.1038007535544118,0.003646416411431044,0.10221995447822575,-0.12974269320491222,0.08972374280535939,0.07368404731079652,-0.2310546179627324,0.2500000000000003,-0.2054359660353368,0.17759691435540206,-0.17644420433559144,0.17698538598617392,-0.12295646837537877,0.13892078338699138,-0.13162526998501534,-0.19975669652570724,0.20071355376750152,-0.17820681538392788,0.1799436580014051,-0.1473395478136734,0.12944723709536102,-0.06273683016025483,0.0629590210102195,0.11916637902856306,-0.1188704198583518,0.0926938849886401,-0.09330939472448183,0.1004373737695604,-0.052964303646093835,0.05248534757640373,0.10577945586525953,-0.10580755202971165,0.18117080307373623,-0.160715001575288,0.16176052019745132,-0.082494369437226,0.08217302987228124,0.011897805996975548,-0.02327442493823677,0.1402702243579232,-0.19234011158927633,0.19996654860420285,-0.20392862450789584,0.20450917014232337,-0.20445882920875505,-0.04922825093774464,0.15437074339123766,-0.03096838466766534,0.0748936700958988,0.02302601940904923,0.07020273651101468,0.06965282292785613,0.03538340181786791,0.009114678566629755,0.04066602396840011
0.009081051391140724,-0.05470378565784756,-0.012738752670726123,-0.1121923172793757,-0.0702193973899035,-0.13576415861082106,0.03406115983663484,-0.14268800973353885,0.1608282720780974,-0.12807570424964573,-0.03059178299563461,0.18705055953515645,-0.2054359660353368,0.25000000000000017,-0.219329769730436,0.21801933277057253,-0.21879440312170684,0.16498797150193117,-0.17430541117123632,0.16841201212401888,0.23040297955460984,-0.23005236371889018,0.2073321602398273,-0.2189244723873366,0.18576478157426066,-0.1695464580807225,0.09377165738274489,-0.09404764113497746,-0.13008074569902875,0.12971349036066174,-0.11047687531877773,0.11123148027379393,-0.11952395585236325,0.0735421807994613,-0.07303069484942569,-0.11418554019124653,0.1142087572415054,-0.20673235894827077,0.18146103706649605,-0.18277525449425835,0.09838581127825388,-0.09800697255814549,-0.0071476110346835285,0.018453684880881078,-0.1584357675203544,0.22070740579484038,-0.229990916488664,0.23489537187716286,-0.23556611586687964,0.23550849992022765,0.058535196628372525,-0.17801762840735524,0.032096790726926026,-0.08707282990959882,-0.02595427465063064,-0.08056167586209823,-0.0803316911104807,-0.040834784583656525,-0.010277526552047887,-0.047082136555365514
0.0018914097466250475,0.03751097285667377,0.014941291667905988,0.09422728006669685,0.04179267363751289,0.10953164147738613,-0.06360686247831719,0.15792887807513195,-0.1496005659617281,0.14222529842933243,0.017817506559043236,-0.15981203382169068,0.17759691435540206,-0.219329769730436,0.24999999999999997,-0.2484636608561702,0.24920018979588968,-0.19509667088386745,0.17904543951204974,-0.18350108134367393,-0.2029927180305252,0.2026137383017023,-0.17979913770505443,0.19156584716124841,-0.17837819592592968,0.19914551205950684,-0.12351007344825349,0.12378806680923418,0.10193354714726768,-0.10156658054867261,0.09053995772728983,-0.09121175636880495,0.09856054027117653,-0.07336558365626542,0.07314399180265896,0.08596866971992767,-0.08595575072008567,0.17913445191137667,-0.1536838358250671,0.15505537425803947,-0.07939152032008524,0.07903418899978092,0.006249340733419913,-0.012533530329273776,0.13799849556621352,-0.19362582157233568,0.20258377491154372,-0.20757365593731295,0.20817572704812698,-0.20812242681073811,-0.06147105929574744,0.1589929644010487,-0.028210005612119657,0.07576109199046267,0.02305340009940333,0.07227379215987287,0.07156821447291495,0.035373818023858604,0.008527506344296389,0.04138567629804246
-0.002343579717653902,-0.03695540921964439,-0.015065922225948962,-0.09336688747353221,-0.040908785803377486,-0.10844674633601777,0.06410876046007508,-0.15796878425500188,0.14851891284228108,-0.14230922425176937,-0.01724442877657712,0.1586741762524658,-0.17644420433559144,0.21801933277057253,-0.2484636608561702,0.25,-0.24916414368473325,0.19520135434795918,-0.17902448160070267,0.1835254195769216,0.20158126359359843,-0.20120540495473463,0.17845184305571385,-0.1902340204632351,0.17758921730148577,-0.19923339133734735,0.12384907896135101,-0.12412615551582697,-0.10085506983172479,0.10048938570127683,-0.089683918379237,0.09035134072595276,-0.09765034860655819,0.0731196980923851,-0.07290632320553851,-0.08494319756236303,0.08492941152735448,-0.1778030077613474,0.1524358004047615,-0.15380407577981833,0.0785979045173186,-0.07824239411564182,-0.00620491568733737,0.01232859112850013,-0.13699107263731972,0.19225738553093072,-0.20117611896814103,0.20615096449711473,-0.20674918171298987,0.20669616856555287,0.06136589024055549,-0.15795646385653808,0.02801151747320449,-0.07520275136636298,-0.022898574665542907,-0.07181351285244914,-0.07109627619846173,-0.03510851817732162,-0.008450809337375586,-0.04109495445348
0.0023684485373524663,0.03713758204771628,0.015167183715059927,0.0937091951691775,0.04114436360118637,0.10894141796136567,-0.06427287355060142,0.15849967579828697,-0.14909163476730397,0.14279552572352927,0.0172875220750072,-0.15918429282402324,0.17698538598617392,-0.21879440312170684,0.24920018979588968,-0.24916414368473325,0.25,-0.1957919435933876,0.17964024431716505,-0.1841259977450742,-0.20236873240956643,0.2019893576636394,-0.179172506776545,0.190946794605787,-0.17821446198705676,0.1998266936858558,-0.12419330247963589,0.12447134711306374,0.10129081010232342,-0.10092384442488617,0.09008501197400917,-0.0907549409606181,0.09808219979777455,-0.07336455676894377,0.07314959180587165,0.08532395088011463,-0.08531020670522071,0.1785056178148467,-0.15305045657551739,0.15442333039073453,-0.07895797272635528,0.07860112843668136,0.006228214508370201,-0.012396882193209884,0.137532480895916,-0.19300902829311173,0.20195970833577934,-0.20695163772951775,0.20755214654026002,-0.2074989441191981,-0.06154010039192648,0.15856032879727763,-0.028121194890197994,0.07550339678479778,0.02298733755194206,0.07208528120931855,0.0713688508819537,0.03524935083150377,0.008487556422085285,0.0412559623683366
0.032203715917804535,-0.02713537012614653,-0.024117008229758638,-0.07455305362808212,-0.0321047459781526,-0.074043056993292,0.021767300837245582,-0.12196573271466082,0.19961429707554404,-0.1286624905248926,-0.05274425763806473,0.10532040676757108,-0.12295646837537877,0.16498797150193117,-0.19509667088386745,0.19520135434795918,-0.1957919435933876,0.2500000000000001,-0.2338008665497795,0.2382293887547524,0.1545601912703354,-0.15402570904958357,0.16516319946254163,-0.17655506595717096,0.19293714823036884,-0.21458975425452453,0.17823088969919268,-0.17852350211752396,-0.04724540457437527,0.04688425037761647,-0.10472248034331037,0.105369136363664,-0.11045824242393959,0.10145469001967712,-0.10143629430007275,-0.0313083572865726,0.03126729962498317,-0.12446407472590745,0.09901172143218433,-0.10044691394527178,0.09629727739276364,-0.09599202524336539,0.027168046516873375,-0.022947600123910245,-0.08959256073137631,0.13931057900481125,-0.14794602007011906,0.1530622416341533,-0.15351436200595675,0.15348357504642093,0.028600777873245806,-0.11448016658144584,0.004029233265913082,-0.0633266494501475,-0.014408230046896784,-0.049075751553198814,-0.051879375987319655,-0.02815090517583371,-0.006840431648413985,-0.032179647231901795
-0.04676083277629632,0.036231026062953677,0.016636533609687226,0.08888319822772059,0.04816488716525015,0.08879967651767498,-0.005611717042623933,0.10587405320788702,-0.21576138702126593,0.1125932631574068,0.06883517558407876,-0.12128765186658261,0.13892078338699138,-0.17430541117123632,0.17904543951204974,-0.17902448160070267,0.17964024431716505,-0.2338008665497795,0.24999999999999997,-0.24161072426337654,-0.17054588693828332,0.17001686307375943,-0.18121285590803812,0.18747348479380802,-0.19475566116351625,0.19883681329204866,-0.16225825175657788,0.16255086940824762,0.06322287776853995,-0.06286006974971829,0.11672120411196246,-0.11740354893038486,0.12302278775237661,-0.09963409830082536,0.09946858428058684,0.04726785617651367,-0.04724392314219981,0.14044302363711983,-0.1149892599821145,0.11639893604547916,-0.10779483373403553,0.10747394124921598,-0.025552983629429003,0.01797125498927967,0.1019870751469128,-0.15509098603055058,0.16391351198601356,-0.16900032822679292,0.16949330543400257,-0.16946021527658994,-0.02567783122018977,0.12548974631124601,-0.0069425253253270975,0.06994223760053996,0.01623568808930947,0.05386414848064563,0.056939081302666235,0.03137202428194419,0.007971735010049177,0.03547524109528849
0.04262384604096816,-0.03235234965675479,-0.01895377128591535,-0.0832636090105788,-0.041187051558866185,-0.08177986441163193,0.011814268880015528,-0.11304183306335637,0.20793330222545098,-0.11720547557146274,-0.0641851194916471,0.11403531188470127,-0.13162526998501534,0.16841201212401888,-0.18350108134367393,0.1835254195769216,-0.1841259977450742,0.2382293887547524,-0.24161072426337654,0.2499999999999998,0.16287029022446517,-0.16233953871582255,0.1739356572754101,-0.18141757824435026,0.19286528030573286,-0.20410242742648743,0.16968342916842546,-0.1699760387757983,-0.055494264752471004,0.05513313898250326,-0.11158578535011224,0.11224500866252453,-0.11761619942336352,0.0996168300543116,-0.09952416056279453,-0.039641490839114814,0.03960834971124609,-0.13268889144325927,0.10724288087636523,-0.1086646793997234,0.10295749862059758,-0.10264395981192868,0.026101027864684673,-0.01977759942700256,-0.09616937577540714,0.14744760476011232,-0.1561632322219375,0.16125782523346538,-0.16173101025886488,0.16169928922734175,0.026045093976164474,-0.11999297371958698,0.005680876267350968,-0.06683958580118293,-0.015382686196780168,-0.05144387958755934,-0.05442455391512351,-0.029867220755973766,-0.007494296072549097,-0.0338830968153504
0.008532601858098269,-0.06217077426851919,-0.01799139414573775,-0.115464247121647,-0.08236551436885797,-0.14589931507544135,0.019182672817047473,-0.14152848417072852,0.1611449613556586,-0.12812235626553062,-0.030475567764216695,0.19373426035655372,-0.19975669652570724,0.23040297955460984,-0.2029927180305252,0.20158126359359843,-0.20236873240956643,0.1545601912703354,-0.17054588693828332,0.16287029022446517,0.24999999999999978,-0.248814391313651,0.22605564622479582,-0.21748905102448896,0.1832146918168706,-0.16256142319231964,0.08647778955725918,-0.08675523978796093,-0.138544529700285,0.1381752352619371,-0.1274642719140273,0.12821805344367726,-0.13691491770813782,0.07046490035988223,-0.06988159948174082,-0.12250561634861129,0.12253338851672702,-0.2157292306926864,0.19027103518270574,-0.19158117857363924,0.1150956354428504,-0.11469531354609702,-0.00708170875669606,0.0228684872548376,-0.1660445683499485,0.22975060660720667,-0.2391559492990661,0.24408122639213878,-0.24477572514074353,0.24471963227869645,0.04685075587425746,-0.18315205333040727,0.03355907116091793,-0.09246213999967619,-0.027036906786492176,-0.08214688962353763,-0.0827457000095266,-0.043372373394973705,-0.011586340105050323,-0.0492186200264719
-0.009172311399414901,0.06218490304085772,0.017485733986655413,0.11574834850659718,0.08217856638207285,0.14539701855591775,-0.018658085475947783,0.1410742036885378,-0.16060271541769833,0.1276783693916227,0.031165679210222064,-0.1946893509899162,0.20071355376750152,-0.23005236371889018,0.2026137383017023,-0.20120540495473463,0.2019893576636394,-0.15402570904958357,0.17001686307375943,-0.16233953871582255,-0.248814391313651,0.24999999999999978,-0.22678641480274342,0.21714789943844282,-0.1826505182036244,0.1619883593139388,-0.0861737275191371,0.08645007550973573,0.1383117009294571,-0.13794435316947806,0.12751076426119076,-0.12826398088023747,0.13695512929064468,-0.07053096441114244,0.06994802591906364,0.12226799788715022,-0.1222958074810496,0.21539417398771799,-0.18996152784299544,0.19127041883224286,-0.11515226839703235,0.11475233264986182,0.00693294155449597,-0.022711935863297308,0.16575443598315318,-0.2294016135825675,0.238797600424191,-0.24371809067069533,0.24441153245888006,-0.24435557634808536,-0.046646278664366034,0.18286006353929465,-0.03343820823288156,0.0923647836815882,0.02698512936019508,0.08199911304214193,0.08261549903762352,0.04332135797453035,0.011575366206308899,0.04915414896770592
0.018976769308985928,-0.05765872501285905,-0.02000691872963141,-0.10663768577966266,-0.07769876259846668,-0.13131260333618808,0.005014026069224916,-0.1260204603180737,0.1713292573957551,-0.1195582463506018,-0.04057402824540057,0.17251359382350337,-0.17820681538392788,0.2073321602398273,-0.17979913770505443,0.17845184305571385,-0.179172506776545,0.16516319946254163,-0.18121285590803812,0.1739356572754101,0.22605564622479582,-0.22678641480274342,0.25000000000000006,-0.23811108733950734,0.20392452206100808,-0.18311643543112663,0.10752206806842891,-0.10779471458854344,-0.11586700743031747,0.11550852193755473,-0.14970673267456705,0.15049004136674715,-0.15916852301077827,0.09280735282117147,-0.09222630022646024,-0.09966057126655783,0.09968976528051487,-0.19265121446850073,0.1673003834053622,-0.16862060800584083,0.13738520720783637,-0.1369905058251002,0.015464308879831789,0.0002908705926352605,-0.14307543398482633,0.20659886803822,-0.21597873020673242,0.22095223562722766,-0.22157880954310155,0.22153567530849175,0.024163137198143243,-0.1631773188844119,0.01906813332084965,-0.0896611575491153,-0.02260801199270953,-0.07065366672948616,-0.07395016805188824,-0.041194001415190605,-0.011288375457842241,-0.04587891224817688
-0.020164108587653003,0.05157798276021822,0.01703206308864049,0.10332852380993716,0.06832572048512355,0.1229834492769417,-0.015772595956772512,0.12706764232084253,-0.17415506573470887,0.11979554358072735,0.04149728578572885,-0.16426601531980417,0.1799436580014051,-0.2189244723873366,0.19156584716124841,-0.1902340204632351,0.190946794605787,-0.17655506595717096,0.18747348479380802,-0.18141757824435026,-0.21748905102448896,0.21714789943844282,-0.23811108733950734,0.24999999999999956,-0.21529536154772988,0.1945482860226427,-0.11824036861933343,0.11851847805867471,0.10717485640858063,-0.1068079018660617,0.1396960635849582,-0.14050424060407637,0.14899416745413938,-0.1013759903971709,0.1008294175051089,0.09115826179181277,-0.09118708899579246,0.18438668801895727,-0.15893126942739635,0.16026960146718416,-0.12741893961713754,0.12704093528138222,-0.01964278889227207,0.007914458764034698,0.13487776556414152,-0.1984220073766647,0.20782071661088913,-0.2128297997104496,0.21343427612162988,-0.21339082726615682,-0.032540598906462194,0.1582765841327176,-0.01551753000715622,0.08581409178020512,0.021258406819857318,0.06870656112494024,0.07170312276966437,0.039225880389890014,0.010173272566407873,0.04421689781459391
0.024519449448046262,-0.04017690455370122,-0.019258867977034393,-0.08675858337494023,-0.05240194508179906,-0.09820233928540739,0.014384172627591743,-0.116574323757569,0.17508206972037657,-0.114956197684489,-0.04439425603145256,0.13212099794764612,-0.1473395478136734,0.18576478157426066,-0.17837819592592968,0.17758921730148577,-0.17821446198705676,0.19293714823036884,-0.19475566116351625,0.19286528030573286,0.1832146918168706,-0.1826505182036244,0.20392452206100808,-0.21529536154772988,0.24999999999999967,-0.22785608263692594,0.1522715952398421,-0.15256032558950416,-0.07254825447973713,0.07226543624330295,-0.148418890850375,0.14945447726750927,-0.15515601702196866,0.13583151718705103,-0.13533839965745728,-0.056501539931756974,0.05653317536472103,-0.1497214131997003,0.12427240082684383,-0.12564430307408533,0.13664526231888557,-0.13628825802174385,0.04778478445562925,-0.04211449377738518,-0.10035237059117028,0.16376687327860867,-0.17316018826344245,0.17826077490800404,-0.17876618216832252,0.17873578134236048,0.019992113028645658,-0.1316072975049893,-0.0035818276987375527,-0.07784815807812336,-0.015081028207524917,-0.05427374828387492,-0.05974100839038123,-0.03433883708253681,-0.008533065941642586,-0.03854008844459852
-0.01810294397838424,0.027437590430521096,0.019683216013372373,0.0741561141162398,0.03142127058412777,0.07845382800384186,-0.03555118408999944,0.12603269803161998,-0.16779189095564995,0.12362504932114037,0.03672529128686353,-0.1125276683561769,0.12944723709536102,-0.1695464580807225,0.19914551205950684,-0.19923339133734735,0.1998266936858558,-0.21458975425452453,0.19883681329204866,-0.20410242742648743,-0.16256142319231964,0.1619883593139388,-0.18311643543112663,0.1945482860226427,-0.22785608263692594,0.24999999999999967,-0.17364192348707877,0.17390793017514491,0.05184413991363709,-0.051545773181748765,0.13453897321805244,-0.13542772655837662,0.14052948001669296,-0.12271660692949309,0.12250645814753475,0.03587496275842282,-0.035864434186145884,0.12906168506187385,-0.10361018413242894,0.10502062660135937,-0.12386415444575474,0.12352266015216716,-0.042270993384355075,0.03694943673861161,0.08812416186357103,-0.14357481914737003,0.1525281110223491,-0.1576553209295393,0.1581114342599262,-0.15808519087189787,-0.01581115647173372,0.11627479988672193,0.003092775202363415,0.06924662765378857,0.013501264011003301,0.04784886359680692,0.052755875725681405,0.0304392954584201,0.007679595293054848,0.03409890737160371
0.026131196932605523,-0.010767225774879865,-0.017065325574648696,-0.040312034583997,-0.011374173051204315,-0.034520534628811626,0.015206472308784419,-0.0778480348913521,0.13559932889618273,-0.08221525800883221,-0.039211508764362024,0.049119133141366594,-0.06273683016025483,0.09377165738274489,-0.12351007344825349,0.12384907896135101,-0.12419330247963589,0.17823088969919268,-0.16225825175657788,0.16968342916842546,0.08647778955725918,-0.0861737275191371,0.10752206806842891,-0.11824036861933343,0.1522715952398421,-0.17364192348707877,0.24999999999999994,-0.24928992224412658,0.024142485448888414,-0.024065761586389615,-0.11773633797347302,0.11834047972544666,-0.1193799258368487,0.12920179319214886,-0.129176290914918,0.040357781983378346,-0.04043632912543381,-0.05272868616776723,0.02728528390091213,-0.0288064174644753,0.11460213678983686,-0.11440212791323282,0.06885582081825503,-0.067556376810104,-0.02672589779167063,0.06806861523920628,-0.0762445854108468,0.08152135349636022,-0.08177783264873006,0.08177585307482908,-0.012649999680993687,-0.056324451344859305,-0.026560109574902544,-0.046424765461570816,-0.00326429078689755,-0.018995094607358223,-0.026114756744784848,-0.01846532054405992,-0.004580194349896732,-0.019922782455073507
-0.026165805259403287,0.010829365718617189,0.017095496783567036,0.04044617879408658,0.011453173744193027,0.03467293018768095,-0.015233924403518746,0.07803724438787112,-0.13586048823093594,0.0823959772254522,0.03927681738766841,-0.04932443533959341,0.0629590210102195,-0.09404764113497746,0.12378806680923418,-0.12412615551582697,0.12447134711306374,-0.17852350211752396,0.16255086940824762,-0.1699760387757983,-0.08675523978796093,0.08645007550973573,-0.10779471458854344,0.11851847805867471,-0.15256032558950416,0.17390793017514491,-0.24928992224412658,0.2499999999999999,-0.02421556542579067,0.024154951094273812,0.1179757002062458,-0.11858302265697962,0.11962436294732026,-0.1293452992324645,0.12931609268224853,-0.039947847630605736,0.0400264594174009,0.0530021568859851,-0.02755463945215806,0.029075613950149192,-0.11480212894060074,0.11460144270798953,-0.06888432609989233,0.06757185470475377,0.02690944828703916,-0.06835328724394617,0.07652886902803777,-0.08179873123157355,0.08205578291759054,-0.08205375426349591,0.012636978405555905,0.05653146157454983,0.02653466939024448,0.04653875732788855,0.0032946001516260767,0.019080019394453262,0.026208059072336795,0.018518090819438175,0.004597282120379124,0.01998060594194343
0.0042373806150988015,0.039794294786841856,0.007768819346423159,0.06646990486378145,0.054616685411045064,0.08962859791584897,-0.008319915256705253,0.07326012400026333,-0.06543254295630242,0.06133087660929831,0.0065840838428506635,-0.11906525296305777,0.11916637902856306,-0.13008074569902875,0.10193354714726768,-0.10085506983172479,0.10129081010232342,-0.04724540457437527,0.06322287776853995,-0.055494264752471004,-0.138544529700285,0.1383117009294571,-0.11586700743031747,0.10717485640858063,-0.07254825447973713,0.05184413991363709,0.024142485448888414,-0.02421556542579067,0.25,-0.2491915097871515,0.02789309105350981,-0.02819425810809012,0.03542219598935659,0.024641519774937976,-0.02436381889411142,0.11944573771119163,-0.11970087560758359,0.17261496878646004,-0.19806392467382813,0.19606433150223507,-0.018948433957674215,0.01863623611053716,0.0688577988281715,-0.07665938806834058,0.12570094192291303,-0.14002748601378265,0.14186495400871005,-0.14329699270703716,0.14371157295907125,-0.14366657546643707,-0.04536620896717082,0.11625406435047538,-0.05445239278705606,0.04155084657754109,0.017926648930403143,0.05451286146764554,0.05023239450553679,0.023102203479427107,0.006352915190426903,0.026710341487248438
-0.0042700381815881155,-0.03971110389844791,-0.007730278762615247,-0.06629442932350904,-0.05451002437991446,-0.08942059495727848,0.008276464403328276,-0.07301299924060575,0.06510798769165123,-0.061094790840874186,-0.006512820031866364,0.11879014563692539,-0.1188704198583518,0.12971349036066174,-0.10156658054867261,0.10048938570127683,-0.10092384442488617,0.04688425037761647,-0.06286006974971829,0.05513313898250326,0.1381752352619371,-0.13794435316947806,0.11550852193755473,-0.1068079018660617,0.07226543624330295,-0.051545773181748765,-0.024065761586389615,0.024154951094273812,-0.2491915097871515,0.2499999999999999,-0.027834177929270593,0.0281341265289249,-0.035359251021198745,-0.024648346336955555,0.024368965142839434,-0.11920336988594181,0.11945833949100614,-0.17225196798306644,0.19770686272580612,-0.19570718615934843,0.018914908528930924,-0.01860316348526616,-0.0687532630109495,0.0765423842568397,-0.12541102623078254,0.13967253516509026,-0.14149999065455482,0.14292667870810263,-0.14334019515525678,0.14329531801856213,0.045207620865321055,-0.11596113260349475,0.054357849955272784,-0.04143778172733646,-0.017884637675864654,-0.054372445619011216,-0.05010238474786626,-0.023043130891225328,-0.006341218290329703,-0.02663927962865431
-0.018239225567246314,0.033691228685568925,0.01438180671025787,0.059932649782239,0.046956571904134554,0.0739521307060033,0.00817211623921006,0.06647851378377474,-0.11187185725296739,0.06686577130207215,0.031176973743015323,-0.09108226183587591,0.0926938849886401,-0.11047687531877773,0.09053995772728983,-0.089683918379237,0.09008501197400917,-0.10472248034331037,0.11672120411196246,-0.11158578535011224,-0.1274642719140273,0.12751076426119076,-0.14970673267456705,0.1396960635849582,-0.148418890850375,0.13453897321805244,-0.11773633797347302,0.1179757002062458,0.02789309105350981,-0.027834177929270593,0.25000000000000006,-0.24838460569035198,0.23975284773968697,-0.18189710205579623,0.18098457402168386,0.0006758188275641977,-0.0014376801608035757,0.09339347397449366,-0.06807976597173555,0.06947083545893029,-0.23455948588227743,0.23418423381908327,-0.11403076912562807,0.09831043701423679,0.04402662648626995,-0.10736320616415831,0.11672545480399796,-0.12195763545637293,0.12229208243483439,-0.12230491120345081,0.07355381136924742,0.07745619800588072,0.04427591690019817,0.07806617963692156,0.0033018675571331356,0.02121412630546139,0.03622531391313694,0.031999638200140124,0.00998835675144082,0.031697937352503834
0.018313974640405545,-0.03387116189293512,-0.014447289461190692,-0.06029300285952946,-0.04719419038681621,-0.07438295225008283,-0.008120626435766986,-0.06692805924572699,0.11250225066539225,-0.06729690569855994,-0.03132745701037388,0.09164922370445809,-0.09330939472448183,0.11123148027379393,-0.09121175636880495,0.09035134072595276,-0.0907549409606181,0.105369136363664,-0.11740354893038486,0.11224500866252453,0.12821805344367726,-0.12826398088023747,0.15049004136674715,-0.14050424060407637,0.14945447726750927,-0.13542772655837662,0.11834047972544666,-0.11858302265697962,-0.02819425810809012,0.0281341265289249,-0.24838460569035198,0.24999999999999978,-0.24120684890316707,0.1829439984762731,-0.18201478950967262,-0.0007695010505348861,0.0015541821950586653,-0.09399720162925003,0.06855951967303944,-0.06995719458275841,0.23589135733251704,-0.2355134803968367,0.11462032799456189,-0.09885720477911195,-0.044321249204399414,0.10802739538794107,-0.11744162416705235,0.12270192915823767,-0.12303841508337807,0.12305129494725964,-0.07392667772517908,-0.07796392986792439,-0.04447973246080148,-0.07851817945600596,-0.0033354326660045607,-0.02135739055071476,-0.036454390444374825,-0.03218617815388963,-0.01005078141108343,-0.03188528090599764
