x1,x2,x3,x4,x5,x6,x7,x8,x9,x10,x11,x12,x13,x14,x15,x16,x17,x18,x19,x20,x21,x22,x23,x24,x25,x26,x27,x28,x29,x30,x31,x32,x33,x34,x35,x36,x37,x38,x39,x40,x41,x42,x43,x44,x45,x46,x47,x48,x49,x50,x51,x52,x53,x54,x55,x56,x57,x58,x59,x60
0.25000000000000006,0.24949560650941738,0.24988189798983254,0.24992288110788843,0.2498496934346613,0.24991723136547045,0.24986693647123276,0.24989787991973011,0.24996831541415457,0.2499635461670734,0.2498187280268878,0.24574131161221846,0.239755869924366,0.24663435986225898,0.24184109182139876,0.2450616825303953,0.24708201031564264,0.24387549210038226,0.24745044541083816,0.24965789069069064,0.249555159887103,0.24368554293842187,0.2342573703275895,0.23443662543368182,0.23802581797828629,0.23664524212311916,0.22939347584231137,0.2295033930683808,0.2365338635221534,0.24851113807303038,0.24938224115492186,0.23848907780319,0.2321410922541312,0.2263272492671533,0.23713408593758417,0.23897818650273314,0.23390551603093487,0.23857620066963128,0.2395000996456505,0.24938850170096546,0.24987865837988196,0.24498682621722262,0.23682036013053095,0.24152939784017557,0.2381924252433509,0.24498478867694817,0.24491721309324058,0.24768857646053458,0.2479067843356459,0.24979535419478915,0.24994074620884002,0.24959000771291145,0.24980468977564407,0.24994779846785456,0.24995914852136983,0.24990826288793203,0.24991406923983983,0.24991204759628455,0.24997107602895746,0.24996199515471992
0.24949560650941738,0.24999999999999992,0.24942842433956194,0.24946948323100324,0.2493964292535231,0.24946384332153237,0.2494136396682929,0.24944452679179877,0.2495148344610614,0.24951007385583787,0.24936551754113362,0.24529548101775375,0.23932097037345457,0.2461869079841235,0.2414025497964119,0.24461705740039605,0.2466337243768847,0.24343300659266565,0.2470015141363518,0.24920497234457054,0.24910242810033723,0.24324343193657585,0.23383228455075783,0.23401120307077242,0.237593941877405,0.2362157525407449,0.22897721298713353,0.2290869018657168,0.2361046715360835,0.2480602991127401,0.2489298228539103,0.23805634825819572,0.23171989097107312,0.2259165428970129,0.23670382210408714,0.23854465187213875,0.23348104444075204,0.23814338379305627,0.23906555718846773,0.2489360721858434,0.24942533997894692,0.2445423674073758,0.23639068963346008,0.24109118752199724,0.23776030703092774,0.2445403486210638,0.24447289918588758,0.24723923067361595,0.24745704515710326,0.24934218698098334,0.249487315212786,0.24913721301041752,0.24935150560362554,0.24949435467791786,0.24950568413932414,0.24945489082162306,0.24946068664077437,0.24945866866393193,0.2495175900109788,0.249508525609808
0.24988189798983254,0.24942842433956194,0.2499999999999999,0.24985580310934283,0.2497826504512876,0.24985016476570815,0.24979989300174707,0.24983082381325927,0.24990123951618445,0.2498964710853289,0.2497517187114434,0.24567562357402542,0.23968957773860497,0.24656839862165586,0.24177696809768034,0.24499679535799995,0.24701709759794904,0.24381128686880083,0.24738439461662257,0.24959089478859825,0.24948819798154337,0.24362087764362533,0.2341969935603,0.2343776806514651,0.23796423688128132,0.23658820808953002,0.22933690325187744,0.2294472197351488,0.23647241851216508,0.24844442058828412,0.24931532720881538,0.23842683457349653,0.23207962394378653,0.22626933442903366,0.23707212052033838,0.23891470752558822,0.2338464087418763,0.23851261159078951,0.23943747705164717,0.2493215814459395,0.24981160698725116,0.2449212346635652,0.2367579053558325,0.2414652920187891,0.23812873933232337,0.24491910208376053,0.24485150831707528,0.24762216694345698,0.2478402220023854,0.2497283234019791,0.24987367833593155,0.24952303395327058,0.2497376571769128,0.2498807287028329,0.2498920759936634,0.24984120373190308,0.24984700848348582,0.24984498742959343,0.24990399997394713,0.2498949215804021
0.24992288110788843,0.24946948323100324,0.24985580310934283,0.24999999999999983,0.24982371461360628,0.24989124571827387,0.2498409560300821,0.2498718962796748,0.24994232443244702,0.2499375556785001,0.24979275256019057,0.24571575751034594,0.23973093624170377,0.24660871311820784,0.2418159395214433,0.24503619645783617,0.24705631232153333,0.24385012720330887,0.24742471334921126,0.2496319318999656,0.24952921188756155,0.24366020445148454,0.23423300545818188,0.2344122452411029,0.2380010600939878,0.23662062504403888,0.22936961000564515,0.2294795260206567,0.236509257774442,0.24848529830667396,0.24935631101248842,0.23846427526603842,0.23211695086639536,0.2263037097157726,0.23710942562959803,0.23895334083493963,0.23388118512059464,0.23855139286405475,0.2394751951292076,0.24936257097947648,0.24985267671520797,0.24496135196157445,0.23679573450285107,0.2415042820679891,0.23816765983832802,0.24495931678630334,0.24489174808063194,0.24766282287735897,0.24788100791898338,0.24976938119637615,0.24991475808980085,0.24956405606263746,0.2497787158005373,0.24992180961554275,0.24993315848954092,0.2498822781464163,0.24988808389504494,0.24988606246126507,0.24994508475643698,0.24993600482627804
0.2498496934346613,0.2493964292535231,0.2497826504512876,0.24982371461360628,0.24999999999999994,0.24981806757661423,0.249767784368061,0.2497987290600186,0.24986913030551733,0.2498643625602482,0.24971963840085284,0.24564400521424679,0.23965878464920662,0.24653717237051403,0.2417444755886797,0.24496553716255437,0.24698432808512955,0.24377966483602645,0.24735227375646476,0.24955882793583353,0.2494561672542752,0.24359047206716586,0.2341689305056633,0.23434860919035114,0.23793399378042662,0.23655704443246645,0.22930827690016176,0.2294191310262437,0.236442219004407,0.2484125343502677,0.24928329590909198,0.2383972048516643,0.23205207284463186,0.22624248651327306,0.2370429211490985,0.23888528855277644,0.2338168050223743,0.23848283354066727,0.23940771516790735,0.24928955269068462,0.24977951045744884,0.24489021990130902,0.2367279727380571,0.2414354366038935,0.23809826722928923,0.24488802047058955,0.2448202755388014,0.2475905481725939,0.24780842766214373,0.2496962380220591,0.24984157244975605,0.24949097312065935,0.24970556850651957,0.24984862191073642,0.24985996782572314,0.24980910201826273,0.2498149061113569,0.24981288522844686,0.24987189024663042,0.2498628129646627
0.24991723136547045,0.24946384332153237,0.24985016476570815,0.24989124571827387,0.24981806757661423,0.24999999999999994,0.24983530829176737,0.24986624779314673,0.2499366742988648,0.24993190564188014,0.24978710546621438,0.2457101915854964,0.23972552238603148,0.24660312685974406,0.24181053584036116,0.24503063207962544,0.24705070185246417,0.24384458179441776,0.24741910859577534,0.2496262883923299,0.24952357101090683,0.24365468635802237,0.23422766246927793,0.2344069050761551,0.23799564648753238,0.2366152052438566,0.22936437071112975,0.22947429509010214,0.2365038626054612,0.24847967982558458,0.24935067372392639,0.2384588516939244,0.23211167462891152,0.22629854581871245,0.23710403794192622,0.23894794937137906,0.23387583933126246,0.23854599762022402,0.23946976270564535,0.24935693373370105,0.24984702856147864,0.24495580669415948,0.23679036549417606,0.24149880555869654,0.23816227868655715,0.24495378128172587,0.2448862150528377,0.24765722490655281,0.24787540538465133,0.24976373495220278,0.24990910855168433,0.24955841445238106,0.2497730693271867,0.2499161599180235,0.2499275085370504,0.24987662934254068,0.24988243496100573,0.24988041357189603,0.24993943453326947,0.24993035480786566
0.24986693647123276,0.2494136396682929,0.24979989300174707,0.2498409560300821,0.249767784368061,0.24983530829176737,0.24999999999999994,0.24981596259809696,0.24988637634928784,0.2498816075750659,0.24973682549051068,0.2456607603354097,0.2396767382452782,0.2465534435684653,0.24176191402833574,0.24498127245090412,0.24701012334002745,0.24379538673654794,0.2473693284197666,0.24957605266158545,0.24947334411775335,0.24360527911053143,0.23417974610439465,0.23435814634541885,0.23794787667651848,0.23656596818183875,0.22931836164088013,0.2294262468709654,0.236456357727566,0.24842968315252756,0.24930049843861019,0.23841029553017104,0.23206424743691,0.22625200508303525,0.23705567600703478,0.23889970695212662,0.23382785231124986,0.23849814553857526,0.23942098834640071,0.2493067476206608,0.24979674733822382,0.2449064162063074,0.2367422118660676,0.24144986438427318,0.2381142246252721,0.24490438553672192,0.24483693669409812,0.2476073382591755,0.2478255338213904,0.24971347084843495,0.2498588152616523,0.2495081917387363,0.2497228036654443,0.24986586520879597,0.24987721142235853,0.24982634258860356,0.24983214695398864,0.24983012605483093,0.24988913513903974,0.24988005724188384
0.24989787991973011,0.24944452679179877,0.24983082381325927,0.2498718962796748,0.2497987290600186,0.24986624779314673,0.24981596259809696,0.24999999999999986,0.24991732132110794,0.2499125530712692,0.24976776460211647,0.2456912023458501,0.23970706856230656,0.24658408112150326,0.24179192222129325,0.24501173798029047,0.2470316398279515,0.24382579359838322,0.24739998036376798,0.24960696089018947,0.24950425031997855,0.2436358490012706,0.23420967218407954,0.23438881187185073,0.23797734812072407,0.2365969849163633,0.22934682282483124,0.22945658927441068,0.2364857203230173,0.2484604456373466,0.24933136775783593,0.2384404763185002,0.23209381894760378,0.2262811612038675,0.23708576243447638,0.23892944618480394,0.2338578706093678,0.23852757305338496,0.2394512698326297,0.249337626231811,0.24982768262617416,0.24493686971296508,0.23677205808846224,0.24148016687100327,0.23814382214949356,0.2449348128747229,0.2448672496849058,0.2476380494335321,0.2478562111063338,0.24974439543425206,0.24988975774089672,0.24953909079655284,0.24975372909694574,0.24989680856121976,0.24990815629067156,0.2498572810466344,0.2498630862113175,0.24986106498260507,0.2499200813746283,0.2499110023519197
0.24996831541415457,0.2495148344610614,0.24990123951618445,0.24994232443244702,0.24986913030551733,0.2499366742988648,0.24988637634928784,0.24991732132110794,0.2499999999999999,0.24998299268087174,0.2498381611786004,0.2457605047559205,0.2397746930775909,0.2466536223563821,0.24185976540240314,0.24508086310567642,0.24710122306957408,0.2438945401627124,0.24746974404950997,0.24967731257451903,0.24957456946258816,0.24370453916596838,0.23427561829252466,0.23445471181521452,0.23804447275679716,0.23666375650601987,0.2294116641984305,0.22952122007342812,0.23655234344501816,0.2485304612122524,0.24940164329027437,0.23850758805350672,0.2321590893567192,0.22634468166055466,0.23715250076409605,0.23899677574681516,0.23392366406987164,0.2385948320937449,0.23951872349736464,0.24940789966465102,0.24989809787062187,0.24500588809906182,0.2368386261896341,0.24154815208183067,0.23821094642274968,0.24500383576640006,0.24493634137158143,0.247707848590691,0.2479260805172143,0.24981478708329016,0.24996019092172295,0.24960942513842355,0.24982412360052908,0.24996724372939255,0.24997859468833242,0.24992770507371087,0.2499335117994858,0.24993149007835305,0.24999052308962988,0.24998144152072682
0.2499635461670734,0.24951007385583787,0.2498964710853289,0.2499375556785001,0.2498643625602482,0.24993190564188014,0.2498816075750659,0.2499125530712692,0.24998299268087174,0.25,0.2498333961675546,0.24575572986162297,0.23976992200056446,0.2466488267990589,0.24185524525668547,0.24507604855384807,0.24709648705299148,0.24388978426671512,0.24746496700252282,0.24967254934674094,0.24956981272150278,0.24369984073206605,0.23427107664488156,0.23445036322516924,0.23803975261973384,0.23665909114329559,0.2294068766103826,0.2295168352564503,0.23654769919437096,0.24852572805625028,0.24939688357891865,0.23850304968331465,0.2321546823021179,0.2263404880481971,0.23714798141593335,0.23899221549156646,0.2339192017280094,0.23859019353726355,0.2395141449156213,0.24940314475376626,0.24989333034233738,0.24500120282101553,0.23683425183006418,0.24154355987000467,0.23820641568103207,0.244999174478708,0.24493159622968289,0.24770311986065915,0.247921341307654,0.24981002127836138,0.24995542182601438,0.24960466273594648,0.24981935739587283,0.24996247449911468,0.249973825219461,0.24992293659780618,0.2499287432903809,0.24992672152851383,0.24998575342695073,0.24997667201955934
0.2498187280268878,0.24936551754113362,0.2497517187114434,0.24979275256019057,0.24971963840085284,0.24978710546621438,0.24973682549051068,0.24976776460211647,0.2498381611786004,0.2498333961675546,0.24999999999999997,0.24561389008524404,0.23963042834506992,0.2465056881380864,0.24171468424547854,0.24493360388056876,0.2469526959427758,0.24374774339128338,0.2473212796243224,0.24952788270889667,0.24942523090856772,0.24355902774609134,0.2341354092828416,0.23431627157884544,0.23790129313094593,0.23652356716013034,0.22927379915586385,0.22938648006885354,0.2364093735454317,0.24838165876982002,0.2492523768297363,0.23836487803550177,0.23201986829990795,0.22620965298206716,0.2370109709057802,0.23885458832809534,0.2337839758271545,0.23845179690898616,0.2393761109320169,0.24925864816174292,0.2497485530194467,0.24485915011279494,0.23669731837306981,0.24140363229318215,0.23806883781503702,0.24485751683025822,0.24478992122430154,0.2475597468644395,0.24777774021311436,0.24966529202408388,0.24981060840262923,0.24946005252379513,0.2496746215529699,0.24981765699000624,0.24982900138378292,0.2497781419954036,0.2497839453576845,0.2497819247420766,0.2498409224302874,0.24983184628519178
0.24574131161221846,0.24529548101775375,0.24567562357402542,0.24571575751034594,0.24564400521424679,0.2457101915854964,0.2456607603354097,0.2456912023458501,0.2457605047559205,0.24575572986162297,0.24561389008524404,0.25000000000000006,0.23559036838602176,0.24253121721595755,0.23783677050074142,0.24123266816659722,0.24297437488205229,0.23988856884422757,0.24333930453650932,0.24545538637025965,0.2453506819533032,0.23949758632291038,0.23024710304583304,0.23042892171053037,0.23447945072279855,0.23289690965735693,0.22643553049267542,0.22563639081973202,0.2329527373897824,0.24432758146849612,0.24518559294868023,0.23443423672095856,0.22806189218836612,0.22241916428918068,0.23312893229567636,0.23497825476506368,0.23017321179499073,0.23467317608461744,0.23543536881794058,0.245188852466277,0.2456719966535514,0.24082433865764058,0.2327786418494375,0.23737435229903892,0.2341454851537353,0.24081035578675297,0.24076546381591926,0.2434979386769428,0.24372647303119677,0.24559002095495408,0.24573332179180946,0.24538848747149536,0.24559951058986884,0.24574025532931582,0.24575140777951765,0.24570138528413854,0.24570707406677653,0.24570510573149004,0.24576313471359124,0.24575421303398748
0.239755869924366,0.23932097037345457,0.23968957773860497,0.23973093624170377,0.23965878464920662,0.23972552238603148,0.2396767382452782,0.23970706856230656,0.2397746930775909,0.23976992200056446,0.23963042834506992,0.23559036838602176,0.2500000000000001,0.23644650882098883,0.23186000391042502,0.23497187463630034,0.23692500682671916,0.23376877477557617,0.23730764861313142,0.23947357777115408,0.23937651854109443,0.23366852528152537,0.22444518834419872,0.2246237035020497,0.2286429030571519,0.2267107301383335,0.22069842291899294,0.22001624338266398,0.22694413770166416,0.23836925514286997,0.23921212679673517,0.22855303223531664,0.22240162834014657,0.21684581609870943,0.22736779539428664,0.2295269179815018,0.2241747015230202,0.22905331788009725,0.22967558945714275,0.23921571586983578,0.23968823275805345,0.23493003682471317,0.22701499035264977,0.23156024620287766,0.22848998028528744,0.23500984053875962,0.2349616120073444,0.2375985210154706,0.23780705125362644,0.23960852428116183,0.23974806664513093,0.23941163082437375,0.2396173573824428,0.23975483131619696,0.23976572678192523,0.23971690801060513,0.23972246548023327,0.23972053832825305,0.23977716318722497,0.23976844906316552
0.24663435986225898,0.2461869079841235,0.24656839862165586,0.24660871311820784,0.24653717237051403,0.24660312685974406,0.2465534435684653,0.24658408112150326,0.2466536223563821,0.2466488267990589,0.2465056881380864,0.24253121721595755,0.23644650882098883,0.2500000000000003,0.23853757999682626,0.24196173487144457,0.24385354789853564,0.24076156216981218,0.24417058924191398,0.24634622603197615,0.24624226915473335,0.24048561820639655,0.23098594196732608,0.23115607319344034,0.23503155696595499,0.2339527165665198,0.22779786813437108,0.2271245365930104,0.2338577459676734,0.24520687578489364,0.24607603996582728,0.23529144869610571,0.22885125860362515,0.22327366532908371,0.23400563397303142,0.23603792297064882,0.23120868146484944,0.23565358892020435,0.23645230978097412,0.2460790688383119,0.24656476849710787,0.24168924922640747,0.23362745055906603,0.23823752398416118,0.23504219871916912,0.24172721003549846,0.2416814800682309,0.2444078257162373,0.2446195719919545,0.2464825254421117,0.2466263413460254,0.246280253407517,0.24649187477056636,0.2466333001063174,0.2466445193686149,0.24659428881395182,0.2465999945009141,0.24659802373232256,0.24665626396518556,0.2466473085498148
0.24184109182139876,0.2414025497964119,0.24177696809768034,0.2418159395214433,0.2417444755886797,0.24181053584036116,0.24176191402833574,0.24179192222129325,0.24185976540240314,0.24185524525668547,0.24171468424547854,0.23783677050074142,0.23186000391042502,0.23853757999682626,0.25000000000000006,0.2369699423104958,0.23924044284740156,0.23593753539017528,0.2397053819382918,0.2415599465724129,0.2414573158477543,0.23571754547551627,0.22665907684903966,0.22665249424880382,0.230338867826419,0.2287639771569496,0.2219296122438012,0.22193498294478325,0.22889012934704225,0.24045311942739866,0.24129410777566881,0.23074540417138967,0.22456791530266784,0.21897980201591793,0.22939557034728908,0.23122530708183944,0.22625298380498687,0.23086561663068536,0.23168142984135773,0.2412984816496055,0.24177302336294954,0.2370148218138165,0.22912736683738932,0.23368032587977552,0.23044601082632724,0.23701906839794448,0.23695696890534912,0.23964554366407143,0.23986207152321304,0.24169244817163515,0.24183321095636842,0.2414938496523866,0.24170157182453364,0.24184003445570973,0.24185101537280776,0.24180178132863775,0.24180740053933436,0.2418054427709138,0.24186255657856282,0.24185377063562113
0.2450616825303953,0.24461705740039605,0.24499679535799995,0.24503619645783617,0.24496553716255437,0.24503063207962544,0.24498127245090412,0.24501173798029047,0.24508086310567642,0.24507604855384807,0.24493360388056876,0.24123266816659722,0.23497187463630034,0.24196173487144457,0.2369699423104958,0.25000000000000017,0.24219817733973498,0.23911874825749513,0.24281431749423016,0.24477704956173976,0.24466922603201424,0.23912631142259103,0.23044951991172902,0.22978227753974537,0.23373633402085792,0.23178463522128892,0.22514989868702306,0.2247446934804569,0.23220341804232852,0.24365573453734488,0.24451066423077195,0.23401637397180208,0.22795986866626905,0.2220343436250563,0.23249826320653388,0.23430505190495216,0.2293393060785785,0.23403101901351062,0.23475801170098132,0.2445101605388695,0.24499235995905946,0.24015361598415721,0.23214980122373258,0.23680608100421383,0.23346918687225612,0.24013069495292527,0.24008655474292087,0.2428188875178632,0.24304819400238153,0.24491064029972023,0.24505371274237958,0.2447098319375389,0.24492019288622738,0.24506062711873397,0.24507176165107572,0.24502186458915942,0.24502753971082575,0.2450255744135262,0.24508344206658947,0.24507454623398553
0.24708201031564264,0.2466337243768847,0.24701709759794904,0.24705631232153333,0.24698432808512955,0.24705070185246417,0.24701012334002745,0.2470316398279515,0.24710122306957408,0.24709648705299148,0.2469526959427758,0.24297437488205229,0.23692500682671916,0.24385354789853564,0.23924044284740156,0.24219817733973498,0.2500000000000002,0.2410167430693621,0.24470916475678559,0.24679500427375345,0.24668932581056335,0.24094369142469502,0.2318402379859677,0.2318099621978264,0.23550480016152195,0.2338476458948805,0.2270177348479522,0.2268539085098445,0.2339691734694213,0.24565999144260905,0.24652360122202424,0.23584911570440414,0.22968442582731738,0.22380747395723297,0.23453638489800618,0.23622171850575205,0.23129257990139704,0.23587461368582816,0.23673055772453694,0.24652703200567103,0.24701234293895713,0.24215049219505796,0.2340906617603892,0.23875415104056366,0.23542780362922672,0.24214025187951155,0.24208568413334733,0.24483363733067987,0.2450560797462127,0.24692993021380838,0.24707397207239226,0.2467272563276361,0.24693941141316705,0.24708094345668163,0.24709217295638272,0.24704186135957024,0.24704759275264615,0.24704560243326637,0.2471039486059361,0.24709497732231553
0.24387549210038226,0.24343300659266565,0.24381128686880083,0.24385012720330887,0.24377966483602645,0.24384458179441776,0.24379538673654794,0.24382579359838322,0.2438945401627124,0.24388978426671512,0.24374774339128338,0.23988856884422757,0.23376877477557617,0.24076156216981218,0.23593753539017528,0.23911874825749513,0.2410167430693621,0.25000000000000044,0.24138657709001632,0.243591285960245,0.24348387475025232,0.23791246449001827,0.22954241414822935,0.2285341451358649,0.23264764980325622,0.2307868377283773,0.22402699400349715,0.22351762127485003,0.23086507352410485,0.24247128424317382,0.2433285124836586,0.23319080397874659,0.22747426521436057,0.22139992592155713,0.23175190349963942,0.2331533180259646,0.2280692218340322,0.2328156490338816,0.23353513801443745,0.24332522669359224,0.2438062363726485,0.23901410196109074,0.23104065071128474,0.23576953577825047,0.23231797095394555,0.23894311463122958,0.23892475264815013,0.2416356728452164,0.24186769745755035,0.2437248561137464,0.2438675584998345,0.24352534184420932,0.24373451798522897,0.243874439435207,0.24388554170664117,0.243835864552402,0.2438414953475386,0.24383955723239192,0.24389713645257838,0.2438882911948278
0.24745044541083816,0.2470015141363518,0.24738439461662257,0.24742471334921126,0.24735227375646476,0.24741910859577534,0.2473693284197666,0.24739998036376798,0.24746974404950997,0.24746496700252282,0.2473212796243224,0.24333930453650932,0.23730764861313142,0.24417058924191398,0.2397053819382918,0.24281431749423016,0.24470916475678559,0.24138657709001632,0.2500000000000005,0.24716200017251427,0.24705869500602548,0.2412246191849919,0.23199460600567395,0.23202755845086728,0.23569302828987904,0.23428896314131392,0.22712507926753203,0.22712617531233223,0.23419934167499798,0.24602843571098337,0.2468908823434153,0.23616024913916472,0.22985608573399838,0.224134844928533,0.23477596855370286,0.23656665119118234,0.23157310912176213,0.2361947579715905,0.23708644130827444,0.24689529858351847,0.24738081421929323,0.24251889278054414,0.23446365110132142,0.23912010384150112,0.23579543933710456,0.24251473372025564,0.24245337134959433,0.24520420607203441,0.24542415945055426,0.24729831525347667,0.24744239969220375,0.2470951670454011,0.24730768906402034,0.24744938146700535,0.24746062332039673,0.24741024108547602,0.24741598780855706,0.24741398780002405,0.24747242381891513,0.2474634362546783
0.24965789069069064,0.24920497234457054,0.24959089478859825,0.2496319318999656,0.24955882793583353,0.2496262883923299,0.24957605266158545,0.24960696089018947,0.24967731257451903,0.24967254934674094,0.24952788270889667,0.24545538637025965,0.23947357777115408,0.24634622603197615,0.2415599465724129,0.24477704956173976,0.24679500427375345,0.243591285960245,0.24716200017251427,0.25000000000000033,0.24926452307563202,0.24339837153878702,0.23398177726938577,0.23415410910138668,0.23775208532137473,0.2363637866480664,0.22913066969823323,0.22922437578147137,0.23626162643095358,0.2482219417883104,0.2490919816139534,0.23820969801993702,0.2318674473602255,0.22606024569641114,0.23685539175173073,0.23869844645240584,0.23363010850684598,0.2382999057245358,0.23921750735072705,0.2490981447739707,0.24958775272609562,0.24470030172437124,0.2365428533652917,0.24124600185302633,0.23791357987256687,0.2446979940356348,0.2446309859988808,0.24739953848194426,0.2476179651469751,0.24950454745951153,0.2496497761916769,0.24929944601077994,0.2495138803175364,0.24965682024075414,0.24966815693112918,0.24961733068666714,0.2496231303129784,0.24962111096143447,0.24968007064153053,0.24967100040060125
0.249555159887103,0.24910242810033723,0.24948819798154337,0.24952921188756155,0.2494561672542752,0.24952357101090683,0.24947334411775335,0.24950425031997855,0.24957456946258816,0.24956981272150278,0.24942523090856772,0.2453506819533032,0.23937651854109443,0.24624226915473335,0.2414573158477543,0.24466922603201424,0.24668932581056335,0.24348387475025232,0.24705869500602548,0.24926452307563202,0.2500000000000005,0.24329324270613253,0.23387899831493378,0.2340672809730982,0.23764347278314715,0.23626231226153763,0.22902855632515082,0.22915004815139814,0.23615126715962168,0.24811891478771758,0.24898933176731444,0.23810889345806158,0.2317634052125907,0.2259664856041244,0.2367600089532504,0.2386083926199689,0.23353033278153465,0.23819862216955212,0.23912373440384857,0.24899562607893277,0.24948506020147598,0.24459930671195543,0.2364457150106924,0.24114720116783894,0.23782030554859818,0.2446012464280113,0.24453371259949783,0.24729937633804047,0.24751679282500125,0.24940188324955448,0.24954704887947696,0.24919686282951517,0.249411193324947,0.24955409003052131,0.24956542262838782,0.24951461672540634,0.2495204128202092,0.24951839552684693,0.24957733088883377,0.24956826435547522
0.24368554293842187,0.24324343193657585,0.24362087764362533,0.24366020445148454,0.24359047206716586,0.24365468635802237,0.24360527911053143,0.2436358490012706,0.24370453916596838,0.24369984073206605,0.24355902774609134,0.23949758632291038,0.23366852528152537,0.24048561820639655,0.23571754547551627,0.23912631142259103,0.24094369142469502,0.23791246449001827,0.2412246191849919,0.24339837153878702,0.24329324270613253,0.25000000000000044,0.22800802758858335,0.22852645971151483,0.23276543362599825,0.2309703595992404,0.22544241364614365,0.2242694881282733,0.23121358561895086,0.2422673830778589,0.2431313848821366,0.23239039657353208,0.2261075614243123,0.2205705568752685,0.2315189289198457,0.23345894513587026,0.2286440092483144,0.23295873089401645,0.2338104723759281,0.24313604439542957,0.24361685426781401,0.23881545738758958,0.23076661335988008,0.23544023013653453,0.2322622651354447,0.23890197756707665,0.23885914482968224,0.24151672013608327,0.24170788768597373,0.24353559309530323,0.24367762341157576,0.24333567296615796,0.24354457275876681,0.24368449897020789,0.24369559276302005,0.24364595409661327,0.24365157037560528,0.2436496451068329,0.24370719233835175,0.24369833992347412
0.2342573703275895,0.23383228455075783,0.2341969935603,0.23423300545818188,0.2341689305056633,0.23422766246927793,0.23417974610439465,0.23420967218407954,0.23427561829252466,0.23427107664488156,0.2341354092828416,0.23024710304583304,0.22444518834419872,0.23098594196732608,0.22665907684903966,0.23044951991172902,0.2318402379859677,0.22954241414822935,0.23199460600567395,0.23398177726938577,0.23387899831493378,0.22800802758858335,0.2500000000000002,0.21874978544076532,0.22387792046265317,0.2238833607803651,0.21974629386235398,0.21848278158723053,0.22391005186400273,0.23290717451657914,0.23372307438625428,0.22322888928895496,0.2165097842208721,0.21162241587030453,0.2230663459416379,0.22453625211030184,0.22216948959248625,0.22423118284216084,0.2254920712760313,0.23372062424480067,0.2341898385028291,0.229336413727842,0.22168343131987192,0.22604426994154878,0.22321615581750592,0.22954081151029174,0.22965957160247194,0.23215413168990665,0.23233180592706712,0.23411112981689716,0.23424975250012892,0.2339210306009787,0.2341207937440585,0.23425636215605478,0.23426711126094585,0.23421930868726043,0.2342245725546358,0.23422286074564916,0.23427813120950988,0.23426966768235025
0.23443662543368182,0.23401120307077242,0.2343776806514651,0.2344122452411029,0.23434860919035114,0.2344069050761551,0.23435814634541885,0.23438881187185073,0.23445471181521452,0.23445036322516924,0.23431627157884544,0.23042892171053037,0.2246237035020497,0.23115607319344034,0.22665249424880382,0.22978227753974537,0.2318099621978264,0.2285341451358649,0.23202755845086728,0.23415410910138668,0.2340672809730982,0.22852645971151483,0.21874978544076532,0.2500000000000006,0.22252206883371814,0.22147611396147193,0.21868713328740078,0.21559644549010093,0.22321568552851342,0.23307007804773852,0.23390809476107924,0.2237445231640771,0.21729393648460602,0.2124856842486816,0.2225196970997414,0.22522389790578345,0.22018414047854057,0.2249627643931593,0.2252293877194176,0.23390518616807734,0.23437029243456323,0.2297120678975094,0.22204220548092876,0.22658477162328616,0.2234660132880537,0.22988572431110565,0.22981310803910449,0.23237815072323093,0.2325440203046213,0.23429231721119545,0.2344290080810815,0.23410003524521525,0.23430086452740712,0.23443562269437682,0.2344463324889222,0.2343985407789459,0.23440396250750084,0.23440208896840795,0.23445747312272122,0.23444893834693795
0.23802581797828629,0.237593941877405,0.23796423688128132,0.2380010600939878,0.23793399378042662,0.23799564648753238,0.23794787667651848,0.23797734812072407,0.23804447275679716,0.23803975261973384,0.23790129313094593,0.23447945072279855,0.2286429030571519,0.23503155696595499,0.230338867826419,0.23373633402085792,0.23550480016152195,0.23264764980325622,0.23569302828987904,0.23775208532137473,0.23764347278314715,0.23276543362599825,0.22387792046265317,0.22252206883371814,0.2500000000000004,0.22473428651403402,0.22065701068570548,0.22040227033894083,0.22725436241411537,0.23665147349386492,0.23748678303647466,0.2276048728033243,0.22205780832216745,0.21543069745644042,0.2252414531525318,0.22763844644369208,0.22449458470100178,0.22783177171741484,0.22910150138526483,0.23748218596617632,0.23795739958872425,0.23325260844129858,0.2252975970571828,0.22997812661748576,0.22674367772048581,0.23323433921751358,0.2333020256999691,0.2358736080416407,0.2360665710955861,0.2378774700719114,0.2380180731563054,0.23768406340199993,0.2378874372575206,0.23802478912014988,0.23803571094631565,0.23798713957323658,0.23799253050185484,0.23799074610715115,0.23804691823869115,0.23803830868377338
0.23664524212311916,0.2362157525407449,0.23658820808953002,0.23662062504403888,0.23655704443246645,0.2366152052438566,0.23656596818183875,0.2365969849163633,0.23666375650601987,0.23665909114329559,0.23652356716013034,0.23289690965735693,0.2267107301383335,0.2339527165665198,0.2287639771569496,0.23178463522128892,0.2338476458948805,0.2307868377283773,0.23428896314131392,0.2363637866480664,0.23626231226153763,0.2309703595992404,0.2238833607803651,0.22147611396147193,0.22473428651403402,0.2500000000000006,0.21612586913564452,0.21689643320335558,0.22383680375210233,0.2352846348487533,0.2361198113491743,0.22724986909801498,0.22080933027967528,0.21646002491630226,0.2246518446311613,0.22670195079408553,0.22109886391825784,0.22607335735733525,0.2266420186596359,0.2361076758552361,0.23657747698836137,0.23198787802739473,0.22459407937460069,0.22924924162665158,0.22546164024134782,0.23185021319984858,0.2318545926158847,0.2344534544613542,0.23468504652758948,0.2364982043888405,0.23663754667172857,0.2363054744142637,0.23650774701284133,0.23664422370428007,0.23665510156378222,0.236606792548137,0.23661222317760047,0.23661037620890424,0.23666623640886708,0.23665766487375364
0.22939347584231137,0.22897721298713353,0.22933690325187744,0.22936961000564515,0.22930827690016176,0.22936437071112975,0.22931836164088013,0.22934682282483124,0.2294116641984305,0.2294068766103826,0.22927379915586385,0.22643553049267542,0.22069842291899294,0.22779786813437108,0.2219296122438012,0.22514989868702306,0.2270177348479522,0.22402699400349715,0.22712507926753203,0.22913066969823323,0.22902855632515082,0.22544241364614365,0.21974629386235398,0.21868713328740078,0.22065701068570548,0.21612586913564452,0.2500000000000004,0.20897796633425214,0.2163949658107642,0.2280111352570408,0.2288717178045788,0.22082321832076648,0.21716256104132425,0.21004804872301933,0.22007248158503723,0.21924176708787976,0.2133768651055154,0.2185981668311558,0.21913594386971955,0.22886500527635156,0.22932714084396133,0.2253091821334252,0.21726233064712427,0.2225159785749234,0.21850628942580372,0.2247480022518736,0.22490990585028742,0.22726489295285518,0.22752400249986562,0.2292502920341807,0.22938600746356683,0.2290641107602428,0.22925913063267886,0.22939247976797064,0.22940293642587986,0.229356195544108,0.22936127986662302,0.22935967409176947,0.22941378963756048,0.22940550894968834
0.2295033930683808,0.2290869018657168,0.2294472197351488,0.2294795260206567,0.2294191310262437,0.22947429509010214,0.2294262468709654,0.22945658927441068,0.22952122007342812,0.2295168352564503,0.22938648006885354,0.22563639081973202,0.22001624338266398,0.2271245365930104,0.22193498294478325,0.2247446934804569,0.2268539085098445,0.22351762127485003,0.22712617531233223,0.22922437578147137,0.22915004815139814,0.2242694881282733,0.21848278158723053,0.21559644549010093,0.22040227033894083,0.21689643320335558,0.20897796633425214,0.25000000000000044,0.21613218543965948,0.2281429016405287,0.2289854129973855,0.22189124078259775,0.21631125767870796,0.21275905910821535,0.22008499843609458,0.21997138549050207,0.21427545577076487,0.2186543081718859,0.2197783770477082,0.22897959315358882,0.229437909978186,0.2254431574879903,0.2183582838271505,0.22343126226219032,0.21880144354029019,0.22492805307616273,0.2250388601915871,0.22737969868675292,0.22761671320354532,0.22935999883958028,0.22949593783158267,0.2291738861011135,0.22936885271975882,0.22950241336798569,0.22951301775916708,0.22946611186607083,0.22947121674456336,0.22946959260150943,0.22952373328874343,0.2295154488886274
0.2365338635221534,0.2361046715360835,0.23647241851216508,0.236509257774442,0.236442219004407,0.2365038626054612,0.236456357727566,0.2364857203230173,0.23655234344501816,0.23654769919437096,0.2364093735454317,0.2329527373897824,0.22694413770166416,0.2338577459676734,0.22889012934704225,0.23220341804232852,0.2339691734694213,0.23086507352410485,0.23419934167499798,0.23626162643095358,0.23615126715962168,0.23121358561895086,0.22391005186400273,0.22321568552851342,0.22725436241411537,0.22383680375210233,0.2163949658107642,0.21613218543965948,0.25000000000000033,0.23510399929414538,0.236004887734558,0.22688821339432114,0.22251362263567775,0.21569689087832034,0.2261027683656515,0.22617175455915178,0.2206578776754187,0.22571479627421026,0.22612537386936576,0.23599261091958426,0.23646566569355623,0.2320563256431415,0.2240008103839161,0.2290666042405766,0.2252636777902197,0.23171022128177957,0.23181225130851985,0.23434572182239968,0.23459313186042582,0.23638666959297794,0.23652616405500243,0.23619424787334095,0.23639633664104254,0.23653283789074162,0.23654367154434613,0.23649542429436463,0.2365007894323715,0.23649900855681327,0.23655482860465935,0.2365462726867479
0.24851113807303038,0.2480602991127401,0.24844442058828412,0.24848529830667396,0.2484125343502677,0.24847967982558458,0.24842968315252756,0.2484604456373466,0.2485304612122524,0.24852572805625028,0.24838165876982002,0.24432758146849612,0.23836925514286997,0.24520687578489364,0.24045311942739866,0.24365573453734488,0.24565999144260905,0.24247128424317382,0.24602843571098337,0.2482219417883104,0.24811891478771758,0.2422673830778589,0.23290717451657914,0.23307007804773852,0.23665147349386492,0.2352846348487533,0.2280111352570408,0.2281429016405287,0.23510399929414538,0.2500000000000005,0.2479485639183775,0.2371189868482107,0.23077888764841464,0.22502600174352402,0.23574023613631395,0.23759765783246595,0.23252066100290839,0.2372082549840345,0.2380951407319657,0.2479537555652567,0.2484412727437855,0.24356137256711696,0.23545311901147808,0.24012469441707973,0.2368158306860122,0.2435650683667467,0.2434998930814971,0.24625927652645235,0.24647914726218823,0.2483584527974605,0.24850306058097374,0.24815433957645555,0.2483677745596205,0.24851007227412683,0.24852135508487228,0.24847076410838173,0.24847653565822655,0.2484745269041972,0.24853321511895207,0.24852418730060505
0.24938224115492186,0.2489298228539103,0.24931532720881538,0.24935631101248842,0.24928329590909198,0.24935067372392639,0.24930049843861019,0.24933136775783593,0.24940164329027437,0.24939688357891865,0.2492523768297363,0.24518559294868023,0.23921212679673517,0.24607603996582728,0.24129410777566881,0.24451066423077195,0.24652360122202424,0.2433285124836586,0.2468908823434153,0.2490919816139534,0.24898933176731444,0.2431313848821366,0.23372307438625428,0.23390809476107924,0.23748678303647466,0.2361198113491743,0.2288717178045788,0.2289854129973855,0.236004887734558,0.2479485639183775,0.2500000000000005,0.23792996239698744,0.23160013725436004,0.22579558138923006,0.23659138897789744,0.23842645259632986,0.23337640689239053,0.23802898368133735,0.2389494171795198,0.24882303025861197,0.2493121707136017,0.24442627144887755,0.23627490894852746,0.24097120760219579,0.2376502894645515,0.24442587130157192,0.24436047024775098,0.24712525334146324,0.24734427288908167,0.24922905353898894,0.2493741356070436,0.24902419226764747,0.24923837083171513,0.2493811718751227,0.2493924923566861,0.24934172591941395,0.24934751553080386,0.24934550209364084,0.24940439569171313,0.24939533637574218
0.23848907780319,0.23805634825819572,0.23842683457349653,0.23846427526603842,0.2383972048516643,0.2384588516939244,0.23841029553017104,0.2384404763185002,0.23850758805350672,0.23850304968331465,0.23836487803550177,0.23443423672095856,0.22855303223531664,0.23529144869610571,0.23074540417138967,0.23401637397180208,0.23584911570440414,0.23319080397874659,0.23616024913916472,0.23820969801993702,0.23810889345806158,0.23239039657353208,0.22322888928895496,0.2237445231640771,0.2276048728033243,0.22724986909801498,0.22082321832076648,0.22189124078259775,0.22688821339432114,0.2371189868482107,0.23792996239698744,0.25000000000000044,0.22068762557481986,0.2156035125463353,0.2268598426443631,0.228204488567465,0.22518847627859706,0.2280942563981089,0.2294922186647361,0.23794502230670483,0.2384205315615002,0.23353922594720566,0.22587124305373735,0.2303028036207001,0.22716847034032495,0.23369311864425146,0.23377233573574108,0.23636732508547625,0.23651894519120126,0.23834025295415534,0.2384813235168832,0.23814666314970767,0.23835064067421222,0.23848805263798942,0.2384991087025575,0.23845032987800205,0.2384557551807645,0.23845394459364852,0.23851021622692284,0.2385015985718146
0.2321410922541312,0.23171989097107312,0.23207962394378653,0.23211695086639536,0.23205207284463186,0.23211167462891152,0.23206424743691,0.23209381894760378,0.2321590893567192,0.2321546823021179,0.23201986829990795,0.22806189218836612,0.22240162834014657,0.22885125860362515,0.22456791530266784,0.22795986866626905,0.22968442582731738,0.22747426521436057,0.22985608573399838,0.2318674473602255,0.2317634052125907,0.2261075614243123,0.2165097842208721,0.21729393648460602,0.22205780832216745,0.22080933027967528,0.21716256104132425,0.21631125767870796,0.22251362263567775,0.23077888764841464,0.23160013725436004,0.22068762557481986,0.2500000000000004,0.20853047558602597,0.22034421082380407,0.22345967632626867,0.21989230444784205,0.22386499667431659,0.22434050350721774,0.23160723867707933,0.2320743355034202,0.2274317862569739,0.21947354618288076,0.22402734955167866,0.22112616267677407,0.22768079711224906,0.22769746780630185,0.23017977392723918,0.23026770450653367,0.231996560502899,0.23213354509742717,0.23180779217503997,0.2320055690114889,0.232140094951562,0.23215073656570914,0.23210337616556237,0.2321085861277372,0.2321068910341854,0.23216170507313777,0.23215328023707682
