x1,x2,x3,x4,x5,x6,x7,x8,x9,x10,x11,x12,x13,x14,x15,x16,x17,x18,x19,x20,x21,x22,x23,x24,x25,x26,x27,x28,x29,x30,x31,x32,x33,x34,x35,x36,x37,x38,x39,x40,x41,x42,x43,x44,x45,x46,x47,x48,x49,x50,x51,x52,x53,x54,x55,x56,x57,x58,x59,x60
0.25000000000000006,0.24719101536982224,0.06522508258153015,0.24760075241489354,0.06603964774030298,0.24785661277626897,0.09751364875553041,0.24613922398043303,0.21548902887085894,0.24800231686850546,0.20199872810310865,-0.08184461775043081,0.08295865392794145,-0.07651795798266522,0.09096046044037362,-0.023994801623823805,0.02853719814037327,0.1313954292258465,-0.16481756960661081,0.23180030825802422,0.13325649525383987,0.07532594859663262,-0.06414194406761205,0.07569476895784752,-0.061595551594484876,0.08560652017592563,-0.06945734022400248,0.10600159746820519,-0.06251419243256479,0.21837768437955188,0.19335898938200238,-0.05883028109860758,0.06137361118448484,-0.05724984232278567,0.05944939668816763,-0.042270953962811816,0.060889441670445625,0.010783205948667376,0.02267392046274835,0.21096041046160557,0.16240721325060414,0.05485477529038554,-0.05397481443846453,0.06211035908062491,-0.033091305493684914,0.08987422262203751,-0.042117498062612356,0.1573006128239659,-0.18075300344315626,0.21568889690521126,0.24720184473681933,0.24781070460500026,0.13343804624398772,0.24791414827501454,0.1285390373940826,0.2477515338400268,0.12009293000770913,0.24749588217825108,0.21543835665612837,0.2480011475324035
0.24719101536982224,0.25000000000000006,0.06482516507438145,0.24878704398219714,0.06610509943062391,0.24904039012503257,0.09783605268279427,0.2473226221873328,0.21651551063547508,0.24918633733956208,0.20311717823113098,-0.08282136803372687,0.08394243801965555,-0.07747158048387813,0.0918815999620711,-0.02451689624413509,0.02878587900672514,0.13198582684478266,-0.1656558896937513,0.23295107110390284,0.13368595835320043,0.07626620500177944,-0.06500832807656087,0.07663740244168207,-0.06244785000109901,0.08653094576450879,-0.070316492588123,0.10685713332129342,-0.06311538621232453,0.21948183345436093,0.194446467786593,-0.05966307995406615,0.06222255091201202,-0.058072704282191634,0.06028607938247601,-0.042993964187038415,0.061703867584877656,0.010451385315640037,0.02310081828111472,0.2119155787701069,0.16302953410244492,0.05566142029531241,-0.05477559728645734,0.06294068424796843,-0.03368849895612741,0.09066883373907197,-0.04247787102394221,0.158074014899345,-0.18159163564865927,0.21667133071974046,0.2483835923572486,0.24899367283243373,0.1343773696564366,0.24909761709083414,0.12939291903471467,0.2489339469263879,0.12074976778716516,0.24867671405412975,0.21645397494388208,0.24918516215462683
0.06522508258153015,0.06482516507438145,0.24999999999999994,0.06519695942260326,0.05392691477150292,0.06550834376770595,0.04926172403323573,0.06405411710618636,0.05742314506390076,0.06559985072038525,0.020902062578241554,0.09638139331624873,-0.09590734767133399,0.09718749753327693,-0.07192144636578703,0.07155606199160973,-0.018866019187191767,0.044420570686245775,-0.038020042774495236,0.05537568616357831,0.07679402396417616,-0.09703179151583874,0.09580755258277751,-0.09700423331259686,0.09577462786640384,-0.08254983715017931,0.08837177537454735,-0.050531735678309514,0.051947929624706075,0.04304493507032461,0.017949947460295556,0.09538233005928999,-0.09556281997130202,0.09518717049193683,-0.09527699138177222,0.09349009914606743,-0.08986809389185942,0.08102125740906845,-0.06304089418988891,0.06667332111581743,0.0737073816267209,-0.0949367130687671,0.09481552491794855,-0.09076843710783736,0.07969677959022271,-0.05013989013374567,0.021442021779245257,0.03683752124871059,-0.052518764337235305,0.06651200979861523,0.06507363995253986,0.06557640246921934,-0.025522223474569217,0.06560271851695484,-0.014462325860123651,0.06561572416592087,0.014447173930578738,0.06562052961155102,0.05948972074690208,0.06559959300202069
0.24760075241489354,0.24878704398219714,0.06519695942260326,0.2500000000000001,0.06574543050962996,0.24944977000998889,0.09784745912512405,0.24773888900098123,0.21690101066633916,0.24959517109854112,0.2036824907637289,-0.08380387950831426,0.08492450131006057,-0.07845272275092537,0.09283929109887654,-0.025186109067765895,0.029055056107156627,0.13211049869050778,-0.16600138265003556,0.23339602742091242,0.13360475076910777,0.07723747834631187,-0.0659308473928964,0.0776097826961925,-0.06336102165678427,0.08748199503016946,-0.07122989490331301,0.10766457844864893,-0.06376633495248243,0.21995533667926281,0.1950062136512175,-0.06056352739051073,0.06313337681539713,-0.058966130542373124,0.06118820568529157,-0.043822547022142624,0.0625832607574059,0.009893398739650613,0.023671387633610916,0.2121817319312719,0.16307457384027757,0.056544479377644015,-0.05565465136018552,0.06381945854553424,-0.03438559824509974,0.09135624392510165,-0.04278813175253169,0.1583703176093363,-0.1818568498330928,0.21695859683048552,0.2487934071502044,0.24940199564478754,0.13503850675414203,0.24950611574102197,0.12995743176891422,0.2493417717451352,0.12107744049172173,0.24908359220483586,0.21679165226319183,0.24959399312855665
0.06603964774030298,0.06610509943062391,0.05392691477150292,0.06574543050962996,0.24999999999999997,0.06600222435184742,0.03745457690944374,0.06472433344520534,0.05843034226109219,0.0661452725095268,0.029749550283372752,0.07127104670075822,-0.07068543073836539,0.07603984108556958,-0.08615919442094486,0.07380549640610339,-0.023826669918657093,0.04098001283403172,-0.036572704847906964,0.05553701729059039,0.06869152748245354,-0.07290834302184097,0.07261464951770503,-0.07293018622504346,0.07315568847527461,-0.06932257491639884,0.07118020685808257,-0.03831607340092796,0.04035963639741731,0.046244399217922325,0.025167578484954548,0.07278726753934897,-0.07273139837821295,0.07291306725980974,-0.07290230890445522,0.0725200704097543,-0.06994209698747143,0.06595096395343836,-0.050426737638397154,0.06507267344464102,0.06786285901297066,-0.0727351029669757,0.07271818792958488,-0.06908155013369949,0.06198532660563105,-0.03535522779017422,0.015110453995279587,0.037966625876877796,-0.051898699232061515,0.0650783588590116,0.06567954738079813,0.06611585346273764,-0.013004905848843703,0.06614273792951345,-0.004534233013391179,0.06614416499869792,0.017943446200540225,0.06613391873544733,0.059427363038570886,0.06614508784390123
0.24785661277626897,0.24904039012503257,0.06550834376770595,0.24944977000998889,0.06600222435184742,0.2500000000000001,0.09796932812631623,0.2479910841377635,0.21710789085160326,0.2498515919849278,0.2037935415455494,-0.08353623170011465,0.08465822717340113,-0.07817633979514217,0.09258665476289238,-0.0249376028207295,0.028956879979456743,0.13232191448302677,-0.16615716265721364,0.23360183489180847,0.13386804861502816,0.07696156149824797,-0.06565610504081824,0.07733411404947275,-0.06308630585040297,0.08721677753063578,-0.07096020940349876,0.10745658023800317,-0.06355523344982562,0.2201323014657397,0.19510523892403991,-0.06028911219247725,0.0628589369240628,-0.05869215503225575,0.06091430706758316,-0.043549468605911176,0.0623154428643266,0.01015274554423021,0.023441412659811228,0.2124365700318734,0.16333538158372618,0.05627057649861424,-0.05538093642820445,0.06355988612643283,-0.03415022310471759,0.09122094841542869,-0.04272697467821967,0.15851536114912065,-0.18205621168956818,0.21720992090874744,0.24904802053248074,0.24965829754885324,0.1349918896310341,0.24976252435903665,0.12994190945286305,0.2495981815837664,0.12114376815755558,0.24933995744094067,0.2170211151863807,0.24985041323222232
0.09751364875553041,0.09783605268279427,0.04926172403323573,0.09784745912512405,0.03745457690944374,0.09796932812631623,0.24999999999999983,0.09625555918670563,0.0893785821197815,0.09811067949226086,0.07041900164612964,0.00609346188030222,-0.005499840992649744,0.01144074798461764,-0.0130290667018311,0.08039741541688965,-0.10910518444581037,0.10170663848318535,-0.08180867455932544,0.08910774942777085,0.06750384933297927,-0.00983888841741282,0.013210549484189081,-0.010050240881940798,0.01634461822446842,-0.010805181338592571,0.01523996320180484,-0.003414138134000538,0.014392289071949059,0.07919619088206749,0.06513533794115885,0.015847216773063173,-0.014826133871333781,0.017360561404850025,-0.016826653890881515,0.021563208235841982,-0.016350293006280377,0.03631538720748733,-0.025779633967838507,0.08832670272281572,0.07521910980755947,-0.01733524329171248,0.017732940281673673,-0.014131694847072501,0.019478498576577317,0.007489069886498044,-0.0022823060604881765,0.05873402036085247,-0.07263892026645245,0.08889872889465097,0.09767615766949347,0.09804393374387836,0.03094127255832835,0.09808527257733023,0.03300449841764476,0.09804268709391292,0.039388785176677515,0.0979694756469624,0.0859684044547152,0.0981102180479025
0.24613922398043303,0.2473226221873328,0.06405411710618636,0.24773888900098123,0.06472433344520534,0.2479910841377635,0.09625555918670563,0.25,0.2153767061232656,0.24813148749615357,0.20289556116945406,-0.08519402698864373,0.08629762046806075,-0.07983909781975601,0.09421998896364424,-0.02660358925497612,0.03055230000420132,0.13064318098797806,-0.16476308876235077,0.23188750376274875,0.1321688828319499,0.07862074460421105,-0.06731483598316233,0.07899204715187874,-0.06474939601500827,0.08887150962359525,-0.07262250836222557,0.1090319870101055,-0.06515459295067222,0.2194271957563972,0.19438317742302214,-0.06194707088720429,0.0645153454347189,-0.060352779073543014,0.06257395167831999,-0.045215292668790125,0.0639701576494408,0.008486618710685252,0.025068481975135875,0.21072751019571395,0.16163597609445232,0.05792943240804714,-0.05703986582502983,0.06512842991317881,-0.03559739396205128,0.09203160594143202,-0.04311501560308445,0.15755159529736915,-0.1807342950251138,0.21553969839167855,0.24733965714183842,0.2479390563474463,0.13520871848368077,0.2480425529115527,0.12997619658495654,0.24787828700808337,0.12069608574234345,0.2476204700489291,0.21548936957249681,0.24813032090273807
0.21548902887085894,0.21651551063547508,0.05742314506390076,0.21690101066633916,0.05843034226109219,0.21710789085160326,0.0893785821197815,0.2153767061232656,0.24999999999999986,0.2172234583687734,0.1766535721901584,-0.07172329113843826,0.07273476248568715,-0.06638244442456892,0.07994399006691139,-0.012502767870583551,0.013819381422525263,0.14445854060197558,-0.1929727210399058,0.20815944180178547,0.11704475140191034,0.06562311672071695,-0.055514556152014304,0.06584420081732739,-0.05290654347566645,0.07538696319962161,-0.060279277803820835,0.09512613646874458,-0.057047999737440715,0.19084948088724565,0.1692662650101118,-0.050676127070910265,0.05295158549125582,-0.04910034019353948,0.05101342638954399,-0.03597984170378829,0.052857518107840715,0.010400215148834643,0.02091316349564138,0.18478744729343927,0.14250459372611332,0.04713644702197299,-0.04633835988123387,0.05342466767207847,-0.028298179294204133,0.07820703271055042,-0.036203475135317416,0.13732122541472133,-0.15831773548775263,0.18913385468524327,0.21652132668007212,0.21705604203902717,0.11641859562441725,0.21714660234286878,0.1122939852958177,0.21700548031515904,0.1048874992759736,0.21678304761143635,0.1887647753644987,0.2172224408608843
0.24800231686850546,0.24918633733956208,0.06559985072038525,0.24959517109854112,0.0661452725095268,0.2498515919849278,0.09811067949226086,0.24813148749615357,0.2172234583687734,0.24999999999999978,0.20387503059762507,-0.08344392141193453,0.08456759797455272,-0.07807982340461936,0.09250619847205116,-0.02484043139635687,0.028954524143298382,0.13238974273553986,-0.1662190867054193,0.23373015522579946,0.13399657500802337,0.0768655424805902,-0.06555844814097028,0.07723816873405316,-0.06298757979651744,0.08713848136461518,-0.07087115811704654,0.10745150950417906,-0.06353483759275427,0.2202405232967693,0.19517933583938335,-0.06019034215711287,0.06276069999638183,-0.05859297236432151,0.06081561179696531,-0.043448293642516386,0.062225123371011326,0.010249360820531107,0.023388494331850224,0.21257254151698518,0.1634680937216955,0.05617117255157375,-0.05528140767617499,0.06346740043335584,-0.03406402839745866,0.09118658404573894,-0.04271462915987224,0.15860332403418387,-0.18216898973548093,0.21734852320913342,0.24919332346497838,0.24980436127981703,0.1349975985288543,0.24990864678749777,0.12996000187806916,0.2497442757281913,0.12119554539511299,0.24948598796481522,0.21715138345231222,0.2499965552743501
0.20199872810310865,0.20311717823113098,0.020902062578241554,0.2036824907637289,0.029749550283372752,0.2037935415455494,0.07041900164612964,0.20289556116945406,0.1766535721901584,0.20387503059762507,0.24999999999999992,-0.12906966863586833,0.12971921341535134,-0.12362708833425655,0.12210969780637426,-0.0574987223001477,0.033020283765116135,0.10338536836073503,-0.13837298237293127,0.19355166408451047,0.08809146239627441,0.12233197629751079,-0.11097683551948696,0.12266736093314519,-0.10850366417474139,0.12347826527722418,-0.11155605777167471,0.1263922760836963,-0.08571400431617254,0.18708182240158175,0.17610114014583,-0.10565785502944035,0.10819104125818577,-0.10403524038767734,0.10618474815848712,-0.0887770658015817,0.10450626699521598,-0.0312873294727689,0.053627807756115975,0.1678687558640972,0.11763105414992128,0.10161396782331088,-0.1007066418345777,0.10641369910394675,-0.072836791095863,0.11196744932498287,-0.051337777826940725,0.13171580222108792,-0.14613152516583533,0.172424144044738,0.2033789121307608,0.20370339808347487,0.1410879641932993,0.20378902406740476,0.1306606961701687,0.20362643119745513,0.10757413463177158,0.20337889551217753,0.17579916056302705,0.2038740472008351
-0.08184461775043081,-0.08282136803372687,0.09638139331624873,-0.08380387950831426,0.07127104670075822,-0.08353623170011465,0.00609346188030222,-0.08519402698864373,-0.07172329113843826,-0.08344392141193453,-0.12906966863586833,0.24999999999999992,-0.247611799411685,0.24376053919653848,-0.2098628514709125,0.15129165907811354,-0.055136181265856114,-0.026348744302034526,0.06593394247159644,-0.08904491549800557,0.03221010341788425,-0.24227511491887646,0.2307537006052176,-0.24251644657033833,0.22853784281458867,-0.2240203811720032,0.2213888853742512,-0.18084487067761934,0.14752747617850603,-0.10070614230698866,-0.12664695891718036,0.22554847816018833,-0.22799320493568692,0.22385790189033922,-0.22584251178016215,0.20832150072774883,-0.21698964465094936,0.14123953079018237,-0.1353098489055854,-0.05085069072219218,0.002378856422755821,-0.22142528500288786,0.220469344739756,-0.21968632514398134,0.17513645626810675,-0.16726307596572915,0.07453462539093958,-0.0617377473987086,0.05207375422340836,-0.05503010273823637,-0.08375756714646061,-0.08332889906433659,-0.15767976990100072,-0.08336566648587754,-0.13310493107475266,-0.08320708603055348,-0.07247777895856726,-0.0829867780542467,-0.06783911849025942,-0.0834434119378863
0.08295865392794145,0.08394243801965555,-0.09590734767133399,0.08492450131006057,-0.07068543073836539,0.08465822717340113,-0.005499840992649744,0.08629762046806075,0.07273476248568715,0.08456759797455272,0.12971921341535134,-0.247611799411685,0.24999999999999986,-0.24309021043471743,0.20966138435962156,-0.15083570033453547,0.055046215594368474,0.02721229726998596,-0.06651796493374142,0.09002596890742127,-0.031232844596527226,0.24156469358450622,-0.2300304762913251,0.2418073353771094,-0.22780944698386071,0.22345005424789335,-0.2207391231465276,0.18040259016303406,-0.14699313690216426,0.10155138822034757,0.12721693666978875,-0.22481780564731632,0.22726615504666275,-0.22312544589754602,0.22511378577604094,-0.2075712673522346,0.2162966071397869,-0.1404546412343511,0.13465750063884813,0.05191584458467372,-0.0013666019000689782,0.22069002257285722,-0.2197332360381604,0.2190039051222528,-0.17448423992404855,0.16699154855052062,-0.07441418504408771,0.06239804424929028,-0.05293002457345422,0.05609176893343631,0.08487470423682025,0.08445194100863765,0.15773541298969165,0.08448917603393608,0.13324592359271864,0.08433036350329623,0.07285028241905193,0.08410955172970987,0.06883535410484007,0.08456708198633099
-0.07651795798266522,-0.07747158048387813,0.09718749753327693,-0.07845272275092537,0.07603984108556958,-0.07817633979514217,0.01144074798461764,-0.07983909781975601,-0.06638244442456892,-0.07807982340461936,-0.12362708833425655,0.24376053919653848,-0.24309021043471743,0.25,-0.21473997236041278,0.1565220004939029,-0.059794295840225935,-0.021089254738132775,0.061045973490014546,-0.08386624094237702,0.03553947770587158,-0.2416477863752181,0.23038340904819446,-0.24194250274785778,0.22852557384085745,-0.2238006619227119,0.22137534456178265,-0.1806794346160911,0.1480377355543089,-0.09638150834667168,-0.12277792557497644,0.22542992323265365,-0.22778773384304374,0.22390964542474048,-0.22586358607418955,0.20865451055519038,-0.21705510993819666,0.14262658020301433,-0.13634066869882333,-0.046094872365147074,0.006228970883782058,-0.22143632091470675,0.22051824030153183,-0.21957446049849844,0.17549705592456805,-0.16628917697719672,0.07418098087574133,-0.05851400806019409,0.04814741175976425,-0.050248383176032696,-0.07841466275240377,-0.077968704880759,-0.1554705111798506,-0.07800318858001098,-0.13091239717359843,-0.07784739209068281,-0.07020860243554214,-0.07763167734994283,-0.0631624941832764,-0.07807934744819436
0.09096046044037362,0.0918815999620711,-0.07192144636578703,0.09283929109887654,-0.08615919442094486,0.09258665476289238,-0.0130290667018311,0.09421998896364424,0.07994399006691139,0.09250619847205116,0.12210969780637426,-0.2098628514709125,0.20966138435962156,-0.21473997236041278,0.24999999999999978,-0.1745880220986545,0.08779814572469254,0.029277016586332714,-0.07247646666513133,0.09815779959080664,-0.014471426284249656,0.2077471097556977,-0.19732129571914273,0.2081781491191226,-0.1965627448973072,0.21071328400397293,-0.19995214419819773,0.16961596039642596,-0.13468922693085283,0.10453072464821091,0.12318042870309595,-0.1931631575579869,0.19525669799106987,-0.19221251933473385,0.19416165170616287,-0.17816799113587195,0.18977870089480428,-0.11858527248625185,0.11852629188028774,0.061551590826280436,0.013052592685157627,0.1896119581116524,-0.18882997376173463,0.18907967554953545,-0.14956909560722537,0.14857423236357756,-0.06708517229179523,0.06666174555403469,-0.06033853710804123,0.06578529065108497,0.09269635582997653,0.09239289728709012,0.14386435967305752,0.0924327742277895,0.123150271941466,0.09228503189734626,0.07229912932876646,0.09207710144312192,0.07655700143770472,0.09250564557043456
-0.023994801623823805,-0.02451689624413509,0.07155606199160973,-0.025186109067765895,0.07380549640610339,-0.0249376028207295,0.08039741541688965,-0.02660358925497612,-0.012502767870583551,-0.02484043139635687,-0.0574987223001477,0.15129165907811354,-0.15083570033453547,0.1565220004939029,-0.1745880220986545,0.24999999999999997,-0.15224601133136026,0.039559367712166144,0.005565295276703649,-0.030568337167656515,0.03933516222765196,-0.15190596799053735,0.14617221965784888,-0.15273977875020023,0.15009835748876907,-0.1668903880343392,0.1571299425036335,-0.13072279562175407,0.10824788665165287,-0.04390706114142638,-0.060572097437012695,0.14586697370458135,-0.1465218213019824,0.14727838596942155,-0.1485689040814093,0.13917334148970403,-0.14682794571713648,0.10344036715349633,-0.09997705970101016,-0.0062848896839856495,0.02281219709809871,-0.14454572196102428,0.14438052532488857,-0.1433754012157562,0.11739581035057468,-0.10543147138870074,0.04903477370944748,-0.02404007161324519,0.012699001908010026,-0.00930938766379412,-0.025166166756240456,-0.024787467554559694,-0.09082674690517265,-0.024798249593516366,-0.07531475332872563,-0.024708446184560574,-0.03633407452711216,-0.024588074352098168,-0.018544138740943593,-0.024840389296014842
0.02853719814037327,0.02878587900672514,-0.018866019187191767,0.029055056107156627,-0.023826669918657093,0.028956879979456743,-0.10910518444581037,0.03055230000420132,0.013819381422525263,0.028954524143298382,0.033020283765116135,-0.055136181265856114,0.055046215594368474,-0.059794295840225935,0.08779814572469254,-0.15224601133136026,0.24999999999999986,-0.07982051824974408,0.017854216023819543,0.030698271404105523,-0.0024734081293812994,0.05613887808923553,-0.05377545280754666,0.0568197412158875,-0.057261800666612635,0.07370886399313183,-0.06564971614506737,0.08842600552180241,-0.07267525661879312,0.03861369527331221,0.036151937396690204,-0.05438316550702496,0.05449886537567265,-0.055859401730488964,0.056604190559037426,-0.05226864295160195,0.05945981864953837,-0.041787728517063465,0.05681513812657863,0.017608901237780073,0.005569690148914771,0.054049226099245576,-0.05409957549319752,0.054741532702360415,-0.044512106546389964,0.046369364985140084,-0.024819585638744313,0.024028588421080944,-0.02025722676523376,0.02075784620501488,0.029012473238524898,0.028922161166953553,0.04245111661926984,0.0289328958167829,0.03738309094199883,0.02888642787510931,0.02574656155711589,0.028821267550301916,0.02445184804122477,0.028954620529127242
0.1313954292258465,0.13198582684478266,0.044420570686245775,0.13211049869050778,0.04098001283403172,0.13232191448302677,0.10170663848318535,0.13064318098797806,0.14445854060197558,0.13238974273553986,0.10338536836073503,-0.026348744302034526,0.02721229726998596,-0.021089254738132775,0.029277016586332714,0.039559367712166144,-0.07982051824974408,0.24999999999999994,-0.17755824708528714,0.13008085169019104,0.0784116508713384,0.02156898761742073,-0.015564900864759257,0.02140981176295436,-0.012687314284190282,0.025810421085495215,-0.01610267278046663,-0.003935391194758155,0.019593066321542858,0.10574499382527994,0.09761699260985231,-0.012278054805640141,0.013692963061092606,-0.010703906540205511,0.011660045889374417,-0.0032161419612060276,0.010677127107174035,0.02969751323326945,-0.028368370457046307,0.11722045245719748,0.09206937360995446,0.01012612458040539,-0.00958434137367074,0.013977984655243457,-0.0005296304868095681,0.03168068812801232,-0.0101046014062803,0.07880764603987903,-0.09579897047975619,0.11720820350349757,0.13189178353974623,0.13229035473018788,0.06018018380132166,0.1323474465334767,0.059081190767493935,0.1322743868200978,0.05616070820837309,0.13215533735314874,0.11499128308517806,0.13238902280163703
-0.16481756960661081,-0.1656558896937513,-0.038020042774495236,-0.16600138265003556,-0.036572704847906964,-0.16615716265721364,-0.08180867455932544,-0.16476308876235077,-0.1929727210399058,-0.1662190867054193,-0.13837298237293127,0.06593394247159644,-0.06651796493374142,0.061045973490014546,-0.07247646666513133,0.005565295276703649,0.017854216023819543,-0.17755824708528714,0.2499999999999998,-0.17905148510993332,-0.08614398832947168,-0.06070103843575835,0.052099504464696335,-0.06072126502260428,0.04945323922630281,-0.06897200592076935,0.05575447417481295,-0.0645752513618271,0.035971884490898824,-0.14341592374514064,-0.1324594100922352,0.04795505862675218,-0.0498416420849475,0.046380014826893405,-0.04787430698395231,0.03575533788998247,-0.048552212672018674,-0.004947932355879075,-0.01232350787942963,-0.14140480330270427,-0.10652843102229158,-0.0450116201725197,0.04432112920314451,-0.0494834023718767,0.02834155174794596,-0.06479117489299996,0.028101425625483383,-0.10397497906316508,0.12025476183431255,-0.14410937877159696,-0.165702655146062,-0.16608816199659807,-0.09393192280116747,-0.16615821341351608,-0.08955781323220652,-0.16604708369439247,-0.08003264677420412,-0.16587266533791536,-0.14409579562254748,-0.1662182609544151
0.23180030825802422,0.23295107110390284,0.05537568616357831,0.23339602742091242,0.05553701729059039,0.23360183489180847,0.08910774942777085,0.23188750376274875,0.20815944180178547,0.23373015522579946,0.19355166408451047,-0.08904491549800557,0.09002596890742127,-0.08386624094237702,0.09815779959080664,-0.030568337167656515,0.030698271404105523,0.13008085169019104,-0.17905148510993332,0.24999999999999967,0.12156063649546411,0.08267982868551076,-0.07148395996321166,0.08304039835021886,-0.06893381484591728,0.09293608988034947,-0.07681546772634959,0.10984640341860143,-0.06715857214891087,0.20403721933827362,0.18566018005474497,-0.06626235680536971,0.06875199735124646,-0.06464615858559289,0.06678683841311814,-0.049963386330301535,0.06812019359934378,0.0026216742989774787,0.02895715702062278,0.19771311626777147,0.15006712170449746,0.06234790686265611,-0.06147397797153626,0.06893671793465465,-0.039830977578353764,0.09196647469301392,-0.04270184923377506,0.1485351259215745,-0.1698790742451437,0.20241938651089741,0.23300723958256694,0.23354701484923493,0.1317049235621869,0.23364457632713148,0.12592405048725405,0.23348625939019746,0.1148203594510803,0.23323867856134112,0.20281918427573475,0.23372904230704533
0.13325649525383987,0.13368595835320043,0.07679402396417616,0.13360475076910777,0.06869152748245354,0.13386804861502816,0.06750384933297927,0.1321688828319499,0.11704475140191034,0.13399657500802337,0.08809146239627441,0.03221010341788425,-0.031232844596527226,0.03553947770587158,-0.014471426284249656,0.03933516222765196,-0.0024734081293812994,0.0784116508713384,-0.08614398832947168,0.12156063649546411,0.24999999999999983,-0.039085675431332574,0.05007433149738704,-0.03860512703453748,0.0516090534702976,-0.02773671530348016,0.0412476607715082,0.0011559571331035486,0.018200846642097424,0.10637737749682194,0.07952152374372981,0.05257061346261847,-0.05162933825449974,0.05372988284112981,-0.053085957338012926,0.05777991218617621,-0.04738498904495156,0.0674957936607064,-0.04120389620370792,0.12250169339309235,0.11120294056109471,-0.05387008263718508,0.05419617358609253,-0.04856869438058369,0.04998157728433167,-0.008373307110003605,0.003950568602443598,0.07987156826901627,-0.10096099035207182,0.12409843966464669,0.13332539017333997,0.13391396778474102,0.02574267791687219,0.1339692670392814,0.03249017389624807,0.13392649375712634,0.05065937586541996,0.1338461770636352,0.11833446394840462,0.13399598053592449
0.07532594859663262,0.07626620500177944,-0.09703179151583874,0.07723747834631187,-0.07290834302184097,0.07696156149824797,-0.00983888841741282,0.07862074460421105,0.06562311672071695,0.0768655424805902,0.12233197629751079,-0.24227511491887646,0.24156469358450622,-0.2416477863752181,0.2077471097556977,-0.15190596799053735,0.05613887808923553,0.02156898761742073,-0.06070103843575835,0.08267982868551076,-0.039085675431332574,0.24999999999999994,-0.23816500808997393,0.24356633117737528,-0.23512237507062522,0.22551161827927255,-0.2259161528645709,0.18163453134050947,-0.14953595448826182,0.09562651470628827,0.12419541572646459,-0.23298054851604452,0.2354259143095143,-0.23128215605182345,0.2332469495913274,-0.21561919192161288,0.2231512974377762,-0.1474376127439297,0.1391670930801848,0.0444748065053504,-0.009179084667982354,0.22884170287354033,-0.22788023665051804,0.2267275011198233,-0.18134944599077046,0.170712392188199,-0.07586146550075985,0.05785251592229865,-0.04684437023010232,0.04853451875274961,0.07722496194145625,0.07675329602756055,0.15903782715797735,0.07678749527147555,0.13355746589271764,0.07662869403413788,0.07052381817594713,0.07640932882074776,0.061895731063125015,0.07686506680307321
-0.06414194406761205,-0.06500832807656087,0.09580755258277751,-0.0659308473928964,0.07261464951770503,-0.06565610504081824,0.013210549484189081,-0.06731483598316233,-0.055514556152014304,-0.06555844814097028,-0.11097683551948696,0.2307537006052176,-0.2300304762913251,0.23038340904819446,-0.19732129571914273,0.14617221965784888,-0.05377545280754666,-0.015564900864759257,0.052099504464696335,-0.07148395996321166,0.05007433149738704,-0.23816500808997393,0.24999999999999986,-0.23773574917187376,0.2440868614214373,-0.22087177055935633,0.22935592076066103,-0.1765737926377791,0.1479100082558873,-0.08533618158117502,-0.11949377483711107,0.2440903548417248,-0.24650776330384772,0.2424387093660251,-0.2443411120770029,0.22655288730528664,-0.23108516391198344,0.15610964121516155,-0.14220848429096258,-0.033902927750736764,0.02041307303063555,-0.2399699018114179,0.23901193234542142,-0.2372616172772547,0.19058914728625714,-0.17525798290346187,0.07724822243269301,-0.05088761581935425,0.037810184890503036,-0.037497655461323644,-0.06599000218215162,-0.06545116400358533,-0.16041348058382907,-0.06548111869604831,-0.13350144255307334,-0.06532280335989578,-0.06655064062028715,-0.06510621994646934,-0.05166381557119689,-0.0655580310282473
0.07569476895784752,0.07663740244168207,-0.09700423331259686,0.0776097826961925,-0.07293018622504346,0.07733411404947275,-0.010050240881940798,0.07899204715187874,0.06584420081732739,0.07723816873405316,0.12266736093314519,-0.24251644657033833,0.2418073353771094,-0.24194250274785778,0.2081781491191226,-0.15273977875020023,0.0568197412158875,0.02140981176295436,-0.06072126502260428,0.08304039835021886,-0.03860512703453748,0.24356633117737528,-0.23773574917187376,0.24999999999999983,-0.23552348681658164,0.2263694261877843,-0.2257386908835609,0.18188806090263515,-0.14958754423346377,0.09597444878507821,0.12434762489140379,-0.23254335560584766,0.23498980384796112,-0.23084419667264647,0.23281026029568852,-0.21519045732277398,0.22282679596593863,-0.14710032972057238,0.13904736322833577,0.04482864459617009,-0.008789321532791676,0.22840517979872638,-0.22744389554282166,0.22631208202999648,-0.18098990692567749,0.1705176063922106,-0.07579176925923956,0.05807542494833822,-0.04714472763691549,0.048905622467719435,0.07759503156064601,0.0771257796121576,0.15895432024494527,0.07716011732788643,0.13353004982223077,0.07700134402365101,0.07064288612725261,0.07678194183290162,0.06223498663132657,0.07723769242270022
-0.061595551594484876,-0.06244785000109901,0.09577462786640384,-0.06336102165678427,0.07315568847527461,-0.06308630585040297,0.01634461822446842,-0.06474939601500827,-0.05290654347566645,-0.06298757979651744,-0.10850366417474139,0.22853784281458867,-0.22780944698386071,0.22852557384085745,-0.1965627448973072,0.15009835748876907,-0.057261800666612635,-0.012687314284190282,0.04945323922630281,-0.06893381484591728,0.0516090534702976,-0.23512237507062522,0.2440868614214373,-0.23552348681658164,0.24999999999999986,-0.22576931845475307,0.2330924862349513,-0.18073283455971087,0.15182415020967305,-0.08367691400243228,-0.11638720364908008,0.24332294190350315,-0.24480029394021569,0.24476287020817278,-0.24681013035794663,0.22913001874587577,-0.2340747156642055,0.15894638811966977,-0.14560295840195558,-0.031261194724687885,0.022443843711219175,-0.24054534633175437,0.24008155007307588,-0.23897218867698894,0.19285285474938565,-0.1771172796612206,0.07874258760236973,-0.050345595870253335,0.03595718084087609,-0.0349787838405011,-0.06343186199689241,-0.06288213131473905,-0.15968807007079192,-0.06291073775304469,-0.13341683860464496,-0.0627521517999171,-0.0663470699278344,-0.06253592034020916,-0.04939268563823775,-0.06298718395042824
0.08560652017592563,0.08653094576450879,-0.08254983715017931,0.08748199503016946,-0.06932257491639884,0.08721677753063578,-0.010805181338592571,0.08887150962359525,0.07538696319962161,0.08713848136461518,0.12347826527722418,-0.2240203811720032,0.22345005424789335,-0.2238006619227119,0.21071328400397293,-0.1668903880343392,0.07370886399313183,0.025810421085495215,-0.06897200592076935,0.09293608988034947,-0.02773671530348016,0.22551161827927255,-0.22087177055935633,0.2263694261877843,-0.22576931845475307,0.25,-0.23370088040305015,0.19749075073123737,-0.16040593164357175,0.10628829268297928,0.12649626229636987,-0.21939070769138289,0.22089533043558146,-0.22086353842470635,0.2231082451414842,-0.20595193245021803,0.21982368627857773,-0.1416513009689279,0.14207719120650908,0.05357581899308201,0.0015904888212175225,0.21663106899472592,-0.21618164735660242,0.2163829242370533,-0.17329565950762743,0.16784333587403108,-0.07637044095354538,0.06554740601357906,-0.05541357984604382,0.05857619294601877,0.08743100625682271,0.08702275741523373,0.1567649937231454,0.08706015936775974,0.13369182488475573,0.08690051855813072,0.07533722607388535,0.08667826879128221,0.07132210168354892,0.08713794529736069
-0.06945734022400248,-0.070316492588123,0.08837177537454735,-0.07122989490331301,0.07118020685808257,-0.07096020940349876,0.01523996320180484,-0.07262250836222557,-0.060279277803820835,-0.07087115811704654,-0.11155605777167471,0.2213888853742512,-0.2207391231465276,0.22137534456178265,-0.19995214419819773,0.1571299425036335,-0.06564971614506737,-0.01610267278046663,0.05575447417481295,-0.07681546772634959,0.0412476607715082,-0.2259161528645709,0.22935592076066103,-0.2257386908835609,0.2330924862349513,-0.23370088040305015,0.2499999999999998,-0.19495689666730032,0.16251572984660786,-0.09199422451262683,-0.11755143702726388,0.22837118294524514,-0.22983015407309781,0.22988924099290048,-0.23211716064890053,0.2175696923880177,-0.23007725039925817,0.15572050189892458,-0.14921282651616094,-0.038112039056024394,0.012534709330115261,-0.2256242308285422,0.22518646108342522,-0.22469466250691586,0.1825101145698895,-0.1722207100921396,0.08108816272100187,-0.05854617107727474,0.043789031691705615,-0.04268081450672465,-0.07125060700684095,-0.07076466232320067,-0.15496072559461183,-0.07079496873918753,-0.13063058003470085,-0.07063500200700691,-0.0714963586306,-0.07041623239936785,-0.0569881169135805,-0.07087071409475769
0.10600159746820519,0.10685713332129342,-0.050531735678309514,0.10766457844864893,-0.03831607340092796,0.10745658023800317,-0.003414138134000538,0.1090319870101055,0.09512613646874458,0.10745150950417906,0.1263922760836963,-0.18084487067761934,0.18040259016303406,-0.1806794346160911,0.16961596039642596,-0.13072279562175407,0.08842600552180241,-0.003935391194758155,-0.0645752513618271,0.10984640341860143,0.0011559571331035486,0.18163453134050947,-0.1765737926377791,0.18188806090263515,-0.18073283455971087,0.19749075073123737,-0.19495689666730032,0.25000000000000006,-0.2058308864576687,0.12965260115477822,0.12778635296408802,-0.17493247026888128,0.17642208167981077,-0.17647587717605148,0.17874491875004042,-0.1653303220710273,0.1814153071892225,-0.1317391372325354,0.16524590917696247,0.07018182794683539,0.028735708256830052,0.17220465460048598,-0.17182079614761453,0.17377438329228262,-0.13880481238975584,0.14803368231690797,-0.08358013235463928,0.08929797801029546,-0.07641391266355559,0.07850573920172117,0.10756124510307956,0.10733492557375506,0.1411005263281332,0.10737590531737026,0.12338169171030386,0.1072125561755851,0.0899381216547329,0.10698415160280608,0.09091219313821053,0.10745091336926108
-0.06251419243256479,-0.06311538621232453,0.051947929624706075,-0.06376633495248243,0.04035963639741731,-0.06355523344982562,0.014392289071949059,-0.06515459295067222,-0.057047999737440715,-0.06353483759275427,-0.08571400431617254,0.14752747617850603,-0.14699313690216426,0.1480377355543089,-0.13468922693085283,0.10824788665165287,-0.07267525661879312,0.019593066321542858,0.035971884490898824,-0.06715857214891087,0.018200846642097424,-0.14953595448826182,0.1479100082558873,-0.14958754423346377,0.15182415020967305,-0.16040593164357175,0.16251572984660786,-0.2058308864576687,0.24999999999999992,-0.0931177440605152,-0.08840642778916685,0.14689501839747124,-0.14822197669259252,0.1485586374703457,-0.1506867757944454,0.14847290175917652,-0.1574282388583484,0.1749988410447254,-0.2084608828878533,-0.02643988295538694,-0.005430642891606698,-0.1441659576253648,0.14391778501509492,-0.14532908184784862,0.12032622796320046,-0.1274340075832853,0.11256174199866381,-0.09275274896558443,0.053884353952797046,-0.03554427868451369,-0.06374383406995289,-0.06345792527555097,-0.10748774138480441,-0.06347300465096613,-0.0908580626963337,-0.06330238152927904,-0.09201094233234297,-0.06308116133646086,-0.05395274083291381,-0.06353446299969244
0.21837768437955188,0.21948183345436093,0.04304493507032461,0.21995533667926281,0.046244399217922325,0.2201323014657397,0.07919619088206749,0.2194271957563972,0.19084948088724565,0.2202405232967693,0.18708182240158175,-0.10070614230698866,0.10155138822034757,-0.09638150834667168,0.10453072464821091,-0.04390706114142638,0.03861369527331221,0.10574499382527994,-0.14341592374514064,0.20403721933827362,0.10637737749682194,0.09562651470628827,-0.08533618158117502,0.09597444878507821,-0.08367691400243228,0.10628829268297928,-0.09199422451262683,0.12965260115477822,-0.0931177440605152,0.2499999999999998,0.1801592616453129,-0.08053465723010941,0.08294486192862685,-0.07935455652655847,0.08156971235067352,-0.06553762754049694,0.083349862195483,-0.019159608653428903,0.052763529321702314,0.18288535972008896,0.13640084654079235,0.07668300735239382,-0.07586798104194985,0.08278600073192248,-0.05283115845830011,0.10065345329827365,-0.05202796498827978,0.14546818776071774,-0.16065697037351181,0.18837814408949202,0.21961633614347856,0.22006412776922127,0.1342075435902381,0.22015485407942195,0.1267722417583792,0.21999042666347887,0.11525377404573926,0.21973844456208622,0.19090883436080808,0.22023948984752922
0.19335898938200238,0.194446467786593,0.017949947460295556,0.1950062136512175,0.025167578484954548,0.19510523892403991,0.06513533794115885,0.19438317742302214,0.1692662650101118,0.19517933583938335,0.17610114014583,-0.12664695891718036,0.12721693666978875,-0.12277792557497644,0.12318042870309595,-0.060572097437012695,0.036151937396690204,0.09761699260985231,-0.1324594100922352,0.18566018005474497,0.07952152374372981,0.12419541572646459,-0.11949377483711107,0.12434762489140379,-0.11638720364908008,0.12649626229636987,-0.11755143702726388,0.12778635296408802,-0.08840642778916685,0.1801592616453129,0.24999999999999997,-0.11494577633881109,0.11719515753504939,-0.1131472404109502,0.11505000244661626,-0.09767223294550505,0.11209780057424876,-0.03899120587829954,0.058520064149123766,0.1594972171869625,0.10881960076158463,0.11078716018044367,-0.10986338842387249,0.11507689079607544,-0.08046719176210598,0.11601366463363605,-0.05284583456961231,0.12652399070225875,-0.13924595155362024,0.16390016574381036,0.19474198855387972,0.19501151834962754,0.1425496195876626,0.19509374714138766,0.130923250398537,0.19493123947049065,0.10487641245594609,0.1946854222350662,0.16795962996970834,0.1951783823431349
-0.05883028109860758,-0.05966307995406615,0.09538233005928999,-0.06056352739051073,0.07278726753934897,-0.06028911219247725,0.015847216773063173,-0.06194707088720429,-0.050676127070910265,-0.06019034215711287,-0.10565785502944035,0.22554847816018833,-0.22481780564731632,0.22542992323265365,-0.1931631575579869,0.14586697370458135,-0.05438316550702496,-0.012278054805640141,0.04795505862675218,-0.06626235680536971,0.05257061346261847,-0.23298054851604452,0.2440903548417248,-0.23254335560584766,0.24332294190350315,-0.21939070769138289,0.22837118294524514,-0.17493247026888128,0.14689501839747124,-0.08053465723010941,-0.11494577633881109,0.25000000000000033,-0.24739443256359142,0.24660293574284642,-0.245413068334431,0.22941926995581272,-0.2318308125484766,0.15834742060420784,-0.1428782869684274,-0.0290902912799391,0.025589234916326385,-0.2447052522592223,0.24369654768704035,-0.2416120737640111,0.1936440247358523,-0.17577428336666956,0.07679997449305065,-0.047193489775319626,0.033408057273062175,-0.03230954342906935,-0.060652469633127565,-0.06008524370930461,-0.1608534686155726,-0.06011346543850082,-0.13239934478131532,-0.05995588059874535,-0.06404910024354832,-0.059741245610962106,-0.046758146021839087,-0.06018995618626591
