x1,x2,x3,x4,x5,x6,x7,x8,x9,x10,x11,x12,x13,x14,x15,x16,x17,x18,x19,x20,x21,x22,x23,x24,x25,x26,x27,x28,x29,x30,x31,x32,x33,x34,x35,x36,x37,x38,x39,x40,x41,x42,x43,x44,x45,x46,x47,x48,x49,x50,x51,x52,x53,x54,x55,x56,x57,x58,x59,x60
0.24999999999999997,0.2449241904555123,0.20868194571815626,0.24549450671170203,0.20844413021295108,0.24563486877401716,0.21120030492264324,0.2456648134916834,0.24451031499851578,0.24576631634865756,0.24491069822171396,0.14764679616813403,-0.11110874939911267,0.17167798774327234,-0.07868182295551852,0.18855927732805575,-0.11969030408177898,0.21795597711150314,-0.21277644861184802,0.24562912785119312,0.24248435719466827,-0.10549662512426664,0.12318569140135975,-0.018511077339121117,0.04662260566045037,0.032336806573634,0.015597704080208954,0.04178253121067539,-0.029859380347403063,0.24546664879196006,0.2425429554400326,0.04448540550479288,0.017759707363043234,0.018030169435763993,0.06961574914815757,-0.031061520721152543,0.08814356835625338,-0.07258228932923683,0.09417952912874408,0.24496651444755177,0.24444800330082334,0.017637255939902396,0.00619123395048897,0.10774560209542863,-0.06043886807453641,0.1974860269538535,-0.13436592025397237,0.2413190801093544,-0.21584285438680095,0.24562435985005387,0.24398988294648483,0.24516056015806498,0.1816608939175047,0.24569774633000355,0.1963480765033802,0.24571790326367413,0.20842858710954007,0.24571241166226773,0.23348831576684909,0.24576833625967343
0.2449241904555123,0.25000000000000006,0.2113416774881831,0.24887888659882676,0.21117286320250256,0.24901921943293062,0.21424662516080228,0.24904871781748195,0.24786833351535942,0.24915163597231674,0.2482062271911437,0.1494233709995253,-0.11231407843971576,0.17386827578898054,-0.07952267642925333,0.19113646784487473,-0.1215896503614101,0.221010697204924,-0.21576455873120776,0.24901250975206737,0.24581955430336183,-0.10667699538119221,0.12465872288106919,-0.018446043820140593,0.0469586509399704,0.033080566651347204,0.015558966903972703,0.04254141813441305,-0.03045812973091444,0.24884817280453175,0.2458866002723319,0.04492630343845788,0.018219117460217607,0.01803989436202004,0.070795840304477,-0.031674785644922494,0.08952034049764918,-0.07374377035924626,0.09561617511703752,0.24834017046051035,0.24781450245853884,0.018002616818543232,0.006141719994060144,0.10936218743912637,-0.061379758714364636,0.2002600652653892,-0.13621792933115467,0.2446471959775005,-0.2188029309740516,0.24900770327796848,0.24735075925984368,0.24853748960720853,0.1841985886475564,0.2490821157981696,0.19908595024389142,0.2491025630188501,0.2112945319896006,0.2490969979317837,0.23669501367509535,0.24915368108903987
0.20868194571815626,0.2113416774881831,0.24999999999999992,0.2119069527956122,0.18196423428422281,0.21205502836487589,0.18060428353060723,0.21209633262457378,0.21110460981663803,0.21217777251390038,0.21146289778249824,0.16747607371587747,-0.149883741243699,0.17988714209402162,-0.08908397668447639,0.16806801585840578,-0.10088414369461056,0.18893709410641052,-0.18408939214533165,0.21208786794917056,0.21007478519982314,-0.12754380509597063,0.13750157284202305,-0.04471551827927275,0.06676265246591133,0.009176853647971536,0.028707368248324996,0.02551535388049113,-0.01497039217845901,0.21189824032691992,0.20918427154656508,0.05400489914184479,-0.003941561033740826,0.03636647854305721,0.04442209403248237,-0.014142468376616363,0.06680700999570288,-0.053310480850923596,0.07313749941775971,0.21153961327107873,0.21109873014055117,0.004035410728101874,0.017439081982369285,0.0814807566766027,-0.042683034674920795,0.16634957422540889,-0.11623518364801441,0.2080778610289057,-0.18751867288110177,0.21205723282424851,0.2106415686573989,0.2116587989622149,0.15352460349204589,0.21211883556020086,0.16659472887035193,0.21213512071368798,0.18046821932497473,0.2121301782342191,0.20238154450318657,0.2121795474192604
0.24549450671170203,0.24887888659882676,0.2119069527956122,0.24999999999999992,0.21156647028750344,0.2495874952890287,0.21469959416398687,0.24961709486803274,0.24843460736553724,0.2497202577258844,0.24877217862393705,0.14980630876335177,-0.11261401592124694,0.17427544577400264,-0.0794565978354642,0.1914529786289706,-0.12165136510316536,0.2214691906063296,-0.21620656710901237,0.24958070866893448,0.2463821072535411,-0.10697463473771031,0.12498994048033127,-0.018535842709736305,0.04710833744514265,0.03315191714168278,0.015592207893257402,0.04266826216614819,-0.030550880652537096,0.24941613106910243,0.2464472282046635,0.0450907845358027,0.018181397084373066,0.01815647892079525,0.07090825450125748,-0.031703879058090925,0.08972287944648222,-0.07390898970926453,0.09584506533438655,0.2489070954237754,0.24838030434010483,0.017998983864609283,0.006199199898048534,0.10956706355713224,-0.061482320189631796,0.20070406603992758,-0.1365312082913109,0.24520580154929097,-0.21930774952894294,0.24957601454233594,0.24791526143730017,0.24910472680876566,0.18460633530270393,0.24965058139430812,0.1995289503787874,0.24967107096087834,0.21177872684318974,0.24966549209249547,0.23723816659212624,0.249722308980123
0.20844413021295108,0.21117286320250256,0.18196423428422281,0.21156647028750344,0.24999999999999986,0.21170400691661967,0.17931048162022062,0.21174305098048074,0.21072049342775342,0.21183603382797958,0.21098311192168726,0.143316430162446,-0.11418570576247888,0.17190622234272915,-0.11693377979592534,0.18153970717299375,-0.11480757162696467,0.19060997141868818,-0.18632014789563558,0.21174798554280683,0.20930460130073142,-0.10616850922283927,0.12114529430115781,-0.029604985854749365,0.053580207078523664,0.014848436024126305,0.024807628102298945,0.026208895122860454,-0.01600523450800967,0.21156092248091332,0.2089516899629172,0.04412454144917055,0.00795995143723291,0.024213106303450693,0.052006823467244015,-0.019908676410567306,0.06878596828517951,-0.05539451378159107,0.07392956562124066,0.2111725624841459,0.21072272635080275,0.011149688417648837,0.010083947444860748,0.08810096477758242,-0.0481971136894236,0.1681424601526532,-0.11568049599106849,0.20779328295505878,-0.18646318452395108,0.21171369328287895,0.21030366596793776,0.21131520497331838,0.15535104624767906,0.2117768238142933,0.16803419859972124,0.2117937586142562,0.17982092062507055,0.21178894850088972,0.20159799333590583,0.2118375533517849
0.24563486877401716,0.24901921943293062,0.21205502836487589,0.2495874952890287,0.21170400691661967,0.24999999999999992,0.2148183025431526,0.24975773458793893,0.24857510505872957,0.24986094968239572,0.24891361640512397,0.1499133274146693,-0.11272636337428776,0.17439835931569542,-0.07959237346601367,0.19161141536896734,-0.12181200586313366,0.22161507729289984,-0.2163505590100388,0.2497214029830541,0.24652108489214675,-0.10705243116601289,0.12507274131631294,-0.01855977053386966,0.04714730709058495,0.03315292052876612,0.01561885211823913,0.04266670293941063,-0.030544470950346365,0.24955661291498268,0.2465860575305823,0.04510708935804142,0.01820314625398209,0.018159126596801675,0.07094840269211931,-0.03172262529644794,0.08976165209647162,-0.07393931797599744,0.09588321378268372,0.24904732564255747,0.24852020835899266,0.018016072588321455,0.006197577831583458,0.10963398657227114,-0.06152133536033599,0.2008170531710319,-0.1366066289701279,0.24534348408219728,-0.21943032244376662,0.2497166197434151,0.24805493756639277,0.24924506926985124,0.18471214110259493,0.24979123340458279,0.19964266479159207,0.2498117350332846,0.21189754453961773,0.2498061532164109,0.23737150781789035,0.24986300147532634
0.21120030492264324,0.21424662516080228,0.18060428353060723,0.21469959416398687,0.17931048162022062,0.2148183025431526,0.25000000000000017,0.21484686395151897,0.2138357663968167,0.21494802846974964,0.21411062124723063,0.123989002246498,-0.08990589532869968,0.1498697881947209,-0.07150611297212353,0.18068414659859056,-0.15513136509596787,0.2019395473847875,-0.19763257818713942,0.21485606487574213,0.21193199546565422,-0.08715234594459807,0.10379733648932848,-0.010114598965454894,0.03659657620203539,0.025679525896230265,0.018166351526456327,0.02578276067808219,-0.015745131659744917,0.21467073605492082,0.21213328729680275,0.03324308437714432,0.02217304298870028,0.01067744282990575,0.0609461729647484,-0.0262949469161402,0.07103506250615907,-0.057575189724831374,0.07460524553396317,0.21424579996134693,0.21377607661888134,0.019859989246624132,0.0016425756723967427,0.09748107218184787,-0.0556314806914019,0.17270967861226905,-0.11670388619387721,0.21085955760976974,-0.1882919133405807,0.21482174248990107,0.2133952657299926,0.2144167635325476,0.1601409677979976,0.21488795547250314,0.1725575302492924,0.21490592758662738,0.1819817799422767,0.21490122246608745,0.20403187853489224,0.2149497072996823
0.2456648134916834,0.24904871781748195,0.21209633262457378,0.24961709486803274,0.21174305098048074,0.24975773458793893,0.21484686395151897,0.25000000000000017,0.24860397747237128,0.24989077595970804,0.24894365872194602,0.14996638106399074,-0.11276137573815617,0.1744354841187594,-0.07962694818345475,0.19162924596395495,-0.12179665587638713,0.22163711432097966,-0.21637198668974877,0.24975121284391874,0.24655101433152923,-0.10709079369209046,0.12511047264697855,-0.018578457987936392,0.04716796698443472,0.03314757317766698,0.015626085331521315,0.042672729157922584,-0.030549493610338697,0.24958640302361063,0.24661539357430318,0.045124255384500614,0.018192377476077576,0.018173536104915636,0.0709527652046984,-0.0317245621978639,0.08977323952578456,-0.07394894565602664,0.09589708899588877,0.24907707969528473,0.24854991776152824,0.01800917383947241,0.006207140154000021,0.10964054954738056,-0.061523613223667395,0.20084015431837948,-0.1366245527322274,0.24537281346476308,-0.21945738153196714,0.24974643108132147,0.24808454651972917,0.24927482478007007,0.1847315625651275,0.24982105138824745,0.1996649037702637,0.24984155477793007,0.2119236501342187,0.24983597220826206,0.23740032154985982,0.2498928280543702
0.24451031499851578,0.24786833351535942,0.21110460981663803,0.24843460736553724,0.21072049342775342,0.24857510505872957,0.2138357663968167,0.24860397747237128,0.25000000000000006,0.24870667733683724,0.24776735456822907,0.1492325430073945,-0.11245101648146012,0.17396805608577115,-0.07944692496058497,0.19130684103213874,-0.12190760592479799,0.22080978055891795,-0.21557471454331936,0.24856939376489753,0.24538741769502814,-0.10679878022509962,0.12471248482929183,-0.01853507005890262,0.04702061776685348,0.03297154718749555,0.01561066609484437,0.04234965212434032,-0.030289533948121315,0.24840358064178292,0.2454466794882726,0.044881716100460295,0.01812954875935395,0.018083131668738123,0.07060643502358996,-0.03154603341859593,0.08929027244989382,-0.07353964857061378,0.09535247842725976,0.24789695207393359,0.24737212393760205,0.017949242177010702,0.0061625525528691966,0.10912392520946285,-0.06123445915556781,0.19987894740170578,-0.13597001255847246,0.24420766083340387,-0.2184156928375709,0.24856300110783988,0.24690900817662237,0.24809363884900631,0.18386145634150525,0.24863728216731174,0.19871926422710998,0.24865768937715158,0.2109173390826626,0.24865213325387767,0.2362755505923637,0.24870871782005574
0.24576631634865756,0.24915163597231674,0.21217777251390038,0.2497202577258844,0.21183603382797958,0.24986094968239572,0.21494802846974964,0.24989077595970804,0.24870667733683724,0.25000000000000006,0.24904522602882231,0.15000462766362713,-0.11276922362879171,0.17449299725515385,-0.07962754286899008,0.19170103813247452,-0.12185418379502891,0.2217302608853383,-0.21646309938784628,0.2498543809280696,0.24665263211155192,-0.10711778509120616,0.12514989761966686,-0.01856165432324736,0.04716470332201841,0.03318430642625776,0.015612205311897935,0.04270797823698025,-0.030579533527248418,0.24968954487029957,0.24671744616181973,0.04513540314091759,0.018209443762606373,0.018168911332962626,0.07099622423423026,-0.031749188437308486,0.08982352594693235,-0.07399247614098058,0.09594935318265692,0.24917994422726514,0.2486525722563998,0.018021781405587287,0.006203262704837925,0.10969246964050182,-0.06155453294423332,0.20092659047327396,-0.13668177279772475,0.2454745569730304,-0.21954755944643428,0.2498496087651376,0.24818703855743685,0.2493778052884018,0.18480941705602752,0.24992425938542423,0.19974907387617147,0.2499447718712305,0.21201114821335354,0.24993918708354387,0.23749793044370127,0.2499960658950072
0.24491069822171396,0.2482062271911437,0.21146289778249824,0.24877217862393705,0.21098311192168726,0.24891361640512397,0.21411062124723063,0.24894365872194602,0.24776735456822907,0.24904522602882231,0.25000000000000006,0.14912758085146657,-0.11247599668753817,0.17386884401167985,-0.07923265788593821,0.1909284137019728,-0.12141163657376379,0.22089458409903076,-0.21564621846068777,0.24890609110737305,0.24571736543123202,-0.10675077712671721,0.12472039769911368,-0.01852119115353724,0.047012437702407234,0.03305009626841532,0.015559263110169357,0.04253227037864048,-0.030449871908640465,0.24874188387528193,0.24578085635043911,0.044979339734437934,0.01812056865471945,0.018122412675409677,0.07071003946542812,-0.031615479093600546,0.08947269958270061,-0.07370157633498689,0.09557306531855288,0.24823430074035416,0.2477089298565411,0.01794304776966381,0.006191603988210219,0.10926380397822617,-0.06131032798498681,0.2001586677125971,-0.13616199875552384,0.24454252777677787,-0.21871534284887523,0.24890136906262236,0.2472451053280549,0.24843135924862547,0.18410487263329192,0.2489757357254722,0.19898775669686208,0.24899616917439507,0.21120661954776257,0.24899060534643916,0.2365973551941996,0.24904726937261323
0.14764679616813403,0.1494233709995253,0.16747607371587747,0.14980630876335177,0.143316430162446,0.1499133274146693,0.123989002246498,0.14996638106399074,0.1492325430073945,0.15000462766362713,0.14912758085146657,0.24999999999999994,-0.2122652243130731,0.195795818667656,-0.10783096887214523,0.1359791462093498,-0.0701257125935034,0.13720679115336873,-0.13276278801179567,0.15002527011378375,0.1508638927911546,-0.20462623348536624,0.19620181173204104,-0.10220826967224429,0.11612561722774446,-0.04186867627250484,0.05952091688219588,-0.007986678423675786,0.016389701044040264,0.14975548857127305,0.14729538040802556,0.08502936125032731,-0.06026986317700453,0.08650775809002106,-0.010653296053798722,0.02487233302234435,0.023350345758891174,-0.01341787499512169,0.031101043800376708,0.1497079430182539,0.14942203386646014,-0.030910750877455574,0.048183767169085484,0.02416336070183514,-0.00300057920710228,0.10643288639810516,-0.08399293585421497,0.1464617417084418,-0.13619256877856956,0.14992639671823996,0.14891094979213443,0.14964948221678823,0.09857416263779809,0.14996362792307538,0.10937902362704116,0.14997190910541883,0.12950653632698317,0.14996783838485642,0.14547263002758412,0.15000595867932237
-0.11110874939911267,-0.11231407843971576,-0.149883741243699,-0.11261401592124694,-0.11418570576247888,-0.11272636337428776,-0.08990589532869968,-0.11276137573815617,-0.11245101648146012,-0.11276922362879171,-0.11247599668753817,-0.2122652243130731,0.24999999999999986,-0.18793003853922036,0.11029666038350204,-0.1084027476760087,0.05159175746299993,-0.10414618846161398,0.10060448897052515,-0.11281614253421983,-0.1139353255331526,0.1808971836556989,-0.17012879717848786,0.10635938443764315,-0.11146093533204003,0.04625125271189971,-0.05605817113969473,0.012783352276006577,-0.018989807553968997,-0.11256748932539576,-0.11058628563155766,-0.07505263695973106,0.058880716090441966,-0.07979907434634614,0.018830310325495696,-0.02640586420663762,-0.012175387860481866,0.004731431450655714,-0.018798304824779878,-0.11257979145708229,-0.11237134316425029,0.03130675115853632,-0.04501464263827393,-0.009891821478304618,-0.004690059004613005,-0.0771126030450876,0.06314813112527315,-0.10993176264434817,0.10316361142578372,-0.11271163264294197,-0.11194525400578487,-0.11250520503959863,-0.07168653148114602,-0.1127386320007984,-0.08010953400233319,-0.11274403742872287,-0.09766883159825776,-0.11274082965113891,-0.10989937550420828,-0.11277029505323255
0.17167798774327234,0.17386827578898054,0.17988714209402162,0.17427544577400264,0.17190622234272915,0.17439835931569542,0.1498697881947209,0.1744354841187594,0.17396805608577115,0.17449299725515385,0.17386884401167985,0.195795818667656,-0.18793003853922036,0.25000000000000006,-0.15450722182191196,0.16446918812132433,-0.09787503827320299,0.1626300505198141,-0.15814931915731603,0.17451225742621726,0.1739722847368583,-0.16155270962407112,0.16943892444795194,-0.09172303591034602,0.10442920861223748,-0.02884268338445324,0.05362067322272611,-0.0004330419726911866,0.00976289793448102,0.17422232542205007,0.1716066824323204,0.07552943494865448,-0.04213409760609863,0.07160535154861006,0.004358012002022987,0.015321836049983559,0.035676175677323514,-0.02437910127156015,0.04310824311653855,0.17407522310883392,0.1737249184513394,-0.01895550015780581,0.03829148678159805,0.043594611378819544,-0.015828070702951086,0.12831690560486528,-0.09603427389913217,0.1706029838623981,-0.156626754402673,0.1743980952556234,0.17322433069401363,0.17407405852146834,0.11970627905440095,0.17444496095600773,0.13108532992207833,0.17445611674790407,0.1494488951198845,0.1744516218660029,0.16807390305802664,0.1744943902692061
-0.07868182295551852,-0.07952267642925333,-0.08908397668447639,-0.0794565978354642,-0.11693377979592534,-0.07959237346601367,-0.07150611297212353,-0.07962694818345475,-0.07944692496058497,-0.07962754286899008,-0.07923265788593821,-0.10783096887214523,0.11029666038350204,-0.15450722182191196,0.2500000000000004,-0.1374267677499212,0.08634024652158859,-0.08097871985936915,0.08035817022471761,-0.07969346314147523,-0.07954242739999956,0.08501368130319228,-0.08990257390869516,0.047703661162005064,-0.05315096515024412,0.02096815358465299,-0.03086805614519534,0.005968796723397056,-0.009474418041960156,-0.07949599529000702,-0.07834453374272538,-0.029560194215880055,0.01327912456359015,-0.027623910451252332,-0.005980370856553598,-0.0034378808842463644,-0.01533621778161881,0.010239246156035647,-0.016456791482844936,-0.07942926686780143,-0.0792597648763355,0.00511395231820325,-0.01440187202204272,-0.0227247556297546,0.00951555286510751,-0.05940595835362874,0.04358961032609469,-0.07775490857052428,0.07100980985413201,-0.0795820056274967,-0.07904899226550449,-0.07943488271032866,-0.05547897716526406,-0.07960513710920827,-0.06050254146920843,-0.07961054066929021,-0.06805440842810251,-0.07960853751047293,-0.07648513630450028,-0.07962775368738066
0.18855927732805575,0.19113646784487473,0.16806801585840578,0.1914529786289706,0.18153970717299375,0.19161141536896734,0.18068414659859056,0.19162924596395495,0.19130684103213874,0.19170103813247452,0.1909284137019728,0.1359791462093498,-0.1084027476760087,0.16446918812132433,-0.1374267677499212,0.25000000000000017,-0.1795627367598425,0.18868640721522068,-0.18561611477110873,0.19173773124461158,0.18962192344587855,-0.10826013721873123,0.12223735412941318,-0.042453597906669145,0.066562043405596,-0.020037702852245348,0.0537684421596647,-0.0020451543514041493,0.011864421756407423,0.19141187057565884,0.18887730137482367,0.04902457196652363,-0.005064851401409165,0.03706549009680209,0.028841658609887827,0.0001512923316532509,0.04152238926655354,-0.029488214679355102,0.04749253956585999,0.19115831224847987,0.19073626950302544,0.0038838259209910964,0.016682651566643447,0.07155765024610021,-0.0373292295317602,0.1480360780148967,-0.10462799354693862,0.18754549243533905,-0.169548496240057,0.1915906295754729,0.1903125406110319,0.19123192083846796,0.13875813439586476,0.19164756012507903,0.15007841049926432,0.19166219939091939,0.16314180732465533,0.19165773269822253,0.1831372354974017,0.19170228519694052
-0.11969030408177898,-0.1215896503614101,-0.10088414369461056,-0.12165136510316536,-0.11480757162696467,-0.12181200586313366,-0.15513136509596787,-0.12179665587638713,-0.12190760592479799,-0.12185418379502891,-0.12141163657376379,-0.0701257125935034,0.05159175746299993,-0.09787503827320299,0.08634024652158859,-0.1795627367598425,0.2500000000000003,-0.14995186141357777,0.14872370804607646,-0.12193756043851589,-0.11999890649567313,0.04767848643315168,-0.05940052646762389,-0.004276902504343125,-0.015377051373193567,-0.007511942125623311,-0.020817996211278115,0.006045653216466655,-0.011053009837770519,-0.12166898456909439,-0.12028104920649324,-0.00790859581058577,-0.025200104344881485,0.003909182303438723,-0.03647348998169087,0.01384223021358844,-0.029467566636421243,0.02198363650301682,-0.027619919219057137,-0.12145341352659039,-0.12115594977172753,-0.019745377481496733,0.006376650475275348,-0.06146406797279202,0.036945590714437954,-0.09823022238132338,0.06507131030289395,-0.1191740893951904,0.10587859913811194,-0.12177850372346159,-0.12097526738789528,-0.12154988356065381,-0.0931258445841068,-0.12181958924175078,-0.09942174074327292,-0.12183046396167127,-0.10272350148093864,-0.12182796647652164,-0.115348012894552,-0.12185463416610791
0.21795597711150314,0.221010697204924,0.18893709410641052,0.2214691906063296,0.19060997141868818,0.22161507729289984,0.2019395473847875,0.22163711432097966,0.22080978055891795,0.2217302608853383,0.22089458409903076,0.13720679115336873,-0.10414618846161398,0.1626300505198141,-0.08097871985936915,0.18868640721522068,-0.14995186141357777,0.2500000000000001,-0.24333485461107185,0.22179784666542587,0.21883557274361987,-0.10193037827294389,0.11851091655986117,-0.01876494497067586,0.046272147322113606,0.02044777411339402,0.02622491241900668,0.015763492897845274,-0.005392227900576016,0.2214295878368497,0.21872665797824983,0.040627389820462836,0.014938152316301787,0.019573689418305645,0.056467762666099236,-0.019712251946325712,0.06617286997154488,-0.05214079258848007,0.06963691015115074,0.22103747668143287,0.22055105396291855,0.016029992231145998,0.006495143406788022,0.0961466632262418,-0.054197312927663915,0.1764417162683575,-0.12105581632809108,0.21734222693367852,-0.1948375274142126,0.22160110613154757,0.22012740034406783,0.2211836710582126,0.1639045071398283,0.2216683410130584,0.1769696265822881,0.22168648017586556,0.1881763399895199,0.2216815804054893,0.21089065512341343,0.2217319635411049
-0.21277644861184802,-0.21576455873120776,-0.18408939214533165,-0.21620656710901237,-0.18632014789563558,-0.2163505590100388,-0.19763257818713942,-0.21637198668974877,-0.21557471454331936,-0.21646309938784628,-0.21564621846068777,-0.13276278801179567,0.10060448897052515,-0.15814931915731603,0.08035817022471761,-0.18561611477110873,0.14872370804607646,-0.24333485461107185,0.25,-0.2165351363543712,-0.21359741436729354,0.09791224835607161,-0.11435376125762403,0.015550340465634152,-0.04271125907019561,-0.022306785972912385,-0.023710280490753903,-0.01604773380892699,0.006131518862830025,-0.21617119675298085,-0.21355464770329746,-0.03785277997843754,-0.01692560995535243,-0.016662649390012642,-0.05741082412954493,0.021201414613489764,-0.06572033079645621,0.05202938940308344,-0.06869444621952367,-0.2157809148423172,-0.2153050876857529,-0.01694070106299772,-0.004984352916980281,-0.09532507024413943,0.05414550417986395,-0.17280803080654,0.11821597336936442,-0.21220084177693024,0.19005767831583384,-0.216336665127985,-0.21489863012514065,-0.21592900621512065,-0.16037764590325926,-0.21640259758126018,-0.1731392884854813,-0.21642044375597597,-0.1836726194084327,-0.21641569292429386,-0.20578419285074595,-0.2164647494192109
0.24562912785119312,0.24901250975206737,0.21208786794917056,0.24958070866893448,0.21174798554280683,0.2497214029830541,0.21485606487574213,0.24975121284391874,0.24856939376489753,0.2498543809280696,0.24890609110737305,0.15002527011378375,-0.11281614253421983,0.17451225742621726,-0.07969346314147523,0.19173773124461158,-0.12193756043851589,0.22179784666542587,-0.2165351363543712,0.2500000000000003,0.24651779676057986,-0.10722017937343675,0.12523848070420487,-0.018671960755739365,0.04726313042337571,0.03306798409857073,0.015711977581561842,0.042593044573683,-0.030471062906293204,0.24954995208749733,0.24657862752461523,0.04518318109334643,0.018103800317853636,0.018261288213999055,0.0708803303911847,-0.0316480248809451,0.08970430891604836,-0.07388022610381535,0.09582935999541328,0.24904110883364106,0.24851402331380135,0.01795995573482939,0.006255837708452151,0.10957463089640737,-0.06147653324822325,0.2007940154804015,-0.13661142966243262,0.2453358028280597,-0.2194319137051507,0.24971007091926573,0.24804840186492227,0.24923853551713673,0.18469055848376476,0.2497846670395886,0.1996237175218256,0.24980516306869835,0.2118971578689516,0.24979958038898512,0.23736999557230665,0.24985643220028808
0.24248435719466827,0.24581955430336183,0.21007478519982314,0.2463821072535411,0.20930460130073142,0.24652108489214675,0.21193199546565422,0.24655101433152923,0.24538741769502814,0.24665263211155192,0.24571736543123202,0.1508638927911546,-0.1139353255331526,0.1739722847368583,-0.07954242739999956,0.18962192344587855,-0.11999890649567313,0.21883557274361987,-0.21359741436729354,0.24651779676057986,0.2500000000000003,-0.11039381095972431,0.12737068938486146,-0.021153838009692432,0.04927787298571876,0.030887592075850456,0.01687517563023902,0.04123472903279343,-0.02922889673899381,0.24635035233239744,0.2433972740347275,0.04635873532667671,0.015734351216677017,0.020286057246730077,0.06844714050875406,-0.030036318279695478,0.08777174731449523,-0.07213906489478676,0.09395846091181523,0.2458552656643212,0.24533606388669696,0.016461668167044738,0.007520949153008313,0.10693118419354326,-0.059675987448721296,0.19781539585914387,-0.13492482624181554,0.24217014110801516,-0.21675245903768797,0.24651042634384776,0.24486951225286804,0.24604511917291935,0.1819487657575323,0.24658383504215245,0.19675334769425742,0.24660394717395454,0.20925131702281224,0.24659841477307623,0.23441516864038006,0.24665465958731037
-0.10549662512426664,-0.10667699538119221,-0.12754380509597063,-0.10697463473771031,-0.10616850922283927,-0.10705243116601289,-0.08715234594459807,-0.10709079369209046,-0.10679878022509962,-0.10711778509120616,-0.10675077712671721,-0.20462623348536624,0.1808971836556989,-0.16155270962407112,0.08501368130319228,-0.10826013721873123,0.04767848643315168,-0.10193037827294389,0.09791224835607161,-0.10722017937343675,-0.11039381095972431,0.25000000000000017,-0.23132934491327783,0.14320788860272615,-0.1519091934781354,0.07959779399445582,-0.08186409264438739,0.032542340599169314,-0.039413426140371445,-0.10688640509068016,-0.10457596345899856,-0.10773010008485405,0.1009181933268149,-0.12331872365987946,0.05094392360323284,-0.053108081388045084,0.008000646588056232,-0.015417692877325369,-0.0007797805864202638,-0.10706013229247825,-0.10688057052497739,0.05589312116640007,-0.07042949185422384,0.016624639725632776,-0.0255492205866427,-0.0645255926244735,0.06145370210610454,-0.10391254409372407,0.1008290862227763,-0.1070685086099173,-0.10632909141321356,-0.10687594810818855,-0.060408425992625074,-0.10708913118100925,-0.0695687811908955,-0.10709177450589667,-0.09429350468222282,-0.10708827279831729,-0.10626780372799109,-0.10711874212245051
0.12318569140135975,0.12465872288106919,0.13750157284202305,0.12498994048033127,0.12114529430115781,0.12507274131631294,0.10379733648932848,0.12511047264697855,0.12471248482929183,0.12514989761966686,0.12472039769911368,0.19620181173204104,-0.17012879717848786,0.16943892444795194,-0.08990257390869516,0.12223735412941318,-0.05940052646762389,0.11851091655986117,-0.11435376125762403,0.12523848070420487,0.12737068938486146,-0.23132934491327783,0.25000000000000044,-0.1433858259598268,0.1579611998450336,-0.08381088146724013,0.08794765941979447,-0.035811741478563835,0.04350409744206863,0.12488720011939572,0.12229215679761182,0.11513583958411999,-0.10595320547689598,0.13173607820409158,-0.051620455692797725,0.05629639280899057,-0.006771484072047118,0.01538865305896293,0.0022588655432401426,0.12505328061700033,0.1248318562544217,-0.057353841426251786,0.07388084511088142,-0.012624981608177661,0.024425953530587085,0.07754535122876441,-0.07122819710660193,0.12148531830142988,-0.11697779975164713,0.1250905129697511,0.12423007101853398,0.12486469381026037,0.07289033890678864,0.12511630357512746,0.08296861023558623,0.12512011954198712,0.10970031286430143,0.1251161024960479,0.12364478793169204,0.12515097589339047
-0.018511077339121117,-0.018446043820140593,-0.04471551827927275,-0.018535842709736305,-0.029604985854749365,-0.01855977053386966,-0.010114598965454894,-0.018578457987936392,-0.01853507005890262,-0.01856165432324736,-0.01852119115353724,-0.10220826967224429,0.10635938443764315,-0.09172303591034602,0.047703661162005064,-0.042453597906669145,-0.004276902504343125,-0.01876494497067586,0.015550340465634152,-0.018671960755739365,-0.021153838009692432,0.14320788860272615,-0.1433858259598268,0.2500000000000004,-0.2201870211009593,0.15527567797985242,-0.13324834402528307,0.08990663617610992,-0.09328188479973602,-0.018366004562312365,-0.0167030844155156,-0.11306602313539277,0.13795673951276147,-0.15321244545923324,0.13001841602894998,-0.11193366231906975,0.07522134936807105,-0.07673630857358671,0.06532807495089396,-0.01889510507128748,-0.018882483988308555,0.07684875172877131,-0.08584443631822364,0.08041975016826677,-0.06964293435988544,0.02057533170419822,0.007575095867090026,-0.016053467832729384,0.02495847296673576,-0.018565458126340754,-0.0184082751177101,-0.01854493908768008,0.009050606344577262,-0.018558895054651397,0.007768298260883332,-0.0185519906499551,-0.017993411097489562,-0.018549836978739454,-0.023644797668599876,-0.018561893191446393
0.04662260566045037,0.0469586509399704,0.06676265246591133,0.04710833744514265,0.053580207078523664,0.04714730709058495,0.03659657620203539,0.04716796698443472,0.04702061776685348,0.04716470332201841,0.047012437702407234,0.11612561722774446,-0.11146093533204003,0.10442920861223748,-0.05315096515024412,0.066562043405596,-0.015377051373193567,0.046272147322113606,-0.04271125907019561,0.04726313042337571,0.04927787298571876,-0.1519091934781354,0.1579611998450336,-0.2201870211009593,0.2500000000000005,-0.16950129031499506,0.15045667033203647,-0.1010501116314823,0.1064125867762497,0.0469156464945282,0.04485813749290844,0.11971376182394677,-0.13972651884085335,0.15991501917992218,-0.12937331201060265,0.1204406492020033,-0.07745261829528516,0.08110328666522254,-0.06734968955918766,0.0474410410472491,0.04735192556904871,-0.07544970043875629,0.08758723956148598,-0.0707617384913394,0.0644556934148519,0.0005589364275896292,-0.02358066980937733,0.043881648794909064,-0.05054275755088244,0.04715289648557169,0.046803957932878344,0.047077934147844155,0.011895967433655603,0.04715412402859146,0.014451785318693972,0.04714944415706685,0.042526042441333005,0.04714657448687323,0.051185969678797114,0.047165167516182875
0.032336806573634,0.033080566651347204,0.009176853647971536,0.03315191714168278,0.014848436024126305,0.03315292052876612,0.025679525896230265,0.03314757317766698,0.03297154718749555,0.03318430642625776,0.03305009626841532,-0.04186867627250484,0.04625125271189971,-0.02884268338445324,0.02096815358465299,-0.020037702852245348,-0.007511942125623311,0.02044777411339402,-0.022306785972912385,0.03306798409857073,0.030887592075850456,0.07959779399445582,-0.08381088146724013,0.15527567797985242,-0.16950129031499506,0.25000000000000056,-0.20029306073893213,0.15896105368165137,-0.16154065690744462,0.03339889261998611,0.034447323560005516,-0.08550353685961962,0.12119435937385147,-0.1348923055027694,0.15293036859817555,-0.13527620987269873,0.13911016884125924,-0.13659244753069452,0.12938682936590146,0.032648865267209844,0.0326277639427963,0.06637374828459751,-0.07237212766737462,0.0912706424067086,-0.07019402046229922,0.061395309102013566,-0.020161734796514924,0.03574970591208416,-0.021701314818851788,0.0331570199118611,0.03296055764025555,0.033078785576700215,0.04313839236991414,0.0331729625804754,0.04566205684472787,0.03318266462463794,0.025481313573076987,0.03318318818460903,0.025731278759444514,0.03318457271621186
0.015597704080208954,0.015558966903972703,0.028707368248324996,0.015592207893257402,0.024807628102298945,0.01561885211823913,0.018166351526456327,0.015626085331521315,0.01561066609484437,0.015612205311897935,0.015559263110169357,0.05952091688219588,-0.05605817113969473,0.05362067322272611,-0.03086805614519534,0.0537684421596647,-0.020817996211278115,0.02622491241900668,-0.023710280490753903,0.015711977581561842,0.01687517563023902,-0.08186409264438739,0.08794765941979447,-0.13324834402528307,0.15045667033203647,-0.20029306073893213,0.2500000000000005,-0.1915952684931196,0.19612692386451788,0.015321853647058813,0.014028185380871906,0.06685084378900663,-0.09308064639001966,0.11300666990561176,-0.12400352307058223,0.1472962407544468,-0.14418041627294484,0.1467551503847385,-0.1369636499458548,0.01603762400988809,0.015882773379638237,-0.042014191034322204,0.052333727329221216,-0.05639027139491294,0.043732020411250995,-0.018654262935901493,-0.011105679995036748,0.011909824376262257,-0.02124399744775793,0.015614191697168472,0.015485362290639144,0.015591339048748532,-0.0015670303032290329,0.015610020698239227,-0.002663549470939796,0.015606301420408473,0.01710672556575874,0.015604814332887008,0.020651736570594298,0.015612323740906112
0.04178253121067539,0.04254141813441305,0.02551535388049113,0.04266826216614819,0.026208895122860454,0.04266670293941063,0.02578276067808219,0.042672729157922584,0.04234965212434032,0.04270797823698025,0.04253227037864048,-0.007986678423675786,0.012783352276006577,-0.0004330419726911866,0.005968796723397056,-0.0020451543514041493,0.006045653216466655,0.015763492897845274,-0.01604773380892699,0.042593044573683,0.04123472903279343,0.032542340599169314,-0.035811741478563835,0.08990663617610992,-0.1010501116314823,0.15896105368165137,-0.1915952684931196,0.25000000000000056,-0.23713620818751213,0.04297287510623427,0.04349308128023681,-0.03669359582681428,0.07449242091876886,-0.08994679301335626,0.13252647088700117,-0.15095339692602133,0.17038562740609872,-0.16937220157002522,0.1829374954497773,0.04210927824554001,0.04219088758702275,0.031065670898480356,-0.037495787117576396,0.0719199193958959,-0.0502258673447164,0.06601525726336037,-0.02447353627114728,0.04592622244604342,-0.03162173263589277,0.04267891633367751,0.04241007597480743,0.042589609703314546,0.04032613929678714,0.04269384495486207,0.04684701015250187,0.04270130637852717,0.03390819303472009,0.04270126729915925,0.03542699399634508,0.04270838528451661
-0.029859380347403063,-0.03045812973091444,-0.01497039217845901,-0.030550880652537096,-0.01600523450800967,-0.030544470950346365,-0.015745131659744917,-0.030549493610338697,-0.030289533948121315,-0.030579533527248418,-0.030449871908640465,0.016389701044040264,-0.018989807553968997,0.00976289793448102,-0.009474418041960156,0.011864421756407423,-0.011053009837770519,-0.005392227900576016,0.006131518862830025,-0.030471062906293204,-0.02922889673899381,-0.039413426140371445,0.04350409744206863,-0.09328188479973602,0.1064125867762497,-0.16154065690744462,0.19612692386451788,-0.23713620818751213,0.25000000000000056,-0.030871878630644695,-0.031562099395832884,0.039463898380498644,-0.07488077108333577,0.09303660018841252,-0.13257824325854223,0.1528372768149374,-0.1708011811134223,0.1705133092545107,-0.18286844935604066,-0.030010807072053513,-0.03012405586720184,-0.030492709105592496,0.03855713300858599,-0.06802573727923909,0.04850193460004547,-0.057157606471053606,0.018195044921869623,-0.034145520028138,0.020929732617370956,-0.030557876469887342,-0.030369484149940337,-0.030490749936045485,-0.03151280449741311,-0.030568699503569486,-0.03753945748416141,-0.030575261690680953,-0.023680339856678837,-0.030575536268784693,-0.023817339177603043,-0.030579829688318617
0.24546664879196006,0.24884817280453175,0.21189824032691992,0.24941613106910243,0.21156092248091332,0.24955661291498268,0.21467073605492082,0.24958640302361063,0.24840358064178292,0.24968954487029957,0.24874188387528193,0.14975548857127305,-0.11256748932539576,0.17422232542205007,-0.07949599529000702,0.19141187057565884,-0.12166898456909439,0.2214295878368497,-0.21617119675298085,0.24954995208749733,0.24635035233239744,-0.10688640509068016,0.12488720011939572,-0.018366004562312365,0.0469156464945282,0.03339889261998611,0.015321853647058813,0.04297287510623427,-0.030871878630644695,0.2500000000000004,0.24641955805319854,0.044973196795315695,0.018334633294707456,0.0179694099436543,0.0711101323439221,-0.03191046261282623,0.08991588100465105,-0.07410514847218864,0.09604702887764195,0.24887581411682816,0.24834924302731234,0.018073012984096706,0.006107716365202763,0.10966265947367332,-0.06156321461669955,0.20073406872277857,-0.136520671760937,0.245181069183045,-0.21927049024561882,0.24954530965465957,0.24788479192273066,0.24907405847638903,0.18460585089066708,0.24961987274462172,0.19953172235361127,0.24964036903916556,0.21175024852528476,0.24963479299093874,0.23720057440410422,0.2496915953006291
0.2425429554400326,0.2458866002723319,0.20918427154656508,0.2464472282046635,0.2089516899629172,0.2465860575305823,0.21213328729680275,0.24661539357430318,0.2454466794882726,0.24671744616181973,0.24578085635043911,0.14729538040802556,-0.11058628563155766,0.1716066824323204,-0.07834453374272538,0.18887730137482367,-0.12028104920649324,0.21872665797824983,-0.21355464770329746,0.24657862752461523,0.2433972740347275,-0.10457596345899856,0.12229215679761182,-0.0167030844155156,0.04485813749290844,0.034447323560005516,0.014028185380871906,0.04349308128023681,-0.031562099395832884,0.24641955805319854,0.25000000000000067,0.04187779423957509,0.020389329082438137,0.015834143103703097,0.07190633464557535,-0.03285690161485188,0.0898349424775909,-0.07421993114342647,0.09582534481922146,0.2459077287030396,0.24538500052639184,0.01951062864975235,0.004545066369492735,0.10946212477233473,-0.06166106368917988,0.1986925960694352,-0.13475470580461404,0.24227225867124202,-0.21650956249734574,0.24657453215416586,0.24493441242182873,0.2461089023357608,0.18277955047206956,0.24664860303407493,0.19741646387013248,0.24666896984494946,0.20913045263835467,0.24666346578239162,0.2342855538779422,0.24671947122943202
0.04448540550479288,0.04492630343845788,0.05400489914184479,0.0450907845358027,0.04412454144917055,0.04510708935804142,0.03324308437714432,0.045124255384500614,0.044881716100460295,0.04513540314091759,0.044979339734437934,0.08502936125032731,-0.07505263695973106,0.07552943494865448,-0.029560194215880055,0.04902457196652363,-0.00790859581058577,0.040627389820462836,-0.03785277997843754,0.04518318109334643,0.04635873532667671,-0.10773010008485405,0.11513583958411999,-0.11306602313539277,0.11971376182394677,-0.08550353685961962,0.06685084378900663,-0.03669359582681428,0.039463898380498644,0.044973196795315695,0.04187779423957509,0.2500000000000006,-0.18614274239697753,0.16323879224944307,-0.08970099911699977,0.0711608175638897,-0.023633767237615413,0.028175991432936587,-0.012367640486326742,0.045533936800575894,0.04585295787370244,-0.18318798090954552,0.1762171307855043,-0.07112951941478918,0.0479078226221791,0.014744992362241827,-0.05472253785203126,0.04436671667401108,-0.05717031967907482,0.04515818034354321,0.04478483539478947,0.045065350933004,-0.01101984580699116,0.045120416964266684,0.015993281567980484,0.04511227695061851,0.05371456856960663,0.045112896240222265,0.052811098278747554,0.04513587484171106
