x1,x2,x3,x4,x5,x6,x7,x8,x9,x10,x11,x12,x13,x14,x15,x16,x17,x18,x19,x20,x21,x22,x23,x24,x25,x26,x27,x28,x29,x30,x31,x32,x33,x34,x35,x36,x37,x38,x39,x40,x41,x42,x43,x44,x45,x46,x47,x48,x49,x50,x51,x52,x53,x54,x55,x56,x57,x58,x59,x60
0.25000000000000006,0.24988492161243314,0.24994206342972664,0.24993239230795788,0.2499306976189526,0.24996109266447267,0.24988706481092457,0.24994200794626234,0.24955633105978123,0.24992823178223858,0.24992438000815434,0.24070971269856115,0.24515239217392074,0.23085727719843369,0.24276596698332503,0.2251181095213091,0.24203545313309996,0.23371133345926556,0.24783470595763196,0.2499609010598153,0.24993092735030364,0.24762623700078462,0.2454057752250149,0.24725412044044182,0.2469281244746991,0.24733069758039364,0.2486566072039042,0.24889175950812054,0.24950604975790366,0.2498253054446787,0.2499348353341748,0.24722930084418418,0.24447558790408602,0.24693330526044802,0.24663098499334832,0.24741818549423417,0.24841339564170883,0.2487330139436971,0.24943370318670807,0.24978736285468242,0.24991014794694197,0.2397934504385551,0.24479620528485221,0.22942709488544025,0.24305367632199337,0.226025640382163,0.24236267473929687,0.2342631182754655,0.24771798317594546,0.24996576183377228,0.24992710243723368,0.24989590588959568,0.24995885458636036,0.24994298830992773,0.249901727549484,0.2499648974963638,0.24981579508032487,0.24996021840142074,0.24949062826706248,0.2499354319098217
0.24988492161243314,0.24999999999999994,0.2498862978450096,0.24987662888100404,0.24987493457010765,0.24990532283406622,0.24983131149717194,0.2498862423739245,0.24950065153737366,0.24987246928355625,0.24986861836885718,0.24065600698095813,0.24509769523213065,0.23080576969756542,0.24271180248651134,0.22506788250935458,0.2419814516241863,0.23365918917836087,0.24777941055396419,0.2499051312721585,0.2498751642502025,0.24757098810946906,0.24535102174990742,0.24719895457355714,0.24687303134209312,0.2472755146280735,0.24860112842252485,0.24883622826095955,0.2494503814539603,0.24976956591030805,0.24987907136214732,0.2471741405148999,0.2444210419668337,0.24687821097193574,0.24657595815673386,0.24736298302213178,0.24835797112424512,0.2486775181149011,0.24937805102430122,0.24973163178583654,0.24985438948301733,0.23973994915193084,0.24474158781335906,0.22937590647833267,0.2429994476331857,0.2259752108873274,0.24230860022264702,0.23421085088361884,0.24766271381476948,0.24990999096160868,0.24987134019052432,0.24984015060327433,0.24990308525530078,0.24988722251885698,0.24984597096426847,0.24990912681704594,0.24976005766785014,0.24990444876607473,0.24943496340387075,0.24987966780469006
0.24994206342972664,0.2498862978450096,0.25,0.2499337991745706,0.24993218890820243,0.2499624693158835,0.24988844074666816,0.2499433844950172,0.2495577049039321,0.24992960825340288,0.24992575651024723,0.24071096264958838,0.24515429048302828,0.23085835665431118,0.24276710999022652,0.22511930677506006,0.2420367905549331,0.23371263935605724,0.24783607232891658,0.24996227771055002,0.24993230381361964,0.2476275832540126,0.24540713307800466,0.2472554724906754,0.24692949230687364,0.24733205553646098,0.24865797967608208,0.24889313199744326,0.2495074239556724,0.249826681357273,0.24993621184068546,0.2472306621529646,0.2444769331094671,0.24693466497425617,0.246632341692227,0.24741954754371787,0.24841476374002958,0.2487343837438966,0.24943507691904113,0.24978873855088457,0.24991152431808908,0.2397947704879892,0.24479755297964714,0.22942835788250873,0.24305501454284126,0.2260268848971223,0.2423640094692992,0.2342644079586769,0.24771934734615386,0.24996713851157285,0.24992847890211933,0.24989728218266727,0.24996023122531824,0.2499443648623039,0.24990310387246412,0.24996627416940442,0.2498171709311993,0.2499615950486915,0.2494920023290649,0.2499368084205817
0.24993239230795788,0.24987662888100404,0.2499337991745706,0.2499999999999999,0.2499226995612959,0.24995279740281406,0.249878771114916,0.2499337133642646,0.24954804865103813,0.24991993766044376,0.24991608598644616,0.24070175085169693,0.24514412054323897,0.23084974652760876,0.24275793619107522,0.22511081305722047,0.2420275240102693,0.23370362055954455,0.24782648060343737,0.24995260580310866,0.24992263305407866,0.24761802714123823,0.245397642185765,0.2472459522221935,0.2469199469124307,0.24732252223658993,0.24864836382578373,0.24888350286162653,0.24949776956863812,0.24981701467269576,0.24992654094717545,0.2472210962587585,0.24446747632724822,0.24692511015954452,0.24662279820620947,0.24740997437563766,0.24840515183839457,0.2487247593521938,0.2494254254272186,0.24977907336080957,0.2499018543780712,0.239785492157059,0.24478808130421817,0.2294194808072261,0.24304561009650577,0.22601813943109583,0.2423546317278102,0.23425534377309543,0.24770976233064654,0.2499574664195629,0.24991880830598312,0.24988761279364038,0.24995055940074798,0.2499346936514853,0.2498934342608076,0.24995660211083906,0.24980750464040954,0.24995192317117754,0.24948234862116433,0.249927137502148
0.2499306976189526,0.24987493457010765,0.24993218890820243,0.2499226995612959,0.24999999999999994,0.24995110254358122,0.2498770742134642,0.24993201883298874,0.2495463526119606,0.24991824320374237,0.24991439174295715,0.24070014096185316,0.24514259798010452,0.23084789554702456,0.24275649420355075,0.22510918775324892,0.24202628228383502,0.2337023459151921,0.24782482881475534,0.2499509109732497,0.24992093825354408,0.24761633809135702,0.24539605718526053,0.24724436761573582,0.24691838755958498,0.24732089169171972,0.24864672885384245,0.24888184075456346,0.24949607840528668,0.24981532072008664,0.24992484627832826,0.24721942093840932,0.24446581584053734,0.24692343470656092,0.2466211117874365,0.247408296850491,0.2484034679266167,0.24872307270151217,0.24942373408714455,0.24977737970858196,0.2499001598936005,0.2397838650049982,0.24478642243453563,0.2294179251688036,0.24304396245825952,0.22601660833602868,0.24235298927883114,0.23425375594836398,0.24770808290351487,0.24995577156053658,0.24991711370908318,0.2498859184082659,0.2499488645880119,0.24993299894687393,0.2498917398445739,0.24995490725767613,0.24980581078607364,0.2499502283497407,0.24948065698349067,0.24992544284877263
0.24996109266447267,0.24990532283406622,0.2499624693158835,0.24995279740281406,0.24995110254358122,0.24999999999999992,0.2499074662077058,0.24996241382859855,0.2495767054551512,0.24994863653982347,0.24994478445140966,0.24072936531135924,0.2451724078613812,0.2308761258845694,0.24278578738635467,0.22513648890426308,0.2420552134751578,0.23373041420286103,0.2478549397877885,0.2499813084845983,0.24995133232790667,0.24764645397785434,0.24542581079135528,0.24727430701021585,0.24694828429855517,0.24735089029076843,0.24867690813848697,0.2489120796444608,0.2495264200476129,0.24984570179907326,0.2499552406308657,0.24724948525501658,0.2444955474944338,0.24695346550635475,0.24665112055775576,0.2474383853280053,0.24843367672439728,0.24875332112148218,0.24945406756976374,0.24980775611137931,0.24993055122811828,0.2398130277698445,0.24481619105204538,0.22944582587936685,0.24307351982534495,0.22604409367319964,0.2423824618252116,0.23428224409506912,0.24773820748334074,0.24998616965540021,0.24994750710261296,0.24991630800801184,0.24997926184406888,0.2499633942722688,0.2499221301431872,0.2499853052474249,0.24983619065831925,0.24998062577046892,0.24951099729761184,0.2499558372552396
0.24988706481092457,0.24983131149717194,0.24988844074666816,0.249878771114916,0.2498770742134642,0.2499074662077058,0.2499999999999999,0.2498883853176679,0.24950279901213626,0.24987461300037897,0.24987076190517254,0.24065806096068987,0.24509981403662448,0.23080784052822223,0.24272073582569637,0.22507324448469843,0.2419869287008281,0.23366332840251555,0.247781835219967,0.24990727463957904,0.24987730753016066,0.24757318786296384,0.24535313103090825,0.2472010867071339,0.2468751013105027,0.24727798483040553,0.24860326072443076,0.2488385484990485,0.24945252655800776,0.2497717079700871,0.2498812144517922,0.2471762668274942,0.2444231102339504,0.24688035554982093,0.2465781041770755,0.24736511506307116,0.2483601060922197,0.24867965801051026,0.2493801887579654,0.24973377374786587,0.24985653245523953,0.23974202978917267,0.24474367798708463,0.22937787979284358,0.24300153876935804,0.22597713844936207,0.24231066322771241,0.23421284390595662,0.24766483199865053,0.2499121343751867,0.249873483272578,0.24984229341777098,0.24990522865291892,0.24988936573709813,0.2498481136234104,0.2499112702231401,0.24976220007945865,0.24990659213204428,0.24943710276689166,0.24988181095812012
0.24994200794626234,0.2498862423739245,0.2499433844950172,0.2499337133642646,0.24993201883298874,0.24996241382859855,0.2498883853176679,0.2499999999999997,0.2495576498932,0.2499295527838335,0.24992570098728495,0.24071099123544526,0.24515366237916814,0.2308585144526965,0.24276718995085914,0.225119325907631,0.24203675665438346,0.23371258321939106,0.24783601615800113,0.2499622222220285,0.24993224834401087,0.24762754735422768,0.24540707583769072,0.24725543538496347,0.24692943486748137,0.24733201063606197,0.24865792399491873,0.24889307610451408,0.24950736852292058,0.24982662588517635,0.2499361563591146,0.24723060761975843,0.2444768803952274,0.2469346103642559,0.24663228788316136,0.24741949319936357,0.24841470866066298,0.2487343286038097,0.24943502156030473,0.2497886831004434,0.2499114688416755,0.2397947177899602,0.2447974991687878,0.2294283075153518,0.24305496097303245,0.22602683508046348,0.2423639557713317,0.2342643564627357,0.2477192924866017,0.2499670830225428,0.24992842342167088,0.24989722670914422,0.2499601757385528,0.24994430937832926,0.24990304840005456,0.24996621868056604,0.24981711547585442,0.24996153956089176,0.24949194694455792,0.24993675293828418
0.24955633105978123,0.24950065153737366,0.2495577049039321,0.24954804865103813,0.2495463526119606,0.2495767054551512,0.24950279901213626,0.2495576498932,0.24999999999999972,0.24954389367863847,0.24954004838366528,0.24033921391794635,0.24477466154571323,0.23050088583010944,0.24239303181168748,0.2247679334897431,0.24166777133136497,0.23335012182016815,0.2474537242217384,0.24957651418536034,0.24954658677360947,0.24724534750720017,0.24502819398263656,0.24687352269354446,0.24654815121401297,0.24694985496157745,0.2482741396663874,0.24850890496111702,0.2491223588773048,0.24944112809444635,0.24955048876983535,0.24684909366967867,0.24409963828336703,0.24655353881826272,0.2462517187985347,0.2470376804595935,0.248031380785525,0.2483505057196817,0.2490501278882397,0.24940324277122236,0.2495258390510122,0.23942466351196717,0.24441974924512255,0.22907425867371486,0.2426798891261483,0.22567805640963134,0.24198998518403816,0.2339028654250022,0.24733704648279442,0.24958136744349027,0.2495427674969514,0.24951161892304505,0.24957447074547934,0.24955862894055839,0.24951743176630764,0.24958050443533095,0.24943163102971036,0.24957583253585036,0.2491069645481645,0.24955108416062477
0.24992823178223858,0.24987246928355625,0.24992960825340288,0.24991993766044376,0.24991824320374237,0.24994863653982347,0.24987461300037897,0.2499295527838335,0.24954389367863847,0.2499999999999998,0.24991192570824522,0.24069771713827412,0.245140179285175,0.23084578024857624,0.24275389095519795,0.22510689283488405,0.24202341579122405,0.23369968047380457,0.2478223556366583,0.24994844494468005,0.24991847272945344,0.24761389706954548,0.24539354542107544,0.24724179970063687,0.2469158190452322,0.24731837310501475,0.2486442159397456,0.24887935616506607,0.2494936162838428,0.2498128560885434,0.24992238051904794,0.2472169807894686,0.24446340532133717,0.24692099989120606,0.24661869480479004,0.24740585600404294,0.24840101661698794,0.2487206189789308,0.2494212733488445,0.24977491538715077,0.2498976943608518,0.2397815008498673,0.2447840065232232,0.2294156619389246,0.2430415643335738,0.22601437701149787,0.24235059732251385,0.23425144442599244,0.24770563884463465,0.24995330547644468,0.24991464800639102,0.2498834530133477,0.24994639857296785,0.24993053308745636,0.2498892743838688,0.24995244118210858,0.2498033461949439,0.24994776232033536,0.24947819558672032,0.24992297706390304
0.24992438000815434,0.24986861836885718,0.24992575651024723,0.24991608598644616,0.24991439174295715,0.24994478445140966,0.24987076190517254,0.24992570098728495,0.24954004838366528,0.24991192570824522,0.24999999999999978,0.24069259205561153,0.2451363344867561,0.23084236468573543,0.242750474954464,0.22510358449244905,0.24201963704429852,0.23369609381726592,0.24781854012903204,0.2499445928553506,0.2499146210825328,0.24761008876016466,0.245389764363539,0.24723801474652174,0.24691201268923413,0.24731459018911942,0.2486403873612494,0.24887552274017022,0.24948977122809735,0.24980900610928017,0.24991852884283955,0.24721317006435772,0.24445963822009767,0.2469171937962192,0.2466148937446611,0.24740204186823517,0.2483971883704372,0.2487167856627502,0.2494174293600528,0.24977106597892357,0.2498938430578649,0.23977780474367366,0.24478023274236652,0.22941212507141492,0.2430378178314356,0.22601089294441645,0.24234686202876077,0.23424783283205458,0.2477018209729557,0.24994945331593665,0.2499107964416539,0.2498796019293721,0.24994254651717915,0.24992668127790488,0.24988542320397397,0.24994858903492037,0.2497994963464076,0.24994391024525572,0.2494743507508573,0.249919125370802
0.24070971269856115,0.24065600698095813,0.24071096264958838,0.24070175085169693,0.24070014096185316,0.24072936531135924,0.24065806096068987,0.24071099123544526,0.24033921391794635,0.24069771713827412,0.24069259205561153,0.2499999999999999,0.23592240021198085,0.2218543086698704,0.2338004459721366,0.2168796245702375,0.23311953241181457,0.22509001590423852,0.23868313251863255,0.24072917863467416,0.24070037982237877,0.23839820363175349,0.2363303634987368,0.23806424179127708,0.23781224078121738,0.23820375383446757,0.2394757401964545,0.2396995741545892,0.24029106408251538,0.24059860537029407,0.2407040882388976,0.2380985270065722,0.23544635965705074,0.23781371900358558,0.237521565078659,0.23827932052604178,0.23923898488590437,0.23954639946372966,0.24022142979282007,0.24056205127599353,0.24068029982849348,0.23093659990215482,0.23575472985529772,0.22095482391623494,0.23407657401196652,0.21767783086553272,0.23341180334578432,0.22561077341784058,0.23856905648216803,0.24073386155575766,0.24069662995473706,0.24066658557945242,0.24072720784944177,0.24071192911985934,0.24067219257211817,0.24073302914260256,0.24058942617383322,0.2407285228592952,0.24027627689669034,0.24070465179875059
0.24515239217392074,0.24509769523213065,0.24515429048302828,0.24514412054323897,0.24514259798010452,0.2451724078613812,0.24509981403662448,0.24515366237916814,0.24477466154571323,0.245140179285175,0.2451363344867561,0.23592240021198085,0.2499999999999999,0.2260668342880416,0.23806427992912524,0.22075845936539135,0.23743512089861502,0.22924629645674827,0.24309103012930194,0.24517221756168436,0.24514285762027435,0.24286181459058612,0.24068644127032643,0.2424932363156528,0.24219732342503283,0.24259110899576686,0.24389679211953852,0.2441237338058787,0.24472587523285963,0.24503927679787132,0.24514668308566762,0.24249109210380643,0.2397910931199799,0.2422000239255379,0.24190385850050505,0.24267437120579585,0.24365398947295155,0.2439668142418865,0.24465515286122871,0.2450020050032593,0.2451224346301449,0.23519546739349462,0.240104264469493,0.22502978264085594,0.2383945446309367,0.22169435603577844,0.23772052264397217,0.22977336640386214,0.2429720699659796,0.24517698672985377,0.24513906796371995,0.2451084690752449,0.24517020383651922,0.24515464950005614,0.2451141852822265,0.24517613895933357,0.24502986599929386,0.24517154950597042,0.24471095965897827,0.2451472378671782
0.23085727719843369,0.23080576969756542,0.23085835665431118,0.23084974652760876,0.23084789554702456,0.2308761258845694,0.23080784052822223,0.2308585144526965,0.23050088583010944,0.23084578024857624,0.23084236468573543,0.2218543086698704,0.2260668342880416,0.24999999999999994,0.2236802869919064,0.20686767814938622,0.22357324800696335,0.2159069178572765,0.2289343132131523,0.23087595648964995,0.23084835878668972,0.22870133044025143,0.22650127772491285,0.2281926835077385,0.22799569668857558,0.22834523927746547,0.2296731105592941,0.22988390107308015,0.2304541365643925,0.23075117537297662,0.23085207372111724,0.2283392758311129,0.22580421545711926,0.2280577775077667,0.2277950093799979,0.2285022398967208,0.22944322038455156,0.2297352132823841,0.2303892007242702,0.23071566166336566,0.2308290541430584,0.22145984254482598,0.2260902131819326,0.21189072936423348,0.22447752076402883,0.20876011094267838,0.22386370338723147,0.21636347175921442,0.22880253706884693,0.23088043757165827,0.23084472991456206,0.2308159153040696,0.23087400445999165,0.23085940287776915,0.23082132875426278,0.23087963927748878,0.23074176136841137,0.23087531744439752,0.23044160919468482,0.23085242344518317
0.24276596698332503,0.24271180248651134,0.24276710999022652,0.24275793619107522,0.24275649420355075,0.24278578738635467,0.24272073582569637,0.24276718995085914,0.24239303181168748,0.24275389095519795,0.242750474954464,0.2338004459721366,0.23806427992912524,0.2236802869919064,0.24999999999999986,0.21794538719827172,0.23502426418369593,0.22702036791656927,0.24075909495709022,0.24278562504199633,0.24275654134922112,0.2405116722326425,0.2383902984066715,0.24011825114408958,0.23986162751842396,0.24018271060594357,0.2415209951482491,0.24175320955179386,0.24234456298690543,0.2426540483227654,0.2427602596546325,0.24013171963851584,0.23744081055751215,0.23984477604955579,0.23955191404637555,0.24031679715377866,0.2412818033655932,0.24159328852515455,0.2422735168366586,0.24261704469965858,0.24273630504416213,0.23291020872329882,0.237769557413052,0.22283945338347855,0.2360771250913722,0.21953752656783923,0.23540550916962744,0.22753890336573032,0.24060710159368587,0.24279032213571033,0.2427527724828958,0.2427224714525333,0.2427836150636279,0.24276820234039245,0.24272812693731652,0.2427894826076997,0.2426446678970739,0.24278493782921032,0.24232882716069018,0.24276086285095433
0.2251181095213091,0.22506788250935458,0.22511930677506006,0.22511081305722047,0.22510918775324892,0.22513648890426308,0.22507324448469843,0.225119325907631,0.2247679334897431,0.22510689283488405,0.22510358449244905,0.2168796245702375,0.22075845936539135,0.20686767814938622,0.21794538719827172,0.25000000000000006,0.2172140906376553,0.2094727941636321,0.22330656800933774,0.22513632253067864,0.22510920726464886,0.22305883915989558,0.22109715087216764,0.22265940508902743,0.2222698879014056,0.22250882631796245,0.22392101421272204,0.224117737246603,0.2247243189877477,0.22501566808196072,0.22511300107838833,0.22264858583781816,0.22014802465833364,0.2223819758592294,0.22213963224779185,0.2228152421057704,0.22373516283721176,0.2240247587186253,0.2246616103528495,0.22498005484145023,0.2250906007167172,0.21594896458435844,0.22045679127249654,0.20659792625948903,0.2188905570502405,0.2035593225169075,0.21829224474838585,0.21097126027111945,0.2231103968178783,0.22514069414203183,0.22510587418061134,0.22507777589091946,0.22513441752556873,0.2251201823574824,0.2250829655804902,0.2251399156731412,0.22500555201536893,0.2251357012820626,0.2247127976716756,0.2251133764335364
0.24203545313309996,0.2419814516241863,0.2420367905549331,0.2420275240102693,0.24202628228383502,0.2420552134751578,0.2419869287008281,0.24203675665438346,0.24166777133136497,0.24202341579122405,0.24201963704429852,0.23311953241181457,0.23743512089861502,0.22357324800696335,0.23502426418369593,0.2172140906376553,0.25000000000000006,0.22580614794565107,0.24009072534984763,0.24205503999725894,0.2420260539342459,0.2398107302695194,0.2377356061483456,0.23944901016801576,0.23917550368726784,0.23944770241894225,0.24079882552135398,0.2409998039098026,0.24161310323330162,0.24192418343364955,0.24202973880451017,0.23940720612125774,0.23672290409560376,0.2391202062975491,0.2388290629012396,0.23959585079511908,0.24055432523725495,0.24086660557930573,0.24154472936622765,0.24188697583201993,0.24200588121634953,0.23220825565106648,0.2370556606031144,0.22216387088741069,0.23536738363567672,0.21887757883617184,0.2346975301842832,0.22685566013394656,0.23988341341797892,0.2420597349992685,0.24202229833697245,0.24199208848633663,0.2420530499882384,0.24203768176507537,0.24199773758446916,0.24205889799631705,0.24191452234850333,0.2420543668933155,0.24159962627902123,0.24203036435971734
0.23371133345926556,0.23365918917836087,0.23371263935605724,0.23370362055954455,0.2337023459151921,0.23373041420286103,0.23366332840251555,0.23371258321939106,0.23335012182016815,0.23369968047380457,0.23369609381726592,0.22509001590423852,0.22924629645674827,0.2159069178572765,0.22702036791656927,0.2094727941636321,0.22580614794565107,0.25000000000000006,0.23161719010994913,0.23373022762996645,0.2337021760644068,0.23158918515028967,0.22951043522323772,0.2311909001552968,0.2309209053879669,0.23115359577913125,0.23250891484534456,0.2326648472568669,0.23330042564594874,0.23360432177230797,0.2337059014696084,0.23116465074486484,0.2285813111203236,0.23088384684946597,0.23061068555303535,0.23134170419432848,0.23227896838494963,0.23257968507765947,0.23323758043459136,0.23356797349604616,0.23368277432976803,0.22420930126841482,0.22889232752419023,0.21450819840410174,0.2272623538296869,0.21134394235177564,0.22662694477401615,0.21904391281490124,0.2316314240946926,0.2337347801991743,0.23369863107559433,0.23366946021445528,0.23372829861615277,0.23371348543340228,0.233674909130469,0.23373397200073495,0.23359450548803512,0.23372959673437657,0.23329051422415717,0.23370641969974118
0.24783470595763196,0.24777941055396419,0.24783607232891658,0.24782648060343737,0.24782482881475534,0.2478549397877885,0.247781835219967,0.24783601615800113,0.2474537242217384,0.2478223556366583,0.24781854012903204,0.23868313251863255,0.24309103012930194,0.2289343132131523,0.24075909495709022,0.22330656800933774,0.24009072534984763,0.23161719010994913,0.24999999999999994,0.24785474935994858,0.247825034481878,0.24554494627332574,0.24333907235970778,0.24517369551951199,0.24486436945199144,0.2452699262057374,0.24656895013784408,0.24679768382195666,0.2474037349863308,0.24772040460877282,0.24782891186834138,0.24514583383177344,0.2424162349418928,0.24485144782383161,0.24455077014179835,0.24533278278735146,0.24632020835679144,0.24663711571559443,0.2473319600954709,0.24768267559004767,0.24780442458598753,0.2377727833150153,0.2427331083187383,0.2274932437599033,0.24100546083508775,0.22412126748553135,0.24032057994599282,0.23228831904800248,0.24563051488418325,0.24785956962148684,0.2478212359665795,0.24779030227838286,0.24785271947695933,0.24783698798548065,0.24779607313585536,0.24785871256711786,0.24771086536633824,0.24785407289799796,0.24738844118831707,0.2478294952554857
0.2499609010598153,0.2499051312721585,0.24996227771055002,0.24995260580310866,0.2499509109732497,0.2499813084845983,0.24990727463957904,0.2499622222220285,0.24957651418536034,0.24994844494468005,0.2499445928553506,0.24072917863467416,0.24517221756168436,0.23087595648964995,0.24278562504199633,0.22513632253067864,0.24205503999725894,0.23373022762996645,0.24785474935994858,0.2499999999999998,0.2499511407335921,0.24764626368181908,0.2454256219061273,0.24727411657998502,0.2469480943074621,0.2473507007504629,0.24867671697607097,0.24891188840893158,0.24952622876037373,0.24984551028209667,0.24995504903063892,0.2472492957509459,0.24449536016868467,0.2469532762350361,0.24665093163785512,0.24743819571914158,0.24843348628178497,0.24875313044492683,0.24945387635859223,0.24980756462404527,0.24993035964684032,0.23981284395957037,0.24481600345821664,0.22944565004818798,0.24307333352988078,0.22604392043251806,0.24238227605374077,0.23428206459302597,0.24773801760602027,0.2499859780315202,0.24994731550836916,0.24991611643768336,0.24997907022553587,0.24996320266584698,0.24992193856887,0.24998511362420767,0.24983599914919097,0.24998043415083876,0.24951080603782244,0.24995564565461068
0.24993092735030364,0.2498751642502025,0.24993230381361964,0.24992263305407866,0.24992093825354408,0.24995133232790667,0.24987730753016066,0.24993224834401087,0.24954658677360947,0.24991847272945344,0.2499146210825328,0.24070037982237877,0.24514285762027435,0.23084835878668972,0.24275654134922112,0.22510920726464886,0.2420260539342459,0.2337021760644068,0.247825034481878,0.2499511407335921,0.2499999999999999,0.2476163450240357,0.245396076184549,0.24724427639853833,0.24691843651321554,0.2473210093224465,0.24864688703876656,0.2488820317127345,0.24949630680437318,0.2498155502668065,0.24992507606475542,0.24721965263401655,0.24446605570245938,0.2469236663538701,0.246621364462411,0.24740852971049093,0.24840369671580356,0.24872330135668164,0.2494239636185081,0.24977760927537224,0.24990038959221084,0.2397840913880539,0.24478665520442014,0.22941815044334235,0.24304419019202705,0.22601682185548053,0.2423532154254033,0.23425398050533744,0.24770831325327178,0.24995600131492718,0.249917343427941,0.2498861480984584,0.24994909434082987,0.24993322868034146,0.24989196959584178,0.24995513701128078,0.24980604036818813,0.24995045809904387,0.24948088628497753,0.24992567257529322
0.24762623700078462,0.24757098810946906,0.2476275832540126,0.24761802714123823,0.24761633809135702,0.24764645397785434,0.24757318786296384,0.24762754735422768,0.24724534750720017,0.24761389706954548,0.24761008876016466,0.23839820363175349,0.24286181459058612,0.22870133044025143,0.2405116722326425,0.22305883915989558,0.2398107302695194,0.23158918515028967,0.24554494627332574,0.24764626368181908,0.2476163450240357,0.24999999999999992,0.24309597001957262,0.2449517876862977,0.24464513526423404,0.24503950019158927,0.24635990767059057,0.24659424869358146,0.2471958454449994,0.24751201387583543,0.24762044462028798,0.2449375898183978,0.24220404922720745,0.24464348738750002,0.24434177625023962,0.24512270925560303,0.24611231261701125,0.24642894373894803,0.24712394806150598,0.24747433944534514,0.24759597997738356,0.23756812456723236,0.2425253951230367,0.22729640298158535,0.24079940538490488,0.22392958694973378,0.24011813947756858,0.2320896866372786,0.2454231949433201,0.24765107974586942,0.2476127783382101,0.247581870671475,0.24764422885777077,0.24762851710616723,0.2475876271835325,0.24765022341610368,0.24750249244040962,0.24764558765035277,0.2471803539024047,0.24762103068167923
0.2454057752250149,0.24535102174990742,0.24540713307800466,0.245397642185765,0.24539605718526053,0.24542581079135528,0.24535313103090825,0.24540707583769072,0.24502819398263656,0.24539354542107544,0.245389764363539,0.2363303634987368,0.24068644127032643,0.22650127772491285,0.2383902984066715,0.22109715087216764,0.2377356061483456,0.22951043522323772,0.24333907235970778,0.2454256219061273,0.245396076184549,0.24309597001957262,0.2499999999999998,0.24272148330089108,0.2424509290532674,0.2428342301049649,0.24417736123013772,0.24439269588486429,0.2449819090379542,0.2452924870665754,0.245400239182232,0.24273798779955447,0.2399470685121606,0.24245467527853046,0.2422585108548459,0.24291404665477545,0.2439051827709138,0.24421639812497375,0.24490808692670588,0.2452552296660207,0.24537576472315265,0.23543391953639906,0.24035002880608522,0.22528096259916638,0.23863693537881733,0.22192346316963105,0.23796981929462785,0.230007375920898,0.2432231838163973,0.2454303951771875,0.24539243723242926,0.24536180672783137,0.24542359029035515,0.2454080348717404,0.2453675480067962,0.2454295465517058,0.2452830361129538,0.24542495235749537,0.24496389631688276,0.24540061559091692
0.24725412044044182,0.24719895457355714,0.2472554724906754,0.2472459522221935,0.24724436761573582,0.24727430701021585,0.2472010867071339,0.24725543538496347,0.24687352269354446,0.24724179970063687,0.24723801474652174,0.23806424179127708,0.2424932363156528,0.2281926835077385,0.24011825114408958,0.22265940508902743,0.23944901016801576,0.2311909001552968,0.24517369551951199,0.24727411657998502,0.24724427639853833,0.2449517876862977,0.24272148330089108,0.24999999999999992,0.2442427062116287,0.24466687330083223,0.24598938581528215,0.2462185820109774,0.24682387049581198,0.2471401756650117,0.2472483735586461,0.2445690899497382,0.2418520907254495,0.2442705496330257,0.24397814981498034,0.2447525978448156,0.24574209973895852,0.24605806341538772,0.2467526030602608,0.2471024521117693,0.24722391283310305,0.23721096400780076,0.24215993784326484,0.22695065541748566,0.24043610964441045,0.22359317038576898,0.23975828739945967,0.23173931969343214,0.2450541984267663,0.24727892584856154,0.24724068200008434,0.2472098207820903,0.24727207929946873,0.24725639711793668,0.2472155792371307,0.24727807081018932,0.24713055003769674,0.2472734420110846,0.2468089102314771,0.2472489219450532
0.2469281244746991,0.24687303134209312,0.24692949230687364,0.2469199469124307,0.24691838755958498,0.24694828429855517,0.2468751013105027,0.24692943486748137,0.24654815121401297,0.2469158190452322,0.24691201268923413,0.23781224078121738,0.24219732342503283,0.22799569668857558,0.23986162751842396,0.2222698879014056,0.23917550368726784,0.2309209053879669,0.24486436945199144,0.2469480943074621,0.24691843651321554,0.24464513526423404,0.2424509290532674,0.2442427062116287,0.24999999999999992,0.24431869620739527,0.24565060839636035,0.24589094362611175,0.24649816655572968,0.24681470048267953,0.24692241559636594,0.24426090529834635,0.24169174722348546,0.24397028267583998,0.24362282024412651,0.24442644153149756,0.24542078372936543,0.2457323409521306,0.2464277514593954,0.2467766447809434,0.24689792169455693,0.23688244418878648,0.2418357618297625,0.22666020405582948,0.24011399164413857,0.22329109440543435,0.23944183948149833,0.2314359504660002,0.24473172064202042,0.24695289715970783,0.2469147037419235,0.24688388322171384,0.2469460561395276,0.24693039814208215,0.24688961928455294,0.24695204326532394,0.24680466819896943,0.2469474205705394,0.24648350224772778,0.24692293283334604
0.24733069758039364,0.2472755146280735,0.24733205553646098,0.24732252223658993,0.24732089169171972,0.24735089029076843,0.24727798483040553,0.24733201063606197,0.24694985496157745,0.24731837310501475,0.24731459018911942,0.23820375383446757,0.24259110899576686,0.22834523927746547,0.24018271060594357,0.22250882631796245,0.23944770241894225,0.23115359577913125,0.2452699262057374,0.2473507007504629,0.2473210093224465,0.24503950019158927,0.2428342301049649,0.24466687330083223,0.24431869620739527,0.2499999999999998,0.2460481099791678,0.24628573478532756,0.24689935686371314,0.24721716886990233,0.2473250132556347,0.2446368712568167,0.2419638086392161,0.24434844557521085,0.24405552722420534,0.2448244187025891,0.2458161722813231,0.24613279362659743,0.2468295120746605,0.24717897598630523,0.2473004676115669,0.23727168688173358,0.2422299792908275,0.22701396511613461,0.24050416336785513,0.22365602237257035,0.23983354956086367,0.23181092082705704,0.24513042329453116,0.24735551065441533,0.2473172549679091,0.2472863842009385,0.24734865133325493,0.24733297495681675,0.24729215518871384,0.2473546553667333,0.24720704949796127,0.24735002513511442,0.2468853522425246,0.24732549747497778
0.2486566072039042,0.24860112842252485,0.24865797967608208,0.24864836382578373,0.24864672885384245,0.24867690813848697,0.24860326072443076,0.24865792399491873,0.2482741396663874,0.2486442159397456,0.2486403873612494,0.2394757401964545,0.24389679211953852,0.2296731105592941,0.2415209951482491,0.22392101421272204,0.24079882552135398,0.23250891484534456,0.24656895013784408,0.24867671697607097,0.24864688703876656,0.24635990767059057,0.24417736123013772,0.24598938581528215,0.24565060839636035,0.2460481099791678,0.2499999999999999,0.24760921133330765,0.24822425745557394,0.24854393877703287,0.24865071167030298,0.24595042279572515,0.24323634538065178,0.24566147787935513,0.24539495966725727,0.24614146926054534,0.2471301780328964,0.24745374046231214,0.24815339513855122,0.2485040731149972,0.24862622469784507,0.2385410252338563,0.24352734505232335,0.22821008173458743,0.24179199497772197,0.22484703347332766,0.24111676672856,0.23305704087817009,0.24644477236479004,0.24868155331230254,0.24864309253161462,0.24861205626593225,0.24867466330751428,0.2486588967973576,0.2486178488235223,0.2486806934268869,0.24853236169552378,0.24867603837134167,0.2482088679779371,0.248651379221359
0.24889175950812054,0.24883622826095955,0.24889313199744326,0.24888350286162653,0.24888184075456346,0.2489120796444608,0.2488385484990485,0.24889307610451408,0.24850890496111702,0.24887935616506607,0.24887552274017022,0.2396995741545892,0.2441237338058787,0.22988390107308015,0.24175320955179386,0.224117737246603,0.2409998039098026,0.2326648472568669,0.24679768382195666,0.24891188840893158,0.2488820317127345,0.24659424869358146,0.24439269588486429,0.2462185820109774,0.24589094362611175,0.24628573478532756,0.24760921133330765,0.25000000000000006,0.24845958987180758,0.24877729213720837,0.24888595015355516,0.24618398450439594,0.24343946858790222,0.24589238774298736,0.24560525982148657,0.24637396851076854,0.24736867819576297,0.2476878469833074,0.24838745024233697,0.24873908253989058,0.2488613429139853,0.23877637511375865,0.24376278260931997,0.22845065914873014,0.24202718418565347,0.225071765976239,0.24134632437777612,0.23327618410992965,0.24667770237773298,0.2489167292082815,0.24887823205986068,0.24884716643933738,0.24890983873076303,0.2488940512642697,0.24885296732189222,0.24891586850848726,0.24876736569628893,0.24891120905142253,0.24844359835734783,0.24888652658151972
0.24950604975790366,0.2494503814539603,0.2495074239556724,0.24949776956863812,0.24949607840528668,0.2495264200476129,0.24945252655800776,0.24950736852292058,0.2491223588773048,0.2494936162838428,0.24948977122809735,0.24029106408251538,0.24472587523285963,0.2304541365643925,0.24234456298690543,0.2247243189877477,0.24161310323330162,0.23330042564594874,0.2474037349863308,0.24952622876037373,0.24949630680437318,0.2471958454449994,0.2449819090379542,0.24682387049581198,0.24649816655572968,0.24689935686371314,0.24822425745557394,0.24845958987180758,0.2499999999999999,0.24939116526862076,0.24950020592946753,0.24680055209857546,0.24405227189568793,0.2465075514320803,0.24620775944050405,0.2469858735395653,0.24798735341899877,0.24830041065295055,0.2490000036776732,0.2493529905056953,0.2494755612836201,0.23937873839653268,0.24436869266484712,0.22903180992964933,0.242630690118076,0.2256350669603673,0.24194316967491028,0.2338578007666244,0.2472876627335825,0.24953108109265182,0.24949248892709563,0.249461346630077,0.24952418413408095,0.24950834717573367,0.24946717610130786,0.24953021826308666,0.24938136321370297,0.2495255473047922,0.2490567718995122,0.2495008039159061
0.2498253054446787,0.24976956591030805,0.249826681357273,0.24981701467269576,0.24981532072008664,0.24984570179907326,0.2497717079700871,0.24982662588517635,0.24944112809444635,0.2498128560885434,0.24980900610928017,0.24059860537029407,0.24503927679787132,0.23075117537297662,0.2426540483227654,0.22501566808196072,0.24192418343364955,0.23360432177230797,0.24772040460877282,0.24984551028209667,0.2498155502668065,0.24751201387583543,0.2452924870665754,0.2471401756650117,0.24681470048267953,0.24721716886990233,0.24854393877703287,0.24877729213720837,0.24939116526862076,0.24999999999999994,0.24981946221633983,0.24711528784911319,0.24436360090799839,0.24681922379792018,0.2465174924977052,0.24730392873966844,0.24829880673708546,0.24861815656439948,0.24931859569940398,0.2496720516831765,0.24979477992452231,0.23968280159954428,0.24468343813511617,0.22932177977023105,0.242941624715268,0.22592170187122937,0.24225095924339948,0.23415505729484934,0.24760366996721914,0.2498503688124544,0.24981172726278908,0.24978054511677844,0.2498434647275364,0.24982760580195357,0.2497863659712937,0.24984950487450822,0.24970046852205108,0.24984482793964122,0.24937545449276596,0.24982005289035938
0.2499348353341748,0.24987907136214732,0.24993621184068546,0.24992654094717545,0.24992484627832826,0.2499552406308657,0.2498812144517922,0.2499361563591146,0.24955048876983535,0.24992238051904794,0.24991852884283955,0.2407040882388976,0.24514668308566762,0.23085207372111724,0.2427602596546325,0.22511300107838833,0.24202973880451017,0.2337059014696084,0.24782891186834138,0.24995504903063892,0.24992507606475542,0.24762044462028798,0.245400239182232,0.2472483735586461,0.24692241559636594,0.2473250132556347,0.24865071167030298,0.24888595015355516,0.24950020592946753,0.24981946221633983,0.24999999999999975,0.2472233697370259,0.24446953257667622,0.24692727106930962,0.2466253565773686,0.24741220554702026,0.2484075175244751,0.24872716960079017,0.24942787088166662,0.2497815155841464,0.24990429742474687,0.2397876314676894,0.2447901969505898,0.2294210556429436,0.24304776418109722,0.2260200769596356,0.24235694132723717,0.2342573024779622,0.24771210601987106,0.24995990969081036,0.24992125119943578,0.24989005538208847,0.2499530022326922,0.24993713670006276,0.24989587588503892,0.24995904537365535,0.24980994711071886,0.24995436638829505,0.24948478785315023,0.24992958047699979
0.24722930084418418,0.2471741405148999,0.2472306621529646,0.2472210962587585,0.24721942093840932,0.24724948525501658,0.2471762668274942,0.24723060761975843,0.24684909366967867,0.2472169807894686,0.24721317006435772,0.2380985270065722,0.24249109210380643,0.2283392758311129,0.24013171963851584,0.22264858583781816,0.23940720612125774,0.23116465074486484,0.24514583383177344,0.2472492957509459,0.24721965263401655,0.2449375898183978,0.24273798779955447,0.2445690899497382,0.24426090529834635,0.2446368712568167,0.24595042279572515,0.24618398450439594,0.24680055209857546,0.24711528784911319,0.2472233697370259,0.24999999999999958,0.24177000390624506,0.24424448131727564,0.24397910923831415,0.2447356630852162,0.24573434792680954,0.2460380812668843,0.24673177455284745,0.24707765539488732,0.24719904042118823,0.23708410211567285,0.242104236359562,0.22693124612043802,0.240414107663824,0.2236097283188424,0.23974711462250223,0.2317233724164668,0.24502829297614637,0.24725410373400647,0.24721586377384086,0.24718500563187298,0.247247250682939,0.24723157731068762,0.24719088151424662,0.2472532488148168,0.24710576475609247,0.24724862047526242,0.24678413597458948,0.2472241028706253
0.24447558790408602,0.2444210419668337,0.2444769331094671,0.24446747632724822,0.24446581584053734,0.2444955474944338,0.2444231102339504,0.2444768803952274,0.24409963828336703,0.24446340532133717,0.24445963822009767,0.23544635965705074,0.2397910931199799,0.22580421545711926,0.23744081055751215,0.22014802465833364,0.23672290409560376,0.2285813111203236,0.2424162349418928,0.24449536016868467,0.24446605570245938,0.24220404922720745,0.2399470685121606,0.2418520907254495,0.24169174722348546,0.2419638086392161,0.24323634538065178,0.24343946858790222,0.24405227189568793,0.24436360090799839,0.24446953257667622,0.24177000390624506,0.2499999999999997,0.24147074202905022,0.24118488065803745,0.24200539770826138,0.24302685408781646,0.24329677382305392,0.24398547705995766,0.2443256212926479,0.24444565433527035,0.2344066638237374,0.23943173143876062,0.22420084767569431,0.23772873287983812,0.22109399506440405,0.23707096343474807,0.22912848628046947,0.24229593686919854,0.24450011457357373,0.24446230050758236,0.24443178606659316,0.24449333947554988,0.24447783901139736,0.24443764295384568,0.2444992691336011,0.2443534221596554,0.24449469234705576,0.24403540888300854,0.24447044782709118
