x1,x2,x3,x4,x5,x6,x7,x8,x9,x10,x11,x12,x13,x14,x15,x16,x17,x18,x19,x20,x21,x22,x23,x24,x25,x26,x27,x28,x29,x30,x31,x32,x33,x34,x35,x36,x37,x38,x39,x40,x41,x42,x43,x44,x45,x46,x47,x48,x49,x50,x51,x52,x53,x54,x55,x56,x57,x58,x59,x60
0.2500000000000001,0.24839935469863117,-0.09060198635800161,0.24857746259249858,-0.10141799868067088,0.24854591916534868,-0.12764633675599457,0.24843117106062104,-0.09839159221935248,0.24878475815614312,0.07387170709745253,-0.08402395650275804,0.0850282828848151,-0.0866493025897513,0.0998201089099341,-0.10440836612681625,0.12640460662392944,-0.151321974111918,0.08782114826862028,-0.07121535449497736,-0.060456628210700275,0.07981471449406845,-0.0817694856792694,0.08148585798503855,-0.07773356046469317,0.08372185813294918,-0.0836807215064034,0.13956522739963176,-0.1356036643337722,0.16935756615897077,0.08942049182561056,-0.08203910555780097,0.08129011430679714,-0.07921784003669023,0.07735100050464637,-0.06769350611336508,0.06997792596979537,0.020230823950192336,-0.015151970093175482,0.08743201778245717,-0.0794380822472017,0.07811311166114678,-0.07572829313037949,0.073056130552279,-0.046318803286613676,0.04399213845891205,0.0029792656185736004,-0.03795372281114849,0.04193746045984928,-0.029230419272134687,0.24835750711793608,0.2487635796931318,0.06631658609258183,0.2480421244868022,0.03936379830008653,0.24858226911490955,-0.016174411111023006,0.2486901730945522,-0.057397374295988415,0.248785346844413
0.24839935469863117,0.25000000000000006,-0.09213665477071831,0.24941327963802162,-0.10286300213875278,0.2493740810343449,-0.12896793712113008,0.2492595235164977,-0.09903421285655557,0.2496114834982752,0.07537416766430709,-0.08552570144938491,0.08653014534291356,-0.08814750591854391,0.10128672887676428,-0.10581955652004675,0.1277300139983772,-0.15249078309731554,0.08853100121234132,-0.07187628845494186,-0.06178455821165082,0.08127810324464031,-0.0832372959557531,0.08295330348616715,-0.07918545898458128,0.08512279341741406,-0.08506945701409166,0.14076475313045966,-0.1367540217816463,0.17039380730747644,0.09086213301189097,-0.08350559406700633,0.08275642223743515,-0.08067110637780331,0.07880087243740203,-0.06904083485160462,0.07132748197516955,0.01950848870578329,-0.0144392608049978,0.08721904893910727,-0.08085840672892133,0.07954691883064947,-0.07715216276187131,0.07447077075665257,-0.047560604182624984,0.045167679253612036,0.0021416578800083474,-0.03737023043959149,0.04172894987376063,-0.028997197543731874,0.24918522945858734,0.24959017627375607,0.06767328979277779,0.24886363963863106,0.04055028252848766,0.24940756564072833,-0.015441760391469857,0.24951623152953073,-0.057315641090898706,0.24961207772578511
-0.09060198635800161,-0.09213665477071831,0.25000000000000017,-0.09200314466686331,0.22702463457922126,-0.09193536727728759,0.1840570307047189,-0.09201431219879068,0.05072653755424831,-0.0917947684742307,-0.2326909125486462,0.24261172061901667,-0.24343536857742676,0.2418158410291929,-0.22879426368084138,0.21212501960873803,-0.1869553797925737,0.15675107608499894,-0.06343417371766168,0.060041585108685375,0.21718581771795356,-0.23647815665583108,0.23707860322730198,-0.23707118583844675,0.23328166714297333,-0.2174247620295347,0.2141492401234867,-0.16743682994183445,0.1584434372300284,-0.1325299697255129,-0.23139325559467105,0.23694155958033739,-0.23692309164849307,0.2339132829564484,-0.23292481805265358,0.21260916010812295,-0.21205572293084457,0.12234261942969078,-0.11930564852703335,0.04943064783615187,0.2293031743895997,-0.23193274068466005,0.23020603595411016,-0.22864097212436435,0.2020334384461494,-0.18811039243212876,0.139294299397498,-0.10252309181869444,0.03964520095827554,-0.041196169091710096,-0.09205159037789468,-0.09177730609140017,-0.22065527255747602,-0.09105702337534131,-0.19410972672664598,-0.09159317786386822,-0.12423075624159012,-0.09170100904053159,-0.02133492916233686,-0.09179567773221455
0.24857746259249858,0.24941327963802162,-0.09200314466686331,0.2500000000000001,-0.10282539005483904,0.2495522435234273,-0.12882239943242632,0.24944134522992592,-0.09900415772748175,0.24978950938889702,0.07528094769867584,-0.0854368850994016,0.08644167372734339,-0.0880625807787986,0.10123189246031278,-0.10574927869728853,0.12761786599255523,-0.15246188843070158,0.08851179221449365,-0.07184572740690243,-0.06169100711661898,0.08118986267027932,-0.08315079215132787,0.08286652259450039,-0.07909757661327789,0.08503678634115784,-0.08498330911902013,0.1407318781254764,-0.1367179221202653,0.17037835694982043,0.09078833783193634,-0.0834196649439707,0.08266955068117547,-0.08058425862900771,0.07871286427676016,-0.06895025937562144,0.07123731195857051,0.019623445725065428,-0.014550083046639142,0.0873504457355619,-0.08077539003172149,0.07946071592240883,-0.07706470260177219,0.07438163699583486,-0.047463936788253364,0.045070355580504734,0.002251614170736255,-0.03748845742283024,0.04180661387944202,-0.029063758734595622,0.249362645721736,0.24976819353913432,0.06758335575856442,0.24904145948422687,0.04045240810160064,0.24958553554299662,-0.015553943471932554,0.24969423086678647,-0.05739539565762182,0.2497901033146372
-0.10141799868067088,-0.10286300213875278,0.22702463457922126,-0.10282539005483904,0.25000000000000006,-0.10286296488229184,0.19940424082816308,-0.102921525104508,0.06180064385881585,-0.10262338342446689,-0.2218955609095834,0.23211861292981517,-0.23306922783136647,0.23471913835675112,-0.24625621548156598,0.22886420521115425,-0.20268787763156068,0.16895841723978117,-0.0745557814409483,0.06956881937731031,0.20842031729455937,-0.22787630454334623,0.22953947434510963,-0.22951910878241932,0.2257361933219013,-0.21849357780146378,0.21536349087885395,-0.174038597675776,0.16466953207653237,-0.141996218977967,-0.22451108327220368,0.2293954379265521,-0.22933150699962562,0.22637735279468285,-0.22537232645950778,0.20823518662721355,-0.2086606010016523,0.11800304595454725,-0.11563418517902048,0.04482790157895492,0.22196829526061934,-0.22439326640388307,0.22262355131118722,-0.22099441069876866,0.19417106711988485,-0.18385334937704922,0.13509504491177388,-0.09807202525376142,0.03776213513967553,-0.03995920962280513,-0.10284430954803063,-0.10260549840691788,-0.21299062265369512,-0.1018780277738463,-0.18622746707610788,-0.1024197041445205,-0.11997673589782992,-0.10252861185922625,-0.019407509412229844,-0.10262426962564566
0.24854591916534868,0.2493740810343449,-0.09193536727728759,0.2495522435234273,-0.10286296488229184,0.24999999999999997,-0.12904616884302073,0.24946132223164733,-0.09907235679010554,0.24975805184874086,0.0753157400504587,-0.08547192458237776,0.08647668674344833,-0.08809787573832648,0.10126926086923208,-0.10582357535999971,0.12777648315444942,-0.15262172100037363,0.08867696660441736,-0.07200339028997445,-0.06172592694429855,0.08122499905829983,-0.08318594822857463,0.0829017470319949,-0.07913275160723865,0.08509400323481282,-0.08504402635576541,0.14086950328171882,-0.13684554813778463,0.1704933513411918,0.09081861861952525,-0.08345431079890178,0.08270476607318805,-0.08061924840545152,0.07874803475751664,-0.06899591498554848,0.07128632731776026,0.019575699543292358,-0.014495953061603825,0.08729877843645246,-0.08080870002642655,0.07949498091890335,-0.07709930720792503,0.074416719984031,-0.047498743410601334,0.04511707951790698,0.0022038631939629233,-0.03744150113558375,0.04177198346002167,-0.029030643201926352,0.2493313566706984,0.24973673667437032,0.06761782444953778,0.24900999399339993,0.04048690987089036,0.24955407574130337,-0.015506856376553555,0.2496627723891069,-0.05736180306044594,0.24975864592859368
-0.12764633675599457,-0.12896793712113008,0.1840570307047189,-0.12882239943242632,0.19940424082816308,-0.12904616884302073,0.24999999999999992,-0.12916292370684387,0.10336662230327377,-0.12881004277182284,-0.1761777559316916,0.18615754171707813,-0.18711524190993523,0.1887622775617715,-0.20170089656965684,0.21836908133045446,-0.24064997218016906,0.2045773228581096,-0.11296851677190549,0.10451011554068633,0.1644784116735025,-0.18373265676432846,0.18546392489476873,-0.18538906940991054,0.1869305156889112,-0.20021043158075688,0.20176472772110374,-0.19735029363596807,0.18806013031738616,-0.1784117534303285,-0.18223731279103264,0.1850003984865036,-0.18518959765796073,0.185816126017545,-0.18683795463833308,0.186096446358951,-0.18832222425528825,0.09822911617557935,-0.09894532100900019,0.02779678013114171,0.1795198537753434,-0.18094493808953213,0.18051075299915956,-0.18017646424439618,0.16126835884881785,-0.16233218552285814,0.11503486110171594,-0.07884409106271877,0.031653965761942696,-0.03628496249022139,-0.12889047782194776,-0.1287915138751325,-0.1710815512172179,-0.12807480314716047,-0.15339914895514808,-0.1286078676255793,-0.10031143624175891,-0.12871582540786283,-0.013934809670189759,-0.12881085930798358
0.24843117106062104,0.2492595235164977,-0.09201431219879068,0.24944134522992592,-0.102921525104508,0.24946132223164733,-0.12916292370684387,0.24999999999999992,-0.09944930254174443,0.24964319306134938,0.07539166863716189,-0.08554738233983611,0.08655204579186902,-0.08817332891639675,0.10134504352305862,-0.10593032339311603,0.12780602190335494,-0.15279830995586138,0.08890371985639023,-0.07222092588261997,-0.0618054489960309,0.08130411051598768,-0.08326485416408082,0.08298085239922058,-0.07922249719470971,0.08520343417057985,-0.08516065878413101,0.14104863210596819,-0.137021259083018,0.17065086832619672,0.09088398923962877,-0.08353175354342121,0.08278385357218755,-0.08070451859939473,0.07883835324944195,-0.06910929642521704,0.07140080288244059,0.019460068474689333,-0.014375405413374454,0.08717851142604535,-0.08088458127981255,0.07957311251686307,-0.07718099281691322,0.07450237889466074,-0.04760028176612145,0.045230922101473954,0.0020890610715847665,-0.037327046205932066,0.04169152808029274,-0.02895610267557851,0.24921695057467422,0.2496218799412845,0.06769971743590011,0.2488951563585774,0.040587518847319204,0.2494392193005011,-0.015393339349660284,0.24954791452434785,-0.057283264943615395,0.2496437867665164
-0.09839159221935248,-0.09903421285655557,0.05072653755424831,-0.09900415772748175,0.06180064385881585,-0.09907235679010554,0.10336662230327377,-0.09944930254174443,0.24999999999999992,-0.09911465560722732,-0.03870064799132977,0.046181360702433116,-0.04713467377667592,0.048768216275721074,-0.06185228803704432,0.07886855398373747,-0.10133905271315764,0.13643127182896675,-0.23319263051831576,0.21733507429885957,0.03694085005943888,-0.046431595481686364,0.048027889939276265,-0.04793441382572764,0.05183475967078751,-0.06789446106531377,0.07168023715935828,-0.12416413651487963,0.1303010244894503,-0.1567368973064246,-0.048330462027119034,0.04744176058186678,-0.04776873480989269,0.05028911914301756,-0.05191023107597432,0.059881425500275476,-0.0620034412858886,0.022560523392645592,-0.027216192095328974,-0.01069695308220215,0.046470939034998486,-0.04609632821302841,0.04665124080413213,-0.047175839510510235,0.04175589620101522,-0.04819911051914402,0.027774258787392838,-0.012712024736578382,0.003745180824782617,-0.0092592691293695,-0.09898470116933082,-0.0991037230828428,-0.0420556687245717,-0.09875234453003123,-0.0379377781331966,-0.09901219419721521,-0.020562417788783306,-0.09906541380780454,0.004752636214599407,-0.09911432935860233
0.24878475815614312,0.2496114834982752,-0.0917947684742307,0.24978950938889702,-0.10262338342446689,0.24975805184874086,-0.12881004277182284,0.24964319306134938,-0.09911465560722732,0.24999999999999967,0.0750757932602487,-0.08523183929752455,0.08623671023933001,-0.08785781987205904,0.10102969487408604,-0.10559117689356633,0.1275769413351277,-0.15247289486889348,0.08856250281727462,-0.07187857491910347,-0.06148590819131355,0.08098493584045056,-0.0829463634061945,0.08266172774729379,-0.07889280605611226,0.08485835745011014,-0.0848102831829025,0.14071202483752737,-0.13671180412201794,0.17048236613353526,0.09060079323348535,-0.0832156329707341,0.08246473600166906,-0.08038066663921291,0.07850806285444217,-0.06875944270663184,0.07105023605757192,0.01981139851570662,-0.014726109877004984,0.08753009144576698,-0.08057799290088398,0.07925810147985564,-0.07686129586913644,0.07417685063569775,-0.04725890743921933,0.0448805361071741,0.0024391218267343345,-0.037673667016977545,0.04191365474325795,-0.029155873344566634,0.24956912282167376,0.249975568188072,0.06738010896364148,0.24924883095831346,0.04024863887123813,0.24979291349390692,-0.015739015678785127,0.24990160915702567,-0.05749871762529059,0.24999748247773723
0.07387170709745253,0.07537416766430709,-0.2326909125486462,0.07528094769867584,-0.2218955609095834,0.0753157400504587,-0.1761777559316916,0.07539166863716189,-0.03870064799132977,0.0750757932602487,0.24999999999999983,-0.2394077365950038,0.23854668604010404,-0.23693796701998443,0.22391156617896515,-0.20666129451607207,0.17959875685274637,-0.14630803655898872,0.05333122278333978,-0.05125455385584351,-0.2151921711659827,0.2331441320361057,-0.23266307076782336,0.23267324967474953,-0.22895503600962402,0.2127285906832646,-0.2093422251927908,0.15771591975194194,-0.14856307154084572,0.11941071726876473,0.22650661552515197,-0.23255443542856544,0.23256974766090877,-0.22958133104931505,0.2286166081965027,-0.20869337612021238,0.2080110778136759,-0.12405404316332251,0.12059690591522604,-0.0555086017608863,-0.2250348226133763,0.2277742523397004,-0.2261566380734956,0.22471992965624182,-0.199621199686593,0.18576311041713897,-0.13996204883497335,0.10540234662296107,-0.04251044198959645,0.04316791033101944,0.07536367931830709,0.07505977712600098,0.21721791388875236,0.07438646187149438,0.19215555021072772,0.07488751926069201,0.12576387159473137,0.07498830622049563,0.025209100407016936,0.07507670674277345
-0.08402395650275804,-0.08552570144938491,0.24261172061901667,-0.0854368850994016,0.23211861292981517,-0.08547192458237776,0.18615754171707813,-0.08554738233983611,0.046181360702433116,-0.08523183929752455,-0.2394077365950038,0.25,-0.2489322036746977,0.2473068447870803,-0.234151317237268,0.2167583220151319,-0.18962858836781793,0.15620554081544025,-0.060908372765461426,0.05813446293517098,0.22409189908281715,-0.24338687851855897,0.24297359110530173,-0.24297366678352106,0.23917116200302094,-0.2227158619384811,0.21929692881234064,-0.1676445069978782,0.1582332030026376,-0.12912289945892882,-0.23681761784985356,0.2428571767989444,-0.24286121715913817,0.23980704163084404,-0.2388167789397619,0.21816810683651397,-0.21752974845808665,0.12798837503243043,-0.12457188814447676,0.05494498766489522,0.23502330038062902,-0.2378106890498039,0.23610647724973868,-0.2345817458208375,0.20800377927868746,-0.19369642752308294,0.14490516772650652,-0.1081212507138763,0.042918500815485476,-0.04399886884534448,-0.08551626008651086,-0.08521456353167083,-0.22656805782078587,-0.08449567685994515,-0.20005643289098196,-0.08503067445451833,-0.12979469029236704,-0.08513829868746092,-0.02452712791659806,-0.08523276128003955
0.0850282828848151,0.08653014534291356,-0.24343536857742676,0.08644167372734339,-0.23306922783136647,0.08647668674344833,-0.18711524190993523,0.08655204579186902,-0.04713467377667592,0.08623671023933001,0.23854668604010404,-0.2489322036746977,0.24999999999999972,-0.248255005674417,0.2350962717219195,-0.21770693927077817,0.1905859007204296,-0.1571738906800545,0.0618715362593059,-0.05904738955477202,-0.22351064138896237,0.2428561549947887,-0.24348732593816677,0.24349025677108738,-0.23968834256374266,0.22335500910410047,-0.21994193422712235,0.16851255467751206,-0.1590924702290631,0.13009819821227062,0.23731840126572334,-0.2433372715859679,0.2433409031775729,-0.2402876009402865,0.23933109739124656,-0.21869399562629954,0.21807411638340177,-0.12813176970376458,0.12473890089299211,-0.05476911932571419,-0.2354892344696353,0.2382736616265576,-0.2365643645616285,0.2350338793875397,-0.20835609287020476,0.19411364900632108,-0.14511630441354584,0.10817659635580512,-0.042890741312583046,0.044019962683652554,0.08651982683384217,0.08621933511835153,0.22698229188334018,0.08549710735986049,0.2003746346067369,0.08603459368169328,0.12994071848106736,0.08614271979827474,0.024422354275316287,0.08623763219031748
-0.0866493025897513,-0.08814750591854391,0.2418158410291929,-0.0880625807787986,0.23471913835675112,-0.08809787573832648,0.1887622775617715,-0.08817332891639675,0.048768216275721074,-0.08785781987205904,-0.23693796701998443,0.2473068447870803,-0.248255005674417,0.24999999999999983,-0.23676725921345457,0.21937332022948505,-0.19224444728725484,0.15881672574782327,-0.06350505878193252,0.06057693702225488,0.22354729423799888,-0.2430214870771585,0.24466027994782774,-0.24466572219938743,0.2408644866219569,-0.22464610165204202,0.22123696578636676,-0.1700308480789194,0.16059208042125375,-0.13171645403740603,-0.23847623478034208,0.24447649159129836,-0.24447939125502,0.24142613011876762,-0.2405036449197089,0.21983975200278413,-0.21924080212526575,0.12855169434487404,-0.12518542956696369,0.0545842920371819,0.23659471219471834,-0.23937949625206364,0.2376611611954907,-0.23612097476167979,0.2092571545619808,-0.1950529929810193,0.14566358888697153,-0.10843053144736059,0.04290826129577945,-0.04411211152365545,-0.08813948711653555,-0.08784026094172227,-0.22799763743101933,-0.08711182165421102,-0.2012108063034952,-0.08765393097790679,-0.13036458401615825,-0.08776299023853111,-0.024293185350279196,-0.08785873723103166
0.0998201089099341,0.10128672887676428,-0.22879426368084138,0.10123189246031278,-0.24625621548156598,0.10126926086923208,-0.20170089656965684,0.10134504352305862,-0.06185228803704432,0.10102969487408604,0.22391156617896515,-0.234151317237268,0.2350962717219195,-0.23676725921345457,0.24999999999999983,-0.2321222649751008,0.2051960743655203,-0.17050802245016877,0.07545026421223526,-0.07052888289610766,-0.21042967485672237,0.22990944582987785,-0.23157445718048986,0.23155724082217546,-0.22775883924717388,0.22100678389618827,-0.21785077637267397,0.17541909651972412,-0.16580744865555466,0.14207313717930653,0.22638813153050807,-0.23142631746958342,0.23136936658065063,-0.22839448320698685,0.2273939969866099,-0.21038712820502992,0.2108702475172694,-0.12009541421596269,0.11766354829846626,-0.04678187020312868,-0.22392779854966388,0.22640241395565028,-0.2246353642208316,0.2230145604775575,-0.19614315522249007,0.18599978418166796,-0.13720332195181628,0.10011084725300734,-0.03901533470095758,0.041084701258482785,0.10125901694344948,0.10101181756264667,0.21498863438642313,0.10028341039563421,0.18817884977283442,0.10082575102334519,0.1220426891182974,0.10093479900462671,0.02060105547348908,0.1010305753759925
-0.10440836612681625,-0.10581955652004675,0.21212501960873803,-0.10574927869728853,0.22886420521115425,-0.10582357535999971,0.21836908133045446,-0.10593032339311603,0.07886855398373747,-0.10559117689356633,-0.20666129451607207,0.2167583220151319,-0.21770693927077817,0.21937332022948505,-0.2321222649751008,0.2499999999999999,-0.22248508619826773,0.18726795024104217,-0.09243775802818756,0.08609568269302972,0.19468771698461385,-0.2141141709472414,0.21580081823024888,-0.21577106485195158,0.21683269870230934,-0.22776022621321593,0.2260213488848539,-0.18640296503669765,0.17676999369946264,-0.15775026327781055,-0.21056635095297713,0.2153421525047181,-0.2155746392153877,0.21572940155400866,-0.216690329560574,0.21070679849562884,-0.21268182480566433,0.1218264741163588,-0.11998924120762011,0.04892518910098559,0.20886278259563285,-0.21100152945646908,0.21051715720980618,-0.210198696031044,0.18842784614287805,-0.1867575121461491,0.13880497876037282,-0.10190382634814389,0.04362476221600612,-0.04620130019156248,-0.10578889216511925,-0.1055730307833423,-0.2009438563668824,-0.10484846568012453,-0.18038933674456117,-0.10538729451445501,-0.12366448923566979,-0.10549621870440942,-0.025285950233668315,-0.10559197703514578
0.12640460662392944,0.1277300139983772,-0.1869553797925737,0.12761786599255523,-0.20268787763156068,0.12777648315444942,-0.24064997218016906,0.12780602190335494,-0.10133905271315764,0.1275769413351277,0.17959875685274637,-0.18962858836781793,0.1905859007204296,-0.19224444728725484,0.2051960743655203,-0.22248508619826773,0.24999999999999978,-0.20931945246223657,0.11421984767268724,-0.1059285791458085,-0.1678141117240895,0.1872212286478136,-0.18895645248437554,0.18888485412036446,-0.19055833143401313,0.20410807563328412,-0.2056689216881743,0.20172942590909046,-0.19150962774553038,0.17830292083977814,0.18551072909138944,-0.1884801259973159,0.18868431048111756,-0.18938000885385672,0.1904727224776124,-0.18986438703251254,0.19211491593574048,-0.10123908786876086,0.10199980030317707,-0.03028963369818885,-0.18290192864592222,0.18439156650151392,-0.183994200576584,0.18370506736130204,-0.16476164231343024,0.16591366291629647,-0.11820707741487438,0.0816769785792293,-0.033345196475556005,0.037876271032099916,0.12766767773165372,0.1275582181830726,0.17448846386639452,0.12683581042575587,0.1568131640809646,0.1273730671584779,0.10334041385468343,0.1274818953316083,0.015444418181588445,0.12757766955659583
-0.151321974111918,-0.15249078309731554,0.15675107608499894,-0.15246188843070158,0.16895841723978117,-0.15262172100037363,0.2045773228581096,-0.15279830995586138,0.13643127182896675,-0.15247289486889348,-0.14630803655898872,0.15620554081544025,-0.1571738906800545,0.15881672574782327,-0.17050802245016877,0.18726795024104217,-0.20931945246223657,0.25000000000000006,-0.15237314380964523,0.1404399863513432,0.13543409478536136,-0.1546670649561933,0.15645560988654472,-0.1563370448616631,0.16024923459031512,-0.17595019981630636,0.1796605246446194,-0.2323443600317133,0.2213592289492042,-0.21086942756329596,-0.15462952528874152,0.15581746883020436,-0.15613151681526197,0.1584000926571068,-0.16023537221410317,0.1635050326245733,-0.16598643205806293,0.07591041855354436,-0.08084183513917971,0.00865231423745676,0.15155089674956362,-0.1522506254830443,0.15238363733193055,-0.15256404931886733,0.13611792932181843,-0.13973963429955244,0.09269623473296719,-0.056932704986037454,0.02112000901712729,-0.028088220459347727,-0.15243852236068192,-0.1524536011825509,-0.1430080416739137,-0.15173889699202808,-0.1283493055001365,-0.15227056064952318,-0.07827002329570962,-0.1523784185787193,-0.0038663703484306507,-0.15247347674929065
0.08782114826862028,0.08853100121234132,-0.06343417371766168,0.08851179221449365,-0.0745557814409483,0.08867696660441736,-0.11296851677190549,0.08890371985639023,-0.23319263051831576,0.08856250281727462,0.05333122278333978,-0.060908372765461426,0.0618715362593059,-0.06350505878193252,0.07545026421223526,-0.09243775802818756,0.11421984767268724,-0.15237314380964523,0.24999999999999978,-0.23298223738083393,-0.05127734953341239,0.061022345571799905,-0.0626090236422515,0.06253661369507436,-0.06647406365650843,0.08269725346567994,-0.08652908417384264,0.13900997537512413,-0.14221887838181976,0.15707373261081434,0.061812693035763464,-0.06197665884602338,0.06236907185949956,-0.06483673516911008,0.06655031365131872,-0.07451926510962219,0.0766986419193941,-0.036093914418282254,0.04077398361934781,-0.001924479261512401,-0.060526977653610245,0.06048714013214235,-0.061097344719215296,0.06171626756063393,-0.056075467009327015,0.06255219200733637,-0.041486754523978445,0.025813686674434642,-0.011713114384037725,0.01648931801256504,0.08848868072846698,0.08855178615792052,0.05636572550476349,0.08819092345171395,0.052075362616669764,0.08845756764675548,0.033924844968467066,0.0885122261151161,0.002739399477708813,0.08856238340905924
-0.07121535449497736,-0.07187628845494186,0.060041585108685375,-0.07184572740690243,0.06956881937731031,-0.07200339028997445,0.10451011554068633,-0.07222092588261997,0.21733507429885957,-0.07187857491910347,-0.05125455385584351,0.05813446293517098,-0.05904738955477202,0.06057693702225488,-0.07052888289610766,0.08609568269302972,-0.1059285791458085,0.1404399863513432,-0.23298223738083393,0.2499999999999999,0.04956464021011894,-0.058193615964279105,0.05967130205210747,-0.05961951690883259,0.06355231050735936,-0.07967286232755998,0.0834629919002669,-0.13493233356000192,0.1399647790769591,-0.1513016955013452,-0.0584277348168899,0.05879083652755831,-0.05946038215103497,0.06189520980976316,-0.06363882173279571,0.07206551010245976,-0.07421650185464441,0.04048308371256454,-0.04507196003405175,0.010153667210082658,0.05743578778193657,-0.05752111350533252,0.05831738183619077,-0.05914682347265438,0.05483709502554095,-0.06155922160497785,0.044008563510746196,-0.03104695068438521,0.016236887324777377,-0.020181513906440386,-0.07183882438131475,-0.07186915487086344,-0.05414865699543861,-0.07155217451963129,-0.05123806569062429,-0.07178554562399825,-0.03713806736526288,-0.07183360782665432,-0.008062273491103772,-0.07187844400841206
-0.060456628210700275,-0.06178455821165082,0.21718581771795356,-0.06169100711661898,0.20842031729455937,-0.06172592694429855,0.1644784116735025,-0.0618054489960309,0.03694085005943888,-0.06148590819131355,-0.2151921711659827,0.22409189908281715,-0.22351064138896237,0.22354729423799888,-0.21042967485672237,0.19468771698461385,-0.1678141117240895,0.13543409478536136,-0.05127734953341239,0.04956464021011894,0.24999999999999975,-0.2304952426147385,0.2284247841254923,-0.22839397147129573,0.22461403434249058,-0.20693697566852104,0.20345385245038314,-0.14850937159972716,0.14005495968551296,-0.10935167689536637,-0.22087340622968976,0.22815186503097196,-0.22877251009819677,0.22572866268547662,-0.22430929242444303,0.2041807825811612,-0.20329626640200082,0.12439454545514442,-0.12062930281298617,0.05949020186163564,0.22084987525097538,-0.22365003720158455,0.22231670725536068,-0.2211860858516789,0.19721074938591554,-0.18253208009578134,0.13930684320394587,-0.10670739119063995,0.04412489488705628,-0.04410583545032225,-0.06179648776644431,-0.06147097818760269,-0.2138846951568849,-0.060837041534851095,-0.19012986886697242,-0.06130863283301844,-0.12583199910161066,-0.06140350236830014,-0.027672945012569984,-0.06148671477353109
0.07981471449406845,0.08127810324464031,-0.23647815665583108,0.08118986267027932,-0.22787630454334623,0.08122499905829983,-0.18373265676432846,0.08130411051598768,-0.046431595481686364,0.08098493584045056,0.2331441320361057,-0.24338687851855897,0.2428561549947887,-0.2430214870771585,0.22990944582987785,-0.2141141709472414,0.1872212286478136,-0.1546670649561933,0.061022345571799905,-0.058193615964279105,-0.2304952426147385,0.24999999999999983,-0.24789727860218086,0.247846419152896,-0.24404333882028081,0.22619175995288598,-0.22272075106956318,0.16784312694770612,-0.15863149030534524,0.1281153545871315,0.2399870095203395,-0.24724319176279044,0.24785596527985362,-0.24477442011428954,0.24369596175835812,-0.22246717294488516,0.22167402974729639,-0.13193237138763783,0.12825287806166064,-0.058529792643148094,-0.23937307453345866,0.24225490599756538,-0.24079507508098497,0.23953619467733792,-0.21292036523474853,0.19788387274195163,-0.1488833799162622,0.1119642112189195,-0.04508933558447839,0.04588021201091541,0.08128820602673621,0.08096767800179713,0.23122455773599018,0.08024708147134493,0.20492237918059394,0.08078325537312768,0.1336846343034281,0.08089114397953451,0.026578091449300595,0.08098582740971245
-0.0817694856792694,-0.0832372959557531,0.23707860322730198,-0.08315079215132787,0.22953947434510963,-0.08318594822857463,0.18546392489476873,-0.08326485416408082,0.048027889939276265,-0.0829463634061945,-0.23266307076782336,0.24297359110530173,-0.24348732593816677,0.24466027994782774,-0.23157445718048986,0.21580081823024888,-0.18895645248437554,0.15645560988654472,-0.0626090236422515,0.05967130205210747,0.2284247841254923,-0.24789727860218086,0.24999999999999978,-0.24947435928527573,0.2456734204541479,-0.22783412321981866,0.22436975241751955,-0.16960615716045668,0.1603967945174004,-0.1299529647448636,-0.24150861900238493,0.2487446153094165,-0.24935547338553254,0.24627405408819197,-0.245317257663827,0.22401376991534575,-0.22323281977170875,0.13256374238608737,-0.128901411779809,0.058386575471883466,0.2408295577025933,-0.24371382965462543,0.24224265323820163,-0.24097180821647823,0.2141241582977987,-0.19916481009841694,0.14966931829755922,-0.11238466850753823,0.04517206628439778,-0.04604870512994992,-0.0832481803605965,-0.0829288829676025,-0.23256981642537078,-0.08220048797840597,-0.2060440629125426,-0.0827424613905692,-0.13431386435515558,-0.08285152169754023,-0.02647425568144512,-0.0829472563489455
0.08148585798503855,0.08295330348616715,-0.23707118583844675,0.08286652259450039,-0.22951910878241932,0.0829017470319949,-0.18538906940991054,0.08298085239922058,-0.04793441382572764,0.08266172774729379,0.23267324967474953,-0.24297366678352106,0.24349025677108738,-0.24466572219938743,0.23155724082217546,-0.21577106485195158,0.18888485412036446,-0.1563370448616631,0.06253661369507436,-0.05961951690883259,-0.22839397147129573,0.247846419152896,-0.24947435928527573,0.24999999999999975,-0.24569086210222948,0.22783557224321857,-0.22436891009384635,0.169508369262732,-0.16030142886350232,0.12979964925535462,0.24144413154440325,-0.2486908030200486,0.24930308035278856,-0.24622285047109788,0.24533149796328185,-0.2240349602839456,0.2232506096579766,-0.13267478238515937,0.12900412759171,-0.05856416679192209,-0.2407767682130694,0.24366356612816692,-0.2421950031710706,0.24092724747763322,-0.21410535202440067,0.19920949108941094,-0.14976239831046187,0.11251310680478667,-0.0452807487311617,0.04613983283476479,0.08296420945845386,0.08264426998098706,0.23253188322063686,0.08191661810359194,0.2060322719538144,0.08245803471951844,0.1344198085058965,0.08256698378986263,0.026597598621653017,0.08266262031678442
-0.07773356046469317,-0.07918545898458128,0.23328166714297333,-0.07909757661327789,0.2257361933219013,-0.07913275160723865,0.1869305156889112,-0.07922249719470971,0.05183475967078751,-0.07889280605611226,-0.22895503600962402,0.23917116200302094,-0.23968834256374266,0.2408644866219569,-0.22775883924717388,0.21683269870230934,-0.19055833143401313,0.16024923459031512,-0.06647406365650843,0.06355231050735936,0.22461403434249058,-0.24404333882028081,0.2456734204541479,-0.24569086210222948,0.2499999999999997,-0.23179967432214427,0.22834931991913443,-0.173486703535325,0.16428258412810795,-0.13374134819064673,-0.23764323367758455,0.24488863564764726,-0.24550019439020954,0.24696220560072854,-0.2491036549153327,0.22799967799118004,-0.22722368905998502,0.13658788462826435,-0.1329192357240958,0.062434039122581254,0.23794865317195316,-0.2407190854722365,0.2410053316649574,-0.24152967115725496,0.21677568973346442,-0.2031083985295029,0.15364467007763274,-0.11640401593064043,0.04898739043875455,-0.04979500039049321,-0.07920168867099432,-0.07887533755539984,-0.2313328773676431,-0.07814877172311645,-0.20861365798679352,-0.07868898426629219,-0.13824151138365603,-0.07879797499469389,-0.030247843990217318,-0.07889366868678645
0.08372185813294918,0.08512279341741406,-0.2174247620295347,0.08503678634115784,-0.21849357780146378,0.08509400323481282,-0.20021043158075688,0.08520343417057985,-0.06789446106531377,0.08485835745011014,0.2127285906832646,-0.2227158619384811,0.22335500910410047,-0.22464610165204202,0.22100678389618827,-0.22776022621321593,0.20410807563328412,-0.17595019981630636,0.08269725346567994,-0.07967286232755998,-0.20693697566852104,0.22619175995288598,-0.22783412321981866,0.22783557224321857,-0.23179967432214427,0.24999999999999992,-0.24370763663731973,0.18916024385457297,-0.17992098890648228,0.14942202915894487,0.2206975656378195,-0.2270244528775501,0.22763905467848097,-0.22929091888358027,0.2314755455315211,-0.22852316598626568,0.23034702588500455,-0.14015409306023802,0.13727546138789365,-0.06699305899253385,-0.220463092382266,0.2229505567018955,-0.22327626178994556,0.22383957801974252,-0.20521035017444017,0.20463779699521903,-0.15692052244243154,0.12012380746780149,-0.05569510558699979,0.05697853182613773,0.08513166503367785,0.0848407065092499,0.21378655372198843,0.08412328617549913,0.19704189520062868,0.08465597329347897,0.14163540304078054,0.084764101559432,0.03713747379818265,0.08485914826882168
-0.0836807215064034,-0.08506945701409166,0.2141492401234867,-0.08498330911902013,0.21536349087885395,-0.08504402635576541,0.20176472772110374,-0.08516065878413101,0.07168023715935828,-0.0848102831829025,-0.2093422251927908,0.21929692881234064,-0.21994193422712235,0.22123696578636676,-0.21785077637267397,0.2260213488848539,-0.2056689216881743,0.1796605246446194,-0.08652908417384264,0.0834629919002669,0.20345385245038314,-0.22272075106956318,0.22436975241751955,-0.22436891009384635,0.22834931991913443,-0.24370763663731973,0.24999999999999983,-0.19316007800103932,0.18391346202051811,-0.1533691382812666,-0.21736094370010936,0.22355577537458293,-0.2241702749927602,0.22608597646567985,-0.22834935249415148,0.23173450531799844,-0.23436998426399513,0.14397253461207618,-0.14108887053982572,0.07066248906738798,0.21707753715927347,-0.21952324044379012,0.2199452971203275,-0.2206132758986975,0.20431496670050128,-0.20805897185848288,0.16069889558541825,-0.12388502803459576,0.059393767235392796,-0.060674744042940106,-0.08508167213632536,-0.08479254590654324,-0.2104810053431636,-0.08407557468277602,-0.1960898836501756,-0.0846075849596645,-0.1453636969120031,-0.08471585103193227,-0.040784637020413364,-0.08481105441189127
0.13956522739963176,0.14076475313045966,-0.16743682994183445,0.1407318781254764,-0.174038597675776,0.14086950328171882,-0.19735029363596807,0.14104863210596819,-0.12416413651487963,0.14071202483752737,0.15771591975194194,-0.1676445069978782,0.16851255467751206,-0.1700308480789194,0.17541909651972412,-0.18640296503669765,0.20172942590909046,-0.2323443600317133,0.13900997537512413,-0.13493233356000192,-0.14850937159972716,0.16784312694770612,-0.16960615716045668,0.169508369262732,-0.173486703535325,0.18916024385457297,-0.19316007800103932,0.24999999999999947,-0.23680311432706888,0.2085088622352683,0.1667738688367009,-0.16868088681604032,0.1693039252180984,-0.17154473197740233,0.17348091514713115,-0.17693011759056554,0.17944596610010272,-0.08878856390733446,0.0939006981701682,-0.021315462315609116,-0.1640282255442483,0.16504405534451838,-0.1653443761535024,0.16573496907822785,-0.14934641502307264,0.15305969832448527,-0.10568725110114476,0.06954704287535832,-0.029065177301702865,0.0352819003633497,0.14073327756151857,0.1406929324387293,0.15590524317073576,0.13997433367071824,0.14145253110096773,0.1405086427856574,0.09102874320506285,0.14061711149408096,0.01147737940472901,0.14071264342247242
-0.1356036643337722,-0.1367540217816463,0.1584434372300284,-0.1367179221202653,0.16466953207653237,-0.13684554813778463,0.18806013031738616,-0.137021259083018,0.1303010244894503,-0.13671180412201794,-0.14856307154084572,0.1582332030026376,-0.1590924702290631,0.16059208042125375,-0.16580744865555466,0.17676999369946264,-0.19150962774553038,0.2213592289492042,-0.14221887838181976,0.1399647790769591,0.14005495968551296,-0.15863149030534524,0.1603967945174004,-0.16030142886350232,0.16428258412810795,-0.17992098890648228,0.18391346202051811,-0.23680311432706888,0.25,-0.2161248390969331,-0.1577436343544937,0.1594611447642541,-0.1600894264472812,0.16234867944580567,-0.16427427048010756,0.16830379504994034,-0.1709782995847064,0.09307697919387926,-0.09835026148966806,0.02561931412291088,0.15504439288742464,-0.15595942900982782,0.15628810229445272,-0.15669525658368888,0.1412595067893576,-0.14513965382279007,0.10381699085352428,-0.07316657692467135,0.03260131401574115,-0.038940952013949516,-0.1367235677670286,-0.136693000833853,-0.1471910408233368,-0.13600297414838058,-0.1335501922888713,-0.13651312953510097,-0.08911536075079869,-0.13661725662608068,-0.014996810805532931,-0.1367123782490726
0.16935756615897077,0.17039380730747644,-0.1325299697255129,0.17037835694982043,-0.141996218977967,0.1704933513411918,-0.1784117534303285,0.17065086832619672,-0.1567368973064246,0.17048236613353526,0.11941071726876473,-0.12912289945892882,0.13009819821227062,-0.13171645403740603,0.14207313717930653,-0.15775026327781055,0.17830292083977814,-0.21086942756329596,0.15707373261081434,-0.1513016955013452,-0.10935167689536637,0.1281153545871315,-0.1299529647448636,0.12979964925535462,-0.13374134819064673,0.14942202915894487,-0.1533691382812666,0.2085088622352683,-0.2161248390969331,0.25000000000000006,0.12971759176309172,-0.12895287291903193,0.12958630363032625,-0.13200983385045703,0.1337275630157161,-0.13746968332021614,0.14004153015779536,-0.059416927773125496,0.06464888483132313,0.008103024980769206,-0.1255915565392203,0.12567525004424238,-0.12591232897126756,0.1261329212323784,-0.11031889729513789,0.11407011537441807,-0.07153795382224659,0.04010436826650107,-0.011655214480044446,0.020121841393913053,0.17034890726570961,0.17046273573159457,0.1167687122997713,0.16976652002735995,0.10277831034437923,0.17028257927306603,0.057255886415204627,0.17038761215707232,-0.00530571784547113,0.1704828998939057
0.08942049182561056,0.09086213301189097,-0.23139325559467105,0.09078833783193634,-0.22451108327220368,0.09081861861952525,-0.18223731279103264,0.09088398923962877,-0.048330462027119034,0.09060079323348535,0.22650661552515197,-0.23681761784985356,0.23731840126572334,-0.23847623478034208,0.22638813153050807,-0.21056635095297713,0.18551072909138944,-0.15462952528874152,0.061812693035763464,-0.0584277348168899,-0.22087340622968976,0.2399870095203395,-0.24150861900238493,0.24144413154440325,-0.23764323367758455,0.2206975656378195,-0.21736094370010936,0.1667738688367009,-0.1577436343544937,0.12971759176309172,0.2500000000000002,-0.24246773878307187,0.24181487145731823,-0.2387796759779418,0.23731182187533562,-0.2164137818387738,0.21574535208967704,-0.12504047989171077,0.12170674225915226,-0.05108584316000663,-0.23465331027583713,0.2373911335798083,-0.23536185368915202,0.23348960936324387,-0.20660495477537455,0.19159669370468463,-0.14216495697893983,0.10495667129322113,-0.04047384443329102,0.04187004343229437,0.09086979267394374,0.09058314381975005,0.2257035476593467,0.08985451419724584,0.19857841885383276,0.09039682899961038,0.12690218892149974,0.09050590836044567,0.021915375969471247,0.09060167931276022
-0.08203910555780097,-0.08350559406700633,0.23694155958033739,-0.0834196649439707,0.2293954379265521,-0.08345431079890178,0.1850003984865036,-0.08353175354342121,0.04744176058186678,-0.0832156329707341,-0.23255443542856544,0.2428571767989444,-0.2433372715859679,0.24447649159129836,-0.23142631746958342,0.2153421525047181,-0.1884801259973159,0.15581746883020436,-0.06197665884602338,0.05879083652755831,0.22815186503097196,-0.24724319176279044,0.2487446153094165,-0.2486908030200486,0.24488863564764726,-0.2270244528775501,0.22355577537458293,-0.16868088681604032,0.1594611447642541,-0.12895287291903193,-0.24246773878307187,0.25000000000000017,-0.24908427470625438,0.2460056026177262,-0.24455959624085372,0.2232159543602265,-0.22243049477230395,0.13176331446337236,-0.12809160009380335,0.05758356345951713,0.24170109638367826,-0.2446266177826003,0.2426050465305556,-0.24076063522465502,0.21388512885825167,-0.19837180036240656,0.1488696851159008,-0.11158344325097756,0.04434621801567228,-0.04522228695499921,-0.0835168266826279,-0.0831981544498908,-0.2329421898910795,-0.0824696903016098,-0.20581467355089836,-0.0830117354193454,-0.13352127408599668,-0.08312079434803796,-0.02565583808439069,-0.08321652715532571
