x1,x2,x3,x4,x5,x6,x7,x8,x9,x10,x11,x12,x13,x14,x15,x16,x17,x18,x19,x20,x21,x22,x23,x24,x25,x26,x27,x28,x29,x30,x31,x32,x33,x34,x35,x36,x37,x38,x39,x40,x41,x42,x43,x44,x45,x46,x47,x48,x49,x50,x51,x52,x53,x54,x55,x56,x57,x58,x59,x60
0.25000000000000006,0.006601261264044987,-0.06476404955197047,-0.06534890145765891,-0.07296337343244903,-0.07210379988333199,-0.07233271560018846,-0.07099407829419316,-0.06117785495745163,-0.07133495423363387,0.027694155160252993,-0.07134556502861826,0.039301329636136424,-0.052430178891046446,0.05222003936602976,-0.08003118684972321,0.07849368761311688,-0.0715798575010603,0.0672529711723424,-0.07157851750177413,-0.011376945311362449,0.011263445837757173,-0.025240891150871733,0.007965725387979516,-0.045417561071348256,0.04945767345278043,-0.0715066248991552,0.07143674424942448,-0.07158165906390773,0.06832216810457122,0.010303108760115894,-0.01350724277011674,0.008754955783645647,-0.041020744615752294,0.022383378046722174,-0.07157820335371996,0.06146382408290645,-0.06206216558050737,0.05806882150932603,-0.058415699252260374,0.05360169351496171,-0.06102038906687011,-0.013327815143278349,0.011398625843305891,-0.067786754918454,0.0676421198604778,-0.06962203045457745,0.06000396781099093,-0.06012302061552802,0.058256833435526935,0.025522153969242473,-0.03232009083946842,-0.004675392876272172,0.02468831815360459,0.028612118411095403,0.02286592631400794,0.025687247581845596,0.017840548141656063,0.011545936201310461,-0.02018044529293295
0.006601261264044987,0.24999999999999997,0.1135015821876549,0.06699990732020397,0.07103063940651556,0.07393215210969335,0.07371562283558007,0.07449498101611544,0.06276614766681117,0.07908185258034264,-0.1298734510839797,0.08393033664938765,-0.059244634534961205,0.04660005904691706,-0.0466284408722508,0.06553068800124093,-0.06389396378197923,0.08369863801414563,-0.07377114561225288,0.08369410848726713,-0.015140840700646273,0.015294959549916628,2.4848062277565974e-5,0.003854488313796131,0.05519180623024508,-0.0460661980963954,0.08335136437549025,-0.08327263667153995,0.08370473650997216,-0.08009291612174389,0.016024722557603434,-0.011538880193664596,0.015529813885187656,0.041559923392432044,-0.02823025848935448,0.08369926703438059,-0.0694657445069663,0.07049721531137618,-0.06358714661390846,0.06398231615665635,-0.06164628357527131,0.07312609649736498,0.010849369119025145,-0.006932934066922271,0.0795729265799011,-0.079411340672153,0.08157371897795242,-0.06553972697776113,0.06568313477452879,-0.06380249103095004,-0.02652713136706277,0.03871669423710104,0.008702943478663813,-0.024126599895243662,-0.029189678135628744,-0.02322610967140999,-0.027149875608986702,-0.01943465032527401,-0.0158016144454366,0.023963698008432833
-0.06476404955197047,0.1135015821876549,0.25000000000000006,0.11158719196415566,0.09327955949943526,0.08181538711560674,0.07841213212901427,0.07260481638838776,0.0639961141796691,0.029072236467290687,-0.07304836636019686,0.022480562037937836,-0.07125448567853701,0.05318382021797852,-0.05528359466382128,0.07299961605835299,-0.07202756128699023,0.022292693834466984,-0.06965989131115405,0.0223163240810704,0.0016544394990891352,-0.0016456557479536385,0.010512547034218455,-0.0234083670664979,0.044425473840147854,-0.05711658513413782,0.022363060203583543,-0.022335548555893776,0.022252738547845544,-0.020911967656641627,-0.0014829966244970035,0.003214508741737593,-0.003932855949828628,0.012124356998901912,-0.02737513818864371,0.022252205867381206,-0.018892347891737032,0.01908989314034829,-0.020785088464925064,0.020903306346859104,-0.01628247342817165,0.018606839143979446,-0.0010291102479092539,-0.0002589223467249864,0.020672105818496798,-0.020622552694598048,0.021434489144983474,-0.02131723852062898,0.02135198785895557,-0.02085181282016425,-0.01318346831041893,0.008800197291989893,0.005305307074603762,-0.007353151253732842,-0.00933553131407159,-0.008477454161035762,-0.009993665600614234,-0.0068001446866927905,-0.0029669523111227757,0.005364224373384776
-0.06534890145765891,0.06699990732020397,0.11158719196415566,0.2499999999999999,0.19247041417865257,0.18461458699590721,0.1811631690353511,0.17486402805758172,0.16054752740525177,0.12806469781289204,-0.11640463888330245,0.12194388017189296,-0.1218854871051175,0.14348907760166185,-0.14521506530394704,0.1744105754625654,-0.1711623002316558,0.12176543335242145,-0.1688797812165701,0.12178971910800056,0.005988675895358689,-0.005810346773845276,0.0371656365304068,-0.04338511673822373,0.12317139977580331,-0.13499940385478165,0.12159775744651403,-0.1214719985813764,0.12172304099380234,-0.11582255412781574,-0.0045310603005636755,0.011440446119271103,-0.007541217012782944,0.06698973683328453,-0.07217107602938132,0.1217168318813699,-0.10221272983363579,0.10342881142366747,-0.0989941644853058,0.09959013079520974,-0.09037314662347236,0.10386506930290802,0.012030101235543688,-0.011110453260444913,0.11469828385867896,-0.11445314454256139,0.1180944696916245,-0.10204961927196735,0.1022520037063853,-0.09932097447375225,-0.04842938277853378,0.054108111520168416,0.01580036143980437,-0.03820661783932757,-0.04610224831516245,-0.038047483598859094,-0.04416112564113527,-0.030913001560620882,-0.0204231456364583,0.033403396032207516
-0.07296337343244903,0.07103063940651556,0.09327955949943526,0.19247041417865257,0.24999999999999994,0.23476339760254436,0.23052087271455773,0.22327523669791302,0.2037418723695538,0.17152223422190857,-0.151484837507773,0.16509182002278996,-0.14932744616377788,0.18003343495908677,-0.18171738863201656,0.22251299473051894,-0.21827869864036364,0.16491263403847478,-0.21566947004143083,0.16493907319219558,0.0053981486472321205,-0.005151926650389769,0.046152289316532334,-0.04917667843983776,0.15698849438241216,-0.16965447209230314,0.16464908273224169,-0.1644808771126062,0.16486610194149123,-0.1569886264336628,-0.0034151100148000347,0.012641376617819453,-0.006634011255898319,0.08975934050433047,-0.09002385061309003,0.16485747442243595,-0.13848909259888076,0.1401566102154327,-0.13327459691153362,0.13407883267573556,-0.12239226427141056,0.14100463730291066,0.01750929753683129,-0.015530511440040686,0.1555534202280926,-0.15522260851080066,0.16005641822690836,-0.13740371437720583,0.1376786155726785,-0.133715463484389,-0.06394082649695534,0.07364695468929056,0.0204647159668711,-0.05160975190991314,-0.06216545395428875,-0.05107442651402404,-0.05921894102841457,-0.04151863154214716,-0.027945675194717166,0.045465118171174115
-0.07210379988333199,0.07393215210969335,0.08181538711560674,0.18461458699590721,0.23476339760254436,0.24999999999999967,0.24495571147060313,0.2374951809019143,0.21592850672199565,0.18505396194342844,-0.16164643329926812,0.17865750943027942,-0.15563041063228208,0.18798278148955805,-0.18519239746227203,0.23595736123950686,-0.23144167358670997,0.1784799597314356,-0.22943117883784842,0.17850660313575004,0.0033386982725977787,-0.003072135127211664,0.046856615585638264,-0.048362773786719125,0.16628372966085356,-0.17874490148380695,0.1781761715375366,-0.1779950405113915,0.17843292740814565,-0.16995379808278613,-0.0012088151382590125,0.011192966547679276,-0.004412428779136154,0.09629644988860621,-0.09413278643120926,0.1784235063003647,-0.14991458598748542,0.15174006271281118,-0.14399277729222568,0.144862327597923,-0.13239241970948876,0.15281954357678884,0.019194203469117047,-0.01673280271438341,0.16845937605712216,-0.16810164633493255,0.17328221104897515,-0.14844407860493963,0.1487419022081657,-0.1444697141839635,-0.06862420326723637,0.07981874921156468,0.021940652883587396,-0.055700937318292246,-0.0671252430492884,-0.05510976382182721,-0.06390619963263386,-0.044834394314592484,-0.03038113314713728,0.04925409571190924
-0.07233271560018846,0.07371562283558007,0.07841213212901427,0.1811631690353511,0.23052087271455773,0.24495571147060313,0.25000000000000006,0.24190532428372052,0.21787427476852111,0.18620254978559406,-0.16198417154984626,0.17905222967399245,-0.15522045327551556,0.18757058385083414,-0.18478062592988723,0.23775168112500128,-0.23322076155572094,0.17887836663563497,-0.2334983891643909,0.17890682723189213,0.0027402000059654763,-0.002474963804044849,0.04625681013205243,-0.047957269766464534,0.16722519685544163,-0.18015047222155747,0.17857423458727006,-0.17839263634088645,0.178828306653365,-0.1703236147265765,-0.000615458638461341,0.010648589992993543,-0.0038488239845041877,0.09631001941716948,-0.09442069455390639,0.17881891463111546,-0.15031572844974225,0.15215097551297382,-0.1445016612479731,0.14537377044280067,-0.13263424161696155,0.1531805050653865,0.019108206109041796,-0.01667734783296417,0.16884045208992896,-0.16848154798724793,0.17367012479808308,-0.14895739324786342,0.1492557434306364,-0.14498029444701718,-0.06896706611826736,0.07992685544209718,0.02207672711155415,-0.05584949938104133,-0.06734184468523113,-0.0553410022395112,-0.06417684205972404,-0.04500977105478749,-0.030403600119242445,0.04931327487801519
-0.07099407829419316,0.07449498101611544,0.07260481638838776,0.17486402805758172,0.22327523669791302,0.2374951809019143,0.24190532428372052,0.24999999999999978,0.21721611755912087,0.1917870381045553,-0.16408690876015178,0.18451075891599067,-0.14857917524431877,0.18083275841013627,-0.17804126874158765,0.2310136018843888,-0.22649476227001394,0.18433933824862994,-0.23965778863566983,0.1843680661543441,-0.00033275072798964744,0.0006140938366389901,0.04302110093923174,-0.0416995033351759,0.16424804003282692,-0.17352694073174302,0.183968973754506,-0.18378372313100724,0.1842887390001224,-0.17563425075212302,0.002516825098520421,0.007700706757437942,-0.0002764783020165612,0.09853796120065202,-0.09160291551697902,0.18427881496076237,-0.15480914518134548,0.1567306228299225,-0.14788997059225736,0.14878514133781162,-0.13663934496074848,0.15819410898373346,0.020684007815619652,-0.017390268258327093,0.1741562117030522,-0.1737879442393355,0.17905659967779056,-0.15246262117905712,0.1527710181397068,-0.14838065471704454,-0.06940298098189794,0.08274791051697235,0.02196840761289726,-0.05724386959884468,-0.06894482345722752,-0.05640515365349904,-0.06539389177052174,-0.045950649140564674,-0.03168457007988429,0.0510827420258531
-0.06117785495745163,0.06276614766681117,0.0639961141796691,0.16054752740525177,0.2037418723695538,0.21592850672199565,0.21787427476852111,0.21721611755912087,0.2499999999999997,0.1629769783127301,-0.13639762178095607,0.1555695166797522,-0.17871737751856143,0.2110288922582974,-0.2082760040995998,0.22591585987530755,-0.22141322403144065,0.15539424510789657,-0.21120250009628866,0.15542330474067836,0.004471201850520842,-0.004253736771082403,0.04801564928055954,-0.0714507442134828,0.18655515767308775,-0.20340055184822528,0.15515749325011707,-0.1549926773468651,0.15534330473750113,-0.1475567695071998,-0.00273408497719981,0.012504462784089437,-0.009076266763819965,0.08499320174558077,-0.1138815491348567,0.15533529784468586,-0.12914603970662322,0.13086877624042703,-0.12686809674424213,0.12763567187432154,-0.11485466042535228,0.1320734814698544,0.00803964408013642,-0.009899239976249653,0.1459295446468081,-0.14561761994730182,0.15047986965504861,-0.13068121909772548,0.13093905664874192,-0.12729500142179329,-0.06534327311806169,0.06843219276858241,0.025652534859455865,-0.046320550840981516,-0.05727698650123399,-0.048259761096070754,-0.05699420551772936,-0.04000936532613049,-0.02646643299658387,0.04184094836152375
-0.07133495423363387,0.07908185258034264,0.029072236467290687,0.12806469781289204,0.17152223422190857,0.18505396194342844,0.18620254978559406,0.1917870381045553,0.1629769783127301,0.24999999999999994,-0.1781655256136203,0.23725749467075002,-0.0922194613060654,0.1242802786668215,-0.121409372381602,0.17437798150610406,-0.16987338923016887,0.23741741258311488,-0.18791944247693435,0.23739464635065766,-0.016974259327669272,0.017399255738340405,0.02588799410925105,0.013626942079125404,0.13738412868468705,-0.1172105049345449,0.23659813394311077,-0.2363756966960929,0.23745259959486784,-0.22720894080191895,0.019917924446230743,-0.008027601235747556,0.02258506431339717,0.12272349916864976,-0.06484567295015986,0.23743792251955922,-0.19920361091818978,0.20186108333046865,-0.1827007871270987,0.1838266711598591,-0.17606159588345774,0.20602282901692756,0.03656832690845401,-0.02665580593908339,0.22573020909602245,-0.22526837432105187,0.23140560614785385,-0.18855225932304098,0.18895671012278814,-0.1833144398978154,-0.07543609151312751,0.1097856266544831,0.02069060507578895,-0.07225354337708112,-0.08596107413144113,-0.06813611092317433,-0.07855164688218595,-0.05581456427908476,-0.04334244282461974,0.06796089261996763
0.027694155160252993,-0.1298734510839797,-0.07304836636019686,-0.11640463888330245,-0.151484837507773,-0.16164643329926812,-0.16198417154984626,-0.16408690876015178,-0.13639762178095607,-0.1781655256136203,0.2499999999999999,-0.18631433013061613,0.07572845971682046,-0.09991857340004087,0.09715196465350656,-0.14993154958179938,0.14632446062641358,-0.18606437669121895,0.16139292959830484,-0.1860532557521659,0.01993599172978082,-0.020274784525279935,-0.01225439703092635,-0.006702507447802042,-0.11637235683863405,0.10014193901116164,-0.18538966480212746,0.18521428848228003,-0.1860801687380677,0.1780185473217408,-0.02210121853311298,0.012698396897283476,-0.022630852807398787,-0.09607698323895587,0.058762088271738164,-0.1860687161556342,0.15576653614630898,-0.15790724845826115,0.14304198705905974,-0.14392368649206,0.13750433205890855,-0.16178594308709768,-0.0277489360425848,0.01933307912606995,-0.17680772179583182,0.17644530977529743,-0.1812968397467153,0.1475440987190624,-0.14786118333841602,0.1435210363875746,0.059596365973380624,-0.08577804842070384,-0.016752419344568392,0.05617130190957592,0.0670262998999715,0.0531714132454367,0.06141978501017185,0.04365977911752713,0.03403146790003717,-0.05330055440381286
-0.07134556502861826,0.08393033664938765,0.022480562037937836,0.12194388017189296,0.16509182002278996,0.17865750943027942,0.17905222967399245,0.18451075891599067,0.1555695166797522,0.23725749467075002,-0.18631433013061613,0.24999999999999986,-0.08431928423504083,0.11679525991195476,-0.11386998767104203,0.16688384562113284,-0.16231797495157282,0.2497064889351192,-0.18036023032650517,0.2496739639026945,-0.020937327555791557,0.021393867737117375,0.022477543600120144,0.022955341903353868,0.13522819093312577,-0.10926991915732838,0.24879188484016865,-0.24856007586205314,0.2497578415292652,-0.23910684161128498,0.02403564655315093,-0.011672479243104559,0.02750577114865603,0.12839199284094804,-0.06176335754025544,0.24974209990415766,-0.2093766301686881,0.2122056558906454,-0.1909494210143497,0.1921295273344248,-0.1851568366479017,0.2170437681427259,0.03957839687196451,-0.028331998172064103,0.23760214777029154,-0.2371183673881186,0.24348830894886916,-0.19708736961896417,0.19751387730837486,-0.1915920221655176,-0.07740439563451636,0.1159272113828702,0.020891790843819598,-0.0756214550537181,-0.0898693362860302,-0.07092253848404764,-0.08174641443508605,-0.05819677451820702,-0.046005639172174026,0.07178777987151246
0.039301329636136424,-0.059244634534961205,-0.07125448567853701,-0.1218854871051175,-0.14932744616377788,-0.15563041063228208,-0.15522045327551556,-0.14857917524431877,-0.17871737751856143,-0.0922194613060654,0.07572845971682046,-0.08431928423504083,0.24999999999999983,-0.217509868860282,0.21493371691261537,-0.16742042299193008,0.16413775871611114,-0.08413077666873825,0.14269610799495486,-0.08416061155711096,-0.03314354841247736,0.03302476635423801,-0.0697854944770806,0.10058430843582142,-0.14132712077298734,0.1627591968289184,-0.08421292801559073,0.08411338998897577,-0.08407921286895259,0.0793503113469365,0.03197658404074108,-0.037664343179560036,0.03885810270168173,-0.05421362581248564,0.09821853199275088,-0.08407490930824991,0.06821531688009552,-0.06888858289348355,0.06962190810370733,-0.07004315632806059,0.06359778364494825,-0.06898632266725699,0.0006986380709802482,0.004702526147134403,-0.0777670670881301,0.07759956425907714,-0.08081596007993319,0.07188638639217446,-0.07202409479014475,0.06985397033136459,0.04100401119463666,-0.03651711080024339,-0.0181122309236639,0.025151905280532797,0.0311206463447805,0.026628110780656394,0.03185890760173656,0.02231182352202413,0.013732739799136128,-0.0221681377479311
-0.052430178891046446,0.04660005904691706,0.05318382021797852,0.14348907760166185,0.18003343495908677,0.18798278148955805,0.18757058385083414,0.18083275841013627,0.2110288922582974,0.1242802786668215,-0.09991857340004087,0.11679525991195476,-0.217509868860282,0.24999999999999975,-0.24706594714283786,0.19975371515847595,-0.195710141045068,0.11661912060998406,-0.1739718412786806,0.11664861142372673,0.037428289554022165,-0.03725113867596692,0.0810052018130892,-0.11023820267258296,0.16844277790502288,-0.189361203164719,0.11662751911598428,-0.11649543676047729,0.11656767221568043,-0.11033122360993072,-0.03581145361532958,0.043094615155802055,-0.04291138600802562,0.0734065109621647,-0.11514911524830672,0.11656156745867678,-0.09540255155639576,0.09639416494678021,-0.09512534720375855,0.0957024949667058,-0.08785902181336176,0.09662054547410553,0.003871808875933156,-0.008719336792222306,0.10838468336248111,-0.10815347339535321,0.11233853575012931,-0.09823986633214983,0.09843223704501426,-0.09544172291598858,-0.0525825902108214,0.051296969455673296,0.021330379483827634,-0.03542814257683245,-0.04324305045073636,-0.036308390898588665,-0.04298696041990394,-0.03014472073084772,-0.019340192459821506,0.03138421944641815
0.05222003936602976,-0.0466284408722508,-0.05528359466382128,-0.14521506530394704,-0.18171738863201656,-0.18519239746227203,-0.18478062592988723,-0.17804126874158765,-0.2082760040995998,-0.121409372381602,0.09715196465350656,-0.11386998767104203,0.21493371691261537,-0.24706594714283786,0.24999999999999983,-0.19698357958826276,0.1930063473513512,-0.11369347836275207,0.1712639366034344,-0.11372305375673177,-0.03762732350019188,0.037454837714132216,-0.0804385572393308,0.10985885919223039,-0.16618038561397813,0.18718146385966672,-0.11371020343161466,0.11358096919739498,-0.11364192921988758,0.10753772707434579,0.0360443342905806,-0.043157226340830725,0.04311500934575309,-0.07194000522591325,0.1139795181970071,-0.1136360118544592,0.09297681734378155,-0.09393583019276577,0.09285439608223825,-0.09341753551132884,0.08568324673946018,-0.09409111448343258,-0.003575068039198117,0.008489741047560742,-0.10561143300018698,0.10538591051716129,-0.10949148475124228,0.09589815487007404,-0.09608555753355472,0.09316306154573258,0.05156341399226465,-0.049953173220684106,-0.020957082133438814,0.03457902497882516,0.04220798652962197,0.03546807286098807,0.041998797900183675,0.029440131178509747,0.018799486736858446,-0.030565020929214592
-0.08003118684972321,0.06553068800124093,0.07299961605835299,0.1744105754625654,0.22251299473051894,0.23595736123950686,0.23775168112500128,0.2310136018843888,0.22591585987530755,0.17437798150610406,-0.14993154958179938,0.16688384562113284,-0.16742042299193008,0.19975371515847595,-0.19698357958826276,0.24999999999999986,-0.24541918579189984,0.16670957914333326,-0.223081544283771,0.1667390191854386,0.008900298435774792,-0.008669552192564855,0.05244077670578226,-0.06014792379963416,0.1720667498908487,-0.19235103169191242,0.16653947989581583,-0.166366430354677,0.16665809913717947,-0.15851082809258205,-0.006909162800313602,0.016502962586065338,-0.010996766599578697,0.09117446222012072,-0.09937970875847596,0.1666498520439371,-0.1403034085528197,0.14195185830565468,-0.136764941925536,0.13758496287242916,-0.12369633803464149,0.1420807149271725,0.01583503779596291,-0.015150187060613484,0.15702966992965314,-0.15669189980479453,0.16168400097556432,-0.14095621382309412,0.14123234613135377,-0.13721620836021814,-0.0676569647107345,0.07371242887802579,0.022130181485753516,-0.05270114764612315,-0.06369887684461906,-0.052860150135224535,-0.061327223779781684,-0.04283146745001095,-0.027610683666227348,0.04542183685632337
0.07849368761311688,-0.06389396378197923,-0.07202756128699023,-0.1711623002316558,-0.21827869864036364,-0.23144167358670997,-0.23322076155572094,-0.22649476227001394,-0.22141322403144065,-0.16987338923016887,0.14632446062641358,-0.16231797495157282,0.16413775871611114,-0.195710141045068,0.1930063473513512,-0.24541918579189984,0.2499999999999999,-0.1621434463494257,0.2186988677543906,-0.16217293997389118,-0.008923768817367242,0.008700691092060939,-0.05144225924717122,0.05938602713940194,-0.1683518413304027,0.18871023891129404,-0.1619854106122045,0.1618168622865414,-0.16209193874032213,0.15415389391453396,0.006988879123033443,-0.016334127970466426,0.01103996217191048,-0.08872667861599465,0.09729917387189434,-0.16208396062458374,0.13649406227126865,-0.13809264214430894,0.13318605537362624,-0.13398412477486238,0.12030670138722036,-0.13815707394940482,-0.01530350384344772,0.01470812009887031,-0.15271110869195428,0.15238228734330952,-0.15724564441697098,0.13726384530292068,-0.13753226626102227,0.13362528219620654,0.0660386395354147,-0.07163315779586005,-0.021599372718892926,0.051323995158343835,0.06204010172780003,0.05151796259358637,0.059764492201573795,0.041725220162757856,0.026795139677808107,-0.044140486995364624
-0.0715798575010603,0.08369863801414563,0.022292693834466984,0.12176543335242145,0.16491263403847478,0.1784799597314356,0.17887836663563497,0.18433933824862994,0.15539424510789657,0.23741741258311488,-0.18606437669121895,0.2497064889351192,-0.08413077666873825,0.11661912060998406,-0.11369347836275207,0.16670957914333326,-0.1621434463494257,0.2499999999999999,-0.18018679603932,0.2498637666575409,-0.021160284538952925,0.02161745081068699,0.022257581687104316,0.02314214620251137,0.13521225363119918,-0.10909277823280057,0.2489791240039969,-0.248747183834626,0.24994812345715753,-0.23929192818231557,0.02425864667501346,-0.011885094536419416,0.027723733705479398,0.12844802535564878,-0.061739351371166644,0.24993235834681854,-0.20952153743958216,0.21235473225972096,-0.19105338405312203,0.19223426039065591,-0.185292005493595,0.21722507699086482,0.03960539858282438,-0.02832266090579104,0.23778725706212805,-0.23730317331950634,0.24367595216646412,-0.1971939581717619,0.19762082953564736,-0.19169638047155843,-0.07741681662917783,0.1160270403037972,0.020907511203488643,-0.07565068783576304,-0.08990850928979809,-0.07094693890523895,-0.08177953629542632,-0.058225261652850725,-0.04605836489737471,0.07185013380095503
0.0672529711723424,-0.07377114561225288,-0.06965989131115405,-0.1688797812165701,-0.21566947004143083,-0.22943117883784842,-0.2334983891643909,-0.23965778863566983,-0.21120250009628866,-0.18791944247693435,0.16139292959830484,-0.18036023032650517,0.14269610799495486,-0.1739718412786806,0.1712639366034344,-0.223081544283771,0.2186988677543906,-0.18018679603932,0.24999999999999992,-0.18021601109725444,0.0011345441142716767,-0.0014113676931719614,-0.04090850891447924,0.03903447183362381,-0.15864098816547,0.16684560497832757,-0.1798108144291389,0.1796301722101737,-0.18013543119257552,0.1717020286344803,-0.0032661653888864024,-0.006689126585960773,-0.000641604463511608,-0.09613800207580518,0.08818904705028355,-0.18012567972090707,0.15130906532027152,-0.1531922983180538,0.14433069144958752,-0.14520482647941535,0.13354981349448808,-0.15471745163054051,-0.02048577226255885,0.017043776235074942,-0.17027041628799658,0.1699107655788496,-0.1750416020085161,0.14879502370914888,-0.1490966796362268,0.14480960366488405,0.0674553139907916,-0.08096845505441516,-0.021261605424994338,0.055903049661198106,0.06730345234127978,0.05499899875099418,0.06375262681148969,0.044816006606916016,0.031044501976255443,-0.0499964997482203
-0.07157851750177413,0.08369410848726713,0.0223163240810704,0.12178971910800056,0.16493907319219558,0.17850660313575004,0.17890682723189213,0.1843680661543441,0.15542330474067836,0.23739464635065766,-0.1860532557521659,0.2496739639026945,-0.08416061155711096,0.11664861142372673,-0.11372305375673177,0.1667390191854386,-0.16217293997389118,0.2498637666575409,-0.18021601109725444,0.25000000000000006,-0.021150210631887822,0.021607290580931044,0.02226731846347211,0.023111372720367757,0.1352251146196641,-0.10912255689062296,0.24894667517566635,-0.2487147597532829,0.24991536444640908,-0.2392601845451587,0.024248119726103617,-0.01187567168458296,0.027710240438106562,0.1284331149181496,-0.06175307370389869,0.24989960222008645,-0.20949425175639333,0.21232700092724555,-0.19103173250374939,0.1922124658472433,-0.1852677136173593,0.21719566796588086,0.03959626720871959,-0.0283173934759212,0.23775554177213373,-0.2372715159409242,0.24364372854338956,-0.19717152533802076,0.1975983376992556,-0.19167465267526757,-0.07741252049152389,0.11601048074379694,0.020907802412664624,-0.0756415307255796,-0.08989804230309711,-0.07093962905633326,-0.0817712696038326,-0.0582190775057672,-0.046051218970740174,0.07183981692269806
-0.011376945311362449,-0.015140840700646273,0.0016544394990891352,0.005988675895358689,0.0053981486472321205,0.0033386982725977787,0.0027402000059654763,-0.00033275072798964744,0.004471201850520842,-0.016974259327669272,0.01993599172978082,-0.020937327555791557,-0.03314354841247736,0.037428289554022165,-0.03762732350019188,0.008900298435774792,-0.008923768817367242,-0.021160284538952925,0.0011345441142716767,-0.021150210631887822,0.25000000000000017,-0.24951748644273858,0.20631296888048933,-0.1609945329876471,0.0051294823808925635,-0.026991268048514993,-0.020217919481926385,0.020222146921845235,-0.021176495827279974,0.021407866180879767,-0.24679176956583904,0.2357145595252372,-0.2354886354179644,0.08474988063488491,-0.0764243669741391,-0.02116455457759322,0.004736254648319175,-0.006864229199470673,0.0008355514547703839,-0.0009098319475353564,0.009826469123481198,-0.03481343502663655,0.04576522824096751,-0.055170517924971275,-0.025358984945319303,0.025344791631579044,-0.02335161924321873,-0.0012179882658368219,0.0011603884750776556,0.0009192320783559033,-0.003798155246922478,-0.014245994747071406,-0.036923568974064194,-0.027371403354157345,-0.018623613223889505,-0.010320873021287074,-0.0023041253251532383,0.002372880972981641,0.01929756185347413,-0.003070843360237107
0.011263445837757173,0.015294959549916628,-0.0016456557479536385,-0.005810346773845276,-0.005151926650389769,-0.003072135127211664,-0.002474963804044849,0.0006140938366389901,-0.004253736771082403,0.017399255738340405,-0.020274784525279935,0.021393867737117375,0.03302476635423801,-0.03725113867596692,0.037454837714132216,-0.008669552192564855,0.008700691092060939,0.02161745081068699,-0.0014113676931719614,0.021607290580931044,-0.24951748644273858,0.2500000000000002,-0.2061238674277399,0.1608863433606534,-0.004897590619446982,0.026840588690327568,0.020673721495619454,-0.020677508121908023,0.021633800728033805,-0.021845430778787023,0.2466100182288388,-0.23552306858069386,0.235320220318343,-0.08439438376931158,0.07620598346851154,0.021621840119241825,-0.005129898180645967,0.007261350857682561,-0.0011868178893299029,0.0012632301661430225,-0.0101678947090369,0.03519624898737743,-0.045618969179947955,0.0550507807729999,0.025788401644167153,-0.025773310070605755,0.023794528227147862,0.0008530322772135579,-0.0007946634658518297,-0.0012715795285619248,0.0036656355593615666,0.014455458299122138,0.03690680682074544,0.02719685047013834,0.018434689249502503,0.010181936049522965,0.0021561115583471485,-0.002474587283420127,-0.019367472555563328,0.0032112946762612696
-0.025240891150871733,2.4848062277565974e-5,0.010512547034218455,0.0371656365304068,0.046152289316532334,0.046856615585638264,0.04625681013205243,0.04302110093923174,0.04801564928055954,0.02588799410925105,-0.01225439703092635,0.022477543600120144,-0.0697854944770806,0.0810052018130892,-0.0804385572393308,0.05244077670578226,-0.05144225924717122,0.022257581687104316,-0.04090850891447924,0.02226731846347211,0.20631296888048933,-0.2061238674277399,0.25000000000000006,-0.20446682925582266,0.04852686439948446,-0.06981310674837131,0.02298915573188589,-0.022945527392703894,0.022241315186684034,-0.01996184046129031,-0.2034268171138157,0.20066340819869075,-0.19997084895741615,0.0699675202000764,-0.06158108810827529,0.022252700554062886,-0.03635428746331882,0.0346575539426464,-0.039319299170269856,0.03947027126669983,-0.026838163533662102,0.0065442363900807725,0.023984145297266758,-0.03320186398732298,0.01720542517219463,-0.017128950218658016,0.01962567143244381,-0.041844510250765625,0.04185852603918385,-0.039363162496353084,-0.03339545319181369,0.008015832178590152,-0.011011249778156821,-0.03265269214350807,-0.03070340921086903,-0.024569364469850846,-0.022515151156575937,-0.012794616309089754,0.00899377712104965,0.004956545835966163
0.007965725387979516,0.003854488313796131,-0.0234083670664979,-0.04338511673822373,-0.04917667843983776,-0.048362773786719125,-0.047957269766464534,-0.0416995033351759,-0.0714507442134828,0.013626942079125404,-0.006702507447802042,0.022955341903353868,0.10058430843582142,-0.11023820267258296,0.10985885919223039,-0.06014792379963416,0.05938602713940194,0.02314214620251137,0.03903447183362381,0.023111372720367757,-0.1609945329876471,0.1608863433606534,-0.20446682925582266,0.2500000000000002,-0.09161424637006116,0.11369450149257851,0.022445239300449824,-0.022455336061861675,0.023193770137978527,-0.023831129117778446,0.15961228774814434,-0.15676140444064932,0.16891228657877505,-0.03849798880892532,0.10470055295934057,0.02318080310678362,-0.006570104357923185,0.008331775289385682,0.0012575954263330746,-0.0011879271032688684,-0.008983648146843813,0.03049785011601105,-0.0012968275741337696,0.010865916913598058,0.026559564109457454,-0.026543403784527124,0.024947828993309083,0.00199489165316081,-0.0019347171342743983,0.0011773570449342132,0.023260513200931567,0.013645021001919798,0.00386281090885815,0.01106956531117267,0.008168493128610918,0.007752299054844313,0.005574771217255033,0.0014898603117119986,-0.014799200443931695,0.00846161628805562
-0.045417561071348256,0.05519180623024508,0.044425473840147854,0.12317139977580331,0.15698849438241216,0.16628372966085356,0.16722519685544163,0.16424804003282692,0.18655515767308775,0.13738412868468705,-0.11637235683863405,0.13522819093312577,-0.14132712077298734,0.16844277790502288,-0.16618038561397813,0.1720667498908487,-0.1683518413304027,0.13521225363119918,-0.15864098816547,0.1352251146196641,0.0051294823808925635,-0.004897590619446982,0.04852686439948446,-0.09161424637006116,0.24999999999999992,-0.2237978992000916,0.13422122048742435,-0.1340673244250191,0.1351887258049688,-0.12756249473261086,-0.003629561807140398,0.015846326436646824,-0.012900353183896075,0.11032370068078515,-0.17642910423509256,0.13519482110945544,-0.12827836825385927,0.13098434883215634,-0.13512036912436565,0.135870118417737,-0.09197821547180349,0.11116084884174879,0.014906526941438748,-0.023444103278698024,0.12541347306093523,-0.12509082218404952,0.13012597112502178,-0.13870142311982714,0.13890410298136927,-0.13556169036805396,-0.07762463970589123,0.04962333141646902,0.015104702340579316,-0.05445692307574263,-0.0659290075653955,-0.05872386437617028,-0.06539411706744003,-0.04258545364261316,-0.012097244421792622,0.03300564617666678
0.04945767345278043,-0.0460661980963954,-0.05711658513413782,-0.13499940385478165,-0.16965447209230314,-0.17874490148380695,-0.18015047222155747,-0.17352694073174302,-0.20340055184822528,-0.1172105049345449,0.10014193901116164,-0.10926991915732838,0.1627591968289184,-0.189361203164719,0.18718146385966672,-0.19235103169191242,0.18871023891129404,-0.10909277823280057,0.16684560497832757,-0.10912255689062296,-0.026991268048514993,0.026840588690327568,-0.06981310674837131,0.11369450149257851,-0.2237978992000916,0.24999999999999983,-0.11000803923307985,0.1098727341139571,-0.1090412549888332,0.10244982975728323,0.025596842131997016,-0.03500620023170384,0.034884706960724085,-0.08506785942381279,0.15126186135534936,-0.10904771328104115,0.10658520730265172,-0.10707054560944326,0.1121348234690525,-0.11274640851081878,0.07643687058888786,-0.08850514114184388,-0.008044512272972268,0.01680288125822328,-0.1005583202834331,0.1002948293979207,-0.10464636340726478,0.11514894999333171,-0.11530944681463282,0.11248744230607648,0.06925177311372675,-0.03965843716286942,-0.01563898893809751,0.04541572912113812,0.054840849742657724,0.04938479090424388,0.05519624161279839,0.035922806021581336,0.008742923910674329,-0.02576490885364209
-0.0715066248991552,0.08335136437549025,0.022363060203583543,0.12159775744651403,0.16464908273224169,0.1781761715375366,0.17857423458727006,0.183968973754506,0.15515749325011707,0.23659813394311077,-0.18538966480212746,0.24879188484016865,-0.08421292801559073,0.11662751911598428,-0.11371020343161466,0.16653947989581583,-0.1619854106122045,0.2489791240039969,-0.1798108144291389,0.24894667517566635,-0.020217919481926385,0.020673721495619454,0.02298915573188589,0.022445239300449824,0.13422122048742435,-0.11000803923307985,0.24999999999999997,-0.24976605553030995,0.24903034426346804,-0.23840626773372858,0.02330621284047231,-0.010931924915339581,0.026776282913748187,0.12750264638682504,-0.06074663061419997,0.24901457613749822,-0.21051328637341085,0.21142931373334495,-0.1901227073383767,0.1912993947372171,-0.18458657052239563,0.21630545943194066,0.039548967967345715,-0.028265022794926205,0.23686793428351227,-0.2363861071486014,0.2427573803439389,-0.19626166885236326,0.19668708759822554,-0.19076358345062971,-0.07702357884499643,0.11556296403862963,0.020755270683198046,-0.07536701481343826,-0.08951324530635368,-0.07056458648954805,-0.08133102575873179,-0.05791541584276378,-0.045908798709250416,0.07165574771955886
0.07143674424942448,-0.08327263667153995,-0.022335548555893776,-0.1214719985813764,-0.1644808771126062,-0.1779950405113915,-0.17839263634088645,-0.18378372313100724,-0.1549926773468651,-0.2363756966960929,0.18521428848228003,-0.24856007586205314,0.08411338998897577,-0.11649543676047729,0.11358096919739498,-0.166366430354677,0.1618168622865414,-0.248747183834626,0.1796301722101737,-0.2487147597532829,0.020222146921845235,-0.020677508121908023,-0.022945527392703894,-0.022455336061861675,-0.1340673244250191,0.1098727341139571,-0.24976605553030995,0.24999999999999958,-0.24879836742129596,0.23818468797961323,-0.02330825489296601,0.010943708538881193,-0.02677569772755649,-0.12738222110929784,0.0606749499547425,-0.24878260879033162,0.21031000339376943,-0.2112250480350161,0.18993601433293295,-0.1911115855896805,0.18441048123104428,-0.2161048844603385,-0.039522444234159765,0.028246923087485085,-0.23664781731782733,0.23616645283926435,-0.24253152548359552,0.19606916758147325,-0.1964941977316643,0.1905762940111556,0.0769356341355783,-0.11545444316067038,-0.02072742595290082,0.07529495356101935,0.08942620696912568,0.07049326556421043,0.08124823190996394,0.05785693058074013,0.04586833780713928,-0.07159154149888731
-0.07158165906390773,0.08370473650997216,0.022252738547845544,0.12172304099380234,0.16486610194149123,0.17843292740814565,0.178828306653365,0.1842887390001224,0.15534330473750113,0.23745259959486784,-0.1860801687380677,0.2497578415292652,-0.08407921286895259,0.11656767221568043,-0.11364192921988758,0.16665809913717947,-0.16209193874032213,0.24994812345715753,-0.18013543119257552,0.24991536444640908,-0.021176495827279974,0.021633800728033805,0.022241315186684034,0.023193770137978527,0.1351887258049688,-0.1090412549888332,0.24903034426346804,-0.24879836742129596,0.24999999999999983,-0.23934208851795713,0.02427558443502213,-0.011900349036368739,0.027745699121141873,0.1284716135362045,-0.06171531057023415,0.24998408643322978,-0.20956466668323187,0.21239857868048165,-0.19108738151666188,0.19226848290850646,-0.18533034838828516,0.21727158111634945,0.03962041988572451,-0.028331384257605226,0.23783740012756874,-0.23735322515963506,0.24372686982734115,-0.19722919452762724,0.19765615924531055,-0.1917304979572841,-0.07742305596974827,0.11605327479417454,0.020906593490720642,-0.07566522311836224,-0.08992504669232376,-0.07095840019132499,-0.08179243727327394,-0.05823492478935496,-0.046069686759985136,0.07186650458507347
0.06832216810457122,-0.08009291612174389,-0.020911967656641627,-0.11582255412781574,-0.1569886264336628,-0.16995379808278613,-0.1703236147265765,-0.17563425075212302,-0.1475567695071998,-0.22720894080191895,0.1780185473217408,-0.23910684161128498,0.0793503113469365,-0.11033122360993072,0.10753772707434579,-0.15851082809258205,0.15415389391453396,-0.23929192818231557,0.1717020286344803,-0.2392601845451587,0.021407866180879767,-0.021845430778787023,-0.01996184046129031,-0.023831129117778446,-0.12756249473261086,0.10244982975728323,-0.23840626773372858,0.23818468797961323,-0.23934208851795713,0.25000000000000017,-0.024389614013111228,0.012556759636704523,-0.027761014178002516,-0.12228988572473794,0.057592570276711705,-0.23932656239896383,0.20003610388757948,-0.20275195611066535,0.1821114042273404,-0.18323988621476706,0.17745033043754152,-0.20812564942809386,-0.0378873209705209,0.02689889206025717,-0.22774546437914953,0.2272834874372638,-0.23336138960710662,0.187978062130322,-0.1883875408246965,0.18272578418660917,0.07325169508959087,-0.1113037049142716,-0.02004754144264556,0.07198520326149434,0.08557092048650773,0.06737728670516054,0.07775134603984815,0.05545284790391649,0.044434190589673864,-0.0689388755386176
0.010303108760115894,0.016024722557603434,-0.0014829966244970035,-0.0045310603005636755,-0.0034151100148000347,-0.0012088151382590125,-0.000615458638461341,0.002516825098520421,-0.00273408497719981,0.019917924446230743,-0.02210121853311298,0.02403564655315093,0.03197658404074108,-0.03581145361532958,0.0360443342905806,-0.006909162800313602,0.006988879123033443,0.02425864667501346,-0.0032661653888864024,0.024248119726103617,-0.24679176956583904,0.2466100182288388,-0.2034268171138157,0.15961228774814434,-0.003629561807140398,0.025596842131997016,0.02330621284047231,-0.02330825489296601,0.02427558443502213,-0.024389614013111228,0.24999999999999972,-0.23761104462241625,0.23751290125219826,-0.08384224944948201,0.07583312784876346,0.024262900875523238,-0.006526957112453504,0.008686968078740073,-0.0022520248295490545,0.0023388266175210655,-0.012065864250837492,0.03761334111779168,-0.04599682463766186,0.05549872985760101,0.028347648980781962,-0.028329427085405236,0.02639426202424191,-0.00024703807207423735,0.00031077755646925423,-0.002343251038553593,0.0036238096705336815,0.015865034055796715,0.03771699053413965,0.02723834983756624,0.018298015872723186,0.010144520780195508,0.0019019150698890847,-0.002785552538300997,-0.02031895850174226,0.004047345137211302
-0.01350724277011674,-0.011538880193664596,0.003214508741737593,0.011440446119271103,0.012641376617819453,0.011192966547679276,0.010648589992993543,0.007700706757437942,0.012504462784089437,-0.008027601235747556,0.012698396897283476,-0.011672479243104559,-0.037664343179560036,0.043094615155802055,-0.043157226340830725,0.016502962586065338,-0.016334127970466426,-0.011885094536419416,-0.006689126585960773,-0.01187567168458296,0.2357145595252372,-0.23552306858069386,0.20066340819869075,-0.15676140444064932,0.015846326436646824,-0.03500620023170384,-0.010931924915339581,0.010943708538881193,-0.011900349036368739,0.012556759636704523,-0.23761104462241625,0.24999999999999986,-0.23415251903857276,0.09608711465867206,-0.08796779001647766,-0.011887708437766336,-0.005417348462467699,0.0032791368739952175,-0.009481808439967572,0.0094595833538685,0.016944790020303316,-0.04198651148875186,0.05447542422121368,-0.0639371584859734,-0.016240425391092942,0.016251473921398925,-0.014157564443385316,-0.011632779204442013,0.011588388151629703,-0.009433149188536199,-0.013463662194368464,-0.02154506393418877,-0.044645795440743805,-0.03477426992472542,-0.025969338812553228,-0.01538584423393127,-0.006235202030694031,0.0009475598715282889,0.021307395445921973,0.0012654072557691945
