x1,x2,x3,x4,x5,x6,x7,x8,x9,x10,x11,x12,x13,x14,x15,x16,x17,x18,x19,x20,x21,x22,x23,x24,x25,x26,x27,x28,x29,x30,x31,x32,x33,x34,x35,x36,x37,x38,x39,x40,x41,x42,x43,x44,x45,x46,x47,x48,x49,x50,x51,x52,x53,x54,x55,x56,x57,x58,x59,x60
0.25000000000000006,0.2413211979459204,-0.20484575340485678,0.24208075130267576,-0.2150999595031279,0.24226944489632068,-0.1899035873564889,0.24177268335949256,-0.17540659278302304,0.24243910675752664,0.17050197429724956,-0.1687322581291667,0.1941416177503133,-0.1891247973215073,0.2042473359752822,-0.1741618860965359,0.18198528572385703,-0.17289585562126739,0.17026543838316405,-0.16362104831214436,-0.04620423697404475,0.09684639709985356,-0.09729155081473616,0.13588823249257706,-0.10669299533673487,0.14066305164582235,-0.13526806988932225,0.1568313469604673,-0.15699956015535355,0.169019028826072,0.05376805351047612,-0.01757814489504206,0.024960073572558843,0.049380406020776695,-0.042753020312465556,0.09971784944721096,-0.08987073451029456,0.12571125852818796,-0.12546916015633894,0.14805613863727046,0.11513265081150163,-0.11548358224696224,0.15828111084807178,-0.15553628626588353,0.17763003447103137,-0.16477422580993126,0.17276608850969571,-0.15640727051826908,0.15712509272224,-0.14834273585261126,0.23915697614912787,0.24138682059155436,-0.18181672461487156,0.2404505644578555,-0.19354113840043866,0.2420710164003788,-0.1836317581610882,0.2416507105265389,-0.16383740752971887,0.24243983923430007
0.2413211979459204,0.2500000000000001,-0.21325831507596493,0.24853721383030364,-0.22172988293531012,0.24875288425398587,-0.1964598590085308,0.24821205230815213,-0.18166533883036845,0.2488800810633004,0.17816501197761023,-0.17596347049912392,0.20133723240108153,-0.19606929824018254,0.21047716458266266,-0.18022048694998236,0.187999864179179,-0.1787284305566035,0.1760438794634392,-0.16924810481456082,-0.04935005670538112,0.10168188802933267,-0.1021336800943459,0.14174005140614976,-0.11225422713116148,0.14646167654205391,-0.1409521340904758,0.16254254496447434,-0.16271857103717421,0.17479964447557822,0.05717446888119969,-0.019786199588511036,0.027433945880166198,0.04897166504751993,-0.04210055809051808,0.10106968935602788,-0.09099525280013929,0.1281148489310256,-0.1278697988901035,0.15126013514347406,0.11714090560221584,-0.11749833649967135,0.16172597618223417,-0.15888208784027677,0.18175882679172212,-0.16844392988295115,0.17672515085694934,-0.15989593884993455,0.16063980601157493,-0.15155854986117998,0.24551217528796998,0.24779250320901605,-0.1861055424854555,0.24682059024748346,-0.19823772436693116,0.24849883574645887,-0.18797919359307302,0.24806368534759887,-0.16758652378291655,0.24888081810702806
-0.20484575340485678,-0.21325831507596493,0.2500000000000001,-0.21257010787328787,0.21603774649865437,-0.21219851429888495,0.18938131115746398,-0.21220185098976582,0.1762243025079262,-0.21220937067802265,-0.2077046159176543,0.2111270055501289,-0.23650491778057295,0.23041239774716377,-0.21870100434482403,0.18833223774712976,-0.18502773243600912,0.17596657108588074,-0.17328096047926334,0.16912920683564917,0.08498812754941881,-0.13713654128223146,0.13740443076915032,-0.17642956050568037,0.14667935167903842,-0.16645025228706323,0.16088822666959543,-0.16899679371873141,0.16917630860786118,-0.17464236383214848,-0.09275566246831443,0.05551347958305507,-0.06313468021287953,-0.013141364609695099,0.006204533941655094,-0.06501168299563331,0.056371481462320995,-0.09335603301774544,0.0931839446764311,-0.11644719413330473,-0.08106155199729438,0.08130781999676298,-0.12537976420170394,0.1225474258222896,-0.14534078109358436,0.13207444691288767,-0.14037245147863994,0.12489898872903869,-0.12564513691604595,0.11677100279957688,-0.2093709205161436,-0.21116114296863184,0.14976061133493102,-0.2101575347761594,0.16176021475212218,-0.2118291388337949,0.15159790015435584,-0.21139750397897988,0.13250785390310443,-0.21220970096698624
0.24208075130267576,0.24853721383030364,-0.21257010787328787,0.25,-0.22271004542914002,0.24949640349201885,-0.19670698139500153,0.24895872829134957,-0.18187833150769134,0.2496368184868099,0.17825222290585124,-0.17596109395694493,0.20137902429459173,-0.19612405626981805,0.2112195842000929,-0.18088789666792207,0.1881846322196979,-0.17890756597412583,0.1762185053597904,-0.16952589443357,-0.04912341122342838,0.10154852672234013,-0.10200257827391025,0.1416931832249344,-0.11214717334728538,0.1467883427862036,-0.14126806926409072,0.16283819626058457,-0.16301311174557567,0.1750876389070656,0.056961986048369835,-0.019506858048556838,0.027167814948089293,0.049380828091222226,-0.042498507155150314,0.10156954367690818,-0.0914401824787647,0.12862417715302887,-0.12837754082488648,0.15180863883433632,0.1176664264003288,-0.11802545684845397,0.16233152761491423,-0.15948271845428932,0.18239910962236464,-0.16906112670985543,0.1773554496482739,-0.16046338139352323,0.16120841379652098,-0.15210733559842085,0.2462584156782267,0.24854704848258413,-0.18675258395871489,0.2475737572357607,-0.1989065759005517,0.24925491741565933,-0.18862899312464657,0.248818964631571,-0.1681687059119231,0.24963756243896806
-0.2150999595031279,-0.22172988293531012,0.21603774649865437,-0.22271004542914002,0.25000000000000006,-0.2225225365008173,0.20726716968839132,-0.22230082791976674,0.19714228544608786,-0.22235322263605634,-0.1929021713698199,0.19519988592816415,-0.22053841160898607,0.22208393248237834,-0.2378914155152375,0.20750798175152274,-0.2067750897603682,0.19765694868753553,-0.194967502279947,0.19015499572055827,0.07540904772942753,-0.12764918015905552,0.12796835119484717,-0.16775177348789355,0.13910415749711802,-0.17361417583682737,0.16801651935260453,-0.1855029241329001,0.18565616392459264,-0.1956997405980421,-0.08323090118000898,0.04591377499835376,-0.05357285433348264,-0.022319961921018684,0.015363828305356635,-0.07444169085365025,0.06428930028327459,-0.10145096348392978,0.10121010409245276,-0.12461326019322189,-0.0906648644328753,0.09094099150585415,-0.13511181448134235,0.13226444351146052,-0.15516509205893395,0.14183587409662368,-0.15012388424622924,0.13326018235520962,-0.13400503125218283,0.12493200508425958,-0.2193697063472065,-0.2212912765164566,0.15958528194758456,-0.22029138034615245,0.1716623124543034,-0.22197104715708213,0.16140391925033268,-0.22153550678952427,0.14096012083469878,-0.2223534255237058
0.24226944489632068,0.24875288425398587,-0.21219851429888495,0.24949640349201885,-0.2225225365008173,0.25,-0.1971104169069069,0.24914852367932858,-0.18222637034106196,0.24982684459602106,0.17806324900008763,-0.17574071379784792,0.2011582434199053,-0.19593068195411728,0.21104168027269166,-0.1807149906001766,0.18854113062487327,-0.17925390220702464,0.17656495503788808,-0.16974853529212677,-0.048930360497541195,0.10135489039892912,-0.10180995653764614,0.14149984015807682,-0.11195858467886716,0.14660626839069885,-0.14108734788069044,0.16292806501548485,-0.1631037296018385,0.17531004162357322,0.056768957292289,-0.019314237378914228,0.026975208566080433,0.04956990483234118,-0.04268808892705881,0.10175891321510996,-0.09162908482169617,0.1288131272532282,-0.12856596603300954,0.1519976575564054,0.11785606955016861,-0.1182156878601031,0.16252137227857327,-0.15967254724938876,0.1825889812366238,-0.16925097630221092,0.17754529693118665,-0.16065249788439612,0.16139752727848297,-0.15229621289259943,0.24644567853696328,0.2487368774969385,-0.1869419803523626,0.2477637753207182,-0.19909647062858873,0.2494449409971997,-0.1888187645312423,0.249008985806127,-0.16835786176064851,0.24982758676184608
-0.1899035873564889,-0.1964598590085308,0.18938131115746398,-0.19670698139500153,0.20726716968839132,-0.1971104169069069,0.25000000000000017,-0.19761105255088193,0.2259923657711104,-0.19694466286356946,-0.1625505649885689,0.16501588892520092,-0.19027537538200892,0.19328358341813995,-0.2091558987187506,0.23224381998278504,-0.2404011310279141,0.23115979127483116,-0.22848286850663896,0.2216719934787508,0.06359056346000268,-0.10884869363094221,0.1093581399952816,-0.14858567433230235,0.16342484216633618,-0.19834228562384446,0.19293342013939146,-0.21486670759926896,0.21501970925520975,-0.227178035710783,-0.07139029510873438,0.038908579159021954,-0.04665431623513188,0.0025124352647002924,-0.009627920208168451,-0.04931028978218687,0.03911062712661383,-0.0762180829910354,0.07596524521049565,-0.0993383548297082,-0.07042375958935335,0.0706602955211864,-0.10991336847068768,0.10701364092805707,-0.1298625204998353,0.11655320638293554,-0.12482679225450553,0.10797388147589987,-0.10871779182800345,0.09967340115858303,-0.1942986333326088,-0.19590747146595267,0.13436938495565828,-0.194885541621319,0.14633533439880853,-0.19656232075346583,0.13610284048972865,-0.19612750887210498,0.11566322120025294,-0.19694410958544392
0.24177268335949256,0.24821205230815213,-0.21220185098976582,0.24895872829134957,-0.22230082791976674,0.24914852367932858,-0.19761105255088193,0.2500000000000001,-0.1827288629448433,0.2493184149423861,0.17785593349329104,-0.17568792769890046,0.20110408990330225,-0.1960108401044655,0.21113454692200867,-0.18119171133262946,0.1890217883438737,-0.17974987477960344,0.17706526957228483,-0.17024868216922928,-0.04914133022218789,0.1015120637634959,-0.10196694791282016,0.14165380298137425,-0.11244205213280192,0.14709200016596238,-0.14158212306710746,0.16342424819021006,-0.16359969135841937,0.175805763829818,0.056979503002075056,-0.019563057037152762,0.027224577601064587,0.04907478031211002,-0.04219096522730038,0.10125651569298676,-0.09112601738226575,0.1283088542691733,-0.1280616376092984,0.1514924715558485,0.11739277348037824,-0.1177511386871807,0.1620171613171781,-0.15916799147275845,0.18208291456551304,-0.16874533371426265,0.1770393442198999,-0.16014702752848717,0.1608920361447605,-0.1517913754472436,0.24594437783680417,0.24822898367316976,-0.18643781064021211,0.24725541002648235,-0.19858985555300768,0.24893651199116,-0.1883126918174425,0.24850057245029233,-0.16785214445071214,0.24931914459863924
-0.17540659278302304,-0.18166533883036845,0.1762243025079262,-0.18187833150769134,0.19714228544608786,-0.18222637034106196,0.2259923657711104,-0.1827288629448433,0.25000000000000006,-0.18207402436784248,-0.1500286078704127,0.15309767229767984,-0.17840748448594976,0.18308203019572505,-0.1992417233407204,0.22503552706016508,-0.23343105747040968,0.24194146753363396,-0.24416063597365079,0.2372488928747179,0.06053441357247411,-0.10454704476327464,0.10503905057030603,-0.1441461250410149,0.16526873109468135,-0.20023104886383042,0.20393814193098522,-0.22595995705663788,0.22610330151906816,-0.23824564459064107,-0.06829123818834394,0.03764956821930717,-0.04537368690254597,0.011142316655485795,-0.01829988690013666,-0.03622896479164566,0.026032043487084048,-0.06269799674738762,0.06244327446305218,-0.08553745933763689,-0.06002476432934934,0.06023675060737808,-0.0967907924129786,0.09389602247639832,-0.11581465566158922,0.10264055322766215,-0.11080957560714756,0.09407624983134204,-0.09481094257173092,0.08587692714441938,-0.17963244414404742,-0.18107684886506895,0.12089075723696409,-0.18004013360605145,0.1320837508206684,-0.18169633389316553,0.12195645430930337,-0.1812658567369568,0.10167714781382213,-0.18207346190413284
0.24243910675752664,0.2488800810633004,-0.21220937067802265,0.2496368184868099,-0.22235322263605634,0.24982684459602106,-0.19694466286356946,0.2493184149423861,-0.18207402436784248,0.24999999999999994,0.17796660211167253,-0.17560528627267533,0.20102315785001074,-0.19576516515191922,0.21087141437245344,-0.18054468841012097,0.1883714093431439,-0.17908414772977474,0.17639519944839482,-0.16957865007798364,-0.048763315847042826,0.10118861054755478,-0.10164453705898091,0.14133369430021886,-0.11178835749400051,0.14643583573546956,-0.14091733456989788,0.16275797764649533,-0.16293371582972493,0.17514028301366244,0.05660200212117209,-0.01914668424759397,0.026807646949098013,0.0497402706317041,-0.04285893862340818,0.10192953675351119,-0.09179998527185187,0.12898405322597858,-0.12873690895095385,0.15216865425838283,0.1180260144572091,-0.1183861553703613,0.1626923888639342,-0.1598435616239993,0.18276002402124975,-0.16942200512089473,0.17771634324156826,-0.16082350662218106,0.1615685351897661,-0.1524670822581332,0.24661434675880617,0.24890785262556475,-0.18711258959098964,0.2479349212273372,-0.19926752690872646,0.24961609111385324,-0.18898973465915,0.2491801347961446,-0.16852887688217885,0.2499987373748409
0.17050197429724956,0.17816501197761023,-0.2077046159176543,0.17825222290585124,-0.1929021713698199,0.17806324900008763,-0.1625505649885689,0.17785593349329104,-0.1500286078704127,0.17796660211167253,0.25000000000000033,-0.24561764673570619,0.22022990022851213,-0.21415614663405155,0.19810550503698243,-0.16765545335093784,0.15961354231666927,-0.15065515138796942,0.14796823670176404,-0.145357817357289,-0.11952653933155435,0.1717277292408242,-0.1716230442911831,0.1924990309294336,-0.16273992838457182,0.1647607299308873,-0.15947717523936997,0.1525957830521388,-0.15284197370650512,0.15081880068056036,0.12683464614328677,-0.08974174190645867,0.09736849536350493,-0.020964791830101505,0.027946154340230307,0.030848735331785414,-0.02548757677124876,0.06246569062817902,-0.06243923698534182,0.08563768512213438,0.04695294788642791,-0.04709451595859361,0.09116221125890601,-0.08833157920203547,0.11111957146948254,-0.09785062923657611,0.10625695329089672,-0.0937413961203825,0.0944983648534032,-0.08598638512421532,0.17562107842303135,0.17695175680886324,-0.11562242512160455,0.17591560440891832,-0.12753617105134316,0.17758637108737643,-0.11748444131210684,0.17715884782422428,-0.10122584505972439,0.17796682257114285
-0.1687322581291667,-0.17596347049912392,0.2111270055501289,-0.17596109395694493,0.19519988592816415,-0.17574071379784792,0.16501588892520092,-0.17568792769890046,0.15309767229767984,-0.17560528627267533,-0.24561764673570619,0.2500000000000003,-0.22447461671602167,0.21838038173579802,-0.20221893748393865,0.17172086484487764,-0.16350947705942653,0.1545439988189664,-0.15185045838039837,0.1492573753357963,0.12310905340204517,-0.17552660125152209,0.1754065154060373,-0.19649921217236693,0.1666804811841952,-0.16877856773340932,0.1634760042102262,-0.15653923988916565,0.15678452194285727,-0.15473584731714587,-0.13044993741690358,0.09320469071800547,-0.10086526222481834,0.02418226482036276,-0.031203682828576794,-0.02784887546115851,0.02244293721270781,-0.059583525691554465,0.05955610757140377,-0.08285587137677679,-0.04403958499351099,0.044172184178511945,-0.08842183755758042,0.08557873995889863,-0.10846559544477156,0.09513844528046095,-0.1035809522255745,0.09099672864525221,-0.09175699695589952,0.08320845051202903,-0.17329498425651188,-0.1745891438988403,0.11299720739956308,-0.1735452551588636,0.12495428264122432,-0.17522330673938866,0.1148593793235749,-0.17479390100844086,0.09851463471721783,-0.175605425647542
0.1941416177503133,0.20133723240108153,-0.23650491778057295,0.20137902429459173,-0.22053841160898607,0.2011582434199053,-0.19027537538200892,0.20110408990330225,-0.17840748448594976,0.20102315785001074,0.22022990022851213,-0.22447461671602167,0.2500000000000002,-0.2436226299909496,0.22747421527828504,-0.19694182826986323,0.18874323312429414,-0.1797557973747329,0.17706316227411123,-0.1740319598726522,-0.09768961162208535,0.1501070565923968,-0.15031339686412004,0.18956433800816816,-0.15966644247731657,0.17830871518317962,-0.172696577516223,0.17618217803985883,-0.17635005683725058,0.17956252808175505,0.10549290467273474,-0.06806408739195685,0.07572665094547722,0.0009413340509073914,0.006066568053412962,0.05306705013121315,-0.04448614977608998,0.08166861651443293,-0.08150762022978283,0.10488299085629006,0.06922782102132234,-0.06943757850408838,0.11373449246289229,-0.11088730508705526,0.1338006782449317,-0.12046357509728896,0.1288094006614653,-0.11336648175602304,0.11411712595698736,-0.10521771354307889,0.19834807299875173,0.1999816954590842,-0.13827648332015574,0.19896037912628523,-0.1503078884534933,0.2006407163857011,-0.14010051518123426,0.2002069819082857,-0.1210113574086189,0.2010232995774353
-0.1891247973215073,-0.19606929824018254,0.23041239774716377,-0.19612405626981805,0.22208393248237834,-0.19593068195411728,0.19328358341813995,-0.1960108401044655,0.18308203019572505,-0.19576516515191922,-0.21415614663405155,0.21838038173579802,-0.2436226299909496,0.2500000000000002,-0.23362578448832422,0.20310498598380927,-0.19459302700706219,0.18561006819339615,-0.1829170968795358,0.17994356043481902,0.10297506324628028,-0.155397463670317,0.1555865995074168,-0.19554168156392954,0.1656346087931168,-0.18433602986160025,0.17869375918348612,-0.18212549771949926,0.18228869457152536,-0.18547100069716238,-0.11079368436815917,0.07335701432781738,-0.08102093899620337,0.0043337046790468195,-0.011359321525550116,-0.04779517204988233,0.03913973002711963,-0.07632911002300662,0.07616523514467424,-0.09954424405494751,-0.06396587380371295,0.06415937093179903,-0.1084621901953921,0.10561463871722691,-0.12853187412277278,0.11519262595749817,-0.1235374969371986,0.10803575193720576,-0.10878637325836764,0.0998829974525476,-0.19316642522834535,-0.1947288199888684,0.13302208753814165,-0.19370196362053035,0.14504210913932913,-0.19538252061730949,0.13483357265889062,-0.19494865957634197,0.11568438688585385,-0.19576516840061017
0.2042473359752822,0.21047716458266266,-0.21870100434482403,0.2112195842000929,-0.2378914155152375,0.21104168027269166,-0.2091558987187506,0.21113454692200867,-0.1992417233407204,0.21087141437245344,0.19810550503698243,-0.20221893748393865,0.22747421527828504,-0.23362578448832422,0.2500000000000002,-0.2193258293965012,0.21085377597290236,-0.20188167881759897,0.19918948957015162,-0.19617973707828196,-0.08694507785983294,0.1391937674282787,-0.13945375384087885,0.17932512140739418,-0.15077538405312002,0.18542593787584757,-0.17978292625701303,0.19342806277105684,-0.19356613022671668,0.2017246497981403,0.09476756495345794,-0.057447289648138986,0.06511169378923529,0.010758256725398204,-0.003764936724474441,0.06289705245823593,-0.052709484890211204,0.08989416638301065,-0.08965903682240364,0.11306681137964436,0.07915939131114065,-0.07940004895148417,0.12358070551695544,-0.12073179821674551,0.14364567384622356,-0.13030853160410355,0.13860054814174422,-0.12171967129755588,0.12246504142066712,-0.11339443053372641,0.20805450912373277,0.2098204886908336,-0.1480983012176331,0.20880830758880572,-0.16015295907919153,0.2104888064172222,-0.1498933076132387,0.2100530408883828,-0.1294246573694961,0.21087140562705942
-0.1741618860965359,-0.18022048694998236,0.18833223774712976,-0.18088789666792207,0.20750798175152274,-0.1807149906001766,0.23224381998278504,-0.18119171133262946,0.22503552706016508,-0.18054468841012097,-0.16765545335093784,0.17172086484487764,-0.19694182826986323,0.20310498598380927,-0.2193258293965012,0.2500000000000002,-0.2414116470552638,0.23242734347702043,-0.2297340265469002,0.22670097056848684,0.07574277541491553,-0.12014791385273925,0.12061554629929243,-0.1599377605616394,0.18079722953178715,-0.21583983627490883,0.21013328281082083,-0.2239227736753778,0.2240479227411604,-0.23222522729194062,-0.0835557946819567,0.05164468477611448,-0.0594219501244416,0.019392628571876326,-0.02658419128178839,-0.032606432911484205,0.022358252272053087,-0.059552520271111464,0.05931309240961613,-0.08272160128650914,-0.054406333088793474,0.05459649299927486,-0.09330809498704237,0.0903948404054726,-0.11331135187246508,0.0999714720543755,-0.10826336818856924,0.09137640561238682,-0.09212220057487544,0.08306977048312267,-0.1781330628921845,-0.17952149031377526,0.11785968398499468,-0.1784808839648002,0.1298225862007982,-0.18016128627947034,0.1195740695089468,-0.1797255434755275,0.0990835153801725,-0.18054394565531146
0.18198528572385703,0.187999864179179,-0.18502773243600912,0.1881846322196979,-0.2067750897603682,0.18854113062487327,-0.2404011310279141,0.1890217883438737,-0.23343105747040968,0.1883714093431439,0.15961354231666927,-0.16350947705942653,0.18874323312429414,-0.19459302700706219,0.21085377597290236,-0.2414116470552638,0.25000000000000017,-0.24053590788912652,0.23784722091242616,-0.23103177403081793,-0.06732806406628404,0.11169922205620629,-0.11220860567047289,0.1514704104256879,-0.17247427130008602,0.2075049774502269,-0.2022452925391841,0.2242284587923448,-0.22437792595464695,0.2365477414005435,0.07513925469395401,-0.043282511912338055,0.051058004765812945,-0.011365164427923952,0.01853490530133775,0.040461623468926365,-0.03022643431861373,0.06740868861417794,-0.06715436601120162,0.0905727535241151,0.062354517807939686,-0.0625694834913386,0.10118959021763557,-0.0982758459006975,0.12115705711859172,-0.10782109560109036,0.11611075873051868,-0.0992253647541051,0.09997084789505192,-0.0909148879777375,0.18584574584934452,0.1873411130483239,-0.1257097009923047,0.18630811144872428,-0.1376629110598223,0.18798811283685343,-0.1274139553610223,0.1875524683926837,-0.10693015235570563,0.1883706596036106
-0.17289585562126739,-0.1787284305566035,0.17596657108588074,-0.17890756597412583,0.19765694868753553,-0.17925390220702464,0.23115979127483116,-0.17974987477960344,0.24194146753363396,-0.17908414772977474,-0.15065515138796942,0.1545439988189664,-0.1797557973747329,0.18561006819339615,-0.20188167881759897,0.23242734347702043,-0.24053590788912652,0.2500000000000003,-0.24725702929719648,0.24047598311678317,0.06404275909131517,-0.10779424388036951,0.10829030426011996,-0.14754571245674783,0.17260116411300297,-0.20770425230482512,0.21158749735424875,-0.23366235332091712,0.2338078853109231,-0.2459842547971675,-0.07184503166457984,0.04113484280998908,-0.048936519187723425,0.016864872081490824,-0.02412238824409522,-0.031157551497565467,0.020893015972278127,-0.05808692934374683,0.05783164702393271,-0.08125585993922303,-0.05568987025018276,0.05589081702001726,-0.09256492587181478,0.08962277751590746,-0.11185441464111114,0.09851074938751495,-0.1068024193692359,0.08991119140164024,-0.09065698973554269,0.08160432327369185,-0.17668592361034333,-0.17807791361789466,0.11702800560071638,-0.17702035250872208,0.12836204447560431,-0.17870074533862945,0.11811397078292665,-0.17826499962155265,0.09761854901342633,-0.17908340655022637
0.17026543838316405,0.1760438794634392,-0.17328096047926334,0.1762185053597904,-0.194967502279947,0.17656495503788808,-0.22848286850663896,0.17706526957228483,-0.24416063597365079,0.17639519944839482,0.14796823670176404,-0.15185045838039837,0.17706316227411123,-0.1829170968795358,0.19918948957015162,-0.2297340265469002,0.23784722091242616,-0.24725702929719648,0.25000000000000056,-0.24301376480350037,-0.06222268236273047,0.10559865956010014,-0.10609152822470355,0.1451785068573265,-0.1702979482105558,0.20530090842891857,-0.20928408504379895,0.23133241397498622,-0.23147292712374593,0.24361693513062907,0.06997992433766015,-0.03984253144984095,0.04757377887450161,-0.016452032312065316,0.023631778053417242,0.030722913222801962,-0.02051572927435476,0.057141363202335475,-0.056885796375713824,0.07995395841637229,0.055024510980968444,-0.05522328136704027,0.0912387871775925,-0.08834151900543545,0.11021336846457538,-0.09705080009413235,0.10520968152551452,-0.0884842286071968,0.08921808644405213,-0.08029693089802313,0.1740327616127085,0.17540488690996617,-0.11531825971729395,0.17436355816635413,-0.1264637155637873,0.1760177710627079,-0.11634676919175192,0.1755876605023106,-0.0960771320774358,0.17639446061269384
-0.16362104831214436,-0.16924810481456082,0.16912920683564917,-0.16952589443357,0.19015499572055827,-0.16974853529212677,0.2216719934787508,-0.17024868216922928,0.2372488928747179,-0.16957865007798364,-0.145357817357289,0.1492573753357963,-0.1740319598726522,0.17994356043481902,-0.19617973707828196,0.22670097056848684,-0.23103177403081793,0.24047598311678317,-0.24301376480350037,0.2500000000000004,0.062420907533298944,-0.10449906691990725,0.10499543308623623,-0.143612627753816,0.17032248498860003,-0.20504670005671335,0.20913129237076153,-0.23106595408894143,0.23120024573034365,-0.24327049219146035,-0.07009443075323978,0.04079661154830134,-0.048394268246708616,0.019275714133838856,-0.02633677688132419,-0.026854820504053505,0.01676394771525164,-0.05265302733622807,0.05239862302660989,-0.07499919070626929,-0.050929667959648386,0.05111623007742941,-0.08617088625363636,0.08333012682471448,-0.10474369048478796,0.09183517985315119,-0.09982509691068306,0.08336206690723931,-0.08408077639059901,0.07533755123497612,-0.16731003962646362,-0.168612035545699,0.10976555696209467,-0.16758835752801268,0.12066359272047922,-0.16920889989005797,0.11073842851146876,-0.1687869199979739,0.09080464961833037,-0.16957791182033738
-0.04620423697404475,-0.04935005670538112,0.08498812754941881,-0.04912341122342838,0.07540904772942753,-0.048930360497541195,0.06359056346000268,-0.04914133022218789,0.06053441357247411,-0.048763315847042826,-0.11952653933155435,0.12310905340204517,-0.09768961162208535,0.10297506324628028,-0.08694507785983294,0.07574277541491553,-0.06732806406628404,0.06404275909131517,-0.06222268236273047,0.062420907533298944,0.2500000000000003,-0.1971543737558204,0.19661348437213028,-0.15635576818574254,0.13845702896809797,-0.10210159284878122,0.09882664058460654,-0.07614375759752572,0.07674997730088019,-0.06593440599535658,-0.2412630170579301,0.20481092163849945,-0.20040432520029863,0.1245766833273117,-0.123317747399427,0.06947860740448977,-0.061151073074639024,0.030331683528386683,-0.02985134709263996,0.012235292141183303,0.07355089788016378,-0.0737795799430781,0.03184327005944984,-0.034439446852835266,0.013149605206524445,-0.018460002313744256,0.010165121844650614,-0.007376079931776778,0.0066222953004308706,-0.011833385147396833,-0.04822013994193668,-0.04792513750636699,-0.008868653594018812,-0.04686342306581815,0.0020521901361882575,-0.0484111484006269,-0.00014132992378616195,-0.048300062482796995,-0.001454064984998533,-0.0487630846403971
0.09684639709985356,0.10168188802933267,-0.13713654128223146,0.10154852672234013,-0.12764918015905552,0.10135489039892912,-0.10884869363094221,0.1015120637634959,-0.10454704476327464,0.10118861054755478,0.1717277292408242,-0.17552660125152209,0.1501070565923968,-0.155397463670317,0.1391937674282787,-0.12014791385273925,0.11169922205620629,-0.10779424388036951,0.10559865956010014,-0.10449906691990725,-0.1971543737558204,0.25000000000000044,-0.2485175227873909,0.20809915119130207,-0.18003581630077994,0.14423661583722033,-0.14012156947793625,0.11865900755577148,-0.11915988583311152,0.10938181735938375,0.20386477169601905,-0.16710589991634198,0.17466888635083988,-0.09795753473285894,0.10494721266757696,-0.04606035527178131,0.04251378081015032,-0.005458080367485234,0.005133964028464569,0.017974659121259222,-0.029872645256033788,0.029966353873396957,0.014187750284137757,-0.01135284687021554,0.03419363534394967,-0.020926643895360107,0.029653889734779365,-0.025145043800526068,0.02593361308705068,-0.01838025148530549,0.09994638978043315,0.10024527042197734,-0.03889726021096137,0.0991333468228325,-0.050652053506108574,0.10080719383581332,-0.04091027774116944,0.10039135420027256,-0.03231070645845768,0.10118847704573104
-0.09729155081473616,-0.1021336800943459,0.13740443076915032,-0.10200257827391025,0.12796835119484717,-0.10180995653764614,0.1093581399952816,-0.10196694791282016,0.10503905057030603,-0.10164453705898091,-0.1716230442911831,0.1754065154060373,-0.15031339686412004,0.1555865995074168,-0.13945375384087885,0.12061554629929243,-0.11220860567047289,0.10829030426011996,-0.10609152822470355,0.10499543308623623,0.19661348437213028,-0.2485175227873909,0.25000000000000056,-0.20889457536023304,0.1805686146557029,-0.14465240820961603,0.14050539993371933,-0.11904181227918063,0.11954432379864056,-0.10976158368303472,-0.20395587717841537,0.16731207576794827,-0.1749817453168856,0.09806065406167651,-0.10512504644892451,0.046089393977491566,-0.042562245460011604,0.005400664264845808,-0.005076665392878862,-0.018117197505166757,0.0297822768088198,-0.029875808885234993,-0.014400445412774642,0.011556901718582013,-0.034461527107716106,0.021126957242312762,-0.02987724837866614,0.025318145078122516,-0.026108796912590732,0.018523806092516415,-0.10039656242299516,-0.10069842271916306,0.039178652177704484,-0.0995835271580192,0.05096606183976243,-0.1012620147993557,0.04116689360445603,-0.10084381772295761,0.03250728270009717,-0.1016444029357946
0.13588823249257706,0.14174005140614976,-0.17642956050568037,0.1416931832249344,-0.16775177348789355,0.14149984015807682,-0.14858567433230235,0.14165380298137425,-0.1441461250410149,0.14133369430021886,0.1924990309294336,-0.19649921217236693,0.18956433800816816,-0.19554168156392954,0.17932512140739418,-0.1599377605616394,0.1514704104256879,-0.14754571245674783,0.1451785068573265,-0.143612627753816,-0.15635576818574254,0.20809915119130207,-0.20889457536023304,0.25000000000000044,-0.21814032884938755,0.18266821596321575,-0.17671594992165174,0.1567868786270293,-0.1570518460721963,0.14869415386138315,0.1638491394482884,-0.12688600881671627,0.1345481706641425,-0.05797704524202506,0.06511723843691188,-0.006098714778102674,0.009501230298996268,0.027571915560905,-0.027629212525393153,0.05085246167329951,0.010138108456138203,-0.010166458466587721,0.054320554696749325,-0.051483582677605784,0.07432652155284299,-0.06101735805323445,0.06951099895704778,-0.0587654133290051,0.059531129366319796,-0.05122939668518611,0.13951775966025645,0.1403528428562794,-0.07893486642235342,0.13927775205390472,-0.09078510258471967,0.14095218324248684,-0.08077793938352723,0.14052596335299677,-0.06619424552527245,0.1413335662236891
-0.10669299533673487,-0.11225422713116148,0.14667935167903842,-0.11214717334728538,0.13910415749711802,-0.11195858467886716,0.16342484216633618,-0.11244205213280192,0.16526873109468135,-0.11178835749400051,-0.16273992838457182,0.1666804811841952,-0.15966644247731657,0.1656346087931168,-0.15077538405312002,0.18079722953178715,-0.17247427130008602,0.17260116411300297,-0.1702979482105558,0.17032248498860003,0.13845702896809797,-0.18003581630077994,0.1805686146557029,-0.21814032884938755,0.2500000000000003,-0.2124811658853895,0.20642084065986757,-0.1848124312236069,0.18505471396910586,-0.17572285506245766,-0.14627316995808107,0.11612481648863739,-0.12391947372890338,0.08791373933818562,-0.09527619151246307,0.036018391591483796,-0.039488526668975905,0.0023005331264652215,-0.002244688242003523,-0.021039158423384267,0.01344527963931675,-0.013460289997162917,-0.024575437490634542,0.02165636362946927,-0.04457147713471958,0.031231834286712837,-0.03975120159325323,0.028973920735304026,-0.029742405530649066,0.021437194596183987,-0.11036257027631903,-0.1108316992965565,0.04929021875157894,-0.1097256333612102,0.06108363745589589,-0.11140503016212079,0.05106920209647226,-0.11097802469531826,0.036426272881576356,-0.11178762145936076
0.14066305164582235,0.14646167654205391,-0.16645025228706323,0.1467883427862036,-0.17361417583682737,0.14660626839069885,-0.19834228562384446,0.14709200016596238,-0.20023104886383042,0.14643583573546956,0.1647607299308873,-0.16877856773340932,0.17830871518317962,-0.18433602986160025,0.18542593787584757,-0.21583983627490883,0.2075049774502269,-0.20770425230482512,0.20530090842891857,-0.20504670005671335,-0.10210159284878122,0.14423661583722033,-0.14465240820961603,0.18266821596321575,-0.2124811658853895,0.25000000000000044,-0.2410421560840336,0.21971278801846603,-0.21971123288837288,0.21086747361758132,0.10987680350414106,-0.07970584317762223,0.08745058952997314,-0.0512983422822156,0.058531141039084834,0.00040713193835549056,0.00984776270514943,0.02688050960474924,-0.02670312482176708,0.04975522544111188,0.022372059453690536,-0.022465309892955598,0.06028038910100607,-0.05740124235314747,0.08007892798568707,-0.06688337201482324,0.07506319361917761,-0.05831178485284351,0.05904792428592474,-0.05012254727178372,0.14451423253985057,0.14545683110856453,-0.08459841736958464,0.14439920495496525,-0.09637760722048527,0.14605739750509214,-0.0862458431089407,0.1456262164707354,-0.0659248148939149,0.14643509690322654
-0.13526806988932225,-0.1409521340904758,0.16088822666959543,-0.14126806926409072,0.16801651935260453,-0.14108734788069044,0.19293342013939146,-0.14158212306710746,0.20393814193098522,-0.14091733456989788,-0.15947717523936997,0.1634760042102262,-0.172696577516223,0.17869375918348612,-0.17978292625701303,0.21013328281082083,-0.2022452925391841,0.21158749735424875,-0.20928408504379895,0.20913129237076153,0.09882664058460654,-0.14012156947793625,0.14050539993371933,-0.17671594992165174,0.20642084065986757,-0.2410421560840336,0.25000000000000056,-0.2259896438894423,0.2259862709048925,-0.21528675096364677,-0.10668113530508601,0.07752912218931134,-0.0853367296609612,0.05437944041943288,-0.0617221852912151,0.006703999622768405,-0.01703153856745231,-0.020108908437430628,0.01993433046339295,-0.04323344592675975,-0.018083039882819216,0.01816868987560423,-0.05457175702812239,0.05163269197726468,-0.0738032942197084,0.06047531309279143,-0.06875128346288233,0.05187707725524067,-0.05262198812280961,0.04360962672630106,-0.1390722686620233,-0.13995193078225598,0.07908820088402374,-0.1388574018215184,0.09028530084895398,-0.14053456892326088,0.0800646497775324,-0.14009944000913938,0.05957343392411203,-0.14091659929276176
0.1568313469604673,0.16254254496447434,-0.16899679371873141,0.16283819626058457,-0.1855029241329001,0.16292806501548485,-0.21486670759926896,0.16342424819021006,-0.22595995705663788,0.16275797764649533,0.1525957830521388,-0.15653923988916565,0.17618217803985883,-0.18212549771949926,0.19342806277105684,-0.2239227736753778,0.2242284587923448,-0.23366235332091712,0.23133241397498622,-0.23106595408894143,-0.07614375759752572,0.11865900755577148,-0.11904181227918063,0.1567868786270293,-0.1848124312236069,0.21971278801846603,-0.2259896438894423,0.2500000000000006,-0.2484870420537398,0.23742390219105777,0.08415945935383415,-0.05469792218500756,0.06247887488428352,-0.03168906701830578,0.0389547208998309,0.016147630911962408,-0.005866353783440362,0.04273419024329399,-0.0424757690209785,0.06569981182828927,0.04055830281565107,-0.04071288116089389,0.07698662153593247,-0.07407098344288122,0.09614286200503148,-0.08289669854414818,0.09110911241210193,-0.07428980168468563,0.07502865273888984,-0.06605611383728104,0.1605946089904103,0.16177492511835842,-0.10126877851927991,0.1607131775016482,-0.11250089736486409,0.1623780604055041,-0.10232698682165099,0.16194530841721744,-0.08193210204070756,0.16275723823845548
-0.15699956015535355,-0.16271857103717421,0.16917630860786118,-0.16301311174557567,0.18565616392459264,-0.1631037296018385,0.21501970925520975,-0.16359969135841937,0.22610330151906816,-0.16293371582972493,-0.15284197370650512,0.15678452194285727,-0.17635005683725058,0.18228869457152536,-0.19356613022671668,0.2240479227411604,-0.22437792595464695,0.2338078853109231,-0.23147292712374593,0.23120024573034365,0.07674997730088019,-0.11915988583311152,0.11954432379864056,-0.1570518460721963,0.18505471396910586,-0.21971123288837288,0.2259862709048925,-0.2484870420537398,0.2500000000000005,-0.23763648911066054,-0.08479870515501359,0.055380211880961594,-0.06319151698362395,0.03268390481586024,-0.039991661248705686,-0.015108882160251863,0.004818652448153102,-0.04194822790676999,0.041691130837964684,-0.06511301686223991,-0.039935892076900015,0.04008934714152046,-0.07645820299713843,0.07351266689411545,-0.09570710547410788,0.08236319499144307,-0.09065421597895308,0.07376778971045328,-0.07451375802956757,0.06547344725076816,-0.16076859359375054,-0.16194473513841676,0.1009561305467391,-0.16087014551204762,0.1122150415652323,-0.1625503209908737,0.10197417092525596,-0.16211464185278537,0.0814752449821103,-0.16293297672747073
0.169019028826072,0.17479964447557822,-0.17464236383214848,0.1750876389070656,-0.1956997405980421,0.17531004162357322,-0.227178035710783,0.175805763829818,-0.23824564459064107,0.17514028301366244,0.15081880068056036,-0.15473584731714587,0.17956252808175505,-0.18547100069716238,0.2017246497981403,-0.23222522729194062,0.2365477414005435,-0.2459842547971675,0.24361693513062907,-0.24327049219146035,-0.06593440599535658,0.10938181735938375,-0.10976158368303472,0.14869415386138315,-0.17572285506245766,0.21086747361758132,-0.21528675096364677,0.23742390219105777,-0.23763648911066054,0.25000000000000017,0.07406118250571928,-0.04356680666211977,0.051371681477491084,-0.020634037094353953,0.027905939269390563,0.027270151611390726,-0.01700035972782076,0.054183593017877986,-0.05392791423819291,0.07734386617359285,0.052040867427581954,-0.052231522216182984,0.08867115455202827,-0.08572740382800959,0.10793498386267396,-0.09459496930931872,0.10288346681837543,-0.0859964807471218,0.0867420478860091,-0.07769502389319145,0.17279802205079056,0.17413866018870078,-0.11313188887616527,0.17307726768770174,-0.12443684218026621,0.174757017650067,-0.1141931221926913,0.17432140157442494,-0.09370132640896026,0.17513954320003725
0.05376805351047612,0.05717446888119969,-0.09275566246831443,0.056961986048369835,-0.08323090118000898,0.056768957292289,-0.07139029510873438,0.056979503002075056,-0.06829123818834394,0.05660200212117209,0.12683464614328677,-0.13044993741690358,0.10549290467273474,-0.11079368436815917,0.09476756495345794,-0.0835557946819567,0.07513925469395401,-0.07184503166457984,0.06997992433766015,-0.07009443075323978,-0.2412630170579301,0.20386477169601905,-0.20395587717841537,0.1638491394482884,-0.14627316995808107,0.10987680350414106,-0.10668113530508601,0.08415945935383415,-0.08479870515501359,0.07406118250571928,0.2500000000000003,-0.21229655090739394,0.20785858105815916,-0.13098525197103558,0.12975084518526261,-0.07215620574895122,0.06382600766820887,-0.030546100199693643,0.030054165124843216,-0.01121678512505878,-0.07463390647684787,0.07486324333419055,-0.030599475602626033,0.0334311427899837,-0.010520772651089128,0.017538666506636113,-0.008565304477419444,0.006161974555705621,-0.0053448835860180725,0.01078355855843519,0.05596441343223685,0.05569429689860314,0.00573017253968664,0.054542398343294086,-0.005961535809323511,0.05622013418753036,-0.002370701107361278,0.05605102177584859,-0.00035889319275857423,0.05660177138543735
-0.01757814489504206,-0.019786199588511036,0.05551347958305507,-0.019506858048556838,0.04591377499835376,-0.019314237378914228,0.038908579159021954,-0.019563057037152762,0.03764956821930717,-0.01914668424759397,-0.08974174190645867,0.09320469071800547,-0.06806408739195685,0.07335701432781738,-0.057447289648138986,0.05164468477611448,-0.043282511912338055,0.04113484280998908,-0.03984253144984095,0.04079661154830134,0.20481092163849945,-0.16710589991634198,0.16731207576794827,-0.12688600881671627,0.11612481648863739,-0.07970584317762223,0.07752912218931134,-0.05469792218500756,0.055380211880961594,-0.04356680666211977,-0.21229655090739394,0.2500000000000005,-0.24166952309075074,0.1648143658671379,-0.15688713051682565,0.09999754021152125,-0.0902272304320415,0.0593097439159088,-0.05870063180803797,0.04237515308200386,0.11209866502931812,-0.11244304400149069,0.06815475846053595,-0.07098634716097611,0.04804419019790729,-0.052518724975515144,0.04344972537223865,-0.038442582743874666,0.03761377125524415,-0.04191684031998986,-0.019034766911914087,-0.018272984935568788,-0.043164398113955664,-0.017084971603567353,-0.031546842839864794,-0.01876446992490445,-0.03263008017562991,-0.01869567407188649,-0.032173879765543326,-0.019146386228835258
