x1,x2,x3,x4,x5,x6,x7,x8,x9,x10,x11,x12,x13,x14,x15,x16,x17,x18,x19,x20,x21,x22,x23,x24,x25,x26,x27,x28,x29,x30,x31,x32,x33,x34,x35,x36,x37,x38,x39,x40,x41,x42,x43,x44,x45,x46,x47,x48,x49,x50,x51,x52,x53,x54,x55,x56,x57,x58,x59,x60
0.25000000000000006,0.2490978078550096,0.24298398036745417,0.24855336082218746,0.24350225430125302,0.24695599886961755,0.24356697903026706,0.2439935658357094,0.22302888234058532,0.24936048441984784,0.24734066238601357,0.03089505501499528,-0.02652148057663961,0.1340925238266746,-0.1099535146333424,0.2074036872144386,-0.15861635855814302,0.23315036346038803,-0.2033541768291341,0.2474635036817334,0.24089347349041423,0.032990595176212806,-0.0279698889589946,0.05001542297536096,-0.02033807363867114,0.03594694310848048,-0.0020599602214809404,0.02248278865217127,-0.015373260561780969,0.2474744540760618,0.24767076452819706,-0.060593445809953586,0.06569537618653307,-0.049276172589539126,0.06771626569548436,-0.05586749374467109,0.07707712688437118,-0.04005742608679656,0.046708830672582684,0.2449271279375063,0.24743320592311158,0.10738575248900627,-0.10459732570874952,0.17019128329475838,-0.12735838393363907,0.21594847370008033,-0.1693079058770821,0.23345428266209872,-0.18479569926850523,0.23869342629674295,0.24892016742853867,0.24911649653576312,0.24290611939350631,0.24836890831074646,0.2367134312849738,0.24039827631365682,0.24106568164715242,0.23647726383132509,0.2130235266219535,0.24936027426332447
0.2490978078550096,0.25000000000000006,0.24333812832541354,0.24892800430132217,0.2438649714649788,0.24733713238386948,0.2439401807028985,0.24436950622559855,0.22339440037019037,0.24973469092763162,0.24771239723015448,0.030408983713366887,-0.02602692675910225,0.1340488854365994,-0.10990162328063664,0.20766905658777593,-0.15887118922584018,0.2334913262653687,-0.20368286467512112,0.2478360910575288,0.2412403005083737,0.03354149785020584,-0.028509907338747476,0.05057565160850206,-0.020817038139285836,0.03643299383560145,-0.0024633418347160155,0.022908194101174176,-0.01577998097018612,0.2478494494724841,0.2480460418644775,-0.06113082619261029,0.06624854124814948,-0.04982740286551809,0.06828575738672889,-0.05641290029999717,0.07764187343057975,-0.04050704358439667,0.04716760579240186,0.24528825809052907,0.24780410696807506,0.10787962855149329,-0.10508176746481075,0.17064220159098117,-0.12771300242659325,0.21635096769267467,-0.16956548509767447,0.23380945249967883,-0.18500486085481882,0.23903496286329476,0.2492938637081645,0.24949009947395978,0.24326956053832108,0.24874007926310443,0.23705041198136603,0.24074507879668824,0.2414156500453043,0.23681233075088995,0.2132896091208514,0.24973448058247705
0.24298398036745417,0.24333812832541354,0.25000000000000017,0.24279166722887552,0.23775975603825955,0.24121199884487396,0.2379655325996188,0.23830946939012518,0.21754272832769034,0.24359861909706954,0.24161755255667808,0.03139170836944364,-0.031140426800297317,0.13158390233855408,-0.10755353172618343,0.20266108074889463,-0.15406775605149475,0.22767294974468494,-0.1980652114210124,0.2417056162978833,0.23530428090813887,0.03276884785835508,-0.02795002715312724,0.0496642498292743,-0.020574468633159773,0.035948974879816395,-0.0027935836758104017,0.02296523636024882,-0.015995387092976748,0.24174862063929967,0.24195475005028724,-0.06003066587469642,0.06503598352996258,-0.04906599664445064,0.06724170506011226,-0.05566400840919977,0.07654064529819755,-0.040221173580814215,0.046762920959382934,0.23925316292017496,0.2417155533422001,0.10549479470784077,-0.10275779453695873,0.16662591867282295,-0.12472994643850314,0.211176463497883,-0.16546149181123,0.2280763109240662,-0.18040061177341332,0.23314532627153015,0.24316874380802472,0.24335978102453523,0.23728961403035495,0.24262691104072004,0.23120878123221372,0.23481625899734115,0.23547158642964236,0.23097440386242138,0.20799713698571992,0.24359838415500815
0.24855336082218746,0.24892800430132217,0.24279166722887552,0.2500000000000001,0.24331651925662456,0.24679806169372626,0.24339783215183375,0.2438280774164431,0.2228492203199296,0.2491900800162769,0.24717202585350637,0.02973114097128663,-0.025365116895449794,0.13343401312421527,-0.10931887526359396,0.20710413989028878,-0.1583511703366012,0.2329468511342038,-0.20314617548180622,0.24729230590934226,0.24069163065793386,0.03420234983397702,-0.029192582579979667,0.051237426754313954,-0.021487881397561,0.03706997068682574,-0.003117021032251678,0.023515995661333826,-0.016387870900516445,0.2473094165834511,0.24751091167958184,-0.0617138054803191,0.06683411271497959,-0.050492011837754154,0.06891134634323628,-0.05705700715242103,0.07822981756179039,-0.041080381814791476,0.04772895882407907,0.24474269151575986,0.24726310181987013,0.10817439748524776,-0.10537432524817773,0.1705829535462906,-0.1276984299435843,0.2160130648180436,-0.16920786770454685,0.23330875418553185,-0.18449186809415527,0.23848659781470996,0.2487504570331574,0.24894563438011105,0.24273708701571764,0.24819511971519945,0.2365038480509722,0.24019738158360246,0.24087012595037288,0.23626369775373113,0.21273749646604853,0.24918986869093326
0.24350225430125302,0.2438649714649788,0.23775975603825955,0.24331651925662456,0.25000000000000017,0.24171865569509354,0.2383929685391817,0.23878122763592124,0.21781004451929156,0.2441234480756841,0.24214552195610442,0.025543816058247758,-0.021474351509842164,0.12936431262686698,-0.11254164597635283,0.20226227153366785,-0.1535962422824834,0.22793046714279586,-0.1982544565606956,0.2422287472670655,0.2356522456073281,0.03812768632336469,-0.0333369910275062,0.054955106415909165,-0.02547661224535569,0.04073129168511061,-0.007179669390369275,0.02732076924635809,-0.02023849547591862,0.24230296039176763,0.24251485587983704,-0.06495880746341619,0.07006470747517825,-0.054324431495546804,0.07248947427220433,-0.060830508027418455,0.0816561451321664,-0.044635021980287105,0.051186338968821646,0.23969819801915462,0.24223211075492992,0.1092858714564674,-0.10648685170269362,0.1690835998557904,-0.1267607670791574,0.2124999360988521,-0.16587789080572332,0.22862824292350584,-0.1800589660591414,0.23346741142040225,0.2436942989465665,0.24388154683903016,0.23778841436061668,0.24313291626150796,0.23150942720341286,0.23517112394811499,0.23585230630320653,0.23125767514380183,0.2078663032976136,0.24412323796320665
0.24695599886961755,0.24733713238386948,0.24121199884487396,0.24679806169372626,0.24171865569509354,0.25,0.2417953405161152,0.2422353236585904,0.22127063614660158,0.24759188047607908,0.24559022111217568,0.02818816647875571,-0.023860277116959695,0.1318677852982918,-0.10785283331977509,0.20552546832960966,-0.1568745080494386,0.2313766851529464,-0.2016411765190737,0.24569941721419647,0.23909810075964297,0.03558096199425517,-0.030646613836994754,0.052605573164466596,-0.022930370020728973,0.03840599903240773,-0.004546237318811314,0.024795051007310727,-0.01767625791492842,0.2457217025402434,0.24593620620064816,-0.06289137087292308,0.06800981222849405,-0.051871519665980345,0.07017359212781679,-0.0583808287657558,0.07939192778378165,-0.04226958949524292,0.048878876625871565,0.24314961615444422,0.24567594230888568,0.1086442710494566,-0.10584437436891993,0.17017621670104294,-0.12746125576783104,0.21492297209748887,-0.1681497263335748,0.2318320697968121,-0.18306682736870256,0.23689737139196787,0.24715561094049804,0.247348147849028,0.2411759521677616,0.24659775557355954,0.23492182656965388,0.23860688412234113,0.23928329853922894,0.23467748184685316,0.21118143877497628,0.24759166634922836
0.24356697903026706,0.2439401807028985,0.2379655325996188,0.24339783215183375,0.2383929685391817,0.2417953405161152,0.24999999999999978,0.2388330078408991,0.21820225801280146,0.244200168955411,0.24227851034810638,0.02549679182490524,-0.021479458304120746,0.12923397922516608,-0.10559486612163811,0.20281771792830738,-0.15856661189593096,0.22878227927009973,-0.19941879331424775,0.24235064930102532,0.2357339105066434,0.0375244593865166,-0.03308269984781069,0.05459880245384543,-0.025112433506782376,0.039052396626051,-0.0059960774381518705,0.025519374618704023,-0.018494157527016015,0.2423965519973276,0.24258744937005797,-0.06458521026364722,0.06966760402535857,-0.053762406353250795,0.07117883000297298,-0.05948869529732179,0.07998076719937075,-0.04303298911166904,0.04946762693306898,0.23978979883135637,0.24230654299351143,0.10919587149612921,-0.10641194537276338,0.16909323812527655,-0.12676877576619816,0.21225643980228973,-0.1657201716651507,0.22864560440562642,-0.18015765913942963,0.23356232650102624,0.24377064279925892,0.24395844603773956,0.23787151008465124,0.24321128526423724,0.23160447039517815,0.23526313544175328,0.23593945912306757,0.23135604814822486,0.20799589949567698,0.2441999103154266
0.2439935658357094,0.24436950622559855,0.23830946939012518,0.2438280774164431,0.23878122763592124,0.2422353236585904,0.2388330078408991,0.24999999999999994,0.2182989726804541,0.24462908974224287,0.24267307641183625,0.025262964073359852,-0.020989343750355716,0.1289340000219296,-0.10508582282069089,0.20258366755853965,-0.15396767495961874,0.22842543591601525,-0.19874714218976253,0.24274221743040467,0.23613850170875095,0.03832462173445342,-0.03351194746003275,0.055344811141688724,-0.02579328038623289,0.04111425986053349,-0.007407472143805055,0.027438048851653872,-0.02033318899621187,0.24278321828501134,0.24301865234597267,-0.06527759991389023,0.07039620868358856,-0.05464770554099534,0.07277036402244741,-0.06108948435262451,0.08183176059598311,-0.044734080236108656,0.05128021354566871,0.2401927254615444,0.242733534812943,0.10965941122465803,-0.10685619602297318,0.16950810825016344,-0.12709173017381598,0.2129509447329991,-0.16620210675583907,0.22910093648021237,-0.18039715253376656,0.23394347393402531,0.24419911214136603,0.2443865728866186,0.23828095923982717,0.24363579502418517,0.23198051326904381,0.2356518530903994,0.23633629986040577,0.23172765348096425,0.20827225787257014,0.24462887513316284
0.22302888234058532,0.22339440037019037,0.21754272832769034,0.2228492203199296,0.21781004451929156,0.22127063614660158,0.21820225801280146,0.2182989726804541,0.24999999999999994,0.22364647999288206,0.2217721830087068,0.005764601166273837,-0.002269862232329851,0.10873298720234935,-0.08515966067888854,0.18189426799809774,-0.13460573013279728,0.20775437401347374,-0.22331875686622085,0.22201875330703696,0.21520684381306399,0.05677964822339892,-0.05282740305147314,0.07391343287049161,-0.045184281488155016,0.05911466412076779,-0.026606645708535527,0.04293387946798675,-0.03601452071729455,0.22196413822230998,0.2223514592298247,-0.08158597752285854,0.08663946613121022,-0.07338184264694106,0.08948395690010479,-0.0785551385438956,0.09616134763317455,-0.05944842328618781,0.06506460356089043,0.2192802485455104,0.2218933227822303,0.11645997502706085,-0.11364363154519042,0.16411672728440002,-0.12381184178483247,0.19846229193740828,-0.15206405280644605,0.2096762416855617,-0.1615640627867804,0.21306004751304491,0.22326076770436748,0.2234130626334743,0.2177905937344168,0.22266242617649662,0.2111865299205791,0.2147546943273652,0.21549019080384937,0.2108804469277576,0.18777809230983672,0.22364628745167736
0.24936048441984784,0.24973469092763162,0.24359861909706954,0.2491900800162769,0.2441234480756841,0.24759188047607908,0.244200168955411,0.24462908974224287,0.22364647999288206,0.24999999999999975,0.24797286134261673,0.030524833109961548,-0.026139493189041338,0.13423494229012636,-0.11006675370270072,0.20790649443166576,-0.15908236888621186,0.23374724886636916,-0.20392768233556058,0.24809817468568499,0.2414980584335205,0.03345169780710009,-0.028411293128803534,0.050490130313961434,-0.020709429163336367,0.0363431706171218,-0.002342141368482551,0.022797315185649748,-0.015664029748749645,0.24810857142694237,0.24830587739372756,-0.06106140810906613,0.06618199741785852,-0.04973631015428431,0.06820756666837467,-0.056323654217721605,0.07756766075053059,-0.04041137676858195,0.04707686452893696,0.24554837624201706,0.24806487533457375,0.10789498653117637,-0.10509600897456399,0.17076289278686305,-0.12779813471679782,0.21655159111071118,-0.1697395818812143,0.2340529408167067,-0.18521915698727523,0.23929144694767782,0.24955605385207874,0.24975261368494034,0.24352588765099195,0.2490022014869121,0.2373052933909036,0.2410025503968506,0.24167312604724428,0.2370674380668309,0.2135300823256772,0.24999717990487966
0.24734066238601357,0.24771239723015448,0.24161755255667808,0.24717202585350637,0.24214552195610442,0.24559022111217568,0.24227851034810638,0.24267307641183625,0.2217721830087068,0.24797286134261673,0.2499999999999998,0.02853829418940968,-0.024322069862015103,0.1323204512798777,-0.10864979328587179,0.20607587892828494,-0.15797680802103226,0.23187376981187155,-0.20227664199008755,0.24610088206786576,0.23950417929936751,0.034531176870390215,-0.029531137955916723,0.051276743382545745,-0.021647269152783272,0.03703474921279048,-0.0032425656744607453,0.023444050604205367,-0.016350782913348103,0.24611107396850535,0.24630371990635253,-0.061646471505419395,0.06674446546796517,-0.05048010281985689,0.0687194132780284,-0.05691367394298269,0.07791304092844403,-0.04091327302279552,0.04750999268772766,0.24354528091392266,0.24605484095762914,0.10783772410708334,-0.10504997965419018,0.16985896457831698,-0.12716398531026823,0.2149674119543339,-0.16835538193543087,0.23216410530431422,-0.1835515072523075,0.23731375112787143,0.24753545682336803,0.24772949722398513,0.24155177051849266,0.2469820303932567,0.2353398679128788,0.23901750436563327,0.23968756628303237,0.23510026985305885,0.21167214509095178,0.2479726510789185
0.03089505501499528,0.030408983713366887,0.03139170836944364,0.02973114097128663,0.025543816058247758,0.02818816647875571,0.02549679182490524,0.025262964073359852,0.005764601166273837,0.030524833109961548,0.02853829418940968,0.24999999999999986,-0.23521329456059478,0.13543995532275063,-0.1091181282995718,0.04738650016904703,0.0030950554756532054,0.029214417317188355,-0.0016987038664508073,0.028692522021824457,0.034868743387809875,-0.18294602593881573,0.18244931040459592,-0.1622795846100928,0.15470535839716332,-0.14200877699883913,0.133847247312116,-0.11777896434579284,0.11581017026594778,0.029222115063723516,0.02910106705399982,0.14383845935193715,-0.14591887562756647,0.15542034739464225,-0.14339678655048402,0.1426338903921251,-0.12846064772493998,0.11358181013773966,-0.11060734672183006,0.03206097322024829,0.030444364709040838,-0.10063852723790398,0.09939642218735327,-0.04533744127030365,0.03984103271048728,0.0021440630386517,-0.02160532469898189,0.027418060856370063,-0.04610545902432037,0.03484285995620453,0.030420192993115984,0.03057519282603601,0.03003748880710807,0.030925823580855695,0.03514503117956623,0.0341377302396802,0.03348254573276702,0.035631801090269956,0.04421722327334005,0.030524712094326882
-0.02652148057663961,-0.02602692675910225,-0.031140426800297317,-0.025365116895449794,-0.021474351509842164,-0.023860277116959695,-0.021479458304120746,-0.020989343750355716,-0.002269862232329851,-0.026139493189041338,-0.024322069862015103,-0.23521329456059478,0.2499999999999999,-0.14097372713315495,0.11495199141081763,-0.044651284048654226,-0.0047933348577027,-0.02524245804989762,-0.0014146633389556565,-0.024347420654468648,-0.030354187419027262,0.17457094333532872,-0.17395562038141385,0.15988196197482918,-0.15255230650884868,0.14040151810692597,-0.13235251514162275,0.11671917987172849,-0.11473375336165587,-0.024881520373862688,-0.024767863724359622,-0.14192976481116215,0.1439821709581364,-0.1530434959486354,0.14145255995953768,-0.14059896621830462,0.126886281285515,-0.11246334803931997,0.10962841933451987,-0.027725584630354537,-0.026089599406206556,0.10031471294427172,-0.0990552991513685,0.046989132261160416,-0.04095006660023749,0.0011667215444929734,0.018561225272074745,-0.023175894665037795,0.04229829772267565,-0.030538864154921068,-0.026043548404680636,-0.02619275628342232,-0.02576524230065639,-0.0265485671090529,-0.030876945222469983,-0.029825368147228328,-0.029143136085232727,-0.03135226652605768,-0.040117056812215356,-0.026139370171991964
0.1340925238266746,0.1340488854365994,0.13158390233855408,0.13343401312421527,0.12936431262686698,0.1318677852982918,0.12923397922516608,0.1289340000219296,0.10873298720234935,0.13423494229012636,0.1323204512798777,0.13543995532275063,-0.14097372713315495,0.24999999999999975,-0.2222947206295639,0.1525596463337652,-0.1011613212900127,0.13295401321085568,-0.10424501757868662,0.1323845114287655,0.13237110802698007,-0.07497230230063937,0.07841008428840879,-0.06342986781723345,0.07740011527460532,-0.06329359820948742,0.07599441453136967,-0.05732812356572995,0.05971012305402155,0.13261132396662986,0.1326661138146167,0.04884515969545733,-0.04741307220392093,0.06030524617874768,-0.04519064843042257,0.0506619583547335,-0.03312346233178278,0.04538157475738585,-0.040677272920135635,0.1330267193562769,0.13327883430101398,-0.0034876395839883684,0.0041293891492065506,0.05603623209664989,-0.038794466991096746,0.10305329769744079,-0.09129322113040936,0.12438066940595752,-0.11171776544376931,0.13154039490660432,0.13397035436317906,0.13414753927145187,0.13094960547039752,0.13398620871786193,0.1308134088474164,0.13197977327603172,0.13182574955289195,0.13094330731808312,0.12445618633098564,0.1342347124302301
-0.1099535146333424,-0.10990162328063664,-0.10755353172618343,-0.10931887526359396,-0.11254164597635283,-0.10785283331977509,-0.10559486612163811,-0.10508582282069089,-0.08515966067888854,-0.11006675370270072,-0.10864979328587179,-0.1091181282995718,0.11495199141081763,-0.2222947206295639,0.24999999999999978,-0.1510938169640301,0.10124032722455747,-0.11102819134530784,0.08751104109511398,-0.10835460274201128,-0.10852902187260861,0.06162503245293732,-0.06399778346051085,0.05776222413356828,-0.07077426443098243,0.06312973751357318,-0.07109451810840726,0.054564699885641624,-0.05634977143652077,-0.10885037836083504,-0.10874010809637685,-0.04481251740845032,0.043699964926919986,-0.054772808893118696,0.0431379127613664,-0.04770815244305723,0.03267170794834651,-0.04334217440517414,0.03945494433866187,-0.10917714191452053,-0.10928413208820999,0.006135798917358985,-0.006601715195190676,-0.044368226251407475,0.03056791801117457,-0.08346229878705855,0.07455995624602615,-0.10161007717423866,0.09216453448904145,-0.10805256543437103,-0.10984805360698248,-0.10999809596162918,-0.10740271670545655,-0.1098818076859764,-0.10749277967264052,-0.1083884637349859,-0.1081817538502203,-0.10760889622004935,-0.10265197509891799,-0.11006655092566105
0.2074036872144386,0.20766905658777593,0.20266108074889463,0.20710413989028878,0.20226227153366785,0.20552546832960966,0.20281771792830738,0.20258366755853965,0.18189426799809774,0.20790649443166576,0.20607587892828494,0.04738650016904703,-0.044651284048654226,0.1525596463337652,-0.1510938169640301,0.24999999999999997,-0.19637799590366356,0.20783970553227818,-0.17840091543981618,0.20605735523000215,0.20153345940152656,0.005742861772854963,-0.0014247523091221838,0.01604641619983028,0.012717954732014024,-0.003222435849985315,0.028082178185323086,-0.00831681500525053,0.013751954540586819,0.20632250185309142,0.20630554951557104,-0.02723499631730275,0.031181825747337057,-0.01601488587314152,0.03115597417879886,-0.02120011189278145,0.040277133959153395,-0.00884424256549768,0.014545548720406356,0.20462486238588629,0.20631644462092408,0.07244590229995382,-0.07039608344677098,0.13232733138998526,-0.09829867374462414,0.1757375476625742,-0.14051556428500542,0.19351078108469366,-0.15712859915456198,0.1999153490417016,0.20753123263653867,0.20771660560463137,0.20262040038386664,0.20716617748986185,0.19840589486022714,0.2012118076911734,0.20149778327325424,0.19826498995731665,0.18044843755012752,0.20790628372495137
-0.15861635855814302,-0.15887118922584018,-0.15406775605149475,-0.1583511703366012,-0.1535962422824834,-0.1568745080494386,-0.15856661189593096,-0.15396767495961874,-0.13460573013279728,-0.15908236888621186,-0.15797680802103226,0.0030950554756532054,-0.0047933348577027,-0.1011613212900127,0.10124032722455747,-0.19637799590366356,0.24999999999999992,-0.17430765323617095,0.1475789627921308,-0.158210996075445,-0.15271745468927544,-0.052542697554049764,0.05040054272569591,-0.06257785141034536,0.035092472088428174,-0.0328719892255374,0.011825999201094705,-0.017801163865450016,0.013080181601892477,-0.1578392830355369,-0.1582178448166289,0.06607864443426514,-0.06980293147360778,0.0601359389976044,-0.06376265735557059,0.05523062112840966,-0.0650752662642632,0.03436736093696227,-0.037484212575866004,-0.15602406586954762,-0.15780725382341937,-0.09057554176696749,0.0886492214689748,-0.122026903152709,0.09283118392816672,-0.1404019385751073,0.10596723339394072,-0.14789133530774917,0.11287974203830223,-0.1513130542105397,-0.15880996082215126,-0.1589134665552344,-0.15499306373078814,-0.15836277757194808,-0.1500098368423452,-0.1525802685208742,-0.15296539464871023,-0.1497461450785599,-0.13268796529640114,-0.159082046307767
0.23315036346038803,0.2334913262653687,0.22767294974468494,0.2329468511342038,0.22793046714279586,0.2313766851529464,0.22878227927009973,0.22842543591601525,0.20775437401347374,0.23374724886636916,0.23187376981187155,0.029214417317188355,-0.02524245804989762,0.13295401321085568,-0.11102819134530784,0.20783970553227818,-0.17430765323617095,0.24999999999999986,-0.2192793237860378,0.23265712691824003,0.22576309975291867,0.03230780345736272,-0.027504731241056533,0.048997807485982085,-0.019578402003533658,0.03211571382553486,0.001761413378367415,0.007508515406062748,-0.0010429825526204856,0.23186967377289436,0.2321743132723335,-0.059090827960402346,0.06393593049066057,-0.0478503047619915,0.06042539828790293,-0.04884367985709686,0.06450903582984958,-0.027635757844089257,0.032292530328979066,0.22968670543922523,0.23192409755170498,0.10303446926202217,-0.10046985919536111,0.16004375112414215,-0.1196238759861041,0.20094162708302926,-0.1569401838368641,0.21797134408836497,-0.17241439852132365,0.22372751372812286,0.23333465823789418,0.23351851445597213,0.22776013992111874,0.2328174376297939,0.2218949182226914,0.2253434617475345,0.22587009022172022,0.22166541565880532,0.19954493564156137,0.23374702124181665
-0.2033541768291341,-0.20368286467512112,-0.1980652114210124,-0.20314617548180622,-0.1982544565606956,-0.2016411765190737,-0.19941879331424775,-0.19874714218976253,-0.22331875686622085,-0.20392768233556058,-0.20227664199008755,-0.0016987038664508073,-0.0014146633389556565,-0.10424501757868662,0.08751104109511398,-0.17840091543981618,0.1475789627921308,-0.2192793237860378,0.24999999999999983,-0.205530970424251,-0.19603397292837854,-0.05801199349238489,0.05429141203681307,-0.07466479405623495,0.046538477514102464,-0.0568265095230489,0.024759346620798615,-0.029246427954810424,0.023058175691943704,-0.20230674296200055,-0.20279698446266503,0.08156353210519603,-0.08632092561117989,0.07376276201380667,-0.08342259372978417,0.07290962301182645,-0.08451971555636696,0.048213296616887946,-0.051692483730174786,-0.1999746223941473,-0.20230746909554528,-0.11223681295116505,0.10966478979888325,-0.15229582859917656,0.11492836558668157,-0.1802734485845028,0.1368739085238457,-0.1903587161623081,0.14575473221620563,-0.19407355945715007,-0.2035776986962792,-0.20371218162311236,-0.198641213063443,-0.20301325508948526,-0.19237148612398003,-0.1956660866559282,-0.19625997296009093,-0.1920675682355895,-0.17049915300847573,-0.2039274087221801
0.2474635036817334,0.2478360910575288,0.2417056162978833,0.24729230590934226,0.2422287472670655,0.24569941721419647,0.24235064930102532,0.24274221743040467,0.22201875330703696,0.24809817468568499,0.24610088206786576,0.028692522021824457,-0.024347420654468648,0.1323845114287655,-0.10835460274201128,0.20605735523000215,-0.158210996075445,0.23265712691824003,-0.205530970424251,0.24999999999999992,0.23960292505824085,0.035137617360592246,-0.03018381187083571,0.052187199334885775,-0.022484486565531554,0.037925241850973394,-0.004009007083966882,0.023802422686760742,-0.01669984824483062,0.2462247530480177,0.24643527124821973,-0.06256445131959418,0.067677089469883,-0.05143357005388936,0.06956116405006547,-0.05773592381496049,0.07859171650581324,-0.04145171716946843,0.04799278581312815,0.243658106333799,0.24617807546060813,0.10855868207591182,-0.10576092197842174,0.1702864335589332,-0.1275079165561814,0.21518850766499437,-0.16841001140440456,0.23227801499975184,-0.1835025293377794,0.23740187857863387,0.24766083720148258,0.24785423148815183,0.24167289002952352,0.24710390030820747,0.23542397641032967,0.23911179701171031,0.2397855285507791,0.2351814980600863,0.21167567944417173,0.24809796443752805
0.24089347349041423,0.2412403005083737,0.23530428090813887,0.24069163065793386,0.2356522456073281,0.23909810075964297,0.2357339105066434,0.23613850170875095,0.21520684381306399,0.2414980584335205,0.23950417929936751,0.034868743387809875,-0.030354187419027262,0.13237110802698007,-0.10852902187260861,0.20153345940152656,-0.15271745468927544,0.22576309975291867,-0.19603397292837854,0.23960292505824085,0.24999999999999997,0.02499605518408494,-0.020009405834258642,0.04205799162880144,-0.013524790570305438,0.029050329425204902,0.0033407649477868685,0.016977586732925282,-0.010195866828346393,0.23962883710274432,0.2398151478508515,-0.05292608742214003,0.05776940444988338,-0.04157952445604394,0.05980488307832561,-0.048401466180246974,0.0693752742586712,-0.034136837624682156,0.04065934505182494,0.23728631484713314,0.23963735247637954,0.09966924685558638,-0.09702916006667943,0.16230861460315524,-0.12123663649370511,0.20820945706485683,-0.16398851350511212,0.22601903318930575,-0.1798445150647984,0.2313823008324501,0.2410696873485016,0.24126485564542707,0.2352599236700481,0.240557805663027,0.22948748736317373,0.23299921563927228,0.23361227470832388,0.2292774833732428,0.2069979672827235,0.24149785291884807
0.032990595176212806,0.03354149785020584,0.03276884785835508,0.03420234983397702,0.03812768632336469,0.03558096199425517,0.0375244593865166,0.03832462173445342,0.05677964822339892,0.03345169780710009,0.034531176870390215,-0.18294602593881573,0.17457094333532872,-0.07497230230063937,0.06162503245293732,0.005742861772854963,-0.052542697554049764,0.03230780345736272,-0.05801199349238489,0.035137617360592246,0.02499605518408494,0.2499999999999997,-0.2428862576878941,0.22323075314443838,-0.19870142399319585,0.18700635397754733,-0.16840673979712456,0.1548608659562988,-0.15052026255929155,0.03456082710813092,0.034794081538955225,-0.20279685915953097,0.20682380863627825,-0.21423441727654174,0.2043200464351076,-0.19976637223981264,0.18786132509904843,-0.1561353687366906,0.1542868506810265,0.030217195017465347,0.032991757200300544,0.1608521298849313,-0.1584335161197732,0.10793009988682586,-0.08845870829139062,0.06029213287123597,-0.02149932430283252,0.03238864676513918,0.005697421350685367,0.024793264545007684,0.03345785594415474,0.03331618448209348,0.03221027040035207,0.03264859345609316,0.023855838155190854,0.026206856385876463,0.027171174825375077,0.0231465421902634,0.005232097410863184,0.03345177791333763
-0.0279698889589946,-0.028509907338747476,-0.02795002715312724,-0.029192582579979667,-0.0333369910275062,-0.030646613836994754,-0.03308269984781069,-0.03351194746003275,-0.05282740305147314,-0.028411293128803534,-0.029531137955916723,0.18244931040459592,-0.17395562038141385,0.07841008428840879,-0.06399778346051085,-0.0014247523091221838,0.05040054272569591,-0.027504731241056533,0.05429141203681307,-0.03018381187083571,-0.020009405834258642,-0.2428862576878941,0.24999999999999986,-0.2276995856354922,0.2044130480255351,-0.19189176692969984,0.17381953505951972,-0.15940987285266683,0.15511427043977438,-0.029621510045120873,-0.029834694010444904,0.20736644056803594,-0.21138951800558492,0.219432820851651,-0.20894154071073195,0.20456222258804374,-0.1920365567281249,0.1604689801292141,-0.1584229882500696,-0.025180384626778633,-0.02798488461939317,-0.16301329554811078,0.16058620259855186,-0.10703224916994053,0.08801058170051275,-0.0569220749723196,0.018114859480445437,-0.027769355990959643,-0.010295658867654496,-0.019751245454623065,-0.028428296283585452,-0.028277559679629596,-0.02728534532214684,-0.027607911633375545,-0.018830381400403617,-0.02116464283996076,-0.02215083054311358,-0.018107077374646514,-0.0002301360838518667,-0.02841136121752998
0.05001542297536096,0.05057565160850206,0.0496642498292743,0.051237426754313954,0.054955106415909165,0.052605573164466596,0.05459880245384543,0.055344811141688724,0.07391343287049161,0.050490130313961434,0.051276743382545745,-0.1622795846100928,0.15988196197482918,-0.06342986781723345,0.05776222413356828,0.01604641619983028,-0.06257785141034536,0.048997807485982085,-0.07466479405623495,0.052187199334885775,0.04205799162880144,0.22323075314443838,-0.2276995856354922,0.24999999999999994,-0.21989780867390477,0.2081015432528783,-0.1868387219928517,0.17301844771489436,-0.16797217508057818,0.0516147996905792,0.05185691990245414,-0.22393857160892422,0.22849772128223997,-0.23567123069311122,0.22610313931034562,-0.22066777950068572,0.20921441886405065,-0.17462867848157032,0.17304044649746667,0.04667694070141494,0.04988286368151605,0.18097081645849455,-0.17817706647921627,0.1269639975531453,-0.10333123787512837,0.07789522625890886,-0.03321596415815996,0.04892925519870419,-0.004569324224391693,0.04045666181405808,0.05047199637535737,0.05032834725263655,0.04875420280347333,0.04955787383448169,0.03929241317266085,0.04208042017886696,0.04325148251195302,0.03852239175450842,0.017737390068504864,0.050490177092388205
-0.02033807363867114,-0.020817038139285836,-0.020574468633159773,-0.021487881397561,-0.02547661224535569,-0.022930370020728973,-0.025112433506782376,-0.02579328038623289,-0.045184281488155016,-0.020709429163336367,-0.021647269152783272,0.15470535839716332,-0.15255230650884868,0.07740011527460532,-0.07077426443098243,0.012717954732014024,0.035092472088428174,-0.019578402003533658,0.046538477514102464,-0.022484486565531554,-0.013524790570305438,-0.19870142399319585,0.2044130480255351,-0.21989780867390477,0.24999999999999983,-0.23320566681409483,0.21299413808435189,-0.19260994874277115,0.18815964782553768,-0.022144655762577656,-0.02215138672312655,0.20056355775277104,-0.20423608008380637,0.2128487023039318,-0.2021708390820342,0.20009033417008767,-0.18751426685603254,0.17897438351231465,-0.17699645005871273,-0.017233458698717098,-0.020365682016007518,-0.15591889481788324,0.15361705116500693,-0.09957492468796307,0.0816197027631497,-0.04988371279170147,0.014921231644311013,-0.02563702142146987,-0.012085720368668956,-0.012420432990502167,-0.020739451992702614,-0.020579788260334637,-0.019599946474568832,-0.01992531259073251,-0.011231510413056759,-0.013647420346418465,-0.015476950911301506,-0.010692913608718442,0.0058336598693977705,-0.020709494334482385
0.03594694310848048,0.03643299383560145,0.035948974879816395,0.03706997068682574,0.04073129168511061,0.03840599903240773,0.039052396626051,0.04111425986053349,0.05911466412076779,0.0363431706171218,0.03703474921279048,-0.14200877699883913,0.14040151810692597,-0.06329359820948742,0.06312973751357318,-0.003222435849985315,-0.0328719892255374,0.03211571382553486,-0.0568265095230489,0.037925241850973394,0.029050329425204902,0.18700635397754733,-0.19189176692969984,0.2081015432528783,-0.23320566681409483,0.24999999999999978,-0.21540049345627502,0.19599663861050987,-0.1911020772077344,0.03743125090853094,0.03758431531567191,-0.19219724018387493,0.196157094260496,-0.20405451634530644,0.2027954065616701,-0.2004522603892021,0.1908689339151529,-0.18203291208847128,0.1808036458268799,0.03267170130399238,0.03590888618576643,0.15144922371251374,-0.14896014847438255,0.102077082621867,-0.08230939972392898,0.06326514252488138,-0.027265520037707155,0.04071317854837291,-0.0016785942258956226,0.027796592983531584,0.03634192601623707,0.03620396622441739,0.03478674668070637,0.03553468060984425,0.026521927397629014,0.02906043079438109,0.030921497213048172,0.02600473626078752,0.008900820680784169,0.03634326092003047
-0.0020599602214809404,-0.0024633418347160155,-0.0027935836758104017,-0.003117021032251678,-0.007179669390369275,-0.004546237318811314,-0.0059960774381518705,-0.007407472143805055,-0.026606645708535527,-0.002342141368482551,-0.0032425656744607453,0.133847247312116,-0.13235251514162275,0.07599441453136967,-0.07109451810840726,0.028082178185323086,0.011825999201094705,0.001761413378367415,0.024759346620798615,-0.004009007083966882,0.0033407649477868685,-0.16840673979712456,0.17381953505951972,-0.1868387219928517,0.21299413808435189,-0.21540049345627502,0.25000000000000006,-0.22841068526155253,0.2238476774747167,-0.0040680150338729395,-0.0037204467736241193,0.17176995531956343,-0.17481393935885828,0.18415103624951956,-0.18143378688576947,0.18516084092841364,-0.17425515092499202,0.1958676793164009,-0.1941282708317534,0.0010939993039084169,-0.00220779327524982,-0.1275175689693745,0.12547955453407142,-0.07350981253406721,0.06159961478246269,-0.03460860689678828,0.008506292312769306,-0.014558622561255318,-0.018334297754849443,0.004513814974737197,-0.0023987193824186225,-0.0022350101077115467,-0.0014516592276325243,-0.0016733010573271002,0.00587058796568369,0.0036668846542860694,0.0009211828277571343,0.006143736847725132,0.01896262278284313,-0.00234223410063694
0.02248278865217127,0.022908194101174176,0.02296523636024882,0.023515995661333826,0.02732076924635809,0.024795051007310727,0.025519374618704023,0.027438048851653872,0.04293387946798675,0.022797315185649748,0.023444050604205367,-0.11777896434579284,0.11671917987172849,-0.05732812356572995,0.054564699885641624,-0.00831681500525053,-0.017801163865450016,0.007508515406062748,-0.029246427954810424,0.023802422686760742,0.016977586732925282,0.1548608659562988,-0.15940987285266683,0.17301844771489436,-0.19260994874277115,0.19599663861050987,-0.22841068526155253,0.25000000000000017,-0.24151232144271575,0.0244268098057348,0.023901588933275552,-0.15976156550968396,0.1633603231233379,-0.1723957836865674,0.1784234680633445,-0.18148872690487902,0.18599381413828703,-0.20818600295295311,0.212148939153158,0.01901088059467031,0.02254702313839299,0.1230988016192325,-0.12091581525615856,0.08282408646348037,-0.06862272795005604,0.05306881961447229,-0.02558461659946167,0.0348870641489445,-0.00014429705058713,0.015585788581756644,0.022813118680436978,0.022677592988087424,0.021295472520450474,0.022093817364181072,0.014104023100372684,0.01647167632990701,0.019310066974737507,0.013847850818534763,0.0003040128060106347,0.022797404395810048
-0.015373260561780969,-0.01577998097018612,-0.015995387092976748,-0.016387870900516445,-0.02023849547591862,-0.01767625791492842,-0.018494157527016015,-0.02033318899621187,-0.03601452071729455,-0.015664029748749645,-0.016350782913348103,0.11581017026594778,-0.11473375336165587,0.05971012305402155,-0.05634977143652077,0.013751954540586819,0.013080181601892477,-0.0010429825526204856,0.023058175691943704,-0.01669984824483062,-0.010195866828346393,-0.15052026255929155,0.15511427043977438,-0.16797217508057818,0.18815964782553768,-0.1911020772077344,0.2238476774747167,-0.24151232144271575,0.24999999999999994,-0.017525399997290612,-0.016787931291523797,0.1546104578000852,-0.15812014973910246,0.16749422840775766,-0.17332356047548403,0.17722318886815577,-0.18160923167225868,0.21343010290561265,-0.21731933051890925,-0.01191827981813695,-0.015479636273143634,-0.11739722970948831,0.11532695573698402,-0.07657189346482708,0.06406749009623343,-0.046893370374001424,0.022377669095156368,-0.0300246718242738,-0.0032729407562473193,-0.008875408059216492,-0.015692126743879074,-0.01555144127421935,-0.014298362502800564,-0.014993461268908553,-0.0073431463907000635,-0.00964046086537245,-0.012760161400340437,-0.007152831519538949,0.0052877656212664765,-0.015664122649662337
0.2474744540760618,0.2478494494724841,0.24174862063929967,0.2473094165834511,0.24230296039176763,0.2457217025402434,0.2423965519973276,0.24278321828501134,0.22196413822230998,0.24810857142694237,0.24611107396850535,0.029222115063723516,-0.024881520373862688,0.13261132396662986,-0.10885037836083504,0.20632250185309142,-0.1578392830355369,0.23186967377289436,-0.20230674296200055,0.2462247530480177,0.23962883710274432,0.03456082710813092,-0.029621510045120873,0.0516147996905792,-0.022144655762577656,0.03743125090853094,-0.0040680150338729395,0.0244268098057348,-0.017525399997290612,0.24999999999999992,0.246442779003753,-0.062174381262929554,0.06727562664466936,-0.050919650739654924,0.06930863735469597,-0.057519293414079756,0.07866159039280203,-0.04185374321303709,0.04848725887396479,0.24366592852335708,0.2461891746689058,0.10824299988691856,-0.10543609426193778,0.17015900605325568,-0.12738131155091767,0.21520840232429336,-0.1685223633947227,0.23237263262503535,-0.18364833740828526,0.23742800190216923,0.24767108917559597,0.24786478045280289,0.241680963424329,0.24711556846064667,0.23544702106179585,0.23913394021369352,0.23981687935543863,0.23520893514010752,0.21174484839253152,0.24810836260131716
0.24767076452819706,0.2480460418644775,0.24195475005028724,0.24751091167958184,0.24251485587983704,0.24593620620064816,0.24258744937005797,0.24301865234597267,0.2223514592298247,0.24830587739372756,0.24630371990635253,0.02910106705399982,-0.024767863724359622,0.1326661138146167,-0.10874010809637685,0.20630554951557104,-0.1582178448166289,0.2321743132723335,-0.20279698446266503,0.24643527124821973,0.2398151478508515,0.034794081538955225,-0.029834694010444904,0.05185691990245414,-0.02215138672312655,0.03758431531567191,-0.0037204467736241193,0.023901588933275552,-0.016787931291523797,0.246442779003753,0.24999999999999978,-0.06268419833527228,0.0675697767625362,-0.05113933342069587,0.06937788038681549,-0.05752563763339823,0.07849318624746326,-0.0413671525319074,0.04796556105156701,0.24386338515610229,0.24638320163843958,0.10874945349889752,-0.10593097632390623,0.17040388926011663,-0.1275264403567905,0.21531992443415685,-0.168524718589106,0.23248226012528703,-0.1836842036273815,0.23760544042984064,0.24786814390723638,0.24806178456685732,0.24187664106207554,0.24731118418576287,0.23562391820193873,0.23931577492439873,0.23998940228718618,0.2353838425523593,0.2118694495008733,0.248305669339119
-0.060593445809953586,-0.06113082619261029,-0.06003066587469642,-0.0617138054803191,-0.06495880746341619,-0.06289137087292308,-0.06458521026364722,-0.06527759991389023,-0.08158597752285854,-0.06106140810906613,-0.061646471505419395,0.14383845935193715,-0.14192976481116215,0.04884515969545733,-0.04481251740845032,-0.02723499631730275,0.06607864443426514,-0.059090827960402346,0.08156353210519603,-0.06256445131959418,-0.05292608742214003,-0.20279685915953097,0.20736644056803594,-0.22393857160892422,0.20056355775277104,-0.19219724018387493,0.17176995531956343,-0.15976156550968396,0.1546104578000852,-0.062174381262929554,-0.06268419833527228,0.24999999999999997,-0.24343894823155862,0.22796852569756842,-0.21825283487615055,0.20968417554173982,-0.1978410699261632,0.1618331679765483,-0.1605427763730764,-0.057224430353451775,-0.06026391384986398,-0.20162494602736616,0.19695019198254046,-0.13883358636146945,0.10591107709777436,-0.0818444825443509,0.03592834115542251,-0.05880523610023819,0.013308864952623563,-0.05080569933513819,-0.06102382181331142,-0.060890730226410734,-0.05929966984168752,-0.060107535446832956,-0.04936836739591653,-0.05246979733146698,-0.05345929361296063,-0.0488379508227415,-0.02754732143802471,-0.06106143848690597
