x1,x2,x3,x4,x5,x6,x7,x8,x9,x10,x11,x12,x13,x14,x15,x16,x17,x18,x19,x20,x21,x22,x23,x24,x25,x26,x27,x28,x29,x30,x31,x32,x33,x34,x35,x36,x37,x38,x39,x40,x41,x42,x43,x44,x45,x46,x47,x48,x49,x50,x51,x52,x53,x54,x55,x56,x57,x58,x59,x60
0.25000000000000006,0.24954603107690812,0.18868379509728228,0.248850854573619,0.17246999665824678,0.24922197887399478,0.20624787528603708,0.24751064458765093,0.23785858236148913,0.24964636277426747,0.19798356810273063,-0.06894490818840836,0.05684344357811759,-0.008291264168306113,-0.020544284990923884,0.13556895651070267,-0.13665037197158925,0.19570823000291798,-0.21506756169076377,0.23103555750610874,0.17926737670755732,0.0734044325273142,-0.07431409059952718,0.07620631277131937,-0.07332774446568195,0.07942076714334373,-0.052251621851775114,0.08580291533029068,-0.07447259882362385,0.21998354253848285,0.21361221436358166,-0.06913974398228108,0.07771735220513241,-0.0744062703433209,0.0750846343029967,-0.06768126135567898,0.06481016381185284,-0.03646761989787048,0.05839740823052836,0.1895890568127107,0.1674147794412559,0.07441882554676421,-0.08117344236995416,0.10087257753255738,-0.09628620724246147,0.17383755812332147,-0.11154861554168584,0.19272882073741796,-0.1867879266606008,0.21574806686346684,0.24960159234066448,0.24962488465771632,0.21896362956915627,0.2490882964900595,0.1952970217248455,0.24947391784958015,0.1711074624757228,0.24949220766931582,0.2113285359813847,0.24964674441538318
0.24954603107690812,0.25,0.1888216356799775,0.249102650316512,0.1726087063708831,0.24946942907418357,0.20647721097866917,0.2477531182649006,0.23808736538020264,0.24989370446990486,0.1982063454930544,-0.06915373073138707,0.05704827908209392,-0.008425767660099337,-0.020448774016811864,0.13566014356676317,-0.1368211652575927,0.19592304935799293,-0.21529003541444458,0.23127927309003984,0.17941475303886056,0.07361583662614303,-0.0745265244899599,0.07642136723460013,-0.07353862929684228,0.0796336544275001,-0.05242947805113561,0.08598631532964401,-0.07464437551124754,0.22021996877028907,0.21384920067871144,-0.06934370120852167,0.07793316342908913,-0.07461848387869269,0.07529773905593823,-0.06788376044893221,0.06500682159187288,-0.03661302031223204,0.05855544078920581,0.18975397981975659,0.16754651950254681,0.0746260115412392,-0.08138529111201692,0.101091831610046,-0.09647604282512165,0.17406435439560142,-0.1116549840366487,0.19291102872259855,-0.18695314252487846,0.2159478667967237,0.24984888132792224,0.24987220081410544,0.21920123619159337,0.24933495275939277,0.1955197846157328,0.24972104506400963,0.1712612419414541,0.24973938527228573,0.2115234991109913,0.24989408670285385
0.18868379509728228,0.1888216356799775,0.25000000000000006,0.18812312043763552,0.1346451310822018,0.1885234543943747,0.1525017981378798,0.18687850181110177,0.17789101821845768,0.1889171663370539,0.13921795068362808,-0.016013620972277865,0.003459908629509816,0.024042426050679456,-0.03514278009328542,0.11078606579490465,-0.09755727749350857,0.143001175115075,-0.15661814228966986,0.17121285667023384,0.14327383390470916,0.020626941845256232,-0.021506636376913236,0.02333768440921393,-0.02155180902451573,0.029043746826607816,-0.009424833342366646,0.04347526878303708,-0.03476537543162803,0.16134202276911358,0.15544788961640021,-0.01914673153789063,0.02480511002981373,-0.022367181979242232,0.022826690552094943,-0.01802887978751225,0.0166801369443405,-0.001498366552312402,0.02137807028008636,0.1489388858919103,0.13504461036089543,0.02362606408807623,-0.029243360090820895,0.04713229813573732,-0.04975923267234968,0.11822608301353675,-0.08545963955628155,0.14802520547143228,-0.14623076017059777,0.16668760150299478,0.18888518246806996,0.1889018087478549,0.1606335949747193,0.18852714008820246,0.14062193650013277,0.18879720801941718,0.13335147425092161,0.18880313788621567,0.16345819195689995,0.1889172556687905
0.248850854573619,0.249102650316512,0.18812312043763552,0.2499999999999999,0.17186006812550916,0.2487756405759018,0.20588505578925254,0.24708901207661396,0.2374253420919058,0.24919831842446458,0.19791760755669927,-0.06979990766918083,0.05773625720126038,-0.009132556904677982,-0.01983794275387155,0.13506225511243983,-0.13652105225031616,0.19541748694115788,-0.2147513994034224,0.23066061767360252,0.17873297821077047,0.07424794549588953,-0.07515267068248181,0.07703576764682082,-0.07415217167307148,0.08017500871835045,-0.05301550733413708,0.0863497091334156,-0.0750341759981154,0.21974349663123452,0.2134038629990536,-0.06995019389769641,0.07853577051770058,-0.07522939925908351,0.07590806888590206,-0.06849534322551361,0.06560981154920106,-0.03716373137747162,0.0590008615402067,0.1890890711760741,0.16687892342139055,0.07520614213779157,-0.08193486733523518,0.10151543126964303,-0.09676593810945533,0.17390289782705703,-0.1113207309214258,0.19232350806684528,-0.1863159987904856,0.215264446730722,0.2491535726206498,0.2491768514230367,0.21871323912620377,0.24864034025459392,0.19514868988751347,0.24902588337587026,0.17069189804117857,0.24904436323116494,0.21084978035334614,0.24919870282448492
0.17246999665824678,0.1726087063708831,0.1346451310822018,0.17186006812550916,0.25000000000000006,0.17223239724224174,0.1377526674548738,0.1706674705566188,0.1614300106632091,0.17265501949438564,0.12328384612295068,0.001416376790417637,-0.013790381965075257,0.061967467589970446,-0.09617041532885479,0.12687796071147742,-0.09742794656855419,0.1309623984395944,-0.14061429713928483,0.15467985936507012,0.13453987235758794,0.002288805269355895,-0.002965587699811181,0.0042458671043739665,-0.002464274212885928,0.00819806831241572,0.007643395759874946,0.02646868501398438,-0.018698873808488836,0.1451294614176158,0.13896644426670632,-0.0008752257461064773,0.005604791874879536,-0.003243347849238675,0.003634612861838293,0.00037311579725432314,-0.0012785547584534165,0.012614551983345285,0.006448096281168628,0.13905009162861842,0.12759365225860203,0.005188273115931208,-0.010547935312759278,0.02834695856059327,-0.03376095142418691,0.10123520190881989,-0.07841840727973289,0.1361929587750602,-0.1360492634120752,0.15409071931709625,0.1726270346758665,0.1726417190807482,0.14426288217736968,0.1723152186473616,0.12489303256505356,0.17255107909822273,0.12377390884309514,0.17255248124709965,0.15117583486603403,0.17265528585160322
0.24922197887399478,0.24946942907418357,0.1885234543943747,0.2487756405759018,0.17223239724224174,0.25000000000000006,0.20613766997195396,0.24745193753988823,0.23776868933154052,0.24956952738689978,0.19811060008420658,-0.0695814590883179,0.0574842238251814,-0.008850499035476784,-0.020076478808317078,0.1353335464428359,-0.13661296936695197,0.1956530696613851,-0.21501571684452406,0.2309762839218999,0.17906862790033845,0.07404024589744539,-0.07494864786878644,0.07683973889549335,-0.07395550406069372,0.08002040837038661,-0.05282611386220371,0.08630344401113117,-0.07496849661547339,0.2200158305800033,0.2136657463252681,-0.06975475121754482,0.07834556856945175,-0.07503461071203384,0.07571380191607757,-0.06829739716979051,0.06541585011421044,-0.03698876683700014,0.05889565594757372,0.18941898491172574,0.16720293858638138,0.07502284941529935,-0.08176624030165239,0.10140299299311979,-0.09670141402369685,0.17404180561348884,-0.11149676926741628,0.19263053245771936,-0.18663797942583094,0.2156160085012345,0.24952473210720014,0.24954803658283728,0.21899326733539345,0.24901100956020586,0.1953746091380126,0.249396930526102,0.1709813495094584,0.24941536642251513,0.21119589165816166,0.24956991064242995
0.20624787528603708,0.20647721097866917,0.1525017981378798,0.20588505578925254,0.1377526674548738,0.20613766997195396,0.2500000000000002,0.20442511111146452,0.19540775485166553,0.20656145326302172,0.17057115409903215,-0.07991763468084727,0.067716892897172,-0.019177576498382604,-0.012168436879972539,0.12900000103731232,-0.1673302563357775,0.17527431656884504,-0.17798073085095517,0.18992713532020825,0.14322172450738563,0.08413344935362492,-0.08482794755790381,0.08629500394272593,-0.08338552115197025,0.08555157418045042,-0.062379262897706816,0.0824763982346235,-0.07319012294807255,0.18257888197182237,0.1809723578337294,-0.07980283649603492,0.08740472907652966,-0.0843675829436876,0.08496288641716222,-0.07818801821611883,0.07500253253891292,-0.04616396453310954,0.06133571672935759,0.15351865681234733,0.1328106369397903,0.08380174703066319,-0.08899800014752193,0.10320165147602592,-0.09523841165717156,0.1527028245808478,-0.09084736160635772,0.1572940784084036,-0.15103820483936492,0.17629237034510006,0.20652295403190352,0.20654288194444856,0.18460786470903678,0.20607789926787162,0.16643934876173241,0.20641178931159845,0.13877421654865146,0.20643217919097684,0.172475770648171,0.2065617133276334
0.24751064458765093,0.2477531182649006,0.18687850181110177,0.24708901207661396,0.1706674705566188,0.24745193753988823,0.20442511111146452,0.2500000000000003,0.23605929875352705,0.2478529714608681,0.19728556791432786,-0.07121177965786295,0.0591249708776393,-0.010536348284870925,-0.018379787225288748,0.1336151939789187,-0.13521567974162244,0.19407373432970668,-0.2134326641292154,0.22931655464424214,0.17737159835439562,0.07566490312325423,-0.07657067891749178,0.07846489048868903,-0.0755814221778576,0.0816396426863006,-0.05445892955301136,0.0877980507440152,-0.07648497376220995,0.21905526960025434,0.2125881501924502,-0.0713606466946418,0.07994447092093497,-0.07665973917115602,0.07733772181706679,-0.06992267951285899,0.06703796834474197,-0.03858326829466835,0.06042779237580098,0.18772775429479838,0.16552766782241105,0.07656247177681022,-0.08323157971096276,0.1025521524083159,-0.09750301948686875,0.17369905021729698,-0.11068265890183392,0.1911880990169562,-0.18505455179497857,0.2139169455160743,0.24780835871190632,0.24783156684749022,0.21780494012130755,0.24729624355859936,0.19448383687740942,0.24768088673276759,0.1695668315193353,0.24769969439246084,0.2095218568419097,0.24785335950295295
0.23785858236148913,0.23808736538020264,0.17789101821845768,0.2374253420919058,0.1614300106632091,0.23776868933154052,0.19540775485166553,0.23605929875352705,0.25000000000000017,0.2381845217082106,0.19268082115383672,-0.07991259367187412,0.06779497520820409,-0.0192328827867074,-0.009701251357152784,0.12465184978636894,-0.12816006831979174,0.19215188988471907,-0.2201763278061881,0.22049915785164664,0.16791336217906982,0.08435538095745364,-0.08524575052877134,0.08715429447315563,-0.08427320941077283,0.09026969840555112,-0.06321837101905789,0.08886580008013269,-0.07761843287794509,0.2122595362327211,0.2064216541926466,-0.07999619257050572,0.08853389890903342,-0.08534871645206231,0.08601874804676693,-0.07862058481398862,0.07540930277489453,-0.04498054155066666,0.06316563958432736,0.1787537929630553,0.15619653826794283,0.08483323751054078,-0.09104807058680667,0.10855842736241314,-0.10159655471193205,0.17143909322525697,-0.1059385891923268,0.18290024541698305,-0.17611895069361547,0.20438974640104227,0.23814097455092237,0.23816361704557806,0.21105683671151768,0.23763842994827367,0.18935670855397668,0.23801551022764678,0.1615994146052841,0.23803631317345994,0.20011995693711032,0.23818493577414385
0.24964636277426747,0.24989370446990486,0.1889171663370539,0.24919831842446458,0.17265501949438564,0.24956952738689978,0.20656145326302172,0.2478529714608681,0.2381845217082106,0.25000000000000017,0.19829074529228766,-0.06919588855730628,0.05708886073549507,-0.008445406871893279,-0.02044704155217174,0.135710524717977,-0.13687715690452879,0.19600545843372108,-0.21538181446246,0.2313761470634383,0.17948380873134803,0.07365905891357605,-0.07456994086112483,0.07646513091474859,-0.07358109220616152,0.07967633890201768,-0.052461483128554025,0.08602586934651191,-0.07467986157576308,0.220311639940892,0.21393739650048044,-0.0693840799522269,0.0779773157029613,-0.07466132779700105,0.07534087656985775,-0.06792361731166109,0.06504510342216997,-0.03663686201094363,0.058585623702085976,0.1898282544483458,0.16761063845242344,0.07466833762045653,-0.08143013092379969,0.10114344434140402,-0.09652350383860776,0.17413925162059854,-0.11169939281860537,0.1929876166497334,-0.1870263317137536,0.2160332660541698,0.24994919509664532,0.24997252432165362,0.2192911648509672,0.2494350487004625,0.19560099898749064,0.2498213042273955,0.17132852672278553,0.24983965480636927,0.21160707576895932,0.24999441941132047
0.19798356810273063,0.1982063454930544,0.13921795068362808,0.19791760755669927,0.12328384612295068,0.19811060008420658,0.17057115409903215,0.19728556791432786,0.19268082115383672,0.19829074529228766,0.25000000000000044,-0.12059607435960557,0.1082751644123279,-0.05954386305223275,0.02029307710410021,0.09429969312972074,-0.12010575328437896,0.16457550260430748,-0.18134725042826705,0.18963777824913136,0.12858657933594328,0.12159093326663548,-0.12193444437655583,0.12262078286364513,-0.11959606322366634,0.1189012804333527,-0.09574471959846047,0.10710423370167946,-0.0983289136303985,0.18320651384002684,0.18088445000682254,-0.1149196842368605,0.12323458879816993,-0.12045165709317013,0.12108752638847577,-0.11374187781592582,0.10996757257514242,-0.0761381117262886,0.08775333921732954,0.14070142739340122,0.11785990125339814,0.1182316296568816,-0.12268030162300812,0.13293063841910405,-0.11825545505892832,0.1621614104690463,-0.08665240966564344,0.14908987037063776,-0.13952418489805382,0.1651861705480553,0.19825152741526955,0.19827183498536888,0.1830782984519918,0.1977888879842178,0.16808133350745713,0.19813451852963668,0.12890154030034398,0.1981633405038434,0.1614615354509255,0.19829117874936647
-0.06894490818840836,-0.06915373073138707,-0.016013620972277865,-0.06979990766918083,0.001416376790417637,-0.0695814590883179,-0.07991763468084727,-0.07121177965786295,-0.07991259367187412,-0.06919588855730628,-0.12059607435960557,0.2500000000000004,-0.23587465838332572,0.18651384285272132,-0.12800255974710062,0.013972583609302567,0.07583640720207238,-0.08737482914410717,0.09808253956643344,-0.0866057053677881,-0.001183332245927564,-0.24276524947335856,0.24191945861432887,-0.2402148089054041,0.23690377154770637,-0.22143778297025427,0.2071537199828362,-0.1630585037318186,0.1604528748152392,-0.09079482031160352,-0.09881080876230176,0.23104574230874636,-0.23872316735791557,0.23727083704184268,-0.23780158843376506,0.23059751598967604,-0.22459427103576665,0.17715533064224503,-0.16322592218045795,-0.017536905913565163,0.0069730751731922214,-0.22939722385212807,0.22803894185092224,-0.21445220431786846,0.17422088106525582,-0.1332619957521105,0.024151204813512923,-0.039438122641418466,0.020598845040884738,-0.03796656057934528,-0.06917048753093152,-0.06918332767174026,-0.09303158334985041,-0.06883419001791079,-0.09989293568369577,-0.06907997234513419,-0.02271465993653119,-0.06913552877409983,-0.035997893940854994,-0.06919638144991533
0.05684344357811759,0.05704827908209392,0.003459908629509816,0.05773625720126038,-0.013790381965075257,0.0574842238251814,0.067716892897172,0.0591249708776393,0.06779497520820409,0.05708886073549507,0.1082751644123279,-0.23587465838332572,0.25000000000000017,-0.199022896793548,0.1387337019896306,-0.02525299799493897,-0.06355552368260116,0.07518612889903618,-0.085943875436499,0.07448223307019901,-0.005686340725090392,0.23086378819037717,-0.23001364287654247,0.22830436970495227,-0.22533610324076622,0.210415725868853,-0.1975282202616308,0.1538802310681302,-0.151813593563691,0.0790738884809119,0.0869603939529389,-0.21973451244260375,0.2268101941103508,-0.22560780711037717,0.22609351966360514,-0.2194517589499697,0.21379831438441826,-0.16930942398553936,0.1550849570264535,0.00961681959835865,-0.013081196106904123,0.21795753287000266,-0.21640192839321096,0.20258884986490822,-0.16405741658763168,0.12167980405377718,-0.019080075917968554,0.030688203661788906,-0.012724727699785408,0.028306761359205124,0.05706614530103554,0.05707761955546259,0.08120121796582962,0.05676196065180266,0.08871534194389406,0.05698384188996968,0.015359060732672788,0.05703663939503648,0.02658910505079591,0.05708935105761436
-0.008291264168306113,-0.008425767660099337,0.024042426050679456,-0.009132556904677982,0.061967467589970446,-0.008850499035476784,-0.019177576498382604,-0.010536348284870925,-0.0192328827867074,-0.008445406871893279,-0.05954386305223275,0.18651384285272132,-0.199022896793548,0.25000000000000033,-0.18771179597848933,0.07385206045354328,0.014660904811365793,-0.026485789310766783,0.03733333696003396,-0.025863881810468302,0.033584876764260155,-0.18440311286910213,0.18354229852714654,-0.18182575916171198,0.18019834634105347,-0.16742483119364476,0.1600113084070927,-0.11803770165269359,0.11811683741478926,-0.03199282972885773,-0.03959899773625708,0.17563139997307525,-0.1803202056597414,0.18010020208370442,-0.18040692335378264,0.1759860928277006,-0.17169332614767277,0.13881431543019096,-0.12338014509902553,0.022420252122256252,0.03796248788347015,-0.17331583064560754,0.1709460929619372,-0.15610137212894942,0.12415362066819594,-0.07567869268267417,-0.0013883650540051512,0.0046032279435663055,-0.01912161932180125,0.010634008517545611,-0.008433221438628829,-0.008439246822005041,-0.03387262388302765,-0.00825684960774601,-0.044095028594966605,-0.008383588431420416,0.014362391185375441,-0.008425611060634788,0.01135375049062137,-0.008445710047745622
-0.020544284990923884,-0.020448774016811864,-0.03514278009328542,-0.01983794275387155,-0.09617041532885479,-0.020076478808317078,-0.012168436879972539,-0.018379787225288748,-0.009701251357152784,-0.02044704155217174,0.02029307710410021,-0.12800255974710062,0.1387337019896306,-0.18771179597848933,0.2500000000000003,-0.12547101253459955,0.03325936390090055,-0.005741030718322952,-0.006984024953195673,-0.0037266857831761415,-0.04394597470954305,0.12835553663524257,-0.1284464615287471,0.12918149765185052,-0.129150672905699,0.12959823209918744,-0.12087471379190784,0.08903449152944004,-0.08920404473747816,0.002042592654477341,0.007038255894475064,-0.12572454305120662,0.12841901199922787,-0.12904048506662885,0.12920447237134772,-0.12675920562227627,0.12414776192664663,-0.10429775187990936,0.09262829108332916,-0.03801751697337652,-0.04675671588378931,0.12346336402410621,-0.12101743681050205,0.1077657890246297,-0.08412885977352262,0.03906884992108896,0.012280126844411507,-0.02351946927747887,0.03441071784534316,-0.031387445250333705,-0.020451478344695937,-0.020449383339196235,0.0021477906284037853,-0.02053051223102427,0.012505885917399477,-0.02047576979330798,-0.02913607816159951,-0.020445716378788715,-0.031376942540828144,-0.020446829987973265
0.13556895651070267,0.13566014356676317,0.11078606579490465,0.13506225511243983,0.12687796071147742,0.1353335464428359,0.12900000103731232,0.1336151939789187,0.12465184978636894,0.135710524717977,0.09429969312972074,0.013972583609302567,-0.02525299799493897,0.07385206045354328,-0.12547101253459955,0.25000000000000033,-0.1540892651325751,0.1209671941274527,-0.10760793359798079,0.11852337118769612,0.10902057262462966,-0.013255451641510194,0.013662166920859054,-0.015259855685459083,0.018362986312159563,-0.029067080028526152,0.03285962396811505,-0.007899891483099686,0.012508268978152172,0.10845733928194712,0.10582527613952843,0.017752428577778884,-0.014734077687476596,0.017598593838641784,-0.01733186383958351,0.02046786805754674,-0.021710343214311614,0.032083039731372325,-0.019246496776507478,0.11394691095449443,0.1048536095506873,-0.01426257266320142,0.009968594609495694,0.005401968866763264,-0.012942255093105155,0.07123654715676464,-0.05934656406194563,0.10559717311467867,-0.1089294746443365,0.12345234685522825,0.1356896041395735,0.1357004878432085,0.11051695224206873,0.135462855814944,0.09403150899205984,0.13563611521631463,0.09879442066776628,0.13563229963828743,0.12091118255645694,0.13571053478277872
-0.13665037197158925,-0.1368211652575927,-0.09755727749350857,-0.13652105225031616,-0.09742794656855419,-0.13661296936695197,-0.1673302563357775,-0.13521567974162244,-0.12816006831979174,-0.13687715690452879,-0.12010575328437896,0.07583640720207238,-0.06355552368260116,0.014660904811365793,0.03325936390090055,-0.1540892651325751,0.2500000000000005,-0.16385235832077488,0.12887341576316244,-0.12478303412502079,-0.08988668840330322,-0.07871700851936739,0.07883251735805108,-0.07891189791081483,0.0758985357973245,-0.06242116752144802,0.05225617884116734,-0.029918985573272997,0.026204563441117098,-0.11422468958540088,-0.12378613906605869,0.0738836208392839,-0.07929580774919436,0.07645452047450661,-0.07687494817582854,0.07160284119636148,-0.06716818973503945,0.034205720445393974,-0.027950729257668033,-0.10100944060123156,-0.08267760008483152,-0.07613277090592425,0.07897535374400025,-0.08609293600280277,0.07681637691513377,-0.10849065930652513,0.05703626784708672,-0.10040658784237043,0.09622997864241674,-0.1149313591367844,-0.13685028247181852,-0.13686401656279182,-0.12552353336631264,-0.13653753858616874,-0.11466369706793883,-0.13677222541633832,-0.08890331544283056,-0.13679041046287665,-0.1120601550851697,-0.13687717686014422
0.19570823000291798,0.19592304935799293,0.143001175115075,0.19541748694115788,0.1309623984395944,0.1956530696613851,0.17527431656884504,0.19407373432970668,0.19215188988471907,0.19600545843372108,0.16457550260430748,-0.08737482914410717,0.07518612889903618,-0.026485789310766783,-0.005741030718322952,0.1209671941274527,-0.16385235832077488,0.25000000000000056,-0.20627346922911682,0.18719126191209878,0.1334251746834707,0.09126501144836743,-0.09195772679693964,0.09347635966314297,-0.09057156830303925,0.09443559612584397,-0.06854755651398164,0.04901375535219099,-0.04329487947671887,0.16769902310540352,0.17379274244956122,-0.0873413904572023,0.09479932383347733,-0.09161946192575328,0.09220040149268963,-0.0852560206542467,0.08005230687685372,-0.040494205352701075,0.03897873435846831,0.1464161193877475,0.1230996504498079,0.09096944207764304,-0.09550434393871136,0.10762500883350705,-0.09793841715853845,0.14874027208398405,-0.08348878102573047,0.14608963753266008,-0.14078322410529195,0.1662918865031759,0.19596829456928253,0.19598746282647506,0.17695859577142975,0.1955363354674856,0.16039602246224172,0.1958606763020927,0.1296968580053691,0.19588260075837904,0.1623688761633288,0.19600570975709944
-0.21506756169076377,-0.21529003541444458,-0.15661814228966986,-0.2147513994034224,-0.14061429713928483,-0.21501571684452406,-0.17798073085095517,-0.2134326641292154,-0.2201763278061881,-0.21538181446246,-0.18134725042826705,0.09808253956643344,-0.085943875436499,0.03733333696003396,-0.006984024953195673,-0.10760793359798079,0.12887341576316244,-0.20627346922911682,0.25000000000000033,-0.21439656934704115,-0.14614613620626254,-0.10243661984991806,0.10330152313590052,-0.10526449890094824,0.10238128990389117,-0.10831615003679808,0.08128547105405559,-0.0876317134801132,0.07874914879555783,-0.194560501157126,-0.19141647050825628,0.09810758813630942,-0.10649214329109875,0.10346116692853553,-0.10410796928416881,0.09673606708981529,-0.09274724730354557,0.05790768214806148,-0.0680718090256084,-0.1580440744426438,-0.13475010382604072,-0.10211318686478828,0.10729467234265581,-0.12073370014264573,0.10967916925647384,-0.16515970821026246,0.09446807589226562,-0.16317011357504402,0.15528821046969138,-0.18221032853106506,-0.21534083876418864,-0.21536206958165086,-0.19479066454942853,-0.2148630330771405,-0.1767823560537332,-0.21522086545087152,-0.14299043156896843,-0.21524578024228747,-0.17820333477211933,-0.21538219711426404
0.23103555750610874,0.23127927309003984,0.17121285667023384,0.23066061767360252,0.15467985936507012,0.2309762839218999,0.18992713532020825,0.22931655464424214,0.22049915785164664,0.2313761470634383,0.18963777824913136,-0.0866057053677881,0.07448223307019901,-0.025863881810468302,-0.0037266857831761415,0.11852337118769612,-0.12478303412502079,0.18719126191209878,-0.21439656934704115,0.2500000000000004,0.16113840686329375,0.09103198622516046,-0.09191583254549508,0.09384726966087328,-0.090961510424261,0.09693915253598762,-0.06985645551546305,0.102050556234453,-0.09084670223996376,0.20170434078533206,0.20220491147355196,-0.08679357502307986,0.09531434238511985,-0.09204032665392034,0.09270419717574208,-0.08528417104143529,0.08235810686862143,-0.05362739173233223,0.07500375609913887,0.17154974506002807,0.14942268898739366,0.09132859029238428,-0.09727694961465032,0.11352765024576178,-0.10506962622937555,0.1702947841191561,-0.10276389786809773,0.17727488853891088,-0.16986650170930728,0.1976448245014324,0.23133321476396507,0.2313554929140912,0.20639305197716068,0.23083667656027332,0.18589874425707895,0.23120899329030417,0.15598992026248062,0.23123131404538808,0.1934806127809326,0.2313765035819882
0.17926737670755732,0.17941475303886056,0.14327383390470916,0.17873297821077047,0.13453987235758794,0.17906862790033845,0.14322172450738563,0.17737159835439562,0.16791336217906982,0.17948380873134803,0.12858657933594328,-0.001183332245927564,-0.005686340725090392,0.033584876764260155,-0.04394597470954305,0.10902057262462966,-0.08988668840330322,0.1334251746834707,-0.14614613620626254,0.16113840686329375,0.25000000000000056,0.003171872554753601,-0.004083647082889215,0.005966922673967509,-0.004410828671574834,0.01250705016706589,0.006013016842493812,0.029756655454526777,-0.02117930532488434,0.15139328598674034,0.14350048255654846,-0.0003380410014861297,0.007481852581103887,-0.0051857774700343065,0.005597810502251334,-0.0009368720084517159,-3.226455079693664e-5,0.012272439229945382,0.007859363524764237,0.1445677382867715,0.13279839625597734,0.005452310564505273,-0.011912464390517135,0.030952776815508648,-0.03644622699869968,0.10571095546923126,-0.08138590861610477,0.1411718498861448,-0.1414262011583787,0.16035033089002682,0.1794545577731677,0.17946985228963125,0.15000389143792242,0.17912936174278615,0.1303131893581271,0.1793754582515189,0.1287543148469063,0.1793771169964015,0.15726567009408082,0.17948399794894418
0.0734044325273142,0.07361583662614303,0.020626941845256232,0.07424794549588953,0.002288805269355895,0.07404024589744539,0.08413344935362492,0.07566490312325423,0.08435538095745364,0.07365905891357605,0.12159093326663548,-0.24276524947335856,0.23086378819037717,-0.18440311286910213,0.12835553663524257,-0.013255451641510194,-0.07871700851936739,0.09126501144836743,-0.10243661984991806,0.09103198622516046,0.003171872554753601,0.25000000000000044,-0.24873003965880705,0.24688747216170012,-0.24346945455267824,0.22783613791362478,-0.21282070227429722,0.1685469855666963,-0.1657045688760906,0.09554790216614126,0.10358716753152009,-0.2373991116841202,0.24536210931402297,-0.24385321622007197,0.24440454190994101,-0.23694364494572817,0.2307889178626733,-0.1820256989052324,0.16823676814236635,0.020041814395221565,-0.005268274442108089,0.23577222657444288,-0.23446194215956323,0.22077472683195462,-0.17952476567076922,0.13844326018035305,-0.02600421360018803,0.04256733258246302,-0.023191795808206003,0.04129407496122193,0.07363253793091531,0.07364594994706938,0.09772742454972587,0.0732823556140461,0.10449403502754852,0.07353839836031445,0.02518169273578311,0.07359550530133123,0.03923062703790719,0.07365956376940172
-0.07431409059952718,-0.0745265244899599,-0.021506636376913236,-0.07515267068248181,-0.002965587699811181,-0.07494864786878644,-0.08482794755790381,-0.07657067891749178,-0.08524575052877134,-0.07456994086112483,-0.12193444437655583,0.24191945861432887,-0.23001364287654247,0.18354229852714654,-0.1284464615287471,0.013662166920859054,0.07883251735805108,-0.09195772679693964,0.10330152313590052,-0.09191583254549508,-0.004083647082889215,-0.24873003965880705,0.25000000000000044,-0.24754549970796622,0.24412837248501945,-0.22850911366899693,0.21348637905097456,-0.16926801815078546,0.16641892156024451,-0.09642094713083599,-0.1044430664831396,0.23803356073659468,-0.2460246881285377,0.24451130097261292,-0.24506573036361598,0.23759919551343425,-0.23145169278694652,0.18265037435486806,-0.16890968795692718,-0.020628827494581278,0.004752793322153635,-0.23641747569327673,0.23512194321984828,-0.22147087622262301,0.1801299560172345,-0.13924402568173214,0.02652234623247577,-0.04336434197234461,0.023851767553351146,-0.04202430945254448,-0.07454323225008502,-0.07455674393396518,-0.09858565208702993,-0.07419080577549794,-0.10528232510502002,-0.07444847533763742,-0.025791670959890562,-0.07450575344181155,-0.03995757864924431,-0.07457044952919799
0.07620631277131937,0.07642136723460013,0.02333768440921393,0.07703576764682082,0.0042458671043739665,0.07683973889549335,0.08629500394272593,0.07846489048868903,0.08715429447315563,0.07646513091474859,0.12262078286364513,-0.2402148089054041,0.22830436970495227,-0.18182575916171198,0.12918149765185052,-0.015259855685459083,-0.07891189791081483,0.09347635966314297,-0.10526449890094824,0.09384726966087328,0.005966922673967509,0.24688747216170012,-0.24754549970796622,0.25000000000000033,-0.24639606950356296,0.23075618398018408,-0.21574274600882534,0.17144020933213416,-0.16859829001498022,0.09837164289614264,0.10638415218973417,-0.24023418389424395,0.24829328210710966,-0.24677365624294664,0.24733596433260158,-0.23985416510076354,0.2337155662806403,-0.18475093572235124,0.1710331757640415,0.02168087278885564,-0.003901528729147524,0.23862471047527614,-0.23734206877710992,0.2236852815281227,-0.18199176567045003,0.14126959092191163,-0.027641880854141453,0.04503243369889212,-0.025115020940735568,0.043442762917194754,0.07643797774800234,0.07645172502082176,0.10050596428271437,0.07608006682648347,0.10710752165804592,0.07634167855957548,0.026975004342991504,0.07639952945293538,0.041374206948924915,0.07646565015142856
-0.07332774446568195,-0.07353862929684228,-0.02155180902451573,-0.07415217167307148,-0.002464274212885928,-0.07395550406069372,-0.08338552115197025,-0.0755814221778576,-0.08427320941077283,-0.07358109220616152,-0.11959606322366634,0.23690377154770637,-0.22533610324076622,0.18019834634105347,-0.129150672905699,0.018362986312159563,0.0758985357973245,-0.09057156830303925,0.10238128990389117,-0.090961510424261,-0.004410828671574834,-0.24346945455267824,0.24412837248501945,-0.24639606950356296,0.2500000000000004,-0.2333573465670733,0.21856465810000913,-0.17425770233177473,0.17145146582989307,-0.0960128295504035,-0.10350191665939493,0.2373438118510276,-0.24539282198912257,0.24700578390331845,-0.24758912504250272,0.24034148659754873,-0.23479368906883952,0.18756402762782,-0.1738519232204001,-0.018809767963407793,0.005035391428652351,-0.23606184444623668,0.23494152472842436,-0.22175177179645372,0.18132526336832885,-0.1400038360354302,0.028081802772070775,-0.04415900883075734,0.023250294490692124,-0.04066894699694717,-0.07355447891796696,-0.07356798226230772,-0.09775695475261446,-0.07320213677143365,-0.10492394435171763,-0.07345889775088578,-0.025330693900142726,-0.07351682991037586,-0.038816157595572554,-0.0735816042456361
0.07942076714334373,0.0796336544275001,0.029043746826607816,0.08017500871835045,0.00819806831241572,0.08002040837038661,0.08555157418045042,0.0816396426863006,0.09026969840555112,0.07967633890201768,0.1189012804333527,-0.22143778297025427,0.210415725868853,-0.16742483119364476,0.12959823209918744,-0.029067080028526152,-0.06242116752144802,0.09443559612584397,-0.10831615003679808,0.09693915253598762,0.01250705016706589,0.22783613791362478,-0.22850911366899693,0.23075618398018408,-0.2333573465670733,0.25000000000000033,-0.2224420472385238,0.18750659004037237,-0.18175073431741592,0.10266618698300019,0.10553319708105473,-0.2222813540859093,0.23044176287564502,-0.2320665057731484,0.23264171200859687,-0.22625668049324227,0.2235836050887656,-0.18636761522427203,0.1788378405995018,0.023869537625434832,0.003252697005292996,0.22145850665114905,-0.22095397743218564,0.20988739967196174,-0.17182376612841838,0.13783268235125484,-0.03697284801445441,0.05559929486227629,-0.03210026129511545,0.0469949708016417,0.07964955717671346,0.07966328873833511,0.10062615629783746,0.07929864119667267,0.10593403483654293,0.07955280258611867,0.03300042189847712,0.07960781543932786,0.04575519816524197,0.07967688740639936
-0.052251621851775114,-0.05242947805113561,-0.009424833342366646,-0.05301550733413708,0.007643395759874946,-0.05282611386220371,-0.062379262897706816,-0.05445892955301136,-0.06321837101905789,-0.052461483128554025,-0.09574471959846047,0.2071537199828362,-0.1975282202616308,0.1600113084070927,-0.12087471379190784,0.03285962396811505,0.05225617884116734,-0.06854755651398164,0.08128547105405559,-0.06985645551546305,0.006013016842493812,-0.21282070227429722,0.21348637905097456,-0.21574274600882534,0.21856465810000913,-0.2224420472385238,0.2500000000000002,-0.20523363132302896,0.20073410631563576,-0.07985211549484744,-0.08063951238007987,0.2072754673238665,-0.21540789872174973,0.21748631353443187,-0.21798151035136254,0.21528478658099234,-0.2218878420947433,0.2107974889587092,-0.199931378528359,0.0027567967887112605,0.013149647894843458,-0.20622669562396756,0.2055791205023376,-0.19319852813658397,0.15437480109226187,-0.11626436760042035,0.04816144003002919,-0.05809571605426325,0.0201835002996054,-0.02137128930253529,-0.05243941521649223,-0.05245101798504038,-0.07597381308886575,-0.0521463666254633,-0.08223863427479666,-0.052348491303158,-0.021498649289583782,-0.05240236284698698,-0.023375899082207226,-0.05246194905403496
0.08580291533029068,0.08598631532964401,0.04347526878303708,0.0863497091334156,0.02646868501398438,0.08630344401113117,0.0824763982346235,0.0877980507440152,0.08886580008013269,0.08602586934651191,0.10710423370167946,-0.1630585037318186,0.1538802310681302,-0.11803770165269359,0.08903449152944004,-0.007899891483099686,-0.029918985573272997,0.04901375535219099,-0.0876317134801132,0.102050556234453,0.029756655454526777,0.1685469855666963,-0.16926801815078546,0.17144020933213416,-0.17425770233177473,0.18750659004037237,-0.20523363132302896,0.2500000000000003,-0.2382992962133101,0.11417643107362148,0.09945570011852549,-0.16293910668395753,0.17112755642128297,-0.17320754112396072,0.17371173506528625,-0.17128310138100825,0.18067837001549425,-0.19890858418337784,0.2204320111898869,0.026172849108968988,0.022834538142269625,0.16341267451286162,-0.16492366573443618,0.16053792467189817,-0.13047515965151368,0.11934348947036202,-0.07198785294009762,0.09488982106390195,-0.055697475011079155,0.05518336069239922,0.08600093835981751,0.08601429510499309,0.09726000696612129,0.08568576498738839,0.09685469303284142,0.08590395549537627,0.05270071036445473,0.08594815677680051,0.05762390431498629,0.0860263973648126
-0.07447259882362385,-0.07464437551124754,-0.03476537543162803,-0.0750341759981154,-0.018698873808488836,-0.07496849661547339,-0.07319012294807255,-0.07648497376220995,-0.07761843287794509,-0.07467986157576308,-0.0983289136303985,0.1604528748152392,-0.151813593563691,0.11811683741478926,-0.08920404473747816,0.012508268978152172,0.026204563441117098,-0.04329487947671887,0.07874914879555783,-0.09084670223996376,-0.02117930532488434,-0.1657045688760906,0.16641892156024451,-0.16859829001498022,0.17145146582989307,-0.18175073431741592,0.20073410631563576,-0.2382992962133101,0.25000000000000033,-0.1043271228373431,-0.08973663326509669,0.1600994831475074,-0.1682659974577321,0.17040666892000533,-0.17088489570312615,0.1728106192687136,-0.18164108586204314,0.21015791029903788,-0.23171965212628015,-0.014844027545351399,-0.015227858313417355,-0.16039669437124163,0.1617668102770366,-0.15652596227165452,0.12683826260254452,-0.11430189716439491,0.07426414646822145,-0.09239892384031831,0.04881532828154159,-0.04428799197164623,-0.07465672360596536,-0.07466924533724688,-0.08743978888817007,-0.07436255172965972,-0.08789500274218758,-0.0745623277702648,-0.04650406173615794,-0.07460670722564751,-0.04766685311914059,-0.07468035921909341
0.21998354253848285,0.22021996877028907,0.16134202276911358,0.21974349663123452,0.1451294614176158,0.2200158305800033,0.18257888197182237,0.21905526960025434,0.2122595362327211,0.220311639940892,0.18320651384002684,-0.09079482031160352,0.0790738884809119,-0.03199282972885773,0.002042592654477341,0.10845733928194712,-0.11422468958540088,0.16769902310540352,-0.194560501157126,0.20170434078533206,0.15139328598674034,0.09554790216614126,-0.09642094713083599,0.09837164289614264,-0.0960128295504035,0.10266618698300019,-0.07985211549484744,0.11417643107362148,-0.1043271228373431,0.25000000000000044,0.19412241990058787,-0.0911856820081877,0.09969769776962487,-0.09689026302513361,0.09754089856676357,-0.0909091738675955,0.08917380039652986,-0.06609498309554061,0.0880447985534836,0.16018488273646259,0.14014876976937404,0.09545095397388151,-0.10111432041167884,0.11594348731148842,-0.10603922503299233,0.16610929986934284,-0.10188664752063992,0.1724370591660517,-0.16178005764941922,0.1867544694430998,0.2202702768799755,0.22029187474911885,0.19789109540797029,0.2197884551904785,0.1787854164879093,0.22014787702875,0.14864100486205575,0.2201717042186366,0.1832565396705989,0.2203121593340056
0.21361221436358166,0.21384920067871144,0.15544788961640021,0.2134038629990536,0.13896644426670632,0.2136657463252681,0.1809723578337294,0.2125881501924502,0.2064216541926466,0.21393739650048044,0.18088445000682254,-0.09881080876230176,0.0869603939529389,-0.03959899773625708,0.007038255894475064,0.10582527613952843,-0.12378613906605869,0.17379274244956122,-0.19141647050825628,0.20220491147355196,0.14350048255654846,0.10358716753152009,-0.1044430664831396,0.10638415218973417,-0.10350191665939493,0.10553319708105473,-0.08063951238007987,0.09945570011852549,-0.08973663326509669,0.19412241990058787,0.2500000000000004,-0.10538168348713405,0.10778764306415148,-0.10453138426856144,0.10517530028474038,-0.09775635687630764,0.09425076969706438,-0.0619879839166068,0.0771635084152805,0.15551673748842532,0.13181833696879916,0.10748730407417341,-0.11023574511921441,0.12172181490346337,-0.10988914042281649,0.16488222484382598,-0.09266450801427961,0.16180858168944734,-0.15317964105973975,0.1801475401623621,0.2138965298186773,0.21391770343840277,0.1943246639350334,0.2134190853084054,0.17577179577232319,0.2137767021908778,0.14081844230102497,0.21380221762578538,0.17617460967129464,0.21393779733888685
-0.06913974398228108,-0.06934370120852167,-0.01914673153789063,-0.06995019389769641,-0.0008752257461064773,-0.06975475121754482,-0.07980283649603492,-0.0713606466946418,-0.07999619257050572,-0.0693840799522269,-0.1149196842368605,0.23104574230874636,-0.21973451244260375,0.17563139997307525,-0.12572454305120662,0.017752428577778884,0.0738836208392839,-0.0873413904572023,0.09810758813630942,-0.08679357502307986,-0.0003380410014861297,-0.2373991116841202,0.23803356073659468,-0.24023418389424395,0.2373438118510276,-0.2222813540859093,0.2072754673238665,-0.16293910668395753,0.1600994831475074,-0.0911856820081877,-0.10538168348713405,0.2500000000000004,-0.24136583500219827,0.2383312732069921,-0.23885233901103395,0.23140001133527324,-0.22523722898127352,0.17636694756007773,-0.16257723080800648,-0.0164251060001485,0.011721724481554665,-0.24343341712594546,0.23519273787484843,-0.21627897257680007,0.17392420409721365,-0.1334702091528381,0.019894769182151464,-0.03782127796171848,0.017879956076513822,-0.03626136717750151,-0.06935838706562679,-0.0693713295957568,-0.0951093155766242,-0.06901748174989884,-0.09971009389515345,-0.06926718320008614,-0.019607039312665147,-0.0693240291620078,-0.034193150141779496,-0.0693845743764887
