x1,x2,x3,x4,x5,x6,x7,x8,x9,x10,x11,x12,x13,x14,x15,x16,x17,x18,x19,x20,x21,x22,x23,x24,x25,x26,x27,x28,x29,x30,x31,x32,x33,x34,x35,x36,x37,x38,x39,x40,x41,x42,x43,x44,x45,x46,x47,x48,x49,x50,x51,x52,x53,x54,x55,x56,x57,x58,x59,x60
0.25000000000000006,0.24290267257238665,-0.003107443750775011,0.24405680005494343,-0.06712712885755345,0.2437705454709854,-0.05888651413110653,0.2439255164643902,0.13124022453534379,0.24427042242049873,0.23996449203531417,-0.03580384686653396,0.08556526487139321,-0.06501584733781354,0.1642798305216519,-0.12542052158813113,0.16134820040273484,-0.015270653897999382,0.021269949440632853,0.24236027930264797,0.24308301041355526,0.030243161454621022,0.06099119173525016,0.08707008851133174,-0.029476733936047956,0.16219614049942827,-0.10839326770883077,0.15505622472027178,-0.12737845933589687,0.2434539495198586,0.24284932893846137,0.10723968301044148,-0.05843044746549879,0.12570036874026236,0.03725288727446209,0.08226668069951218,0.11171200766849676,-0.04112561027482699,0.12497655128663404,0.24226973120192768,0.2425673226252885,-0.10908340926291002,0.14688832843804764,-0.10753949796747789,0.1506806889458214,-0.054120508002674234,0.0880084068836654,0.10681642064526235,-0.09884806897826307,0.2418338207828994,0.24151511889445035,0.24422053803041896,-0.0532246039418427,0.24423912312936222,-0.053969151959756316,0.243295083963614,-0.005930139464405761,0.2425713097073959,0.14876745276129935,0.24427486306395732
0.24290267257238665,0.25000000000000006,-0.00587375813992976,0.24840213907626177,-0.06892559310031653,0.24811770106336803,-0.060522944152862024,0.24826773014455775,0.13331052884788608,0.24861478048498337,0.24428448332520186,-0.03804929627810595,0.08894008702845951,-0.0680465248940716,0.16839263746502894,-0.12874939568670155,0.16487163321688234,-0.015726443815572658,0.021736998145651117,0.24667303751204872,0.24739951803962498,0.03233683552079895,0.06101099818363049,0.09031573381550279,-0.03140995367844844,0.16618189451585105,-0.11148701504556076,0.15874174811053984,-0.1306374491192427,0.24778977997536958,0.24716809126690237,0.10837694356351574,-0.05844710636191721,0.12726778331272182,0.03924516788231606,0.08295188810383598,0.11484607085799979,-0.042772131598457434,0.12819414695449546,0.24657445882128556,0.24687272989949677,-0.11028192791217584,0.14895577035874155,-0.1087550496401932,0.15288013628533734,-0.05438865963352458,0.08903659862168217,0.10917888766378958,-0.10102036479404608,0.24614111000045907,0.24581041241923915,0.24856399925771125,-0.05379070584361229,0.24858268097644728,-0.05460590595103318,0.24761666694261644,-0.00563239214587508,0.24687634584420742,0.15168138972093242,0.24861923341573375
-0.003107443750775011,-0.00587375813992976,0.24999999999999992,-0.0047197221060005165,0.03813752375247186,-0.00496931534933303,0.023569917571495194,-0.004792760905579931,0.013804316397159446,-0.004504499168807445,-0.007595066133316909,0.13553102515213628,-0.16355953649379598,0.15337960674759,-0.06602845976681153,0.05654671912378841,-0.024623393006545556,-0.01626338446649503,0.024234772374546205,-0.0048895196874367474,-0.0039200335015195705,-0.12965938355858228,0.08646123041887915,-0.13595162509195935,0.11109487690093885,-0.06223950194265621,0.075076212187753,-0.04675935140242,0.056766849231192115,-0.00480718783706675,-0.00447324660784227,0.06064632361380929,-0.08224451606088844,0.05206600068771114,-0.10253486350483815,0.05809809657912203,-0.07363275461508934,0.05759244593508582,-0.0573643915648626,-0.004301639444330824,-0.0037862536581617237,-0.05809255253374156,0.0415578071262433,-0.05350594938222177,0.03517827468378675,-0.04983001669993324,0.037309335108247035,-0.030202635580664057,0.026626123718735868,-0.004828798938596392,-0.004449506093149747,-0.004503272180135484,-0.030286718254224604,-0.004485083156971248,-0.02475885005098652,-0.00404904737540601,-0.028957981185932066,-0.0037400228321326475,-0.01886033647645771,-0.004500078864870241
0.24405680005494343,0.24840213907626177,-0.0047197221060005165,0.25,-0.06929449566792428,0.24926202630878977,-0.061003081934193876,0.2494217949512532,0.1339382291330124,0.2497673131758745,0.24541966435286477,-0.03801291522319333,0.08908120714453358,-0.06813134687545064,0.16912881226176013,-0.12929893567661882,0.16578031355924772,-0.015899583094976355,0.021944122132783874,0.24781484821156932,0.24854727284909392,0.03228725642077236,0.0614290393098601,0.09053088277930157,-0.031387952459877876,0.16691351176702357,-0.111930682296842,0.15948805016397652,-0.13122247048326066,0.248938409996439,0.24831388090936612,0.10897499185929575,-0.05884546142447364,0.12794094747562335,0.039278430396272275,0.0834221374376565,0.11531179951528715,-0.042918718121325763,0.12876502385074953,0.24771733779182092,0.24801820363810817,-0.11088448690453578,0.1497137755387662,-0.10934183165617249,0.15364490582255994,-0.05470796507756826,0.08949985858854248,0.10966075680097762,-0.10146873318321065,0.24728190038549913,0.24694995500576444,0.2497163017548314,-0.05408848309804414,0.24973509743748365,-0.05489754401381585,0.24876523936347236,-0.005695791267808279,0.24802193174292558,0.1523714524048982,0.24977179750247747
-0.06712712885755345,-0.06892559310031653,0.03813752375247186,-0.06929449566792428,0.25000000000000017,-0.06958481550630752,0.04360214635108213,-0.069196570815194,-0.018715333171249543,-0.0690766993488478,-0.0708571487373063,0.06737186268199126,-0.0835563784386295,0.09302933478845858,-0.14532800192763645,0.12352596554853434,-0.09407479948959888,0.03825135822828359,-0.031880584613309976,-0.06858668288859249,-0.06848841595287204,-0.06604404552323856,0.02252986177419818,-0.09550445228950448,0.06783409856348079,-0.1222219136609323,0.099503360189996,-0.10745037820916396,0.0980306325441208,-0.06923019168443638,-0.06864374860104024,-0.0007932423136675537,-0.022500149625430264,-0.009954663072145832,-0.06915871681133513,0.010737239072109408,-0.09817298703022538,0.06476360803741386,-0.09709415857181719,-0.06822988003165523,-0.0682462740888271,0.0022166779182916517,-0.02058826663227404,0.0023919775029892236,-0.02297862815498348,-0.017280327818793496,0.0006766744349930819,-0.05755465612129066,0.052896571959094286,-0.06877156522138916,-0.06829495049505831,-0.06906234129075088,0.0007865279045681067,-0.0690581135662983,0.002289679513465504,-0.06858889090251817,-0.01767278098541794,-0.06823998340663652,-0.058138766736182734,-0.06907505939028831
0.2437705454709854,0.24811770106336803,-0.00496931534933303,0.24926202630878977,-0.06958481550630752,0.24999999999999994,-0.061329943941094325,0.24913567115076815,0.1336945164292131,0.2494777856597311,0.2451674044406975,-0.03828897572791438,0.08935626522467931,-0.06839771828128666,0.169358266452127,-0.12957550805557647,0.16610059764368867,-0.016210374434592854,0.022243064494929632,0.24752503089214822,0.2482578192093773,0.03255608613044732,0.061149696850150176,0.0908002956029815,-0.03166504304626109,0.16718898983140648,-0.11221785657096325,0.15979155387824195,-0.1315210679506946,0.24865265770296696,0.24802577251811675,0.10869259055226245,-0.05857118406027129,0.12765760175626983,0.039550648411293375,0.08313843807005643,0.11559993144554397,-0.04320895185528227,0.129060731403806,0.2474277003871885,0.24772878657256825,-0.11060373644182304,0.14942921568539322,-0.10906360012201845,0.1533600487944801,-0.0544553612305717,0.08924630467638757,0.10971021476608117,-0.10151352428349937,0.24699776040255178,0.24666367115383828,0.249426824519122,-0.0539514971352815,0.2494455467253342,-0.05476411513470793,0.2484757363409137,-0.00557520120725918,0.24773251802111662,0.15229939829215608,0.2494822404847727
-0.05888651413110653,-0.060522944152862024,0.023569917571495194,-0.061003081934193876,0.04360214635108213,-0.061329943941094325,0.24999999999999994,-0.06117189247816168,-0.01426382226177959,-0.060828568748163475,-0.062112522500760874,0.03200492590267736,-0.05207865596969152,0.06049765386052927,-0.09686011740040618,0.12678767240960262,-0.13755129459471205,0.0609521588832531,-0.05946814886552074,-0.06001479123609029,-0.06055539909615009,-0.030949228315121383,0.009301017268803363,-0.062292890487303035,0.05031427009850782,-0.09948902757903906,0.08193444105113264,-0.09900641996454736,0.08838128409569684,-0.060980672172675,-0.06044236359560036,-0.0078027135408903,-0.01029738745234085,-0.014932331773843859,-0.05229472275972823,0.003919015512537777,-0.08275093690391383,0.05451195807546259,-0.08721100075474918,-0.06003551079761497,-0.06017115226786092,0.008712917959519657,-0.023118257516095937,0.008050033769460329,-0.024217631669448153,-0.010934650455734855,-0.002612544100612348,-0.04964038793333456,0.045791000073603275,-0.06055008539687589,-0.06014074882424761,-0.06081615981601934,0.004294330880415238,-0.06081440938297052,0.0047745984492462215,-0.06044774770518126,-0.013199618161949391,-0.060173221550226245,-0.050656299520401765,-0.06082772304098418
0.2439255164643902,0.24826773014455775,-0.004792760905579931,0.2494217949512532,-0.069196570815194,0.24913567115076815,-0.06117189247816168,0.25,0.13380514441683633,0.24963481793783193,0.2452828839729767,-0.03810273538088529,0.08914132402971833,-0.06822575587318565,0.1692012163937165,-0.12939639653685103,0.1658335126080694,-0.01596941558792817,0.021995384371358534,0.2476832013340166,0.24841501583053358,0.032376965750440356,0.061319992512689075,0.09061440548795294,-0.031485481361951694,0.16696626797331257,-0.11200206222863664,0.15952921385640156,-0.1312750575308197,0.2488071151483967,0.2481820977567878,0.10886036809079644,-0.05873915892217147,0.12782384372627223,0.039369929988420066,0.08331270035672933,0.11537859232271949,-0.04299831756608635,0.1288182235852393,0.24758535571358423,0.24788596709802155,-0.11077056798296603,0.1495940391520836,-0.10922994155812805,0.1535256607805233,-0.054616310409859266,0.08940322357513668,0.10965531923768601,-0.1014630246503052,0.24715146692601495,0.24681895203593862,0.2495838358250798,-0.05403234637568249,0.24960260329121348,-0.05484348751315021,0.2486328706560104,-0.005655552188149836,0.2478896798235624,0.1523216264735567,0.24963929704342877
0.13124022453534379,0.13331052884788608,0.013804316397159446,0.1339382291330124,-0.018715333171249543,0.1336945164292131,-0.01426382226177959,0.13380514441683633,0.24999999999999983,0.13413060778445426,0.13050623915870913,0.01425671616287155,0.02474566913192414,-0.011202594119715652,0.06370246809726604,-0.02734308714287125,0.055564730186174686,0.08371413577155022,-0.08025829550844127,0.13363524335745866,0.1335343664894916,-0.015666395777527195,0.06017885161707195,0.023601737739212692,0.014394677802144075,0.06307068767844023,-0.027323876254308144,0.05508888446008217,-0.04019923330732947,0.1335009082932738,0.13336302776398073,0.07808899490171009,-0.057606844425395716,0.08565813787885229,-0.009282460723496946,0.06361955640920497,0.029616638667123836,0.002637762213391941,0.03904360686857531,0.13317418517984686,0.13341463936287432,-0.07843153085429448,0.09424691870912696,-0.07636642502681469,0.09463553417302367,-0.0471034206799548,0.061909311055331685,0.04585607306715826,-0.04267943547262164,0.13261615892156395,0.13261940719000767,0.13410366959343867,-0.038646974448045,0.1341197283403517,-0.037609274082467045,0.13373029613313367,-0.013514452183171075,0.13342471916179421,0.07416736684945885,0.13413495472739564
0.24427042242049873,0.24861478048498337,-0.004504499168807445,0.2497673131758745,-0.0690766993488478,0.2494777856597311,-0.060828568748163475,0.24963481793783193,0.13413060778445426,0.24999999999999972,0.24561874207799214,-0.03781262320060024,0.08888998381045433,-0.06792012864216018,0.1689552984853802,-0.12910106404698157,0.16572002927660195,-0.01579167771211448,0.021866058972721213,0.248029276627222,0.2487633879743817,0.03208828399935902,0.06163774347560834,0.09033887108805434,-0.031187939900715167,0.1667793444928969,-0.11177165968540081,0.1593901677064307,-0.13110453604274627,0.2491524499138214,0.24852892574448837,0.1091842949777139,-0.05904845721814399,0.1281513375667892,0.039089543571585506,0.0836240845093633,0.11516315804118579,-0.04275755686003593,0.12864592221686552,0.24793280692350947,0.24823423007241271,-0.11109185068330926,0.14992490696045258,-0.10954485198363625,0.15385365060766323,-0.054879039581288626,0.08967429346813569,0.10965374719862386,-0.10146369969296572,0.24749451148274912,0.24716371611063123,0.24993244841415047,-0.0541909862707629,0.24995129702450397,-0.05499522156832026,0.2489813849935889,-0.00577407528415216,0.24823799389349716,0.15244348326451496,0.24998800226339712
0.23996449203531417,0.24428448332520186,-0.007595066133316909,0.24541966435286477,-0.0708571487373063,0.2451674044406975,-0.062112522500760874,0.2452828839729767,0.13050623915870913,0.24561874207799214,0.24999999999999997,-0.04207114226760854,0.09176981739928164,-0.07101450164531493,0.16976255731481776,-0.13040672900146547,0.16607538815228562,-0.017059337710921333,0.02288412509553624,0.24369102696342418,0.2444005874552274,0.03592792091174197,0.05758693868274875,0.09304930383960089,-0.03428794351614204,0.16776691227264764,-0.11357085998101894,0.16035314751049343,-0.13246320782794757,0.2448245682382141,0.24418794783879247,0.10512898846651225,-0.05515957769290302,0.12405213466428816,0.04196346466924125,0.08000378610150224,0.11689728029329624,-0.04500469570930009,0.1300195687071138,0.24358565074832997,0.24387535200265706,-0.10707595849237433,0.1457854220208459,-0.10567267337220528,0.14981526005441434,-0.051888532245040475,0.08652129366017966,0.10926532197848549,-0.10107575958878931,0.2431943296229019,0.24284802027718638,0.24556856113405887,-0.052192725555567754,0.24558641848203275,-0.053131241736363355,0.24461895204100637,-0.004474787189565402,0.2438782236603727,0.1506772724085976,0.24562297618988427
-0.03580384686653396,-0.03804929627810595,0.13553102515213628,-0.03801291522319333,0.06737186268199126,-0.03828897572791438,0.03200492590267736,-0.03810273538088529,0.01425671616287155,-0.03781262320060024,-0.04207114226760854,0.24999999999999992,-0.1987805166483972,0.19213970883863768,-0.10488996462962207,0.08116213310491496,-0.04865006408001763,-0.03534282310932616,0.043608446684367475,-0.037996833383553606,-0.03663002193204891,-0.2359519799268028,0.14688735287324117,-0.18123546318395037,0.15314254971086408,-0.10059860967208985,0.11221403698132489,-0.08426764370436726,0.09169069242627138,-0.03809409788167519,-0.037598681733777936,0.09250429327152078,-0.1371209472646471,0.07514667940661801,-0.14395317951322364,0.07621685827120667,-0.11125095812868989,0.07996242350983092,-0.09182738464236517,-0.037247687126600884,-0.03637347154578027,-0.08765815885766116,0.05422006860466623,-0.07676520347685713,0.039620590815685246,-0.06756640156730878,0.04447213726624458,-0.052011190715198705,0.046059326783022374,-0.037885226297134575,-0.03738133514078397,-0.03780624960037041,-0.046518176798126185,-0.03777784382098716,-0.03471778727473653,-0.03691238150190401,-0.04242740246508217,-0.03629147239879235,-0.043302959950720483,-0.03780814446255216
0.08556526487139321,0.08894008702845951,-0.16355953649379598,0.08908120714453358,-0.0835563784386295,0.08935626522467931,-0.05207865596969152,0.08914132402971833,0.02474566913192414,0.08888998381045433,0.09176981739928164,-0.1987805166483972,0.25000000000000006,-0.2285674695031335,0.1443579150430355,-0.11848675624930406,0.08816504636736248,0.017922326323286095,-0.02651818192255974,0.08875858077672719,0.08768529266824712,0.18870721578949226,-0.09851789148832373,0.21261876195484636,-0.16029546803514041,0.13862254423224435,-0.13793405275815865,0.11566672956753765,-0.11971364701910761,0.08902042780829797,0.0883669660683601,-0.04713367549577365,0.0934295766309095,-0.029071443216434876,0.151400902556003,-0.05120544460241406,0.13716008651716516,-0.09154427294551931,0.11968969536721225,0.08793657850432521,0.08732667004327821,0.042984646869277165,-0.007439691037407277,0.037012637204306344,0.00280198659634802,0.04946804638518722,-0.02094087412735456,0.07684457215078531,-0.06930244591006327,0.08849899221603232,0.08788176298309554,0.08887155959452933,0.023669712933710868,0.088852888097296,0.015686642833907964,0.08793399945645566,0.03738439708956294,0.08726420928251605,0.07581217806389479,0.08888560594994237
-0.06501584733781354,-0.0680465248940716,0.15337960674759,-0.06813134687545064,0.09302933478845858,-0.06839771828128666,0.06049765386052927,-0.06822575587318565,-0.011202594119715652,-0.06792012864216018,-0.07101450164531493,0.19213970883863768,-0.2285674695031335,0.24999999999999986,-0.1488882347790884,0.12456478692816712,-0.08754785303704989,-0.014103641883301007,0.023315719616575924,-0.06793095047800589,-0.06682497316143428,-0.18607145001620184,0.11063081842170557,-0.2188535226925402,0.1698672013103327,-0.1342611660499983,0.13677120364996828,-0.11205434985372163,0.11712668621521352,-0.0681718919751106,-0.06751580498356667,0.06164404010042754,-0.10541153519397359,0.044454504130308284,-0.15997054417524473,0.06479476286503198,-0.13585772386807926,0.09480477842887094,-0.11722300872972255,-0.06709806186039091,-0.0664435124668151,-0.05746682473132281,0.0238034353948863,-0.05124731880136864,0.013649020078978467,-0.05963788350040316,0.03271533695633895,-0.07115187050402931,0.0638850980184328,-0.06778493955609897,-0.06714839404149832,-0.06790634329446887,-0.03086103393963526,-0.06788441044981254,-0.022667658719253386,-0.06701030830965497,-0.041037795318176376,-0.0663771752222448,-0.06500571433539924,-0.06791528861458862
0.1642798305216519,0.16839263746502894,-0.06602845976681153,0.16912881226176013,-0.14532800192763645,0.169358266452127,-0.09686011740040618,0.1692012163937165,0.06370246809726604,0.1689552984853802,0.16976255731481776,-0.10488996462962207,0.1443579150430355,-0.1488882347790884,0.2499999999999998,-0.2079773440063204,0.17904665780492798,-0.05523966136843999,0.048687269078725566,0.16771128952711503,0.16779805187424676,0.10082734467935554,-0.013644464704900055,0.15787784870264707,-0.10324302422975076,0.2142872073836889,-0.1682617852133534,0.19185957360306133,-0.17134878129062195,0.16890589657601196,0.16793196924909157,0.032805212116690165,0.014272611605659373,0.0510868036451233,0.10701499305281233,0.009799645491498912,0.1674819546888173,-0.10041687424990184,0.16939991905815802,0.16719979258242554,0.1672912853888353,-0.035372371783645766,0.07225812449606793,-0.03530249366801819,0.07687928710284123,0.0074119303595862685,0.025732579017991152,0.1108801902008778,-0.10207263191946356,0.16778834706757498,0.16704618747803698,0.16892067374202127,-0.016785906454449516,0.16892031356184375,-0.01923182205639318,0.16798444633258683,0.022478055724782463,0.16728222396112605,0.12461591222137748,0.1689546075905589
-0.12542052158813113,-0.12874939568670155,0.05654671912378841,-0.12929893567661882,0.12352596554853434,-0.12957550805557647,0.12678767240960262,-0.12939639653685103,-0.02734308714287125,-0.12910106404698157,-0.13040672900146547,0.08116213310491496,-0.11848675624930406,0.12456478692816712,-0.2079773440063204,0.2499999999999999,-0.209478674196316,0.09051996907618415,-0.08086278018053679,-0.12801932102557628,-0.12836517747043497,-0.07764635289241127,0.020381346988030017,-0.13457623126767576,0.1018412044375917,-0.20453510171364353,0.16490268490449803,-0.18359136308851334,0.16552890264869302,-0.1292824731428191,-0.12829758259925317,-0.01677484067588739,-0.021686396288341743,-0.03186003443437396,-0.10540208900525612,0.0055502207698760395,-0.1630717094962203,0.1048595622136227,-0.16378951128217897,-0.12759298005495553,-0.127719749378017,0.018854944020226822,-0.04928484021227434,0.018091958078169955,-0.05227470504384427,-0.019370635269009687,-0.008719246582010691,-0.09945720995792554,0.09162864962657696,-0.12842237860222455,-0.1276415504285409,-0.12907478841780057,0.009048649796198398,-0.129071461665799,0.010578024838780113,-0.1282967788944482,-0.025539316536687114,-0.12771717076201974,-0.10396243026858178,-0.12909963513410685
0.16134820040273484,0.16487163321688234,-0.024623393006545556,0.16578031355924772,-0.09407479948959888,0.16610059764368867,-0.13755129459471205,0.1658335126080694,0.055564730186174686,0.16572002927660195,0.16607538815228562,-0.04865006408001763,0.08816504636736248,-0.08754785303704989,0.17904665780492798,-0.209478674196316,0.24999999999999983,-0.10001695471933268,0.09625625387014364,0.16401099094475793,0.16496428034479713,0.04476317034166276,0.015042269183511743,0.1035613479855343,-0.06888061930584645,0.192014765216361,-0.1467835664840225,0.19261985579114416,-0.1662899892894791,0.1656699035778829,0.1647064663344903,0.05200914344371475,-0.012449064331907716,0.0673402443377985,0.07563678228484487,0.027059119483174725,0.14960321080264677,-0.08750920315323266,0.16361386710205447,0.16392160520975227,0.16429721820578752,-0.05361959668984785,0.08484131602489786,-0.05169412170479528,0.08697511973986263,-0.006536582668433368,0.035645209046152045,0.10365661425761129,-0.09590099993629397,0.16451577636812983,0.16384842810757813,0.16568593325681416,-0.0264792749068606,0.16569124124039097,-0.02680987722822091,0.164904599085593,0.014355079786031903,0.16430812820518514,0.11945299959899583,0.16572035887808703
-0.015270653897999382,-0.015726443815572658,-0.01626338446649503,-0.015899583094976355,0.03825135822828359,-0.016210374434592854,0.0609521588832531,-0.01596941558792817,0.08371413577155022,-0.01579167771211448,-0.017059337710921333,-0.03534282310932616,0.017922326323286095,-0.014103641883301007,-0.05523966136843999,0.09051996907618415,-0.10001695471933268,0.24999999999999994,-0.23655346957748516,-0.014309637804839972,-0.016002594344497887,0.03388812443153125,-0.020932533366740027,0.006553068907561498,0.007040256397588874,-0.07452067682144477,0.0678468030274435,-0.10551195688186549,0.08814701308580922,-0.01625869009185366,-0.01563314379492157,-0.016318766748743985,0.01700238375355575,-0.016358599982763348,-0.013903553796591167,-0.0005205421093896005,-0.06948390697049384,0.053502190590536354,-0.08624933482392358,-0.01515021574567392,-0.015726920498853155,0.01538303327134116,-0.015902697321807883,0.010973129182875479,-0.011433897457436741,-0.008533452984512612,0.004866338345197282,-0.03445963664836846,0.03266105996581968,-0.016053460029691744,-0.015612771006269269,-0.01578823895217017,0.009169269461617108,-0.015790513121585192,0.005425366721636572,-0.015780863033982934,-0.008084586847856795,-0.01576731544163873,-0.026366032354858838,-0.01579086416248464
0.021269949440632853,0.021736998145651117,0.024234772374546205,0.021944122132783874,-0.031880584613309976,0.022243064494929632,-0.05946814886552074,0.021995384371358534,-0.08025829550844127,0.021866058972721213,0.02288412509553624,0.043608446684367475,-0.02651818192255974,0.023315719616575924,0.048687269078725566,-0.08086278018053679,0.09625625387014364,-0.23655346957748516,0.2499999999999998,0.01998940143722165,0.022086196768193834,-0.04223600247190877,0.028757328893443967,-0.01587356775546588,0.0018639490743468576,0.06520514956430365,-0.058562218853392745,0.09580969484216532,-0.07867429892059764,0.022233595235899385,0.021678973445158286,0.02371364967852865,-0.024698610254431992,0.023577486485040527,0.005173640851643003,0.008195432035766068,0.06018953755325168,-0.044798285881367944,0.07686126659358034,0.021242350200919954,0.021815969594391978,-0.022698925333151217,0.02291649303517358,-0.01820990183126768,0.01839184514600078,0.0016006603715169258,0.0017315424182705397,0.032072747813482086,-0.030492986645734754,0.021995553302908723,0.021618854535027182,0.021861199699764515,-0.012754863035774253,0.021865488363579964,-0.008873436167153434,0.021864921646792563,0.004588168668833021,0.021856682375870334,0.027086912335142987,0.021865630847898086
0.24236027930264797,0.24667303751204872,-0.0048895196874367474,0.24781484821156932,-0.06858668288859249,0.24752503089214822,-0.06001479123609029,0.2476832013340166,0.13363524335745866,0.248029276627222,0.24369102696342418,-0.037996833383553606,0.08875858077672719,-0.06793095047800589,0.16771128952711503,-0.12801932102557628,0.16401099094475793,-0.014309637804839972,0.01998940143722165,0.24999999999999992,0.24681580705122347,0.03229786576762267,0.06088360560446069,0.09018065443211618,-0.03128839938518005,0.16554569459884744,-0.11095582206958995,0.15786706830790795,-0.12991666633379345,0.24720358389136426,0.24658631887004975,0.10814048588522718,-0.05833303386257115,0.1269837033141908,0.03907806288887488,0.08280657748040145,0.11428303830606698,-0.04243154784063589,0.12749046138614314,0.24599670651923408,0.24629178274553415,-0.11004322271037191,0.14861913921768796,-0.10852881759950296,0.15254338671464437,-0.05434089573432368,0.08889453912759022,0.10879364567973726,-0.1006610672607751,0.2455595273406114,0.2452315322467706,0.24797862916007252,-0.05366922816109497,0.24799727832543383,-0.0544901737331213,0.24703369645927845,-0.0056723107018072875,0.2462952460277316,0.15124619632665764,0.24803373994945746
0.24308301041355526,0.24739951803962498,-0.0039200335015195705,0.24854727284909392,-0.06848841595287204,0.2482578192093773,-0.06055539909615009,0.24841501583053358,0.1335343664894916,0.2487633879743817,0.2444005874552274,-0.03663002193204891,0.08768529266824712,-0.06682497316143428,0.16779805187424676,-0.12836517747043497,0.16496428034479713,-0.016002594344497887,0.022086196768193834,0.24681580705122347,0.2500000000000001,0.030895963646533964,0.06185660669669332,0.08918467323087227,-0.030619951419284815,0.1658032254227532,-0.11106095054999943,0.15860503836940948,-0.13039860019434277,0.2479361561185308,0.2473157737426935,0.10900406452822144,-0.05923519555960759,0.1278317523054568,0.03852308100455209,0.08346999554749052,0.11444230973020109,-0.0424292940352038,0.12794782621993292,0.24672258562954316,0.247026351110197,-0.11088629223988228,0.1494414368513225,-0.1093026297896364,0.15329723456575317,-0.054814579571973734,0.08938982861535175,0.10906731938277399,-0.1009285815615637,0.246286041376825,0.24595738615988005,0.24871258761843756,-0.054105467354874426,0.2487314417634343,-0.05486154428839079,0.2477685627774871,-0.005859169031009582,0.247030421836651,0.15167184450616294,0.24876788825150284
0.030243161454621022,0.03233683552079895,-0.12965938355858228,0.03228725642077236,-0.06604404552323856,0.03255608613044732,-0.030949228315121383,0.032376965750440356,-0.015666395777527195,0.03208828399935902,0.03592792091174197,-0.2359519799268028,0.18870721578949226,-0.18607145001620184,0.10082734467935554,-0.07764635289241127,0.04476317034166276,0.03388812443153125,-0.04223600247190877,0.03229786576762267,0.030895963646533964,0.24999999999999997,-0.15601931032458857,0.17698670218757917,-0.15366554240060934,0.0970092971047917,-0.11043081425428221,0.08225367082812234,-0.08972802389571376,0.03239312124050763,0.031909723637539446,-0.10015701441142295,0.14548856845808586,-0.08252712223567023,0.14456348583745282,-0.08048232467237756,0.10948543137440854,-0.07951173640875732,0.0898467882524985,0.031558554009612785,0.030636124709976738,0.09512245455409837,-0.06126729070651955,0.08328789302471527,-0.045728361180499444,0.07090078328159329,-0.048111934228517485,0.04958537741840741,-0.04375005455517226,0.03221689216062937,0.03172172876570179,0.03208345806302926,0.05037511878793515,0.03205326240927307,0.03778975764627005,0.031177272265549928,0.043742057696456046,0.030550102680365718,0.03987022268431998,0.03208386604637074
0.06099119173525016,0.06101099818363049,0.08646123041887915,0.0614290393098601,0.02252986177419818,0.061149696850150176,0.009301017268803363,0.061319992512689075,0.06017885161707195,0.06163774347560834,0.05758693868274875,0.14688735287324117,-0.09851789148832373,0.11063081842170557,-0.013644464704900055,0.020381346988030017,0.015042269183511743,-0.020932533366740027,0.028757328893443967,0.06088360560446069,0.06185660669669332,-0.15601931032458857,0.25000000000000006,-0.09799628024306792,0.14830566149302987,-0.02077961182229633,0.06553861962942438,-0.027151206126317263,0.039660912027635636,0.061048135830737524,0.06121901495045475,0.19161760300060682,-0.23433369600741008,0.17406854730667967,-0.13854016401898145,0.13252060654333017,-0.06437101457468805,0.060367124861932416,-0.04011349430825993,0.061455590726853325,0.06294919147458068,-0.1850225907844752,0.15296108074455247,-0.16304915537151554,0.12817448821631794,-0.10898128679114312,0.09493597498891027,-0.004906320931445444,0.0017209806610452235,0.060651075739243006,0.06094562322134853,0.06162003590726458,-0.09654508903329112,0.061670385419857594,-0.07590043347277056,0.06250257605154358,-0.05567571746138925,0.0630782298862019,0.01934479804172715,0.061642339557929124
0.08707008851133174,0.09031573381550279,-0.13595162509195935,0.09053088277930157,-0.09550445228950448,0.0908002956029815,-0.062292890487303035,0.09061440548795294,0.023601737739212692,0.09033887108805434,0.09304930383960089,-0.18123546318395037,0.21261876195484636,-0.2188535226925402,0.15787784870264707,-0.13457623126767576,0.1035613479855343,0.006553068907561498,-0.01587356775546588,0.09018065443211618,0.08918467323087227,0.17698670218757917,-0.09799628024306792,0.2499999999999999,-0.18931733741355303,0.15425421394005606,-0.15692941552595183,0.1333622907119564,-0.1373456886744774,0.09057359379073801,0.08979834470931486,-0.04829832131006563,0.09480270346562204,-0.029929019300318452,0.1789226973711609,-0.06208659416163557,0.15626325017130635,-0.1073457917679383,0.13739572722314217,0.08931881283262424,0.088736313325082,0.044176065955392134,-0.007923610316490826,0.039990765552857466,0.0006120938695464177,0.05840500975204656,-0.027470350641606106,0.08585725062822971,-0.07739296337888728,0.0900511221689065,0.08931492649752125,0.09032131152721264,0.024108398740079768,0.09030160341823842,0.017238758840257374,0.08935903528232769,0.04259317653679394,0.08867295719690374,0.08138544945745427,0.09033506911363072
-0.029476733936047956,-0.03140995367844844,0.11109487690093885,-0.031387952459877876,0.06783409856348079,-0.03166504304626109,0.05031427009850782,-0.031485481361951694,0.014394677802144075,-0.031187939900715167,-0.03428794351614204,0.15314254971086408,-0.16029546803514041,0.1698672013103327,-0.10324302422975076,0.1018412044375917,-0.06888061930584645,0.007040256397588874,0.0018639490743468576,-0.03128839938518005,-0.030619951419284815,-0.15366554240060934,0.14830566149302987,-0.18931733741355303,0.24999999999999992,-0.11438952411900868,0.16016042612757642,-0.12091890903230777,0.1318501359983612,-0.03176854080974382,-0.03101051229163767,0.10282845566785644,-0.1453038141475422,0.08679007039166739,-0.23267682179880939,0.11766412567234925,-0.16028603390488175,0.1233994648599035,-0.13273868652586848,-0.030566606918929592,-0.02968393114499429,-0.09795622447878294,0.06502824549629173,-0.09405624512787479,0.055441658752574174,-0.09989517524780829,0.07014690175898641,-0.07384531130099145,0.06529911190204211,-0.0316701885303774,-0.030832184523276036,-0.031185283524960028,-0.05240590764004908,-0.03115204595867752,-0.04359821309939546,-0.03023138929408055,-0.05982195290086493,-0.029576101226201967,-0.05292047177083496,-0.03118390325839717
0.16219614049942827,0.16618189451585105,-0.06223950194265621,0.16691351176702357,-0.1222219136609323,0.16718898983140648,-0.09948902757903906,0.16696626797331257,0.06307068767844023,0.1667793444928969,0.16776691227264764,-0.10059860967208985,0.13862254423224435,-0.1342611660499983,0.2142872073836889,-0.20453510171364353,0.192014765216361,-0.07452067682144477,0.06520514956430365,0.16554569459884744,0.1658032254227532,0.0970092971047917,-0.02077961182229633,0.15425421394005606,-0.11438952411900868,0.24999999999999986,-0.1949293348407384,0.21795504740792815,-0.19586548462173586,0.16690075564612575,0.1657528552696429,0.02614891438031111,0.0219811580316309,0.04503063227677928,0.11972051552730369,0.0009699942241552802,0.19296227557798104,-0.12108059351177151,0.19375806957308525,0.16491969949377794,0.16505392355608833,-0.02876277670958722,0.0668663006434698,-0.028304440987405546,0.07117258647231446,0.01726385477717557,0.017356775428533564,0.12092873539844864,-0.1114546058223797,0.16579582400780987,0.16489508161991187,0.16674610747325336,-0.013755972839368292,0.16674347600146816,-0.01599095991922663,0.16577525215414918,0.028379176964234334,0.16504965359465174,0.12989172016613354,0.16677880041067963
-0.10839326770883077,-0.11148701504556076,0.075076212187753,-0.111930682296842,0.099503360189996,-0.11221785657096325,0.08193444105113264,-0.11200206222863664,-0.027323876254308144,-0.11177165968540081,-0.11357085998101894,0.11221403698132489,-0.13793405275815865,0.13677120364996828,-0.1682617852133534,0.16490268490449803,-0.1467835664840225,0.0678468030274435,-0.058562218853392745,-0.11095582206958995,-0.11106095054999943,-0.11043081425428221,0.06553861962942438,-0.15692941552595183,0.16016042612757642,-0.1949293348407384,0.24999999999999992,-0.20236332276450633,0.21278582788853992,-0.11235261533868043,-0.11107589858704092,0.02409999925330652,-0.06723846945165586,0.00761038596395617,-0.16538115377093093,0.05075783051123083,-0.23972615381341258,0.1690320586112952,-0.2130238387488206,-0.11031755878642513,-0.11011267127584606,-0.021023425578718315,-0.013947176076553373,-0.022807826833407326,-0.01828291888424128,-0.06213847711913162,0.028306608988706627,-0.12710327478607408,0.11699334670655157,-0.11177307622965528,-0.11050796539250644,-0.11175175845257862,-0.011698032132352635,-0.11173605253803146,-0.008714204331904788,-0.11078714856001731,-0.04937077102418362,-0.1100861290329494,-0.11428932749493688,-0.11176985613628854
0.15505622472027178,0.15874174811053984,-0.04675935140242,0.15948805016397652,-0.10745037820916396,0.15979155387824195,-0.09900641996454736,0.15952921385640156,0.05508888446008217,0.1593901677064307,0.16035314751049343,-0.08426764370436726,0.11566672956753765,-0.11205434985372163,0.19185957360306133,-0.18359136308851334,0.19261985579114416,-0.10551195688186549,0.09580969484216532,0.15786706830790795,0.15860503836940948,0.08225367082812234,-0.027151206126317263,0.1333622907119564,-0.12091890903230777,0.21795504740792815,-0.20236332276450633,0.2499999999999998,-0.22160223037589047,0.15972343973036268,0.15839123841907057,0.018627121825471823,0.029050761125229852,0.03757266521847676,0.12684960730967554,-0.006957502641723423,0.20521245649972436,-0.13333401379321463,0.21842544798619673,0.1573440917916837,0.1576584439087731,-0.021174584491538015,0.059340921552121464,-0.02066605129112569,0.06350262439454978,0.025300816767721057,0.009528267358651397,0.12491376421822314,-0.1151982873506436,0.15858619689495151,0.1575897683789078,0.15935943230974456,-0.010185551805322816,0.15935469926106074,-0.012386154337968355,0.15838523609399446,0.032535586086074195,0.15765973885074155,0.12972560979845824,0.1593899337122486
-0.12737845933589687,-0.1306374491192427,0.056766849231192115,-0.13122247048326066,0.0980306325441208,-0.1315210679506946,0.08838128409569684,-0.1312750575308197,-0.04019923330732947,-0.13110453604274627,-0.13246320782794757,0.09169069242627138,-0.11971364701910761,0.11712668621521352,-0.17134878129062195,0.16552890264869302,-0.1662899892894791,0.08814701308580922,-0.07867429892059764,-0.12991666633379345,-0.13039860019434277,-0.08972802389571376,0.039660912027635636,-0.1373456886744774,0.1318501359983612,-0.19586548462173586,0.21278582788853992,-0.22160223037589047,0.24999999999999972,-0.1318713940558672,-0.1303152441108764,0.006646909948616532,-0.044726586909366574,-0.013292360598907194,-0.13803875752529804,0.03196412765943425,-0.21711810373696966,0.15599874734458152,-0.238895028005552,-0.1290959096170116,-0.1294127125681514,-0.004052331267093697,-0.03288686623811436,-0.0031162667123361514,-0.03707218283596847,-0.04724093279025871,0.013082488126538547,-0.12760633032548366,0.11768088326192677,-0.1308027974288995,-0.1296231986365345,-0.13108038512993345,-0.0024299368852510684,-0.1310694085427448,0.00015958771774704852,-0.13011790240116208,-0.04270386157571933,-0.1294105616209499,-0.12145961639985844,-0.13110359382703687
0.2434539495198586,0.24778977997536958,-0.00480718783706675,0.248938409996439,-0.06923019168443638,0.24865265770296696,-0.060980672172675,0.2488071151483967,0.1335009082932738,0.2491524499138214,0.2448245682382141,-0.03809409788167519,0.08902042780829797,-0.0681718919751106,0.16890589657601196,-0.1292824731428191,0.1656699035778829,-0.01625869009185366,0.022233595235899385,0.24720358389136426,0.2479361561185308,0.03239312124050763,0.061048135830737524,0.09057359379073801,-0.03176854080974382,0.16690075564612575,-0.11235261533868043,0.15972343973036268,-0.1318713940558672,0.24999999999999983,0.24770270127195435,0.10843958719908517,-0.05842633258136513,0.12741643005848138,0.039662126354928634,0.08287575069694048,0.11575262173343628,-0.04347820511193985,0.129332586887665,0.24710249047948854,0.24740431495689785,-0.11034920165300124,0.14915439387129042,-0.10882491262827931,0.15307768052849002,-0.0542197301132341,0.08899827950421249,0.10974688012941906,-0.10154839380208969,0.24667833009375095,0.2463420250709252,0.24910158336347168,-0.053828210159027216,0.24912024438232308,-0.054638898906805886,0.2481509097922831,-0.0054669140634351805,0.24740808915723564,0.15220812043348253,0.24915691666330533
0.24284932893846137,0.24716809126690237,-0.00447324660784227,0.24831388090936612,-0.06864374860104024,0.24802577251811675,-0.06044236359560036,0.2481820977567878,0.13336302776398073,0.24852892574448837,0.24418794783879247,-0.037598681733777936,0.0883669660683601,-0.06751580498356667,0.16793196924909157,-0.12829758259925317,0.1647064663344903,-0.01563314379492157,0.021678973445158286,0.24658631887004975,0.2473157737426935,0.031909723637539446,0.06121901495045475,0.08979834470931486,-0.03101051229163767,0.1657528552696429,-0.11107589858704092,0.15839123841907057,-0.1303152441108764,0.24770270127195435,0.24999999999999972,0.10777332650309192,-0.058580376202481264,0.126790888360835,0.03889388046019289,0.08281386839891507,0.11443807199155578,-0.04250755495975837,0.12789494009908836,0.24648941491084211,0.24678172952225644,-0.10971185311669412,0.1485118217501204,-0.10834140579027068,0.15257933123337747,-0.05427297562136103,0.08893391947246104,0.10899770944529626,-0.10084766758363771,0.24605385737131574,0.24572555014668263,0.2484781978903507,-0.05348091798136068,0.24849673965682068,-0.05440726738266015,0.24752758990189366,-0.005577790939556332,0.2467850484821763,0.1515472450396353,0.24853340230060972
0.10723968301044148,0.10837694356351574,0.06064632361380929,0.10897499185929575,-0.0007932423136675537,0.10869259055226245,-0.0078027135408903,0.10886036809079644,0.07808899490171009,0.1091842949777139,0.10512898846651225,0.09250429327152078,-0.04713367549577365,0.06164404010042754,0.032805212116690165,-0.01677484067588739,0.05200914344371475,-0.016318766748743985,0.02371364967852865,0.10814048588522718,0.10900406452822144,-0.10015701441142295,0.19161760300060682,-0.04829832131006563,0.10282845566785644,0.02614891438031111,0.02409999925330652,0.018627121825471823,0.006646909948616532,0.10843958719908517,0.10777332650309192,0.24999999999999967,-0.1997116530114289,0.22492606296852394,-0.09821845893619795,0.1547883241420348,-0.023159053242428864,0.04326162003079929,-0.009468182110096144,0.10867336734116224,0.11055101917648708,-0.241887150839423,0.20742960227211696,-0.20755799649550563,0.17390399084094835,-0.12706840786181486,0.11801532128862827,0.020950831333875243,-0.022278282051128077,0.10780111031917854,0.10795487393878721,0.10915522528063132,-0.12598679378235356,0.10921796417100693,-0.0982615020622318,0.1100950919972829,-0.06136554387675874,0.11069416799025293,0.050885266924276557,0.10918878270103059
