x1,x2,x3,x4,x5,x6,x7,x8,x9,x10,x11,x12,x13,x14,x15,x16,x17,x18,x19,x20,x21,x22,x23,x24,x25,x26,x27,x28,x29,x30,x31,x32,x33,x34,x35,x36,x37,x38,x39,x40,x41,x42,x43,x44,x45,x46,x47,x48,x49,x50,x51,x52,x53,x54,x55,x56,x57,x58,x59,x60
0.25000000000000006,0.05388417237827912,0.00973563653283801,0.07885900242365364,-0.006028451542978057,0.037168493577189855,0.029361657770508722,0.01692017253502893,0.014253562219096249,0.04782189801987462,-0.08969613072662642,0.0891846642194782,-0.08407543276738912,0.08237834981571977,-0.08407546748296507,0.0836367703374579,-0.08402948289623689,-0.029143119063071904,-0.017772558011180797,-0.046547226191786015,0.03660941049154403,-0.08405537378924419,0.06525588376249344,-0.08407548624699952,0.06966572322860347,-0.08406137942100579,-0.08162115629444477,0.028152065117274937,-0.07594676125089893,0.048728725204072315,-0.03561092895009703,0.011291096216855263,-0.06585807167737337,-0.03902808728760814,-0.0695349847553179,-0.08405783601715,0.08147741653299134,-0.08407542087770788,0.07554267596001081,-0.0828741068795286,-0.026234913469256226,-0.01021391359022903,-0.06489688966656773,0.03714723179383817,-0.0840729879402512,0.08340605636227313,-0.08407545524842448,0.08079616273443195,-0.08407541693219044,0.0829746407018324,0.05464613357206465,0.037887536393857536,-0.011410876134194113,0.03906686301225322,-0.016766004657501582,0.01864820216934015,0.002220896688914467,0.014461204858839729,-0.008053229450232357,0.026834753771457085
0.05388417237827912,0.25000000000000006,-0.10230203217688529,0.03243292961216594,0.047909258851526304,0.024035828845716554,0.025369906271865868,0.009013605850531247,0.027697263971168784,0.061058832192002824,-0.11627445657403607,0.11556905968991485,-0.11760255343066713,0.11522929101257354,-0.1176026007541872,0.11698968355337117,-0.11748580769905997,-0.03153413293433561,-0.028818666609604034,-0.0639352983209179,0.05325848547051224,-0.1175747398681998,0.09288388896675195,-0.11760262799567081,0.09854155344983546,-0.11758394260882533,-0.11383769271427352,0.02995055094454595,-0.10491063639517324,0.06696117608393955,-0.051881779574018946,0.01763390838940923,-0.0937304544850999,-0.0534409071634617,-0.09834322013736875,-0.11757560640674268,0.11364283224407921,-0.1176025225199488,0.10436506874111845,-0.11573803545635356,-0.03617628598273061,-0.016083802396059027,-0.08970950084645775,0.05085204688063883,-0.11759912210102079,0.11667009633240209,-0.11760258493111422,0.11301796433227143,-0.11760253023445819,0.11590272733039747,0.07627215003649225,0.05326664205773987,-0.016420817491087984,0.054853496454380826,-0.02333869959545959,0.026013348653809856,0.0031308998972266397,0.02022347264777371,-0.011227254206743415,0.03762294070339455
0.00973563653283801,-0.10230203217688529,0.24999999999999992,-0.025149951391769815,-0.02229398783979381,0.021158601256169706,0.0002511755204103962,0.022154468377021785,-0.027923728916383846,-0.023627339890568765,0.049519621264831386,-0.049238206070601594,0.052495979339940456,-0.051436918939244534,0.05249599986647953,-0.05222248607136286,0.052428137889412606,0.0050624604217770885,0.02552498809982214,0.024285005106206965,-0.025688892145871136,0.05248323643276235,-0.04312122294659379,0.05249601195364905,-0.04517132101021439,0.05248880043214078,0.05034913379637998,-0.004156747455415714,0.04557528315740175,-0.026077009583008872,0.025103381931618998,-0.010418353193247142,0.043508310347705186,0.023685798918651357,0.04506582488844342,0.05248066596903354,-0.050268528235290315,0.05249595205294301,-0.04534981898280077,0.051487334283238456,0.014700264816946643,0.009654100200401486,0.039502787292587604,-0.022549036021100373,0.05249447570128665,-0.05208032874679837,0.05249599362952299,-0.05045213632998315,0.05249596802192658,-0.051583778407439405,-0.03345177555055141,-0.024040189047128836,0.00765021673254299,-0.024464043125798786,0.010490673287941687,-0.011563781105140274,-0.0014394051615291663,-0.009046529231244785,0.00490509521563746,-0.01692814055350414
0.07885900242365364,0.03243292961216594,-0.025149951391769815,0.2499999999999999,-0.03663454910404662,0.04823911732570343,0.04464550696606974,0.014592706859510045,0.01892810161981116,0.060547664054019464,-0.10410968123464054,0.10348136996523502,-0.10462250140565642,0.10251025114970014,-0.10462254490190795,0.10407526606254393,-0.10454214157245112,-0.028321861471002796,-0.023179351817769898,-0.056063025495011,0.047371591276546256,-0.1045995476179138,0.08271142290277267,-0.10462256755533716,0.08795725769756581,-0.10460621793056271,-0.10127667184564418,0.02697815657125531,-0.09329725679102792,0.05879182288243152,-0.04614079832976195,0.015886916958550025,-0.08346791752923678,-0.04768898768113664,-0.08778005225415993,-0.10459855344849682,0.10110330476575784,-0.1046224735094259,0.09281321800509168,-0.10295872629034653,-0.03196663550204794,-0.014499690378887063,-0.07990309146940855,0.04539237605487533,-0.10461945426122483,0.10379240749507103,-0.10462252942010351,0.10054405364573181,-0.10462248070666537,0.10310587307585044,0.06775699985558871,0.0473821863196353,-0.014578149586187772,0.04875395788742379,-0.02079535680017724,0.023145701411707447,0.002788374804453722,0.017997606358010742,-0.009972007879591852,0.03348285049488564
-0.006028451542978057,0.047909258851526304,-0.02229398783979381,-0.03663454910404662,0.25000000000000006,0.016816228807341006,0.022897743020629895,0.008576926646066685,-0.026738984459389794,-0.010676667733518084,0.004100623345247543,-0.004095852827067231,0.005102758136207147,-0.004999427239689991,0.005102759901906398,-0.005076106984501924,0.005089277323401289,-0.014416599093025083,0.015753928953010716,-0.002585251244848245,-0.0061553906069620285,0.005102847742302356,-0.006964100095409489,0.005102759939188235,-0.006930001018463282,0.005104469368571452,0.00521567052717982,0.013969014459805123,0.002683852793415939,0.0031317760955633382,0.006126560178841136,-0.005136890752709369,0.007019538093001875,0.0013314810650659357,0.006893559717314361,0.005103570456698611,-0.005216891405666429,0.005102736394884464,-0.002690914414308978,0.004758943939690055,-0.000567009818892313,0.004948977286048358,0.002508789917250692,-0.0012898532880013045,0.0051026367963815985,-0.0050652937522373135,0.005102759538926371,-0.004908441578393475,0.0051027553804465775,-0.004800150961632638,-0.002436377753014972,-0.002816387567203709,0.0013967568692013974,-0.0024723133097596657,0.0010157745302760428,-0.001015782333620071,-0.00020387421327237084,-0.0008964775032578903,0.0003352169776912643,-0.0018541390251443795
0.037168493577189855,0.024035828845716554,0.021158601256169706,0.04823911732570343,0.016816228807341006,0.24999999999999972,0.06469605410862816,0.008066979175090007,-0.00931462244381762,0.06974794303343065,-0.10144137154191568,0.10079931992761804,-0.10048482049018154,0.09845597875780318,-0.10048486272807661,0.09995956751404084,-0.10044130882810945,-0.03678543014512718,-0.00980214225350964,-0.05749790177158416,0.042701664507907404,-0.10046378665653591,0.07746652079185472,-0.10048488498811257,0.08259895203682936,-0.10046739975725365,-0.09716649759080012,0.03524720620824615,-0.09052486011934502,0.060488167073929,-0.04149158350350855,0.012129245746733741,-0.07817696803340178,-0.04629583675374867,-0.08244611598229293,-0.10046106438416139,0.09699401337729387,-0.10048480375857852,0.09004167319173936,-0.09901659645279262,-0.03235806383189016,-0.010886993514938582,-0.07758011543698082,0.04404468829822303,-0.10048186844622334,0.09968621692349941,-0.10048484734709355,0.0965646843742416,-0.10048480153040756,0.09914122060418534,0.06577881869361571,0.04516517483259056,-0.013575126019927839,0.04682307522130203,-0.01994295938433372,0.022305962798549,0.0026304004427543243,0.017269436407042434,-0.009691388678482309,0.032001241425643104
0.029361657770508722,0.025369906271865868,0.0002511755204103962,0.04464550696606974,0.022897743020629895,0.06469605410862816,0.24999999999999978,0.04541255916127485,-0.010959450160461286,0.05256133620927477,-0.09484598593851118,0.09425185052086252,-0.0940348221158025,0.09213566663795486,-0.09403486265442121,0.09354464202643008,-0.09417855724139916,-0.03987426799107559,-0.005315201266442386,-0.05618294517400966,0.04009924672035529,-0.09401875018000072,0.07205895126582015,-0.09403488294765432,0.07737172978270407,-0.09401858217288492,-0.09110739754663459,0.038727013833342386,-0.08550444597294458,0.05926693726343337,-0.03894766474038177,0.01069163435933277,-0.07272917169476956,-0.0430051919825565,-0.07723795149940878,-0.09401383909164165,0.09094259592398879,-0.09403481500465322,0.08504674461706217,-0.0927720000774882,-0.03080514820553324,-0.009543416730805263,-0.0725415162505645,0.04091570556101472,-0.09403203912452357,0.09328865089679127,-0.09403484719959035,0.09036515831654952,-0.09403480502430447,0.09287412634837032,0.06176721851879838,0.04223616752671362,-0.01268133742032493,0.043867667859095245,-0.018573552859170648,0.020870313796501637,0.00243945954183878,0.01614562715088734,-0.009120955323079756,0.029896653966336964
0.01692017253502893,0.009013605850531247,0.022154468377021785,0.014592706859510045,0.008576926646066685,0.008066979175090007,0.04541255916127485,0.24999999999999967,-0.06414450755244956,0.050889430436808755,-0.056855274270124254,0.05650156777604881,-0.05278404155419049,0.05171788649507109,-0.05278406459458436,0.05250849055564026,-0.05276519831714584,-0.04251260153431644,0.03526120686432426,-0.04802289849602071,0.02018318361005091,-0.05277633389533736,0.03646608275886469,-0.05278407750838818,0.040766638157299265,-0.05277238036787096,-0.054781978273715476,0.04410131902944176,-0.0506135703493022,0.044714494588490604,-0.019444058388011828,9.68922266042227e-5,-0.036812894526254594,-0.022724847042495055,-0.04073529335280816,-0.05279800087062518,0.0546704797613791,-0.05278406504103718,0.050318033866261214,-0.05244339390089128,-0.02183650575307328,0.00037241012907460874,-0.04045047327203795,0.021552629354430548,-0.05278238230749657,0.05237097533208695,-0.052784054400577936,0.05071813212018091,-0.05278403335679261,0.052452854575429295,0.03661689172106832,0.023436004399310102,-0.007024282375462262,0.025148540738973133,-0.00995095291995161,0.011742675713359895,0.001265721125110475,0.008958281354139739,-0.0054684713922618184,0.01643166602976204
0.014253562219096249,0.027697263971168784,-0.027923728916383846,0.01892810161981116,-0.026738984459389794,-0.00931462244381762,-0.010959450160461286,-0.06414450755244956,0.25000000000000006,-0.03868074395377571,-0.006568732690546709,0.006525920011069403,-0.010323047640742457,0.010115676823611848,-0.010323049278830203,0.010269185867458182,-0.010522642409703447,0.06802511744002224,-0.16561314131253188,0.046290320838399075,0.02176421221917493,-0.010327065070508235,0.021904514852267847,-0.010323045336708933,0.018172217340255765,-0.010330458985657978,-0.012396165005210843,-0.06228554449307429,-0.0008424395658268343,-0.04147886962584397,-0.021874819987587682,0.026700423287027698,-0.022082041803238354,-0.007926605272350227,-0.018026228202693936,-0.010337818327442072,0.01241907139649245,-0.010322954690071275,0.000907788953618963,-0.008967769128051119,0.013472566225299598,-0.025816151425908526,-0.005468464814907859,0.007712608656069287,-0.010323191766868883,0.010230784064848463,-0.010323052463791808,0.009943293131959394,-0.010323038526904322,0.009135523285327013,-0.0004613544080767847,0.0070436557589482526,-0.0036621681732164598,0.003532850608507498,-0.003509475619638786,0.0019423352405246695,0.0007124056916912218,0.00202070723943207,0.00021363808208880542,0.004648427516910424
0.04782189801987462,0.061058832192002824,-0.023627339890568765,0.060547664054019464,-0.010676667733518084,0.06974794303343065,0.05256133620927477,0.050889430436808755,-0.03868074395377571,0.24999999999999994,-0.14230805485558598,0.1414137455602884,-0.14646680648327096,0.14350996744996647,-0.14646686708049378,0.14570270758898765,-0.14630630235522385,-0.0219134664941912,-0.03987896074381463,-0.06598070302883303,0.07094978421694477,-0.1464394987059335,0.12005462373272988,-0.1464668960436606,0.12847584072547197,-0.14644905823696092,-0.14029916551297072,0.01679521137571977,-0.12722863582809693,0.06444326651794384,-0.06930032106363396,0.03053455936882643,-0.12116910059183408,-0.06854897753494728,-0.12817803182675594,-0.14642281219583245,0.14007175764648933,-0.14646673080482722,0.1266054128859203,-0.1436593030537478,-0.0387788334994234,-0.02832182132585094,-0.11175843061376414,0.06541508231763003,-0.14646270136730993,0.1452984187932919,-0.1464668462628115,0.14076490761640517,-0.14646677455675217,0.14392726517226168,0.09229953935412699,0.06694960280480744,-0.020857441922778552,0.06764823459362308,-0.029736867690438214,0.03233887135007226,0.004052944487401386,0.02530918773359536,-0.013513674575907934,0.04733513794970857
-0.08969613072662642,-0.11627445657403607,0.049519621264831386,-0.10410968123464054,0.004100623345247543,-0.10144137154191568,-0.09484598593851118,-0.056855274270124254,-0.006568732690546709,-0.14230805485558598,0.24999999999999978,-0.24838163465895505,0.24435270612688922,-0.2394203137183669,0.24435280648593735,-0.24307848313219485,0.24415054299069916,0.08957176721981504,0.018817920711220765,0.14473522894769486,-0.10470602490300088,0.24429448925434902,-0.18835129014420723,0.24435286307639503,-0.20157271903260662,0.24431101253429638,0.23687053154548215,-0.08605658211863972,0.22122169909196984,-0.1506511067559593,0.10176867202401921,-0.029076624469663623,0.19008199295059353,0.11130423004877349,0.2012048332720668,0.24429908383807303,-0.23645011515877357,0.24435267677659794,-0.22004195290469405,0.24093550882900794,0.07953865930394557,0.026073265727175735,0.18792706417754312,-0.10588585002794493,0.2443454812648622,-0.2424140671598201,0.24435277095872995,-0.23481953537407835,0.24435266050741355,-0.24121848334729196,-0.16029771037110746,-0.10986523900987072,0.03316900850747834,-0.11408339023472086,0.04824899790007603,-0.05419286914644343,-0.006381916114840042,-0.041967749609943115,0.02364173668346263,-0.07778119955481469
0.0891846642194782,0.11556905968991485,-0.049238206070601594,0.10348136996523502,-0.004095852827067231,0.10079931992761804,0.09425185052086252,0.05650156777604881,0.006525920011069403,0.1414137455602884,-0.24838163465895505,0.25,-0.2428335697434795,0.2379318362403231,-0.2428336694836414,0.24156727462988872,-0.24263263446631897,-0.0890376973748706,-0.01870504762715769,-0.14384260041774877,0.10403789075545787,-0.24277569811000294,0.18716499640373596,-0.24283372571787978,0.20031876811304908,-0.2427921345804931,-0.23539744043895994,0.0855436426840979,-0.2198509927004292,0.14972172601613887,-0.10111883659834045,0.02888209819784114,-0.188884866956832,-0.1106179687681479,-0.19995321275714795,-0.24278027744125744,0.2349796255418308,-0.2428335406253353,0.21867852075201183,-0.2394382692769535,-0.07905093362660953,-0.02589768803148504,-0.18676328070024664,0.10523335995966444,-0.2428263899344153,0.24090696491749136,-0.24283363417157894,0.2333596538579424,-0.24283352441117334,0.23971940055329596,0.15930384692347702,0.10918097288208208,-0.03296099150006543,0.1133738200944404,-0.04794950580760915,0.05385637947696416,0.006342185502802758,0.04170677646164079,-0.023495136722932162,0.07729698962275196
-0.08407543276738912,-0.11760255343066713,0.052495979339940456,-0.10462250140565642,0.005102758136207147,-0.10048482049018154,-0.0940348221158025,-0.05278404155419049,-0.010323047640742457,-0.14646680648327096,0.24435270612688922,-0.2428335697434795,0.25000000000000006,-0.24495302348298448,0.24999941947497267,-0.24869515655976646,0.24979714426241859,0.08837420747729045,0.02116422616079503,0.14668198945002453,-0.1079133352007805,0.24994092811967072,-0.1933959298477358,0.2499994770050177,-0.20674516100288132,0.24995714832149252,0.24233784860329918,-0.08481726013354754,0.22581350054335322,-0.15270057943883797,0.1049154670739709,-0.030688750961279793,0.19517053072741353,0.11368059000537901,0.20636247023439427,0.24994441622876934,-0.24190977422632357,0.24999928103231783,-0.22461391331969657,0.24643009535576582,0.08089879913124906,0.02759079147319489,0.19199791112241316,-0.10814935976954654,0.24999193005763432,-0.2480165140573794,0.24999938306036787,-0.24024688656036722,0.2499992695835557,-0.2467291067389985,-0.16381194622402295,-0.11250502791637333,0.034073937446797466,-0.11673632962086196,0.04936973595748553,-0.05542315180993476,-0.006543251556098265,-0.04294305590946028,0.024153235265698268,-0.07962719199080398
0.08237834981571977,0.11522929101257354,-0.051436918939244534,0.10251025114970014,-0.004999427239689991,0.09845597875780318,0.09213566663795486,0.05171788649507109,0.010115676823611848,0.14350996744996647,-0.2394203137183669,0.2379318362403231,-0.24495302348298448,0.2500000000000002,-0.24495312419755866,0.24367518816775832,-0.24475493146951618,-0.08658977023813767,-0.020738120522714357,-0.14372085707131046,0.10573524330773817,-0.2448958134661015,0.18949230712382795,-0.24495318056634324,0.20257205917640367,-0.24491170638850943,-0.23744620141112832,0.08310462873555918,-0.22125533036105263,0.1496179570156118,-0.10279788994570563,0.03006950012118932,-0.19123108821397428,-0.11138592463306216,-0.20219709199228691,-0.24489923118792484,0.2370267681826724,-0.24495298854866626,0.2200799582274831,-0.24145583734021883,-0.0792657125057942,-0.027034067411445414,-0.18812235410414754,0.10596634480866696,-0.24494578595887492,0.24301024417198336,-0.2449530885180621,0.23539744857469852,-0.24495297733172866,0.2417488144485991,0.16050531130180498,0.11023411007879604,-0.03338617096642088,0.11437997446675795,-0.04837320479483181,0.05430441918969876,0.006411177974205526,0.04207624209912943,-0.02366568777930702,0.07801990972644388
-0.08407546748296507,-0.1176026007541872,0.05249599986647953,-0.10462254490190795,0.005102759901906398,-0.10048486272807661,-0.09403486265442121,-0.05278406459458436,-0.010323049278830203,-0.14646686708049378,0.24435280648593735,-0.2428336694836414,0.24999941947497267,-0.24495312419755866,0.25000000000000033,-0.2486952588129668,0.24979724696902014,0.0883742456362797,0.02116423191607736,0.14668205073234206,-0.10791337909996458,0.2499410308850709,-0.19339600900429557,0.24999957979452372,-0.20674524581421325,0.24995725109340933,0.24233794829865873,-0.08481729684962463,0.2258135936497124,-0.1527006431841687,0.10491550973433374,-0.030688762957274962,0.19517061061151875,0.11368063671404215,0.2063625548918397,0.24994451899602965,-0.24190987374445078,0.24999938382174608,-0.22461400592940198,0.24643019671455219,0.08089883277629972,0.027590802213654952,0.19199799016058777,-0.1081494042044161,0.2499920328440275,-0.24801661603161204,0.2499994858498352,-0.2402469853394319,0.24999937237297654,-0.24672920821594727,-0.16381201373735496,-0.11250507410771284,0.034073951385122966,-0.11673637763650824,0.04936975622754386,-0.05542317460761028,-0.0065432542360579216,-0.042943073561118886,0.024153245223936488,-0.07962722469802641
0.0836367703374579,0.11698968355337117,-0.05222248607136286,0.10407526606254393,-0.005076106984501924,0.09995956751404084,0.09354464202643008,0.05250849055564026,0.010269185867458182,0.14570270758898765,-0.24307848313219485,0.24156727462988872,-0.24869515655976646,0.24367518816775832,-0.2486952588129668,0.25000000000000017,-0.2484940494142791,-0.0879143348305046,-0.021052886948539882,-0.1459174041265926,0.10735009685508067,-0.24863707229458087,0.1923868207144082,-0.24869531604302955,0.2056665850869545,-0.2486532081171894,-0.24107368652637887,0.08437596605948823,-0.22463569723888238,0.15190463504777119,-0.10436786429975489,0.030528262017054983,-0.1941521631002096,-0.11308751585171042,-0.20528589287293306,-0.2486405427154021,0.240647844498844,-0.24869512109456643,0.22344236581252272,-0.24514458113325477,-0.08047702951961423,-0.027446474883766253,-0.1909963764009787,0.10758514343183433,-0.24868780845833416,0.24672269758784,-0.24869522258831583,0.23899360112960125,-0.24869510970365846,0.24544202923660358,0.1629575006149801,0.11191808517531553,-0.03389614032316771,0.11612737054866186,-0.04911216904615098,0.05513403395687111,0.006509111004836782,0.04271903369719889,-0.02402725428708463,0.07921178382656335
-0.08402948289623689,-0.11748580769905997,0.052428137889412606,-0.10454214157245112,0.005089277323401289,-0.10044130882810945,-0.09417855724139916,-0.05276519831714584,-0.010522642409703447,-0.14630630235522385,0.24415054299069916,-0.24263263446631897,0.24979714426241859,-0.24475493146951618,0.24979724696902014,-0.2484940494142791,0.2500000000000002,0.08817243498954538,0.021365449761529626,0.1464800774760075,-0.10785652865593047,0.24973882149945714,-0.19326507966887843,0.24979730443852552,-0.20659641956209318,0.24975502755612458,0.24213805699136778,-0.084618381641899,0.22561136578867774,-0.15249887378644705,0.10486148428231647,-0.03070824750533363,0.1950384262823619,0.11359220453117863,0.20621378053920875,0.24974226143978484,-0.24171041719378558,0.24979710842780595,-0.22441301543261166,0.24622805373111298,0.08080513133325834,0.02761147185429691,0.19183714138871708,-0.10806558124201415,0.24978976431940045,-0.24781593586071976,0.2497972105873178,-0.24005264314006047,0.24979709718277712,-0.24652718057726913,-0.16366760593984336,-0.11241834599262779,0.03405082452909622,-0.11664024266694173,0.049332116552001946,-0.05537770786503906,-0.0065387146760808035,-0.042908741647974216,0.024131637977109214,-0.07956515213611436
-0.029143119063071904,-0.03153413293433561,0.0050624604217770885,-0.028321861471002796,-0.014416599093025083,-0.03678543014512718,-0.03987426799107559,-0.04251260153431644,0.06802511744002224,-0.0219134664941912,0.08957176721981504,-0.0890376973748706,0.08837420747729045,-0.08658977023813767,0.0883742456362797,-0.0879143348305046,0.08817243498954538,0.2500000000000003,-0.1402968349056004,0.12684175288953006,-0.002508959852662843,0.08831618901629128,-0.03378804835071825,0.08837427688521066,-0.046207951356251865,0.08833367887763044,0.08863983585691237,-0.24258262024329644,0.11249396437099085,-0.12905353182662688,0.0011074403760588311,0.03497449728691843,0.03428212959261042,0.05262473243394488,0.046444413788641614,0.08837543305899975,-0.08834736932416552,0.08837454653138108,-0.11163351470553015,0.09168761337059386,0.049810529505561196,-0.03488626384588002,0.08360957548904327,-0.04992606781116405,0.08837138272962056,-0.08763263386741083,0.08837422746407994,-0.08486951182893719,0.08837421587053759,-0.09119680169410929,-0.06594047599251815,-0.034547240477566576,0.00425297284280802,-0.03941258480358656,0.017508223686528955,-0.020729512443103885,-0.001557673904025704,-0.01494326917724266,0.010202681053372825,-0.025717031128198002
-0.017772558011180797,-0.028818666609604034,0.02552498809982214,-0.023179351817769898,0.015753928953010716,-0.00980214225350964,-0.005315201266442386,0.03526120686432426,-0.16561314131253188,-0.03987896074381463,0.018817920711220765,-0.01870504762715769,0.02116422616079503,-0.020738120522714357,0.02116423191607736,-0.021052886948539882,0.021365449761529626,-0.1402968349056004,0.25000000000000017,-0.08214533182292623,-0.041301270575647,0.021177877397381792,-0.04380592743563007,0.021164224895333164,-0.036637473760122746,0.02117886774827972,0.020405110668621274,0.1337436939206209,-0.003017921819443984,0.07573414017750317,0.04148438488841606,-0.04986950632868294,0.04414076840976031,0.013265735965264439,0.03633183826996734,0.02115908035768455,-0.020460870046315072,0.02116398482905004,0.002834072843104822,0.017735839840456756,-0.023075512048911655,0.04821483724106221,0.010150459923422825,-0.012924693128633969,0.021164364243536772,-0.020987528948318016,0.021164235853841064,-0.020384644573033097,0.02116420441178306,-0.01816641366220344,-0.001356387466994534,-0.01417377689745864,0.007781005759380725,-0.008207202068652704,0.006638960282223014,-0.00402165401537249,-0.0013675549574642624,-0.0040706402162555035,-0.00015707387323145953,-0.009263994590816858
-0.046547226191786015,-0.0639352983209179,0.024285005106206965,-0.056063025495011,-0.002585251244848245,-0.05749790177158416,-0.05618294517400966,-0.04802289849602071,0.046290320838399075,-0.06598070302883303,0.14473522894769486,-0.14384260041774877,0.14668198945002453,-0.14372085707131046,0.14668205073234206,-0.1459174041265926,0.1464800774760075,0.12684175288953006,-0.08214533182292623,0.2500000000000002,-0.012957641205362226,0.1466255933321872,-0.09270679156302046,0.14668209739481103,-0.10501406248644805,0.14664183041203777,0.1394459855459677,-0.12321337257836629,0.17078230754844637,-0.24333355416084748,0.010765027701023354,0.05383925173488156,0.09345369055114203,0.03795586240418974,0.10505140952248963,0.14663021591812767,-0.13917746849031068,0.14668238090543206,-0.16967551786179996,0.15000405447262283,0.10010828793629138,-0.05308550330042558,0.11217400667414643,-0.03529175658922309,0.14667538759212095,-0.14557337017140962,0.14668202132092065,-0.1409082154888914,0.14668199346424476,-0.14947494132434963,-0.11811635101839357,-0.05717190558110263,0.012620542739982806,-0.07399373375346265,0.02137864635556209,-0.03280118444154083,-0.0025120778208731903,-0.02458533269449349,0.017939579584279792,-0.04316936419542926
0.03660941049154403,0.05325848547051224,-0.025688892145871136,0.047371591276546256,-0.0061553906069620285,0.042701664507907404,0.04009924672035529,0.02018318361005091,0.02176421221917493,0.07094978421694477,-0.10470602490300088,0.10403789075545787,-0.1079133352007805,0.10573524330773817,-0.10791337909996458,0.10735009685508067,-0.10785652865593047,-0.002508959852662843,-0.041301270575647,-0.012957641205362226,0.2500000000000005,-0.10797193191816885,0.1272998511636529,-0.10791339707799792,0.06476813981368186,-0.10787231285447421,-0.10034934876284048,-0.001001621515553853,-0.08378045459008905,0.015665520374343284,-0.24652112155373226,0.17238889760793813,-0.12879648454428433,-0.07399240757595274,-0.0644154582575287,-0.10785907419400148,0.100132764373023,-0.10791317168252246,0.08343160272240165,-0.10434877224698406,0.06041480388208307,-0.165676530367441,-0.05289936744394872,0.06847846677015669,-0.10791413923009527,0.10707549627125508,-0.1079133764797317,0.1037705425936094,-0.10791329915318676,0.10473393606456967,0.029059679621253994,0.07512362544939677,-0.04165598889910495,0.04460138975510195,-0.029645894125895883,0.020820085614994085,0.005012479298994087,0.018273369433896288,-0.0050965724537904685,0.040587557573695025
-0.08405537378924419,-0.1175747398681998,0.05248323643276235,-0.1045995476179138,0.005102847742302356,-0.10046378665653591,-0.09401875018000072,-0.05277633389533736,-0.010327065070508235,-0.1464394987059335,0.24429448925434902,-0.24277569811000294,0.24994092811967072,-0.2448958134661015,0.2499410308850709,-0.24863707229458087,0.24973882149945714,0.08831618901629128,0.021177877397381792,0.1466255933321872,-0.10797193191816885,0.25000000000000033,-0.19345456608272593,0.24994108839711937,-0.20668677065361044,0.24989876022714394,0.24227945191113442,-0.08475868543921547,0.22575507936438266,-0.15264215179065327,0.1049739175617227,-0.03074735454846747,0.19522915519116707,0.11362213534490012,0.20630407403431475,0.24988602782992114,-0.2418515023836096,0.24994089241350748,-0.2245558495230818,0.24637170224973032,0.08084028151376624,0.027649281048822374,0.19193948031894226,-0.10809099698736147,0.2499335415221955,-0.24795866031796543,0.24994099448006893,-0.24019083501621674,0.2499408810235366,-0.2466707429746862,-0.16375694596390633,-0.11247950859227915,0.03406736636414565,-0.11670760439942808,0.04935496717902559,-0.055408227475780544,-0.0065414290009689485,-0.042933864042391454,0.024145482363222698,-0.07961197528842805
0.06525588376249344,0.09288388896675195,-0.04312122294659379,0.08271142290277267,-0.006964100095409489,0.07746652079185472,0.07205895126582015,0.03646608275886469,0.021904514852267847,0.12005462373272988,-0.18835129014420723,0.18716499640373596,-0.1933959298477358,0.18949230712382795,-0.19339600900429557,0.1923868207144082,-0.19326507966887843,-0.03378804835071825,-0.04380592743563007,-0.09270679156302046,0.1272998511636529,-0.19345456608272593,0.25000000000000017,-0.19339604996589685,0.1503830135934917,-0.1933544418055436,-0.18581369995892413,0.02982329494161151,-0.1694493561611483,0.09725577649663593,-0.12488650438830935,0.08414268579793338,-0.24758128383581468,-0.05830901776926443,-0.14999975497345053,-0.19334180486481384,0.18550545949167452,-0.1933958457749892,0.16859111840890767,-0.1898622994703913,-0.02616717709166551,-0.08099139517472859,-0.13606261930529173,0.052916591535775666,-0.19338862997171005,0.19192832910944388,-0.19339598211621456,0.1859063600276606,-0.19339588865885018,0.19018502042552057,0.11133833794690984,0.08762791682071022,-0.027530627975749556,0.08895244755916945,-0.03515696931131916,0.04104840435008013,0.004778019072966794,0.03399733355003008,-0.016748211062416744,0.06470702797045241
-0.08407548624699952,-0.11760262799567081,0.05249601195364905,-0.10462256755533716,0.005102759939188235,-0.10048488498811257,-0.09403488294765432,-0.05278407750838818,-0.010323045336708933,-0.1464668960436606,0.24435286307639503,-0.24283372571787978,0.2499994770050177,-0.24495318056634324,0.24999957979452372,-0.24869531604302955,0.24979730443852552,0.08837427688521066,0.021164224895333164,0.14668209739481103,-0.10791339707799792,0.24994108839711937,-0.19339604996589685,0.2500000000000004,-0.20674529200734112,0.24995730861243182,0.242338004264341,-0.08481732733490158,0.22581364766867268,-0.15270069106322526,0.10491552699499446,-0.030688761548184923,0.19517065194077177,0.11368066056904587,0.20636260102402207,0.2499445765148262,-0.2419099296047668,0.24999944135180452,-0.2246140596458038,0.24643025371782096,0.08089885740908431,0.02759080036926509,0.19199803464933196,-0.10814942687201372,0.24999209037216785,-0.24801667311059913,0.24999954337989427,-0.24024704061958585,0.24999942990301222,-0.24672926525021585,-0.1638120540482936,-0.11250509906831722,0.03407395847753131,-0.11673640512608097,0.04936976692077481,-0.0554231874475478,-0.0065432556046487594,-0.04294308337389552,0.024153251188236288,-0.07962724260484841
0.06966572322860347,0.09854155344983546,-0.04517132101021439,0.08795725769756581,-0.006930001018463282,0.08259895203682936,0.07737172978270407,0.040766638157299265,0.018172217340255765,0.12847584072547197,-0.20157271903260662,0.20031876811304908,-0.20674516100288132,0.20257205917640367,-0.20674524581421325,0.2056665850869545,-0.20659641956209318,-0.046207951356251865,-0.036637473760122746,-0.10501406248644805,0.06476813981368186,-0.20668677065361044,0.1503830135934917,-0.20674529200734112,0.25000000000000006,-0.20678441661568253,-0.19908597414309406,0.04163133920921867,-0.1825667012408396,0.10955396880161941,-0.06170060644573237,0.0011724524682774906,-0.1519849088591401,-0.07045230165881508,-0.24945254572885583,-0.2066903118345837,0.19876177914933002,-0.20674508673384162,0.18195273661161865,-0.20326360773032434,-0.08998160890048573,0.0008728495142604903,-0.15370811610699042,0.06982345408929945,-0.20673782811691507,0.20514246295371127,-0.20674521368937723,0.19868620122163047,-0.20674512092877578,0.2035837790906646,0.1458547533067881,0.088573877233479,-0.025706443511931926,0.1007373834829818,-0.03657113664960734,0.045820112789277376,0.005154756118416329,0.03553564585892933,-0.021193982228772813,0.06495317645076155
-0.08406137942100579,-0.11758394260882533,0.05248880043214078,-0.10460621793056271,0.005104469368571452,-0.10046739975725365,-0.09401858217288492,-0.05277238036787096,-0.010330458985657978,-0.14644905823696092,0.24431101253429638,-0.2427921345804931,0.24995714832149252,-0.24491170638850943,0.24995725109340933,-0.2486532081171894,0.24975502755612458,0.08833367887763044,0.02117886774827972,0.14664183041203777,-0.10787231285447421,0.24989876022714394,-0.1933544418055436,0.24995730861243182,-0.20678441661568253,0.2500000000000003,0.24229569862152825,-0.08477577697768457,0.22577143223579452,-0.1526589963930632,0.10487439989854369,-0.030661018224265507,0.19512887039831042,0.11363927580322691,0.20640171478613561,0.2499022480321797,-0.24186772467263148,0.24995711263162407,-0.22457240324201516,0.24638802343260566,0.0809067322652065,0.027564061188015326,0.19196071878621412,-0.10811268228292918,0.24994976179187478,-0.24797471502513996,0.24995721468307416,-0.24020636907514956,0.2499571012263603,-0.2466870538765481,-0.16379402847450383,-0.11248188013554154,0.034065895545025135,-0.11672058150599,0.04935741434045431,-0.05541378644765367,-0.006541909477150942,-0.042935834137922194,0.024150300538601326,-0.0796129264419279
-0.08162115629444477,-0.11383769271427352,0.05034913379637998,-0.10127667184564418,0.00521567052717982,-0.09716649759080012,-0.09110739754663459,-0.054781978273715476,-0.012396165005210843,-0.14029916551297072,0.23687053154548215,-0.23539744043895994,0.24233784860329918,-0.23744620141112832,0.24233794829865873,-0.24107368652637887,0.24213805699136778,0.08863983585691237,0.020405110668621274,0.1394459855459677,-0.10034934876284048,0.24227945191113442,-0.18581369995892413,0.242338004264341,-0.19908597414309406,0.24229569862152825,0.2500000000000003,-0.0924777210970092,0.21816857714458784,-0.14510651250128975,0.09734761872365846,-0.023140949265632094,0.18750940850902392,0.10612413328956598,0.19875266373555592,0.2423900406840449,-0.24938739301273657,0.24233780625645107,-0.21697909767292234,0.23877105855561548,0.08446007241784757,0.020414664748231157,0.1846751064408802,-0.10086834058247786,0.24233047055425502,-0.24042808455854348,0.24233791231873436,-0.23288202007105746,0.24233780258926343,-0.2390743212322079,-0.1615513860096635,-0.10858924021904261,0.03312674843106666,-0.11424821118270928,0.0469939272576037,-0.05369576995455479,-0.006228961698621929,-0.04152321638830016,0.023821012870536524,-0.07686358262872715
0.028152065117274937,0.02995055094454595,-0.004156747455415714,0.02697815657125531,0.013969014459805123,0.03524720620824615,0.038727013833342386,0.04410131902944176,-0.06228554449307429,0.01679521137571977,-0.08605658211863972,0.0855436426840979,-0.08481726013354754,0.08310462873555918,-0.08481729684962463,0.08437596605948823,-0.084618381641899,-0.24258262024329644,0.1337436939206209,-0.12321337257836629,-0.001001621515553853,-0.08475868543921547,0.02982329494161151,-0.08481732733490158,0.04163133920921867,-0.08477577697768457,-0.0924777210970092,0.25000000000000017,-0.10900301593696872,0.12556357500257395,0.002418866543257372,-0.03860689119399706,-0.03027599536022854,-0.04965821077233732,-0.04189633832272769,-0.08487084558725266,0.09217910216934048,-0.08481759670010194,0.10814151094231943,-0.08813919181123059,-0.051376133815743984,0.03834725906016635,-0.08043940772535431,0.047040802250281705,-0.08481446271646408,0.08410870735079927,-0.0848172788863528,0.08144965137858981,-0.08481726904077881,0.08764937914045812,0.06485020093298921,0.03276653292187907,-0.0038071284853007526,0.03819180442600395,-0.016485852577037417,0.0199435155122037,0.0014102486529731853,0.014279531593690784,-0.01004712355790913,0.02441994006960731
-0.07594676125089893,-0.10491063639517324,0.04557528315740175,-0.09329725679102792,0.002683852793415939,-0.09052486011934502,-0.08550444597294458,-0.0506135703493022,-0.0008424395658268343,-0.12722863582809693,0.22122169909196984,-0.2198509927004292,0.22581350054335322,-0.22125533036105263,0.2258135936497124,-0.22463569723888238,0.22561136578867774,0.11249396437099085,-0.003017921819443984,0.17078230754844637,-0.08378045459008905,0.22575507936438266,-0.1694493561611483,0.22581364766867268,-0.1825667012408396,0.22577143223579452,0.21816857714458784,-0.10900301593696872,0.2500000000000003,-0.1768864278534998,0.08075883796791497,-0.006565443266737775,0.1709852024293062,0.08959400472562132,0.18238946098879397,0.22575871421768362,-0.21777005517054807,0.2258139638347389,-0.2485455080997467,0.22901754213355097,0.09105140336060738,0.004742333700893359,0.16874929878291195,-0.08488667097539424,0.22580612798419955,-0.224053126946154,0.22581355850140153,-0.21696674728791074,0.22581349325877725,-0.2284419900205518,-0.15433072765228104,-0.10080980947667734,0.030309891904870514,-0.10790976452210747,0.0414603963302646,-0.049786561937470115,-0.005591237296130577,-0.03834935990926474,0.023269883281893833,-0.07079505449630073
0.048728725204072315,0.06696117608393955,-0.026077009583008872,0.05879182288243152,0.0031317760955633382,0.060488167073929,0.05926693726343337,0.044714494588490604,-0.04147886962584397,0.06444326651794384,-0.1506511067559593,0.14972172601613887,-0.15270057943883797,0.1496179570156118,-0.1527006431841687,0.15190463504777119,-0.15249887378644705,-0.12905353182662688,0.07573414017750317,-0.24333355416084748,0.015665520374343284,-0.15264215179065327,0.09725577649663593,-0.15270069106322526,0.10955396880161941,-0.1526589963930632,-0.14510651250128975,0.12556357500257395,-0.1768864278534998,0.2500000000000003,-0.013424064495301348,-0.05310637759463772,-0.09803944619040729,-0.040445919336821706,-0.1095886507401873,-0.15264625961837647,0.1448280389966941,-0.152700977257237,0.1757444047334388,-0.15603018949349598,-0.10229411512751566,0.052416840217592756,-0.11645541046656777,0.037637930418455666,-0.1526938039618971,0.15154544163516934,-0.15270061294897452,0.14669153022761275,-0.1527005828508337,0.15549596950992353,0.12214647984365305,0.06000112952368488,-0.013611418415620495,0.07690297220537463,-0.022524654003921625,0.03411842276474382,0.002676812863244199,0.02560252733665631,-0.018539979434427808,0.04508041086765569
-0.03561092895009703,-0.051881779574018946,0.025103381931618998,-0.04614079832976195,0.006126560178841136,-0.04149158350350855,-0.03894766474038177,-0.019444058388011828,-0.021874819987587682,-0.06930032106363396,0.10176867202401921,-0.10111883659834045,0.1049154670739709,-0.10279788994570563,0.10491550973433374,-0.10436786429975489,0.10486148428231647,0.0011074403760588311,0.04148438488841606,0.010765027701023354,-0.24652112155373226,0.1049739175617227,-0.12488650438830935,0.10491552699499446,-0.06170060644573237,0.10487439989854369,0.09734761872365846,0.002418866543257372,0.08075883796791497,-0.013424064495301348,0.2500000000000003,-0.17576775878548254,0.1263803959478585,0.07364680823955234,0.06135521004428011,0.10486118287532985,-0.097136130782233,0.10491530058806071,-0.08042691726654741,0.10134703871238107,-0.06363360362646302,0.16895318600041068,0.04990857845471826,-0.06812338673521134,0.10491648711254488,-0.10410107840567479,0.10491550782534624,-0.10089060150656776,0.10491543125631579,-0.10173587477097641,-0.026112884891104384,-0.07443464687841495,0.0418574679330554,-0.04294989743618474,0.029206683888271575,-0.020085671175646774,-0.004976044030223198,-0.0177413136325321,0.004713620598407177,-0.03970923693253989
0.011291096216855263,0.01763390838940923,-0.010418353193247142,0.015886916958550025,-0.005136890752709369,0.012129245746733741,0.01069163435933277,9.68922266042227e-5,0.026700423287027698,0.03053455936882643,-0.029076624469663623,0.02888209819784114,-0.030688750961279793,0.03006950012118932,-0.030688762957274962,0.030528262017054983,-0.03070824750533363,0.03497449728691843,-0.04986950632868294,0.05383925173488156,0.17238889760793813,-0.03074735454846747,0.08414268579793338,-0.030688761548184923,0.0011724524682774906,-0.030661018224265507,-0.023140949265632094,-0.03860689119399706,-0.006565443266737775,-0.05310637759463772,-0.17576775878548254,0.25000000000000017,-0.08551469276948533,-0.06403030729159875,-0.0008752700147967166,-0.030634798469959826,0.023072008979975377,-0.030688517712154056,0.006663300146075819,-0.0271225567547142,0.13761346545130604,-0.2423268915700738,0.023785713490714025,0.0585164288003167,-0.030695059955751718,0.030446821168084885,-0.030688783642796202,0.029597178976588603,-0.03068872145700433,0.027584025198743665,-0.04285767971861777,0.055518058007265746,-0.04642927169891228,0.008744421606940661,-0.021655774158596264,0.0036786658153002286,0.006149940206048593,0.005722804693000546,0.007275284767944752,0.02060328767785859
