x1,x2,x3,x4,x5,x6,x7,x8,x9,x10,x11,x12,x13,x14,x15,x16,x17,x18,x19,x20,x21,x22,x23,x24,x25,x26,x27,x28,x29,x30,x31,x32,x33,x34,x35,x36,x37,x38,x39,x40,x41,x42,x43,x44,x45,x46,x47,x48,x49,x50,x51,x52,x53,x54,x55,x56,x57,x58,x59,x60
0.25000000000000006,0.24934432170424375,0.24953892840167277,0.24989570134645545,0.2494138233531487,0.24981254353320176,0.24961601127363572,0.24989796211060364,0.2498030508989489,0.24992529832814303,0.24819918508267902,0.22337882634395034,0.19803687996106512,0.1927794534650076,0.21096070514661394,0.1845935065104538,0.22055404694649178,0.1818827592465374,0.21647472047859442,0.24968085359204908,0.24918446485430198,0.20798974567086642,0.22823119987203108,0.19717151833150084,0.22190755498338993,0.2004197069625329,0.23057458046381268,0.22421153690333112,0.23339383697381436,0.2475380679271822,0.2487731051837849,0.21550239059628154,0.21926098337590005,0.19102289565972813,0.21473593202495475,0.19459382336736733,0.22091236453997679,0.22658170962363738,0.22910747067981854,0.2460904510972003,0.2488623029273847,0.22921948973067013,0.20954244044686013,0.2027611990555173,0.22404170654734534,0.18910157864683885,0.21697212665129423,0.18716932316207005,0.21784490817736263,0.249524744508277,0.2497383340150995,0.24970873925660422,0.24942236758523276,0.2498749323832228,0.24917951773950492,0.249881408876005,0.24983094640458525,0.2499206453921511,0.2498060363081544,0.24992657282331693
0.24934432170424375,0.25,0.2490281082629421,0.24938456379624765,0.24890372648061418,0.24930157242778378,0.24910545400764944,0.249386818373201,0.24929209954343468,0.24941409916109863,0.2476914936767441,0.22292006520533258,0.19763302994649817,0.19238346663985348,0.21052997527942738,0.1842134952736443,0.22010269242432756,0.18151058847718007,0.2160317371033318,0.24917015500671863,0.24867480288366786,0.20756544878922506,0.22776387011418006,0.19676991718788403,0.22145390912097107,0.20001102052900577,0.2301029255770346,0.22375317394591085,0.2329164346425231,0.24703176895820786,0.24826425765861532,0.21506197122631043,0.21881202905103628,0.19063293405581172,0.21429568847686153,0.1941961148481136,0.2204601008964139,0.22611825144606565,0.22863897223285873,0.24558703460972361,0.24835326485589182,0.22875046308265995,0.20911382750072036,0.20234595985039394,0.22358363297372316,0.1887140006948948,0.21652790443777176,0.18678640768376556,0.21739926267946777,0.24901435891880283,0.2492275157122568,0.2491979830352706,0.24891220416794602,0.24936383622875408,0.2486698429573057,0.24937029947459413,0.24931994028327464,0.24940945573604267,0.2492950810870248,0.2494153710431925
0.24953892840167277,0.2490281082629421,0.2499999999999999,0.2495791967718039,0.24910014431658323,0.2494960682248727,0.2493004029559112,0.24958144685551933,0.24948665229236192,0.2496087602453107,0.24788360624719083,0.22308619073201272,0.19775459938577114,0.19253642035600257,0.21076087270138658,0.18432262260632923,0.2202902584249868,0.18163491490031303,0.21619632995295052,0.24936466621872125,0.24886926251482142,0.20774393277115238,0.22795148158286782,0.19694015434863152,0.22163746603004486,0.20018728525462076,0.23028138283322525,0.2239336071244638,0.23309536183514107,0.247224903945147,0.24845783210862918,0.21523049415251613,0.21898271268842343,0.19078015985418012,0.21447282124615863,0.19433594207976201,0.22062917547776068,0.2262935875632121,0.22881819424295016,0.2457775373043347,0.24854700589859463,0.22892310124522483,0.20927527817096622,0.20248892446796826,0.22376435946963413,0.18883948076781437,0.2166893507165164,0.1869229613697796,0.21756385123371388,0.24920857356835566,0.24942199080444374,0.24939247558028466,0.24910655799000933,0.2495584581679455,0.2488641042384852,0.2495649264497603,0.24951456758012108,0.24960411326892545,0.2494896594636276,0.24961003319276517
0.24989570134645545,0.24938456379624765,0.2495791967718039,0.24999999999999994,0.24945407948414092,0.24985285998641185,0.24965629708326437,0.24993829243575877,0.2498433657853494,0.24996563309797468,0.24823924045088555,0.22341476070927388,0.19806896776943164,0.19281042345695337,0.21099476231311703,0.18462312924454988,0.22058961334259566,0.18191209140790626,0.21650964260373556,0.24972114895661846,0.249224681281833,0.2080233725292864,0.2282679895736432,0.19720344029095344,0.22194337123277835,0.2004521316670304,0.230611786651621,0.2242477337980323,0.23343150199935536,0.24757801779493369,0.24881325341051982,0.21553719147246836,0.21929633209443045,0.19105376475245373,0.21477051712039708,0.1946252455415156,0.2209479899254572,0.226618276643558,0.2291444544728584,0.2461301628842373,0.2489024652932281,0.22925647183120368,0.20957625770270727,0.2027938832941919,0.22407787584421987,0.18913204335396297,0.21700711569368772,0.18719952682173732,0.21788006124238993,0.24956501423186667,0.24977863851385612,0.24974903907582452,0.2494626215738678,0.24991525902388737,0.2492197320266224,0.24992173656190322,0.24987126593179337,0.24996097941032416,0.24984635182826187,0.2499669077981021
0.2494138233531487,0.24890372648061418,0.24910014431658323,0.24945407948414092,0.24999999999999994,0.24937088031060387,0.24917457500844825,0.24945633535617304,0.2493615644160299,0.24948362130239382,0.24775899706647825,0.22294659397683317,0.19771382697141596,0.19236487465268806,0.21052448371326923,0.1841966731799379,0.22016930600713336,0.18153527055536298,0.2160906342170395,0.24923969937661614,0.24874489152075857,0.20766041725709458,0.2278308556652833,0.19689069288052397,0.22153248425076244,0.20011262371679323,0.23016467356093134,0.22382428352874342,0.23297735829596058,0.24710126919452582,0.24833310091916505,0.21512834088668467,0.2188644194264582,0.19069552839039408,0.21435101046670682,0.1942403015341978,0.2205109744569792,0.22617952892399124,0.22870567717717571,0.24565297425398064,0.24842215409340204,0.22880374163634712,0.20916964936461027,0.20237429790749276,0.22365681665231713,0.1887255806038989,0.21657156827705873,0.18682539838093984,0.21745227712871773,0.2490835000084486,0.24929690778671212,0.2492674439757538,0.24898180403164802,0.24943334332935216,0.24873936508274963,0.24943980836829666,0.24938948527170274,0.2494789755403482,0.2493645819164926,0.24948489249622235
0.24981254353320176,0.24930157242778378,0.2494960682248727,0.24985285998641185,0.24937088031060387,0.24999999999999992,0.24957319768462374,0.24985512057803072,0.24976022614823487,0.24988245201032397,0.2481565699329021,0.22333947921600752,0.19800157981470276,0.19274715733917852,0.21092289456464144,0.18456127940515132,0.22051694336118596,0.18185223093095584,0.21643766462065775,0.2496380499086867,0.24914177608849747,0.20795582389289854,0.2281926811359622,0.19713985706088488,0.22187065248578805,0.2003864800490645,0.23053524677172574,0.22417351098503885,0.23335383938116416,0.24749569749553382,0.24873047031723622,0.21546585676598584,0.2192235472977134,0.19099122825094048,0.214698883168572,0.19456080228599937,0.22087426427156207,0.22654285330774884,0.22906820330475397,0.24604822291761425,0.24881962953814418,0.2291799873424493,0.20950644903317736,0.2027264039420211,0.2240034668885716,0.18906868445965763,0.21693459474956,0.18713697122332465,0.21780749408632735,0.24948196435892286,0.24969551818502556,0.2496659300689748,0.24937961768088293,0.24983209470261394,0.24913680405419314,0.24983857008498256,0.24978811796909825,0.2498777998744851,0.24976321070269966,0.24988372628947095
0.24961601127363572,0.24910545400764944,0.2493004029559112,0.24965629708326437,0.24917457500844825,0.24957319768462374,0.24999999999999992,0.24965852843591224,0.2495638941629235,0.24968586799193018,0.24796050527532446,0.22316106891468687,0.19788439807831373,0.1925368785798966,0.21079153789693983,0.1843581850120397,0.2203293598169067,0.18166381038849705,0.21626313455777102,0.24944177180746901,0.2489458296920913,0.20782129092667556,0.22799743250975604,0.1970400373513235,0.22168410772094901,0.20025930578014592,0.2303409553684671,0.2239936930216477,0.23316408600280478,0.2472994991713426,0.2485339339914649,0.21528792524388402,0.21904469031685542,0.1908117011624815,0.2145355279212472,0.1943801503046471,0.22069861632125826,0.22636313883917542,0.22889009724024464,0.24585306262074913,0.24862385143065338,0.22899372390603376,0.2093397926813377,0.2025349173446344,0.22383421512144971,0.1888866103422406,0.21675605092428235,0.18698092225208549,0.2176285233137303,0.24928546241435146,0.24949903705902848,0.24946951321455152,0.24918333293457595,0.2496355470746241,0.24894096104439026,0.24964201735262787,0.24959162167528784,0.2496812162765668,0.24956672706468902,0.24968713802908266
0.24989796211060364,0.249386818373201,0.24958144685551933,0.24993829243575877,0.24945633535617304,0.24985512057803072,0.24965852843591224,0.25,0.24984562686685421,0.24996789449189052,0.2482414781142597,0.22341680077571419,0.19806965562318848,0.19281218903263042,0.21099896277237165,0.184625551569558,0.22059171881604697,0.18191426849717973,0.21651162061829732,0.24972340950243835,0.24922694523741104,0.20802546522638768,0.22827062362203202,0.19720563291753299,0.22194599528049866,0.2004543134220676,0.2306140228121665,0.2242499105201547,0.23343363465624525,0.2475802912292456,0.24881551462509047,0.21553926153851533,0.219298566936532,0.1910559129495348,0.21477265656140554,0.1946271542064316,0.22094997982687128,0.2266203284221232,0.2291464955273144,0.2461323879116971,0.24890471589690696,0.22925848836709095,0.2095781227799598,0.2027958880146923,0.22407993872504456,0.18913376465620896,0.217009029698835,0.18720110669704337,0.21788202119960592,0.24956727256403205,0.2497808978420572,0.24975129851391528,0.24946488209035045,0.24991751996509776,0.24922198962284312,0.24992399756162198,0.24987352742172111,0.24996324076503265,0.2498486122852791,0.249969169206443
0.2498030508989489,0.24929209954343468,0.24948665229236192,0.2498433657853494,0.2493615644160299,0.24976022614823487,0.2495638941629235,0.24984562686685421,0.24999999999999997,0.2498729566054817,0.24814886334041125,0.22335010106103825,0.1980299200802434,0.1927231169688924,0.21094669409857805,0.18455663107105286,0.2205236535237018,0.18185296685536106,0.2164338066695205,0.24962858937407448,0.24913229078296856,0.207940671129645,0.22819058126450018,0.1971225145806514,0.2218664163493425,0.20037790635324204,0.23052761909551586,0.22416681242285671,0.23334474686687076,0.2474864930313936,0.24872109748629634,0.21545698811004083,0.21921887231169232,0.190984455038017,0.21469704854246335,0.1945525751582583,0.2208666476809834,0.22653425702123522,0.22905887976833364,0.2460389490236421,0.24881020607515067,0.2291708800140971,0.2094981659548249,0.20271989499185827,0.2239953437956275,0.18906193810328514,0.2169267257220891,0.1871283406486343,0.21779878017372128,0.24947249188648657,0.24968602864103134,0.24965644301712908,0.24937014226983334,0.24982260132806483,0.24912737917308103,0.24982907646222077,0.2497786363994395,0.24986830476055827,0.24975372194308607,0.2498742309503429
0.24992529832814303,0.24941409916109863,0.2496087602453107,0.24996563309797468,0.24948362130239382,0.24988245201032397,0.24968586799193018,0.24996789449189052,0.2498729566054817,0.24999999999999994,0.2482686411560726,0.22344132055053065,0.19809233049940403,0.19283336438663642,0.21101971144407894,0.1846451039441722,0.22061576328863544,0.18193362588033019,0.2165352960855549,0.2497507252030637,0.24925419780336236,0.20804798605658803,0.2282950435556793,0.19722674336752682,0.2219696336822189,0.20047581918789162,0.2306390941295068,0.22427428002619573,0.23345914731407663,0.24760733861016604,0.24884272203545002,0.21556269806163306,0.21932232081809264,0.19107634331981987,0.21479600142507527,0.1946482708323366,0.22097417712253467,0.22664511632626014,0.2291715890765461,0.24615931620292075,0.2489319452460786,0.22928363138463326,0.2096010796568005,0.20281791278876618,0.22410440825777805,0.18915446900319033,0.21703283503155896,0.18722170012929032,0.21790586705174972,0.2495945722313411,0.24980822169338418,0.24977861868721973,0.24949216686955322,0.24994485832194158,0.2492492490098448,0.24995133662713181,0.24990086001064013,0.2499905841233716,0.24987594296596452,0.2499965132132921
0.24819918508267902,0.2476914936767441,0.24788360624719083,0.24823924045088555,0.24775899706647825,0.2481565699329021,0.24796050527532446,0.2482414781142597,0.24814886334041125,0.2482686411560726,0.2499999999999999,0.2217249912367499,0.19668094352165272,0.19149826207454895,0.20945160923351963,0.1834925212044849,0.21908670699781657,0.18064515427348946,0.21503353300691608,0.24802581535127552,0.24753066590473918,0.20646658476410898,0.2267480253292614,0.1957060381941187,0.22039482395196597,0.19899843567337896,0.22904180300496046,0.2227034402178729,0.23184399381084697,0.24589418348902142,0.24712367298100504,0.2140364276122512,0.21783223829171441,0.18966887998434848,0.2134006456414291,0.19325865671628456,0.2194780236842994,0.22507917727370993,0.2275818653409453,0.24446306685096744,0.2472137499760477,0.22771150045443941,0.20815463319722413,0.2014324680547128,0.22254670479686456,0.18788842395136576,0.21556357904282217,0.18593168042443725,0.21640101613476603,0.24787103020437942,0.24808302097311083,0.24805351848819843,0.24776833917543295,0.24821860999950598,0.2475279298748055,0.24822504354725247,0.24817490110319648,0.24826401998035433,0.2481501731592246,0.2482699081210344
0.22337882634395034,0.22292006520533258,0.22308619073201272,0.22341476070927388,0.22294659397683317,0.22333947921600752,0.22316106891468687,0.22341680077571419,0.22335010106103825,0.22344132055053065,0.2217249912367499,0.24999999999999978,0.17155534235116793,0.17179222787199228,0.18661349834874597,0.16539412995123912,0.19700296478594428,0.1616657742748958,0.19339959079149718,0.22322275648569506,0.22273351314592693,0.1817237018447985,0.20464729693326067,0.17340299343258245,0.1974950767267891,0.17692730405416524,0.20608005570538743,0.19993750627711035,0.20862813893029147,0.22124818343019004,0.22240452598063978,0.1919802167927857,0.19645199215172962,0.1692193982393489,0.19371098238328105,0.17327482568339658,0.1981210134286452,0.20260089318295896,0.20471579381824045,0.22008762780731383,0.222510715909742,0.20516025494898907,0.1873826826857063,0.18161195409300596,0.20011388218587386,0.16990274135835515,0.19455260773176278,0.167459334317996,0.19477950228055957,0.22308879750465446,0.22327620235219586,0.22324772650977243,0.22297830411500896,0.2233963089541838,0.22277639095266655,0.2234020988999558,0.22335659245068523,0.22343717763463614,0.223334730997408,0.22344247695302918
0.19803687996106512,0.19763302994649817,0.19775459938577114,0.19806896776943164,0.19771382697141596,0.19800157981470276,0.19788439807831373,0.19806965562318848,0.1980299200802434,0.19809233049940403,0.19668094352165272,0.17155534235116793,0.24999999999999986,0.14095076013448316,0.16408353047939508,0.14027193762656237,0.17443427870381048,0.14376631989029703,0.17134199936669153,0.19789981226450548,0.1975241293706877,0.16346765896088225,0.18009475655253995,0.15305525875587161,0.17600010765637633,0.15973538433845258,0.18262996358195746,0.17790652547766317,0.18499888589921035,0.19621017167968566,0.19717483423445983,0.17125454379896213,0.17308869168021213,0.15229247664889353,0.16866105927278,0.15475562240885052,0.17457751432397497,0.17960313548764748,0.1817238331202637,0.19499868245296606,0.19723476520113536,0.18156454614605974,0.16611501898778736,0.16034041668762955,0.17769153906762847,0.14930460150148978,0.17159993478231048,0.14843078027446738,0.17269628270355222,0.19777017684156148,0.1979430263601211,0.19792065229045688,0.1977004199221519,0.19805237859659403,0.19749555932442825,0.1980575122619382,0.19801662032258294,0.19808861140054546,0.197997546253579,0.19809330951724097
0.1927794534650076,0.19238346663985348,0.19253642035600257,0.19281042345695337,0.19236487465268806,0.19274715733917852,0.1925368785798966,0.19281218903263042,0.1927231169688924,0.19283336438663642,0.19149826207454895,0.17179222787199228,0.14095076013448316,0.24999999999999978,0.15387104672155158,0.13446405182191767,0.17056692618722943,0.13577156847109353,0.16588085651195555,0.19264013069108038,0.19215124172162865,0.15503196017831705,0.1764532270325238,0.14020713493043974,0.16793341170401757,0.15087816491761544,0.1766664385232352,0.17201028126759227,0.17964375347434297,0.19072844954966192,0.19188690197917038,0.16369682109519537,0.1705800350760307,0.1407733379531825,0.17022299274517153,0.14626774275930768,0.1724880303044658,0.1747787482677091,0.1764665022496395,0.19005892493491075,0.1920780383453562,0.17745169449500586,0.16165916041675385,0.1562463528307831,0.1724232674394291,0.14732976539131853,0.1689751064239076,0.14447605092623245,0.16783581377077192,0.19253417449851828,0.19269436952469796,0.19266631403195883,0.1923972254432138,0.19279454227256573,0.19226925528276717,0.19279953810705036,0.19275973199305318,0.19282981154602652,0.1927418025382176,0.19283438494545152
0.21096070514661394,0.21052997527942738,0.21076087270138658,0.21099476231311703,0.21052448371326923,0.21092289456464144,0.21079153789693983,0.21099896277237165,0.21094669409857805,0.21101971144407894,0.20945160923351963,0.18661349834874597,0.16408353047939508,0.15387104672155158,0.24999999999999992,0.1457129744860005,0.18701324523141602,0.15185318891449304,0.18263088653289192,0.21082026556686734,0.2104376122987191,0.1773714973530169,0.19219978969036544,0.16605589916335267,0.18862673382812212,0.1701728817439671,0.19491331552779118,0.18987447488420306,0.1970375608809445,0.2090950255617782,0.21004659505785447,0.18295128806129288,0.18409673391494885,0.16335601057036594,0.17925165577201682,0.16492423343759288,0.18536877658181394,0.19123286935727413,0.19366126832734815,0.2076346117568396,0.21008964955880857,0.19300223501801347,0.17689694731111238,0.1701925217783666,0.18968127167305068,0.15775018865032628,0.18214481197086294,0.15760215856741777,0.18377417663891688,0.21066852216927354,0.2108578359297919,0.2108368950770041,0.21061550934042514,0.2109772155138241,0.21039046337635664,0.21098268402778866,0.2109412014463007,0.21101581256733587,0.21091919943011536,0.21102081727807276
0.1845935065104538,0.1842134952736443,0.18432262260632923,0.18462312924454988,0.1841966731799379,0.18456127940515132,0.1843581850120397,0.184625551569558,0.18455663107105286,0.1846451039441722,0.1834925212044849,0.16539412995123912,0.14027193762656237,0.13446405182191767,0.1457129744860005,0.24999999999999994,0.15538952981586623,0.12957235821332777,0.1601870014009498,0.18445987272248737,0.18396440942756878,0.1486173213658333,0.1670183773637031,0.13751776815643516,0.1624555477261606,0.13536203261919583,0.171115819212887,0.16487422493372528,0.1726344614590852,0.182812833818871,0.18382123011857776,0.15764692348453638,0.1652952659534918,0.13709928482820632,0.16237998427178219,0.1415132833520334,0.16477773048332509,0.16744145340507977,0.16860441620351213,0.18207606898980946,0.1839221399357337,0.1700602469294154,0.15487289806270135,0.152162300569973,0.1647207762112713,0.14289377850059548,0.16227502175059585,0.13833588102162325,0.16122042026750522,0.1843732006168298,0.1845140089726968,0.1844851690065635,0.1842373035127602,0.1846079541001875,0.18410068780301062,0.1846127381978409,0.1845751444167148,0.18464172624627084,0.18455704982786314,0.18464610544883014
0.22055404694649178,0.22010269242432756,0.2202902584249868,0.22058961334259566,0.22016930600713336,0.22051694336118596,0.2203293598169067,0.22059171881604697,0.2205236535237018,0.22061576328863544,0.21908670699781657,0.19700296478594428,0.17443427870381048,0.17056692618722943,0.18701324523141602,0.15538952981586623,0.25000000000000006,0.1527073571860486,0.1910866083836232,0.2204021563293315,0.21994309176609167,0.18158835899905634,0.2023173607736074,0.1722425128897276,0.19781398204158698,0.17343426269498718,0.20399481679424455,0.1972983882956534,0.20605044032404643,0.2186771760431011,0.219671138502448,0.1904316955001463,0.19565425968837916,0.169717512150721,0.19120451016008133,0.1721482753603609,0.19573540457675262,0.200079414137757,0.20191217753557614,0.21731292974726407,0.21968836248371976,0.2023662701496834,0.18487950367910416,0.18083765605367966,0.19764933768812842,0.1683204050492244,0.19191671710646788,0.1648698861865164,0.19241844239715503,0.22027387464257808,0.22045139665825264,0.2204246074175177,0.22017951031463587,0.2205713087865884,0.21996935749751642,0.22057702531472326,0.22053627480760196,0.2206116603471694,0.22051095721727254,0.22061689264969794
0.1818827592465374,0.18151058847718007,0.18163491490031303,0.18191209140790626,0.18153527055536298,0.18185223093095584,0.18166381038849705,0.18191426849717973,0.18185296685536106,0.18193362588033019,0.18064515427348946,0.1616657742748958,0.14376631989029703,0.13577156847109353,0.15185318891449304,0.12957235821332777,0.1527073571860486,0.2500000000000003,0.14863074924437483,0.18175402359813395,0.18133874973561467,0.1491883541234262,0.16595210399503144,0.14047214656921847,0.16014692622663051,0.142604815192628,0.1673469526633803,0.1572600765670652,0.16995700404210348,0.18019049411403162,0.1810950754172355,0.15682461789934735,0.15880554009419523,0.1385169846518349,0.15587521307566918,0.14157740372577005,0.1607972297680594,0.16489228195941108,0.16674613203584407,0.17919223006819285,0.18116467763828603,0.16708588185148404,0.15264671022775939,0.1481744145845593,0.16281139928369107,0.138436960318222,0.1583327134764179,0.13649924176537237,0.15882666863471614,0.18164827236672648,0.18179972210383888,0.18177601006495658,0.1815623353834006,0.1818969934144129,0.18138065726595506,0.18190170843052247,0.18186260232017973,0.18193027088282662,0.18184627628808278,0.1819345857718912
0.21647472047859442,0.2160317371033318,0.21619632995295052,0.21650964260373556,0.2160906342170395,0.21643766462065775,0.21626313455777102,0.21651162061829732,0.2164338066695205,0.2165352960855549,0.21503353300691608,0.19339959079149718,0.17134199936669153,0.16588085651195555,0.18263088653289192,0.1601870014009498,0.1910866083836232,0.14863074924437483,0.2500000000000001,0.21630506400037114,0.21587114292399331,0.1793000111051208,0.1977705467754942,0.16931288483701556,0.1921382271148996,0.17140398980353588,0.1993326792687367,0.19415802441472696,0.20199648882966725,0.21445537098710496,0.21555542967671804,0.18619799776836823,0.19100725220659506,0.16455686015056994,0.18774711854265996,0.16822986539431045,0.1922790001401303,0.19637299537894765,0.1982967677958638,0.2133058224274451,0.2156354719763534,0.19887010794535614,0.18151958227706094,0.17653551606240273,0.19383754730127398,0.1650688717618637,0.188602444421483,0.162255341002242,0.1888039459016159,0.21619714280329203,0.2163753953655503,0.21634767320091072,0.2160899888150743,0.21649166286662913,0.21589387173888364,0.2164972737592413,0.21645424667906035,0.21653126827036118,0.21643211462029688,0.21653640379940978
0.24968085359204908,0.24917015500671863,0.24936466621872125,0.24972114895661846,0.24923969937661614,0.2496380499086867,0.24944177180746901,0.24972340950243835,0.24962858937407448,0.2497507252030637,0.24802581535127552,0.22322275648569506,0.19789981226450548,0.19264013069108038,0.21082026556686734,0.18445987272248737,0.2204021563293315,0.18175402359813395,0.21630506400037114,0.25000000000000017,0.24901048861163427,0.2078324694353037,0.22807320679317064,0.1970255493128419,0.22176783167315242,0.20029060986669409,0.2304234572962258,0.22404957115699975,0.2332315981947678,0.24736627378304263,0.2485994235579165,0.21535639968749445,0.2191079694498551,0.19089762015805425,0.21457869641415234,0.19445400633985033,0.22075099367685364,0.22642176288091587,0.22894737238707563,0.24591764452847395,0.2486882951331324,0.2290545431048842,0.20939512930213386,0.2026147726111909,0.22388917135638053,0.18895589637176047,0.21681415535623158,0.18703118021421983,0.21769091255533776,0.2493503722726593,0.24956386195376157,0.2495343174404599,0.24924828404705185,0.24970039445763342,0.2490055294200945,0.24970686642497167,0.24965646154026785,0.24974607553315936,0.24963155038145887,0.2497519988239703
0.24918446485430198,0.24867480288366786,0.24886926251482142,0.249224681281833,0.24874489152075857,0.24914177608849747,0.2489458296920913,0.24922694523741104,0.24913229078296856,0.24925419780336236,0.24753066590473918,0.22273351314592693,0.1975241293706877,0.19215124172162865,0.2104376122987191,0.18396440942756878,0.21994309176609167,0.18133874973561467,0.21587114292399331,0.24901048861163427,0.24999999999999975,0.20731347358105925,0.2275862731113084,0.19658271709358605,0.22127204105110787,0.19982160169920132,0.22993482743843338,0.22361752416602382,0.2327603276366293,0.24686991031769753,0.2481045680198781,0.21488648096904195,0.2187172570813737,0.1904177735887052,0.21425076909120183,0.19401652916670845,0.22035316862075338,0.22597552621099867,0.22848528450285227,0.24543206755383726,0.24819497457152515,0.22861060482766554,0.20897796612403696,0.2022140512939773,0.2234343516677627,0.18860892618362674,0.21641224053386487,0.18666357723009447,0.21725621440860549,0.2488548349454011,0.24906779978460075,0.2490382200495938,0.24875194637708262,0.24920396688999877,0.2485106568562375,0.24921042597166038,0.2491601029377507,0.24924955712802138,0.2491352650321344,0.24925546864289122
0.20798974567086642,0.20756544878922506,0.20774393277115238,0.2080233725292864,0.20766041725709458,0.20795582389289854,0.20782129092667556,0.20802546522638768,0.207940671129645,0.20804798605658803,0.20646658476410898,0.1817237018447985,0.16346765896088225,0.15503196017831705,0.1773714973530169,0.1486173213658333,0.18158835899905634,0.1491883541234262,0.1793000111051208,0.2078324694353037,0.20731347358105925,0.25,0.1864328765486031,0.1643726551071388,0.18286974096090705,0.16830668413876704,0.19111216128210234,0.18658109569411682,0.19408012040642983,0.2059319352662904,0.20702676102238105,0.17907015304599108,0.18113455675561307,0.15753757618321773,0.17775671365951928,0.16099564587393966,0.18352174392346313,0.18854812092267206,0.19098223785162494,0.20475851151453223,0.20715467368871096,0.1906270979701168,0.17444935861738667,0.166824966693955,0.1867877234351415,0.1556564733641539,0.18013831581600434,0.15577969891485874,0.18106377853046318,0.20770080282470482,0.2078906980086044,0.20786767797098943,0.20762234687463033,0.2080060236444493,0.2074237006157713,0.20801141495959555,0.2079675008845052,0.20804407701056063,0.20794864060568766,0.20804901124321623
0.22823119987203108,0.22776387011418006,0.22795148158286782,0.2282679895736432,0.2278308556652833,0.2281926811359622,0.22799743250975604,0.22827062362203202,0.22819058126450018,0.2282950435556793,0.2267480253292614,0.20464729693326067,0.18009475655253995,0.1764532270325238,0.19219978969036544,0.1670183773637031,0.2023173607736074,0.16595210399503144,0.1977705467754942,0.22807320679317064,0.2275862731113084,0.1864328765486031,0.2499999999999999,0.17558871401803391,0.20245712914846015,0.17989462123205746,0.21073075426329346,0.20362874346862547,0.21297659145575373,0.22608452888276087,0.227246771196813,0.19577098742415777,0.19790760196235815,0.17279372849000296,0.20290909882766311,0.17777831907897418,0.2037080788877498,0.20708616006446035,0.2089043408852308,0.2248726224413475,0.2273490356449229,0.20949900282510373,0.19138566342501287,0.18566026250791895,0.20444897850932517,0.17362121044831877,0.19884243354667394,0.1707852497428436,0.1989329752195369,0.22793567191296393,0.22812551018288574,0.22809725499826197,0.22782449621242035,0.2282490628515655,0.22762552984314594,0.22825497809075818,0.2282109659282417,0.22829081870696133,0.2281866603672943,0.22829623313915134
0.19717151833150084,0.19676991718788403,0.19694015434863152,0.19720344029095344,0.19689069288052397,0.19713985706088488,0.1970400373513235,0.19720563291753299,0.1971225145806514,0.19722674336752682,0.1957060381941187,0.17340299343258245,0.15305525875587161,0.14020713493043974,0.16605589916335267,0.13751776815643516,0.1722425128897276,0.14047214656921847,0.16931288483701556,0.1970255493128419,0.19658271709358605,0.1643726551071388,0.17558871401803391,0.24999999999999986,0.1692556441351913,0.16340409623032184,0.17994734067283996,0.1768138577277237,0.18353973013081706,0.19502600340237106,0.19618420684104007,0.16924399663927425,0.17124854887389926,0.14652299898496254,0.1686999597813018,0.15086182994215708,0.17513474910580593,0.17894774547657477,0.1813640392226141,0.1940171635320119,0.19637902117672426,0.18067154056423876,0.16524783312003524,0.15580479226383906,0.17726606879136028,0.14576959602257156,0.17039928303444887,0.14783987038238683,0.17124458844106688,0.1968834542655675,0.19707609979521934,0.19705580091726227,0.19681237449774514,0.19718694991516508,0.19663582725746825,0.19719206058783534,0.19714886195293255,0.19722302372188313,0.1971327634098801,0.19722770130747994
0.22190755498338993,0.22145390912097107,0.22163746603004486,0.22194337123277835,0.22153248425076244,0.22187065248578805,0.22168410772094901,0.22194599528049866,0.2218664163493425,0.2219696336822189,0.22039482395196597,0.1974950767267891,0.17600010765637633,0.16793341170401757,0.18862673382812212,0.1624555477261606,0.19781398204158698,0.16014692622663051,0.1921382271148996,0.22176783167315242,0.22127204105110787,0.18286974096090705,0.20245712914846015,0.1692556441351913,0.2499999999999997,0.17250314239660264,0.20479700007979376,0.19887881892568246,0.20732508896180238,0.22005694353742172,0.22105846915761046,0.19148751301285866,0.2055377021025005,0.1706435357362262,0.18729096782806223,0.1734406301066491,0.20093365463127041,0.20150718422543576,0.20290639662136228,0.21868813592492561,0.2210514857038997,0.20368111135811492,0.1856365743419929,0.18253071709502236,0.19872428489176033,0.17007536408724433,0.19326728888185982,0.16550619465568855,0.19349722179388043,0.2216315956848439,0.22180442043627538,0.22177732490217458,0.22152910693860853,0.22192492371116437,0.2213337718896046,0.22193067452074178,0.22189339496630744,0.22196552194959326,0.22186486197313993,0.22197078636151635
0.2004197069625329,0.20001102052900577,0.20018728525462076,0.2004521316670304,0.20011262371679323,0.2003864800490645,0.20025930578014592,0.2004543134220676,0.20037790635324204,0.20047581918789162,0.19899843567337896,0.17692730405416524,0.15973538433845258,0.15087816491761544,0.1701728817439671,0.13536203261919583,0.17343426269498718,0.142604815192628,0.17140398980353588,0.20029060986669409,0.19982160169920132,0.16830668413876704,0.17989462123205746,0.16340409623032184,0.17250314239660264,0.2499999999999996,0.1812419197345361,0.17815408308323236,0.1869315400448513,0.19832973151143815,0.1994997456561062,0.17257317773252612,0.17660275332498615,0.1517321172733702,0.1717515419102908,0.15515323163475994,0.17706621664485614,0.18196386143916615,0.18388378991988538,0.1973316451656991,0.19961942354690587,0.1839909504300842,0.16781549772319823,0.16099205238117725,0.17958951807445905,0.150364420975813,0.1738941352687918,0.15066882376930152,0.17462735941165594,0.200142825447539,0.20032490906402517,0.2003020813824694,0.20006128896164402,0.20043539239991667,0.19987288974295883,0.20044058754071464,0.20039751520587917,0.20047206084613992,0.2003799901044431,0.20047681549259583
0.23057458046381268,0.2301029255770346,0.23028138283322525,0.230611786651621,0.23016467356093134,0.23053524677172574,0.2303409553684671,0.2306140228121665,0.23052761909551586,0.2306390941295068,0.22904180300496046,0.20608005570538743,0.18262996358195746,0.1766664385232352,0.19491331552779118,0.171115819212887,0.20399481679424455,0.1673469526633803,0.1993326792687367,0.2304234572962258,0.22993482743843338,0.19111216128210234,0.21073075426329346,0.17994734067283996,0.20479700007979376,0.1812419197345361,0.24999999999999997,0.20499196901583727,0.21544107419266031,0.22852165344446285,0.22960532165034936,0.19868049572527166,0.20500113868647554,0.17878324336712137,0.2038300282757525,0.17912403695219273,0.20180914159293267,0.20869760714817098,0.21103926398892559,0.22714056911625075,0.22966867931977125,0.21149597002437764,0.19327567357075337,0.18803162105132537,0.20673151968392942,0.1744326790657958,0.2005259078328714,0.1722255098364094,0.20099396268970254,0.23027014892850328,0.2304660715982722,0.23043926108118692,0.23017359023787318,0.2305926268195407,0.2299641824079095,0.23059860286951356,0.2305546695722138,0.23063481144114334,0.23052960612513984,0.2306402814647757
0.22421153690333112,0.22375317394591085,0.2239336071244638,0.2242477337980323,0.22382428352874342,0.22417351098503885,0.2239936930216477,0.2242499105201547,0.22416681242285671,0.22427428002619573,0.2227034402178729,0.19993750627711035,0.17790652547766317,0.17201028126759227,0.18987447488420306,0.16487422493372528,0.1972983882956534,0.1572600765670652,0.19415802441472696,0.22404957115699975,0.22361752416602382,0.18658109569411682,0.20362874346862547,0.1768138577277237,0.19887881892568246,0.17815408308323236,0.20499196901583727,0.24999999999999972,0.2078574397731752,0.2221731892286204,0.22327120158593267,0.1933260815649685,0.19761198312612102,0.17222950715877874,0.19345199614000386,0.17526986281156298,0.19857102341196886,0.20333837881743683,0.20542889034487774,0.22088744565827123,0.2233289197749351,0.20580178468032953,0.18791350373259896,0.1828218227019438,0.2008680286428076,0.17055585399372988,0.19494990962075467,0.16787782180792202,0.19553491836884657,0.2239213252330857,0.2241071577431825,0.22407994959683833,0.22382440126360903,0.22422908475228331,0.22361081567870836,0.22423489627325335,0.22419134783344014,0.22427010571767458,0.22416748562242705,0.22427542478885742
0.23339383697381436,0.2329164346425231,0.23309536183514107,0.23343150199935536,0.23297735829596058,0.23335383938116416,0.23316408600280478,0.23343363465624525,0.23334474686687076,0.23345914731407663,0.23184399381084697,0.20862813893029147,0.18499888589921035,0.17964375347434297,0.1970375608809445,0.1726344614590852,0.20605044032404643,0.16995700404210348,0.20199648882966725,0.2332315981947678,0.2327603276366293,0.19408012040642983,0.21297659145575373,0.18353973013081706,0.20732508896180238,0.1869315400448513,0.21544107419266031,0.2078574397731752,0.24999999999999978,0.23108424845724257,0.23238687431435615,0.2015918482330531,0.20416874441521263,0.1790731545236905,0.1998992274778881,0.1823329678612596,0.20582594217957162,0.21180290191619625,0.21317479924320726,0.22981990587746046,0.2324526762724473,0.21393496192797304,0.1958252398114751,0.18919826746601845,0.2094690061040309,0.17610689972892912,0.20258169030236184,0.1740100143269907,0.2036514756197038,0.23307952562410644,0.23328339815953775,0.2332568594133011,0.23299107788372236,0.23341210299460638,0.23275740280387602,0.23341815294588383,0.23337059944977245,0.23345480440079272,0.23334742876312337,0.23346034130693258
0.2475380679271822,0.24703176895820786,0.247224903945147,0.24757801779493369,0.24710126919452582,0.24749569749553382,0.2472994991713426,0.2475802912292456,0.2474864930313936,0.24760733861016604,0.24589418348902142,0.22124818343019004,0.19621017167968566,0.19072844954966192,0.2090950255617782,0.182812833818871,0.2186771760431011,0.18019049411403162,0.21445537098710496,0.24736627378304263,0.24686991031769753,0.2059319352662904,0.22608452888276087,0.19502600340237106,0.22005694353742172,0.19832973151143815,0.22852165344446285,0.2221731892286204,0.23108424845724257,0.2499999999999998,0.24647473803297723,0.2136286106723898,0.21738064957096545,0.1896411206277012,0.21275734641564203,0.19296196868964333,0.21877814726424843,0.22447194903295353,0.22696172632685493,0.24380294486044754,0.2465521816988864,0.22705365476048905,0.20759558323343838,0.20100007705522802,0.22199172860368666,0.18731978777605823,0.21490169069776038,0.1853619979540724,0.2158306639755796,0.24721048044667937,0.24742185337376552,0.2473927895832265,0.2471114924390288,0.24755744110674163,0.24686922765306696,0.24756385752564672,0.24751422879209434,0.2476027301274783,0.2474892191307304,0.24760860258371878
0.2487731051837849,0.24826425765861532,0.24845783210862918,0.24881325341051982,0.24833310091916505,0.24873047031723622,0.2485339339914649,0.24881551462509047,0.24872109748629634,0.24884272203545002,0.24712367298100504,0.22240452598063978,0.19717483423445983,0.19188690197917038,0.21004659505785447,0.18382123011857776,0.219671138502448,0.1810950754172355,0.21555542967671804,0.2485994235579165,0.2481045680198781,0.20702676102238105,0.227246771196813,0.19618420684104007,0.22105846915761046,0.1994997456561062,0.22960532165034936,0.22327120158593267,0.23238687431435615,0.24647473803297723,0.24999999999999967,0.21443163423090558,0.21822043067794147,0.1903273977860738,0.21367872647645955,0.19378143829334846,0.21985436449608528,0.2255876486218748,0.2281152228343982,0.24501201362167901,0.2477821058714383,0.22817756708410517,0.2086448972220866,0.20177498082687131,0.22312526307146177,0.18810190763982443,0.21594891483809,0.18629876765132927,0.21688172738479664,0.24844267404743145,0.24865623773254264,0.24862710195267565,0.24834312064539976,0.24879257501510887,0.24810036612970834,0.24879902345190086,0.24874887742735635,0.24883809000206536,0.2487239982913633,0.24884399175762276
0.21550239059628154,0.21506197122631043,0.21523049415251613,0.21553719147246836,0.21512834088668467,0.21546585676598584,0.21528792524388402,0.21553926153851533,0.21545698811004083,0.21556269806163306,0.2140364276122512,0.1919802167927857,0.17125454379896213,0.16369682109519537,0.18295128806129288,0.15764692348453638,0.1904316955001463,0.15682461789934735,0.18619799776836823,0.21535639968749445,0.21488648096904195,0.17907015304599108,0.19577098742415777,0.16924399663927425,0.19148751301285866,0.17257317773252612,0.19868049572527166,0.1933260815649685,0.2015918482330531,0.2136286106723898,0.21443163423090558,0.24999999999999947,0.18499047315375475,0.16453927587328016,0.1822104267729669,0.16865048429826843,0.18893021242430727,0.19546538607133063,0.19785681155965185,0.21199823974409485,0.21459129338267857,0.19513810274951146,0.17937435949705516,0.17214690757097068,0.19358260266683106,0.15923203450455603,0.18552130744719014,0.16057083025239532,0.1876095743073039,0.21518910844048053,0.2153954430217013,0.21537591584550636,0.2151460222232852,0.2155192565337346,0.21491739204736537,0.21552484269783773,0.21548081011390363,0.2155586844027606,0.21545989439293636,0.21556379685686514
0.21926098337590005,0.21881202905103628,0.21898271268842343,0.21929633209443045,0.2188644194264582,0.2192235472977134,0.21904469031685542,0.219298566936532,0.21921887231169232,0.21932232081809264,0.21783223829171441,0.19645199215172962,0.17308869168021213,0.1705800350760307,0.18409673391494885,0.1652952659534918,0.19565425968837916,0.15880554009419523,0.19100725220659506,0.2191079694498551,0.2187172570813737,0.18113455675561307,0.19790760196235815,0.17124854887389926,0.2055377021025005,0.17660275332498615,0.20500113868647554,0.19761198312612102,0.20416874441521263,0.21738064957096545,0.21822043067794147,0.18499047315375475,0.24999999999999944,0.16044525053089428,0.18759028714647988,0.16548517435071922,0.19262901814646524,0.19872993635108338,0.20057293005551627,0.21599284875747793,0.21843623626513595,0.2009134580230992,0.1840668906621083,0.1757970846015115,0.19700103464990876,0.16470725323164254,0.19113653377857087,0.1634605454540076,0.19068861001765228,0.21896238388712205,0.21915909335308914,0.21913230699166306,0.218842305524234,0.2192781454790621,0.21869290006876732,0.21928382720668466,0.2192412647674826,0.21931825899923435,0.21921868905064984,0.21932346062751562
