x1,x2,x3,x4,x5,x6,x7,x8,x9,x10,x11,x12,x13,x14,x15,x16,x17,x18,x19,x20,x21,x22,x23,x24,x25,x26,x27,x28,x29,x30,x31,x32,x33,x34,x35,x36,x37,x38,x39,x40,x41,x42,x43,x44,x45,x46,x47,x48,x49,x50,x51,x52,x53,x54,x55,x56,x57,x58,x59,x60
0.25,0.24983915038151772,0.2497765774636178,0.2499390317594672,0.2497616751009815,0.24995448984891447,0.24970798313401743,0.24991384672007644,0.24992491113549323,0.24995189571348145,0.24972904569875692,0.24857193122994262,0.24738589246985992,0.24648791311188753,0.24407837264125937,0.24149118491211014,0.2413852502572391,0.24456988059657175,0.2477754946961184,0.24989159299853667,0.24991558531564664,0.24566285416948203,0.24886225753879157,0.24360257697270227,0.249029365058967,0.24094092486180732,0.249326196760928,0.24385758694591964,0.2497790348162832,0.2498679491539375,0.2499277078535945,0.24582782177613177,0.24873681240554374,0.24423316421485305,0.24906493809006253,0.24200627488404797,0.2496646982792642,0.24447242557846038,0.24981085063625266,0.2498807789952367,0.24967773681789365,0.2485160144157188,0.24779979392106566,0.2464444237335944,0.24496315203141494,0.24168881188097652,0.24133536012020965,0.2450382446866515,0.24752311521120665,0.24989555641931224,0.2499266931816433,0.24986222994821392,0.2497758124297504,0.24993755468435508,0.2496804175589864,0.24995205962241857,0.24959198204886476,0.24993376915603502,0.24986555959857365,0.24995187690343196
0.24983915038151772,0.25,0.24970676532850491,0.2498686941263187,0.249691387171135,0.2498841478653709,0.2496377107518984,0.24984351612489722,0.249854577476147,0.2498815544600142,0.2496587671602517,0.24850197689175102,0.2473162811835812,0.24641853555503548,0.24400968402157974,0.24142322401157318,0.24131731925656955,0.24450105307183448,0.24770576545640496,0.24982126871615146,0.24984525427984405,0.24559371895251841,0.24879222256780026,0.24353402087201118,0.2489592829919651,0.2408731177985777,0.24925603132412702,0.2437889599961748,0.24970874217313677,0.24979763152536344,0.24985737340816835,0.24575864112607737,0.2486668130753475,0.24416443206452781,0.24899484636772892,0.24193816935012233,0.24959443781668816,0.24440362614941044,0.24974054905328347,0.2498104577552503,0.2496074727184241,0.24844607723168732,0.24773005829660508,0.2463750694278241,0.24489421458957358,0.24162079580703288,0.24126744356456417,0.2449692861115103,0.2474534574295024,0.2498252310215558,0.24985635902153566,0.24979191392911065,0.24970552073089877,0.24986721746742646,0.2496101527019242,0.2498817183235223,0.24952174207746414,0.24986343300440797,0.24979524264244726,0.24988153565595642
0.2497765774636178,0.24970676532850491,0.25000000000000006,0.2498061137712912,0.24962885923620123,0.24982156373346376,0.24957520336223907,0.24978094108729865,0.24979200213002004,0.24981897097514238,0.249596239419837,0.2484397261459236,0.2472529628324124,0.24635681026941833,0.24394847774406705,0.24136278719092766,0.24125703368810167,0.24443981258684555,0.24764373347033863,0.24975870027661917,0.24978267976834928,0.24553218899319812,0.24872990130507788,0.24347293839681455,0.24889691776917533,0.24081275176471548,0.24919359454505763,0.24372787685069333,0.24964620026846587,0.24973506898994619,0.24979479586765363,0.24569709132150855,0.24860453321545062,0.24410327783494132,0.24893248566384737,0.24187756973373878,0.24953192603787938,0.24434240997201365,0.2496779999364129,0.24974789197798566,0.24954495787436826,0.24838385404825353,0.2476680140788424,0.24631336348107558,0.24483287773145124,0.24156027283777007,0.24120701098195213,0.2449079311658971,0.24739148182439505,0.24976266158968322,0.24979378186730017,0.24972935284166517,0.24964298115947042,0.24980463752004248,0.24954763705591004,0.24981913474435832,0.24945924866832317,0.24980085400141805,0.24973268069893093,0.24981895212254487
0.2499390317594672,0.2498686941263187,0.2498061137712912,0.25000000000000006,0.24979120968476926,0.24998404723327222,0.2497375113686999,0.24994339929833825,0.24995446502213586,0.24998145279108008,0.2497585764241044,0.24860132512517868,0.24741514611828286,0.2465170605690807,0.24410723516855806,0.24151974150158437,0.2414137943197393,0.24459880124509562,0.24780479441194211,0.24992114294527526,0.24994513809950247,0.24569190406329827,0.24889168576549825,0.2436313832365514,0.24905881304631247,0.24096941638242259,0.24935567984894813,0.24388642336498714,0.24980857145289564,0.24989749630476643,0.24995726207095342,0.24585689117759954,0.24876622579824725,0.24426204504635088,0.24909439028397257,0.2420348923835101,0.24969422139545883,0.24450133470287455,0.24984039103512026,0.24991032766320811,0.2497072614759115,0.2485454016988246,0.24782909651033638,0.24647356604889079,0.24499211918475886,0.24171739184011176,0.24136389828329988,0.24506722071978104,0.24755238508292454,0.24992510683472943,0.24995624727901564,0.24989177642274044,0.24980534868531357,0.24996711006611172,0.24970994253400422,0.24998161671939953,0.24962149656628924,0.24996332409014896,0.2498951064668348,0.24998143397880626
0.2497616751009815,0.249691387171135,0.24962885923620123,0.24979120968476926,0.25000000000000006,0.24980665866335036,0.24956029435972624,0.24976604201428293,0.2497770995167754,0.2498040660635208,0.24958134781666805,0.24842487585586337,0.2472384279922523,0.24634192602553498,0.2439303442257203,0.2413476608885796,0.24124261493978952,0.24442530365162235,0.24762894791509232,0.24974379899346,0.24976777649914178,0.2455175839466163,0.24871507833016515,0.24345868967776718,0.248882103119497,0.2407986103847296,0.24917875870982062,0.2437134134960159,0.24963130860327656,0.2497201689337593,0.24977989272659676,0.24568241541223287,0.24858968648262272,0.24408865433114257,0.24891761301023346,0.2418630822731902,0.24951702932655132,0.24432780130923493,0.24966310373284634,0.24973299138128438,0.24953006914205444,0.24836902990843965,0.24765323308586285,0.2462986423471883,0.2448182561719849,0.2415458390663252,0.24119260819839844,0.24489330157368616,0.24737671652251875,0.2497477600657305,0.249778878262316,0.24971445329693898,0.24962808726851776,0.24978973348326783,0.24953274808038464,0.2498042298426415,0.2494443644559751,0.2497859502004211,0.2497177810385465,0.2498040472317193
0.24995448984891447,0.2498841478653709,0.24982156373346376,0.24998404723327222,0.24980665866335036,0.25000000000000006,0.24975295700291586,0.249958857660428,0.249969924068492,0.24999691350429623,0.24977402335285082,0.24861670057616006,0.24743045301954275,0.24653230800734602,0.24412233246114798,0.24153467896951364,0.24142872542577637,0.2446139291134925,0.24782012054975208,0.24993659992834166,0.24996059656662278,0.2457070995225488,0.24890707909109963,0.2436464512091641,0.2490742167109472,0.24098431979070165,0.24937110186577047,0.2439015071339728,0.24982402147416383,0.24991295182532683,0.2499727212877802,0.24587209679817124,0.24878161135374194,0.24427715204390205,0.24910979614141604,0.2420498616382758,0.24970966434624262,0.2445164564927364,0.2498558430243073,0.2499257839773723,0.2497227052310539,0.2485607735982723,0.24784442410745713,0.24648880981627885,0.24500727132525552,0.24173234144510508,0.24137882602471106,0.2450823775062721,0.24756769556660313,0.24994056406295137,0.24997170643329725,0.24990723158956585,0.24982079850657044,0.2499825698921304,0.2497253864549993,0.24999707744261762,0.2496369350174003,0.24997878368201085,0.24991056183958088,0.24999689469072228
0.24970798313401743,0.2496377107518984,0.24957520336223907,0.2497375113686999,0.24956029435972624,0.24975295700291586,0.2500000000000001,0.24971234731427736,0.24972340145082267,0.2497503649486115,0.24952769461516552,0.24837160548375567,0.24718799216323675,0.24628917196670544,0.24388355641026052,0.2412960164938811,0.2411902501120829,0.24437257039548743,0.24757575271226845,0.24969011085466955,0.24971408376491427,0.24546479791508324,0.2486615748599047,0.24340598840855346,0.2488285434280398,0.24074632565770399,0.24912515092441226,0.24366091780348687,0.24957764031560098,0.24966648606019914,0.2497261964002945,0.24562961917534104,0.24853626514526556,0.24403624868926577,0.24886412642373099,0.2418111530419431,0.2494633998192124,0.24427530441625134,0.24960943132920607,0.24967930549636017,0.24947642718003554,0.24831564550570073,0.24759999928278623,0.24624572348924162,0.24476563569833362,0.24149393196184352,0.2411407597905244,0.24484067180663371,0.24732354142697696,0.2496940710824279,0.249725182860123,0.24966077148099897,0.24957442342102767,0.2497360354845104,0.24947910551746172,0.24975052872755857,0.2493907413777862,0.24973225300269197,0.24966409841269638,0.24975034615589975
0.24991384672007644,0.24984351612489722,0.24978094108729865,0.24994339929833825,0.24976604201428293,0.249958857660428,0.24971234731427736,0.2500000000000001,0.24992927852306143,0.24995626348033229,0.24973340956824697,0.24857627385853942,0.24738999250209717,0.2464922078734658,0.24408260744625837,0.24149539418498897,0.2413894736090016,0.24457415242056763,0.24777982497535264,0.24989595970853307,0.24991995243430362,0.2456671454514785,0.24886660497177357,0.24360682586763918,0.249033715268115,0.24094512842846028,0.24933055264106835,0.2438618458003819,0.2497833993914404,0.2498723154480071,0.249932075190346,0.24583211747221267,0.24874115881801465,0.24423743131589348,0.249069290252037,0.24201050281662317,0.2496690609312919,0.2444766968026694,0.24981521582494007,0.24988514551182106,0.24968209979381292,0.24852035715505724,0.24780412408288857,0.246448729931411,0.24496743217041256,0.24169303421192379,0.24133957644778806,0.24504252621367265,0.24752744044437155,0.24989992319857413,0.24993106051026015,0.2498665961450202,0.24978017710894318,0.24994192219741782,0.2496847805667042,0.24995642738894666,0.24959634351411014,0.24993813660268943,0.24986992585211767,0.24995624466676736
0.24992491113549323,0.249854577476147,0.24979200213002004,0.24995446502213586,0.2497770995167754,0.249969924068492,0.24972340145082267,0.24992927852306143,0.24999999999999997,0.2499673297728534,0.24974446599518454,0.24858728008496275,0.24740114886305764,0.24650321125147104,0.24409379921251298,0.24150621540280048,0.24140019947822242,0.24458499626530555,0.24779079310580424,0.24990702333110262,0.24993101718540198,0.24567802396876126,0.2488776293725213,0.24361763585595456,0.24904474718559072,0.24095584012337035,0.24934159458897406,0.24387265047717446,0.2497944586863372,0.24988337804199898,0.24994314041982435,0.24584300190744812,0.2487521721763712,0.2442482501117583,0.24908031876992787,0.24202122372262475,0.24968011536544632,0.24448752551525244,0.24982627643771074,0.2498962086720319,0.2496931539488964,0.2485313597149965,0.24781509532760615,0.24645964326960695,0.2449782805684727,0.24170373990523802,0.2413502659221511,0.24505337761482543,0.2475383999648266,0.2499109869965713,0.24994212567918384,0.24987765846849713,0.2497912356080535,0.24995298785581943,0.24969583490994388,0.24996749368953528,0.24960739396950898,0.24994920209397528,0.24988098832384908,0.24996731095926542
0.24995189571348145,0.2498815544600142,0.24981897097514238,0.24998145279108008,0.2498040660635208,0.24999691350429623,0.2497503649486115,0.24995626348033229,0.2499673297728534,0.24999999999999997,0.24977143109037717,0.24861412039504427,0.24742787410098735,0.24652974920285625,0.244119799471388,0.241532171756201,0.24142621949170678,0.24461139032154364,0.24781754859804794,0.24993400597857712,0.2499580023676989,0.24570454948978657,0.24890449580228494,0.24364392240789828,0.24907163168460822,0.2409818185013069,0.24936851376985195,0.24389897578487074,0.24982142869007767,0.2499103581209554,0.24997012696298634,0.24586954503232858,0.2487790293924533,0.24427461682970303,0.24910721077431797,0.2420473495388346,0.24970707275150472,0.24451391878668316,0.2498532499106785,0.24992319013980258,0.24972011350124088,0.2485581939306249,0.24784185187178662,0.24648625164976734,0.24500472852707586,0.24172983263123943,0.24137632087646363,0.2450798339316611,0.24756512620112767,0.24993797007204704,0.24996911211927406,0.24990463794459947,0.24981820575847594,0.24997997546527068,0.24972279469715752,0.24999448286519238,0.24963434417759434,0.24997618929444188,0.24990796816002667,0.2499943001151937
0.24972904569875692,0.2496587671602517,0.249596239419837,0.2497585764241044,0.24958134781666805,0.24977402335285082,0.24952769461516552,0.24973340956824697,0.24974446599518454,0.24977143109037717,0.24999999999999986,0.24839246293763134,0.24720728049447002,0.2463099494752744,0.2439021486866425,0.2413168289003514,0.24121097073002745,0.24439330177448107,0.2475966014289273,0.24971117191383688,0.24973514690855603,0.2454854862232942,0.2486825796316353,0.2434266965413293,0.24884956650061235,0.2407669661363837,0.24914618389085166,0.24368152239800495,0.2495986949983006,0.24968754514003264,0.2497472606940631,0.2456503347237584,0.2485572250694494,0.24405682850112,0.24888511384807163,0.2418315469786599,0.24948444101196596,0.2442959171186406,0.24963048784733002,0.2497003657182193,0.24949747013680393,0.2483365864952027,0.24762088310989716,0.24626649149620025,0.24478628926836402,0.241514313183057,0.2411611166135482,0.24486132770689722,0.24734440416135198,0.24971513247303306,0.24974624675470217,0.24968183006356087,0.24959547493832257,0.24975710041543706,0.24950014894240877,0.2497715948809727,0.24941177728249708,0.24975331762025865,0.24968515730992155,0.24977141229390873
0.24857193122994262,0.24850197689175102,0.2484397261459236,0.24860132512517868,0.24842487585586337,0.24861670057616006,0.24837160548375567,0.24857627385853942,0.24858728008496275,0.24861412039504427,0.24839246293763134,0.24999999999999997,0.246054327494567,0.24516453633298327,0.24279821439306543,0.24019091281514618,0.2400871661201923,0.2432548095663966,0.24644765635001595,0.24855414049440613,0.2485779836632294,0.24432515043110478,0.2475282362927398,0.24229067169517735,0.2476941031163231,0.23963874213111083,0.24799020936240754,0.24254714579929834,0.24844196233860086,0.2485306228745232,0.2485900562904882,0.2445123534774164,0.2474055309812321,0.2429251043956551,0.24773182569160662,0.2407096298935595,0.24832837921569687,0.24316287352927946,0.24847367790534655,0.24854337700444973,0.2483414318942457,0.2471859906426629,0.24647353101097672,0.24512501549562782,0.24365138677661768,0.2403938626889565,0.24004247337390394,0.24372618932663287,0.2461981810427684,0.2485580826866886,0.24858906009143547,0.24852493436844073,0.24843897126165126,0.24859985595522627,0.2483440746628606,0.24861428326094503,0.24825611242996715,0.24859609031014065,0.24852824427259385,0.24861410152033486
0.24738589246985992,0.2473162811835812,0.2472529628324124,0.24741514611828286,0.2472384279922523,0.24743045301954275,0.24718799216323675,0.24738999250209717,0.24740114886305764,0.24742787410098735,0.24720728049447002,0.246054327494567,0.24999999999999983,0.24396358225907996,0.2416166335132046,0.23904660882542447,0.23893909476579325,0.2420944105868273,0.24527007122665737,0.24736818670714264,0.2473919289723957,0.2431765379951055,0.2463473476248856,0.24113607429410563,0.246512554319695,0.23849815398511498,0.24680736055192457,0.24139108056777886,0.24725663098553577,0.24734478248204841,0.24740394222449924,0.24334547764667624,0.24622493098168988,0.24176517667880992,0.24654933412126723,0.23956038229191437,0.24714336851290686,0.24200247648726192,0.2472881514841368,0.24735747767113217,0.247156485666618,0.24600635659019193,0.24529738677076704,0.24395497918986822,0.24248876907847733,0.2392470885150772,0.2388974682279746,0.24256307148328113,0.24502338452600272,0.24737211019942545,0.24740293056806137,0.24733911986042367,0.24725358549320928,0.24741368395503263,0.24715912199925372,0.24742804242217162,0.2470715624787708,0.24740993666855673,0.2473424169045375,0.24742786154847937
0.24648791311188753,0.24641853555503548,0.24635681026941833,0.2465170605690807,0.24634192602553498,0.24653230800734602,0.24628917196670544,0.2464922078734658,0.24650321125147104,0.24652974920285625,0.2463099494752744,0.24516453633298327,0.24396358225907996,0.24999999999999986,0.24065625746400643,0.2381137998681495,0.23803167299374808,0.2411918745549286,0.24437275019075297,0.2464702707404733,0.24649389097319427,0.24227313680307178,0.24544051058118185,0.2401802973767636,0.2456085181109327,0.23755712991335107,0.2459081369315303,0.2404882830337088,0.2463588957330061,0.24644694518903754,0.2465058782372623,0.24246326518083355,0.2453307362921728,0.24087726186873049,0.24565336413292826,0.23867677932367568,0.24624542973993493,0.24111333334146393,0.24638980571925823,0.24645954988277713,0.24625934915180853,0.24511370554927545,0.24440661578558892,0.24306471060311927,0.24160191590560207,0.23836649562074377,0.23801960362057478,0.2416767239898055,0.2441322686907598,0.24647418336699012,0.24650493782248095,0.24644131031905445,0.24635606531662385,0.2465156037141022,0.24626178093243792,0.2465299100619632,0.24617449350707668,0.24651186780559195,0.24644458697692723,0.24652972984808458
0.24407837264125937,0.24400968402157974,0.24394847774406705,0.24410723516855806,0.2439303442257203,0.24412233246114798,0.24388355641026052,0.24408260744625837,0.24409379921251298,0.244119799471388,0.2439021486866425,0.24279821439306543,0.2416166335132046,0.24065625746400643,0.24999999999999975,0.23565782829773152,0.2356469718373529,0.23882343630493522,0.24200312645613362,0.24406090576746328,0.24408415890091942,0.23992086287631992,0.2430429677138781,0.23788657629776863,0.24321020413950853,0.2352362506009192,0.24350679066287997,0.23814706932192137,0.2439500781898393,0.2440377714254141,0.24409615077331834,0.24009042587238097,0.24293201525603764,0.2385203791292764,0.2432514750509532,0.23634322366701244,0.24383815204315482,0.23875388958303906,0.243981199205914,0.2440502948743552,0.2438520404155014,0.24271846217043053,0.24201731134022933,0.24068823652660692,0.23923845624188422,0.23603459912297864,0.23569003752334614,0.23931309237480877,0.2417453853726131,0.2440647772355871,0.2440952209613947,0.2440322254190656,0.24394781424823223,0.24410579255422846,0.2438544468297973,0.2441199590508848,0.24376799234518087,0.24410209372128214,0.24403547407134057,0.24411978059831108
0.24149118491211014,0.24142322401157318,0.24136278719092766,0.24151974150158437,0.2413476608885796,0.24153467896951364,0.2412960164938811,0.24149539418498897,0.24150621540280048,0.241532171756201,0.2413168289003514,0.24019091281514618,0.23904660882542447,0.2381137998681495,0.23565782829773152,0.24999999999999983,0.23296427258701163,0.2361836654825174,0.2393916917351893,0.24147390292694113,0.24149692795692537,0.23733250376727888,0.24044751119092897,0.23531893790205566,0.2406189411905768,0.23252307544958237,0.24093114208391261,0.2355462267531596,0.24136499010463877,0.24145119426592937,0.24150858096887357,0.23756012559437797,0.24037023144031747,0.2360127604203531,0.24068489205473917,0.2338520100872946,0.24125973134842035,0.23622260059189948,0.24139415573238593,0.24146331157920417,0.24126728725693186,0.24014920388592947,0.2394528460614485,0.2381432057507116,0.23669652220862825,0.23353212882627497,0.233180853686415,0.23677448335132098,0.23918140959415826,0.2414777361568458,0.24150796191198995,0.2414455268339497,0.24136188519920398,0.2415183141737619,0.2412694317607313,0.2415323305066427,0.24118382986440384,0.24151464896410652,0.24144871247248967,0.24153215395211558
0.2413852502572391,0.24131731925656955,0.24125703368810167,0.2414137943197393,0.24124261493978952,0.24142872542577637,0.2411902501120829,0.2413894736090016,0.24140019947822242,0.24142621949170678,0.24121097073002745,0.2400871661201923,0.23893909476579325,0.23803167299374808,0.2356469718373529,0.23296427258701163,0.24999999999999978,0.2360477416653042,0.23927748104181928,0.24136797414976724,0.24139085649915265,0.23727199148849698,0.24035939962850666,0.23529666139391056,0.2405258446789013,0.23255656903093033,0.24082708373030517,0.23545706191004093,0.24125857545867702,0.24134509062716447,0.24140273804246565,0.2374417188230428,0.2402558195906362,0.23589271839606768,0.24057177567374902,0.23374139306854053,0.24114978246352922,0.23611439418480495,0.24128897545501507,0.24135746444058503,0.24116142933891005,0.24004365570603378,0.23934710938691636,0.23803442351463475,0.23659281369418084,0.23342626272095093,0.23307895875446266,0.23666957997763077,0.23907668066989513,0.24137180596036642,0.24140194329393155,0.2413396122163264,0.24125607338219462,0.24141236762104915,0.24116371182435603,0.24142637780710685,0.2410781577446184,0.2414087083921487,0.24134282081920497,0.2414262013254038
0.24456988059657175,0.24450105307183448,0.24443981258684555,0.24459880124509562,0.24442530365162235,0.2446139291134925,0.24437257039548743,0.24457415242056763,0.24458499626530555,0.24461139032154364,0.24439330177448107,0.2432548095663966,0.2420944105868273,0.2411918745549286,0.23882343630493522,0.2361836654825174,0.2360477416653042,0.24999999999999975,0.24243597840472478,0.24455237757127543,0.24457573765518673,0.24040468594339454,0.243529408314471,0.238360481953455,0.24369772120263222,0.23574556471150837,0.24400095086384457,0.23852309499923133,0.2444434736343423,0.2445292758451436,0.24458769746295322,0.24057911394493664,0.2434254722492837,0.23900118855441316,0.24374390126727205,0.23681689833965666,0.2443295636161612,0.2392310260141066,0.24447242869835992,0.244541718836181,0.24434307190815577,0.24320747837832898,0.24250429426331518,0.2411715137632281,0.23971622578802287,0.23650784969363753,0.23615992257575216,0.23979191292812296,0.24223083873737364,0.24455626028886465,0.2445867713647349,0.2445236405059105,0.24443910494088217,0.24459735572431235,0.2443453845993813,0.24461155074813967,0.24425864137896305,0.24459364891738536,0.24452689848003434,0.24461137193807148
0.2477754946961184,0.24770576545640496,0.24764373347033863,0.24780479441194211,0.24762894791509232,0.24782012054975208,0.24757575271226845,0.24777982497535264,0.24779079310580424,0.24781754859804794,0.2475966014289273,0.24644765635001595,0.24527007122665737,0.24437275019075297,0.24200312645613362,0.2393916917351893,0.23927748104181928,0.24243597840472478,0.24999999999999972,0.24775776057105506,0.2477815117422764,0.24356195560257235,0.24673576793472632,0.24152529040312662,0.24690048790671018,0.2388666457751941,0.2471962443096542,0.24174797846031715,0.24764602159153898,0.2477343144808162,0.24779355789778512,0.2437283653712772,0.2466131944845755,0.24214579485987295,0.24693797406464474,0.23993802914034973,0.2475327459068868,0.24238217880794263,0.24767748817494653,0.24774703133585207,0.24754573223786794,0.24639443370694705,0.24568374617819988,0.24433930911944368,0.24286940966283166,0.23962242550250965,0.23927132110554733,0.2429443845579107,0.24540901996675377,0.2477616908589375,0.247792568446912,0.24772864842218778,0.24764296172441494,0.24780332994894239,0.24754835017763127,0.24781771102900127,0.24746065072366302,0.2477995764308446,0.24773194903246215,0.2478175298708527
0.24989159299853667,0.24982126871615146,0.24975870027661917,0.24992114294527526,0.24974379899346,0.24993659992834166,0.24969011085466955,0.24989595970853307,0.24990702333110262,0.24993400597857712,0.24971117191383688,0.24855414049440613,0.24736818670714264,0.2464702707404733,0.24406090576746328,0.24147390292694113,0.24136797414976724,0.24455237757127543,0.24775776057105506,0.24999999999999978,0.24989769818040214,0.24564527138984513,0.24884444585210308,0.24358514184788593,0.2490115414069437,0.24092368050485696,0.24930835183211125,0.24384013345564456,0.24976115745915747,0.2498500654275466,0.2499098198499144,0.2458102272242354,0.24871900964886856,0.24421568385539363,0.24904711185622763,0.24198895391423617,0.24964682911044908,0.2444549280829357,0.24979297100205428,0.24986289435049527,0.24965986670532825,0.2484982274492968,0.247782058221262,0.2464267850667696,0.24494561938914902,0.2416715136157996,0.24131808714646788,0.24502070666656245,0.24750539931988363,0.2498776707167558,0.24990880525051595,0.24984434663093508,0.24975793529752022,0.24991966597588103,0.2496625472552852,0.24993416987578673,0.2495741180751441,0.249915880718504,0.2498476760429715,0.24993398716987783
0.24991558531564664,0.24984525427984405,0.24978267976834928,0.24994513809950247,0.24976777649914178,0.24996059656662278,0.24971408376491427,0.24991995243430362,0.24993101718540198,0.2499580023676989,0.24973514690855603,0.2485779836632294,0.2473919289723957,0.24649389097319427,0.24408415890091942,0.24149692795692537,0.24139085649915265,0.24457573765518673,0.2477815117422764,0.24989769818040214,0.24999999999999983,0.24566828379391858,0.24886829813480718,0.24360839829173742,0.2490354046147494,0.24094660462654516,0.24933226204771852,0.24386345953180527,0.24978513387558796,0.2498740537670841,0.24993381393000935,0.24583383023239672,0.2487428879080145,0.2442391049441397,0.24907101626405437,0.2420121527562756,0.24967079475318749,0.24447837524975694,0.24981695129979387,0.24988688381072147,0.24968383675177608,0.24852208492663275,0.247805846533931,0.2464504319308072,0.24496912273631033,0.2416946927461279,0.241341236329767,0.24504421783951957,0.24752915848565668,0.24990166170364822,0.24993279926010217,0.2498683344120232,0.24978191483988738,0.24994366098829718,0.24968651717335175,0.24995816628073553,0.24959807930118158,0.24993987536471182,0.24987166414046652,0.2499579835572906
0.24566285416948203,0.24559371895251841,0.24553218899319812,0.24569190406329827,0.2455175839466163,0.2457070995225488,0.24546479791508324,0.2456671454514785,0.24567802396876126,0.24570454948978657,0.2454854862232942,0.24432515043110478,0.2431765379951055,0.24227313680307178,0.23992086287631992,0.23733250376727888,0.23727199148849698,0.24040468594339454,0.24356195560257235,0.24564527138984513,0.24566828379391858,0.24999999999999978,0.2446152803697181,0.23942723529771034,0.24478912887353566,0.23680724930790992,0.24508570838184504,0.23970268557347835,0.24553417831719812,0.24562198767711044,0.24568077196518498,0.2416500622712205,0.2445090711655221,0.2400738913670845,0.24483008482023724,0.23788298332073776,0.2454211103805524,0.24031078403201056,0.2455653920270942,0.2456346180017319,0.24543504534735114,0.24429274894096425,0.24358857027399552,0.24225258714917267,0.24079642461821843,0.23757407175969017,0.23722826625787605,0.24087038725215992,0.2433159123153325,0.2456491691177753,0.24567978647090652,0.24561640735528242,0.24553147117029278,0.2456904520860815,0.24543757747107564,0.24570471054697837,0.24535059905519366,0.24568673030266336,0.24561968038308357,0.2457045309342218
0.24886225753879157,0.24879222256780026,0.24872990130507788,0.24889168576549825,0.24871507833016515,0.24890707909109963,0.2486615748599047,0.24886660497177357,0.2488776293725213,0.24890449580228494,0.2486825796316353,0.2475282362927398,0.2463473476248856,0.24544051058118185,0.2430429677138781,0.24044751119092897,0.24035939962850666,0.243529408314471,0.24673576793472632,0.24884444585210308,0.24886829813480718,0.2446152803697181,0.24999999999999964,0.24255519981351314,0.24802215198889818,0.23989366336974507,0.24830393610911608,0.2428156314161107,0.24874163753601947,0.24882092443343587,0.24888035986962803,0.2448017934855913,0.24768969736560714,0.24322545600274795,0.24805568034536024,0.24101114046335104,0.24862602612984785,0.24344950531849274,0.24876520612702194,0.24883365735691063,0.24863148994478843,0.24747805445279378,0.24676177853302236,0.2454183061959159,0.24393345910867945,0.24067921802625844,0.24031860571718103,0.24401111586634652,0.24648511682472574,0.24884839339146694,0.24887942281952088,0.24881520578154712,0.2487291061209758,0.24889021487855945,0.24863410997699859,0.24890465903483386,0.24854598671129802,0.24888644411630864,0.2488185173158846,0.24890447708311444
0.24360257697270227,0.24353402087201118,0.24347293839681455,0.2436313832365514,0.24345868967776718,0.2436464512091641,0.24340598840855346,0.24360682586763918,0.24361763585595456,0.24364392240789828,0.2434266965413293,0.24229067169517735,0.24113607429410563,0.2401802973767636,0.23788657629776863,0.23531893790205566,0.23529666139391056,0.238360481953455,0.24152529040312662,0.24358514184788593,0.24360839829173742,0.23942723529771034,0.24255519981351314,0.2499999999999997,0.2427231325521573,0.23476081996912793,0.24303409166381937,0.23768064888066717,0.2434787043546751,0.24356206226964097,0.24362020005819435,0.23963498666419566,0.24247342577947173,0.23807182442060815,0.24278720689988767,0.2358938274556307,0.24336520670354708,0.2382865918570521,0.24350535878812218,0.2435744971215416,0.24337671209370615,0.24224813363937167,0.24154610358743833,0.24022334588452662,0.23876654662706118,0.23557316999641154,0.23522057787798667,0.23884463837703837,0.24127281660342312,0.24358900985213444,0.24361946683607452,0.2435565197004356,0.2434721778973338,0.24362994343084632,0.24337894870028465,0.24364408231126336,0.24329260758682622,0.24362624820696793,0.24355974430756522,0.24364390421089957
0.249029365058967,0.2489592829919651,0.24889691776917533,0.24905881304631247,0.248882103119497,0.2490742167109472,0.2488285434280398,0.249033715268115,0.24904474718559072,0.24907163168460822,0.24884956650061235,0.2476941031163231,0.246512554319695,0.2456085181109327,0.24321020413950853,0.2406189411905768,0.2405258446789013,0.24369772120263222,0.24690048790671018,0.2490115414069437,0.2490354046147494,0.24478912887353566,0.24802215198889818,0.2427231325521573,0.2499999999999996,0.24006287789210753,0.24854336482919026,0.24298993526535984,0.2489321583354913,0.24898797064261588,0.24904747753239542,0.2449830374300713,0.24793507285455116,0.24340136233279278,0.24818749769693305,0.24117286113789496,0.24881710416085176,0.24361419538883286,0.24893733343241048,0.2490007378484438,0.24879845020680047,0.24764534307204716,0.2469277449413453,0.2455833350317753,0.24409738594552843,0.24084294207275295,0.2404801680210064,0.24417537294481056,0.24665051390157397,0.24901549222188438,0.24904656709104503,0.2489822817095627,0.2488961128607355,0.24905734117076164,0.24880102529440015,0.2490717950255624,0.24871283103306382,0.249053566649051,0.2489855893362369,0.24907161295312227
0.24094092486180732,0.2408731177985777,0.24081275176471548,0.24096941638242259,0.2407986103847296,0.24098431979070165,0.24074632565770399,0.24094512842846028,0.24095584012337035,0.2409818185013069,0.2407669661363837,0.23963874213111083,0.23849815398511498,0.23755712991335107,0.2352362506009192,0.23252307544958237,0.23255656903093033,0.23574556471150837,0.2388666457751941,0.24092368050485696,0.24094660462654516,0.23680724930790992,0.23989366336974507,0.23476081996912793,0.24006287789210753,0.24999999999999967,0.24035838319273994,0.23501716538221507,0.24082252955027628,0.24090120979505067,0.24095832593478128,0.2370416819368681,0.23987912576531398,0.23551187901571743,0.24015379509941073,0.23334927969360597,0.24071281766654315,0.23568625902733215,0.24084690097965133,0.24091307265506906,0.24071758924503536,0.23961042977252256,0.23890866069587036,0.2376112632986159,0.23615100306146627,0.23300325283032153,0.23263660896591956,0.23623478145457907,0.23863515805862862,0.24092750774279934,0.24095776616345077,0.24089537076643527,0.2408117448839808,0.24096799230266258,0.24071957037882252,0.2409819766973509,0.24063412491419342,0.24096433094973818,0.24089852496157466,0.24098180055005708
0.249326196760928,0.24925603132412702,0.24919359454505763,0.24935567984894813,0.24917875870982062,0.24937110186577047,0.24912515092441226,0.24933055264106835,0.24934159458897406,0.24936851376985195,0.24914618389085166,0.24799020936240754,0.24680736055192457,0.2459081369315303,0.24350679066287997,0.24093114208391261,0.24082708373030517,0.24400095086384457,0.2471962443096542,0.24930835183211125,0.24933226204771852,0.24508570838184504,0.24830393610911608,0.24303409166381937,0.24854336482919026,0.24035838319273994,0.2499999999999996,0.2432837942906265,0.24923517924514474,0.24928519073602803,0.2493445739863889,0.24529141131401414,0.24822456979723304,0.2437457590361257,0.24859657023491807,0.24148217152946397,0.24909195464260386,0.24391185226222406,0.24924941326125977,0.24929752615397566,0.24909500913485993,0.24794559855963505,0.24722221453563298,0.24588112258402922,0.24439100145554996,0.24113564526576206,0.24077149990708127,0.24446850231005562,0.24694506982418468,0.24931230673112206,0.2493434152038278,0.2492790572803441,0.2491927990099812,0.24935420621967014,0.24909762896888668,0.2493686773029129,0.24900935867153115,0.24935042764949517,0.24928236996805148,0.24936849501265562
0.24385758694591964,0.2437889599961748,0.24372787685069333,0.24388642336498714,0.2437134134960159,0.2439015071339728,0.24366091780348687,0.2438618458003819,0.24387265047717446,0.24389897578487074,0.24368152239800495,0.24254714579929834,0.24139108056777886,0.2404882830337088,0.23814706932192137,0.2355462267531596,0.23545706191004093,0.23852309499923133,0.24174797846031715,0.24384013345564456,0.24386345953180527,0.23970268557347835,0.2428156314161107,0.23768064888066717,0.24298993526535984,0.23501716538221507,0.2432837942906265,0.2499999999999997,0.2437272268714364,0.24381825983972633,0.24387533629760666,0.2399045622325049,0.2427687440003935,0.2383963934213443,0.24313183028724974,0.23620587901113171,0.24362996681972682,0.23855285568561604,0.24376798765267116,0.24382941842041966,0.2436315700995944,0.2425161966296316,0.2418015870244153,0.24049717398949488,0.23901465037734415,0.23583553537552276,0.2354591143608993,0.2391003535366213,0.24152544939693296,0.24384400443432228,0.24387462131733867,0.24381148132958602,0.2437267921194378,0.2438849820484419,0.24363373381066342,0.24389913572870536,0.24354733875075288,0.2438812775537533,0.24381467496333784,0.24389895744662282
0.2497790348162832,0.24970874217313677,0.24964620026846587,0.24980857145289564,0.24963130860327656,0.24982402147416383,0.24957764031560098,0.2497833993914404,0.2497944586863372,0.24982142869007767,0.2495986949983006,0.24844196233860086,0.24725663098553577,0.2463588957330061,0.2439500781898393,0.24136499010463877,0.24125857545867702,0.2444434736343423,0.24764602159153898,0.24976115745915747,0.24978513387558796,0.24553417831719812,0.24874163753601947,0.2434787043546751,0.2489321583354913,0.24082252955027628,0.24923517924514474,0.2437272268714364,0.24999999999999956,0.24974434270426318,0.24979734019624736,0.24570836417929373,0.24862905745209837,0.24412909447734993,0.24898484170886998,0.2419045097069518,0.24957892339099222,0.2443500938495488,0.24968425295064578,0.24975033923040388,0.24954741498950164,0.24838964270302832,0.2476704283209255,0.2463221008101706,0.24483476079983474,0.2415679986064159,0.24120917037200998,0.24491036209812617,0.24739357954830316,0.2497651193269813,0.24979625650573195,0.24973180973741307,0.24964544161681076,0.24980709514798494,0.24955006070546268,0.24982159251511582,0.24946166079880044,0.2498033112416844,0.24973513665807712,0.2498214098921006
0.2498679491539375,0.24979763152536344,0.24973506898994619,0.24989749630476643,0.2497201689337593,0.24991295182532683,0.24966648606019914,0.2498723154480071,0.24988337804199898,0.2499103581209554,0.24968754514003264,0.2485306228745232,0.24734478248204841,0.24644694518903754,0.2440377714254141,0.24145119426592937,0.24134509062716447,0.2445292758451436,0.2477343144808162,0.2498500654275466,0.2498740537670841,0.24562198767711044,0.24882092443343587,0.24356206226964097,0.24898797064261588,0.24090120979505067,0.24928519073602803,0.24381825983972633,0.24974434270426318,0.2499999999999995,0.2498861722456404,0.24578726543881624,0.24869595347491721,0.24419271093257336,0.24902369154259285,0.24196644351276214,0.24962327366829906,0.24443186451611737,0.24976934925759303,0.24983925405784654,0.2496362430409909,0.24847462239587856,0.24775859409086542,0.24640349460969752,0.24492237080344592,0.2416488866516669,0.241295244957716,0.24499749827983247,0.24748194421598305,0.24985402826690736,0.24988515878413753,0.24982070725912628,0.2497343073347953,0.2498960194751226,0.24963892317568792,0.24991052200270095,0.24955049655081898,0.24989223461168245,0.24982403678756113,0.24991033931409415
0.2499277078535945,0.24985737340816835,0.24979479586765363,0.24995726207095342,0.24977989272659676,0.2499727212877802,0.2497261964002945,0.249932075190346,0.24994314041982435,0.24997012696298634,0.2497472606940631,0.2485900562904882,0.24740394222449924,0.2465058782372623,0.24409615077331834,0.24150858096887357,0.24140273804246565,0.24458769746295322,0.24779355789778512,0.2499098198499144,0.24993381393000935,0.24568077196518498,0.24888035986962803,0.24362020005819435,0.24904747753239542,0.24095832593478128,0.2493445739863889,0.24387533629760666,0.24979734019624736,0.2498861722456404,0.24999999999999956,0.24584620825640047,0.2487552540715746,0.24425157967653766,0.24908357082379556,0.24202430917922443,0.24968299511902634,0.24449035166972724,0.2498291311233712,0.24989900432033196,0.24969594898488018,0.24853411929291455,0.24781788530779403,0.24646254217517558,0.24498102248338005,0.24170650912977484,0.2413529208396899,0.24505617355549755,0.24754117689345354,0.24991378354766267,0.2499449244462321,0.24988045465640776,0.24979402803784156,0.24995578488805453,0.24969862854233232,0.24997029088407877,0.24961018818665948,0.24995199900570614,0.24988378404163847,0.24997010815183016
0.24582782177613177,0.24575864112607737,0.24569709132150855,0.24585689117759954,0.24568241541223287,0.24587209679817124,0.24562961917534104,0.24583211747221267,0.24584300190744812,0.24586954503232858,0.2456503347237584,0.2445123534774164,0.24334547764667624,0.24246326518083355,0.24009042587238097,0.23756012559437797,0.2374417188230428,0.24057911394493664,0.2437283653712772,0.2458102272242354,0.24583383023239672,0.2416500622712205,0.2448017934855913,0.23963498666419566,0.2449830374300713,0.2370416819368681,0.24529141131401414,0.2399045622325049,0.24570836417929373,0.24578726543881624,0.24584620825640047,0.24999999999999942,0.2446631079573878,0.24021315627324788,0.24498581669986152,0.2380109754005136,0.24558448120258672,0.2404606884605699,0.24573511445574006,0.24579955966701256,0.24559985345082794,0.2444383281737879,0.24375011068800753,0.24240002378250158,0.24095538930713545,0.23772025269654373,0.23738398113189965,0.241027248773326,0.24347840243652988,0.2458141294865757,0.24584480327243785,0.2457813438155144,0.24569637554747484,0.24585543822299627,0.24560224040586842,0.24586970625869756,0.24551521828356765,0.2458517121678218,0.24578461116441572,0.24586952652766741
0.24873681240554374,0.2486668130753475,0.24860453321545062,0.24876622579824725,0.24858968648262272,0.24878161135374194,0.24853626514526556,0.24874115881801465,0.2487521721763712,0.2487790293924533,0.2485572250694494,0.2474055309812321,0.24622493098168988,0.2453307362921728,0.24293201525603764,0.24037023144031747,0.2402558195906362,0.2434254722492837,0.2466131944845755,0.24871900964886856,0.2487428879080145,0.2445090711655221,0.24768969736560714,0.24247342577947173,0.24793507285455116,0.23987912576531398,0.24822456979723304,0.2427687440003935,0.24862905745209837,0.24869595347491721,0.2487552540715746,0.2446631079573878,0.24999999999999967,0.24306043135477629,0.24791485197253002,0.24083345015787408,0.2485055950761153,0.24330884189597182,0.24865735953792356,0.24870820236501723,0.2485061608668872,0.2473448150111464,0.24663458831015464,0.2452721512117379,0.24380981795966317,0.2405304317385612,0.2401985056181529,0.2438783985327376,0.2463602313991399,0.24872295745275808,0.24875400053935878,0.24868978445744797,0.24860386713117674,0.24876475565055653,0.2485085688169048,0.2487791925274679,0.2484206385105033,0.24876098642965086,0.24869309318429386,0.24877901066806843
