x1,x2,x3,x4,x5,x6,x7,x8,x9,x10,x11,x12,x13,x14,x15,x16,x17,x18,x19,x20,x21,x22,x23,x24,x25,x26,x27,x28,x29,x30,x31,x32,x33,x34,x35,x36,x37,x38,x39,x40,x41,x42,x43,x44,x45,x46,x47,x48,x49,x50,x51,x52,x53,x54,x55,x56,x57,x58,x59,x60
0.24999999999999997,0.24857596276727265,-0.07455854908825331,0.24890818303142262,-0.08522122896656817,0.2488201662189651,-0.1267946762907704,0.2486096550720169,0.048062508109756444,0.2492331793589716,0.0803953259989364,-0.06823477003872845,0.06996728829976297,-0.07321747037105299,0.09910069581931223,-0.10058206981440507,0.12887792562092928,-0.1269508929653426,-0.040054508938520535,0.08317028412779393,-0.04432679988844803,0.06780679401709387,-0.06981887389809346,0.07166053308090571,-0.06265109740846188,0.07342691558756835,-0.07161784523696058,0.12540701042158184,-0.10452093349834805,0.14866348613123032,0.09030600681819029,-0.0688657953844463,0.0688645366295027,-0.06415107817922258,0.06233899971752736,-0.045586017119195535,0.04734645751730236,0.033500523508971175,-0.017163391074834944,0.09198792374745936,-0.03871521043792579,0.06164521887082976,-0.060426559278584924,0.06010389604125192,-0.03658436096651783,0.030227407364635167,0.019657861973764783,-0.030111907012683625,-0.04432016292386455,0.07515580243333062,0.24886090609560507,0.2491330682094513,0.05371574283127567,0.24852044326732958,0.03618818602345873,0.24855082808004267,-0.02206106346388616,0.24835648663632157,0.0333542572078285,0.2492373164690009
0.24857596276727265,0.25,-0.0759089626793908,0.24901145880061917,-0.08640086585326395,0.24892302001200833,-0.1277203582639881,0.2487125946779015,0.04826614516188567,0.24933301456336893,0.08158042096999539,-0.0695406803934789,0.07127991878538727,-0.07452413925222433,0.1003543965844171,-0.10176420925119326,0.12986562976964836,-0.12776641162728905,-0.04016253582709846,0.08327811877787315,-0.04551500753094608,0.06909808256257925,-0.07110938264508702,0.07295559487428838,-0.06389377103401102,0.07463551982012889,-0.07282821024190018,0.12632595513603534,-0.10534186525369112,0.14929807602405962,0.09146158607014883,-0.07015201948844743,0.070152862423837,-0.0654169675053376,0.06358128585931405,-0.04674773182130289,0.04851958206535266,0.0326823984762545,-0.01639954403866664,0.09150945161970464,-0.039853033918438516,0.06289755595595795,-0.06167720105411091,0.06135437292614002,-0.03773355872072724,0.03132159386328741,0.018833491263599136,-0.029432826777126428,-0.044417699291849966,0.07520204399803691,0.24896293004695003,0.24923247275968485,0.054883973095258706,0.24861716155239444,0.03726019237039674,0.24864768525005146,-0.021289273033952002,0.2484525045401711,0.03333278903730599,0.24933716925514857
-0.07455854908825331,-0.0759089626793908,0.25,-0.07559710407396032,0.19493155217732536,-0.07561374843029142,0.16183859061486783,-0.0756030714260986,-0.07041329075538544,-0.07526380676107557,-0.2202579684024686,0.23659037536237645,-0.2382912679011647,0.23504901221764818,-0.21006617205123637,0.19900924671954465,-0.17298389299495354,0.14361153774921898,0.052952650890509274,-0.055710774259035103,0.20934386167794714,-0.23221242009114693,0.231798142417856,-0.2322170853453366,0.21934839508179024,-0.20988336428973656,0.21048254461269988,-0.1659798901591139,0.14494540825975347,-0.12035430741599293,-0.21336825448026642,0.2307008461958286,-0.23101378813396303,0.22583986466433772,-0.2192690615922802,0.2016182224139984,-0.20391778324892404,0.1257402329981716,-0.118507210574338,0.05446100518882736,0.19862456517784755,-0.2231002810960484,0.2224904119169265,-0.22237098352041837,0.19971193458258368,-0.18682015558347329,0.13028238974304063,-0.10362669993310958,0.024799807079085617,-0.023617194607237064,-0.07554057606275125,-0.07516872221176989,-0.20721202246323456,-0.07457851738285488,-0.18684072474947241,-0.07460908598087565,-0.12104550236829123,-0.07442417677663177,-0.0025895797584782024,-0.07526777060077183
0.24890818303142262,0.24901145880061917,-0.07559710407396032,0.25000000000000006,-0.0862058263518815,0.24925300056242403,-0.1276855406665282,0.24904297376841586,0.048230421037922765,0.24966515222558833,0.0813690437361744,-0.06927867775509514,0.07101809209322213,-0.07426787287545099,0.10014193366910136,-0.10158265026993514,0.12980484594389874,-0.12776570074294744,-0.040139737130193184,0.08332588335169012,-0.045250594838589474,0.06883895385607408,-0.0708528785728709,0.07270022798554418,-0.0636418375071852,0.07440972068165966,-0.0725992064830501,0.1262872289540025,-0.1052990330389172,0.1493920799086112,0.09127334461000486,-0.06989516609546373,0.06989552989020388,-0.06515975048118589,0.0633290195335765,-0.0464935143678531,0.04826476229177372,0.03295621437957292,-0.016626918852846506,0.09176853229137796,-0.039594281455801086,0.06264021809144876,-0.0614186689516745,0.061095458988820725,-0.03746921568210382,0.03106372960292224,0.01908919467941883,-0.029663426656364476,-0.04445725977912288,0.07530071511853181,0.24929392541605608,0.2495645849777993,0.05463851305916104,0.2489491304441738,0.037016569284449144,0.2489796594137796,-0.021533982451772765,0.24878442963244699,0.03338921425508412,0.24966930816801508
-0.08522122896656817,-0.08640086585326395,0.19493155217732536,-0.0862058263518815,0.25000000000000006,-0.08629385480821535,0.17834314689007968,-0.08645125381890943,-0.05410716227237765,-0.085874481216789,-0.18979450696591477,0.2036859569950296,-0.20521887111708473,0.20832927985702676,-0.22826630267218725,0.21767228867150187,-0.19145170608539255,0.15852613940773172,0.02701828735311935,-0.042183166793513735,0.18206898260396792,-0.20332260462845342,0.2047109116772313,-0.20670472986850638,0.19940538200957708,-0.20271797242211723,0.20186583750186288,-0.16907872228511656,0.14858276839583878,-0.12841170961222653,-0.19130767532868734,0.20413222148877377,-0.2044005181610198,0.20055605926528328,-0.19918034053424133,0.18301317486373406,-0.18517790632506098,0.11075227113311449,-0.10607885329654233,0.04349653398518093,0.17470898243255575,-0.1977506713876574,0.19718803855346145,-0.19708205674186732,0.176319141844523,-0.16877072890900077,0.11552022839700206,-0.09151072425944658,0.027809174921377106,-0.028948614477308045,-0.0860825303478801,-0.08578355216965068,-0.1833783742111359,-0.08521922543409674,-0.16500184689221054,-0.08524749117100335,-0.10717484217042424,-0.08507013958447959,-0.007362562702056425,-0.08587813133896609
0.2488201662189651,0.24892302001200833,-0.07561374843029142,0.24925300056242403,-0.08629385480821535,0.2500000000000001,-0.12788565112034544,0.24897861793294226,0.04823486521226825,0.24957723660904094,0.08144812352759279,-0.06937016652163314,0.07110966414280558,-0.07436014987481142,0.10024046281059146,-0.10168697685374367,0.12993291909001495,-0.12794932790298177,-0.03991707834171283,0.08312631982737388,-0.04534217567612778,0.06893085222681804,-0.07094471626220888,0.07279270411502763,-0.06373454309393634,0.07450728776835412,-0.0726962522037773,0.12646469735260282,-0.10547753374585185,0.1495955650914745,0.09135168034863349,-0.06998659117719129,0.06998762513529093,-0.0652513415327226,0.06342178687638797,-0.04658592452800884,0.048357552365002665,0.032864376746716426,-0.016515480216879513,0.09166406552544205,-0.03968371423448075,0.06273118764656857,-0.06151018092481324,0.06118717784503837,-0.03756061332431934,0.0311558845816263,0.019003270626475374,-0.02958626047908709,-0.04445867261784567,0.07528698534350863,0.24920635645981074,0.24947666871126167,0.05472502666231058,0.2488612058822189,0.03710097666787636,0.24889173580251375,-0.02145212568458115,0.2486965044041105,0.03338341324858725,0.24958139251689232
-0.1267946762907704,-0.1277203582639881,0.16183859061486783,-0.1276855406665282,0.17834314689007968,-0.12788565112034544,0.2500000000000003,-0.12809622893226533,-0.033429259302208365,-0.12747052270813877,-0.158003394622807,0.16508862684414577,-0.16666474274870888,0.16967763914779757,-0.19337149316517094,0.202884098925552,-0.22870543059212892,0.1841304486578019,0.007673380989679687,-0.03632694987767729,0.143634177557343,-0.16458701634421746,0.16609858614629422,-0.16821200191237343,0.1694191230361903,-0.1795866145058968,0.17799816308984734,-0.17903363119215646,0.15761515534188428,-0.15918688004313675,-0.16244297008491215,0.16575939556601768,-0.16592419512001197,0.16510130727049166,-0.16908546152389262,0.15281917701594036,-0.15492088277097332,0.07773046523448732,-0.08149811569258808,0.013889627607335302,0.13881645734437317,-0.16168706931813973,0.16114346319226944,-0.16104910744914475,0.14203117175839736,-0.1377783145764669,0.08473515835380317,-0.06399720579252863,0.035634721165889324,-0.04420076144311517,-0.12752866736104956,-0.12737696848283658,-0.14911721047679352,-0.12679431354652354,-0.13329680459023482,-0.1268217105486631,-0.07768756302643015,-0.1266377206197644,-0.017119540542586433,-0.12747434676550942
0.2486096550720169,0.2487125946779015,-0.0756030714260986,0.24904297376841586,-0.08645125381890943,0.24897861793294226,-0.12809622893226533,0.25000000000000033,0.04772909821385994,0.24936554150810655,0.08160210556931974,-0.0695594417274117,0.07129890343412691,-0.07454949177870226,0.10042635952276278,-0.10189846358045977,0.13017085731484446,-0.1282012096980278,-0.039665299607194386,0.08288235854531015,-0.04553449727917072,0.0691201576836685,-0.07113337078026621,0.07298230399659675,-0.06394493710807322,0.0747227575154867,-0.07291140096120581,0.1267017960475085,-0.10571065910814563,0.14981588394561757,0.09150143948696118,-0.07017594167339086,0.07017770683081459,-0.06544890978990356,0.06363209944663234,-0.046796004938341115,0.04856843866092041,0.03265298508140779,-0.016298242083114006,0.09144824612828142,-0.039877214645761244,0.06292635832641488,-0.06170677667028987,0.061384282068057745,-0.03776476777987324,0.031365187311220635,0.018804846984287554,-0.02940765556943753,-0.0444544008481169,0.07524436068591146,0.24899545045264154,0.24926497748689871,0.05491092372332759,0.24864952023624504,0.03728916451264917,0.2486800465178724,-0.02126290613525055,0.24848481817297696,0.03336331952237723,0.24936969681337673
0.048062508109756444,0.04826614516188567,-0.07041329075538544,0.048230421037922765,-0.05410716227237765,0.04823486521226825,-0.033429259302208365,0.04772909821385994,0.25000000000000017,0.048342400106261625,0.07454583218171133,-0.07624197680146388,0.07463536185245884,-0.07260118092198256,0.05830285141769771,-0.04829754305608871,0.03163950236195114,0.010685975080434796,-0.21220613972785374,0.18516362350376814,-0.06421124364281662,0.07352320863406307,-0.07208870740856534,0.07103909723016778,-0.05891632739945333,0.052069084483326464,-0.052599650380464005,0.011198764992152938,0.005160344303290075,-0.015451345240884918,0.06724661105979178,-0.07113491909662258,0.0711660984702544,-0.06659827690368444,0.059063558879268147,-0.0518337546318238,0.052619881633777864,-0.01682912492630303,0.007940707156408908,0.011159487701295469,-0.05712534305046776,0.06626859142073112,-0.0657649290698445,0.06562091328353133,-0.054508971984093546,0.04650789282285574,-0.02466211661702702,0.013172166438128883,-0.002141937749384681,0.005718518162036011,0.04837557378219866,0.04831062744462396,0.06108852412958963,0.0481056886899175,0.051565486332465875,0.048123696988360554,0.022484449194313173,0.04806360882258766,-0.00328621218089844,0.04834654883320043
0.2492331793589716,0.24933301456336893,-0.07526380676107557,0.24966515222558833,-0.085874481216789,0.24957723660904094,-0.12747052270813877,0.24936554150810655,0.048342400106261625,0.2500000000000003,0.08109752371717356,-0.06894935922966018,0.07068900569823659,-0.0739395730122056,0.09982524432918469,-0.10128597816384798,0.1295819733395456,-0.12757858833538194,-0.04027849544706874,0.08349989994860131,-0.044922134607546196,0.0685102831004854,-0.07052562242582086,0.07237235990570395,-0.0633156249362815,0.07409372073357678,-0.07228193515963019,0.1260851892375886,-0.1051011508757693,0.14928447516943194,0.09101679535868708,-0.06956788249348927,0.06956729110195714,-0.06483231872333961,0.06300257708685253,-0.046168938682522,0.0479389092646183,0.03328072579595788,-0.01692412073815748,0.09207366915227835,-0.03927289504705206,0.062313867633388156,-0.061091005033523306,0.06076733285317725,-0.03714093447283398,0.030739475686405105,0.019395248951121904,-0.02993644146334027,-0.044482471543903786,0.07538684225950662,0.24961775120008586,0.24988967055860023,0.0543285555692245,0.2492742259370512,0.03671340148466061,0.24930475258653892,-0.021825904825778897,0.24910952181367735,0.03343849460595643,0.2499943949924664
0.0803953259989364,0.08158042096999539,-0.2202579684024686,0.0813690437361744,-0.18979450696591477,0.08144812352759279,-0.158003394622807,0.08160210556931974,0.07454583218171133,0.08109752371717356,0.2500000000000004,-0.2317995087175782,0.23009471528708536,-0.22739529491240837,0.20459512423683107,-0.19385344320425446,0.1692034436134307,-0.13978664456189685,-0.05725074985597771,0.060609936505917686,-0.20395366346296304,0.226760653032272,-0.22498699062823377,0.2246229333132082,-0.2118575379363226,0.2031566143978627,-0.20366270024539415,0.16138243311077397,-0.14024158962139008,0.1178171906977216,0.20765551192266685,-0.22357521437088582,0.22387001039074797,-0.21870471431983843,0.21184552171860177,-0.19424025776804832,0.1965044470682336,-0.11854257892530093,0.11181288481858574,-0.04800692049711388,-0.1917226973989199,0.21600313855502523,-0.2153690292229985,0.21524064611772062,-0.19263826177727317,0.17951284385971514,-0.12352715914749238,0.09755336752893287,-0.024887880462394797,0.024903694426998062,0.0813493149148604,0.08100290538029971,0.20049288366051424,0.08041572884845462,0.1803109220689983,0.08044625612538334,0.11461197105483374,0.08026231113386857,0.0032665832207323326,0.08110152383111854
-0.06823477003872845,-0.0695406803934789,0.23659037536237645,-0.06927867775509514,0.2036859569950296,-0.06937016652163314,0.16508862684414577,-0.0695594417274117,-0.07624197680146388,-0.06894935922966018,-0.2317995087175782,0.2500000000000003,-0.2479584484585005,0.24492331881425722,-0.21888976699261825,0.20694609956949822,-0.17739317771618654,0.14498434798484253,0.057337440199605995,-0.05809945480056652,0.22138288277119703,-0.24459180227142352,0.24252630960314212,-0.2420261627474013,0.22889125743539251,-0.21876766950730264,0.21943363429341953,-0.1685069655039775,0.14698200959467958,-0.11853660643093421,-0.22173976819651292,0.24106443868618996,-0.2413898037312886,0.23613385927618344,-0.2288981245111606,0.2108686226125676,-0.21322376251777408,0.13390877452448974,-0.12517706659746516,0.060835766435756486,0.20843663867380097,-0.23334536841198195,0.23274968140121063,-0.2326359391491172,0.20967564541172945,-0.19587108403560055,0.13819910293139284,-0.11042664800650309,0.023984779921976535,-0.021436939658247164,-0.06925799863690338,-0.06885310021992382,-0.21687943243462524,-0.06825516182779641,-0.19609001229818618,-0.06828625466814184,-0.1285455350862673,-0.06809907499674163,-0.0009939291563078486,-0.06895339145751189
0.06996728829976297,0.07127991878538727,-0.2382912679011647,0.07101809209322213,-0.20521887111708473,0.07110966414280558,-0.16666474274870888,0.07129890343412691,0.07463536185245884,0.07068900569823659,0.23009471528708536,-0.2479584484585005,0.2500000000000002,-0.24659877737208544,0.22057406827677534,-0.2086307172234678,0.1790912333193025,-0.14668260111542722,-0.05569286377379586,0.05706082910895313,-0.22017264525483216,0.24353841099588158,-0.24319412129010454,0.24368755928563476,-0.23055882496264354,0.22043753237286828,-0.22110365766628762,0.17020194283928497,-0.14867353155560267,0.12024368113968724,0.22287980207189106,-0.24211460796347284,0.2424405010491033,-0.237176749218854,0.2304748062901637,-0.21239240555591418,0.2147680109670938,-0.1348566424890725,0.12616693904022394,-0.06105075319066414,-0.20923846082255887,0.23435662169066668,-0.233754774671516,0.2336398546274126,-0.21051179967935377,0.19725385424767017,-0.1391331945398432,0.11125502946207162,-0.024713805368159616,0.022281126818614414,0.07099618233713093,0.0705917839611479,0.21779418153334065,0.06998802073293658,0.196865488787792,0.07001925848669982,0.12941659749711643,0.06983014779962174,0.0015423966286221827,0.0706930377848658
-0.07321747037105299,-0.07452413925222433,0.23504901221764818,-0.07426787287545099,0.20832927985702676,-0.07436014987481142,0.16967763914779757,-0.07454949177870226,-0.07260118092198256,-0.0739395730122056,-0.22739529491240837,0.24492331881425722,-0.24659877737208544,0.25000000000000033,-0.2238468457579427,0.21190656111504177,-0.18235915991258655,0.14994653412939793,0.05244423934788233,-0.055121673074882145,0.22062081854706786,-0.2441666899348068,0.24547381529434512,-0.24696477091492613,0.23385240957261588,-0.22371892145915992,0.22438253820602103,-0.1734738365442791,0.15188528484432637,-0.12347905017159339,-0.2255927487417647,0.2447454429938277,-0.24507239675141113,0.23979810568698465,-0.23367010943540242,0.21536956826048714,-0.21778677990841283,0.1365794445366064,-0.12796201574005653,0.06131881217281304,0.21134313793787685,-0.2369096028172637,0.2362953113288604,-0.23617799691866506,0.21269302578483562,-0.19993286352335718,0.14084781094213852,-0.11271822894105539,0.025892575985150643,-0.023687667758985405,-0.07424521515699788,-0.07384032796909346,-0.22012571622014238,-0.0732243464813999,-0.1989021403198829,-0.07325592611486173,-0.13099642739197687,-0.07306279722483659,-0.002339532486107932,-0.0739436002081158
0.09910069581931223,0.1003543965844171,-0.21006617205123637,0.10014193366910136,-0.22826630267218725,0.10024046281059146,-0.19337149316517094,0.10042635952276278,0.05830285141769771,0.09982524432918469,0.20459512423683107,-0.21888976699261825,0.22057406827677534,-0.2238468457579427,0.2500000000000004,-0.23591285130108972,0.2078578566601321,-0.17161051527667057,-0.030030624594385977,0.04778778089135759,-0.19487604062749256,0.21842598952838568,-0.21992654117879434,0.2220812527058737,-0.2119126812288228,0.2162419673199145,-0.21520842617555477,0.1822378686191031,-0.15968140045091672,0.13995609767512257,0.20638478343476513,-0.2191618147921307,0.21946850128390652,-0.21434386628270552,0.2116949061380257,-0.19405381533745555,0.19639587957255097,-0.11510061586511888,0.11067085609925548,-0.04208925919979617,-0.18625569862855595,0.21146599277955624,-0.2107832530605621,0.21064422284953366,-0.18718070301525183,0.1785887175534593,-0.12065894226458036,0.09494262528260576,-0.030377552018220788,0.0327582292652233,0.10003192546390105,0.09972564268077215,0.19595777340215692,0.09910898081807529,0.17526193484675848,0.0991403633046408,0.11180647359395904,0.09894663116122641,0.008496156714960746,0.09982924109637782
-0.10058206981440507,-0.10176420925119326,0.19900924671954465,-0.10158265026993514,0.21767228867150187,-0.10168697685374367,0.202884098925552,-0.10189846358045977,-0.04829754305608871,-0.10128597816384798,-0.19385344320425446,0.20694609956949822,-0.2086307172234678,0.21190656111504177,-0.23591285130108972,0.25000000000000017,-0.21911655541070385,0.18261196904464877,0.01872918301081274,-0.04065356168621168,0.18473463212064511,-0.20685224323116516,0.2083761816741892,-0.21073763732297426,0.21177175923247812,-0.22207955174139504,0.22044424633613416,-0.19046506329195514,0.1676088934985032,-0.14789739368158228,-0.19644597921290252,0.20810854740929216,-0.2083110621717248,0.2072818867465271,-0.2114419023017824,0.19415345057952207,-0.19649764445809634,0.11520338520340107,-0.11170293725997041,0.04262631468123034,0.17902908232708992,-0.20364968930528388,0.20317169555797182,-0.20310303116764475,0.1830240336213883,-0.17829635582221517,0.12073092562840458,-0.0954943759070649,0.03388708555862422,-0.0364094745162285,-0.1014754521489916,-0.10118738085716308,-0.18869797463865842,-0.10057219890450889,-0.1712571029280729,-0.10060121625721544,-0.11187563774733386,-0.10040730635167712,-0.011970232998230395,-0.10128990388285232
0.12887792562092928,0.12986562976964836,-0.17298389299495354,0.12980484594389874,-0.19145170608539255,0.12993291909001495,-0.22870543059212892,0.13017085731484446,0.03163950236195114,0.1295819733395456,0.1692034436134307,-0.17739317771618654,0.1790912333193025,-0.18235915991258655,0.2078578566601321,-0.21911655541070385,0.2500000000000003,-0.20167314153806679,0.0003902844704623472,0.03018050933131282,-0.15535423535943482,0.17729521287545444,-0.17891858281540046,0.18119890859029042,-0.18358307810780017,0.1943026081185412,-0.1926379751113844,0.19467429896000288,-0.1712643329498039,0.1669512163791873,0.17406255568830273,-0.17863627871995197,0.17880502877451937,-0.1783726557812829,0.1832174087304645,-0.1660693405491469,0.16830449455770902,-0.08703118336072757,0.0912249736423315,-0.019795196383652135,-0.15054624607936998,0.17467772408316373,-0.1741441522167033,0.17405828256331043,-0.15438495253938733,0.1501623030110685,-0.09401799540489567,0.07178021477367058,-0.037748087430151595,0.04589190883128832,0.12966070545804514,0.12948331598931295,0.16122756545585273,0.12886859537047188,0.14480178710202357,0.1288971529474335,0.08636338286003681,0.12870294675616836,0.017823315552450137,0.12958590183516006
-0.1269508929653426,-0.12776641162728905,0.14361153774921898,-0.12776570074294744,0.15852613940773172,-0.12794932790298177,0.1841304486578019,-0.1282012096980278,0.010685975080434796,-0.12757858833538194,-0.13978664456189685,0.14498434798484253,-0.14668260111542722,0.14994653412939793,-0.17161051527667057,0.18261196904464877,-0.20167314153806679,0.25000000000000067,-0.04703743305269809,0.010766966525242387,0.12692676031780786,-0.14577531058206042,0.14745336878846432,-0.1496733104565341,0.16212309985227535,-0.17272701711324887,0.17118440081493358,-0.21659711036058485,0.1947745819292188,-0.18623012707608194,-0.14683574436890248,0.14765278427039283,-0.14774440419466062,0.15146719646808157,-0.16164538107379,0.14601229499337245,-0.14804762780546646,0.07331011993383169,-0.08754675333696858,0.018216739505842613,0.12564306440150497,-0.14725590165615032,0.14697580566022628,-0.14697262835608266,0.1322028898254389,-0.13091035599685744,0.07962967979278669,-0.060618478841423795,0.040795292266116244,-0.05029448905545424,-0.1276092021797413,-0.1274880609359648,-0.13573501840994984,-0.12692070754629506,-0.12400764574506781,-0.12694442844576304,-0.07281493310949873,-0.12676424096187117,-0.022684243288693652,-0.12758192014261466
-0.040054508938520535,-0.04016253582709846,0.052952650890509274,-0.040139737130193184,0.02701828735311935,-0.03991707834171283,0.007673380989679687,-0.039665299607194386,-0.21220613972785374,-0.04027849544706874,-0.05725074985597771,0.057337440199605995,-0.05569286377379586,0.05244423934788233,-0.030030624594385977,0.01872918301081274,0.0003902844704623472,-0.04703743305269809,0.25000000000000033,-0.20653815073375378,0.04692340304373674,-0.054230850818395925,0.05244220709735382,-0.050926130929021436,0.038111824333453136,-0.02775725222831857,0.02872739059381755,0.01794512499319191,-0.0325456166057419,0.042763187260797475,-0.048432988419875034,0.05148744255000749,-0.05146928588027122,0.04695286015055425,-0.038302918394974295,0.032460705498761566,-0.0330304590692789,0.0037524306769402774,0.006774910122722105,-0.018671902804434086,0.04006684546521346,-0.0469914685482434,0.04650757021565943,-0.046360451747946514,0.03695959653212165,-0.02855496044312778,0.011774351277768413,-0.0022623624696416784,-0.002240855722034642,-0.0013078258960507127,-0.040290343408575964,-0.040255471830295826,-0.04319672457571268,-0.04010749519929324,-0.03519981555649916,-0.040123529647358915,-0.010494552908309666,-0.04008185799773806,0.005439462100778436,-0.040282008511834076
0.08317028412779393,0.08327811877787315,-0.055710774259035103,0.08332588335169012,-0.042183166793513735,0.08312631982737388,-0.03632694987767729,0.08288235854531015,0.18516362350376814,0.08349989994860131,0.060609936505917686,-0.05809945480056652,0.05706082910895313,-0.055121673074882145,0.04778778089135759,-0.04065356168621168,0.03018050933131282,0.010766966525242387,-0.20653815073375378,0.25000000000000067,-0.044804698815523146,0.055374265274086336,-0.05424945630773847,0.05335435486312421,-0.041120332178512645,0.03456140996375235,-0.035012564257264844,0.0036870347235666992,0.014842966374138391,-0.017085859152579062,0.05514441019364183,-0.05328440619009228,0.05324444224281453,-0.04865901587089496,0.04121504397558,-0.03306956653314998,0.03387485713761142,0.007467538361747481,-0.01383684657156551,0.03720374168998281,-0.038144865106693696,0.04823127521970348,-0.04757990616264058,0.047389750698338944,-0.035028159407816464,0.026856432550315917,-0.0030839362606689983,-0.007353453903729287,-0.005633183580343906,0.014979830651822153,0.08342870754946631,0.0834618145497348,0.043696442225539055,0.08322526733646828,0.03374075207315762,0.08324555197752827,0.0017341090369602035,0.08317574783564478,0.001321337693440129,0.08350339357120722
-0.04432679988844803,-0.04551500753094608,0.20934386167794714,-0.045250594838589474,0.18206898260396792,-0.04534217567612778,0.143634177557343,-0.04553449727917072,-0.06421124364281662,-0.044922134607546196,-0.20395366346296304,0.22138288277119703,-0.22017264525483216,0.22062081854706786,-0.19487604062749256,0.18473463212064511,-0.15535423535943482,0.12692676031780786,0.04692340304373674,-0.044804698815523146,0.2500000000000007,-0.22637266905680448,0.22434631785949424,-0.22229240668886904,0.2122030647975466,-0.20131618310431093,0.202168423505098,-0.1498511365193791,0.13136664623319158,-0.10072462809924049,-0.20382668946924035,0.22417163237219498,-0.22446229576182083,0.22051711633159415,-0.21255488192625846,0.19637693297112557,-0.19847675518728247,0.1293626581673159,-0.11988173117387779,0.0646111110268576,0.19604524094974102,-0.21792739703482344,0.21748981452408303,-0.21741828344247924,0.19796684135801784,-0.1832124347478353,0.1322235414547589,-0.10671297814874817,0.018725260504762812,-0.01385543130025086,-0.04524828587440804,-0.04483816590733664,-0.20287237953580456,-0.04431572521608871,-0.18500001420698076,-0.04434246433617593,-0.12319178765635246,-0.04417894391358836,0.0023915118933342033,-0.04492549138126572
0.06780679401709387,0.06909808256257925,-0.23221242009114693,0.06883895385607408,-0.20332260462845342,0.06893085222681804,-0.16458701634421746,0.0691201576836685,0.07352320863406307,0.0685102831004854,0.226760653032272,-0.24459180227142352,0.24353841099588158,-0.2441666899348068,0.21842598952838568,-0.20685224323116516,0.17729521287545444,-0.14577531058206042,-0.054230850818395925,0.055374265274086336,-0.22637266905680448,0.2500000000000006,-0.24756549619704155,0.2457299135232174,-0.2325291631278841,0.22169859084462804,-0.22244201229860336,0.17031423807632093,-0.1488357207201177,0.11959981766355798,0.22604437054516885,-0.2460178117354987,0.24634698759763637,-0.2410730650894927,0.23269877516036133,-0.21422723522854042,0.21661618204545996,-0.13629200586764176,0.1273381023757017,-0.062168786094020836,-0.21293246688574158,0.23822931292909622,-0.23763066877455663,0.23751706499801772,-0.21427871639667015,0.19900167674874156,-0.14047596482553767,0.11229698209957663,-0.0237725927744126,0.021017245471044388,0.06882881544949611,0.0684124238232124,0.22145361328136776,0.06780512419187329,0.20039808829366912,0.06783652450894313,0.13063536312052068,0.06764633181138521,0.00034667179534061986,0.06851423537735707
-0.06981887389809346,-0.07110938264508702,0.231798142417856,-0.0708528785728709,0.2047109116772313,-0.07094471626220888,0.16609858614629422,-0.07113337078026621,-0.07208870740856534,-0.07052562242582086,-0.22498699062823377,0.24252630960314212,-0.24319412129010454,0.24547381529434512,-0.21992654117879434,0.2083761816741892,-0.17891858281540046,0.14745336878846432,0.05244220709735382,-0.05424945630773847,0.22434631785949424,-0.24756549619704155,0.2500000000000006,-0.24725424314749128,0.23405491079067345,-0.22321146816628662,0.22395677369997333,-0.17195323279755054,0.15047506844372757,-0.121356650856592,-0.22780781602153202,0.24775305592766675,-0.2480823071283068,0.24280177056813357,-0.23425198611747355,0.21556192904270086,-0.2179743251464416,0.13684888055039712,-0.1279720572463641,0.06189516097503292,0.21433170706722138,-0.23991559724592718,0.23930812078335753,-0.23919260665943398,0.21573140184393644,-0.20014653490407677,0.14102498681209738,-0.11272362373115247,0.024248642928075027,-0.021685366939337373,-0.07084333584681327,-0.07042646944355654,-0.22299835619859562,-0.06981131516576324,-0.2017666875435068,-0.06984291648484023,-0.13110892921126102,-0.06965013353704175,-0.0005937554722380378,-0.0705295731701888
0.07166053308090571,0.07295559487428838,-0.2322170853453366,0.07270022798554418,-0.20670472986850638,0.07279270411502763,-0.16821200191237343,0.07298230399659675,0.07103909723016778,0.07237235990570395,0.2246229333132082,-0.2420261627474013,0.24368755928563476,-0.24696477091492613,0.2220812527058737,-0.21073763732297426,0.18119890859029042,-0.1496733104565341,-0.050926130929021436,0.05335435486312421,-0.22229240668886904,0.2457299135232174,-0.24725424314749128,0.25000000000000044,-0.2365752593702424,0.22569022636609615,-0.2264420905932118,0.17425790644213449,-0.15279580706909776,0.12353636973520261,0.2270151395506735,-0.24655766345524732,0.2468870824377796,-0.241632882120631,0.23624532124275674,-0.2180363928886816,0.22046649378475927,-0.13919819914727577,0.13028782029028285,-0.06354426291136003,-0.21312000086292512,0.23873156851185331,-0.2381250373201165,0.23801053848695355,-0.214531023517741,0.20258071885788076,-0.14334016519098408,0.1149885949303344,-0.02617581802560302,0.023575458723782958,0.07268457654064889,0.07227296150312543,0.22184776334939238,0.07165630836769604,0.2005820380457422,0.07168788841081986,0.1333886928283648,0.07149454325942012,0.0024458806802432685,0.07237632446961424
-0.06265109740846188,-0.06389377103401102,0.21934839508179024,-0.0636418375071852,0.19940538200957708,-0.06373454309393634,0.1694191230361903,-0.06394493710807322,-0.05891632739945333,-0.0633156249362815,-0.2118575379363226,0.22889125743539251,-0.23055882496264354,0.23385240957261588,-0.2119126812288228,0.21177175923247812,-0.18358307810780017,0.16212309985227535,0.038111824333453136,-0.041120332178512645,0.2122030647975466,-0.2325291631278841,0.23405491079067345,-0.2365752593702424,0.25000000000000056,-0.23806090688708978,0.23901079424778224,-0.1868684493590997,0.16543600794888882,-0.13273375858174558,-0.21434454811055575,0.23445960399300098,-0.23457290355667176,0.23808185444927243,-0.2479930275486063,0.2305943455992856,-0.23307469871443864,0.15193080346368634,-0.1430263742523049,0.07585224637722716,0.20907083202830085,-0.2335505099079998,0.23342147103464297,-0.23347038783847254,0.21730388300438372,-0.2143207127944061,0.15531976260666286,-0.12677393622238553,0.032827041830432974,-0.028147197162097303,-0.06363692959483185,-0.06321853227106466,-0.21727357986801185,-0.06260603067569621,-0.20276301308672026,-0.06263255347118266,-0.14484561201444182,-0.062439281966249094,-0.008165418516937584,-0.06331932113265316
0.07342691558756835,0.07463551982012889,-0.20988336428973656,0.07440972068165966,-0.20271797242211723,0.07450728776835412,-0.1795866145058968,0.0747227575154867,0.052069084483326464,0.07409372073357678,0.2031566143978627,-0.21876766950730264,0.22043753237286828,-0.22371892145915992,0.2162419673199145,-0.22207955174139504,0.1943026081185412,-0.17272701711324887,-0.02775725222831857,0.03456140996375235,-0.20131618310431093,0.22169859084462804,-0.22321146816628662,0.22569022636609615,-0.23806090688708978,0.2500000000000006,-0.24706421007233897,0.19725822219364914,-0.175549407657158,0.14336132402666693,0.20628292808380522,-0.22356631023114837,0.22368262041926973,-0.22714339489937851,0.2375741266719315,-0.2203891459762908,0.22282994404588669,-0.14177912950100705,0.13576162258228136,-0.06766839857529529,-0.1983315542417572,0.2226354679478687,-0.22247635133967322,0.22251592187535954,-0.20629658978377796,0.20413885990635783,-0.14570244761788445,0.11827082422457556,-0.034468938886325975,0.031873305281571625,0.07437313190196616,0.07399662781951889,0.20691737894469361,0.07338480081695775,0.19258445716499992,0.07341126742825782,0.1356825846011286,0.07321806865898918,0.010570320187164901,0.07409741575329894
-0.07161784523696058,-0.07282821024190018,0.21048254461269988,-0.0725992064830501,0.20186583750186288,-0.0726962522037773,0.17799816308984734,-0.07291140096120581,-0.052599650380464005,-0.07228193515963019,-0.20366270024539415,0.21943363429341953,-0.22110365766628762,0.22438253820602103,-0.21520842617555477,0.22044424633613416,-0.1926379751113844,0.17118440081493358,0.02872739059381755,-0.035012564257264844,0.202168423505098,-0.22244201229860336,0.22395677369997333,-0.2264420905932118,0.23901079424778224,-0.24706421007233897,0.25000000000000033,-0.1959039254184975,0.17427280224250902,-0.14171767043872457,-0.2067001557916668,0.22432665740587204,-0.22444075327284424,0.22797775240896856,-0.23855683579351677,0.22231856115164683,-0.22476788534469871,0.14366385386255873,-0.13727858179940866,0.06927969254194943,0.1992509807858186,-0.22350747908850432,0.22336050511323996,-0.2234047798617359,0.20773964490176366,-0.20598809815097624,0.1474900605201031,-0.1199161249362425,0.03467193015686829,-0.03170841902807206,-0.0725665823367194,-0.07218499634167266,-0.20774494305448069,-0.07157326659931282,-0.19389532147162958,-0.07159938066630994,-0.13738477517425263,-0.07140614520847656,-0.010625943326746068,-0.07228561653576132
0.12540701042158184,0.12632595513603534,-0.1659798901591139,0.1262872289540025,-0.16907872228511656,0.12646469735260282,-0.17903363119215646,0.1267017960475085,0.011198764992152938,0.1260851892375886,0.16138243311077397,-0.1685069655039775,0.17020194283928497,-0.1734738365442791,0.1822378686191031,-0.19046506329195514,0.19467429896000288,-0.21659711036058485,0.01794512499319191,0.0036870347235666992,-0.1498511365193791,0.17031423807632093,-0.17195323279755054,0.17425790644213449,-0.1868684493590997,0.19725822219364914,-0.1959039254184975,0.2500000000000004,-0.22461144759699825,0.1946287564125892,0.16828953643702577,-0.17213049274667866,0.17224840441710276,-0.17596006702543343,0.1863760790443774,-0.1693503282675756,0.1715967329807965,-0.0903771509968203,0.10642208830784451,-0.0314523074758042,-0.14785518499468997,0.17143732870496664,-0.17115961863071008,0.17116487955663967,-0.1549461249711727,0.15303152909884132,-0.09676579655269145,0.07484154502775232,-0.04309114025727326,0.0512960646280251,0.12616497697169737,0.12598757218230758,0.15835171195249967,0.12537474149356367,0.14519348401671345,0.12540093038555025,0.08890521127293165,0.12520671143411882,0.022696152380838105,0.1260889522638381
-0.10452093349834805,-0.10534186525369112,0.14494540825975347,-0.1052990330389172,0.14858276839583878,-0.10547753374585185,0.15761515534188428,-0.10571065910814563,0.005160344303290075,-0.1051011508757693,-0.14024158962139008,0.14698200959467958,-0.14867353155560267,0.15188528484432637,-0.15968140045091672,0.1676088934985032,-0.1712643329498039,0.1947745819292188,-0.0325456166057419,0.014842966374138391,0.13136664623319158,-0.1488357207201177,0.15047506844372757,-0.15279580706909776,0.16543600794888882,-0.175549407657158,0.17427280224250902,-0.22461144759699825,0.2500000000000005,-0.20554743365201641,-0.14688464642901747,0.1506607836239693,-0.15077056745551062,0.15449202108393634,-0.16490205302916905,0.15236214765761757,-0.154230924301219,0.11140281452950167,-0.12784810938618427,0.05274421778571163,0.13007505481815337,-0.15033318101684795,0.1501753358239813,-0.15020741416138286,0.13855955533216552,-0.13873738323104823,0.09823422564272538,-0.09229249289978499,0.054324850285133945,-0.058985241777768094,-0.10518189327445401,-0.1050110428969534,-0.1388443996202567,-0.1044290924661397,-0.12889069102154888,-0.10443057765158595,-0.09022915973624943,-0.10423086513521891,-0.032288358971885325,-0.10510421594154269
0.14866348613123032,0.14929807602405962,-0.12035430741599293,0.1493920799086112,-0.12841170961222653,0.1495955650914745,-0.15918688004313675,0.14981588394561757,-0.015451345240884918,0.14928447516943194,0.1178171906977216,-0.11853660643093421,0.12024368113968724,-0.12347905017159339,0.13995609767512257,-0.14789739368158228,0.1669512163791873,-0.18623012707608194,0.042763187260797475,-0.017085859152579062,-0.10072462809924049,0.11959981766355798,-0.121356650856592,0.12353636973520261,-0.13273375858174558,0.14336132402666693,-0.14171767043872457,0.1946287564125892,-0.20554743365201641,0.2500000000000005,0.12671674777425218,-0.1212875372337988,0.12138560818954518,-0.12382421698754141,0.13222888365828894,-0.11809005523737712,0.11990833364536889,-0.06711999033225939,0.08357167632032622,-0.008492813989117914,-0.09910385242479255,0.11988198174412631,-0.11948780037442394,0.11944164998581437,-0.10513644962268968,0.10394013434271118,-0.061380838470086414,0.05495957724402477,-0.05245423448379773,0.0651362788863605,0.14922026241432454,0.14919178850475162,0.10974654976363733,0.148601814577621,0.09839225789179537,0.14861049513150898,0.0551129946132593,0.14841201296270418,0.03377060406741784,0.14928779540801898
0.09030600681819029,0.09146158607014883,-0.21336825448026642,0.09127334461000486,-0.19130767532868734,0.09135168034863349,-0.16244297008491215,0.09150143948696118,0.06724661105979178,0.09101679535868708,0.20765551192266685,-0.22173976819651292,0.22287980207189106,-0.2255927487417647,0.20638478343476513,-0.19644597921290252,0.17406255568830273,-0.14683574436890248,-0.048432988419875034,0.05514441019364183,-0.20382668946924035,0.22604437054516885,-0.22780781602153202,0.2270151395506735,-0.21434454811055575,0.20628292808380522,-0.2067001557916668,0.16828953643702577,-0.14688464642901747,0.12671674777425218,0.2500000000000003,-0.2285201116462948,0.22850529394631852,-0.22326295511263372,0.21463441939145655,-0.19598172150881138,0.19832239602807109,-0.11702430464331642,0.1114030632789309,-0.04412244089354416,-0.1952231563784599,0.22064028456928877,-0.21983073570932773,0.21963744164390925,-0.1960745624460209,0.18052937039279304,-0.12229374946649585,0.09599143910732365,-0.026140717141563654,0.027463854219438602,0.0912572391948803,0.09091718826700936,0.20456271571358414,0.09030039050877461,0.1836281511105482,0.09033194383172707,0.11322129796800125,0.09013836909689878,0.003884490178245465,0.09102075656822324
-0.0688657953844463,-0.07015201948844743,0.2307008461958286,-0.06989516609546373,0.20413222148877377,-0.06998659117719129,0.16575939556601768,-0.07017594167339086,-0.07113491909662258,-0.06956788249348927,-0.22357521437088582,0.24106443868618996,-0.24211460796347284,0.2447454429938277,-0.2191618147921307,0.20810854740929216,-0.17863627871995197,0.14765278427039283,0.05148744255000749,-0.05328440619009228,0.22417163237219498,-0.2460178117354987,0.24775305592766675,-0.24655766345524732,0.23445960399300098,-0.22356631023114837,0.22432665740587204,-0.17213049274667866,0.1506607836239693,-0.1212875372337988,-0.2285201116462948,0.25000000000000033,-0.24946625119710147,0.2444916435265537,-0.23483764707171104,0.21593047052625844,-0.21834619540189798,0.13707658160315303,-0.12816319958112593,0.06209377945775404,0.2161354804784787,-0.24185957927218915,0.2411022516043128,-0.24092514312846103,0.21738152683158404,-0.2004834779797435,0.14119833900239215,-0.11278807259508379,0.023533486751394113,-0.020868132027949127,-0.06989072097123396,-0.06946843923874846,-0.22469706254189625,-0.06885175289685493,-0.20332526268117324,-0.0688834301968767,-0.1312395047581657,-0.06869017257874395,0.00021363204935195796,-0.06957180270814627
