x1,x2,x3,x4,x5,x6,x7,x8,x9,x10,x11,x12,x13,x14,x15,x16,x17,x18,x19,x20,x21,x22,x23,x24,x25,x26,x27,x28,x29,x30,x31,x32,x33,x34,x35,x36,x37,x38,x39,x40,x41,x42,x43,x44,x45,x46,x47,x48,x49,x50,x51,x52,x53,x54
0.25000000000000006,0.24999839395252954,0.24918810026669402,0.24999828590741852,0.23859531284809887,0.24999816407467285,-0.062224564325674345,0.24999827318414553,0.2499963201234999,0.2494180098708571,0.2499982618967437,0.24995232998015868,-0.0048237422484331185,0.24994281149114145,-0.19142035095043802,0.24999833071184008,0.24999832775596137,-0.24954854805572427,0.24999831783962073,-0.24955955029391536,0.14119471393894192,0.22748908817635335,0.2499982668396324,0.2499982940760782,0.249998341452538,0.2462190559636605,0.22168186400444645,-0.21799893986081711,-0.21686509856909433,0.24770273707115437,-0.19661100273494492,0.2474655265391534,0.0043750511567250076,0.060953630988699825,-0.24116613731585126,-0.1484339853295422,-0.24183383756696256,-0.1548994432366407,-0.15435918410535746,-0.2442645883339904,0.19232261459927355,-0.22679389560729493,-0.23563808308207915,-0.1830899014126182,-0.24169347047515044,-0.22565919579919363,0.24975381270815722,-0.1411949408333647,0.19234409124367172,-0.2489954439977273,-0.18510385636169438,-0.22118562899041694,0.2498745183172269,-0.21128004767023006
0.24999839395252954,0.25000000000000006,0.2491895865447754,0.249999777017838,0.23859673594568429,0.24999965518436565,-0.06222493546300382,0.24999976429448922,0.24999781122219453,0.24941949752023038,0.2499997530070201,0.24995382081647483,-0.0048237710195596605,0.24994430227068476,-0.19142149267378522,0.24999982182252684,0.24999981886663059,-0.24955003648369023,0.24999980895023066,-0.24956103878750385,0.14119555609235257,0.22749044503105534,0.24999975794993815,0.24999978518654645,0.2499998325632887,0.24622052453292878,0.2216831862220608,-0.21800024011169478,-0.2168663920571953,0.2477042144898129,-0.19661217541784431,0.24746700254297374,0.004375077251641341,0.06095399454556985,-0.24116757574707418,-0.14843487066146116,-0.24183527998067225,-0.1549003671316705,-0.15436010477802103,-0.24426604524587064,0.19232376170415663,-0.22679524831553277,-0.23563948854131894,-0.1830909934491449,-0.24169491205164315,-0.2256605417395343,0.24975530236042057,-0.1411957829881289,0.192345238476652,-0.24899692912671387,-0.1851049604104198,-0.22118694824824647,0.24987600868943682,-0.21128130784639237
0.24918810026669402,0.2491895865447754,0.2500000000000001,0.24918947908445202,0.2377900017366571,0.24918936039389716,-0.061418900150733986,0.24918946588866023,0.24918752158818283,0.2486111864923438,0.24918945652206118,0.249143533023533,-0.004027061455687744,0.24913401372188151,-0.19061382919644748,0.24918952354075335,0.24918952053993113,-0.24874081241427265,0.24918951070607662,-0.24875209434154844,0.14039070747338483,0.22668215749698367,0.24918945952438207,0.24918948700330926,0.24918953439750222,0.24547663969975017,0.2209419214025758,-0.21729665519267827,-0.21616550520508135,0.24689991670212008,-0.19598149993926492,0.24665751456290277,0.003572724971173091,0.060148816195294705,-0.24038606285203962,-0.14797182103871914,-0.24105144454364183,-0.15568431014179754,-0.15425112899079593,-0.24347277174554638,0.19151480761203032,-0.2259871633422602,-0.23490892408017158,-0.1824955416530707,-0.24088527397303647,-0.22500146815789998,0.24894500780101048,-0.1403908267023633,0.1915376683222595,-0.2481897805532419,-0.1845138071170953,-0.2204385507843527,0.24906571300844924,-0.21061284767084482
0.24999828590741852,0.249999777017838,0.24918947908445202,0.25,0.23859663256441818,0.24999954713872788,-0.06222490443439082,0.2499996562487844,0.2499977031773495,0.24941938972143168,0.24999964496133711,0.24995371278973674,-0.004823763751267702,0.2499441942486163,-0.19142140855604578,0.24999971377679883,0.2499997108209035,-0.24954992862884523,0.24999970090450863,-0.24956093093045248,0.1411954927998326,0.22749034623650605,0.24999964990423554,0.24999967714083426,0.24999972451755656,0.24622041901416758,0.2216830911582993,-0.2180001459163747,-0.21686629834561877,0.24770410743530208,-0.19661209047575032,0.24746689554478193,0.004375070142446013,0.06095396403867843,-0.24116747151948248,-0.14843480664346176,-0.24183517546352215,-0.15490030794564896,-0.15436004131418377,-0.24426593966718027,0.1923236772081444,-0.22679514980589444,-0.2356393869763935,-0.18309091431266317,-0.24169480740141427,-0.22566044523969364,0.24975519441497862,-0.1411957196853792,0.19234515398323376,-0.24899682151375696,-0.1851048804658064,-0.2211868524341521,0.24987590069461624,-0.21128121758668222
0.23859531284809887,0.23859673594568429,0.2377900017366571,0.23859663256441818,0.25,0.23859653843672565,-0.05271525416380588,0.23859661875743593,0.23859478495407413,0.2380811462978828,0.23859660886746017,0.23855116855785574,0.004811299645029105,0.23854164897839145,-0.18050609100850792,0.23859667497731224,0.2385966730950601,-0.2381625574051071,0.23859666290153253,-0.23817648629073984,0.13045875253754347,0.21634525910530414,0.2385966131428479,0.2385966407541195,0.23859669446103657,0.2348361821862483,0.21055782621532154,-0.20809189172364886,-0.20699791027395942,0.2364145160499252,-0.18773978810883646,0.23608686757068398,-0.004940300450815875,0.05155796062341487,-0.230169212047247,-0.14187900995263128,-0.23080453987097396,-0.1462974071771178,-0.14933487950167257,-0.2331105836372708,0.1813973530576241,-0.2156882435538727,-0.2248050347686455,-0.17474338123243355,-0.24547653929373228,-0.21552105580093328,0.2383544154253092,-0.13046261754059557,0.18145232896479271,-0.23763792818240412,-0.17669319339180906,-0.2112547614375933,0.23847369141055536,-0.20091854494188224
0.24999816407467285,0.24999965518436565,0.24918936039389716,0.24999954713872788,0.23859653843672565,0.25000000000000017,-0.06222480654837523,0.249999534415361,0.24999758134511488,0.24941926824960306,0.24999952312803025,0.2499535909714888,-0.004823682768752653,0.2499440724383553,-0.19142129441714054,0.24999959194335605,0.24999958898746283,-0.24954980696384158,0.24999957907107695,-0.2495608092938418,0.1411953911262102,0.2274902279109945,0.24999952807079978,0.24999955530741177,0.2499996026841401,0.24622030440294304,0.22168298666082714,-0.2180000400024759,-0.21686619288003398,0.24770398674936459,-0.19661199527947074,0.24746677419102509,0.004374989726492634,0.06095386683945338,-0.24116735400701816,-0.148434736321982,-0.24183505760894006,-0.1549003006980171,-0.1543600052958139,-0.24426582050460552,0.19232356284386556,-0.22679503158800193,-0.23563927207619131,-0.18309082509820876,-0.24169471655641395,-0.22566034241024788,0.249755072614048,-0.14119561791478485,0.1923450398297326,-0.24899670015918227,-0.18510479088601758,-0.2211867429290465,0.24987577888376417,-0.21128112156670267
-0.062224564325674345,-0.06222493546300382,-0.061418900150733986,-0.06222490443439082,-0.05271525416380588,-0.06222480654837523,0.2500000000000001,-0.062224852385962794,-0.06222494397887422,-0.06194390642547155,-0.06222486448576629,-0.06217949306625467,0.1028793304860288,-0.06216961064333481,0.004528307791056665,-0.06222491946309743,-0.06222492100597489,0.06213132475739252,-0.062224912085238074,0.06214308151124109,-0.04011331722307418,-0.060644243717900635,-0.06222492106814749,-0.062224910995343136,-0.062224911795957565,-0.058457810183330725,-0.03397948808726624,0.05468379605997247,0.05437944849774789,-0.061652697544424366,0.048509012058161174,-0.06230559873277934,-0.10270650660859706,-0.2470021421474926,0.059997062309299395,0.041036581776549896,0.06019276643126049,0.006593850371180145,-0.01120021574753983,0.06069682885654695,-0.0056523286169478685,0.059987545800200444,0.05198253409694129,0.04508956809802422,0.054688055264174924,0.05444715737528605,-0.06246709997641858,0.0403868978914115,-0.006835291079499677,0.061950310246952085,0.04566255626583864,0.056008680835600524,-0.06221076083435527,0.02974886584738316
0.24999827318414553,0.24999976429448922,0.24918946588866023,0.2499996562487844,0.23859661875743593,0.249999534415361,-0.062224852385962794,0.24999999999999992,0.24999769045407808,0.2494193770883178,0.24999963223795652,0.24995370007285078,-0.004823765560010952,0.24994418153298403,-0.19142140306061547,0.24999970105345237,0.24999969809755865,-0.24954991592420922,0.24999968818116292,-0.2495609182216547,0.14119548805924817,0.22749033173392647,0.24999963718089374,0.24999966441749055,0.24999971179421643,0.2462204042220533,0.22168307999630915,-0.21800013477835423,-0.21686628726932664,0.24770409479773997,-0.19661208052245158,0.2474668828995609,0.004375072125992243,0.06095394056380914,-0.24116745924787844,-0.14843479869446288,-0.24183516315569797,-0.1549002867793212,-0.15436003174486543,-0.24426592725736965,0.1923236715830578,-0.22679513544656238,-0.23563937317688546,-0.1830909050832965,-0.24169480393811485,-0.22566043133331842,0.24975518166655547,-0.14119571492773084,0.1923451482614583,-0.24899680884215286,-0.1851048709849573,-0.22118684180204146,0.24987588798198648,-0.21128120575597564
0.2499963201234999,0.24999781122219453,0.24918752158818283,0.2499977031773495,0.23859478495407413,0.24999758134511488,-0.06222494397887422,0.24999769045407808,0.2499999999999999,0.24941742822196145,0.2499976791668129,0.24995174725551259,-0.004823892458946336,0.2499422287723793,-0.19141973970554507,0.2499977479816507,0.2499977450257851,-0.2495479663175718,0.24999773510945905,-0.24955896863767976,0.14119434462415725,0.22748855292836445,0.24999768410959478,0.24999771134597976,0.2499977587223467,0.2462184844171025,0.22168129700783865,-0.21799843357091409,-0.21686459465702024,0.24770215973497628,-0.19661054436352096,0.2474649503628826,0.004375202893035876,0.06095401370702797,-0.24116557512261164,-0.14843365502365635,-0.24183327386768874,-0.15489911021325836,-0.15435876331836823,-0.24426401846879653,0.19232200425783244,-0.2267933600385698,-0.23563751595981527,-0.18308947334888323,-0.2416929322461387,-0.22565867845353685,0.24975323122113627,-0.14119457206572805,0.19234348463818898,-0.2489948635235874,-0.18510342499286794,-0.22118511229974305,0.2498739358629907,-0.21127950829859846
0.2494180098708571,0.24941949752023038,0.2486111864923438,0.24941938972143168,0.2380811462978828,0.24941926824960306,-0.06194390642547155,0.2494193770883178,0.24941742822196145,0.24999999999999997,0.24941936578424245,0.24937355465777694,-0.004743351626188474,0.2493640588948996,-0.1909132119326316,0.24941943442323938,0.2494194314752492,-0.2489705363922663,0.24941942158180566,-0.24898154180754964,0.14095072132159606,0.22705560512147463,0.2494193706722057,0.249419397877333,0.24941944516925002,0.2456508570022029,0.2211805469637935,-0.21749521521161486,-0.2163636183166214,0.24712990493536668,-0.1961553697128754,0.24689199049890095,0.004295718638208294,0.060681433701083684,-0.24060772308449827,-0.14809691024478114,-0.24127384698636956,-0.1545624564165572,-0.1540470176485776,-0.2436988386811668,0.1918146013471172,-0.22635594971778503,-0.23509831589918184,-0.18266600743720987,-0.2411595981372213,-0.2251354950582221,0.249175314544004,-0.1409466702011103,0.19183685753594576,-0.24841952743710086,-0.18467538847724072,-0.2206719408370396,0.24929589248020023,-0.21081022185524534
0.2499982618967437,0.2499997530070201,0.24918945652206118,0.24999964496133711,0.23859660886746017,0.24999952312803025,-0.06222486448576629,0.24999963223795652,0.2499976791668129,0.24941936578424245,0.24999999999999997,0.24995368877240934,-0.004823710606308423,0.24994417023154053,-0.19142137578370888,0.2499996897659887,0.24999968681009044,-0.24954990463339569,0.24999967689370034,-0.2495609069565426,0.14119545518863963,0.22749032048154996,0.2499996258934083,0.24999965313002656,0.2499997005067544,0.24622040063502154,0.22168306998597911,-0.2180001251988082,-0.21686627766959138,0.24770408355424078,-0.1966120719920606,0.24746687129252817,0.0043750167203530435,0.060953924023645224,-0.24116744836670942,-0.14843479377642108,-0.2418351522368597,-0.1549003784256548,-0.1543600539868052,-0.24426591609090806,0.1923236444815729,-0.22679512395649673,-0.23563936658932227,-0.18309089657963457,-0.24169478287903784,-0.2256604301631332,0.2497551703852804,-0.14119568205598274,0.19234512139366217,-0.24899679759532686,-0.18510486327063386,-0.22118682898836614,0.24987587666788566,-0.21128120041252402
0.24995232998015868,0.24995382081647483,0.249143533023533,0.24995371278973674,0.23855116855785574,0.2499535909714888,-0.06217949306625467,0.24995370007285078,0.24995174725551259,0.24937355465777694,0.24995368877240934,0.2499999999999999,-0.004778407261376394,0.24989839692896654,-0.19137565857928313,0.24995375758564192,0.24995375463328082,-0.2495040345635451,0.24995374474578194,-0.24951504471399355,0.14115002224057477,0.22744450894279353,0.2499536937146825,0.24995372095919166,0.24995376832792665,0.24617638190214586,0.2217266128951379,-0.21796021493740161,-0.21682653177404687,0.24765847291561782,-0.19657562682698884,0.24742136351412017,0.004329831313298884,0.06090898376279587,-0.2411231476495978,-0.1484084468983578,-0.24179072011979003,-0.15487335996684953,-0.15440430346206518,-0.24422152621587861,0.1922779016328235,-0.22674945236526767,-0.23559448392478066,-0.18305932720389131,-0.24164915956590122,-0.22561658353059305,0.24970923885245677,-0.1411501465089033,0.1922995093153769,-0.24895104278198643,-0.18507081839079953,-0.22114690831124326,0.24982994472347544,-0.2113255507668012
-0.0048237422484331185,-0.0048237710195596605,-0.004027061455687744,-0.004823763751267702,0.004811299645029105,-0.004823682768752653,0.1028793304860288,-0.004823765560010952,-0.004823892458946336,-0.004743351626188474,-0.004823710606308423,-0.004778407261376394,0.24999999999999997,-0.004768785687022589,-0.053052370318780205,-0.004823767245290907,-0.004823772788441016,0.00471975295268588,-0.0048237617301663035,0.004737599187515517,-0.030750353811589224,0.016440775353076312,-0.00482380111527451,-0.004823769473366068,-0.004823754338102461,-0.0010753093128027078,0.0232171718041141,0.0047937541390043635,0.004712015516944871,-0.004767059800499442,0.003218991177872636,-0.0055008033956287046,-0.24770888739867883,-0.1019793335150979,0.004642707264948598,0.008127383593872519,0.0046662342055924745,-0.03079088940317074,-0.0583712751297725,0.004576249807586267,0.05166184253195418,-0.01727246809268451,-0.00321492548849248,0.00287700146025398,-0.002680484024685674,0.0005273131186855601,-0.004867663695626179,0.030514881312285667,0.050523050364640804,0.004754458699860923,0.0029497437003336386,0.005879865536644603,-0.004946473994297999,-0.028636642505207126
0.24994281149114145,0.24994430227068476,0.24913401372188151,0.2499441942486163,0.23854164897839145,0.2499440724383553,-0.06216961064333481,0.24994418153298403,0.2499422287723793,0.2493640588948996,0.24994417023154053,0.24989839692896654,-0.004768785687022589,0.25000000000000006,-0.19136611534207756,0.24994423904196078,0.24994423609035948,-0.2494945286126978,0.24994422620924217,-0.24950554063342542,0.14114051135751024,0.22743495601750813,0.24994417517126902,0.24994420241750248,0.24994424978517393,0.24616739379218158,0.22173698253487514,-0.2179519452842019,-0.21681829583058213,0.24764901874071782,-0.19656806598826676,0.2474119341828882,0.004319894448105212,0.060899169545228386,-0.24111396730544377,-0.14840299261223172,-0.2417815124348119,-0.15486782478513428,-0.15441449689365278,-0.24421233365573725,0.19226835338479867,-0.22673992906797133,-0.23558517315357677,-0.18305281191390457,-0.24163948052411058,-0.22560757849096905,0.24969971976683258,-0.14114061192756072,0.1922899888969994,-0.2489415607489722,-0.18506376170676792,-0.2211386507653913,0.24982042594875595,-0.21133597763272932
-0.19142035095043802,-0.19142149267378522,-0.19061382919644748,-0.19142140855604578,-0.18050609100850792,-0.19142129441714054,0.004528307791056665,-0.19142140306061547,-0.19141973970554507,-0.1909132119326316,-0.19142137578370888,-0.19137565857928313,-0.053052370318780205,-0.19136611534207756,0.2500000000000001,-0.19142144580132112,-0.1914214415613725,0.1912313264451974,-0.19142143362818106,0.19122735067426316,-0.08271993896194267,-0.16893597304840016,-0.19142140965043972,-0.1914214132687951,-0.19142144449988843,-0.18765791297732823,-0.16313390295898353,0.1656117425319582,0.16503110961776596,-0.18954364020549844,0.15066177477989168,-0.1893410247181261,0.05286371975929841,-0.004225890656826435,0.18464844809056002,0.10374151410064207,0.18516996623141427,0.10995798120773502,0.10151089303191867,0.187124318733213,-0.24803360472467,0.16996547649352728,0.17855254546088253,0.1400918302362816,0.18350709968055037,0.17321984778707306,-0.19117843030412948,0.08330440356672464,-0.24611047404233607,0.19063845080269784,0.14162902358322887,0.1703391703589992,-0.19129823550688624,0.1528858664729117
0.24999833071184008,0.24999982182252684,0.24918952354075335,0.24999971377679883,0.23859667497731224,0.24999959194335605,-0.06222491946309743,0.24999970105345237,0.2499977479816507,0.24941943442323938,0.2499996897659887,0.24995375758564192,-0.004823767245290907,0.24994423904196078,-0.19142144580132112,0.25,0.24999975562558063,-0.24954997335990983,0.2499997457091833,-0.24956097566283705,0.14119552178971073,0.2274903871680196,0.24999969470890315,0.24999972194550527,0.24999976932223528,0.24622046225763633,0.22168312940638402,-0.21800018494733303,-0.21686633718302895,0.2477041518307641,-0.19661212570200054,0.2474669399346054,0.00437507361562736,0.06095397891533387,-0.24116751474017212,-0.14843483296480953,-0.24183521880496006,-0.15490032820068342,-0.15436006540734099,-0.24426598345211809,0.19232371456317543,-0.2267951906555513,-0.23563942921058723,-0.18309094711706228,-0.24169485051194886,-0.22566048476759448,0.24975523917848674,-0.14119574869421864,0.19234519130435423,-0.24899686613913338,-0.1851049136061626,-0.22118689225349866,0.24987594547745107,-0.21128125367636333
0.24999832775596137,0.24999981886663059,0.24918952053993113,0.2499997108209035,0.2385966730950601,0.24999958898746283,-0.06222492100597489,0.24999969809755865,0.2499977450257851,0.2494194314752492,0.24999968681009044,0.24995375463328082,-0.004823772788441016,0.24994423609035948,-0.1914214415613725,0.24999975562558063,0.25,-0.24954997040551113,0.24999974275328835,-0.24956097270650027,0.14119551830038513,0.22749038434713942,0.24999969175300954,0.24999971898961001,0.2499997663663397,0.24622045929135833,0.2216831283908496,-0.2180001823904445,-0.21686633463695976,0.24770414889715023,-0.1966121233415781,0.24746693702943537,0.004375079138223232,0.060953980413402366,-0.24116751188852403,-0.14843483139363806,-0.24183521594559865,-0.15490032508421528,-0.15436006375226213,-0.24426598057352653,0.19232371036403015,-0.2267951878161367,-0.23563942590457382,-0.18309094499163445,-0.24169484830295418,-0.22566048189680687,0.24975523622992232,-0.14119574520133335,0.1923451871416242,-0.2489968631934961,-0.18510491138068327,-0.22118688974547146,0.24987594252666806,-0.21128125264631462
-0.24954854805572427,-0.24955003648369023,-0.24874081241427265,-0.24954992862884523,-0.2381625574051071,-0.24954980696384158,0.06213132475739252,-0.24954991592420922,-0.2495479663175718,-0.2489705363922663,-0.24954990463339569,-0.2495040345635451,0.00471975295268588,-0.2494945286126978,0.1912313264451974,-0.24954997335990983,-0.24954997040551113,0.25000000000000006,-0.24954996050691924,0.24911224155856299,-0.14089959619300962,-0.22707677045128383,-0.2495499096211112,-0.24954993678187973,-0.2495499840634997,-0.24577584397743174,-0.22127279329186877,0.21760597568896187,0.2164746248769606,-0.24725830077572256,0.19625851250074944,-0.24702165804028867,-0.0042734563173708676,-0.060864432902830196,0.24073359252798038,0.14815289050242456,0.2414001227515316,0.1546010918148217,0.15404831587838963,0.2438266583212608,-0.1921290503088096,0.22638529790470194,0.23521117425760724,0.1827613701296838,0.24125644044871974,0.22525549847795676,-0.24930592817386085,0.14090092306253688,-0.19214776022921526,0.24854885506514154,0.1847716888122601,0.2207905859657726,-0.24942631772861662,0.21088626008410688
0.24999831783962073,0.24999980895023066,0.24918951070607662,0.24999970090450863,0.23859666290153253,0.24999957907107695,-0.062224912085238074,0.24999968818116292,0.24999773510945905,0.24941942158180566,0.24999967689370034,0.24995374474578194,-0.0048237617301663035,0.24994422620924217,-0.19142143362818106,0.2499997457091833,0.24999974275328835,-0.24954996050691924,0.2499999999999999,-0.24956096281181273,0.1411955092854047,0.22749037418359544,0.249999681836612,0.24999970907321445,0.24999975644994332,0.2462204509215651,0.22168313405510254,-0.21800017374996053,-0.21686632603751663,0.2477041390597183,-0.1966121154912521,0.2474669271881754,0.004375068089681123,0.060953971603682156,-0.24116750232387268,-0.14843482552282036,-0.24183520635305306,-0.15490032150625724,-0.15436007090053724,-0.24426597095239883,0.19232370237596474,-0.22679517771208244,-0.23563941653753312,-0.18309093804710128,-0.24169483815650772,-0.22566047388053634,0.24975522631320737,-0.14119573617097855,0.192345179146274,-0.24899685331463065,-0.18510490405861516,-0.22118688095326525,0.24987593260880478,-0.2112812588304744
-0.24955955029391536,-0.24956103878750385,-0.24875209434154844,-0.24956093093045248,-0.23817648629073984,-0.2495608092938418,0.06214308151124109,-0.2495609182216547,-0.24955896863767976,-0.24898154180754964,-0.2495609069565426,-0.24951504471399355,0.004737599187515517,-0.24950554063342542,0.19122735067426316,-0.24956097566283705,-0.24956097270650027,0.24911224155856299,-0.24956096281181273,0.2499999999999999,-0.14092410424437338,-0.22708064684822798,-0.24956091191105925,-0.24956093908177407,-0.2495609863675379,-0.24578747691318176,-0.22128813668928277,0.21761573595912112,0.21648429517652973,-0.24726925724187246,0.19626722319461623,-0.24703247804748207,-0.004290742391891613,-0.0608747675309374,0.24074420803631427,0.1481605885090999,0.24141076573731718,0.1546099939480144,0.15406213922581002,0.24383740521176203,-0.19212518167249104,0.22638893560644854,0.23522128884842075,0.18276955047196125,0.24126926180206054,0.22526672991899085,-0.24931687311566558,0.14092516701195046,-0.19214410258552364,0.2485598457784459,0.18478000901388109,0.22079999824786395,-0.24943731038981787,0.21090136572406437
0.14119471393894192,0.14119555609235257,0.14039070747338483,0.1411954927998326,0.13045875253754347,0.1411953911262102,-0.04011331722307418,0.14119548805924817,0.14119434462415725,0.14095072132159606,0.14119545518863963,0.14115002224057477,-0.030750353811589224,0.14114051135751024,-0.08271993896194267,0.14119552178971073,0.14119551830038513,-0.14089959619300962,0.1411955092854047,-0.14092410424437338,0.24999999999999994,0.1341295730660182,0.14119548067173052,0.1411955001144001,0.14119552397975085,0.13744249976703585,0.11305356177740733,-0.1234766748339911,-0.12274479323817537,0.14005640249162285,-0.11089886954748839,0.1399924084956582,0.030154211303009156,0.0399146169443627,-0.13620997420808303,-0.08638844491594384,-0.13658433015253152,-0.08352307669315243,-0.07498770481899954,-0.13788025288299752,0.08353002078443339,-0.1332022307983892,-0.13266556420792708,-0.10310463160550198,-0.13320041515929457,-0.12445363974487023,0.14102383660265386,-0.2481352920183607,0.08450015408034645,-0.14070768357922997,-0.10437824947465962,-0.1252166043392785,0.14119379276933255,-0.10880843014062443
0.22748908817635335,0.22749044503105534,0.22668215749698367,0.22749034623650605,0.21634525910530414,0.2274902279109945,-0.060644243717900635,0.22749033173392647,0.22748855292836445,0.22705560512147463,0.22749032048154996,0.22744450894279353,0.016440775353076312,0.22743495601750813,-0.16893597304840016,0.2274903871680196,0.22749038434713942,-0.22707677045128383,0.22749037418359544,-0.22708064684822798,0.1341295730660182,0.25,0.2274903240382976,0.22749035428346617,0.22749039867679924,0.22371947430206787,0.19920150034850306,-0.19847019369471128,-0.1974001573302262,0.22552640405370486,-0.17883072371751185,0.2253009910367797,-0.016724128702984713,0.0596666264053768,-0.21945334504855246,-0.13566588667255472,-0.22006096304011713,-0.1428222741687536,-0.14384596328394977,-0.22224367288880023,0.16988526337580326,-0.24836537463209488,-0.2157904457900742,-0.16652653666892506,-0.2193144599421544,-0.20459812675359784,0.2273039847148737,-0.1336963920776238,0.1698406721079481,-0.2266757472969941,-0.16843203297516923,-0.20099957088385714,0.22736728013142354,-0.19230239279226402
0.2499982668396324,0.24999975794993815,0.24918945952438207,0.24999964990423554,0.2385966131428479,0.24999952807079978,-0.06222492106814749,0.24999963718089374,0.24999768410959478,0.2494193706722057,0.2499996258934083,0.2499536937146825,-0.00482380111527451,0.24994417517126902,-0.19142140965043972,0.24999969470890315,0.24999969175300954,-0.2495499096211112,0.249999681836612,-0.24956091191105925,0.14119548067173052,0.2274903240382976,0.24999999999999994,0.24999965807294128,0.24999970544965497,0.24622039799290113,0.22168306615009883,-0.21800012905515675,-0.2168662816393882,0.2477040885050984,-0.19661207531592184,0.24746687686772914,0.004375107600948447,0.060953980656863374,-0.2411674531181083,-0.14843479377692217,-0.2418351570183502,-0.15490027762951802,-0.15436000730626245,-0.24426592105075862,0.192323678034635,-0.22679512792394066,-0.2356393661636593,-0.18309090020198998,-0.2416947879058498,-0.22566042575621972,0.24975517538793582,-0.14119570773217235,0.1923451545815101,-0.2489968025092304,-0.1851048660695364,-0.22118683655400348,0.2498758816581998,-0.21128119112670907
0.2499982940760782,0.24999978518654645,0.24918948700330926,0.24999967714083426,0.2385966407541195,0.24999955530741177,-0.062224910995343136,0.24999966441749055,0.24999771134597976,0.249419397877333,0.24999965313002656,0.24995372095919166,-0.004823769473366068,0.24994420241750248,-0.1914214132687951,0.24999972194550527,0.24999971898961001,-0.24954993678187973,0.24999970907321445,-0.24956093908177407,0.1411955001144001,0.22749035428346617,0.24999965807294128,0.25000000000000006,0.24999973268626302,0.24622042624109114,0.22168309851497267,-0.21800015305678117,-0.21686630544648647,0.24770411553250482,-0.1966120968677151,0.24746690367699278,0.004375075871440662,0.060953970569292366,-0.24116747939906683,-0.14843481164330313,-0.24183518336545307,-0.15490030577010516,-0.15436004440800058,-0.24426594765997245,0.19232368198592384,-0.2267951578027367,-0.23563939448966706,-0.1830909203211949,-0.2416948155858966,-0.22566045160499518,0.24975520258177208,-0.14119572699258237,0.19234515880281097,-0.24899682965076028,-0.18510488646667042,-0.22118685984460754,0.24987590886200706,-0.21128122438774424
0.249998341452538,0.2499998325632887,0.24918953439750222,0.24999972451755656,0.23859669446103657,0.2499996026841401,-0.062224911795957565,0.24999971179421643,0.2499977587223467,0.24941944516925002,0.2499997005067544,0.24995376832792665,-0.004823754338102461,0.24994424978517393,-0.19142144449988843,0.24999976932223528,0.2499997663663397,-0.2495499840634997,0.24999975644994332,-0.2495609863675379,0.14119552397975085,0.22749039867679924,0.24999970544965497,0.24999973268626302,0.25000000000000006,0.24622047343175843,0.2216831407731865,-0.21800019444851101,-0.21686634659832504,0.2477041624968119,-0.19661213422362384,0.2474669504635772,0.004375060736614884,0.06095397114330686,-0.24116752510506317,-0.14843484027466067,-0.2418352291949454,-0.1549003391686998,-0.15436008044080762,-0.24426599392986575,0.19232371344773938,-0.22679520196464795,-0.23563944032108264,-0.18309095502028577,-0.2416948682284527,-0.22566049505199132,0.24975524990203693,-0.14119575083014255,0.19234519034311723,-0.24899687684314317,-0.18510492164743553,-0.22118690146581757,0.24987595620871336,-0.21128126561153268
0.2462190559636605,0.24622052453292878,0.24547663969975017,0.24622041901416758,0.2348361821862483,0.24622030440294304,-0.058457810183330725,0.2462204042220533,0.2462184844171025,0.2456508570022029,0.24622040063502154,0.24617638190214586,-0.0010753093128027078,0.24616739379218158,-0.18765791297732823,0.24622046225763633,0.24622045929135833,-0.24577584397743174,0.2462204509215651,-0.24578747691318176,0.13744249976703585,0.22371947430206787,0.24622039799290113,0.24622042624109114,0.24622047343175843,0.25000000000000006,0.2249815287615764,-0.21471675591666678,-0.21359683237718655,0.2439477791860166,-0.1935294797050547,0.24369291078331348,0.0006120640620446526,0.057198318146860994,-0.237522409303835,-0.14628087809531531,-0.23817934745154834,-0.1586569502420844,-0.1580509634953149,-0.24052451366146432,0.18854720392622654,-0.22302518032381494,-0.2319569166208923,-0.18025372649278784,-0.23792897550546502,-0.22933753298715026,0.24597594723217273,-0.13743058209524367,0.18857643967193807,-0.24523212427247063,-0.18230152291953802,-0.21752841086291863,0.24609665027629085,-0.2148940630586129
0.22168186400444645,0.2216831862220608,0.2209419214025758,0.2216830911582993,0.21055782621532154,0.22168298666082714,-0.03397948808726624,0.22168307999630915,0.22168129700783865,0.2211805469637935,0.22168306998597911,0.2217266128951379,0.0232171718041141,0.22173698253487514,-0.16313390295898353,0.22168312940638402,0.2216831283908496,-0.22127279329186877,0.22168313405510254,-0.22128813668928277,0.11305356177740733,0.19920150034850306,0.22168306615009883,0.22168309851497267,0.2216831407731865,0.2249815287615764,0.2500000000000001,-0.19339754613247698,-0.1923650258971373,0.21958139927537818,-0.17406606402046806,0.21938824875552,-0.023785581160725384,0.03294607595655863,-0.2138566918204637,-0.1322123283677831,-0.21444336021747523,-0.14314216887169268,-0.18236253830401522,-0.21683123568399354,0.1640154473600452,-0.19858752173233904,-0.20796270292523414,-0.1634480076799233,-0.21344745106308433,-0.20483228138685786,0.22143860755149736,-0.11298237299788443,0.16411641310626565,-0.22078943867521092,-0.16411349981506693,-0.1962771797871471,0.22155931774114243,-0.2394112847963001
-0.21799893986081711,-0.21800024011169478,-0.21729665519267827,-0.2180001459163747,-0.20809189172364886,-0.2180000400024759,0.05468379605997247,-0.21800013477835423,-0.21799843357091409,-0.21749521521161486,-0.2180001251988082,-0.21796021493740161,0.0047937541390043635,-0.2179519452842019,0.1656117425319582,-0.21800018494733303,-0.2180001823904445,0.21760597568896187,-0.21800017374996053,0.21761573595912112,-0.1234766748339911,-0.19847019369471128,-0.21800012905515675,-0.21800015305678117,-0.21800019444851101,-0.21471675591666678,-0.19339754613247698,0.25000000000000017,0.18912077824711046,-0.21600016574083883,0.1714449183426377,-0.21579277067440353,-0.004395212230410088,-0.05356793077569782,0.21029860561025196,0.12956173279757593,0.2108806933645382,0.1352141653717349,0.13485593101921053,0.2129990934487239,-0.16641898272415498,0.19784393807506132,0.20550968878857498,0.15965693091361946,0.21078405755886395,0.1967710050528584,-0.21778753705898773,0.12346826954896209,-0.16646155867010257,0.2171260611157874,0.16141359545049702,0.1928610473916446,-0.2178925242424108,0.18436124873549523
-0.21686509856909433,-0.2168663920571953,-0.21616550520508135,-0.21686629834561877,-0.20699791027395942,-0.21686619288003398,0.05437944849774789,-0.21686628726932664,-0.21686459465702024,-0.2163636183166214,-0.21686627766959138,-0.21682653177404687,0.004712015516944871,-0.21681829583058213,0.16503110961776596,-0.21686633718302895,-0.21686633463695976,0.2164746248769606,-0.21686632603751663,0.21648429517652973,-0.12274479323817537,-0.1974001573302262,-0.2168662816393882,-0.21686630544648647,-0.21686634659832504,-0.21359683237718655,-0.1923650258971373,0.18912077824711046,0.25,-0.21487621765156079,0.17055330064298177,-0.21467044924109052,-0.004317319665782781,-0.05327055784403153,0.20920477004330812,0.12886056356436196,0.2097838750134192,0.13446577191341738,0.13407467276133422,0.21189151301977863,-0.16582881141772324,0.19678161784746362,0.20442996713979442,0.15882608023030423,0.2096788968532959,0.19574875732121863,-0.21665475237586151,0.12273883178489206,-0.16586599421051038,0.21599656080941798,0.160573425262032,0.1918618549024181,-0.2167591991767957,0.18336577615593572
0.24770273707115437,0.2477042144898129,0.24689991670212008,0.24770410743530208,0.2364145160499252,0.24770398674936459,-0.061652697544424366,0.24770409479773997,0.24770215973497628,0.24712990493536668,0.24770408355424078,0.24765847291561782,-0.004767059800499442,0.24764901874071782,-0.18954364020549844,0.2477041518307641,0.24770414889715023,-0.24725830077572256,0.2477041390597183,-0.24726925724187246,0.14005640249162285,0.22552640405370486,0.2477040885050984,0.24770411553250482,0.2477041624968119,0.2439477791860166,0.21958139927537818,-0.21600016574083883,-0.21487621765156079,0.2500000000000004,-0.19480671851476344,0.245194769960299,0.00432316463672533,0.06039335403812651,-0.23895302796674667,-0.14708398311077547,-0.23961458241590147,-0.15336950102144561,-0.15291627755233342,-0.24202257239565197,0.1904391500015683,-0.22482880633794441,-0.2334911319277333,-0.18140829242499262,-0.2394738948456928,-0.22357484863624205,0.24746185861391046,-0.1400522125579503,0.19046238446256106,-0.24671115097663543,-0.18340549763193095,-0.2191537950782793,0.24758144847205082,-0.20928199973229944
-0.19661100273494492,-0.19661217541784431,-0.19598149993926492,-0.19661209047575032,-0.18773978810883646,-0.19661199527947074,0.048509012058161174,-0.19661208052245158,-0.19661054436352096,-0.1961553697128754,-0.1966120719920606,-0.19657562682698884,0.003218991177872636,-0.19656806598826676,0.15066177477989168,-0.19661212570200054,-0.1966121233415781,0.19625851250074944,-0.1966121154912521,0.19626722319461623,-0.11089886954748839,-0.17883072371751185,-0.19661207531592184,-0.1966120968677151,-0.19661213422362384,-0.1935294797050547,-0.17406606402046806,0.1714449183426377,0.17055330064298177,-0.19480671851476344,0.2500000000000004,-0.19461645316854465,-0.002875028509705151,-0.04750870801093736,0.18966607877209357,0.11672499031075588,0.1901911293986733,0.12192142245855217,0.1213775806909444,0.1921021057957333,-0.151366228113577,0.17828691443542888,0.18537068879534596,0.14398894810367965,0.1901542488809405,0.17737494617946095,-0.19641930109153413,0.11090218875784727,-0.1513800692419447,0.1958227980435475,0.14558080140587618,0.1739438834554912,-0.19651447157107488,0.1659035386550901
0.2474655265391534,0.24746700254297374,0.24665751456290277,0.24746689554478193,0.23608686757068398,0.24746677419102509,-0.06230559873277934,0.2474668828995609,0.2474649503628826,0.24689199049890095,0.24746687129252817,0.24742136351412017,-0.0055008033956287046,0.2474119341828882,-0.1893410247181261,0.2474669399346054,0.24746693702943537,-0.24702165804028867,0.2474669271881754,-0.24703247804748207,0.1399924084956582,0.2253009910367797,0.24746687686772914,0.24746690367699278,0.2474669504635772,0.24369291078331348,0.21938824875552,-0.21579277067440353,-0.21467044924109052,0.245194769960299,-0.19461645316854465,0.25000000000000033,0.005054704198585226,0.06104657908747636,-0.23872407248374938,-0.14694421878207725,-0.23938511744009144,-0.15312731104343227,-0.1525284221694552,-0.24179156708213456,0.19023842916544897,-0.22461176262438648,-0.2332076909320046,-0.1812354329499249,-0.23917174657630932,-0.2233327184237097,0.24722581275560057,-0.1399921558711768,0.19026328391932154,-0.24647404806067774,-0.18322520968582975,-0.21895925998699484,0.24734470227729505,-0.20907030481771896
0.0043750511567250076,0.004375077251641341,0.003572724971173091,0.004375070142446013,-0.004940300450815875,0.004374989726492634,-0.10270650660859706,0.004375072125992243,0.004375202893035876,0.004295718638208294,0.0043750167203530435,0.004329831313298884,-0.24770888739867883,0.004319894448105212,0.05286371975929841,0.00437507361562736,0.004375079138223232,-0.0042734563173708676,0.004375068089681123,-0.004290742391891613,0.030154211303009156,-0.016724128702984713,0.004375107600948447,0.004375075871440662,0.004375060736614884,0.0006120640620446526,-0.023785581160725384,-0.004395212230410088,-0.004317319665782781,0.00432316463672533,-0.002875028509705151,0.005054704198585226,0.2500000000000003,0.10181511600990567,-0.004209787368795897,-0.007806071888670179,-0.004232194074083833,0.03116279662824033,0.05870004010293738,-0.004139253874117346,-0.05148349714551921,0.017543081464883717,0.0036412764783733988,-0.002547816224776433,0.002880124594860694,-0.00013442259686392196,0.004419713176658399,-0.029922956507298672,-0.05035652188908769,-0.004307075483290687,-0.002619257090115341,-0.005493598798186183,0.004497441991667445,0.029169406248920608
0.060953630988699825,0.06095399454556985,0.060148816195294705,0.06095396403867843,0.05155796062341487,0.06095386683945338,-0.2470021421474926,0.06095394056380914,0.06095401370702797,0.060681433701083684,0.060953924023645224,0.06090898376279587,-0.1019793335150979,0.060899169545228386,-0.004225890656826435,0.06095397891533387,0.060953980413402366,-0.060864432902830196,0.060953971603682156,-0.0608747675309374,0.0399146169443627,0.0596666264053768,0.060953980656863374,0.060953970569292366,0.06095397114330686,0.057198318146860994,0.03294607595655863,-0.05356793077569782,-0.05327055784403153,0.06039335403812651,-0.04750870801093736,0.06104657908747636,0.10181511600990567,0.25000000000000044,-0.058771014090518284,-0.04022079430596699,-0.058963332455607184,-0.005774882560284207,0.011931659718349596,-0.05945553075358817,0.005332013981871627,-0.05899816333180825,-0.05077342879558921,-0.04416061447020721,-0.0535302598747041,-0.05327170034424531,0.06119445031127874,-0.04017345431496234,0.006481238399954656,-0.06068527211327655,-0.04471963742200727,-0.05489395976366966,0.060939755846530545,-0.028764984872691506
-0.24116613731585126,-0.24116757574707418,-0.24038606285203962,-0.24116747151948248,-0.230169212047247,-0.24116735400701816,0.059997062309299395,-0.24116745924787844,-0.24116557512261164,-0.24060772308449827,-0.24116744836670942,-0.2411231476495978,0.004642707264948598,-0.24111396730544377,0.18464844809056002,-0.24116751474017212,-0.24116751188852403,0.24073359252798038,-0.24116750232387268,0.24074420803631427,-0.13620997420808303,-0.21945334504855246,-0.2411674531181083,-0.24116747939906683,-0.24116752510506317,-0.237522409303835,-0.2138566918204637,0.21029860561025196,0.20920477004330812,-0.23895302796674667,0.18966607877209357,-0.23872407248374938,-0.004209787368795897,-0.058771014090518284,0.25000000000000017,0.14319177482628104,0.23329142006692452,0.14943559382632932,0.14891897340750715,0.23563631258993595,-0.18551890260860637,0.21878254304941608,0.2273159855402277,0.1766226428702762,0.23315748878386838,0.21768844056707298,-0.24093159499988398,0.13621006136174862,-0.18553974590455885,0.24020005855734547,0.17856544562858961,0.21337221570817608,-0.2410480752010792,0.20382304138659524
-0.1484339853295422,-0.14843487066146116,-0.14797182103871914,-0.14843480664346176,-0.14187900995263128,-0.148434736321982,0.041036581776549896,-0.14843479869446288,-0.14843365502365635,-0.14809691024478114,-0.14843479377642108,-0.1484084468983578,0.008127383593872519,-0.14840299261223172,0.10374151410064207,-0.14843483296480953,-0.14843483139363806,0.14815289050242456,-0.14843482552282036,0.1481605885090999,-0.08638844491594384,-0.13566588667255472,-0.14843479377692217,-0.14843481164330313,-0.14843484027466067,-0.14628087809531531,-0.1322123283677831,0.12956173279757593,0.12886056356436196,-0.14708398311077547,0.11672499031075588,-0.14694421878207725,-0.007806071888670179,-0.04022079430596699,0.14319177482628104,0.25000000000000017,0.1435872200348335,0.09284360724345696,0.09325581829968267,0.1450209911058273,-0.10444805146731863,0.13510182595693485,0.14009797365929536,0.1087163142314925,0.14365687522067064,0.13394714334405297,-0.1482950786037402,0.08633060337654905,-0.1046453650698015,0.1478413024904103,0.10991431643803047,0.13123059456477382,-0.14836396353156017,0.12626627549345965
