x1,x2,x3,x4,x5,x6,x7,x8,x9,x10,x11,x12,x13,x14,x15,x16,x17,x18,x19,x20,x21,x22,x23,x24,x25,x26,x27,x28,x29,x30,x31,x32,x33,x34,x35,x36,x37,x38,x39,x40,x41,x42,x43,x44,x45,x46,x47,x48,x49,x50,x51,x52,x53,x54,x55,x56,x57,x58,x59,x60
0.2500000000000001,0.07815592005731095,0.056844253011955496,0.10458981826166266,0.018546524991065468,0.043297189365502475,0.05410020529518533,0.06671267500118316,-0.02140637223548431,0.13047056741215526,-0.15304351453044115,0.1525418204928242,-0.15305233142934663,0.1515317140166856,-0.15305234939365872,0.14094159173637327,-0.1415834732782386,0.011249504403974422,-0.0461479094577231,-0.06209105246397028,0.08906182847139726,-0.1530524518700059,0.1314141959778932,-0.15305262320036986,0.13435189282878737,-0.15129605754163564,-0.13563242932182284,-0.013568751451207112,-0.14226136926850483,0.08112002381828458,-0.07164315091946201,-0.08499966424726361,-0.1293187499340175,0.003261759083475292,-0.13168897457546994,-0.15281600054031175,0.13894331834236356,-0.1530525289788225,0.14511049218656621,-0.1496887210539225,-0.13138559958595383,0.09009606386305687,-0.12617073967480447,0.00266058134405657,-0.15303845722961257,0.1525405973634238,-0.15305234487305974,0.1508418098692607,-0.15305240499773431,0.15015766021312327,0.14045979668224046,0.05297831333674152,0.04285407553491585,0.04657095784349333,-0.007134944457823887,0.018351600308186385,0.03265691408490639,0.015703050115152224,-0.0034787442158029343,0.0722784377819949
0.07815592005731095,0.25000000000000006,-0.04152888629067009,0.05223081717777045,-0.01126581067815544,0.017188052675280015,0.0160144965943759,0.029219771197816363,-0.0013335367530524984,0.07206450080233141,-0.08351699314349094,0.083243193467226,-0.0835217945047944,0.08269221231034357,-0.0835218052152222,0.07684673259669095,-0.07719770840193607,0.010718794652692558,-0.030659018415322127,-0.030780052236750566,0.04897868160427822,-0.0835218612302446,0.07257009288686034,-0.08352195481463066,0.07357672405332938,-0.08256069909888492,-0.07353415030571964,-0.012215424681954471,-0.07729442762791536,0.04211367406021638,-0.039466365453356286,-0.045306430020741514,-0.07144293207901721,0.0024052095968556,-0.07213827509375846,-0.08338626337016437,0.07543580855055756,-0.08352190194300581,0.07895198394805972,-0.08158153340371355,-0.07129199658231496,0.04811602343343824,-0.06845667064109938,0.0008009818044864142,-0.08351418160545424,0.08324274044450242,-0.08352180188287393,0.08231575072005995,-0.08352183471790303,0.08185297095758552,0.07645030346199973,0.029054458967988105,0.02304511387926041,0.025363583039973065,-0.003879198409923284,0.009957395371567132,0.017780223709579053,0.008519971637078162,-0.0018609418754589324,0.03943514654719164
0.056844253011955496,-0.04152888629067009,0.2500000000000001,-0.001726441979178562,-0.00017342210960485352,0.02426333355492701,0.008794647101219718,0.02459235305131967,-0.012515194285559507,0.003254400168860289,-0.0014812999715333572,0.0014764839867784797,-0.0014814055621109293,0.0014666227097701176,-0.0014814057318239034,0.0007129262228490887,-0.0007113037599475961,0.002006029911913196,0.0021599469081937527,-0.001596397539492469,0.0018999842353811802,-0.001481407580869747,0.001700057871766633,-0.0014814087338341749,0.0014308593395715964,-0.0013964132621822078,-0.0011155213387532158,-0.0014334884469037706,-0.0012621856079451477,-0.00016265604073594956,-0.0017972585899082155,1.4257999582990018e-6,-0.0016925378425899419,0.00018625799093673458,-0.001435486781341235,-0.0014763438613818736,0.001175824245555348,-0.0014814072478442823,0.0013246706827573264,-0.0014134855952950911,-0.0009398331656347427,8.745405382645934e-5,-0.000983564721525944,-0.00015103606095029365,-0.0014812703140081704,0.0014765849872506395,-0.0014814056508383195,0.0014601756321037066,-0.0014814061831148566,0.001423236717149006,0.0011884112149569343,0.0006233599712366334,0.0001477864341841613,0.000419131570566998,-7.022644953715324e-5,0.00013210459820984412,0.0002902075484645034,0.00011792904639633503,-1.0476791206902315e-5,0.0006863800031926098
0.10458981826166266,0.05223081717777045,-0.001726441979178562,0.25,-0.012090858969637347,0.027299057230222128,0.04721573444606099,0.022641397343891853,0.0037994837528997644,0.06749159620617018,-0.08636177558703359,0.08607862106361894,-0.08636673152615686,0.08550856694098699,-0.08636674141647818,0.0815482563948161,-0.08194672963875622,0.002734137449058388,-0.023981079123157546,-0.0386667323837567,0.046806591096821046,-0.0863667967646893,0.073609713601286,-0.08636689555120311,0.07600019129650659,-0.08560337232004187,-0.07687889778793948,-0.00485159968814186,-0.08098311625447988,0.0505543655051363,-0.036782642069105566,-0.05070784673900792,-0.07241670143341299,0.0022358629446556804,-0.07441204095396578,-0.08623941890337919,0.07869405927681421,-0.0863668435241528,0.08237689819217181,-0.08468642422584208,-0.07523237164787312,0.053481181404332154,-0.0720668690863119,0.0012885793405065377,-0.08635881995889856,0.08607754321119171,-0.08636673893611697,0.08511855728345478,-0.08636677320865661,0.08491878358786982,0.07980966333597467,0.029552184218855686,0.025150526318418517,0.026337059898303955,-0.003998624398378023,0.010524554107855594,0.018498354773484042,0.008967955474407919,-0.0020206972742600284,0.0408459180102341
0.018546524991065468,-0.01126581067815544,-0.00017342210960485352,-0.012090858969637347,0.25000000000000017,0.012203699486922487,0.035713157608578044,-0.0009592076759050484,-0.04294678791834383,0.022936203729926063,-0.027651991815656904,0.027561453807337467,-0.02765361817780991,0.027378911857212116,-0.027653622169071534,0.019423688876948786,-0.01941135460315096,-0.020257731769192943,0.00808553278079982,-0.012286550496132328,0.01774911619119959,-0.027653638156153307,0.020317887104647193,-0.02765366680670636,0.022314604416475092,-0.02663558060748561,-0.026622044867448992,0.018363414338765732,-0.02618272101816064,0.017155220795060894,-0.015083944515556936,-0.016589623267789847,-0.019875455482623525,-0.003364366032257872,-0.022063738504354023,-0.027637170073307415,0.026799473686558776,-0.027653655386097646,0.02655164973057093,-0.027194369115493063,-0.02400216905259561,0.017475411675702414,-0.023562248109136957,0.004251543959317513,-0.027651451776941526,0.02756077118128732,-0.027653621049167052,0.027254191420129432,-0.02765363123735212,0.02725697535932081,0.025489869390304145,0.009346174305794257,0.00801117862679538,0.008518910133536827,-0.0014339864090597838,0.0033451650235673423,0.005990532204883362,0.0029216157578028858,-0.0007327091034028389,0.012995702915900456
0.043297189365502475,0.017188052675280015,0.02426333355492701,0.027299057230222128,0.012203699486922487,0.25000000000000017,0.02296018812217751,0.0034270065725391778,-0.007558254517456285,0.04976109804843386,-0.062202501933368015,0.06199866866914433,-0.062206103365439885,0.061588314743744224,-0.06220610800400128,0.06695912356104253,-0.06741602829868042,-0.013730859450585485,0.0031308659424121275,-0.037001812287296244,0.029943207700727056,-0.06220614634130843,0.05040572834139937,-0.062206218641910185,0.05438439347506704,-0.06254686865794692,-0.05683713079613035,0.010904679771170092,-0.05944125741729706,0.04372642543672468,-0.022744173869033404,-0.04070801327284718,-0.04951211855464074,-2.6397857971299094e-5,-0.05272078267788409,-0.062134631883732624,0.05785968450262938,-0.06220618553324381,0.06010748539462431,-0.06133957183770575,-0.055722923145684146,0.042541054587608915,-0.05342560482157398,0.0026961654112656087,-0.06220048347040368,0.061997075978000575,-0.06220610884057158,0.06130609863543585,-0.06220613360130036,0.061455954211439144,0.058246321942388324,0.02071930601689797,0.019498894826799257,0.01909632411619905,-0.0029240102937797994,0.007811928337329552,0.013461874632611379,0.006641364876757426,-0.0015859741511213975,0.029460958013166866
0.05410020529518533,0.0160144965943759,0.008794647101219718,0.04721573444606099,0.035713157608578044,0.02296018812217751,0.25000000000000006,0.028649507445896213,-0.030263308742000013,0.06673152677548494,-0.09468318261662749,0.09437275780610838,-0.09468861537327106,0.09374748026872404,-0.09468862192638733,0.10488921512266593,-0.10564844348526412,-0.01346168614104556,-0.013946978146171858,-0.043309279910133114,0.05052546813244222,-0.0946886872270913,0.07655001085099239,-0.09468879022601974,0.08218060110592036,-0.09550597126304726,-0.08718105716679739,0.01859505564736905,-0.08914793437165064,0.057324010595502135,-0.04014886303839292,-0.0574127609215609,-0.07517075089847891,-0.0024096622879280936,-0.07933829401458209,-0.09458525534055715,0.08866812891732472,-0.09468874008142915,0.0905654383059176,-0.09295844454254151,-0.08283300771927368,0.06033422350232563,-0.08009798929856422,0.006020624303486814,-0.09468033869217071,0.09437104396397787,-0.094688623923669,0.09332014702553494,-0.09468866071890594,0.09319646974659669,0.08765959856789414,0.03205421628698411,0.02804544381039439,0.028944944922176065,-0.004582294589037134,0.011593234518473683,0.020387880953770393,0.009945205564263052,-0.0023513586293646507,0.04470272165222674
0.06671267500118316,0.029219771197816363,0.02459235305131967,0.022641397343891853,-0.0009592076759050484,0.0034270065725391778,0.028649507445896213,0.25,-0.06852243072874653,0.08502466450974211,-0.09349837117012585,0.09319188345241668,-0.09350377089900554,0.09257552523540134,-0.09350378300049432,0.07709606337776786,-0.07730355487129918,0.027301344271768592,-0.04134139968776759,-0.024310619006907126,0.06060203850235417,-0.09350385016391619,0.08495724036322726,-0.09350395451402278,0.08274811357213394,-0.09145453391137423,-0.08001910401148038,-0.035767588663177044,-0.08461337809040574,0.034444144941703045,-0.05008696891297076,-0.043763088098186874,-0.0837742288899572,0.004588226498812097,-0.0816971819853281,-0.09331967789383572,0.08258794277875124,-0.09350388890367674,0.08705102825467392,-0.09073889614261085,-0.07714471668262275,0.04714543749959638,-0.07423638749843714,-0.0012755428779654063,-0.09349518542324325,0.0931925698279528,-0.09350377920328647,0.09215534312457914,-0.09350381567843424,0.09113064404367605,0.08425959661839391,0.03343741052299368,0.02348822760484476,0.028157597852587903,-0.004315450290746886,0.01075396803739015,0.019679998552953118,0.00924107089788214,-0.0018819947425840903,0.04405643282421791
-0.02140637223548431,-0.0013335367530524984,-0.012515194285559507,0.0037994837528997644,-0.04294678791834383,-0.007558254517456285,-0.030263308742000013,-0.06852243072874653,0.25000000000000006,-0.06269932785487815,0.02856483059916316,-0.02847120695645121,0.028566489767613175,-0.02828260599504699,0.028566492966488534,-0.01575540875890552,0.01565216372867301,0.09328568086192898,-0.12164536877704074,0.04163536003344517,-0.012488599097726167,0.028566498304185475,-0.010364020605145834,0.02856652686106587,-0.017650768482295943,0.026920357120296882,0.03370409330661732,-0.07884884520502307,0.029336894858901275,-0.033054650577060155,0.010812861192758354,0.027182472976199346,0.009771925682580727,0.01312629834940561,0.0174210494164122,0.0286290143836673,-0.03267450247972116,0.028566533244603128,-0.02902190119327872,0.028800041052088887,0.028311297635426357,-0.027690179165779455,0.02819831810418796,-0.01389387050343179,0.028564968566753196,-0.0284685634377318,0.02856649376904071,-0.028152207591744954,0.028566503332336755,-0.028759745197016618,-0.02808248027478762,-0.008184570261668463,-0.011287260582138855,-0.009283497126114022,0.0017797464370753425,-0.0039347928276174515,-0.006609765295463614,-0.0035041037364076997,0.0011830707756135784,-0.013409104705653667
0.13047056741215526,0.07206450080233141,0.003254400168860289,0.06749159620617018,0.022936203729926063,0.04976109804843386,0.06673152677548494,0.08502466450974211,-0.06269932785487815,0.25000000000000006,-0.2089339151325359,0.20824893884993673,-0.20894592694788544,0.206869905119214,-0.20894595089130502,0.19260621846186235,-0.19348406012212596,-0.0018974309205651379,-0.04096628178678915,-0.08764976159584204,0.1222235326372253,-0.20894608977692558,0.17662227351017648,-0.2089463222170073,0.18205615874080258,-0.20653857147940044,-0.18661988020992565,-0.00390818983363807,-0.19449930134876003,0.11275162610126026,-0.09877581263229927,-0.11747275896767802,-0.17372130079543835,0.001648074572611971,-0.1783286951833793,-0.20864114852013915,0.19084480451239202,-0.20894619779321688,0.19830203275490035,-0.20444236979653838,-0.1798545871605783,0.12437974438978656,-0.17282234499258553,0.006310509676180853,-0.20892722549716178,0.20824696504059229,-0.20894594575975,0.20592807459305876,-0.20894602741219875,0.2050694650860948,0.1919976991634808,0.07209644567759403,0.05883953180678436,0.06371382355194155,-0.00982377725094,0.02510171103800448,0.04466918588178202,0.02151971325556607,-0.004837925768044425,0.09864515356229599
-0.15304351453044115,-0.08351699314349094,-0.0014812999715333572,-0.08636177558703359,-0.027651991815656904,-0.062202501933368015,-0.09468318261662749,-0.09349837117012585,0.02856483059916316,-0.2089339151325359,0.25000000000000017,-0.24915074100926313,0.2499845705271819,-0.2475011254784705,0.24998459740552564,-0.2326864603208299,0.23378446016796273,-0.015895762775740986,0.07271974742026069,0.10555183971521487,-0.14310393144201417,0.24998476533220035,-0.21395496339112718,0.24998504657801757,-0.2195552679614762,0.2473918440560579,0.2217189423305301,0.019953878284002503,0.23291957314966913,-0.13653079425120734,0.11443954668501262,0.14119033523413577,0.21052480283640426,-0.005596774941666291,0.21509105092340244,0.24960217242401544,-0.22708943367574583,0.24998489357445838,-0.2374033048911493,0.24466360733892956,0.21559080848261392,-0.1494348730990994,0.20674333147982982,-0.004222735492820054,0.2499618519839636,-0.24914838574460108,0.24998459240068216,-0.2463734342416041,0.24998469087962144,-0.24540396221478014,-0.22992163264289764,-0.08624156223295577,-0.0707914907000228,-0.07615379890840354,0.011619701295812478,-0.030115259804835287,-0.053406588640692546,-0.025741014856037133,0.005733513749042162,-0.1181082577948126
0.1525418204928242,0.083243193467226,0.0014764839867784797,0.08607862106361894,0.027561453807337467,0.06199866866914433,0.09437275780610838,0.09319188345241668,-0.02847120695645121,0.20824893884993673,-0.24915074100926313,0.25000000000000033,-0.24916508172791726,0.2466897778029885,-0.24916510851815316,0.23192367543853007,-0.2330180758294885,0.015843655950512247,-0.07248136075535988,-0.10520581825113598,0.14263481790195828,-0.24916527589433723,0.21325358584020926,-0.24916555621818365,0.2188355308766496,-0.24658085438999927,-0.22099211265867189,-0.019888467449362915,-0.23215602525527873,0.13608321889415695,-0.11406439987029293,-0.1407274877915413,-0.20983466989618255,0.005578426973210218,-0.21438594830166652,-0.24878393718321518,0.22634499869823338,-0.24916540371619356,0.2366250588738037,-0.2438615612344881,-0.2148840664741193,0.148944998873563,-0.20606559333118055,0.004208893311718392,-0.24914243765978927,0.24833163809124534,-0.24916510352971316,0.24556578331686293,-0.24916520168582254,0.244599489149018,0.2291679126175762,0.0859588492027744,0.07055942389499002,0.0759041546652377,-0.011581610143777989,0.030016537035266404,0.05323151334656913,0.025656631629633074,-0.00571471832582145,0.11772108023831439
-0.15305233142934663,-0.0835217945047944,-0.0014814055621109293,-0.08636673152615686,-0.02765361817780991,-0.062206103365439885,-0.09468861537327106,-0.09350377089900554,0.028566489767613175,-0.20894592694788544,0.2499845705271819,-0.24916508172791726,0.2500000000000001,-0.2475153712474729,0.24999898611962257,-0.232699848606637,0.23379791155754812,-0.015896680920208687,0.07272393638595469,0.10555790766220981,-0.14311217261181097,0.24999915405596143,-0.21396727937047566,0.2499994353179639,-0.21956790488713182,0.2474060830027155,0.2217317039387567,0.019955029465354608,0.23293297862222032,-0.13653864541080105,0.1144461384192098,0.14119845764010508,0.21053692139183763,-0.005597096321759466,0.21510343110940014,0.24961653912174758,-0.22710250444008315,0.24999928230559684,-0.23741696874505966,0.2446776894748301,0.21560321570863036,-0.14944347018924375,0.2067552301293465,-0.004222979024604376,0.24997623938899277,-0.2491627263283172,0.2499989811144862,-0.24638761510407559,0.2499990795990933,-0.24541808701023665,-0.2299348656312326,-0.08624652667846736,-0.07079556389352633,-0.07615818203571376,0.011620370182351738,-0.03011699293228262,-0.053409662519085924,-0.025742496301391846,0.005733843672258651,-0.11811505581261303
0.1515317140166856,0.08269221231034357,0.0014666227097701176,0.08550856694098699,0.027378911857212116,0.061588314743744224,0.09374748026872404,0.09257552523540134,-0.02828260599504699,0.206869905119214,-0.2475011254784705,0.2466897778029885,-0.2475153712474729,0.2500000000000001,-0.2475153978602673,0.23038805939522713,-0.2314752125003331,0.015738782671085576,-0.0720014706651861,-0.10450921380635847,0.14169046140965735,-0.24751556412834974,0.2118416442870616,-0.24751584259618103,0.21738662516821758,-0.24494824724905556,-0.21952892539375518,-0.0197568486598681,-0.23061892511179194,0.1351821922740872,-0.11330920477400937,-0.13979572948110439,-0.20844536493978497,0.005541497386115727,-0.2129665072225338,-0.24713675011927072,0.22484637156659298,-0.24751569110388574,0.23505837123628837,-0.24224696331464018,-0.21346132871006349,0.14795883334024043,-0.2047012353834559,0.004181020853761944,-0.24749287710463974,0.24668744580447308,-0.24751539290493532,0.24393990362880066,-0.24751549041115758,0.24298000571204914,0.2276506026297237,0.08538972097556669,0.07009224919546476,0.07540159803846216,-0.011504928151475613,0.02981779834945353,0.052879069896361014,0.025486759897985736,-0.005676881191721,0.1169416545516025
-0.15305234939365872,-0.0835218052152222,-0.0014814057318239034,-0.08636674141647818,-0.027653622169071534,-0.06220610800400128,-0.09468862192638733,-0.09350378300049432,0.028566492966488534,-0.20894595089130502,0.24998459740552564,-0.24916510851815316,0.24999898611962257,-0.2475153978602673,0.25000000000000006,-0.23269987197022113,0.23379793500643606,-0.015896679940686984,0.07272394269910382,0.10555791937260912,-0.1431121879091481,0.2499991809358778,-0.2139673021034223,0.2499994621979103,-0.2195679282888034,0.2474061094199257,0.22173172805277516,0.019955029188070114,0.23293300377274997,-0.13653866060786313,0.11444615069765655,0.14119847302893143,0.210536943747944,-0.005597096566761854,0.21510345411602996,0.24961656596409454,-0.22710252908125025,0.24999930918552749,-0.23741699434563562,0.24467771581523595,0.21560323892897823,-0.14944348645715635,0.20675525249810278,-0.004222979829099874,0.24997626626647232,-0.2491627531182468,0.24999900799438443,-0.24638764159562804,0.24999910647900206,-0.24541811342538045,-0.2299348903685934,-0.08624653591740498,-0.07079557157596443,-0.07615819022225326,0.011620371449144875,-0.030116996180321327,-0.053409668270458524,-0.025742499080673675,0.00573384430009427,-0.11811506850678503
0.14094159173637327,0.07684673259669095,0.0007129262228490887,0.0815482563948161,0.019423688876948786,0.06695912356104253,0.10488921512266593,0.07709606337776786,-0.01575540875890552,0.19260621846186235,-0.2326864603208299,0.23192367543853007,-0.232699848606637,0.23038805939522713,-0.23269987197022113,0.25,-0.24832358005449764,0.031679567975964176,-0.0800817223637531,-0.09080481459400613,0.13491436969142856,-0.23270003367627637,0.20166796418017333,-0.23270029526393995,0.2071193705013947,-0.23366285541774895,-0.2046006192255883,-0.0356480209751743,-0.21573115174483948,0.12003768935215232,-0.10818831295822874,-0.1277674601387196,-0.19852540103997088,0.007055325798951628,-0.2011437052571954,-0.23231981955377803,0.20994288183922907,-0.2327001476774576,0.22023377885566095,-0.2274118537554476,-0.19927416997186254,0.13554017583153966,-0.1911560418650264,0.0019969557009817535,-0.23267858519176637,0.2319221633531241,-0.2326998688234767,0.2293392588371438,-0.23269996051862207,0.2281506827717223,0.21332567937054112,0.08076317578374133,0.0647331915685754,0.07071699380717654,-0.010779820330719316,0.027836742439239198,0.04957852318521261,0.02379646721497938,-0.005214760777095804,0.10990859245576427
-0.1415834732782386,-0.07719770840193607,-0.0007113037599475961,-0.08194672963875622,-0.01941135460315096,-0.06741602829868042,-0.10564844348526412,-0.07730355487129918,0.01565216372867301,-0.19348406012212596,0.23378446016796273,-0.2330180758294885,0.23379791155754812,-0.2314752125003331,0.23379793500643606,-0.24832358005449764,0.2500000000000001,-0.0320973816921317,0.08060629714613012,0.09114670557569027,-0.1355554979921499,0.23379809755724038,-0.2026512194635885,0.23379836036312315,-0.20810837602067506,0.23476483634113623,0.2055542934967835,0.03599628463363617,0.21673194578092908,-0.12050136262054925,0.10870337457168061,0.12832599659002586,0.1994948017146866,-0.007111601521070154,0.20210500928923933,0.2334159206892274,-0.21092510311962429,0.2337982120250423,-0.2212610373297941,0.22847964471288051,0.20019799420303924,-0.13613624308993652,0.1920410496162422,-0.001981520480691293,0.23377654629865002,-0.23301656468493903,0.23379793186801484,-0.23042147588430736,0.2337980239964241,-0.22922274984218738,-0.21432433927379146,-0.08115006630900849,-0.06502435834064053,-0.07104874803205084,0.01083015956399894,-0.027965668893060208,-0.04981082257390135,-0.023906739440527375,0.005237893120871961,-0.11042687519648618
0.011249504403974422,0.010718794652692558,0.002006029911913196,0.002734137449058388,-0.020257731769192943,-0.013730859450585485,-0.01346168614104556,0.027301344271768592,0.09328568086192898,-0.0018974309205651379,-0.015895762775740986,0.015843655950512247,-0.015896680920208687,0.015738782671085576,-0.015896679940686984,0.031679567975964176,-0.0320973816921317,0.24999999999999997,-0.19113938846642745,0.09258456247698087,0.03812942882569,-0.01589674619132465,0.050963456210226465,-0.01589675686704418,0.02691572369573468,-0.017772386083730635,0.00897085433807875,-0.23031654019731368,0.001167497765318595,-0.08795859613020739,-0.035737854932214076,0.0396395220490138,-0.05150197519474456,0.030224031286125618,-0.02624604741831235,-0.01555839432385139,-0.0040862874785957655,-0.01589667977120554,0.003967362516781524,-0.010619069995048587,0.003033473614060856,-0.03746088210279505,0.006735620759301658,-0.030798485511495076,-0.015893358743664838,0.015852778880166785,-0.015896680394827382,0.01567904672285896,-0.015896687971979385,0.011399752836545915,0.006507706140354885,0.01219285232058088,-0.011482326126875667,0.0034232631562955244,0.000281223297334256,-0.0007069232210985951,0.0016662914294888632,-0.0005846461361372468,0.0013416568282172622,0.007302866290303273
-0.0461479094577231,-0.030659018415322127,0.0021599469081937527,-0.023981079123157546,0.00808553278079982,0.0031308659424121275,-0.013946978146171858,-0.04134139968776759,-0.12164536877704074,-0.04096628178678915,0.07271974742026069,-0.07248136075535988,0.07272393638595469,-0.0720014706651861,0.07272394269910382,-0.0800817223637531,0.08060629714613012,-0.19113938846642745,0.24999999999999994,-0.07165916604513278,-0.0729618954974329,0.07272403802115684,-0.0913475974103922,0.07272410998363435,-0.0748768534462387,0.07360861844222122,0.04814399435485707,0.1715728329666783,0.05565928085981911,0.040688419948897346,0.0645780594533557,-0.003987415267383502,0.09082437014924456,-0.020120729087120644,0.07300325945509115,0.07238880558683414,-0.05297413290038101,0.07272401475096532,-0.06063572191012604,0.06743709905002841,0.04548549579419144,8.998365974270109e-5,0.04454575369345131,0.018586922693820403,0.07271632412452728,-0.07248868601928102,0.07272394187688622,-0.07168395506308366,0.07272396995267888,-0.06820667344546612,-0.058298881327984,-0.031087085109631412,-0.006042748711581617,-0.02032687315281645,0.003024926605412456,-0.0063020182202323085,-0.013964791560070671,-0.00550888374726706,0.00023976493629909045,-0.033880466430354
-0.06209105246397028,-0.030780052236750566,-0.001596397539492469,-0.0386667323837567,-0.012286550496132328,-0.037001812287296244,-0.043309279910133114,-0.024310619006907126,0.04163536003344517,-0.08764976159584204,0.10555183971521487,-0.10520581825113598,0.10555790766220981,-0.10450921380635847,0.10555791937260912,-0.09080481459400613,0.09114670557569027,0.09258456247698087,-0.07165916604513278,0.25000000000000017,-0.007676036367383156,0.10555793353825148,-0.07337022556152989,0.10555808970348535,-0.09695489642967424,0.10391237657352007,0.09503544270434418,-0.08424658960134608,0.12260479614427389,-0.2189378481521179,-0.01034803439851482,0.1354917605004807,0.07155455074584018,-0.01694572075563979,0.09685280430450213,0.1054587173308502,-0.0959286464786724,0.10555805449932029,-0.11714826738353641,0.11080289107515384,0.12334573402786018,-0.1372498912665554,0.10965742087418051,0.0067257950177988385,0.10554602851785433,-0.10519342932392332,0.10555791218953435,-0.10400975449917266,0.10555796361797,-0.11000555476480564,-0.11321760584767984,-0.02752169574390062,-0.05597033019968663,-0.035035337578465824,0.0035463606258661247,-0.01740168804509827,-0.024687237274935846,-0.01384152897360227,0.0039386517371555125,-0.051733354285129644
0.08906182847139726,0.04897868160427822,0.0018999842353811802,0.046806591096821046,0.01774911619119959,0.029943207700727056,0.05052546813244222,0.06060203850235417,-0.012488599097726167,0.1222235326372253,-0.14310393144201417,0.14263481790195828,-0.14311217261181097,0.14169046140965735,-0.1431121879091481,0.13491436969142856,-0.1355554979921499,0.03812942882569,-0.0729618954974329,-0.007676036367383156,0.2499999999999999,-0.1431123318228568,0.10719665991530727,-0.14311245114735283,0.11268473037462229,-0.14052000022950945,-0.11633506574980866,-0.03957104386257593,-0.12604689997127377,0.029662664360001548,-0.2213026772505978,-0.034320469684021394,-0.1046012909784154,-0.02375332788289801,-0.10949541064604679,-0.14273066470629323,0.1202413531340343,-0.14311234694025954,0.13082861316973005,-0.13783099916332595,-0.10875767398145325,0.04272146586054554,-0.09999819869518824,0.02563649627203926,-0.14310310411459534,0.14263992328061728,-0.1431121923929645,0.14105991048056907,-0.14311223811181772,0.1385869422602277,0.12422232510183176,0.055776709062453404,0.020878092927457802,0.04630194742202692,-0.006773575917555957,0.013985605800574782,0.030219632821957894,0.013185318687433986,-0.0027109883254331484,0.06651537341410303
-0.1530524518700059,-0.0835218612302446,-0.001481407580869747,-0.0863667967646893,-0.027653638156153307,-0.06220614634130843,-0.0946886872270913,-0.09350385016391619,0.028566498304185475,-0.20894608977692558,0.24998476533220035,-0.24916527589433723,0.24999915405596143,-0.24751556412834974,0.2499991809358778,-0.23270003367627637,0.23379809755724038,-0.01589674619132465,0.07272403802115684,0.10555793353825148,-0.1431123318228568,0.24999999999999983,-0.21396745282718854,0.24999963013457896,-0.21956807573065834,0.24740627613087474,0.22173186926368896,0.019955090545688225,0.23293315204454312,-0.13653870046836963,0.1144462755358252,0.14119853773981153,0.21053709224439532,-0.005597099918965377,0.2151035980231535,0.24961673352355254,-0.22710267492665218,0.2499994771220749,-0.23741714811693662,0.2446778776470966,0.21560337309568794,-0.14944355810082818,0.20675538000594362,-0.004222981287761829,0.24997643418822973,-0.24916292049773767,0.24999917593074017,-0.2463878071148648,0.24999927441542066,-0.24541827613014638,-0.2299350395527365,-0.08624659784709482,-0.07079560808535178,-0.07615824138203489,0.011620379167574323,-0.030117014550524904,-0.05340970343207389,-0.025742515176658556,0.00573384745418121,-0.11811514736144804
0.1314141959778932,0.07257009288686034,0.001700057871766633,0.073609713601286,0.020317887104647193,0.05040572834139937,0.07655001085099239,0.08495724036322726,-0.010364020605145834,0.17662227351017648,-0.21395496339112718,0.21325358584020926,-0.21396727937047566,0.2118416442870616,-0.2139673021034223,0.20166796418017333,-0.2026512194635885,0.050963456210226465,-0.0913475974103922,-0.07337022556152989,0.10719665991530727,-0.21396745282718854,0.25,-0.21396769465348095,0.1835613840166368,-0.21137593517276798,-0.1857484198684512,-0.05550414326515355,-0.1969337140496591,0.1007212719580116,-0.07900606631895468,-0.10536627220234397,-0.24592462123325237,0.04123020169777991,-0.1795963628797074,-0.21358579771018824,0.19111684830632827,-0.21396755214565422,0.20151213425342665,-0.20865646531919718,-0.17963410154273063,0.11360795473882415,-0.17080327175503318,-0.03139644337180231,-0.2139445977110957,0.21325500961405736,-0.21396729313586513,0.2108760700275016,-0.21396738344287214,0.20940217457838203,0.1943654666656401,0.07631092488743531,0.057594284122292734,0.06344421165200163,-0.008859086229998255,0.025375233205938402,0.04468054258504642,0.021110813565452694,-0.0038411489252535074,0.10153935472393746
-0.15305262320036986,-0.08352195481463066,-0.0014814087338341749,-0.08636689555120311,-0.02765366680670636,-0.062206218641910185,-0.09468879022601974,-0.09350395451402278,0.02856652686106587,-0.2089463222170073,0.24998504657801757,-0.24916555621818365,0.2499994353179639,-0.24751584259618103,0.2499994621979103,-0.23270029526393995,0.23379836036312315,-0.01589675686704418,0.07272410998363435,0.10555808970348535,-0.14311245114735283,0.24999963013457896,-0.21396769465348095,0.2500000000000001,-0.21956832603717527,0.24740655458428393,0.22173212127265243,0.019955114206076964,0.23293341929442407,-0.13653888675624729,0.11444636221335992,0.14119871630362515,0.21053733031056288,-0.005597113000476994,0.21510384366777,0.24961701440570888,-0.22710293294189302,0.24999975838444452,-0.23741741883870895,0.2446781545211915,0.21560362253468673,-0.1494437448892981,0.20675562005094225,-0.004222980855480882,0.24997671542357655,-0.24916320081602206,0.24999945719276442,-0.24638808430746412,0.24999955567755935,-0.245418553599832,-0.2299353016485688,-0.08624669231550756,-0.07079569544725378,-0.07615832665243942,0.011620392148557668,-0.030117049743292115,-0.053409763851491376,-0.025742544858165108,0.005733854233756429,-0.11811528067696822
0.13435189282878737,0.07357672405332938,0.0014308593395715964,0.07600019129650659,0.022314604416475092,0.05438439347506704,0.08218060110592036,0.08274811357213394,-0.017650768482295943,0.18205615874080258,-0.2195552679614762,0.2188355308766496,-0.21956790488713182,0.21738662516821758,-0.2195679282888034,0.2071193705013947,-0.20810837602067506,0.02691572369573468,-0.0748768534462387,-0.09695489642967424,0.11268473037462229,-0.21956807573065834,0.1835613840166368,-0.21956832603717527,0.24999999999999997,-0.22212374186851253,-0.19155916409561824,-0.031620412096659826,-0.20300792562685974,0.12463871574741736,-0.08554234596281816,-0.13201840777344084,-0.1803966734413427,0.0348605302213791,-0.24356697297789473,-0.21918570019516864,0.1966797924752271,-0.21956818432441638,0.20707329467665805,-0.21424830365945313,-0.19944571969555938,0.13901374171957753,-0.18284310942851456,-0.018722223091715423,-0.21954621588330767,0.21883238416179251,-0.21956792087979682,0.21639283846692475,-0.21956801302577053,0.21499607777988167,0.20617554344805808,0.07778633981863065,0.06589889604769365,0.06969665956316953,-0.007878648195587425,0.02735520751693432,0.04719708284883786,0.02291229214656437,-0.004502101759084112,0.10478599863246847
-0.15129605754163564,-0.08256069909888492,-0.0013964132621822078,-0.08560337232004187,-0.02663558060748561,-0.06254686865794692,-0.09550597126304726,-0.09145453391137423,0.026920357120296882,-0.20653857147940044,0.2473918440560579,-0.24658085438999927,0.2474060830027155,-0.24494824724905556,0.2474061094199257,-0.23366285541774895,0.23476483634113623,-0.017772386083730635,0.07360861844222122,0.10391237657352007,-0.14052000022950945,0.24740627613087474,-0.21137593517276798,0.24740655458428393,-0.22212374186851253,0.2499999999999998,0.2191522106735792,0.021851538861564546,0.230358817818906,-0.1346318394876345,0.11199545922177544,0.1398415675047718,0.20796569374257207,-0.0070345738270131165,0.21574925629972208,0.2470236839515896,-0.22451033447273647,0.24740640240318018,-0.23483144018469654,0.24208502541492594,0.21364255700399987,-0.14797309667563327,0.20460699586269043,-0.0029783593410094983,0.24738349813395777,-0.24657853184999634,0.24740610447191072,-0.2438320940449099,0.24740620220770368,-0.24282595438647306,-0.2276572532121259,-0.08545408238046374,-0.07016467644163832,-0.07543506432370185,0.01140841240537514,-0.029832213021194424,-0.05285108464751652,-0.025474909218936498,0.005642104414327271,-0.11693069929592284
-0.13563242932182284,-0.07353415030571964,-0.0011155213387532158,-0.07687889778793948,-0.026622044867448992,-0.05683713079613035,-0.08718105716679739,-0.08001910401148038,0.03370409330661732,-0.18661988020992565,0.2217189423305301,-0.22099211265867189,0.2217317039387567,-0.21952892539375518,0.22173172805277516,-0.2046006192255883,0.2055542934967835,0.00897085433807875,0.04814399435485707,0.09503544270434418,-0.11633506574980866,0.22173186926368896,-0.1857484198684512,0.22173212127265243,-0.19155916409561824,0.2191522106735792,0.2499999999999998,-0.008281969625974302,0.20524724013690668,-0.12284291420991993,0.09032813664157363,0.1352921555330798,0.18231736688856573,0.019490814027787802,0.18715806676209987,0.22210930864861972,-0.2445142836894407,0.2217320411103426,-0.20953838109786896,0.21655211061724966,0.190495045686253,-0.14253438974097465,0.19532729047426217,-0.02534525302237535,0.22171276887276503,-0.22098617708580742,0.2217317245852742,-0.21852774546658285,0.2217318092424765,-0.21727610921213628,-0.2033753310885377,-0.07373693380124538,-0.06899380213929049,-0.06506752793564369,0.012171530087873535,-0.027380721997000364,-0.047548059752835575,-0.023478806594341563,0.005784840679682627,-0.10415934769334657
-0.013568751451207112,-0.012215424681954471,-0.0014334884469037706,-0.00485159968814186,0.018363414338765732,0.010904679771170092,0.01859505564736905,-0.035767588663177044,-0.07884884520502307,-0.00390818983363807,0.019953878284002503,-0.019888467449362915,0.019955029465354608,-0.0197568486598681,0.019955029188070114,-0.0356480209751743,0.03599628463363617,-0.23031654019731368,0.1715728329666783,-0.08424658960134608,-0.03957104386257593,0.019955090545688225,-0.05550414326515355,0.019955114206076964,-0.031620412096659826,0.021851538861564546,-0.008281969625974302,0.2499999999999999,0.0029218476331945627,0.08040059690400189,0.036128632518011156,-0.03504185496411762,0.05598617533102855,-0.03377311834255363,0.031075409419514515,0.019574490413074682,0.0028913484047691186,0.01995503168003125,-0.00801389696940029,0.014675777710857317,0.001904145188011319,0.032719162767517476,-0.00323013438423609,0.03371563654104701,0.0199510355821784,-0.01989739365860916,0.019955028835760464,-0.019678015596862757,0.019955038882675476,-0.01545621557350218,-0.010979118793502343,-0.013419932816967923,0.009508663405147286,-0.00485712969529064,-0.0003056946885834562,4.7781139328947246e-5,-0.002582496903054071,9.547097104609997e-5,-0.001257423127169534,-0.009360037714036517
-0.14226136926850483,-0.07729442762791536,-0.0012621856079451477,-0.08098311625447988,-0.02618272101816064,-0.05944125741729706,-0.08914793437165064,-0.08461337809040574,0.029336894858901275,-0.19449930134876003,0.23291957314966913,-0.23215602525527873,0.23293297862222032,-0.23061892511179194,0.23293300377274997,-0.21573115174483948,0.21673194578092908,0.001167497765318595,0.05565928085981911,0.12260479614427389,-0.12604689997127377,0.23293315204454312,-0.1969337140496591,0.23293341929442407,-0.20300792562685974,0.230358817818906,0.20524724013690668,0.0029218476331945627,0.24999999999999978,-0.1535897221724556,0.09817123650478511,0.14802513986670934,0.19368461208821408,-0.01720535540344985,0.19915355414203637,0.2325531761206679,-0.21015341734974746,0.23293327715589146,-0.24421027436133777,0.2381587825344919,0.20770982736297008,-0.15534499896816503,0.19108382093449416,0.007574712994377106,0.23291072605844637,-0.23215161068164808,0.23293299758647543,-0.2295539831179286,0.23293309217970298,-0.23733377029580735,-0.217765857775255,-0.07922839760684264,-0.0675113044488714,-0.07318173991876568,0.00974442379676296,-0.028764701707415775,-0.05032278216294442,-0.024313904733485527,0.005468401937171163,-0.11077228057422453
0.08112002381828458,0.04211367406021638,-0.00016265604073594956,0.0505543655051363,0.017155220795060894,0.04372642543672468,0.057324010595502135,0.034444144941703045,-0.033054650577060155,0.11275162610126026,-0.13653079425120734,0.13608321889415695,-0.13653864541080105,0.1351821922740872,-0.13653866060786313,0.12003768935215232,-0.12050136262054925,-0.08795859613020739,0.040688419948897346,-0.2189378481521179,0.029662664360001548,-0.13653870046836963,0.1007212719580116,-0.13653888675624729,0.12463871574741736,-0.1346318394876345,-0.12284291420991993,0.08040059690400189,-0.1535897221724556,0.25000000000000006,-0.007717024050672264,-0.15301677393193247,-0.0983462434462579,0.019590662551164182,-0.12397578951437237,-0.13639635671974934,0.12447154589399195,-0.13653883219756027,0.14805410608060002,-0.14178495120506246,-0.15102060763751265,0.15594309859549454,-0.13392415106004601,-0.007928031641844968,-0.13652392139806338,0.1360705190027006,-0.13653865269266752,0.13454232393241403,-0.13653871650711885,0.14098128272309196,0.14218455591429138,0.038540706571554735,0.06411727031472582,0.045147708408296246,-0.0046803762906521065,0.021099203943641898,0.031380046472432345,0.017013441178765135,-0.00460428265207494,0.06648106113208198
-0.07164315091946201,-0.039466365453356286,-0.0017972585899082155,-0.036782642069105566,-0.015083944515556936,-0.022744173869033404,-0.04014886303839292,-0.05008696891297076,0.010812861192758354,-0.09877581263229927,0.11443954668501262,-0.11406439987029293,0.1144461384192098,-0.11330920477400937,0.11444615069765655,-0.10818831295822874,0.10870337457168061,-0.035737854932214076,0.0645780594533557,-0.01034803439851482,-0.2213026772505978,0.1144462755358252,-0.07900606631895468,0.11444636221335992,-0.08554234596281816,0.11199545922177544,0.09032813664157363,0.036128632518011156,0.09817123650478511,-0.007717024050672264,0.2500000000000001,0.005654852713521559,0.0768274341922416,0.03065518598144509,0.08280149682282474,0.11409072752676415,-0.09357488607569917,0.11444627380564568,-0.10263537108548042,0.10947015665614276,0.08009990624673481,-0.0140892535010112,0.0713608635751663,-0.030432198025423282,0.1144406293419006,-0.11407139775664339,0.11444615746880785,-0.1128115026291678,0.11444618922963735,-0.11021159830208724,-0.09586800990704317,-0.04761889467330319,-0.007524967530536995,-0.03826123206103279,0.005449186185797511,-0.009673671804801488,-0.02398483484719345,-0.009807884086963054,0.00188346613424209,-0.05269699333859043
-0.08499966424726361,-0.045306430020741514,1.4257999582990018e-6,-0.05070784673900792,-0.016589623267789847,-0.04070801327284718,-0.0574127609215609,-0.043763088098186874,0.027182472976199346,-0.11747275896767802,0.14119033523413577,-0.1407274877915413,0.14119845764010508,-0.13979572948110439,0.14119847302893143,-0.1277674601387196,0.12832599659002586,0.0396395220490138,-0.003987415267383502,0.1354917605004807,-0.034320469684021394,0.14119853773981153,-0.10536627220234397,0.14119871630362515,-0.13201840777344084,0.1398415675047718,0.1352921555330798,-0.03504185496411762,0.14802513986670934,-0.15301677393193247,0.005654852713521559,0.25000000000000017,0.10174201253869926,-0.017339715560432973,0.13127726133691742,0.14122764047361908,-0.13706498702460052,0.14119866673864562,-0.14797804047523014,0.1429051725131939,0.17552222750104493,-0.2414087201026039,0.18415172285128015,0.0025663294281245974,0.1411797363540648,-0.14070182590053268,0.14119845730060504,-0.13911857345306983,0.14119853420731138,-0.14232778281586891,-0.15695880935113155,-0.024397704368661517,-0.10584902039177792,-0.03776790999727887,0.008186848029894195,-0.027659601270599937,-0.033161115281465425,-0.020989098994841335,0.006951731231984062,-0.06919242520110605
