x1,x2,x3,x4,x5,x6,x7,x8,x9,x10,x11,x12,x13,x14,x15,x16,x17,x18,x19,x20,x21,x22,x23,x24,x25,x26,x27,x28,x29,x30,x31,x32,x33,x34,x35,x36,x37,x38,x39,x40,x41,x42,x43,x44,x45,x46,x47,x48,x49,x50,x51,x52,x53,x54,x55,x56,x57,x58,x59,x60
0.25000000000000006,0.24800070968823992,-0.1934386191030985,0.2484295426052122,-0.22274104100846268,0.24861851720779063,-0.21025808046050526,0.24865604233338948,-0.19195987181976096,0.24890684882807151,0.1768922487476087,-0.17551485899965738,0.1917830371749191,-0.1897871971347355,0.21295535812847652,-0.19921719265987173,0.20973026938261663,-0.1926103067796443,0.18963924810968488,-0.17906481086294138,-0.018625429576904634,0.09072001027775449,-0.08982735106276375,0.11765862394575237,-0.0976558373694693,0.1424782516563133,-0.12673699615883283,0.17006823959583622,-0.16981854999561902,0.18645389468229845,0.05024388547464278,-0.014525988708610271,0.019212907042140424,0.03338718473724367,-0.021854424523186766,0.08399981341268208,-0.06885664272989732,0.11518711457613283,-0.11188192920165982,0.14915403138703703,0.10793636366795656,-0.10647404941031252,0.12333870375386626,-0.12313946305413889,0.16333484555799468,-0.16434402778020732,0.17432940146220965,-0.15415686161745246,0.15975092119462497,-0.1446726725669747,0.248155077988116,0.248707475548684,-0.13008241068771642,0.24793730918738707,-0.16844468447726266,0.2485205808569149,-0.17580649919598468,0.24858433892637624,-0.16050034136230926,0.24890606547197947
0.24800070968823992,0.25000000000000006,-0.19532874011267895,0.24861504653897193,-0.22308520851224514,0.2488285806926059,-0.21070246493321784,0.24887088231655968,-0.19243610900341657,0.24909138745872392,0.17739801365671753,-0.17602962008189285,0.19227436233631096,-0.19025802274621736,0.2134096241445069,-0.19960759392590788,0.21009045059554504,-0.1930087269816809,0.19004393720108295,-0.17946186332644645,-0.018853275094025887,0.09106388791743628,-0.0901688752800791,0.11803995155481097,-0.09799322012897498,0.14285868158654122,-0.1271298218549429,0.17046249045104048,-0.1702125934455743,0.18684828836452502,0.05051588871238027,-0.01474743552057702,0.01944180316884591,0.03323739316439772,-0.02168573905391179,0.08391511470342904,-0.06875099318667832,0.11515697707316067,-0.11184762851076868,0.1491802640733772,0.10789726028270268,-0.10643253922117243,0.1233232401562507,-0.1231237032443127,0.16337999754806265,-0.16439031945360189,0.17439224697857839,-0.15418995858457768,0.15979553456392176,-0.14469554112129715,0.24833903420003936,0.24889172546131358,-0.13007865954168019,0.24812026601400733,-0.16849846320500758,0.24870448356451108,-0.1758721171707584,0.24876834832662487,-0.16054625197480618,0.24909059774419345
-0.1934386191030985,-0.19532874011267895,0.2500000000000003,-0.1949765437258736,0.21480891481081785,-0.19460556135692852,0.19285359678966604,-0.1945744940691557,0.17456645863388642,-0.1945000579931795,-0.22681171533718195,0.2272351881140177,-0.24352908142973087,0.24087813575806089,-0.2222271599837399,0.20540849738405126,-0.1931721842585714,0.1765079655601772,-0.17353472549891497,0.1684251804464259,0.07115924595439002,-0.14272301598148926,0.14167537723910797,-0.16934298034725545,0.14930154328497747,-0.18252201871865772,0.16702940622283394,-0.1717912557075095,0.171611043487802,-0.17471596438219317,-0.1008951527768172,0.06707363053166425,-0.07170653720654735,0.019344775042616467,-0.0308416206815663,-0.030882586830771046,0.017031671104571953,-0.06296362770215923,0.06022535410430159,-0.09707676140603654,-0.05462100260141343,0.05313645922696396,-0.06987755915872002,0.06967957267901011,-0.10957234578985832,0.11059302295105727,-0.1205710613591215,0.10151332786565118,-0.1076606080720173,0.09357464473327791,-0.19391212030032445,-0.1943105025446081,0.07679442642232474,-0.19353750528983252,0.11470816871336187,-0.19411630889684578,0.12212056049678678,-0.19418022655967845,0.10841971069502714,-0.19449866424891396
0.2484295426052122,0.24861504653897193,-0.1949765437258736,0.2500000000000002,-0.22428352568515164,0.24928181465516483,-0.21110017689367722,0.24932302064591247,-0.19273658483332648,0.24952014615847407,0.1783355454428381,-0.17696862597452626,0.19327385005437353,-0.19125534693342597,0.21442963976937482,-0.2002891683072121,0.21045661006093874,-0.1933114938593014,0.1903352544053107,-0.17976436570846074,-0.019301714251470318,0.09174678386987692,-0.09084776455474462,0.1188073555600591,-0.09869155231565938,0.1434445567146706,-0.12766219825066974,0.1708337568696313,-0.17058384041711624,0.18717106125209523,0.051054022054426704,-0.015181833210593399,0.019891316849753,0.03296422477634836,-0.02137475913875002,0.08380894511903489,-0.06862333175763935,0.11517868750137131,-0.11186528167800577,0.1493168470227038,0.10786740615687317,-0.10639767485237438,0.12334360779436337,-0.1231434179908576,0.16353092594660282,-0.16454499628676794,0.17458094622534173,-0.15433518493541887,0.15996343186561424,-0.14482448140376383,0.2487665154714812,0.24931989663396853,-0.13012256530758073,0.24854587567199607,-0.1686664417258021,0.2491319870523921,-0.1760661358213641,0.249196069209902,-0.16071656547550903,0.24951935105079925
-0.22274104100846268,-0.22308520851224514,0.21480891481081785,-0.22428352568515164,0.24999999999999997,-0.2240966668474155,0.22631127841682053,-0.2238453895820877,0.20825211611308117,-0.22380940887643247,-0.19937563217261117,0.20009452364302727,-0.21636879684159802,0.21644241287328994,-0.2391725655725592,0.22232805898454291,-0.22697703724547635,0.2098862648696221,-0.20690877328531934,0.19701788440618434,0.0446700512357597,-0.1170442561000142,0.11607374290831252,-0.14407869928402142,0.12401934993655836,-0.1664345160423516,0.1507150477439243,-0.18948528894398967,0.18925286811145603,-0.20390972811244537,-0.07561885163645624,0.04056922818257514,-0.045264381147430824,-0.007504123662076912,-0.004098711755694004,-0.05828518160498279,0.04334179182798257,-0.08983887497824236,0.086607753466963,-0.12399779394871571,-0.08232276562255447,0.08083860037683757,-0.09776101346756706,0.09756091209030002,-0.13790542836928332,0.13892298206342826,-0.14896172295380417,0.12893227410568572,-0.1348272397489084,0.1199666729934737,-0.22313262174163573,-0.22361325812387062,0.10464182087867076,-0.22283579807615037,0.14306712354261614,-0.22342128711519468,0.1504873743389349,-0.22348551098050645,0.13558934837092393,-0.22380815265894796
0.24861851720779063,0.2488285806926059,-0.19460556135692852,0.24928181465516483,-0.2240966668474155,0.25,-0.2115578557698654,0.24957421923460096,-0.1931870069552883,0.24970766532613423,0.17802549324894476,-0.17669960725457648,0.1930042854027785,-0.19106729517260512,0.21424877218563884,-0.20041011725340468,0.21091943846669947,-0.19377256137767648,0.19079640766443895,-0.18018394559281217,-0.019113247681141254,0.0915585440902718,-0.0906600819955612,0.11861920197711477,-0.09850608240349117,0.1435074530461684,-0.12772185584972762,0.17116616296250134,-0.17091557459486315,0.1875918455345418,0.050872815203227666,-0.014993621028574464,0.019703176143266905,0.03315076061431706,-0.021561415837751948,0.08399562722866391,-0.06878348950572122,0.11533997310713458,-0.11202037455148595,0.1494739915102375,0.10805435592201579,-0.106584739231767,0.12353064131033507,-0.12333045163204596,0.16371810271272427,-0.16473182182031182,0.17476626390039113,-0.1544994805525721,0.16012529701725978,-0.14497816460277538,0.24895344764287974,0.24950738451536117,-0.13030883919789712,0.24873338990381946,-0.16885341094474612,0.24931950381323642,-0.17625125395724758,0.24938357715316128,-0.16087852701582148,0.24970686981756327
-0.21025808046050526,-0.21070246493321784,0.19285359678966604,-0.21110017689367722,0.22631127841682053,-0.2115578557698654,0.24999999999999997,-0.21152532294414017,0.22826321814616665,-0.2112754316908066,-0.17719250470131737,0.17788953623641168,-0.19410876263221996,0.19516622429326808,-0.21819684201489373,0.23365859653872711,-0.24764099811126697,0.23064421950535036,-0.22768201132461166,0.21709712845849147,0.027602801098509402,-0.09924693106828054,0.09833020929856758,-0.1261488318989814,0.13244348292328348,-0.177415526197631,0.16476750994245906,-0.20808666930000147,0.20785157439857152,-0.22371570537146668,-0.058079917243962574,0.027448319576077143,-0.032045398174882986,0.0029652494895857514,-0.014569509745650348,-0.04620798311437056,0.03102272811204213,-0.07740072151787161,0.0740987807300707,-0.11140889709528129,-0.0723310790481748,0.07088305797655874,-0.08600825010476403,0.08580842814463242,-0.1256506895001043,0.1266150299242352,-0.13660968348439895,0.11641937341446323,-0.1224024865374594,0.10759269480771705,-0.2106316555044049,-0.2110818368859579,0.09289727676467963,-0.2103048115346634,0.13081267909010702,-0.21088806351252448,0.13815180404488783,-0.21095209098607098,0.12316958930839036,-0.21127382572859857
0.24865604233338948,0.24887088231655968,-0.1945744940691557,0.24932302064591247,-0.2238453895820877,0.24957421923460096,-0.21152532294414017,0.2499999999999998,-0.19317843290238312,0.24974303486543023,0.17801206042481993,-0.17665027453913862,0.1929553593784156,-0.19094414507016075,0.21412565442109333,-0.20036252594062617,0.21088168833744672,-0.19373939669341306,0.19076401175880325,-0.18015146545637187,-0.018999584148745446,0.0914435573280103,-0.0905454210762437,0.11850408724685897,-0.09846008129580822,0.14346219301678265,-0.1276880505090695,0.17113283192350903,-0.17088222624604255,0.18755946463978548,0.05076013737562042,-0.014890477467945057,0.019599836756324897,0.033190787992981294,-0.021601392201395144,0.08403036171553432,-0.06881817960219086,0.11537483327667612,-0.11205521197963557,0.14950897198575722,0.10809550920574479,-0.1066260255014263,0.12356718871624413,-0.12336700062328372,0.16375332645165402,-0.16476686829319656,0.17480134959972457,-0.15453448000609749,0.1601599157267721,-0.14501248612840606,0.24898869934475956,0.24954274908759988,-0.13034517642011564,0.2487687584364677,-0.16888861022745974,0.24935487221292404,-0.1762862852565368,0.24941894561808003,-0.1609131329603072,0.2497422398443486
-0.19195987181976096,-0.19243610900341657,0.17456645863388642,-0.19273658483332648,0.20825211611308117,-0.1931870069552883,0.22826321814616665,-0.19317843290238312,0.24999999999999997,-0.19292644704253126,-0.15910630467026668,0.15984031778209526,-0.1761058141693059,0.17728012218546604,-0.20031915508705186,0.2162363601058771,-0.23010981225291355,0.24436074725669518,-0.24746801396057733,0.23683869020554948,0.01846210629639957,-0.08806613579845048,0.0871992394884626,-0.11446144668714046,0.12821838134389543,-0.17257128715419282,0.1788985326677804,-0.22208354303181105,0.22185833156046045,-0.23734277579892538,-0.04798379315848863,0.020409130861204338,-0.024842436990066875,0.010598892482427296,-0.02201797793079458,-0.0293517764655118,0.014400244669409123,-0.06034928649527972,0.05709460703084063,-0.09406202549009833,-0.05924299150402885,0.05787262438854742,-0.07133467784700584,0.07115043631106452,-0.10826202157250603,0.10893417346933731,-0.11885899796645422,0.09898858265272668,-0.10506619881606447,0.090554976078299,-0.19232660377526292,-0.192738766924009,0.07810605215223175,-0.19196673890217375,0.11340192525209032,-0.19254149041049218,0.1204150420222612,-0.1926051770434713,0.1058330825550746,-0.19292417304073659
0.24890684882807151,0.24909138745872392,-0.1945000579931795,0.24952014615847407,-0.22380940887643247,0.24970766532613423,-0.2112754316908066,0.24974303486543023,-0.19292644704253126,0.24999999999999978,0.17787736727087838,-0.17649545487271173,0.1928007614773267,-0.19078113603901287,0.2139629159261807,-0.20012335515674512,0.21063222937499956,-0.19348576984209503,0.19050974919798166,-0.17989724114057948,-0.018826031392174196,0.0912717276708152,-0.0903740763832385,0.11833251980403861,-0.09821818372681448,0.14322005604704938,-0.1274344207640125,0.17087928176758876,-0.17062857360190578,0.18731112268589786,0.050594362923028983,-0.014706134865896293,0.019415828102221262,0.03343919768642031,-0.02185007113979131,0.0842843828022827,-0.06907234520684787,0.11562914179853084,-0.1123094709448066,0.14976335004356345,0.1083432342071586,-0.1068737892927436,0.12381988566610184,-0.12361969633020312,0.16400758108871907,-0.16502128642876285,0.17505580485389874,-0.15478885381363897,0.1604116887656909,-0.14526233198114766,0.2492425597205636,0.24979731511995415,-0.13059688973742622,0.24902336383887452,-0.16914256483986342,0.24960948158671975,-0.17654031701181722,0.24967355381948864,-0.16116479463813624,0.24999685119260606
0.1768922487476087,0.17739801365671753,-0.22681171533718195,0.1783355454428381,-0.19937563217261117,0.17802549324894476,-0.17719250470131737,0.17801206042481993,-0.15910630467026668,0.17787736727087838,0.2499999999999999,-0.24790783314322684,0.23200174321081607,-0.22959509104351922,0.2078566586803868,-0.19098056613451053,0.1778551396067657,-0.16124004245647366,0.1582579913788742,-0.15437740820380533,-0.09039132427426438,0.16271840070787033,-0.16133952471794788,0.1810728567960765,-0.161084293043163,0.18129239494257898,-0.16605182402193272,0.16085383014260782,-0.1607206180077442,0.16034006250858984,0.1193126998070877,-0.08599917400131611,0.0906675869427849,-0.037932063139464914,0.04955390199164315,0.012723011441224381,-0.0010054913532611739,0.047290423556519974,-0.04492537727060188,0.08198787645595502,0.036702412215912986,-0.035192509348143525,0.05207869847236065,-0.051878798484454876,0.09213962086950477,-0.09319905761516765,0.10340499598033827,-0.08596160890125333,0.0923914834697846,-0.07879173306982015,0.17734114205738705,0.17768904041829267,-0.05913896317423992,0.17690572318843278,-0.0973471255037592,0.17749001570546952,-0.1049911493293508,0.17755533515913624,-0.09315094637616272,0.17787597405685449
-0.17551485899965738,-0.17602962008189285,0.2272351881140177,-0.17696862597452626,0.20009452364302727,-0.17669960725457648,0.17788953623641168,-0.17665027453913862,0.15984031778209526,-0.17649545487271173,-0.24790783314322684,0.24999999999999994,-0.23353133074374896,0.2311419299003259,-0.20896014778086425,0.19198299232574734,-0.17865666573828431,0.1619702161807891,-0.15897436125204353,0.1551427319101448,0.09222093858994491,-0.16465231677342793,0.16326482892460067,-0.18288426554740927,0.16283131657740277,-0.18267168366851286,0.16738214233998053,-0.16176644745894053,0.1616348708702869,-0.16108962851027803,-0.12112629375266015,0.08781306747095279,-0.09248758092962985,0.039629800695470625,-0.05126943112191639,-0.011112315304220017,-0.0005652796328539961,-0.045781968241704836,0.04342542514054063,-0.08053562973890034,-0.03511569801936274,0.033602494193646706,-0.05051637814481514,0.0503161676513419,-0.09063762945770398,0.09169993287430013,-0.10192336135196206,0.08450101726947329,-0.09095787988448326,0.07736447299963273,-0.17596341819317124,-0.17630711429395082,0.05759368182712393,-0.1755224347965829,0.0958543975535009,-0.1761075468802842,0.10351424259430739,-0.1761729832436489,0.09171874783173414,-0.17649403653862542
0.1917830371749191,0.19227436233631096,-0.24352908142973087,0.19327385005437353,-0.21636879684159802,0.1930042854027785,-0.19410876263221996,0.1929553593784156,-0.1761058141693059,0.1928007614773267,0.23200174321081607,-0.23353133074374896,0.2499999999999998,-0.24720213227988927,0.22508718996367078,-0.20801640647827324,0.19490800028947883,-0.17814160557035705,0.17514648622142504,-0.17027769943067755,-0.07595726324980767,0.14839495484511475,-0.1473239960481721,0.175187376164571,-0.15500628667171573,0.18756512573193798,-0.17196034565274906,0.1744261605442659,-0.17424906525382516,0.17655208778488968,0.10592534024350174,-0.0718405930791116,0.07652826569003163,-0.023638209695991643,0.03527992868052596,0.02717702586615104,-0.013283635070827826,0.05977476172479365,-0.05704367365507271,0.0943361276960334,0.05122427889405337,-0.04971925785952605,0.0666556554331096,-0.06645525361247585,0.10683034237155449,-0.10786456957737833,0.11797262821488398,-0.09878421118750753,0.10505301555420743,-0.09086462131796771,0.19221789229857328,0.19260952651847119,-0.07367449099419317,0.19182636564924674,-0.11203428726965481,0.19241226334556177,-0.11954751894421396,0.19247702739239328,-0.10582239835829954,0.19279930029949
-0.1897871971347355,-0.19025802274621736,0.24087813575806089,-0.19125534693342597,0.21644241287328994,-0.19106729517260512,0.19516622429326808,-0.19094414507016075,0.17728012218546604,-0.19078113603901287,-0.22959509104351922,0.2311419299003259,-0.24720213227988927,0.24999999999999983,-0.22671197209055172,0.20980200479356717,-0.19614389332511864,0.17938521852871997,-0.17638970262040263,0.1716163843276077,0.07798336355191252,-0.15042156369194226,0.14935634291718325,-0.17747906267757038,0.15728794555335354,-0.1897255442034408,0.1741190867527608,-0.175960944919876,0.1757849356803558,-0.17784718234632083,-0.1079036481095888,0.07387565175333456,-0.07856282467126306,0.025664886049905866,-0.03730912170233109,-0.025151896120302643,0.011242386242384246,-0.057735826420623707,0.05500922315562311,-0.09230261456399028,-0.04919996601906324,0.04769360286551321,-0.06463080656290715,0.06443038772586358,-0.10480705381143661,0.10584125887127796,-0.11594878812876243,0.09674869881683332,-0.10303938915478983,0.08886721712287148,-0.19020427893368122,-0.1905902074014832,0.07165860577941502,-0.18980667652945588,0.11001371166384284,-0.19039259590159488,0.11752722161724129,-0.1904573687696912,0.10380980193305894,-0.19077963969327952
0.21295535812847652,0.2134096241445069,-0.2222271599837399,0.21442963976937482,-0.2391725655725592,0.21424877218563884,-0.21819684201489373,0.21412565442109333,-0.20031915508705186,0.2139629159261807,0.2078566586803868,-0.20896014778086425,0.22508718996367078,-0.22671197209055172,0.2500000000000001,-0.23268069506681557,0.2191798932919325,-0.20215502131049823,0.19916731007909222,-0.19124276734666498,-0.05478837601698891,0.12723264435310422,-0.1262324139505428,0.15429035637046834,-0.13419543386522173,0.17674348180811403,-0.1609792072339575,0.18761075706294306,-0.18739107122704846,0.19794062409540342,0.0854678058921686,-0.05068388658354458,0.05537975138133384,-0.0025396668072250896,0.014163356531849344,0.048290905249941896,-0.033316760775579025,0.07985676478802219,-0.07674224951486253,0.11414474146901155,0.07234765077126051,-0.0708557141093229,0.0877944090625642,-0.08759406605659834,0.12797743747853108,-0.1289965819832417,0.1390436259790122,-0.11898913801948777,0.1250057967737501,-0.11028997854417635,0.21331560994898235,0.2137681902069906,-0.09472473345961642,0.21298832968442777,-0.13315637659294594,0.2135743595625198,-0.1405876847243172,0.21363869287747306,-0.125773163161721,0.21396154479643464
-0.19921719265987173,-0.19960759392590788,0.20540849738405126,-0.2002891683072121,0.22232805898454291,-0.20041011725340468,0.23365859653872711,-0.20036252594062617,0.2162363601058771,-0.20012335515674512,-0.19098056613451053,0.19198299232574734,-0.20801640647827324,0.20980200479356717,-0.23268069506681557,0.24999999999999983,-0.2359130982166922,0.21897865342015208,-0.21599021702255458,0.20802237154575068,0.04233872577886897,-0.1142907949795445,0.11333016782130632,-0.14129870287165525,0.14775415875847675,-0.19289086747416,0.17722963264292743,-0.20426079075421583,0.20404193137363127,-0.21443135136435978,-0.0725749840179229,0.04201326023342722,-0.046626219845531364,0.0162600564853631,-0.02791669065568744,-0.03447427621671956,0.019226225835409373,-0.06577021430820863,0.06261964285479062,-0.10003207085256992,-0.06011769525575705,0.058646437240242766,-0.07398688676147876,0.07378397150732807,-0.11414545395893894,0.1151596917765217,-0.1251896557298112,0.10492981449621325,-0.11107888813914428,0.09641845526364798,-0.19951436652330823,-0.19993049442977023,0.08097240681261757,-0.1991484502495285,0.11934096131528815,-0.19973438944453947,0.12675748771630424,-0.1997987084088449,0.1118540764218652,-0.20012148078975348
0.20973026938261663,0.21009045059554504,-0.1931721842585714,0.21045661006093874,-0.22697703724547635,0.21091943846669947,-0.24764099811126697,0.21088168833744672,-0.23010981225291355,0.21063222937499956,0.1778551396067657,-0.17865666573828431,0.19490800028947883,-0.19614389332511864,0.2191798932919325,-0.2359130982166922,0.24999999999999983,-0.23280576856126192,0.22982420142538512,-0.21920972229815133,-0.028516195359179923,0.1004147384318804,-0.09949279888920558,0.12741133282962852,-0.13436289004571264,0.1794852411750434,-0.16677799660472767,0.21019358829338722,-0.2099582722021746,0.22583136368680484,0.059062409201503865,-0.028450849584673067,0.03306264711932416,-0.004403793084864995,0.01605293575866417,0.04495620976748075,-0.02971608248028838,0.07626508095168984,-0.07295209083443878,0.11039956074805368,0.07121053675980223,-0.06975691429940972,0.0849006473138145,-0.08470000788594283,0.12469097509374998,-0.12565918644579524,0.1356907699609994,-0.11542774860513044,0.12144771671235828,-0.10659464256890297,0.20999006277953094,0.21043792814593795,-0.09182121966775099,0.20965779870742812,-0.12987376895431244,0.21024320435795268,-0.137240964109891,0.21030747609857908,-0.12221827108981428,0.21063038405123094
-0.1926103067796443,-0.1930087269816809,0.1765079655601772,-0.1933114938593014,0.2098862648696221,-0.19377256137767648,0.23064421950535036,-0.19373939669341306,0.24436074725669518,-0.19348576984209503,-0.16124004245647366,0.1619702161807891,-0.17814160557035705,0.17938521852871997,-0.20215502131049823,0.21897865342015208,-0.23280576856126192,0.2499999999999998,-0.2467262632258186,0.23631886771538857,0.017694084821525312,-0.08906165029128923,0.088164963513837,-0.11601322790288025,0.13091910783069058,-0.1759433159419803,0.18378823014312437,-0.2272705183767005,0.2270415744430379,-0.2425964472071984,-0.047671482155563855,0.020108514160515126,-0.024659929570652318,0.011769706262738952,-0.023446428768100307,-0.027866138675236126,0.012625648669559321,-0.05915088646121586,0.05584050876364405,-0.09327647239833022,-0.058637873627631114,0.05725737945586599,-0.07072568172977775,0.07054034703034771,-0.10788657149116014,0.10853618322556505,-0.11856304191379734,0.09830525425911074,-0.10446390386953039,0.08975657716405215,-0.19288287243905958,-0.193296312732802,0.07757025389810453,-0.19251540799989064,0.1130864165347283,-0.19309635243318674,0.1201404306738912,-0.1931606922212624,0.10524153793555452,-0.19348335141864348
0.18963924810968488,0.19004393720108295,-0.17353472549891497,0.1903352544053107,-0.20690877328531934,0.19079640766443895,-0.22768201132461166,0.19076401175880325,-0.24746801396057733,0.19050974919798166,0.1582579913788742,-0.15897436125204353,0.17514648622142504,-0.17638970262040263,0.19916731007909222,-0.21599021702255458,0.22982420142538512,-0.2467262632258186,0.24999999999999972,-0.23930472348208526,-0.01812143891545371,0.08766254776423894,-0.08679646216219064,0.11405461423699326,-0.12899701411742065,0.17334178540746764,-0.18127624570202178,0.22446356774486878,-0.2242392850168209,0.23967349133711444,0.04756324053480107,-0.020341636304215437,0.02476739980349341,-0.012234364392595223,0.023655479327756274,0.026952956731218593,-0.01200178732844474,0.05794528222298666,-0.05469125851074513,0.09165473585484372,0.05722719773556466,-0.05586258891960365,0.06915878800638177,-0.06897569532153043,0.10587783814494321,-0.1065251358626119,0.11644885021584028,-0.09658088879811086,0.10267984844044957,-0.08818912649110312,0.1899159656091293,0.19032245393264924,-0.07592823104875286,0.18955024460157335,-0.11102001792424207,0.19012460529810538,-0.11800868842236935,0.19018829848592958,-0.10344770030003335,0.1905072419842339
-0.17906481086294138,-0.17946186332644645,0.1684251804464259,-0.17976436570846074,0.19701788440618434,-0.18018394559281217,0.21709712845849147,-0.18015146545637187,0.23683869020554948,-0.17989724114057948,-0.15437740820380533,0.1551427319101448,-0.17027769943067755,0.1716163843276077,-0.19124276734666498,0.20802237154575068,-0.21920972229815133,0.23631886771538857,-0.23930472348208526,0.24999999999999975,0.0195393621630177,-0.08811013526053595,0.0872652877370356,-0.11392047140633778,0.1296617579676118,-0.17325356577127368,0.18473299653851036,-0.22722851305121586,0.22705060748365322,-0.24182555244091475,-0.048595284690764955,0.022561546254241335,-0.0268964706899397,0.017154079738443163,-0.028363713007573153,-0.019519348768993628,0.004841173762772372,-0.04988230939383569,0.046689192997080776,-0.08293938158248919,-0.05001238465042866,0.04868479798598615,-0.06143913795455562,0.06126241436987431,-0.09696248734111049,0.09753937759849586,-0.1072695927642625,0.08777464170076443,-0.09382077651526417,0.07966104374707113,-0.17933359905509008,-0.17971518198133687,0.06807995002277745,-0.1789571094779711,0.10201316115739399,-0.17951955210128223,0.10881065607738107,-0.17958204708029343,0.09457685812826294,-0.17989475082485681
-0.018625429576904634,-0.018853275094025887,0.07115924595439002,-0.019301714251470318,0.0446700512357597,-0.019113247681141254,0.027602801098509402,-0.018999584148745446,0.01846210629639957,-0.018826031392174196,-0.09039132427426438,0.09222093858994491,-0.07595726324980767,0.07798336355191252,-0.05478837601698891,0.04233872577886897,-0.028516195359179923,0.017694084821525312,-0.01812143891545371,0.0195393621630177,0.24999999999999983,-0.17749357190147233,0.1780715736187173,-0.1497469809023661,0.13452631837451667,-0.08987186317029737,0.07798948044490063,-0.034773058984615135,0.03493787892858502,-0.01984866894921888,-0.21796172813418294,0.1915690250063415,-0.18825525740019114,0.1417836603101037,-0.13961915845980288,0.09383765675650546,-0.08551147793367306,0.05325118619888732,-0.05190741700381377,0.028000942323525117,0.09261552098180235,-0.09389486463277877,0.08017488519535507,-0.08033287865559804,0.04805091868316009,-0.04640497977510468,0.03716389792199943,-0.030737126427230903,0.024190475774507742,-0.02827628613073207,-0.018790291277285615,-0.018697485400086682,-0.07412490900219669,-0.018068486946631962,-0.04384797558035429,-0.01852480906493187,-0.0358466902387227,-0.018584847302269485,-0.023712115957564093,-0.018825219152193002
0.09072001027775449,0.09106388791743628,-0.14272301598148926,0.09174678386987692,-0.1170442561000142,0.0915585440902718,-0.09924693106828054,0.0914435573280103,-0.08806613579845048,0.0912717276708152,0.16271840070787033,-0.16465231677342793,0.14839495484511475,-0.15042156369194226,0.12723264435310422,-0.1142907949795445,0.1004147384318804,-0.08906165029128923,0.08766254776423894,-0.08811013526053595,-0.17749357190147233,0.24999999999999972,-0.24825036668698736,0.22031759834560616,-0.20124645173155484,0.15843179394791262,-0.14477900390059512,0.1040680523524647,-0.1041702270260188,0.09103339202927554,0.20213881603579645,-0.17285343427209485,0.17745874899003233,-0.1245422106289375,0.13619034588063622,-0.07382484235214004,0.0739018704530788,-0.028025351700608006,0.02849554309722789,0.007886671775844543,-0.049944417293672654,0.05151027733253715,-0.034617423318687515,0.03481788173672786,0.005470576907708813,-0.0066894471967275815,0.0175858399564971,-0.009385580291179179,0.01687141314386721,-0.006285618434759554,0.09100522237247163,0.09109734557056415,0.027186183167411098,0.09029969190314592,-0.010788043492590596,0.09088431562067967,-0.019271383037742493,0.09095372161800783,-0.01759215069167158,0.09127033741094166
-0.08982735106276375,-0.0901688752800791,0.14167537723910797,-0.09084776455474462,0.11607374290831252,-0.0906600819955612,0.09833020929856758,-0.0905454210762437,0.0871992394884626,-0.0903740763832385,-0.16133952471794788,0.16326482892460067,-0.1473239960481721,0.14935634291718325,-0.1262324139505428,0.11333016782130632,-0.09949279888920558,0.088164963513837,-0.08679646216219064,0.0872652877370356,0.1780715736187173,-0.24825036668698736,0.24999999999999994,-0.22124252580643133,0.20216322521432903,-0.15786055404118926,0.1442330752015401,-0.10326173153898266,0.10336846921165772,-0.09014071954864754,-0.20318357998509376,0.17419651329656627,-0.1788326376870965,0.12586305555091168,-0.13756652770680744,0.07507188938485211,-0.07497420636833269,0.029002644786038364,-0.029448222479806583,-0.007001433680574699,0.05108203581118628,-0.05265123125407727,0.03573207072682844,-0.0359329039121164,-0.0044252406884356405,0.005646685711232765,-0.01657123908088859,0.008474916689936437,-0.015986484511764383,0.005417153183041512,-0.09011041329644767,-0.0901995673552649,-0.028283579008142854,-0.08940037403257792,0.009753160131555427,-0.08998600196686526,0.018260921038775704,-0.0900555757617717,0.016707942020772675,-0.09037268626544798
0.11765862394575237,0.11803995155481097,-0.16934298034725545,0.1188073555600591,-0.14407869928402142,0.11861920197711477,-0.1261488318989814,0.11850408724685897,-0.11446144668714046,0.11833251980403861,0.1810728567960765,-0.18288426554740927,0.175187376164571,-0.17747906267757038,0.15429035637046834,-0.14129870287165525,0.12741133282962852,-0.11601322790288025,0.11405461423699326,-0.11392047140633778,-0.1497469809023661,0.22031759834560616,-0.22124252580643133,0.2500000000000002,-0.22922920552927356,0.18526603275296558,-0.17087229670826967,0.1302812497765784,-0.13028859491955364,0.11795084890701893,0.17648343974349107,-0.14587708243337072,0.15053844016759688,-0.09766427754419463,0.10936400125136565,-0.04695462963688838,0.05288345687333732,-0.006754494182317566,0.008001618609149377,0.02872634159403152,-0.022944120875741086,0.024493337396921,-0.007593945140187089,0.00779437200902517,0.03250902870315892,-0.03364808925120747,0.044202740990782204,-0.0313373242231816,0.0384857948110744,-0.026618702607891946,0.1179798573404897,0.11815375310529645,0.00027370973730476555,0.11736006825145208,-0.037794872447832216,0.11794487235818621,-0.045867363456454036,0.11801234295555116,-0.03923394170454759,0.11833102807816455
-0.0976558373694693,-0.09799322012897498,0.14930154328497747,-0.09869155231565938,0.12401934993655836,-0.09850608240349117,0.13244348292328348,-0.09846008129580822,0.12821838134389543,-0.09821818372681448,-0.161084293043163,0.16283131657740277,-0.15500628667171573,0.15728794555335354,-0.13419543386522173,0.14775415875847675,-0.13436289004571264,0.13091910783069058,-0.12899701411742065,0.1296617579676118,0.13452631837451667,-0.20124645173155484,0.20216322521432903,-0.22922920552927356,0.24999999999999994,-0.20385855162519415,0.18968317652573222,-0.14673685791054814,0.14675705171647827,-0.13331693938027553,-0.16058983385644082,0.1361767012345601,-0.14072739444142687,0.11793558064796625,-0.129684337666773,0.06720775169225066,-0.0730587961331466,0.026891819802542686,-0.0281000285992644,-0.00864984042472693,0.041088289273686004,-0.042613161387628315,0.027832835596976045,-0.028037095148237476,-0.012305737226190593,0.013448651082879489,-0.024018947134267846,0.011225496599090027,-0.018584555138039183,0.006895339428753899,-0.0979221440165287,-0.09804203491186894,-0.020422046755261748,-0.09724426000819303,0.01762181045220007,-0.09782963582502394,0.02571828254182433,-0.09789731242447762,0.01934173806694232,-0.0982160982536286
0.1424782516563133,0.14285868158654122,-0.18252201871865772,0.1434445567146706,-0.1664345160423516,0.1435074530461684,-0.177415526197631,0.14346219301678265,-0.17257128715419282,0.14322005604704938,0.18129239494257898,-0.18267168366851286,0.18756512573193798,-0.1897255442034408,0.17674348180811403,-0.19289086747416,0.1794852411750434,-0.1759433159419803,0.17334178540746764,-0.17325356577127368,-0.08987186317029737,0.15843179394791262,-0.15786055404118926,0.18526603275296558,-0.20385855162519415,0.24999999999999997,-0.23314241113474052,0.19187881330436496,-0.19173226589042652,0.1786427075212154,0.11833388172674261,-0.09080794706418867,0.09536984112002414,-0.07270243697847337,0.0844067358399044,-0.022013087894079277,0.037293573398054766,0.009139196128062677,-0.0066716504634908224,0.04387153076525112,0.004078057684178383,-0.0025838590368940737,0.01734686914853158,-0.017143069916012298,0.057437086949126595,-0.058455014530783236,0.06845633248970309,-0.04822267880092081,0.05500675736912026,-0.04127563161483994,0.14278107705247092,0.1430369372822796,-0.024557926155545837,0.14224736240826386,-0.06268994836783287,0.14283191111711252,-0.07011551198782617,0.14289635903693448,-0.05580548310164311,0.1432178485242026
-0.12673699615883283,-0.1271298218549429,0.16702940622283394,-0.12766219825066974,0.1507150477439243,-0.12772185584972762,0.16476750994245906,-0.1276880505090695,0.1788985326677804,-0.1274344207640125,-0.16605182402193272,0.16738214233998053,-0.17196034565274906,0.1741190867527608,-0.1609792072339575,0.17722963264292743,-0.16677799660472767,0.18378823014312437,-0.18127624570202178,0.18473299653851036,0.07798948044490063,-0.14477900390059512,0.1442330752015401,-0.17087229670826967,0.18968317652573222,-0.23314241113474052,0.25,-0.2049718617991721,0.204823314634979,-0.1895372133696469,-0.1059009250151002,0.08111555006272479,-0.08563691677631713,0.07549648589120148,-0.08723511466355872,0.038015531382919014,-0.05329941607829584,0.006816264372795411,-0.009266623818790858,-0.0279790222697082,0.0063307492115806455,-0.007734391976432135,-0.005400489039112538,0.00521838594799145,-0.041965379025802045,0.04254894846215089,-0.05256371199442863,0.032319801703509565,-0.03923354942361616,0.02563796708996876,-0.12702751474217086,-0.12725673284270056,0.01248980189179294,-0.12646588483609453,0.047241974608312025,-0.12704538981482338,0.054250663949603956,-0.1271100179010285,0.04003994544897359,-0.12743181172442727
0.17006823959583622,0.17046249045104048,-0.1717912557075095,0.1708337568696313,-0.18948528894398967,0.17116616296250134,-0.20808666930000147,0.17113283192350903,-0.22208354303181105,0.17087928176758876,0.16085383014260782,-0.16176644745894053,0.1744261605442659,-0.175960944919876,0.18761075706294306,-0.20426079075421583,0.21019358829338722,-0.2272705183767005,0.22446356774486878,-0.22722851305121586,-0.034773058984615135,0.1040680523524647,-0.10326173153898266,0.1302812497765784,-0.14673685791054814,0.19187881330436496,-0.2049718617991721,0.2499999999999999,-0.2484618988499278,0.23337057358480598,0.0639575823611258,-0.03750836419552615,0.042038371348113245,-0.031658590475517584,0.043325067668822055,0.006240584116389089,0.008992432163891895,0.037257286232241726,-0.033957013493455854,0.07117779587609988,0.03756220755232885,-0.03618934990544381,0.04931930983845149,-0.04913730038262013,0.08585341646787945,-0.08644971672989214,0.09640836720896533,-0.07620009924060342,0.0825377543029792,-0.06805926462497118,0.1703423819196246,0.17069497737248016,-0.05619108039067404,0.16991558108492438,-0.09104727987053436,0.17049228511133285,-0.09801249126272406,0.17055630635893998,-0.08332076445128218,0.1708768091978344
-0.16981854999561902,-0.1702125934455743,0.171611043487802,-0.17058384041711624,0.18925286811145603,-0.17091557459486315,0.20785157439857152,-0.17088222624604255,0.22185833156046045,-0.17062857360190578,-0.1607206180077442,0.1616348708702869,-0.17424906525382516,0.1757849356803558,-0.18739107122704846,0.20404193137363127,-0.2099582722021746,0.2270415744430379,-0.2242392850168209,0.22705060748365322,0.03493787892858502,-0.1041702270260188,0.10336846921165772,-0.13028859491955364,0.14675705171647827,-0.19173226589042652,0.204823314634979,-0.2484618988499278,0.25,-0.23326557289575267,-0.06412571561770392,0.03778571874455629,-0.04231979312963822,0.03214003136794842,-0.04383892781073025,-0.0055254017559086405,-0.00973247681311845,-0.03630700290540968,0.03300936987100131,-0.07043662799308537,-0.03698959896525355,0.03561629780768576,-0.048699397306109164,0.048518091129697107,-0.08512686059523933,0.08568920143020678,-0.09571324806597549,0.07545932204849698,-0.08184803635977143,0.06732222444213629,-0.17009155469579387,-0.17044368467409707,0.05560014833048242,-0.16965957330019468,0.09035348393076857,-0.1702392374942304,0.09732875292444813,-0.1703036873780054,0.0826356879510003,-0.17062609211842672
0.18645389468229845,0.18684828836452502,-0.17471596438219317,0.18717106125209523,-0.20390972811244537,0.1875918455345418,-0.22371570537146668,0.18755946463978548,-0.23734277579892538,0.18731112268589786,0.16034006250858984,-0.16108962851027803,0.17655208778488968,-0.17784718234632083,0.19794062409540342,-0.21443135136435978,0.22583136368680484,-0.2425964472071984,0.23967349133711444,-0.24182555244091475,-0.01984866894921888,0.09103339202927554,-0.09014071954864754,0.11795084890701893,-0.13331693938027553,0.1786427075212154,-0.1895372133696469,0.23337057358480598,-0.23326557289575267,0.24999999999999992,0.04957155432979978,-0.02252876321608259,0.0270722164354702,-0.01632185061078093,0.028009760339974134,0.02166715807661246,-0.006420913892206669,0.052949287758544746,-0.049639368099560814,0.0870820694153193,0.05317892516678149,-0.05180785627819081,0.06503112595489591,-0.06484841396282269,0.10175045598822755,-0.1023456812002579,0.1123738884232725,-0.09211230502783521,0.0983307247526214,-0.08366910725116221,0.18672481394814724,0.18712311207872845,-0.0718783945201943,0.18634134482694317,-0.10695849123608377,0.18692165630280422,-0.11396186442075737,0.18698603958984242,-0.09911122360491931,0.1873087009165744
0.05024388547464278,0.05051588871238027,-0.1008951527768172,0.051054022054426704,-0.07561885163645624,0.050872815203227666,-0.058079917243962574,0.05076013737562042,-0.04798379315848863,0.050594362923028983,0.1193126998070877,-0.12112629375266015,0.10592534024350174,-0.1079036481095888,0.0854678058921686,-0.0725749840179229,0.059062409201503865,-0.047671482155563855,0.04756324053480107,-0.048595284690764955,-0.21796172813418294,0.20213881603579645,-0.20318357998509376,0.17648343974349107,-0.16058983385644082,0.11833388172674261,-0.1059009250151002,0.0639575823611258,-0.06412571561770392,0.04957155432979978,0.24999999999999978,-0.21386635279667562,0.21069038226865291,-0.1583098290483376,0.15654699073649214,-0.09595909274177386,0.08878133993225389,-0.0472920937977528,0.04622577862171299,-0.014553724892119091,-0.09065488978062698,0.09224946321367623,-0.07540220721857839,0.07560186638150002,-0.035278902850974306,0.0332849511944492,-0.021638055238635562,0.017010166131050563,-0.00892963778758162,0.015373885642449087,0.05046468476159548,0.0504259262956005,0.06779882282826881,0.04962174628093135,0.02990859391036283,0.05020684498537659,0.019981991499036105,0.050282957987140386,0.008300197368679783,0.05059326340234048
-0.014525988708610271,-0.01474743552057702,0.06707363053166425,-0.015181833210593399,0.04056922818257514,-0.014993621028574464,0.027448319576077143,-0.014890477467945057,0.020409130861204338,-0.014706134865896293,-0.08599917400131611,0.08781306747095279,-0.0718405930791116,0.07387565175333456,-0.05068388658354458,0.04201326023342722,-0.028450849584673067,0.020108514160515126,-0.020341636304215437,0.022561546254241335,0.1915690250063415,-0.17285343427209485,0.17419651329656627,-0.14587708243337072,0.1361767012345601,-0.09080794706418867,0.08111555006272479,-0.03750836419552615,0.03778571874455629,-0.02252876321608259,-0.21386635279667562,0.2499999999999998,-0.2449438518706103,0.1930856123169238,-0.18272964443754922,0.12258265058806184,-0.11032672684396826,0.07075917823345838,-0.06860192561611213,0.039298422869008656,0.12666388810112086,-0.1282844156952083,0.1114225872115122,-0.1116220051210819,0.07125978842466014,-0.0689137789628122,0.056769794796268085,-0.044158397925998925,0.035587229653590846,-0.03944270742084468,-0.014692997842024097,-0.01454300272364298,-0.10366248321609259,-0.013732548319563626,-0.06584032917233523,-0.014318247809187626,-0.055099211612361226,-0.014398200647635553,-0.035008954371149203,-0.014705076928577017
