x1,x2,x3,x4,x5,x6,x7,x8,x9,x10,x11,x12,x13,x14,x15,x16,x17,x18,x19,x20,x21,x22,x23,x24,x25,x26,x27,x28,x29,x30,x31,x32,x33,x34,x35,x36,x37,x38,x39,x40,x41,x42,x43,x44,x45,x46,x47,x48,x49,x50,x51,x52,x53,x54,x55,x56,x57,x58,x59,x60
0.25,0.24725792455918325,-0.07417299948331169,0.24707804885156673,-0.08817664734807443,0.2480242721173151,-0.1245840181302392,0.24764325057148615,-0.18018856346096873,0.2483182749915274,0.0552269327537902,-0.059368996579053354,0.06256804088650386,-0.0739793147028534,0.07850581880593833,-0.08839145210171404,0.11907574491910365,-0.16424993787536374,0.1696966331238801,-0.14242820030190492,-0.04222456876203446,0.05416964644993113,-0.06500251293497904,0.06386350019725627,-0.05379467658112654,0.05798767550242983,-0.06046149249908565,0.1075532912398689,-0.1097924230400272,0.15138468975872205,0.07324780183259169,-0.06404018260481492,0.060916115603803875,-0.0573985713752111,0.05253902190077463,-0.034757160765749306,0.045655705578530104,0.026459611691155953,-0.030131081017645167,0.1318311534628309,-0.06155655776400064,0.05977194222297211,-0.05525613409331119,0.050076559200498263,-0.030372459846968333,0.010021203674390753,0.016340350091279904,-0.07100391437266725,0.11319543198077245,-0.11377163682046361,0.24774654960650422,0.2476509706115204,0.03676949205481403,0.24583360974931154,0.010769876763236846,0.24790043756519228,-0.024356284295888476,0.2472660234196533,-0.12284082732672337,0.24832293176674325
0.24725792455918325,0.2500000000000001,-0.07686670654610096,0.2476896953721194,-0.09031343593568184,0.2486401120460949,-0.12615829647485294,0.24825117772833655,-0.18095168503657427,0.24893010539731641,0.05766966205400234,-0.061811006801878246,0.0650081591762473,-0.0763251158896113,0.08072008599520146,-0.09029349972679425,0.12064455530721965,-0.16519176290954024,0.17054997398279392,-0.14352262362996743,-0.044450290451713476,0.05651429873086925,-0.06727559199359111,0.06612835673874043,-0.05595359522152651,0.05994178379815762,-0.06234846013329208,0.10894447193166686,-0.11117554273352351,0.15239213370487548,0.07544192470469976,-0.06624874076265413,0.06315071276329322,-0.059587612783097856,0.054687783146615446,-0.036704317313701926,0.04751243144687241,0.0253851298397036,-0.029090010792225493,0.13171177172712292,-0.06369855783359528,0.06193205566020071,-0.05739522614383686,0.05220636259446085,-0.03231604176613054,0.011754354890074127,0.015114455652644186,-0.0703311364974852,0.11290835877414032,-0.1134903911767365,0.2483618601938161,0.2482568836127907,0.038728787442680816,0.24642254901037386,0.012528706891137255,0.24850846288100273,-0.023204782713908308,0.2478690823860835,-0.12264336918174369,0.24893478430767757
-0.07417299948331169,-0.07686670654610096,0.25000000000000017,-0.07708459353651083,0.19972494244219063,-0.07606096319038175,0.14835943804920398,-0.07572423491172744,0.09060891707849608,-0.0758383409207999,-0.22815534132087656,0.23252491360935812,-0.23591941804658487,0.22461417470956135,-0.20944748136028582,0.18189292866725906,-0.15094801213034248,0.10473293719663594,-0.09811348291822354,0.11855672190835802,0.21033996440470204,-0.222459771288372,0.21623081074587253,-0.21537919234667555,0.20521459125195168,-0.18694769269709613,0.1816997145303212,-0.143332338984632,0.14288269552616187,-0.1119865761346362,-0.2097171220296291,0.2104331212717334,-0.2124844227055035,0.20813007863941585,-0.20418905099878437,0.18589434985560777,-0.17811769132597233,0.09973106149064254,-0.09632581613317541,0.0020658339301835096,0.20414588403542616,-0.20569710806046887,0.20339933046528968,-0.20213616679565505,0.18362780282708632,-0.16393482533592668,0.11464467149739357,-0.05863790146374631,0.019224475739280558,-0.018633850376388955,-0.07611871603098964,-0.07523864592170654,-0.18518712485332642,-0.07352123440151306,-0.164801011579442,-0.07544933419194877,-0.1070506753749429,-0.07493388630946529,-0.010074772579771928,-0.07584070044547427
0.24707804885156673,0.2476896953721194,-0.07708459353651083,0.2500000000000001,-0.09103557005997412,0.248470537600777,-0.12690587952177657,0.24807261685297197,-0.18108875284564935,0.2487494319572023,0.05811428364899067,-0.0622655097894787,0.06546528518149664,-0.07687127211237288,0.08134132847373794,-0.09093260179351186,0.1213765116387411,-0.16543214812711138,0.17074055096832033,-0.1437373064568139,-0.044906073578927175,0.05698090723704474,-0.06780940195119654,0.06666175397241904,-0.056477825324056735,0.060499457974788534,-0.06287514990812783,0.10919807171080068,-0.1114211031274285,0.1525550284580848,0.07593916147979067,-0.06676620690078981,0.06368133448065033,-0.06011253106079804,0.05521068767550552,-0.03720634640225225,0.04801427047095207,0.02500605786645045,-0.02871521614848252,0.13145278287546208,-0.06420191596949394,0.06244244515780423,-0.057907382989090976,0.052725519974774746,-0.03281324865806154,0.01223009348457378,0.014713986592949584,-0.07000239024046175,0.11262854214528852,-0.11321137085286696,0.24818304818409678,0.24807552543250427,0.039216792701605135,0.24623905418386294,0.013001660987959157,0.248327302862144,-0.022814007053792242,0.24768733086134315,-0.12237540668537725,0.24875410521630828
-0.08817664734807443,-0.09031343593568184,0.19972494244219063,-0.09103557005997412,0.2500000000000001,-0.09009227863098081,0.18223677410161304,-0.08978835565323252,0.11999862456806082,-0.08979383299694,-0.20524673677853084,0.20987155969725763,-0.21310608375107487,0.22445354618397004,-0.23948271674921295,0.21006172293412825,-0.1854913251027459,0.13458480260743397,-0.12759308830968996,0.14355578350942694,0.19247899079391476,-0.20462789977462947,0.21519099501843397,-0.2144309959452944,0.21456837935940293,-0.20270350162311412,0.1974672533415437,-0.1620411885612009,0.16160868163603398,-0.13699675838419995,-0.2092333001040557,0.21289601152363172,-0.21467569331810432,0.2135535616359643,-0.21331690486078417,0.19447135853135122,-0.19037903632612396,0.10640933894314683,-0.10272425116124334,0.0003705257416441732,0.2071713649125721,-0.20856737847822276,0.20686004227296523,-0.2071028306910896,0.18811719549166894,-0.1704842114588667,0.12155579792941187,-0.06177064868196504,0.019003561635238045,-0.01836547195281939,-0.09004819596479607,-0.08916160430905375,-0.18732128061089678,-0.08732650027917048,-0.16773527543995229,-0.08937105832873174,-0.11331270986530242,-0.08879787111335129,-0.009051480802414637,-0.08979596906378437
0.2480242721173151,0.2486401120460949,-0.07606096319038175,0.248470537600777,-0.09009227863098081,0.2500000000000001,-0.12636887177359324,0.24901924255314986,-0.1816944888180327,0.24969635568550025,0.05715365205411757,-0.06130118649980749,0.06450070246325727,-0.07591181768454021,0.08040284031767424,-0.0901508070066864,0.12080599264058017,-0.16578084264455528,0.1712012957239421,-0.14394062686590917,-0.043943358931767706,0.05601747048936033,-0.06685116207607947,0.06570221147985102,-0.05553590167579205,0.059624056833428966,-0.062065801528454194,0.109071834534306,-0.11131590888104555,0.15288698104541942,0.07507692038875301,-0.06584762264404577,0.06272703472864898,-0.05916880819231291,0.05426797844825769,-0.03627009191523718,0.04716898584921715,0.02576299826880244,-0.029471878794130102,0.1322122389994474,-0.06330923677531834,0.061530419983501505,-0.05698245445580527,0.05177668137086966,-0.03186565885528801,0.01128792697246599,0.015504344483974943,-0.0707615022148955,0.11338683544625837,-0.11396932779636246,0.24912500163093798,0.249022313179411,0.038297972608682576,0.24718600875278235,0.012057564466325624,0.2492742253423934,-0.02360357159160193,0.24863379200437735,-0.12313267090899715,0.24970103970728794
-0.1245840181302392,-0.12615829647485294,0.14835943804920398,-0.12690587952177657,0.18223677410161304,-0.12636887177359324,0.25000000000000017,-0.12675006594425436,0.17048695664676403,-0.12607723167445997,-0.14819863151533821,0.15247127932391955,-0.15568153036675011,0.16706702454168101,-0.1806945132074676,0.20717104363393907,-0.24108765858544368,0.181137071751536,-0.17502720737851019,0.16490924824841546,0.13534221295756363,-0.14734602014733034,0.15795908897461636,-0.15716844209727715,0.1596425579342836,-0.1784512215967502,0.17575924350770591,-0.15394177029094133,0.15395717340423637,-0.16074154923626263,-0.15590346463949262,0.15744321597449656,-0.15811342293924663,0.15808343832086544,-0.15854335623479554,0.1563682847137652,-0.1617540310195202,0.08082649650133053,-0.07716573671415441,-0.0244471614391647,0.15364131931708186,-0.15400499338476087,0.15237144018694113,-0.15244919893151612,0.1372604537190557,-0.13225846975120528,0.09365072486218556,-0.036447481025446864,-0.0059182319379365465,0.006535772274113133,-0.12610086898205047,-0.1254964041846735,-0.1338049738551427,-0.1237890092655286,-0.11725076417955015,-0.1256574187260401,-0.08549983609463636,-0.12505890148089602,0.015781496143580438,-0.1260791407695119
0.24764325057148615,0.24825117772833655,-0.07572423491172744,0.24807261685297197,-0.08978835565323252,0.24901924255314986,-0.12675006594425436,0.25000000000000017,-0.18226083652096403,0.24930928339810396,0.056853142901229836,-0.0609948808029512,0.06419471535520915,-0.07560656622898188,0.08016055324981608,-0.09040828037712931,0.12115400667426926,-0.16629048688211223,0.17174092916512188,-0.14445285713979142,-0.04364632944242548,0.05571886906901506,-0.06655243975653455,0.06540635873167872,-0.05542865576236574,0.059931864821725425,-0.06244352020904075,0.10954622263973346,-0.11179187432451604,0.15340949998200326,0.07478044398607497,-0.06561164356054511,0.06248936511782989,-0.05899348414080638,0.05416531479848595,-0.03663442210451334,0.047545624727001565,0.02536907369183551,-0.02907693339104185,0.1318101731422281,-0.06310176962931895,0.06132354373213307,-0.0567997167263407,0.05163251021485263,-0.031838472545188776,0.01165627420203745,0.015115187767080472,-0.07036385394010362,0.11298622623213671,-0.1135688032537387,0.2487385129953336,0.24863702031021107,0.038132758700459554,0.2468041863090149,0.012032514971033876,0.24888717326397766,-0.023214277017199907,0.24824672294816041,-0.12273250005694615,0.24931394895201076
-0.18018856346096873,-0.18095168503657427,0.09060891707849608,-0.18108875284564935,0.11999862456806082,-0.1816944888180327,0.17048695664676403,-0.18226083652096403,0.2500000000000003,-0.18158718266071724,-0.08108465116185168,0.08506870237170085,-0.08828968775981326,0.09970030166292783,-0.1145430442371619,0.1422442116624488,-0.17048197170324894,0.22925425046626247,-0.23895713790542794,0.21170712271240433,0.06976210617346347,-0.08177032756166354,0.09250582398947203,-0.0917272992828907,0.1027322863733865,-0.123106748487778,0.12962037308514843,-0.17664000435914018,0.17865010222668615,-0.21936926446047866,-0.09778061464205458,0.09771301474677885,-0.09530132560092225,0.0982982766193365,-0.10156777510401963,0.10361317980332835,-0.11482368944424906,0.041908214260599375,-0.038300922441518385,-0.06428782973603339,0.0962975092385208,-0.09545778051946822,0.09334948281438253,-0.09259344875083672,0.07880452985651995,-0.07898946171906922,0.052181279928410484,0.0029249807449899445,-0.04555348475338081,0.046153585061302495,-0.18131001439701602,-0.18101454586868626,-0.07522046209617338,-0.17934555385425466,-0.058871999896300244,-0.18116303833175093,-0.04400747506044935,-0.18052342891644346,0.05545955418073516,-0.1815886037261848
0.2483182749915274,0.24893010539731641,-0.0758383409207999,0.2487494319572023,-0.08979383299694,0.24969635568550025,-0.12607723167445997,0.24930928339810396,-0.18158718266071724,0.2500000000000003,0.05687370974292118,-0.0610200602741289,0.06421946068506047,-0.07563063353398737,0.080104023480331,-0.08986012637873597,0.12052210545232808,-0.16564291808752474,0.17107649691962312,-0.14378853971263705,-0.04366272950366003,0.05573644755305323,-0.0665705385417014,0.06542090852075917,-0.05523744643495352,0.05932773553960656,-0.061779316410803566,0.10888196005245361,-0.11112957873707484,0.15275198104772458,0.07481940531611235,-0.06556803356486669,0.06244037413102316,-0.05887828270389485,0.05396954003647192,-0.0359729313613044,0.04688033608341542,0.02603776388504614,-0.02974677724334343,0.13248566352003913,-0.06303505579167312,0.061250495313242226,-0.056698340892008973,0.05148453275778987,-0.03157229040414471,0.01098975517029303,0.015783426912855256,-0.07103598886027257,0.11366023160516997,-0.1142426393170988,0.24941752616852989,0.2493163924086258,0.03801593886151406,0.24748012026119182,0.011765677353306705,0.24956837196532192,-0.023882161050274634,0.2489278933898838,-0.12340530092420886,0.24999518090163353
0.0552269327537902,0.05766966205400234,-0.22815534132087656,0.05811428364899067,-0.20524673677853084,0.05715365205411757,-0.14819863151533821,0.056853142901229836,-0.08108465116185168,0.05687370974292118,0.2500000000000002,-0.24512595979009574,0.24171106524661262,-0.2304708522319512,0.21530061356116212,-0.185453731277372,0.1512700676152698,-0.09741685192550713,0.08989176141597463,-0.11356315036445828,-0.22319909421051087,0.2350610422676804,-0.2243832882728893,0.22357554117479175,-0.21344172435409692,0.19352579559538421,-0.18766622613844283,0.14256159176171396,-0.1418830847045857,0.10582243469095697,0.21669005102525346,-0.21821234667374825,0.2207008713135111,-0.21631037906923978,0.2124751358981018,-0.19447921166837262,0.1852361140214682,-0.10877697683238684,0.10550643254822815,-0.01496160057459741,-0.21173251741596302,0.21355859479266476,-0.2115193427618568,0.2106209465205554,-0.1927427918697478,0.17348990287294683,-0.1236597147598654,0.06932375516948788,-0.03143176297047675,0.030858765730524724,0.05722827070043936,0.056298325079374205,0.19390047036204316,0.05464306440920163,0.17458784271877342,0.05649975633758879,0.11634758833656561,0.05601186750260505,0.022620259343009104,0.05687568072370776
-0.059368996579053354,-0.061811006801878246,0.23252491360935812,-0.0622655097894787,0.20987155969725763,-0.06130118649980749,0.15247127932391955,-0.0609948808029512,0.08506870237170085,-0.0610200602741289,-0.24512595979009574,0.2500000000000003,-0.24652369448269967,0.2352628567245964,-0.21997258558884225,0.18974729827711606,-0.15540629256755728,0.10127040333391002,-0.09369384437716206,0.11741249698524009,0.2274342052867315,-0.23962774599225803,0.22909136695287302,-0.22825654109611873,0.2179002780153408,-0.1976706117297525,0.19174726461666422,-0.14647320070212966,0.14581267507301854,-0.10965850420339449,-0.2213699256119397,0.22282779827157162,-0.2253196613357537,0.22083389665124065,-0.2169001645395208,0.19836213062207197,-0.18909183947958014,0.11037230681684106,-0.10699747950524628,0.0135629840204292,0.21620819191353174,-0.21804338566170198,0.21591762002384074,-0.2149515950588548,0.19651513703314563,-0.17668835632906127,0.12564503962597393,-0.06965706400967428,0.0305605130430761,-0.029970056219357943,-0.06137352811889699,-0.0604261942251305,-0.19775431570989974,-0.05871882928313903,-0.17779110421404198,-0.06063420481368899,-0.11810208176465993,-0.06012964628362275,-0.021470961760069202,-0.06102212882313119
0.06256804088650386,0.0650081591762473,-0.23591941804658487,0.06546528518149664,-0.21310608375107487,0.06450070246325727,-0.15568153036675011,0.06419471535520915,-0.08828968775981326,0.06421946068506047,0.24171106524661262,-0.24652369448269967,0.25000000000000017,-0.23850178935634028,0.2232196674494699,-0.19299857112956603,0.15865029092668187,-0.10449847391673316,0.09691945622013476,-0.12032081367059436,-0.22414636406897434,0.23635997160357494,-0.2300223010852065,0.2291830246964593,-0.21884069098857298,0.1994249587402901,-0.19353196259686423,0.14880177902263125,-0.1481489504423477,0.11257888123218987,0.2223667484398716,-0.2238045182442817,0.2262377377930475,-0.22175420923459158,0.2178156024773871,-0.19920069352997763,0.190395868029029,-0.110660543189497,0.10723422781759023,-0.012350274488109578,-0.21716616570138494,0.2189761451377315,-0.2167979836040724,0.21577826912605408,-0.1971104252671198,0.17716153616964092,-0.12601253367079415,0.06930968088999603,-0.02961234065261831,0.0290139259496915,0.06456693116368374,0.06361688507290789,0.19837663361147542,0.061885097412981406,0.17810751628193788,0.06382766395624445,0.11835440556658616,0.06331327529139082,0.0203823697656853,0.06422160511291783
-0.0739793147028534,-0.0763251158896113,0.22461417470956135,-0.07687127211237288,0.22445354618397004,-0.07591181768454021,0.16706702454168101,-0.07560656622898188,0.09970030166292783,-0.07563063353398737,-0.2304708522319512,0.2352628567245964,-0.23850178935634028,0.2500000000000002,-0.2346477754922876,0.20442605635261235,-0.17008142257571632,0.11593193647085108,-0.10835191579983605,0.1315824245593451,0.21785198294857713,-0.23005435761214602,0.2405465474585669,-0.23967601405592848,0.2293598550341838,-0.21017920597397172,0.20435127109758605,-0.15979835225254668,0.15919330125125591,-0.12389500219241412,-0.23273314557175317,0.23434252517864268,-0.23669608077951276,0.23217763627332588,-0.22822236691419812,0.20906550604826005,-0.20042887809039467,0.11481412498976455,-0.11111239243203465,0.00856589655378269,0.22743646876981452,-0.22924520771524942,0.22687478940735673,-0.22573584495493632,0.20583003540558112,-0.185174554487718,0.13110720125266295,-0.07011429988285532,0.02722608459593926,-0.026581711517643884,-0.07596998042002076,-0.07498240322685155,-0.20705418244616994,-0.07311998089498399,-0.18532939962853562,-0.07520709625678457,-0.12283797535298019,-0.0746476708570408,-0.01725784073372734,-0.07563282911747564
0.07850581880593833,0.08072008599520146,-0.20944748136028582,0.08134132847373794,-0.23948271674921295,0.08040284031767424,-0.1806945132074676,0.08016055324981608,-0.1145430442371619,0.080104023480331,0.21530061356116212,-0.21997258558884225,0.2232196674494699,-0.2346477754922876,0.2500000000000002,-0.21964668468113357,0.18531177947185898,-0.1311082025966263,0.12357863406673088,-0.14412475467803126,-0.20260511753951582,0.2147866254472822,-0.22536117829621027,0.22461731784318156,-0.22490180065127618,0.2128050435425855,-0.20710322897175615,0.16735833936994604,-0.16674549284256576,0.13646291458651727,0.21856630628464785,-0.22287532793813716,0.2249097075240617,-0.22377930467225943,0.22365176071200904,-0.20471060864558965,0.2001425953760771,-0.11544118760107047,0.111752096138137,-0.00918806344153128,-0.2169160280397141,0.2185114956092179,-0.21691443002911004,0.2173693864137078,-0.19835529460202697,0.1807222101208584,-0.1308139232260999,0.07072239665423447,-0.027850168387606525,0.027208033963361918,0.08041272093556744,0.07947205760342238,0.19726911864919952,0.07763195473016687,0.17789064011267888,0.07968029490462045,0.12254184397797425,0.07910849049563984,0.01785878913867928,0.08010606174924254
-0.08839145210171404,-0.09029349972679425,0.18189292866725906,-0.09093260179351186,0.21006172293412825,-0.0901508070066864,0.20717104363393907,-0.09040828037712931,0.1422442116624488,-0.08986012637873597,-0.185453731277372,0.18974729827711606,-0.19299857112956603,0.20442605635261235,-0.21964668468113357,0.25000000000000017,-0.21506970239851206,0.1595974407541998,-0.151938263148258,0.16784644105169766,0.17265234695256695,-0.18480556427387446,0.19541147358048852,-0.19469190331958425,0.1986888947960884,-0.21936050160126913,0.21386600445245538,-0.1824578726414955,0.18183129293159583,-0.1602654382440801,-0.19063702618892317,0.19479401026538268,-0.19611551974995972,0.1963598269086722,-0.19758312838125214,0.19524190939975772,-0.19990742891320834,0.11693427154231993,-0.11326773286304725,0.010647686246064207,0.19023008586727158,-0.19132892513092084,0.19007245661255434,-0.19088364058204538,0.17567400842591524,-0.1710619487317821,0.13028593370688132,-0.07216352725479595,0.02932020148744585,-0.028688218004058567,-0.0900917038013061,-0.0892807355463711,-0.17108104751786937,-0.08755477402525019,-0.15531473630718892,-0.08943604742704402,-0.12200556234429068,-0.08883680438134814,-0.01927641042314899,-0.08986185413888595
0.11907574491910365,0.12064455530721965,-0.15094801213034248,0.1213765116387411,-0.1854913251027459,0.12080599264058017,-0.24108765858544368,0.12115400667426926,-0.17048197170324894,0.12052210545232808,0.1512700676152698,-0.15540629256755728,0.15865029092668187,-0.17008142257571632,0.18531177947185898,-0.21506970239851206,0.2500000000000001,-0.18784827831883058,0.17913536010006806,-0.16952654862051142,-0.1383658883468676,0.15048896584173946,-0.16114524244784373,0.16038876036547123,-0.1654279975276912,0.18623526238788987,-0.18408906615915052,0.1610450782460856,-0.16083840003959418,0.1617837448848273,0.15877359594507803,-0.16138313911130114,0.1621287046517539,-0.16289273032039273,0.16433036308805585,-0.1646506205069705,0.16999491013651485,-0.08813513966210915,0.08444568142382554,0.018160458848831648,-0.1576948815111177,0.15814803337688207,-0.1567917627909544,0.1574037512338756,-0.14282149165862157,0.14033996715386757,-0.10113476350210615,0.04333156090671312,-0.0005445275670576252,-8.137346393475024e-5,0.120572768865395,0.11994808061123413,0.13812101890230927,0.11824455908499544,0.12260331158491258,0.1200980985916477,0.09289611950288248,0.11949433207668676,-0.0094311650415471,0.12052387558335509
-0.16424993787536374,-0.16519176290954024,0.10473293719663594,-0.16543214812711138,0.13458480260743397,-0.16578084264455528,0.181137071751536,-0.16629048688211223,0.22925425046626247,-0.16564291808752474,-0.09741685192550713,0.10127040333391002,-0.10449847391673316,0.11593193647085108,-0.1311082025966263,0.1595974407541998,-0.18784827831883058,0.2500000000000002,-0.23981440611932994,0.21528737349540497,0.08543181323231443,-0.0975116513676071,0.10824497185640741,-0.10749958556010773,0.11919042307590799,-0.14011499033924876,0.14601291252260074,-0.19319713918228926,0.19422961397502722,-0.20759321561252825,-0.11264631136803593,0.11368269568550485,-0.11128891992357812,0.1144152406351321,-0.11802520769904493,0.11990275750539743,-0.13120995939512695,0.058176175338540845,-0.05458685930906725,-0.04815245558519638,0.111965898694045,-0.1114416805190678,0.10940875029645897,-0.1087886717499464,0.09501323411457034,-0.09531118546012696,0.0684673682026486,-0.013300986588830131,-0.029411034321610408,0.030014286646965798,-0.16545877529263006,-0.1650723207506621,-0.09114258832572272,-0.1634000952789561,-0.07498670441698374,-0.16521868869868006,-0.06025896651250584,-0.16457814832736525,0.03937290278779447,-0.16564482185866022
0.1696966331238801,0.17054997398279392,-0.09811348291822354,0.17074055096832033,-0.12759308830968996,0.1712012957239421,-0.17502720737851019,0.17174092916512188,-0.23895713790542794,0.17107649691962312,0.08989176141597463,-0.09369384437716206,0.09691945622013476,-0.10835191579983605,0.12357863406673088,-0.151938263148258,0.17913536010006806,-0.23981440611932994,0.2500000000000004,-0.2221794535460934,-0.07858961561686144,0.0906015070092068,-0.10134028282487832,0.10058918504983395,-0.11246206813959808,0.13346570580956432,-0.14022558915057803,0.18741054242847857,-0.18883418478743083,0.21420383430582388,0.10608238816192138,-0.1068275581911278,0.10443306517397805,-0.10765742107588136,0.11130554339844322,-0.1141423866199423,0.12542663584362543,-0.05249838164126779,0.04890560716373351,0.053707641498998274,-0.10529168923045154,0.10464413877126305,-0.10263990723888854,0.10206311013386624,-0.08852131294597423,0.08955852673261956,-0.06277069201759944,0.007670014797361667,0.03498141604371793,-0.035583339224658145,0.17085702212230644,0.17050917249960354,0.08447206529278974,0.16884589388850904,0.06854629891212713,0.17065275919561418,0.054580433623518006,0.1700129173051305,-0.044916975198944,0.17107837420615357
-0.14242820030190492,-0.14352262362996743,0.11855672190835802,-0.1437373064568139,0.14355578350942694,-0.14394062686590917,0.16490924824841546,-0.14445285713979142,0.21170712271240433,-0.14378853971263705,-0.11356315036445828,0.11741249698524009,-0.12032081367059436,0.1315824245593451,-0.14412475467803126,0.16784644105169766,-0.16952654862051142,0.21528737349540497,-0.2221794535460934,0.2500000000000003,0.1035396009124231,-0.11552052833718364,0.12615158806909013,-0.12545278424716946,0.13789541746618564,-0.15879011096552711,0.16629022250758582,-0.2131723559958062,0.2144732307328905,-0.2400620482954982,-0.1292286706946007,0.1315222248077676,-0.12947713796965188,0.13275119997761672,-0.13676314049965868,0.14033299545531214,-0.15162052053569858,0.07887923119936122,-0.07533622680662722,-0.026925794441391232,0.1295539579771672,-0.1294201269360506,0.12761564488738825,-0.1273766452377224,0.11411587906224277,-0.11594919294606583,0.08914681492522045,-0.03424345397406774,-0.00829630078219324,0.00890030636366925,-0.14371971621644658,-0.1432297762707817,-0.1093580127610549,-0.1415759932163491,-0.09410589251785262,-0.14336621456777207,-0.08094781279429772,-0.14272889139501324,0.01826506220988719,-0.14379026856710525
-0.04222456876203446,-0.044450290451713476,0.21033996440470204,-0.044906073578927175,0.19247899079391476,-0.043943358931767706,0.13534221295756363,-0.04364632944242548,0.06976210617346347,-0.04366272950366003,-0.22319909421051087,0.2274342052867315,-0.22414636406897434,0.21785198294857713,-0.20260511753951582,0.17265234695256695,-0.1383658883468676,0.08543181323231443,-0.07858961561686144,0.1035396009124231,0.2500000000000003,-0.23750851558096595,0.22690577640620996,-0.2255908729047641,0.21523631345773095,-0.19246639906805596,0.1863242959868107,-0.13804136393847843,0.13730865779796905,-0.09565203553401824,-0.21868616155851234,0.2200351237880927,-0.22294287414518743,0.21846805706942374,-0.21459155952083264,0.1971096151333478,-0.18623489197269688,0.11266935965123334,-0.10952604874506394,0.0225200737514894,0.21349985600234633,-0.21548723128365385,0.21367635991892434,-0.21308425336167314,0.19592547680871084,-0.17718525388814924,0.12716584069903214,-0.07477187196374346,0.03833837892657182,-0.03778246950559973,-0.04405780151064816,-0.04311166664176874,-0.19669698615205589,-0.041521849898244916,-0.17848566884533623,-0.04330324004431992,-0.12013619711262959,-0.04284122535822156,-0.029861095199999018,-0.04366438598085219
0.05416964644993113,0.05651429873086925,-0.222459771288372,0.05698090723704474,-0.20462789977462947,0.05601747048936033,-0.14734602014733034,0.05571886906901506,-0.08177032756166354,0.05573644755305323,0.2350610422676804,-0.23962774599225803,0.23635997160357494,-0.23005435761214602,0.2147866254472822,-0.18480556427387446,0.15048896584173946,-0.0975116513676071,0.0906015070092068,-0.11552052833718364,-0.23750851558096595,0.25000000000000017,-0.23905569664147874,0.23773508904011073,-0.2273954277569476,0.2044982440903618,-0.1984524656037603,0.1500755498608658,-0.14940503394496848,0.10772222892023137,0.230277523935851,-0.23218910284945257,0.23492388743079406,-0.23038941106121147,0.2264915321585125,-0.20777501267179949,0.19687951360590153,-0.11647095341588208,0.11304203420752108,-0.01810307234200204,-0.22532178866936353,0.2273208569828688,-0.2252571696798661,0.2244579939671686,-0.2057773283090243,0.18580681694860735,-0.13234328291168823,0.07511043515838631,-0.03537109279547168,0.03476805366427057,0.05612531894245422,0.05513464466281307,0.2067699755915717,0.0534002412380908,0.18672676464627022,0.05534420539351538,0.12467384652136121,0.054836211337848946,0.026131384723416962,0.05573835298095701
-0.06500251293497904,-0.06727559199359111,0.21623081074587253,-0.06780940195119654,0.21519099501843397,-0.06685116207607947,0.15795908897461636,-0.06655243975653455,0.09250582398947203,-0.0665705385417014,-0.2243832882728893,0.22909136695287302,-0.2300223010852065,0.2405465474585669,-0.22536117829621027,0.19541147358048852,-0.16114524244784373,0.10824497185640741,-0.10134028282487832,0.12615158806909013,0.22690577640620996,-0.23905569664147874,0.25000000000000017,-0.2482785467296091,0.23796371938019856,-0.21501484997162792,0.20904203976119087,-0.1607013905507158,0.16007552490028645,-0.11842651385141184,-0.24058482314247517,0.24276358910758347,-0.24541342023958646,0.24084625145062627,-0.2369391905222541,0.21770508721692405,-0.20680537742104182,0.12062886442128985,-0.11693077816130631,0.014511491939969128,0.23562631022673478,-0.23763174894815917,0.2353789279838656,-0.23446021115971866,0.21457433125240694,-0.1939230682274263,0.13744884307967212,-0.07599917564424105,0.03314420540452919,-0.03249610747400115,-0.0669526968202529,-0.06592428950785857,-0.21552513649650268,-0.064062532476226,-0.19406159585358304,-0.06614735767838316,-0.12918299720754425,-0.06559588678413306,-0.023184334949282105,-0.06657253589346765
0.06386350019725627,0.06612835673874043,-0.21537919234667555,0.06666175397241904,-0.2144309959452944,0.06570221147985102,-0.15716844209727715,0.06540635873167872,-0.0917272992828907,0.06542090852075917,0.22357554117479175,-0.22825654109611873,0.2291830246964593,-0.23967601405592848,0.22461731784318156,-0.19469190331958425,0.16038876036547123,-0.10749958556010773,0.10058918504983395,-0.12545278424716946,-0.2255908729047641,0.23773508904011073,-0.2482785467296091,0.25000000000000056,-0.23739293561936878,0.21443519973799569,-0.2084530910694123,0.16004233239617013,-0.15940924176296034,0.11771102108886947,0.23960596584390415,-0.2418907308876292,0.2445434098750253,-0.24007311295480555,0.23627828558145375,-0.21710022546926896,0.20623454909046546,-0.12053721883574949,0.11686214953156798,-0.015076135932034673,-0.23479358767380093,0.23680025029767393,-0.23458749145018482,0.23372778873314984,-0.21397031347061557,0.19346698413014832,-0.13727089895988148,0.07618429231727057,-0.03359302690785911,0.03294866101053491,0.06580450715699374,0.06477893717660568,0.21485240783957943,0.06292861234161347,0.19358111305483353,0.06500033259928785,0.12905524404991403,0.06445247392790736,0.02369333957012612,0.06542288093914604
-0.05379467658112654,-0.05595359522152651,0.20521459125195168,-0.056477825324056735,0.21456837935940293,-0.05553590167579205,0.1596425579342836,-0.05542865576236574,0.1027322863733865,-0.05523744643495352,-0.21344172435409692,0.2179002780153408,-0.21884069098857298,0.2293598550341838,-0.22490180065127618,0.1986888947960884,-0.1654279975276912,0.11919042307590799,-0.11246206813959808,0.13789541746618564,0.21523631345773095,-0.2273954277569476,0.23796371938019856,-0.23739293561936878,0.2500000000000005,-0.22687749785203043,0.2208862511339024,-0.17251418617979278,0.17187347775401077,-0.13016099621862617,-0.2293041861737462,0.23868554922749016,-0.24145346767197068,0.2440337389850271,-0.24845598351366133,0.22938295861892544,-0.21859989121440876,0.1322939148974112,-0.12860709310654,0.02604717481177258,0.23295193624155697,-0.23500125074113973,0.2347177020110986,-0.23782210338651621,0.21982518883939545,-0.20561119729833038,0.14912657282431646,-0.08761932977067735,0.04470047617826308,-0.04404209709911999,-0.055645307344179946,-0.054628905928698686,-0.21509418919032997,-0.05280912508818636,-0.19927906139822718,-0.05481343196396297,-0.14083736660795892,-0.054260902745380556,-0.03469552438135721,-0.05523903400307681
0.05798767550242983,0.05994178379815762,-0.18694769269709613,0.060499457974788534,-0.20270350162311412,0.059624056833428966,-0.1784512215967502,0.059931864821725425,-0.123106748487778,0.05932773553960656,0.19352579559538421,-0.1976706117297525,0.1994249587402901,-0.21017920597397172,0.2128050435425855,-0.21936050160126913,0.18623526238788987,-0.14011499033924876,0.13346570580956432,-0.15879011096552711,-0.19246639906805596,0.2044982440903618,-0.21501484997162792,0.21443519973799569,-0.22687749785203043,0.2500000000000004,-0.24198560471830097,0.19359424492143767,-0.1929295530586001,0.1511905656996621,0.2077728426420617,-0.2162580516458949,0.21849002888138475,-0.22126058794966094,0.22572786887327853,-0.22371031082833226,0.22811681842474613,-0.14351405712517223,0.13987528529027893,-0.0379748380517298,-0.21163085042764662,0.21323176786351203,-0.21308004542332337,0.21605033187795208,-0.20173445655685945,0.19981878668057662,-0.1572335569520322,0.09908496572818531,-0.05649212566562809,0.05585383715392494,0.0597072950881904,0.058771813426053574,0.1941518052878112,0.057072325017814084,0.18140940738469724,0.058906304963545084,0.1489744522358651,0.05831725550446305,0.046455828488030704,0.059329058324706044
-0.06046149249908565,-0.06234846013329208,0.1816997145303212,-0.06287514990812783,0.1974672533415437,-0.062065801528454194,0.17575924350770591,-0.06244352020904075,0.12962037308514843,-0.061779316410803566,-0.18766622613844283,0.19174726461666422,-0.19353196259686423,0.20435127109758605,-0.20710322897175615,0.21386600445245538,-0.18408906615915052,0.14601291252260074,-0.14022558915057803,0.16629022250758582,0.1863242959868107,-0.1984524656037603,0.20904203976119087,-0.2084530910694123,0.2208862511339024,-0.24198560471830097,0.2500000000000004,-0.20110894725456005,0.2004439132438953,-0.15873420217507916,-0.20189818885091917,0.21030444784021923,-0.2125039741599373,0.21532791586315017,-0.21979667875600267,0.22305922361394248,-0.234767899131542,0.1497376484155872,-0.14608030172834274,0.043586135624564426,0.20601300588954446,-0.20744013459757654,0.20735816017924827,-0.21037859286737792,0.19707041843992634,-0.19888807704005718,0.16217900524496415,-0.1050259736312819,0.06220379435280077,-0.061568915385644594,-0.06215575811514845,-0.06123519852291104,-0.1884929801301627,-0.059558833511878226,-0.17665605883567118,-0.06135536744189452,-0.1538604023402659,-0.06074473900472756,-0.05206543141971414,-0.0617805924442605
0.1075532912398689,0.10894447193166686,-0.143332338984632,0.10919807171080068,-0.1620411885612009,0.109071834534306,-0.15394177029094133,0.10954622263973346,-0.17664000435914018,0.10888196005245361,0.14256159176171396,-0.14647320070212966,0.14880177902263125,-0.15979835225254668,0.16735833936994604,-0.1824578726414955,0.1610450782460856,-0.19319713918228926,0.18741054242847857,-0.2131723559958062,-0.13804136393847843,0.1500755498608658,-0.1607013905507158,0.16004233239617013,-0.17251418617979278,0.19359424492143767,-0.20110894725456005,0.2500000000000005,-0.24736053034500877,0.20592382400182552,0.1617946187760326,-0.16609078775041214,0.16409438523354702,-0.16718812266768407,0.1714014021266068,-0.1748293930615624,0.18637298981493586,-0.11358055033755718,0.11009361719737791,-0.007984958338903836,-0.163396033878258,0.16394924066823655,-0.16220190262199619,0.1620180987789624,-0.14878824330890292,0.1506356805165485,-0.12392512012866319,0.06906508036889966,-0.026543243553336662,0.02593589375683575,0.10901460264417061,0.10832704645037333,0.1437112589568389,0.10667108235098563,0.128650317911749,0.10846015598281757,0.1156871433780944,0.10782349651350932,0.016500186411110025,0.10888348472073342
-0.1097924230400272,-0.11117554273352351,0.14288269552616187,-0.1114211031274285,0.16160868163603398,-0.11131590888104555,0.15395717340423637,-0.11179187432451604,0.17865010222668615,-0.11112957873707484,-0.1418830847045857,0.14581267507301854,-0.1481489504423477,0.15919330125125591,-0.16674549284256576,0.18183129293159583,-0.16083840003959418,0.19422961397502722,-0.18883418478743083,0.2144732307328905,0.13730865779796905,-0.14940503394496848,0.16007552490028645,-0.15940924176296034,0.17187347775401077,-0.1929295530586001,0.2004439132438953,-0.24736053034500877,0.2500000000000006,-0.20801208740314586,-0.16129117527528147,0.16547537579064805,-0.16346008903312748,0.1665547814452792,-0.17075483270972674,0.17417391830077264,-0.18571616515327843,0.1126231739272611,-0.10911111511420166,0.006362831501309306,0.1627876415407166,-0.16331341350372935,0.16154316209303904,-0.16133738678502973,0.14800743451567142,-0.14981849200988867,0.12292993738483157,-0.06782384744425032,0.025038325194251632,-0.024427282037631746,-0.11125349495235742,-0.11057116204262718,-0.142957709599993,-0.10890643239286396,-0.12776889785989637,-0.11070517342097308,-0.11464537990006306,-0.1100647575088005,-0.014937186749846862,-0.111131130266169
0.15138468975872205,0.15239213370487548,-0.1119865761346362,0.1525550284580848,-0.13699675838419995,0.15288698104541942,-0.16074154923626263,0.15340949998200326,-0.21936926446047866,0.15275198104772458,0.10582243469095697,-0.10965850420339449,0.11257888123218987,-0.12389500219241412,0.13646291458651727,-0.1602654382440801,0.1617837448848273,-0.20759321561252825,0.21420383430582388,-0.2400620482954982,-0.09565203553401824,0.10772222892023137,-0.11842651385141184,0.11771102108886947,-0.13016099621862617,0.1511905656996621,-0.15873420217507916,0.20592382400182552,-0.20801208740314586,0.25000000000000067,0.12196009280858407,-0.1237867129187514,0.12173701843950728,-0.1250547398550034,0.12901981006030086,-0.13258990686592848,0.14395372012285396,-0.07093386659332636,0.06736478036173103,0.03531887381078528,-0.12198703663936346,0.1216870552288684,-0.11986174314663312,0.11960918301054592,-0.10628055874558275,0.10807103141093918,-0.08123225491014342,0.026101953526156713,0.016602095668122294,-0.017207432678154944,0.15263494082234713,0.1521899168505488,0.10158585706886955,0.15052950127281686,0.08622041530053971,0.15232794432695104,0.0730108041281869,0.15168775384595493,-0.026591300378737748,0.15275377770072368
0.07324780183259169,0.07544192470469976,-0.2097171220296291,0.07593916147979067,-0.2092333001040557,0.07507692038875301,-0.15590346463949262,0.07478044398607497,-0.09778061464205458,0.07481940531611235,0.21669005102525346,-0.2213699256119397,0.2223667484398716,-0.23273314557175317,0.21856630628464785,-0.19063702618892317,0.15877359594507803,-0.11264631136803593,0.10608238816192138,-0.1292286706946007,-0.21868616155851234,0.230277523935851,-0.24058482314247517,0.23960596584390415,-0.2293041861737462,0.2077728426420617,-0.20189818885091917,0.1617946187760326,-0.16129117527528147,0.12196009280858407,0.2500000000000006,-0.2398376640803594,0.23674339524039992,-0.23222276267339642,0.22826971978665533,-0.20908127209136437,0.1982721712348523,-0.11276026848960487,0.10906281089791746,-0.006788103711736201,-0.23244615577531663,0.23434755891218748,-0.23034311682285838,0.22581141474150995,-0.2059457129396097,0.18529908734491735,-0.1294388450016778,0.06818304657843675,-0.025399219327456594,0.024760725430755463,0.07516977292428577,0.07416293494058958,0.21054359662142605,0.07231470348678565,0.18549126874455818,0.07439690987218911,0.1211932325285745,0.07384466671512116,0.015472205769781375,0.07482149984391558
-0.06404018260481492,-0.06624874076265413,0.2104331212717334,-0.06676620690078981,0.21289601152363172,-0.06584762264404577,0.15744321597449656,-0.06561164356054511,0.09771301474677885,-0.06556803356486669,-0.21821234667374825,0.22282779827157162,-0.2238045182442817,0.23434252517864268,-0.22287532793813716,0.19479401026538268,-0.16138313911130114,0.11368269568550485,-0.1068275581911278,0.1315222248077676,0.2200351237880927,-0.23218910284945257,0.24276358910758347,-0.2418907308876292,0.23868554922749016,-0.2162580516458949,0.21030444784021923,-0.16609078775041214,0.16547537579064805,-0.1237867129187514,-0.2398376640803594,0.2500000000000006,-0.2468592808279789,0.24228508399718646,-0.23838347997525838,0.21911678584174607,-0.20757597496062874,0.12125894186593772,-0.11755656487790808,0.014984880774437371,0.24231554781287856,-0.24440327533255793,0.24042093515217705,-0.23590810324570033,0.21599319869590144,-0.19531502632831507,0.13822405109897778,-0.07656634359091481,0.0336414705533201,-0.03299857162658632,-0.06597032076500063,-0.06491053428206517,-0.220499368768121,-0.06305622448823861,-0.19544020083100763,-0.06514412222738032,-0.12994347425592362,-0.06459340234414546,-0.023669481073511713,-0.0655699232142935
