x1,x2,x3,x4,x5,x6,x7,x8,x9,x10,x11,x12,x13,x14,x15,x16,x17,x18,x19,x20,x21,x22,x23,x24,x25,x26,x27,x28,x29,x30,x31,x32,x33,x34,x35,x36,x37,x38,x39,x40,x41,x42,x43,x44,x45,x46,x47,x48,x49,x50,x51,x52,x53,x54,x55,x56,x57,x58,x59,x60
0.25000000000000006,0.2471739060905626,-0.09072409138625227,0.24679706333233623,-0.13252715801728174,0.24748465688063623,-0.15747545703056998,0.2472533128254886,-0.18301541782579284,0.247750376908122,0.07128630334827178,-0.07216330482370982,0.08353504475199419,-0.08764624443806857,0.11882678190704905,-0.11050209459048552,0.1539624404151694,-0.16940416299053804,0.17300985704488475,-0.14382479557740682,-0.01984933705183599,0.05027529018189255,-0.058685329980454684,0.06740458599519385,-0.05616759583383102,0.06125311838760425,-0.05832371061894459,0.10574136220067454,-0.1064386413020712,0.1564809779647977,0.05940596306868055,-0.051493614497897924,0.05131662352659523,-0.044155443137350765,0.04750027920456468,-0.029582896672310892,0.032299063572309106,0.04484824902782936,-0.047324920155337874,0.13955370415912552,-0.02918403256293635,0.029415728109503943,-0.021560023029687167,0.020291137999443494,0.021265298377316035,-0.01810889311089718,0.07720677848727502,-0.09616560692636317,0.1286611612490876,-0.12320030289098863,0.24681288102826668,0.24731648130446646,0.008928852553311497,0.2458776800283027,-0.03986525062835572,0.24752879013403764,-0.0848982901226887,0.24748988139663358,-0.13756526342807524,0.24775391676651723
0.2471739060905626,0.25,-0.09349463752148358,0.24846906148633996,-0.13487280149334124,0.24915083025868004,-0.15919337830359434,0.2489095196830748,-0.1843666311199722,0.24941162923596724,0.07398333091893138,-0.07485938703515284,0.08622597705109912,-0.09030697003553217,0.12125119055393244,-0.11255783344282366,0.1556511899600607,-0.17089512676691235,0.17440830297505927,-0.14532467620322728,-0.021833693425844198,0.052669425327275754,-0.06107377227259686,0.06985152467603603,-0.05841705332826873,0.0633431269800161,-0.06033641585376883,0.10750014645718785,-0.10820201397797909,0.15801182864917052,0.06173502968795366,-0.05378543643340791,0.05360618355528997,-0.04632534610995259,0.049660470416153735,-0.03142208836294727,0.034136676570552374,0.044015010006048086,-0.04652500878565792,0.13995233223049533,-0.03115854719184874,0.03140261436321114,-0.023438311705113096,0.02215161773593182,0.019961826486487803,-0.016885485518223633,0.07679287093498237,-0.09600037134363724,0.12893614236007434,-0.12342564928495865,0.24847560771166824,0.24897215892883076,0.010639438569263778,0.2475144026821759,-0.03880528596095775,0.24918713806797446,-0.08458305481226842,0.24914794827636969,-0.1379563172799325,0.2494152089204997
-0.09072409138625227,-0.09349463752148358,0.24999999999999994,-0.09390676607431886,0.19188382527630726,-0.09308095596825616,0.12809375952104723,-0.09258251890953971,0.0945972432754925,-0.09294658769469544,-0.22792931166538227,0.2291364697360938,-0.2403537310143215,0.23625969218387008,-0.20537835996774045,0.17767336064191874,-0.13128537613272162,0.11062897789607302,-0.10128968552060486,0.11820488191507261,0.17596970543681603,-0.2065826700969597,0.21049040031575672,-0.217448075139883,0.20467126568324784,-0.1908604117799673,0.18482743837240834,-0.15094219734436343,0.15121562721713896,-0.11844132765003305,-0.20475996017264314,0.20383350375913076,-0.20367201516087785,0.19545144115593774,-0.19714021309778723,0.17343761394667234,-0.17302509024292584,0.09668719761588904,-0.0941372813793379,0.003042963399757896,0.18062267203348456,-0.18173725051117445,0.17400478822667392,-0.17274056182623695,0.13141353879056344,-0.12673032256782066,0.06481405271024018,-0.04590977857557909,0.012081590868859052,-0.015384237538965822,-0.0933429190159245,-0.09253040006682926,-0.16125885814799315,-0.09108946235918279,-0.11288379160814042,-0.09272560037523904,-0.057302931833827175,-0.09270423478127458,-0.003250085042642898,-0.0929497088821271
0.24679706333233623,0.24846906148633996,-0.09390676607431886,0.24999999999999997,-0.13571589568781492,0.24880969272442174,-0.1599392878631468,0.24854058989689107,-0.18457343360395706,0.24903478408731447,0.07446466720264446,-0.07534215833065994,0.08671781660276114,-0.09082676124370725,0.12200713637119605,-0.11329741915217387,0.15641594197806905,-0.17126799836229428,0.17468981556199797,-0.14562437393321764,-0.022300970543992566,0.05314724551033196,-0.06156782016423014,0.07036014696436274,-0.05892356544230634,0.06388896380615998,-0.06087103190071652,0.10785498624226954,-0.10855372295205237,0.15822736634356047,0.062209832684205366,-0.05427903141126076,0.05409978671367681,-0.04681330795249336,0.05016057065177919,-0.03191801113410644,0.03463784873510177,0.043544426039552636,-0.046055562898703384,0.13951924972581053,-0.0316407246342551,0.0318876162190595,-0.023920761733984747,0.022633606532685122,0.019495890976340684,-0.016407054008434854,0.0763355228942774,-0.095550019431381,0.128504044516873,-0.12299828191485407,0.24810265184953614,0.24859518755613697,0.011116173368219786,0.24713681405994975,-0.03834710402694342,0.2488101992215545,-0.08412897428351732,0.24877097410148316,-0.13752786999111313,0.24903836328769616
-0.13252715801728174,-0.13487280149334124,0.19188382527630726,-0.13571589568781492,0.25,-0.1350298156273423,0.17582888341617994,-0.13446007487881095,0.13531556773700743,-0.13475698709110387,-0.18825163187950003,0.1893507898352822,-0.2007333539290484,0.2046901305119865,-0.23552262800483417,0.20659401270789476,-0.17798532519631657,0.149362638598025,-0.13983134586804827,0.1422103500491336,0.13629304675917844,-0.16717453688354927,0.1751000036837403,-0.18437535696278823,0.17236078974377608,-0.16953556428273822,0.16398191925214528,-0.15113399380329093,0.1513754588278528,-0.14264007081614377,-0.17098303021986452,0.16828227009452112,-0.16811572990721962,0.16010875812703623,-0.16373655611414084,0.14246562928126644,-0.14373520836153295,0.06561911945437476,-0.06304242393524725,-0.030241023626858675,0.14495584234464742,-0.14586263468469207,0.137997612374074,-0.1367158547976109,0.09461207725464571,-0.09453703427527678,0.032908432536167334,-0.01366359219229572,-0.020528439762346837,0.016625175576490774,-0.13482600121393298,-0.13432810214903626,-0.1250261972552442,-0.1328587087544977,-0.07568347312593464,-0.13453111813369634,-0.025158062226775454,-0.13449956972481172,0.029564638920621607,-0.13476009268249292
0.24748465688063623,0.24915083025868004,-0.09308095596825616,0.24880969272442174,-0.1350298156273423,0.2499999999999999,-0.1596723971987417,0.2492854598011408,-0.18481991895363697,0.249722337607186,0.0737822493112846,-0.07465838220960347,0.08603412348675592,-0.09014424499870505,0.12132635895353935,-0.11269663750362269,0.15609003045936787,-0.17132363410971455,0.17485183693654646,-0.14562769487845423,-0.021616766564128212,0.052463142144370485,-0.06088685525788763,0.06967642946344976,-0.058242861274363594,0.06323880855298457,-0.06023713260877926,0.10759800234858015,-0.1083003792243167,0.15833270254173137,0.0615574128554347,-0.05359529419390671,0.053415973502772426,-0.0461340541090087,0.049478999788088784,-0.031251792899505526,0.033978306396417315,0.044205172408369894,-0.046715936791915866,0.1401816744316491,-0.030961202402591217,0.03120413764950345,-0.023236733304051946,0.021949558010099728,0.020180246262042595,-0.01707613954513748,0.07699697088832964,-0.09621162698192309,0.12915855591394956,-0.12364308567072993,0.24878417363155358,0.24928267329827944,0.01043302461652899,0.24782435109597392,-0.03903119155832441,0.24949775797935575,-0.08479069852642764,0.24945849558025876,-0.13818239531299917,0.2497259196208641
-0.15747545703056998,-0.15919337830359434,0.12809375952104723,-0.1599392878631468,0.17582888341617994,-0.1596723971987417,0.24999999999999994,-0.15990743169194588,0.20290698177219657,-0.15940307425461253,-0.11934701623878821,0.12027072220392793,-0.13158244859196508,0.1355442748692835,-0.16670546977592773,0.1933535504186826,-0.2427693987967935,0.21235176960342972,-0.20430647482927636,0.1832055791648236,0.06846687624008323,-0.09852382257862335,0.10660678772999864,-0.1158781946245052,0.1279190142139981,-0.14477245880674178,0.14643964928507797,-0.16215128103979337,0.16245278175716174,-0.18464093246355862,-0.1045010375863869,0.10406366036465502,-0.10395445241135555,0.10654741017381365,-0.12028644658205824,0.11825595525050597,-0.1208365020530342,0.04334833719062221,-0.040832385361589243,-0.05174900364536589,0.09207634742965415,-0.09264043624003762,0.08970560072374689,-0.08928825312539217,0.05782853666783218,-0.07057937231437661,0.01082249662493977,0.008180486341859625,-0.04168457813367284,0.037403772895243395,-0.1591263146637727,-0.15901828090706566,-0.07743241418243749,-0.1575994184156206,-0.03916819649256714,-0.15917874559222028,-0.003048456529146736,-0.1591413018729005,0.050646075228643686,-0.15940558199616994
0.2472533128254886,0.2489095196830748,-0.09258251890953971,0.24854058989689107,-0.13446007487881095,0.2492854598011408,-0.15990743169194588,0.2500000000000002,-0.18529842397248572,0.24948474908041304,0.07327361025496304,-0.07414793198538679,0.08552369236063298,-0.08963388137575197,0.12081674596186791,-0.11280160162682591,0.15632550822808844,-0.1717196174109086,0.17529222012470785,-0.14603790353909776,-0.021125530021874842,0.05195999202484224,-0.06038412741181472,0.0691770043908194,-0.05815289476833153,0.06335595338493472,-0.06046916560300745,0.10794241661953323,-0.10864592716641157,0.15875545862176121,0.06106141085127004,-0.05316955386206884,0.05299126867093956,-0.04588940963924579,0.049407059566911535,-0.03148077473113942,0.03420904700872689,0.04397159936398297,-0.04648209433481949,0.13994454286823554,-0.03072775418149075,0.030968733515890894,-0.02308763175833682,0.021815489054651215,0.0201314593516381,-0.01684556889404807,0.07676251906531242,-0.09597611433503613,0.12892205964046752,-0.12340886714504842,0.2485464010968807,0.2490458686053713,0.010293759865644755,0.24758820370847137,-0.03898025805372258,0.24926015544723132,-0.0845568610721481,0.2492208888524384,-0.13794562195988963,0.2494883100274581
-0.18301541782579284,-0.1843666311199722,0.0945972432754925,-0.18457343360395706,0.13531556773700743,-0.18481991895363697,0.20290698177219657,-0.18529842397248572,0.2500000000000001,-0.18481923084726906,-0.08125671662989836,0.08209257951199148,-0.09347000874317823,0.09741609875446088,-0.12405511433873331,0.15197445106514615,-0.2021034755133055,0.22898227920354047,-0.23967581037405622,0.2102884989900371,0.03432822322730342,-0.06296353390050924,0.07114122496522285,-0.07991930580058437,0.0939773658211801,-0.11190784356927529,0.11900373936415236,-0.16616560033054661,0.16683293126801993,-0.215448967331271,-0.07061568741633184,0.06918087945249386,-0.06907712852438834,0.07290676388359885,-0.08690220635565098,0.0905982146914674,-0.09339997870911142,0.0166097202810212,-0.014151791406833716,-0.07762644748595743,0.0592838586777243,-0.05965040001257965,0.05755539137972898,-0.057258259095964825,0.028271274013736938,-0.0432573257981482,-0.015627127880719148,0.03445269561747051,-0.06732326465533983,0.0626862973801327,-0.18427485253556297,-0.18443848985875622,-0.04555139733458929,-0.18304307503670045,-0.00982258457892263,-0.18459120944220192,0.023341817028649743,-0.18455329307411752,0.07619764846304777,-0.18481573798360398
0.247750376908122,0.24941162923596724,-0.09294658769469544,0.24903478408731447,-0.13475698709110387,0.249722337607186,-0.15940307425461253,0.24948474908041304,-0.18481923084726906,0.24999999999999997,0.07350898909086935,-0.07438454155936522,0.08576015399399016,-0.08987089219392586,0.12105316695432464,-0.11242725185067289,0.15583584435691067,-0.1712295851077091,0.17479582356963413,-0.14554065824215995,-0.021345145832850652,0.05219053365388218,-0.06061532718844907,0.06940352344960776,-0.05797102946043688,0.06296851298703122,-0.0599735578479101,0.10744864485207498,-0.10815229008825192,0.15827366146096603,0.0612973134737181,-0.05332299446246909,0.05314363956498967,-0.045863870910368365,0.04920721163595805,-0.03098523276305902,0.033712467700516696,0.04446990076285472,-0.046980517317347203,0.1404451138422081,-0.030691488421870153,0.03093285137942622,-0.022965613967575405,0.021678484688578237,0.02044996376141997,-0.01734284399297486,0.07726120116816668,-0.09647565940787992,0.1294191048590304,-0.12389987964474887,0.24904757326413762,0.24954843794269896,0.010162541756038585,0.2480901671636188,-0.039300418801150906,0.24976354453431227,-0.08505482520196048,0.24972427640952502,-0.13844276184836005,0.24999170065325874
0.07128630334827178,0.07398333091893138,-0.22792931166538227,0.07446466720264446,-0.18825163187950003,0.0737822493112846,-0.11934701623878821,0.07327361025496304,-0.08125671662989836,0.07350898909086935,0.2500000000000002,-0.24852329239998128,0.2372819557577754,-0.23309334296494666,0.20208572304607886,-0.1732675734201204,0.12301988588368575,-0.09942806641561251,0.0891500864305105,-0.10830806134360833,-0.19468081958460398,0.22530399679009996,-0.21893467231228164,0.22031864625683747,-0.207467532421275,0.19167877175724174,-0.18543495702667234,0.14617458413498133,-0.1464015295289378,0.10757528728547106,0.2125401911226653,-0.21227694342374492,0.21212144895284563,-0.20390496770702868,0.2022209885959549,-0.1782060621615333,0.17710507880409523,-0.10382557488027225,0.10136916963934198,-0.013994141179634208,-0.1896304592239125,0.19079666644445892,-0.1832649894640856,0.18203184004228484,-0.14209033002633814,0.13342950470404713,-0.07328530361996821,0.055096314133472296,-0.02247532477347624,0.025451289268007132,0.0740187901656948,0.07310991559748639,0.1709950177713753,0.07172437592856776,0.1242955833198329,0.07329686073452002,0.06612810288000029,0.07328348560697232,0.014003277672052691,0.07351204595981446
-0.07216330482370982,-0.07485938703515284,0.2291364697360938,-0.07534215833065994,0.1893507898352822,-0.07465838220960347,0.12027072220392793,-0.07414793198538679,0.08209257951199148,-0.07438454155936522,-0.24852329239998128,0.2500000000000003,-0.2385709389827716,0.23436637998351015,-0.2032278118973252,0.1743120958894877,-0.12394939844028184,0.10029149979707494,-0.08997373570419076,0.10916299237143515,0.19577494208633653,-0.22660906519094556,0.22023046601906052,-0.22158254716401846,0.20867785430543323,-0.19280896974495265,0.1865356860550481,-0.14716688946934597,0.14739698865428943,-0.10845994322423078,-0.21380178209228992,0.21352855542487276,-0.21337193160514506,0.2051134086784648,-0.20340860792298643,0.17924636880845596,-0.1781379062582386,0.10429588027888348,-0.10182083129154666,0.013774933443980487,0.19073005307875876,-0.19190308408980855,0.18432216815405156,-0.18308109599623146,0.14285146442152474,-0.1341250267941781,0.07352118586591493,-0.05519249133083749,0.022324910449857162,-0.02532841259248187,-0.07489520335134171,-0.07398244502893139,-0.17195948665234434,-0.07258636582974821,-0.12492056790111422,-0.07417077976436373,-0.06630918294274085,-0.07415732555751425,-0.013787920409178391,-0.07438761400610763
0.08353504475199419,0.08622597705109912,-0.2403537310143215,0.08671781660276114,-0.2007333539290484,0.08603412348675592,-0.13158244859196508,0.08552369236063298,-0.09347000874317823,0.08576015399399016,0.2372819557577754,-0.2385709389827716,0.2500000000000002,-0.2457470986918011,0.2146144491697048,-0.1857008371140976,0.13533511318040944,-0.11166980583235252,0.10135239694593215,-0.12011540231122579,-0.18501479954567218,0.21585516361473855,-0.2197705789748662,0.22681758655434528,-0.21397451803219664,0.19969034470800404,-0.19346876847963732,0.15577725502094097,-0.15602148106178979,0.11953069606214202,0.2136711314103681,-0.21310753396683785,0.2129460041604411,-0.2046409599600002,0.20639742092412133,-0.18238634503442785,0.18189594838616377,-0.1049976610869315,0.10242516412969438,-0.01066821758834819,-0.18970426904018065,0.19087210352439105,-0.18310124283755794,0.1818301372299613,-0.14022344214216753,0.13536046293078305,-0.07289265350589816,0.0538481519624764,-0.019684447905704505,0.022900752933768635,0.0862283157569324,0.08534172930484801,0.17025083027852386,0.08388945981544763,0.12155148775883307,0.08553744321947584,0.06532801821615787,0.08551633684222319,0.010786660771133626,0.08576326527630584
-0.08764624443806857,-0.09030697003553217,0.23625969218387008,-0.09082676124370725,0.2046901305119865,-0.09014424499870505,0.1355442748692835,-0.08963388137575197,0.09741609875446088,-0.08987089219392586,-0.23309334296494666,0.23436637998351015,-0.2457470986918011,0.25000000000000017,-0.21857959962435294,0.18966297944689545,-0.1392964480130816,0.1156099939943554,-0.10529329414012008,0.12396878915936373,0.18133962887841515,-0.21225270413111957,0.21998152255412745,-0.22944631803565302,0.216622857859834,-0.20258191935622816,0.19637475613611588,-0.15902310360499267,0.15927397455623676,-0.12343929278553238,-0.21399115856283002,0.21332925270159428,-0.21316575186031536,0.20483724688579438,-0.20806659648555786,0.18403546944610136,-0.18374963589553106,0.10564559529820955,-0.10303402029724042,0.009813355384365306,0.18968221689782883,-0.19085023639919263,0.18300354060846774,-0.18172039886936828,0.1395676362124018,-0.13625962270141198,0.07301816133332423,-0.053688792630037147,0.01900930684410259,-0.022304183318868312,-0.09032563233982005,-0.08944602127173569,-0.16995992263152895,-0.08797152757468495,-0.12060280378479257,-0.08964461932181417,-0.06531437862517075,-0.08962050105898925,-0.009969080285058971,-0.08987399152965092
0.11882678190704905,0.12125119055393244,-0.20537835996774045,0.12200713637119605,-0.23552262800483417,0.12132635895353935,-0.16670546977592773,0.12081674596186791,-0.12405511433873331,0.12105316695432464,0.20208572304607886,-0.2032278118973252,0.2146144491697048,-0.21857959962435294,0.25000000000000033,-0.22056350223722035,0.17038376840667852,-0.14083739701085365,0.13047417876202283,-0.13945395434245647,-0.15015729868327365,0.18105798322750474,-0.1889287443710433,0.19826910968893166,-0.1861981582343312,0.18338757103076414,-0.17746710123931184,0.15658263794804048,-0.1567877678577638,0.13908558100180474,0.18423549618610552,-0.1821568418796481,0.18199171280968898,-0.17387520941484436,0.17758110682368008,-0.15609118376139033,0.15730865448854034,-0.0791625868409115,0.07657669486553945,0.016730360389965566,-0.15871707894756107,0.15970402395673491,-0.15183901341422237,0.15055576709477944,-0.10841804208356294,0.10818657136096524,-0.046438584992347,0.027189273280407475,0.007169499825375396,-0.0034601469527263105,0.12124406415550368,0.12062525845470873,0.13884049299474083,0.11915380610262791,0.08947099979962976,0.12082699264491888,0.03868588508619108,0.12079580506737655,-0.016211889318213955,0.12105617155194591
-0.11050209459048552,-0.11255783344282366,0.17767336064191874,-0.11329741915217387,0.20659401270789476,-0.11269663750362269,0.1933535504186826,-0.11280160162682591,0.15197445106514615,-0.11242725185067289,-0.1732675734201204,0.1743120958894877,-0.1857008371140976,0.18966297944689545,-0.22056350223722035,0.2500000000000003,-0.19943361258406253,0.1694474176676163,-0.15908510977313264,0.16560099494080538,0.12189885466226796,-0.15231911530286008,0.1602330633562978,-0.1697999355738719,0.1831879339200208,-0.2004887600963365,0.19463572279568947,-0.17758481343753826,0.1777697894746393,-0.16496299763986141,-0.1560035185259068,0.15811417451645163,-0.15801228861322206,0.16058528790839155,-0.17520513314373456,0.1669079746762985,-0.1692627609543193,0.09109083825745104,-0.08851807906959337,-0.004831479825800143,0.14481677655915665,-0.14569240822601123,0.142318977008735,-0.14187204022900352,0.10841525838760825,-0.11896982454871001,0.05828050861450519,-0.03911437747030391,0.0047542937018199005,-0.008376641654249114,-0.11259596342277502,-0.11203647476476362,-0.12977339512959787,-0.11059385551991766,-0.08953580173276884,-0.11220030360184485,-0.05044970729940884,-0.11216413304936142,0.004295678670200525,-0.1124295588748537
0.1539624404151694,0.1556511899600607,-0.13128537613272162,0.15641594197806905,-0.17798532519631657,0.15609003045936787,-0.2427693987967935,0.15632550822808844,-0.2021034755133055,0.15583584435691067,0.12301988588368575,-0.12394939844028184,0.13533511318040944,-0.1392964480130816,0.17038376840667852,-0.19943361258406253,0.25000000000000006,-0.21760221105511354,0.20715731740342497,-0.1865551111557774,-0.07177104460395554,0.10205903146669477,-0.11017120752082628,0.11954036580984072,-0.13306068735589888,0.15073173718370772,-0.15252940463927517,0.16758752091469453,-0.16784086869820322,0.18600941521379866,0.10789000422449155,-0.10788091036307636,0.1077750255738691,-0.11096088045522942,0.1254179765720472,-0.1241318035190668,0.12673605546149916,-0.04859256141451058,0.04605491894474801,0.047307478442228094,-0.09636302903419394,0.09695049363176023,-0.09426062171306156,0.09388802196355904,-0.06269791710760532,0.07606459793214242,-0.015789769571095447,-0.0033710827411747423,0.03720640821023026,-0.03295589235979609,0.15559362778311575,0.15545043351647705,0.08190491343389036,0.15402091166427198,0.043880729570890314,0.15560946947734064,0.007947245037701785,0.1555717688655945,-0.04624469513282556,0.1558382631698752
-0.16940416299053804,-0.17089512676691235,0.11062897789607302,-0.17126799836229428,0.149362638598025,-0.17132363410971455,0.21235176960342972,-0.1717196174109086,0.22898227920354047,-0.1712295851077091,-0.09942806641561251,0.10029149979707494,-0.11166980583235252,0.1156099939943554,-0.14083739701085365,0.1694474176676163,-0.21760221105511354,0.2500000000000002,-0.23893813395430724,0.21263150168998324,0.05015036736165666,-0.08035020993529737,0.08854300405640968,-0.09785049655829607,0.11263502604032688,-0.13114674978939003,0.1386018385853515,-0.1861354402999469,0.18654199936743057,-0.21186703310193009,-0.0870140231658896,0.08640596441208225,-0.086305718556016,0.09032234357651837,-0.10525631469260095,0.10948577697163381,-0.11241881221481212,0.03424335562934029,-0.03174204087449736,-0.06170022733510773,0.07649586200414299,-0.07696194076995835,0.07496347783741196,-0.07468144239735972,0.045441235592499164,-0.0613400763527637,0.0014104980033718215,0.01774133886813844,-0.05139610530778173,0.046918612708956184,-0.17082716080137292,-0.17084797757539688,-0.06273028028351468,-0.16942647925427548,-0.0266469774559749,-0.17100054315050953,0.006452198433750011,-0.1709613464655483,0.060435644807156554,-0.17122928470716392
0.17300985704488475,0.17440830297505927,-0.10128968552060486,0.17468981556199797,-0.13983134586804827,0.17485183693654646,-0.20430647482927636,0.17529222012470785,-0.23967581037405622,0.17479582356963413,0.0891500864305105,-0.08997373570419076,0.10135239694593215,-0.10529329414012008,0.13047417876202283,-0.15908510977313264,0.20715731740342497,-0.23893813395430724,0.2500000000000003,-0.22042181133706937,-0.04277760351592702,0.07139258720004595,-0.07953497434126162,0.08836251121951885,-0.10315136442565685,0.1214828156557052,-0.12900267222990955,0.17628213792760367,-0.1768114777726273,0.2135881960950515,0.07862209653416505,-0.07775087743880615,0.07765127587926131,-0.08175488390496388,0.09613033069980151,-0.10057699600233577,0.1034085380246572,-0.0266224942021384,0.02416586545134944,0.0676055852035276,-0.06819696573802836,0.06861402923093006,-0.06670893835640998,0.06644196168342331,-0.037867988666588435,0.05326717365978695,0.005617517019318176,-0.02443490392647643,0.05741036174968618,-0.052914321236822756,0.17433622610938623,0.174418480095874,0.05471224582108993,0.17302355006950448,0.019416159047378832,0.17456841589526553,-0.013335101397321409,0.17453050638817158,-0.06628638878805539,0.1747930131450285
-0.14382479557740682,-0.14532467620322728,0.11820488191507261,-0.14562437393321764,0.1422103500491336,-0.14562769487845423,0.1832055791648236,-0.14603790353909776,0.2102884989900371,-0.14554065824215995,-0.10830806134360833,0.10916299237143515,-0.12011540231122579,0.12396878915936373,-0.13945395434245647,0.16560099494080538,-0.1865551111557774,0.21263150168998324,-0.22042181133706937,0.2500000000000002,0.06699498659605375,-0.09505525355684478,0.10293794703516898,-0.11163713716982075,0.12650252374821325,-0.1448082510325866,0.15252169475958244,-0.19958325112381128,0.20009001386664546,-0.23661566666041764,-0.10104221759156233,0.10142282252760867,-0.10133168212152682,0.10536039541794429,-0.1197139797178714,0.12456321359729315,-0.1274201305144672,0.05205090391770687,-0.04964343962298421,-0.04041369232470652,0.09211553247906645,-0.09267052543502831,0.09092797722826204,-0.09068294012797745,0.0628963004400775,-0.07820452966631775,0.020401018550036926,-0.00195042846896512,-0.03069787727558577,0.026655756547093585,-0.14531765520741313,-0.14517384030486377,-0.07912855988888041,-0.14380311962555836,-0.04476952659912101,-0.1453172013435007,-0.012823117626500012,-0.14528013343139312,0.0394139776878391,-0.14553782818024205
-0.01984933705183599,-0.021833693425844198,0.17596970543681603,-0.022300970543992566,0.13629304675917844,-0.021616766564128212,0.06846687624008323,-0.021125530021874842,0.03432822322730342,-0.021345145832850652,-0.19468081958460398,0.19577494208633653,-0.18501479954567218,0.18133962887841515,-0.15015729868327365,0.12189885466226796,-0.07177104460395554,0.05015036736165666,-0.04277760351592702,0.06699498659605375,0.2500000000000002,-0.21903188130144294,0.21063466345498266,-0.19955139979881145,0.18667345789976852,-0.16612758393609786,0.15972142078426152,-0.11202777851710884,0.11218073190976607,-0.06267365993922083,-0.20980083151290174,0.21106382287792433,-0.2109332600738547,0.2030487170986416,-0.18931534924051688,0.16567452619824938,-0.16260161059914863,0.10404365672057939,-0.10206004178883149,0.032546019789964596,0.19147408925919776,-0.1926455177112566,0.1860944123531038,-0.18501580292168057,0.15187509610578856,-0.1300508283615927,0.07985642442211503,-0.0651916555015776,0.03882747585783894,-0.0407715479600089,-0.022051027834855047,-0.021023748844196364,-0.17618913011262505,-0.019910327178914004,-0.1376539739064597,-0.021174620681724377,-0.07432954548466711,-0.021188484271798178,-0.03208799334210679,-0.02134643673725606
0.05027529018189255,0.052669425327275754,-0.2065826700969597,0.05314724551033196,-0.16717453688354927,0.052463142144370485,-0.09852382257862335,0.05195999202484224,-0.06296353390050924,0.05219053365388218,0.22530399679009996,-0.22660906519094556,0.21585516361473855,-0.21225270413111957,0.18105798322750474,-0.15231911530286008,0.10205903146669477,-0.08035020993529737,0.07139258720004595,-0.09505525355684478,-0.21903188130144294,0.25000000000000006,-0.24138771781086504,0.2301582337765641,-0.21713578560419344,0.19619014091889397,-0.18976479414566916,0.1420570703699216,-0.1423030990274925,0.092693336204106,0.23390199063084702,-0.23461200574771252,0.23445620426260103,-0.22609323745287102,0.21678006592644505,-0.19103872929368776,0.18834369573154194,-0.11484586813666124,0.11236735192762809,-0.024807738009341412,-0.21173940919657094,0.21303671910914343,-0.20548674579813014,0.20424929382645987,-0.16413745472684957,0.1461998184648793,-0.08430552087828162,0.06595795132138405,-0.033042945855459416,0.03579686379140511,0.05286108303779664,0.05179088836160752,0.1931454168101083,0.050398422559018746,0.14627991734751658,0.05197649116208922,0.07724443549959278,0.051979716432243854,0.0245547036871077,0.05219249842813435
-0.058685329980454684,-0.06107377227259686,0.21049040031575672,-0.06156782016423014,0.1751000036837403,-0.06088685525788763,0.10660678772999864,-0.06038412741181472,0.07114122496522285,-0.06061532718844907,-0.21893467231228164,0.22023046601906052,-0.2197705789748662,0.21998152255412745,-0.1889287443710433,0.1602330633562978,-0.11017120752082628,0.08854300405640968,-0.07953497434126162,0.10293794703516898,0.21063466345498266,-0.24138771781086504,0.2500000000000005,-0.23786906846003045,0.22491009074087545,-0.2039250084319686,0.1975495421068081,-0.15000203176429203,0.1502771437999936,-0.10080095321737217,-0.24156222817035583,0.24222139071324456,-0.24205810542138073,0.23359184379637649,-0.2243851968165389,0.19805549905128123,-0.1953607047630906,0.11741453375923468,-0.11478839649299794,0.021863708603775383,0.21840990165344604,-0.21974852998709776,0.21192349915538022,-0.2106422534855659,0.16850073398587817,-0.15047064929267062,0.08498719386080784,-0.0655361837905737,0.03066889953140832,-0.03366354375489117,-0.06127723485203085,-0.06019248606135658,-0.1988585193091589,-0.058717004127616323,-0.1495622227587729,-0.06038816645783369,-0.07748474534575792,-0.06039039308740595,-0.02166157841020415,-0.0606173360345207
0.06740458599519385,0.06985152467603603,-0.217448075139883,0.07036014696436274,-0.18437535696278823,0.06967642946344976,-0.1158781946245052,0.0691770043908194,-0.07991930580058437,0.06940352344960776,0.22031864625683747,-0.22158254716401846,0.22681758655434528,-0.22944631803565302,0.19826910968893166,-0.1697999355738719,0.11954036580984072,-0.09785049655829607,0.08836251121951885,-0.11163713716982075,-0.19955139979881145,0.2301582337765641,-0.23786906846003045,0.2500000000000005,-0.23470286466972284,0.21366698418267824,-0.20728022276866173,0.1595530786102262,-0.15981366935097233,0.11016343182808314,0.23105926745951774,-0.23133050294030502,0.23116982634232203,-0.22284644109111368,0.22623679524366014,-0.2006995288106375,0.19946420655694647,-0.1220000710086428,0.11939271953026834,-0.0269549391835364,-0.2077787384513899,0.20905196826643324,-0.20129526290198674,0.20002681564528596,-0.15820558409547456,0.15337948563757028,-0.08968944842897565,0.07046150192997341,-0.03584882855522127,0.038852409146656046,0.07002197854362008,0.06898300586033967,0.18832585836943494,0.06751817903827946,0.13937774220475457,0.06917800071131007,0.08207252556025524,0.06915793810858573,0.026880303278632212,0.0694056988065822
-0.05616759583383102,-0.05841705332826873,0.20467126568324784,-0.05892356544230634,0.17236078974377608,-0.058242861274363594,0.1279190142139981,-0.05815289476833153,0.0939773658211801,-0.05797102946043688,-0.207467532421275,0.20867785430543323,-0.21397451803219664,0.216622857859834,-0.1861981582343312,0.1831879339200208,-0.13306068735589888,0.11263502604032688,-0.10315136442565685,0.12650252374821325,0.18667345789976852,-0.21713578560419344,0.22491009074087545,-0.23470286466972284,0.25000000000000044,-0.2285356272352987,0.2221482844154971,-0.17446863245811525,0.17473279396181252,-0.12490958432255522,-0.21818586071088936,0.22327377256327452,-0.22317808868681116,0.2255071046593604,-0.24083286973592316,0.21533472146760727,-0.21417889898568043,0.13612899531481898,-0.1335051769909086,0.04036043048931688,0.20741140297587007,-0.20866317115978467,0.20427473956440723,-0.20374516622852742,0.16648619882272897,-0.16767301085580932,0.1035617558554431,-0.08420427074248149,0.049256316730572264,-0.052137976976734175,-0.05864046800111414,-0.05756897266685313,-0.19145803308232665,-0.05610804903549034,-0.1475488092125141,-0.057742745869086655,-0.09584911696148714,-0.05772060211225661,-0.04021575233984737,-0.05797225284850088
0.06125311838760425,0.0633431269800161,-0.1908604117799673,0.06388896380615998,-0.16953556428273822,0.06323880855298457,-0.14477245880674178,0.06335595338493472,-0.11190784356927529,0.06296851298703122,0.19167877175724174,-0.19280896974495265,0.19969034470800404,-0.20258191935622816,0.18338757103076414,-0.2004887600963365,0.15073173718370772,-0.13114674978939003,0.1214828156557052,-0.1448082510325866,-0.16612758393609786,0.19619014091889397,-0.2039250084319686,0.21366698418267824,-0.2285356272352987,0.25000000000000006,-0.24093010810440565,0.19331145714616577,-0.19352120322669752,0.1435814585627882,0.1977459716441931,-0.20228001185892516,0.20218840376139058,-0.20514763336565045,0.22069909992555403,-0.21367068581465337,0.2160687529043927,-0.13859517853660586,0.1360142374968708,-0.043533252935487265,-0.18961698538018323,0.19075023831369048,-0.1878139860321228,0.1874344484810085,-0.15508829992666306,0.16630286594688698,-0.1060544622474561,0.08708749030102862,-0.052499288619010646,0.05540209849044183,0.06355510080027586,0.06258773882210439,0.17534858442124113,0.0611557318377501,0.1363452296695419,0.06274161764793998,0.09828386522069316,0.06270604319201711,0.04351899354911802,0.0629692477423976
-0.05832371061894459,-0.06033641585376883,0.18482743837240834,-0.06087103190071652,0.16398191925214528,-0.06023713260877926,0.14643964928507797,-0.06046916560300745,0.11900373936415236,-0.0599735578479101,-0.18543495702667234,0.1865356860550481,-0.19346876847963732,0.19637475613611588,-0.17746710123931184,0.19463572279568947,-0.15252940463927517,0.1386018385853515,-0.12900267222990955,0.15252169475958244,0.15972142078426152,-0.18976479414566916,0.1975495421068081,-0.20728022276866173,0.2221482844154971,-0.24093010810440565,0.25000000000000056,-0.20095132799973797,0.20115374014883847,-0.15115614920806342,-0.19144239698915388,0.19589583689857734,-0.195806805649888,0.19921105934839278,-0.21495183134692947,0.21941351107687782,-0.22267187884064304,0.14480034269803288,-0.14220864907890607,0.04922224259664127,0.18550943095948164,-0.1866086137089624,0.18479250018762367,-0.18452691204028498,0.15562829028109382,-0.17178143460208872,0.11202287471233857,-0.09302104695990619,0.05824860288803578,-0.06112704884459207,-0.06055407436564481,-0.05960432708143182,-0.1724457872755063,-0.05817740546644199,-0.13681737052487558,-0.05974376928535675,-0.10417069182295131,-0.05970476787009092,-0.04921690258205895,-0.05997262224756929
0.10574136220067454,0.10750014645718785,-0.15094219734436343,0.10785498624226954,-0.15113399380329093,0.10759800234858015,-0.16215128103979337,0.10794241661953323,-0.16616560033054661,0.10744864485207498,0.14617458413498133,-0.14716688946934597,0.15577725502094097,-0.15902310360499267,0.15658263794804048,-0.17758481343753826,0.16758752091469453,-0.1861354402999469,0.17628213792760367,-0.19958325112381128,-0.11202777851710884,0.1420570703699216,-0.15000203176429203,0.1595530786102262,-0.17446863245811525,0.19331145714616577,-0.20095132799973797,0.2500000000000004,-0.24868151059211174,0.19885889221216643,0.145822120298485,-0.14814640330747375,0.14812203155314027,-0.15185664314637418,0.16728598666976985,-0.17195094960230084,0.1750697602358116,-0.09709245514308008,0.09460894139395243,-0.0016225337274794402,-0.1381910909344123,0.1390151497795411,-0.13718115928640096,0.13691962840259136,-0.10804786530254724,0.1242064332393104,-0.06443129985222888,0.04536932914067426,-0.01117226504078412,0.014727651436193822,0.10760587281198461,0.10707533860201883,0.12491842058324581,0.10565431584582474,0.08927772363030706,0.10721978457447631,0.056594076204185335,0.10718077704276538,0.0021622244722852026,0.1074479809166604
-0.1064386413020712,-0.10820201397797909,0.15121562721713896,-0.10855372295205237,0.1513754588278528,-0.1083003792243167,0.16245278175716174,-0.10864592716641157,0.16683293126801993,-0.10815229008825192,-0.1464015295289378,0.14739698865428943,-0.15602148106178979,0.15927397455623676,-0.1567877678577638,0.1777697894746393,-0.16784086869820322,0.18654199936743057,-0.1768114777726273,0.20009001386664546,0.11218073190976607,-0.1423030990274925,0.1502771437999936,-0.15981366935097233,0.17473279396181252,-0.19352120322669752,0.20115374014883847,-0.24868151059211174,0.25000000000000044,-0.19957149279639178,-0.1461082884055574,0.148423915830873,-0.14837360554632742,0.1520955437861425,-0.1675329067149627,0.17239407487319647,-0.17551059597809698,0.09733057883484891,-0.09483489605755492,0.0013894926230049592,0.13840528068362024,-0.13923048409221184,0.13740253906867642,-0.1371378603242286,0.10820761837713411,-0.12443667066786153,0.0644624084697829,-0.04535131426640121,0.010989254209158875,-0.0145659149407283,-0.10830721984964461,-0.10777764833406929,-0.12508742518695748,-0.10635057628602385,-0.08936380866730415,-0.10792233460438301,-0.05658827534470219,-0.10788321631041277,-0.0019348136848938743,-0.10815163215854058
0.1564809779647977,0.15801182864917052,-0.11844132765003305,0.15822736634356047,-0.14264007081614377,0.15833270254173137,-0.18464093246355862,0.15875545862176121,-0.215448967331271,0.15827366146096603,0.10757528728547106,-0.10845994322423078,0.11953069606214202,-0.12343929278553238,0.13908558100180474,-0.16496299763986141,0.18600941521379866,-0.21186703310193009,0.2135881960950515,-0.23661566666041764,-0.06267365993922083,0.092693336204106,-0.10080095321737217,0.11016343182808314,-0.12490958432255522,0.1435814585627882,-0.15115614920806342,0.19885889221216643,-0.19957149279639178,0.2500000000000005,0.09874690433688259,-0.09871041676065603,0.09861583106041054,-0.10256184419051331,0.11757897414709753,-0.12220927398860675,0.12517980262617232,-0.04705625558751926,0.044558174105263686,0.04881280454742856,-0.08882691876611931,0.08936427254328952,-0.0874255926200607,0.08714907652027398,-0.058082230002819354,0.07413564965860818,-0.014242726470469412,-0.004887163326433546,0.038658723937604306,-0.034367394991767566,0.15798381806465542,0.15789406177333026,0.0751896992137697,0.15647282926304,0.03929267090182737,0.1580445528168143,0.006383179488732506,0.15800538196940841,-0.04769432959164072,0.15827323120370237
0.05940596306868055,0.06173502968795366,-0.20475996017264314,0.062209832684205366,-0.17098303021986452,0.0615574128554347,-0.1045010375863869,0.06106141085127004,-0.07061568741633184,0.0612973134737181,0.2125401911226653,-0.21380178209228992,0.2136711314103681,-0.21399115856283002,0.18423549618610552,-0.1560035185259068,0.10789000422449155,-0.0870140231658896,0.07862209653416505,-0.10104221759156233,-0.20980083151290174,0.23390199063084702,-0.24156222817035583,0.23105926745951774,-0.21818586071088936,0.1977459716441931,-0.19144239698915388,0.145822120298485,-0.1461082884055574,0.09874690433688259,0.2500000000000005,-0.2419525244742822,0.24174168962312695,-0.2332913348394183,0.2199559104200614,-0.19356830857298035,0.19058545225410228,-0.11254568305295577,0.10991749978771315,-0.016909627734647183,-0.21807524828499225,0.21941291733498047,-0.21157912653475025,0.21029688717038747,-0.16809988035567566,0.14592655581377859,-0.08009756624399818,0.06060066982454926,-0.02571970757416911,0.02875823241727795,0.06194154155745668,0.06087374586744566,0.19850045999020002,0.059396485827126685,0.1491446023839855,0.061069796284738215,0.0726358232879679,0.061078797711538915,0.01670780782843684,0.06129921794303555
-0.051493614497897924,-0.05378543643340791,0.20383350375913076,-0.05427903141126076,0.16828227009452112,-0.05359529419390671,0.10406366036465502,-0.05316955386206884,0.06918087945249386,-0.05332299446246909,-0.21227694342374492,0.21352855542487276,-0.21310753396683785,0.21332925270159428,-0.1821568418796481,0.15811417451645163,-0.10788091036307636,0.08640596441208225,-0.07775087743880615,0.10142282252760867,0.21106382287792433,-0.23461200574771252,0.24222139071324456,-0.23133050294030502,0.22327377256327452,-0.20228001185892516,0.19589583689857734,-0.14814640330747375,0.148423915830873,-0.09871041676065603,-0.2419525244742822,0.2500000000000003,-0.24962482899344962,0.24119570892007947,-0.2263668116999959,0.19976437401573513,-0.19661994951707157,0.11860323703426329,-0.11597157017023425,0.022966032996128042,0.22604294901897792,-0.2274274850136978,0.21960003518518062,-0.21831828435850728,0.17611194844252434,-0.15218128516520274,0.08615778639608254,-0.06664927673104937,0.031682321558732456,-0.03462089570086603,-0.05403249213347626,-0.05289987415342712,-0.20650737640944644,-0.051421513625240826,-0.1571495093960582,-0.05309515365550178,-0.07871553417850724,-0.05310715260722046,-0.022669885974603413,-0.053324672829464605
