x1,x2,x3,x4,x5,x6,x7,x8,x9,x10,x11,x12,x13,x14,x15,x16,x17,x18,x19,x20,x21,x22,x23,x24,x25,x26,x27,x28,x29,x30,x31,x32,x33,x34,x35,x36,x37,x38,x39,x40,x41,x42,x43,x44,x45,x46,x47,x48,x49,x50,x51,x52,x53,x54,x55,x56,x57,x58,x59,x60
0.25000000000000006,0.24983903427752033,0.24945069488932406,0.24997792014030032,0.24954990474103764,0.24972443657290777,0.24997020451602622,0.2499676593902009,0.24997398299329407,0.24997529783553188,0.24977936347818394,0.09214320799094303,0.1314670234645163,0.09250861682544931,0.14882975377343635,0.09408118291122565,0.1298695667113609,0.1414492113369108,0.04128688299729832,0.24996535952078866,0.24981819487477938,0.14411500500773267,0.1143420331749173,0.19275518154087584,0.10960084627369765,0.18460978897312846,0.14045246345493723,0.16439116133110576,0.13853936393703117,0.2485743763320481,0.24975295868779265,0.12470435475539625,0.166283154824817,0.15976280003465596,0.1771567133362812,0.16280285073225675,0.1574366337687701,0.17906362951390534,0.10830859904637233,0.24963628117384706,0.24932274635317034,0.15034370682310033,0.08030616253149152,0.15518833772410776,0.09402976049576042,0.14051586080425668,0.10998544268216855,0.1411568482639838,0.035027255677632554,0.24982954436209448,0.24998020479748348,0.2499267015388746,0.24957109679233971,0.24997775506810027,0.24990335492438587,0.24972816772335135,0.24997439749881228,0.24997990785861446,0.24997876891981888,0.24997426996261723
0.24983903427752033,0.25000000000000006,0.2493145033205179,0.24985634211920035,0.24941389287730834,0.24958832725376426,0.2498339598728517,0.24983141512439133,0.24983773527252148,0.24983904976639684,0.24964322444127993,0.09209012531191567,0.1313962528798824,0.09245805199963635,0.1487495887401021,0.09402945663635617,0.12979865484498995,0.14137214595555145,0.04126431898533576,0.2498291168435449,0.2496820318544655,0.1440375946550712,0.11427916523138426,0.19265044308792306,0.10954095835375491,0.18450936705950097,0.14037585775826364,0.16430159643979395,0.1384638459841231,0.2484388917370603,0.24961683183489572,0.1246363401538078,0.16619267417702432,0.15967568295275006,0.17706020113590867,0.1627141071338054,0.15735083263814192,0.17896602973837428,0.10824956852993083,0.2495002178512111,0.24918685390021675,0.15026177812001335,0.08026238279933198,0.15510376359944794,0.09397850477861182,0.14043927520334423,0.10992549382984436,0.14107991199659173,0.035008163646850624,0.24969337570032846,0.24984395401990148,0.24979047992304443,0.24943506901266302,0.24984150562573396,0.24976714603642558,0.24959205431763326,0.24983814988659275,0.24984365724287777,0.24984251892482362,0.24983802241979475
0.24945069488932406,0.2493145033205179,0.2500000000000001,0.2494533114732765,0.24902563084923746,0.2492001149517615,0.24944648086853197,0.24944306345572467,0.24944939160419016,0.2494507077370016,0.24925506882844317,0.09225290655142876,0.13097565535886543,0.0921452367719122,0.14888966993270134,0.09371081203513322,0.12968443787930825,0.14112150703082024,0.04123025609546477,0.2494407925939978,0.24929400349219955,0.1436636632412617,0.11415757188106722,0.1923558064558113,0.1093635700851652,0.18425320150276636,0.14015035711811333,0.1640514411971761,0.1382468990737629,0.2480527447122494,0.24922883120910713,0.12444738577609246,0.16591877995564128,0.15943098387009633,0.176785067321095,0.16246107801697512,0.15710843033828834,0.1786875056278328,0.10808204074998924,0.2491124048286859,0.24879953051521853,0.1500264564745244,0.0801385897425206,0.15486159699490543,0.09383285199452757,0.14022097664307973,0.1097546666681501,0.14086070790209673,0.034953700064899174,0.24930526290081476,0.24945560698466251,0.2494022160057063,0.24904735562399033,0.2494531623961828,0.24937891810931181,0.2492040988251106,0.24944981187017642,0.24945531066894436,0.24945417412512536,0.24944968460438754
0.24997792014030032,0.24985634211920035,0.2494533114732765,0.25000000000000006,0.249552539017201,0.24972707235532118,0.24997284222372537,0.24997029705528032,0.24997662071866386,0.24997793561063802,0.24978199948868093,0.09214353942694796,0.13146876887138695,0.09250963633804846,0.14883128237316465,0.09408220800277103,0.12987087229811112,0.14145072445482249,0.04128729153011228,0.24996799718592366,0.24982083084283593,0.1441168331430387,0.11434310455217896,0.19275726871606444,0.10960198173201935,0.1846117494136934,0.14045394122471486,0.16439289978373056,0.13854082526841022,0.24857699929690077,0.24975559412600168,0.1247056593572894,0.16628494691460075,0.1597644765698156,0.1771585908042818,0.16280456722130848,0.15743829515896016,0.17906551893418787,0.10830974196668139,0.24963891536512683,0.24932537723047166,0.15034529723161363,0.08030700765226655,0.15518997792741246,0.09403075150700842,0.1405173439094292,0.10998660293699403,0.14115833784318943,0.03502762522419983,0.2498321805920812,0.24998284261757348,0.24992933879439208,0.2495737302994587,0.24998039286234036,0.24990599193425017,0.24973080288391628,0.24997703525764545,0.24998254567557113,0.24998140672474817,0.24997690772008221
0.24954990474103764,0.24941389287730834,0.24902563084923746,0.249552539017201,0.2500000000000001,0.24929907751828137,0.24954580480466176,0.24954230558096968,0.2495486167169496,0.24954992109284732,0.24935442883480183,0.09194089825666808,0.1312467658351588,0.09241825067182276,0.14840818860557145,0.09401940921765176,0.12960907831698443,0.14122158699121834,0.04120878006067923,0.24953999882424704,0.2493931007123762,0.1438308461786422,0.1141649772019357,0.1924055128557727,0.109426135566451,0.18427304735068264,0.14021955702191585,0.16410661025558118,0.13830501866859807,0.24815138087365562,0.24932795725548298,0.12449363531675506,0.1659952687483138,0.1594923870172172,0.1768522065976115,0.16252641364410955,0.15716738528314653,0.17875915122568903,0.10812384262859163,0.24921148044938227,0.248898479735047,0.15008742028365282,0.08016979488102349,0.1549238953086843,0.09386995596121704,0.14027661335216104,0.10979838268975493,0.14091656531648036,0.034967703229897625,0.2494044147405999,0.24955481878998279,0.24950140657671138,0.2491464065796233,0.24955237322924886,0.24947809958917538,0.249303210602057,0.24954902136668802,0.24955452235640968,0.24955338535627022,0.24954889405429814
0.24972443657290777,0.24958832725376426,0.2492001149517615,0.24972707235532118,0.24929907751828137,0.24999999999999994,0.2497193949308692,0.24971693423764021,0.24972314041888616,0.2497244524861082,0.24953305166129786,0.09204806129030246,0.13133679512958532,0.0924183950603321,0.14867249633444413,0.09399133424957645,0.12973774353138792,0.1413078151565381,0.04124493883357003,0.24971452371763442,0.24956750507124842,0.14397393341325837,0.11422585498736364,0.19256186464414363,0.10949100013246918,0.1844237070852394,0.1403117116238423,0.16422610772182544,0.1384003766646401,0.24832493595354357,0.2495023361570463,0.12457909622438523,0.16611669320045636,0.15960239048887115,0.176978950721978,0.16263948194845657,0.1572785949079938,0.1788839501586212,0.10819989880478385,0.2493857755624865,0.24907255530290884,0.1501928851941713,0.08022555173276892,0.15503263654259533,0.09393539226256482,0.14037485608875094,0.10987507303606733,0.14101519795022296,0.0349921074905457,0.24957884480379486,0.24972935405867114,0.24967590448964155,0.2493206566349677,0.24972690678754803,0.24965258131023965,0.24947756989930212,0.2497235525876121,0.24972905741777482,0.24972791962176152,0.24972342517930726
0.24997020451602622,0.2498339598728517,0.24944648086853197,0.24997284222372537,0.24954580480466176,0.2497193949308692,0.24999999999999997,0.24996258557794834,0.2499689050277584,0.2499702200126884,0.24977447786558254,0.0921404200600628,0.1314642390695869,0.09250819657348347,0.14882340042583347,0.09408225839199351,0.12986375743671574,0.14144736641107694,0.04128536508494106,0.24996028187806527,0.24981312038410788,0.14411155490444913,0.11433983637049804,0.192751330352786,0.10959878020422753,0.18460533694992398,0.14044984433158883,0.1643874983441714,0.13853663701048435,0.24856932661867323,0.24974788533524594,0.12470182827355822,0.1662797487042391,0.15975956898075547,0.17715307159937085,0.16279956060398662,0.15743337549947642,0.17906000432201943,0.10830636475056772,0.24963121021005097,0.2493176817529142,0.15034065290342508,0.08030453227930702,0.15518518324145553,0.0940278529794161,0.14051300272622275,0.10998321132818313,0.14115397729062437,0.035026546483103806,0.2498244694648698,0.2499751268413655,0.24992162466959075,0.2495660271509561,0.2499726771617444,0.2498982785287476,0.24972309488697075,0.2499693196604715,0.2499748299085283,0.24997369099283723,0.24996919212705612
0.2499676593902009,0.24983141512439133,0.24944306345572467,0.24997029705528032,0.24954230558096968,0.24971693423764021,0.24996258557794834,0.25000000000000006,0.24996636054894944,0.24996767514504611,0.24977811141513898,0.09213809629181548,0.13146366495530948,0.09250538544992169,0.14882557357279474,0.09407823048340815,0.12986566490902718,0.14144488630556784,0.041285588671391246,0.24995773684173533,0.24981057640256907,0.14411122825996137,0.11433827440051195,0.1927494704684275,0.10959743993996628,0.18460420838137132,0.14044816256946882,0.16438616602807007,0.13853513441166457,0.24856679603715637,0.2497453425182132,0.12470052854106418,0.16627816028700124,0.15975790860556446,0.17715133225509305,0.16279788240734663,0.1574318349201354,0.1790581685147786,0.1083052970788859,0.249628668530282,0.2493151432598596,0.1503391300239918,0.08030370899528344,0.1551836106968822,0.09402689052615429,0.14051157668444722,0.10998208792881801,0.1411525439620681,0.03502618732440193,0.24982192582382307,0.24997258166542305,0.24991908003839314,0.2495634861438654,0.249970132010744,0.24989573413731742,0.24972055227714576,0.24996677454389726,0.24997228473560903,0.24997114583152769,0.24996664701153914
0.24997398299329407,0.24983773527252148,0.24944939160419016,0.24997662071866386,0.2495486167169496,0.24972314041888616,0.2499689050277584,0.24996636054894944,0.25,0.2499739984557153,0.24977807097906993,0.0921424574495878,0.13146722868496802,0.09250775717063288,0.1488295538745425,0.09408050072238715,0.1298691557411895,0.14144843020626024,0.04128666904245259,0.24996406020147904,0.24981689592557155,0.144115139387141,0.11434104404186907,0.1927545020650026,0.10960017189636444,0.18460886921083844,0.14045171826918104,0.1643903243516525,0.13853863934517394,0.2485730841779024,0.2497516605119114,0.12470367292126208,0.16628240112513676,0.15976194153438109,0.17715582565026367,0.16280199952212446,0.15743581603154555,0.17906269848508688,0.10830803633416125,0.24963498355811334,0.24932145035083564,0.1503429370377885,0.08030573835216434,0.1551875389036611,0.09402926809401613,0.14051513161459853,0.10998486995902347,0.14115611479127035,0.035027073393989465,0.2498282457398599,0.24997890539303766,0.24992540241254046,0.2495697995261503,0.24997645567638807,0.249902055921526,0.2497268696289996,0.24997309812462346,0.24997860845571204,0.24997746952280975,0.24997297058902085
0.24997529783553188,0.24983904976639684,0.2494507077370016,0.24997793561063802,0.24954992109284732,0.2497244524861082,0.2499702200126884,0.24996767514504611,0.2499739984557153,0.24999999999999972,0.24977938695231652,0.09214322097237838,0.13146703029828102,0.09250864385642832,0.14882971623552568,0.09408120982045337,0.12986956771379957,0.14144922307100516,0.04128688353879629,0.24996537498359864,0.24981821032995066,0.14411501055289913,0.11434204186113194,0.19275519108153008,0.1096008552126134,0.18460979441317923,0.14045247374347633,0.16439117026272154,0.13853937287021012,0.24857439170778792,0.24975297413722775,0.12470436260409902,0.16628316468056445,0.15976281008321738,0.1771567237735069,0.16280286092693144,0.15743664313539005,0.17906364065347002,0.10830860561996902,0.2496362966162737,0.24932276177621976,0.150343716098353,0.0803061675214881,0.15518834728987335,0.09402976633823455,0.14051586946950584,0.10998544950499678,0.14115685697582153,0.035027257857400025,0.24982955981645286,0.249980220261167,0.24992671699924843,0.2495711122307116,0.24997777053163214,0.24990337038330515,0.24972818317144393,0.2499744129621352,0.2499799233222797,0.24997878438341348,0.24997428542593367
0.24977936347818394,0.24964322444127993,0.24925506882844317,0.24978199948868093,0.24935442883480183,0.24953305166129786,0.24977447786558254,0.24977811141513898,0.24977807097906993,0.24977938695231652,0.24999999999999994,0.09194579932946984,0.13138160626988926,0.09241966885023649,0.14873102241114042,0.09400127842008961,0.1297693594092721,0.14133784828795737,0.04125314654712666,0.2497694483859389,0.24962238927024338,0.1440224095730961,0.11424266936612998,0.19261054324597515,0.10951212857747852,0.184468379537969,0.14034136635033712,0.16426321788738374,0.13843055640959728,0.24837955453941132,0.24955721520939228,0.12460579325228183,0.16615555780988595,0.15963687662665618,0.17701873565866114,0.16267509451514242,0.1573134187580565,0.1789232529241839,0.10822377918874933,0.24944062798427336,0.24912733851891367,0.1502261524471019,0.08024305843397317,0.15506690252729088,0.09395597077673537,0.14040576925940343,0.1098992099938868,0.1410462308171899,0.034999792377841746,0.2496337396718091,0.24978428204554912,0.2497308207202902,0.24937549494941494,0.24978183423614914,0.2497074924561429,0.249532442506201,0.24977847930051267,0.24978398533940593,0.2497828472926787,0.24977835186212824
0.09214320799094303,0.09209012531191567,0.09225290655142876,0.09214353942694796,0.09194089825666808,0.09204806129030246,0.0921404200600628,0.09213809629181548,0.0921424574495878,0.09214322097237838,0.09194579932946984,0.2500000000000001,-0.025591215829202502,0.07026478702318296,0.041309479571934656,0.037326006275997796,0.050895241857332664,0.051250961800654984,0.019740950763437206,0.09213931611968061,0.09211642055226726,-0.01212968553653584,0.07262232888459846,0.054942314476171907,0.046894620527108764,0.062468388734075946,0.05366845820226878,0.05864991275087314,0.051501947500259423,0.09163038116223485,0.09205762337388494,0.04851837428491989,0.05281619604478762,0.06103699447412344,0.06308478281572197,0.06041069865493362,0.05777935147500663,0.06606616729347903,0.03980222730833592,0.09201819900802424,0.09190384166259137,0.05453460302072739,0.030114777171120384,0.056604948746775886,0.03494042847536239,0.05169656179857184,0.040625996374655145,0.052001169543106386,0.012934699111092483,0.09208955303576206,0.09214502244334155,0.09212530062723205,0.09199334944904879,0.09214411944984052,0.09211653443446711,0.09205211938588417,0.09214287599706526,0.09214491299235751,0.09214449510260446,0.09214283480739663
0.1314670234645163,0.1313962528798824,0.13097565535886543,0.13146876887138695,0.1312467658351588,0.13133679512958532,0.1314642390695869,0.13146366495530948,0.13146722868496802,0.13146703029828102,0.13138160626988926,-0.025591215829202502,0.25,-0.02550244098058653,0.10666041310691862,0.03978849677449593,0.06880746907555525,0.07499839640905287,0.01972472293358598,0.13146205188376553,0.13136835442018796,0.10953407384555844,0.04245281257375281,0.1221666630818249,0.05050538966363841,0.10256664753506066,0.07244273017377699,0.08698200641501641,0.07271275757938847,0.13072745081086373,0.1313522447060836,0.06406635821598355,0.09245479325527228,0.08271499665873133,0.09515471102487737,0.08533533511553591,0.08298565919285551,0.09414623132227903,0.056949045329322386,0.1312887842330594,0.1311231584485581,0.07958679428658279,0.041930946444269604,0.0819751545469695,0.04928082077091904,0.07396735812032104,0.0577908266707396,0.07425506519091288,0.01840820896151407,0.1313903367142951,0.13146961226643553,0.13144147383895755,0.1312549671111857,0.13146832390482588,0.1314292934497631,0.13133706081606372,0.13146656172713267,0.1314694560982128,0.13146885592190535,0.13146649101800031
0.09250861682544931,0.09245805199963635,0.0921452367719122,0.09250963633804846,0.09241825067182276,0.0924183950603321,0.09250819657348347,0.09250538544992169,0.09250775717063288,0.09250864385642832,0.09241966885023649,0.07026478702318296,-0.02550244098058653,0.2499999999999999,-0.008181264884935157,0.05946066218731876,0.04044429023174145,0.05286360296566974,0.01570416912865677,0.09250460528151673,0.09246157736792768,0.031666717337371995,0.05803389593067961,0.03779848304354843,0.05134895590552317,0.058869034870164094,0.05417160526906354,0.060530709656447905,0.05140380520787797,0.09199288909079732,0.09242438253490817,0.047523113743935246,0.05697531225766663,0.0603723359222485,0.0628760278129112,0.06060353794638998,0.057902416575604264,0.06630969210673172,0.04011976885445829,0.09238311359526079,0.092267741896931,0.05517869786279698,0.02999471735067826,0.05709990482448358,0.034963954180736,0.051921488084970456,0.040760071573762276,0.05221405787517451,0.012979639810523394,0.09245471798288735,0.09251043847310095,0.09249063845364809,0.09235859303079226,0.09250953189845643,0.09248190567205794,0.09241716692779209,0.09250828542044119,0.09251032858651259,0.09250990814179717,0.0925082421619828
0.14882975377343635,0.1487495887401021,0.14888966993270134,0.14883128237316465,0.14840818860557145,0.14867249633444413,0.14882340042583347,0.14882557357279474,0.1488295538745425,0.14882971623552568,0.14873102241114042,0.041309479571934656,0.10666041310691862,-0.008181264884935157,0.25000000000000006,-0.006616994460520062,0.10321520504189002,0.07540744573405701,0.030301561212374657,0.14882392865323985,0.14873250570004382,0.09278915184329949,0.06197641332568588,0.12869745299075075,0.05746921775606768,0.1258500487313274,0.07948343191117965,0.10084931984893979,0.0816278405161381,0.14799775339007873,0.14869813583424885,0.07375092581496846,0.10071066309894217,0.09453519888750042,0.10730271850482058,0.09656653253425337,0.0946890577288072,0.10644765562835493,0.06479154687441732,0.14862787557727355,0.14844106596563245,0.08964000194669068,0.04771700284033618,0.0925242087757712,0.05589610201959495,0.08373868942060163,0.06542670462095189,0.08409423884033197,0.020819755449250004,0.14874299198283714,0.14883268447607828,0.14880082983185206,0.1485891839773929,0.14883122596377055,0.14878696762546825,0.14868262716156636,0.1488292307006775,0.14883250768502687,0.1488318296302722,0.14882915100719282
0.09408118291122565,0.09402945663635617,0.09371081203513322,0.09408220800277103,0.09401940921765176,0.09399133424957645,0.09408225839199351,0.09407823048340815,0.09408050072238715,0.09408120982045337,0.09400127842008961,0.037326006275997796,0.03978849677449593,0.05946066218731876,-0.006616994460520062,0.2499999999999997,-0.025543404475936296,0.08004066063218575,-0.0030380762526141195,0.09407755900952502,0.09402394847368101,0.051202824048003207,0.04713349530555883,0.06281581861912221,0.05408145955399911,0.031111562746708704,0.06314562144493922,0.052434352219116326,0.054762562241126876,0.09354444075997864,0.09399703834289025,0.04715390874640615,0.06158461484390766,0.06074046696284225,0.06372781203300644,0.062037523968212924,0.056714381892046396,0.06785488754553519,0.03972392505495072,0.09395378931174683,0.09383559515855816,0.05660831876395432,0.03026225042855565,0.05832333540001613,0.03549923850802087,0.0527210671583768,0.041511802055267416,0.052987295909251164,0.013273495578368603,0.0940262772367225,0.09408303552589165,0.09406289890854494,0.09392924888149395,0.09408211353436276,0.09405408377159513,0.0939881783343291,0.09408084209084945,0.09408292376828178,0.09408249399259791,0.09408080187880598
0.1298695667113609,0.12979865484498995,0.12968443787930825,0.12987087229811112,0.12960907831698443,0.12973774353138792,0.12986375743671574,0.12986566490902718,0.1298691557411895,0.12986956771379957,0.1297693594092721,0.050895241857332664,0.06880746907555525,0.04044429023174145,0.10321520504189002,-0.025543404475936296,0.24999999999999994,0.021708818335648812,0.05686773825637021,0.12986430699020785,0.12978830958585502,0.07324318810858312,0.058208718769169325,0.10563961877631242,0.04934264909319985,0.11778787329740355,0.0645543979580151,0.10005583242434676,0.0682268120320317,0.12915706843558453,0.12975414235999216,0.06492750973689608,0.08652440895862915,0.08268534307069002,0.09393018225849846,0.08391457085554026,0.0840869987211546,0.09251181656074126,0.057854715399416834,0.12969313568630222,0.12953064437153394,0.07801020904101696,0.04173610507025551,0.08062512364413643,0.04878303957478723,0.07314454763415643,0.05703102460058732,0.07348127250131174,0.018101668441384153,0.1297939237025299,0.1298721240561227,0.12984432755442368,0.12965928690866538,0.1298708513561966,0.12983220003826143,0.12974118338516152,0.12986911419419214,0.12987196978939716,0.12987137964538747,0.1298690407346061
0.1414492113369108,0.14137214595555145,0.14112150703082024,0.14145072445482249,0.14122158699121834,0.1413078151565381,0.14144736641107694,0.14144488630556784,0.14144843020626024,0.14144922307100516,0.14133784828795737,0.051250961800654984,0.07499839640905287,0.05286360296566974,0.07540744573405701,0.08004066063218575,0.021708818335648812,0.2500000000000001,-0.06610018300668881,0.1414437133934457,0.14136105371375288,0.08179879911472923,0.06695579007593304,0.10232595451912452,0.06922564082324843,0.08649376695290517,0.09281251652704149,0.05755164341783249,0.08730794287772145,0.14061967253450022,0.14132333955055523,0.07013305850249367,0.0939526131529792,0.09085527348149579,0.09792737522042838,0.09328255473926989,0.08508820553662172,0.10237857479698287,0.05749554900499597,0.1412581183407351,0.14107983820769354,0.08523234408676258,0.045409269039237046,0.08785140044646311,0.05331278965962284,0.07926153187221295,0.06244069716877569,0.07958372144939928,0.020011412601877044,0.14136659283703285,0.14145199670701541,0.14142172168745112,0.1412210811094876,0.1414506105070594,0.14140852340298574,0.14130938069669888,0.14144869716551,0.14145182867939593,0.14145118086273903,0.1414486384621489
0.04128688299729832,0.04126431898533576,0.04123025609546477,0.04128729153011228,0.04120878006067923,0.04124493883357003,0.04128536508494106,0.041285588671391246,0.04128666904245259,0.04128688353879629,0.04125314654712666,0.019740950763437206,0.01972472293358598,0.01570416912865677,0.030301561212374657,-0.0030380762526141195,0.05686773825637021,-0.06610018300668881,0.2499999999999998,0.041285131738141745,0.04126190128638776,0.020922076342847703,0.018882109380453052,0.03489243026290406,0.014369851443757417,0.04026868276567575,0.014739370894201303,0.0509695300680748,0.016877413890586043,0.04108028556240826,0.04125000509701984,0.021018172898468027,0.027078827765911046,0.02621857256130298,0.030530305426093366,0.026162330007090773,0.028585440758289928,0.02888787843033604,0.020403299396201818,0.041230410318324334,0.041179256654074924,0.02468123568675571,0.013313325558099194,0.02557269767449175,0.0154783601694108,0.02336352399173792,0.01803753386306003,0.023502842913519825,0.0056616182350534465,0.04126291683504924,0.041287696002851496,0.041278859230114505,0.04121970210139795,0.04128729140487452,0.041274985688354936,0.04124606867825909,0.04128674527028441,0.04128764696205434,0.04128746116991827,0.04128671578382955
0.24996535952078866,0.2498291168435449,0.2494407925939978,0.24996799718592366,0.24953999882424704,0.24971452371763442,0.24996028187806527,0.24995773684173533,0.24996406020147904,0.24996537498359864,0.2497694483859389,0.09213931611968061,0.13146205188376553,0.09250460528151673,0.14882392865323985,0.09407755900952502,0.12986430699020785,0.1414437133934457,0.041285131738141745,0.2499999999999998,0.2498082780922192,0.14411007716891916,0.11433719753555263,0.19274837844646703,0.10959628504442129,0.18460215792470905,0.14044695935825272,0.16438447461969796,0.1385338994796189,0.24856450885232886,0.2497430446968478,0.12469937163983419,0.1662766339905494,0.15975643917879334,0.1771497169722866,0.16279639170757546,0.1574303544350819,0.17905652869925556,0.10830427960224398,0.24962637178468433,0.24931284939449785,0.15033774737772726,0.08030297025107898,0.15518218364186614,0.09402602599294638,0.14051028233374638,0.1099810774112155,0.14115124333034007,0.035025866393576396,0.2498196272942795,0.24997028175072195,0.24991678061594247,0.24956118999654767,0.24996783211858126,0.24989343492986374,0.24971825468128242,0.24996447468253555,0.24996998482363986,0.2499688459300149,0.24996434715144084
0.24981819487477938,0.2496820318544655,0.24929400349219955,0.24982083084283593,0.2493931007123762,0.24956750507124842,0.24981312038410788,0.24981057640256907,0.24981689592557155,0.24981821032995066,0.24962238927024338,0.09211642055226726,0.13136835442018796,0.09246157736792768,0.14873250570004382,0.09402394847368101,0.12978830958585502,0.14136105371375288,0.04126190128638776,0.2498082780922192,0.24999999999999967,0.14395993177436708,0.11429784790360883,0.1926259719719215,0.10953492650112912,0.18449321995533294,0.1403651639220443,0.16428521393203901,0.1384528945385765,0.2484181716192917,0.2495960076470927,0.12462830004554748,0.16617108135364683,0.15966428502770266,0.17704395119830707,0.16270083687611675,0.15733763732276881,0.17895114788484412,0.10824034517708292,0.24947940667465718,0.2491660699659139,0.15024842788076695,0.08025615562348218,0.15509028265905161,0.09397091419878376,0.14042748294526014,0.10991639531211533,0.14106812048675266,0.035005262006779156,0.2496725485069622,0.24982311420679906,0.24976964457027112,0.24941426249800958,0.24982066601685524,0.24974631248619586,0.2495712355159494,0.24981731055271789,0.24982281745453297,0.24982167923319112,0.24981718310145423
0.14411500500773267,0.1440375946550712,0.1436636632412617,0.1441168331430387,0.1438308461786422,0.14397393341325837,0.14411155490444913,0.14411122825996137,0.144115139387141,0.14411501055289913,0.1440224095730961,-0.01212968553653584,0.10953407384555844,0.031666717337371995,0.09278915184329949,0.051202824048003207,0.07324318810858312,0.08179879911472923,0.020922076342847703,0.14411007716891916,0.14395993177436708,0.2500000000000003,0.008845720900909371,0.12451390871425924,0.05880242086363288,0.10603909130296503,0.0803479948762884,0.0964955307720178,0.07951036527629188,0.14329822959693905,0.14399364378049948,0.06700698981288679,0.11173275314395359,0.08823860649955957,0.104636021834733,0.0933942848437167,0.09047250432346407,0.10325818237272183,0.062431243584407804,0.14391972440855613,0.1437365972367329,0.08837295208585827,0.045335701032262955,0.09058650374603024,0.05371527705329858,0.08113726094258218,0.06328940752777311,0.08139610350843096,0.020177837309553977,0.1440308463162729,0.14411784286873622,0.14408699735519132,0.14388371092159966,0.14411643055650852,0.14407383304353538,0.14397253891857217,0.14411450328582356,0.1441176716715549,0.1441170110903387,0.14411442133640365
0.1143420331749173,0.11427916523138426,0.11415757188106722,0.11434310455217896,0.1141649772019357,0.11422585498736364,0.11433983637049804,0.11433827440051195,0.11434104404186907,0.11434204186113194,0.11424266936612998,0.07262232888459846,0.04245281257375281,0.05803389593067961,0.06197641332568588,0.04713349530555883,0.058208718769169325,0.06695579007593304,0.018882109380453052,0.11433719753555263,0.11429784790360883,0.008845720900909371,0.2500000000000001,0.057242819886380344,0.06208564957639476,0.08098055026170776,0.06637432885111558,0.07273394530277864,0.06370340109742106,0.11372840199067641,0.11422114978524973,0.07090631430648446,0.03238173677453874,0.0841401263254965,0.07377599257725809,0.07585152004904158,0.07275098437978757,0.08183693861231188,0.04974038577681545,0.11418651294487632,0.11404976076331019,0.06401672389618676,0.039444823894736906,0.06782291429672294,0.04441896023375641,0.06389417374183191,0.05065492135896804,0.06451980224916799,0.016068688921428823,0.11427576594239015,0.1143442847609742,0.11431981158086887,0.11415230903208959,0.11434316422553316,0.11430829464079652,0.11422900044765319,0.11434160413247374,0.1143441489566103,0.1143436392811469,0.11434157008527274
0.19275518154087584,0.19265044308792306,0.1923558064558113,0.19275726871606444,0.1924055128557727,0.19256186464414363,0.192751330352786,0.1927494704684275,0.1927545020650026,0.19275519108153008,0.19261054324597515,0.054942314476171907,0.1221666630818249,0.03779848304354843,0.12869745299075075,0.06281581861912221,0.10563961877631242,0.10232595451912452,0.03489243026290406,0.19274837844646703,0.1926259719719215,0.12451390871425924,0.057242819886380344,0.25,0.05258271774553653,0.1476320166498709,0.10732892569541752,0.12556384206777235,0.10700165988332758,0.19166742691040559,0.1925876587412501,0.09331936222191613,0.13725453327767942,0.12062910993395129,0.14417504665309056,0.12484055151170134,0.12117483823049413,0.13814751458138821,0.08315241643533228,0.19249394186590285,0.19225073858997804,0.11690228628048084,0.061357175264522494,0.12033682099436435,0.07217575048248136,0.10849902077792424,0.084713009488816,0.10885443129977408,0.027001274541147025,0.19264271137943245,0.1927589772073183,0.1927177210251235,0.19244448694516875,0.192757088227961,0.19269991250541468,0.19256463200203303,0.19275450581445874,0.19275874823417202,0.19275786739290038,0.1927544008749558
0.10960084627369765,0.10954095835375491,0.1093635700851652,0.10960198173201935,0.109426135566451,0.10949100013246918,0.10959878020422753,0.10959743993996628,0.10960017189636444,0.1096008552126134,0.10951212857747852,0.046894620527108764,0.05050538966363841,0.05134895590552317,0.05746921775606768,0.05408145955399911,0.04934264909319985,0.06922564082324843,0.014369851443757417,0.10959628504442129,0.10953492650112912,0.05880242086363288,0.06208564957639476,0.05258271774553653,0.24999999999999986,0.04450112244712936,0.07067235198995497,0.06982933748499107,0.062314312918559406,0.10898891894667005,0.10949913948708563,0.05755858757830933,0.06398652179964555,0.07515262081253488,0.04020630705992138,0.07485853902359843,0.06775997044803277,0.07865947349192405,0.04786270245912439,0.10945205458470608,0.10931657392126527,0.06462584230618244,0.03605474077799727,0.06707393369077723,0.04191373420722112,0.060973897409751225,0.04857114794715701,0.061755298072525396,0.01545113277489291,0.10953706347483348,0.10960300449824976,0.10957954610410803,0.10942262174244892,0.10960193041410381,0.10956895514171999,0.10949249992845841,0.10960043557539115,0.1096028743128236,0.10960237846236294,0.10960040238604325
0.18460978897312846,0.18450936705950097,0.18425320150276636,0.1846117494136934,0.18427304735068264,0.1844237070852394,0.18460533694992398,0.18460420838137132,0.18460886921083844,0.18460979441317923,0.184468379537969,0.062468388734075946,0.10256664753506066,0.058869034870164094,0.1258500487313274,0.031111562746708704,0.11778787329740355,0.08649376695290517,0.04026868276567575,0.18460215792470905,0.18449321995533294,0.10603909130296503,0.08098055026170776,0.1476320166498709,0.04450112244712936,0.25000000000000017,0.07520761636738243,0.12691364971593982,0.10018365124948726,0.18358182089677078,0.1844460667242475,0.09178756495069722,0.1235195821130355,0.11679820399093095,0.13858774542896335,0.11841955488348867,0.12272831119337377,0.13134003633829863,0.08076529711230034,0.18435926446917916,0.1841281986751395,0.1107387313638534,0.059323532545304876,0.11474018621146233,0.0692096461677064,0.10415918321676776,0.08097236444581932,0.10452996453365723,0.025684008308965108,0.18450227094927873,0.1846134242417469,0.1845739114896551,0.18431072736809814,0.1846116151011493,0.18455672855167202,0.18442729185546128,0.1846091522409255,0.18461320495117556,0.18461236610607742,0.18460904129636202
0.14045246345493723,0.14037585775826364,0.14015035711811333,0.14045394122471486,0.14021955702191585,0.1403117116238423,0.14044984433158883,0.14044816256946882,0.14045171826918104,0.14045247374347633,0.14034136635033712,0.05366845820226878,0.07244273017377699,0.05417160526906354,0.07948343191117965,0.06314562144493922,0.0645543979580151,0.09281251652704149,0.014739370894201303,0.14044695935825272,0.1403651639220443,0.0803479948762884,0.06637432885111558,0.10732892569541752,0.07067235198995497,0.07520761636738243,0.25,0.055033921224245615,0.0897970758712438,0.13960733561633668,0.14032697081881684,0.06914106518582189,0.09295559258970756,0.09239954176555588,0.08973697596048463,0.09917565733707699,0.05426903538424052,0.10584800524188004,0.05469032202503836,0.14026344936393603,0.14008393334096375,0.08609426705728743,0.044690606359890334,0.08731186244993207,0.05358936490351656,0.07728637973706025,0.06297355883240655,0.07780626798924277,0.020667630796047762,0.14036986425203443,0.14045522920748557,0.14042516730144014,0.14022879840302455,0.14045385271332803,0.14041200068170942,0.14031361776153278,0.1404518880925759,0.14045506234872102,0.14045440681655852,0.14045189461704277
0.16439116133110576,0.16430159643979395,0.1640514411971761,0.16439289978373056,0.16410661025558118,0.16422610772182544,0.1643874983441714,0.16438616602807007,0.1643903243516525,0.16439117026272154,0.16426321788738374,0.05864991275087314,0.08698200641501641,0.060530709656447905,0.10084931984893979,0.052434352219116326,0.10005583242434676,0.05755164341783249,0.0509695300680748,0.16438447461969796,0.16428521393203901,0.0964955307720178,0.07273394530277864,0.12556384206777235,0.06982933748499107,0.12691364971593982,0.055033921224245615,0.25000000000000017,0.05334202681522547,0.16362467279584697,0.16424386133332927,0.08452416041096683,0.10669558318717058,0.10458739277883604,0.12010833777645151,0.1035610887217806,0.11628092410346959,0.11392488081305446,0.08684646093106088,0.16416531464052356,0.1639628071604446,0.09810866986447217,0.05312258239186959,0.10162121432651483,0.06164341978473692,0.09316702621998785,0.07166959621115879,0.0938702495498158,0.022357162285969182,0.16429592725936493,0.16439439845794426,0.1643592132954806,0.16412300458653986,0.16439278748914649,0.16434371762498673,0.16422865194184408,0.1643906230563239,0.16439420319831574,0.16439346774579502,0.16439049554056143
0.13853936393703117,0.1384638459841231,0.1382468990737629,0.13854082526841022,0.13830501866859807,0.1384003766646401,0.13853663701048435,0.13853513441166457,0.13853863934517394,0.13853937287021012,0.13843055640959728,0.051501947500259423,0.07271275757938847,0.05140380520787797,0.0816278405161381,0.054762562241126876,0.0682268120320317,0.08730794287772145,0.016877413890586043,0.1385338994796189,0.1384528945385765,0.07951036527629188,0.06370340109742106,0.10700165988332758,0.062314312918559406,0.10018365124948726,0.0897970758712438,0.05334202681522547,0.2499999999999999,0.13720339739571624,0.1384173833405976,0.061995661925530895,0.09465641865814285,0.08982390751308207,0.0912470783735367,0.0961823336086399,0.07274779883583435,0.10893722860073009,0.004066560618732608,0.13836120519132875,0.13817824688103802,0.08359237309112821,0.0443012165160181,0.0871168110370574,0.0522932219377421,0.07658519007079907,0.06234585064555303,0.07571232448946823,0.02103199427257002,0.13845700491420698,0.13854209201633422,0.13851243949354095,0.13832005063198244,0.1385407342548824,0.13849997242282405,0.13840240863451356,0.13853878125045663,0.13854192740896037,0.13854126093784988,0.13853880284726405
0.2485743763320481,0.2484388917370603,0.2480527447122494,0.24857699929690077,0.24815138087365562,0.24832493595354357,0.24856932661867323,0.24856679603715637,0.2485730841779024,0.24857439170778792,0.24837955453941132,0.09163038116223485,0.13072745081086373,0.09199288909079732,0.14799775339007873,0.09354444075997864,0.12915706843558453,0.14061967253450022,0.04108028556240826,0.24856450885232886,0.2484181716192917,0.14329822959693905,0.11372840199067641,0.19166742691040559,0.10898891894667005,0.18358182089677078,0.13960733561633668,0.16362467279584697,0.13720339739571624,0.25000000000000017,0.2483532578800139,0.12406160507909642,0.1652501681623501,0.1588842087110253,0.17618866378878587,0.16186674448539448,0.15663490990074666,0.17801603602245322,0.10793754520502852,0.24823723112077312,0.24792550904464666,0.14948978441275582,0.07986267308212705,0.1543077947820573,0.09350460153615406,0.1397334867451591,0.10936331141455122,0.14037715687107652,0.034823584006626496,0.24842946295286847,0.24857927117118023,0.2485260677559846,0.24817242473180648,0.24857683517098997,0.24850284823602187,0.2483286465658357,0.24857349679649937,0.24857897589663136,0.2485778435210512,0.24857336959623613
0.24975295868779265,0.24961683183489572,0.24922883120910713,0.24975559412600168,0.24932795725548298,0.2495023361570463,0.24974788533524594,0.2497453425182132,0.2497516605119114,0.24975297413722775,0.24955721520939228,0.09205762337388494,0.1313522447060836,0.09242438253490817,0.14869813583424885,0.09399703834289025,0.12975414235999216,0.14132333955055523,0.04125000509701984,0.2497430446968478,0.2495960076470927,0.14399364378049948,0.11422114978524973,0.1925876587412501,0.10949913948708563,0.1844460667242475,0.14032697081881684,0.16424386133332927,0.1384173833405976,0.2483532578800139,0.2500000000000002,0.12457559264513257,0.16618334025646628,0.15960751863774697,0.1770007044632685,0.16265744223306666,0.15729485026146378,0.17890465315006016,0.10821177145394469,0.24941425956370658,0.24910099611720632,0.1502153422723203,0.08023157945643807,0.15505428737975632,0.09394448586156053,0.14039114978415804,0.10988730080047981,0.14103128631892348,0.034996095201963125,0.249607349789189,0.24975787673520133,0.24970442106153648,0.2493491384023326,0.24975542918455798,0.24968109620659545,0.24950606381750814,0.2497520746240607,0.24975758006039997,0.24975644212031087,0.24975194717867658
0.12470435475539625,0.1246363401538078,0.12444738577609246,0.1247056593572894,0.12449363531675506,0.12457909622438523,0.12470182827355822,0.12470052854106418,0.12470367292126208,0.12470436260409902,0.12460579325228183,0.04851837428491989,0.06406635821598355,0.047523113743935246,0.07375092581496846,0.04715390874640615,0.06492750973689608,0.07013305850249367,0.021018172898468027,0.12469937163983419,0.12462830004554748,0.06700698981288679,0.07090631430648446,0.09331936222191613,0.05755858757830933,0.09178756495069722,0.06914106518582189,0.08452416041096683,0.061995661925530895,0.12406160507909642,0.12457559264513257,0.24999999999999986,0.0416022659723985,0.0939427851165978,0.08375396881979781,0.08396653524588386,0.07966553009364168,0.08918590699509606,0.05769449700246737,0.12453147908921752,0.12442739304288107,0.031945015595146724,0.0556661279084712,0.06849490204192582,0.05103082888347589,0.07040871873894473,0.05533080077419019,0.07061434027160594,0.017420671898348433,0.12463321468584206,0.1247068103955114,0.1246801193057529,0.1244690574888885,0.12470558844108949,0.12466547087608154,0.12458108173258092,0.12470385354649695,0.12470666233296145,0.12470613707532291,0.12470384969794941
0.166283154824817,0.16619267417702432,0.16591877995564128,0.16628494691460075,0.1659952687483138,0.16611669320045636,0.1662797487042391,0.16627816028700124,0.16628240112513676,0.16628316468056445,0.16615555780988595,0.05281619604478762,0.09245479325527228,0.05697531225766663,0.10071066309894217,0.06158461484390766,0.08652440895862915,0.0939526131529792,0.027078827765911046,0.1662766339905494,0.16617108135364683,0.11173275314395359,0.03238173677453874,0.13725453327767942,0.06398652179964555,0.1235195821130355,0.09295559258970756,0.10669558318717058,0.09465641865814285,0.1652501681623501,0.16618334025646628,0.0416022659723985,0.25000000000000006,0.07633038057686445,0.12126968372675861,0.10745194451194619,0.10044993478767984,0.11993380742862887,0.07011775511238626,0.16605927568090703,0.16583197496336388,0.11348367150428726,0.04571439657037124,0.11265254615842611,0.058687073511802385,0.09397602538636975,0.07246897273156956,0.09380517994533429,0.023317895654355773,0.1661849920258007,0.16628642920948092,0.16625083908404903,0.16602866344707573,0.16628479962987294,0.16623767869679326,0.1661187721861316,0.16628261642258838,0.16628623162746647,0.16628543970831774,0.16628248137162652
