x1,x2,x3,x4,x5,x6,x7,x8,x9,x10,x11,x12,x13,x14,x15,x16,x17,x18,x19,x20,x21,x22,x23,x24,x25,x26,x27,x28,x29,x30,x31,x32,x33,x34,x35,x36,x37,x38,x39,x40,x41,x42,x43,x44,x45,x46,x47,x48,x49,x50,x51,x52,x53,x54,x55,x56,x57,x58,x59,x60
0.25000000000000006,0.24978779459622533,0.24548429849039646,0.24971428612820867,0.24880985748199336,0.2492454483662358,0.24560139155537847,0.2497518980666048,0.24742172550383043,0.249963707999338,0.24926650396170533,0.08741183449842062,0.15408292555930034,0.09828326763847656,0.14304493871339224,0.11290442492293108,0.08506235222286535,0.1475619414252933,0.05890169814420502,0.24949202973139908,0.24983501059772548,0.1391291490544586,0.15282837829099089,0.19073157886881398,0.13471620751957716,0.20384701125592472,0.12437343108464075,0.18301230603724827,0.13624024419787437,0.24608186968825357,0.24986242260960762,0.18196191665122735,0.11672517071547422,0.21068326642421054,0.07502021197308291,0.21257653002894866,0.11692171138581202,0.18348480451959845,0.14959281200013166,0.24415555522335422,0.24949934003852853,0.09907488310011639,0.14858384684438025,0.09043256495439185,0.13410560307428152,0.10564024913353585,0.1005369669855286,0.13409858971688968,0.0706738302048304,0.24915349963129454,0.24990356377083525,0.24971709876522077,0.24906856163078195,0.2498878591007168,0.2465459803826807,0.24934335900501414,0.24463414485764404,0.24972924462031,0.2439858732099158,0.24996269419333889
0.24978779459622533,0.25,0.24533943961665924,0.24956963779967506,0.24866583386332336,0.24910114949731774,0.24545845967379787,0.24960725163079356,0.24727881995853532,0.2498189059105547,0.24912198843121783,0.08738246617758208,0.15398490467508855,0.09823569584374864,0.14296591163142275,0.11283596444819467,0.08501942148578949,0.14747537931562232,0.05887176307320977,0.2493474771186354,0.24969028776417554,0.13903021107015126,0.15274544204217497,0.19061234765802465,0.13463439083019077,0.20372572696783023,0.12429700888387823,0.182905902318946,0.13616021138870119,0.24593905084092194,0.24971767915492735,0.1818545681609238,0.11665631221558068,0.21055807030507326,0.07497854147503419,0.21245142741782347,0.11685647724141011,0.18337664009832172,0.14950803943963953,0.2440140459445312,0.24935481082290636,0.09901925425737568,0.14849713891975333,0.09038244601937463,0.1340271270652335,0.10558087378878693,0.1004768209582998,0.13402270938515312,0.07063089873722102,0.2490091787829402,0.24975879636779333,0.24957243939352125,0.24892423084770404,0.2497431009621638,0.24640318641927314,0.24919892122238071,0.24449249517082433,0.24958457962477015,0.24384461573827126,0.24981789253838524
0.24548429849039646,0.24533943961665924,0.25,0.24526590898325676,0.24436829508462438,0.24481052467629424,0.24116656094811487,0.24530829029476128,0.24298141406431256,0.24551531059775183,0.24483877736757734,0.08508693184882182,0.1497275983953395,0.09631221265350837,0.14031671502261753,0.11041223041333059,0.08370948524274818,0.1444530146793026,0.058262568885155804,0.24505175933284817,0.24538840634194012,0.13752167984975264,0.14960309076539435,0.18839032381208484,0.13224273905512893,0.2010386385255525,0.12209474854581125,0.18031937157258573,0.13369058670349251,0.24171191096278874,0.24541583381080698,0.1789031780834588,0.11468496727841432,0.20710894086452702,0.07386235008203476,0.208877088805676,0.11489601768945971,0.18023813874533784,0.14680858699429028,0.23983373860312843,0.2450585962459109,0.0971316337587191,0.1459355355962267,0.08875655377478647,0.1316073313843186,0.10389349232070758,0.09866831719927534,0.13175178278136612,0.06940096062178978,0.2447194126013877,0.245456252123511,0.24527310608830316,0.2446396977780917,0.24544081661000547,0.24215635546453765,0.24490546063827043,0.24027760585210953,0.24528484501893213,0.23964050737861922,0.24551433033482498
0.24971428612820867,0.24956963779967506,0.24526590898325676,0.25000000000000006,0.24859143624141575,0.24902777860349207,0.2453850429892368,0.2495338431343889,0.24720555084088724,0.24974539410008462,0.24905072773983414,0.08736542633908843,0.15392695669906103,0.09820813065140356,0.14291998691840507,0.1127976149230554,0.08500020722488913,0.14742382970317353,0.05886743988376525,0.24927405878693834,0.24961681126543564,0.13899466029197718,0.15269576342214694,0.190558214070667,0.13458802248804025,0.20366531902636228,0.12425672120153558,0.182855405874218,0.13611870483048166,0.24586642811163392,0.2496441970489664,0.18179985616130867,0.11662406701188853,0.21049271002367967,0.0749631051253189,0.21238637888148695,0.11682553215579751,0.18332036252358913,0.14946477646254752,0.2439422234253366,0.24928143058955998,0.09899097632738878,0.14845203602849635,0.09035787141075748,0.13398642435138797,0.10555279672071802,0.10044520479798123,0.1339847717774435,0.07060860992428873,0.24893590816831354,0.24968530209626896,0.24949899997228478,0.24885096582533675,0.2496696113360164,0.24633064265595164,0.24912558999997933,0.24442051997567266,0.24951113603184236,0.24377284723738332,0.2497443808786998
0.24880985748199336,0.24866583386332336,0.24436829508462438,0.24859143624141575,0.24999999999999997,0.24812294991440578,0.244498604791055,0.2486302308171692,0.24630155716014152,0.24884079370451867,0.24815841078909856,0.08735036433305962,0.15318497205631298,0.09808346416091165,0.14203815611456133,0.11224091908522277,0.08471263125948922,0.14690513571203315,0.05868987495604457,0.24837107500830455,0.24871260059457592,0.13820329107215007,0.15224080557117128,0.18982197705840723,0.13399697918567666,0.20310219330489843,0.12366725999357008,0.18232174334626133,0.1355616205648971,0.24497199554165547,0.24873996587792221,0.18114478448693971,0.11611859206204969,0.20972517727596227,0.0747030950536539,0.21161482715762578,0.11646216425173529,0.18262717243582668,0.14894495937981903,0.24306545755380654,0.24837854679968838,0.09862464670016208,0.14791325420221757,0.09006880456464908,0.13344332640523932,0.10524887882643064,0.09999995903404366,0.13357002150752326,0.07028378086134003,0.24803470123128155,0.24878092120192477,0.2485952945192925,0.24794921372426015,0.2487652904239469,0.24543972356333119,0.2482232855601168,0.24353776033088456,0.2486073874438841,0.24289272260176267,0.24883978609066595
0.2492454483662358,0.24910114949731774,0.24481052467629424,0.24902777860349207,0.24812294991440578,0.2499999999999999,0.24491468705776503,0.24906544838925318,0.2467432568799305,0.24927640535431014,0.24859246071637892,0.08731732170682095,0.1535641174523584,0.09806985402860091,0.14265715477467936,0.11256739404987127,0.08486426335287225,0.1471412076799535,0.05877898206585292,0.24880585284391618,0.24914807578437784,0.1386530734282063,0.15243309719496853,0.19016629352833886,0.13431427951775018,0.2032818373646564,0.12399808500803167,0.1825195480249335,0.13585452232857712,0.24540346293875745,0.24917539884689605,0.1814512767152634,0.11639608214618695,0.21008474588744716,0.07483111501336318,0.211979586869811,0.11661971240273308,0.18296694632932498,0.14919252688470258,0.2434842610303108,0.24881332897127462,0.09881129262563235,0.14817053959170615,0.09019922334333061,0.13372824733392766,0.10536654250823607,0.10024435053122237,0.13374425775954857,0.07046429881252789,0.24846851156555122,0.2492164262142467,0.24903047403071227,0.24838345641368823,0.2492007657250382,0.24586823986906858,0.24865778650459003,0.24396191374269566,0.24904259243274632,0.2433155389906438,0.24927539406754703
0.24560139155537847,0.24545845967379787,0.24116656094811487,0.2453850429892368,0.244498604791055,0.24491468705776503,0.2499999999999997,0.24542078830545214,0.243111738566972,0.24563241674915734,0.24514142724058874,0.08517925425570892,0.1516913427232612,0.09596329766740633,0.1395158642467675,0.11200003587795099,0.08153590035664067,0.1463912055216523,0.05701175039562034,0.24517375704151434,0.24550593245895044,0.1358976566639799,0.15052386577507093,0.18725095645706735,0.13248127687031608,0.20031248132759927,0.12229530684565385,0.179662331956511,0.13390937824264443,0.24182238749380208,0.2455328666363523,0.1788722268597747,0.11445300876461462,0.20713849688783353,0.07351229715586888,0.20896772498278512,0.11477194513807118,0.18038298343218842,0.14697601220571818,0.23992533360494714,0.2451763471987283,0.09731237025175694,0.1460624574201176,0.08879587666398697,0.131827019502696,0.10369465936334933,0.09886826689739078,0.13172099677013333,0.06949632084777563,0.2448362222906345,0.24557329720256013,0.2453900627845308,0.24475317979185424,0.24555786527021428,0.24227596718412833,0.24502293430565686,0.24039737252827437,0.24540204132848095,0.23975963179531537,0.245631402978789
0.2497518980666048,0.24960725163079356,0.24530829029476128,0.2495338431343889,0.2486302308171692,0.24906544838925318,0.24542078830545214,0.2499999999999999,0.24724349674733542,0.24978298937754773,0.24909355662850266,0.0873851244971925,0.15393865120069028,0.09821603364466362,0.1429531575277554,0.1127972755159583,0.08502741739417231,0.1474333644148499,0.05889169306727372,0.249311530231331,0.24965438159558098,0.13901368489059948,0.15271606393326234,0.19059336923242226,0.13459818233352094,0.20370715775453974,0.12426619528667966,0.182894352171426,0.13613435636861945,0.24590310693540746,0.24968177724552612,0.18182668247098469,0.11664079763530355,0.21052172103354316,0.07498134389426733,0.2124162738680008,0.11684885617383967,0.18334473231396714,0.14948851574346,0.24397931990668706,0.24931895145483968,0.09900589924510278,0.1484730538402519,0.09037470587768187,0.1340027516621282,0.105575110117163,0.10045485687003919,0.1340094310061661,0.07061494927829032,0.2489734040884566,0.24972288841803508,0.2495365582894646,0.24888841102215303,0.2497071954157591,0.24636774580543702,0.24916309085954738,0.24445739216910778,0.24954869505294733,0.24380964505848302,0.2497819760995215
0.24742172550383043,0.24727881995853532,0.24298141406431256,0.24720555084088724,0.24630155716014152,0.2467432568799305,0.243111738566972,0.24724349674733542,0.24999999999999967,0.24745243887932108,0.24677396176385777,0.08635144065397449,0.15241442503558097,0.09731285501978025,0.1412439353473746,0.11185971228972343,0.0837593352638971,0.14641345709531456,0.05790052633028275,0.2469866384732693,0.24732473407018069,0.13736417361997136,0.1515400222233777,0.18860514803718909,0.1333668454495768,0.20201479316707685,0.12302141741196551,0.1812399214333855,0.134825387061816,0.24361031674341393,0.24735217764273845,0.18018057391250034,0.11535013241398352,0.20866819490513688,0.07407944340764754,0.21052075266389023,0.11572803026731254,0.18167114802590825,0.14810185990786565,0.2417120934557253,0.24699293964847713,0.09803673526804342,0.14713662428225646,0.08951908382574818,0.13270152783839215,0.10460655469339579,0.09945828320305836,0.13281362366975324,0.06990027553291607,0.24665097025054777,0.24739290530399258,0.24720831423881306,0.24656585227064504,0.24737736291730023,0.24407192880753928,0.2468384623219466,0.242180987564885,0.24722035983495735,0.2415393469980199,0.2474514417735824
0.249963707999338,0.2498189059105547,0.24551531059775183,0.24974539410008462,0.24884079370451867,0.24927640535431014,0.24563241674915734,0.24978298937754773,0.24745243887932108,0.24999999999999967,0.2492971711913267,0.0874181501407788,0.1541038808211604,0.09829115513965413,0.14306545089617143,0.11291603082755468,0.08507628116988444,0.1475762922188384,0.05891280078195512,0.2495230751953589,0.24986611255025387,0.1391540323031606,0.15284409863715867,0.19075793631981405,0.13473216265467539,0.20387149233357219,0.12438950797534216,0.18303533060902438,0.13625740241981893,0.2461124946089658,0.24989352848730267,0.18198435358358908,0.11674144812740342,0.21070884840123794,0.07503136209736096,0.21260245861363103,0.11693655818891052,0.18350738141763195,0.14961124869089945,0.24418590626854778,0.24953039826950646,0.09908736428709237,0.1486019709332311,0.09044388557024066,0.1341224648366273,0.10565352376204226,0.1005497231633887,0.13411498047480214,0.07068296285783894,0.24918451302452382,0.24993467477005668,0.24974818654831246,0.24909957384485948,0.24991896810416941,0.24657664763899345,0.2493743985743783,0.2446645613963525,0.24976033350278007,0.2440162093635943,0.24999381255331976
0.24926650396170533,0.24912198843121783,0.24483877736757734,0.24905072773983414,0.24815841078909856,0.24859246071637892,0.24514142724058874,0.24909355662850266,0.24677396176385777,0.2492971711913267,0.24999999999999967,0.08675249670003293,0.15381644829141183,0.09789180643988747,0.14263025526991063,0.11255838204775798,0.08479907011920214,0.14713785848332084,0.05884055853178796,0.24882655922778804,0.2491687082584381,0.1388888329161251,0.15234401922357776,0.1903517507242317,0.13427124070765847,0.20337679860644126,0.1240047434609019,0.18260286745264073,0.1358535817183044,0.24542420228297823,0.24919614690913142,0.18148648772943976,0.11642072765458658,0.21011314784795043,0.07489068794933178,0.2119992737920447,0.11664109570365787,0.18297956759963482,0.14918781119140814,0.243506941749422,0.24883393750203103,0.09879832284247816,0.14817715074126597,0.09020197850233833,0.13372403849743258,0.10539781710769527,0.1002409718383469,0.13375968390409096,0.0704688652326202,0.24848914959759671,0.24923717863132855,0.24905121104008499,0.24840459752861072,0.24922151524433128,0.24588813847189478,0.24867840432211724,0.24398142506406015,0.24906330170870297,0.2433349849601844,0.24929615140333464
0.08741183449842062,0.08738246617758208,0.08508693184882182,0.08736542633908843,0.08735036433305962,0.08731732170682095,0.08517925425570892,0.0873851244971925,0.08635144065397449,0.0874181501407788,0.08675249670003293,0.24999999999999975,-0.007883904310659634,0.0717661915533918,0.05661507873778853,0.033510162464521924,0.04448192619265993,0.052566443113012506,0.019936331887918782,0.0872335185067633,0.0873937528990923,-0.020558855387731233,0.07893259236119163,0.03558160383097086,0.04817529179193292,0.06605209055814937,0.0334341411100606,0.060490758370871714,0.044782047062201784,0.08565227195344827,0.08738305759938522,0.059867969014673776,0.032284044197703775,0.06966392855406209,0.020521234313540273,0.07245459970267838,0.04414752688907746,0.06171047444409863,0.05725693217968919,0.08532936010525517,0.08727697262141469,0.03840543492779255,0.05230556804170567,0.03570411007076983,0.045816373902519324,0.03871118934863948,0.03164347987715651,0.05096687812996951,0.020134975736682104,0.08717400330751887,0.08739721321538194,0.087332031092688,0.0869878377469164,0.08739222583313477,0.08639638309004144,0.08722037089835005,0.08584912833202406,0.08734157386801787,0.08564828419949526,0.08741789724013199
0.15408292555930034,0.15398490467508855,0.1497275983953395,0.15392695669906103,0.15318497205631298,0.1535641174523584,0.1516913427232612,0.15393865120069028,0.15241442503558097,0.1541038808211604,0.15381644829141183,-0.007883904310659634,0.2499999999999995,0.0030739034413912354,0.09499435866272712,0.0680631474654267,0.04608100955263067,0.09250713129447916,0.033900612802754006,0.1538353997394184,0.1540157593518449,0.11475553408409246,0.0842761531211179,0.1383034706776531,0.08054673662509546,0.13499261284291728,0.07988271902463386,0.11861437849161327,0.08395895586493357,0.1519121299557824,0.1540413060306696,0.11479558976907529,0.07405210971735521,0.1326957631173061,0.04909317021078612,0.1324983723079278,0.07102020952269412,0.11422448135992062,0.08973619910330731,0.1507556272744363,0.1538066784862052,0.05852360361364562,0.09156995257841538,0.05394855975287587,0.08219772428064566,0.06552725943947232,0.062489752549309815,0.08175084345309798,0.04490202518796447,0.1535922514496992,0.15406681336588524,0.15395185282034168,0.15362015289214223,0.15405689686434582,0.15193670155459404,0.15371149476958915,0.15071597126951836,0.15395627197251574,0.15030291705134108,0.15410326681308034
0.09828326763847656,0.09823569584374864,0.09631221265350837,0.09820813065140356,0.09808346416091165,0.09806985402860091,0.09596329766740633,0.09821603364466362,0.09731285501978025,0.09829115513965413,0.09789180643988747,0.0717661915533918,0.0030739034413912354,0.24999999999999967,-0.007679674308491165,0.05940821933810515,0.029996145314113955,0.06114272289025872,0.02039139456134905,0.09810472324428074,0.09825298724772502,0.024123680547577367,0.07098388650376708,0.04179096743120564,0.06487284216055228,0.06530107192748365,0.048408724601689046,0.05881342024893005,0.0559153193384911,0.09669798630078517,0.09825150806706426,0.06831946811489044,0.044009942175591205,0.08075423234712961,0.02070918540785257,0.08295868856563685,0.044590609238304414,0.0723711181054737,0.061269631369064784,0.0955408668087335,0.09812578945722437,0.04218358445900367,0.05923505592722523,0.036115625389709465,0.05539002419555929,0.037590095635322576,0.041790122585703096,0.05158309595056941,0.028313526929597613,0.09797743743383104,0.09826752783169991,0.09819418975855573,0.09786254363349346,0.09826159388406307,0.09702159828353504,0.09806095891766414,0.09629699942792695,0.09820356459075145,0.09604493177921344,0.098290777268991
0.14304493871339224,0.14296591163142275,0.14031671502261753,0.14291998691840507,0.14203815611456133,0.14265715477467936,0.1395158642467675,0.1429531575277554,0.1412439353473746,0.14306545089617143,0.14263025526991063,0.05661507873778853,0.09499435866272712,-0.007679674308491165,0.24999999999999933,0.006665874882527973,0.08433032462907453,0.07359931799859375,0.038895447020817264,0.14274418855447166,0.14298662316992164,0.07719123635857718,0.09112528394743483,0.10389268441609197,0.07017186525843694,0.12197446979745373,0.06286372539817235,0.11085084575338831,0.07439847685510842,0.14050852704435776,0.14300771861719097,0.10178580157667402,0.06507868330245772,0.11794429587595467,0.04387570748272153,0.12029228769208061,0.0710927137242474,0.10243997055244372,0.08830077037140042,0.14005181512517084,0.14280563418763645,0.058449142160856234,0.08458109259206033,0.05549808012023025,0.0736136357063857,0.06550097911219309,0.05225665629237329,0.0816358340549121,0.035619008139685646,0.14263484431026419,0.1430310936181642,0.1429244125704112,0.1425004332171995,0.14302239353552046,0.1412094350140903,0.14271747219959457,0.1402082395441681,0.14293268043955928,0.13986087599220176,0.1430649427440497
0.11290442492293108,0.11283596444819467,0.11041223041333059,0.1127976149230554,0.11224091908522277,0.11256739404987127,0.11200003587795099,0.1127972755159583,0.11185971228972343,0.11291603082755468,0.11255838204775798,0.033510162464521924,0.0680631474654267,0.05940821933810515,0.006665874882527973,0.2499999999999995,-0.0512645960097872,0.10758876375558807,0.009171009637240272,0.11284664990843073,0.11286461301363764,0.05677520196565017,0.07109156940073866,0.07517954640730115,0.072751287618451,0.07098362421092562,0.07369976908601632,0.06391812869852882,0.07000305609595522,0.11167280027620985,0.1128700303856789,0.08630414737242972,0.050646644300018515,0.1001402786373411,0.02775755108147539,0.0990541907117517,0.04296819154219219,0.08852750749442599,0.06348476151731153,0.10949444518218468,0.1127035892721039,0.04203535558037685,0.06881865583372015,0.033815396417685065,0.06713141527681021,0.036391174115847004,0.05588299341587804,0.05100128749355073,0.04093496049204963,0.11249174797498858,0.11288886501314366,0.11280455193095074,0.11256659482324573,0.11288137224885293,0.11122308773397627,0.11262955306708004,0.11020248497646086,0.11280977492991573,0.10987022473980214,0.11291556418810404
0.08506235222286535,0.08501942148578949,0.08370948524274818,0.08500020722488913,0.08471263125948922,0.08486426335287225,0.08153590035664067,0.08502741739417231,0.0837593352638971,0.08507628116988444,0.08479907011920214,0.04448192619265993,0.04608100955263067,0.029996145314113955,0.08433032462907453,-0.0512645960097872,0.24999999999999975,-0.016835127391604747,0.05895968765438578,0.0846683068332562,0.08502898564817014,0.04329218774683198,0.05403585446499611,0.06530036145114257,0.03024139311050334,0.0846887569879911,0.01964307189315511,0.08208008940451571,0.03643725850539135,0.08298232761355381,0.08504217855625203,0.05575722561049207,0.041256414534032386,0.06384352973655252,0.03347776392009068,0.06760162541482728,0.05237380154869906,0.054902770930540835,0.057231932194074214,0.08377928980641354,0.08492467215522537,0.038294450403814996,0.04836493867050203,0.04020841701536343,0.03781014787122167,0.049458713437817214,0.02122530675356076,0.05737533446790933,0.012588344711282194,0.08487185068091664,0.08505580089677994,0.08499243505174649,0.08465160628426002,0.08505105126833623,0.08408098113517842,0.08487674291634481,0.08362731910913927,0.08499828719292774,0.08347300495297451,0.08507594043332004
0.1475619414252933,0.14747537931562232,0.1444530146793026,0.14742382970317353,0.14690513571203315,0.1471412076799535,0.1463912055216523,0.1474333644148499,0.14641345709531456,0.1475762922188384,0.14713785848332084,0.052566443113012506,0.09250713129447916,0.06114272289025872,0.07359931799859375,0.10758876375558807,-0.016835127391604747,0.24999999999999975,-0.04215637976639872,0.14777624800262337,0.14749800222122922,0.07342439383559855,0.10033577326465824,0.10038011164250234,0.09672886209151137,0.105608495568855,0.09552997240475293,0.08279413912082764,0.09133400861350334,0.1460482208798203,0.14751620165463936,0.11403874419195201,0.060819588326575885,0.13381067315342343,0.029250100877137326,0.1317443498844299,0.05447992894222589,0.11704948886657084,0.08247347640392597,0.14353194721225063,0.14730610738967007,0.053747154522020155,0.09120982150626109,0.043456713193066564,0.0876183260410611,0.04697386388364088,0.0729740190021659,0.06739282994359592,0.053099881448292,0.14703677051651828,0.14754083101145254,0.14743064449186502,0.14715867146861977,0.14753108582331279,0.1454841181798637,0.147205479886471,0.14419181954700983,0.14743808821716842,0.14373073909734746,0.14757572714107178
0.05890169814420502,0.05887176307320977,0.058262568885155804,0.05886743988376525,0.05868987495604457,0.05877898206585292,0.05701175039562034,0.05889169306727372,0.05790052633028275,0.05891280078195512,0.05884055853178796,0.019936331887918782,0.033900612802754006,0.02039139456134905,0.038895447020817264,0.009171009637240272,0.05895968765438578,-0.04215637976639872,0.24999999999999983,0.058485799059507446,0.058884571393512566,0.04135431797032269,0.027498130153952673,0.05764286513595159,0.014282443353098272,0.06551405365969697,0.007770528023590198,0.06851425491860143,0.021436227504895853,0.057264597962229706,0.05888916329127488,0.03766776967166261,0.03348470778652105,0.04109220049236157,0.032634302623244835,0.044250609449017035,0.04158411336691722,0.03499313000983972,0.04010346409334799,0.058210551089948645,0.05879732906492647,0.02683976484874076,0.031632150911312315,0.030283458367930935,0.023523666860666346,0.03956248388389589,0.011028571596052581,0.04246241213280951,0.0062612774003096595,0.058777341646620025,0.05889857886088377,0.05885472448459867,0.05862115399038258,0.05889526567467844,0.058170669463622086,0.058768650027163305,0.057866021598579676,0.05885662263646914,0.05777941652952319,0.058912528000963575
0.24949202973139908,0.2493474771186354,0.24505175933284817,0.24927405878693834,0.24837107500830455,0.24880585284391618,0.24517375704151434,0.249311530231331,0.2469866384732693,0.2495230751953589,0.24882655922778804,0.0872335185067633,0.1538353997394184,0.09810472324428074,0.14274418855447166,0.11284664990843073,0.0846683068332562,0.14777624800262337,0.058485799059507446,0.2499999999999996,0.2493946089053684,0.13883752722071124,0.1525915951848576,0.19036048061624866,0.1345382415229292,0.20346085294853417,0.12420487144766722,0.1826167452525532,0.1360173739826915,0.24565088585849232,0.24942196788566645,0.18165445169252287,0.11649176290132418,0.210350197865817,0.07481669978172788,0.21222884270472792,0.11667020352583975,0.1831905618244255,0.14932087596852525,0.24372582429349546,0.249059613935139,0.09889074603078146,0.14833946225180208,0.0902484294138843,0.13388860379088877,0.10541314581830319,0.10038880426332067,0.13384255189097152,0.07056859247315828,0.24871428471468807,0.24946303706825168,0.2492769005919949,0.24862978158324328,0.24944735994575598,0.24611212024031323,0.24890385770859647,0.2442036602205025,0.24928903737519412,0.24355623419120737,0.24952206323673165
0.24983501059772548,0.24969028776417554,0.24538840634194012,0.24961681126543564,0.24871260059457592,0.24914807578437784,0.24550593245895044,0.24965438159558098,0.24732473407018069,0.24986611255025387,0.2491687082584381,0.0873937528990923,0.1540157593518449,0.09825298724772502,0.14298662316992164,0.11286461301363764,0.08502898564817014,0.14749800222122922,0.058884571393512566,0.2493946089053684,0.24999999999999947,0.13903351770045558,0.15278346172000043,0.190638317513707,0.13467965388891107,0.2037545932577323,0.12433938462157133,0.18293387516443627,0.1361923832801858,0.24598632902200332,0.24976486642122944,0.1818970946486255,0.11667378759550243,0.21060712036926232,0.07498216395199822,0.21249736684463794,0.11686724003769115,0.18341856001927748,0.14952987027496656,0.24405967269056392,0.24940191850653928,0.09903154007027616,0.14852745980881274,0.09038968951171834,0.1340592487827763,0.10558848540146576,0.10050800929595358,0.1340367874783493,0.07065549942093519,0.2490561611733102,0.24980599182534302,0.24961959954388835,0.24897141783052604,0.24979029278413753,0.24644956837642593,0.2492459951443362,0.24453831464145703,0.24963173889589543,0.24389024500332548,0.2498650991495383
0.1391291490544586,0.13903021107015126,0.13752167984975264,0.13899466029197718,0.13820329107215007,0.1386530734282063,0.1358976566639799,0.13901368489059948,0.13736417361997136,0.1391540323031606,0.1388888329161251,-0.020558855387731233,0.11475553408409246,0.024123680547577367,0.07719123635857718,0.05677520196565017,0.04329218774683198,0.07342439383559855,0.04135431797032269,0.13883752722071124,0.13903351770045558,0.24999999999999947,0.04240976700362452,0.13663552274965315,0.06899325911407941,0.12290075787473378,0.07309489660355618,0.11131764562412781,0.07534819821547188,0.13706004792749246,0.139097468603565,0.10141404894133063,0.07822051845002757,0.1160417949895026,0.05240113857666264,0.1168011132313659,0.0663130628440193,0.10134984550892387,0.08002463755997148,0.1360964877670864,0.13887421910372139,0.05386146397336683,0.08067795030045251,0.04968727263142932,0.0744379613834117,0.060941910837833096,0.056636524243192994,0.07325369711420979,0.04138207486662456,0.1386782594382631,0.13912040662121122,0.1390165942840474,0.13875349145014412,0.1391112790188749,0.13710125225315978,0.13879166705507817,0.13595534228896353,0.13901844721680975,0.13557807710384495,0.13915332248353288
0.15282837829099089,0.15274544204217497,0.14960309076539435,0.15269576342214694,0.15224080557117128,0.15243309719496853,0.15052386577507093,0.15271606393326234,0.1515400222233777,0.15284409863715867,0.15234401922357776,0.07893259236119163,0.0842761531211179,0.07098388650376708,0.09112528394743483,0.07109156940073866,0.05403585446499611,0.10033577326465824,0.027498130153952673,0.1525915951848576,0.15278346172000043,0.04240976700362452,0.2499999999999994,0.09376588364389024,0.08552874699228073,0.12367735266741352,0.073443181087235,0.10815288490147906,0.083048154127473,0.1510361689292869,0.15278136096649864,0.1271892639379075,0.025661726721114275,0.14378769328692823,0.033095271924715564,0.13904643329992103,0.06912302855083655,0.11659503221555206,0.09191675003934154,0.1496968217507461,0.15256735269446076,0.05118421143645766,0.0956655626897864,0.050896943860147426,0.07800668297254619,0.06404537999110399,0.05846829284541242,0.0845588519741654,0.04048243216736872,0.15237330708822558,0.1528073766016407,0.15269338478372985,0.1522634831401679,0.1527979299856708,0.15087289512469548,0.15246834494123868,0.14977093222071744,0.1527008571729772,0.14940639229264352,0.15284353724508362
0.19073157886881398,0.19061234765802465,0.18839032381208484,0.190558214070667,0.18982197705840723,0.19016629352833886,0.18725095645706735,0.19059336923242226,0.18860514803718909,0.19075793631981405,0.1903517507242317,0.03558160383097086,0.1383034706776531,0.04179096743120564,0.10389268441609197,0.07517954640730115,0.06530036145114257,0.10038011164250234,0.05764286513595159,0.19036048061624866,0.190638317513707,0.13663552274965315,0.09376588364389024,0.24999999999999972,0.07568576381227707,0.18334511648575053,0.09070722523057685,0.16152455532021495,0.09852874687917981,0.18766386050487946,0.19068045784288035,0.14170929167163043,0.09230175382263672,0.1607886256581083,0.07660090635689729,0.16091485177290393,0.09444572332223468,0.13753403320513843,0.11182625375231492,0.1872058627714044,0.19037990863439883,0.07247652035123718,0.11121923047669065,0.07075266252324702,0.09702780989935883,0.0897092705481969,0.07071349572266132,0.10666623914261597,0.05066607303084755,0.1901492624969409,0.19071197599938866,0.19056972131270591,0.1901713954750849,0.19069975982528403,0.18808701933021363,0.19026702413718738,0.18663389848372436,0.1905726721350321,0.1861421037204658,0.19075710681131067
0.13471620751957716,0.13463439083019077,0.13224273905512893,0.13458802248804025,0.13399697918567666,0.13431427951775018,0.13248127687031608,0.13459818233352094,0.1333668454495768,0.13473216265467539,0.13427124070765847,0.04817529179193292,0.08054673662509546,0.06487284216055228,0.07017186525843694,0.072751287618451,0.03024139311050334,0.09672886209151137,0.014282443353098272,0.1345382415229292,0.13467965388891107,0.06899325911407941,0.08552874699228073,0.07568576381227707,0.2499999999999997,0.08896237404489578,0.07073795254425018,0.08121664181908576,0.07731149032984695,0.13426715245697118,0.1346770537318182,0.10556210559725389,0.062205718065015035,0.13307171868495307,-0.03343351972771739,0.13017616584238023,0.05596675594721636,0.10821482465810174,0.07564790447147599,0.13109886561757916,0.13449665603867877,0.04356987139644054,0.08760417892776924,0.035942839728250735,0.07728364826586852,0.0412483189820727,0.06455820970772226,0.0630601120707651,0.046211699079576514,0.13425582955351412,0.13469975665397063,0.13459917608102243,0.13427539323412976,0.1346910537680387,0.13288563358387304,0.13439885227556334,0.13175493497176613,0.13460699086091427,0.13137715394051783,0.13473161853202964
0.20384701125592472,0.20372572696783023,0.2010386385255525,0.20366531902636228,0.20310219330489843,0.2032818373646564,0.20031248132759927,0.20370715775453974,0.20201479316707685,0.20387149233357219,0.20337679860644126,0.06605209055814937,0.13499261284291728,0.06530107192748365,0.12197446979745373,0.07098362421092562,0.0846887569879911,0.105608495568855,0.06551405365969697,0.20346085294853417,0.2037545932577323,0.12290075787473378,0.12367735266741352,0.18334511648575053,0.08896237404489578,0.24999999999999942,0.07859335189270056,0.17211047971922858,0.10056781532834294,0.20027508520507437,0.20378890181458142,0.1476846611897592,0.0927105616333424,0.1679381167178588,0.07271546778938746,0.1698646079673728,0.10738701646768035,0.14343206081619642,0.12491742482300168,0.20027134348572406,0.20349094714677218,0.08076354869580558,0.11911067576409541,0.0799631789230104,0.10207543606528532,0.09874781600921477,0.07132717057243865,0.11915727651996581,0.04865769572695104,0.20327027929714447,0.2038224261228513,0.20367042950190092,0.20314958119271584,0.20380989162015659,0.20124304723587724,0.20336663543405006,0.19983662006941857,0.2036788009953404,0.19932644665166227,0.2038706654535953
0.12437343108464075,0.12429700888387823,0.12209474854581125,0.12425672120153558,0.12366725999357008,0.12399808500803167,0.12229530684565385,0.12426619528667966,0.12302141741196551,0.12438950797534216,0.1240047434609019,0.0334341411100606,0.07988271902463386,0.048408724601689046,0.06286372539817235,0.07369976908601632,0.01964307189315511,0.09552997240475293,0.007770528023590198,0.12420487144766722,0.12433938462157133,0.07309489660355618,0.073443181087235,0.09070722523057685,0.07073795254425018,0.07859335189270056,0.24999999999999947,0.05774456160328663,0.08672626557719207,0.12385731158020781,0.12433843710522205,0.10231886091334742,0.05479421554409153,0.12862879162775012,0.03341424558008814,0.12289598351069442,-0.0011754338158730822,0.12063872032086305,0.05911749901653208,0.12020233268967147,0.12413639668397616,0.03868955594162599,0.08074944284748872,0.026107684843395793,0.07636114871229363,0.029202700073839592,0.06886757168683123,0.04545264329827143,0.05434251206110188,0.1238489209976609,0.12435958280604462,0.12426664481820517,0.12407762180746876,0.12435077280567765,0.12226290888426877,0.12405336672027302,0.12092571946331354,0.1242670679742023,0.12052102459587491,0.12438898682483161
0.18301230603724827,0.182905902318946,0.18031937157258573,0.182855405874218,0.18232174334626133,0.1825195480249335,0.179662331956511,0.182894352171426,0.1812399214333855,0.18303533060902438,0.18260286745264073,0.060490758370871714,0.11861437849161327,0.05881342024893005,0.11085084575338831,0.06391812869852882,0.08208008940451571,0.08279413912082764,0.06851425491860143,0.1826167452525532,0.18293387516443627,0.11131764562412781,0.10815288490147906,0.16152455532021495,0.08121664181908576,0.17211047971922858,0.05774456160328663,0.24999999999999947,0.06981905601100392,0.17986340573855944,0.18296112975497394,0.1320655422274943,0.08367951550591149,0.1487684317249047,0.06852811369237868,0.15085726515922984,0.10369299850048365,0.12502801307708528,0.11732886209469652,0.17987925457252668,0.18268801850366087,0.07306060616975592,0.10583543506216989,0.07425926594626146,0.08864587778523764,0.09354620428004484,0.059808553125235114,0.1103705714677311,0.040378206221161464,0.18250866593108103,0.18299126909992425,0.182854835823105,0.18234843766495085,0.18298010746505763,0.18065211460183048,0.1825804480731868,0.179422534880253,0.18286142078150971,0.17900247566591096,0.18303458215551904
0.13624024419787437,0.13616021138870119,0.13369058670349251,0.13611870483048166,0.1355616205648971,0.13585452232857712,0.13390937824264443,0.13613435636861945,0.134825387061816,0.13625740241981893,0.1358535817183044,0.044782047062201784,0.08395895586493357,0.0559153193384911,0.07439847685510842,0.07000305609595522,0.03643725850539135,0.09133400861350334,0.021436227504895853,0.1360173739826915,0.1361923832801858,0.07534819821547188,0.083048154127473,0.09852874687917981,0.07731149032984695,0.10056781532834294,0.08672626557719207,0.06981905601100392,0.24999999999999933,0.13254147399978083,0.13620186495150044,0.10670606866634366,0.057640649540144695,0.12776136071173544,0.03454813110361598,0.12494548794125994,0.048024503501424703,0.11319215508905522,0.04538114987108931,0.13285278222086785,0.13601069203993235,0.04799628984050672,0.08592293748843517,0.040256444493472945,0.07658347720376849,0.046728063522959246,0.06195047854807359,0.06579409098164928,0.04495445527750982,0.13577664500449396,0.13622462032493038,0.13612291856767691,0.13578423980504967,0.13621583761199388,0.13433084892447295,0.13591720935955942,0.13318613436613053,0.13612981498546414,0.13279663494998775,0.1362568450107039
0.24608186968825357,0.24593905084092194,0.24171191096278874,0.24586642811163392,0.24497199554165547,0.24540346293875745,0.24182238749380208,0.24590310693540746,0.24361031674341393,0.2461124946089658,0.24542420228297823,0.08565227195344827,0.1519121299557824,0.09669798630078517,0.14050852704435776,0.11167280027620985,0.08298232761355381,0.1460482208798203,0.057264597962229706,0.24565088585849232,0.24598632902200332,0.13706004792749246,0.1510361689292869,0.18766386050487946,0.13426715245697118,0.20027508520507437,0.12385731158020781,0.17986340573855944,0.13254147399978083,0.24999999999999933,0.246012707123357,0.18061348397955687,0.11368720476559248,0.20940437048633648,0.07179329065308522,0.21061398909264287,0.11364564771293398,0.1817182929569069,0.14678940985803535,0.24036782556564087,0.24565350913152806,0.09626546731220832,0.1468309273333833,0.08782304245105192,0.13207160004170657,0.1030926263793128,0.0996026324427898,0.13122190905719178,0.07032241635285402,0.24530897333205984,0.24605327718481185,0.245869680010765,0.24524002385722699,0.24603775879158485,0.24272646276441368,0.2454996824408837,0.24082711681553262,0.24588108591262772,0.24018809845411965,0.24611149585870926
0.24986242260960762,0.24971767915492735,0.24541583381080698,0.2496441970489664,0.24873996587792221,0.24917539884689605,0.2455328666363523,0.24968177724552612,0.24735217764273845,0.24989352848730267,0.24919614690913142,0.08738305759938522,0.1540413060306696,0.09825150806706426,0.14300771861719097,0.1128700303856789,0.08504217855625203,0.14751620165463936,0.05888916329127488,0.24942196788566645,0.24976486642122944,0.139097468603565,0.15278136096649864,0.19068045784288035,0.1346770537318182,0.20378890181458142,0.12433843710522205,0.18296112975497394,0.13620186495150044,0.246012707123357,0.24999999999999933,0.18190953326029752,0.11669512077043064,0.2106226733580784,0.07500128352808094,0.21251591955620153,0.11688945767216048,0.18343268997671566,0.14955089843860545,0.24408696129102656,0.24942928939597958,0.09904801498088661,0.14854161706371272,0.09040768623079279,0.13406826587080775,0.10561085174093936,0.10050890553922795,0.13406081608513062,0.07065419792719652,0.24908354484125794,0.24983340112326272,0.24964698846743924,0.24899863542837036,0.24981770084122584,0.24647674254420376,0.24927335285280275,0.24456543615291043,0.24965913077345675,0.24391734630855988,0.24989251494398446
0.18196191665122735,0.1818545681609238,0.1789031780834588,0.18179985616130867,0.18114478448693971,0.1814512767152634,0.1788722268597747,0.18182668247098469,0.18018057391250034,0.18198435358358908,0.18148648772943976,0.059867969014673776,0.11479558976907529,0.06831946811489044,0.10178580157667402,0.08630414737242972,0.05575722561049207,0.11403874419195201,0.03766776967166261,0.18165445169252287,0.1818970946486255,0.10141404894133063,0.1271892639379075,0.14170929167163043,0.10556210559725389,0.1476846611897592,0.10231886091334742,0.1320655422274943,0.10670606866634366,0.18061348397955687,0.18190953326029752,0.2499999999999993,0.04971387554660589,0.1796821836952779,0.0396216018286345,0.17160330109676783,0.07366396843872212,0.14325933537760935,0.09835686765686424,0.1771073708120985,0.18159773628496176,0.035229141694485364,0.11350489099384256,0.051989712685312627,0.09444733651466997,0.07136826633389808,0.07659632272940912,0.09142880939907025,0.057914231239671335,0.18131548532427222,0.18194056995992766,0.18180476333098713,0.1813479233299991,0.18192840184580464,0.17906920492111475,0.18150002310605545,0.17745289188537822,0.18180449442441077,0.17706570753743392,0.18198361106567826
0.11672517071547422,0.11665631221558068,0.11468496727841432,0.11662406701188853,0.11611859206204969,0.11639608214618695,0.11445300876461462,0.11664079763530355,0.11535013241398352,0.11674144812740342,0.11642072765458658,0.032284044197703775,0.07405210971735521,0.044009942175591205,0.06507868330245772,0.050646644300018515,0.041256414534032386,0.060819588326575885,0.03348470778652105,0.11649176290132418,0.11667378759550243,0.07822051845002757,0.025661726721114275,0.09230175382263672,0.062205718065015035,0.0927105616333424,0.05479421554409153,0.08367951550591149,0.057640649540144695,0.11368720476559248,0.11669512077043064,0.04971387554660589,0.24999999999999914,0.0775336249768499,0.03768020031546481,0.09048182765068434,0.05461948310846814,0.08224938594682109,0.06816535369478519,0.1139591464889954,0.11652358764421529,0.06226422822501953,0.06402029292644817,0.05000012566647536,0.06412135445829309,0.052486530463303,0.046622031039377364,0.06230372451724925,0.033020676375261716,0.11636008617621729,0.11671333571198496,0.11662625709353543,0.11635133710718713,0.11670604026224649,0.11510725219267622,0.11645260179080458,0.11420156171068217,0.11663259611352213,0.11385357645351026,0.11674095204641324
