x1,x2,x3,x4,x5,x6,x7,x8,x9,x10,x11,x12,x13,x14,x15,x16,x17,x18,x19,x20,x21,x22,x23,x24,x25,x26,x27,x28,x29,x30,x31,x32,x33,x34,x35,x36,x37,x38,x39,x40,x41,x42,x43,x44,x45,x46,x47,x48,x49,x50,x51,x52,x53,x54,x55,x56,x57,x58,x59,x60
0.24999999999999997,-0.042061025086659,0.04083038072728922,-0.02570088646133605,0.025138216321426154,-0.015711071797723165,0.015707957046470794,-0.015642397137625226,0.0155817742559528,-0.015579881283962071,-0.24347754057772505,0.0845857880730369,0.008644359708896952,-0.028047604139813016,-0.004240097226313113,0.004250557414074228,0.007140603011822157,-0.007184836943575885,0.013166026604240896,-0.014634288157037201,0.03145456712948232,-0.038710430183686834,0.027497469879519083,0.05820701222930247,-0.05826573648067306,0.016088711878781584,-0.014971282310565034,0.015586471708009688,-0.01439049023813225,0.01549425766377592,-0.03150294937225819,0.021954941856775614,-0.0053866110963643864,0.005206031401810855,0.049039269890034175,-0.047454245224849506,0.016510972887483228,-0.012994985049607409,0.016197479556184072,-0.005204719878041683,0.0005438118764200834,0.004468287779755225,-0.00450040112485327,0.03343632601789404,-0.03350005943783517,0.0324029477697172,-0.027913026818538657,0.013095828218755365,-0.005544626700007439,0.0057437685765036,-0.00033398037042864115,-0.01348298748727921,0.013470325389318374,-0.015535960312806353,0.015603061644931424,-0.01556743261194076,0.015586569382354587,-0.015580448542692563,0.015586467086868899,-0.015585939761495964
-0.042061025086659,0.24999999999999994,-0.24876567234553304,0.23363348560277292,-0.2330602055786145,0.22363607366285496,-0.22362851332714098,0.2234740529201227,-0.22351981847043506,0.22351499505322955,0.03558866289554616,-0.1783433260236076,0.07556587794916715,-0.08541322944523147,-0.16834708892453745,0.16826312867718007,-0.20468610696002845,0.2034665531291581,-0.216323819988063,0.20514299255094595,-0.12663426486995516,0.1041555848439001,-0.14023123284609185,0.03715746619019023,-0.03840187676192848,-0.2109552157002579,0.20035835555172835,-0.22352509333333861,0.19068902932761989,-0.20714201529170995,0.12492317559285247,-0.15231805510902097,0.054581040205933816,-0.057428555458664904,-0.024924326603263654,0.019869439175164573,-0.2098296185526371,0.18968823073339436,-0.2181665375631321,0.16102868191042075,-0.1462809558526849,0.057047939726140175,-0.05751555765273871,-0.09754263358422895,0.09695745822986024,-0.1267215430977113,0.11724557992248133,-0.1970559105806248,0.15570859611108184,-0.164160661650749,0.14366614638817676,0.20854258213084634,-0.21052942372651343,0.22305821953406701,-0.22343614647325546,0.22336334044657083,-0.22352447102272444,0.2234697538347152,-0.22352503420598804,0.22351747184940227
0.04083038072728922,-0.24876567234553304,0.2499999999999999,-0.23486514427001387,0.23429193641053445,-0.22486658446824992,0.22485886600086655,-0.22470414123034868,0.22475032000731132,-0.22474549012757514,-0.034360620615402244,0.17854633378065357,-0.07569712826945232,0.08597757190258905,0.16931448735006396,-0.1692300325316711,0.20583611618903747,-0.20461076314504487,0.21754528470538767,-0.20631225941571985,0.12676804990381035,-0.10407565428033615,0.1406985575889988,-0.037496373132224294,0.038750284376400095,0.21212611309442717,-0.20147189713306876,0.22475562873245455,-0.1917703877256733,0.20831491711404587,-0.1250491339672243,0.15288965001609836,-0.054723995031779826,0.057590491068232566,0.02492947953967919,-0.01985259139548711,0.21099536006655234,-0.1907647771387521,0.2193734851029575,-0.16194855189489654,0.1471472680002467,-0.057301553227826964,0.05777215326607082,0.09793131525922244,-0.09734219635016321,0.1272966197478931,-0.11779017807994185,0.1981676140323674,-0.15660098034290817,0.16509479103693536,-0.14451923775460418,-0.20970381916252975,0.21170349852425827,-0.22428652425850115,0.22466604895148068,-0.22459302906793396,0.2247550021358652,-0.22469999954775846,0.2247555692769612,-0.22474796528859567
-0.02570088646133605,0.23363348560277292,-0.23486514427001387,0.24999999999999992,-0.24942121730333222,0.23999496888362207,-0.2399874327798907,0.23982357235489563,-0.23987903775357927,0.23987333729744328,0.019244704595393722,-0.17658470961345127,0.060567339676432394,-0.08164214109784985,-0.18415005352315192,0.1840545671398631,-0.22095191534223957,0.21969630076515115,-0.23267394604526676,0.22138753189534285,-0.1268991744777527,0.10176845188900135,-0.14920302518283413,0.032747979551450666,-0.03406645856194831,-0.22725496211078908,0.21581437200105108,-0.23988450858361965,0.20577218638394745,-0.2234438328612175,0.12515246669217978,-0.16204805781464438,0.057246522920577365,-0.06025276869372374,-0.031272574953247076,0.025759861227665472,-0.22612240454567445,0.20454090693280916,-0.23449974116715303,0.17290852289618613,-0.1571113663120774,0.060675412369080986,-0.06117676975288264,-0.1046011265479509,0.10397290043523177,-0.1363900377805788,0.12602272767155026,-0.21215493161839155,0.1674731056336337,-0.17626440064401278,0.15430572349933727,0.22386378899122025,-0.2259843527056112,0.23938442206530344,-0.23978849502022712,0.23971094001824986,-0.23988383836591698,0.23982521610713678,-0.2398844450618197,0.23987632922942811
0.025138216321426154,-0.2330602055786145,0.23429193641053445,-0.24942121730333222,0.24999999999999978,-0.24051105908341816,0.24050340661277134,-0.24033380008291982,0.24038956477629655,-0.24038383438506206,-0.018683300969929303,0.17629045458301362,-0.06005482742955045,0.08120400715977977,0.1846593227193981,-0.1845631733618096,0.22146268794675783,-0.2202060011702487,0.23318457294320621,-0.22189650877263745,0.1268552435596752,-0.10147378236851227,0.14900889687114005,-0.0323091851537603,0.033633833546283985,0.22776555548937608,-0.21629419340889164,0.24039504062064795,-0.20624527929236355,0.22395445745951978,-0.12510726887884707,0.1620696165239312,-0.05695617623557426,0.059971707067111524,0.03172223481504211,-0.02619248224220802,0.22663298083968056,-0.20502347325318723,0.23501026710371536,-0.17326722896596553,0.1574235603749517,-0.06057941109905174,0.06108139476480866,0.10504541595817957,-0.10441623223908406,0.13685759001354697,-0.12646778290388438,0.21264165352120515,-0.16783136675768223,0.17662896767739839,-0.15461333696249627,-0.22433875925061283,0.22646557337642761,-0.23989402789116823,0.2402989808181398,-0.24022102798231298,0.24039436998654418,-0.2403355992961317,0.2403949769662805,-0.24038684386144196
-0.015711071797723165,0.22363607366285496,-0.22486658446824992,0.23999496888362207,-0.24051105908341816,0.24999999999999983,-0.24998254474017687,0.24980805433022601,-0.24986801597728078,0.24986182531229054,0.009255825624618646,-0.16871921040728244,0.05057681730192443,-0.07523249695489725,-0.1941372215595266,0.1940297216117162,-0.23094096521288815,0.22966519894775952,-0.24266305818318762,0.23134675947223574,-0.12401912750951341,0.09385241508152091,-0.14533103049377355,0.026272208933352952,-0.027710306610931545,-0.2372441266675648,0.22523030458153323,-0.24987361363164376,0.21502429791895802,-0.2334330226329157,0.12225032235323952,-0.16224315971780395,0.051968456853184734,-0.05515966424541345,-0.038290720986468775,0.03248821424725308,-0.23611095709637567,0.21404180951905924,-0.2444880269058211,0.18018254362085298,-0.16366494056958353,0.05937284317113101,-0.05988981364692525,-0.11182472717723528,0.11117287091453613,-0.14435226595187858,0.13366286181010198,-0.22173541266372981,0.1747250704176405,-0.18364092691352457,0.1607692948885857,0.23321628294179242,-0.23546134972978672,0.2493562310852744,-0.24977543530463484,0.2496918033660314,-0.24987292754180337,0.24981155214471956,-0.24987354749065144,0.24986509370437113
0.015707957046470794,-0.22362851332714098,0.22485886600086655,-0.2399874327798907,0.24050340661277134,-0.24998254474017687,0.24999999999999967,-0.24981664596274605,0.2498679923030293,-0.24986180173767983,-0.009253498771329555,0.1687208481467779,-0.05058100741131545,0.07523503730854149,0.19413665868257995,-0.1940291599231846,0.23094078082007696,-0.22966500270615314,0.24266295526990092,-0.23134648984264677,0.12402073753656354,-0.09385389224816311,0.145331065465894,-0.026274465329307207,0.0277125664456141,0.23724391679885096,-0.22523011599063622,0.24987358985528776,-0.21502404042121961,0.23343276134985566,-0.12225191189848987,0.16224349477993344,-0.051968731361344146,0.05515994911540493,0.03828915342615488,-0.03248668001016942,0.2361107264911453,-0.21404160459461202,0.2444879193436869,-0.18018263385886973,0.1636650805822106,-0.05937327303974309,0.059890244404211326,0.11182432858149938,-0.11117247101593526,0.1443518238980194,-0.13366251450378527,0.22173527037959107,-0.17472509833387115,0.18364101344958084,-0.16076943330600946,-0.23321625096948997,0.23546131964912262,-0.24935620693247768,0.2497754113027536,-0.24969177971012138,0.24987290376384788,-0.249811528383164,0.24987352371431645,-0.24986506992884056
-0.015642397137625226,0.2234740529201227,-0.22470414123034868,0.23982357235489563,-0.24033380008291982,0.24980805433022601,-0.24981664596274605,0.24999999999999967,-0.2499286540800839,0.24992245823376708,0.009191254682659236,-0.16861692947598053,0.050466341243618866,-0.07514237581394333,-0.19420410782614467,0.19409649404080448,-0.23100347860672799,0.22972773134990634,-0.24272460533588508,0.2314101545450704,-0.1239689856809924,0.09375529752847041,-0.14525623426266765,0.026185227446238128,-0.02762442744854739,-0.23730699890238569,0.2252891251048499,-0.2499342527429269,0.21508330034988865,-0.23349648359530287,0.12220026154569244,-0.16220894724002546,0.05189536401067057,-0.055088062321041915,-0.038369512552406705,0.03256478693147914,-0.23617407901518303,0.2141037657696132,-0.24454967049653142,0.18022522732095794,-0.16370208746139167,0.059339877186218117,-0.05985690174225522,-0.11189027230833809,0.11123830701999658,-0.144417781635435,0.1337264582677708,-0.22179677858860808,0.1747685784553005,-0.18368409752213644,0.16080606631373695,0.2332731262515048,-0.23551916206651755,0.24941678659929994,-0.2498360769199665,0.24975238528148275,-0.2499335666561391,0.24987217228066455,-0.24993418658621472,0.24992573074837693
0.0155817742559528,-0.22351981847043506,0.22475032000731132,-0.23987903775357927,0.24038956477629655,-0.24986801597728078,0.2498679923030293,-0.2499286540800839,0.24999999999999975,-0.24998246310213737,-0.009126379008135312,0.16861207581502152,-0.050459797770985866,0.07514793895718516,0.1942575474308846,-0.19414989106325228,0.23106153495724735,-0.22978551251479484,0.24278364364581348,-0.23146683294521822,0.1239767193394115,-0.09374554419893807,0.14526305896317607,-0.026187142183161646,0.027626891080375256,0.23736460612733803,-0.22534371337811798,0.24999425959151544,-0.215135845645798,0.23355345220921334,-0.12220763290476755,0.16222896179742252,-0.0518890130727235,0.05508274049566749,0.03838160888537143,-0.03257562919759571,0.23623140863494352,-0.21415720872609598,0.24460858542004205,-0.18026963682196562,0.16374310071409837,-0.059345627206979626,0.05986277654798773,0.11191898330246043,-0.11126684649019429,0.14445326287794732,-0.13376047283213602,0.22185169156201354,-0.17481191464620274,0.1837291831057653,-0.16084646598228217,-0.23332946275133237,0.23557617293684519,-0.24947668352106434,0.2498960604627905,-0.24981234754020953,0.24999357334285183,-0.24993216389946055,0.24999419341909837,-0.24998573555109393
-0.015579881283962071,0.22351499505322955,-0.22474549012757514,0.23987333729744328,-0.24038383438506206,0.24986182531229054,-0.24986180173767983,0.24992245823376708,-0.24998246310213737,0.24999999999999972,0.009124576592765438,-0.16860865107786654,0.05045573217610736,-0.07514283740360014,-0.19425376916009165,0.19414611437551094,-0.231056193566603,0.2297802063385819,-0.2427777539598448,0.2314612710868411,-0.1239752575134174,0.09374504690406643,-0.14526053913925024,0.026184511028476184,-0.027624211438686114,-0.2373588185386895,0.22533819396254842,-0.24998806196658116,0.21513066076633752,-0.23354781110004538,0.12220622132328171,-0.16222593807235955,0.051888098937265384,-0.055081725484847174,-0.03838220424415841,0.032576323313887635,-0.23622564838504484,0.21415190264747505,-0.2446025529182814,0.18026500204493512,-0.16373871261979978,0.05934423617779841,-0.05986137016495921,-0.11191713589839036,0.11126501929050507,-0.14445050232506498,0.13375783723663895,-0.22184617365002965,0.174807452387713,-0.1837244770003701,0.16084214455617943,0.23332361629189002,-0.23557026024928435,0.249470497170506,-0.24988986605251826,0.24980615414675128,-0.24998737573981722,0.24992596773294115,-0.2499879957958334,0.2499795381375085
-0.24347754057772505,0.03558866289554616,-0.034360620615402244,0.019244704595393722,-0.018683300969929303,0.009255825624618646,-0.009253498771329555,0.009191254682659236,-0.009126379008135312,0.009124576592765438,0.24999999999999983,-0.09050835476444914,-0.0026622528464572905,0.023493875747775277,0.010566103673198787,-0.01056801846513436,-0.0007094733245916005,0.0007681157305597323,-0.006713417981310943,0.008218447931875818,-0.03392468830275009,0.04470224858400326,-0.03175909016997777,-0.05350274784293439,0.05365620886705238,-0.009653914543141243,0.008918022609660412,-0.00913079223711744,0.00843126816617937,-0.009060063018334223,0.033987143940755325,-0.023226693989964426,0.010092802261744456,-0.009768007516171533,-0.04402725018627914,0.042626387332615125,-0.010078614128551976,0.006808607106246775,-0.009750961229880763,0.0005737681020326367,0.0036024146224591744,-0.0026474683453036408,0.0026888941235854733,-0.028187161244541497,0.028265785675032778,-0.026860253478596153,0.022535808139142098,-0.006862509928969214,0.0009288641562521498,-0.00105277879907724,-0.003762535925390527,0.007418300709823214,-0.007313169792964746,0.009090109088590526,-0.009148335044317371,0.009117263536611136,-0.009130897434402343,0.009126621299518706,-0.009130789292922428,0.009130480377704999
0.0845857880730369,-0.1783433260236076,0.17854633378065357,-0.17658470961345127,0.17629045458301362,-0.16871921040728244,0.1687208481467779,-0.16861692947598053,0.16861207581502152,-0.16860865107786654,-0.09050835476444914,0.24999999999999975,-0.13183609888552217,0.1110458057212489,0.11750161241067751,-0.11748480831602504,0.1498887801417017,-0.1487692996074438,0.1614093767102313,-0.15031613045264813,0.16521499030962178,-0.17509873031596468,0.18109311506165623,-0.06615283143533508,0.06656458051361014,0.15598811306452093,-0.14847195475359634,0.1686167266673213,-0.13979172019521624,0.1521763108773833,-0.16356863890600132,0.16745751732180084,-0.09493237119430117,0.09650710474076535,-0.007964562675356227,0.011724605888514426,0.15486199105710372,-0.13624104081927907,0.1632408194232337,-0.1198868721439544,0.10798384748406278,-0.07024332929703124,0.07061076430314242,0.06182704473784935,-0.06140112584513062,0.08678016348152177,-0.07787046864401918,0.14332814959793297,-0.11469502039417004,0.12260639982741275,-0.10578255980868954,-0.15653133804209174,0.15770145785481088,-0.16822605119338502,0.16854380872735755,-0.1684991730542609,0.16861621665038196,-0.16857627016099178,0.16861668205139116,-0.16861097736833178
0.008644359708896952,0.07556587794916715,-0.07569712826945232,0.060567339676432394,-0.06005482742955045,0.05057681730192443,-0.05058100741131545,0.050466341243618866,-0.050459797770985866,0.05045573217610736,-0.0026622528464572905,-0.13183609888552217,0.24999999999999967,-0.22527951740838165,-0.0003511028705844785,0.00043968343814792393,-0.03196448864706643,0.0311205166727387,-0.04335593853144053,0.032828285695587656,-0.06611629908501106,0.08043134928271672,-0.07981218998512309,0.18103092122768358,-0.18119255284306948,-0.03789515980681289,0.03747239437666894,-0.05045573817201584,0.03042311027060172,-0.034107249431723614,0.06478226871499553,-0.06425904186598978,0.06901205593094503,-0.06998586927301556,0.12323054846504268,-0.12173746633804554,-0.03676108904081676,0.03253551141817265,-0.04509737940645766,0.04467404877670698,-0.048351789067339127,0.05406038676784131,-0.0543156834443345,0.043088462957589016,-0.043410681477862825,0.02792589597808165,-0.024357810202530118,-0.03766632698349037,0.03974382140437591,-0.04512435749997788,0.0476383288489641,0.04864208411065872,-0.049134892472200424,0.0503589174851207,-0.05038657764203547,0.05043963173539172,-0.0504552843705553,0.05044889269046283,-0.05045572443567019,0.05045401740459276
-0.028047604139813016,-0.08541322944523147,0.08597757190258905,-0.08164214109784985,0.08120400715977977,-0.07523249695489725,0.07523503730854149,-0.07514237581394333,0.07514793895718516,-0.07514283740360014,0.023493875747775277,0.1110458057212489,-0.22527951740838165,0.24999999999999994,0.019407392481456124,-0.01949529286877696,0.05621167302430362,-0.0553303265808217,0.06793407452461367,-0.05733404110010889,0.04304780956560172,-0.05624552932279043,0.10004126485216185,-0.20102922301080586,0.20125075688315616,0.06251460744604043,-0.06119264613766381,0.07514427455192524,-0.05313362193378869,0.05870365887278435,-0.04170127649385462,0.07930408105194729,-0.0832492522495906,0.08445129154733234,-0.13632177739825882,0.13500562047332748,0.06138140039146823,-0.05533431403431532,0.069762858426158,-0.06521551122333742,0.06958273078015152,-0.06755667987286554,0.0679068177250085,-0.05184928148165115,0.05229617731436048,-0.028708370269112916,0.025354954979134182,0.060847934431895956,-0.05993282095007173,0.06589090093456983,-0.06857112823424039,-0.07256895705126926,0.07326873963779891,-0.07500842725942337,0.07504805332978907,-0.07511645355363007,0.07514364776103863,-0.07513347634992372,0.07514425374644146,-0.07514171144667527
-0.004240097226313113,-0.16834708892453745,0.16931448735006396,-0.18415005352315192,0.1846593227193981,-0.1941372215595266,0.19413665868257995,-0.19420410782614467,0.1942575474308846,-0.19425376916009165,0.010566103673198787,0.11750161241067751,-0.0003511028705844785,0.019407392481456124,0.25,-0.2498474236144869,0.21317428226590346,-0.2119989794895854,0.20014632787740366,-0.18905824291883425,0.1289166486272853,-0.10321152478217291,0.149662175437093,-0.03924069267361053,0.03958226894926008,0.2068666975517371,-0.1966933231827224,0.19426276592549718,-0.17285879734668236,0.1881477817254233,-0.1274491579362043,0.16341329461536303,-0.06209379136925887,0.06389815454089101,0.01930584300526074,-0.01518201560228919,0.20113832472862933,-0.18214193795139688,0.18982772310447468,-0.14778124263547934,0.1290592094191906,-0.07259054069774964,0.07296847595867306,0.08363950415997264,-0.0831253379280753,0.10939814238181463,-0.10293947411914099,0.18262420424804438,-0.14974943285217587,0.15068866799111655,-0.12646014183593293,-0.17973740099683377,0.18103139473036328,-0.19378844670621242,0.1941734603308624,-0.19412138964080086,0.19426216581070532,-0.19421454099730864,0.1942627160332487,-0.1942561436869557
0.004250557414074228,0.16826312867718007,-0.1692300325316711,0.1840545671398631,-0.1845631733618096,0.1940297216117162,-0.1940291599231846,0.19409649404080448,-0.19414989106325228,0.19414611437551094,-0.01056801846513436,-0.11748480831602504,0.00043968343814792393,-0.01949529286877696,-0.2498474236144869,0.25000000000000017,-0.21308712096969817,0.21191190483193548,-0.2000527431150086,0.18896354191571663,-0.12888603339370305,0.10321734711287074,-0.1496640751005976,0.039346436976200404,-0.039686696202826846,-0.20678020681584355,0.19661310984212343,-0.1941551050728097,0.17276737561341995,-0.1880495081626805,0.12741882531525475,-0.16338294040717613,0.062127262235283864,-0.0639299480879288,-0.01920388647339462,0.015084584629733716,-0.20104736810058277,0.18205895776829864,-0.18972033227610513,0.14771392007192533,-0.1289982684708969,0.0726045107748448,-0.0729823082580923,-0.0835443635460949,0.08303033797569744,-0.10929633562834065,0.10284703142623622,-0.18253463558878835,0.1496880969292384,-0.1506198820023677,0.12640016790361563,0.17963750857164165,-0.18093024008426092,0.19368097998416578,-0.19406579577641744,0.19401382160182115,-0.19415450497604092,0.1941069113230574,-0.19415505520897436,0.1941484865050901
0.007140603011822157,-0.20468610696002845,0.20583611618903747,-0.22095191534223957,0.22146268794675783,-0.23094096521288815,0.23094078082007696,-0.23100347860672799,0.23106153495724735,-0.231056193566603,-0.0007094733245916005,0.1498887801417017,-0.03196448864706643,0.05621167302430362,0.21317428226590346,-0.21308712096969817,0.2500000000000001,-0.24869869915877224,0.2369410803976607,-0.22564533255539265,0.12663137092400278,-0.09803969147619704,0.14823555485094206,-0.03328404870870461,0.03422996402656056,0.21858163386499888,-0.20721898102446754,0.23106699758925908,-0.20747706113139686,0.2248405225871364,-0.12508236851045348,0.16394322760965024,-0.057504078956205684,0.060251771722717104,0.029813319647302307,-0.024500421741550746,0.2174283146198099,-0.19707061756945626,0.22648994497650343,-0.16820784293838387,0.1527034910694329,-0.06539865084937593,0.06588134629156421,0.09890203601920777,-0.09829918310390406,0.13016394436457632,-0.12009526083486814,0.20456313397438808,-0.16282061204606654,0.17144778913820702,-0.14993079203825843,-0.2152789391412998,0.2172336894097603,-0.23057045767097625,0.23097284044387287,-0.23090007445655245,0.23106634276733207,-0.23100994823016238,0.23106693696890482,-0.2310591194527203
-0.007184836943575885,0.2034665531291581,-0.20461076314504487,0.21969630076515115,-0.2202060011702487,0.22966519894775952,-0.22966500270615314,0.22972773134990634,-0.22978551251479484,0.2297802063385819,0.0007681157305597323,-0.1487692996074438,0.0311205166727387,-0.0553303265808217,-0.2119989794895854,0.21191190483193548,-0.24869869915877224,0.25000000000000006,-0.23699204192972706,0.22575055991885842,-0.12559418047912776,0.09706908330789565,-0.1471864161040566,0.03252838248333058,-0.033467364361002956,-0.21730536558163044,0.20597672372599446,-0.22979095917308026,0.20761918516441463,-0.22493394477825462,0.12407295207052041,-0.16285835063492105,0.05682594653833179,-0.05955802093145598,-0.030241671188163104,0.024953595133482553,-0.21616247519523013,0.19599236296958922,-0.225331739057926,0.16731090001453586,-0.15183140470826145,0.06489519371241274,-0.06537477270650348,-0.0985570220044961,0.09795835859401825,-0.12963353416209136,0.11959040744655255,-0.20346379971607417,0.16192861789126506,-0.17053255751194055,0.14907443570953105,0.21408662190098543,-0.2160295480466928,0.22929714404670876,-0.22969746685151446,0.22962488765618067,-0.2297903089461252,0.22973420815708345,-0.22979089892068671,0.2297831245757505
0.013166026604240896,-0.216323819988063,0.21754528470538767,-0.23267394604526676,0.23318457294320621,-0.24266305818318762,0.24266295526990092,-0.24272460533588508,0.24278364364581348,-0.2427777539598448,-0.006713417981310943,0.1614093767102313,-0.04335593853144053,0.06793407452461367,0.20014632787740366,-0.2000527431150086,0.2369410803976607,-0.23699204192972706,0.25000000000000006,-0.23865802210216455,0.11782609785813664,-0.08767200468007322,0.13892396606171098,-0.021056715327916996,0.022452180896683747,0.230237614196637,-0.21832238668439838,0.24278919489611164,-0.21960641729571326,0.2378778790069117,-0.11626016295025442,0.1559340262021951,-0.04721311085755723,0.05031515239625396,0.04200120783746484,-0.036337979573037686,0.22909560080888045,-0.20829223555696413,0.23831253647423473,-0.17542410994924174,0.15878648119715713,-0.056393578291363135,0.05689168709591178,0.11047038601488894,-0.10984388870918713,0.1418953771145317,-0.13131957842332756,0.21586138165852142,-0.1699967214560613,0.17878032202035007,-0.15597617240471265,-0.2265697494987801,0.22874309966748213,-0.24228615129958767,0.24269496479476116,-0.2426118954350272,0.24278853633025743,-0.24272873245513046,0.24278913094811014,-0.2427809168436368
-0.014634288157037201,0.20514299255094595,-0.20631225941571985,0.22138753189534285,-0.22189650877263745,0.23134675947223574,-0.23134648984264677,0.2314101545450704,-0.23146683294521822,0.2314612710868411,0.008218447931875818,-0.15031613045264813,0.032828285695587656,-0.05733404110010889,-0.18905824291883425,0.18896354191571663,-0.22564533255539265,0.22575055991885842,-0.23865802210216455,0.24999999999999994,-0.10681500722378783,0.07675035865976283,-0.12787386832782732,0.010622405691604126,-0.011960153111558269,-0.21895071531764634,0.2071405823993832,-0.23147231488436357,0.22967380289547973,-0.24787104447925934,0.10561830044178436,-0.14495533266480837,0.0385466149975383,-0.04151108514169407,-0.049830523260955675,0.0443693761381648,-0.21781077273730207,0.19915629372743837,-0.2286382230682374,0.1677434381114488,-0.1507635286315955,0.05075715169418069,-0.051223571751695625,-0.1091031423432334,0.10851973284945142,-0.13867598437962095,0.12818428695375755,-0.20654938622093838,0.16233211665919584,-0.17093732923476346,0.14809499553292188,0.21596126561434292,-0.2180221050629634,0.2309930039785158,-0.23138499454064354,0.23130198222514642,-0.23147170411873202,0.23141434924646428,-0.2314722544291975,0.23146442320020824
0.03145456712948232,-0.12663426486995516,0.12676804990381035,-0.1268991744777527,0.1268552435596752,-0.12401912750951341,0.12402073753656354,-0.1239689856809924,0.1239767193394115,-0.1239752575134174,-0.03392468830275009,0.16521499030962178,-0.06611629908501106,0.04304780956560172,0.1289166486272853,-0.12888603339370305,0.12663137092400278,-0.12559418047912776,0.11782609785813664,-0.10681500722378783,0.2499999999999998,-0.21976771955880134,0.1721567295061324,-0.06060719585682113,0.060090554823366865,0.11135086948861682,-0.10570548274554495,0.12398046236952295,-0.09869557851223221,0.10753974659191717,-0.2481797315321053,0.21008233813163074,-0.10028850331897313,0.1002463908020176,-0.014959783122604094,0.01836143781649735,0.11021867418760184,-0.09448954319942592,0.11859616124350225,-0.0947259544170613,0.08392798114358882,-0.11039774471420069,0.11061852861076091,0.05095738326290943,-0.05072125474996152,0.06772266481088582,-0.06013679249729537,0.10121829058657307,-0.09004453990469477,0.09705636869604913,-0.08167607217245484,-0.11054804331626725,0.1107056234117305,-0.12354064163740108,0.12393482345138446,-0.12389014785209838,0.12398013349105695,-0.12394860087750163,0.12398043116414946,-0.12397623662623809
-0.038710430183686834,0.1041555848439001,-0.10407565428033615,0.10176845188900135,-0.10147378236851227,0.09385241508152091,-0.09385389224816311,0.09375529752847041,-0.09374554419893807,0.09374504690406643,0.04470224858400326,-0.17509873031596468,0.08043134928271672,-0.05624552932279043,-0.10321152478217291,0.10321734711287074,-0.09803969147619704,0.09706908330789565,-0.08767200468007322,0.07675035865976283,-0.21976771955880134,0.24999999999999978,-0.19846823451361698,0.0896615770525854,-0.08893327527991685,-0.08115783572007351,0.0772183519742327,-0.09374880382386722,0.07069916007797673,-0.07731251360181687,0.21823461676542216,-0.18010020026380172,0.1273688960010874,-0.12730779155635286,0.04447564036553883,-0.046589564696152976,-0.08003260278238397,0.06478675961536809,-0.08838310565184992,0.06574879165257148,-0.05767366006544369,0.08649961233000718,-0.08671100466335724,-0.021319321705471586,0.021118422634403666,-0.03784802708082452,0.030560368136982395,-0.07129237933341526,0.060906959748992004,-0.06779924617691674,0.05602335425085383,0.08497916201480439,-0.085073032749972,0.09344866985386063,-0.09370351964955691,0.09368816984251964,-0.09374848452411166,0.09372736163055206,-0.09374878068633334,0.09374560895341515
0.027497469879519083,-0.14023123284609185,0.1406985575889988,-0.14920302518283413,0.14900889687114005,-0.14533103049377355,0.145331065465894,-0.14525623426266765,0.14526305896317607,-0.14526053913925024,-0.03175909016997777,0.18109311506165623,-0.07981218998512309,0.10004126485216185,0.149662175437093,-0.1496640751005976,0.14823555485094206,-0.1471864161040566,0.13892396606171098,-0.12787386832782732,0.1721567295061324,-0.19846823451361698,0.2499999999999999,-0.13091525481050942,0.1302507271729345,0.13263735842930363,-0.1268343640139081,0.14526701853985324,-0.11827896489260373,0.1288262642888146,-0.1706361766553748,0.21024570045739388,-0.1566224875085728,0.1570520462224297,-0.06634675896953729,0.06888664630013266,0.13150411597976963,-0.1124666393369249,0.1398813667484192,-0.10812767165152638,0.10085944099213835,-0.11218961193993697,0.1125900017498653,0.007190657839705209,-0.006745394315182823,0.03972539563985525,-0.031798922278874445,0.11972727319393822,-0.10262559787351483,0.11066355303499145,-0.09859653191239728,-0.13478816039098887,0.13532020172478715,-0.14488500012387445,0.14516891336953752,-0.14518051849146107,0.14526636096337278,-0.14523688245910948,0.14526698088446224,-0.1452620661745127
0.05820701222930247,0.03715746619019023,-0.037496373132224294,0.032747979551450666,-0.0323091851537603,0.026272208933352952,-0.026274465329307207,0.026185227446238128,-0.026187142183161646,0.026184511028476184,-0.05350274784293439,-0.06615283143533508,0.18103092122768358,-0.20102922301080586,-0.03924069267361053,0.039346436976200404,-0.03328404870870461,0.03252838248333058,-0.021056715327916996,0.010622405691604126,-0.06060719585682113,0.0896615770525854,-0.13091525481050942,0.24999999999999992,-0.24850739147780534,-0.013758651383476058,0.015091009655995111,-0.026183073341221816,0.008057984950816915,-0.009826502406542415,0.05942622716117444,-0.09567013784863378,0.12009735164028218,-0.12008995421635855,0.18472681369899172,-0.18183472360273392,-0.012594997585556933,0.008883140480186659,-0.02081700823410507,0.03317664686433044,-0.04227451673457296,0.0919864565261499,-0.09227907412935686,0.09954744490355617,-0.09990498425746687,0.07727257755979569,-0.07181816430842934,-0.014034754050580467,0.02798029044025217,-0.033326579663999496,0.04155721864150835,0.02631664336437863,-0.026248974095206115,0.02610633770184081,-0.026087202362675303,0.02619898907007152,-0.02618246319085043,0.02618682709590181,-0.02618306680657224,0.026182180974305608
-0.05826573648067306,-0.03840187676192848,0.038750284376400095,-0.03406645856194831,0.033633833546283985,-0.027710306610931545,0.0277125664456141,-0.02762442744854739,0.027626891080375256,-0.027624211438686114,0.05365620886705238,0.06656458051361014,-0.18119255284306948,0.20125075688315616,0.03958226894926008,-0.039686696202826846,0.03422996402656056,-0.033467364361002956,0.022452180896683747,-0.011960153111558269,0.060090554823366865,-0.08893327527991685,0.1302507271729345,-0.24850739147780534,0.2499999999999996,0.014993203620219012,-0.01622210227941505,0.02762284250604038,-0.009308816722945904,0.011182268446703392,-0.0589050010350512,0.09519027009350098,-0.11930891000541599,0.11934116459516457,-0.18384087731551743,0.18098942094804885,0.013859954114536579,-0.010080009226289904,0.0222417351797847,-0.034084949392223854,0.043110795550453766,-0.09130788023604061,0.09160313020319664,-0.09846845365869676,0.0988294289019126,-0.07611207397840918,0.0707190193575116,0.015297897271687049,-0.028824922438730305,0.034249061773490616,-0.04238647333785132,-0.027697733452190784,0.027655076506318408,-0.027544940336440796,0.02752679291405604,-0.02763758851399822,0.02762223071991291,-0.027626203296975373,0.02762283557212471,-0.027621901029230005
0.016088711878781584,-0.2109552157002579,0.21212611309442717,-0.22725496211078908,0.22776555548937608,-0.2372441266675648,0.23724391679885096,-0.23730699890238569,0.23736460612733803,-0.2373588185386895,-0.009653914543141243,0.15598811306452093,-0.03789515980681289,0.06251460744604043,0.2068666975517371,-0.20678020681584355,0.21858163386499888,-0.21730536558163044,0.230237614196637,-0.21895071531764634,0.11135086948861682,-0.08115783572007351,0.13263735842930363,-0.013758651383476058,0.014993203620219012,0.2499999999999998,-0.23796887540114084,0.23737014479582544,-0.20261807811082747,0.22092932083325342,-0.1095945449927292,0.14960355724013127,-0.040149657652379794,0.0430832042077975,0.04720334941048169,-0.04192920017734147,0.24417098990348413,-0.22226303626584137,0.23205022561834232,-0.1752231706476962,0.15346792635292245,-0.051839637411032334,0.05228997723412559,0.11712790708129316,-0.11650820579719835,0.14514610858489888,-0.13720480063478677,0.22307889876160714,-0.1770868185414676,0.17859616345759474,-0.1506398460887825,-0.22105118991418352,0.22306090639041512,-0.2368575074892151,0.23727393825911014,-0.2371934072308164,0.2373694881061609,-0.23731013350720168,0.23737008187204936,-0.2373620511062415
-0.014971282310565034,0.20035835555172835,-0.20147189713306876,0.21581437200105108,-0.21629419340889164,0.22523030458153323,-0.22523011599063622,0.2252891251048499,-0.22534371337811798,0.22533819396254842,0.008918022609660412,-0.14847195475359634,0.03747239437666894,-0.06119264613766381,-0.1966933231827224,0.19661310984212343,-0.20721898102446754,0.20597672372599446,-0.21832238668439838,0.2071405823993832,-0.10570548274554495,0.0772183519742327,-0.1268343640139081,0.015091009655995111,-0.01622210227941505,-0.23796887540114084,0.2499999999999998,-0.22534893243282977,0.19137512889781763,-0.2090168391315892,0.10401446363587025,-0.14264645532699183,0.03753451343262638,-0.04028765428159604,-0.04449805528250565,0.039670708312988655,-0.2390857428053826,0.2178259682823755,-0.22004464374786212,0.1680463592291748,-0.14504331594008216,0.04923415385003052,-0.04965006040312851,-0.11336415076004877,0.11276970071726179,-0.13910072379555388,0.1325483014161656,-0.21623138450832713,0.17240512647056735,-0.17128747439296754,0.1423189017803569,0.20968891672752912,-0.2115406106441804,0.22485335073234147,-0.22525500839091672,0.2251802681495672,-0.22534829758965513,0.22529173670568609,-0.2253488726033909,0.22534124854223428
0.015586471708009688,-0.22352509333333861,0.22475562873245455,-0.23988450858361965,0.24039504062064795,-0.24987361363164376,0.24987358985528776,-0.2499342527429269,0.24999425959151544,-0.24998806196658116,-0.00913079223711744,0.1686167266673213,-0.05045573817201584,0.07514427455192524,0.19426276592549718,-0.1941551050728097,0.23106699758925908,-0.22979095917308026,0.24278919489611164,-0.23147231488436357,0.12398046236952295,-0.09374880382386722,0.14526701853985324,-0.026183073341221816,0.02762284250604038,0.23737014479582544,-0.22534893243282977,0.2499999999999999,-0.21514094889322194,0.23355896787923966,-0.12221135660138793,0.16223320907991898,-0.05188991735000043,0.055083687887242154,0.038386006868569016,-0.032579809453991665,0.23623694355729485,-0.21416213110295843,0.24461416040496803,-0.1802733357229956,0.1637461658641932,-0.05934638640871838,0.05986354266704531,0.11192335893920287,-0.11127121452772787,0.14445815941327264,-0.1337648811709765,0.22185671906252485,-0.17481557847409862,0.18373297941670125,-0.16084946347816187,-0.23333461066627248,0.23558135970522187,-0.24948226975701931,0.2499016590778581,-0.24981794220781875,0.24999917264005503,-0.24993776165719087,0.2499997927206776,-0.24999133466323614
-0.01439049023813225,0.19068902932761989,-0.1917703877256733,0.20577218638394745,-0.20624527929236355,0.21502429791895802,-0.21502404042121961,0.21508330034988865,-0.215135845645798,0.21513066076633752,0.00843126816617937,-0.13979172019521624,0.03042311027060172,-0.05313362193378869,-0.17285879734668236,0.17276737561341995,-0.20747706113139686,0.20761918516441463,-0.21960641729571326,0.22967380289547973,-0.09869557851223221,0.07069916007797673,-0.11827896489260373,0.008057984950816915,-0.009308816722945904,-0.20261807811082747,0.19137512889781763,-0.21514094889322194,0.2500000000000001,-0.2315803731515569,0.09762204025111992,-0.13421096587746173,0.03491433498948232,-0.03770103257664564,-0.048444910891307875,0.04335337493356511,-0.20140309565784653,0.19186357153839317,-0.2204808068758344,0.16275788406098124,-0.13864399435637764,0.044495436494618186,-0.04491399384047511,-0.10587578991190835,0.10537131660306677,-0.13417760007063148,0.1241903445574554,-0.19911496060050818,0.15734186346950535,-0.16578768171959393,0.13612299675688225,0.20076405418107773,-0.20249074891308674,0.2146890210083757,-0.2150574474930853,0.21498040239800953,-0.2151403754124591,0.21508694247838003,-0.21514089271814388,0.2151336140159945
0.01549425766377592,-0.20714201529170995,0.20831491711404587,-0.2234438328612175,0.22395445745951978,-0.2334330226329157,0.23343276134985566,-0.23349648359530287,0.23355345220921334,-0.23354781110004538,-0.009060063018334223,0.1521763108773833,-0.034107249431723614,0.05870365887278435,0.1881477817254233,-0.1880495081626805,0.2248405225871364,-0.22493394477825462,0.2378778790069117,-0.24787104447925934,0.10753974659191717,-0.07731251360181687,0.1288262642888146,-0.009826502406542415,0.011182268446703392,0.22092932083325342,-0.2090168391315892,0.23355896787923966,-0.2315803731515569,0.25,-0.10633389484207846,0.14597909254235086,-0.03868758298788074,0.04168026320478896,0.050896324011266286,-0.04537147694994865,0.2197988838662003,-0.20095304201319927,0.23070382954085109,-0.16914232225173798,0.15199324696622377,-0.0508395642895502,0.051309584733824395,0.11041439682022372,-0.10982663259745302,0.14021018000499955,-0.12958434258197155,0.20840503219941683,-0.16369045415350109,0.17236692313143784,-0.14930332047777178,-0.21791330422180144,0.21999472103562284,-0.23307578518273936,0.23347114090952684,-0.2333870132366213,0.23355835332454147,-0.23350045779548262,0.23355890685821587,-0.2335510050330637
-0.03150294937225819,0.12492317559285247,-0.1250491339672243,0.12515246669217978,-0.12510726887884707,0.12225032235323952,-0.12225191189848987,0.12220026154569244,-0.12220763290476755,0.12220622132328171,0.033987143940755325,-0.16356863890600132,0.06478226871499553,-0.04170127649385462,-0.1274491579362043,0.12741882531525475,-0.12508236851045348,0.12407295207052041,-0.11626016295025442,0.10561830044178436,-0.2481797315321053,0.21823461676542216,-0.1706361766553748,0.05942622716117444,-0.0589050010350512,-0.1095945449927292,0.10401446363587025,-0.12221135660138793,0.09762204025111992,-0.10633389484207846,0.2499999999999999,-0.2099777495464749,0.1002799261779649,-0.10020082861320131,0.015230824133789175,-0.01860176234225042,-0.10846342628451708,0.09284061131293217,-0.11683032995301634,0.09346440669216927,-0.08276461740422952,0.11058321285931552,-0.11079943509019077,-0.050427532933067974,0.050197904487246994,-0.06689210742394439,0.05934936402045937,-0.09954598327622076,0.08879788354656032,-0.0957756736876878,0.08052633794756625,0.1088362770997104,-0.10897045681216738,0.1217733762240255,-0.12216670698883121,0.12212223094899395,-0.12221103427883943,0.12217988990512754,-0.1222113258682802,0.12220719118319527
0.021954941856775614,-0.15231805510902097,0.15288965001609836,-0.16204805781464438,0.1620696165239312,-0.16224315971780395,0.16224349477993344,-0.16220894724002546,0.16222896179742252,-0.16222593807235955,-0.023226693989964426,0.16745751732180084,-0.06425904186598978,0.07930408105194729,0.16341329461536303,-0.16338294040717613,0.16394322760965024,-0.16285835063492105,0.1559340262021951,-0.14495533266480837,0.21008233813163074,-0.18010020026380172,0.21024570045739388,-0.09567013784863378,0.09519027009350098,0.14960355724013127,-0.14264645532699183,0.16223320907991898,-0.13421096587746173,0.14597909254235086,-0.2099777495464749,0.24999999999999992,-0.13965650184252784,0.13968777155851098,-0.04938057188304098,0.05282251866356797,0.14847030394060404,-0.12964827625742784,0.15684755708304066,-0.12936911563435372,0.12064281495985138,-0.14711276238441584,0.14750342480286377,0.024156784581525585,-0.02370460756538815,0.056691545826158485,-0.049080052135938496,0.1370418440704523,-0.12407079262712509,0.1320428207701847,-0.11780960405268902,-0.1474767438493302,0.14781473660490577,-0.16171564134018518,0.16213509314048932,-0.16212850573256218,0.1622325478723649,-0.16219641954162742,0.16223316703476987,-0.16222767832043633
