x1,x2,x3,x4,x5,x6,x7,x8,x9,x10,x11,x12,x13,x14,x15,x16,x17,x18,x19,x20,x21,x22,x23,x24,x25,x26,x27,x28,x29,x30,x31,x32,x33,x34,x35,x36,x37,x38,x39,x40,x41,x42,x43,x44,x45,x46,x47,x48,x49,x50,x51,x52,x53,x54,x55,x56,x57,x58,x59,x60
0.25000000000000006,0.24423803520220294,0.08223030191996529,0.2442849266204967,0.04402317081542213,0.24366794996473495,0.05878471800386516,0.244039525589486,0.20722795061668653,0.24437512966667493,0.24283884659353944,0.0058862177860639206,0.054969208846093874,-0.012156055008986245,0.10622854071066563,-0.04444886242789005,0.10487848377509987,0.06985986739912767,-0.06528225066556133,0.2442474942595363,0.24225420764884334,-0.008814121790988675,0.10571763111075734,0.06535337075040276,-0.010404288610539679,0.13572099253154477,-0.10911898235642593,0.13822224084145165,-0.11749726082071098,0.24396235858249082,0.24144790842970973,0.1274579429002921,-0.09567856216820175,0.13437434769915846,0.026327080079838767,0.04321746863277701,0.12421582796848105,-0.09996848407708114,0.12511557400853257,0.24271711580905583,0.24384409134660423,-0.11901473898018032,0.1532737917770754,-0.0829975044403345,0.11163872212498424,0.013963408567651535,0.014292781915508335,0.18574185319109418,-0.1732691445755293,0.24411557556478508,0.24123360299771732,0.24435302408754636,0.022967687636418984,0.24430024698325845,0.038228659717615354,0.24369770253080456,0.08856038652391986,0.24326176727899299,0.2051872843478414,0.24436999689133335
0.24423803520220294,0.25000000000000017,0.08439010149372876,0.24976715866482285,0.0446306892942141,0.2491457494990655,0.05993559576302983,0.2495176934574565,0.21175027974669433,0.2498597258517341,0.2483050228267421,0.005105437278628182,0.05724208033000085,-0.013403513432822707,0.10946276678515424,-0.0461306173122465,0.10748909026806439,0.07140660214058746,-0.06674442263200014,0.24972916923513339,0.24768341806894215,-0.008156486522562888,0.10757099329632433,0.0677856957235236,-0.011430188847695616,0.13945688504809678,-0.11224584360829631,0.1418529902358763,-0.12070260203563864,0.24943938261825954,0.2468719390716222,0.12991566318791584,-0.0973186666422572,0.137006449899024,0.027661741369944585,0.04362507056785576,0.12760266542879173,-0.10277903526927513,0.12848765621876865,0.24816185457031759,0.24931570336027345,-0.12130098047427168,0.15642585143589277,-0.08443701185154015,0.11379558960162388,0.014726840924303378,0.014238654782868863,0.19011237990388727,-0.17733713258868386,0.24959459019438074,0.24664765158995866,0.24983705964906383,0.02361324612758043,0.24978298891365866,0.03926959586247335,0.2491649770540244,0.09076764256583032,0.2487179847716888,0.20987341274170754,0.24985447910717562
0.08223030191996529,0.08439010149372876,0.2500000000000001,0.08441817793825486,0.028907928861022156,0.08387698202875271,0.02121042004800485,0.08433426376546256,0.08353762658285274,0.08450939702345052,0.08351746697967652,0.09391070239916663,-0.10637170316338418,0.09754483590125505,-0.005148622102155786,0.014575274571656324,0.04325057841495572,0.006718322136285323,-0.003809198279841355,0.08446298159562932,0.08456019941426333,-0.08925469605795072,0.08843818742077343,-0.06438352059325234,0.06577326610729176,0.008909263968269045,-8.277928988040061e-5,0.02422208279251118,-0.011315476880483835,0.08427975409814074,0.08308222908552895,0.08265226180472657,-0.0820463659668114,0.08331336245574934,-0.05249895562449547,0.06163507556772138,0.011495844488924899,-0.004101873799528362,0.014020186035263643,0.0840905112386688,0.08443624102617527,-0.07831315351835004,0.081076898293061,-0.06705343938227634,0.06958004335965731,-0.03178755491354793,0.035102530759869216,0.05371886098035718,-0.05121749203340708,0.0844142061796383,0.08342663887057003,0.08450792764566716,-0.005283579166155878,0.08450048842920525,-0.003404228910199087,0.0844763168275783,0.0134286023901306,0.08444645280666574,0.06730025699454498,0.08450765731736198
0.2442849266204967,0.24976715866482285,0.08441817793825486,0.25000000000000017,0.044576940415868564,0.2491894167994523,0.05995453318497872,0.24956212202291253,0.21177598278195253,0.24990423373649917,0.24834823618239787,0.005036273654931214,0.05733340741107855,-0.013499507735545735,0.10956070024669004,-0.04619491331296296,0.10751086365754409,0.07143024530888796,-0.06677124157754007,0.24977365428996745,0.24772690560906296,-0.008089014480955356,0.10754825838679281,0.06787434776074988,-0.011494499679443318,0.13952724737856223,-0.11231105542757784,0.1419048455722007,-0.12075651306087275,0.24948391199364683,0.2469162934857813,0.12990677869893585,-0.0972955916143023,0.13700027777018234,0.027723522496513015,0.04359005747511881,0.1276616953385792,-0.10283189099276331,0.1285428795160383,0.24820590476806345,0.24936002547014208,-0.12129184607490757,0.1564305639751565,-0.08441878673864155,0.11378863856553176,0.014763498988295987,0.014212920349861265,0.19015827252760736,-0.17737905456063663,0.24963906164931107,0.24669158418418818,0.2498815583573044,0.023628112848053242,0.2498274691678591,0.03929105152654197,0.24920919277943626,0.09080016099566263,0.2487620198579684,0.20991531408086844,0.24989898610647623
0.04402317081542213,0.0446306892942141,0.028907928861022156,0.044576940415868564,0.2500000000000001,0.04394827005332435,0.009789205041944415,0.04449954735104549,0.048210747979288614,0.04466055171729003,0.04392181230178951,0.04749513257486809,-0.0370064327504522,0.07833638505537724,-0.09088302350483676,0.07347856074682309,-0.015574410916617789,0.02310133453528122,-0.019380647877964237,0.04464472172664217,0.04471558440305389,-0.04961383679257522,0.04925091452221195,-0.05318591184076317,0.05304421205879344,-0.03064711861469699,0.034756850988887464,-0.01536888917280225,0.022043436362430873,0.044455336189843306,0.04377326393103236,0.047606833404521945,-0.047805151056632064,0.047750306098532466,-0.0478135436688198,0.04710482283365715,-0.024313654313357035,0.02590534147003432,-0.020343553790701772,0.0445501391951278,0.044624620907179516,-0.04486492186823058,0.045231885773336256,-0.042610109899902625,0.04344017650716589,-0.029081260163306075,0.029190193246619003,0.018157938312089613,-0.01748104820225973,0.044591741191371485,0.04408901695597779,0.04466042372470112,-0.003284956785264959,0.04465720134874437,-0.004975848172291984,0.04466658938819517,0.00042932766318644014,0.0446646457262834,0.03102093658153513,0.044659438906067994
0.24366794996473495,0.2491457494990655,0.08387698202875271,0.2491894167994523,0.04394827005332435,0.25000000000000017,0.05925874287409183,0.24894282731405676,0.2111698043317248,0.24928178434780104,0.2477733173479945,0.004469376976425513,0.05785724288702028,-0.014086058376252998,0.11012541579589469,-0.04678932092247281,0.10813654774056938,0.07080030373886857,-0.06616266755462849,0.2491513200847514,0.24710524530375796,-0.007559856491574455,0.10696961804578664,0.06839605021666889,-0.012051296331607795,0.1399975047975239,-0.1128360861836785,0.1424395994455287,-0.12129010041358086,0.24886500057813868,0.2463058310758072,0.1293204744955508,-0.09672699943288772,0.13641093951791308,0.028260867211644915,0.04302053139839706,0.12816242670987496,-0.10334340834417916,0.12904572625510502,0.24758400559620097,0.24873838834320733,-0.1207441415741493,0.15586248680244652,-0.08390837131283381,0.11324937731529329,0.015104153348891427,0.013859036171024715,0.18996700843590472,-0.17720011354110976,0.24901774733017107,0.24607710471285865,0.24925912417483584,0.023641632200093795,0.2492051042335885,0.03932098856854388,0.2485870821390262,0.09076860447896828,0.24814018070105018,0.2095166641896073,0.24927655332024354
0.05878471800386516,0.05993559576302983,0.02121042004800485,0.05995453318497872,0.009789205041944415,0.05925874287409183,0.25,0.05964636797846921,0.06206856237174395,0.05996759156789326,0.05897899011424576,0.010859415843761726,0.003380726489927112,0.03837444862817896,-0.010844906892163863,0.07035202787070287,-0.0714807047843488,0.06339333545207744,-0.0619769617732727,0.059956871552996636,0.059545860125128545,-0.015044172634123831,0.03867938943410626,-0.011399255008531619,0.026251654178178083,-0.005526101401808322,0.011972868905435318,-0.010847292911905103,0.01290016292729714,0.059741638208249674,0.059031830675433085,0.04261194513503324,-0.0374554385199566,0.04370532750238335,-0.02327737335602745,0.03290000441876623,-0.009919150721852402,0.0135430153338015,-0.01044422732505862,0.05974400859315217,0.05985915892269484,-0.03974087105730745,0.045222562834081284,-0.034138571654531776,0.03930981652212781,-0.014787840921810881,0.018941438325304653,0.031498692428836024,-0.029385755846695515,0.059880055829152096,0.059198405835833356,0.05996423327490815,0.0026958872516792093,0.05995403309135329,0.0034704742290503896,0.05986259691811659,0.012253651469133986,0.05979237309035054,0.044139687664156955,0.059966410541698406
0.244039525589486,0.2495176934574565,0.08433426376546256,0.24956212202291253,0.04449954735104549,0.24894282731405676,0.05964636797846921,0.24999999999999997,0.21152525590359952,0.24965462703080718,0.2481048341288801,0.004934068725094411,0.05738813639514494,-0.013643460241062902,0.10954478374636893,-0.04628915748205656,0.10763760690974129,0.07123802241669296,-0.06658527183389662,0.24952412340167834,0.24747861064768492,-0.007983706176548701,0.10737568844282193,0.0679299345128526,-0.011592356682711625,0.13951986540911393,-0.11233105487974145,0.14192980573681904,-0.12078902946059836,0.24923518212799364,0.24667052168096867,0.1297239331173085,-0.09713196175889438,0.13681326794922394,0.027806988857223876,0.04346143498281183,0.12767872941570582,-0.10286563943754562,0.1285653135180924,0.24795729944313405,0.24911084668121997,-0.12112085623271833,0.15623795126627701,-0.08427669093218014,0.1136263203469086,0.014817637827212172,0.014140939444324093,0.19001883055545013,-0.17724882013214563,0.249389802973995,0.24644517979027245,0.2496319657435225,0.023619779284608688,0.24957791703335458,0.039276308644079064,0.24896000140637978,0.09074457986214282,0.24851310620540365,0.2097278025936804,0.24964938495812858
0.20722795061668653,0.21175027974669433,0.08353762658285274,0.21177598278195253,0.048210747979288614,0.2111698043317248,0.06206856237174395,0.21152525590359952,0.25,0.21186114188063657,0.21037821019904882,0.037939786089175816,0.02422023682907822,0.01934959455676011,0.07330834977023531,-0.01038016172969735,0.07081385331171011,0.10584330082368967,-0.10190049046245295,0.21176808819125134,0.2103077154980312,-0.04036969909052535,0.1149384654757395,0.03361889028676068,0.014676890261053854,0.10310422149356178,-0.07779396584565927,0.10561614645681415,-0.08688792235971948,0.2114598325238917,0.2091542289675781,0.12749467258141825,-0.10467864507975361,0.13258309945032365,0.0007851845785485685,0.055119408392389074,0.09228930907025945,-0.07234706623979749,0.09362373753449238,0.21050284246027223,0.21144879566905936,-0.11951316269307345,0.14513058925659325,-0.08752535748643858,0.10912620399399357,-0.001827953358244749,0.02374705839384703,0.15603051741109186,-0.1459047153586123,0.21163218015470198,0.20913931337745031,0.21184474592368802,0.014057532008517889,0.21180374770967464,0.026558633531630117,0.211360579784563,0.07029319323848923,0.21103519988848612,0.17598410104081533,0.2118568325014574
0.24437512966667493,0.2498597258517341,0.08450939702345052,0.24990423373649917,0.04466055171729003,0.24928178434780104,0.05996759156789326,0.24965462703080718,0.21186114188063657,0.24999999999999994,0.24844018513745608,0.005076357412088438,0.05731179061651664,-0.013453408407729643,0.10953503799828954,-0.04616115597789453,0.10754159950409223,0.07145504848808779,-0.06679063557605176,0.24986622793628188,0.24781906239685023,-0.008129311310895268,0.10761089703344018,0.0678518470511173,-0.011459274126019383,0.13954132854144813,-0.11231563864587082,0.14193404041597946,-0.12077446074693368,0.2495762966312271,0.24700755944626107,0.12997311097238648,-0.09735439741605996,0.13706840813451948,0.027696505499444322,0.043634038554193295,0.12767893047105985,-0.10284170071184531,0.12856382598998556,0.2482980148659988,0.24945249170600137,-0.1213541521176026,0.15650152988799082,-0.08447016956501341,0.11384755697706112,0.014746528801523384,0.014237001688267926,0.19021875703728014,-0.17743593158211163,0.2497315714459217,0.2467830157269677,0.24997417323441457,0.02363111470043906,0.24992006886962237,0.03929685116276099,0.2493016523039496,0.09082274473610089,0.24885437157366927,0.20998911504940598,0.24999160441774929
0.24283884659353944,0.2483050228267421,0.08351746697967652,0.24834823618239787,0.04392181230178951,0.2477733173479945,0.05897899011424576,0.2481048341288801,0.21037821019904882,0.24844018513745608,0.25000000000000006,0.0036823615048485565,0.05815511514850882,-0.014611021824748511,0.11008286176342101,-0.046960225560885915,0.10804245067308679,0.07043647310520136,-0.06582951471895754,0.24831010574694926,0.24626445694407323,-0.0068121567189364934,0.1061716705244839,0.0687680996501783,-0.012517477123534758,0.13998008797386702,-0.11290192308477977,0.1423946645963596,-0.12131349290832046,0.24802608302478796,0.24547798037034482,0.12855765533837032,-0.09598570313456958,0.13564172377340056,0.028650262806105747,0.042493346356242925,0.12816279416509857,-0.1033990402104642,0.12903803408115094,0.24674602206213525,0.24789775135207515,-0.12002462656081175,0.15510373942279274,-0.08331277267129153,0.11261537405520335,0.015357548255731896,0.013561724088600126,0.18947039120354792,-0.1767313717457138,0.24817721594962563,0.24524629228966524,0.2484175505216504,0.023669947562151763,0.24836362351144073,0.03932043685278193,0.24774615353784862,0.0906082166448517,0.24729974508769328,0.20886846315032281,0.24843497223408556
0.0058862177860639206,0.005105437278628182,0.09391070239916663,0.005036273654931214,0.04749513257486809,0.004469376976425513,0.010859415843761726,0.004934068725094411,0.037939786089175816,0.005076357412088438,0.0036823615048485565,0.25000000000000006,-0.18740926044792516,0.1767072479943977,-0.08357092930839816,0.04934976257343112,0.005972809816519846,-0.015436767551812374,0.01736012186064516,0.005065840738804612,0.0071627267432940915,-0.2347168222179193,0.1437785439201731,-0.1624030906403243,0.13644329021683327,-0.08243453080401753,0.08171731555224279,-0.06089513255551868,0.06864619596719199,0.004862316886954624,0.004059125869909818,0.1045440291252251,-0.13249086744456368,0.09929011944389339,-0.12405203332032178,0.10105019055099755,-0.07170842646669547,0.06709036917358573,-0.06800249476025885,0.005438301095439995,0.005358543680244628,-0.10061904532170617,0.07699991721909277,-0.09334228617450736,0.07438983758016263,-0.07838752899862324,0.06409707396158125,-0.01980480625059686,0.016212836822908742,0.005059074771523023,0.0050202471037695,0.0050915431422205205,-0.035196110250384285,0.00511922601263468,-0.03792240623971907,0.005579994086031503,-0.03420204112228123,0.005885269183925095,-0.004232123426622085,0.005076258487565644
0.054969208846093874,0.05724208033000085,-0.10637170316338418,0.05733340741107855,-0.0370064327504522,0.05785724288702028,0.003380726489927112,0.05738813639514494,0.02422023682907822,0.05731179061651664,0.05815511514850882,-0.18740926044792516,0.2500000000000001,-0.20466065041373846,0.11379964800313436,-0.07675145825244971,0.022697844808750187,0.04444991243341242,-0.0462917766467708,0.0572846051997945,0.05520323094944901,0.1752432080595128,-0.08222252502225863,0.18929140924127866,-0.14231565684323244,0.11347965752894382,-0.10636787959539319,0.08734756933371655,-0.09282088563187153,0.05740816390052568,0.05748290191346808,-0.0496394093052806,0.07854972500056126,-0.04435307773104219,0.1313970100618195,-0.08528687237929214,0.09829065529699957,-0.08998080610919758,0.09434260684769132,0.056583113377868664,0.056961132099205856,0.04863033826223205,-0.021793541884678577,0.05907812966967914,-0.0371946177947646,0.07825098150417352,-0.05837846203833646,0.06665345447829119,-0.06001478840301115,0.05726562245454009,0.05656753234405454,0.05729396847771861,0.03257116453733292,0.0572593485472999,0.04290475110559787,0.05673917552622359,0.05604794292515993,0.056387975095234785,0.05639639546273588,0.057310581644333475
-0.012156055008986245,-0.013403513432822707,0.09754483590125505,-0.013499507735545735,0.07833638505537724,-0.014086058376252998,0.03837444862817896,-0.013643460241062902,0.01934959455676011,-0.013453408407729643,-0.014611021824748511,0.1767072479943977,-0.20466065041373846,0.2500000000000001,-0.15327052455825,0.11868825324758411,-0.058913385291411394,-0.004478273182812435,0.00899014775699481,-0.01343718424482707,-0.011742466935169336,-0.17435316763046071,0.10176705213008995,-0.18913400262320648,0.15250376777740748,-0.10880964405296494,0.10715311560020449,-0.08678853222325374,0.09375173402752762,-0.013689963145965227,-0.014239268829666866,0.07434371900038217,-0.09768725336872133,0.07022013998636725,-0.1398174792101839,0.10242217401460098,-0.09737026640026648,0.09211572772527715,-0.09358083358166411,-0.012930458523265466,-0.013199560297801227,-0.07151840700792726,0.05026251789834451,-0.07811117962739716,0.0612163282814071,-0.08349665583467131,0.06766885896428047,-0.04082232115031262,0.03600541224190545,-0.01346791541391243,-0.013272506729430415,-0.013439203187102481,-0.028435666349415443,-0.013413821235337147,-0.03788777584366468,-0.012990590009765511,-0.044426889560059184,-0.012710763143053815,-0.022954327378902833,-0.013453219993479735
0.10622854071066563,0.10946276678515424,-0.005148622102155786,0.10956070024669004,-0.09088302350483676,0.11012541579589469,-0.010844906892163863,0.10954478374636893,0.07330834977023531,0.10953503799828954,0.11008286176342101,-0.08357092930839816,0.11379964800313436,-0.15327052455825,0.2500000000000001,-0.18523018881815614,0.12918315884943676,0.002133546943965676,-0.006215079964539331,0.10945993652769984,0.10776874724422339,0.08469740714498136,-0.00857179492562748,0.153459654806517,-0.11024016471404369,0.17430433850405172,-0.1608324350949701,0.14957877910203918,-0.14454483703673274,0.10962408246128937,0.10891506318803038,0.011142113069019155,0.014356070461811733,0.016409234748714596,0.11410166882808312,-0.05689632779603128,0.15376820103039146,-0.13690526278746915,0.14722165184893038,0.10838815391024284,0.1091844151695392,-0.009738638085802009,0.03632143751521009,0.015279535610475611,0.005800231753098106,0.06802453365689648,-0.04557629135255768,0.11632305673911153,-0.1075942547721572,0.10946565862925381,0.10812177049687324,0.10951759566258891,0.024179614726956095,0.10948191638889,0.03997092288200497,0.10898535529708235,0.07067093534048978,0.10864266333125883,0.10573623390401901,0.10953297738127721
-0.04444886242789005,-0.0461306173122465,0.014575274571656324,-0.04619491331296296,0.07347856074682309,-0.04678932092247281,0.07035202787070287,-0.04628915748205656,-0.01038016172969735,-0.04616115597789453,-0.046960225560885915,0.04934976257343112,-0.07675145825244971,0.11868825324758411,-0.18523018881815614,0.25,-0.1864697195415254,0.05920702650833724,-0.05235932640694332,-0.04610074448599376,-0.0453033075057806,-0.0513332167044173,0.021136104806080115,-0.12086852916820763,0.10313757887058335,-0.15219322611267733,0.14507569391780667,-0.13088569786807674,0.12877647496359163,-0.04640212051903628,-0.0462829585959433,0.012734689400834333,-0.027071497194855774,0.009723034485130089,-0.10572170642617629,0.06597918572554129,-0.1355580129498605,0.12420327136750534,-0.12921786127186466,-0.04539462158400824,-0.0459813330114681,-0.012041838807381808,-0.003607035919132449,-0.03075989372544414,0.01906659568170887,-0.06329022046257574,0.048810743316347056,-0.07330279934260399,0.06782944826526321,-0.04617228611441883,-0.04556288390545094,-0.04615057049799646,-0.01435904609557227,-0.04613146272159338,-0.02754437475083896,-0.04583152016494771,-0.047926490379399056,-0.04562910679393536,-0.055113656295888463,-0.04616029499128383
0.10487848377509987,0.10748909026806439,0.04325057841495572,0.10751086365754409,-0.015574410916617789,0.10813654774056938,-0.0714807047843488,0.10763760690974129,0.07081385331171011,0.10754159950409223,0.10804245067308679,0.005972809816519846,0.022697844808750187,-0.058913385291411394,0.12918315884943676,-0.1864697195415254,0.2500000000000001,-0.0708558847346385,0.06593337830658337,0.10744128036148169,0.1066221043960119,-0.0028308285317896966,0.037477886951724285,0.07248649444093759,-0.051905621355191736,0.14256510836815617,-0.1302217665741251,0.15708097901444978,-0.13981596569801089,0.10762384524575688,0.10662667359171908,0.044359131860087726,-0.028409121510902344,0.04805729963815235,0.06344719548490614,-0.01897979868790117,0.140370242722676,-0.12436470745827714,0.14188049545881176,0.1064396285879714,0.107300024196652,-0.04198711536677166,0.060397053870338654,-0.017496797505089985,0.03159362538006749,0.037707074198543654,-0.020887300461381195,0.1116649021112395,-0.10449747960377835,0.10748259511061385,0.10615673997029379,0.10752964413847363,0.011764223835843982,0.1075041842336589,0.025074789367032817,0.1071756724806671,0.05613529555462544,0.10694346505349886,0.10378665753386386,0.10753949990457916
0.06985986739912767,0.07140660214058746,0.006718322136285323,0.07143024530888796,0.02310133453528122,0.07080030373886857,0.06339333545207744,0.07123802241669296,0.10584330082368967,0.07145504848808779,0.07043647310520136,-0.015436767551812374,0.04444991243341242,-0.004478273182812435,0.002133546943965676,0.05920702650833724,-0.0708558847346385,0.25000000000000017,-0.2366505014796237,0.07148248774215048,0.07068623706090761,0.010752345861333982,0.030754033450050306,0.026832765101953437,0.004867145728821412,-0.0013995663195613406,0.01468469470436305,-0.035582313950670144,0.026850577749356844,0.07115515429949384,0.07043616909382339,0.039824871382690336,-0.030706510599052918,0.04136155819833804,-0.007186330750808086,0.025031364784640613,-0.02026792032163205,0.02147257778483726,-0.02336801090530003,0.07123758610942064,0.07128769621823604,-0.03656236675723728,0.0453621449018222,-0.028577041623725378,0.037050504591956857,-0.006300948256758484,0.013134244100486336,0.03509235890918559,-0.03204615146836355,0.07133951724883196,0.07053763553589372,0.07144912367724579,0.007364607259714207,0.07143371919387509,0.00963788554038435,0.0712700542283179,0.01969988499182334,0.07115125639725524,0.05089294408676954,0.07145351584448237
-0.06528225066556133,-0.06674442263200014,-0.003809198279841355,-0.06677124157754007,-0.019380647877964237,-0.06616266755462849,-0.0619769617732727,-0.06658527183389662,-0.10190049046245295,-0.06679063557605176,-0.06582951471895754,0.01736012186064516,-0.0462917766467708,0.00899014775699481,-0.006215079964539331,-0.05235932640694332,0.06593337830658337,-0.2366505014796237,0.2500000000000002,-0.06681837215788525,-0.06603423975909704,-0.013937873249259932,-0.02698219591506007,-0.03163318637356127,-9.71221989596971e-5,-0.004239185811777243,-0.008710174125871923,0.028952041144310083,-0.020484140315840886,-0.06652437538277825,-0.0658672442764765,-0.03567983012752601,0.026806844697184005,-0.03718266548622158,0.0023575718663755105,-0.020226386438210925,0.014270357017980509,-0.015520728858090391,0.01726998482355119,-0.06656780334120536,-0.06663086999928666,0.03272663172358053,-0.04133131697502776,0.024729304752783055,-0.032915265288491945,0.0032680267854495433,-0.010045133901004462,-0.0344619779181032,0.03148067712841427,-0.06668526673564296,-0.06593289323592011,-0.0667848161008326,-0.007302860889620499,-0.06677003449313708,-0.009875429800513848,-0.06660917800701123,-0.019767346433032747,-0.06649305828503853,-0.048282942528293016,-0.06678919790714466
0.2442474942595363,0.24972916923513339,0.08446298159562932,0.24977365428996745,0.04464472172664217,0.2491513200847514,0.059956871552996636,0.24952412340167834,0.21176808819125134,0.24986622793628188,0.24831010574694926,0.005065840738804612,0.0572846051997945,-0.01343718424482707,0.10945993652769984,-0.04610074448599376,0.10744128036148169,0.07148248774215048,-0.06681837215788525,0.25000000000000006,0.24768949593482156,-0.008117318108442418,0.10755331613823961,0.06780821386438425,-0.011443967584469089,0.1394456588098241,-0.11223233463569886,0.14182621456153618,-0.12068252535313055,0.249445804556073,0.24687840524688384,0.12990575251872613,-0.09730387626505423,0.13699724710082672,0.02767057336694097,0.04361953865683825,0.12758468050923527,-0.102762593029585,0.1284683126813411,0.24816839718362957,0.24932214239742093,-0.12129095029660825,0.156419607304807,-0.08442882508132442,0.11379102959323291,0.014731813780678914,0.014235699948349445,0.19010981537795893,-0.17733405785525344,0.24960106481524377,0.24665406941042906,0.24984355919810597,0.02361939622621026,0.24978948289658057,0.03927513692299901,0.2491713942048864,0.09077121259123525,0.2487243500022627,0.20987495680394636,0.24986098102257112
0.24225420764884334,0.24768341806894215,0.08456019941426333,0.24772690560906296,0.04471558440305389,0.24710524530375796,0.059545860125128545,0.24747861064768492,0.2103077154980312,0.24781906239685023,0.24626445694407323,0.0071627267432940915,0.05520323094944901,-0.011742466935169336,0.10776874724422339,-0.0453033075057806,0.1066221043960119,0.07068623706090761,-0.06603423975909704,0.24768949593482156,0.2500000000000001,-0.01026058728659531,0.10793665882629686,0.06573129775257029,-0.01015268490610135,0.13760701174801485,-0.11062360830582886,0.1401605351682586,-0.11912218866225252,0.2474004393319994,0.2448474219431939,0.12974506150333376,-0.09766523980264176,0.13673084477344022,0.026359952504953637,0.04413328342933767,0.12593815717814433,-0.10136163879198515,0.12684774769260626,0.24613842110508294,0.24728205322416205,-0.12116825980975032,0.1557937312584503,-0.08454415461491166,0.11349193123491548,0.013929136007174178,0.014670861662142024,0.18836290086537602,-0.17572512388071773,0.24755600723890445,0.24463330109306453,0.24779671753325652,0.023107756459017886,0.24774334033979167,0.03861225945776481,0.24713450762710026,0.08971719036930388,0.24669391092483908,0.20808964440790764,0.24781385832838368
-0.008814121790988675,-0.008156486522562888,-0.08925469605795072,-0.008089014480955356,-0.04961383679257522,-0.007559856491574455,-0.015044172634123831,-0.007983706176548701,-0.04036969909052535,-0.008129311310895268,-0.0068121567189364934,-0.2347168222179193,0.1752432080595128,-0.17435316763046071,0.08469740714498136,-0.0513332167044173,-0.0028308285317896966,0.010752345861333982,-0.013937873249259932,-0.008117318108442418,-0.01026058728659531,0.25000000000000017,-0.15040870080599486,0.1646154910280636,-0.13933972880722686,0.08316364220653982,-0.08273172984671429,0.062272317208465086,-0.06998988925919188,-0.007902209671838543,-0.007044580816788959,-0.11003026182331484,0.13864277267165415,-0.10460901276228536,0.1266779658454036,-0.10433928948529843,0.07280261693836577,-0.06816747467492054,0.06920780293114556,-0.008487171590667076,-0.008415996422126249,0.1058519431308797,-0.08170927277427965,0.09742133293733579,-0.07808126447396208,0.08037153904126826,-0.06596749438082378,0.01829106142481893,-0.014751646475509906,-0.008108216935320546,-0.008034276917659086,-0.008144777141641973,0.03629812476327266,-0.008172907115891578,0.03867710469762683,-0.008643580527108742,0.03403625479518609,-0.008955171113934988,0.0019864835442812935,-0.008129134581789963
0.10571763111075734,0.10757099329632433,0.08843818742077343,0.10754825838679281,0.04925091452221195,0.10696961804578664,0.03867938943410626,0.10737568844282193,0.1149384654757395,0.10761089703344018,0.1061716705244839,0.1437785439201731,-0.08222252502225863,0.10176705213008995,-0.00857179492562748,0.021136104806080115,0.037477886951724285,0.030754033450050306,-0.02698219591506007,0.10755331613823961,0.10793665882629686,-0.15040870080599486,0.2500000000000004,-0.0745135629553744,0.11940836083362914,-0.002492441045902564,0.024482613843540793,0.000734741234918674,0.01360064050521967,0.10724787988410059,0.10516230529519352,0.20856077111080856,-0.23367410519935045,0.2017568762420443,-0.1044627198153374,0.12549192242457272,-0.012004853756720191,0.014577508094811818,-0.00968793094914266,0.10732519051741132,0.10782732493171554,-0.19957209448614827,0.17790797683321966,-0.15692915624196177,0.1399359082183913,-0.07750857208584984,0.07189891497215502,0.06290200651892996,-0.06133850229377417,0.10750334933730304,0.10624004976423185,0.10762350540363311,-0.045174659582263785,0.10764398374424282,-0.032449294733027656,0.10806398994872067,0.0032139504153201963,0.1083329976719754,0.08419226613953752,0.10760864622712007
0.06535337075040276,0.0677856957235236,-0.06438352059325234,0.06787434776074988,-0.05318591184076317,0.06839605021666889,-0.011399255008531619,0.0679299345128526,0.03361889028676068,0.0678518470511173,0.0687680996501783,-0.1624030906403243,0.18929140924127866,-0.18913400262320648,0.153459654806517,-0.12086852916820763,0.07248649444093759,0.026832765101953437,-0.03163318637356127,0.06780821386438425,0.06573129775257029,0.1646154910280636,-0.0745135629553744,0.25000000000000017,-0.1922941694888318,0.16066460822759104,-0.15299968067245118,0.13465682371085377,-0.13900149032046064,0.06805655099398773,0.0681417888775744,-0.047245778059215524,0.07677594374606506,-0.04213702995471568,0.18083336471216296,-0.11555648322378653,0.1445862155112052,-0.13448021562685,0.140442769600012,0.06688647504132746,0.06748167005064759,0.04610361846787904,-0.017060742450731147,0.06923305455013756,-0.04590297568426855,0.10430159417977086,-0.07993998156616916,0.08967453086854169,-0.08114120511633839,0.06781877374641286,0.06697100422847238,0.06783200970853924,0.03306035952849906,0.06779483796119011,0.05132764862578276,0.06722032579031299,0.07343899974603028,0.06683518625445321,0.07150273992203982,0.06785052201094724
-0.010404288610539679,-0.011430188847695616,0.06577326610729176,-0.011494499679443318,0.05304421205879344,-0.012051296331607795,0.026251654178178083,-0.011592356682711625,0.014676890261053854,-0.011459274126019383,-0.012517477123534758,0.13644329021683327,-0.14231565684323244,0.15250376777740748,-0.11024016471404369,0.10313757887058335,-0.051905621355191736,0.004867145728821412,-9.71221989596971e-5,-0.011443967584469089,-0.01015268490610135,-0.13933972880722686,0.11940836083362914,-0.1922941694888318,0.2500000000000002,-0.1218988899579173,0.14103547055063678,-0.11784049683095195,0.1287424910235314,-0.011825085501440305,-0.012712992929859439,0.09471360990341834,-0.12126521908324567,0.09718532329186322,-0.22987164331231458,0.16937001645336144,-0.13096651480538282,0.1272760757277452,-0.12832921785106077,-0.010773557529249952,-0.011153444436572641,-0.091292179950236,0.0706359129619627,-0.11854018765235239,0.09711356663104079,-0.13576381589427575,0.1124007407044648,-0.05243092379210795,0.04498923407632846,-0.011482484795025836,-0.011301005032453263,-0.011440259874680815,-0.03598340432550516,-0.011408453386428418,-0.05627932275453273,-0.010847378560638436,-0.06957471868030275,-0.010482836977245485,-0.025329331811025292,-0.011459104114911349
0.13572099253154477,0.13945688504809678,0.008909263968269045,0.13952724737856223,-0.03064711861469699,0.1399975047975239,-0.005526101401808322,0.13951986540911393,0.10310422149356178,0.13954132854144813,0.13998008797386702,-0.08243453080401753,0.11347965752894382,-0.10880964405296494,0.17430433850405172,-0.15219322611267733,0.14256510836815617,-0.0013995663195613406,-0.004239185811777243,0.1394456588098241,0.13760701174801485,0.08316364220653982,-0.002492441045902564,0.16066460822759104,-0.1218988899579173,0.25000000000000044,-0.22270965881982888,0.2138745945157498,-0.20401688357406153,0.13971363413322543,0.13872343422748878,0.01990344258969272,0.01107208111375922,0.02674289250875611,0.13327633851619847,-0.06497781623607433,0.2155763655958281,-0.19189322563713554,0.2070486861960065,0.13800580943747418,0.1391189478949823,-0.018228832159188576,0.05103395910793917,0.012778759729243744,0.012773405095302124,0.08206886840902303,-0.054410613887668435,0.154775244303188,-0.14387228864306137,0.13947046067012603,0.13774098141978555,0.1395199438780365,0.028294206175762206,0.13947640534231487,0.047593049491386374,0.1388734661435634,0.08845768068880827,0.13845531095263883,0.13822001491740304,0.13953859759081588
-0.10911898235642593,-0.11224584360829631,-8.277928988040061e-5,-0.11231105542757784,0.034756850988887464,-0.1128360861836785,0.011972868905435318,-0.11233105487974145,-0.07779396584565927,-0.11231563864587082,-0.11290192308477977,0.08171731555224279,-0.10636787959539319,0.10715311560020449,-0.1608324350949701,0.14507569391780667,-0.1302217665741251,0.01468469470436305,-0.008710174125871923,-0.11223233463569886,-0.11062360830582886,-0.08273172984671429,0.024482613843540793,-0.15299968067245118,0.14103547055063678,-0.22270965881982888,0.25000000000000044,-0.22033106302655633,0.21873466042536574,-0.11263423883288003,-0.11201754307682303,0.004694716397260942,-0.032941431154332394,-0.0019617745848005412,-0.15216140730059455,0.08771066198265824,-0.2337155951513509,0.21074885685953845,-0.22096602576412,-0.11085494213195757,-0.1119287385490189,-0.004809898986109376,-0.026696474300132465,-0.034230184564451656,0.010003912470455283,-0.09660876942773548,0.06978553547642981,-0.1449978961573831,0.1346902306530974,-0.11229154105887475,-0.11086393522814628,-0.1122949186966741,-0.028673710207411572,-0.11225469374703051,-0.04845826945430558,-0.11166745822993293,-0.08701357169379077,-0.11126415145374954,-0.12013972399084988,-0.11231347324461505
0.13822224084145165,0.1418529902358763,0.02422208279251118,0.1419048455722007,-0.01536888917280225,0.1424395994455287,-0.010847292911905103,0.14192980573681904,0.10561614645681415,0.14193404041597946,0.1423946645963596,-0.06089513255551868,0.08734756933371655,-0.08678853222325374,0.14957877910203918,-0.13088569786807674,0.15708097901444978,-0.035582313950670144,0.028952041144310083,0.14182621456153618,0.1401605351682586,0.062272317208465086,0.000734741234918674,0.13465682371085377,-0.11784049683095195,0.2138745945157498,-0.22033106302655633,0.25000000000000044,-0.22879881906479868,0.1421796298128378,0.14112442967278752,0.02208767946313603,0.008418019064516412,0.029014644509658793,0.13162014193645602,-0.06439037301520706,0.2303816171658587,-0.20659932908847808,0.23115761249150096,0.14026408581860875,0.1415159877386077,-0.020514085381556316,0.05361792513252625,0.010726429393711377,0.014741127571712608,0.08192651464937806,-0.054018740365335265,0.1625656252608406,-0.15152345237533243,0.14187443412506545,0.1401027144693568,0.1419125908619886,0.02777952009642031,0.14186895872085364,0.04723565762499469,0.14126524068675353,0.08948872964184325,0.14084563846274037,0.14321685368913895,0.14193127917323856
-0.11749726082071098,-0.12070260203563864,-0.011315476880483835,-0.12075651306087275,0.022043436362430873,-0.12129010041358086,0.01290016292729714,-0.12078902946059836,-0.08688792235971948,-0.12077446074693368,-0.12131349290832046,0.06864619596719199,-0.09282088563187153,0.09375173402752762,-0.14454483703673274,0.12877647496359163,-0.13981596569801089,0.026850577749356844,-0.020484140315840886,-0.12068252535313055,-0.11912218866225252,-0.06998988925919188,0.01360064050521967,-0.13900149032046064,0.1287424910235314,-0.20401688357406153,0.21873466042536574,-0.22879881906479868,0.25000000000000044,-0.12114294258549958,-0.12033257060465546,-0.004822709968445215,-0.022981724298467072,-0.011488799899699283,-0.1419630919754881,0.07887147869402268,-0.2285414902575824,0.21648212411230067,-0.24008731139687584,-0.11916494773469284,-0.12038707370892686,0.004315188631351997,-0.03580436696572173,-0.025650345466143677,0.0014402413553534772,-0.09189372830744168,0.065030642475156,-0.15405802475842045,0.14357578325788106,-0.12075004124532489,-0.11921431770887601,-0.12075379914987912,-0.027557475138508526,-0.12071325209993414,-0.04707240446631393,-0.12013018696359253,-0.08781818548945994,-0.11972756144366915,-0.1288163399504761,-0.12077212440960833
0.24396235858249082,0.24943938261825954,0.08427975409814074,0.24948391199364683,0.044455336189843306,0.24886500057813868,0.059741638208249674,0.24923518212799364,0.2114598325238917,0.2495762966312271,0.24802608302478796,0.004862316886954624,0.05740816390052568,-0.013689963145965227,0.10962408246128937,-0.04640212051903628,0.10762384524575688,0.07115515429949384,-0.06652437538277825,0.249445804556073,0.2474004393319994,-0.007902209671838543,0.10724787988410059,0.06805655099398773,-0.011825085501440305,0.13971363413322543,-0.11263423883288003,0.1421796298128378,-0.12114294258549958,0.2500000000000002,0.24659535367486857,0.12957558751143053,-0.09699255333234123,0.1366689667002836,0.028055078277052142,0.0432450572128411,0.12797993898390475,-0.10320105582201788,0.12891532596797278,0.24787782418413895,0.24903246501419896,-0.12098225514347147,0.1561149367890136,-0.0841186706019078,0.11347783800032318,0.014995901197955703,0.013979328831780125,0.19009931955706108,-0.17732419947744754,0.24931179671017573,0.2463678412835962,0.24955362372023057,0.023640661730817195,0.24949956638637172,0.03931898048954123,0.24888130742793496,0.09081302510217415,0.2484342003061126,0.20972432318408535,0.2495710564258566
0.24144790842970973,0.2468719390716222,0.08308222908552895,0.2469162934857813,0.04377326393103236,0.2463058310758072,0.059031830675433085,0.24667052168096867,0.2091542289675781,0.24700755944626107,0.24547798037034482,0.004059125869909818,0.05748290191346808,-0.014239268829666866,0.10891506318803038,-0.0462829585959433,0.10662667359171908,0.07043616909382339,-0.0658672442764765,0.24687840524688384,0.2448474219431939,-0.007044580816788959,0.10516230529519352,0.0681417888775744,-0.012712992929859439,0.13872343422748878,-0.11201754307682303,0.14112442967278752,-0.12033257060465546,0.24659535367486857,0.25000000000000033,0.12703033310387185,-0.09493855984038493,0.13415470965102094,0.028795872809244036,0.041861035104482976,0.12717628467735034,-0.10257848056791496,0.1280408521343899,0.24532336956911016,0.24646573998312402,-0.11856678329028354,0.15361333150770942,-0.0822306074816458,0.11152688082596438,0.015587243088980143,0.013241821498750566,0.1882815655729096,-0.17560366296351618,0.24674567649906906,0.24383202515969285,0.2469849366016037,0.023845664525761333,0.24693108141805642,0.039340547001022616,0.24631358054166944,0.09020389834727452,0.24586733030710525,0.20760607279728674,0.24700237324566282
0.1274579429002921,0.12991566318791584,0.08265226180472657,0.12990677869893585,0.047606833404521945,0.1293204744955508,0.04261194513503324,0.1297239331173085,0.12749467258141825,0.12997311097238648,0.12855765533837032,0.1045440291252251,-0.0496394093052806,0.07434371900038217,0.011142113069019155,0.012734689400834333,0.044359131860087726,0.039824871382690336,-0.03567983012752601,0.12990575251872613,0.12974506150333376,-0.11003026182331484,0.20856077111080856,-0.047245778059215524,0.09471360990341834,0.01990344258969272,0.004694716397260942,0.02208767946313603,-0.004822709968445215,0.12957558751143053,0.12703033310387185,0.2500000000000006,-0.21700419612464739,0.23179885023537586,-0.08334115209909482,0.12457622545953334,0.0079470774807217,-0.003960933146829315,0.008973011893704048,0.12954017816586605,0.13022011386217697,-0.2370759201457533,0.2114581326740966,-0.17828974601940922,0.15853314791187625,-0.0733196992209709,0.06953069870832385,0.08372929406119921,-0.0806406345889181,0.12985165971778279,0.12831653581828403,0.12998718803099693,-0.05416924548812506,0.13001107352533378,-0.03377916727852965,0.1304872257620419,0.01411604308788637,0.1307936420944375,0.10445457966667479,0.12997037654515947
