x1,x2,x3,x4,x5,x6,x7,x8,x9,x10,x11,x12,x13,x14,x15,x16,x17,x18,x19,x20,x21,x22,x23,x24,x25,x26,x27,x28,x29,x30,x31,x32,x33,x34,x35,x36,x37,x38,x39,x40,x41,x42,x43,x44,x45,x46,x47,x48,x49,x50,x51,x52,x53,x54,x55,x56,x57,x58,x59,x60
0.25000000000000006,0.14833143574266047,-0.14632570437231626,0.19392984364783675,-0.18459900799588402,0.19389702960023847,-0.1755951836937525,0.18955465770299354,-0.1647738738642979,0.19693231105442022,-0.23986642123477683,0.028180749522154602,-0.03816412399000454,-0.06656602887522793,-0.08079179902028193,0.0895360631771432,-0.17594814375767162,0.1775237566363723,-0.19675249916119122,0.19684233448547336,-0.020095357772177885,-0.03969851577554257,-0.16692774022869003,0.0704808188814322,-0.14244277871187247,-0.1564396365517156,0.12974065420973105,-0.19707087728818923,0.18078433509213296,-0.1960127956628273,0.0438234401545729,-0.1967963066979034,0.16588184486207466,-0.18556614756657513,0.13934771404829308,-0.16469575449828566,-0.13237371672323434,-0.058438439219883204,-0.17725769383165274,0.03975739421497053,-0.1959924002222119,0.1945616450691854,-0.19539384739151106,0.1705519366649177,-0.16928233893058509,0.13468094833358626,-0.13228290582243898,0.06264229276741652,-0.10643101162180421,-0.015323196850761365,0.19449847632654124,0.089296983199245,-0.08552452011148871,0.16694238088129357,-0.14387078014754362,0.17682590942286047,-0.13282381728885245,0.15761437275057816,-0.10807389031812151,0.19153091279655465
0.14833143574266047,0.25,-0.2467065352481362,0.20396503176584632,-0.19317263244762964,0.20113833372159096,-0.18586459977533018,0.20082923888136492,-0.18244604953324903,0.20107492952962008,-0.1403729466087144,-0.07097621713940756,0.048585614224996895,-0.12159382473742394,-0.03875573174125172,0.048440101182331725,-0.16778050095525465,0.1706265682352727,-0.20071308873557092,0.20090853822565713,-0.08558590140613723,0.050402401443807844,-0.18763707240987926,0.12000597687996464,-0.15939415375576405,-0.13934273588476478,0.10784407880491345,-0.20123004356244836,0.18138960080699562,-0.1999052179043477,0.09926786465314266,-0.20110622120820668,0.18549600786281595,-0.19539519523198282,0.15462930171118375,-0.17397604000827305,-0.11395486118657024,-0.07591705784036552,-0.17707034506156036,0.026039994908758277,-0.1998544817478629,0.19852690505619086,-0.1996783307284548,0.1803949837874693,-0.17914232733666047,0.14462974989647726,-0.1424460942243141,0.07937404652112122,-0.1195424948392634,-8.835790645080846e-5,0.19829989848795118,0.08692263885013282,-0.08304078563798475,0.16863577215307524,-0.1440687735632296,0.17941537132356072,-0.13318883153441538,0.15959562904003766,-0.10669036051575324,0.19520312873878537
-0.14632570437231626,-0.2467065352481362,0.25000000000000006,-0.2019884267044471,0.19089677780226527,-0.19895980624210402,0.1848336712453895,-0.1993728380342065,0.18113743894247367,-0.198763890455482,0.1382064707969615,0.07351103904191585,-0.05126134498352626,0.12266657935429381,0.03669743925082011,-0.046303041616849006,0.16544016419838425,-0.1682972520370261,0.19840150048391159,-0.19859833968637003,0.08676938395022703,-0.052859937286609204,0.18617827348731006,-0.1209017167980907,0.15835135109811144,0.13699393384056857,-0.10568077547069324,0.1989191677424538,-0.17918006220844707,0.19760006170641134,-0.09991698440899384,0.198803105604401,-0.18402723376169672,0.19339905695329834,-0.1535743879411582,0.17233145204574793,0.11184576761753837,0.07569494829338502,0.17488362997337176,-0.025181483235679085,0.19754953101296951,-0.19624688253172134,0.19739643800606566,-0.17860273038278407,0.17736748107304404,-0.1433379804964772,0.1411860143700919,-0.07908563169798612,0.11864980550218737,-0.0005147628680444278,-0.1960113394507407,-0.08573795770355128,0.08189822369780168,-0.16662497791736797,0.14229760349391551,-0.1773080655990583,0.13154999926761143,-0.15770049873139333,0.10530423056607321,-0.1929466731296521
0.19392984364783675,0.20396503176584632,-0.2019884267044471,0.25000000000000033,-0.23829930981699357,0.2465239666347154,-0.2233167805962451,0.23936305419459594,-0.21216762486083976,0.2466218520927809,-0.18585783469655348,-0.02628040582009417,0.0035073516794081783,-0.10819941658093846,-0.075676092150803,0.08695512757008177,-0.21298942128352452,0.21571332006995614,-0.24626003269871413,0.2464363145237629,-0.06538087911615181,0.0064408547680427945,-0.21790901199523638,0.10992691788351208,-0.18342392272793812,-0.18391374522296355,0.14830557745496067,-0.24677805269492772,0.22462001120142674,-0.2453171646215351,0.08894685147578367,-0.24651510080377775,0.2159480893013473,-0.23534537975501066,0.17870429653356387,-0.20807026389270866,-0.15362496414550952,-0.08204083812994097,-0.21978988210279843,0.041580929494252065,-0.24526528344119014,0.24349911624196272,-0.24471381146023324,0.21655385053305104,-0.21497689625199268,0.17159500991167406,-0.16878088463906823,0.08677094207951287,-0.13870038526139794,-0.010462929968414643,0.2433819411116206,0.10967407276643683,-0.10494790980192296,0.2080624945135136,-0.178645949899247,0.22081662202337332,-0.16512274904356744,0.19672784117465406,-0.13348910016702395,0.23963860830152398
-0.18459900799588402,-0.19317263244762964,0.19089677780226527,-0.23829930981699357,0.2500000000000002,-0.2394419631866103,0.2156583029335576,-0.22895896989784179,0.20429901868312342,-0.2352755706954729,0.1762851112410221,0.03436454711462113,-0.012560720553922758,0.11306209168548265,0.06430531889926461,-0.07559565229419536,0.2016426615469227,-0.2044121353811245,0.23491310395053072,-0.23509425979949544,0.06850703069517547,-0.015032200353037626,0.21056344376302294,-0.11411229703029149,0.17837204869198392,0.17258584072957062,-0.13826656163016768,0.23543106242077672,-0.21387825757639864,0.2340067095075097,-0.08972656214125865,0.23520454796208132,-0.20858177316871326,0.2254891392101288,-0.17363441151638506,0.20006926599073152,0.14389777815005592,0.08048398133350035,0.20918674912771518,-0.03784076834384505,0.23395760856591233,-0.23231797227070908,0.23351345811967839,-0.20770119970848117,0.20620870336205543,-0.1652157862011415,0.16254140845828186,-0.08492287567626786,0.13409743184755982,0.008000107045980897,-0.2321550477128863,-0.10394841513169137,0.09942731759563381,-0.19824055206612862,0.1700251297114022,-0.21050022094778484,0.15712404344237663,-0.18744478190535427,0.12676161227887175,-0.22856972656919428
0.19389702960023847,0.20113833372159096,-0.19895980624210402,0.2465239666347154,-0.2394419631866103,0.25000000000000017,-0.22545531599524454,0.2391488014477708,-0.21137380114227014,0.24550764555298893,-0.18576008864939372,-0.02635688454454782,0.003977733753322228,-0.10863232338394879,-0.07452665197831497,0.08581263254988353,-0.21187357372942414,0.21460184885800462,-0.2451457076315941,0.24532242730722995,-0.06526933050132637,0.00668934910013385,-0.21710136888114306,0.11035684183119485,-0.1830297033888917,-0.18279877227880892,0.1473729125254969,-0.24566372925977573,0.22357586758855255,-0.24420730542686603,0.08866788602509758,-0.2454035696722516,0.2151491970244,-0.23435413605331248,0.178310842199858,-0.20734391467156016,-0.15272285679786562,-0.08185381894034095,-0.2187622589181029,0.04125758401771035,-0.24415596961780495,0.24240455439076591,-0.24361633957034168,0.21567548205960838,-0.21410788675245918,0.1710040138079734,-0.16820073361132754,0.08655985452117208,-0.13825224225735275,-0.01026502953943397,0.24228046022089636,0.10911126826305767,-0.104404559415406,0.207101200020823,-0.17780363630283932,0.21980516937135355,-0.16433508663147156,0.19581368695617035,-0.1328273286237477,0.23855238947296925
-0.1755951836937525,-0.18586459977533018,0.1848336712453895,-0.2233167805962451,0.2156583029335576,-0.22545531599524454,0.2500000000000002,-0.22978947855404203,0.20361319249158757,-0.22213120548129048,0.1676910052018963,0.03092464126394647,-0.019263973867948207,0.12245401695247043,0.05468495464555645,-0.06578198055549857,0.1884470604688907,-0.1912576672710253,0.22171176052629632,-0.22189793543539157,0.06296946631485331,-0.012563718061155728,0.2006603048428259,-0.12499362227032428,0.17799818282980387,0.16088209663261926,-0.12774148872692717,0.2222296410742172,-0.20137048233026472,0.22084966987912966,-0.08271530708475153,0.22203314939366708,-0.1989503974301075,0.21380026832624363,-0.1731497473285396,0.19368335856934826,0.13341356381319486,0.07893421048959649,0.19686471523038332,-0.03367423860974561,0.2208207384581025,-0.21943496864419815,0.22059727365349158,-0.19776029566464112,0.19641028436925348,-0.15989331818366043,0.15729471268121334,-0.0831774000623478,0.1299737180040724,0.005236314047495022,-0.21910479672499528,-0.09683560664764072,0.09252386501698721,-0.18675225863176767,0.15986927377799365,-0.19844520272785449,0.1474852686653326,-0.17641172014244996,0.11852047448587426,-0.21568440953490442
0.18955465770299354,0.20082923888136492,-0.1993728380342065,0.23936305419459594,-0.22895896989784179,0.2391488014477708,-0.22978947855404203,0.25000000000000017,-0.22192619479455925,0.24126908321293597,-0.18144968564920835,-0.028848399295790528,0.008810188361878813,-0.11324767851235307,-0.07028395817706325,0.08156794272626582,-0.20759736931035871,0.21034236830050845,-0.2408674520371465,0.24104611543316742,-0.06559815286849056,0.008887084438719366,-0.21454802530077702,0.1147099164313554,-0.1827545283494608,-0.17853185345062406,0.14337065633034565,-0.24138544015938831,0.2194551487732894,-0.23993812391924793,0.08814485234648675,-0.24114098479103319,0.2126252172740522,-0.2307663361718544,0.17797373028578248,-0.2051541497195799,-0.14882467087327272,-0.08166672564022982,-0.21468556468561856,0.039601006425452875,-0.23989163763397908,0.23821622428642722,-0.23942428922949016,0.21259854759675656,-0.21107299590270373,0.16925337791182501,-0.16648709828572497,0.08628113423210394,-0.13704025192026223,-0.009050164300533202,0.23804419263144413,0.10675553216928062,-0.10211837486745867,0.20334588767926717,-0.1744643442864004,0.21587951761385835,-0.16119005641234446,0.1922305823402527,-0.13011670452205398,0.23436963794920537
-0.1647738738642979,-0.18244604953324903,0.18113743894247367,-0.21216762486083976,0.20429901868312342,-0.21137380114227014,0.20361319249158757,-0.22192619479455925,0.25000000000000033,-0.21362094717364224,0.15668927886188486,0.04585967684091145,-0.030505105350898103,0.12508239989124972,0.04553644752711259,-0.05636242613076158,0.17999952061526509,-0.18281578632350698,0.212991416983548,-0.21318037362612477,0.07099496013109337,-0.026548781020354368,0.1957351597435531,-0.12592066969501078,0.1717110608977754,0.1513079488750007,-0.11910435281439005,0.2135064208557743,-0.19305921433411985,0.21214916237410353,-0.08822541323524258,0.21334452320669126,-0.19386295602261053,0.20636053091117393,-0.16686274793856898,0.18623350630791766,0.12511391383150078,0.07793295200405387,0.18863356572919765,-0.03042419581351663,0.21211307181152173,-0.21077610090356685,0.21193479628047196,-0.19084016639017867,0.18953667176861588,-0.15411592783601194,0.151672245625868,-0.08186583772521289,0.12605319818450825,0.0029873509571972825,-0.21046221740822332,-0.09256756498012178,0.08842699363771114,-0.179194763676914,0.15324722759832193,-0.19051703982845844,0.14144832688218764,-0.16936077460785876,0.11347574925230668,-0.20717127104554436
0.19693231105442022,0.20107492952962008,-0.198763890455482,0.2466218520927809,-0.2352755706954729,0.24550764555298893,-0.22213120548129048,0.24126908321293597,-0.21362094717364224,0.25000000000000017,-0.1889096747962007,-0.023223309199982282,0.0004344519349463476,-0.10557087848150938,-0.07872900809098546,0.09001132077221238,-0.21605798666371845,0.2187684451283683,-0.24932514535014233,0.24949989886435292,-0.06409235349812285,0.0034330466414949847,-0.2194619943632609,0.10751432226556609,-0.18438064830845952,-0.1869808541091268,0.15116355003056262,-0.24984310254842823,0.2275673220701953,-0.2483756084569014,0.08843655481991927,-0.2495663835263721,0.21752554908648894,-0.2378571495115026,0.17969043490497483,-0.21004407648274143,-0.1564056877712595,-0.08226691770751028,-0.2227069574168957,0.042741868510843384,-0.2483216563752952,0.24651572035175628,-0.2477327841895144,0.2187893905317008,-0.21718947687257845,0.17315137352770282,-0.17030034760751,0.087075330782011,-0.13976822984310805,-0.011291362947571958,0.2464171663529129,0.11128747332734829,-0.10650752870443392,0.21073846868445814,-0.18101227126467223,0.22361810264092868,-0.16732282934826792,0.19925881381033989,-0.13536289918830796,0.24263296064013232
-0.23986642123477683,-0.1403729466087144,0.1382064707969615,-0.18585783469655348,0.1762851112410221,-0.18576008864939372,0.1676910052018963,-0.18144968564920835,0.15668927886188486,-0.1889096747962007,0.25000000000000033,-0.03784614318968071,0.04670259878398614,0.05849283051905241,0.08291423599894387,-0.09120080214132825,0.17025625129152502,-0.1716165180227286,0.1887623343289905,-0.1888359058889665,0.012555242865577871,0.04750802627198037,0.1585964542129348,-0.06280649010064654,0.1350398814923727,0.15253612577347694,-0.12724354257159598,0.18904394985963874,-0.17375297904986575,0.18805432868384134,-0.036352215121226925,0.18876660491987157,-0.15768354475338517,0.17746755619180435,-0.13224210837175343,0.15729741356732221,0.12934610514829512,0.05429458124982784,0.1704462896351635,-0.03970961495811776,0.18803906649200441,-0.1866496016250765,0.18741535350661453,-0.16299395326803362,0.16176817734181423,-0.12838045918638177,0.1260530647747946,-0.05842033503789648,0.10089549587889711,0.01638384246129862,-0.18660924197314716,-0.08613001169020011,0.08251503112167512,-0.1603418674473158,0.1383195883338819,-0.16974835860971763,0.12768618344706886,-0.1513464238010119,0.10407884566126091,-0.1837697981989108
0.028180749522154602,-0.07097621713940756,0.07351103904191585,-0.02628040582009417,0.03436454711462113,-0.02635688454454782,0.03092464126394647,-0.028848399295790528,0.04585967684091145,-0.023223309199982282,-0.03784614318968071,0.2500000000000004,-0.22365880334858004,0.11776812106509608,-0.10154394057178766,0.0997319265136584,-0.00828227414550399,0.005128342961776531,0.022587411263087567,-0.02285440488282457,0.16852942036675228,-0.22425430731012932,0.05354125271750517,-0.102925928647351,0.04358635206802012,-0.03501145421865659,0.04757648403255581,0.02310459606900331,-0.013659240770087702,0.022400382054859357,-0.14694293192995647,0.023381924195138716,-0.051076266243851864,0.03341502971199234,-0.039502272139962824,0.030029596240988273,-0.03815088125676587,0.046056790827224026,0.0114619145456938,0.03117095755798285,0.022278069235935408,-0.022323992585960954,0.023171452289680386,-0.03252285028701349,0.03249963872203714,-0.030663653201858803,0.03113565087366678,-0.044259653632337456,0.037424275484703416,-0.03644074976334294,-0.022041464686962484,-0.0006264314786322431,0.0001476253559150154,-0.015178531616083117,0.010116302144313864,-0.018002879921140056,0.009967995813337509,-0.015433527240906112,0.0041734177517562055,-0.021560917875429426
-0.03816412399000454,0.048585614224996895,-0.05126134498352626,0.0035073516794081783,-0.012560720553922758,0.003977733753322228,-0.019263973867948207,0.008810188361878813,-0.030505105350898103,0.0004344519349463476,0.04670259878398614,-0.22365880334858004,0.2500000000000002,-0.14374689270758648,0.12464082130562276,-0.12273428115623758,0.031077145117374208,-0.02786011180086164,0.00020358115036046842,7.01072859638106e-5,-0.14308584584128953,0.19799582378673256,-0.030750800861722088,0.12856864242103766,-0.053464442586624326,0.057713890600717174,-0.06720362154977481,-0.00031323148724051727,-0.007858485167462199,0.0003054623160973456,0.12180022148640127,-0.0005905520177458212,0.02951407674023249,-0.011836606391619743,0.04901812757920088,-0.02471060067243417,0.05721563086607899,-0.044677893846546066,0.009704634315444119,-0.03867708496867287,0.0003854815428709222,0.00030675737241081714,-0.001093583390754477,0.015361983460776716,-0.01569890470713387,0.02574143335371597,-0.02619858046474722,0.0426715057806027,-0.03310626746005747,0.04177495365531773,-0.0004867050320524781,-0.012694853113301593,0.012868193294275628,-0.004853859006676985,0.00777186053618315,-0.0029611981097266956,0.007425447240726444,-0.004128728654729381,0.01101908391355992,-0.0007153039525954249
-0.06656602887522793,-0.12159382473742394,0.12266657935429381,-0.10819941658093846,0.11306209168548265,-0.10863232338394879,0.12245401695247043,-0.11324767851235307,0.12508239989124972,-0.10557087848150938,0.05849283051905241,0.11776812106509608,-0.14374689270758648,0.2500000000000004,-0.06567661735080452,0.054294871081991415,0.07167233902377806,-0.0749666041953906,0.1049449332249414,-0.10518629231217697,0.08666251502096795,-0.09309751576715868,0.1358945487434532,-0.23475462302706956,0.1591888264993304,0.0427948138287781,-0.018198861412749345,0.10546251283255709,-0.08912384543507171,0.10434342328722769,-0.08027887764838676,0.10573945811676139,-0.1342604135863594,0.1170053210913724,-0.15290635843530911,0.12790273810221017,0.02704164288168101,0.07227952950580492,0.08582146349313902,0.010858263246992154,0.1044195393620968,-0.10488826423445977,0.10594949321228969,-0.11349676121005275,0.11318024912473074,-0.10759069807664627,0.10614979375488592,-0.07382822014507172,0.09383878050938077,-0.026999312220740722,-0.10348544323713299,-0.033690649397065855,0.031334681464102766,-0.08450111022746344,0.06915634792934422,-0.09148242182538262,0.06247158865361398,-0.07917095668142649,0.0456007165787095,-0.10156437023048642
-0.08079179902028193,-0.03875573174125172,0.03669743925082011,-0.075676092150803,0.06430531889926461,-0.07452665197831497,0.05468495464555645,-0.07028395817706325,0.04553644752711259,-0.07872900809098546,0.08291423599894387,-0.10154394057178766,0.12464082130562276,-0.06567661735080452,0.2500000000000003,-0.2384510532731593,0.11259762492462315,-0.1086998337454503,0.07937520454206028,-0.07908509394599647,-0.04996588342127363,0.1006474786380789,0.048420221873585384,0.058606374194166325,0.018616036413462284,0.1405647439661601,-0.10759284001778713,0.07885947734411443,-0.07564188075968495,0.0786847426727075,0.02946529256810797,0.0785822241138885,-0.04842545752160059,0.06707134341211303,-0.019720966978390618,0.0473468345042891,0.09325289498790124,-0.002008030807140559,0.07499398944729492,-0.036097121696104184,0.07878993225621334,-0.07768194998068029,0.07758859522678577,-0.05851261066156528,0.05777422763474252,-0.03606108867136672,0.03500208285079888,-0.0010672178132006993,0.02205197284905979,0.02831959542165284,-0.078253834361299,-0.04356637726541625,0.04220760999245307,-0.06967045621008681,0.06211303635477065,-0.0726014201763914,0.057895674299009985,-0.06589713673615068,0.050099951927356966,-0.07720161534536142
0.0895360631771432,0.048440101182331725,-0.046303041616849006,0.08695512757008177,-0.07559565229419536,0.08581263254988353,-0.06578198055549857,0.08156794272626582,-0.05636242613076158,0.09001132077221238,-0.09120080214132825,0.0997319265136584,-0.12273428115623758,0.054294871081991415,-0.2384510532731593,0.2500000000000005,-0.12393203554545684,0.11999323387285905,-0.0906593925325215,0.09036605084296986,0.046900466472939356,-0.10010410848920336,-0.059725747079924535,-0.04760014150189015,-0.029544072741588823,-0.15187686798475694,0.11706618996407121,-0.0901429767686617,0.08550426792506262,-0.08987279561047572,-0.025609369805156205,-0.08986591059979848,0.05962754097102223,-0.07834856185692221,0.03027391793185401,-0.05802798946110003,-0.10226799317234113,-0.0019499692491666142,-0.08459286358451254,0.03755608147623473,-0.09000954921414141,0.08886139862334207,-0.08882226518662588,0.06902118808584197,-0.06821449587704478,0.044728528808225324,-0.04351076798545112,0.005401800386104367,-0.02896433346874763,-0.028366839089948158,0.08938332099542586,0.048357309104263176,-0.04677396497330984,0.07912095518490785,-0.0701703906147306,0.08265396758053445,-0.06527371403552855,0.0747853382652823,-0.055987955296713084,0.08814680427046664
-0.17594814375767162,-0.16778050095525465,0.16544016419838425,-0.21298942128352452,0.2016426615469227,-0.21187357372942414,0.1884470604688907,-0.20759736931035871,0.17999952061526509,-0.21605798666371845,0.17025625129152502,-0.00828227414550399,0.031077145117374208,0.07167233902377806,0.11259762492462315,-0.12393203554545684,0.25000000000000033,-0.24602185381641206,0.2167236129418062,-0.2164017654123252,0.03670837839637536,0.023301171264174414,0.1857586049468691,-0.07507161665610149,0.15205226452501291,0.1667676510720628,-0.131368376847743,0.21620862992900008,-0.1988390560523431,0.2150800390883367,-0.06076615592592855,0.21593127414713978,-0.18423642790649544,0.20425197962218056,-0.14882859276444158,0.17858402856932057,0.13512178152452844,0.06718390575650951,0.19493578260970057,-0.04186339756241897,0.214953432093322,-0.21329197414370862,0.21427400596860338,-0.18738643927311335,0.18597300531268116,-0.14695459275873834,0.14446939769535116,-0.07117315103008597,0.11755156648113749,0.01481088328695501,-0.21331924238311875,-0.09766825630208417,0.09354574672300811,-0.1829374266656591,0.1575347137691371,-0.1938768017924886,0.14571447003700524,-0.1729560867840653,0.1184150302026707,-0.21008458701211083
0.1775237566363723,0.1706265682352727,-0.1682972520370261,0.21571332006995614,-0.2044121353811245,0.21460184885800462,-0.1912576672710253,0.21034236830050845,-0.18281578632350698,0.2187684451283683,-0.1716165180227286,0.005128342961776531,-0.02786011180086164,-0.0749666041953906,-0.1086998337454503,0.11999323387285905,-0.24602185381641206,0.2500000000000002,-0.21943447861879312,0.21911189255083807,-0.03921323253265696,-0.020678969739268263,-0.18860203493794292,0.07819126046008576,-0.15483919794873718,-0.16753952688248672,0.13222547366349915,-0.21891901457410134,0.20116108840673924,-0.21776359303896006,0.0632284835960309,-0.21864287113819575,0.18704145337807523,-0.2070066526876337,0.15149465395053743,-0.1812178021325988,-0.1362544815490994,-0.06861474962929227,-0.19718048134037655,0.041813331525557496,-0.2176390795440115,0.21596826932060514,-0.21697295010933448,0.1899777994457006,-0.18855092306755156,0.14918007705035252,-0.14666775115377392,0.07264172220035163,-0.11949181617603441,-0.014386302611607742,0.21598284338351098,0.09871028158619508,-0.09453367242975606,0.1851579764499956,-0.15939550979917214,0.19626089569603536,-0.14742635337503052,0.17505794398085525,-0.11973542780896804,0.2127036720465021
-0.19675249916119122,-0.20071308873557092,0.19840150048391159,-0.24626003269871413,0.23491310395053072,-0.2451457076315941,0.22171176052629632,-0.2408674520371465,0.212991416983548,-0.24932514535014233,0.1887623343289905,0.022587411263087567,0.00020358115036046842,0.1049449332249414,0.07937520454206028,-0.0906593925325215,0.2167236129418062,-0.21943447861879312,0.25000000000000044,-0.24966593223870412,0.06357107250627321,-0.0028425349737389895,0.21903016820241566,-0.10691297412365297,0.18393322471675055,0.18710577428055505,-0.15129473445549738,0.24948128526764815,-0.2272491252959186,0.24801683343964406,-0.08795075414496599,0.24920392839881855,-0.21710119060520378,0.23747025179522904,-0.17926239919614312,0.20965395312202,0.15645850960329954,0.08198711772136585,0.22240064169586485,-0.04280099865230398,0.24796450691154162,-0.24615884674423616,0.24737134791044918,-0.21841825398301123,0.21681949945681275,-0.1728092289966752,0.16996071950748246,-0.08679985215425015,0.13944840687501844,0.011408949863522838,-0.2460630867018302,-0.11117124908884345,0.10639894156964808,-0.21045046035141685,0.18077712343532693,-0.2233051668817034,0.16710619368908786,-0.19898520092655397,0.1352050959149633,-0.24228496268794347
0.19684233448547336,0.20090853822565713,-0.19859833968637003,0.2464363145237629,-0.23509425979949544,0.24532242730722995,-0.22189793543539157,0.24104611543316742,-0.21318037362612477,0.24949989886435292,-0.1888359058889665,-0.02285440488282457,7.01072859638106e-5,-0.10518629231217697,-0.07908509394599647,0.09036605084296986,-0.2164017654123252,0.21911189255083807,-0.24966593223870412,0.2500000000000004,-0.06379228280994094,0.003086969481299279,-0.21922018736417215,0.10714171792121764,-0.18412573190078313,-0.1872790411320924,0.15147153957660348,-0.24965600958583772,0.22738573828672823,-0.24818887537283685,0.08816277565915469,-0.24937879208253583,0.2172884185165688,-0.23765044184477066,0.1794433014020343,-0.2098259033203938,-0.15662979319566955,-0.08206761432323947,-0.2225305825652747,0.04278927314609435,-0.24813782377893642,0.24633173692611504,-0.24754549979309204,0.21858740511030467,-0.2169876731265599,0.17295068537914404,-0.17010015604469197,0.08688846567642154,-0.1395687355748767,-0.011375520515240368,0.246234944270471,0.1112395575152347,-0.10646386411747104,0.21059352641077878,-0.18089697187854667,0.2234588038547647,-0.167216079752852,0.1991206032236265,-0.13529026549654555,0.24245374691461563
-0.020095357772177885,-0.08558590140613723,0.08676938395022703,-0.06538087911615181,0.06850703069517547,-0.06526933050132637,0.06296946631485331,-0.06559815286849056,0.07099496013109337,-0.06409235349812285,0.012555242865577871,0.16852942036675228,-0.14308584584128953,0.08666251502096795,-0.04996588342127363,0.046900466472939356,0.03670837839637536,-0.03921323253265696,0.06357107250627321,-0.06379228280994094,0.25000000000000044,-0.1891173404132483,0.09383487559158511,-0.07783167370810122,0.05596034648738005,0.008430647245288754,0.009115096703128172,0.06405100594865114,-0.0505074036677998,0.06305044354671606,-0.22440155270418874,0.06432829484831254,-0.0904403778884984,0.07333982901916478,-0.050853753468635916,0.053958627699583754,-0.0024381789242656146,0.05975119005960629,0.04680149050926026,0.029873497916234188,0.0628538300125453,-0.062222826320968,0.06335498531924323,-0.0672803962324214,0.06683558426151719,-0.05135890793724196,0.05174499158316853,-0.059123192648675126,0.056705182018259755,-0.039985191304786095,-0.06232287919863232,-0.02002027910228177,0.018895932087908168,-0.04953435224079684,0.03964962372502109,-0.05459647292728488,0.03812102374138495,-0.048725547144854664,0.027245814970120557,-0.061260620381458325
-0.03969851577554257,0.050402401443807844,-0.052859937286609204,0.0064408547680427945,-0.015032200353037626,0.00668934910013385,-0.012563718061155728,0.008887084438719366,-0.026548781020354368,0.0034330466414949847,0.04750802627198037,-0.22425430731012932,0.19799582378673256,-0.09309751576715868,0.1006474786380789,-0.10010410848920336,0.023301171264174414,-0.020678969739268263,-0.0028425349737389895,0.003086969481299279,-0.1891173404132483,0.2500000000000004,-0.03376480492560084,0.0785211904821767,-0.021872029319329047,0.05096450036345003,-0.061869087293499346,-0.00331395464057286,-0.005146861660827005,-0.0026612356716173213,0.16405562080492464,-0.003591499966175631,0.03127158992879015,-0.013558023123781179,0.01800529033656985,-0.009495386430391373,0.05376434389244379,-0.04164056268805249,0.0071720073415343305,-0.037746410181416626,-0.0025252066898402456,0.0025730945451078267,-0.0033918440688146577,0.013865453029100583,-0.013958302774714266,0.014617446999665988,-0.01550817015598631,0.03915978104607474,-0.026004858584334923,0.04053807572132496,0.0024462806509153935,-0.008149684534322077,0.008202046498056113,-0.0017423991406907348,0.004500554818523507,0.00017025679252402983,0.003202670265809617,-0.00022407067810791047,0.006533192543578524,0.002286105321905296
-0.16692774022869003,-0.18763707240987926,0.18617827348731006,-0.21790901199523638,0.21056344376302294,-0.21710136888114306,0.2006603048428259,-0.21454802530077702,0.1957351597435531,-0.2194619943632609,0.1585964542129348,0.05354125271750517,-0.030750800861722088,0.1358945487434532,0.048420221873585384,-0.059725747079924535,0.1857586049468691,-0.18860203493794292,0.21903016820241566,-0.21922018736417215,0.09383487559158511,-0.03376480492560084,0.25000000000000044,-0.13786457138603816,0.17534461535426807,0.15667619937206392,-0.12098835537969505,0.21954810999847146,-0.19746807621788626,0.21808182484305438,-0.10877739885862049,0.219807071561634,-0.24507067587601852,0.2279460283530137,-0.17034304489507737,0.20019587590777146,0.12613501076020922,0.09244980787857936,0.1925438225454813,-0.02374600323037547,0.21804547807966126,-0.21685636216292317,0.21818280708288482,-0.21068732319377875,0.20920819185610925,-0.16874380835778027,0.16635957119670558,-0.09688114828524601,0.14092886184630374,-0.005394520049746177,-0.2163071187001222,-0.09107306810388281,0.08669789873511187,-0.18293527767641699,0.1553142021675959,-0.19505634153529994,0.14340809234201385,-0.17301388895558847,0.11362830805563494,-0.2127781844307279
0.0704808188814322,0.12000597687996464,-0.1209017167980907,0.10992691788351208,-0.11411229703029149,0.11035684183119485,-0.12499362227032428,0.1147099164313554,-0.12592066969501078,0.10751432226556609,-0.06280649010064654,-0.102925928647351,0.12856864242103766,-0.23475462302706956,0.058606374194166325,-0.04760014150189015,-0.07507161665610149,0.07819126046008576,-0.10691297412365297,0.10714171792121764,-0.07783167370810122,0.0785211904821767,-0.13786457138603816,0.25000000000000017,-0.17179748113124307,-0.04475215885019115,0.01875911199376329,-0.1074139534175225,0.09041744315267117,-0.10625201535137496,0.07371250388524049,-0.10769105024420576,0.13656552333136954,-0.11935863004551606,0.1651862020709207,-0.13530805298861293,-0.027455249181375388,-0.07526857875160843,-0.08703606434089795,-0.011899454697668508,-0.10636110884817174,0.10701438037113944,-0.10810050944934192,0.1166959081451357,-0.11644473598721335,0.1134267149374398,-0.11184288200205937,0.07702039517450174,-0.09834434468867029,0.028537676497014386,0.10539582492216909,0.03327683660311627,-0.03082910093540563,0.08582732937676647,-0.07001795375912054,0.09300442991864875,-0.06291815065452473,0.0801681118869942,-0.04551352770573919,0.10340333457574556
-0.14244277871187247,-0.15939415375576405,0.15835135109811144,-0.18342392272793812,0.17837204869198392,-0.1830297033888917,0.17799818282980387,-0.1827545283494608,0.1717110608977754,-0.18438064830845952,0.1350398814923727,0.04358635206802012,-0.053464442586624326,0.1591888264993304,0.018616036413462284,-0.029544072741588823,0.15205226452501291,-0.15483919794873718,0.18393322471675055,-0.18412573190078313,0.05596034648738005,-0.021872029319329047,0.17534461535426807,-0.17179748113124307,0.2500000000000003,0.12156473657858652,-0.08594827017832429,0.184437158504396,-0.1625177878446114,0.18297279023519614,-0.06929597719604395,0.18463616112865758,-0.17611433218339592,0.19633473125258577,-0.24199576733802292,0.21135622772825596,0.09259945172304702,0.0943270202647177,0.15788576261919915,-0.006335750665638966,0.18309211977783776,-0.1835735817382654,0.18489495128410732,-0.18833968807733723,0.18761785311104512,-0.17318872905031638,0.170190253654294,-0.0988243655449189,0.14248885910693326,-0.020056533656422345,-0.1815215479234567,-0.06734833041638744,0.06332260073992493,-0.15120897735404834,0.12628747463273177,-0.16213303435890086,0.113813646806879,-0.14098861002218877,0.08670941210320429,-0.17830587518043517
-0.1564396365517156,-0.13934273588476478,0.13699393384056857,-0.18391374522296355,0.17258584072957062,-0.18279877227880892,0.16088209663261926,-0.17853185345062406,0.1513079488750007,-0.1869808541091268,0.15253612577347694,-0.03501145421865659,0.057713890600717174,0.0427948138287781,0.1405647439661601,-0.15187686798475694,0.1667676510720628,-0.16753952688248672,0.18710577428055505,-0.1872790411320924,0.008430647245288754,0.05096450036345003,0.15667619937206392,-0.04475215885019115,0.12156473657858652,0.2500000000000002,-0.2094134949967799,0.1871268008655852,-0.1663814203786702,0.18575002539656255,-0.03238737914949369,0.18684936696729554,-0.15550680458504576,0.17513718835810838,-0.11828396956077744,0.14798570978668654,0.1907702247684797,0.03631923907291939,0.16283232890278854,-0.04511547802442429,0.18639727654638225,-0.18484082369022453,0.18530265126417475,-0.1589378019820548,0.15752649450508407,-0.11780618415250477,0.11531720753711198,-0.04353881582071804,0.08801591029393158,0.024178051964149374,-0.18499436770091457,-0.08949796937583224,0.08603475944538394,-0.16005730992889944,0.13903765136728655,-0.1688879792419078,0.1284302076756034,-0.1511043258475806,0.1063049189313923,-0.182151100213926
0.12974065420973105,0.10784407880491345,-0.10568077547069324,0.14830557745496067,-0.13826656163016768,0.1473729125254969,-0.12774148872692717,0.14337065633034565,-0.11910435281439005,0.15116355003056262,-0.12724354257159598,0.04757648403255581,-0.06720362154977481,-0.018198861412749345,-0.10759284001778713,0.11706618996407121,-0.131368376847743,0.13222547366349915,-0.15129473445549738,0.15147153957660348,0.009115096703128172,-0.061869087293499346,-0.12098835537969505,0.01875911199376329,-0.08594827017832429,-0.2094134949967799,0.25,-0.15129814538261868,0.13052633429948327,-0.14990813673374276,0.011417582813707609,-0.15102149056649586,0.12015774583208252,-0.13933704680980422,0.08283599271134488,-0.11212219556881661,-0.22778508102046074,-0.0007064061368775469,-0.12754435797968228,0.039403232160505515,-0.1510046902025463,0.1495329794732369,-0.14954928420180888,0.1237958702221984,-0.12237838843415763,0.08340471058742435,-0.08090761087997994,0.010200586099844786,-0.0540588053673259,-0.024519541254213847,0.1498987037085839,0.07853495144028061,-0.07593125988865476,0.13118976745949545,-0.11533361826518973,0.13765356624087854,-0.10546483543331049,0.12309572079579041,-0.08941907922039063,0.1475963161450311
-0.19707087728818923,-0.20123004356244836,0.1989191677424538,-0.24677805269492772,0.23543106242077672,-0.24566372925977573,0.2222296410742172,-0.24138544015938831,0.2135064208557743,-0.24984310254842823,0.18904394985963874,0.02310459606900331,-0.00031323148724051727,0.10546251283255709,0.07885947734411443,-0.0901429767686617,0.21620862992900008,-0.21891901457410134,0.24948128526764815,-0.24965600958583772,0.06405100594865114,-0.00331395464057286,0.21954810999847146,-0.1074139534175225,0.184437158504396,0.1871268008655852,-0.15129814538261868,0.2500000000000003,-0.22771625620816538,0.2485314016115729,-0.08843072766507502,0.2497219728801894,-0.21761254842916458,0.2379876478544902,-0.17974774739813265,0.2101481323730446,0.15653822033830847,0.0822854406344136,0.2228540629261989,-0.04279496575732183,0.2484773310896029,-0.24666945916263086,0.24788676876143623,-0.2189061306434428,0.21730507909077268,-0.1732344309076344,0.1703816072116567,-0.08709751329515063,0.13982769543161977,0.011327049474924467,-0.24657174857906367,-0.11136775110113929,0.10658504236310097,-0.21087407043152193,0.18113164123811562,-0.2237603950247526,0.16743382364194598,-0.199387169242889,0.13545671451113145,-0.2427854260030635
0.18078433509213296,0.18138960080699562,-0.17918006220844707,0.22462001120142674,-0.21387825757639864,0.22357586758855255,-0.20137048233026472,0.2194551487732894,-0.19305921433411985,0.2275673220701953,-0.17375297904986575,-0.013659240770087702,-0.007858485167462199,-0.08912384543507171,-0.07564188075968495,0.08550426792506262,-0.1988390560523431,0.20116108840673924,-0.2272491252959186,0.22738573828672823,-0.0505074036677998,-0.005146861660827005,-0.19746807621788626,0.09041744315267117,-0.1625177878446114,-0.1663814203786702,0.13052633429948327,-0.22771625620816538,0.25000000000000006,-0.2291770133186104,0.07178561922243097,-0.227440469803888,0.19575884897779025,-0.21576912242965088,0.15784152156759287,-0.18805507845174393,-0.1357892743520113,-0.060843786686251344,-0.24311676750522437,0.06362550129430153,-0.2265372724921007,0.22472608624857293,-0.2256136338138046,0.19682126807094869,-0.1951862207932539,0.1513366871325087,-0.14848891891934626,0.06564074576956715,-0.11809631700415141,-0.03230196125724025,0.22484175137269496,0.1055831801418563,-0.10118429140735949,0.19425590694833464,-0.16819063810924614,0.2051708552748188,-0.15579088651128198,0.18341465891726563,-0.12779613852058744,0.22160322381903438
-0.1960127956628273,-0.1999052179043477,0.19760006170641134,-0.2453171646215351,0.2340067095075097,-0.24420730542686603,0.22084966987912966,-0.23993812391924793,0.21214916237410353,-0.2483756084569014,0.18805432868384134,0.022400382054859357,0.0003054623160973456,0.10434342328722769,0.0786847426727075,-0.08987279561047572,0.2150800390883367,-0.21776359303896006,0.24801683343964406,-0.24818887537283685,0.06305044354671606,-0.0026612356716173213,0.21808182484305438,-0.10625201535137496,0.18297279023519614,0.18575002539656255,-0.14990813673374276,0.2485314016115729,-0.2291770133186104,0.25000000000000006,-0.08723450681121395,0.24825404936156076,-0.21616166422981428,0.23651993556100281,-0.17828304553535262,0.20868083538590132,0.1551469891007997,0.08082023187467412,0.22429879108890094,-0.04425840352544784,0.24703275839748298,-0.24522409564812728,0.2464188740344886,-0.21744160787701194,0.21583768372622159,-0.17176837748313997,0.16891492516232492,-0.0856327048934918,0.13836152604737842,0.012790620207520226,-0.24514117336909264,-0.1110020551656854,0.10624446927487886,-0.20978742069461542,0.18029104698829815,-0.22254081785506805,0.16667894427478497,-0.1983416068748306,0.1349684001712704,-0.24139172198051131
0.0438234401545729,0.09926786465314266,-0.09991698440899384,0.08894685147578367,-0.08972656214125865,0.08866788602509758,-0.08271530708475153,0.08814485234648675,-0.08822541323524258,0.08843655481991927,-0.036352215121226925,-0.14694293192995647,0.12180022148640127,-0.08027887764838676,0.02946529256810797,-0.025609369805156205,-0.06076615592592855,0.0632284835960309,-0.08795075414496599,0.08816277565915469,-0.22440155270418874,0.16405562080492464,-0.10877739885862049,0.07371250388524049,-0.06929597719604395,-0.03238737914949369,0.011417582813707609,-0.08843072766507502,0.07178561922243097,-0.08723450681121395,0.2500000000000002,-0.08869075636404873,0.10549232175050476,-0.09276795098047193,0.0641646578141225,-0.07075933542943982,-0.017572675218161898,-0.06379452439446434,-0.06776622367174691,-0.02334334175754857,-0.08712654835139653,0.08617979618985296,-0.08737422206376462,0.08490184508631766,-0.08430882662416331,0.06465798295195757,-0.06476360335393624,0.06368968284876315,-0.06651921987177589,0.03611998158063575,0.08642236547641943,0.03224936504543867,-0.030699830984848915,0.07052294954536045,-0.058030325828766154,0.07669528605267464,-0.05520632941991091,0.06862976053177393,-0.041564085088299674,0.08501656987409888
-0.1967963066979034,-0.20110622120820668,0.198803105604401,-0.24651510080377775,0.23520454796208132,-0.2454035696722516,0.22203314939366708,-0.24114098479103319,0.21334452320669126,-0.2495663835263721,0.18876660491987157,0.023381924195138716,-0.0005905520177458212,0.10573945811676139,0.0785822241138885,-0.08986591059979848,0.21593127414713978,-0.21864287113819575,0.24920392839881855,-0.24937879208253583,0.06432829484831254,-0.003591499966175631,0.219807071561634,-0.10769105024420576,0.18463616112865758,0.18684936696729554,-0.15102149056649586,0.2497219728801894,-0.227440469803888,0.24825404936156076,-0.08869075636404873,0.25,-0.21788911319647844,0.23818554785605484,-0.1799479286833911,0.2103448987509809,0.15626081861546415,0.08251656166927863,0.2225769145612888,-0.042540556921441805,0.24820450380101325,-0.24656640092004073,0.24778373524764039,-0.2191094340804858,0.21750800989834984,-0.1734448783442713,0.1705917500207745,-0.08733580568126255,0.1400434840211073,0.011075595898501172,-0.24629547164802507,-0.11111003509674475,0.10632789346226135,-0.21060147646661315,0.1808632943533688,-0.22348635476029013,0.16716881319287408,-0.1991176277385067,0.13519582590805201,-0.24250892169727217
