x1,x2,x3,x4,x5,x6,x7,x8,x9,x10,x11,x12,x13,x14,x15,x16,x17,x18,x19,x20,x21,x22,x23,x24,x25,x26,x27,x28,x29,x30,x31,x32,x33,x34,x35,x36,x37,x38,x39,x40,x41,x42,x43,x44,x45,x46,x47,x48,x49,x50,x51,x52,x53,x54,x55,x56,x57,x58,x59,x60
0.25,0.07327300773445368,0.06154829669418927,0.04779234018429899,-0.052686666483623544,-0.10430090432248991,-0.09264498038978326,-0.11190730021723626,-0.08879158467436576,-0.11711951436276409,-0.0206611962056309,0.016649035333411607,-0.0033256254746069952,-0.03370576899061576,0.06853034186434069,-0.11850956708298346,0.11886509184213644,-0.03501050666161796,0.11720605498724596,-0.042979676589947634,-0.03346244830073883,0.032568650665694095,-0.03309265195275254,0.032576253422171346,-0.05715894291852666,0.06874991403881808,0.024576777166880618,0.034758654226388935,0.025727464312784363,0.040462557724814094,0.03369699237409731,-0.03483333996706592,0.03343564843634358,0.016242093445887826,0.051632818317551565,0.03254442620539304,-0.024747667258066163,0.03256785525285823,-0.025665836276541943,0.032534101741014065,-0.021215330199267045,0.03448715778513929,0.023781824926459985,-0.016555828274218337,0.03256774644383297,-0.03248026550946584,0.032567840503542694,-0.03206062327173646,0.032567825928334335,-0.032487541539043104,-0.019563369385820543,0.0018864479867895198,-0.00688509468018599,-0.00939467273716204,-0.0026979385006234797,-0.006842072879821038,-0.00890375071350539,-0.0018310966613591735,0.004500771391359809,0.00684304090362983
0.07327300773445368,0.24999999999999997,0.16403125710475505,0.1255114610225903,0.036735015077529014,0.01971766656857512,0.019130382506347278,-0.0038996001412959424,-0.04665701268716592,-0.009007113677442714,-0.1015156397992973,0.10266338143939367,0.06712059658236065,-0.020332305282594228,0.05998683341051612,-0.012675614791115689,0.012942460588394968,0.05607732227147269,0.011765011509338901,0.048932756631147774,-0.10812629709878023,0.10963060249399316,-0.10831891960910604,0.10961986880622014,-0.06308705165456242,0.0726884516354751,0.10328632359226846,-0.05576100479801761,0.10421062679208262,-0.050486129088655636,0.10834616712702194,-0.10399051243944152,0.10856603800082787,0.02730034542516329,0.0688539228921203,0.10961265292077574,-0.1030994854104109,0.10963159008942061,-0.10393069006780035,0.10960358839369837,-0.06576101169071738,0.10285660571182456,0.05923528360069116,-0.02177168405473461,0.10963108313796809,-0.10937582242025469,0.10963153571717708,-0.10792411700460974,0.10963148651343856,-0.10936114573435508,-0.06767115030196463,0.007821886564080475,-0.008246502807895989,-0.026333289106901397,-0.012570020442590398,-0.025047048553425464,-0.03053467410309467,-0.006751117621088599,0.014736839373379908,0.023099243655886975
0.06154829669418927,0.16403125710475505,0.24999999999999992,0.17608944542294017,0.05712409652601765,0.029532091990031647,0.02564893193828834,0.007586535841745191,-0.03544135576734636,0.0017933024096584396,-0.07884337792526536,0.07783824241413617,0.03760346302920169,0.0228357638394326,0.021012681196012423,-0.0006240773066102393,0.0007428760194383323,0.04726470790656764,0.001212157908005697,0.041871584299225544,-0.08369147796654273,0.08466039646879676,-0.08335100888323438,0.08464610905644525,-0.05756025432834912,0.06431826682356816,0.08022743798616627,-0.047035189995395396,0.0808756574709305,-0.04318829032992789,0.0838639161714046,-0.08008075617430643,0.0835258063848866,0.014993530682551562,0.060568409546931434,0.08464782877060403,-0.08010921386518056,0.08466111823559272,-0.08065231937002484,0.08464140372014654,-0.0512356443748111,0.07917145714953994,0.04320384827170685,-0.011509880299938295,0.08466069794969695,-0.08446821208471487,0.08466107660641974,-0.08334267926010824,0.08466103856298957,-0.08445227363569907,-0.05234060349717579,0.008259919132785159,-0.005103934789486596,-0.01879635210574572,-0.010027109405057567,-0.019599934776443513,-0.023458158602611055,-0.005113187483241805,0.011354925633774712,0.017851506779444356
0.04779234018429899,0.1255114610225903,0.17608944542294017,0.2500000000000001,0.0749901904846839,0.03320253794345806,0.027516624354868166,0.008722036987819844,-0.03396224906656867,0.0029843246291393313,-0.07271297799252964,0.07208247307045267,0.04688569784325356,0.006592234064958978,0.03557242587130184,-0.00019583728656848262,0.00036710833748822356,0.0519312571628491,-0.00037424305153350323,0.046327283765327736,-0.09086458201959986,0.0921907736012076,-0.09089559155382518,0.0921783533860241,-0.052814886925339456,0.06009079330433368,0.08741954498998196,-0.05164423307786046,0.08811634606060482,-0.04756469172589798,0.09103870007127896,-0.08704302807306669,0.0910791785710122,0.020735960196946894,0.05771337307621006,0.09217740018151646,-0.08725355768624912,0.09219168812139134,-0.08787748057882773,0.09217048064343572,-0.055252365920549676,0.08608125894272989,0.04869278721423433,-0.01616571126834752,0.09219125107648915,-0.09197871658005043,0.09219164239760189,-0.09075586820281475,0.09219160100206708,-0.09196426358888778,-0.05697591099377074,0.007187038136449647,-0.00627621335218846,-0.02161978814563011,-0.010744170767688794,-0.02118323837157427,-0.025659569166078103,-0.005659129852719499,0.012383039980740378,0.01943441695052465
-0.052686666483623544,0.036735015077529014,0.05712409652601765,0.0749901904846839,0.24999999999999992,0.09997532702091526,0.0740024579165631,0.06840592713447455,0.009020081691790196,0.06937414100058309,-0.08129492280484672,0.08342428610860206,0.08274125419924468,-0.014473828110503581,0.032768426993302936,0.06454252467500177,-0.06448448087749463,0.08821271622316532,-0.06654197325759435,0.08531929221199665,-0.10123619022187204,0.10372511165622236,-0.10199422501016911,0.10371015177881308,-0.02785959887017272,0.030992426878114272,0.10187904476661369,-0.08765828465020457,0.102156687394018,-0.08553577970966872,0.1013221703958936,-0.09568151421179244,0.10204134213633634,0.0229494937171231,0.03917044858235507,0.10372106059106179,-0.10152715775585316,0.10372684884289554,-0.10187984161194245,0.1037176822112737,-0.06080265155898111,0.09463168374572634,0.052838777794996065,-0.015933226883199928,0.10372635318590966,-0.10349094458947607,0.10372679621830959,-0.10211127764537516,0.10372674965806732,-0.10347095113721283,-0.06437175067411893,0.006640979159584444,-0.005234057145125318,-0.024533405350615333,-0.012478817422986673,-0.02400098462431367,-0.029068451734116152,-0.0065618295261223435,0.013866199489944412,0.02186139067355675
-0.10430090432248991,0.01971766656857512,0.029532091990031647,0.03320253794345806,0.09997532702091526,0.25000000000000017,0.20781336060188071,0.18765437509641034,0.1215065639880517,0.19219244455378118,-0.06570343238067734,0.06745780649008924,0.024053604685421354,0.0448876357052831,-0.04625961657148424,0.1872101628714974,-0.18770775679768273,0.10029486454100221,-0.19081508189753954,0.10811849406529046,-0.02175002068976583,0.02463379505668064,-0.023110433740326314,0.024619253638945755,0.06252326717481502,-0.07521948503593678,0.03357512887681115,-0.09959746247792248,0.03229424515199095,-0.1055337578529921,0.02149790912940893,-0.016718628377913224,0.02270203818019389,-0.0024151403317233013,-0.04696238504872816,0.024661951089740734,-0.03310659366389247,0.02463596098388061,-0.0322000646813803,0.02467287536824744,-0.011457540818626741,0.01651241554703503,0.004786151906848175,0.007889658928956229,0.024635800721897236,-0.024594549339386953,0.02463594593134843,-0.024252143041573006,0.024635934852018447,-0.024575140536452808,-0.016066423406236124,0.0004347705823310234,0.004785110762306516,-0.0046082266985720205,-0.004327570065974256,-0.006425493125274795,-0.007268814445871562,-0.001928728037395415,0.003107070218037665,0.005202726082551452
-0.09264498038978326,0.019130382506347278,0.02564893193828834,0.027516624354868166,0.0740024579165631,0.20781336060188071,0.25000000000000017,0.21238969916241768,0.1347456851624057,0.20528836538626685,-0.07035045008023758,0.07167257893974105,0.017992164630082467,0.05125588915613561,-0.05960948879147897,0.2004344396112676,-0.20100961739684514,0.09889485769311829,-0.20410033904974048,0.10812669919891099,-0.008477280670204503,0.01130676226226975,-0.009842791687193797,0.011292206784889524,0.07372693189203001,-0.08850617782209694,0.02165948165534465,-0.09820135061143243,0.0201744666824982,-0.10520856814341403,0.008181350035150484,-0.0036719275440551965,0.009376044190338292,-0.006818219026580292,-0.05819197785764104,0.011339073657378226,-0.021191741724371944,0.011308916386807564,-0.02011182365594753,0.011351899478957546,-0.003315578918314439,0.0036030681172653373,-0.003151130827247514,0.011786564517833624,0.011308812283391107,-0.01129996841125841,0.011308907816379778,-0.011132667881056667,0.011308902712405214,-0.011280969135916849,-0.00789784773196828,-0.0003761115052598,0.006291712143581104,-0.0011819545374657293,-0.0029174045049753824,-0.0034518576461942834,-0.003568542552994406,-0.0011217705456389444,0.001301621120850773,0.002396889275556237
-0.11190730021723626,-0.0038996001412959424,0.007586535841745191,0.008722036987819844,0.06840592713447455,0.18765437509641034,0.21238969916241768,0.25000000000000017,0.17102288651982697,0.24115772337930355,-0.04231695656514042,0.04356920990297984,-0.013268356028835757,0.08272431548473891,-0.09588808734739307,0.23666791868679926,-0.23745359438685243,0.09522628090073194,-0.24052331095123675,0.10830504861716136,0.02760590232759835,-0.024918025125339412,0.0262216175934612,-0.02493261268108401,0.10437126745034603,-0.12483582900360159,-0.010712752280916636,-0.09454222703503964,-0.012755002132205543,-0.10447381281979644,-0.028021383974713585,0.031802220975347247,-0.026847589027716875,-0.01876679562624784,-0.08887265644988948,-0.0248743673793703,0.011179260650298834,-0.02491589903175186,0.012731934097755682,-0.0248563527725739,0.018824510902179993,-0.031497447357276956,-0.024726663942358198,0.02237156322099767,-0.024915850406079215,0.024836603079502837,-0.024915889990156048,0.024527945063505745,-0.02491587885205325,0.024854492324381673,0.014304350269882317,-0.002595645061855907,0.010391720102888271,0.008124601071230598,0.0009146334099564279,0.004630883994343319,0.00648785174239655,0.0010703434831977874,-0.003606033638126428,-0.005229800578949896
-0.08879158467436576,-0.04665701268716592,-0.03544135576734636,-0.03396224906656867,0.009020081691790196,0.1215065639880517,0.1347456851624057,0.17102288651982697,0.25,0.17546415129072332,0.025779509275277487,-0.027309274751668975,-0.07926236278742796,0.09631879391452094,-0.119958955994492,0.1748041443291153,-0.17561337421793116,0.022700555513376585,-0.18011137921142892,0.03864448309424058,0.10373199774956142,-0.10306868296049566,0.10304404988312375,-0.10307211920971482,0.11914301899566392,-0.1409311854194766,-0.08818936392598688,-0.02247839974765225,-0.09033754779008822,-0.03350656073804576,-0.10419090633209248,0.1035183001091528,-0.10367392764844777,-0.03586902537334909,-0.11331221394578778,-0.10302417718017172,0.08835766408295578,-0.10306797648862352,0.09010409218904851,-0.10300451232736467,0.0644350993362325,-0.10242805871712099,-0.06409072756829202,0.033816946648001944,-0.10306755308178508,0.10281172197739052,-0.10306792756397995,0.10146276901025297,-0.10306788135195621,0.1028137627604935,0.06284832425167347,-0.007376060485662171,0.013945767236961547,0.026618856982155638,0.010383814169428913,0.0227418804017943,0.028422770435458475,0.006055981383610296,-0.014031827352234752,-0.02169436874595366
-0.11711951436276409,-0.009007113677442714,0.0017933024096584396,0.0029843246291393313,0.06937414100058309,0.19219244455378118,0.20528836538626685,0.24115772337930355,0.17546415129072332,0.24999999999999997,-0.03715430305368762,0.03843192250239993,-0.017691068904354717,0.08713539685977288,-0.10033464179519523,0.24108857251261206,-0.24189998833852877,0.09476332571118945,-0.24496703479651014,0.10831323738295974,0.032034991083745704,-0.029364866746225387,0.0306486208375137,-0.02937945687665247,0.10812151392273661,-0.12928178627350764,-0.014688151738206456,-0.09408052788391232,-0.016798593803725722,-0.10437024890424194,-0.03246509993251348,0.0361559751489705,-0.031294065658674236,-0.020232627647270282,-0.0926295160759694,-0.029319820767658704,0.015154445661814165,-0.02936274436951844,0.016764999753488677,-0.029301171064101773,0.021541864254987567,-0.03580534407251592,-0.027374099143184914,0.023669354832441283,-0.029362676990007018,0.029272617960611123,-0.029362733165497517,0.028905530641918968,-0.02936272003356748,0.02929036884209283,0.01702994184354676,-0.0028678106719042286,0.010894125814747422,0.009266930450007569,0.0013852423059498417,0.005623197652610852,0.007722407796077035,0.0013395055496724922,-0.004208452816987022,-0.006166029655126651
-0.0206611962056309,-0.1015156397992973,-0.07884337792526536,-0.07271297799252964,-0.08129492280484672,-0.06570343238067734,-0.07035045008023758,-0.04231695656514042,0.025779509275277487,-0.03715430305368762,0.25,-0.24175395692874205,-0.10770051162979198,0.055069859340827094,-0.09816710757921689,-0.030926861427565407,0.030616988064569278,-0.10132250931854395,0.0347650458685057,-0.09413576445272942,0.15100511382083703,-0.1541123398892812,0.15225077712806345,-0.15410102938652512,0.05506841324154357,-0.06473248858228689,-0.14785487097617292,0.10066850374942565,-0.148770502587787,0.09518531014927128,-0.1512184166559352,0.1444255990713316,-0.15247424529024767,-0.04261177133659808,-0.0692390915602046,-0.15409553491323796,0.14743157766904885,-0.15411436303569342,0.14837542763908476,-0.15408612810228292,0.09093812548166119,-0.14288439923952378,-0.08350832341346892,0.0326497597261247,-0.15411366860256712,0.1537545443814459,-0.15411428532506266,0.15171390583437366,-0.15411421620450827,0.1537341704774127,0.09529499526767347,-0.00809754313258865,0.010977450585353453,0.03834887327359666,0.017764477790242473,0.03515995419459974,0.043184784505493866,0.0097316886335356,-0.020678823929476956,-0.032457712468636477
0.016649035333411607,0.10266338143939367,0.07783824241413617,0.07208247307045267,0.08342428610860206,0.06745780649008924,0.07167257893974105,0.04356920990297984,-0.027309274751668975,0.03843192250239993,-0.24175395692874205,0.25,0.11349985225394256,-0.058697706886509146,0.10227203625383374,0.03196365117944776,-0.031637412691794674,0.10537601950736705,-0.03488390615253914,0.09773837130597747,-0.15723213720579163,0.1604514218621669,-0.15852912122033122,0.16043982579051463,-0.057483937705794505,0.06756217719166113,0.1539231467209456,-0.10469705428130478,0.15487829857382915,-0.09897883820160043,0.1574549746592163,-0.1504012315011645,0.1587625447560763,0.04434592774748953,0.0722082703160146,0.16043387520476993,-0.15348311976697887,0.16045351700899335,-0.15446696957646114,0.16042406409418897,-0.0947065406098721,0.14879628546015067,0.0869404350196941,-0.0339821690954516,0.1604527939294135,-0.16007888145961227,0.16045343610720092,-0.1579543237671368,0.16045336414469472,-0.16005768625394406,-0.09921022282233564,0.008452516837761102,-0.0114330065402257,-0.03991910248409681,-0.01848910363182284,-0.03660292331757686,-0.044958553267352167,-0.0101322124775229,0.021527131090608925,0.033790945932701884
-0.0033256254746069952,0.06712059658236065,0.03760346302920169,0.04688569784325356,0.08274125419924468,0.024053604685421354,0.017992164630082467,-0.013268356028835757,-0.07926236278742796,-0.017691068904354717,-0.10770051162979198,0.11349985225394256,0.2500000000000001,-0.1772081607974868,0.1323675323623134,-0.018325918949868267,0.01912500609703457,0.10323323353262802,0.021975742223285123,0.0903390134357463,-0.1997351473211187,0.2028945350017809,-0.20062703348250202,0.20287989537458057,-0.10166682043810842,0.11952897549627117,0.19109057934818258,-0.10259571690541959,0.19280868893537262,-0.09290019581211095,0.20012214816333446,-0.19225203856101644,0.20108385720953859,0.057919384139496204,0.11484796696902429,0.20286134149974477,-0.19068995393856145,0.20289653799466162,-0.19229822611906422,0.20284450017999173,-0.12083287233135434,0.19019962922296252,0.11247086470609492,-0.04647412348120815,0.20289563446370454,-0.20241818004507514,0.20289643676544714,-0.19973632204696987,0.20289634575417828,-0.2023960183989357,-0.12519897571423277,0.011504253062246884,-0.016543641131063328,-0.05065423284904871,-0.022961281311786985,-0.04608431350975099,-0.05669601300124538,-0.01263631843263839,0.0273102898236485,0.04274463072833611
-0.03370576899061576,-0.020332305282594228,0.0228357638394326,0.006592234064958978,-0.014473828110503581,0.0448876357052831,0.05125588915613561,0.08272431548473891,0.09631879391452094,0.08713539685977288,0.055069859340827094,-0.058697706886509146,-0.1772081607974868,0.24999999999999994,-0.2037523244568384,0.0878009789727843,-0.0884675396089066,-0.03480731413242232,-0.08991413077010668,-0.021889899219878786,0.13313841554988404,-0.13530527749440532,0.1353180719826688,-0.13532245011132488,0.053600051824500214,-0.07121388579330341,-0.12341633567175378,0.034471940571793154,-0.12513389786917267,0.025604186044332733,-0.13345414530472258,0.1307453806902894,-0.13578231975369048,-0.062134472036798456,-0.06440056363840586,-0.13527114324765516,0.123152936270058,-0.1353062423403569,0.12482595464169363,-0.1352549171777999,0.07991329672160424,-0.1294842641772752,-0.0859144221804017,0.052657295394284556,-0.135305752321216,0.13496712730567134,-0.13530617419793495,0.13319835963474239,-0.13530611368801373,0.13497246595890822,0.08297067816022982,-0.00018470668971310483,0.017024695111905564,0.03951950254529451,0.013787161924995935,0.029607363729242338,0.03813600726743189,0.008700899708310431,-0.018326481652069425,-0.028437319687491885
0.06853034186434069,0.05998683341051612,0.021012681196012423,0.03557242587130184,0.032768426993302936,-0.04625961657148424,-0.05960948879147897,-0.09588808734739307,-0.119958955994492,-0.10033464179519523,-0.09816710757921689,0.10227203625383374,0.1323675323623134,-0.2037523244568384,0.25000000000000006,-0.10749678211933046,0.10816365776713717,0.05288405722121495,0.1036050439672153,0.03692349213128885,-0.1762992385820638,0.17902572780058326,-0.1788108621595298,0.17904329705625385,-0.07872425606702793,0.10086193395261062,0.16410053674753497,-0.05244216288259738,0.16625867350987197,-0.04116323014917625,0.17671374517735133,-0.17268544017056703,0.17939326502927408,0.07504813893313267,0.09185422006546695,0.17898288241614854,-0.16376982007937427,0.17902700268662644,-0.1658422029091567,0.17896240843442415,-0.10626113287096695,0.17097950708259446,0.11054384211591624,-0.06327848170420185,0.17902632027421983,-0.17858390703160212,0.1790269128545532,-0.17623815691984998,0.179026832745425,-0.1785853758630373,-0.10987991932507793,0.0027775462796752197,-0.02091193341830537,-0.050496145112044616,-0.018619921985029538,-0.039472400216463976,-0.050324573563043595,-0.011415926381545614,0.024201845286095095,0.0376324251468682
-0.11850956708298346,-0.012675614791115689,-0.0006240773066102393,-0.00019583728656848262,0.06454252467500177,0.1872101628714974,0.2004344396112676,0.23666791868679926,0.1748041443291153,0.24108857251261206,-0.030926861427565407,0.03196365117944776,-0.018325918949868267,0.0878009789727843,-0.10749678211933046,0.2500000000000001,-0.24871562350722728,0.08875843190195007,-0.24054555501933844,0.1024604115658762,0.0393027503989455,-0.03665535361689774,0.037930961457214155,-0.036669961718075274,0.11518277018046359,-0.13656999348142773,-0.021825439437942448,-0.08809153924159184,-0.023958970615816595,-0.09857280913211056,-0.03974736432398898,0.043151977628774166,-0.03858313501894263,-0.01941782900524271,-0.0996951562037302,-0.03660984584731096,0.02228629213037659,-0.03665325541517236,0.023903435735960887,-0.03659092258746135,0.0262573154856514,-0.04271152077610219,-0.030159168509498225,0.02276564339153257,-0.03665314181326795,0.03654803984685228,-0.03665324071844606,0.03608255300057144,-0.03665322430665565,0.03656289649060112,0.021539702053816088,-0.004386015896834455,0.010866440971468804,0.010350224199408967,0.002319441533538078,0.0073737775113718205,0.009693383414711109,0.0017611584220645884,-0.005154934885466124,-0.007691298513628701
0.11886509184213644,0.012942460588394968,0.0007428760194383323,0.00036710833748822356,-0.06448448087749463,-0.18770775679768273,-0.20100961739684514,-0.23745359438685243,-0.17561337421793116,-0.24189998833852877,0.030616988064569278,-0.031637412691794674,0.01912500609703457,-0.0884675396089066,0.10816365776713717,-0.24871562350722728,0.24999999999999997,-0.0886815506137089,0.24137431307198923,-0.10247203237694924,-0.04010159675151733,0.03746355330351794,-0.0387318536335132,0.037478132974023325,-0.11565225146248113,0.13716814055303223,0.022547117692725778,0.08801574896060778,0.02469314951196424,0.09856142489386137,0.04054856444479566,-0.04393370759187781,0.039387506843229274,0.019792462123177094,0.10019868575810661,0.037417795051866896,-0.02300715507074591,0.037461459574278794,-0.02463581586255481,0.03739875558699797,-0.026733276487402452,0.043485609096775645,0.030682560430601673,-0.023092612549616653,0.03746134307237017,-0.037354206450532876,0.037461444475947445,-0.036878166642998124,0.03746142770217276,-0.03736910699269727,-0.0220353985110869,0.0043898832417138475,-0.010976348204755857,-0.01058619724137843,-0.00240194743193789,-0.007551034822887078,-0.009920799623280546,-0.0018118050130808742,0.005265584193462555,0.007861862999572321
-0.03501050666161796,0.05607732227147269,0.04726470790656764,0.0519312571628491,0.08821271622316532,0.10029486454100221,0.09889485769311829,0.09522628090073194,0.022700555513376585,0.09476332571118945,-0.10132250931854395,0.10537601950736705,0.10323323353262802,-0.03480731413242232,0.05288405722121495,0.08875843190195007,-0.0886815506137089,0.2500000000000001,-0.09199321819404462,0.09593385525176432,-0.12057238676034956,0.12385439026145689,-0.12188702654948141,0.12383989130147649,-0.025703902398575635,0.023918496262866976,0.13867452749443887,-0.2489302427497342,0.13646181085456977,-0.09717760614775674,0.12063641306151926,-0.1136881323776185,0.12191619726769497,-0.0013832731807274928,0.04126873670604561,0.12389915891187842,-0.13797995438432376,0.12385664040414869,-0.13585051307057155,0.12391495670688588,-0.07572515549486081,0.11224924191869078,0.04847300206000964,0.008630515243635803,0.12385590892918875,-0.12359934386471258,0.12385657765726844,-0.12192807068306216,0.1238565220058705,-0.12355107918762276,-0.07710334139778185,0.017509934950485927,0.0019587975700849154,-0.022181813299052167,-0.016276495362704365,-0.029700112101792603,-0.03425917216554716,-0.007786377638258545,0.016065164977387685,0.025945140601124576
0.11720605498724596,0.011765011509338901,0.001212157908005697,-0.00037424305153350323,-0.06654197325759435,-0.19081508189753954,-0.20410033904974048,-0.24052331095123675,-0.18011137921142892,-0.24496703479651014,0.0347650458685057,-0.03488390615253914,0.021975742223285123,-0.08991413077010668,0.1036050439672153,-0.24054555501933844,0.24137431307198923,-0.09199321819404462,0.25000000000000006,-0.10802289884083488,-0.036779740852224393,0.034151716375013554,-0.03542529294754047,0.03416627956509223,-0.10991169219377049,0.131402871631207,0.01923635996890133,0.09132619111343498,0.02138133809916931,0.10180633151298289,0.037218500671078535,-0.04075429342337865,0.03607939071672531,0.021728093079399605,0.0947922474677854,0.034105980574756944,-0.019689969589313204,0.034149617394503506,-0.02133568786091227,0.03408698177988915,-0.024433612940442016,0.040356016415345614,0.030047674297051206,-0.02484333622749917,0.0341495292660784,-0.03404810086652838,0.034149603775110525,-0.0336178435907678,0.03414958850185067,-0.03406543335012293,-0.01997321694091125,0.0030989601841905317,-0.011288584335492425,-0.010494634163983541,-0.001906905951897937,-0.0066956719277437475,-0.009061066013122322,-0.0016471734421387287,0.004844153389596959,0.00716775487889761
-0.042979676589947634,0.048932756631147774,0.041871584299225544,0.046327283765327736,0.08531929221199665,0.10811849406529046,0.10812669919891099,0.10830504861716136,0.03864448309424058,0.10831323738295974,-0.09413576445272942,0.09773837130597747,0.0903390134357463,-0.021889899219878786,0.03692349213128885,0.1024604115658762,-0.10247203237694924,0.09593385525176432,-0.10802289884083488,0.2500000000000002,-0.1046179318879937,0.1078195606276982,-0.10591899178378805,0.10780505157486278,0.01173183822699733,0.009250211053051186,0.10595860518957026,-0.09541497909132485,0.1205614607951348,-0.24339072786015223,0.1045510079990169,-0.09544312979187193,0.105869649400219,0.004525308845633555,0.004028249380030789,0.10781444796818831,-0.10536951882051432,0.10782178754864652,-0.12019157915228,0.10788186146135016,-0.06296760718097923,0.09437709552338155,0.042786863717183765,0.004799204393113514,0.10782117618134254,-0.10759756912044306,0.10782173115440517,-0.10614260948603493,0.10782168276183654,-0.10755575545387758,-0.0674409156153784,0.010836450122511053,0.00245468925341065,-0.021367799889312235,-0.01437543485661508,-0.025821793653883277,-0.03020856321417878,-0.007085451050238129,0.01398261890012216,0.022593679150510932
-0.03346244830073883,-0.10812629709878023,-0.08369147796654273,-0.09086458201959986,-0.10123619022187204,-0.02175002068976583,-0.008477280670204503,0.02760590232759835,0.10373199774956142,0.032034991083745704,0.15100511382083703,-0.15723213720579163,-0.1997351473211187,0.13313841554988404,-0.1762992385820638,0.0393027503989455,-0.04010159675151733,-0.12057238676034956,-0.036779740852224393,-0.1046179318879937,0.24999999999999967,-0.24621227406259788,0.2436866428884597,-0.24619502121363068,0.12968726681042952,-0.15214210472372433,-0.23132977362161938,0.11984138834559453,-0.23349433844916936,0.10769578980603814,-0.24881517099317263,0.2395010763723079,-0.24433526265460004,-0.06888518931621887,-0.14553535839346513,-0.2461674108272206,0.23085391315157078,-0.2462117441438242,0.23287269598473623,-0.24614623921273238,0.15159852005328672,-0.23696221765195769,-0.13552699237152754,0.05491765533088218,-0.24621064046382032,0.24562825319294496,-0.24621162137997918,0.24237705642916896,-0.24621151123126864,0.24560439788009808,0.15108985397053198,-0.016626462548308463,0.020119284845658048,0.06077129582660089,0.026671798176609106,0.05520875015602972,0.06845066879106826,0.015587168869819111,-0.0325993521690087,-0.05145601679135723
0.032568650665694095,0.10963060249399316,0.08466039646879676,0.0921907736012076,0.10372511165622236,0.02463379505668064,0.01130676226226975,-0.024918025125339412,-0.10306868296049566,-0.029364866746225387,-0.1541123398892812,0.1604514218621669,0.2028945350017809,-0.13530527749440532,0.17902572780058326,-0.03665535361689774,0.03746355330351794,0.12385439026145689,0.034151716375013554,0.1078195606276982,-0.24621227406259788,0.24999999999999992,-0.24746591236856824,0.2499806807190357,-0.12748762525399285,0.15003228088488915,0.23505582657848365,-0.12309307779443472,0.23722906916904804,-0.11089540305070643,0.24670152492227582,-0.23735982412281012,0.24804433339776363,0.07184031079250633,0.14339422322034215,0.24995294177989127,-0.23457607789291826,0.2499974604994689,-0.23660139592994825,0.24993169388278014,-0.14917245480333846,0.23482951092010085,0.13893681378723885,-0.05784784234470031,0.24999634965732928,-0.24940720290525586,0.24999733585577863,-0.24610363041959035,0.24999722373142796,-0.24938075163095752,-0.15419704716442945,0.014236404908898898,-0.020664957507895522,-0.062492999327719165,-0.028179195097300644,-0.056716028538636776,-0.06983453794564878,-0.015569890484136357,0.03363627111139096,0.05264953619968505
-0.03309265195275254,-0.10831891960910604,-0.08335100888323438,-0.09089559155382518,-0.10199422501016911,-0.023110433740326314,-0.009842791687193797,0.0262216175934612,0.10304404988312375,0.0306486208375137,0.15225077712806345,-0.15852912122033122,-0.20062703348250202,0.1353180719826688,-0.1788108621595298,0.037930961457214155,-0.0387318536335132,-0.12188702654948141,-0.03542529294754047,-0.10591899178378805,0.2436866428884597,-0.24746591236856824,0.24999999999999972,-0.2474505070429526,0.12506324629398988,-0.14750975402613795,-0.23259228823830985,0.12113691759954912,-0.2347558408237199,0.10899884845222818,-0.2441989631975787,0.23858553038673508,-0.24923949442014715,-0.06976480700209567,-0.14096813681790255,-0.24742294532901254,0.23211434488487134,-0.24746726212479983,0.23413215546349234,-0.2474017823433581,0.15063910788290302,-0.2360611293341433,-0.13668009257060962,0.055798814543262125,-0.24746615577938375,0.2468816439822196,-0.24746713873420007,0.2436129588976424,-0.247467027926938,0.2468568105304056,0.15213882768111603,-0.01578816880382769,0.02031250494256448,0.06135714722075939,0.02718879324993056,0.05572003041414961,0.06891432985783807,0.015576537045590148,-0.032949445901538386,-0.05185339817492053
0.032576253422171346,0.10961986880622014,0.08464610905644525,0.0921783533860241,0.10371015177881308,0.024619253638945755,0.011292206784889524,-0.02493261268108401,-0.10307211920971482,-0.02937945687665247,-0.15410102938652512,0.16043982579051463,0.20287989537458057,-0.13532245011132488,0.17904329705625385,-0.036669961718075274,0.037478132974023325,0.12383989130147649,0.03416627956509223,0.10780505157486278,-0.24619502121363068,0.2499806807190357,-0.2474505070429526,0.25000000000000006,-0.1275033166805126,0.15004742221427564,0.23504139417668832,-0.12307874446531827,0.23721463767360063,-0.11088104903926163,0.24668426525651452,-0.23734228335020435,0.24802890284921775,0.07182777520882289,0.14340776625144463,0.24993851787806903,-0.2345617981288703,0.24998303661458168,-0.23658699643877754,0.24991727013182383,-0.14916153367109836,0.234812078263553,0.13892652242728437,-0.05783842788399623,0.2499819257984365,-0.24939282068639274,0.24998291197923625,-0.24608943131106248,0.24998279986104996,-0.24936636331941395,-0.1541887774976521,0.014237865988287432,-0.020662697076503252,-0.062487360121349284,-0.028178777521174897,-0.056713620618188576,-0.06983047388787463,-0.015568534632364678,0.03363473922761046,0.05264683976245396
-0.05715894291852666,-0.06308705165456242,-0.05756025432834912,-0.052814886925339456,-0.02785959887017272,0.06252326717481502,0.07372693189203001,0.10437126745034603,0.11914301899566392,0.10812151392273661,0.05506841324154357,-0.057483937705794505,-0.10166682043810842,0.053600051824500214,-0.07872425606702793,0.11518277018046359,-0.11565225146248113,-0.025703902398575635,-0.10991169219377049,0.01173183822699733,0.12968726681042952,-0.12748762525399285,0.12506324629398988,-0.1275033166805126,0.24999999999999997,-0.22735357340986323,-0.11270844583937423,0.02593294735171422,-0.11474226031426409,-0.010220830145050234,-0.13019380115450196,0.1254725335919139,-0.1256639069456464,0.024520714387831613,-0.23361522687811126,-0.12744272835645915,0.1132258697031089,-0.12748678431456018,0.114379526912235,-0.12742244654953222,0.08463687002170264,-0.1237545810468881,-0.05142214085397381,-0.017371721647409362,-0.12748593604776426,0.12722096469087685,-0.1274867283439606,0.12550274638983494,-0.127486670616817,0.12717236304963966,0.07868225846331894,-0.03453465203148982,0.003692721125895651,0.015495288032348072,0.01645026692348957,0.031067006274750546,0.03373536154550578,0.00624211247908113,-0.01715768842855293,-0.027030179354556046
0.06874991403881808,0.0726884516354751,0.06431826682356816,0.06009079330433368,0.030992426878114272,-0.07521948503593678,-0.08850617782209694,-0.12483582900360159,-0.1409311854194766,-0.12928178627350764,-0.06473248858228689,0.06756217719166113,0.11952897549627117,-0.07121388579330341,0.10086193395261062,-0.13656999348142773,0.13716814055303223,0.023918496262866976,0.131402871631207,0.009250211053051186,-0.15214210472372433,0.15003228088488915,-0.14750975402613795,0.15004742221427564,-0.22735357340986323,0.25,0.13510037756056342,-0.024216028959403314,0.1372630776875175,-0.011958203980176373,0.15273789713618402,-0.14754745834227295,0.14820271411013108,-0.0023298898091039123,0.211950722834301,0.14998712217935684,-0.13545365775841275,0.15003147373783632,-0.13685315426980493,0.14996678083963044,-0.09722071243798514,0.14570006612911057,0.0692827825304181,-0.0002575869343746089,0.15003059806696392,-0.14970174884483692,0.15003140483368424,-0.14769592728026038,0.15003133719769432,-0.1496614290618754,-0.09233089703559111,0.029608901066581587,-0.007787586749890756,-0.02520839229047336,-0.01810006096865547,-0.035429418770513636,-0.04040205015847409,-0.008098569367621045,0.02008755293865635,0.03164067002330057
0.024576777166880618,0.10328632359226846,0.08022743798616627,0.08741954498998196,0.10187904476661369,0.03357512887681115,0.02165948165534465,-0.010712752280916636,-0.08818936392598688,-0.014688151738206456,-0.14785487097617292,0.1539231467209456,0.19109057934818258,-0.12341633567175378,0.16410053674753497,-0.021825439437942448,0.022547117692725778,0.13867452749443887,0.01923635996890133,0.10595860518957026,-0.23132977362161938,0.23505582657848365,-0.23259228823830985,0.23504139417668832,-0.11270844583937423,0.13510037756056342,0.25,-0.1380345337560423,0.22242341748106526,-0.1089761515312254,0.2317594923166511,-0.22241888112130948,0.23310409134183593,0.05823239513515222,0.1285990805170918,0.23510030976012708,-0.24913647418144247,0.2350581701781003,-0.22167406736002337,0.2349924786043641,-0.14067928038453215,0.21995559975661777,0.12600972961188334,-0.045425994709581904,0.2350570808343452,-0.23451154192946683,0.23505805298125812,-0.23139722120805564,0.23505794750171702,-0.23447831891129534,-0.1451825555314947,0.016228598361157524,-0.016876167543832223,-0.056487342581501475,-0.027059249236390966,-0.05374964477899148,-0.06555393850422526,-0.014589269269679956,0.0315206083325156,0.04948199568317434
0.034758654226388935,-0.05576100479801761,-0.047035189995395396,-0.05164423307786046,-0.08765828465020457,-0.09959746247792248,-0.09820135061143243,-0.09454222703503964,-0.02247839974765225,-0.09408052788391232,0.10066850374942565,-0.10469705428130478,-0.10259571690541959,0.034471940571793154,-0.05244216288259738,-0.08809153924159184,0.08801574896060778,-0.2489302427497342,0.09132619111343498,-0.09541497909132485,0.11984138834559453,-0.12309307779443472,0.12113691759954912,-0.12307874446531827,0.02593294735171422,-0.024216028959403314,-0.1380345337560423,0.2500000000000001,-0.13584831255130606,0.09664508895140281,-0.11990593652624738,0.11299734535567829,-0.12116588020553608,0.0019018116117593964,-0.04133550455962483,-0.12313817686579676,0.1373427666214321,-0.1230953086453554,0.13523853808716835,-0.12315435350242525,0.07532577498694626,-0.11156417647555798,-0.047937997627264,-0.009052983034303498,-0.1230945791507246,0.12283999396271521,-0.12309524630436071,0.12117860453613906,-0.1230951909931521,0.12279162583706975,0.076631604952247,-0.01759626054370201,-0.002069340951467324,0.02191244682327932,0.016198370699370884,0.029535760866977144,0.034037860286141045,0.007733904566429847,-0.015959574382957673,-0.025783657987302463
0.025727464312784363,0.10421062679208262,0.0808756574709305,0.08811634606060482,0.102156687394018,0.03229424515199095,0.0201744666824982,-0.012755002132205543,-0.09033754779008822,-0.016798593803725722,-0.148770502587787,0.15487829857382915,0.19280868893537262,-0.12513389786917267,0.16625867350987197,-0.023958970615816595,0.02469314951196424,0.13646181085456977,0.02138133809916931,0.1205614607951348,-0.23349433844916936,0.23722906916904804,-0.2347558408237199,0.23721463767360063,-0.11474226031426409,0.1372630776875175,0.22242341748106526,-0.13584831255130606,0.25,-0.12366359624798137,0.23393265932616375,-0.22459006149373764,0.23527730517354095,0.05920911080926313,0.13066401389057136,0.2371873222961606,-0.22194653984635346,0.23723141462216274,-0.24916098155701444,0.2372891333703058,-0.14251830666817883,0.22221280989842584,0.12759248409573695,-0.04660249745530811,0.23723031748876341,-0.23667897995455317,0.2372312963950838,-0.2335365142190033,0.2372311899560444,-0.236646190164391,-0.14632278221620748,0.01635729481716217,-0.017080446882314006,-0.05719067283648106,-0.02722146282062265,-0.054177679351603864,-0.06616779938825905,-0.014772021100333448,0.03177433843733961,0.04992058034843148
0.040462557724814094,-0.050486129088655636,-0.04318829032992789,-0.04756469172589798,-0.08553577970966872,-0.1055337578529921,-0.10520856814341403,-0.10447381281979644,-0.03350656073804576,-0.10437024890424194,0.09518531014927128,-0.09897883820160043,-0.09290019581211095,0.025604186044332733,-0.04116323014917625,-0.09857280913211056,0.09856142489386137,-0.09717760614775674,0.10180633151298289,-0.24339072786015223,0.10769578980603814,-0.11089540305070643,0.10899884845222818,-0.11088104903926163,-0.010220830145050234,-0.011958203980176373,-0.1089761515312254,0.09664508895140281,-0.12366359624798137,0.25000000000000006,-0.10763559575180534,0.09838417677389172,-0.10896425932933203,-0.00521261212686417,-0.005548700259262199,-0.1108901671552033,0.10838950082057815,-0.11089761808341728,0.12328601532168182,-0.11095777313242017,0.06484652029118394,-0.09728936672594603,-0.04439591967797365,-0.004290412952555989,-0.11089699212344381,0.11066627792131,-0.11089756014574347,0.10917053618707002,-0.11089751037690636,0.11062399845498544,0.0693330351809352,-0.011076679320990514,-0.0022553845404050684,0.02209550518975528,0.01471919885992815,0.026518658622483874,0.031063368369286123,0.007281209637904801,-0.014386791476476002,-0.023234903701483373
0.03369699237409731,0.10834616712702194,0.0838639161714046,0.09103870007127896,0.1013221703958936,0.02149790912940893,0.008181350035150484,-0.028021383974713585,-0.10419090633209248,-0.03246509993251348,-0.1512184166559352,0.1574549746592163,0.20012214816333446,-0.13345414530472258,0.17671374517735133,-0.03974736432398898,0.04054856444479566,0.12063641306151926,0.037218500671078535,0.1045510079990169,-0.24881517099317263,0.24670152492227582,-0.2441989631975787,0.24668426525651452,-0.13019380115450196,0.15273789713618402,0.2317594923166511,-0.11990593652624738,0.23393265932616375,-0.10763559575180534,0.24999999999999978,-0.2406544457416323,0.2448524614495889,0.06921722750747346,0.1459452606850838,0.2466564866330526,-0.23128270631759537,0.24670099535543283,-0.2333096660454718,0.24663523293632553,-0.152425565991625,0.23807654138078144,0.13566648876055512,-0.055170227135996834,0.24669988985174207,-0.246116038603535,0.2467008723432127,-0.24285869468040164,0.2467007619916839,-0.24609244331855853,-0.15132397950164667,0.016841681786395415,-0.020091325777472354,-0.06082751067382608,-0.026657328280644866,-0.055274280817705385,-0.06856754936885665,-0.015639871089096223,0.03263298687137027,0.051544075102138175
-0.03483333996706592,-0.10399051243944152,-0.08008075617430643,-0.08704302807306669,-0.09568151421179244,-0.016718628377913224,-0.0036719275440551965,0.031802220975347247,0.1035183001091528,0.0361559751489705,0.1444255990713316,-0.1504012315011645,-0.19225203856101644,0.1307453806902894,-0.17268544017056703,0.043151977628774166,-0.04393370759187781,-0.1136881323776185,-0.04075429342337865,-0.09544312979187193,0.2395010763723079,-0.23735982412281012,0.23858553038673508,-0.23734228335020435,0.1254725335919139,-0.14754745834227295,-0.22241888112130948,0.11299734535567829,-0.22459006149373764,0.09838417677389172,-0.2406544457416323,0.2499999999999998,-0.2393094488107992,-0.06523211512667765,-0.14053771462631923,-0.23731380085192874,0.2219488395181709,-0.23735827613336358,0.22398260867130987,-0.23729254633391933,0.16160032664638133,-0.24723164132718511,-0.12641547843616407,0.0507023753244113,-0.23735719782629583,0.23678803782253816,-0.23735815768945814,0.23366189606131887,-0.2373580522224145,0.2367728266458056,0.14337923845571743,-0.02325921132586408,0.01799044578808211,0.056273183874311766,0.022852675706499126,0.05146114181111217,0.06513829131643306,0.015781412623554987,-0.030038501430001474,-0.04868252941290921
