x1,x2,x3,x4,x5,x6,x7,x8,x9,x10,x11,x12,x13,x14,x15,x16,x17,x18,x19,x20,x21,x22,x23,x24,x25,x26,x27,x28,x29,x30,x31,x32,x33,x34,x35,x36,x37,x38,x39,x40,x41,x42,x43,x44,x45,x46,x47,x48,x49,x50,x51,x52,x53,x54,x55,x56,x57,x58,x59,x60
0.25,0.24955447953827503,0.24886123709430807,0.2499000031063818,0.24965525905421515,0.24986879669443926,0.24992274605213746,0.24988435266024273,0.2498514202613453,0.2499304540272479,0.24965241595342064,0.24477812741641825,0.241869241106095,0.2400610835663797,0.24299767282380402,0.23959201414785794,0.2454580447901529,0.23803982177855756,0.24507267923800705,0.2498101021361098,0.24989409117917027,0.24186643035295827,0.24092837495384767,0.24283410873895084,0.24482798652669052,0.23892643352385243,0.24749440463910297,0.23630376930864766,0.24781004720589156,0.24922372143207666,0.24990272796581972,0.23899349977229306,0.2447931457231106,0.24104924483798568,0.24087668399735968,0.2440260939506788,0.24182523105639803,0.2440945559415376,0.2430155496508587,0.24936374510338016,0.24983286544094496,0.2472109423697652,0.23902092829519098,0.24443219388465381,0.24222375255125225,0.2384223185788283,0.2438372750614288,0.23820138824735895,0.24484090328713132,0.24986985217082885,0.2498927718713482,0.2496029233354919,0.24909139510157496,0.24992644668723207,0.2496829267333065,0.24990191134251036,0.2499388131241597,0.24989803379885994,0.24990876731382597,0.2499322468733044
0.24955447953827503,0.25000000000000006,0.2485312716995113,0.24957033316021532,0.24932591837062215,0.24953916567716028,0.24959304886930336,0.24955470304139965,0.24952181498639525,0.2496007436315285,0.24932306375541508,0.24445457951909796,0.2415497708896705,0.23974418471284714,0.24267719550587785,0.2392758007389064,0.24513427118525166,0.23772576582111446,0.24474943066561392,0.24948055007594286,0.24956442832209044,0.24154729206015063,0.24061045194285102,0.2425136360174564,0.24450498218615058,0.23861116005742602,0.24716791626573695,0.23599198480389968,0.24748313344520573,0.24889494337202972,0.24957305411662675,0.23867821926799948,0.24447021125577897,0.24073124639811846,0.24055894303335643,0.24370416947223641,0.24150621986884574,0.24377254246619515,0.24269496307893776,0.2490347822486245,0.249503283815551,0.24688481683955762,0.2387056101457706,0.2441097330319666,0.2419042083676214,0.23810778500952723,0.24351560214110782,0.23788714832326627,0.244517906705376,0.24954022175737722,0.24956311120880037,0.249273645032373,0.2487627915096023,0.24959674160053308,0.24935354284399286,0.24957223862304956,0.24960909172355245,0.2495683661946847,0.2495790855474838,0.24960253413495156
0.24886123709430807,0.2485312716995113,0.25000000000000006,0.24887691768742026,0.24863264250574366,0.24884600354420314,0.24889986007623607,0.2488614702534471,0.2488285303006113,0.24890737898663579,0.2486294549898111,0.24393238116963825,0.24084840497213,0.23908043859659092,0.24198379491932648,0.2386039275114,0.24444531199656022,0.23705704291428117,0.24406876632897678,0.2487874841680404,0.24887116284180272,0.240841983115953,0.23992822744594197,0.24182660945144757,0.24382490686989558,0.23793798994952323,0.24648171457081686,0.23532336305957793,0.2467952948902238,0.2482034920346806,0.24887975837788837,0.23801473655155791,0.2437894004090034,0.24006134399542647,0.23989060767073148,0.2430267261379776,0.24083506091231852,0.24309511405266027,0.24202075899291586,0.24834296431600122,0.24881018172828073,0.24619903430347512,0.23804237176010404,0.24343162642136476,0.24123212851255477,0.23744635821764615,0.2428391000424167,0.2372262911408903,0.24383865120089274,0.2488470182079189,0.24886984478064383,0.24858118173744082,0.2480717343854129,0.2489033817561428,0.24866084572943428,0.24887894684566922,0.24891569757124055,0.24887508517465787,0.2488857750765861,0.24890915819914713
0.2499000031063818,0.24957033316021532,0.24887691768742026,0.2500000000000001,0.24967112021395052,0.2498846697185829,0.2499386233989583,0.24990022696870284,0.2498672926765199,0.24994633127203966,0.2496682748175875,0.24479356375503755,0.24188457275381628,0.24007630173549283,0.24301313303744101,0.23960721638071428,0.24547364718683876,0.23805494239805314,0.24508825655378388,0.24982597168159112,0.24990996604826404,0.2418818121542864,0.2409436722847504,0.24284952208830882,0.24484353611322973,0.23894160344451307,0.24751012834826985,0.23631877821894656,0.24782578978645312,0.24923955379782847,0.2499186034473059,0.23900868265559042,0.24480869712801576,0.2410645576533368,0.24089199014721682,0.24404159577428444,0.24184059454659618,0.24411006225282608,0.24303098787742647,0.2493795863453122,0.2498487364937469,0.24722664641740477,0.23903611258993412,0.24444772124837869,0.24223914016496062,0.23843746400191224,0.24385276513288318,0.23821651998807603,0.244856457156837,0.24988572557370042,0.24990864672794907,0.24961877977756292,0.2491072190365406,0.24994232368307237,0.24969878825468583,0.2499177867797025,0.2499546909055988,0.24991390898972424,0.24992464318607419,0.24994812423761154
0.24965525905421515,0.24932591837062215,0.24863264250574366,0.24967112021395052,0.2500000000000001,0.24963987842170032,0.24969387101021057,0.24965548667143836,0.249622588530398,0.2497015419742425,0.2494237214216732,0.24455204544126186,0.24165528658213897,0.23983755763160924,0.24276741136158486,0.23936985995854726,0.24523400642509055,0.2378209359970639,0.24484897012580778,0.2495812944681897,0.24966520726431324,0.2416417689886782,0.2407059553537723,0.24260908351012378,0.24460335874412756,0.23870699920041266,0.24726776056152713,0.23608671254431762,0.24758298692719438,0.24899545124501277,0.24967384054162614,0.2387746334232488,0.24456865367819738,0.24082841077355532,0.24065639737776237,0.24380249705905055,0.24160381223243835,0.24387095048625942,0.242793012784226,0.24913534774570137,0.24960404235587336,0.24698447260558176,0.23880200608826307,0.24420824779110464,0.2420018886382026,0.2382038960421558,0.24361393422126784,0.2379831846687387,0.24461664864789323,0.24964099550408983,0.2496638942099058,0.2493743108894637,0.24886324818647915,0.2496975381835194,0.24945423866004326,0.24967302531078542,0.24970989329394194,0.24966915131857392,0.24967987503636035,0.24970333305715153
0.24986879669443926,0.24953916567716028,0.24884600354420314,0.2498846697185829,0.24963987842170032,0.25,0.24990741132595842,0.24986902048208068,0.24983609015078775,0.2499151190720601,0.24963710294341132,0.24476317349533475,0.24185464897205303,0.240046461528789,0.2429828956854476,0.23957740569814434,0.24544298379008625,0.23802526203547655,0.24505762439708478,0.24979477474783537,0.2498787585669232,0.24185174561012032,0.24091365978455515,0.24281930608076963,0.24481297913383412,0.2389118082944762,0.24747921835912196,0.23628930756150293,0.24779484425801293,0.2492084299342844,0.24988739473826974,0.23897883666536093,0.24477813087419412,0.24103445856805894,0.2408618973603664,0.2440111235600642,0.2418103917947489,0.24407958027827797,0.24300063815525716,0.2493484449909434,0.24981753648588376,0.24719577497392806,0.23900626285448068,0.24441719735389136,0.24220889074562854,0.23840769071754692,0.2438223141768926,0.23818677354146017,0.24482588069997072,0.2498545209420841,0.24987743923662903,0.2495876084898328,0.24907611169749028,0.24991111198632254,0.2496676070218726,0.24988657814701276,0.2499234776644853,0.2498827008412767,0.24989343369715636,0.2499169118165143
0.24992274605213746,0.24959304886930336,0.24889986007623607,0.2499386233989583,0.24969387101021057,0.24990741132595842,0.25000000000000006,0.24992296988863932,0.24989003301647653,0.2499690784190049,0.24969100051510984,0.24481574397948166,0.2419066526055712,0.24009815868257356,0.24303554709538555,0.23962905270742355,0.2454960092149599,0.23807663004444507,0.24511056339362197,0.2498487079995368,0.2499327099297616,0.24190404982236774,0.24096564338088658,0.24287167549129904,0.24486582047532046,0.23896337952999974,0.2475326527390826,0.23634032270471286,0.24784834541252365,0.2492622367934031,0.24994134809170312,0.23903043472584207,0.24483098506075113,0.24108649903071855,0.24091391251137578,0.24406380704992825,0.24186260459098866,0.2441322789592506,0.24305310560851046,0.2494022820174431,0.24987147478069943,0.24724914639452,0.2390578671967261,0.24446996852361544,0.2422611862035367,0.23845916414018473,0.24387495789952418,0.23823820000462076,0.24487874114525185,0.2499084672215529,0.2499313904603634,0.24964149713410025,0.2491298898912134,0.24996507048034644,0.24972151293935885,0.24994053134391844,0.24997743882839235,0.24993665320102945,0.2499473883733036,0.2499708715627843
0.24988435266024273,0.24955470304139965,0.2488614702534471,0.24990022696870284,0.24965548667143836,0.24986902048208068,0.24992296988863932,0.25000000000000006,0.24985164405097465,0.24993067793097257,0.24965263989145456,0.2447783795144521,0.24186944400935784,0.24006131117375,0.24299794646278192,0.23959223755024064,0.24545826213922659,0.2380400361122165,0.24507289606196647,0.24981032596112832,0.24989431508024637,0.24186666048733826,0.24092859656516327,0.2428343357958463,0.24482820678998804,0.23892665175153133,0.24749462586064624,0.2363039838937016,0.24781026941738607,0.24922394472062542,0.24990295184687705,0.23899371359548777,0.24479336613229913,0.24104946088975754,0.24087689822504907,0.2440263128522339,0.2418254473627786,0.24409477473582775,0.24301576723960125,0.249363968515892,0.24983308925689524,0.24721116408617733,0.23902114242571051,0.24443241320670306,0.24222396959954176,0.23842253250822185,0.2438374935627871,0.23820160185185346,0.24484112265816993,0.24987007601882064,0.24989299574047705,0.24960314694611052,0.24909161826602041,0.2499266705865295,0.24968315042363,0.24990213521982751,0.24993903703453585,0.24989825767270354,0.24990899119730858,0.24993247077779812
0.2498514202613453,0.24952181498639525,0.2488285303006113,0.2498672926765199,0.249622588530398,0.24983609015078775,0.24989003301647653,0.24985164405097465,0.25000000000000017,0.2498977394514257,0.24961973691154865,0.24474648456629655,0.2418373164619249,0.2400296682561219,0.24296607782174384,0.23956063636235145,0.2454258897268073,0.23800861852532526,0.24504058807994306,0.2497774034452262,0.24986138159060092,0.24183470895754416,0.2408968210467704,0.2428023035413173,0.2447959343747868,0.23889517654993275,0.24746200281151287,0.23627283152665476,0.247777609135929,0.24919109937202064,0.24987001700991512,0.23896221290072192,0.24476110598186152,0.2410176899876009,0.24084514401749232,0.24399415224369114,0.2417935749158448,0.24406260509260838,0.24298373999534872,0.24933110475838183,0.2498001636082756,0.24717858562646108,0.23898964145891013,0.24440020143370597,0.24219204692417484,0.2383911132909072,0.2438053584515352,0.2381702106700111,0.24480885512522435,0.2498371454927542,0.249860062202468,0.24957025161233862,0.24905879038501932,0.24989373261053022,0.249650244554371,0.2498692004773555,0.24990609742875497,0.24986532344125745,0.2498760555531245,0.24989953203738768
0.2499304540272479,0.2496007436315285,0.24890737898663579,0.24994633127203966,0.2497015419742425,0.2499151190720601,0.2499690784190049,0.24993067793097257,0.2498977394514257,0.2500000000000001,0.24969869822823326,0.24482351327154733,0.24191407896943368,0.2401055885460941,0.24304272162967405,0.23963643155422618,0.2455035489716779,0.23808395078875955,0.2451181121609014,0.24985641364346148,0.24994041825837232,0.2419112677536268,0.2409730398108122,0.24287912696056163,0.24487337444570872,0.23897072761369276,0.2475402867632892,0.23634757681667454,0.2478559879119436,0.24926992422913222,0.24994905664256356,0.23903780597577706,0.24483852713285545,0.241093932169031,0.24092133917467037,0.24407133318027424,0.24187006221960827,0.2441398078608801,0.24306060152763745,0.24940997386005387,0.24987918116566846,0.2472567720510523,0.23906523962375328,0.24447750843076022,0.24226865764899874,0.23846651898212273,0.24388247928843318,0.23824554767366585,0.2448862935713552,0.24991617475237748,0.24993909870205155,0.24964919643216585,0.24913757336819295,0.24997277976080362,0.24972921466161893,0.24994823986755202,0.249985148490306,0.24994436160505615,0.24995509710990646,0.24997858102215428
0.24965241595342064,0.24932306375541508,0.2486294549898111,0.2496682748175875,0.2494237214216732,0.24963710294341132,0.24969100051510984,0.24965263989145456,0.24961973691154865,0.24969869822823326,0.25000000000000006,0.24455237834036508,0.2416394516989652,0.23983703405512877,0.24277346179380752,0.2393687436501948,0.24523038663321708,0.2378186444033445,0.2448459076963595,0.24957845207275425,0.24966236517414575,0.24163921679021066,0.2407032453070717,0.24260724238283807,0.24460079080477404,0.23870335579905222,0.24726504700045157,0.23608319760404975,0.24758023825136316,0.24899261736841735,0.24967099731727513,0.23877188003628144,0.24456601345981444,0.24082561134718014,0.24065353139584136,0.24379976155608918,0.24160101455543406,0.24386818277525787,0.24279020856017505,0.2491325124233168,0.24960120008282768,0.24698168664160425,0.23879928029150807,0.24420550441954306,0.24199913108677493,0.23820119052577846,0.24361115970235972,0.23798048026370391,0.2446138628335711,0.24963815264849254,0.24966105101142533,0.24937147107250704,0.2488604153301332,0.24969469460122293,0.2494513990705906,0.24967018200767857,0.24970704957097115,0.2496663080595761,0.2496770316190798,0.2497004894088849
0.24477812741641825,0.24445457951909796,0.24393238116963825,0.24479356375503755,0.24455204544126186,0.24476317349533475,0.24481574397948166,0.2447783795144521,0.24474648456629655,0.24482351327154733,0.24455237834036508,0.25000000000000017,0.23677682203055114,0.23504727538985215,0.23813567246544726,0.23455621995356257,0.24060262853816508,0.2330709655931581,0.24016323951533994,0.24470573535789436,0.24478797654878748,0.23679032131902467,0.2359710288187849,0.23784326178132686,0.23982010160319173,0.23407649510631992,0.2424354050792539,0.23146919120349652,0.2427452489107705,0.24413122194685255,0.2447963471907102,0.234110694484682,0.23978990330194935,0.23612428086682433,0.23595560386063363,0.23904011502270084,0.2368845557608958,0.2391067648641619,0.23805022624376632,0.2442684062519236,0.24472791356850768,0.24215940089943155,0.23413710965637918,0.23943786229020184,0.23727439295914773,0.23355071265579758,0.2388549117185933,0.2333343090714645,0.23983797458793965,0.2447641425472703,0.24478659388465127,0.24450266941317686,0.24400161041056737,0.24481958060305148,0.24458105186853688,0.2447955466008467,0.24483169435094132,0.24479174828898032,0.24480226226365898,0.24482526227134144
0.241869241106095,0.2415497708896705,0.24084840497213,0.24188457275381628,0.24165528658213897,0.24185464897205303,0.2419066526055712,0.24186944400935784,0.2418373164619249,0.24191407896943368,0.2416394516989652,0.23677682203055114,0.2500000000000001,0.23208997536858209,0.23521131308147555,0.23206940182401686,0.23755403108862266,0.23051290670182073,0.2371753268238866,0.24179761441486378,0.2418788629973493,0.23429156297221757,0.23325595284790218,0.2351344845417356,0.23698802400444352,0.23125701352646305,0.23955856779226542,0.22874313422921375,0.23986401044507621,0.24123006720289564,0.24188724995387814,0.2313282761680484,0.23694690518329706,0.23331949776339347,0.2331476103579004,0.23620050289616018,0.2340675732690932,0.2362661915985564,0.23522003070198133,0.24136557125601155,0.24181962597420245,0.23928214346567245,0.23135445488367842,0.2365924894769945,0.23445463396838948,0.23077506872369186,0.2360163452466186,0.2305611537151951,0.23698776764260118,0.24185542440227203,0.24187760697135127,0.24159705678863475,0.24110195879236365,0.2419102016724106,0.24167451749058105,0.24188645328533143,0.24192217146364067,0.24188270011140245,0.24189308859491154,0.24191581582136937
0.2400610835663797,0.23974418471284714,0.23908043859659092,0.24007630173549283,0.23983755763160924,0.240046461528789,0.24009815868257356,0.24006131117375,0.2400296682561219,0.2401055885460941,0.23983703405512877,0.23504727538985215,0.23208997536858209,0.2500000000000001,0.23318335982270788,0.22987836861963482,0.23595403659240446,0.228464487640662,0.23554343281097495,0.23998968307531843,0.24007049397693922,0.23259836624522068,0.23126981336867036,0.23301038636300195,0.23510953422094702,0.2296032243690022,0.23774992047102206,0.22703705983104855,0.23805785840977337,0.23942681073210334,0.24007889429192483,0.22959279473478603,0.2351741399112104,0.23156384500731442,0.2314427035603917,0.23442392172161453,0.2323316682249934,0.23449432311255478,0.2334700060981256,0.23956120968508168,0.24001181649455866,0.23749163521574201,0.22962600655444054,0.23482127069752445,0.23270206577152674,0.22905067856675826,0.23425230987455037,0.22883860986700125,0.23521629627363816,0.24004735401829733,0.24006938679342843,0.2397909288266811,0.23929944052659696,0.24010173792405562,0.23986769899245114,0.24007816706868174,0.2401136182287473,0.24007444195499456,0.24008475803601967,0.24010731010004008
0.24299767282380402,0.24267719550587785,0.24198379491932648,0.24301313303744101,0.24276741136158486,0.2429828956854476,0.24303554709538555,0.24299794646278192,0.24296607782174384,0.24304272162967405,0.24277346179380752,0.23813567246544726,0.23521131308147555,0.23318335982270788,0.25000000000000017,0.23270418826374606,0.23872450201184783,0.2315063268979636,0.23832325673682112,0.2429256701111095,0.24300742489062294,0.23508548853867386,0.23425932248262396,0.2362187148574402,0.23808051464339794,0.23234567044328933,0.24066867032797973,0.22979786367909721,0.24097812398832263,0.242355351003754,0.24301574962411202,0.23240608485435232,0.23804811646647328,0.23440834269848607,0.2342343650895448,0.2373001652372082,0.2351603721712051,0.23736754414043326,0.23631854792701995,0.24249156092290672,0.24294781714040817,0.24039731486363689,0.23243398520673575,0.23769432359350018,0.23554838546258902,0.23185063038062406,0.23711735393090413,0.23163625669498622,0.2380933746028997,0.24298378952432156,0.24300607769560298,0.24272421321098614,0.2422267378797224,0.2430388244910298,0.24280197471243062,0.24301496530562744,0.24305085012563132,0.24301119462140344,0.24302163290064605,0.2430444648316354
0.23959201414785794,0.2392758007389064,0.2386039275114,0.23960721638071428,0.23936985995854726,0.23957740569814434,0.23962905270742355,0.23959223755024064,0.23956063636235145,0.23963643155422618,0.2393687436501948,0.23455621995356257,0.23206940182401686,0.22987836861963482,0.23270418826374606,0.2500000000000001,0.23519023378807546,0.2281194959316114,0.23494865858969466,0.2395213710745059,0.2396013062331979,0.2321021831073823,0.2307977585585637,0.23305130063172147,0.23463546193291984,0.2286396950267335,0.23729223625106177,0.22651405674814673,0.23759879686082203,0.23895944323727153,0.2396096818580587,0.22908050215711961,0.23493894922729014,0.23104418694563675,0.23098255509073876,0.23395092896756245,0.2318601867360979,0.2340282552877261,0.23301344059857537,0.23909304640887755,0.23954279455550548,0.23704234866050947,0.22917343035196017,0.23436818486312477,0.23224650425901464,0.2286092354786452,0.23379540241223298,0.2283926147069325,0.23475729913802718,0.23957827345565721,0.23960030093410298,0.23932238251270901,0.23883172992117244,0.23963258907478574,0.23939881692069112,0.23960906426286804,0.2396444461593533,0.23960534643412776,0.23961565438664603,0.2396381503567854
0.2454580447901529,0.24513427118525166,0.24444531199656022,0.24547364718683876,0.24523400642509055,0.24544298379008625,0.2454960092149599,0.24545826213922659,0.2454258897268073,0.2455035489716779,0.24523038663321708,0.24060262853816508,0.23755403108862266,0.23595403659240446,0.23872450201184783,0.23519023378807546,0.25000000000000017,0.23362374975740008,0.2407379996713246,0.24538505034136107,0.24546791110027724,0.2376177541247591,0.2367530851191754,0.23868930120001586,0.24053943456607682,0.23476517687872786,0.24311204063175812,0.232139066822531,0.24341930325122124,0.24480905019669832,0.245476327792027,0.2347704746632132,0.24043206049175245,0.23679673823107314,0.23659577748032962,0.23970610183874286,0.2375403958580627,0.23977348549648977,0.23870905914423018,0.24494675400381988,0.24540769160375442,0.24282948416622704,0.23478746191055097,0.24009901610874093,0.23793315297228437,0.23419584536825316,0.239517723858934,0.23398064958229467,0.24050387416339983,0.2454440306459586,0.245466534805144,0.24518181321564353,0.24467928397563776,0.24549961312048715,0.2452603713934956,0.24547551236168344,0.24551176051650145,0.2454717034971146,0.24548224519499343,0.24550531057101646
0.23803982177855756,0.23772576582111446,0.23705704291428117,0.23805494239805314,0.2378209359970639,0.23802526203547655,0.23807663004444507,0.2380400361122165,0.23800861852532526,0.23808395078875955,0.2378186444033445,0.2330709655931581,0.23051290670182073,0.228464487640662,0.2315063268979636,0.2281194959316114,0.23362374975740008,0.24999999999999997,0.23323778534902093,0.23796714693559434,0.23804907405769807,0.23047070999975228,0.2294129626008235,0.23154622716490234,0.23314910573311295,0.22736997619884428,0.23581043921410988,0.22447598112492678,0.236086387412584,0.2374100417314901,0.2380573778988348,0.22760477034708412,0.23333457153927017,0.22948815239632606,0.22959961105299212,0.2324278984786527,0.23035567046767214,0.23250385509520285,0.23149856170165348,0.23754378058048642,0.2379909596968269,0.2355073694283039,0.2276833511836735,0.2328616237840718,0.23073693591170139,0.22712658512522418,0.23227814468254074,0.22690927732264188,0.23323553403115338,0.2380262005990987,0.2380480549922022,0.2377719117282027,0.23728421150823978,0.23808013383953538,0.23784779078447993,0.23805676144096533,0.23809191410930278,0.2380530676916578,0.2380633027546209,0.23808565909492188
0.24507267923800705,0.24474943066561392,0.24406876632897678,0.24508825655378388,0.24484897012580778,0.24505762439708478,0.24511056339362197,0.24507289606196647,0.24504058807994306,0.2451181121609014,0.2448459076963595,0.24016323951533994,0.2371753268238866,0.23554343281097495,0.23832325673682112,0.23494865858969466,0.2407379996713246,0.23323778534902093,0.24999999999999994,0.24499802161382953,0.2450825359283204,0.23721130917594832,0.23639627300551402,0.2381916155180226,0.24015375600848826,0.23443375321810409,0.24273593537671767,0.23171264184844056,0.24303937114042423,0.24442474687509771,0.2450909348547386,0.23440312396632165,0.2400480014211477,0.23641837472453997,0.23623532485286206,0.23932974124270076,0.23716876079933355,0.23939633791791598,0.23833455524499564,0.24456223797834653,0.24502241274846306,0.24244871724117967,0.2344186474065802,0.23972365647991375,0.2375594262506682,0.23382853729200412,0.23914164881306096,0.2336134377489597,0.24012626891480832,0.24505868984887053,0.24508115594356014,0.2447968829709368,0.24429516761177314,0.24511418230602372,0.24487534831956856,0.24509011938612854,0.24512631063155912,0.2450863165010915,0.2450968405673097,0.24511987081228406
0.2498101021361098,0.24948055007594286,0.2487874841680404,0.24982597168159112,0.2495812944681897,0.24979477474783537,0.2498487079995368,0.24981032596112832,0.2497774034452262,0.24985641364346148,0.24957845207275425,0.24470573535789436,0.24179761441486378,0.23998968307531843,0.2429256701111095,0.2395213710745059,0.24538505034136107,0.23796714693559434,0.24499802161382953,0.24999999999999994,0.24982006153715128,0.24179530376223196,0.24085685392330555,0.24276243125481264,0.24475549363865157,0.23885518139940465,0.2474210479779322,0.2362335669877261,0.24773660219801993,0.24914988852857753,0.24982869558656187,0.23892265900869789,0.24472061865112332,0.2409778044992877,0.2408052960313046,0.24395377103431004,0.24175354233517898,0.24402224655083146,0.24294354114425637,0.24928987167979355,0.24975885381982016,0.24713771006118837,0.23895011640353475,0.24435976415054414,0.2421519937434454,0.2383516852058954,0.24376503910116645,0.23813081560703755,0.24476837085380215,0.24979582968143488,0.24981874264772075,0.24952897992872836,0.2490176025412171,0.24985240748808202,0.24960895890366286,0.24982787941178533,0.2498647702615103,0.2498240030168398,0.24983473337543288,0.24985820595586997
0.24989409117917027,0.24956442832209044,0.24887116284180272,0.24990996604826404,0.24966520726431324,0.2498787585669232,0.2499327099297616,0.24989431508024637,0.24986138159060092,0.24994041825837232,0.24966236517414575,0.24478797654878748,0.2418788629973493,0.24007049397693922,0.24300742489062294,0.2396013062331979,0.24546791110027724,0.23804907405769807,0.2450825359283204,0.24982006153715128,0.2499999999999999,0.24187602817352324,0.240938074593871,0.24284394814979998,0.2448377758763817,0.23893609122742168,0.24750426289691208,0.23631323416584477,0.247819927361377,0.24923365755306284,0.24991269114731712,0.23900302925684852,0.24480290235345312,0.24105886300729507,0.24088625964750715,0.24403582800744572,0.24183486767995618,0.2441042895945782,0.24302523705863427,0.2493736868918366,0.2498428257812351,0.2472208003318693,0.2390304577069567,0.24444194292089105,0.24223341021344855,0.23843182800750037,0.24384699705081622,0.23821088754529426,0.24485066492829613,0.24987981397464437,0.24990273459623494,0.2496128745183349,0.24910132603277518,0.24993641075467526,0.24969288119875008,0.24991187443177723,0.24994877768462917,0.24990799673353903,0.2499187306767736,0.24994221117198995
0.24186643035295827,0.24154729206015063,0.240841983115953,0.2418818121542864,0.2416417689886782,0.24185174561012032,0.24190404982236774,0.24186666048733826,0.24183470895754416,0.2419112677536268,0.24163921679021066,0.23679032131902467,0.23429156297221757,0.23259836624522068,0.23508548853867386,0.2321021831073823,0.2376177541247591,0.23047070999975228,0.23721130917594832,0.24179530376223196,0.24187602817352324,0.2499999999999998,0.23291971983825813,0.23487947046469296,0.23699888708575023,0.23124371501073507,0.23956765348227846,0.22875275766972483,0.23985680486351785,0.2412267912554933,0.24188444836812076,0.23133660984318372,0.23692409447739188,0.2333317466693284,0.23313674388638134,0.23620312489561,0.23406046300393038,0.23626547283796448,0.23521431470686413,0.24136262220041085,0.24181680995066143,0.23927654110730626,0.2313520700757156,0.2365898132039836,0.2344521272188602,0.23077267299195944,0.2360136022943703,0.2305578453834114,0.23698497003466798,0.24185261455670676,0.241874796120083,0.2415942477972656,0.24109913891826665,0.24190739044335635,0.24167169458567853,0.24188364233238124,0.24191936009531909,0.2418798892018208,0.2418902775494958,0.24191300452698958
0.24092837495384767,0.24061045194285102,0.23992822744594197,0.2409436722847504,0.2407059553537723,0.24091365978455515,0.24096564338088658,0.24092859656516327,0.2408968210467704,0.2409730398108122,0.2407032453070717,0.2359710288187849,0.23325595284790218,0.23126981336867036,0.23425932248262396,0.2307977585585637,0.2367530851191754,0.2294129626008235,0.23639627300551402,0.24085685392330555,0.240938074593871,0.23291971983825813,0.2499999999999998,0.23388151495812506,0.23608536247844178,0.23027597464785246,0.2387104973012718,0.2275500181077165,0.23903075649939254,0.24029358820091973,0.24094652577080272,0.230394664975878,0.23584860823608778,0.2323214499942513,0.23222429927530333,0.23523204198278136,0.23323201453388778,0.2353286029811293,0.2343451436886037,0.24042693411857816,0.24087890138339563,0.2383782760167404,0.23044080533593408,0.23568013518583514,0.23353346917010678,0.22988516076888874,0.2350948374233997,0.22968029628206094,0.23606607139219915,0.24091456384353013,0.2409367079321765,0.24065721458720057,0.24016355767802972,0.2409691761954271,0.24073390834246414,0.24094552017038476,0.24098109941180587,0.24094178160244872,0.24095214826162642,0.2409747684944806
0.24283410873895084,0.2425136360174564,0.24182660945144757,0.24284952208830882,0.24260908351012378,0.24281930608076963,0.24287167549129904,0.2428343357958463,0.2428023035413173,0.24287912696056163,0.24260724238283807,0.23784326178132686,0.2351344845417356,0.23301038636300195,0.2362187148574402,0.23305130063172147,0.23868930120001586,0.23154622716490234,0.2381916155180226,0.24276243125481264,0.24284394814979998,0.23487947046469296,0.23388151495812506,0.24999999999999978,0.23779077133522625,0.23248159678312308,0.24059115981300458,0.2298723369518151,0.24081201293805923,0.24219140296907768,0.242852042667796,0.2322788237262945,0.23793318930999338,0.23428719078794327,0.23416994411732697,0.23714776358552467,0.2350168135276562,0.23720971939074506,0.23616354434036094,0.24232827845306176,0.24278425626991829,0.24022351799224678,0.23228310999571194,0.23753394334173292,0.2353926923793658,0.23170053080133376,0.23695954002166128,0.2314793519293647,0.23793355683111517,0.2428202160397775,0.242842507860319,0.2425608391862793,0.24206373426314667,0.24287523270877634,0.242638538598644,0.24285138957730765,0.242887250246857,0.24284762143481683,0.24285805787339282,0.2428808692506298
0.24482798652669052,0.24450498218615058,0.24382490686989558,0.24484353611322973,0.24460335874412756,0.24481297913383412,0.24486582047532046,0.24482820678998804,0.2447959343747868,0.24487337444570872,0.24460079080477404,0.23982010160319173,0.23698802400444352,0.23510953422094702,0.23808051464339794,0.23463546193291984,0.24053943456607682,0.23314910573311295,0.24015375600848826,0.24475549363865157,0.2448377758763817,0.23699888708575023,0.23608536247844178,0.23779077133522625,0.24999999999999986,0.23386963003285524,0.2425955970186723,0.23133652050649667,0.24290835074203065,0.24418252148479708,0.24484646118327463,0.2340855038746337,0.24005344291571404,0.2361131168477091,0.23582638196193195,0.23908893709427778,0.23693037895062152,0.23915383110949923,0.23810266303251773,0.24431803942609948,0.2447777879407711,0.24225189178795623,0.23416851329554753,0.2395010528915509,0.23731559753717615,0.23359479409364003,0.23890016996051122,0.23338868684189043,0.23988627891559605,0.2448140107082852,0.24483645473069535,0.24455245405100345,0.24405111809139107,0.24486944815758815,0.24463076169628484,0.24484540926185644,0.24488156437148034,0.24484161017334605,0.24485212602672068,0.24487513098256097
0.23892643352385243,0.23861116005742602,0.23793798994952323,0.23894160344451307,0.23870699920041266,0.2389118082944762,0.23896337952999974,0.23892665175153133,0.23889517654993275,0.23897072761369276,0.23870335579905222,0.23407649510631992,0.23125701352646305,0.2296032243690022,0.23234567044328933,0.2286396950267335,0.23476517687872786,0.22736997619884428,0.23443375321810409,0.23885518139940465,0.23893609122742168,0.23124371501073507,0.23027597464785246,0.23248159678312308,0.23386963003285524,0.2499999999999998,0.23654068343445778,0.22631698388221583,0.23686669704237692,0.2382947654042014,0.23894364316389055,0.22844448901947165,0.23448815710039897,0.23047826665494917,0.23043922383848625,0.23328150138157697,0.2312623945765279,0.2333689701727191,0.23239708615127364,0.2384300450235628,0.23887739392577054,0.23636505034743574,0.22855639517234644,0.2336816750059253,0.23160928875382766,0.227952682153268,0.23314871277322385,0.22775311483534325,0.23410516870450432,0.23891274530615128,0.2389346973866076,0.2386575575324243,0.2381683920132827,0.238966895732122,0.2387338896796789,0.23894343627626022,0.23897871988074856,0.23893972877363007,0.2389500041874266,0.2389724415675459
0.24749440463910297,0.24716791626573695,0.24648171457081686,0.24751012834826985,0.24726776056152713,0.24747921835912196,0.2475326527390826,0.24749462586064624,0.24746200281151287,0.2475402867632892,0.24726504700045157,0.2424354050792539,0.23955856779226542,0.23774992047102206,0.24066867032797973,0.23729223625106177,0.24311204063175812,0.23581043921410988,0.24273593537671767,0.2474210479779322,0.24750426289691208,0.23956765348227846,0.2387104973012718,0.24059115981300458,0.2425955970186723,0.23654068343445778,0.2499999999999999,0.2339186501060221,0.24548022453538154,0.24684056668030466,0.24751319856515142,0.2367327447901382,0.24286318337325608,0.23884949743049144,0.23869501699797288,0.24174078037942992,0.2394496491189346,0.24177540903864028,0.24065013338615537,0.24697857452451144,0.2474436440250625,0.24488733460947334,0.23671820165089583,0.24214732481782814,0.23990022204323297,0.23616662558336343,0.2415034163009177,0.23592553615153763,0.24249955319189845,0.24748026445374277,0.24750296501424818,0.24721588989618262,0.24670931468536988,0.24753631782822264,0.24729528429392475,0.2475120171211779,0.24754856600040928,0.24750817666106295,0.24751881129789585,0.24754206254457004
0.23630376930864766,0.23599198480389968,0.23532336305957793,0.23631877821894656,0.23608671254431762,0.23628930756150293,0.23634032270471286,0.2363039838937016,0.23627283152665476,0.23634757681667454,0.23608319760404975,0.23146919120349652,0.22874313422921375,0.22703705983104855,0.22979786367909721,0.22651405674814673,0.232139066822531,0.22447598112492678,0.23171264184844056,0.2362335669877261,0.23631323416584477,0.22875275766972483,0.2275500181077165,0.2298723369518151,0.23133652050649667,0.22631698388221583,0.2339186501060221,0.24999999999999986,0.2342354510789042,0.23567669101163422,0.23632035706005533,0.22596230393187408,0.23184121220910278,0.22797485301036458,0.22821200681912293,0.2307038086129933,0.22864816794533782,0.23082889020456787,0.22979518112659367,0.2358122840792406,0.2362552377843829,0.23376192952698654,0.22604835349364794,0.23108992138429488,0.229066288378175,0.2254316715712927,0.23058716311042013,0.2252272269937901,0.23153416882880584,0.2362902712354702,0.23631194253916762,0.2360377901722577,0.23555345539720457,0.2363437873696603,0.2361129407899712,0.2363205854328467,0.23635548172217524,0.23631691861698031,0.2363270791060253,0.23634927232806158
0.24781004720589156,0.24748313344520573,0.2467952948902238,0.24782578978645312,0.24758298692719438,0.24779484425801293,0.24784834541252365,0.24781026941738607,0.247777609135929,0.2478559879119436,0.24758023825136316,0.2427452489107705,0.23986401044507621,0.23805785840977337,0.24097812398832263,0.23759879686082203,0.24341930325122124,0.236086387412584,0.24303937114042423,0.24773660219801993,0.247819927361377,0.23985680486351785,0.23903075649939254,0.24081201293805923,0.24290835074203065,0.23686669704237692,0.24548022453538154,0.2342354510789042,0.24999999999999975,0.24715056460322973,0.2478286227080464,0.23704509474660512,0.24284772912544908,0.2392429006697936,0.23892308526475597,0.24215251843430358,0.23977793150863605,0.2421119115992649,0.24094368793638637,0.24729471909342515,0.24775929529940682,0.2451631594984633,0.23703346607896675,0.24243371644537967,0.2402090115265654,0.2364905681288563,0.24180970189922732,0.23623021087046017,0.24280814157385386,0.24779594667123944,0.24781861884768563,0.24753120472476486,0.24702441532447095,0.24785201383809957,0.2476111738706164,0.24782768215964032,0.24786427764334582,0.2478238367934228,0.24783446571386164,0.24785776589197997
0.24922372143207666,0.24889494337202972,0.2482034920346806,0.24923955379782847,0.24899545124501277,0.2492084299342844,0.2492622367934031,0.24922394472062542,0.24919109937202064,0.24926992422913222,0.24899261736841735,0.24413122194685255,0.24123006720289564,0.23942681073210334,0.242355351003754,0.23895944323727153,0.24480905019669832,0.2374100417314901,0.24442474687509771,0.24914988852857753,0.24923365755306284,0.2412267912554933,0.24029358820091973,0.24219140296907768,0.24418252148479708,0.2382947654042014,0.24684056668030466,0.23567669101163422,0.24715056460322973,0.24999999999999992,0.24924227086485334,0.23836327682904623,0.24414510703638195,0.2404146462055712,0.24024322699917552,0.24338115255804618,0.24118865643633633,0.24344945852786978,0.24237451185357384,0.2487047565348543,0.24917259769112599,0.246557206059649,0.23838965018874786,0.243785481946884,0.24158378105922895,0.2377914447481407,0.24319289050585993,0.23757183971127913,0.24419380849120725,0.24920948458603706,0.2492323416755914,0.24894326012896098,0.24843309986452733,0.24926592748003013,0.24902306968197901,0.24924145697938613,0.2492782612347221,0.24923758968324125,0.24924829414142807,0.2492717123374605
0.24990272796581972,0.24957305411662675,0.24887975837788837,0.2499186034473059,0.24967384054162614,0.24988739473826974,0.24994134809170312,0.24990295184687705,0.24987001700991512,0.24994905664256356,0.24967099731727513,0.2447963471907102,0.24188724995387814,0.24007889429192483,0.24301574962411202,0.2396096818580587,0.245476327792027,0.2380573778988348,0.2450909348547386,0.24982869558656187,0.24991269114731712,0.24188444836812076,0.24094652577080272,0.242852042667796,0.24484646118327463,0.23894364316389055,0.24751319856515142,0.23632035706005533,0.2478286227080464,0.24924227086485334,0.24999999999999992,0.23901097043687924,0.24481233935714933,0.24106686138425887,0.24089456746353527,0.2440440549798962,0.2418429446596857,0.24411274252829052,0.24303346602915082,0.24938229643490714,0.24985146047740087,0.24722934299948404,0.23903866844938357,0.2444502373206431,0.24224173642692545,0.2384399134542635,0.24385538671076354,0.2382189849435027,0.24485911341567243,0.2498884505417633,0.2499113716814176,0.24962150092200225,0.2491099277920709,0.24994504900400624,0.2497015056779778,0.24992051183311711,0.24995741636130897,0.24991663400077319,0.24992736834059198,0.24995084962175243
0.23899349977229306,0.23867821926799948,0.23801473655155791,0.23900868265559042,0.2387746334232488,0.23897883666536093,0.23903043472584207,0.23899371359548777,0.23896221290072192,0.23903780597577706,0.23877188003628144,0.234110694484682,0.2313282761680484,0.22959279473478603,0.23240608485435232,0.22908050215711961,0.2347704746632132,0.22760477034708412,0.23440312396632165,0.23892265900869789,0.23900302925684852,0.23133660984318372,0.230394664975878,0.2322788237262945,0.2340855038746337,0.22844448901947165,0.2367327447901382,0.22596230393187408,0.23704509474660512,0.23836327682904623,0.23901097043687924,0.24999999999999986,0.23391185257883537,0.23043675574952538,0.23051745777733693,0.23335267091140888,0.231287473509702,0.23345946733940623,0.2322938291648041,0.23849524379394793,0.2389445363915506,0.23632436288222872,0.22860807577849634,0.23376622880141754,0.23161878711167866,0.22819584336059268,0.23317721862538124,0.22786819435995231,0.23416450295391103,0.238979946762771,0.23900176619118413,0.2387243556155544,0.23823308496427845,0.23903397333795595,0.23879986340852372,0.23901050732876408,0.23904580079836132,0.2390067987513123,0.23901705832437256,0.23903952073036644
0.2447931457231106,0.24447021125577897,0.2437894004090034,0.24480869712801576,0.24456865367819738,0.24477813087419412,0.24483098506075113,0.24479336613229913,0.24476110598186152,0.24483852713285545,0.24456601345981444,0.23978990330194935,0.23694690518329706,0.2351741399112104,0.23804811646647328,0.23493894922729014,0.24043206049175245,0.23333457153927017,0.2400480014211477,0.24472061865112332,0.24480290235345312,0.23692409447739188,0.23584860823608778,0.23793318930999338,0.24005344291571404,0.23448815710039897,0.24286318337325608,0.23184121220910278,0.24284772912544908,0.24414510703638195,0.24481233935714933,0.23391185257883537,0.24999999999999964,0.2359608032725217,0.2360030532341884,0.23911600096287422,0.23693497920611173,0.23914294144689408,0.23817200148341208,0.24428079903920752,0.24474276007646534,0.24214506109686934,0.23417414124969996,0.23940160612497777,0.23730599026673216,0.23351231770745437,0.23887578392788744,0.23331496381326097,0.23985181102470637,0.2447791721818863,0.24480161255107175,0.24451759079041205,0.24401567513143688,0.24483460146276784,0.24459535754130685,0.2448105659799273,0.2448467159397216,0.2448067674288402,0.24481729671967994,0.24484028346998146
