x1,x2,x3,x4,x5,x6,x7,x8,x9,x10,x11,x12,x13,x14,x15,x16,x17,x18,x19,x20,x21,x22,x23,x24,x25,x26,x27,x28,x29,x30,x31,x32,x33,x34,x35,x36,x37,x38,x39,x40,x41,x42,x43,x44,x45,x46,x47,x48,x49,x50,x51,x52,x53,x54,x55,x56,x57,x58,x59,x60
0.25,0.2498625564816368,0.2498905773085301,0.24991279375055572,0.24997391511858913,0.24993554577023003,0.24996439119056493,0.24994967306664803,0.2497909010791617,0.24995978958319917,0.24992286120063545,0.24479974620375194,0.24787393519929832,0.24077325439728056,0.2461063355692638,0.23519048278951327,0.24306105215732238,0.24044137160705523,0.24820307943851344,0.2499327986246092,0.24991532015574966,0.24728667271963178,0.2470794444578009,0.24650069268251787,0.24822174966112304,0.24474412644061233,0.2489523915096714,0.24647299090593883,0.2495667593791174,0.24978966927533836,0.24994365746730127,0.24732496893884068,0.24703561557435125,0.24722986496519153,0.24833541170796142,0.24498978139531047,0.2492924961238387,0.2462293915912763,0.24970836755596168,0.2498218213960768,0.24993704705350298,0.24470225727889475,0.2479210366017182,0.24081812970503744,0.2465077679826904,0.23566608503899797,0.24298834719325169,0.24107675649866073,0.24784614571053254,0.2499502656195135,0.24996645588974947,0.2499132618881181,0.249847793791873,0.24994659467411875,0.2499722259793319,0.24992651526894336,0.24990331376339436,0.24997010902852768,0.24974184762293158,0.24995779203935767
0.2498625564816368,0.25000000000000006,0.24979202168419118,0.24981477152133716,0.24987585665045994,0.24983750724624632,0.24986634178190442,0.2498516289060118,0.24969291922869893,0.24986174146397414,0.24982482760864194,0.24470372696256093,0.24777669401984884,0.24067881601841487,0.24600980254394436,0.2350982281204456,0.24296570673012027,0.24034705713369045,0.24810572035980868,0.24983476109479363,0.24981728947596119,0.24718967435414416,0.2469825264708605,0.24640400279910282,0.24812438345383533,0.2446481248761938,0.24885473852419804,0.24637631073561903,0.2494688653856082,0.24969168788463703,0.24984561568433153,0.24722795435615524,0.2469387144040866,0.24713288774782696,0.24823800075540406,0.24489368280588256,0.24919470977463606,0.2461328067408103,0.24961041805976766,0.24972382739348878,0.2498390078537063,0.24460627142373692,0.24782378816099646,0.24072366736635123,0.24641107381426364,0.23557364383424376,0.24289303356879474,0.24098219273955493,0.24774892670608395,0.2498522212337832,0.24986840515331057,0.2498152320173204,0.24974978959881836,0.24984855172835366,0.2498741729790329,0.24982848019943518,0.24980528778865682,0.2498720568591248,0.24964388499022191,0.24985974470136244
0.2498905773085301,0.24979202168419118,0.2500000000000001,0.2498430975404878,0.24990451364534053,0.24986548882001844,0.24989433587893378,0.2498796125094508,0.24972088506841936,0.24988972629416836,0.24985280870428772,0.24473116652579066,0.24780404316355947,0.2407058107383394,0.2460373480794055,0.23512453599562802,0.242992869677018,0.24037396321510768,0.24813350359012426,0.249862742941784,0.2498452693254596,0.24721738027866513,0.24701019278690695,0.2464316237368013,0.24815217551071544,0.24467552868060838,0.24888261000017073,0.2464039045235573,0.2494968057646546,0.24971965366993543,0.249873598808003,0.24725564357646498,0.24696637091812004,0.24716056571474826,0.24826580283409053,0.2449211076213357,0.24922261976737387,0.2461603723850413,0.24963837479767984,0.24975179674030668,0.249866990133234,0.24463366691435234,0.24785154425065364,0.2407506254938572,0.24643866867635666,0.23560002707196603,0.24292023499827192,0.24100918093862958,0.24777667428485187,0.24988020497900507,0.24989639071133127,0.24984321161995288,0.24977776185540165,0.2498765350627901,0.24990215916745448,0.24985646128578032,0.24983326616159626,0.24990004282613973,0.2496718453986685,0.24988772928940103
0.24991279375055572,0.24981477152133716,0.2498430975404878,0.2500000000000001,0.2499266894897858,0.2498883323231246,0.2499171726180449,0.24990245678600626,0.2497437148217914,0.24991257139204914,0.2498756499903751,0.24475350473378146,0.24782716101226504,0.24072777445171745,0.2460598501809012,0.23514605702749622,0.24301513869522987,0.2403959527683645,0.24815619354599494,0.24988558553045054,0.24986811036118164,0.24723995874249274,0.24703277029125928,0.24645412707838923,0.2481748597759893,0.24469789393373567,0.24890536365211774,0.24642643168914596,0.2495196154339088,0.2497424832181662,0.2498964423224568,0.24727824854861763,0.24698894978472988,0.2471831626621983,0.24828850045005532,0.24494350242481447,0.24924540402030795,0.2461828782350109,0.2496611968553056,0.2497746292689719,0.2498898331574443,0.2446560322900897,0.24787420355094023,0.24077263863115722,0.2464612021063834,0.23562156723409222,0.24294244612008872,0.24103121648750514,0.24779932688058337,0.2499030492269257,0.24991923643876632,0.2498660524856403,0.24980059675561014,0.2498993789749808,0.2499250054393841,0.24987930336287204,0.2498561062453022,0.24992288888745523,0.2496946706013386,0.24991057422500318
0.24997391511858913,0.24987585665045994,0.24990451364534053,0.2499266894897858,0.2500000000000002,0.24994944123988766,0.24997859226094227,0.24996356671630315,0.24980478433943848,0.24997368347304716,0.24993675236033147,0.24481326209999918,0.2478956367440896,0.24078648727810953,0.24611997775772296,0.2352035076771761,0.24307466420912885,0.24045470789335696,0.2482168674487421,0.24994669100570682,0.2499292117840979,0.2473004125220938,0.24709317214663323,0.24651439215581544,0.248235544422382,0.24475770743002667,0.24896622972909205,0.24648667783932532,0.2495806328620194,0.24980355383061703,0.24995755032300085,0.2473387140497828,0.24704934870745215,0.24724360017596142,0.24834921337378707,0.2450033893069319,0.2493063515460083,0.24624307423714667,0.24972224763452483,0.24983570763950502,0.24995093974847393,0.24471585886872285,0.2479348177780942,0.2408315118724065,0.24652146802681887,0.2356791738935222,0.24300185120508364,0.24109015439488704,0.24785991914585584,0.24996415905988623,0.24998035022969523,0.24992715327159837,0.24986168163288916,0.2499604879100712,0.24998612063180561,0.24994040738873968,0.24991720464550804,0.24998400357153,0.24975572947652144,0.2499716858977224
0.24993554577023003,0.24983750724624632,0.24986548882001844,0.2498883323231246,0.24994944123988766,0.2500000000000003,0.24993992494241438,0.24992520876165955,0.249766452291407,0.24993532428084722,0.24989839948134548,0.24477578233958763,0.24784967975137967,0.24074968355969667,0.24608224475425444,0.23516746299413852,0.24303726459367414,0.24041783795151053,0.24817878610912766,0.24990833596250378,0.24989085920883974,0.24726246814432012,0.24705526084995988,0.24647656490189584,0.24819745435588397,0.24472017112411265,0.24892802482614512,0.24644886670927826,0.2495423325769986,0.24976522062540105,0.24991919373766355,0.2473007615152345,0.2470114365368952,0.24720566680601475,0.2483111053987905,0.24496580253267594,0.24926809611913175,0.24620529141051906,0.2496839268609686,0.24979736959924623,0.24991258397819693,0.2446783065920965,0.24789677087150794,0.2407945592266732,0.24648364064759604,0.23564301866657839,0.24296456430468397,0.24105316068567115,0.24782188726633153,0.24992580125107278,0.24994198993664338,0.2498888011414801,0.24982333945489443,0.2499221306649668,0.24994775946185377,0.2499020532251037,0.24987885399506382,0.24994564271786365,0.2497174036538845,0.2499333269342428
0.24996439119056493,0.24986634178190442,0.24989433587893378,0.2499171726180449,0.24997859226094227,0.24993992494241438,0.2500000000000004,0.24995405381793526,0.24979527788676567,0.24996416980327307,0.2499272404508573,0.24480399021301555,0.24787928247307245,0.240777393782301,0.2461112054795934,0.23519457423269716,0.24306530566376133,0.24044555066426326,0.24820742084199957,0.24993717833701162,0.2499196997587381,0.24729101134230513,0.24708376683129296,0.24650498658145942,0.24822608533757348,0.2447483525851882,0.2489567490265029,0.24647729098093693,0.24957113413708862,0.24979404662833268,0.2499480371810222,0.2473293014021429,0.24703994731042364,0.2472341923890786,0.24833976385701423,0.24499406830840104,0.24929686348166707,0.24623370420227897,0.24971274312729047,0.24982619924094757,0.24994142693983387,0.24470654574799955,0.2479253820377975,0.24082234912162234,0.2465120883199832,0.23567020667779986,0.2429926053242774,0.2410809805525194,0.24785048650279243,0.24995464575595303,0.24997083630944375,0.24991764137588462,0.24985217223267203,0.24995097474573802,0.24997660650188852,0.24993089498868587,0.24990769319870332,0.249974489512238,0.24974622410720249,0.24996217230722467
0.24994967306664803,0.2498516289060118,0.2498796125094508,0.24990245678600626,0.24996356671630315,0.24992520876165955,0.24995405381793526,0.2500000000000004,0.24978057000266835,0.24994945146038108,0.24991252460635166,0.24478962485036349,0.2478638084354288,0.24076330100413917,0.2460961662896696,0.23518076064780213,0.24305100359519338,0.2404314299961698,0.24819281498705137,0.24992246161371906,0.24990498386438317,0.24727644324756703,0.24706922520237357,0.24649049545325968,0.2482114833610211,0.24473400486335375,0.2489420951348317,0.24646279763046766,0.24955643752268813,0.2497793381839041,0.24993332000743784,0.24731473995062336,0.24702539844342566,0.24721964016250156,0.24832514094727454,0.24497964963110833,0.2492821856694699,0.2462192080826813,0.24969803982367603,0.2498114889829031,0.24992670986918772,0.24469213669275558,0.24791078283605245,0.2408081701889639,0.24649757313003628,0.23565633863098537,0.24297829783593392,0.24106678610233276,0.2478358951905367,0.24993992788975783,0.24995611749036994,0.24990292568877792,0.24983746029876,0.2499362570961799,0.2499618873436424,0.24991617852147993,0.24989297798799,0.24995977047805784,0.24973151851357614,0.24994745399830787
0.2497909010791617,0.24969291922869893,0.24972088506841936,0.2497437148217914,0.24980478433943848,0.249766452291407,0.24979527788676567,0.24978057000266835,0.2500000000000003,0.2497906796062078,0.24975377609073285,0.2446341021675981,0.24770556205487215,0.2406103059669558,0.24593943437905938,0.2350313118802493,0.24289657725354746,0.24027867405324552,0.24803515000685328,0.24976370688773142,0.24974624035236914,0.24711938179559553,0.24691227994757353,0.24633391043228214,0.248053805718839,0.24457850014755783,0.24878395918163598,0.24630622748768355,0.24939791591408203,0.24962067444974928,0.24977455827974301,0.24715764028503961,0.2468684851346438,0.24706259827037064,0.24816740049762595,0.24482402838951844,0.2491238367860867,0.24606280335793684,0.24953942749415362,0.2496528047598261,0.2497679524884023,0.2445367041698671,0.24775330629051068,0.24065520273536217,0.24634099225456035,0.23550663995057927,0.24282395252845432,0.24091365511455473,0.2476784639683549,0.24978116211685875,0.2497973414333841,0.2497441834202558,0.24967875966958186,0.2497774936548245,0.2498031076122364,0.2497574278343167,0.24973424204612796,0.249800992100635,0.2495728851240658,0.24978868344450675
0.24995978958319917,0.24986174146397414,0.24988972629416836,0.24991257139204914,0.24997368347304716,0.24993532428084722,0.24996416980327307,0.24994945146038108,0.2497906796062078,0.2500000000000003,0.2499226396404067,0.24479953162254434,0.24787369278380583,0.2407730426031963,0.24610609931923355,0.2351902718994192,0.24306083358712088,0.24044115754212303,0.24820285916717658,0.2499325770352562,0.24991509858252672,0.24728645447016762,0.24707922537083446,0.24650047407564757,0.24822152922696888,0.24474390796127088,0.24895217061155955,0.24647277207672746,0.24956653811261278,0.2497894478140435,0.24994343586802198,0.2473247496335785,0.24703539656587215,0.2472296457045961,0.24833519153921824,0.24498956404530142,0.24929227508867557,0.24622917322987115,0.24970814615899375,0.24982159990449235,0.24993682546080584,0.2447020403123453,0.24792081679345906,0.24081791611827838,0.24650754934816954,0.23566587599915437,0.24298813169238315,0.24107654270495651,0.24784592593137228,0.24995004401490223,0.249966234270784,0.24991304031631817,0.24984757227867785,0.2499463730727624,0.2499720043548537,0.24992629368538796,0.24990309219860102,0.24996988740632342,0.2497416262030315,0.24995757042807354
0.24992286120063545,0.24982482760864194,0.24985280870428772,0.2498756499903751,0.24993675236033147,0.24989839948134548,0.2499272404508573,0.24991252460635166,0.24975377609073285,0.2499226396404067,0.2500000000000003,0.24476248828638555,0.247836748595012,0.24073747111752766,0.246069134600945,0.23515535670881044,0.24302486114838853,0.24040561775211475,0.24816619022608505,0.2498956527443891,0.24987817693094905,0.24725007855950276,0.2470427362733933,0.24646406792341927,0.24818485826907058,0.24470774362323078,0.2489153911299623,0.2464363629265286,0.24952966756261405,0.24975254462866073,0.24990650997739086,0.24728821013569313,0.2469988999211455,0.24719311958817947,0.24829850207805015,0.24495336733492246,0.2492554453293395,0.24619279483947137,0.2496712550838911,0.2497846919379241,0.24989990049375,0.2446658882776054,0.24788418935167683,0.2407823361167699,0.24647112858397122,0.23563105809755588,0.24295223118631812,0.24104092525076604,0.24780930934344117,0.24991311708629202,0.24992930495037474,0.24987611885469224,0.24981066048225647,0.2499094466866061,0.24993507417132382,0.2498893702656664,0.24986617213248663,0.249932957546209,0.24970473006354835,0.24992064238763545
0.24479974620375194,0.24470372696256093,0.24473116652579066,0.24475350473378146,0.24481326209999918,0.24477578233958763,0.24480399021301555,0.24478962485036349,0.2446341021675981,0.24479953162254434,0.24476248828638555,0.25000000000000017,0.24271728731775558,0.23575321275241862,0.24110297301117803,0.230375982802505,0.2380364345436258,0.2354581459862878,0.24307291813332538,0.24477301666420742,0.2447558976071437,0.24212971195566274,0.24196229738972652,0.24140206898226202,0.2430881252099436,0.23966055497463556,0.24380875679801328,0.24137188500201862,0.24441473458125187,0.24463297007632137,0.2447836774697107,0.2422175319053724,0.24193627631552583,0.24212180108428374,0.24320808135529884,0.2399245631092608,0.24414522144967568,0.24114306547526293,0.24455325885485024,0.24466436723298668,0.24477726451064985,0.23965002110989508,0.24280281620005525,0.23584254678084526,0.24141505939566385,0.23079478158990654,0.23796862965053808,0.2360971265992623,0.2427274133375263,0.24479020421141676,0.2448060601864495,0.24475396455976503,0.24468988706543057,0.24478660900411955,0.24481169459104177,0.24476694405717983,0.24474415906466895,0.24480963790626342,0.2445860856246378,0.24479757519339893
0.24787393519929832,0.24777669401984884,0.24780404316355947,0.24782716101226504,0.2478956367440896,0.24784967975137967,0.24787928247307245,0.2478638084354288,0.24770556205487215,0.24787369278380583,0.247836748595012,0.24271728731775558,0.2500000000000001,0.23869272601267436,0.24406683910123325,0.23320711399206573,0.24110160810762327,0.23842256769300027,0.2461283511160093,0.24784692427172902,0.24782970429702267,0.24521830210434908,0.24501430357442755,0.24444410106078654,0.2461499771943749,0.24269392481097332,0.24687545457513813,0.244410082769238,0.2474847172923097,0.2477050541360784,0.2478576292555279,0.24525971236815453,0.2449748088090313,0.24516308881165041,0.24626182350731876,0.24294043094962553,0.24721128540527285,0.24417251998903797,0.24762448249327335,0.24773689043697739,0.24785117651162458,0.24266004176512124,0.24585227898472548,0.238806621399085,0.24444964853356374,0.23369399550671588,0.2409593440129295,0.23906375345938885,0.24577623550150798,0.24786429075404867,0.24788034571993972,0.2478275958065789,0.24776272327401033,0.24786065025075102,0.24788606446174,0.2478407383985863,0.24781776233545444,0.24788396836997534,0.24765761128873756,0.24787175417300414
0.24077325439728056,0.24067881601841487,0.2407058107383394,0.24072777445171745,0.24078648727810953,0.24074968355969667,0.240777393782301,0.24076330100413917,0.2406103059669558,0.2407730426031963,0.24073747111752766,0.23575321275241862,0.23869272601267436,0.2500000000000002,0.23691965141916838,0.22627585275372683,0.23415784369880338,0.23154177724473865,0.23906698363199194,0.24074649763306458,0.24073003198670298,0.23816727559382003,0.2379418590304152,0.23731509547942464,0.23904837317106933,0.23565651968604912,0.23977931076110395,0.23738059655715343,0.24039373438474393,0.24060939812283608,0.24075735320529065,0.23823049447715702,0.23796187908455146,0.23813130752076236,0.23920817624472027,0.23596096959344995,0.2401286121899407,0.23716942958813544,0.24053063091325902,0.24063998798012645,0.24075117126826265,0.23570708719465533,0.23880876279999447,0.231953505155601,0.23743344155393045,0.22698580503745086,0.2340447285167471,0.2322061975312333,0.23872965163759538,0.24076387027706916,0.24077946543461132,0.24072822725312643,0.24066528699253506,0.24076033423036097,0.2407849625742693,0.24074099253215947,0.2407183682887324,0.24078298430146494,0.24056309932763648,0.2407711199974139
0.2461063355692638,0.24600980254394436,0.2460373480794055,0.2460598501809012,0.24611997775772296,0.24608224475425444,0.2461112054795934,0.2460961662896696,0.24593943437905938,0.24610609931923355,0.246069134600945,0.24110297301117803,0.24406683910123325,0.23691965141916838,0.25000000000000006,0.2313360708587428,0.23927809336926212,0.23667467054871966,0.2444011588597777,0.24607935967436412,0.24606225723184932,0.2434782603444386,0.24324701909096924,0.24271858880725658,0.244401619012081,0.24098208928011944,0.2451181848138813,0.2426692859205129,0.24571824463358363,0.24593873857624238,0.24609011906525866,0.24351002438995717,0.24322986442076963,0.24341163515294936,0.24450332451195225,0.24120153486400742,0.24544876554447823,0.2424280204026844,0.24585956598308,0.2459702088960459,0.24608373855249083,0.24092952713830448,0.24409851280101774,0.237098806445162,0.2427007377993643,0.23202277013950975,0.2392354454897689,0.23735534276194545,0.24402168015537784,0.2460967437025377,0.24611268430177222,0.24606031075984977,0.24599591429741963,0.24609312931087812,0.24611834031399496,0.24607335935879113,0.2460504117687495,0.2461162811157436,0.24589153349841156,0.2461041540195618
0.23519048278951327,0.2350982281204456,0.23512453599562802,0.23514605702749622,0.2352035076771761,0.23516746299413852,0.23519457423269716,0.23518076064780213,0.2350313118802493,0.2351902718994192,0.23515535670881044,0.230375982802505,0.23320711399206573,0.22627585275372683,0.2313360708587428,0.25000000000000006,0.22829298455804722,0.22583064213629198,0.23353865242276556,0.23516436262793455,0.2351481496288885,0.2326383616111232,0.23240800633714367,0.23187052913893513,0.23346811028666561,0.22997995298189844,0.23420240496630693,0.23184741258781597,0.23481625181672305,0.23503057670557753,0.23517515590370416,0.23270764317955284,0.23244818524358177,0.2326126762282424,0.23366406906195686,0.23048721151166515,0.2345628340747614,0.23166851362233765,0.23495349855531328,0.2350602683336748,0.23516895825152836,0.23024105209994375,0.23327010885415345,0.2265703258019962,0.23191886507053605,0.22172588326506337,0.22861029355773405,0.22681721251423326,0.2331931518234465,0.23518131380950194,0.2351965479432517,0.23514649795028003,0.23508495327887372,0.23517786039945682,0.2352018804649095,0.23515896701962494,0.23513653631139758,0.23519998521576277,0.23498519014697877,0.23518839600759484
0.24306105215732238,0.24296570673012027,0.242992869677018,0.24301513869522987,0.24307466420912885,0.24303726459367414,0.24306530566376133,0.24305100359519338,0.24289657725354746,0.24306083358712088,0.24302486114838853,0.2380364345436258,0.24110160810762327,0.23415784369880338,0.23927809336926212,0.22829298455804722,0.25000000000000033,0.23354485987217707,0.2413413921021451,0.24303441548413107,0.24301727856664723,0.24045775973670455,0.2402301016419638,0.23970359112224554,0.24135209055020707,0.23794703651999158,0.24207410143348512,0.23965370562399466,0.24267744376207406,0.24289556114324098,0.24304504346226696,0.2404964635086376,0.24022022527704318,0.2403989971752878,0.24147845078782845,0.23821423823255045,0.24241163178073258,0.23942719654269076,0.24281706581433135,0.2429265857426811,0.243038740473898,0.23794793453389756,0.24107790340322552,0.2341632904310437,0.23969520481893666,0.2291505303414135,0.23627322275357338,0.23441682719864854,0.2410012705365388,0.2430515753717829,0.24306731877178844,0.24301559339164647,0.2429520002717806,0.24304800576433935,0.24307289455390788,0.2430284803980912,0.24300575340758704,0.24307087107805636,0.24284890219713406,0.24305889404096356
0.24044137160705523,0.24034705713369045,0.24037396321510768,0.2403959527683645,0.24045470789335696,0.24041783795151053,0.24044555066426326,0.2404314299961698,0.24027867405324552,0.24044115754212303,0.24040561775211475,0.2354581459862878,0.23842256769300027,0.23154177724473865,0.23667467054871966,0.22583064213629198,0.23354485987217707,0.25000000000000006,0.2386847689014379,0.2404150594504591,0.24039820894160543,0.23787392070253316,0.23763539702083994,0.23706122391622703,0.23873128624825748,0.23535006435652783,0.23945234566056706,0.23696481181847143,0.2400602763759611,0.24027774574313043,0.2404260171584658,0.2379032628622995,0.2376307902838474,0.23780821473245756,0.23888038356350835,0.2356398206883366,0.23979868029745283,0.2368437806537104,0.24019946142648418,0.24030831084462725,0.24041935079856477,0.23538120422496653,0.2384782292668035,0.2316316203994363,0.23710240242935107,0.22668087617942353,0.23371949079983975,0.2318847180458702,0.23840267686214037,0.24043199719411754,0.24044757153068688,0.24039640378460245,0.24033342827965568,0.24042846674854457,0.24045304698717188,0.24040915165808943,0.2403863222066356,0.2404510855475886,0.2402314999077143,0.2404392375974504
0.24820307943851344,0.24810572035980868,0.24813350359012426,0.24815619354599494,0.2482168674487421,0.24817878610912766,0.24820742084199957,0.24819281498705137,0.24803515000685328,0.24820285916717658,0.24816619022608505,0.24307291813332538,0.2461283511160093,0.23906698363199194,0.2444011588597777,0.23353865242276556,0.2413413921021451,0.2386847689014379,0.2500000000000001,0.2481760334890548,0.24815869473910127,0.2455430635983742,0.24533973131366707,0.24475964820266125,0.24647666350445616,0.24304233615397458,0.24720168447215352,0.24474226511955924,0.24781243734606942,0.2480339521496296,0.24818689416584133,0.2455861576785733,0.24529894288861456,0.24549117828234074,0.24658903376232744,0.2432655228924782,0.24754023011905504,0.24449769134382748,0.2479533128589935,0.24806584764294912,0.24818028385139604,0.24298197700688973,0.246178222815279,0.23912368058957434,0.2447731768434498,0.23400840594408695,0.24127871020620278,0.23938102565618963,0.24610355108133283,0.24819340250602961,0.24820947904641155,0.24815665899634962,0.24809164992383925,0.24818975744363184,0.24821520082513004,0.2481698191402348,0.2481467264624148,0.24821310650701006,0.24798644779129275,0.24820087609212682
0.2499327986246092,0.24983476109479363,0.249862742941784,0.24988558553045054,0.24994669100570682,0.24990833596250378,0.24993717833701162,0.24992246161371906,0.24976370688773142,0.2499325770352562,0.2498956527443891,0.24477301666420742,0.24784692427172902,0.24074649763306458,0.24607935967436412,0.23516436262793455,0.24303441548413107,0.2404150594504591,0.2481760334890548,0.25000000000000017,0.24988811176493633,0.2472596064273359,0.24705242212602052,0.24647351820582497,0.24819460174378408,0.24471728767172696,0.24892523080682827,0.2464460966425245,0.24953958490814912,0.2497624756526922,0.24991644684920916,0.24729803657971247,0.24700872760843917,0.2472029337736969,0.2483083772069748,0.24496306857253908,0.24926535457342616,0.2462025678733407,0.24968118157098718,0.2497946236057521,0.24990983708718903,0.24467561268436536,0.24789404348330937,0.24079188467327292,0.2464808990197609,0.23564040469324823,0.24296186620630025,0.24105049036290363,0.2478191518346059,0.24992305410771185,0.24993924261604922,0.24988605440673173,0.24982059350406693,0.24991938356282664,0.2499450119339284,0.2498993063430885,0.24987610651038475,0.24994289535710376,0.24971465877328597,0.24993057970885618
0.24991532015574966,0.24981728947596119,0.2498452693254596,0.24986811036118164,0.2499292117840979,0.24989085920883974,0.2499196997587381,0.24990498386438317,0.24974624035236914,0.24991509858252672,0.24987817693094905,0.2447558976071437,0.24782970429702267,0.24073003198670298,0.24606225723184932,0.2351481496288885,0.24301727856664723,0.24039820894160543,0.24815869473910127,0.24988811176493633,0.2500000000000002,0.24724207723877764,0.24703519543914737,0.2464566106662311,0.24817732996391886,0.24470022415874743,0.24890786161766684,0.24642886089716895,0.2495221358766206,0.24974500893472296,0.2498989695567142,0.2472807430662266,0.2469914498961152,0.24718564709247476,0.2482910051176462,0.24494594573499856,0.2492479225201758,0.2461853534893291,0.24966372197018502,0.2497771548688329,0.2498923601894512,0.2446585027281663,0.24787670798362924,0.2407750503013932,0.24646366976928383,0.2356239293918938,0.24294488145946355,0.2410336379848989,0.24780182449179164,0.24990557631764393,0.24992176369376273,0.24986857920368796,0.2498031228485026,0.2499019060292974,0.2499275326423113,0.24988183021376406,0.2498586322074479,0.2499254161793753,0.24969719556429223,0.24991310139239406
0.24728667271963178,0.24718967435414416,0.24721738027866513,0.24723995874249274,0.2473004125220938,0.24726246814432012,0.24729101134230513,0.24727644324756703,0.24711938179559553,0.24728645447016762,0.24725007855950276,0.24212971195566274,0.24521830210434908,0.23816727559382003,0.2434782603444386,0.2326383616111232,0.24045775973670455,0.23787392070253316,0.2455430635983742,0.2472596064273359,0.24724207723877764,0.25000000000000006,0.2444076468684096,0.24385564976476262,0.24556269420348936,0.24212335532610957,0.2462880567992364,0.24383306359461757,0.24689708655264123,0.24711818620150622,0.24727052195507548,0.24467911745910126,0.2443926668139895,0.24458395955254428,0.24567926637347293,0.2423655100973605,0.2466260388472424,0.2435941477405708,0.24703791346525858,0.24714993742308056,0.24726396478100487,0.24208481947034036,0.245269188501824,0.23823946302844975,0.2438681671357444,0.23314318174029344,0.24038677571729913,0.23849635139469696,0.24519449074158878,0.24727703124300537,0.24729304845890754,0.24724042347223799,0.2471756558778518,0.24727339967807094,0.24729874340396055,0.24725353496900482,0.24723049371944664,0.24729666252576837,0.24707083958715098,0.2472844772676146
0.2470794444578009,0.2469825264708605,0.24701019278690695,0.24703277029125928,0.24709317214663323,0.24705526084995988,0.24708376683129296,0.24706922520237357,0.24691227994757353,0.24707922537083446,0.2470427362733933,0.24196229738972652,0.24501430357442755,0.2379418590304152,0.24324701909096924,0.23240800633714367,0.2402301016419638,0.23763539702083994,0.24533973131366707,0.24705242212602052,0.24703519543914737,0.2444076468684096,0.25000000000000017,0.24362176747028075,0.245349693968049,0.2418821040089333,0.24607397654562113,0.24361648810072187,0.2466877732452306,0.2469112224653461,0.24706295995139957,0.24447466049276412,0.2441559680735025,0.2443762611584777,0.24552275355020692,0.24215745482048184,0.24641839693206377,0.24338705162517904,0.2468312208724318,0.2469427845559322,0.24705674736557678,0.24188368048301373,0.24506426885320118,0.23803555893695616,0.24366268817491696,0.23293754288820007,0.2401835456257743,0.23829452360727482,0.2449871040144465,0.2470698113947724,0.24708581492969126,0.24703323424542034,0.24696859000022114,0.24706618260409924,0.2470915018216592,0.2470463345194748,0.2470233688592455,0.24708942596635106,0.24686379173921819,0.24707725091956642
0.24650069268251787,0.24640400279910282,0.2464316237368013,0.24645412707838923,0.24651439215581544,0.24647656490189584,0.24650498658145942,0.24649049545325968,0.24633391043228214,0.24650047407564757,0.24646406792341927,0.24140206898226202,0.24444410106078654,0.23731509547942464,0.24271858880725658,0.23187052913893513,0.23970359112224554,0.23706122391622703,0.24475964820266125,0.24647351820582497,0.2464566106662311,0.24385564976476262,0.24362176747028075,0.24999999999999978,0.24476403115609713,0.2413551114397725,0.24549391265414713,0.2430475257214948,0.24611234326709291,0.24633278728180472,0.2464845531549091,0.24390140353881132,0.2436212938981743,0.24380737832545885,0.24490138019340915,0.24159421143566498,0.24584234172505956,0.24281979428023365,0.24625193844107848,0.24636437388977855,0.24647806329428298,0.24131523276098418,0.24448976261668864,0.23748259020657556,0.24309206461020932,0.23240227820602,0.23962224326164294,0.23773765768049057,0.24441418214960378,0.2464910819066439,0.2465070481567767,0.24645459053738794,0.24639004934651557,0.24648746183120193,0.24651272060237409,0.24646766023041558,0.24644467548652488,0.24651065073560469,0.24628554419274887,0.24649850420729377
0.24822174966112304,0.24812438345383533,0.24815217551071544,0.2481748597759893,0.248235544422382,0.24819745435588397,0.24822608533757348,0.2482114833610211,0.248053805718839,0.24822152922696888,0.24818485826907058,0.2430881252099436,0.2461499771943749,0.23904837317106933,0.244401619012081,0.23346811028666561,0.24135209055020707,0.23873128624825748,0.24647666350445616,0.24819460174378408,0.24817732996391886,0.24556269420348936,0.245349693968049,0.24476403115609713,0.2499999999999999,0.24300617231456595,0.2472400224497879,0.24473617915763618,0.24783411710654005,0.24805289390943772,0.2482055533392305,0.2456105910808406,0.24539827563651537,0.245517422805558,0.2466006126329857,0.24329062248231756,0.24756664516290064,0.24451615619097936,0.2479781231558257,0.24808448188665533,0.24819897718674902,0.24300457883466728,0.24619589884564386,0.2391459224630226,0.24478569524816868,0.23403237921945827,0.24128973926624608,0.23939701784272194,0.24612014639517718,0.24821207171053994,0.24822814957697123,0.24817532576474363,0.24811032696448934,0.24820842651926953,0.248233858722515,0.24818848662412396,0.24816527191296323,0.24823177730781032,0.24800509691098344,0.24821954597297874
0.24474412644061233,0.2446481248761938,0.24467552868060838,0.24469789393373567,0.24475770743002667,0.24472017112411265,0.2447483525851882,0.24473400486335375,0.24457850014755783,0.24474390796127088,0.24470774362323078,0.23966055497463556,0.24269392481097332,0.23565651968604912,0.24098208928011944,0.22997995298189844,0.23794703651999158,0.23535006435652783,0.24304233615397458,0.24471728767172696,0.24470022415874743,0.24212335532610957,0.2418821040089333,0.2413551114397725,0.24300617231456595,0.24999999999999983,0.24373864480969265,0.24131317767087315,0.24435768223858742,0.24457760572780196,0.24472807195675608,0.24216220653960535,0.24191383356436377,0.2420681853930609,0.24316392558516084,0.23986778400771713,0.24408887982242514,0.24108644247715338,0.2444980611354466,0.2446087288169709,0.24472165991459244,0.2395960308813781,0.24274771343823046,0.23578862012187718,0.2413567866469143,0.2307401191346764,0.2379112129299959,0.2360412547804179,0.2426697244492036,0.2447345848133531,0.24475043706443625,0.24469835355349473,0.24463434711182255,0.2447309903123635,0.2447560610120097,0.2447113297534119,0.244688513118074,0.24475401396853513,0.24453050888376837,0.24474195399652016
0.2489523915096714,0.24885473852419804,0.24888261000017073,0.24890536365211774,0.24896622972909205,0.24892802482614512,0.2489567490265029,0.2489420951348317,0.24878395918163598,0.24895217061155955,0.2489153911299623,0.24380875679801328,0.24687545457513813,0.23977931076110395,0.2451181848138813,0.23420240496630693,0.24207410143348512,0.23945234566056706,0.24720168447215352,0.24892523080682827,0.24890786161766684,0.2462880567992364,0.24607397654562113,0.24549391265414713,0.2472400224497879,0.24373864480969265,0.25,0.24546645381559573,0.24859083019879125,0.24878294148944805,0.24893620198967528,0.24633130741039705,0.24605629002384075,0.2462572043638094,0.2474329098784394,0.24401837743629673,0.24828842617234956,0.24523907281310625,0.24872162335783873,0.24881477286777248,0.2489295363419508,0.24371933089335154,0.2469225034054322,0.2398606732465876,0.24551784465928464,0.23473088262769728,0.24201366935035268,0.24010864551072283,0.24684705746742228,0.2489426853669454,0.24895881023308988,0.2489058306822996,0.24884064251441812,0.24893902907159154,0.2489645803541668,0.24891903061479,0.24889598903537352,0.24896244864563433,0.24873510790010483,0.248950181307773
0.24647299090593883,0.24637631073561903,0.2464039045235573,0.24642643168914596,0.24648667783932532,0.24644886670927826,0.24647729098093693,0.24646279763046766,0.24630622748768355,0.24647277207672746,0.2464363629265286,0.24137188500201862,0.244410082769238,0.23738059655715343,0.2426692859205129,0.23184741258781597,0.23965370562399466,0.23696481181847143,0.24474226511955924,0.2464460966425245,0.24642886089716895,0.24383306359461757,0.24361648810072187,0.2430475257214948,0.24473617915763618,0.24131317767087315,0.24546645381559573,0.24999999999999967,0.24608049550575573,0.24630542568402236,0.246456999479611,0.24387349597823985,0.24361178314568127,0.2437856645928188,0.2449405851113637,0.2415693480742246,0.24581320080683167,0.24279322422687102,0.24622462002986695,0.2463366664518755,0.2464503739019414,0.24128932974034623,0.24446244165909564,0.23745715211609128,0.2430636866961848,0.23237809241785248,0.23959517992648752,0.23771025047674704,0.2443856029471315,0.24646338150295807,0.2464793459161885,0.24642689431599507,0.2463623808564907,0.24645976179849424,0.24648501376162263,0.24643996238047822,0.24641695196193728,0.2464829480888602,0.24625786486132326,0.24647080292558762
0.2495667593791174,0.2494688653856082,0.2494968057646546,0.2495196154339088,0.2495806328620194,0.2495423325769986,0.24957113413708862,0.24955643752268813,0.24939791591408203,0.24956653811261278,0.24952966756261405,0.24441473458125187,0.2474847172923097,0.24039373438474393,0.24571824463358363,0.23481625181672305,0.24267744376207406,0.2400602763759611,0.24781243734606942,0.24953958490814912,0.2495221358766206,0.24689708655264123,0.2466877732452306,0.24611234326709291,0.24783411710654005,0.24435768223858742,0.24859083019879125,0.24608049550575573,0.2499999999999999,0.24939671456996038,0.24955045720845576,0.24693896957221592,0.24666121781164874,0.24686980802116149,0.2479916038322614,0.24463230658550306,0.24895065483829543,0.24585378574561997,0.24933355556848694,0.2494288096344842,0.24954384485597575,0.2443184620123497,0.24753136978868082,0.24045144811410268,0.24612416120259553,0.23531143996088077,0.24261166347404883,0.24069992747260652,0.2474573072495605,0.24955702911161645,0.24957319392106758,0.24952008354205976,0.24945470739435213,0.24955336395058164,0.24957898705487877,0.2495333161465877,0.24951020327900691,0.24957684131314775,0.2493489396398438,0.2495645437017846
0.24978966927533836,0.24969168788463703,0.24971965366993543,0.2497424832181662,0.24980355383061703,0.24976522062540105,0.24979404662833268,0.2497793381839041,0.24962067444974928,0.2497894478140435,0.24975254462866073,0.24463297007632137,0.2477050541360784,0.24060939812283608,0.24593873857624238,0.23503057670557753,0.24289556114324098,0.24027774574313043,0.2480339521496296,0.2497624756526922,0.24974500893472296,0.24711818620150622,0.2469112224653461,0.24633278728180472,0.24805289390943772,0.24457760572780196,0.24878294148944805,0.24630542568402236,0.24939671456996038,0.25,0.24977332213887582,0.24715645881980677,0.24686728496650448,0.24706145610154476,0.24816618790637227,0.24482304475741065,0.249122619315891,0.2460616808742794,0.24953820066689147,0.24965157484649053,0.24976672002887446,0.2445355356869781,0.2477521067429584,0.24065419057110304,0.24633997549594572,0.23550557149820925,0.24282291572634745,0.24091258713180014,0.2476772897550545,0.2497799303462931,0.24979610957491769,0.24974295181900602,0.24967752889221628,0.2497762618930541,0.2498018766599592,0.24975619617474953,0.24973301678704055,0.24979976022423925,0.24957165454584607,0.24978745162880922
0.24994365746730127,0.24984561568433153,0.249873598808003,0.2498964423224568,0.24995755032300085,0.24991919373766355,0.2499480371810222,0.24993332000743784,0.24977455827974301,0.24994343586802198,0.24990650997739086,0.2447836774697107,0.2478576292555279,0.24075735320529065,0.24609011906525866,0.23517515590370416,0.24304504346226696,0.2404260171584658,0.24818689416584133,0.24991644684920916,0.2498989695567142,0.24727052195507548,0.24706295995139957,0.2464845531549091,0.2482055533392305,0.24472807195675608,0.24893620198967528,0.246456999479611,0.24955045720845576,0.24977332213887582,0.25000000000000006,0.24730867168680684,0.24701984100534746,0.24721384146276812,0.2483201043675228,0.24497396812230487,0.24927632444364015,0.24621332895477246,0.2496920608473278,0.2498054771202045,0.24992069474547293,0.24468613333885808,0.24790478892427217,0.24080236331975188,0.24649160816128382,0.2356507072992805,0.24297238087102185,0.2410609682665732,0.24782995337032,0.2499339125248297,0.24995010174075533,0.24989691121733584,0.24983144657824144,0.24993024182484774,0.24995587150317186,0.24991016373341252,0.24988696294080157,0.24995375464053687,0.24972550816471645,0.24994143845721012
0.24732496893884068,0.24722795435615524,0.24725564357646498,0.24727824854861763,0.2473387140497828,0.2473007615152345,0.2473293014021429,0.24731473995062336,0.24715764028503961,0.2473247496335785,0.24728821013569313,0.2422175319053724,0.24525971236815453,0.23823049447715702,0.24351002438995717,0.23270764317955284,0.2404964635086376,0.2379032628622995,0.2455861576785733,0.24729803657971247,0.2472807430662266,0.24467911745910126,0.24447466049276412,0.24390140353881132,0.2456105910808406,0.24216220653960535,0.24633130741039705,0.24387349597823985,0.24693896957221592,0.24715645881980677,0.24730867168680684,0.24999999999999992,0.2444018330110854,0.24461354222045986,0.24570807281991958,0.2423853949775748,0.2466595153119384,0.243625216470923,0.24707671112912147,0.24718817245356453,0.2473022718734329,0.24206950302255495,0.24530502379835722,0.2382565883638879,0.24390354515479606,0.23315273046422663,0.24041724311563573,0.23852725946233796,0.24523198509181907,0.24731532595388092,0.24733134573633528,0.24727871266294218,0.2472139508854644,0.24731169391959826,0.24733702704252555,0.2472918261223387,0.24726875706383167,0.24733496036217711,0.2471091019758084,0.24732277321694335
0.24703561557435125,0.2469387144040866,0.24696637091812004,0.24698894978472988,0.24704934870745215,0.2470114365368952,0.24703994731042364,0.24702539844342566,0.2468684851346438,0.24703539656587215,0.2469988999211455,0.24193627631552583,0.2449748088090313,0.23796187908455146,0.24322986442076963,0.23244818524358177,0.24022022527704318,0.2376307902838474,0.24529894288861456,0.24700872760843917,0.2469914498961152,0.2443926668139895,0.2441559680735025,0.2436212938981743,0.24539827563651537,0.24191383356436377,0.24605629002384075,0.24361178314568127,0.24666121781164874,0.24686728496650448,0.24701984100534746,0.2444018330110854,0.24999999999999994,0.24430561889009536,0.24542452980930918,0.24207913781348991,0.2463733154157958,0.2433329874190749,0.24678671264512395,0.2468989124337249,0.24701296445150717,0.2417866920975228,0.24502142132556065,0.237949820013522,0.2436209402992591,0.2328531743576358,0.2401405043546916,0.23824256534094537,0.2449449666823299,0.24702598381443655,0.24704198485744594,0.2469894134195566,0.24692474636508707,0.24702235603312217,0.2470476500852188,0.24700251145962418,0.24697947656473093,0.24704559525388664,0.24682000043099295,0.2470334223667993
