x1,x2,x3,x4,x5,x6,x7,x8,x9,x10,x11,x12,x13,x14,x15,x16,x17,x18,x19,x20,x21,x22,x23,x24,x25,x26,x27,x28,x29,x30,x31,x32,x33,x34,x35,x36,x37,x38,x39,x40,x41,x42,x43,x44,x45,x46,x47,x48,x49,x50,x51,x52,x53,x54,x55,x56,x57,x58,x59,x60
0.2500000000000001,0.2494020414923939,0.2485323341564148,0.24959193582129974,0.24716161118497187,0.24955469464917812,0.24739354828392668,0.24950547935195475,0.24787258268874265,0.24960965269188728,0.24925189441544118,0.2220321280205738,0.15644586199057925,0.19870492163755316,0.13977921592391718,0.16499890508737972,0.1537433709928604,0.22856916372890793,0.15125458313953585,0.24929125115070067,0.2473960744924833,0.16522918203337897,0.22337248567175577,0.18882243009371724,0.21499841653819304,0.18561932531847328,0.20772439947711538,0.16757288300089196,0.19199080899421087,0.2489959802576511,0.24836640498692883,0.20458432933225354,0.1712074191383682,0.2015231180138449,0.1921863343719727,0.18390907037595744,0.20676064533953603,0.16233336524786024,0.19591620942023133,0.24943019314846798,0.24876189298664556,0.17505585372756075,0.1942572602491683,0.1670909432061195,0.1504218845791478,0.19584183595577076,0.13315826536105105,0.23207695108401888,0.14498916278252907,0.24913799483473456,0.24854996072612423,0.2495550192566504,0.2477219551633493,0.24959475951213378,0.24750797282354484,0.24953104360178371,0.24805848594431226,0.24956927399215664,0.24807784032246244,0.2496117631961462
0.2494020414923939,0.25000000000000006,0.24867802147354945,0.24973792590966726,0.24730586088776868,0.24970063392831665,0.24753838354502947,0.2496514008253241,0.24801758213193445,0.24975564942506862,0.24939761454308773,0.22216280410938324,0.15651916176994188,0.19882398423300185,0.13985039478405545,0.1650979891958535,0.1538314740319563,0.22870384665258187,0.15134235208358876,0.24943708557753888,0.24754091919661422,0.16532409928443356,0.2235052743345751,0.18892926474296917,0.21512687788924395,0.18572440727161926,0.20784893400364,0.16766750773782668,0.19210542428556696,0.24914161122136375,0.2485116228794771,0.2047051326344017,0.1713058926587922,0.20164201484439032,0.192296176577483,0.18401790325608564,0.2068795773541223,0.1624297999573651,0.1960293327830839,0.249576086177699,0.24890738647776514,0.17515699669960835,0.1943721881471661,0.16718665773413824,0.15051058221181837,0.19595460332483694,0.13323581508608012,0.2322123230946646,0.14507441347971034,0.2492837093089899,0.24869533739933078,0.24970098379014882,0.2478668286088156,0.2497407472943705,0.247652704489335,0.24967699406781896,0.24820356281627357,0.2497152468570751,0.24822293247458296,0.2497577609088493
0.2485323341564148,0.24867802147354945,0.24999999999999997,0.24886703557378045,0.24644925120124606,0.24882985585928274,0.2466807863241514,0.2487803778135054,0.24715198797130017,0.24888452334609742,0.2485268771365407,0.22142098714278366,0.15558473974621934,0.1981380729907171,0.13939650448868238,0.1645488160424119,0.1532588445414027,0.2279150870342856,0.15081117756465848,0.2485672076873703,0.24667813331362953,0.1647686953274274,0.22273479255358186,0.18826155165135966,0.21438868884482884,0.18506158646600882,0.207138375385703,0.16706835062418993,0.19144598260748016,0.2482725886783664,0.24764461476155195,0.2039959174301892,0.17070240425608396,0.20094280960769634,0.1916151512416127,0.18338119439642891,0.2061498244828113,0.16186935811708186,0.19533926976863092,0.2487055860416198,0.24803918201479871,0.17454046785089164,0.19369991741117762,0.16659473985390663,0.14998846877837094,0.1952634976613972,0.13276943559052468,0.2314009147804251,0.14457033440056824,0.24841419779091653,0.2478279026375511,0.2488300413992521,0.24700219806321908,0.24886966622820209,0.24678874813486743,0.24880613513325264,0.2473377870392443,0.248844254689744,0.2473571084063665,0.24888662043700951
0.24959193582129974,0.24973792590966726,0.24886703557378045,0.25000000000000006,0.24749378100968764,0.24989055784841485,0.2477266054138466,0.24984128718922358,0.24820614525191592,0.2499456075575324,0.24958728309981282,0.22233331741364085,0.15663825408999862,0.19897594244956165,0.1399562359817186,0.16522320828431442,0.1539491490652599,0.22887764280992265,0.15145737173950502,0.24962680178278088,0.24772919775903313,0.16544881847682277,0.22367536624510095,0.18907253749453806,0.21529055845106235,0.18586548905972775,0.20800709500652176,0.16779475136769903,0.19225168093578182,0.24933110188982566,0.24870063013215632,0.20486093647625694,0.17143606541164083,0.20179549077725348,0.1924422709932842,0.18415796949806895,0.20703673430355318,0.16255348335498412,0.19617828525416067,0.24976590794239248,0.24909669878695664,0.17529013896636067,0.1945201324240658,0.16731368370066008,0.15062512857873378,0.19610350522811948,0.13333713261356567,0.2323889003601999,0.14518479175285806,0.24947330791261146,0.24888448915400052,0.24989090041608578,0.24805534906786833,0.2499306941641755,0.24784106077763646,0.24986689244656834,0.24839233979111447,0.2499051743309642,0.24841172426698593,0.24994772071751392
0.24716161118497187,0.24730586088776868,0.24644925120124606,0.24749378100968764,0.25000000000000017,0.2474562823537692,0.2453160333017557,0.24740901842915738,0.2457827651191929,0.24751146656950795,0.2471554638282209,0.22021522330470028,0.1547197915336059,0.1970242347809758,0.13757584689964325,0.1632915812810145,0.15241439307580198,0.22662294320946663,0.14998629794895693,0.24719703329363368,0.24532539160635863,0.16348045359231117,0.22164736494507606,0.1868043730526117,0.21336033891576878,0.18383980025871258,0.20620294055120295,0.16578180747602314,0.19061310414821167,0.2469021368448286,0.2462722788584369,0.2030080567571437,0.16962605609759088,0.199964883417362,0.19033202501149502,0.18250419930095207,0.20477852730242968,0.16115353239726216,0.19407487315894784,0.24733371921897496,0.24666989732617547,0.17345658931417846,0.19278010750640964,0.1654805287677719,0.14924752266209454,0.19399805647434126,0.13200302793519367,0.23007883824972353,0.14382413485892132,0.2470429741460679,0.24646069753024588,0.24745730827191176,0.24563773100854858,0.24749671525798517,0.24542362773087514,0.24743353067726465,0.24597208925343494,0.24747144274414576,0.24599156411550108,0.2475135742399846
0.24955469464917812,0.24970063392831665,0.24882985585928274,0.24989055784841485,0.2474562823537692,0.2500000000000002,0.2476895799337339,0.24980399143657372,0.24816905513888862,0.24990829516782595,0.24955000970723326,0.22230118183865347,0.15661233086369072,0.19894883258359844,0.13993355638830296,0.16520146074625588,0.15392551877014457,0.22884419058216487,0.1514342990552307,0.24958954783470533,0.24769226372019243,0.16542272800028227,0.22364286613150244,0.18904361288706859,0.2152595666024526,0.18583620356627548,0.20797725225778352,0.1677684273202484,0.1922238335382193,0.24929387788631194,0.2486634908083307,0.20483071001366865,0.1714102507066167,0.20176559182638756,0.1924131965354077,0.18413069425445158,0.20700540895009023,0.16252957593574985,0.196148510250299,0.2497286228404414,0.24905951088305098,0.17526353534461775,0.19449154145190642,0.16728812890248002,0.15060277897875018,0.19607376374729746,0.13331702137444668,0.23235415128252562,0.1451632630631565,0.24943606476115968,0.24884733507905188,0.24985359610124797,0.2480183118487881,0.24989338390957475,0.24780405001689287,0.2498295916925464,0.24835525430764185,0.24986786788345786,0.2483746376423049,0.24991040791697464
0.24739354828392668,0.24753838354502947,0.2466807863241514,0.2477266054138466,0.2453160333017557,0.2476895799337339,0.25,0.2476397987362977,0.2460112596980719,0.24774417409412813,0.24738841285024257,0.22032319992467847,0.15524280271311544,0.19711906382618866,0.13910507767485608,0.1634822242138565,0.151949357229915,0.22682606696607102,0.1501516744053865,0.24742826512640068,0.2455495272293776,0.1637902891307084,0.22171683759013897,0.1872478726300238,0.21342678484682828,0.18391798400797071,0.20631717038672623,0.16603275346010968,0.19070967729478344,0.2471344764677558,0.24650535053276507,0.20315296389761636,0.16989589398685864,0.20011654578136034,0.1906060257168184,0.1826344533745509,0.2050252004846134,0.16126291780019628,0.19430098023734535,0.247566194705305,0.24690200012958274,0.17367111452838147,0.1929148921251274,0.16572256903296487,0.14936444465506046,0.1942448918360503,0.13214172704972268,0.23030566121402773,0.14394393859904211,0.24727539450762906,0.24669240194683928,0.24768994966792798,0.24586947382737126,0.24772939363338234,0.24565577778912034,0.24766615210065782,0.24620386915214013,0.24770409776110758,0.24622314936954132,0.2477462689987881
0.24950547935195475,0.2496514008253241,0.2487803778135054,0.24984128718922358,0.24740901842915738,0.24980399143657372,0.2476397987362977,0.25000000000000006,0.24812011415590235,0.2498590187266409,0.24950081167540586,0.22225774981321245,0.1565826916598127,0.19891055227126006,0.1399095857286246,0.16517118222876026,0.15389592987896725,0.2287996325749921,0.15140416703683726,0.24954033468661102,0.24764339685924652,0.16539053473915544,0.22359853599482596,0.18900785131890463,0.21521691831216153,0.18580067926061317,0.20793590338299758,0.16773612067670937,0.19218548250294498,0.24924472325348862,0.24861447886231483,0.20478997456302891,0.17137718445900219,0.20172538145399904,0.19237636924206714,0.1840938542245293,0.20696542429256937,0.16249697221267215,0.1961102529572418,0.24967938151261213,0.2490104041348777,0.17522923964000572,0.19445286541101955,0.1672556973111328,0.1505727797494024,0.1960356735467801,0.13329071191354586,0.2323085087414436,0.14513451895754803,0.2493868841536925,0.2487982678755342,0.24980433048292078,0.2479694117279,0.24984411044347443,0.24775519636106047,0.24978033080656067,0.24830628613151082,0.24981859945241278,0.2483256654297175,0.2498611310988903
0.24787258268874265,0.24801758213193445,0.24715198797130017,0.24820614525191592,0.2457827651191929,0.24816905513888862,0.2460112596980719,0.24812011415590235,0.25,0.24822377988149247,0.2478668745199712,0.2207536202938462,0.15548068857619854,0.19750267816125702,0.13902227310047013,0.16395075139183776,0.1529707256032946,0.22732545910057608,0.14985649791816436,0.24790812953800243,0.24601742111432978,0.16435623129377444,0.22207383597402158,0.18779736051166765,0.2137303890249155,0.18458123520285777,0.2064685432226753,0.16664002445372605,0.19084035992990114,0.24761372003586848,0.2469890841104017,0.2034034440722337,0.17028354359338654,0.20035604518684502,0.1911994256463106,0.18283814329264877,0.20569110819874112,0.16137037920423697,0.19488036382065868,0.24804526053854214,0.24738102581054147,0.17411509837662356,0.1931325208838944,0.16620857679511117,0.14956245196307844,0.19480531004766027,0.1324314925077704,0.2308006526669442,0.1441687813183909,0.24775496228076904,0.24716997073631525,0.24816944886556808,0.24634706533182443,0.24820896824457778,0.24613480160219703,0.24814560735452595,0.24668157075495323,0.2481836245351097,0.24670075063052085,0.24822587800059856
0.24960965269188728,0.24975564942506862,0.24888452334609742,0.2499456075575324,0.24751146656950795,0.24990829516782595,0.24774417409412813,0.2498590187266409,0.24822377988149247,0.25000000000000006,0.24960501092499338,0.22234851232288436,0.15665223033141276,0.19898934092706744,0.13996922127859396,0.16523477909615603,0.15396024683872203,0.22889376672165895,0.15146828240041912,0.24964451228387274,0.24774674388918597,0.16546139258000642,0.22369070391868048,0.1890870660999068,0.21530519274123716,0.18587956325889154,0.20802111303750767,0.16780762202240138,0.19226469464070803,0.24934879876266994,0.24871829572628623,0.2048751366694433,0.17144869658276504,0.20180949608597237,0.1924566443681813,0.18417066936920484,0.2070520271902524,0.1625645752445304,0.19619264691956614,0.2497836333765444,0.2491143793236863,0.17530291957961908,0.1945335612777701,0.16732611579741344,0.1506356012196801,0.19611793099338298,0.1333466825841949,0.23240550641090885,0.14519496608506238,0.24949101491446615,0.24890215247280612,0.24990863515887127,0.24807295867390247,0.24994843172952919,0.247858659914353,0.24988462549618629,0.2484099715150605,0.24992291008831727,0.24842935641344513,0.24996545949560448
0.24925189441544118,0.24939761454308773,0.2485268771365407,0.24958728309981282,0.2471554638282209,0.24955000970723326,0.24738841285024257,0.24950081167540586,0.2478668745199712,0.24960501092499338,0.25,0.22198876798231115,0.15653204797946435,0.19865975210085346,0.13982394832334324,0.1649626686664266,0.1537692814834794,0.22855573136426124,0.1512572276890908,0.24928641508967048,0.24739020055394195,0.16527537594112798,0.22334953242856073,0.18885003736447967,0.21497068065870703,0.18564002408219096,0.20769565461227957,0.16759477840413325,0.19197000779785578,0.24899139419444977,0.24836213571549612,0.20457275599431704,0.17121808913829317,0.20151256364663808,0.19220299177032615,0.18389646231704262,0.20677082727539361,0.16232020545061937,0.19592215034903634,0.2494255447860852,0.24875731327347606,0.17506194406314426,0.19424455127982862,0.16710288452505717,0.15041431228658247,0.19585095104982295,0.13315828678722652,0.2320750557044651,0.14498338705902772,0.24913340137615453,0.24854533893395644,0.24955037876869127,0.24771749156612408,0.2495901182606748,0.24750363023791558,0.2495264039317558,0.24805396605999178,0.249564633292472,0.24807328596649014,0.24960712173266483
0.2220321280205738,0.22216280410938324,0.22142098714278366,0.22233331741364085,0.22021522330470028,0.22230118183865347,0.22032319992467847,0.22225774981321245,0.2207536202938462,0.22234851232288436,0.22198876798231115,0.25000000000000017,0.1290854879901505,0.18099987235115056,0.12200791238198316,0.14602117772907036,0.13554604868528605,0.2035209108596485,0.13479859295985488,0.2220794854255967,0.2204877322895931,0.13838138660701077,0.20090618617389036,0.1641864034358685,0.19379411582512326,0.162263698138231,0.1876846274440778,0.14547709043830248,0.17337993374842162,0.2217941134817896,0.22118236042793668,0.18354900739074434,0.15092349528663943,0.18070770779686682,0.1687377350375669,0.1651624761006494,0.18191741674916473,0.1462864683670581,0.1727697034409956,0.22219036990897867,0.2215848667624814,0.15463885026724267,0.17450225386558668,0.1467501195608502,0.13481387002872444,0.17253533388592082,0.11825737176661527,0.2063018061269162,0.12965635319379157,0.22192107946322803,0.22140454107671345,0.22229983587758326,0.22064739225525215,0.22233524220227613,0.2204384555548616,0.2222784378583789,0.2209539026026983,0.22231252827939763,0.2209746377226568,0.2223503720897343
0.15644586199057925,0.15651916176994188,0.15558473974621934,0.15663825408999862,0.1547197915336059,0.15661233086369072,0.15524280271311544,0.1565826916598127,0.15548068857619854,0.15665223033141276,0.15653204797946435,0.1290854879901505,0.2500000000000002,0.10574814897456525,0.08934064582599413,0.09343066340113686,0.10263375246938782,0.14182789524544814,0.09547417983845846,0.15641724787059388,0.1550509142153608,0.10715218567602353,0.13661433837806378,0.1229865001865979,0.130191797512448,0.12471858510416499,0.12523499961909912,0.11146353944579666,0.11658879223497276,0.15628065696299637,0.1559512952493477,0.12653856903497568,0.10928874531197955,0.1249738128243164,0.123671636591178,0.1137682279273694,0.1327469201301758,0.0996099491822634,0.12548905394022244,0.1565371807117148,0.15613223453695105,0.11185050898561241,0.11974015701711034,0.10778512737648625,0.09341528428084706,0.12551509792039933,0.08429212107872638,0.14614303023439623,0.09026593426506264,0.1563652225008331,0.1559873774429047,0.15661813900186702,0.15549832913064784,0.156643072432705,0.15539113590025905,0.15660317314472863,0.15569977557359488,0.1566270935208734,0.15570549654143068,0.15665376684259336
0.19870492163755316,0.19882398423300185,0.1981380729907171,0.19897594244956165,0.1970242347809758,0.19894883258359844,0.19711906382618866,0.19891055227126006,0.19750267816125702,0.19898934092706744,0.19865975210085346,0.18099987235115056,0.10574814897456525,0.2500000000000001,0.08905156095188094,0.13414623008285803,0.1176822621540732,0.18039443285768197,0.12259625434422795,0.1987373051804367,0.1972725366319993,0.12322706813674841,0.1797868754837617,0.13877625884414663,0.1733811464082972,0.14126378497736042,0.16889754441150318,0.12465063035463951,0.15757195895728304,0.19847795841793375,0.1978681052543901,0.16613514870560825,0.1358910633296721,0.16337988704822287,0.15143589516884365,0.14868426961927292,0.16004230994970797,0.1332278233057017,0.15160624525026625,0.19885048026684216,0.19829138439499205,0.1374651856975374,0.15812664312707686,0.13035692451169642,0.12157347109400336,0.15289281381676761,0.1052110878205791,0.18415315970048976,0.11669266506293532,0.19859674699668997,0.1981444692617262,0.1989457184760687,0.19745283569733393,0.19897741932837668,0.19724420467005474,0.19892655717130908,0.19772999630737878,0.1989570820974059,0.19774711637655662,0.1989909406449672
0.13977921592391718,0.13985039478405545,0.13939650448868238,0.1399562359817186,0.13757584689964325,0.13993355638830296,0.13910507767485608,0.1399095857286246,0.13902227310047013,0.13996922127859396,0.13982394832334324,0.12200791238198316,0.08934064582599413,0.08905156095188094,0.25000000000000044,0.055295270494307124,0.09323535617174597,0.12397235635304478,0.08686002240280086,0.13974497078030446,0.13858240210806427,0.09945076614222072,0.12259062462457969,0.10739305750320705,0.11606692127378929,0.11047436623616891,0.1105069938389699,0.10179009651921735,0.10307409409955658,0.1396455697276672,0.13935800955579958,0.11258376060936043,0.09457745229699464,0.11129896512966125,0.10875862348317906,0.10182266170713908,0.11895121939403462,0.08831522769122514,0.11332539594185492,0.13986507566303655,0.1395103170319025,0.10000189565009573,0.10625107397876973,0.09566907651633964,0.08344949762218441,0.11202454680495762,0.07580613238967775,0.13055310545790866,0.08043507889213734,0.1397140585238972,0.1393750830036223,0.13993866648102596,0.13893985123413144,0.13996093937467793,0.13885000693471705,0.1399253018141477,0.13912109565587782,0.1399466599190921,0.13912758892824928,0.13997049721100316
0.16499890508737972,0.1650979891958535,0.1645488160424119,0.16522320828431442,0.1632915812810145,0.16520146074625588,0.1634822242138565,0.16517118222876026,0.16395075139183776,0.16523477909615603,0.1649626686664266,0.14602117772907036,0.09343066340113686,0.13414623008285803,0.055295270494307124,0.2500000000000003,0.06932828743558402,0.15496082712345863,0.09580672478882925,0.16504262097008188,0.1636733112101835,0.09945803747467949,0.14688004000018287,0.11940679770913161,0.14303819852194213,0.10157783123222518,0.14373793367169438,0.09484221755832889,0.13401589863688076,0.16479156341034293,0.16424004146078447,0.1393609857269446,0.11779230113349107,0.13693167108260795,0.12725448541536982,0.1240737081789327,0.13034689093858784,0.11293891785520893,0.12271093876228788,0.16512246375634915,0.16463999923047487,0.11348355281503822,0.1333092695713674,0.10845882352639459,0.10149196985543828,0.12611465356437698,0.08644827135513591,0.1526555661485126,0.09754082223767374,0.16490134431357903,0.1645331589225889,0.16519850234729555,0.16394831339887012,0.16522483976371738,0.16375587194443533,0.16518257503499598,0.16417934313815785,0.1652079490526123,0.16419168110366397,0.1652360539726263
0.1537433709928604,0.1538314740319563,0.1532588445414027,0.1539491490652599,0.15241439307580198,0.15392551877014457,0.151949357229915,0.15389592987896725,0.1529707256032946,0.15396024683872203,0.1537692814834794,0.13554604868528605,0.10263375246938782,0.1176822621540732,0.09323535617174597,0.06932828743558402,0.25000000000000044,0.1330024278859147,0.08932606468162561,0.15371560831346226,0.15262802658180638,0.10373263414531098,0.13780043606240022,0.1189579889365424,0.13120898174013929,0.1141058826317976,0.12609896863841555,0.10200534914367389,0.1175053036841226,0.1535919001486561,0.15320936897025964,0.1257347600831825,0.10205041530272152,0.12407047143929567,0.11680629553273109,0.11364523349933069,0.1279020932399709,0.09938573450786106,0.12215416094800213,0.15384815366416682,0.15344329088716172,0.10820758785207849,0.1189372663400914,0.10251505276366149,0.09284860638258328,0.12067770832264707,0.08279133040381981,0.14305008083625498,0.08917697232425385,0.15366980973595562,0.153306652257119,0.15392657516489974,0.15280081839804688,0.1539510832001773,0.15267613754636084,0.1539118137901059,0.1530089174541785,0.15393536143402162,0.15302079989653858,0.1539615738575737
0.22856916372890793,0.22870384665258187,0.2279150870342856,0.22887764280992265,0.22662294320946663,0.22884419058216487,0.22682606696607102,0.2287996325749921,0.22732545910057608,0.22889376672165895,0.22855573136426124,0.2035209108596485,0.14182789524544814,0.18039443285768197,0.12397235635304478,0.15496082712345863,0.1330024278859147,0.25000000000000056,0.13057870701216776,0.22870751390844585,0.22686509556021933,0.14773448671466566,0.20529634670916266,0.17166973419646755,0.1982381116250977,0.16702593411603517,0.1925886252444813,0.14762663057345965,0.17899078109122188,0.22831749716330924,0.22770942325757468,0.1889217853077697,0.1581952475357026,0.1857649754383452,0.1771501579794014,0.16906903509898696,0.18804119870898436,0.15039802054600138,0.17753363594604415,0.22873147639712155,0.22810692975968014,0.15948395780459562,0.17977731773459896,0.152338340185129,0.13831929014431965,0.17861683766137929,0.121276272989522,0.2127060861406072,0.13346697081765058,0.22845757712929013,0.22792198537242175,0.2288436323792638,0.22714521635781768,0.2288800801363602,0.22693183670749845,0.22882158658006957,0.22745797001178536,0.22885670463601507,0.2274790056118587,0.2288956608032246
0.15125458313953585,0.15134235208358876,0.15081117756465848,0.15145737173950502,0.14998629794895693,0.1514342990552307,0.1501516744053865,0.15140416703683726,0.14985649791816436,0.15146828240041912,0.1512572276890908,0.13479859295985488,0.09547417983845846,0.12259625434422795,0.08686002240280086,0.09580672478882925,0.08932606468162561,0.13057870701216776,0.25000000000000067,0.15115338640521817,0.15018866308415857,0.10090068676897934,0.13653116743161636,0.11507843127117114,0.1314676713986942,0.11542153003028778,0.12655873823035166,0.09878183021549744,0.11627595955992358,0.15109918239845882,0.15074037092936898,0.12364006977187338,0.10288147505898017,0.12174093781231111,0.11609276104893072,0.11127027143727045,0.12661317253226617,0.09753475636021099,0.11981075545182907,0.15135856470337625,0.1509590377862587,0.10634248411568592,0.11730343039645276,0.10143834332219046,0.09094245837587293,0.11928456697979593,0.08090879017722478,0.14102563698906623,0.08777696544768374,0.1511860853720104,0.15082526463104584,0.1514351492175999,0.15032420271365593,0.15145925833653642,0.15020031291356747,0.1514205868957904,0.150528263168518,0.1514437965217408,0.15054181221707957,0.15146958260923502
0.24929125115070067,0.24943708557753888,0.2485672076873703,0.24962680178278088,0.24719703329363368,0.24958954783470533,0.24742826512640068,0.24954033468661102,0.24790812953800243,0.24964451228387274,0.24928641508967048,0.2220794854255967,0.15641724787059388,0.1987373051804367,0.13974497078030446,0.16504262097008188,0.15371560831346226,0.22870751390844585,0.15115338640521817,0.25000000000000067,0.247430550292546,0.16517821790054493,0.22340739968514306,0.18878749371015377,0.21504097743640987,0.18556608711929296,0.20778582884003988,0.16749429430939047,0.19206182267928373,0.2490305530330836,0.24840013395209273,0.2046361935118976,0.17123950468208815,0.20157069224169044,0.1922086899437102,0.18394893552761524,0.2067541139250841,0.16238686572752092,0.1959053751459349,0.24946506602835777,0.2487964521293217,0.17506091593979783,0.19431313524466495,0.16708987511265058,0.1504550893983783,0.19584318882602583,0.13316674746245202,0.23210351265402557,0.1450190068873785,0.24917266918290273,0.24858467164273126,0.24958987062684035,0.24775624952819603,0.24962961657825763,0.24754191203372555,0.24956589096699858,0.24809291487685392,0.2496041273462996,0.248112308537825,0.2496466223682165
0.2473960744924833,0.24754091919661422,0.24667813331362953,0.24772919775903313,0.24532539160635863,0.24769226372019243,0.2455495272293776,0.24764339685924652,0.24601742111432978,0.24774674388918597,0.24739020055394195,0.2204877322895931,0.1550509142153608,0.1972725366319993,0.13858240210806427,0.1636733112101835,0.15262802658180638,0.22686509556021933,0.15018866308415857,0.247430550292546,0.2500000000000005,0.1632531532801229,0.22183019097830242,0.18706280960509897,0.213562170835039,0.18388803823006114,0.20644748987629508,0.1658560821697117,0.1908354284677077,0.24713661979491675,0.24650534639180124,0.2032184501705839,0.16981205213449355,0.20016906831960637,0.19050738691041252,0.1826923229854784,0.20493630988894007,0.16133677881856126,0.19422177972092972,0.24756884511918992,0.24690417690341512,0.17360157978359803,0.19298985105574412,0.16560987110697606,0.14940277183233477,0.19415176908429002,0.13212123157232858,0.23028979601402208,0.14397024618305856,0.2472776444924023,0.24669495811288136,0.24769251625747096,0.24587092474909786,0.24773196086053764,0.24565629265703345,0.2476687156543338,0.24620569297718795,0.2477066641490161,0.24622521116894608,0.2477488355822726
0.16522918203337897,0.16532409928443356,0.1647686953274274,0.16544881847682277,0.16348045359231117,0.16542272800028227,0.1637902891307084,0.16539053473915544,0.16435623129377444,0.16546139258000642,0.16527537594112798,0.13838138660701077,0.10715218567602353,0.12322706813674841,0.09945076614222072,0.09945803747467949,0.10373263414531098,0.14773448671466566,0.10090068676897934,0.16517821790054493,0.1632531532801229,0.2500000000000007,0.13928848686168152,0.13046313167725446,0.13630878692995424,0.13029966518932287,0.1304235791762039,0.11916962237297166,0.12187267324152291,0.16507069785755243,0.16473362877556189,0.13290081633767298,0.11678015834735103,0.13115803857267425,0.13185530326592712,0.11932777746006357,0.1414017861931428,0.10425125997162334,0.13309371230295156,0.16533877399086458,0.16491507287006787,0.11870599476699342,0.1257132613017734,0.11440350746059122,0.09847732715499706,0.13307304532545342,0.08939690253219969,0.15437991370321172,0.0951266638192453,0.16515863840667047,0.16475895847697164,0.1654251915403872,0.1642523024013899,0.1654515267292945,0.16414587645798537,0.1654094266314321,0.16446190181153597,0.16543465266947496,0.1644646675501483,0.1654628274548589
0.22337248567175577,0.2235052743345751,0.22273479255358186,0.22367536624510095,0.22164736494507606,0.22364286613150244,0.22171683759013897,0.22359853599482596,0.22207383597402158,0.22369070391868048,0.22334953242856073,0.20090618617389036,0.13661433837806378,0.1797868754837617,0.12259062462457969,0.14688004000018287,0.13780043606240022,0.20529634670916266,0.13653116743161636,0.22340739968514306,0.22183019097830242,0.13928848686168152,0.2500000000000007,0.16292733141646468,0.19676571179650434,0.16099149683535097,0.19123999676307143,0.14319020984557704,0.175864610424679,0.22312721873075153,0.22249535322697753,0.18788096911102078,0.14564333609887248,0.1851891133324624,0.16948144443876093,0.1669225944481391,0.18297991595485769,0.14832392377389567,0.1726648919547503,0.22353402769454037,0.22291711769119574,0.15475633925966348,0.17723392998707593,0.1479390376029993,0.13538402891713855,0.17401891678974304,0.11756136767511105,0.20803991585486642,0.1308200347154034,0.223266627619144,0.22274102274010535,0.22364171060340873,0.2219601636693781,0.22367732755295597,0.2217382727965358,0.22362005439157048,0.22227120172377002,0.22365448071610725,0.22229987442995072,0.22369254726930224
0.18882243009371724,0.18892926474296917,0.18826155165135966,0.18907253749453806,0.1868043730526117,0.18904361288706859,0.1872478726300238,0.18900785131890463,0.18779736051166765,0.1890870660999068,0.18885003736447967,0.1641864034358685,0.1229865001865979,0.13877625884414663,0.10739305750320705,0.11940679770913161,0.1189579889365424,0.17166973419646755,0.11507843127117114,0.18878749371015377,0.18706280960509897,0.13046313167725446,0.16292733141646468,0.25000000000000067,0.15451793696978935,0.14412686799726604,0.15030864316486123,0.13484694588182866,0.14019102297823238,0.18863762784005275,0.18823836140712233,0.15239543040617612,0.13186609230662827,0.1501328230661302,0.1493895681723597,0.13665386981378516,0.16182777776767587,0.11916376691938912,0.15170910479708266,0.18894740980512592,0.1884611424305941,0.13514874757814374,0.1440312999279878,0.12989967194977908,0.11270518540833767,0.15151507677714632,0.10201371290119289,0.176332704874632,0.10883716910830206,0.1887396967200118,0.18828434053251136,0.18904570286708353,0.18769803416257966,0.18907579934483562,0.18757023131531472,0.18902766840672292,0.1879395245532947,0.18905651455006306,0.1879444384409195,0.1890887101050885
0.21499841653819304,0.21512687788924395,0.21438868884482884,0.21529055845106235,0.21336033891576878,0.2152595666024526,0.21342678484682828,0.21521691831216153,0.2137303890249155,0.21530519274123716,0.21497068065870703,0.19379411582512326,0.130191797512448,0.1733811464082972,0.11606692127378929,0.14303819852194213,0.13120898174013929,0.1982381116250977,0.1314676713986942,0.21504097743640987,0.213562170835039,0.13630878692995424,0.19676571179650434,0.15451793696978935,0.2500000000000008,0.15129605142244404,0.18727986963650695,0.13521150542895913,0.1715917485253154,0.21474614730528183,0.21412504973568328,0.1808981696548885,0.14787607159347166,0.17786605255545004,0.15809957845013164,0.16133001193652605,0.17558522462859277,0.14357271884691666,0.16466724450196335,0.2151561437756793,0.2145550415330437,0.14830498426680447,0.17189716484637604,0.14296381789902976,0.12992174228822853,0.16762142192544452,0.11193958099887164,0.20062558562122548,0.1262117296075375,0.21490117800319553,0.21439110486211446,0.21525802245660516,0.21362496043365609,0.21529230348330872,0.2134021283967656,0.2152370890350876,0.21392601430334335,0.21527032205511928,0.21395919325033233,0.2153069551301562
0.18561932531847328,0.18572440727161926,0.18506158646600882,0.18586548905972775,0.18383980025871258,0.18583620356627548,0.18391798400797071,0.18580067926061317,0.18458123520285777,0.18587956325889154,0.18564002408219096,0.162263698138231,0.12471858510416499,0.14126378497736042,0.11047436623616891,0.10157783123222518,0.1141058826317976,0.16702593411603517,0.11542153003028778,0.18556608711929296,0.18388803823006114,0.13029966518932287,0.16099149683535097,0.14412686799726604,0.15129605142244404,0.2500000000000007,0.14404871155843982,0.1312175120484264,0.13892976701577375,0.18543614445876197,0.18500744800241306,0.15036259473598845,0.12906643434315623,0.14821428250666352,0.1440118050834668,0.13599908142751457,0.15599302745514185,0.11897805044658814,0.14812997359882824,0.18574293226097954,0.18525841014073147,0.13244232730182337,0.14230276292475297,0.12691639249081313,0.11149323374657685,0.14775786202030441,0.10040768076966838,0.1729016643224942,0.10725611423087449,0.18553123229587393,0.185090452357308,0.18583890646886292,0.18450957157082717,0.1858684991689501,0.18437574244009436,0.18582119297667887,0.18474962373394774,0.18584953025135983,0.18475356571453297,0.18588117866509823
0.20772439947711538,0.20784893400364,0.207138375385703,0.20800709500652176,0.20620294055120295,0.20797725225778352,0.20631717038672623,0.20793590338299758,0.2064685432226753,0.20802111303750767,0.20769565461227957,0.1876846274440778,0.12523499961909912,0.16889754441150318,0.1105069938389699,0.14373793367169438,0.12609896863841555,0.1925886252444813,0.12655873823035166,0.20778582884003988,0.20644748987629508,0.1304235791762039,0.19123999676307143,0.15030864316486123,0.18727986963650695,0.14404871155843982,0.2500000000000008,0.12598387338986733,0.16777255157175855,0.20747235762980115,0.20681912074759323,0.1761616770832913,0.14119939974702064,0.17324987828651783,0.15468054170110507,0.15604159223306505,0.16555556862496662,0.13997830986108023,0.15689099658837413,0.20788069593056233,0.20728369805739386,0.14047052757560238,0.1684429738555198,0.1334881318954012,0.12675545714645958,0.15813882791241887,0.107587827467787,0.1930710608638657,0.1228924101271768,0.20761832304312486,0.2071379424943219,0.2079755346363801,0.20635689177726743,0.20800866388975145,0.2061087880610808,0.20795521386581983,0.2066641807679281,0.20798741036249457,0.20670534230819484,0.20802279589155606
0.16757288300089196,0.16766750773782668,0.16706835062418993,0.16779475136769903,0.16578180747602314,0.1677684273202484,0.16603275346010968,0.16773612067670937,0.16664002445372605,0.16780762202240138,0.16759477840413325,0.14547709043830248,0.11146353944579666,0.12465063035463951,0.10179009651921735,0.09484221755832889,0.10200534914367389,0.14762663057345965,0.09878183021549744,0.16749429430939047,0.1658560821697117,0.11916962237297166,0.14319020984557704,0.13484694588182866,0.13521150542895913,0.1312175120484264,0.12598387338986733,0.2500000000000006,0.11033294751848466,0.16742249612294918,0.16710731296092796,0.13356991142289767,0.11997596733647499,0.1312635594207394,0.13722085703270123,0.12001948924294514,0.1427554081621058,0.10531251025354557,0.13647946881851566,0.16768119418961958,0.16726055243431542,0.12215510501184774,0.12619659838534197,0.11887648424012316,0.09898537190133415,0.13760493611688657,0.09077783786977182,0.15705144932010281,0.0959967520970357,0.1675071555719226,0.16709525500748354,0.16777093082878344,0.16660465766917987,0.1677976332828629,0.1665149172154764,0.16775497900282468,0.1668068912894834,0.16778052218327832,0.16680287898568247,0.16780910148123235
0.19199080899421087,0.19210542428556696,0.19144598260748016,0.19225168093578182,0.19061310414821167,0.1922238335382193,0.19070967729478344,0.19218548250294498,0.19084035992990114,0.19226469464070803,0.19197000779785578,0.17337993374842162,0.11658879223497276,0.15757195895728304,0.10307409409955658,0.13401589863688076,0.1175053036841226,0.17899078109122188,0.11627595955992358,0.19206182267928373,0.1908354284677077,0.12187267324152291,0.175864610424679,0.14019102297823238,0.1715917485253154,0.13892976701577375,0.16777255157175855,0.11033294751848466,0.25000000000000083,0.19166249304623265,0.19110905819601326,0.16263116204561126,0.12537192287941912,0.15976981157880704,0.13957931720834826,0.14615731373284105,0.15376816768339246,0.12981406505541135,0.1394231310497172,0.19213502984992328,0.1915831630152651,0.12935667337453174,0.1549088057109986,0.12091289163279487,0.1192423270315131,0.14369215856863024,0.10175106285930402,0.17707712432178277,0.1132923372329577,0.1918781907029876,0.1914484141015936,0.19222258437949413,0.19073760764364464,0.1922532178586335,0.19051162300198476,0.19220396298922304,0.19102835183274774,0.19223357356105672,0.19106211617655638,0.19226628395388176
0.2489959802576511,0.24914161122136375,0.2482725886783664,0.24933110188982566,0.2469021368448286,0.24929387788631194,0.2471344764677558,0.24924472325348862,0.24761372003586848,0.24934879876266994,0.24899139419444977,0.2217941134817896,0.15628065696299637,0.19847795841793375,0.1396455697276672,0.16479156341034293,0.1535919001486561,0.22831749716330924,0.15109918239845882,0.2490305530330836,0.24713661979491675,0.16507069785755243,0.22312721873075153,0.18863762784005275,0.21474614730528183,0.18543614445876197,0.20747235762980115,0.16742249612294918,0.19166249304623265,0.2500000000000007,0.2481070745477196,0.2043609636583756,0.1710266744361388,0.2013044252171883,0.1919883819514756,0.18371154432166922,0.20655317571710682,0.16215454162001008,0.19572634349843607,0.24916950611647876,0.2485019850298486,0.17488642336277727,0.1940406997703276,0.16693216916466985,0.150261054114874,0.19565116932252827,0.13302512485311466,0.23183526426079262,0.1448334871259223,0.24887764996770995,0.24829021415378666,0.24929422237456575,0.2474632859053514,0.2493339210833404,0.24724967932908273,0.2492702725396428,0.24779939526082392,0.2493084621995368,0.2478186576510974,0.24935090704918123
0.24836640498692883,0.2485116228794771,0.24764461476155195,0.24870063013215632,0.2462722788584369,0.2486634908083307,0.24650535053276507,0.24861447886231483,0.2469890841104017,0.24871829572628623,0.24836213571549612,0.22118236042793668,0.1559512952493477,0.1978681052543901,0.13935800955579958,0.16424004146078447,0.15320936897025964,0.22770942325757468,0.15074037092936898,0.24840013395209273,0.24650534639180124,0.16473362877556189,0.22249535322697753,0.18823836140712233,0.21412504973568328,0.18500744800241306,0.20681912074759323,0.16710731296092796,0.19110905819601326,0.2481070745477196,0.25000000000000033,0.20366150530312252,0.1706010510482859,0.20062939810769245,0.1917103953288151,0.18309102686955195,0.20622431392778467,0.16154242222020146,0.19538130330014705,0.24853930665997695,0.24787470324243022,0.1744525539245201,0.1934281682623318,0.1665910920002165,0.14978532356601743,0.1952833641547333,0.13269843575770213,0.2312983013329037,0.1444238962032835,0.24824924283682587,0.24766238916089148,0.2486638575190035,0.24683814667716208,0.248703454637777,0.2466264067171976,0.24863996610314465,0.24717322635423017,0.24867806101554243,0.2471927031897964,0.24872039908635724
0.20458432933225354,0.2047051326344017,0.2039959174301892,0.20486093647625694,0.2030080567571437,0.20483071001366865,0.20315296389761636,0.20478997456302891,0.2034034440722337,0.2048751366694433,0.20457275599431704,0.18354900739074434,0.12653856903497568,0.16613514870560825,0.11258376060936043,0.1393609857269446,0.1257347600831825,0.1889217853077697,0.12364006977187338,0.2046361935118976,0.2032184501705839,0.13290081633767298,0.18788096911102078,0.15239543040617612,0.1808981696548885,0.15036259473598845,0.1761616770832913,0.13356991142289767,0.16263116204561126,0.2043609636583756,0.20366150530312252,0.2500000000000006,0.12658186224262333,0.17274376140728687,0.15083730380474003,0.1557170687483904,0.16389650337277809,0.13849337143307083,0.15484266029337868,0.20473603210148178,0.20415732230037656,0.13105717365548492,0.16514048005275392,0.13058590165389122,0.12618434525439745,0.15571233672938734,0.10731039843906479,0.18931688555511755,0.12057614138745965,0.20447211530513515,0.20400535940207315,0.20483028220911872,0.20323563175133616,0.20486290806343038,0.20299727973807355,0.20481032340712693,0.20354603919935518,0.20484198560890793,0.20358724439241996,0.2048768391258284
0.1712074191383682,0.1713058926587922,0.17070240425608396,0.17143606541164083,0.16962605609759088,0.1714102507066167,0.16989589398685864,0.17137718445900219,0.17028354359338654,0.17144869658276504,0.17121808913829317,0.15092349528663943,0.10928874531197955,0.1358910633296721,0.09457745229699464,0.11779230113349107,0.10205041530272152,0.1581952475357026,0.10288147505898017,0.17123950468208815,0.16981205213449355,0.11678015834735103,0.14564333609887248,0.13186609230662827,0.14787607159347166,0.12906643434315623,0.14119939974702064,0.11997596733647499,0.12537192287941912,0.1710266744361388,0.1706010510482859,0.12658186224262333,0.2500000000000006,0.12345358798048502,0.13467896392810266,0.12058858635265711,0.14655983172669268,0.10574599165537342,0.13793548506429673,0.17131930541578416,0.17089185444439042,0.12025695240330354,0.1280637488506687,0.11643145499794705,0.10061816630629797,0.13429339725383702,0.09356966014938993,0.15914766404587077,0.09826553640344263,0.17112758384105178,0.17072083251038261,0.1714111819192483,0.17019514157611187,0.1714384662752733,0.1700803675267967,0.17139493103826514,0.1704177905029014,0.17142097783690838,0.17042325253840074,0.1714501788766841
