x1,x2,x3,x4,x5,x6,x7,x8,x9,x10,x11,x12,x13,x14,x15,x16,x17,x18,x19,x20,x21,x22,x23,x24,x25,x26,x27,x28,x29,x30,x31,x32,x33,x34,x35,x36,x37,x38,x39,x40,x41,x42,x43,x44,x45,x46,x47,x48,x49,x50,x51,x52,x53,x54,x55,x56,x57,x58,x59,x60
0.24999999999999997,0.24989764215039442,0.24960146900113667,0.2499745529805238,0.24985652882639228,0.24997803494573598,0.24993906061956256,0.24998948988567504,0.24993325701035793,0.24998881087486147,0.24981292026324547,0.24776469928820874,0.2477141897827549,0.24469919824711817,0.24459466098396665,0.2396329867899392,0.2416788860187336,0.2457945794098483,0.2476880249754738,0.2499391904446258,0.2499086402135637,0.24551945979338452,0.24845112206580425,0.24252479564739574,0.24867753034117257,0.23933041047613243,0.24904719864720545,0.24356742204683796,0.24955087549388563,0.24984516678355773,0.24994799115141378,0.24515538566252013,0.2482183978800424,0.24268560246037385,0.24895480839328585,0.2403359532913058,0.24956439768500804,0.2448618685136524,0.24965675628059739,0.24989586753696347,0.24980886037861563,0.24796331763785104,0.24805992131279306,0.24492624111525588,0.24481510962311015,0.23975449406234775,0.2413196988112897,0.2451852227665226,0.2476765340725887,0.24994416012379214,0.24998540354247542,0.249897091475635,0.24958686281741435,0.24997954467761868,0.24986051064388365,0.24997738025707011,0.24994727069413364,0.24999243485438147,0.24994414593286823,0.24998548321430883
0.24989764215039442,0.24999999999999997,0.24951370082230928,0.24988729536510612,0.24976931286200948,0.24989077616138386,0.24985181525347921,0.24990222709999826,0.24984601383666574,0.24990154832802933,0.24972571766905946,0.24767821235821974,0.24762770535841735,0.24461377804398263,0.2445092903956202,0.2395493255063837,0.24159450290607526,0.2457087750101368,0.2476015636571216,0.24985194521448859,0.24982140564925498,0.24543376149319984,0.24836439314122125,0.2424401290101414,0.24859072139332647,0.23924685485400096,0.24896026199180288,0.24348239735604432,0.24946376468326042,0.2497579543602533,0.2498607428124676,0.24506980722943672,0.24813175155762546,0.2426008850373666,0.24886790588243224,0.24025205609865385,0.2494772831361944,0.24477639348628039,0.24956960954281762,0.24980863742397494,0.2497216606513705,0.24787676155408386,0.24797333136080513,0.2448407437877344,0.24472965097667082,0.23967080095737311,0.24123545994822929,0.24509963577522112,0.24759007829851276,0.24985691316153305,0.24989814218368242,0.24980986094356417,0.2494997405382601,0.24989228536395436,0.24977329289506756,0.2498901216989405,0.24986002261399182,0.24990517104119817,0.24985689897329103,0.24989822182770538
0.24960146900113667,0.24951370082230928,0.25000000000000006,0.2495906217636038,0.2494729559858263,0.2495940987790246,0.24955516885965548,0.24960553614096118,0.24954938825390055,0.2496048583702715,0.24942907501733622,0.24738405569496544,0.2473325439386712,0.24432248251339955,0.24422044310776678,0.2392634707278966,0.24130536935671046,0.24541644707313312,0.24730728107454006,0.24955531358773844,0.24952480840001456,0.24514287349503258,0.24806911077935978,0.24215102607324931,0.2482950521045794,0.23896189604436244,0.24866441885960006,0.2431932689509836,0.24916749069611652,0.24946143619487085,0.24956409742992172,0.24477833082953793,0.24783683391385852,0.24231213085708125,0.24857229154072538,0.23996626878356553,0.24918108156528304,0.24448552054872771,0.24927333299276655,0.24951205615065886,0.24942518562435817,0.24758235461564437,0.24767889371598617,0.24454972433374852,0.24443889944905695,0.23938590242212843,0.24094879563054364,0.24480850333603557,0.24729608111215357,0.24956027590889898,0.24960145602033904,0.2495132795904555,0.24920352472274832,0.24959560615434523,0.24947675452541163,0.24959344506273345,0.24956337700953513,0.24960847653302992,0.2495602601196137,0.24960153556984133
0.2499745529805238,0.24988729536510612,0.2495906217636038,0.24999999999999992,0.2498461819988371,0.24996768374279033,0.24992871110261852,0.24997913820322568,0.24992290765780836,0.24997845921935144,0.24980257855600405,0.24775444083867063,0.2477039385666683,0.2446890790967156,0.24458451832933056,0.23962307470593622,0.2416688982938447,0.24578440577665753,0.2476777727723726,0.24992884084913183,0.2498982919300281,0.24550928966316296,0.24844083873082248,0.24251476638672395,0.24866723938060817,0.23932049914366746,0.24903688794152634,0.24355733175171654,0.24954054261635455,0.24983482101757734,0.24993764120521983,0.24514524083159464,0.2482081243746972,0.24267556274371171,0.24894450172357466,0.24032600677396673,0.24955406388435156,0.24485173155303525,0.24964641798168685,0.24988551975035408,0.24979851615333912,0.24795305160935732,0.2480496491532059,0.24491610336256087,0.24480497321779002,0.2397445689841609,0.24130970788791992,0.245175071140404,0.2476662786836526,0.2499338103209428,0.24997505203120182,0.24988674362122046,0.2495765278034204,0.24996919340894277,0.24985016433922028,0.24996702907793328,0.249936920813669,0.2499820830519519,0.24993379616311853,0.24997513169973595
0.24985652882639228,0.24976931286200948,0.2494729559858263,0.2498461819988371,0.25,0.24984966251096286,0.2498107148172161,0.2498611113524762,0.2498049074621525,0.24986043263827049,0.24968484354052167,0.24763751381113144,0.24758772720586622,0.24457417501594475,0.2444685457186199,0.2395105204736057,0.24155597560556472,0.24566860215513028,0.24756102715710873,0.24981083792148825,0.24978030552304684,0.24539324024358367,0.24832378452045994,0.24240092689694465,0.2485502033808349,0.23920759667039265,0.24891943786441506,0.243442174747061,0.24942276883616735,0.24971685988457906,0.24981963496417398,0.24502980290490525,0.2480911745665015,0.24256141867071715,0.2488270770079475,0.2402127864353663,0.24943626167675462,0.24473623549859902,0.2495285442845344,0.24976753795159928,0.24968057365446317,0.24783605875881376,0.24793252047798886,0.24480065688454625,0.24468943995044745,0.23963150133228564,0.24119585525570658,0.24505936267081552,0.2475493662733193,0.24981580497486716,0.2498570271880427,0.2497687604722408,0.24945869092349132,0.24985117133154544,0.24973219997791551,0.2498490080188088,0.24981891637492884,0.24986405488912247,0.24981579222416508,0.24985710681896317
0.24997803494573598,0.24989077616138386,0.2495940987790246,0.24996768374279033,0.24984966251096286,0.24999999999999997,0.24993219246058945,0.24998262029368537,0.24992638896148797,0.24998194130070275,0.2498060581544893,0.24775789182405894,0.24770738668885287,0.24469248719932865,0.24458792694124223,0.23962641023853545,0.24167226140141473,0.24578782842957494,0.24768122257862193,0.24993232223862946,0.24990177289623455,0.24551271029264932,0.24844429897839307,0.2425181431111811,0.24867070272812564,0.2393238300727485,0.24904035646938424,0.24356072350752228,0.24954401841294413,0.24983830109246496,0.24994112271037122,0.24514865520797252,0.24821158165503893,0.24267894259435413,0.24894796932707453,0.24032935373983033,0.2495575400549795,0.24485514186552457,0.24964989542722205,0.24988900053585283,0.24980199572854778,0.24795650542320527,0.24805310420632418,0.24491951467518472,0.24480838284170364,0.23974790797992596,0.24131306877413844,0.24517848609648035,0.24766972849827404,0.2499372917801613,0.24997853406490625,0.24989022442483017,0.24958000427772734,0.249972675361039,0.24985364463763313,0.24997051099988046,0.24994040231150633,0.2499855651835953,0.24993727762283593,0.2499786137345504
0.24993906061956256,0.24985181525347921,0.24955516885965548,0.24992871110261852,0.2498107148172161,0.24993219246058945,0.2499999999999999,0.2499436453557307,0.2498874219271537,0.2499429665978422,0.24976711756393136,0.24771919654544333,0.24766854161920124,0.2446538233663185,0.24455088200477393,0.23958823096965212,0.24163345048606938,0.2457491662290771,0.24764241474143375,0.24989335490307898,0.24986280924947968,0.24547478389273925,0.24840534654839228,0.24247960747647807,0.24863169730601722,0.23928605289447516,0.24900140567293721,0.24352273834887908,0.24950506471581538,0.24979934971569995,0.24990215208816333,0.2451101180299169,0.24817270969305394,0.2426406618930975,0.24890908203063453,0.24029153975386702,0.24951863575667763,0.24481679884632432,0.24961099993355015,0.24985003930660926,0.24976304999804094,0.24791777099608434,0.24801440841419936,0.24488111766433365,0.24477008873371908,0.23971030335288868,0.2412752780522304,0.24514016815533846,0.24763108083931396,0.2498983238449775,0.24993955972454815,0.2498512638530519,0.2495410903235624,0.24993370193434641,0.24981468956933214,0.24993153791369668,0.2499014310576752,0.2499465897470332,0.24989830867060722,0.2499396393817943
0.24998948988567504,0.24990222709999826,0.24960553614096118,0.24997913820322568,0.2498611113524762,0.24998262029368537,0.2499436453557307,0.24999999999999975,0.24993784153762186,0.24999339641376617,0.2498175052092864,0.2477692452495894,0.2477187426099934,0.24470370016153928,0.2445991316129818,0.23963739570300913,0.2416833424362025,0.2457990934998548,0.24769257264117492,0.249943775079353,0.24991322433041083,0.2455239589146001,0.2484556844239148,0.24252925892449428,0.24868209861983026,0.23933480295640758,0.24905176937078566,0.24357188653755799,0.24955545385935907,0.24984974963822768,0.24995257596966547,0.24515988948151132,0.24822295580519965,0.24269006388270048,0.2489593771605381,0.24034036785367527,0.2495689757109877,0.2448663627766583,0.2496613353645585,0.24990045139217318,0.24981344259569618,0.24796786778766233,0.2480644713109917,0.24493073823772418,0.24481960174156947,0.23975889524507724,0.2413241275941747,0.24518972155021942,0.24768107777363074,0.2499487448475294,0.24998998902215233,0.24990167533539773,0.24959144099151254,0.2499841300498185,0.24986509386095834,0.24998196558948585,0.24995185553038507,0.24999702046303357,0.24994873068687332,0.24999006869544702
0.24993325701035793,0.24984601383666574,0.24954938825390055,0.24992290765780836,0.2498049074621525,0.24992638896148797,0.2498874219271537,0.24993784153762186,0.24999999999999978,0.24993716274263453,0.24976128782253018,0.24771355316696886,0.2476628262884522,0.24464830468486976,0.2445446450761801,0.23958344321139735,0.24162877574761113,0.24574377611602824,0.24763675016897846,0.24988755246003294,0.2498570069883108,0.2454688339908319,0.24839972675839117,0.24247455319517006,0.24862606563458242,0.23928134444703691,0.2489957547234967,0.24351734156263227,0.2494993262657112,0.24979355073127674,0.24989635169025112,0.24510457508297692,0.24816699953529747,0.2426352289343986,0.2489033267987476,0.2402861969159349,0.24951283647262343,0.24481124030718204,0.24960519865667985,0.24984423811455925,0.24975725007630903,0.2479120395876142,0.2480086992217714,0.24487553250657568,0.24476453724532587,0.23970492359924753,0.2412698289953096,0.24513455216996624,0.24762535284786272,0.2498925211188571,0.2499337560347542,0.2498454622136676,0.24953529854234674,0.2499278983806636,0.24980888750005326,0.24992573441008933,0.24989562998356224,0.24994078589396698,0.24989250587137998,0.24993383569011743
0.24998881087486147,0.24990154832802933,0.2496048583702715,0.24997845921935144,0.24986043263827049,0.24998194130070275,0.2499429665978422,0.24999339641376617,0.24993716274263453,0.24999999999999992,0.24981682683391504,0.2477685721829144,0.24771806693623374,0.24470303610147706,0.24459846863452267,0.2396367422451418,0.24168268278282487,0.24579842472175809,0.24769189985132486,0.24994309619104194,0.24991254553195347,0.24552329295014513,0.24845500932518289,0.24252859914750646,0.24868142296770784,0.23933414885680548,0.24905109241622772,0.24357122331655456,0.24955477580557314,0.24984907099317344,0.24995189704830204,0.2451592235353925,0.2482222817556451,0.24268940467803612,0.24895870100335268,0.2403397144880696,0.24956829786595647,0.2448656973373322,0.24966065720075978,0.24989977262185337,0.24981276406096753,0.24796719431963132,0.2480637972624716,0.24493007291809946,0.24481893626963985,0.23975824344797286,0.24132347159822987,0.24518905534116184,0.2476804049838088,0.24994806594633648,0.2499893100089009,0.24990099656201914,0.2495907630483379,0.24998345105247968,0.24986441519599353,0.24998128659801822,0.24995117661770033,0.2499963414306837,0.24994805178920973,0.2499893896819793
0.24981292026324547,0.24972571766905946,0.24942907501733622,0.24980257855600405,0.24968484354052167,0.2498060581544893,0.24976711756393136,0.2498175052092864,0.24976128782253018,0.24981682683391504,0.2499999999999999,0.24759298264843557,0.24754375645477825,0.24453080866573232,0.2444264264371663,0.23946807778063076,0.24151253058224206,0.24562546841234909,0.24751761036994235,0.24976724047598933,0.2497367114523368,0.24535065036082535,0.24828018444805167,0.242357882142386,0.24850643069950276,0.23916579038312497,0.2488758609425927,0.2433998777644171,0.24937919249361437,0.24967328176186945,0.24977603516625607,0.2449867095252557,0.24804761754048557,0.2425186176827886,0.2487835290014677,0.2401706007227337,0.24939270458142385,0.24469340835601605,0.24948500185711198,0.24972394733058,0.2496370001426557,0.24779272204419106,0.24788926738141448,0.24475772940183135,0.24464668646664034,0.2395895487094293,0.24115367868018056,0.2450165425256386,0.24750613983798816,0.24977220673492592,0.2498134217812587,0.24972517047025655,0.24941515535943698,0.24980756694714165,0.24968861463943234,0.24980540401592607,0.2497753150589126,0.24982044825585142,0.24977219244194368,0.24981350139827918
0.24776469928820874,0.24767821235821974,0.24738405569496544,0.24775444083867063,0.24763751381113144,0.24775789182405894,0.24771919654544333,0.2477692452495894,0.24771355316696886,0.2477685721829144,0.24759298264843557,0.24999999999999992,0.2455038085391565,0.2425247988490951,0.24243840465959351,0.2374932220528717,0.23952207004557444,0.24360572484200574,0.24548527232546064,0.24771939089051404,0.24768910679912662,0.24330747920475698,0.24624035213303927,0.24036198232057165,0.24646431805735927,0.23719104316418252,0.2468331372819307,0.24140203830602955,0.24733378754096333,0.2476262176119684,0.24772809188007372,0.2429741444124147,0.2460114165284543,0.24052449516219707,0.24674262563034882,0.23819742383060116,0.24734778420347112,0.24268532364472648,0.2474396001229524,0.24767644382530177,0.2475902328299432,0.24576014242449268,0.24585664046852188,0.24274841541439449,0.24263948467591448,0.23762264322305343,0.23917465867987067,0.24300663965847155,0.2454764558117325,0.2477243176500418,0.24776519507610092,0.2476776673422994,0.24737017862194322,0.24775938824913538,0.24764140460449705,0.2477572430908417,0.24772736616669533,0.24777216394065663,0.24772428971648403,0.2477652740405534
0.2477141897827549,0.24762770535841735,0.2473325439386712,0.2477039385666683,0.24758772720586622,0.24770738668885287,0.24766854161920124,0.2477187426099934,0.2476628262884522,0.24771806693623374,0.24754375645477825,0.2455038085391565,0.25000000000000006,0.24242880193365085,0.24238911887622566,0.2374410390498114,0.2394643744987543,0.2435570067187307,0.24543683495796823,0.24766889515675813,0.24763865541271593,0.2432925994908334,0.2461898244252326,0.24031244132102683,0.2464157421959119,0.23714367403813844,0.24678291394940283,0.24135052557155692,0.24728318784275072,0.24757571938247555,0.2476775819124099,0.2429246975643684,0.24596173341258865,0.24047568463657804,0.24669242390799048,0.23814779490600557,0.24729749520441618,0.24263520105764436,0.24738918112947883,0.24762595819633085,0.24753975945876483,0.2457101666079952,0.24580605367866645,0.2426990593134013,0.24258922421142837,0.2375733436194214,0.239125133284077,0.24295680155145655,0.24542638940188097,0.24767382107433597,0.2477146900635707,0.24762718016864396,0.24731973144325725,0.24770888441737676,0.2475909421791971,0.24770673967505363,0.2476768694275402,0.2477216575077917,0.24767380190899232,0.24771476901214706
0.24469919824711817,0.24461377804398263,0.24432248251339955,0.2446890790967156,0.24457417501594475,0.24469248719932865,0.2446538233663185,0.24470370016153928,0.24464830468486976,0.24470303610147706,0.24453080866573232,0.2425247988490951,0.24242880193365085,0.25000000000000017,0.23931010341694905,0.23443551803405077,0.2365428352186507,0.2405784554885375,0.2424405674832594,0.2446544545887433,0.24462453516105578,0.2402826676089368,0.2431697265213507,0.2372400699423997,0.2433945654987907,0.23414578641326958,0.24376564357712807,0.2383887546283307,0.2442679328693475,0.2445623743424602,0.24466279726963125,0.23994409122922397,0.2429591300176933,0.23751457122572847,0.24368702811438686,0.23522151787221615,0.24428911006309276,0.2396666363201573,0.24438036892966686,0.24461198071834897,0.2445269762238338,0.24271476209477946,0.2428105294275827,0.2397293839878707,0.23962258100278344,0.2346611522462733,0.2361970925566872,0.23999094283801695,0.24243621351064604,0.2446593272596196,0.2446997005125604,0.24461325572072012,0.2443093190213371,0.24469396553625214,0.24457751649689766,0.24469184707489772,0.24466209991929833,0.24470658315741087,0.24465925667145008,0.2446997785032158
0.24459466098396665,0.2445092903956202,0.24422044310776678,0.24458451832933056,0.2444685457186199,0.24458792694124223,0.24455088200477393,0.2445991316129818,0.2445446450761801,0.24459846863452267,0.2444264264371663,0.24243840465959351,0.24238911887622566,0.23931010341694905,0.25000000000000006,0.23424357024585266,0.23635465836095376,0.2404788860963846,0.24233992210129163,0.24454992658524166,0.2445201514332652,0.24022276925480113,0.24308140580617585,0.23732781804817113,0.24330765117073624,0.234105910808774,0.24367200909979023,0.23827926394948273,0.2441671210436717,0.2444578977511879,0.2445584273616118,0.23984833459720256,0.24285809134752945,0.23742070257940678,0.24358428888734548,0.23513094759978992,0.24418504038166172,0.23957019216165404,0.24427599331533678,0.24450749467615523,0.24442243629086224,0.2426126313211363,0.24270907636208003,0.23963468450437514,0.2395275858265199,0.2345721122042115,0.23610557015545502,0.23989369070097982,0.24233447127698904,0.24455478021410226,0.2445951352509077,0.24450872739988946,0.2442050440275486,0.2445894027209617,0.2444729561244189,0.2445872850531053,0.24455771011131183,0.2446020149523893,0.24455474029420796,0.24459521320591626
0.2396329867899392,0.2395493255063837,0.2392634707278966,0.23962307470593622,0.2395105204736057,0.23962641023853545,0.23958823096965212,0.23963739570300913,0.23958344321139735,0.2396367422451418,0.23946807778063076,0.2374932220528717,0.2374410390498114,0.23443551803405077,0.23424357024585266,0.25,0.2313303282385047,0.23547653427591833,0.23738192934191046,0.2395891758568443,0.23955994381080462,0.23531625107927046,0.23810793680662776,0.2323973343846443,0.23834375524364013,0.22898345586379115,0.23870285759314136,0.23338985293910633,0.23920408416380254,0.2394989013878093,0.23959714236392152,0.2349563261593072,0.23793107186400678,0.23256561238695367,0.23864916263880886,0.23034625500795985,0.23923488734852683,0.2346961782209083,0.23932263496826386,0.23954751291187248,0.23946439258605912,0.2376879524251814,0.23778155733310152,0.23475765760162073,0.2346514693688576,0.2297949531941904,0.2312937498197811,0.235017263628865,0.23741440846853373,0.23959393664140163,0.23963347546401298,0.2395488204196239,0.23925107990421265,0.23962785923719673,0.23951382491999193,0.23962578481337957,0.23959648257445454,0.239640215613157,0.23959380750015555,0.2396335518415062
0.2416788860187336,0.24159450290607526,0.24130536935671046,0.2416688982938447,0.24155597560556472,0.24167226140141473,0.24163345048606938,0.2416833424362025,0.24162877574761113,0.24168268278282487,0.24151253058224206,0.23952207004557444,0.2394643744987543,0.2365428352186507,0.23635465836095376,0.2313303282385047,0.2500000000000001,0.2374910838097748,0.23939246980798567,0.24163470244837962,0.2416053748410887,0.2373791275883909,0.24019582711999132,0.2345359011068886,0.24041877401987108,0.23132686376305567,0.2407648435815983,0.23539377335016934,0.24125550435483997,0.2415437664633502,0.24164315508627207,0.23698473511049722,0.23995789112376698,0.2345809709664524,0.24067588527844969,0.23231809127648195,0.24127310268551763,0.23671685459303932,0.2413635378364308,0.24159276849599925,0.24150875513048592,0.2397186005177176,0.23981649109760683,0.23677531052294762,0.23667470834473764,0.23177478675455193,0.23329390770329939,0.23703392167210555,0.23944582270370723,0.24163951367222705,0.2416793877902805,0.24159400998571967,0.24129397937132396,0.24167372359993805,0.24155864246404685,0.24167163121269497,0.24164238774221097,0.24168618548085252,0.24163946035151823,0.24167946481601943
0.2457945794098483,0.2457087750101368,0.24541644707313312,0.24578440577665753,0.24566860215513028,0.24578782842957494,0.2457491662290771,0.2457990934998548,0.24574377611602824,0.24579842472175809,0.24562546841234909,0.24360572484200574,0.2435570067187307,0.2405784554885375,0.2404788860963846,0.23547653427591833,0.2374910838097748,0.25000000000000006,0.24349795133038227,0.245749635070471,0.2457196085092665,0.24140185447223608,0.24428508816463504,0.23846916956287867,0.24449920073198844,0.2353125138462083,0.24485936270232705,0.23938079475760493,0.24536440341944027,0.24565694835236518,0.24575802952788878,0.24100730979710788,0.24403733209970357,0.23855411881537605,0.24478000504894357,0.23624173517811273,0.2453803325712918,0.24073459171604475,0.24547319230848877,0.24570694305842866,0.2456215844355826,0.24379703392517832,0.243895707178193,0.2407941966856863,0.24069213108948473,0.23569688590070043,0.23725157389339802,0.2410617012488403,0.24352117934910184,0.24575452009915538,0.2457950742704403,0.24570824251079568,0.24540280150988408,0.24578931361570003,0.24567239399967242,0.245787185656715,0.24575726545010465,0.2458019877258408,0.24575446487304545,0.24579515261132587
0.2476880249754738,0.2476015636571216,0.24730728107454006,0.2476777727723726,0.24756102715710873,0.24768122257862193,0.24764241474143375,0.24769257264117492,0.24763675016897846,0.24769189985132486,0.24751761036994235,0.24548527232546064,0.24543683495796823,0.2424405674832594,0.24233992210129163,0.23738192934191046,0.23939246980798567,0.24349795133038227,0.25000000000000006,0.24764272932429182,0.24761252247359575,0.243267644898428,0.24617156214164235,0.2403157290048139,0.2463981454516141,0.23712499991481945,0.2467578958367404,0.24130514179279833,0.24725749864908037,0.2475495572406809,0.24765144682905418,0.24289946265838408,0.2459353464289415,0.24044956930795439,0.24666557131195693,0.23812056703273007,0.2472711126568549,0.2426108342881026,0.24736287604417673,0.2475998005688768,0.2475136078412332,0.24568396721167296,0.24578035140236174,0.24267351093975423,0.2425648428469933,0.23754853733089934,0.23910148376377718,0.24293151440355149,0.24540069224925787,0.24764765913236633,0.24768852371860398,0.24760102306754422,0.24729361996063343,0.24768271868532776,0.24756478409997096,0.24768057416242173,0.2476507169852824,0.24769549042671976,0.24764764211570933,0.24768860265871112
0.2499391904446258,0.24985194521448859,0.24955531358773844,0.24992884084913183,0.24981083792148825,0.24993232223862946,0.24989335490307898,0.249943775079353,0.24988755246003294,0.24994309619104194,0.24976724047598933,0.24771939089051404,0.24766889515675813,0.2446544545887433,0.24454992658524166,0.2395891758568443,0.24163470244837962,0.245749635070471,0.24764272932429182,0.24999999999999997,0.24986294019872338,0.24547455987101932,0.24840569056681386,0.24248045373391935,0.24863205769461846,0.2392866519295118,0.24900165755868428,0.24352288300884814,0.24950524145542735,0.24979947837341507,0.24990228395840988,0.24511055712144972,0.24817300808932327,0.24264122643162384,0.2489092833039844,0.24029200660746625,0.24951876059693628,0.24481709281744732,0.2496111022027536,0.2498501698586613,0.24976317859815003,0.2479179738316268,0.24801455972750694,0.24488145372105166,0.24477034232559233,0.2397106529107238,0.24127557100970007,0.24514038732783344,0.24763124250103877,0.24989845360830384,0.24993968948478434,0.24985139356729857,0.24954122166145268,0.2499338316913193,0.24981481941934158,0.24993166766655667,0.24990156363239885,0.2499467195108958,0.24989843942438122,0.249939769142048
0.2499086402135637,0.24982140564925498,0.24952480840001456,0.2498982919300281,0.24978030552304684,0.24990177289623455,0.24986280924947968,0.24991322433041083,0.2498570069883108,0.24991254553195347,0.2497367114523368,0.24768910679912662,0.24763865541271593,0.24462453516105578,0.2445201514332652,0.23955994381080462,0.2416053748410887,0.2457196085092665,0.24761252247359575,0.24986294019872338,0.24999999999999986,0.2454442439913037,0.24837539707520587,0.24245095101921285,0.24860177486039958,0.23925756477194915,0.24897130213665403,0.2434931306613139,0.24947477774145116,0.2497689456248163,0.24987173960377945,0.24508070037695137,0.24814273476187315,0.24261170338456403,0.24887888516104148,0.2402627720065224,0.24948826574062596,0.24478724269320606,0.24958059285222944,0.2498196308317772,0.24973264968395548,0.24788769105694683,0.24798426732118992,0.24485159053746614,0.24474049272031895,0.2396814546008269,0.2412461613608509,0.24511046482986787,0.2476009870564358,0.24986790841068626,0.24990913924158942,0.24982085411658897,0.2495107213396136,0.2499032821641307,0.249784284023767,0.24990111840344192,0.24987101915916396,0.24991616840840286,0.24986789434766515,0.2499092188891016
0.24551945979338452,0.24543376149319984,0.24514287349503258,0.24550928966316296,0.24539324024358367,0.24551271029264932,0.24547478389273925,0.2455239589146001,0.2454688339908319,0.24552329295014513,0.24535065036082535,0.24330747920475698,0.2432925994908334,0.2402826676089368,0.24022276925480113,0.23531625107927046,0.2373791275883909,0.24140185447223608,0.243267644898428,0.24547455987101932,0.2454442439913037,0.24999999999999983,0.2439915404994961,0.2381678187976675,0.24422204998445343,0.23503412162335496,0.24459381303328137,0.2392169032384672,0.24509109941663518,0.24538227165124601,0.24548311766592684,0.24076076549395786,0.24377653468977872,0.23832625850563136,0.24450418887749611,0.2360236301242982,0.245106970543313,0.24047782257573222,0.24519891323489415,0.24543197414588983,0.24534660628746988,0.24353001723153872,0.24362789201351923,0.24054056600949839,0.24043545907633734,0.23546064269293587,0.2370004281430493,0.24080125003035532,0.24325077751176702,0.2454794387701276,0.24551994666064858,0.24543321210948543,0.24512843692813313,0.24551419246326878,0.24539726557912522,0.24551206684645255,0.24548236804979137,0.24552685237387262,0.2454793758289856,0.24552002491006325
0.24845112206580425,0.24836439314122125,0.24806911077935978,0.24844083873082248,0.24832378452045994,0.24844429897839307,0.24840534654839228,0.2484556844239148,0.24839972675839117,0.24845500932518289,0.24828018444805167,0.24624035213303927,0.2461898244252326,0.2431697265213507,0.24308140580617585,0.23810793680662776,0.24019582711999132,0.24428508816463504,0.24617156214164235,0.24840569056681386,0.24837539707520587,0.2439915404994961,0.24999999999999997,0.24100007216235533,0.24726726918285463,0.23782211846016546,0.24756843689383604,0.2420922483613012,0.24804212197359832,0.2483120069390322,0.2484142576959617,0.2436362258125078,0.2466895664744546,0.2411925855837707,0.24759151161239207,0.23888838630155365,0.24806536143694202,0.24335199557598772,0.2481443707748873,0.24836264333173788,0.24827617198320664,0.24644264482854886,0.2465346715636698,0.24342486713174863,0.24330212307645593,0.23828310888504728,0.2398244821434217,0.24367754025067692,0.24615524487248994,0.24841063219779472,0.24845162274930954,0.24836385250533582,0.24805530677354812,0.24844579981908793,0.2483276224313756,0.24844364860989357,0.24841372362988134,0.24845861092207916,0.24841065745723243,0.24845170193370406
0.24252479564739574,0.2424401290101414,0.24215102607324931,0.24251476638672395,0.24240092689694465,0.2425181431111811,0.24247960747647807,0.24252925892449428,0.24247455319517006,0.24252859914750646,0.242357882142386,0.24036198232057165,0.24031244132102683,0.2372400699423997,0.23732781804817113,0.2323973343846443,0.2345359011068886,0.23846916956287867,0.2403157290048139,0.24248045373391935,0.24245095101921285,0.2381678187976675,0.24100007216235533,0.25,0.24122052526678886,0.23208428183070717,0.24166862141359227,0.23638994040050418,0.2421150061973772,0.24238939774051563,0.24248871088208404,0.23780635705042838,0.24081260224511514,0.23540184756576032,0.2415455301560248,0.23314392502223327,0.2421309446773955,0.23752231076692032,0.24221980239650776,0.24243839418790722,0.2423540999401106,0.24055861888969327,0.24065267621527747,0.23760058591214356,0.23748624324934342,0.23257984148336175,0.2340887201057892,0.237858896734189,0.24028134098384832,0.24248527832664757,0.2425252930444676,0.2424396164072806,0.24213831972347263,0.2425196090307113,0.24240417840195608,0.24251750936844355,0.24248809894985146,0.24253211452831266,0.24248521202082834,0.24252537034040994
0.24867753034117257,0.24859072139332647,0.2482950521045794,0.24866723938060817,0.2485502033808349,0.24867070272812564,0.24863169730601722,0.24868209861983026,0.24862606563458242,0.24868142296770784,0.24850643069950276,0.24646431805735927,0.2464157421959119,0.2433945654987907,0.24330765117073624,0.23834375524364013,0.24041877401987108,0.24449920073198844,0.2463981454516141,0.24863205769461846,0.24860177486039958,0.24422204998445343,0.24726726918285463,0.24122052526678886,0.2499999999999998,0.23802559721787067,0.2478631370753082,0.24230461873638814,0.24830582753455005,0.2485385864454042,0.24864065415879022,0.24392951366850218,0.24720896089302433,0.24144448919984512,0.2476500480303114,0.23910593720578643,0.248294596029248,0.24358829474522595,0.2483827351178229,0.24858892174948788,0.24850243295307475,0.24667509712229424,0.24676062235341292,0.24365580757651562,0.2435312490523166,0.23850885210323128,0.24005167147943757,0.24390130728839063,0.24637981885369942,0.24863700541381858,0.2486780332579609,0.24859018303283062,0.248281512492275,0.24867220502798837,0.24855390256356077,0.24867005192866584,0.2486400491357928,0.24868502779991372,0.24863700563949695,0.24867811251547772
0.23933041047613243,0.23924685485400096,0.23896189604436244,0.23932049914366746,0.23920759667039265,0.2393238300727485,0.23928605289447516,0.23933480295640758,0.23928134444703691,0.23933414885680548,0.23916579038312497,0.23719104316418252,0.23714367403813844,0.23414578641326958,0.234105910808774,0.22898345586379115,0.23132686376305567,0.2353125138462083,0.23712499991481945,0.2392866519295118,0.23925756477194915,0.23503412162335496,0.23782211846016546,0.23208428183070717,0.23802559721787067,0.24999999999999994,0.2383977218431482,0.23313488161576668,0.23891880334774648,0.23919662467664396,0.23929445781915523,0.23464642793422721,0.23776583976663176,0.23224461507268232,0.23836749683955247,0.2300745240558689,0.2389479346823419,0.23438498344365438,0.23903376294762188,0.23924504431976115,0.23916201918541607,0.23739414728681182,0.2374756315655073,0.23446478089257491,0.23433590773826884,0.22949872126482893,0.23097943748483574,0.2347164728197637,0.23711241428678795,0.23929139720567147,0.23933088635088812,0.23924633818596658,0.23894867316254517,0.23932527720127084,0.2392115257971808,0.23932320530251291,0.2392939408717652,0.2393376179901728,0.23929131279963284,0.2393309626330115
0.24904719864720545,0.24896026199180288,0.24866441885960006,0.24903688794152634,0.24891943786441506,0.24904035646938424,0.24900140567293721,0.24905176937078566,0.2489957547234967,0.24905109241622772,0.2488758609425927,0.2468331372819307,0.24678291394940283,0.24376564357712807,0.24367200909979023,0.23870285759314136,0.2407648435815983,0.24485936270232705,0.2467578958367404,0.24900165755868428,0.24897130213665403,0.24459381303328137,0.24756843689383604,0.24166862141359227,0.2478631370753082,0.2383977218431482,0.2499999999999999,0.24263932347898468,0.2486603044473319,0.24890787527221095,0.24901030149559103,0.24430017591177694,0.24739574738966366,0.24191323863252567,0.24817929103755632,0.2394715600631828,0.2486288955129996,0.24394763936029368,0.24876850037383394,0.24895847985546882,0.2488718309367053,0.24704562497186644,0.2471287388214823,0.2440222351168387,0.2438966678499973,0.23886000872143417,0.24041314610334932,0.2442649378141977,0.246746825073011,0.24900660889611528,0.24904769776055966,0.24895971695074204,0.24865063307997984,0.24904186087086144,0.24892332903647416,0.24903970459030708,0.24900967926207063,0.24905470269918298,0.2490065993369122,0.24904777713503276
0.24356742204683796,0.24348239735604432,0.2431932689509836,0.24355733175171654,0.243442174747061,0.24356072350752228,0.24352273834887908,0.24357188653755799,0.24351734156263227,0.24357122331655456,0.2433998777644171,0.24140203830602955,0.24135052557155692,0.2383887546283307,0.23827926394948273,0.23338985293910633,0.23539377335016934,0.23938079475760493,0.24130514179279833,0.24352288300884814,0.2434931306613139,0.2392169032384672,0.2420922483613012,0.23638994040050418,0.24230461873638814,0.23313488161576668,0.24263932347898468,0.24999999999999986,0.24313553284960104,0.24342997258047638,0.2435311471797527,0.23877808227903485,0.24188814883825463,0.23632619382849407,0.24269687149480038,0.23405418027327685,0.2431599940641619,0.23852979469031496,0.24325221365846747,0.24348051777848775,0.243396036589485,0.2415844625406676,0.2416761165130212,0.23859444965713114,0.23848128947555733,0.2335180005639138,0.23506843308290368,0.2388643597517354,0.24131088376533505,0.24352771514707988,0.24356790339910628,0.24348185841072165,0.24317854116862114,0.24356219492493159,0.24344653972641464,0.24356008622725492,0.2435302791623058,0.24357475421411356,0.24352769577737618,0.24356798103327923
0.24955087549388563,0.24946376468326042,0.24916749069611652,0.24954054261635455,0.24942276883616735,0.24954401841294413,0.24950506471581538,0.24955545385935907,0.2494993262657112,0.24955477580557314,0.24937919249361437,0.24733378754096333,0.24728318784275072,0.2442679328693475,0.2441671210436717,0.23920408416380254,0.24125550435483997,0.24536440341944027,0.24725749864908037,0.24950524145542735,0.24947477774145116,0.24509109941663518,0.24804212197359832,0.2421150061973772,0.24830582753455005,0.23891880334774648,0.2486603044473319,0.24313553284960104,0.24999999999999972,0.24941272396219055,0.24951397668823722,0.24476315434082108,0.24787422199563253,0.24233969849288953,0.24864023141923883,0.2399960129655379,0.24920076326626964,0.24445021386169466,0.24923247797637318,0.24946200720751785,0.24937515780924083,0.24753964066422557,0.24762950514730103,0.2445069582352288,0.24439281521594286,0.23934412447100406,0.24090230214229522,0.24475886567449257,0.24724606386843323,0.24951020219841294,0.24955137435007946,0.24946321561227008,0.24915353075328753,0.24954552565991758,0.24942672006818953,0.24954336504878527,0.2495132740563303,0.24955839345507655,0.24951017931151984,0.24955145388458655
0.24984516678355773,0.2497579543602533,0.24946143619487085,0.24983482101757734,0.24971685988457906,0.24983830109246496,0.24979934971569995,0.24984974963822768,0.24979355073127674,0.24984907099317344,0.24967328176186945,0.2476262176119684,0.24757571938247555,0.2445623743424602,0.2444578977511879,0.2394989013878093,0.2415437664633502,0.24565694835236518,0.2475495572406809,0.24979947837341507,0.2497689456248163,0.24538227165124601,0.2483120069390322,0.24238939774051563,0.2485385864454042,0.23919662467664396,0.24890787527221095,0.24342997258047638,0.24941272396219055,0.24999999999999997,0.2498082752830973,0.245018052119027,0.24807979372875352,0.24254893619493445,0.24881568653288988,0.24020107828070278,0.24942493653892775,0.24472489954109602,0.24951721778125138,0.2497561778696851,0.24966922233148664,0.24782463306832272,0.24792130051547928,0.24478916349038032,0.24467822982301315,0.23962038332899807,0.2411847470694832,0.24504814988069823,0.24753806754747196,0.24980444517173597,0.24984566556890203,0.24975740286769577,0.2494473488434764,0.2498398099796183,0.24972083974843465,0.24983764677370016,0.24980755261404336,0.24985269295038498,0.24980442914880677,0.24984574519617084
0.24994799115141378,0.2498607428124676,0.24956409742992172,0.24993764120521983,0.24981963496417398,0.24994112271037122,0.24990215208816333,0.24995257596966547,0.24989635169025112,0.24995189704830204,0.24977603516625607,0.24772809188007372,0.2476775819124099,0.24466279726963125,0.2445584273616118,0.23959714236392152,0.24164315508627207,0.24575802952788878,0.24765144682905418,0.24990228395840988,0.24987173960377945,0.24548311766592684,0.2484142576959617,0.24248871088208404,0.24864065415879022,0.23929445781915523,0.24901030149559103,0.2435311471797527,0.24951397668823722,0.2498082752830973,0.25,0.24511888390485032,0.24818156271715205,0.2426493344981942,0.24891796174848457,0.24030007599851105,0.24952753392436874,0.24482556197932384,0.24961990182654123,0.2498589665473216,0.24977197417657515,0.24792662599331813,0.24802326465412095,0.24488985887350917,0.24477883647503346,0.23971883945903885,0.24128390483398957,0.24514891926934143,0.24763992907228516,0.2499072528687427,0.249948490220771,0.24986019119436706,0.24955000631042104,0.2499426322212317,0.24982361586238577,0.24994046812311582,0.2499103600429289,0.24995552049444958,0.249907237786857,0.2499485698808699
0.24515538566252013,0.24506980722943672,0.24477833082953793,0.24514524083159464,0.24502980290490525,0.24514865520797252,0.2451101180299169,0.24515988948151132,0.24510457508297692,0.2451592235353925,0.2449867095252557,0.2429741444124147,0.2429246975643684,0.23994409122922397,0.23984833459720256,0.2349563261593072,0.23698473511049722,0.24100730979710788,0.24289946265838408,0.24511055712144972,0.24508070037695137,0.24076076549395786,0.2436362258125078,0.23780635705042838,0.24392951366850218,0.23464642793422721,0.24430017591177694,0.23877808227903485,0.24476315434082108,0.245018052119027,0.24511888390485032,0.24999999999999986,0.24339078031692982,0.2379168948320215,0.24414825302987558,0.2356501670588864,0.24475216999761057,0.2401531760853896,0.24483662781165796,0.2450680021902823,0.24498287753785533,0.24313884131047905,0.24326607716661935,0.24013189076351749,0.24008100716432082,0.23507010925338595,0.23665499809211235,0.24043541739075674,0.24289018161040493,0.24511543221899804,0.24515588185365966,0.2450692759295357,0.24476471292410917,0.24515013620047357,0.2450333157752062,0.24514801393502317,0.245118149344266,0.2451627773279508,0.24511530972108014,0.24515595998817447
0.2482183978800424,0.24813175155762546,0.24783683391385852,0.2482081243746972,0.2480911745665015,0.24821158165503893,0.24817270969305394,0.24822295580519965,0.24816699953529747,0.2482222817556451,0.24804761754048557,0.2460114165284543,0.24596173341258865,0.2429591300176933,0.24285809134752945,0.23793107186400678,0.23995789112376698,0.24403733209970357,0.2459353464289415,0.24817300808932327,0.24814273476187315,0.24377653468977872,0.2466895664744546,0.24081260224511514,0.24720896089302433,0.23776583976663176,0.24739574738966366,0.24188814883825463,0.24787422199563253,0.24807979372875352,0.24818156271715205,0.24339078031692982,0.25,0.24092439264944637,0.24732077932387433,0.23867723653136383,0.2478470013782611,0.24316676650877012,0.2479312878274172,0.24812996061968584,0.24804369513111704,0.2462044272788534,0.24630718556463563,0.24316388788493903,0.2430906352533521,0.23802518637367484,0.23961877583683,0.2434413591647334,0.24592558447860113,0.24817794426318848,0.2482188983889711,0.2481312103821365,0.2478228840986754,0.24821308093462227,0.24809488568370985,0.24821093203753916,0.24818079025655326,0.2482258800173769,0.2481778780710729,0.2482189775006952
