x1,x2,x3,x4,x5,x6,x7,x8,x9,x10,x11,x12,x13,x14,x15,x16,x17,x18,x19,x20,x21,x22,x23,x24,x25,x26,x27,x28,x29,x30,x31,x32,x33,x34,x35,x36,x37,x38,x39,x40,x41,x42,x43,x44,x45,x46,x47,x48,x49,x50,x51,x52,x53,x54,x55,x56,x57,x58,x59,x60
0.25000000000000006,0.2498775049976546,0.2499297780939566,0.24996179180887954,0.24983103779964486,0.249981312718697,0.24975067335726875,0.2499463294248722,0.2495025294365416,0.2499401713277594,0.24997341487327493,0.24371554000777595,0.24566505794136898,0.23559420293343633,0.24329046947309674,0.2312342635793228,0.24161937913839554,0.2386238201674323,0.2469595408003504,0.24996781941339016,0.24995458128574402,0.24659591190657676,0.24663435014848462,0.24580253849961625,0.24800160672725818,0.24685327205529425,0.24941297516982053,0.24792382126445642,0.24985517433182947,0.24978234815011205,0.24995332390139693,0.24607684592779314,0.2460625763683363,0.24578997997288726,0.24783858264009145,0.24697890650871304,0.24937456982670717,0.24766645760888523,0.24988364890836529,0.24981062869298792,0.24996321712245695,0.24271779978658534,0.24513776137645915,0.23426966716968936,0.2431067226196011,0.2318334192192261,0.2422482564544983,0.23921476847842243,0.24696218068254794,0.24996804919228024,0.24995859572603824,0.2498893770326322,0.2499289947291644,0.24996708537402987,0.24980619618720934,0.24997921148232433,0.24967317908026887,0.24996292262068046,0.24940081028715322,0.24994176206797997
0.2498775049976546,0.25000000000000006,0.24984006869940537,0.24987286646299242,0.2497421589677652,0.24989238042623954,0.24966182310893112,0.24985740957840555,0.2494137675357861,0.24985125367140568,0.24988448539068203,0.2436288380833598,0.24557778592735582,0.23551039277486607,0.24320391270545977,0.2311519955168897,0.2415334208467146,0.23853892838632013,0.24687168347167765,0.24987889192278837,0.24986565849738882,0.2465081815660746,0.2465466074428885,0.24571508972410552,0.2479133782709923,0.24676545149722692,0.24932424503569278,0.24783562090803918,0.24976628693080358,0.2496934866334734,0.2498644015657417,0.2459893027189544,0.24597503823843636,0.2457025388764685,0.24775041269377365,0.24689104249090366,0.24928585339163556,0.24757834887662383,0.24979475135851636,0.24972175712204572,0.24987429126762467,0.24263145153191049,0.24505055245188737,0.2341863246718434,0.24302023616343987,0.23175094377631278,0.2421620754201136,0.2391296666443827,0.24687432246910104,0.24987912161931194,0.24986967151473566,0.24980047744688325,0.2498400810499278,0.24987815814309114,0.24971732619162268,0.24989027993745283,0.24958435640332274,0.2498739968707245,0.24931208451253672,0.24985284384595338
0.2499297780939566,0.24984006869940537,0.24999999999999997,0.24992446757130204,0.24979373320438336,0.24994398559942638,0.2497133806734654,0.24990900752434225,0.24946527298382598,0.24990285035229332,0.24993608892307295,0.24367920012677072,0.24562831651467756,0.23555910165592622,0.24325424567181217,0.2311998339324153,0.24158330500046835,0.23858819043304488,0.246922666062752,0.2499304942807365,0.24991725824419384,0.24655915708957507,0.2465975472498347,0.24576591014909444,0.24796458330200125,0.24681642981462107,0.24937573299789365,0.24788680175936964,0.24981786575458353,0.24974505085710566,0.24991600096795794,0.24604010218531844,0.2460258340734433,0.24575327851832066,0.2478015748680191,0.24694202632832066,0.24933733331064847,0.2476294759164434,0.24984633643262244,0.24977332705966623,0.24992589270332988,0.24268155790480578,0.24510115423229098,0.23423468228847502,0.2430704197287158,0.23179879098773845,0.24221208138691136,0.23917904577798763,0.24692530430606058,0.2499307240346849,0.24992127200172237,0.24985206363636026,0.2498916754301164,0.24992976037436698,0.24976889526462218,0.24994188467199133,0.24963589809901576,0.2499255982415972,0.24936356984243555,0.24990444084958155
0.24996179180887954,0.24987286646299242,0.24992446757130204,0.25000000000000006,0.2498266970526345,0.2499769693627055,0.24974633400788088,0.2499419866768742,0.2494981944261828,0.24993582868654576,0.24996907165471477,0.2437113049957061,0.24566085441415667,0.235590109128757,0.2432862395696713,0.23123024307416828,0.24161518087880832,0.2386196741005242,0.24695524991406823,0.24996347629270815,0.24995023839155098,0.24659162574021082,0.24663006426197795,0.24579826581951025,0.24799729752553765,0.24684898251353163,0.24940864168270527,0.24791951364239143,0.2498508331763593,0.24977800824755497,0.24994898103149113,0.2460725704046178,0.24605830111160787,0.2457857094526206,0.24783427653373222,0.24697461536577214,0.24937023701301378,0.247662154481177,0.24987930724756158,0.24980628830256466,0.24995887408090514,0.2427135826148645,0.24513350227781638,0.23426559691692628,0.2431024987779534,0.23182939150644546,0.24224404753925807,0.23921061228583615,0.2469578897854285,0.24996370606727814,0.2499542527646294,0.24988503527411196,0.2499246522820278,0.24996274226534887,0.24980185587242296,0.2499748681629557,0.24966884107436058,0.2499585795843562,0.2493964770174098,0.24993741939928465
0.24983103779964486,0.2497421589677652,0.24979373320438336,0.2498266970526345,0.25000000000000006,0.24984620741256938,0.24961569266684508,0.24981124302649954,0.24936768289446298,0.24980508825643913,0.2498383138336991,0.24358383590656543,0.24553202655460588,0.2354669021499621,0.24315899038464356,0.23110929957788992,0.24148879074042914,0.2384948539418663,0.24682606881260977,0.2498327213969118,0.2498194904289108,0.24646264426153006,0.24650105660604998,0.24566969972056,0.24786757202138773,0.24671985822339212,0.24927817691522572,0.24778982798757257,0.2497201371764824,0.24964735038365823,0.2498182337228645,0.24594385123738358,0.24592958912807653,0.245657140423353,0.24770463546981172,0.24684542417378097,0.24923979247051578,0.247532603512357,0.24974859639895639,0.2496756156333023,0.2498281215959102,0.2425866203971189,0.24500527391364876,0.23414305352122167,0.24297533277177488,0.2317081213770276,0.24211733052748965,0.23908548191439208,0.2468287071024471,0.24983295105252087,0.24982350269578069,0.24975432141291792,0.2497939177064341,0.2498319877559386,0.24967118553366596,0.2498441073105363,0.2495382403317137,0.24982782725233843,0.24926601872263252,0.24980667813616345
0.249981312718697,0.24989238042623954,0.24994398559942638,0.2499769693627055,0.24984620741256938,0.25000000000000006,0.24976630111535014,0.2499615060241223,0.24951767906348488,0.24995534754910947,0.24998859313203023,0.24373033770477737,0.24568002606299708,0.2356084984970807,0.24330523697630407,0.23124828118593546,0.24163404058307847,0.23863830321597135,0.24697453644004289,0.2499829973358319,0.2499697584022121,0.24661088929438718,0.24664932345638876,0.24581746130233445,0.2480166625268569,0.24686825689946915,0.24942811872205878,0.2479388740836829,0.2498703453179063,0.24979751485101237,0.24996850093862363,0.24609178583093277,0.24607751644142395,0.2458049016002192,0.24785363074716626,0.2469939007142644,0.2493897116081517,0.24768149504802747,0.24989882168414498,0.24982579707293598,0.24997839475966624,0.24273253658418953,0.24515264324925432,0.23428388825201624,0.24312148224808316,0.23184749179505854,0.2422629639229457,0.23922929186822386,0.24697717604423425,0.24998322711873963,0.2499737730939334,0.24990455018859742,0.249944170260538,0.2499822632484003,0.24982136428418414,0.24999439009298594,0.24968833909139587,0.24997810024181624,0.24941595375841508,0.24995693840473282
0.24975067335726875,0.24966182310893112,0.2497133806734654,0.24974633400788088,0.24961569266684508,0.24976630111535014,0.24999999999999994,0.2497308754704727,0.24928746708152302,0.24972472736898077,0.24975794705282817,0.24350604704724535,0.24545397683500275,0.23539286626425956,0.24308212514568872,0.23103190734698623,0.24141069025880244,0.23841998129081085,0.2467469972708535,0.2497523558027268,0.24973913214571258,0.24638346636090436,0.24642228278222086,0.2455919629581285,0.2477877701130377,0.24664054642314207,0.24919795111170456,0.2477105764193824,0.24963977837646495,0.24956706093013145,0.24973787570483535,0.24586508526644013,0.2458503428192712,0.24557851826841576,0.24762507049354612,0.24676617723656893,0.24915962837717523,0.24745304824999295,0.24966826892090213,0.2495953012590869,0.24974775892857298,0.2425088625372825,0.24492632919132393,0.23406755898376047,0.2428970300454819,0.23163227416343665,0.24203923025239038,0.23900821960100088,0.24674930618167581,0.24975258449743992,0.24974314109653428,0.24967398165095123,0.2497135732515144,0.24975162300992743,0.24959088395446655,0.24976373866527832,0.24945799799757168,0.2497474637252486,0.2491858383705172,0.24972632153100308
0.2499463294248722,0.24985740957840555,0.24990900752434225,0.2499419866768742,0.24981124302649954,0.2499615060241223,0.2497308754704727,0.2500000000000001,0.24948330859321907,0.24992036789698505,0.24995360881948914,0.24369624038708063,0.24564562938027398,0.23557559184319438,0.24327121826694353,0.23121596245009016,0.24160025710687674,0.23860495599935133,0.24693997702846068,0.24994801379050796,0.24993477674518114,0.24657636218103554,0.24661482038887433,0.24578308252243977,0.24798196368592101,0.24683372412431934,0.24939321503036702,0.24790418679001583,0.24983537756883445,0.24976255732672586,0.2499335194737082,0.24605735832150943,0.2460430804865133,0.24577051850100506,0.2478189488988923,0.24695934649774032,0.24935481170339965,0.2476468373453153,0.2498638502013521,0.2497908355233048,0.2499434118937008,0.2426985747460415,0.24511834478742398,0.23425111321326622,0.2430874635267721,0.2318150456154858,0.24222906458481333,0.23919581480666102,0.24694261336424528,0.24994824356316692,0.24993879082903803,0.24986957763736778,0.24990919239293496,0.24994727982173381,0.2497864035570289,0.24995940496923605,0.24965339723395155,0.24994311739795363,0.2493810496841302,0.24992195852210672
0.2495025294365416,0.2494137675357861,0.24946527298382598,0.2494981944261828,0.24936768289446298,0.24951767906348488,0.24928746708152302,0.24948330859321907,0.25000000000000006,0.24947661403813653,0.24950979593250258,0.24326351740481889,0.24520854470343584,0.23515729559085696,0.2428393340069306,0.23080549519252522,0.24117131580954868,0.23818133886723913,0.24650151830309439,0.24950421080824436,0.24949099736912242,0.24613854338356556,0.24617695645565202,0.2453467159200069,0.2475416638317202,0.24639547410662724,0.24895039955865597,0.24746402270630552,0.24939177444658897,0.2493190837727451,0.24948974229424756,0.24562047356393,0.2456062112683899,0.24533414627023978,0.24737892912506526,0.2465208586765002,0.24891206250357864,0.24720712341950452,0.24942019694247108,0.24934731163881219,0.24949961713073315,0.24226765026820427,0.24468312330196168,0.23383518947313983,0.242655844792778,0.2314034327620269,0.24179896909662973,0.2387711028619513,0.2465041468729251,0.24950444020010487,0.24949500423273924,0.24942591395479075,0.24946545856978997,0.249503478172638,0.2493428877409047,0.24951558179094863,0.24921011783908129,0.24949932313925952,0.24893825351037188,0.24947820183301953
0.2499401713277594,0.24985125367140568,0.24990285035229332,0.24993582868654576,0.24980508825643913,0.24995534754910947,0.24972472736898077,0.24992036789698505,0.24947661403813653,0.24999999999999997,0.24994745054287185,0.24369022473646598,0.2456396000244095,0.23556972447991364,0.24326519378866904,0.23121023108531777,0.2415942761908854,0.2385990292449163,0.2469338894487781,0.24994185566640195,0.24992861890916104,0.2465702997185033,0.2466087304946779,0.24577700400849978,0.24797584525046987,0.24682762885010312,0.24938706860631274,0.2478980687710934,0.24982922224133858,0.2497564036774838,0.24992736165495055,0.24605128493138526,0.24603701788735097,0.24576444814726503,0.2478128396256404,0.24695325164925652,0.24934866761282615,0.2476407323897092,0.24985769387109616,0.24978468127400597,0.24993725384918422,0.24269258831616317,0.24511229769670692,0.23424533190483487,0.24308147061189309,0.2318093374852422,0.2422230936374927,0.2391899209319811,0.24693652908816902,0.2499420854162435,0.24993263293947005,0.24986342143102797,0.2499030349861771,0.24994112170098423,0.2497802492108339,0.24995324654976012,0.24964724590053886,0.24993695937982766,0.2493749054191128,0.2499158010252256
0.24997341487327493,0.24988448539068203,0.24993608892307295,0.24996907165471477,0.2498383138336991,0.24998859313203023,0.24975794705282817,0.24995360881948914,0.24950979593250258,0.24994745054287185,0.24999999999999992,0.24372263741496242,0.24567227747524426,0.23560106391671337,0.2432975522247622,0.23124099513321275,0.24162641583055083,0.23863076976288095,0.24696673317540555,0.24997509943464782,0.24996186091793784,0.24660309209335315,0.24664153240246336,0.2458096952820267,0.24800882924146955,0.24686046083363786,0.24942023902519891,0.24793104174137776,0.2498624510804648,0.24978962276535024,0.24996060349941063,0.24608401262189925,0.24606974266538492,0.24579713833103858,0.24784580066923245,0.24698609952755554,0.24938183256970467,0.2476736706131135,0.24989092647569452,0.24981790413536373,0.24997049700884524,0.24272486864137127,0.24514490082900947,0.23427649011745694,0.24311380288879766,0.23184017142495789,0.2422553117326668,0.23922173542644495,0.2469693731695155,0.24997532921990254,0.24996587547768132,0.2498966547685946,0.24993627361867551,0.249974365373157,0.24981347149911654,0.24998649183461033,0.24968045051595095,0.24997020249860225,0.24940807379424532,0.24994904132959553
0.24371554000777595,0.2436288380833598,0.24367920012677072,0.2437113049957061,0.24358383590656543,0.24373033770477737,0.24350604704724535,0.24369624038708063,0.24326351740481889,0.24369022473646598,0.24372263741496242,0.25,0.23941905586958784,0.22943134000917137,0.23719824971170864,0.22539415849985153,0.23556613191701634,0.2326340552269126,0.24078496553288947,0.24371716770218677,0.2437043022357687,0.24034751295736415,0.24044805732797128,0.23962543586635277,0.24179218542277814,0.24067121501250052,0.24317547503567905,0.24172238702666796,0.24360713907989387,0.24353644317316547,0.24370303650414904,0.23991671675081475,0.23990646031795082,0.23963398967795152,0.2416389769410936,0.24079502993953986,0.24313825805100342,0.24147073099258895,0.24363495626316042,0.24356393883793254,0.24371268460670845,0.23664484859909618,0.23899936897065746,0.2284008867882487,0.23702274201115084,0.2260269430315405,0.23618578104561763,0.2332290167398932,0.24078651492641878,0.2437173897465535,0.24370821465871437,0.24364070101548077,0.24367919829093387,0.24371646618522005,0.24355953296931904,0.24372828907300853,0.24342975368264005,0.24371240643502357,0.243164283429821,0.2436917761119046
0.24566505794136898,0.24557778592735582,0.24562831651467756,0.24566085441415667,0.24553202655460588,0.24568002606299708,0.24545397683500275,0.24564562938027398,0.24520854470343584,0.2456396000244095,0.24567227747524426,0.23941905586958784,0.24999999999999992,0.23129333905281427,0.23909232294639304,0.22722675444567456,0.23750761045864022,0.23450507264154827,0.24270895655058994,0.2456667821517577,0.24565382907661829,0.24233277248142565,0.2423759378671833,0.2415566022059836,0.24373361496729506,0.24261393604512344,0.24512340396474627,0.24365754229259282,0.24555608359012138,0.24548451283867634,0.24565251133915378,0.24183614689980892,0.24182595163779694,0.2415518025774289,0.24357216508354398,0.24272256462074915,0.24508323410120292,0.24340258953843635,0.2455838890184247,0.24551230574877947,0.2456622429351568,0.23853758637683403,0.2409140348621545,0.23023156384313667,0.2389206258873428,0.2278439377105722,0.23807731845172142,0.23509737548163268,0.24271273203260604,0.245666999606904,0.2456577330839271,0.24558968563493688,0.24562848499875128,0.24566605688877904,0.24550782704546226,0.24567797435588096,0.24537694965561418,0.24566196548616667,0.24510945891053845,0.24564116931154648
0.23559420293343633,0.23551039277486607,0.23555910165592622,0.235590109128757,0.2354669021499621,0.2356084984970807,0.23539286626425956,0.23557559184319438,0.23515729559085696,0.23556972447991364,0.23560106391671337,0.22943134000917137,0.23129333905281427,0.2499999999999998,0.22891961490003654,0.21718347590776704,0.2277570077828105,0.2248760808535659,0.23276290203032446,0.23559599602037104,0.23558318146494905,0.23234861258587536,0.23233122715610613,0.23144095530776207,0.23368439764428478,0.23259415456503224,0.23506878950350063,0.23367208048451096,0.23548869114993648,0.23542137963767618,0.23558209268219055,0.23190555575721225,0.23189797747475221,0.23162316498964983,0.23358683964766092,0.23275063201586954,0.23503453887466264,0.23341727783848673,0.2355157877172025,0.23544770076007143,0.23559141852578977,0.22875169065091325,0.2310119931979828,0.2207601423033018,0.22911105367135226,0.21846467787503454,0.22830108860256354,0.2254444410772547,0.23276225485941227,0.23559594039769674,0.23558719541716786,0.2355218579208444,0.23555875866666617,0.23559509832251563,0.2354432667930039,0.23560652723874756,0.2353176454868472,0.23559117030467636,0.2350611406040164,0.23557123100500518
0.24329046947309674,0.24320391270545977,0.24325424567181217,0.2432862395696713,0.24315899038464356,0.24330523697630407,0.24308212514568872,0.24327121826694353,0.2428393340069306,0.24326519378866904,0.2432975522247622,0.23719824971170864,0.23909232294639304,0.22891961490003654,0.2499999999999998,0.2245600139885347,0.23517548996694151,0.23226576274141986,0.24039648020023965,0.24329209147381434,0.24327927764634857,0.24000643197401458,0.24007819860276278,0.2392180342776775,0.24139259186179945,0.24023462917529625,0.24275385250516246,0.24131393744981453,0.24318243097428557,0.24311174534752614,0.24327799761616448,0.2395010396702529,0.23948034671043592,0.23922239790915517,0.2412171650936748,0.24037826617483565,0.24271390556327732,0.24105060361853933,0.2432099664380566,0.2431391242719393,0.24328762174792293,0.23623440416078664,0.2385857937026023,0.22800797604588433,0.2366109516552791,0.22563374115053136,0.23577509592146847,0.23282308614255615,0.24036660289948636,0.24329231723355071,0.24328314608023557,0.24321575873157475,0.243254251682553,0.24329139176094286,0.24313477487191812,0.2433031940260977,0.243005284603978,0.24328733928369578,0.2427402007100453,0.2432667447479589
0.2312342635793228,0.2311519955168897,0.2311998339324153,0.23123024307416828,0.23110929957788992,0.23124828118593546,0.23103190734698623,0.23121596245009016,0.23080549519252522,0.23121023108531777,0.23124099513321275,0.22539415849985153,0.22722675444567456,0.21718347590776704,0.2245600139885347,0.24999999999999983,0.22288995715404156,0.2200931964029443,0.22848464897717516,0.23123560101369017,0.23122362387664572,0.22812298474991433,0.2281528817783861,0.22732060380268498,0.22931860717095978,0.22812398089305058,0.23069576440531797,0.22930169547722115,0.2311308333846309,0.23106437348662193,0.2312224254551711,0.22763495729920835,0.22761030860849832,0.22736253254831965,0.2292770033152624,0.22846434522573214,0.23068655523981943,0.22910465326994012,0.23115765175230135,0.23109042865104962,0.23123155951361737,0.22453029036002856,0.2267571112106595,0.21669956463630693,0.22488269018758827,0.21443305643534746,0.22408590668758382,0.22127902472595812,0.22845511280333625,0.23123599088030317,0.23122732169614812,0.23116325492125955,0.23119984901743137,0.2312351399549755,0.2310863791504306,0.23124635735448779,0.23096343959393614,0.23123128621388403,0.23071125029801234,0.2312117143141902
0.24161937913839554,0.2415334208467146,0.24158330500046835,0.24161518087880832,0.24148879074042914,0.24163404058307847,0.24141069025880244,0.24160025710687674,0.24117131580954868,0.2415942761908854,0.24162641583055083,0.23556613191701634,0.23750761045864022,0.2277570077828105,0.23517548996694151,0.22288995715404156,0.24999999999999992,0.2302811137891084,0.23873102093617798,0.2416210889380959,0.24160819028685318,0.23836759591270112,0.23847593719833413,0.23763754040938848,0.23973733163177874,0.23856876989553205,0.241087221711539,0.239622885229036,0.2415123403331306,0.24144188094561853,0.24160699691476828,0.23785674596525105,0.23783106115201433,0.23758257371515262,0.2395596863725752,0.23872914408439538,0.24104656652802098,0.23939543627082926,0.24153935194433296,0.24146907169122106,0.24161655458399758,0.23461242851069203,0.23694979241061503,0.22644600522121927,0.23498731614405832,0.22408870383098936,0.23415723165319063,0.2312255810055473,0.23871564794584715,0.24162122411005865,0.24161210203312644,0.2415451841471124,0.24158343614532793,0.2416202976813899,0.2414647538894207,0.24163201888112715,0.2413361493317209,0.24161627352354176,0.2410729053949972,0.24159581996135232
0.2386238201674323,0.23853892838632013,0.23858819043304488,0.2386196741005242,0.2384948539418663,0.23863830321597135,0.23841998129081085,0.23860495599935133,0.23818133886723913,0.2385990292449163,0.23863076976288095,0.2326340552269126,0.23450507264154827,0.2248760808535659,0.23226576274141986,0.2200931964029443,0.2302811137891084,0.24999999999999997,0.23562762107769653,0.23862609110862748,0.23861276298290549,0.2354288339818272,0.23547498826491112,0.2346260938017112,0.23674185195368885,0.23559728558990667,0.23808716547769343,0.2365858096505452,0.2385175247881304,0.23844861021592206,0.23861159986236896,0.23490753463936453,0.23488296539987946,0.23463261551880982,0.23659323434381677,0.23576590650671828,0.2380582028164555,0.2364264641344362,0.23854484962867084,0.23847538616758862,0.23862103117638458,0.23170420469801514,0.23400614698754332,0.22363053782384787,0.2320703530110753,0.22129541456005264,0.2312497082641249,0.22835385963727314,0.23575595260241203,0.23862562084534508,0.23861664954853584,0.23855054519312244,0.2385883009454122,0.23862472746809213,0.23847115795425675,0.2386363033461738,0.2383442165926002,0.23862075169358898,0.2380841016522167,0.23860055321635384
0.2469595408003504,0.24687168347167765,0.246922666062752,0.24695524991406823,0.24682606881260977,0.24697453644004289,0.2467469972708535,0.24693997702846068,0.24650151830309439,0.2469338894487781,0.24696673317540555,0.24078496553288947,0.24270895655058994,0.23276290203032446,0.24039648020023965,0.22848464897717516,0.23873102093617798,0.23562762107769653,0.25000000000000006,0.24696357595676718,0.24694813927766462,0.24363185798938175,0.24367157364326797,0.2428488557615878,0.2450257838340022,0.2439071113875045,0.24641487265879494,0.24493909033272754,0.24684994390528783,0.24677801718986805,0.2469468840981222,0.24311597023201073,0.24310084037868462,0.2428331801059326,0.24485590137341673,0.24400720007240978,0.24637488301278648,0.24468720415202375,0.2468779998387417,0.2468059071751487,0.2469566571911856,0.23979797532445177,0.24218807909437734,0.23145081661461842,0.24018184714942253,0.22904309852455484,0.23933376805237672,0.23633684889825934,0.24399169345971342,0.24696142952791936,0.24695209579999802,0.24688370614413144,0.24692283455127334,0.2469604798070271,0.24680152139958464,0.24697246006245316,0.2466700997641191,0.24695636694200052,0.2464010081743035,0.24693546109013853
0.24996781941339016,0.24987889192278837,0.2499304942807365,0.24996347629270815,0.2498327213969118,0.2499829973358319,0.2497523558027268,0.24994801379050796,0.24950421080824436,0.24994185566640195,0.24997509943464782,0.24371716770218677,0.2456667821517577,0.23559599602037104,0.24329209147381434,0.23123560101369017,0.2416210889380959,0.23862609110862748,0.24696357595676718,0.2500000000000001,0.24995626573847277,0.24659744992306604,0.24663605793548246,0.24580434111800406,0.2480032756246456,0.24685487862218364,0.24941464592871165,0.24792552155659417,0.24985685753634299,0.24978403172901517,0.2499550083501192,0.24607850520985305,0.2460642315982938,0.24579163493881898,0.24784025611225383,0.24698056813987387,0.2493762504429934,0.24766812528456908,0.24988533298112114,0.24981231217793326,0.2499649016172933,0.24271943624658757,0.2451394046229557,0.23427123224476187,0.24310835430510722,0.23183495400401796,0.24224988135908088,0.23921637150695826,0.24696384481708428,0.24996973368300854,0.24996028022929437,0.2498910610276157,0.24993067903038696,0.24996876989265926,0.24980787974439359,0.24998089608266316,0.2496748619334082,0.2499646071082121,0.249402490950654,0.24994344641595165
0.24995458128574402,0.24986565849738882,0.24991725824419384,0.24995023839155098,0.2498194904289108,0.2499697584022121,0.24973913214571258,0.24993477674518114,0.24949099736912242,0.24992861890916104,0.24996186091793784,0.2437043022357687,0.24565382907661829,0.23558318146494905,0.24327927764634857,0.23122362387664572,0.24160819028685318,0.23861276298290549,0.24694813927766462,0.24995626573847277,0.25000000000000017,0.24658443950973366,0.24662294998509945,0.24579121064409318,0.24799014767341662,0.24684187987514722,0.2494014488258837,0.2479123573892853,0.24984362572789307,0.24977080307078256,0.24994177084198635,0.24606546021942408,0.24605120079245038,0.24577860310203792,0.24782712260924322,0.24696747850590478,0.24936304282012953,0.2476550060611017,0.2498720988460917,0.2497990822856569,0.24995166361857318,0.24270657411847177,0.24512641951423583,0.23425882497605752,0.2430954798158627,0.23182269887075077,0.24223705400971618,0.23920370840187433,0.24695076566278126,0.24995649547174845,0.2499470424901745,0.2498778269614987,0.2499174425900991,0.24995553171114282,0.2497946497896301,0.24996765725896727,0.24966163859786455,0.24995136914941984,0.24938928268521862,0.2499302095755646
0.24659591190657676,0.2465081815660746,0.24655915708957507,0.24659162574021082,0.24646264426153006,0.24661088929438718,0.24638346636090436,0.24657636218103554,0.24613854338356556,0.2465702997185033,0.24660309209335315,0.24034751295736415,0.24233277248142565,0.23234861258587536,0.24000643197401458,0.22812298474991433,0.23836759591270112,0.2354288339818272,0.24363185798938175,0.24659744992306604,0.24658443950973366,0.25000000000000017,0.2432668012338304,0.24246898518052254,0.24466264384021105,0.24352974035098482,0.24605252176895395,0.2445881797268853,0.24648638393174768,0.24641470601144058,0.2465832756375751,0.24275810974889314,0.2427412604820334,0.24247507579527006,0.24449484597689658,0.24364685143252784,0.24601201825471156,0.24432663413347294,0.24651449040939025,0.24644250571406545,0.24659303109096062,0.23944511556627496,0.24182979733499005,0.23110822270480344,0.23982709665962768,0.228701415665129,0.2389800605904468,0.23598744292234353,0.24363239590188535,0.24659779018224023,0.24658848097857058,0.24652018731781883,0.2465592525800391,0.24659684793304798,0.24643813631469522,0.24660881054724326,0.24630692912774538,0.24659274069363057,0.24603819426899542,0.24657186605372558
0.24663435014848462,0.2465466074428885,0.2465975472498347,0.24663006426197795,0.24650105660604998,0.24664932345638876,0.24642228278222086,0.24661482038887433,0.24617695645565202,0.2466087304946779,0.24664153240246336,0.24044805732797128,0.2423759378671833,0.23233122715610613,0.24007819860276278,0.2281528817783861,0.23847593719833413,0.23547498826491112,0.24367157364326797,0.24663605793548246,0.24662294998509945,0.2432668012338304,0.25000000000000017,0.24247283077288476,0.2446889855479911,0.24356247440374132,0.24610240007351974,0.24462767873581853,0.24652460648588453,0.24645341826866812,0.24662171331637484,0.24280026158426285,0.24273357635012788,0.242513992005126,0.24459845490381826,0.24368212177816634,0.24604698371499936,0.24436232817194348,0.24655413018986364,0.24648093135977436,0.24663145992297278,0.2394938684218908,0.24186631576975193,0.23114886664149661,0.23986309686275326,0.22873509868332037,0.23901319462355927,0.2360211761624678,0.24367033771027927,0.24663622303066407,0.24662693567912528,0.24655861470726304,0.24659760613655946,0.24663528726587103,0.2464764772293166,0.24664725174686802,0.24634519801662966,0.24663117899568418,0.24607650134981005,0.24661030149553215
0.24580253849961625,0.24571508972410552,0.24576591014909444,0.24579826581951025,0.24566969972056,0.24581746130233445,0.2455919629581285,0.24578308252243977,0.2453467159200069,0.24577700400849978,0.2458096952820267,0.23962543586635277,0.2415566022059836,0.23144095530776207,0.2392180342776775,0.22732060380268498,0.23763754040938848,0.2346260938017112,0.2428488557615878,0.24580434111800406,0.24579121064409318,0.24246898518052254,0.24247283077288476,0.25000000000000017,0.24384136086422803,0.24273951068205296,0.24526060404253214,0.2438001075121822,0.24569350719760008,0.24562195568506218,0.24578993611943256,0.24197115633324218,0.24196326691941145,0.24168784191700088,0.24370361452412678,0.24285842526204657,0.2452202664311018,0.2435392076304187,0.24572102347422525,0.2456496355172476,0.24579966212498122,0.2386710641781519,0.24104638454987684,0.23035597354369858,0.23905261756617238,0.227958863634759,0.238208508551374,0.235225640910823,0.2428484421137111,0.2458043993394673,0.24579514675016637,0.24572705724447721,0.24576593247779904,0.24580347120948087,0.2456452507379332,0.24581539533675417,0.24551443079657184,0.24579937638764843,0.24524657884803572,0.24577856970600093
0.24800160672725818,0.2479133782709923,0.24796458330200125,0.24799729752553765,0.24786757202138773,0.2480166625268569,0.2477877701130377,0.24798196368592101,0.2475416638317202,0.24797584525046987,0.24800882924146955,0.24179218542277814,0.24373361496729506,0.23368439764428478,0.24139259186179945,0.22931860717095978,0.23973733163177874,0.23674185195368885,0.2450257838340022,0.2480032756246456,0.24799014767341662,0.24466264384021105,0.2446889855479911,0.24384136086422803,0.25000000000000017,0.24488892290200215,0.24745349597199873,0.24596828120585854,0.24789077737148418,0.24781964288109587,0.24798889400577467,0.244152187795846,0.24421854858881875,0.2438641134087186,0.24587652973110527,0.24502943499090163,0.2474201128135938,0.24571788865910135,0.24792125267414059,0.24784733773037712,0.24799870520862013,0.2408006606030952,0.24320110368369655,0.2324246301260344,0.2411871579687748,0.22999717400538253,0.24033888652871116,0.23733171345522838,0.2450210616729153,0.24800349380674508,0.24799415105623993,0.24792545187658882,0.24796464995515108,0.2480025494823666,0.247842837768379,0.24801458029225654,0.24771080465470047,0.24799841854827176,0.24744066050540922,0.2479774252010889
0.24685327205529425,0.24676545149722692,0.24681642981462107,0.24684898251353163,0.24671985822339212,0.24686825689946915,0.24664054642314207,0.24683372412431934,0.24639547410662724,0.24682762885010312,0.24686046083363786,0.24067121501250052,0.24261393604512344,0.23259415456503224,0.24023462917529625,0.22812398089305058,0.23856876989553205,0.23559728558990667,0.2439071113875045,0.24685487862218364,0.24684187987514722,0.24352974035098482,0.24356247440374132,0.24273951068205296,0.24488892290200215,0.25000000000000017,0.2463011891289449,0.2448304264935532,0.24674307314166474,0.2466718025424535,0.24684061896660556,0.24300970427421162,0.24301948648114854,0.24272243066236274,0.2447573089757363,0.24389740274052993,0.2462701560004196,0.24457994317428458,0.24677106797792478,0.24669971997993853,0.24685038155837669,0.23969294960738818,0.24207774091831605,0.23134356066149114,0.2400756725090659,0.2289340428889598,0.23922563013891338,0.23623042144398332,0.2438864182333088,0.2468551398737006,0.24684585669008627,0.2467774695448813,0.24681649893000615,0.246854210154493,0.2466953067312273,0.24686618525432397,0.24656391322249768,0.24685009753688505,0.24629492332842448,0.246829202205023
0.24941297516982053,0.24932424503569278,0.24937573299789365,0.24940864168270527,0.24927817691522572,0.24942811872205878,0.24919795111170456,0.24939321503036702,0.24895039955865597,0.24938706860631274,0.24942023902519891,0.24317547503567905,0.24512340396474627,0.23506878950350063,0.24275385250516246,0.23069576440531797,0.241087221711539,0.23808716547769343,0.24641487265879494,0.24941464592871165,0.2494014488258837,0.24605252176895395,0.24610240007351974,0.24526060404253214,0.24745349597199873,0.2463011891289449,0.25000000000000006,0.24737244219060622,0.24930340236594659,0.24922976074873146,0.249400183880834,0.24552919142368723,0.24553075176128136,0.245246163919698,0.2473074655113748,0.24642986959825036,0.24882357754543424,0.24711741313497682,0.24933805755431135,0.24925781799559477,0.24941006281930073,0.24217920304667065,0.24459088044743915,0.23374680430035463,0.24256411956573704,0.23131450052118294,0.2417100437428294,0.23868360442358136,0.24641571944083643,0.2494148821754721,0.24940546017457496,0.24933638715646186,0.24937588634307628,0.24941392353153408,0.24925335657561887,0.24942602280617232,0.2491206245645798,0.24940976984178959,0.24884888447665435,0.24938865626553067
0.24792382126445642,0.24783562090803918,0.24788680175936964,0.24791951364239143,0.24778982798757257,0.2479388740836829,0.2477105764193824,0.24790418679001583,0.24746402270630552,0.2478980687710934,0.24793104174137776,0.24172238702666796,0.24365754229259282,0.23367208048451096,0.24131393744981453,0.22930169547722115,0.239622885229036,0.2365858096505452,0.24493909033272754,0.24792552155659417,0.2479123573892853,0.2445881797268853,0.24462767873581853,0.2438001075121822,0.24596828120585854,0.2448304264935532,0.24737244219060622,0.25000000000000006,0.24781333875412573,0.24774172587826174,0.24791112624392161,0.2440662615236598,0.2440444182489496,0.24378368405412185,0.2458180270771759,0.24495900928959607,0.24733695245191092,0.2456422444810796,0.24784238151972515,0.24776959176426652,0.24792092784981376,0.24073612902473718,0.24313143361092118,0.232353879627907,0.24111753574931608,0.22992875658172995,0.24026570857780719,0.23725700755208168,0.24494433030413462,0.24792570710659415,0.2479163547668859,0.24784769052995445,0.24788698019299168,0.2479247639579888,0.24776521451729425,0.24793679098901295,0.24763334155052863,0.2479206342729385,0.24736310307380022,0.2478996475508448
0.24985517433182947,0.24976628693080358,0.24981786575458353,0.2498508331763593,0.2497201371764824,0.2498703453179063,0.24963977837646495,0.24983537756883445,0.24939177444658897,0.24982922224133858,0.2498624510804648,0.24360713907989387,0.24555608359012138,0.23548869114993648,0.24318243097428557,0.2311308333846309,0.2415123403331306,0.2385175247881304,0.24684994390528783,0.24985685753634299,0.24984362572789307,0.24648638393174768,0.24652460648588453,0.24569350719760008,0.24789077737148418,0.24674307314166474,0.24930340236594659,0.24781333875412573,0.25000000000000006,0.24967186156632076,0.24984236831913056,0.24596932764906806,0.24595636033057558,0.24568056342620587,0.2477314167676102,0.2468695472105923,0.2492641896012406,0.2475565694612105,0.24977284670638722,0.24969973710048413,0.24985225774171743,0.24261040152367697,0.24502922130362167,0.23416564250576782,0.2429990767241625,0.23173084609449787,0.24214079653846174,0.23910867780512454,0.24685255929751157,0.2498570878467072,0.24984763841530885,0.24977845054432662,0.2498180516276103,0.24985612439082464,0.24969530677778706,0.24986824511629668,0.24956235035478752,0.2498519634869675,0.24929010067481908,0.24983081232583265
0.24978234815011205,0.2496934866334734,0.24974505085710566,0.24977800824755497,0.24964735038365823,0.24979751485101237,0.24956706093013145,0.24976255732672586,0.2493190837727451,0.2497564036774838,0.24978962276535024,0.24353644317316547,0.24548451283867634,0.23542137963767618,0.24311174534752614,0.23106437348662193,0.24144188094561853,0.23844861021592206,0.24677801718986805,0.24978403172901517,0.24977080307078256,0.24641470601144058,0.24645341826866812,0.24562195568506218,0.24781964288109587,0.2466718025424535,0.24922976074873146,0.24774172587826174,0.24967186156632076,0.2500000000000001,0.24976954662208686,0.24589665592570928,0.2458832958216085,0.2456095705131782,0.24765686555128721,0.2467972324764295,0.2491913243327493,0.24748431383292568,0.24969997956829448,0.24962695660081474,0.2497794323209999,0.24253962980253232,0.24495739913297027,0.23409773474612028,0.2429278671613934,0.23166276240585218,0.24206996955474505,0.239038738792192,0.24678059627778573,0.24978426068162543,0.24977481505607563,0.24970564671335482,0.24974523321069086,0.24978329791970938,0.2496225258758798,0.2497954151123297,0.24948960540926224,0.2497791382041948,0.24921743798284296,0.2497579932325786
0.24995332390139693,0.2498644015657417,0.24991600096795794,0.24994898103149113,0.2498182337228645,0.24996850093862363,0.24973787570483535,0.2499335194737082,0.24948974229424756,0.24992736165495055,0.24996060349941063,0.24370303650414904,0.24565251133915378,0.23558209268219055,0.24327799761616448,0.2312224254551711,0.24160699691476828,0.23861159986236896,0.2469468840981222,0.2499550083501192,0.24994177084198635,0.2465832756375751,0.24662171331637484,0.24578993611943256,0.24798889400577467,0.24684061896660556,0.249400183880834,0.24791112624392161,0.24984236831913056,0.24976954662208686,0.25000000000000006,0.24606420619411043,0.24604994641668212,0.2457773378582608,0.24782586756307148,0.24696620303526814,0.24936178691903294,0.24765375094168574,0.24987084189131714,0.2497978257749835,0.2499504062501963,0.24270534929024146,0.24512513364785055,0.23425758023605642,0.24309422272735612,0.2318214064700143,0.24223579775409568,0.23920246399903258,0.24694952228248088,0.2499552379074657,0.2499457852959992,0.24987656996583224,0.24991618518354297,0.24995427432447098,0.2497933935331467,0.24996639981126906,0.24966038351887224,0.2499501117712191,0.249388027944093,0.2499289523162576
0.24607684592779314,0.2459893027189544,0.24604010218531844,0.2460725704046178,0.24594385123738358,0.24609178583093277,0.24586508526644013,0.24605735832150943,0.24562047356393,0.24605128493138526,0.24608401262189925,0.23991671675081475,0.24183614689980892,0.23190555575721225,0.2395010396702529,0.22763495729920835,0.23785674596525105,0.23490753463936453,0.24311597023201073,0.24607850520985305,0.24606546021942408,0.24275810974889314,0.24280026158426285,0.24197115633324218,0.244152187795846,0.24300970427421162,0.24552919142368723,0.2440662615236598,0.24596932764906806,0.24589665592570928,0.24606420619411043,0.25000000000000006,0.24218195749849677,0.24193883420452597,0.24398936050227507,0.24313913040647397,0.24550196485435608,0.24381307959363033,0.2459957034275425,0.24592378127860393,0.24607397792083438,0.23882999522412077,0.2413250224657381,0.2305509941686224,0.23934135711352802,0.22821559892496013,0.2384849372591782,0.23548741183944735,0.24312032037836942,0.24607868220311407,0.2460694596569613,0.24600128239608535,0.24604027663899514,0.24607778161201838,0.24591964455765367,0.24608971903642324,0.24578887350788695,0.24607368002936666,0.24552029259515262,0.24605285231084129
0.2460625763683363,0.24597503823843636,0.2460258340734433,0.24605830111160787,0.24592958912807653,0.24607751644142395,0.2458503428192712,0.2460430804865133,0.2456062112683899,0.24603701788735097,0.24606974266538492,0.23990646031795082,0.24182595163779694,0.23189797747475221,0.23948034671043592,0.22761030860849832,0.23783106115201433,0.23488296539987946,0.24310084037868462,0.2460642315982938,0.24605120079245038,0.2427412604820334,0.24273357635012788,0.24196326691941145,0.24421854858881875,0.24301948648114854,0.24553075176128136,0.2440444182489496,0.24595636033057558,0.2458832958216085,0.24604994641668212,0.24218195749849677,0.2500000000000003,0.24188687678252302,0.2439453022520381,0.24310698012682788,0.24549293915829906,0.24379793289025642,0.24598252582257885,0.24590952364866503,0.24605971005578184,0.23883072227719215,0.24129365412681525,0.2304701650329548,0.23930386171053916,0.22817760137433138,0.23846716723687186,0.23547117753542782,0.2431062255506639,0.24606442308892956,0.24605519279759214,0.24598701722189129,0.24602592419801764,0.24606351201046234,0.24590517055903227,0.24607544874957482,0.24577432796496027,0.24605941179275223,0.245506041756135,0.24603858416126367
