x1,x2,x3,x4,x5,x6,x7,x8,x9,x10,x11,x12,x13,x14,x15,x16,x17,x18,x19,x20,x21,x22,x23,x24,x25,x26,x27,x28,x29,x30,x31,x32,x33,x34,x35,x36,x37,x38,x39,x40,x41,x42,x43,x44,x45,x46,x47,x48,x49,x50,x51,x52,x53,x54,x55,x56,x57,x58,x59,x60
0.0,0.0,0.0,0.0,0.0,0.0,0.0,0.0,0.0,0.0,0.0,0.0,0.0,0.0,0.0,0.0,0.0,0.0,0.0,0.0,0.0,0.0,0.0,0.0,0.0,0.0,0.0,0.0,0.0,0.0,0.0,0.0,0.0,0.0,0.0,0.0,0.0,0.0,0.0,0.0,0.0,0.0,0.0,0.0,0.0,0.0,0.0,0.0,0.0,0.0,0.0,0.0,0.0,0.0,0.0,0.0,0.0,0.0,0.0,0.0
2.1960681506616453e-6,2.1960681492738665e-6,2.196068118187622e-6,2.1960681493293777e-6,2.196068118187622e-6,2.1960681493293777e-6,2.196068118187622e-6,2.1960681493293777e-6,2.196068118187622e-6,2.196068181414823e-6,2.1267378914058277e-6,2.1267378619849175e-6,2.1267378608191834e-6,2.126737861485317e-6,2.126737860375094e-6,2.126737861041228e-6,2.1267378600420273e-6,2.1267378609302057e-6,2.126737859931005e-6,2.126737890739694e-6,2.1267378905731604e-6,2.1267378600420273e-6,2.126737859986516e-6,2.126737859986516e-6,2.126737859986516e-6,2.126737859875494e-6,2.126737859653449e-6,2.1267378594314046e-6,2.126737859153849e-6,2.126737889351915e-6,2.126737889351915e-6,2.126737859264871e-6,2.1267378589873154e-6,2.1267378589873154e-6,2.126737858876293e-6,2.126737858876293e-6,2.1267378586542485e-6,2.1267378586542485e-6,2.126737858820782e-6,2.126737888907826e-6,2.1267378877420917e-6,2.1267378583766927e-6,2.1267378572664697e-6,2.1267378582101593e-6,2.1267378572664697e-6,2.126737858099137e-6,2.1267378571554474e-6,2.12673785776607e-6,2.1267378570999362e-6,2.1267378884637367e-6,2.196068146109731e-6,2.1960681447774633e-6,2.1960681136912186e-6,2.196068144666441e-6,2.1960681133581517e-6,2.196068144333374e-6,2.1960681133581517e-6,2.1960681444443964e-6,2.196068113191618e-6,2.1960681764743306e-6
1.7650900528298763e-5,1.7650900261401148e-5,1.7650896093623913e-5,1.7650900182131224e-5,1.765089609340187e-5,1.7650900181853668e-5,1.7650896093179824e-5,1.7650900181631624e-5,1.765089617206117e-5,1.7650904615973406e-5,1.6621149241058397e-5,1.66211451874676e-5,1.6621144920070385e-5,1.662114510697643e-5,1.6621144920181408e-5,1.662114510742052e-5,1.6621144920514475e-5,1.6621145107531543e-5,1.6621145001005644e-5,1.6621149428075466e-5,1.6621149430851023e-5,1.6621145193407294e-5,1.662114511313817e-5,1.662114511313817e-5,1.6621145113471236e-5,1.662114511358226e-5,1.662114511369328e-5,1.6621145113804303e-5,1.662114519418445e-5,1.662114943162818e-5,1.6621149431517157e-5,1.6621145193962406e-5,1.662114511369328e-5,1.662114511369328e-5,1.6621145113804303e-5,1.662114511369328e-5,1.6621145113471236e-5,1.6621145113804303e-5,1.6621145194073428e-5,1.6621149431461646e-5,1.6621149242279643e-5,1.662114518891089e-5,1.6621144921624698e-5,1.6621145108530744e-5,1.6621144921402653e-5,1.6621145108530744e-5,1.662114492173572e-5,1.6621145108641766e-5,1.662114500233791e-5,1.66211494292412e-5,1.7650900528964897e-5,1.765090026201177e-5,1.7650896094123514e-5,1.7650900182575313e-5,1.7650896093790447e-5,1.7650900182242246e-5,1.7650896093568402e-5,1.7650900182131224e-5,1.765089617250526e-5,1.7650904616750562e-5
5.944622529668875e-5,5.9446214006497744e-5,5.9446094576365294e-5,5.9446210498581564e-5,5.944609457625427e-5,5.9446210498581564e-5,5.944609457625427e-5,5.9446210498581564e-5,5.9446098084281473e-5,5.9446341218738485e-5,5.360536163118157e-5,5.360524741687689e-5,5.3605236206288875e-5,5.3605244038967825e-5,5.3605236206288875e-5,5.36052440388568e-5,5.360523620617785e-5,5.36052440388568e-5,5.3605239584031406e-5,5.3605369463638475e-5,5.360536966692031e-5,5.3605247823662605e-5,5.3605244445420475e-5,5.36052444455315e-5,5.360524444564252e-5,5.3605244445475986e-5,5.3605244445864564e-5,5.3605244445920075e-5,5.360524782427323e-5,5.36053696673644e-5,5.360536966725338e-5,5.360524782421772e-5,5.3605244445864564e-5,5.360524444608661e-5,5.360524444608661e-5,5.360524444619763e-5,5.360524444619763e-5,5.360524444630865e-5,5.360524782493936e-5,5.360536966775298e-5,5.360536163173668e-5,5.3605247417654045e-5,5.3605236206732965e-5,5.3605244039411915e-5,5.3605236206732965e-5,5.3605244039411915e-5,5.3605236206732965e-5,5.360524403930089e-5,5.360523958475305e-5,5.3605369464138075e-5,5.9446225296966304e-5,5.944621400666428e-5,5.9446094576476316e-5,5.944621049852605e-5,5.944609457625427e-5,5.944621049847054e-5,5.944609457625427e-5,5.944621049847054e-5,5.944609808422596e-5,5.944634121884951e-5
0.00013073410960329213,0.00013073395655838205,0.0001307327981937001,0.00013073391719725658,0.00013073279819381112,0.00013073391719703453,0.00013073279819358907,0.00013073391719664595,0.00013073283755482557,0.0001307352286062935,0.0001110396691129667,0.00011103863821776416,0.00011103849202798166,0.00011103860332528637,0.00011103849202775962,0.00011103860332506432,0.00011103849202775962,0.00011103860332484228,0.00011103852692062599,0.00011103978040982732,0.00011103978382692725,0.00011103864505163097,0.00011103861015887562,0.00011103861015909766,0.00011103861015887562,0.0001110386101588201,0.00011103861015865357,0.0001110386101587646,0.00011103864505124239,0.00011103978382698276,0.00011103978382726032,0.00011103864505190852,0.00011103861015887562,0.00011103861015870908,0.0001110386101588201,0.0001110386101588201,0.00011103861015893113,0.00011103861015898664,0.00011103864505140892,0.00011103978382676072,0.0001110396691129667,0.0001110386382179307,0.00011103849202809268,0.00011103860332528637,0.00011103849202803717,0.00011103860332528637,0.00011103849202825922,0.00011103860332511983,0.00011103852692084804,0.0001110397804102159,0.00013073410960301457,0.00013073395655827103,0.00013073279819358907,0.0001307339171974231,0.00013073279819408867,0.00013073391719725658,0.00013073279819397765,0.0001307339171973121,0.00013073283755515863,0.00013073522860657105
0.0002183502353726996,0.00021834919825081123,0.00021834342897170123,0.00021834898305411743,0.00021834342897480985,0.00021834898305417294,0.00021834342897431025,0.0002183489830509533,0.00021834364416667418,0.00021835578949364054,0.00017170921056647304,0.00017170460945492572,0.00017170367449420576,0.000171704438202136,0.00017170367449703683,0.000171704438202136,0.00017170367449720336,0.0001717044381996935,0.00017170384574943798,0.00017170997427967682,0.00017170999951404697,0.0001717046599240546,0.00017170448866782317,0.0001717044886709318,0.0001717044886704322,0.00017170448867104282,0.0001717044886703767,0.00017170448866832277,0.00017170465992349948,0.00017170999951388044,0.00017170999951382493,0.00017170465992383255,0.00017170448866765664,0.00017170448867059873,0.00017170448867021015,0.00017170448867076527,0.00017170448867021015,0.00017170448866815624,0.00017170465992333295,0.00017170999951388044,0.00017170921056669508,0.00017170460945542532,0.0001717036744949274,0.000171704438202247,0.00017170367449753643,0.00017170443820285763,0.00017170367449764745,0.00017170443820035963,0.00017170384575015962,0.00017170997428034296,0.00021835023537336573,0.00021834919825092225,0.00021834342897197878,0.00021834898305472805,0.00021834342897497638,0.00021834898305472805,0.0002183434289750874,0.00021834898305161943,0.00021834364416756236,0.00021835578949486179
0.0002974088226481153,0.0002974045192059016,0.00029738648598715,0.0002974037902665483,0.0002973864860150721,0.0002974037902671034,0.000297386486014628,0.00029740379023895924,0.00029738721491562314,0.00029742612741062713,0.00021352964803056373,0.00021351726680168825,0.00021351366870298039,0.00021351676022035582,0.0002135136687224093,0.00021351676022041133,0.00021351366872235378,0.0002135167602008714,0.00021351417529652528,0.000213532739649136,0.00021353284616326684,0.00021351747983144875,0.00021351697322202767,0.00021351697324639707,0.0002135169732415121,0.00021351697324628605,0.0002135169732410125,0.00021351697322674612,0.00021351747982556457,0.00021353284616515422,0.0002135328461630448,0.0002135174798311712,0.00021351697322197216,0.0002135169732465081,0.00021351697324184515,0.00021351697324689667,0.0002135169732415676,0.00021351697322746777,0.0002135174798262307,0.00021353284616565382,0.00021352964803111885,0.00021351726680179928,0.000213513668703591,0.0002135167602207444,0.00021351366872324196,0.00021351676022091093,0.00021351366872318644,0.00021351676020109345,0.0002135141752971359,0.00021353273964896946,0.00029740882264678303,0.0002974045192033481,0.0002973864859852071,0.0002974037902642168,0.0002973864860131292,0.0002974037902645499,0.00029738648601285167,0.0002974037902366278,0.0002973872149140133,0.00029742612740973895
0.00034551460675524837,0.0003455024416195718,0.00034546312562971915,0.00034550072313926927,0.0003454631257723273,0.00034550072314154523,0.00034546312577016236,0.00034550072299882606,0.0003454648440521235,0.00034555220692944477,0.00022701079260428747,0.0002269887471182952,0.00022697947727118306,0.00022698773799506577,0.00022697947735583757,0.00022698773799656458,0.00022697947735439428,0.00022698773791174354,0.00022698048643510216,0.00022701905405714262,0.0002270193468194015,0.00022698933265130616,0.00022698832339285158,0.00022698832350481757,0.00022698832347700648,0.0002269883235064829,0.00022698832347589626,0.00022698832342321618,0.00022698933262232934,0.00022701934683455605,0.00022701934682028968,0.00022698933265236088,0.00022698832339412833,0.00022698832350576126,0.00022698832347767262,0.00022698832350687148,0.00022698832347634035,0.00022698832342349373,0.00022698933262282894,0.0002270193468348891,0.00022701079260656343,0.0002269887471203491,0.00022697947727406964,0.0002269877379971197,0.00022697947735828006,0.00022698773799845195,0.0002269794773570588,0.0002269877379140195,0.00022698048643837732,0.00022701905405930756,0.00034551460675613654,0.0003455024416190722,0.00034546312563027426,0.00034550072313921376,0.00034546312577310445,0.0003455007231413787,0.00034546312577049543,0.000345500722998493,0.00034546484405223454,0.0003455522069300554
0.00035868167081337665,0.00035865681788077586,0.0003585934343721675,0.00035865381911270866,0.0003585934348441788,0.00035865381912070227,0.00035859343483624073,0.00035865381864824686,0.0003585964329599345,0.00035874206423636146,0.000226937908059055,0.00022691121378715096,0.00022689426107935784,0.0002269097902224404,0.00022689426130872992,0.00022690979022665925,0.00022689426130506618,0.00022690978999762024,0.00022689568471256916,0.00022695344008494267,0.0002269540024410488,0.0002269123385351679,0.00022691091455240286,0.0002269109148786974,0.00022691091477833325,0.0002269109148825832,0.00022691091477472503,0.00022691091465626423,0.0002269123384305849,0.00022695400249245212,0.00022695400244077124,0.00022691233853505688,0.00022691091455218082,0.00022691091487841986,0.00022691091477816672,0.00022691091488225013,0.0002269109147745585,0.0002269109146561532,0.00022691233843052938,0.00022695400249256314,0.00022693790806022074,0.0002269112137878726,0.00022689426108152277,0.00022690979022360613,0.00022689426131039525,0.00022690979022704783,0.00022689426130634294,0.00022690978999762024,0.0002268956847137349,0.00022695344008449858,0.0003586816708119889,0.0003586568178779448,0.00035859343436994706,0.00035865381910971106,0.00035859343484223594,0.0003586538191178712,0.00035859343483474193,0.00035865381864619295,0.0003585964329588798,0.0003587420642356398
0.00035881615621152774,0.00035877850010418433,0.00035870063842463606,0.00035877451281574047,0.0003587006395269765,0.00035877451283500283,0.00035870063950838027,0.00035877451173255137,0.0003587046253536452,0.0003588900497613068,0.00024774861127890846,0.00024772762827379724,0.00024770510965343995,0.00024772619605306634,0.0002477051100828187,0.00024772619606006074,0.00024770511007565776,0.00024772619563057097,0.00024770654190314767,0.00024776970505746565,0.00024777048315621775,0.0002477291846040286,0.0002477277514658649,0.00024772775213516285,0.00024772775188719454,0.0002477277521423793,0.00024772775188020013,0.0002477277517212717,0.00024772918434790014,0.00024777048328367135,0.00024777048315677286,0.0002477291846040841,0.00024772775146608694,0.0002477277521355514,0.0002477277518874166,0.0002477277521427679,0.0002477277518804777,0.00024772775172143824,0.00024772918434834423,0.00024777048328367135,0.0002477486112796301,0.0002477276282745189,0.0002477051096551053,0.00024772619605406554,0.0002477051100848171,0.00024772619606105994,0.0002477051100774341,0.00024772619563157017,0.00024770654190514607,0.00024776970505802076,0.0003588161562109726,0.0003587785001016308,0.00035870063842258215,0.00035877451281313144,0.00035870063952514464,0.0003587745128319497,0.00035870063950627085,0.0003587745117297203,0.00035870462535131376,0.000358890049759808
0.0003864656679030687,0.00038642411381267783,0.0003863498959288947,0.00038642006131706097,0.0003863498978511348,0.00038642006135031215,0.00038634989781782814,0.000386420059427961,0.00038635394792974065,0.0003865358642092809,0.00032287573869710373,0.00032286549693533173,0.00032284461078935234,0.00032286446911306,0.00032284461137044307,0.00032286446912282996,0.00032284461136139475,0.0003228644685422388,0.0003228456384600231,0.000322895610678664,0.00032289635973181685,0.0003228669954383756,0.0003228659660831079,0.0003228659671076217,0.00032286596664687917,0.0003228659671169476,0.00032286596663744227,0.0003228659665529543,0.0003228669949663643,0.00032289635996529675,0.0003228963597314283,0.00032286699543815356,0.0003228659660829969,0.0003228659671076217,0.0003228659666469347,0.0003228659671170031,0.0003228659666374978,0.0003228659665533429,0.00032286699496664184,0.0003228963599649082,0.00032287573869715924,0.0003228654969355538,0.00032284461079001847,0.0003228644691131155,0.0003228446113712202,0.00032286446912288547,0.00032284461136183884,0.0003228644685417392,0.00032284563846018965,0.00032289561067794237,0.0003864656679010703,0.00038642411380779285,0.00038634989592473135,0.0003864200613122315,0.0003863498978469715,0.00038642006134526063,0.00038634989781294315,0.000386420059422965,0.0003863539479254108,0.00038653586420611674
0.000480718909271427,0.00048069023230434826,0.0004806298695642641,0.0004806870904773275,0.0004806298721407587,0.00048068709052279113,0.0004806298720953506,0.00048068708794529735,0.0004806330109363155,0.00048077616772118636,0.00046042912008703585,0.00046041313509864734,0.00046040343997466593,0.0004604123108404301,0.0004604034405265023,0.00046041231084920087,0.00046040344051734294,0.00046041231029703145,0.0004604042637418315,0.0004604380105053818,0.0004604383674344792,0.00046041384981759803,0.0004604130235587589,0.00046041302473520673,0.00046041302408228457,0.00046041302474431056,0.0004604130240733473,0.0004604130242203963,0.00046041384915113115,0.00046043836776143987,0.00046043836743481226,0.00046041384981759803,0.0004604130235582038,0.00046041302473520673,0.00046041302408206253,0.00046041302474414403,0.00046041302407329177,0.00046041302422056285,0.00046041384915107564,0.0004604383677612178,0.0004604291200868138,0.0004604131350985363,0.00046040343997483246,0.00046041231084004153,0.0004604034405265578,0.0004604123108489233,0.0004604034405176205,0.00046041231029664287,0.00046040426374188703,0.0004604380105054373,0.0004807189092658204,0.0004806902322941897,0.0004806298695542166,0.0004806870904668914,0.0004806298721308222,0.0004806870905122995,0.0004806298720851365,0.0004806870879350278,0.00048063301092649,0.0004807761677153577
0.0006561911266665388,0.0006561914124034729,0.0006561235904326557,0.0006561891052114799,0.0006561235930524489,0.0006561891052584423,0.0006561235930053755,0.0006561891026376498,0.0006561258973882267,0.0006562566746299292,0.0006322892580268302,0.0006322179181449394,0.0006322253316414783,0.0006322158906382214,0.0006322253320023008,0.0006322158906433284,0.0006322253319966387,0.0006322158902822839,0.0006322273584388749,0.0006322798374382987,0.0006322795170354278,0.0006322172785753755,0.0006322152491656241,0.0006322152500891631,0.0006322152494916966,0.0006322152500941591,0.000632215249486312,0.0006322152497679201,0.0006322172779615887,0.0006322795173257512,0.0006322795170357054,0.0006322172785759861,0.0006322152491656796,0.0006322152500896627,0.0006322152494927513,0.0006322152500954914,0.0006322152494868671,0.0006322152497689748,0.0006322172779619772,0.0006322795173264728,0.000632289258028107,0.0006322179181460497,0.0006322253316435877,0.0006322158906389985,0.0006322253320039106,0.0006322158906443276,0.0006322253319986371,0.000632215890283172,0.0006322273584409843,0.0006322798374392979,0.0006561911266547704,0.00065619141237927,0.0006561235904088969,0.000656189105187055,0.0006561235930288567,0.0006561891052341839,0.0006561235929817277,0.0006561891026136135,0.000656125897365134,0.0006562566746179943
0.0008901883463481863,0.0008902173008105696,0.0008900718830400778,0.0008902135333481165,0.0008900718849780831,0.0008902135333825334,0.0008900718849437217,0.0008902135314441395,0.0008900756501978857,0.000890330019906016,0.0007867052853605672,0.0007865082485263297,0.0007865248432488703,0.0007865024533115772,0.0007865248438577166,0.0007865024533204035,0.0007865248438485017,0.0007865024527105025,0.0007865306387070392,0.0007866829026191846,0.0007866820702410182,0.0007865065845307773,0.0007865007883032238,0.0007865007888113729,0.0007865007888930298,0.0007865007888203102,0.0007865007888835374,0.0007865007882305597,0.0007865065845813479,0.0007866820701833421,0.0007866820702409072,0.0007865065845309993,0.0007865007883026687,0.0007865007888114284,0.0007865007888921971,0.0007865007888201436,0.0007865007888833153,0.0007865007882308372,0.0007865065845807928,0.0007866820701832311,0.0007867052853660073,0.0007865082485312702,0.0007865248432611383,0.0007865024533170728,0.0007865248438698735,0.0007865024533257325,0.0007865248438605477,0.0007865024527162756,0.0007865306387193627,0.0007866829026221822,0.0008901883463223736,0.0008902173007550029,0.0008900718829905618,0.0008902135332927719,0.0008900718849288447,0.0008902135333272443,0.0008900718848940947,0.0008902135313881288,0.0008900756501488694,0.000890330019878427
0.001129046174007331,0.001129067384297855,0.0011287357090074557,0.0011290572428105938,0.0011287357107797602,0.00112905724283896,0.001128735710751283,0.0011290572410666555,0.001128745848405388,0.0011293677532056012,0.0008793776902340511,0.0008790149698866268,0.0008790075333495739,0.0008790029772333119,0.0008790075362502536,0.0008790029772791086,0.0008790075362039018,0.0008790029743775962,0.0008790195300792947,0.0008793731095950719,0.0008793728588906147,0.0008790144671411704,0.0008790024739664393,0.0008790024754297132,0.0008790024768963733,0.0008790024754761205,0.000879002476850077,0.0008790024725464085,0.0008790144685310031,0.000879372858150429,0.0008793728588908367,0.0008790144671415034,0.0008790024739666613,0.0008790024754301018,0.0008790024768964289,0.0008790024754768422,0.000879002476850077,0.0008790024725470191,0.0008790144685308365,0.0008793728581509286,0.0008793776902543127,0.0008790149699044458,0.000879007533389986,0.000879002977251131,0.0008790075362904992,0.0008790029772972052,0.0008790075362445915,0.000879002974396137,0.0008790195301199288,0.0008793731096052304,0.0011290461739706936,0.0011290673842019872,0.001128735708932238,0.0011290572427140044,0.001128735710704376,0.0011290572427430923,0.0011287357106766205,0.0011290572409703992,0.0011287458483309476,0.0011293677531587498
0.0013128468001564753,0.0013127783777177604,0.0013121657455166247,0.0013127557239814291,0.0013121657516537155,0.00131275572407763,0.0013121657515574592,0.0013127557179388183,0.0013121883915914179,0.0013134369586994543,0.000904384068866837,0.000903909792121238,0.0009038224854232557,0.000903891516684574,0.0009038224945080997,0.0009038915168327333,0.0009038224943600515,0.0009038915077470566,0.0009038407718341412,0.0009044530549060514,0.0009044554290674744,0.0009039145358136769,0.0009038962560023456,0.0009038962628039049,0.0009038962651684024,0.0009038962629522307,0.0009038962650202986,0.0009038962537861184,0.0009039145379975411,0.0009044554279263872,0.0009044554290675855,0.000903914535814343,0.0009038962560024011,0.0009038962628045155,0.0009038962651682914,0.0009038962629525638,0.000903896265019688,0.0009038962537864514,0.000903914537997097,0.0009044554279264982,0.0009043840689026972,0.0009039097921499928,0.0009038224854953647,0.0009038915167135508,0.0009038224945803752,0.000903891516861377,0.0009038224944321605,0.0009038915077762,0.0009038407719062502,0.0009044530549209284,0.001312846800107903,0.0013127783775802038,0.001312165745420646,0.0013127557238437615,0.0013121657515577922,0.0013127557239400178,0.0013121657514618135,0.0013127557178010951,0.0013121883914961052,0.0013134369586311756
0.0014071814864637378,0.0014069225398840035,0.0014060231929410305,0.001406883485012389,0.0014060232144818552,0.0014068834853647183,0.0014060232141298035,0.0014068834638150673,0.0014060622304594705,0.0014080422835907047,0.0009038256343370521,0.0009033963563727099,0.0009031820737380181,0.0009033754036762431,0.0009031820925632372,0.0009033754039849962,0.0009031820922548728,0.0009033753851584447,0.0009032030430438653,0.0009040189876630134,0.0009040259091733227,0.0009034101933629857,0.0009033892225794316,0.0009033892415571954,0.0009033892414397893,0.0009033892418657818,0.0009033892411314803,0.0009033892230052021,0.0009034101929056293,0.0009040259093529013,0.0009040259091729896,0.0009034101933633187,0.0009033892225795426,0.0009033892415579725,0.0009033892414396782,0.000903389241866337,0.0009033892411309807,0.0009033892230057017,0.0009034101929053517,0.0009040259093526237,0.0009038256343826823,0.0009033963564077374,0.0009031820738296115,0.0009033754037115482,0.0009031820926551637,0.0009033754040202457,0.0009031820923463552,0.0009033753851934723,0.0009032030431352922,0.0009040189876803884,0.0014071814864117238,0.0014069225397261853,0.0014060231928378908,0.0014068834848541267,0.0014060232143790485,0.001406883485206678,0.0014060232140269968,0.001406883463657027,0.0014060622303564974,0.0014080422835112127
0.00142524106276265,0.0014247420255553145,0.0014236792203604076,0.0014246888504915733,0.0014236792727210235,0.0014246888513694267,0.001423679271844558,0.00142468879898211,0.0014237323685773462,0.00142625168956384,0.0009467773675580493,0.0009465610089836041,0.0009462277959353393,0.0009465432130063567,0.0009462278236555544,0.0009465432134588281,0.000946227823203416,0.0009465431857332285,0.0009462456047779622,0.0009470930411735745,0.0009471045270348921,0.0009465839812319854,0.0009465661412607629,0.0009465661776852374,0.000946566168742613,0.0009465661781378198,0.0009465661682902526,0.0009465661506564693,0.0009465839718006408,0.0009471045316969406,0.0009471045270350031,0.0009465839812326515,0.000946566141261096,0.0009465661776864032,0.000946566168742502,0.000946566178138819,0.0009465661682904747,0.000946566150657302,0.0009465839718006963,0.0009471045316975513,0.0009467773676070657,0.0009465610090227949,0.0009462277960314291,0.0009465432130448259,0.0009462278237513111,0.0009465432134975194,0.0009462278232991728,0.0009465431857712536,0.0009462456048727752,0.0009470930411932255,0.0014252410627083045,0.001424742025388781,0.0014236792202489412,0.0014246888503243182,0.0014236792726093905,0.001424688851201894,0.001423679271732592,0.0014246887988147994,0.0014237323684649361,0.0014262516894801847
0.0014268800873981635,0.0014262176791999814,0.00142519729992735,0.001426160017084399,0.0014251973934517048,0.001426160018674516,0.001425197391864863,0.001426159925092485,0.0014252549339043852,0.0014278442788364654,0.0010876477436390086,0.001087671857600725,0.0010873059856080225,0.0010876610029302292,0.0010873060144889202,0.0010876610033926926,0.001087306014027234,0.0010876609744940313,0.0010873168338695338,0.0010880034025661511,0.0010880164869915276,0.0010876980474275322,0.0010876871161425439,0.001087687168307927,0.0010876871442315195,0.0010876871687706124,0.0010876871437691116,0.0010876871406817479,0.0010876980228287092,0.001088016499212363,0.0010880164869911946,0.0010876980474280318,0.0010876871161419888,0.001087687168308371,0.0010876871442305758,0.0010876871687711676,0.0010876871437681679,0.001087687140682192,0.0010876980228283206,0.0010880164992125851,0.0010876477436802534,0.0010876718576360855,0.0010873059856904566,0.0010876610029655343,0.0010873060145705216,0.001087661003427609,0.0010873060141088353,0.0010876609745281707,0.001087316833950358,0.001088003402583193,0.001426880087323612,0.001426217679005859,0.001425197299778358,0.0014261600168903321,0.0014251973933022688,0.0014261600184801715,0.0014251973917157046,0.001426159924898529,0.0014252549337553377,0.0014278442787390433
0.001492432321672732,0.0014918216272534202,0.0014910035265064958,0.001491772572862926,0.0014910036540528582,0.0014917725750461797,0.0014910036518758774,0.0014917724474096117,0.0014910525652480633,0.001493203036735169,0.0013290169895326387,0.0013290547007346887,0.0013287949346560413,0.0013290478635016312,0.001328794952501211,0.0013290478637651981,0.0013287949522385878,0.0013290478458779509,0.0013288017334936453,0.0013292709619635024,0.001329280422633361,0.0013290736755517396,0.0013290667365121744,0.0013290667928276267,0.0013290667528763067,0.001329066793092748,0.0013290667526106859,0.0013290667767293929,0.0013290736352145616,0.0013292804426568994,0.0013292804226327504,0.0013290736755525723,0.0013290667365111197,0.0013290667928287925,0.0013290667528753075,0.0013290667930946354,0.0013290667526098532,0.0013290667767309472,0.0013290736352140065,0.001329280442657843,0.0013290169895591175,0.001329054700758503,0.001328794934709443,0.0013290478635249459,0.0013287949525545018,0.0013290478637882353,0.001328794952291934,0.001329047845901099,0.001328801733546492,0.0013292709619747156,0.0014924323215549928,0.0014918216269922957,0.0014910035262726828,0.0014917725726021902,0.0014910036538187676,0.0014917725747849442,0.0014910036516413983,0.0014917724471489313,0.0014910525650143613,0.00149320303660333
0.0016825590807065804,0.0016822654563615758,0.0016816162355219322,0.0016822334075159984,0.0016816163666958928,0.0016822334097582603,0.0016816163644619575,0.001682233278480716,0.0016816482914024933,0.0016831776344059524,0.0016139053428925743,0.001613499509482308,0.0016134664492643003,0.0016134855181531016,0.0016134664481793903,0.001613485518087876,0.001613466448246892,0.0016134855190971797,0.001613480375836418,0.0016139256167693738,0.0016139265231222555,0.001613501402515427,0.001613487311370232,0.001613487352956855,0.0016134873084037715,0.0016134873528964588,0.0016134873084639456,0.0016134873558654172,0.0016135013577936452,0.0016139265452146945,0.0016139265231218114,0.001613501402517148,0.001613487311368289,0.001613487352959131,0.0016134873084023282,0.0016134873528993454,0.0016134873084625023,0.0016134873558683038,0.0016135013577922575,0.0016139265452158047,0.0016139053429100048,0.0016134995094970739,0.0016134664492979955,0.0016134855181668128,0.001613466448212586,0.0016134855181019758,0.0016134664482804761,0.0016134855191118347,0.0016134803758693916,0.0016139256167767568,0.0016825590805133461,0.0016822654559618955,0.0016816162351361297,0.0016822334071157075,0.0016816163663097017,0.0016822334093579694,0.0016816163640757664,0.0016822332780805915,0.001681648291017801,0.0016831776342056681
0.0020041415894544445,0.0020043169857035803,0.0020035332181719823,0.0020042971514846464,0.0020035333078321504,0.0020042971529834475,0.002003533306342453,0.0020042970632428436,0.0020035530756981057,0.002004906207746293,0.0018557941122371302,0.0018544798348759661,0.0018546790348182296,0.0018544435198298292,0.0018546790252462753,0.0018544435196251596,0.0018546790254549417,0.0018544435290844818,0.001854715300975196,0.0018555593672371362,0.0018555508335338367,0.0018544628375519179,0.0018544264670863342,0.0018544264789734366,0.0018544264561664026,0.0018544264787780373,0.001854426456362246,0.0018544264897022433,0.0018544628145801823,0.0018555508445958768,0.001855550833532671,0.001854462837555082,0.0018544264670835031,0.0018544264789773224,0.0018544264561640156,0.0018544264787819231,0.001854426456359748,0.0018544264897066287,0.0018544628145779618,0.0018555508445977642,0.0018557941122850363,0.0018544798349191538,0.0018546790349133202,0.0018544435198725173,0.0018546790253414214,0.0018544435196680698,0.0018546790255503653,0.001854443529127836,0.001854715301069343,0.0018555593672585635,0.002004141589151187,0.0020043169850532117,0.0020035332175655785,0.002004297150833445,0.002003533307225358,0.0020042971523320796,0.0020035333057353277,0.002004297062590754,0.002003553075092812,0.002004906207419832
0.00240103470883124,0.0024015496733766906,0.002400127689516085,0.002401520456178363,0.0024001277035057833,0.0024015204563189174,0.0024001277033716684,0.002401520442309235,0.002400156910734752,0.0024024275982151844,0.0019909202734544884,0.001988590597070128,0.0019888320948479588,0.001988522406135451,0.0019888321162192524,0.0019885224064742912,0.001988832115885353,0.0019885223849827605,0.001988900332230481,0.001990610115927105,0.0019905986625223804,0.001988567688566034,0.0019884995174253572,0.0019884995088836344,0.0019884995393043003,0.001988499509233077,0.0019884995389539695,0.001988499487359574,0.0019885677181939454,0.0019905986471580595,0.0019905986625202154,0.0019885676885693093,0.001988499517420972,0.0019884995088875757,0.0019884995393001925,0.0019884995092367963,0.001988499538950028,0.0019884994873638484,0.001988567718191059,0.0019905986471605575,0.001990920273611585,0.0019885905972096274,0.001988832095161819,0.001988522406273674,0.0019888321165326683,0.0019885224066130136,0.0019888321161989353,0.001988522385121705,0.0019889003325429533,0.0019906101159962164,0.00240103470841313,0.002401549672378267,0.0024001276886805867,0.0024015204551787184,0.002400127702670285,0.0024015204553197167,0.0024001277025364476,0.002401520441309535,0.0024001569099020292,0.002402427597715584
0.0027770980530016365,0.0027774705927518517,0.0027749390872829904,0.0027773990928313674,0.002774939043277469,0.0027773990919171543,0.0027749390441923483,0.0027773991359635875,0.0027750105077020137,0.0027795587599155347,0.0020212822858294843,0.002018456543501357,0.0020183745005059595,0.002018362130185858,0.0020183746106589018,0.0020183621320396528,0.0020183746088079935,0.002018362021831588,0.002018469125419309,0.002021267882496791,0.0020212671226937373,0.0020184549041853406,0.002018360556747756,0.0020183605789802495,0.0020183606699084033,0.0020183605808394844,0.0020183606680495014,0.002018360467681002,0.0020184549928429774,0.0020212670777517427,0.002021267122691628,0.002018454904189282,0.0020183605567443696,0.002018360578985856,0.0020183606699051837,0.002018360580844647,0.0020183606680456156,0.002018360467685776,0.0020184549928403683,0.002021267077754907,0.002021282286149284,0.002018456543768643,0.0020183745011445042,0.002018362130452478,0.002018374611297391,0.0020183621323066614,0.0020183746094462607,0.0020183620220981524,0.0020184691260552445,0.002021267882630351,0.0027770980525049227,0.002777470591401765,0.0027749390862896184,0.002777399091480004,0.0027749390422839304,0.002777399090566124,0.0027749390431992538,0.002777399134612668,0.0027750105067113062,0.0027795587592407967
0.0030424502441735446,0.003041982001247945,0.003038200985838402,0.0030418392837845976,0.0030382009923096698,0.0030418392837275876,0.003038200992363016,0.0030418392772578184,0.003038343480776473,0.0030460918772720613,0.0020196943012134594,0.0020173833714329237,0.0020166162209478977,0.002017284783080109,0.002016616455651765,0.0020172847869895927,0.002016616451738229,0.0020172845523619976,0.0020167151610611667,0.0020203603357646926,0.0020203843941588584,0.0020174312803271643,0.0020173326803274994,0.0020173328181918304,0.0020173329191168765,0.002017332822092488,0.002017332915216885,0.0020173325832958944,0.0020174313770796037,0.002020384345153503,0.002020384394157193,0.0020174312803308836,0.002017332680323558,0.002017332818196771,0.0020173329191127687,0.0020173328220969844,0.002017332915212444,0.002017332583300002,0.0020174313770765506,0.0020203843451563896,0.002019694301666819,0.002017383371793302,0.002016616221853784,0.002017284783440043,0.0020166164565576516,0.00201728478734875,0.0020166164526438934,0.0020172845527213212,0.002016715161964555,0.00202036033594416,0.0030424502436294243,0.003041981999631238,0.0030382009847503832,0.0030418392821665585,0.003038200991221207,0.0030418392821089935,0.003038200991274942,0.00304183927563928,0.0030383434796899533,0.003046091876461654
0.0031607121835015572,0.003158863655309707,0.003154194766108065,0.003158644006636957,0.0031541950189657997,0.003158644010865408,0.003154195014740957,0.003158643757726176,0.0031544140582668856,0.0031651693308683004,0.002090044382432432,0.0020891471234966708,0.0020876057082303,0.002089071104571849,0.0020876060338944624,0.0020890711098469628,0.002087606028608746,0.00208907078434889,0.002087682047842987,0.0020915093668028018,0.0020915624864495386,0.0020892532145647125,0.0020891769173328467,0.0020891772442566126,0.0020891772442793166,0.0020891772495053584,0.0020891772390307928,0.0020891769225408474,0.002089253209198061,0.0020915624885013973,0.002091562486447429,0.0020892532145676546,0.0020891769173279617,0.0020891772442613865,0.002089177244274487,0.0020891772495105765,0.002089177239026685,0.002089176922545566,0.002089253209195008,0.002091562488504839,0.0020900443829418025,0.0020891471239010695,0.002087605709247209,0.0020890711049746935,0.0020876060349115932,0.0020890711102493076,0.002087606029625433,0.0020890707847511236,0.0020876820488577863,0.0020915093670042517,0.003160712182897263,0.0031588636535070935,0.003154194764899143,0.003158644004833233,0.0031541950177571,0.0031586440090615175,0.0031541950135325347,0.0031586437559218417,0.003154414057059185,0.0031651693299644124
0.003172497585735512,0.0031693396733040724,0.0031645241857247153,0.003169072074182322,0.0031645248841145612,0.0031690720860796384,0.00316452487225255,0.0031690713868292586,0.0031647914146069045,0.0031770582935375935,0.0023041754347469245,0.002304732694536793,0.002302766544730328,0.0023046911205399923,0.0023027668477257346,0.0023046911251421998,0.0023027668431140347,0.002304690822190536,0.0023028081430904734,0.002306104675794618,0.002306174298951469,0.0023048720874524475,0.0023048298153391378,0.0023048303337651066,0.002304830112036582,0.0023048303383368385,0.002304830107465128,0.0023048300416201872,0.002304871860916269,0.002306174411529638,0.00230617429894886,0.0023048720874566664,0.002304829815333087,0.002304830333771657,0.0023048301120305315,0.0023048303383433333,0.002304830107459077,0.0023048300416259604,0.002304871860911495,0.0023061744115327465,0.0023041754352209343,0.002304732694932421,0.0023027665456770707,0.0023046911209331222,0.002302766848672533,0.0023046911255352187,0.002302766844060722,0.002304690822583777,0.0023028081440360504,0.002306104675991405,0.0031724975849988235,0.003169339671301452,0.003164524184251283,0.0031690720721783694,0.0031645248826412398,0.0031690720840749087,0.0031645248707794504,0.0031690713848248064,0.003164791413135526,0.003177058292531787
0.0031808270948944783,0.0031772442333287687,0.003173002642320455,0.003176984911961056,0.003173003841397959,0.0031769849322054178,0.0031730038212469114,0.003176983731567662,0.003173261770055058,0.003184825049072637,0.0026536981161304762,0.0026545184081867568,0.002652831265667621,0.002654493415215897,0.0026528314043412493,0.0026544934167558876,0.002652831402812861,0.0026544932776496055,0.0026528557828906507,0.002655371371361903,0.0026554308363248014,0.0026546379669339926,0.0026546118670957575,0.0026546124747092725,0.0026546119894780285,0.0026546124762502066,0.002654611987937372,0.0026546123538712663,0.002654637479336197,0.0026554310791688795,0.00265543083632086,0.002654637966940765,0.0026546118670869867,0.002654612474718543,0.0026546119894696463,0.002654612476259588,0.002654611987928601,0.002654612353880592,0.0026546374793289806,0.002655431079173376,0.0026536981164844153,0.0026545184085000617,0.0026528312663715026,0.0026544934155254274,0.0026528314050451307,0.0026544934170658063,0.0026528314035170752,0.0026544932779596353,0.002652855783593977,0.002655371371517279,0.003180827093918759,0.0031772442310114,0.0031730026403688494,0.003176984909642966,0.0031730038394463533,0.003176984929886495,0.0031730038192950283,0.0031769837292487946,0.0031732617681059505,0.0031848250479092344
0.003302957339216761,0.003300352451533317,0.003296909497493783,0.003300157207550003,0.003296910989301516,0.0033001572320721095,0.0032969109649391704,0.003300155738255539,0.0032971048602633,0.003306219759610929,0.003048695809953539,0.0030477233172452323,0.003047036260650393,0.003047669472691028,0.0030470361702720217,0.003047669470312153,0.003047036172707851,0.0030476695593593117,0.0030470891911106857,0.0030493444730364527,0.0030493658493162545,0.003047767121890421,0.0030477120253809553,0.0030477125372807,0.0030477119123251684,0.0030477125349849254,0.0030477119146205545,0.0030477126480972783,0.00304776649718852,0.0030493661601248556,0.0030493658493095377,0.003047767121900302,0.0030477120253668,0.003047712537294245,0.0030477119123117347,0.0030477125349986367,0.003047711914606399,0.0030477126481117667,0.003047766497178195,0.0030493661601325717,0.0030486958101696437,0.0030477233174389107,0.003047036261078495,0.0030476694728798215,0.003047036170699735,0.0030476694705011687,0.0030470361731356754,0.003047669559547994,0.003047089191536456,0.0030493444731303776,0.003302957337883383,0.003300352448665278,0.0032969094948278044,0.0033001572046808536,0.0032969109866358703,0.003300157229202738,0.003296910962273192,0.0033001557353866118,0.003297104857602373,0.0033062197581725794
0.0036110254637293226,0.0036105793263325747,0.0036073851775186294,0.003610467646676385,0.0036073865043850795,0.003610467667141848,0.0036073864841212333,0.0036104663384162183,0.0036074972321709087,0.0036141178958717934,0.0033679524276912787,0.003363386370283439,0.0033639716712061674,0.0033632539026925423,0.003363971474764582,0.0033632538989257776,0.0033639714786453667,0.003363254092868806,0.0033641032658711656,0.0033672479302635505,0.003367220276380256,0.003363332106847583,0.003363198728352834,0.0033631989682059715,0.003363198513997079,0.0033631989646396576,0.00336319851756256,0.003363199179124754,0.00336333165261421,0.0033672205011155976,0.003367220276370042,0.0033633321068618494,0.0033631987283340714,0.003363198968225678,0.0033631985139788156,0.0033631989646598637,0.003363198517543464,0.003363199179145071,0.0033633316526001655,0.003367220501127144,0.0033679524279423556,0.003363386370509369,0.0033639716717066004,0.0033632539029128106,0.0033639714752654593,0.00336325389914649,0.0033639714791462993,0.003363254093090351,0.0033641032663674353,0.0033672479303720193,0.0036110254619542426,0.003610579322553098,0.0036073851739708562,0.003610467642894577,0.0036073865008370842,0.0036104676633599286,0.003607386480572461,0.0036104663346342436,0.0036074972286289086,0.0036141178939765317
0.0040915861437189616,0.004093533454465836,0.004089378446828995,0.004093464178978545,0.004089379087985456,0.004093464186502471,0.004089379080640609,0.004093463544316167,0.004089448036942223,0.004095676029491957,0.0035328953082800485,0.00352456991848088,0.0035258832536123608,0.003524339165130952,0.003525883287937237,0.0035243391660468304,0.0035258832871680745,0.0035243391284791037,0.003526113986677959,0.003531353055566344,0.0035312969004163697,0.0035244579577900503,0.0035242271115324963,0.0035242270552527377,0.003524227147205239,0.003524227056451279,0.003524227146006975,0.003524227020949622,0.0035244580439276474,0.0035312968540467393,0.003531296900403602,0.0035244579578063706,0.003524227111510625,0.0035242270552781063,0.0035242271471830344,0.0035242270564759814,0.00352422714598416,0.0035242270209743243,0.003524458043911438,0.003531296854062893,0.0035328953089260318,0.003524569919064191,0.003525883251453088,0.0035243391657019396,0.0035258832857752997,0.0035243391666249235,0.003525883285937337,0.003524339129053755,0.003526113984508139,0.003531353055847064,0.004091476552418649,0.004093464490956544,0.004089309544130226,0.004093245121850275,0.0040893101689732925,0.004093395275840794,0.004089160022382243,0.004093394641699222,0.004089379070712829,0.0040955664396550295
0.004646233907210806,0.004649325465059473,0.004642751888968899,0.004648976243892378,0.004642752558652541,0.004648976258694815,0.004642752567642072,0.004648976467185373,0.00464298568432997,0.004652339600917377,0.003560304159898775,0.003550281634267183,0.0035511074939406084,0.0035499861774774266,0.0035511081629474583,0.003549986189589016,0.00355110815119547,0.0035499855213114717,0.0035514043860014333,0.003559166908275735,0.003559132689814226,0.0035502123189548596,0.0035499176471223137,0.0035499175408743033,0.003549918338943192,0.0035499175532122673,0.0035499183266071155,0.003549916861507074,0.003550213100658728,0.0035591322947848836,0.003559132689801736,0.0035502123189681267,0.0035499176471001648,0.0035499175408989503,0.003549918338920155,0.003549917553235582,0.0035499183265843004,0.003549916861530278,0.003550213100642796,0.0035591322948007043,0.003560304239760226,0.0035502816349406996,0.0035509994519021815,0.003549986174036568,0.0035511081249672283,0.003549986191534904,0.0035510001767196653,0.0035499855232615785,0.003551404129670477,0.0035591669065174747,0.004645977604419371,0.004649124505754332,0.004642555191273046,0.004648538263645419,0.004642735510166196,0.004648882310574531,0.004642130588005666,0.004648921729581035,0.004642939260292245,0.004652208479970776
0.005136869528482524,0.005139285472331889,0.005129106018037066,0.005137898742771596,0.005129107861801485,0.005137898605379221,0.005129107873594385,0.005137899469255025,0.0051298536635389635,0.005145141939475073,0.003558511950788712,0.0035503186081757843,0.00354940129711917,0.0035500350752276644,0.0035494025377455496,0.0035500350997513808,0.003549402516650646,0.0035502302173756606,0.0035497904013020998,0.003559147466501711,0.0035591913465379266,0.0035503783037911796,0.0035500958293338547,0.003550096110283396,0.0035500973232020505,0.0035500961350393156,0.0035500972984476298,0.003550094641098678,0.0035503794906747155,0.0035591907700597836,0.003559191347807855,0.003550378352192185,0.0035500958322691734,0.003550096159931293,0.0035500973261360924,0.003550096184692819,0.0035500973013820047,0.0035500946907505715,0.003550379492335609,0.003559190771323384,0.0035585120415925764,0.0035502924709327477,0.0035491495716652444,0.0035500091774794407,0.003549359001086605,0.0035500087838521988,0.0035490513887749264,0.0035500078432695314,0.003549655638851623,0.0035591476983350967,0.0051357576218725165,0.0051383206446968255,0.005128628320340722,0.005136303966449318,0.00512915131721603,0.005137722970639136,0.005126974415963159,0.005137722949239698,0.005129800598972223,0.005144768460263016
0.005453155423536915,0.005452002229645758,0.005439768287573865,0.005449948991023856,0.005439772316418623,0.005449911129914609,0.005439795868557307,0.005450058054798146,0.005440840747997,0.005462667684088984,0.003666269005589584,0.003662232140780708,0.0036597549683070607,0.003662034623982069,0.0036597565354409833,0.0036620346483535182,0.0036597572874864093,0.0036626536786808495,0.0036602897917448196,0.003668611975560121,0.0036687589762212647,0.0036623140642476626,0.003662116748297306,0.003662117811101484,0.0036621186786195414,0.003662117840763812,0.003662118645802348,0.0036621158049122138,0.003662314901601571,0.003668758633993241,0.0036687589819457966,0.003662314249149645,0.0036621167600139892,0.0036621180007346266,0.003662118690338778,0.0036621180338119452,0.003662118660676339,0.0036621161023359106,0.0036623149111161823,0.0036687586398707617,0.0036661798625095,0.003662022944857457,0.003658813599680566,0.003661819823274237,0.0036595534440713173,0.003661825858886747,0.003658401225860586,0.0036618246047236402,0.0036597775840657154,0.0036686133164128276,0.005451596905217848,0.0054507497064917865,0.005437782855825635,0.00544701824535726,0.005439879616699894,0.005449236510204236,0.005434828199562758,0.0054487963905166525,0.005440820813500558,0.005461822840987562
0.005569147011607878,0.005562157158506831,0.005551200032623438,0.005561254841089158,0.005551099007631399,0.005561261826951214,0.005551160020808632,0.005561307277120231,0.0055515367577501085,0.00557915956483146,0.003966043045723122,0.00396636633137154,0.003962969305224273,0.003966199891909439,0.003963002660134052,0.003966167455316194,0.003962970161498325,0.003966698524243417,0.003963463357001706,0.003969196437668743,0.00396951877483076,0.003966143446737902,0.003966083837362688,0.003966085595399849,0.003965940868923157,0.00396608805123061,0.003966087795643447,0.003965942777073073,0.003966255459591506,0.003969573762515166,0.003969518795909899,0.00396614398079792,0.0039659431124449696,0.003966053854136287,0.00396605689711188,0.003965945412368943,0.003965948864972035,0.003965943856658771,0.003966101971285496,0.003969416069602383,0.003965678359065139,0.0039657539737932845,0.003961456029062005,0.0039655203884195744,0.003962384736109326,0.003965513993616165,0.0039614459306702154,0.003965508938752027,0.003962588425664104,0.003969344965316979,0.005568799573682448,0.005562306873458822,0.005547347742009157,0.005558299391526855,0.005551189352913155,0.0055603348971697275,0.005545550826891454,0.005558161664304118,0.00555157723688815,0.005578216519440293
0.005563915426776478,0.005553007674258814,0.005543834965765715,0.005553596587772436,0.005543814712534789,0.00555365561184018,0.005543991182883956,0.005553105772502065,0.0055429174519026625,0.005574256160722435,0.004428523515756344,0.004431195275377886,0.004427083760302208,0.004430869373340585,0.004427320954733249,0.004430712304218376,0.004427256555312953,0.00443120778860262,0.004427879251758415,0.004432022998166252,0.004432532053584459,0.0044303412437403655,0.004430337671864182,0.004430337679024177,0.0044301690999496435,0.00443037251997741,0.004430534200922431,0.004430175465863717,0.0044306747590259765,0.004432592923342027,0.00443214200363129,0.004430219241995104,0.0044301504853348495,0.0044302234455714795,0.004430456835110841,0.004430140873486255,0.00443024889868493,0.004430287495986451,0.004430408839428357,0.004432281194035104,0.004428308544115855,0.004430041083916203,0.004425832023515541,0.00442970619752997,0.004426032023433724,0.0044296548461199015,0.004426903484345157,0.004429748711965331,0.0044266230770055315,0.0044323785910857505,0.005565026775239068,0.005554165863825011,0.005541126779916139,0.0055530465048022615,0.005543905884828171,0.005553576202940669,0.005541114651182344,0.00554932075009773,0.005543067049101347,0.005573587303660754
0.005590152592193975,0.005580547969643468,0.005571003285610776,0.005580549820486558,0.005570927174923634,0.005580615855198701,0.005570972314593969,0.005578920272811094,0.005569412760728476,0.0055996706094327275,0.004926902131656641,0.004926931570863824,0.00492233910401102,0.004925365356030276,0.004922786772495746,0.004924886842180454,0.004922442923560588,0.004925378731921004,0.0049234512775069295,0.004928220813018858,0.004929669261773906,0.0049251279011919835,0.0049252699857102455,0.004925167459694402,0.004924303725595269,0.00492536799996196,0.004925458269956495,0.004924335691577741,0.004926409516920527,0.004930070968000633,0.004928421119999082,0.004924775651402202,0.004924564084125338,0.004924744806764858,0.004925573779134329,0.00492457419114134,0.004924628882357285,0.004924588070454317,0.004925258772331742,0.004928512443767408,0.004926836642350774,0.004925212938880874,0.004921855612819492,0.004924028897332344,0.0049209853773504175,0.004923925901870907,0.004922956131676981,0.004923813776824326,0.004923164848266326,0.004929872483077524,0.005590549247485754,0.005579691393145569,0.005571321578036026,0.005583254668014792,0.005571003565514265,0.005581574496338615,0.005570805852133931,0.005577305949147515,0.005570233758562082,0.005599305411405797
0.005796971370024329,0.005792345933350818,0.005781252054175401,0.005791656122792976,0.00578237131211079,0.005791313844475232,0.00578124028653737,0.0057888513503471795,0.005781617063578881,0.005805421243607667,0.005307958407903157,0.005298659716356124,0.005295101906127031,0.005295706495603791,0.0052963426549296755,0.005295832648838705,0.005296858256805759,0.00529532739849059,0.005297504094699479,0.005305342906943844,0.0053072646502690946,0.0052967040735779625,0.005296795179674019,0.00529678951551521,0.005296598415434839,0.005297236813440465,0.005297160022146918,0.005296031334998785,0.005298932874079065,0.0053074927063559985,0.0053050995937996,0.005296727555771319,0.0052961089035320486,0.005296106961564073,0.005299073694607193,0.005295863288129143,0.00529588765810296,0.0052962552299524734,0.00529752699277819,0.005305224368116868,0.005306859776489481,0.005297024827458363,0.005297237916280839,0.005296412772514081,0.005295335089778808,0.00529611260291174,0.00529632999834595,0.005295601345762568,0.005298273745448612,0.005307545036470684,0.005794387928015954,0.0057895976114229475,0.0057838051815050084,0.0057950862938487835,0.005780509783053778,0.005791836176300746,0.005782158304734664,0.005790858990166792,0.005781683502394164,0.005804238004184947
0.006250831446243554,0.006251636303248709,0.006240838661251968,0.006251899082043544,0.006242128629193877,0.006251479433154239,0.006240777674011322,0.006250270517628165,0.006242294036884477,0.006260006861536382,0.005485155363994909,0.005464928622665177,0.005465769083886629,0.005462170540883549,0.00546640641606938,0.005464777602498749,0.0054677695663147285,0.005461605824072624,0.0054683310983784095,0.005479558719355626,0.005480790079844977,0.005463623558576436,0.005463207104041412,0.0054642997522481584,0.0054669147991605604,0.005466287497952582,0.005466048140989388,0.005463672839856826,0.005465828651897209,0.005480766208363186,0.005479662853393574,0.005464294059716823,0.005463051752633286,0.005463128371613446,0.0054680680528261805,0.005464338912032296,0.005464948582430018,0.005463470642943391,0.005465556686159279,0.005480086622729474,0.0054827618406138035,0.005463806437506213,0.005469361603707756,0.005464770283313325,0.005466919628280886,0.005464851483331812,0.005465804827340437,0.005464924397409643,0.005468271900466004,0.005481393047869765,0.006247310702032993,0.00625100632609199,0.006243972047605351,0.00625456804774277,0.006238689587299395,0.006251436239145813,0.006241140449607996,0.006252929266086893,0.006240257170937569,0.006258361250345734
0.00690004795965754,0.00690536438752043,0.006893384138173142,0.006906124078042641,0.006893413807475435,0.0069058636608430035,0.0068936882213783135,0.006908025831865006,0.00689490532299053,0.006913056896903191,0.0054989928347090045,0.005474655859359412,0.005480091099771989,0.0054740478079472465,0.005477748042284791,0.00547699616024977,0.005478117213734646,0.00547318404065994,0.00548067149512993,0.005495309150692129,0.005495104253739225,0.005473846301245422,0.005473224186751335,0.005475453199647873,0.005480125652800483,0.005478216155051507,0.005477944867939288,0.005475893322714531,0.005476687218037901,0.005495102857551504,0.005495266737430782,0.005474833127201428,0.005473624758359719,0.005474301134916315,0.005478182757882366,0.005476300757388253,0.005477638078338676,0.005472887172306484,0.0054772193662776525,0.0054977177212193196,0.005498790040691703,0.005474377403827668,0.0054804466511380046,0.005475274523654372,0.005479288927175141,0.005474504435373229,0.005476784255777578,0.005476963025645987,0.005480021540634872,0.005496882441061057,0.0068990667200734546,0.006907882241573182,0.0068966623667965354,0.006907772521998978,0.006891973981433375,0.006905948826331276,0.00689319677210376,0.006908483078176264,0.006892420290152801,0.006911796553169813
0.007597012775793499,0.007604195075666453,0.007587905678162421,0.007603147026145118,0.0075862777682015325,0.0076035696742229875,0.007587235574248841,0.007607283908102724,0.00758996517560051,0.007615729816288386,0.00550017125927954,0.005480624058675276,0.005486276638106247,0.005482824933335961,0.005481020178234042,0.0054828365344044006,0.005480493755047666,0.0054807676054928756,0.005483669390360657,0.005501685316029459,0.005501044732912075,0.005482514878482725,0.005481921680301316,0.005482369199615533,0.00548533138845636,0.005483320656883395,0.005483720679166415,0.005483866541621252,0.005484707654890897,0.0055012929237357455,0.0055020644527878915,0.005482026628197967,0.005481675889551618,0.00548469867210194,0.0054831219992584335,0.005483387606097068,0.005485065451296511,0.005480668016066781,0.005485451537170505,0.0055057830496192395,0.005503967842853674,0.00548352929041418,0.005484073702872572,0.005482625227868632,0.005484049582587525,0.005480345866780423,0.005481459662144861,0.005483373493927468,0.005485144191258451,0.005504080618458362,0.007598609323182626,0.007605808562134608,0.007588579885167257,0.007602299501147436,0.007587460699153337,0.00760362048894947,0.007586446308013972,0.007606919094506226,0.007589841443812528,0.007614283426901736
0.008165569987851229,0.008167927624102955,0.008148060333727392,0.008164841517194488,0.008145285899506416,0.008165851445158967,0.008144920478450168,0.008168067308237603,0.008149400195088141,0.00818801570380634,0.00566073979232834,0.005651992026384445,0.005652661882802945,0.005654055079467535,0.005646893566872591,0.005651487831927093,0.005646240862024532,0.0056513298026117376,0.005647661710126595,0.00566620039895549,0.00566522065293118,0.005654597131051875,0.005655664020798146,0.005652821086005511,0.0056519619522636955,0.005650831111751076,0.005650578527812533,0.005653237428416946,0.005653926194401249,0.005665390815137228,0.005667230276092894,0.00565321594574808,0.005654104329346821,0.005656507640788122,0.005649718677823989,0.0056521647086691384,0.005653000504600603,0.005653428977046626,0.005656138063877991,0.005668963926269366,0.005662683795620627,0.005655047608390973,0.005650069213809394,0.005654973221045967,0.0056514418829402,0.0056517696152085795,0.005648336888389449,0.005653921492841163,0.005649622104553387,0.005667677546493388,0.008167624244617755,0.008168048114032045,0.008142900133071729,0.008159947347839203,0.008145711717663373,0.008164493260145511,0.008143075144122547,0.008168327341165904,0.008151612516645534,0.008186644699390122
0.008485963480834025,0.0084762359240938,0.0084550657691001,0.008473605222052483,0.00845260282521526,0.00847450316936671,0.00845198782687906,0.008475205570873723,0.008454227244804602,0.008509095691856816,0.006061633174665737,0.00606366412479864,0.006056704119493661,0.006065689826190546,0.006054666790967389,0.006060940195431019,0.006054865409037102,0.006064068491055785,0.006055515691281987,0.00606993715034343,0.0060686934046872976,0.0060646793459891435,0.006067192261526522,0.006064316324212005,0.006059412905600359,0.0060590315503856185,0.0060593961000024454,0.006062284238905036,0.006061802159313734,0.00606862288148835,0.006071351725414287,0.006063585343871913,0.006064597364378699,0.006065291581621668,0.006057445865567224,0.006061440665173556,0.0060616689669095725,0.0060643283246189505,0.00606391127156275,0.00606948745266328,0.006058629633824197,0.006064043389356455,0.006054537116432446,0.006065804953973408,0.006058148738289415,0.006062511255600533,0.006053790651182112,0.006064448658429755,0.00605255675231503,0.00606869961783163,0.008488220540577351,0.008478269496996704,0.008447042123608528,0.00846721332170186,0.008452178081881423,0.008472268344687228,0.008449661619589821,0.008475359161101925,0.008457148227947908,0.008510112297946404
0.008564189176247128,0.008542473442686382,0.00851919429395509,0.00854244913907054,0.008518767693142304,0.008542398167391996,0.00852058630802538,0.0085430865849897,0.008518030774035013,0.008587022144292522,0.006640817631796858,0.006648511135103563,0.006633442611049867,0.006649398622762759,0.006637723900569714,0.006643359303260932,0.006636928527567532,0.006649995918841967,0.006638359280601913,0.006650113193788054,0.0066512534104652965,0.006647718209956577,0.006649394926127816,0.006648853570087265,0.006641439220267775,0.006641872465457388,0.006643951865674791,0.00664495888240807,0.006645172980942415,0.006651764610176358,0.006651940735729389,0.006646288959959001,0.00664614216128756,0.006646720506397419,0.006642690286778219,0.006644719456002757,0.006644624524445697,0.006646645646504135,0.006644668594924019,0.006648657945024894,0.0066375574218622835,0.006646856566086323,0.006632629164652126,0.006645717174582844,0.006637628943097051,0.006645396576534013,0.00663243528230284,0.006644739931027377,0.006632559118508741,0.006648656776350181,0.00856635843982334,0.008545339722949963,0.008514823741150701,0.008539142300748814,0.008519723568054693,0.008540337281184751,0.008517528783654027,0.008542133963649778,0.008521470341265713,0.008590663196688553
0.00854011117325637,0.008515610034721344,0.008488027553195998,0.008515676058633626,0.008490569726058383,0.008515532488526323,0.00849218844817684,0.008514390472545152,0.00849038586912998,0.008562850300002145,0.00722996351620675,0.007229570214632941,0.007210050158336756,0.007225971744252491,0.007219260719535048,0.00722359938867756,0.0072188920195871975,0.007228832501924021,0.007219285330910485,0.007234854119209488,0.007238379406301121,0.007227046653176972,0.007227607467292896,0.007229135615088922,0.0072232199157089005,0.007224633094396471,0.007225382908685074,0.0072242063323442185,0.007226955274545588,0.00723945718682234,0.007236630882202,0.007227095488815782,0.007225536606930816,0.0072244171469088014,0.007226857486571259,0.007223680297318125,0.007223250734706255,0.007227935404091113,0.007226049472905116,0.007234260012666971,0.007228439126017894,0.007226762405520504,0.00721359757196377,0.007221880809553438,0.0072168543766210624,0.007226941493215011,0.007216161919763209,0.007223513683020155,0.007217341606124583,0.007236479597542145,0.008539159944228547,0.008513443491963868,0.00848845941749432,0.008516300529326726,0.008491166314125831,0.008514564256353108,0.008488728360624753,0.008513712621183889,0.00849212291230661,0.008564377261500222
0.00861508275199424,0.008598472786892075,0.008569668076100101,0.008595890076827373,0.008572457595110605,0.008596867517702278,0.00857122787645298,0.008592706182511789,0.00857325510765522,0.008637757373207655,0.007648246061383812,0.0076277038732869284,0.007614282007898321,0.007618142878118073,0.007620968727395594,0.0076243857080735,0.007625040813722395,0.007623353917771691,0.0076241303837896734,0.007645140316516141,0.007646778408632482,0.007623605932615685,0.007624049122958165,0.007624237336666284,0.007624407780892184,0.007627090749106835,0.007625520879925296,0.007622886506013338,0.007625004259403656,0.007647638751255903,0.007646511907648146,0.007625395192700946,0.007622525156016968,0.007618144978281782,0.007625526361430768,0.007619996082291858,0.007619862165923252,0.007625477380188872,0.0076254061535558915,0.0076447233781386514,0.007646072744516286,0.007622205479763666,0.007619303735428851,0.007617966793266762,0.007617372991455651,0.007626168851634307,0.007626815165923451,0.007624288306535276,0.00762422252786088,0.0076479892325652665,0.008611388678041176,0.00859314534194544,0.00857000584803752,0.008598794779724472,0.008569334107614512,0.00859747476131778,0.008570501385802731,0.008594234281513846,0.008570968944918378,0.008634619237575192
0.008948092683485176,0.008944712420714651,0.008919094526913585,0.008942062388095418,0.008919906013510559,0.00894296741262618,0.008918509043843559,0.008939851306766722,0.008919526937930411,0.00897180362679656,0.007813405888993319,0.0077757200042960495,0.007775488691381949,0.007767964224866919,0.00777686570045949,0.00777360070773081,0.00778050321044732,0.007770218749779068,0.00778202053491911,0.0078073753599324225,0.007806325231531408,0.007773801149448034,0.007770724624419079,0.007770057114717288,0.007773165407148952,0.007775176714149512,0.007774483146705147,0.007771813359935653,0.00777216629224281,0.007808049600226852,0.007809145894050462,0.007771705524288575,0.0077680631878770945,0.007766175828136379,0.0077737055034513,0.007770302831574483,0.0077703018651091305,0.007767839048907599,0.007771272510043226,0.007804674060148564,0.007812612615994141,0.007769282022496549,0.007777181420092594,0.0077658074534985855,0.007769003283083609,0.007770652890358498,0.007783056120085119,0.007772016497478884,0.007779525289903777,0.007808033041776019,0.008945941294264959,0.008943717697980913,0.008920312686287346,0.00894757532438023,0.008914161953862965,0.008944990740413217,0.008920981119325766,0.008942596051039253,0.008914482528001977,0.008967837537306678
0.009578775192166489,0.009588579791142138,0.009563685191007754,0.009588213806512924,0.009563141526975794,0.009587958389140228,0.009563689086676153,0.009589173427839603,0.009562527513121644,0.009606362655551148,0.007805814588811022,0.007763356584416126,0.007773224170987303,0.007765238890442505,0.007770338777206509,0.007759877739806242,0.007766987355367849,0.007758226965698944,0.007772559020561398,0.007804217159260385,0.007803006743560159,0.007766667483767753,0.007760193113655778,0.007761567055805663,0.007761666639374498,0.007760425988298958,0.007762046936083011,0.007760721253908864,0.00776382198904807,0.007805450364178124,0.007805270245959506,0.00776234344444332,0.0077573090658744626,0.0077620279682705795,0.007766366094469845,0.007763521406436602,0.007763177262148091,0.007755527476718316,0.007762704101648477,0.00779988302281881,0.007809387576093008,0.007764114538980071,0.00777296057438448,0.007758283550619194,0.007764520310558576,0.007757334305485364,0.0077706937507009965,0.007758440485236717,0.007771733069567521,0.007802477094942861,0.009579953423750842,0.009591794267738818,0.009569734744581504,0.009595303174584346,0.009560513214203481,0.00959063668542326,0.009566756700437717,0.009591468926340718,0.009559075268026906,0.009604525936092068
0.010405047150509383,0.010422110982091393,0.010393157010444465,0.010420898310413096,0.010390004751206383,0.010419377395431417,0.01039024966429597,0.010422974438568988,0.010391714549305375,0.010436914439364842,0.007824880162771886,0.007790240142203142,0.007800916737535857,0.007798639052216894,0.0077949489999007415,0.007789879349854978,0.0077898736143675595,0.007786889962391852,0.00779228476990268,0.007829851245692854,0.00782794139272508,0.007796209410155797,0.0077939337835234435,0.00779363415504114,0.0077934136035348045,0.0077909088545245475,0.0077890245172237416,0.0077901119543755115,0.007795631834720929,0.007829075081365655,0.007829948992717162,0.0077970306007827395,0.007792137654638542,0.0077965702162798856,0.007796065079412773,0.007793435136040028,0.007792186657416711,0.00779206243367947,0.007799415839470303,0.007825325243756065,0.007829955106250175,0.007798326328927185,0.007800164048287428,0.007794028383867668,0.007799190164306913,0.007789912581175895,0.007795909582101024,0.007792736430243141,0.007797136666558346,0.007825167552658663,0.010406611770921947,0.010421744398382948,0.010397077896666329,0.010423046227372779,0.010392490423205947,0.010421276317910844,0.01039137125059475,0.01042468002820468,0.01039282315811385,0.010435273425728309
0.011218320150265582,0.011228927663761212,0.011195763850500084,0.011224262403768726,0.011189626504444494,0.011222160427679928,0.011188404222204296,0.011225731867270272,0.011190053920895948,0.01125260170876452,0.008062052607716641,0.008046132814898244,0.008047240857671334,0.008054808596924978,0.008042969503525732,0.008050298516164511,0.008042278807848025,0.008048912581659906,0.008038235017883921,0.008071578694678172,0.008070193723555052,0.00805124482744074,0.008056001462836249,0.008050320149734447,0.008050935432700468,0.00804899797060793,0.008045150281012714,0.00804790286900492,0.008049877877189082,0.008069047000461793,0.008074806566643444,0.008053798849439464,0.008053441574503939,0.008053406774913674,0.008047896327329829,0.008050302437070778,0.008049423844284365,0.008053515854648918,0.008057489586093092,0.008073730017405911,0.008063230368295315,0.008054715162354065,0.00804474519283549,0.008053622778826097,0.008050438976262897,0.008049602395191813,0.008046060358324947,0.008055501670500287,0.008041125759766288,0.008069651982769321,0.011217588556003355,0.011225412095348608,0.011188404223550497,0.011217859965837407,0.011192366114180674,0.011222213744034759,0.011186781437811044,0.011226079688175516,0.011197090800548426,0.011250577480241497
0.011803078477077567,0.011792643780047185,0.011755483045428006,0.011787750624446425,0.011750741075903126,0.01178624256203692,0.011750907591481563,0.011790193152179163,0.011749238060066336,0.011840643459228806,0.008580578951865425,0.00858696685894178,0.008571459735592146,0.008593041815421754,0.008574133310735699,0.008587814212796918,0.008574779720624037,0.008595782658777196,0.008573139869763935,0.008595259440059178,0.008598691011305448,0.008590203388801787,0.008596946705653197,0.00858950751890497,0.008585070305036913,0.008584247388674082,0.00858517068461212,0.008588338187583422,0.008588133859717795,0.008598222922583665,0.0086037983357799,0.008588524902151118,0.008592980877082823,0.008596691037756288,0.008588345526740482,0.008591570089547751,0.00859196536374579,0.008592282138070506,0.008592088380854346,0.008604770089427782,0.008578269996140253,0.008590476596418928,0.008567920957301411,0.008589070572829038,0.00857423898131665,0.008586304041639126,0.008570830858551037,0.008591394698821975,0.0085661307822269,0.008600631821341354,0.011804129591005297,0.011794442101009994,0.011743458038461052,0.011778026715209167,0.011750755571915739,0.011784201753465506,0.01174793663020407,0.011788749246157304,0.011757929666670552,0.011842254922829754
0.011995607718472245,0.011961513989394268,0.011915927002625226,0.011958686764997284,0.011916356487893243,0.011958214109138277,0.011918718155223995,0.011961801518328874,0.011918450157572591,0.012038470753998554,0.009198960825460456,0.009212326778175683,0.00918105364001437,0.00921103719750177,0.009188389454474588,0.009208732828392796,0.009190777401651973,0.009217530121675255,0.009195655746833176,0.009216182529427797,0.009222634731471502,0.009211734264808591,0.009217334087373574,0.009212755368473269,0.009206601329096953,0.009209214932815013,0.009207041706577601,0.009208546300761289,0.009213266105063678,0.009225389439436349,0.009224349070114324,0.009208696167023855,0.009214853687306346,0.009223268277935182,0.009215709001066663,0.009212003505011945,0.009213191437385082,0.009218592838273643,0.009215375285199945,0.009224073846127445,0.009194028144541677,0.009205934929996329,0.009182480194223686,0.009210832783845546,0.009190224431582406,0.009210040323029356,0.009185560860150155,0.00921102947869662,0.009184425827166276,0.009224253204574318,0.011999146492831292,0.011966228779140664,0.011911407584982214,0.011952948523241413,0.0119163813092108,0.011955070361051812,0.01191614548809905,0.011960840217683844,0.011924407340421772,0.012043895342581101
0.011793482677789513,0.01174730231296206,0.011691412706058113,0.011744932599010327,0.01169770738529935,0.011745679362615169,0.011697431510996004,0.011744864572529545,0.01170336131830707,0.011839888513049568,0.009617600933011838,0.009614271693577814,0.00957877615035213,0.009602614901799422,0.009586995641853169,0.009614291700779876,0.009595140408824976,0.009611855619400922,0.009599704989131097,0.009629173185589812,0.00963247144241991,0.009608587668312074,0.009612834991494457,0.009609577310534523,0.009609987474868686,0.009618141818752424,0.009607074582359487,0.009606116311888069,0.009610941217096325,0.00963584151696062,0.009634684780894631,0.009608235890391892,0.009610898378711985,0.00961448506977941,0.009610281078257288,0.009603342915702362,0.00960615382787855,0.009618704482638574,0.009615447170546021,0.009631368126350792,0.009611187976191038,0.009598713146687032,0.009586220657582467,0.00961024300523261,0.009594151983521093,0.009613938655120502,0.009596796885246617,0.009614819936003494,0.009590638275968788,0.00963415717406868,0.01179338101708266,0.011744732862939089,0.011692628622346879,0.011742997186002413,0.011696922620004213,0.011743035925976752,0.011693863417908568,0.011744378976323855,0.011703761253275491,0.011842527638739053
0.011384929611640837,0.011344052306912822,0.0112861610585554,0.011341145622115467,0.011294684875175154,0.011344035765254057,0.011289248340273228,0.011337192912079741,0.01129753116138893,0.011431804596479356,0.009660421637655403,0.009625933746893633,0.00960575721031115,0.009613552907102085,0.009612432084747158,0.009631029923514334,0.009619806961313704,0.00962559996590412,0.009624918951437689,0.00966356928740042,0.00966260737170438,0.009620301647704388,0.009620288954038492,0.009619653801197392,0.009621663982648798,0.00963124479266736,0.009624414746183474,0.009624299419771776,0.009619210938450307,0.00966637342838883,0.009668224057734154,0.00961985497461626,0.009614199268797974,0.009618594436172079,0.009617617153262259,0.009614367439171656,0.0096198844029598,0.009619902122764812,0.009620781516936627,0.0096619511461149,0.00965776264092122,0.009614003807771554,0.009611174586912963,0.009617531092824982,0.009610575251386533,0.009623258419479863,0.009625476557481139,0.009625677900058638,0.009616685360600952,0.009664445455986326,0.011381263074347558,0.011338772477056114,0.01128623464453693,0.01134152251460746,0.011288896132701065,0.011342916127641378,0.01128632292968712,0.011335900736547055,0.011291224781287967,0.011428957240505022
0.01105084854262317,0.011029598428162368,0.010979241306566856,0.011028650955902886,0.010984712762167004,0.011032755422647478,0.010980324163272492,0.011025161524449822,0.010985073374065513,0.011097638725412251,0.009381550233500735,0.009321187316493562,0.009324107739426157,0.00931709882823234,0.009326532950504729,0.009322937474298132,0.009324648603863561,0.0093240780016548,0.009335231962108836,0.009379924383832505,0.009378179043800894,0.009322048261806881,0.009315252102019944,0.009317716058787728,0.009316156693670086,0.009322085331675,0.009326046150058942,0.009326491787102653,0.009319957502692766,0.009385764597061252,0.00938258983065482,0.00931696552587219,0.009306751734288465,0.009323352366743975,0.009322902259713883,0.009317614092756665,0.009323376611215795,0.009309136339441137,0.00931588079412099,0.009373553158077919,0.009385346196634059,0.00931928519782843,0.009323834416320287,0.009313206604196156,0.009315809190386437,0.009313235654116403,0.009329248762743714,0.009313675494636298,0.009327183490637325,0.00937645345376642,0.011050864096332547,0.011033179854661623,0.010982904766290658,0.011034753262021524,0.01097730821837506,0.011033580022885403,0.010982246914290617,0.011024916509672134,0.010973920194858655,0.011094206177956034
0.011041219894427912,0.011045176660673006,0.011003368254890011,0.011047872760612587,0.011006489892196603,0.011050849725177059,0.011006338043430153,0.011047489266762633,0.01100766046062307,0.011086403744994977,0.009027567847288087,0.008960688134177719,0.008978605760275205,0.008963489403006675,0.008974204918791195,0.008960092678984899,0.008969645734940968,0.008961022287622078,0.008977348761550097,0.009025273938507994,0.009022442670258757,0.008967141511946053,0.008961089952387757,0.008960137744975394,0.008962470207911799,0.008964507779668063,0.008965357323233947,0.008963999449631888,0.008967778113418812,0.009031088025898304,0.0090237053925169,0.008963829454969985,0.008956553942722434,0.008972022093227394,0.008973015147076713,0.008962339108882889,0.008965369709444837,0.0089589804888896,0.008967990792229819,0.00901513018728839,0.009033790297718725,0.008964649760611232,0.008977143004434529,0.00896121060793098,0.008975055892456896,0.008957909212002402,0.008976289538947024,0.00895757335483427,0.008974789314544263,0.009017331599177891,0.011045805334987446,0.011054651021206174,0.011016682844208536,0.011059374159548163,0.011004002291094384,0.01105324784721029,0.011011891305084731,0.01105023592171872,0.010998243676501762,0.011085317015359641
0.011458393885838802,0.01148243192128695,0.011446278210437866,0.011483158617094646,0.011447997892471307,0.011483528702692036,0.011446966769120659,0.01148379851260417,0.0114487517442175,0.011497130448808679,0.008885448151398523,0.008834899356684911,0.008853451782789512,0.008841570954536915,0.008846754952712421,0.008838303076761256,0.008847101438796856,0.00883596060316666,0.008843734502936962,0.008884024964828874,0.008880826041276324,0.008841965703886456,0.008844532859005771,0.00883524679870451,0.0088451126778753,0.008843309625933105,0.008837856696617963,0.008838093671100777,0.008844631371311418,0.008884254486259457,0.00888397753529363,0.00884506850549971,0.008842395219166965,0.008844180222626785,0.008846368843798802,0.008840793512459921,0.008841107333010245,0.008845147276003273,0.00885157588383828,0.008881406393059121,0.008889247192944538,0.008841595379101008,0.008851410764188106,0.008842161835333262,0.008859899453193043,0.008841806171824784,0.008856088759140845,0.008846901068827573,0.008845708664224905,0.008879287822908088,0.011460009540268767,0.011484586871679636,0.011457333272554715,0.011491106048000799,0.011448986468397537,0.011486317169648819,0.011450599286826069,0.011487522335505651,0.01144496161993741,0.011493937944842547
0.012195335763916515,0.012223603010702577,0.012192346801372433,0.012217501247438756,0.01218790675954895,0.012215003095799981,0.012186695471521458,0.012219203246572663,0.012186273725043106,0.012226732005841123,0.00911479551802108,0.009096446846642903,0.009103000034532682,0.009109714753980536,0.009100970361107241,0.009099520278346707,0.009101312859346455,0.009104784754426387,0.009094926436612416,0.009118419840883463,0.009120303408198527,0.009101513140200357,0.009110876910856824,0.009099657091118485,0.009105421641435574,0.009098025351549244,0.009101310299934773,0.009103297113081277,0.00910688601722015,0.009120227226176947,0.009126121118137043,0.009106506753656485,0.009106374552940222,0.009107675941156301,0.009109476252135595,0.009110867285861746,0.00910961023673823,0.009109354919227264,0.009111950599013707,0.00912844393220652,0.00911545706975736,0.009107101325544875,0.009096798900779801,0.00910114404988549,0.009107198666354621,0.009104911695512474,0.009104544798476721,0.009112119497350468,0.009091908257822245,0.009122065463846862,0.0121915009311096,0.012217462107738941,0.012187183510640354,0.012215257649530464,0.012188532033447108,0.012216845655399156,0.012184779981470883,0.012218979306147959,0.012187887338202918,0.012220370970979444
0.012991682657745418,0.013002966468728117,0.012972631839010651,0.012993898036664175,0.012960822855332232,0.012989617872116388,0.012965201024495832,0.012999236261932168,0.012959756067709993,0.013023881548360983,0.009663321517974166,0.009676668163147772,0.009659107322565419,0.009688560358036447,0.009662161872600938,0.009671168883143733,0.009661004325640155,0.009683397247016445,0.009660191513756633,0.009677647192473271,0.009684126539727111,0.009678915120290399,0.00968845936833318,0.00968119374360038,0.009680268262646785,0.009668779318107168,0.009677075301274207,0.009678407167411529,0.009686942150389899,0.009687625378457576,0.00968832307969597,0.00968270174511876,0.009685893092236886,0.009694656714387462,0.009693582573501225,0.009690695211894529,0.009688655095467236,0.009692544983490592,0.009689449513947679,0.009689639471483713,0.009659559115468563,0.009683280357226876,0.009654093059337232,0.009675457240371887,0.009664957271423635,0.009682851938542458,0.009658964198332898,0.009686492440595385,0.00965116282455658,0.009685279999871121,0.012990049848124297,0.01299994211554234,0.012957083662629598,0.012985310266003691,0.012962732135206267,0.012989567029233595,0.012960523800883306,0.012994771489072465,0.012967130181649134,0.01302188451671732
0.013574948961350086,0.013554162065605169,0.013512404785271936,0.013548073484404177,0.01350178510164085,0.013543904154990904,0.013510034154361916,0.01355520431447721,0.013504444079374844,0.013618072309223073,0.010300821026061668,0.010326785097108881,0.010283169279459214,0.010324186961885529,0.010288504819830346,0.010321552257970601,0.01029663994801211,0.010323894412382906,0.010297398787561973,0.010325069751671523,0.010330930626164747,0.010323938456765158,0.010332508644892602,0.010326452837992106,0.010330128726750654,0.010323191446611202,0.010317207902549697,0.010316189565633516,0.010327422807649866,0.010335643454396692,0.010336355232211158,0.010330653841064408,0.010335240285002212,0.010337410759565846,0.010334102679213641,0.010325681048140911,0.01032460973249455,0.010345914821259017,0.010335624067683402,0.010331802412570201,0.010292832257630335,0.010318583023661676,0.010288949381464407,0.010323209443348691,0.01030339881210568,0.010334943317400369,0.010299375807246547,0.01033997918782581,0.010286884000215157,0.010332011952719988,0.0135785988433208,0.013556235459410482,0.013501489138347034,0.01354031528310573,0.013506861073747323,0.013541586047671694,0.013506042933840168,0.013551248030434393,0.013517588504498468,0.013624258689239221
0.013787266587985014,0.013735442890389693,0.013670400312596254,0.01373018860899039,0.013669267547758268,0.013727949771916825,0.013671796178731321,0.013733114622483111,0.01367482529383962,0.013844367537036828,0.01075723191073985,0.01076434935987669,0.010710614485168912,0.010749491712941539,0.010720114055590979,0.010767963600944452,0.010735394674989185,0.010759884440638634,0.010738879521539235,0.010779881821021686,0.010784019373362652,0.010757084169388198,0.010762907772760011,0.010757580664705835,0.010764504631464944,0.010767159929888026,0.010754530173434418,0.010755067990508682,0.010751858259434421,0.010786042819852404,0.010795524511858723,0.010763067024284423,0.010763025327301667,0.010760925896384554,0.010755330370265492,0.010752097658462911,0.010753208725194197,0.010770621182690898,0.010759401772950539,0.010784289223113197,0.01074966647560538,0.010745489439269285,0.010724133044445638,0.010758652460383489,0.01073509302694059,0.010768816100740819,0.01074387674161964,0.010777727549028004,0.010725701900212437,0.010786289527373705,0.013786703480337892,0.013730403635165533,0.013664401327861952,0.013723394236147768,0.013671878242246527,0.013724128184504913,0.013665592587944031,0.01373097788429184,0.013686179966875378,0.013849752617238198
0.01363070384116355,0.013564322105575288,0.013477998426562054,0.013554889744870346,0.01348303170431464,0.013555522196226744,0.013477215682794252,0.013551885240238426,0.013489024384909787,0.013700040406532166,0.01086854124319031,0.010832276268144314,0.010791332796585618,0.010817301267193768,0.010806369497839974,0.010835071537790453,0.010810905524476833,0.010834225699515032,0.010825070774189482,0.010880647501569085,0.010883962605269637,0.01082690848915141,0.010823138272407107,0.010823431666068695,0.010821003993245037,0.010832073752181981,0.010833059658987065,0.010835556229998267,0.010819966770728329,0.010890396396561586,0.01089584318756498,0.010821952787871125,0.010815564012748635,0.010832525426008932,0.010823977979730115,0.010822509866151242,0.010825551204419859,0.010817268905085553,0.01081497384015373,0.010880235333544819,0.010866388851974773,0.010816883834934732,0.01080119419175063,0.010823011186907427,0.010800789692652801,0.01082163269225983,0.01081640845536691,0.010829010735555034,0.01081011200635712,0.010883210651201514,0.01362218587783598,0.013551960965642762,0.013468828256058551,0.013548075921279601,0.013478151569760899,0.013552693729216525,0.013469113326709747,0.013549321622890631,0.013488384427492173,0.013696650002233468
0.013256823530272632,0.01319764034606552,0.01310363181048052,0.013187564256162854,0.013107794243772397,0.01319077241655553,0.013101978518054502,0.013183284899005832,0.013114074904567175,0.013336799917827435,0.010656000527760057,0.010576560073076613,0.010565001996215295,0.010568578602096979,0.010573837397525487,0.010575594056739579,0.01056854127828638,0.010580859022335964,0.010585705050483729,0.010659548165239063,0.010659470470988752,0.010579854107370501,0.010568416677724068,0.010570677182862198,0.01056454412397373,0.010582426309808157,0.010584588089419478,0.01058532830094977,0.010577283578273478,0.01067529212438928,0.010663677226306012,0.010569183069081556,0.010559381576816962,0.01059168718589032,0.010583242701258488,0.010571559171992706,0.010575728104147086,0.010561099422275733,0.01056832581417233,0.0106478625748469,0.010659045137169254,0.010571949391656066,0.010569004578154684,0.01057004717542498,0.010562358835079,0.010560833183004048,0.010570897962696724,0.010563920578775698,0.010577791678115067,0.010653222819575425,0.0132511722363442,0.013193841778280202,0.013098571845742757,0.013186168071439908,0.013099906096070202,0.013191053641877115,0.013100171850590814,0.013181934931744022,0.013101628883364413,0.013330182203833862
0.012919479781859866,0.012884152180157593,0.012795992256412814,0.012880825710847144,0.012800323775467415,0.012885283068359843,0.012798594046289968,0.012878596606122505,0.012806160865095562,0.013003203549408149,0.010315794974149695,0.010219022320635096,0.010236319694176377,0.010218501181381956,0.010231958453155554,0.010228331317887529,0.010231436347189538,0.010224191346516254,0.010236658241476404,0.010314762845199776,0.010310258947073714,0.01022848693198003,0.010222122188339067,0.010216636788704658,0.01022363970789597,0.010242530910107905,0.010226856743742352,0.010227114392609149,0.010229665258918164,0.010325161611525469,0.010311688351365922,0.010228587302523073,0.010219506223850261,0.010235013294483342,0.010233395187811245,0.010217004013260811,0.010221934104746366,0.010221080798347881,0.010234001608404375,0.01030123968804647,0.010322237496445563,0.010224281702616023,0.010239967483390566,0.010220846968586772,0.010236535117470469,0.01021751768235768,0.010239505078256772,0.010220540463181105,0.010236618337079506,0.010303685922252004,0.01292448966631099,0.01289413127229283,0.012806460896312266,0.01288938146535995,0.01279703729481163,0.012889760327581323,0.012806764846796825,0.012884258387598602,0.012794259536326569,0.013001036732348537
0.012869727609293058,0.012865092241107767,0.012792745245696402,0.01286722443156263,0.012800356122035006,0.012870984061507551,0.012797264056597535,0.012865414499329986,0.012802223496693632,0.01294178834556553,0.010117012236437517,0.010035301981091094,0.010066209859345532,0.010045533267660778,0.010058398743816255,0.010055026161473524,0.010061040585219172,0.010048307968873571,0.010056180071355725,0.010111844929616143,0.010107454237621327,0.010044007961188317,0.010050130108048727,0.010037622729399509,0.010054169187037942,0.010061565099740766,0.01004745023208864,0.010052009952015717,0.010051757647802584,0.010114140339367306,0.010114595920470981,0.010056408945030737,0.01004917289034829,0.010045947520107124,0.010052050782520083,0.010044410188927044,0.01004978248182814,0.010048096874394785,0.010062810097237862,0.010112673218680812,0.010125196619917232,0.010049483194669084,0.010066238668002214,0.010041044150244316,0.010068557292425118,0.010047327368160441,0.010073707427196765,0.01005273382704247,0.010055280324678506,0.010106783506038886,0.01287666026637263,0.012874831579050672,0.012811948967858644,0.012881128933286745,0.012801295199922291,0.012878557099988697,0.01280718608970105,0.012877075217703815,0.012797359467013103,0.012940262855072604
0.013227296815198686,0.013250714508269701,0.013200899621048312,0.013250268431658663,0.013205559921050158,0.013251584379004144,0.013200764731656933,0.01324817939957501,0.013202398090774947,0.013277127977061431,0.010249964972148085,0.010206531859338397,0.010230001303152159,0.010226762587366045,0.010228451576038411,0.010217462906936703,0.010225335687975234,0.010225443299324732,0.01022014071760674,0.010245626974349775,0.010247179279521512,0.010213579935706762,0.010226703060596365,0.010214550630905095,0.010225551205991223,0.010215369788693196,0.010224824988221637,0.010230155251773676,0.010230415063544052,0.010252240684800684,0.01025641438384256,0.01022417578415652,0.010223494973097491,0.010225799750793019,0.01023502560578382,0.010231644752974778,0.010234394512586897,0.010223755991474404,0.010233851924541015,0.01025798555455304,0.01025554060210715,0.010223076660584474,0.0102210120264144,0.010209530761885632,0.01023050350432042,0.010220825691180713,0.010231947573620948,0.010224176017789965,0.010214097228542829,0.010249177435964485,0.013226350673651466,0.013250656455647603,0.013210593015543504,0.013259662672625627,0.013205466473726057,0.013258574678877533,0.013203315277072414,0.013256740135258405,0.013200736723211592,0.013271250327499706
0.0139284868676387,0.013965283766587067,0.013935329482342884,0.013960178038602444,0.013929931096692882,0.013958298044590423,0.01393126742354589,0.013961605265574328,0.013925785981496297,0.013961542230531088,0.010725407845212975,0.010727568263298182,0.010725366666896996,0.010745375495316789,0.01072571892025942,0.010724831719315264,0.010726091479411226,0.010738016899995206,0.010719313988941548,0.010732980900279576,0.010739042665016019,0.010732034005288271,0.010747459483383515,0.010736421016152187,0.010745014000275055,0.0107259776374668,0.010738342290252778,0.010737948260266361,0.010751404727699143,0.010747723558245492,0.010745079589808082,0.01074044741391983,0.010748307974226434,0.010754036242087539,0.010763295005164764,0.01075336302876112,0.010750908561433015,0.010756939220834871,0.010753577748120469,0.010744408277198692,0.010723259142114083,0.010733632648657232,0.010716015689527236,0.010728229511954013,0.010735148524910365,0.010745274534396998,0.010728012144535726,0.010747966471664372,0.010712466681598865,0.01074018767774787,0.013926074716586412,0.013964107045728591,0.013932170419761247,0.013961530776312847,0.013930503211485368,0.01396189781776308,0.013929258901628327,0.013962156288211958,0.013928084168826238,0.0139577829658446
0.014779250642325659,0.014804234878341815,0.014779163036909237,0.014799139728586985,0.01476767485201047,0.014794763251361531,0.014776516671136664,0.01480624362532501,0.014766199251716683,0.014810554954904354,0.011383466279023091,0.01141739346527304,0.01138133815150194,0.011420484072524217,0.011380490056349668,0.011415393324539391,0.011396484388745465,0.011414565529082599,0.011387769016605265,0.011406832931666722,0.011413291697894568,0.011413996365466084,0.011431957225756795,0.011419754425404882,0.011434655338506183,0.011419658612786154,0.01141256200808427,0.01140813639847249,0.011421936807254451,0.011418806663217429,0.011421268964835252,0.01142598015357904,0.011440703271612618,0.011432148006771226,0.011433368245773401,0.011425529303027204,0.011421849473181755,0.01145196385804187,0.011433412039216273,0.011417420761539454,0.0113741691705328,0.011403399813063375,0.011381986712896863,0.011417412816636163,0.01140740081016911,0.011438457694912363,0.011404055719448136,0.011448550816985481,0.011376703412786238,0.011417579319981774,0.01478348834065396,0.014809016300687539,0.014772668742106698,0.014796039481467682,0.014772504956397092,0.014795339579152578,0.014776284170479104,0.014803649921945383,0.014779185701410458,0.01481604027960598
0.015546819072262463,0.01553646124411684,0.015493237060621945,0.015533259985265502,0.015487686048323346,0.015528322110704151,0.015494746539878868,0.015540685059541648,0.015487635553477208,0.015588655107909577,0.011985714756523047,0.012014176952126865,0.011951565114910578,0.012004764155408021,0.011960349886028343,0.012016089065273405,0.011978717302748576,0.012012255312929099,0.011984097420283502,0.012016033306391949,0.01202234252869333,0.012002803000453033,0.01201975635421737,0.0120101854007989,0.012019243860713014,0.012014416487646118,0.01200717785423655,0.012007197984583828,0.011998991649444068,0.012024360764386122,0.012037641283401512,0.012009549394125019,0.012023934787354917,0.012018011378453153,0.012008083669440783,0.012011930440335383,0.012007954311621216,0.012028448279255644,0.012006080297526422,0.012028645635971946,0.011976158835095618,0.011986699812615409,0.011960229910861375,0.012008167704683659,0.011978455445985636,0.012023199678648067,0.01199031197500905,0.012039670400695979,0.011961738891029028,0.012030561067828016,0.01555067233693902,0.015538932029826813,0.015488407725354314,0.01552790575329055,0.01549320045421243,0.01552625646964706,0.015491754107995692,0.015539431367625367,0.015509832387501865,0.015598117527086064
0.016035515652879195,0.015984003413233583,0.015906131065276108,0.015977569120766033,0.01590872460341719,0.015974290614543196,0.01590755514766201,0.015978918380077867,0.015909353674326,0.01609739773547425,0.012326848559318038,0.01230915837414892,0.012241117207341168,0.012294123455174721,0.01226396909516303,0.012302349806695145,0.012264694093791773,0.012314048644321063,0.01229243055221263,0.012353454905480843,0.012360261441544895,0.012300254593823612,0.012304412752704497,0.0123031396303106,0.012295350393509374,0.012299403407897702,0.012310152613205727,0.012317871613817033,0.012296450408095516,0.012370671004780454,0.012374853714927858,0.012289009495571268,0.012296893451821111,0.012322395153266441,0.012308550288231968,0.01230960135479292,0.012302858228611047,0.01229748085370086,0.012284838763841732,0.012356493975846539,0.01232207359456261,0.012283733709853362,0.012250144589078582,0.012295646401473403,0.012255178519272603,0.012295782363532792,0.012271284724035103,0.01230666773617689,0.012265527563956546,0.012362743253120312,0.016027145981440394,0.015974249902580506,0.01589548705199101,0.01596777196324428,0.015906733430161024,0.015968229143126567,0.015894571143661274,0.015975440851559386,0.01592585102957711,0.016101190749503835
0.016148663821904108,0.016069446674500998,0.0159548986554352,0.016056388123083576,0.015956123527612887,0.016055859388751703,0.01595345098855777,0.016053692932232466,0.015961739167050792,0.016241238000785307,0.01232457407094606,0.012247573626512354,0.012199685455130727,0.012229193468838995,0.012217498256663406,0.012234369070062256,0.012210776556311476,0.012250039319156025,0.012239415443589918,0.012344439830444587,0.012347602927079815,0.012248663487585465,0.012236514637952223,0.012238190662520132,0.01223061549404858,0.01224766185358489,0.012250906349511204,0.012257947969048,0.012246516089128745,0.012370726278271571,0.012353297525459994,0.01223025887528506,0.012228362962231343,0.012268016987040498,0.012259969078813215,0.012243153558558761,0.012238506807602523,0.012231735536199162,0.012231268271401197,0.012331229608679883,0.012323232049715749,0.012229974787650144,0.012208360917697114,0.012234268394779813,0.012207015029551682,0.012226409845068287,0.012213469581935976,0.012229351048803072,0.012223886608040357,0.012341671892221129,0.016132120868150135,0.01605411582808497,0.01593657198268933,0.016042381013465057,0.015947758353774877,0.016047024903521223,0.015935282325555966,0.016043791431526233,0.01596216091862268,0.016240347105051345
0.015936929571139957,0.01584916736034242,0.015707917015041373,0.015835325926037203,0.01570585908945954,0.0158370266274791,0.015706536934965487,0.015834494609727467,0.015716769936569508,0.016062814390387203,0.012064149422960913,0.01194856918824938,0.011935807555642386,0.011933948614084922,0.011933913012139308,0.011951643720469196,0.011938254800708648,0.011949410702945529,0.011947867040116411,0.012079114289172688,0.012075553716837162,0.011956248419767557,0.011943046135683366,0.01193713012609915,0.011949773086481985,0.011977848398829594,0.011954081417589302,0.011953253880649495,0.011949947772542435,0.012097817939069444,0.012079158782620947,0.011952041517519274,0.011943835010517379,0.011959242148359028,0.011957010006335644,0.011934455989621229,0.011942483599987674,0.011945511459511782,0.011952159804865081,0.012062508816463147,0.012068052837812926,0.011940432376451648,0.011946053057542372,0.011943002802884073,0.011944167413994122,0.01194127860998867,0.011948598325816073,0.011945216090849031,0.011944744892554038,0.012068692046723062,0.0159302170980819,0.01584380398916646,0.01569539433314926,0.015825138068721045,0.015698746598849844,0.01583140035467817,0.015698928695723036,0.015824007714856814,0.015708751200170346,0.016064875377600096
0.015589841755938305,0.015510002205863183,0.015359892481515591,0.015503410758547387,0.015365944106804308,0.01550639926149372,0.015362349224113392,0.015504596140173355,0.01537288767251227,0.01573265405594937,0.011764408394013826,0.011645728332527472,0.011661945880479196,0.011647367570982947,0.01165517840077801,0.011668200736880407,0.011658608039747387,0.011657641120707163,0.011658673687584997,0.011773248191247199,0.011768062667108115,0.011655446690771454,0.011654357348591382,0.0116416507043412,0.011664762009192586,0.01168627674320416,0.011663943194858972,0.011661029093649466,0.011649158379088309,0.011780504552695414,0.011779650901455052,0.011664978266640036,0.011655599421470653,0.011652727188413314,0.011654410039439456,0.01164262722431103,0.011659849285744206,0.01165067650702184,0.011662086327104026,0.01176995080859522,0.011778796422331372,0.011651947820297992,0.011669006592141484,0.011646230266972146,0.011667003194710757,0.011653218246449826,0.01168052608476633,0.011659228215268491,0.01165805741524556,0.011765183391091949,0.015599042679679265,0.015516903958396833,0.015366787413943539,0.015506543917439386,0.01536071501719033,0.015508672931359269,0.015370684813886593,0.015503329606861571,0.015369132871894342,0.015737458879465926
0.015350496985181483,0.015295485173904944,0.015160141199523525,0.015295861447320369,0.0151765936789382,0.01530070784614318,0.015166444148455915,0.01529459291827795,0.015173664929970465,0.015482542231876284,0.011663339941155482,0.011572567637082753,0.011601844352230217,0.011594174202744612,0.011603564791128784,0.011592309592122596,0.01159250512652893,0.011596932604629073,0.011591997521884945,0.011665106414897874,0.011664842002249376,0.01158552327597634,0.01159471933175893,0.011582155677968942,0.011598455003186514,0.011597492218711924,0.01160468243879903,0.011603720557010644,0.011593417762976954,0.011676512531029526,0.011679817444572249,0.011594937372951586,0.011588381490573063,0.011599404466016316,0.011607509380810566,0.011599023932492292,0.01160955448515183,0.011586171364234954,0.011599283907812674,0.011673204573085572,0.011683276570984613,0.011593605265016516,0.011598577879518512,0.01157789292424527,0.011600620125778616,0.011586356905693596,0.011611960970229429,0.011589310376857065,0.011592783569075116,0.011663146013563885,0.015361580589855983,0.015302188125290883,0.015183310455676835,0.015311151598601525,0.015169280831478504,0.015307855642112789,0.015175616086749943,0.015302264178797986,0.015171682887271387,0.015481435866938176
0.015407194986636175,0.015392497315665055,0.015292317830717161,0.015392970988025556,0.015304111882763094,0.015399505069882247,0.015299235330385075,0.015389162008300095,0.015298438879746412,0.015509328561209734,0.011895955863245322,0.011853884984158514,0.01187880088002502,0.011882061589365223,0.011878536341320078,0.011861182551636151,0.011871053010148458,0.011874238945108695,0.01185834794127022,0.011896158354568975,0.011900154282881825,0.011868064064025352,0.011882786576636273,0.011868424068544103,0.01188464118437127,0.011867932353298083,0.011878481727936097,0.011878204138008497,0.011890039066016822,0.01191677603130692,0.011910049610169948,0.011878106036383396,0.011878592316767689,0.011895511881111043,0.011908808395996895,0.011893066818598752,0.011890441396458729,0.011889197011532016,0.011894194638986999,0.011906888284740236,0.011905737794662863,0.01187401430617907,0.011867713578753825,0.01186360550280402,0.011882089636298221,0.011877238928685585,0.011878429299067406,0.011879140402242472,0.011863466738807671,0.011898990618456284,0.015409517702004716,0.015392230982251898,0.015315337137393636,0.015410635877490475,0.01529718625897003,0.015405783306301435,0.015298309530085041,0.015396859709456534,0.015288831796936908,0.015499768145211257
0.015831964954318045,0.01585730792479173,0.015797503719086448,0.015854875515501854,0.01579602903431937,0.01586035828742799,0.015802872332251527,0.01585457536863799,0.015793245873869932,0.01590163112677989,0.012439246136467907,0.012450563014511029,0.012452137497805382,0.012468625380999576,0.012443087365208216,0.012458010416949827,0.012459264027307071,0.01245752423777774,0.012433109269386233,0.012447506306903555,0.012451798040786888,0.012455691332939278,0.012479447015651457,0.012458654842209371,0.012485708119732708,0.012468613125370398,0.012453528442155637,0.012454915826346336,0.01247713985920551,0.012463751809858648,0.012461156603547963,0.01247562320726986,0.0124866098986266,0.01247969903364693,0.012487582529156827,0.012477440858021549,0.012467050540719449,0.012500746227774695,0.012491657147982671,0.012461586751052967,0.012434153920743762,0.012453427737773193,0.012443603062890551,0.012460227528443613,0.012469504108533147,0.012484948100756121,0.012463215957881468,0.01249364923074453,0.012432670551590641,0.012455901816528503,0.01583466690495694,0.015857966555599345,0.015810468043249926,0.015868226599993984,0.01579449060246685,0.015864158952412888,0.01580048279655999,0.01585856623526255,0.01578340087114649,0.01589296416415864
0.016576047055396226,0.016618580764753865,0.01658652711931824,0.016616772323522155,0.016580781742597694,0.016617752963356824,0.01659146864335842,0.016623222116869008,0.016576281697150974,0.016620572214280593,0.01314142326566109,0.013182779156783786,0.013147568426271794,0.013186665189278024,0.01314703720262489,0.013192321146867747,0.013171801194291122,0.013187502097806503,0.013160384339295783,0.013162194724023135,0.013166545180110956,0.013173470372731366,0.013203664549819416,0.013182962632383166,0.013205691778284123,0.013193489280592607,0.01317696811788055,0.013187465875440507,0.01318974396096989,0.013170895336146682,0.01318381411079761,0.013195462174409978,0.013211353138857018,0.013197368883284988,0.013190375254741427,0.013199039036167426,0.013184793280204221,0.013215866524903475,0.013199664592105531,0.013180849746770584,0.013132189185311838,0.013168987027725343,0.013145408190513685,0.013184450871445375,0.013171389493828844,0.013209973267860498,0.013179020132813524,0.013223803550547697,0.013139300809984877,0.013176376166521953,0.016588213284975062,0.016626895049619173,0.01659307553559214,0.016627239575337238,0.01658204476167363,0.016620536228792393,0.01659654172077968,0.01662783191382039,0.016583893076539402,0.01662178469050407
0.017493540278509856,0.017523016440947836,0.017495364409332748,0.017522939931160275,0.01749305941301188,0.017519958737972463,0.01750046257166399,0.017530706258782225,0.01748441713988369,0.01752709025994742,0.013792758781207615,0.013816286489690743,0.013750635259815125,0.013809145370069498,0.013769992879153925,0.013812004867197525,0.013778474727227041,0.013826205360459476,0.013800957833856986,0.013821667515955538,0.013829686064003532,0.013802024369098276,0.013822663989710049,0.013812361136314066,0.01381153029145804,0.013805483292234966,0.01381673069826822,0.013835836561012893,0.013818253560439142,0.013839694420922921,0.013848817744789244,0.013806128729267453,0.013819139013007187,0.01383970296228626,0.013822792669860806,0.013833190879387114,0.013813288492474984,0.013816916488052056,0.013803408249655424,0.013832403588828646,0.013786429266308797,0.01379606605678324,0.013750243636758086,0.013806813692389674,0.0137682527300928,0.013816873884565428,0.013781996696253296,0.013825070941105355,0.013762619984889979,0.013834415905784103,0.01750328569510401,0.01752983215419346,0.017497743499595153,0.017532001543526743,0.01749409024550036,0.01752116753728944,0.017501760724497106,0.01753827550689302,0.017508438478363697,0.017533708920206614
0.01838103678111591,0.018379934191880276,0.018328157486632746,0.018374665312422156,0.018322268975493272,0.018371635240313544,0.018330666534071616,0.018377244349043642,0.01832020253180433,0.018427722919227174,0.014204901954762816,0.014168210946074067,0.01409555328402956,0.014149231779038984,0.014116368387969591,0.014148104035735243,0.014115733521332663,0.014172864996602808,0.01415227957352827,0.014234762830886205,0.01424465632274341,0.014160734047251489,0.014160191613342421,0.014157708228987098,0.014148381049765346,0.014156075814290958,0.014169015945644181,0.014183607461613179,0.014171816351035538,0.01426883810513585,0.014253415542609449,0.014147450618814172,0.014152801114603653,0.01420043272018029,0.014187814628260631,0.01417332942609395,0.01415378383263366,0.0141567255756056,0.014145474279010917,0.01422555858214164,0.01419527850070601,0.014144797873558268,0.014096033625630167,0.014153176931345324,0.014107723931765681,0.01414820232567987,0.014112178652143703,0.01415103413858465,0.014117194002457867,0.014237844456959914,0.018371103392441968,0.018371851109621196,0.018319079094650803,0.018376225269448876,0.01832476614981743,0.018367520382251534,0.018312487087689455,0.018380594556128282,0.018338811563527235,0.018429702210280896
0.019041496970042537,0.019005333377181743,0.018903207381523124,0.018988514495756004,0.018885512179923125,0.018987824524551555,0.018901371676067313,0.018987958338140654,0.018902597707680324,0.019130069731838784,0.014286918073407373,0.014181782107790364,0.014123802697229071,0.01415480416435655,0.01412481337427568,0.014169801007752336,0.014137337977214948,0.0141764284480696,0.014161452745833136,0.014316054986275417,0.01432043047230086,0.014181596202421376,0.014169433378720508,0.014163308943227426,0.014173266534118933,0.014198838007120573,0.014177398165985067,0.014179475387863016,0.014176025712445472,0.014347872035162579,0.014323636136803208,0.014173881786141262,0.014172053175224297,0.014197825740609682,0.014192722786697032,0.014158346421353663,0.01415847370884249,0.014180153069814072,0.01416801559142672,0.014296186391000554,0.014274901515174854,0.014156986581518649,0.014131745817174746,0.014167552194154609,0.014137534413038111,0.014163360668816904,0.014141336101778534,0.014172830806563674,0.014139643641978727,0.014310287898243623,0.019019482492544926,0.018986366204147676,0.018877462635604636,0.018976333826002167,0.018891720627507214,0.018977372217165334,0.018870388683798534,0.01897867136947906,0.018903803214563253,0.019128173080464606
0.019360151750441756,0.01928590966466709,0.019121412509471303,0.019261959546847562,0.019099957755092434,0.01926228945194597,0.019117496844751003,0.01926479041535495,0.019130464515148826,0.019507001445884686,0.014095609186347668,0.013947815768385496,0.013909983931696457,0.013926597812466579,0.013899269829481642,0.013957080371951147,0.0139185993189328,0.01394624991142146,0.013935365194398863,0.014125561579645007,0.014122221173214378,0.013950475318762756,0.013941585016953362,0.013931661025385456,0.013958517502310086,0.013986464048443226,0.013955157776612104,0.013949575692701444,0.013933571874380157,0.0141408969179318,0.014135523546382867,0.013959667136540121,0.013949330897021106,0.013944111699879858,0.013942588171137582,0.013914322854350958,0.013941627766514642,0.013950017819098992,0.013945269637401891,0.014115760577693481,0.014097772085734317,0.013934298182786686,0.013927412741564393,0.013936249382429988,0.013924521900255837,0.013938118955967083,0.013943749470715305,0.013955705038083854,0.013920898205830201,0.014118875232923878,0.019351342915842062,0.019274194158363178,0.01909006922514983,0.019241902996851468,0.019106927701156518,0.019250917391612443,0.01909805768252082,0.019246720629858216,0.01912897904350913,0.019511068858198866
0.01934964013432766,0.019236388451279396,0.019020702564124747,0.01921694901085036,0.019012749204986856,0.019216722647973083,0.01901887893599119,0.019223593600851407,0.01903744280494496,0.019546936230317835,0.013816079881511956,0.013662589086644472,0.013641792268167863,0.013659826601440828,0.013641348067212233,0.013677077135942906,0.013640992413851416,0.013678131591012999,0.013663188501341572,0.01384431224785937,0.013840074765711807,0.01367042878589747,0.01366550717658288,0.013660094502619458,0.013680816410396368,0.013693559054988813,0.013699561885729739,0.013689315498890853,0.013662207132330018,0.013855474343613061,0.013863692298301256,0.01368350324421308,0.013663278410957436,0.013667882238316331,0.013674636553524189,0.013656628363925005,0.013691897272631759,0.01365983561254841,0.013670339206429072,0.01384870273676947,0.013840147210070763,0.013672926872661195,0.013657144684493305,0.013654051212039608,0.013652160851571948,0.013654439585820355,0.013676464055388193,0.013670514293187108,0.013656392368069536,0.013840658707224784,0.019361965016593874,0.0192406159442009,0.019004129433871697,0.019203751701902305,0.019013753342548456,0.019211383177559327,0.01902110990790734,0.019209984742597275,0.01904769249636551,0.019559474594771087
0.01913582978983891,0.01899870023335809,0.01876161991193459,0.018989781124028327,0.018771584392268947,0.018990511908649366,0.01876329308039465,0.01899343571883355,0.018781008750120787,0.019357851836411588,0.01366783577755526,0.013540751836636944,0.013537793371283635,0.01355706688310604,0.013549305044839755,0.013547858650577227,0.013527136360636793,0.013565777568197379,0.01353892687436864,0.013689882458916725,0.013690354289582984,0.01355746756895293,0.013554776573531269,0.013551648208069478,0.013564736016268508,0.013561123910779682,0.013594241463131984,0.013577438292485089,0.013569116866232744,0.013712018716727503,0.013709888668171077,0.013568019879901083,0.013545966320195002,0.013571952194558978,0.013592926899192947,0.013569694320224701,0.013590787885747746,0.013550784846773745,0.01356922652512943,0.013696895020328836,0.013695849756715395,0.013569352862759176,0.013538567430883497,0.013538189395818578,0.01354518384563902,0.013540019942662296,0.013551557418735594,0.013549562049825548,0.013548571942710197,0.013686703809203615,0.019150398916834233,0.019008133950743744,0.018768571694141034,0.018992040721366954,0.0187659914488722,0.018992607365843628,0.018772441529383177,0.018991496674006292,0.01879199206869131,0.019367242867649515
0.018901327996363515,0.01877442737955698,0.018548819439132835,0.01877169811066548,0.01856454236588312,0.01877640136174813,0.018553215279056123,0.018768018761032734,0.018567078073846055,0.019120061898578677,0.013801814572530824,0.0137289722398648,0.01374086686484044,0.013754223513422037,0.013744989902161331,0.013741608458951837,0.013732033899943319,0.013747655091239541,0.013709863203650585,0.013819471903436353,0.013822519187465132,0.013749276835051727,0.013758734397516681,0.013743922010817922,0.013768794935940243,0.013759502674958513,0.013767264127371392,0.013750397893534438,0.013772310036553048,0.013844744160073919,0.013834502283379846,0.013769743273021884,0.01376059560866516,0.013770170353096856,0.013795522705109642,0.013768386767729068,0.01377057382925384,0.013770959325573207,0.013782997561747556,0.013828411078924907,0.013811409426212617,0.013756102827068573,0.013727960087382696,0.013735274697485145,0.013751141009852585,0.013752906878318982,0.013740583831371944,0.01376005292588478,0.013729754274373784,0.013819144817816709,0.0189023881388255,0.018775658253721572,0.01857002096990712,0.01878498974565812,0.018558962776769716,0.018781470505620734,0.018551876759643815,0.018772687933189647,0.018559103143284683,0.01911544575324703
0.018825693664032916,0.018741598115413927,0.01855239788793206,0.018738989214841573,0.01856348195392349,0.01874749293155198,0.01855821124041951,0.018732769731073518,0.01856685657170598,0.019018408693842526,0.014252854297946094,0.014251051363113498,0.014257182682277547,0.014273691569365032,0.014248203901636614,0.014275947815519108,0.014262926907104234,0.014262390111952183,0.01422216153039968,0.014273738845150208,0.01427632245226429,0.014263795296683535,0.014292306834260748,0.01426295597865962,0.014300932651397869,0.014288090248168683,0.014260492767023403,0.014262582295634763,0.014287381919064313,0.014286691203963031,0.014293210655795974,0.014293669551575239,0.014304591072478057,0.014280299504252914,0.01429506551361942,0.014288696285338076,0.01427193730998133,0.014306718481243264,0.0143107417714336,0.014295955275448968,0.014244621126013823,0.01426030004484552,0.014243246413103094,0.014261570900030274,0.01427341430846818,0.014296117931753116,0.014266233631384628,0.014302512880174756,0.014226380680248285,0.014284133909716612,0.01882094199710227,0.01873724991191289,0.018573968834981747,0.018754706614603045,0.01856151951848045,0.018751967857348673,0.018552077026972147,0.018736559133609554,0.01854449944211245,0.01900592685351027
0.019040049507416834,0.01900802068198254,0.018870166706092595,0.019006570810715218,0.018880411922532425,0.019014679212295993,0.018877917856597037,0.019005552986100405,0.018875705451307845,0.019189574392197817,0.014947048283446007,0.014997215074727344,0.014973797626946617,0.01501181855691891,0.01497239629362046,0.015013559463959603,0.014994921978160713,0.015013922116094425,0.014976453931881295,0.014974958969959429,0.01498066648737606,0.014997898070135685,0.015034632148105076,0.015004884338780777,0.015029766306330239,0.01501162083050167,0.014994554357545653,0.015020978747797675,0.015025236139241283,0.01498251597813327,0.015006146946515198,0.015013646711522055,0.015036779268066347,0.015022231030433597,0.015022703630801826,0.015042577431446214,0.015005139201300088,0.015031445355902617,0.015035642551430306,0.015006259058861326,0.014937532872507597,0.014989958678796933,0.014965790476605845,0.015001846583153788,0.01499208935833668,0.015034714227677937,0.014995743067859724,0.01503614915354784,0.01495222974049848,0.014994884683577736,0.01904661731816598,0.019011239772162458,0.018886876352816995,0.019022216348919985,0.018876945150995028,0.019019560592252682,0.018882723317638184,0.01900946720065,0.01886590699395485,0.019184706396427997
0.019595714161732503,0.01960332264942599,0.01952023628947841,0.019607322464029353,0.019534506321346845,0.01961244609392432,0.019531850553956953,0.019612366214000254,0.019511813102566722,0.01969461696699526,0.0157272312344357,0.01577176976190764,0.015718208735104378,0.015774724856768063,0.01573796932802507,0.015759043350233926,0.01574496974946593,0.015791869898823307,0.015759788749111214,0.015757267743180037,0.01576921628625927,0.015766252422516558,0.015793021036752397,0.015772813157418186,0.015771520508489734,0.015754260820401766,0.01577128641553449,0.01580428557782454,0.015802057575856898,0.015780298318861297,0.01578879432237379,0.01575388176600273,0.015777936838789253,0.015808782523005604,0.0158036329511122,0.01581876945685473,0.015768959054074827,0.015779797989254107,0.01578491922005354,0.015773064281117355,0.015721075021779385,0.015753101708859463,0.015712746746628037,0.015765815242867465,0.015733645669462004,0.0157820794313438,0.015735907703652796,0.015777661435544488,0.015723106056700242,0.015773465966432587,0.01961202056588157,0.01961655593046452,0.019534830531085068,0.0196249470576092,0.01952324306777964,0.019618101073327565,0.019542851016796703,0.019622122696242694,0.019527102912493766,0.019701669674269173
0.020447373357995624,0.02047875123765408,0.02043360319449722,0.020485824079601034,0.020443514769430404,0.02048874747741536,0.020447501929716505,0.020490556562509588,0.02041400377838326,0.020507758149476196,0.01639692491087008,0.01637547415784718,0.016312910873174935,0.016362059495667325,0.01633582673561046,0.01634716032646666,0.016338031102436035,0.016382365381790887,0.016360075171901245,0.01642224273717907,0.016434912835109672,0.016369803950500528,0.01638127640008369,0.016363893931507723,0.016360207344835564,0.016358241577723864,0.016369449193763153,0.016389648870140494,0.01640152277556889,0.016461372363172244,0.01643918733289651,0.016349124199605214,0.01637104163214048,0.016415876783334726,0.016406393462058355,0.0163921994875465,0.016353417853768593,0.01637917633461683,0.016377827153019553,0.01640792207102265,0.0163830260874418,0.0163456349596362,0.016309628401531717,0.016363554522546342,0.016325968589267825,0.016367953867086782,0.016321978958852124,0.016365174784802317,0.016327649167130143,0.01642379164788027,0.02045355248080649,0.02048764915909085,0.020445901583963033,0.020502812593105657,0.020428773251944365,0.020491590005862148,0.02044262291406962,0.020504859334398107,0.020436109493126353,0.020515492161654436
0.021463632785692133,0.021507026571253363,0.021459696652302074,0.021506388121964815,0.021452273859921878,0.02150867808569562,0.02146968353832629,0.021506573868975365,0.021442392349767414,0.021518880334489954,0.016794415094114556,0.01668319244268235,0.01662745771647106,0.01665389558452296,0.01662861381460201,0.016671450231209528,0.016650477116932294,0.016673974775307687,0.016665513252216435,0.016816143250561744,0.01682056187490527,0.016676558294692778,0.016681051293129134,0.016658357035937488,0.016679840733808293,0.016698539024941894,0.016667212256702424,0.016676571963969322,0.01668495078240745,0.016848867505618592,0.01682168266700529,0.01667553866145921,0.016692394611008632,0.016701517358428675,0.01668736821656247,0.01665463499879316,0.01664865220722278,0.016690373881757148,0.016679564271199876,0.016787067230932262,0.016771976252803356,0.016647179088187136,0.016634204085765603,0.016671274958190263,0.016641426505091483,0.016671198759708405,0.0166449311704302,0.01668001521377499,0.01663195464427436,0.016807656462337228,0.021449379267744206,0.021498218378258382,0.02146071277594519,0.021514470832094734,0.021445068929305144,0.021504028325612656,0.02144014533848171,0.021514910112842567,0.02144598438740447,0.02151512699436242
0.022468966902366605,0.02250559242104755,0.022409392186264754,0.022488646717407523,0.022385267171352752,0.022489516911785246,0.022410207770422963,0.022488187495382395,0.02240576186993032,0.0225595708351789,0.016870309440455977,0.016686586838703887,0.016633056712610728,0.01665150292304929,0.016618777282669694,0.016696721613753573,0.0166516739236931,0.016679655229297152,0.016679873702517778,0.016897160742137707,0.016892839428708728,0.016678441618106554,0.01667921290536878,0.016658314945284358,0.01669606299011067,0.016724242483114715,0.016681671166412004,0.01668934075749534,0.0166636885618327,0.016912196919723566,0.01690906574068962,0.016696272582633065,0.01669660322895916,0.016681782159938097,0.016670372313793647,0.016641387647319428,0.016668766883283392,0.01668141894360875,0.016671327376335532,0.01687962183830044,0.01686026701638843,0.016660643683260035,0.016654624184585687,0.01667417572255142,0.016648027204333615,0.01666563746722194,0.01667134725603081,0.016686793186681592,0.016639467441664668,0.016890654766999302,0.022449018054721825,0.02248481807278435,0.02238911107888747,0.022481237774915785,0.022390032948097327,0.022477808508816643,0.022374784700499806,0.022482027635033874,0.02239513660038306,0.022549218123192438
0.023301046740311915,0.02329750120934565,0.023123444789516556,0.023267616207712005,0.023097898528071203,0.02326482351570569,0.023118168023913144,0.023273167469843703,0.02313196265371059,0.02345528034137745,0.01671098582575392,0.016488654262856395,0.016429985735788244,0.01646258589883065,0.016429163396293245,0.01649770900254638,0.016437322706803315,0.016497062825779563,0.016491284058337885,0.01674930295341459,0.016743687070790214,0.016486029759005205,0.016477205139541984,0.016470061335854436,0.016495485504672502,0.016517749343659238,0.01651812836487926,0.016519180482097384,0.016470763898000007,0.0167623089499766,0.01677416614363525,0.01649974698995882,0.016475329337595435,0.016491424307420954,0.01649264562340763,0.016468330348576754,0.016508639887832688,0.0164684042370839,0.016471701956320084,0.016747764765710604,0.016730397471339087,0.016487696385369954,0.01645615986054405,0.016475838271402532,0.016444135621283495,0.016454964687677265,0.016476823144258856,0.01647794174105377,0.016462071893887487,0.01674676307634715,0.023296749679211137,0.02328368534894576,0.023083808713550924,0.02324768287361323,0.023106751394726066,0.023252269396301983,0.023099790711050394,0.023256224584061125,0.023135012589034276,0.02345518667726132
0.023857769914407467,0.023781020087806415,0.023527733522275718,0.02375025297934591,0.023513351438563423,0.023743801410618603,0.023523800100644532,0.02376165293307786,0.02354078795482123,0.024083580184998676,0.016488374944770512,0.016263398177742083,0.016210166324427344,0.016256895557009654,0.016229433091701884,0.016261320404432733,0.01620319025734468,0.016280280243236633,0.016251493334314526,0.016535123994739886,0.016534900977036526,0.016274721064164333,0.016257681597974527,0.01626019906024312,0.01627058481751703,0.016282620458450747,0.01631980211893508,0.01630369597245651,0.016276093031537986,0.016563050475476626,0.016562463082017753,0.016280290539981868,0.01623926319446939,0.01629408091408563,0.016310040255838043,0.016278733722769,0.016310072082678873,0.016258780499780023,0.016271954087651863,0.016536022870329403,0.016524854477623474,0.016285702913542477,0.01622135900012267,0.01625480599332263,0.016223177158503466,0.016239087551982168,0.016243269494370216,0.0162535665261494,0.016255692697529467,0.016530164562618688,0.023870697422020026,0.023783928141362598,0.023488278768947102,0.023731045180115762,0.02351866826412352,0.023736860458616726,0.02352302920374766,0.023745992871165078,0.02356913970141633,0.024100959912166653
0.02411904208365917,0.02396180006958254,0.023645173488578308,0.023938725405313666,0.023641355469626146,0.023932390551234306,0.023646311421644695,0.02394785291195417,0.023662557729902556,0.024408969998069907,0.016380520188521097,0.016196035022587763,0.01616392231716729,0.01621036380383406,0.016176987648812757,0.016203899460530524,0.01615087479886107,0.01621079910674955,0.016151847746506853,0.016432026964851743,0.016434032903764273,0.01622002648825177,0.016211962949483072,0.01620640425616149,0.01622617455530767,0.016233424403285845,0.016249835370734766,0.016221296282754205,0.01623112122240894,0.016464748468579038,0.01645256605212103,0.01624085917908491,0.016200679897872827,0.016238126859235313,0.01626151442186541,0.016230798022447146,0.01624488780750455,0.016234844428909767,0.016242941555077106,0.016431700149244555,0.016405261245032665,0.016229469091650517,0.016153720302487184,0.016197253470619233,0.016176105553927678,0.01621133374756789,0.016178650838913733,0.016216903555526796,0.016179172367313976,0.01642383655519042,0.02413112936957701,0.02397141488391652,0.023629267062531767,0.023932564349067598,0.023645034536220244,0.023931914720347447,0.023645248426668375,0.023940949311976656,0.02369372209198045,0.024431190830235094
0.024143912968876413,0.023931953141887508,0.02357339585214263,0.02391537545200445,0.023573546431673198,0.02391370584876712,0.023576294133068776,0.023915103630869183,0.023601957948204466,0.024481316743303394,0.016516373861421074,0.016419709547182915,0.0164014547926723,0.01644746219636678,0.016387966588972014,0.016452333849473477,0.016394513539522704,0.0164349163745372,0.01635348662138275,0.016575601847038657,0.016576183243264653,0.01644485375270155,0.01646188931431014,0.01643912483363036,0.01647958745347916,0.016479649824468756,0.016456356976288056,0.016435959719866,0.01645412112354283,0.016594026732150935,0.016597995180896663,0.016492978854856788,0.01646566058121951,0.0164522124028319,0.016470717938771584,0.016463428753827836,0.016464608179296403,0.016489032356070743,0.016484964921075984,0.016588027666046445,0.016518715396218075,0.016456052463030058,0.01638476707874892,0.016431155380994766,0.016411391601570458,0.016473148151684214,0.016410490793057342,0.01647493201343614,0.01636686253238151,0.01657477096611637,0.024142121044725406,0.023932289621726277,0.023587030011528398,0.023923558701423153,0.023581331314667997,0.02391566351430524,0.023565075884842968,0.023913478095991703,0.023606081471693297,0.024489896862991523
0.02405070664204023,0.023824241127421042,0.023450815775399758,0.023809314984204133,0.02345479317177207,0.02381353730396668,0.023451658958261568,0.023801577185117273,0.023490115923433863,0.024409913207856182,0.01695375494832696,0.01696416690135677,0.016932740520982315,0.01699641231695198,0.01690875925926172,0.017000549359774686,0.016939584669982244,0.01699277294996676,0.016901161487250294,0.017026976886781175,0.01702838802407114,0.016981921331830352,0.017020250992371477,0.01698876660711396,0.017028474941056082,0.017011979131489052,0.01699422718118465,0.016996298954711497,0.016999202055601292,0.01703329301623374,0.017061948102501945,0.017033974169068544,0.017021657687647296,0.01700106178341748,0.017005676278070647,0.017026573194849515,0.017013358386901933,0.01703038640918031,0.017024585433773443,0.01705872036638023,0.016948325307998557,0.017001530816306898,0.01692534794040118,0.016985037955909055,0.016941006958535287,0.01702336376704272,0.016944476763709693,0.01702222895348765,0.016882253019573412,0.01703955575582794,0.024042757959401473,0.023813687064394518,0.0234790252910404,0.023824462557026194,0.0234655753569038,0.023814986187659037,0.023440846538225868,0.02379811956194694,0.023467875096198076,0.024401518608513473
0.023986539860366363,0.02377735690470345,0.02342638826454141,0.023765151379934013,0.023440380112515258,0.02377252716895839,0.023427395344464752,0.023758455444102378,0.023460375007962053,0.024333230437628695,0.017666046759288345,0.017749158074034987,0.017687071950222177,0.01777528210136181,0.017684431601078576,0.01775564338028557,0.017707067286330425,0.017787940444910055,0.017697535103307793,0.017748271100685886,0.017756382401234116,0.017759037733434346,0.017799738642520824,0.017771021353792493,0.017786053449178052,0.017756240270334844,0.017779420303034255,0.017794509436088568,0.017800905008105772,0.01776428435465005,0.01778955673682986,0.017783728813024646,0.017785757897287202,0.017815428837292924,0.01780500998407275,0.01782990099310866,0.017794064582519753,0.017799473092714235,0.017802002667358152,0.017781781155825738,0.017665393017945175,0.01777799962469473,0.01768608160228502,0.017776400434826534,0.017699301001144585,0.017787750646625966,0.017697318503531345,0.01778417673545768,0.017667905027195563,0.01776580518794313,0.023988848653869133,0.023770393672711554,0.02345054545241343,0.02378172513920168,0.02344364014517686,0.023775077129636113,0.023432051234013374,0.023753195459875365,0.02344113173205703,0.024322307031516832
0.024091559442806554,0.02391887543610055,0.023628976622246556,0.023916751228232946,0.02365335832745208,0.023923896479636386,0.02363560937412229,0.02391645711402779,0.02363895302546498,0.02439239853665004,0.018536136709795703,0.018616157862862026,0.01853607373476629,0.01862704797800946,0.018560260657989602,0.018595290305488843,0.01856438484120021,0.018641825908400356,0.01856597518391595,0.01860821268255869,0.018623765612839904,0.018620967102785158,0.01865098536959081,0.01862439508831326,0.018623567768527693,0.01860286513809606,0.018630418281543326,0.018642605401541446,0.01867856841157234,0.018643384619385195,0.018638148923118047,0.01861733184331832,0.018636838979785242,0.018700467600562487,0.018678814737336347,0.018684898191893673,0.018628383888234568,0.018664444433232952,0.01866684628349169,0.01862002086029879,0.018530945105789398,0.01861901347306305,0.018528715668347295,0.018641435314264987,0.018557875155468417,0.018638564977395133,0.018540956680964227,0.018636655702712113,0.018550979601762774,0.018618190505502175,0.024106945604895014,0.023927764721060396,0.023645547345316487,0.023936411938672353,0.02364238320868023,0.02393064383788035,0.023653838497290747,0.02391721351593945,0.023643844550784054,0.024393121060935885
0.024465764308867488,0.024347236499001,0.024136013152377234,0.02435920209796688,0.02416018382810531,0.024365336946698735,0.024149907352625233,0.024362204187123315,0.024120467365259746,0.024703960465843777,0.019384129720124765,0.019388218632620968,0.019315843556465595,0.01937812457409749,0.019339159688767982,0.019374510161955294,0.019348512176408095,0.01938718398976369,0.019339808040133577,0.019429996814516792,0.019446714167723977,0.019386359137766818,0.0194100594265581,0.019375937374480345,0.019390105251272716,0.019396148240195643,0.019370956521416738,0.019380607711998177,0.01942812904613056,0.01946646894056614,0.019444758651261385,0.019381698284471616,0.019416496675747352,0.019445831032134486,0.0194198761035852,0.019411949638865,0.019354924461569167,0.01943808527176949,0.019427167900908593,0.01941868153966453,0.01935990789883768,0.019359660853292104,0.019305304625592046,0.019403168795607828,0.019344363287271626,0.019408919309033545,0.019324427119172483,0.019415272872562228,0.019329077561701213,0.01943106933785793,0.024479485276869495,0.024366094553858075,0.024157815407436833,0.024385499625176055,0.02414136634231251,0.024375405683859486,0.024162900918838826,0.024374606970102353,0.024138423523434593,0.024713664126283064
0.025146591497784143,0.025101802226836,0.024951877444261306,0.025120523058347666,0.024962908084705304,0.02512702413568285,0.02496741187185858,0.025120260125671534,0.024928702558623395,0.025330302523281556,0.020037608855657862,0.01992971777294761,0.019871397863917617,0.019897683430476543,0.019871269910600897,0.01993924681359721,0.019904562972975937,0.019915438610239977,0.01990356453354014,0.0200595636212052,0.020070810242934334,0.019918258971262426,0.019941161783920802,0.01989863204328851,0.01993715107270294,0.019963896135500758,0.01989640772048329,0.019914420721691195,0.019927297367695107,0.020078006511884405,0.02007687886897741,0.01993157692635683,0.019963270730557592,0.019938784879004412,0.019913357756836003,0.019909868786558926,0.019878255603267392,0.019955996862977443,0.019938953729025155,0.02004517975054576,0.020002150745667413,0.019887739244363323,0.019876893728502487,0.019929756304709445,0.019896428782193498,0.01993930162712354,0.019894901173681756,0.01995673615361193,0.01986634954581662,0.020060936168185828,0.02514433573715741,0.02511207091796691,0.024986063840028494,0.02514977681824543,0.024948945197194428,0.025134574330940185,0.02496020944722005,0.02513934678757801,0.02493259046934171,0.025333726114369792
0.026102046776815935,0.026137615584839402,0.026005865417621066,0.026147971916055224,0.02600097408367824,0.026155180651392607,0.026015668972412753,0.0261433902628444,0.025992543787295153,0.02625853487586749,0.020404692104158684,0.020183218478991127,0.020123450646198138,0.020136113049702586,0.0201115679490666,0.020192389191168003,0.020148040598189476,0.02017530371292814,0.020193534810650726,0.020418818920390547,0.02042481891277026,0.020165596852598666,0.02017960357577303,0.020142324233980102,0.020182000463625727,0.020208390009381183,0.020168931016825764,0.02019400729927673,0.02015865115455956,0.020425836257476626,0.020454142504336748,0.020186462330793686,0.020191131983110844,0.020172077644851405,0.02015127868948202,0.020152332919207927,0.020154262252519872,0.02016470535717302,0.020162508334357676,0.020414530020392285,0.020385274636844697,0.0201542561899547,0.02015385690351995,0.020171299878306626,0.02013861986269866,0.020158323682991197,0.020161260415920645,0.02018181407279912,0.02013050326351845,0.02042480079228054,0.026086842615442585,0.026128457485133316,0.026038187557087478,0.02616873822234622,0.025997756422423912,0.026154554707065347,0.025992700941763702,0.026156947995918056,0.025976745483756114,0.026247158914427304
0.02724043400235665,0.02733174676208161,0.02717423481581782,0.027322790645553152,0.02716218422747191,0.027328143509636416,0.027176419493712023,0.02732051997180618,0.027171693105083994,0.027402545000353107,0.020499662272839114,0.020181055473921128,0.02010883002599867,0.02013197784168963,0.02011484535561947,0.02016356365595412,0.020117331547018447,0.020181899116047952,0.02020821338788953,0.020519230106745945,0.020523932401202594,0.02016746665994762,0.020159861973411575,0.020140651015124467,0.02015974617417199,0.020176766467654372,0.02020180190090476,0.020215515110808824,0.020169862545888706,0.020537684130123413,0.02056447922660054,0.02017728212937714,0.02014740338667692,0.02019026116442002,0.02017896984193973,0.020164237048557687,0.020186696501983015,0.02013664103355295,0.020155477617909978,0.020515941170753338,0.02051244296720528,0.02017516403794528,0.020146597889034834,0.02016361478091,0.02011914302105322,0.020123461336201798,0.020149661166218524,0.0201450336280104,0.020161271883562037,0.020521733876325388,0.027228702519256853,0.027312012589255807,0.027178692549068684,0.02732530933840077,0.027162237583885696,0.02731945502822769,0.027154623946064382,0.02732066865917987,0.027159679380069912,0.0273862309446693
0.028434049726667854,0.02852637820158732,0.02831420847911742,0.028499275401110635,0.02830364658968726,0.02849920228701114,0.028312994883340548,0.0285065027830409,0.028311711417810415,0.028631132364595246,0.020416298801702204,0.02003458579003531,0.019961015306869112,0.01999901287749173,0.019991225110079835,0.02000392088273456,0.01995438479978401,0.02003369619043921,0.020036574389328043,0.020444766009627136,0.020450072819108156,0.020035158216983817,0.020009060194992268,0.02000396850637165,0.020012596940355676,0.02002909683649018,0.02007480387745819,0.020063265478959813,0.02004756664121038,0.020482097845020697,0.020479234150475423,0.020037540775878382,0.0199887552427242,0.02006745920832559,0.02007053478801546,0.0200301381113675,0.020056926735494363,0.020010488779380997,0.020032659712186096,0.020430264125643027,0.020448008919722538,0.020042355386176436,0.019979056021799002,0.020017578207435327,0.019975104227816398,0.019982065257769854,0.01999509197651239,0.019997742761380555,0.02003979340055434,0.020435487853833978,0.028437040999680918,0.02851487709199907,0.02828244835140803,0.028484690770257337,0.02829725590041393,0.028488180721906342,0.028302664113896425,0.028496719159377737,0.028329177565589225,0.028628616340462598
0.02955124632832795,0.029583680830164327,0.029299802475499737,0.02954793827777169,0.02929039147085105,0.029541606335146797,0.029299947177710617,0.029563927123146427,0.029295020803685845,0.02980813915297237,0.020285272933142473,0.019903897082645894,0.01984494434415618,0.01989392034714671,0.01987204642253243,0.019899056919981672,0.01983205664275156,0.019901354224191203,0.01985458643673299,0.02032714400840052,0.020330394193114887,0.019919779364119594,0.01989765351526912,0.019893008599662976,0.0199158306773341,0.01993831116370698,0.019943568017319724,0.0199165266363735,0.019923076014414676,0.02036536961410329,0.02034691580504311,0.019938851272121694,0.019891474433082756,0.019933171944414685,0.01995060675994148,0.019904208083332153,0.019930748493775408,0.019926355798943973,0.019932608203132696,0.020310166642006466,0.020310033202230238,0.019917336150819975,0.019837376365171577,0.01989212264456569,0.019862101620665096,0.01989360439820398,0.019870718543774202,0.019904521682376386,0.019890828140563588,0.020311095949891722,0.02956369601976222,0.029588911871696877,0.029253344178746477,0.029527685875951837,0.02927883003405196,0.029533966399825362,0.029295658839164906,0.029554227504985875,0.029339794287061793,0.029826974518851745
0.030487938668525838,0.0304202301760218,0.030049294375744662,0.030383221129704707,0.030036745588776614,0.030373982601741067,0.03005114377835988,0.03039884525131492,0.030057139618610562,0.030825193467464707,0.020245132884857076,0.01994909651564747,0.019896665905501987,0.019966806558408934,0.019893754958138554,0.019982842404097922,0.01988608348326748,0.019960834851105835,0.01985572266193225,0.020315207025554727,0.020315032981994385,0.019974455693976878,0.019976466070773913,0.01996454892756716,0.02000511384757203,0.02002149545994164,0.019990732248525822,0.019969973199589208,0.019964031093276602,0.020336076864363728,0.02033972108025084,0.020025297719292567,0.01998268610081594,0.019966617222990812,0.01998941070450616,0.019966214657060277,0.019994058154463368,0.020003548729941423,0.019998160847971513,0.020319480756791353,0.020253252404838995,0.019978169343523977,0.019884228657822578,0.019949111346549753,0.01990788062952442,0.019980716423688594,0.019915878861313574,0.019988434759391605,0.01987625033550655,0.020307199155745137,0.03049531855612153,0.030431525488948064,0.030020642563571343,0.030368923148495097,0.03003082228102838,0.030370342093212377,0.030039750693289347,0.03039487102259425,0.03010063060853041,0.030852929763664827
0.031188613783474095,0.031009874978714935,0.03054006154196559,0.03097113026802112,0.030526220871355203,0.030964104209973753,0.030540135251280576,0.03097708940900512,0.030577613241639046,0.03161743786914073,0.020420466369924617,0.020277158563571762,0.020200219083246762,0.020314046651402795,0.02017153031267771,0.020317024757559865,0.02019384018405268,0.020313134242867903,0.02015942962216216,0.020536453846138114,0.020536639939987167,0.020305020693339282,0.02033064365374948,0.02031591888817219,0.020351026078579637,0.020342277986111212,0.020333982566061615,0.020329038906356456,0.020304322095607452,0.020545457726432903,0.02058182051802443,0.020372544199090126,0.020328553880175126,0.02031178249833665,0.020326704543021046,0.02033286353158309,0.020353903222729897,0.02033682443399215,0.020337798954677466,0.020570435797105657,0.020423359818599607,0.020331677607319354,0.020201859270601696,0.02029367573614199,0.02020122464140084,0.02032237798476394,0.020212231200497588,0.020324500197421713,0.020142364880071817,0.02054338761350749,0.031183228329876356,0.031009220652896574,0.030541380286841557,0.030965749685889166,0.03053365795754831,0.030960627020814313,0.030517871330381863,0.030974823385819306,0.03059430860306106,0.03163343985845413
0.03165218943660175,0.031370637105251564,0.030808127672725782,0.03132651843685541,0.03080231241094561,0.03132458918847969,0.030804483613874112,0.03132168700720184,0.030873448040829587,0.03216667516330529,0.0208890299535055,0.02090728280727916,0.020782532578007218,0.020951329332076496,0.020757837512689725,0.0209152867592291,0.02078182387287658,0.020957276113949153,0.020770783096526024,0.021052607830677805,0.021058784007891296,0.020934183264670225,0.020966580505753896,0.020956536616929478,0.02096629588725507,0.02093154190559182,0.020973301840483627,0.020975581036010105,0.020967162776389547,0.021071019228887877,0.021108388692603952,0.020988966147906685,0.02094742507048175,0.020985810416637884,0.020986304817597612,0.021000823013361314,0.02099656427465374,0.020968122456950733,0.020980389263785926,0.021096473411929828,0.020897965544006247,0.020974031457318687,0.020793093331794743,0.020938118466272637,0.020783641644642137,0.02094856584433835,0.020787942119494807,0.020941922131242185,0.02074324563142327,0.02106620455019015,0.03164019433260029,0.03135224442251211,0.03082188273096448,0.031325144385353776,0.030817764823503124,0.03131837104227014,0.03078096792015611,0.031313055140938184,0.03086388807742907,0.03216203156569952
0.03192542410854826,0.03155637090847058,0.030935477943940637,0.03150933004847073,0.0309444415431247,0.03151145943271361,0.0309303839637749,0.03150096537460384,0.031003776388444648,0.032500858873968475,0.021647205831236305,0.02177254139807222,0.02160980739085655,0.021812050677728623,0.02161201725968248,0.021754180954958013,0.021620509088311812,0.02181404850265961,0.021611092803387077,0.021836131798126823,0.021849674542079922,0.021796411689094852,0.021824560373075896,0.021814848818403232,0.021811031820083315,0.021773818267619482,0.021818378525783555,0.021818347924728698,0.021856112391912486,0.021871842759504156,0.021877196955653544,0.02182721910404306,0.021805876029817928,0.021877743924970328,0.02186569857263121,0.021870204784338654,0.021831030050721623,0.021848554993279312,0.021856567102640834,0.021862970053644015,0.02165538822448837,0.02181989294443526,0.02160881861651287,0.021807796360540366,0.02162596699906305,0.021818470117922095,0.021614115169127535,0.021805438844886005,0.021608736206646828,0.02184435667100315,0.03191904258995287,0.03153360164853364,0.030936699344926655,0.031507671778633284,0.030955030134653838,0.03150464970050204,0.030919264561773463,0.03148393629563656,0.03098914525461227,0.03248615391843118
0.0320908974979392,0.03165726670236718,0.031030277989853472,0.03161906335453446,0.03104998980753748,0.03162235635030236,0.03102870683016462,0.031615103819628565,0.031074002230989328,0.03269235907367757,0.022602550726243564,0.022749034060013884,0.022581871475696458,0.022773877106949558,0.022604061107438067,0.022744371685534004,0.02261013793188188,0.022770438434146445,0.022571795708573428,0.022783731742835156,0.022800109668697943,0.022767470419909508,0.022797043791769334,0.022771050796463577,0.02278352350493168,0.022768365262608725,0.02275277630743011,0.022755012249297546,0.022818802023238494,0.022820068055014908,0.022802035047678193,0.022786495184973166,0.022798435504385317,0.022831106532147816,0.022812040047340942,0.022812086167361634,0.022752707974539543,0.022838049883142864,0.022827031684259758,0.022788715296100714,0.022592472240414163,0.022756363957996517,0.022561360913549267,0.022777639888944212,0.022614574107314822,0.022808385556138677,0.022592446679114586,0.022798113312915647,0.022588893399080934,0.022785824728056292,0.03209584624314943,0.03165006256488112,0.031016394216125842,0.03162024919992029,0.031048361692051496,0.03162068991630845,0.031034836715896352,0.03159763443257885,0.031071562312895373,0.03268617854177691
0.032253811286547585,0.03179543736258578,0.031207493879488013,0.03178014931443213,0.031226928368350726,0.03178326060640685,0.03121283740613079,0.031781469414616514,0.031219063948742964,0.032849536590152495,0.023607798946916336,0.02369535137538903,0.023548354318862152,0.023695794348453203,0.023566002167689448,0.023722638343827707,0.0235911638388413,0.02370219992815742,0.023538474832928147,0.02375793359728029,0.023771513640251096,0.023704501207279904,0.023742289677838202,0.023690802503824993,0.023730721949415223,0.023738998200503958,0.023667214163772765,0.023683584536975166,0.023722624779258794,0.023774347295981935,0.02377235896029184,0.02372537962244864,0.02376000304751419,0.023724342341905402,0.023700175296918757,0.023712972995654058,0.023661383066994,0.02376299657061076,0.02374228692589997,0.023758651586804014,0.023573903795282014,0.023672640524889987,0.02352613790568464,0.023709987888825,0.023581520679734236,0.023747544337590798,0.023566379665252712,0.023749440506096176,0.02353130844554885,0.02376363358874245,0.03226501248036501,0.03181104185924161,0.031203350724006873,0.03179254392470715,0.03121809853541707,0.03179041870713817,0.031228769673247392,0.03177514466251696,0.03122607134836941,0.03285968499901604
0.032526277180053575,0.03210190695742682,0.03157175434706189,0.032114739631787736,0.03158426834301442,0.03211917493431793,0.031583013776393276,0.03211504336675619,0.03156569797006126,0.03309618016129834,0.02451665630308142,0.02448475116213289,0.02435650482611762,0.024453837630890263,0.02435760732666631,0.024512679657682668,0.024400866260303744,0.024486324176012098,0.024388652388742715,0.02463016256392253,0.024640185809016557,0.024481304137178694,0.024517500566667738,0.02445353136181,0.024499609880452022,0.024512805854317088,0.024455295799436505,0.02448658029629175,0.024477583461586738,0.024628890169389628,0.02466361824554636,0.024498854459273467,0.024527872280684315,0.02447884266999506,0.024449112634962467,0.024474747942067276,0.0244475902905138,0.024492865473370595,0.024488604545696457,0.024640101822269334,0.024475292032041907,0.024457692586516977,0.024357915873106983,0.024482746443367676,0.024373697808039607,0.02449170946209961,0.024377621368930735,0.024505758843998082,0.02432889302634056,0.024645166262245888,0.03253436007007754,0.03212768238168617,0.03160351179746157,0.03214298050224779,0.0315787365605989,0.03213263658173937,0.03159683551667353,0.03212470786302113,0.03156658887383934,0.03311229823495937
0.03300658809026308,0.03267873124938958,0.032199523707052646,0.032710920113133146,0.032208866470889386,0.03271902129153992,0.032212821839171346,0.0327039321345573,0.032193936433875026,0.0335420993205528,0.025227283154759417,0.025030410665631886,0.0249089769204332,0.024970361872921565,0.024907205652452413,0.025015053090350237,0.02494296892179254,0.025027621163202285,0.025005817948211773,0.025308171015389846,0.025317774997559717,0.025016403667537213,0.025028922923759356,0.024977307257832815,0.02500160722715633,0.025007190638567878,0.0250183631255953,0.025048672335392652,0.02502035957366311,0.02531277667310894,0.0253589088852903,0.025014007759117496,0.02501626600801804,0.02502936712465803,0.02499757230804739,0.025011880438195633,0.02500409162349032,0.024978325173699745,0.02500396079955708,0.025317380475447515,0.025202690286642293,0.02501235673513863,0.024939163718465662,0.025012567327754642,0.024911667882653143,0.02497740879509852,0.02493076883063139,0.024994687333601162,0.024918949572937443,0.02532421837658355,0.03300712014052204,0.03269368784397464,0.03226475340985063,0.03274934340090685,0.03221024577700227,0.03273149414120052,0.03221773063651118,0.03272325962550743,0.03217945557829127,0.03354631310616785
0.03375680768416378,0.03356658065838636,0.03312193963755483,0.03360091086848832,0.03313548858819104,0.033612649480347534,0.03313335578053922,0.0335876255862978,0.033118889730706924,0.0342565690537992,0.025697230982462904,0.025309041801848342,0.025195828426078037,0.02523410931877651,0.025212638279663413,0.02524849729729134,0.025216553896588778,0.025295152678663058,0.02532721703154761,0.025747923611279755,0.02575896503277547,0.025292623271438608,0.025269839914437042,0.02524352636875493,0.025245316348229352,0.02525207045722233,0.02530825050506741,0.025317979549783043,0.02531397917626582,0.02577637914971892,0.025792330177947242,0.025267418427128374,0.025244921977608414,0.02532695352396147,0.025302789063091746,0.025282033087105915,0.025282355044332794,0.02523793124799789,0.02527836111674764,0.025735948965693423,0.025699790029587666,0.025292167071238103,0.025234022067889605,0.025278245197563,0.025201236155022344,0.02522451351092847,0.02522239017692013,0.02523741682324593,0.02526988606274083,0.02575093163753578,0.033753238457803536,0.03356031583394803,0.03318679449132089,0.03363604308016371,0.03313647284502208,0.033617864193763114,0.03313110079678888,0.033604649670981424,0.03309682729467339,0.034241323803148704
0.034787737128466834,0.034737124108569606,0.03431376234022904,0.0347589893887274,0.03433127058635227,0.03477083527245556,0.034321715055761814,0.034748020601385876,0.034299772784055715,0.03525602718696208,0.025939235730001342,0.0253730234883498,0.025284434285793078,0.02530383496192329,0.025322247082067484,0.02531412276283168,0.025296272606979142,0.025347075198233038,0.025389581866480715,0.025962007056135716,0.02597224638952622,0.025363875079182086,0.025319686276444597,0.025309868680825243,0.025315985211016467,0.025340326387332524,0.025371833925068477,0.025356175911373957,0.02538117349721114,0.026006465185641814,0.025983132198555248,0.02533818762919704,0.025306586297615674,0.02538794314794529,0.02538143728717268,0.02532940368706954,0.02533903261983178,0.025328726448290872,0.02535620578871023,0.02592587012569464,0.025959028655763883,0.025348301337551005,0.025305732300547,0.02533532250377707,0.02530503349016744,0.0253044035106596,0.025321300623281473,0.025313591212713316,0.025391637425303704,0.025947871848680748,0.03478679129097928,0.0347185354969648,0.03434086409188508,0.03477902771887581,0.034321770028093834,0.03476832607171865,0.034318123186274585,0.034755247730532124,0.03428796895145919,0.03523219036471276
0.03605926146753441,0.03611241412427624,0.03569763598345527,0.036116934952167556,0.03570863788649126,0.03612404597335278,0.03570292817515597,0.036117530938937714,0.03566248346479056,0.036509032328230384,0.02601398324030796,0.02533888086905406,0.025283379716696475,0.02529292699739083,0.02531999983359412,0.02532799929552687,0.025289775936577774,0.025314532120289668,0.0253244375711294,0.026021835085067835,0.02602752558503807,0.025342599127600507,0.025305813554407197,0.025295646778928205,0.025328134877962927,0.02536946859049677,0.025343530807319714,0.025316072947474066,0.025329869974249963,0.026058724253575638,0.026030659018852875,0.02534558006141574,0.025313539976331123,0.025328918444955106,0.025341990693590444,0.025287682549581192,0.025318385324028192,0.025334641212268305,0.025336967043364744,0.025985562339150337,0.02603407977421146,0.02531635356808637,0.025283050910433424,0.0253036065908101,0.025311765562841426,0.02531130788689212,0.025327810146824947,0.02532182821849438,0.025360348125804677,0.026002096198384894,0.03606444258935321,0.03610067931245847,0.0356783348710597,0.03611986210870677,0.03568699290641553,0.03611863522627373,0.03570121353204392,0.036117336290240165,0.035673437223474325,0.036496935654377394
0.03749591230477234,0.03759577621309257,0.03716557380728103,0.037585741891797975,0.037159057526505945,0.03758551220682177,0.03716975819840329,0.037599792735848125,0.03711982573125838,0.03795174778292798,0.02602281877344309,0.025351390457302336,0.025308629474822486,0.02533672697392042,0.02531829350637743,0.025386777944036543,0.025307390664697005,0.025348834292089395,0.025298377290284613,0.026046404600259365,0.026047541282926356,0.025368084089246346,0.025357686309872396,0.0253422638428612,0.02539209838836698,0.02542757134410123,0.025384884512945904,0.025362667865577504,0.025331479536002288,0.026063783811319685,0.026069821363674084,0.02540854764451428,0.025370149067622416,0.025331937382794212,0.025356359397117112,0.025325149961672955,0.0253796211792508,0.025370573765874704,0.025363086661322642,0.02603929228727475,0.026036104808299987,0.02535585014655789,0.025303380410953313,0.025329618365629303,0.025325484616565697,0.025354403628893296,0.02534774402950174,0.025366966103528343,0.025317763846277597,0.026036301606342183,0.03750490246226135,0.03760230298166761,0.03712610274172051,0.03757915779853083,0.03713480470477892,0.0375823095034008,0.03716745420476364,0.03760062804480563,0.037151314132000235,0.03796339173593449
0.039008576748730706,0.03909494105688971,0.038608589024421214,0.039072708590797756,0.038585087513204774,0.03906669470982099,0.038612360499818255,0.03909286258196981,0.03858106790076071,0.03950385148512814,0.02609118624277379,0.02553940105644542,0.02546537546329425,0.025555235771637486,0.025443848607813457,0.02557841349963552,0.025452987633526047,0.025567161753133505,0.02544300208757405,0.02616999979437612,0.026171592710958147,0.025566734982451378,0.025579234279061946,0.02556877420294823,0.02560592923691829,0.02561138035717858,0.02561554274043565,0.025603207994012278,0.02554316890855096,0.026180625375096522,0.026220733136653906,0.025626895801276695,0.025574467745349716,0.02555523185351094,0.025579231165122673,0.025570114233180452,0.025629172006512047,0.02556869540273321,0.025573873942393688,0.02619846948348037,0.026103521504749816,0.0255846431681252,0.025472644673251887,0.025539104515792,0.025461943316619162,0.025551732318182474,0.025486947246466107,0.0255599177534937,0.025425287612709735,0.026173387048427588,0.0390155084736627,0.039112518321332945,0.03858458938377052,0.03906593965156996,0.038570539662444725,0.03906616766390297,0.0386033341567833,0.03910014106509807,0.038619867200093694,0.03953227263181874
0.04051129297619094,0.04052941379292746,0.039939905177450774,0.04049101814595779,0.03991290136390707,0.04048354410604221,0.03994255556848486,0.04050634528308833,0.039957341624554665,0.041079435588531776,0.026337994535257758,0.02598359463614819,0.025838026839474115,0.02602432763350332,0.02580623126275894,0.02599311735514387,0.02581795378974422,0.026031766960994462,0.02582489147403272,0.02650130286807273,0.026508674310560032,0.026020032254331693,0.026040168509029127,0.02604416573600743,0.026051068833716662,0.026025377507776393,0.02608680731730456,0.026076165444485544,0.026040056822248803,0.026526972126922455,0.026563590889348343,0.02607524984384907,0.02601606844849258,0.026063067259961492,0.026079770291812354,0.02607332591333178,0.026107333201181304,0.026034528828884518,0.02605495445898559,0.02654483587705092,0.026356978732526792,0.026055267727560172,0.025856616605672844,0.026005417510688467,0.025827957309008942,0.026004138083710604,0.02584303656548309,0.026000498193233634,0.025797876854087354,0.026508677003207415,0.04051092953031793,0.04053797300381412,0.039943652545461616,0.04048687850519378,0.03991233370487052,0.040481106222018004,0.039921463205840446,0.04051638131250185,0.03998921242731229,0.041104217134536936
0.04192906596059787,0.04182930614759661,0.041103202735724764,0.04176656375026172,0.041087771644237936,0.041761317512082285,0.04110308241266525,0.041770888269069606,0.04116969577784618,0.04259450218923472,0.026840983983158595,0.026705232874496776,0.026475561567246675,0.02676279651085184,0.026459685099138153,0.02669671020143699,0.02646020273387012,0.026755020466564416,0.026459043478428146,0.027093899509755992,0.027108352090042642,0.0267496167904549,0.02677044931903222,0.026781743599853358,0.02677311225273371,0.026738125601511342,0.026798547300611597,0.026784124812829047,0.02680607472434915,0.027139669363411723,0.027140962181768535,0.026791279830132186,0.02674736334090516,0.026828388624253352,0.026837480298960104,0.026822548715520644,0.026815217523462276,0.026798605204431114,0.026814760581330865,0.027128149277981406,0.02686422892174667,0.026771223349913775,0.026487423294653367,0.02674244141714366,0.02648264543376111,0.026752995962184833,0.02647836602399789,0.02673758022105155,0.02646410677768163,0.02709491680724868,0.04191964320600444,0.04181310960091722,0.04111418436244796,0.041759887691873554,0.041094675102305744,0.04175177707325717,0.041069537204572626,0.04177322670158318,0.04118740526280523,0.042598396466676625
0.043201233633904434,0.042938506632520135,0.042069655463316424,0.042847517497669185,0.04206921933662483,0.04284501705730709,0.04206552444728601,0.0428435585004423,0.0421646704212027,0.0439758974346699,0.02761566306953489,0.027670834486684504,0.027372857919269078,0.02773364942532175,0.027381553787529322,0.02768215031825133,0.027375934845130068,0.027711256248754867,0.02733202415204411,0.02794078118243315,0.027958340512818203,0.027719182447766777,0.027747797984622735,0.027745896591475694,0.027752246345329523,0.02773034090821025,0.027726055647118553,0.02771539229000186,0.0277759612246139,0.027987887832539637,0.02796320322152729,0.027757068565683385,0.02774619847575649,0.027785638695237924,0.027788258651916364,0.027776644477597257,0.0277374261243461,0.027803240890151626,0.02779670728551281,0.027961281710082664,0.02763049176699256,0.02770846941909083,0.027362560595530883,0.027713027752139796,0.02740654615447985,0.0277557199660034,0.027387098972570578,0.02773784174488997,0.027375114920827726,0.027936542669061704,0.04318502454002793,0.042900194565020144,0.0420550743705268,0.042831336421500776,0.042073633203848104,0.04282788728957737,0.04202584733911413,0.04282964834665404,0.04216894216509265,0.04395861227203407
0.04428722598677276,0.04382778117693553,0.04283476662347335,0.043716624616046196,0.04283892858461247,0.043714542149998925,0.04282718803414537,0.04371272709919771,0.04292979772573391,0.04517365494698006,0.02861716890808985,0.028802798952020314,0.02846222477598398,0.028854706890545256,0.028482016900054696,0.02884947923490322,0.02848821845289623,0.028835669160924282,0.028403593490663626,0.028987300362581903,0.029002952489903977,0.02884674439456919,0.02889145210195604,0.02886079230194183,0.028895533836093446,0.028888743741805445,0.028820103226371963,0.028827908870789065,0.028875922962458722,0.02901206929215433,0.0290030062301726,0.028891486512970355,0.028909521652256964,0.028872421854021446,0.0288652768748226,0.028878351677694702,0.02883098938944728,0.028933821696008222,0.028910935822112238,0.029009083374832434,0.028611099506791637,0.02881515363158549,0.028433415716597576,0.028840281856907013,0.028506689796696516,0.028901389548003253,0.028486290331993236,0.028891695938918383,0.028443839185261888,0.02898913520435148,0.04426959369739142,0.04378773237247252,0.04278232081586969,0.04369038146045534,0.04283721285855113,0.04369562267899507,0.042792095119814966,0.043683644302726754,0.042925984648144455,0.04515183361741032
0.04517673218416257,0.04451117018514689,0.04342206020460182,0.04440007409365365,0.04341793258829979,0.04439594972060673,0.04341396283531396,0.04440258076715403,0.04350080110347265,0.04617333018583325,0.029759778663146164,0.029992512460981002,0.02962802781574808,0.03001579744369426,0.02963899904087497,0.030043045454346218,0.029668726801318157,0.03002229878964896,0.029591164967820993,0.0301497463692032,0.030162050046502742,0.030022148874910337,0.030075654076858915,0.030020693193826165,0.030065909394416723,0.03005864265853636,0.029991410326209944,0.030023679433653028,0.030030940427060837,0.03014821470920126,0.03018388523719623,0.0300673399802574,0.03009089019083494,0.030023522570935934,0.030000578935922673,0.030042736371202472,0.030002866107288195,0.030070677116739775,0.030059234070189844,0.030184921906453666,0.02973100294170633,0.029997838175186142,0.02960107816689994,0.03001771525814967,0.029656473552538976,0.030057906213972807,0.029646351267865745,0.03005995725440752,0.02957861407400214,0.03016607010078942,0.04516422585816926,0.04449280765876579,0.04335472677664359,0.04437272453952407,0.04341566621295778,0.04438381494788174,0.043394201510566,0.04436948024615006,0.04349519707485233,0.04616717177104279
0.04589862073059886,0.04505263686578581,0.043890284051551376,0.04496576953035991,0.04387680029903246,0.044959789994804655,0.04388639844675485,0.044973290631740825,0.043955063890445734,0.04700183991820772,0.030941099391239568,0.031119296110613537,0.03074180329768067,0.031101515687571912,0.03073735742229744,0.0311222181621294,0.030783427370017047,0.031140427960154038,0.03076854272110241,0.03133004694797392,0.03134144681007667,0.03112868980243,0.031167042842736803,0.031108333722922987,0.031134118061213967,0.031114623412189624,0.03111271980259095,0.031157881619072514,0.0311473671207651,0.03132249317403418,0.03138715984265117,0.03115318477015072,0.031159434953451637,0.031144008975099002,0.031103694989056352,0.031152240381334517,0.03111694836776502,0.031120928082074062,0.03114403675616023,0.03136900309462587,0.030899949341265276,0.031126797350685687,0.030736366809649807,0.031126002213628712,0.030741872930364567,0.031116988716381133,0.03074184605055824,0.031126059971330333,0.030692520614509777,0.03135575684994574,0.0458962743295353,0.04506531745089154,0.04385076158101753,0.04495092141174345,0.04388243276841314,0.044959809333716516,0.0438870376267016,0.04495024878925197,0.04395261886089585,0.04701928820877177
0.04652025730893311,0.04555446596568069,0.044333103916355754,0.0455087755229317,0.04432449914757308,0.04550421885847089,0.04433759120412045,0.0455128249790282,0.04439415692897969,0.04772235098125771,0.03206194965278336,0.032076855672549975,0.03170107544877576,0.032016993102232716,0.03169343647133799,0.03201093619567619,0.031734957433380506,0.032074045247120764,0.03179965904885951,0.032428899053913496,0.032441962622129394,0.03206757840695257,0.03206747546890665,0.03202336532271416,0.03201928845786517,0.031996564720172815,0.032057368923935514,0.0320939653833609,0.03211354231078112,0.03243992921492139,0.032486813146381466,0.03205589001949277,0.032040259296404305,0.032111648568777296,0.032062014345715706,0.032084590018719994,0.03204357030414895,0.0320212456052974,0.03207498140469828,0.032445567594381275,0.032023557549532455,0.032075625274909536,0.03172046206639395,0.03206018968716823,0.031686725221589385,0.03201189568910512,0.0316887491058393,0.032021277124223646,0.031700078109401286,0.03244840203618132,0.04652878823061024,0.045586902798702866,0.044351289855371956,0.045515748985819116,0.044340244767285486,0.045514829615054264,0.044354947450357285,0.04550758332760435,0.04439632790984477,0.047752987318197826
0.04713373230386181,0.04613061151965564,0.0448633315329795,0.04612914543391322,0.044877957263266266,0.04613015889092642,0.04487718702119525,0.04612057113340551,0.04492179709959604,0.04841920748995793,0.0330413282555434,0.03280099298547928,0.0324533423265001,0.032710243579552045,0.0324612863268845,0.032697903110201265,0.032480379066696596,0.03276319566459096,0.032591190741828424,0.03336269992314239,0.033376702230514255,0.03278076636773403,0.032739083519161105,0.03271113493089334,0.032697988727909966,0.032695468769518676,0.032753349145294375,0.032766755948045956,0.03283679814347562,0.03339781795813118,0.03339434365325561,0.032740818792769466,0.032715817351588294,0.03282588730773467,0.03278182472693908,0.03276395923137332,0.032718509163718434,0.03272912452664667,0.03278632052749997,0.03333909640378807,0.03301674794832832,0.032773210716620316,0.03248409594603402,0.03275970627759012,0.032451596361506796,0.03271070529804343,0.03245109724231443,0.032718852898017625,0.03252377712191107,0.033363863443086894,0.04714850880306992,0.0461593598268798,0.044933426019457434,0.04615672745205052,0.04489642147904277,0.04614422293559289,0.04490067251489177,0.04613009003827412,0.044925336912460756,0.04844213656740204
0.047834013244110574,0.04687777164718493,0.045585277031672033,0.046911342646565546,0.04562927863980376,0.04691987127322611,0.04560532804121714,0.04688761246611012,0.04562555607030827,0.04917958572605746,0.03382921887175744,0.03328687154479809,0.032998702538508784,0.033183587525870306,0.03302990260866023,0.033204431498061016,0.03302432709166653,0.03322060883799366,0.03312833514681257,0.03408444218297674,0.03409551881107259,0.033264765410133734,0.03320167751099712,0.03317750740056208,0.03318753711218386,0.033220158085856766,0.03321265295872283,0.03320485966631176,0.03329311873388291,0.034125863449925964,0.0340847597472731,0.033224587746147505,0.03320296765421332,0.03326715142732056,0.033241267560024934,0.03319750626908974,0.03316651227018025,0.033226480611438736,0.033261686317384964,0.03402960774528507,0.0338214101610686,0.03323072800442506,0.03302364822416787,0.03322607332203442,0.03302406799544555,0.0332080329954762,0.033026396284723814,0.03321919568507831,0.033117946912777085,0.03406941329333557,0.04784725118854283,0.046884117239456846,0.04567004870565866,0.04694871384062432,0.04563853435810006,0.04692981584623879,0.04562373766647693,0.04690139996162973,0.045623793724504313,0.04917878434140771
0.048698956731204945,0.04785748143630497,0.046568395949374286,0.04791255092072416,0.04662813468641036,0.047926710740048895,0.04658885592459544,0.047880411039935566,0.046566594894924984,0.05007866552636048,0.03441666483921463,0.03358754128206631,0.03337788847642925,0.03349040240411938,0.033421387858638685,0.03356053884634952,0.03340319500401917,0.03351676985216756,0.033470490348298854,0.034598881919992275,0.034603944025423994,0.03357014647754575,0.03351343782719668,0.03348273186621065,0.03352849530126234,0.0335864663692349,0.033515776115869866,0.033500183632725666,0.03354822318099321,0.03462398660552357,0.03459103520766482,0.03355666046302447,0.033536875817110234,0.033514695834990726,0.03351001730891218,0.03346883906434567,0.03347497553724765,0.03353818486869192,0.03354901487112333,0.03454410306222511,0.03442241773484733,0.03352609582088617,0.03338984395676142,0.033519281336137796,0.03341881201956792,0.03353022954166707,0.033434053316135914,0.03354835424595515,0.033494556467701775,0.034581745908715766,0.04870457922588223,0.04784029393855249,0.046626353157944,0.04794652272080546,0.046620915596472357,0.04792958928737201,0.04659725208461318,0.04788875122320391,0.04655395799569412,0.05005453210304056
0.04977939297053857,0.04909457955843188,0.047835268914747986,0.049161229082831825,0.047885251079284985,0.04917623113020397,0.047850972271690106,0.04913299744480959,0.047776750922997935,0.05117225989409707,0.034838610345322374,0.03379572271936454,0.03365728015217134,0.033719384660530205,0.033691472190275906,0.03381066431346735,0.03367519692365184,0.033747341274579734,0.03371447594971588,0.03496252718232312,0.03496297020948336,0.03378692155370877,0.033752421275398736,0.03371957902347672,0.03378169251155866,0.03383637639937154,0.03376763305555203,0.03375473549869029,0.03373005061436135,0.034966623305169475,0.03497775229649874,0.033806598839706214,0.033774857815540904,0.0337065520394203,0.033717132796990845,0.03369486431495761,0.03374417738203833,0.033745262953707056,0.033750493431972506,0.03493732913114539,0.03485294916596254,0.03376214739883404,0.03366220690303279,0.03373544687546476,0.03368679774990607,0.033746531208891595,0.03371852344748699,0.03376916065637109,0.03372897180988371,0.03495643156769224,0.049777380838953666,0.04907014857697933,0.04784908906068036,0.049184415168593454,0.04786434151206831,0.04917518019825673,0.04785358983239346,0.049133824938924764,0.047754637988359105,0.05114138977000432
0.051100504606847286,0.050587270185693256,0.049368049296115546,0.050661771546533174,0.04938854831894718,0.050672834608310846,0.04937775029864472,0.050647857572380384,0.049260293503895325,0.05249616838152893,0.035165955420480455,0.03401891104528365,0.033917691424973695,0.033973356040847225,0.033926440919273215,0.034034805965851234,0.033918361812862174,0.034006063304317935,0.03395567796395832,0.03526662858511226,0.03526822430750631,0.03402231817935214,0.034007485676612825,0.03398847060551963,0.03403332319130897,0.03405955366048402,0.03405937760355854,0.03404763607898831,0.03397226024079403,0.0352682370521013,0.03531719727014154,0.03406045784263312,0.03400656266077817,0.033973474199869125,0.03399102882374483,0.03397959816950169,0.034053821675919804,0.03397121745746706,0.03398932604392041,0.035277591445789735,0.03518531590602508,0.03403147113790339,0.033926589474127355,0.0339797928462694,0.03391793022518441,0.03396693965604103,0.033957559495961964,0.03398508292029018,0.03393711193559862,0.03527253888083404,0.05109727829903227,0.05057685961047381,0.04935343089865396,0.050675838706774445,0.04936402441821541,0.050673833371969845,0.04938354522236704,0.05064759058144491,0.04923939308844694,0.052479834204910425
0.05266882807822487,0.05231853922818336,0.05112589726554628,0.052399332613443095,0.05111641320156379,0.05240441974301652,0.051132460298223326,0.052402119094439426,0.050997204155853515,0.0540682016028497,0.035488536646809676,0.034357904444684506,0.034245892118198396,0.03434962443632433,0.03422980589755015,0.034349640494786726,0.03422600399613318,0.03437543743679583,0.03427145231038581,0.03561157505946916,0.03562047615934516,0.03437861674275289,0.03437283047488143,0.0343799029240236,0.03438946619807309,0.03438428673166821,0.03445899335903435,0.034438876541753816,0.0343689955410037,0.03563571874418081,0.03568155174617588,0.0344159862631766,0.034347322248891976,0.03439546240333474,0.0344160544868341,0.03439476753226878,0.03446352082572812,0.03434286968173955,0.034372164807308425,0.03564208061755236,0.035511537204362786,0.03440732616003134,0.034263779213363765,0.0343467383401726,0.03422459821809298,0.034316069957323114,0.03425659940580322,0.03432059290232836,0.03423663619125178,0.035618697141580724,0.0526725816079639,0.05233273004130318,0.05111589156668406,0.05241154865655823,0.0510973804444127,0.05241100138687327,0.05114685267691088,0.05241010241012112,0.05099254711448287,0.05407782390458904
0.05447710363853758,0.05426079656955629,0.053060290069147587,0.05434150024691248,0.05303833920235723,0.054342039984630164,0.053067934765847646,0.054354565283558864,0.052945676690922594,0.05588882499170933,0.03589563716190086,0.034892981685700875,0.034723978064162664,0.034924955458542906,0.03469875810790468,0.03487599207731529,0.03469180553120765,0.034927531397664746,0.03472583774233634,0.036084692829672305,0.036103187699930095,0.03493619884776372,0.03493620623603033,0.03496486303907709,0.0349517566219289,0.034932947551182814,0.03502284346071621,0.03498929520571625,0.034966723331582794,0.03614031338019108,0.03614594170388946,0.03496703516752181,0.03490666772375517,0.03500523690610852,0.0350299455353843,0.034988619600180404,0.0350304997040089,0.03494780847460388,0.034967018123053084,0.036114047535603044,0.035922023300894834,0.034952568905926795,0.03474530918822988,0.034909765244864,0.03470856155016311,0.03489307392163621,0.03472203604036567,0.03488186934164167,0.034714165650889306,0.0360815576765976,0.05449087974593536,0.054291174780979834,0.05307831876144903,0.054357567853543065,0.05302624326398553,0.054351916381846443,0.05308609103909978,0.05437526546734245,0.05296652201727281,0.05591838365764862
0.05650344842979349,0.05637288034218324,0.055119996636552815,0.05643802206379461,0.05510688125605173,0.05643736466478144,0.055130575658905,0.05645101906946137,0.05504462859638831,0.05793995386322481,0.036460623300892225,0.03567553214928176,0.03541479730178776,0.03574490382234646,0.03539927003534743,0.035689789461341825,0.0353863502852208,0.035719099533772725,0.03537631074813552,0.03674860907684874,0.036773948240121035,0.035742657338766304,0.03575794964931395,0.03578814177166362,0.03578279210570384,0.035770118050424515,0.03580336823200003,0.03576426326417037,0.03578357067186122,0.03682017267752907,0.03678609344903078,0.03577764233260672,0.03574778450692312,0.035818425538807874,0.03584798180614729,0.035800037025971676,0.035814231410744246,0.03581346383799311,0.03580151760982592,0.03677181540068114,0.03648945292736627,0.03572386143868256,0.03542768667665375,0.0357157047593486,0.035429262660995,0.0357413905407824,0.035425362588234866,0.03572092937995969,0.0354128262459249,0.036734277419322225,0.056520851894142465,0.05639640303500465,0.05516109468787561,0.056456283644021665,0.05509475597834457,0.05644311358234655,0.05513731857862475,0.05647935725342196,0.05508587301874568,0.05796983258344934
0.058706948533315206,0.05859503805741123,0.05724621439663907,0.05862225322685766,0.0572499911171096,0.05862294265681073,0.05725653905560829,0.05862773229962631,0.05721755310340543,0.06018379086603687,0.037231871479893486,0.03672167719005742,0.036346802604698636,0.036817177767736464,0.03634988357813462,0.03679146310356057,0.036336015621330486,0.03677628971052932,0.036266565145880225,0.03763849071656594,0.03766544747244088,0.03680721745343846,0.036850438213548664,0.03686088094120166,0.036883686859455034,0.03688095404452019,0.03683608843540587,0.03680921705711748,0.036828283055567956,0.03769849133058095,0.03766226531398281,0.03685997143374986,0.03686519141371636,0.03685299690076288,0.036882248385933736,0.0368554069666831,0.0368555141589752,0.03691577057416978,0.03687262021797888,0.037669139850961875,0.03725980952574387,0.0367575371024737,0.03634181975963602,0.036778678643351326,0.03639169862685826,0.03684488026183674,0.036380663608884645,0.03682502707618229,0.03633796123791966,0.03762387077902263,0.0587144220926506,0.05858828086724316,0.057279648679910755,0.05863343997326509,0.05722917668950911,0.05861653880178347,0.0572350959502837,0.05865111893952979,0.057259749431256945,0.06019318794163031
0.061026148647175704,0.0608501231752922,0.059367678384510625,0.060818113443175004,0.05937717346033289,0.06082012527980385,0.05937118007493053,0.06081634206914038,0.059379631452830206,0.06256484245475874,0.03822840452654003,0.03800781447382723,0.037505398006167034,0.03810996130226457,0.03752133927107809,0.03811360698216443,0.037515952108383266,0.03807817954018344,0.03740634513590935,0.0387620703539483,0.03878686645332463,0.03809986853109559,0.03817142475604274,0.03815465448466582,0.03819797577007411,0.03819123140561553,0.03811429639861513,0.03811497701006661,0.038097702637451436,0.03879322919358391,0.0387964446905843,0.03817028193447369,0.038194308842574354,0.038116602165792546,0.03813471131897983,0.038148189705346,0.03814522491999178,0.038204143424884596,0.03815439223112055,0.03881695730857743,0.03824896322372506,0.03804544134563931,0.03748200804102031,0.03807368481583756,0.037557137239158433,0.03814715034949656,0.03754812470894037,0.038134130678060096,0.03746892099312249,0.0387606990617379,0.0610110080608699,0.060803918091795195,0.05935770276718688,0.06081072411397448,0.05934480755242583,0.06079800465872964,0.05931434199250707,0.060821372732147716,0.05939942096105927,0.06254481561558695
0.06338538946779698,0.06305453837594471,0.0614053421725948,0.0629528581554642,0.061398312872951555,0.06295348591028421,0.06139597034133276,0.06295087392181448,0.06144918656212517,0.0650170841253796,0.03943830378017138,0.039471598864728896,0.038835721056095285,0.039557087165016214,0.038849530537506005,0.03955912698809777,0.03886057012943939,0.03955241140125132,0.038754910480782945,0.04009877962343156,0.04012096340904664,0.03955607818523571,0.03963690222531713,0.039602737444964786,0.03963787868038193,0.039610148764855635,0.039573722224107544,0.03960362047193716,0.03955618660571403,0.040106770015781334,0.04015889669092437,0.039625538521211756,0.039643425170490576,0.03957594384356872,0.03957209678352863,0.039620005165384886,0.03961046538311119,0.03962063139878036,0.039597091951301455,0.040178334733272036,0.03944286236649558,0.03952209671229623,0.03880249810241293,0.03953590442993565,0.038864781699031625,0.0395770925172278,0.038858200327703984,0.039570383944983356,0.03876640634144374,0.040115000256516264,0.06334434561841745,0.06297981826589705,0.061334568766749864,0.06292010151283789,0.06136024604254353,0.06291891032574204,0.06131267261089873,0.0629309189976357,0.06143388290532659,0.06497620091072115
0.06570814974944178,0.065135890625175,0.06328655377976411,0.06497072957452477,0.0632474359207264,0.06496644607472302,0.06326433456216218,0.06497748648040752,0.06336044944406649,0.06747484446046603,0.040819565562195737,0.04102201698412,0.04025596737039433,0.041069891409634296,0.040255001635446375,0.04104025110322301,0.040284593726508,0.041093196193671244,0.04022460931621952,0.04159866891347691,0.04162002773149298,0.041087782589688704,0.04114704188397611,0.04111256100334493,0.04111461063855015,0.04106424033931305,0.04110498722049316,0.04115106167773014,0.04112075289732808,0.04160557064005005,0.041675292485767346,0.041130317970338504,0.04112590401946187,0.041139642953943456,0.04111010673319121,0.04116502087174356,0.04113397820325648,0.041103641879453645,0.041124484816029316,0.04168074618415313,0.04080131746244342,0.04107802315072068,0.04022612111254753,0.04107150123407455,0.04024976505011618,0.04106446195413471,0.04023839354387376,0.04105945858518251,0.04017398594277033,0.041623577410425106,0.0656514637660241,0.06505804386735803,0.06316867115466551,0.06491530053629474,0.06321473590001897,0.06492808216071067,0.06317691693417732,0.06493627871022561,0.06331796433267184,0.06743451366550057
0.06793439162444725,0.06705067372950674,0.06496722199654165,0.06684404390264503,0.0649004542239987,0.06683271120631362,0.06493872049941246,0.06686346188125741,0.06507617527754767,0.06988481728586493,0.04230649288165467,0.042557996502403383,0.04167795419184617,0.042555236542989094,0.0416610270685186,0.042495138531814136,0.041704285976616184,0.042591711174246594,0.041706653835126783,0.043187463900503764,0.04320854774598709,0.04259957456225827,0.04261188566981683,0.042586917506711175,0.04255668124496026,0.04250312924622446,0.042590053231105374,0.0426337919360128,0.04267251905250807,0.043212011024254426,0.043251946791736495,0.0426001842806254,0.042574791415491586,0.0426774782298478,0.042628470951523834,0.04266145755422529,0.04259764543248523,0.04258246793184767,0.042640169642744974,0.04323962502730466,0.04226461362715328,0.04259499638064357,0.041662562300725514,0.04257850086693388,0.04164999689953508,0.04254122740910987,0.04162735453161304,0.04253520901751623,0.0416192472553657,0.043205087940130615,0.06788088935849701,0.06699569203671019,0.0648389188354101,0.06677762678653087,0.06488145265945805,0.06679997673543098,0.06487215796069684,0.06681349226546696,0.06503184136395002,0.06986707629261996
0.07003126472876631,0.06879339962786457,0.06644541492423084,0.0685760976018207,0.06637588605866279,0.0685586338049552,0.06642188174692704,0.06860340624589328,0.06659344100280046,0.07221414638708262,0.04382165324453602,0.04398913076192851,0.04302552888702155,0.043933698902168916,0.04300438460351763,0.04387872711958585,0.043051715233326515,0.04396640771612348,0.04310501222040536,0.04477838931089623,0.044797000748846905,0.04400637879984609,0.04396581476137984,0.043945953493047085,0.04391073315788291,0.0438827368775232,0.04394172809357744,0.04397136365489712,0.04409341199591632,0.04482027404813094,0.04480443872542372,0.0439718384704994,0.04393845813715147,0.044067831351987996,0.044011974468672055,0.044012996273857685,0.04392262556442178,0.043977254668610466,0.04404697013893549,0.04477959300863915,0.043764340142047,0.043982985987392864,0.043029392409933365,0.043970138072345955,0.04300511064717988,0.04393849102727321,0.04297400923506173,0.04393417147272782,0.04302253980716003,0.04477848329354778,0.06999859032203226,0.0687747986145047,0.06634759530759049,0.06851500244249076,0.06637184674912966,0.06853752353644399,0.06639047046838892,0.06856015817970257,0.06657734519045211,0.07223010718617717
0.07199737792530425,0.07039561925257548,0.06776321499914933,0.07019745544296868,0.06772323006688397,0.07017786159935657,0.0677551704676938,0.0702202341159971,0.06794421299852399,0.07445373547483203,0.04529243742524619,0.04525350943347545,0.044247572800917845,0.045152677400639496,0.04423976853330752,0.04514699893508939,0.044280355954900874,0.04517584295779836,0.04436046520012893,0.046291800791302906,0.04630320878928146,0.04524859475260057,0.04516963319654543,0.04514189189464485,0.04513512366287126,0.04515085006930286,0.04512362936439451,0.04513993814849249,0.045307405764106135,0.04633118779489054,0.046274853914312075,0.045202690794957257,0.04517172237514833,0.04524390731145789,0.04519307614918927,0.045175979862761506,0.04508380102644416,0.045213489182081734,0.04527298518630124,0.046245607641377695,0.045235066589631445,0.04519921801954552,0.04426846771222265,0.04519227204000609,0.04425781899155057,0.04519056116902409,0.04423093012153201,0.045194456921955006,0.04431199310844952,0.04627638304561826,0.07199217003585567,0.07040816050400439,0.0677196023006495,0.07015426862077118,0.0677273424080404,0.07016879559993572,0.0677557914385793,0.07019447182282795,0.06797153378663973,0.07449740099607016
0.07385703659402959,0.07191425004717589,0.06899412915728698,0.07175689239319649,0.06900552938857224,0.0717406274371018,0.06900585354901445,0.0717604237139654,0.06918682273969717,0.07661525488371401,0.046665596107354934,0.04632548335275305,0.04532264291483823,0.046192249893151294,0.0453410505184213,0.04625539288180597,0.04536586056689379,0.04621424270226543,0.0454551800512924,0.04767185543289487,0.04767201322538028,0.0463008469626196,0.04620708607768642,0.04616258589204808,0.04619922377757263,0.04625372482716722,0.04614375007411875,0.04615586164420543,0.046302635718168283,0.047684807208531466,0.04763284209386881,0.04626843555723653,0.04623752461342445,0.04621067494643816,0.0461707972851535,0.04616013835993882,0.04609616161037661,0.04624697962991953,0.04629206867219504,0.04760323380555215,0.046624436704194805,0.046243201674682655,0.045353770902158586,0.04622923961683029,0.04536491724345815,0.04625227859757125,0.04535671794200963,0.04626907237281308,0.04544086978732509,0.04765348949599818,0.07387164645869665,0.07193803969510848,0.0690020538743723,0.07173684111095346,0.06900898862998223,0.071739115339433,0.06902121201030442,0.07175403911425204,0.0692479184212621,0.07666697387055899
0.0756499525689508,0.07341577337565636,0.07022311257025482,0.07331102207478501,0.07028526009008068,0.07330227697418729,0.07025079995266842,0.07328528520316518,0.07039321279093597,0.07872481938011272,0.04791478868928578,0.04721545241448738,0.046257551043077993,0.047065400604715424,0.04630260512593731,0.04717643215623474,0.046307141089411086,0.04709970127083768,0.04640153374236694,0.04889580405280103,0.04888492732592398,0.047173760704557754,0.047083398282293076,0.04702712442432788,0.04709303640993834,0.04716179029561984,0.04703296859241907,0.04704827026385644,0.04712340936174303,0.04887358040917783,0.048867129988114544,0.0471655102025203,0.04712126703925146,0.04702623146640711,0.046996943930416535,0.04700738780111602,0.04698963999295874,0.04708356107614725,0.0471278412329158,0.04883448709613414,0.04789988444104781,0.047138547869509884,0.04629240010858321,0.047099276291736214,0.04631298508839493,0.047117970967164746,0.046330403427901234,0.047145949398583464,0.04640068452384488,0.04888864760075412,0.07566667919239178,0.07342816851009581,0.07026195520952694,0.07331119718616524,0.0702852548528306,0.0733038136135552,0.07026395841580879,0.07329400199023467,0.07046216340690825,0.07876310677045134
0.07742077998417124,0.07496249831260215,0.07152795217769936,0.07491580370145795,0.07161826030601032,0.07491561204286784,0.07156181428374814,0.07486019112992065,0.0716377878663862,0.08081707074627464,0.04903957517883334,0.04796293941333096,0.04708194904790519,0.04781262281349141,0.04714018147709387,0.04792318786893196,0.04712652473028506,0.0478645678183639,0.047228819585948156,0.04997402835307546,0.04995730779582547,0.04790935010519343,0.047828019578269654,0.04777777157006324,0.047840329869621556,0.04789550686443578,0.047826867659265304,0.047843130386949595,0.04784138844905661,0.04993115869100412,0.049978104921617306,0.04791778292014476,0.04784773925461133,0.04776439987920472,0.047743058847420417,0.04776740378411265,0.04779279499158229,0.04778037163831195,0.04784060049231614,0.04993636562024434,0.04905027699983355,0.0479178541162773,0.04711528297592377,0.047845168406773886,0.04712355745474145,0.04783001686193844,0.04716045095697474,0.04786067340765965,0.047216664250220475,0.04998284909092893,0.07742271272470558,0.0749502302818924,0.07156976104682511,0.07492750292117839,0.07161782206047157,0.07491719717213158,0.07156356299222355,0.07487440140175305,0.07168238112185316,0.08082877621021112
0.07921347105057053,0.07660613987471504,0.0729679112817101,0.07662254707018712,0.07305543170464124,0.07662825867368517,0.07299865596697236,0.07654606039006068,0.07298800618856033,0.08293019052109879,0.05005944484895908,0.04862790253973731,0.04783987582720417,0.04849482124047105,0.0478914861865915,0.04856094038688297,0.04786772507181947,0.04855454371316137,0.04797558479963493,0.050941718654577695,0.05092722948763129,0.048572346615736395,0.04849731321589201,0.048472949855615954,0.04850415612370951,0.04853189422689874,0.048562341866671965,0.048567917854287324,0.04852673275824165,0.050907596679696465,0.05097811280362147,0.04858092641515199,0.048486640994784946,0.04848542359145086,0.04847192747092349,0.04848637523266275,0.0485352279631453,0.04842848337705369,0.04850643433876628,0.05092417894503387,0.050085887149479535,0.04862017622239484,0.047870985416034906,0.048525685066613033,0.047852901292090966,0.048470603232248166,0.04789439431625797,0.04849329006552083,0.047942878813935,0.05095887181961112,0.079194791850286,0.0765733065392587,0.07299580397183425,0.07663802386995122,0.0730639793483212,0.07663228868379746,0.07299566821124404,0.07655885015958647,0.07299100642662648,0.08291722685934799
0.08107197514223025,0.07838947656229922,0.07458680077057533,0.07847781756973504,0.0746482498014055,0.07848516613325807,0.07461004881148586,0.07839514774078271,0.07450188807914987,0.08510458033286794,0.05100787389368555,0.04928342045432538,0.048586278574645314,0.049185430179113976,0.048614519854212834,0.049194162963973886,0.04859060118218589,0.0492321188123514,0.04868944442199297,0.05184864058497679,0.05184366184850475,0.049240156509249344,0.04917102042750238,0.049181835032042875,0.04917711550473103,0.0491837894424656,0.049286816924345445,0.049268522916025126,0.04923613781602487,0.051849382632455365,0.0518979979625086,0.04923778396820844,0.049138921356497,0.04923159957164397,0.049229923005866094,0.04921155139831429,0.04926225749390678,0.049123307295608876,0.04919981277058921,0.051836035114907975,0.05103741520553334,0.0492983503433882,0.04861810994754229,0.0492099833077958,0.04857673088869724,0.04913833204516044,0.04860866900336719,0.049145606174963,0.04864825766062708,0.05185958166789856,0.08104116469432815,0.07835488867765772,0.07460176262318952,0.07849462792918332,0.07467451010682463,0.07849755933746544,0.0746213232550963,0.07840585009818485,0.07447163399726603,0.08508217794441386
0.08304271013546155,0.08035166066993699,0.07641871465891176,0.08052476458714952,0.07645003159017433,0.08052997125891165,0.07643707305407232,0.08044968141555092,0.07622854751298092,0.08738290696339263,0.051927677111519854,0.050008091587411596,0.04938050823312251,0.04996161318534159,0.04938083914852881,0.04993484479261279,0.049363476550839225,0.04997602564010267,0.049429053736507966,0.05275128182261718,0.05275952541602247,0.04999238649248183,0.04993934747334433,0.04997830090601141,0.04995789451311222,0.04996173602890408,0.050066406957664455,0.05001941358550477,0.05001831581892502,0.05279461312001987,0.05279185310687712,0.04998261182992053,0.04990874735927614,0.05004222720872509,0.05005768199504723,0.05000183157521704,0.05004389674463727,0.04994300953556002,0.04998582049121736,0.05273313725777046,0.051952621857818626,0.05002484418451092,0.049417059945136954,0.04997255479448598,0.049370649090880736,0.04992258366233404,0.049388281979311166,0.04991473416809922,0.04940405707844875,0.052745547391686964,0.08301944547608708,0.08033964805409372,0.07643683684508351,0.0805465120401142,0.07649611924336369,0.08055666794432942,0.07648295480298561,0.08046454438561912,0.076194662799691,0.08737126182272581
0.0851759355699061,0.08253187400664752,0.07849557813401309,0.08280226962847775,0.07851211165485622,0.0828038621532155,0.07851671572498015,0.08274304713753522,0.07820969000267713,0.08980991174471553,0.05286833002565838,0.050877663397066564,0.05028221282767181,0.050894410809878554,0.05026441329155229,0.050869725905327734,0.05025327228721854,0.050870773021715776,0.05026258183351251,0.05370871200849586,0.0537298593945697,0.050901026932450466,0.05088403639417649,0.05093242391813374,0.05092555270322757,0.05094121914592592,0.05098201200990354,0.050914618045410864,0.05092567566276207,0.05378123822232511,0.053732945714595026,0.05090016163467054,0.050875428578462445,0.05096987867274699,0.05100454948413896,0.05092903133368343,0.05096712686433358,0.05093693568684837,0.050920117700209044,0.05368990232768972,0.0528906253528828,0.0508856504105179,0.05032308666997287,0.050885601537867586,0.050293596120708495,0.050885073824376736,0.0503027298053591,0.050867907038519344,0.050274232910676286,0.05368647468194332,0.08518103116913789,0.08255878979812287,0.07853455026642442,0.08283455181255983,0.07856862934283482,0.08284571807200553,0.07860446717572928,0.08277013678744283,0.07820747673738898,0.08982413113413101
0.08752490069573982,0.08496798547704365,0.08084654281433101,0.08534130678402879,0.08087202612174094,0.0853402200451332,0.08087833296742819,0.08529826255749906,0.0804786718680851,0.09243048127476483,0.05388509562428251,0.05195546072015772,0.05134334920572825,0.05203897224142329,0.0513252998002004,0.05204167267521781,0.051314611626607554,0.05198838793633326,0.051257989561681816,0.05477972410537213,0.05481098252169142,0.05202189412763514,0.052060705234652394,0.052099818341434345,0.05212378968966902,0.05215051641091034,0.05211059613130109,0.05204097841502536,0.052018250724201964,0.05485735590447799,0.054799459872375,0.05204819998346888,0.05207867674982192,0.052081790294993824,0.052131460504420524,0.05206620759850472,0.05211214819776239,0.05213189918373484,0.05205082948672879,0.05478012953854239,0.053915465213025704,0.051962069001050604,0.05138104827371204,0.0520094513985061,0.05138239670726108,0.05205968159111879,0.05139436683815407,0.052039646096146586,0.051309430277385215,0.0547532062359114,0.08756886322128365,0.08503287992391967,0.08091574921883155,0.085388687224773,0.08092299671855929,0.08539291352163292,0.08099625474381683,0.08534214484928232,0.08052710285528902,0.09247184038287098
0.09013659824959241,0.0876901500874997,0.08349256637649971,0.08815915781684985,0.08354250739027741,0.08815786158109457,0.08353806308014183,0.08812608164247637,0.08305404980653147,0.09528626135426171,0.05503176993091213,0.053283804773864685,0.052601947570731555,0.053426747908237426,0.05259725211727223,0.053452490596985536,0.052581150938946775,0.05337085366816624,0.05246626742335553,0.05601872591754253,0.05605762507120504,0.05338882768650499,0.053490376177345755,0.05351165736485691,0.05356005888141607,0.05358161933571143,0.05350126365328489,0.053448827063344084,0.05335333005074944,0.056082748714107955,0.056056975034593004,0.053449019427939226,0.0535211133194905,0.05344237611218494,0.05349634848284768,0.053465685447842415,0.053525496001228856,0.05354068741490381,0.05341580717083794,0.05606076314376374,0.055078204256947816,0.053306931510768374,0.05262201446133474,0.05338245759058108,0.052653752044122204,0.053457269648739425,0.05267520107768675,0.05343728507367662,0.05254071091603241,0.05600384214111831,0.09021004103194336,0.08777371736965639,0.08358428090875258,0.08821880621321593,0.08356981230775301,0.08820972311382458,0.08365374245115809,0.08818313847800319,0.08314539196479137,0.09534120545579688
0.09304263979054977,0.09071268146811107,0.08643305563910342,0.09125325416744934,0.08650584758453356,0.0912553000163071,0.08648721460106162,0.09122320761128133,0.08593474938781387,0.0984094030061618,0.05635229414826859,0.05487604009733227,0.0540708243496984,0.05506093295223391,0.054083250650146686,0.05507949356899405,0.05405909472600284,0.05502068505505603,0.05390961623240709,0.05746939548583685,0.057514887724465946,0.055009580537576486,0.05516096340066906,0.05516894477520018,0.05521574577096128,0.05521108514385015,0.05515988134847377,0.0551357243393939,0.05496500511104996,0.05751768506667271,0.057543792764569446,0.055093329497068744,0.05518193744884797,0.0550852430203872,0.055130735909162176,0.05513884130633362,0.055204913658182364,0.05516782697272987,0.05503393629800235,0.05756241283458985,0.05641621021195253,0.054930463818249564,0.054060484581888224,0.055012477697820916,0.05411041113912646,0.055075527932942736,0.054136934238236234,0.0550556253698008,0.05398020339482823,0.05747575555444384,0.09312310529478018,0.09078512485141038,0.08652747412581463,0.09131670613727177,0.08649922811503036,0.09129315678246835,0.08656407698702168,0.09128350756409159,0.08603604660511477,0.09845574704214816
0.09625605881645344,0.09402670619327846,0.08964109390917585,0.09460196122046866,0.08971654813181784,0.09460962830328234,0.08969231632144037,0.09457271769821857,0.08909833238121506,0.10182195672607808,0.05787609428762991,0.056716416277217685,0.05573982715936798,0.056919109733253204,0.05575889955273122,0.05689549033073876,0.05573053791430321,0.05690037417288918,0.05557209328435614,0.05915575473204027,0.05920789641530472,0.056863980515478085,0.057036036393477985,0.05704267793988971,0.05705931934431785,0.05701690985894664,0.05704463249758751,0.0570482361152867,0.0568457479688263,0.059202192752130955,0.059265400935930856,0.05694904869969619,0.05703051676783022,0.05699244754482924,0.057019516988964736,0.057049803399950694,0.0571012867566878,0.05700908542596972,0.05689662170582971,0.059288545676776105,0.05794480909296634,0.05679946426004956,0.05569143119504172,0.05687509797678164,0.05574269177106833,0.056901378086640864,0.055760683144510714,0.056882463695319074,0.05561782436339452,0.05918181745077267,0.09631479333487653,0.09405828205974531,0.0897099001210403,0.0946550119610115,0.08967539360749172,0.09462215005615798,0.08970253125886096,0.0946198754645885,0.08916074448995187,0.10183532840793552
0.09976877901679859,0.09759878848683912,0.09306395210054208,0.0981652998814071,0.0931113116839471,0.09817925548034112,0.09309937403795904,0.09814212130717853,0.09249731863784294,0.10552822025451986,0.059610818826767165,0.058768682863600485,0.05757867248982301,0.05896255792003452,0.05758501898412077,0.05888361690965743,0.05756728661517169,0.05896060715101126,0.05741990615327203,0.06108427135647282,0.06114248965866198,0.05892010930023567,0.059077241577754847,0.05909169246667101,0.05906479418160876,0.058993132452682395,0.059094697618101266,0.059117654784615115,0.05895149783049064,0.061146503821142006,0.06120612103222567,0.0589829250627697,0.05904504228613505,0.05910511671188062,0.059108489970935874,0.05913704865373609,0.05914875242718065,0.059048267475026395,0.0589716341195452,0.06122872486682507,0.05966115297163049,0.05886036111928472,0.05749625900891675,0.05893026083720193,0.057537030101790176,0.05892285604025199,0.057532484513585946,0.05889964424659283,0.057426881269907526,0.06111578125789835,0.09978333397323674,0.09757733092468435,0.09308734262179352,0.09819773996384218,0.09304538114057959,0.09816186481283995,0.09303335763939719,0.09816090017112877,0.09248037560362493,0.10549552027445253
0.10354828350215245,0.10137536127883995,0.09662409138480949,0.10189322016842267,0.09661788322538944,0.10191024400533122,0.0966327615809986,0.10188534458657655,0.09606003225555398,0.1095184894730808,0.06153041487878941,0.0609671415461121,0.05952821210463982,0.06112885819910774,0.05950441318217592,0.0610131024961606,0.0595121335065279,0.06112849453316882,0.05938713037897697,0.06322504104523397,0.06328625394236131,0.06111261574464155,0.06122611425244168,0.061247697168856086,0.0611879871320668,0.061111830612344875,0.06123037071118237,0.06126279574216814,0.061188455474539605,0.06331131338005919,0.06332739000712057,0.06113981020573944,0.06118407409360782,0.06131948028887019,0.061301196897997345,0.061310999398603905,0.06126972069190184,0.06122824922858211,0.061182928744392906,0.06334873445314376,0.06154117159810257,0.06103621340626686,0.059427390743784114,0.06110790233876329,0.059454691184785746,0.061091497563020014,0.059421210508060374,0.06106680343406118,0.059360741455832866,0.06324666913021271,0.10351269882815345,0.10130272577644273,0.09659126670645662,0.10189668990338985,0.09654231559250154,0.10186607614795068,0.09650695406948195,0.1018677272647901,0.09595007537398931,0.10944098449449902
0.10755107528221608,0.10529046978294893,0.10023746173754755,0.10573053038547942,0.1001679211212001,0.10574610175532156,0.10021584149012208,0.10575000476576257,0.0997044518769068,0.11377119637353933,0.0635924868549772,0.06324103881053816,0.06152360124319667,0.06335273570468536,0.06146622613983099,0.06324275729800743,0.061506727664722816,0.06334261238389216,0.06141258345315176,0.06553316398703962,0.0655900559708627,0.06337205312670935,0.06342826475126612,0.06344546073475188,0.06338171079052646,0.06333020047784543,0.06338957712253368,0.06342641766426527,0.06346116220470754,0.06563346782412016,0.06558974676198548,0.06336625882225189,0.06339964810777426,0.0635401794222335,0.06350543597487657,0.06349745286989711,0.06340840557990712,0.06347489256319172,0.0634474357052659,0.0656144409082674,0.06355268898186628,0.06326292583614573,0.0614269216617791,0.06333979528763961,0.06144434040682806,0.06334346086286735,0.06138770248998526,0.06332404328072183,0.06136536768964407,0.06553515470116122,0.10747695301913751,0.10518617159894661,0.10015235869353117,0.10570271005967685,0.10009429346611803,0.10568405389089403,0.10006363845722799,0.10569663685904657,0.09952277694883854,0.11366659907973509
0.11172991284812245,0.1092779641411667,0.10382826043850596,0.10962757415377983,0.1037072955428971,0.10963722262836734,0.10378235725483209,0.1096844741791041,0.103352569314758,0.11825943297645797,0.0657471927008017,0.06552090439535235,0.06350393872224458,0.06557196824316652,0.06342598142164219,0.06551219964742205,0.06349578346506612,0.06555330408613008,0.06344274671345768,0.06795393199739669,0.0679964821795705,0.06562811126967671,0.06562795313620129,0.06562584693786333,0.06558726746317961,0.06558041022809258,0.06552889537707468,0.06557282896663158,0.06568860754456507,0.06804200894942813,0.06795573169851349,0.0656033530498572,0.06562822706992555,0.06569873473097282,0.06565109717899276,0.0656449196596291,0.06552848408988371,0.06570495408734467,0.06568427996039156,0.06798888968227801,0.06566360634891732,0.06548942945160446,0.06343202698976486,0.06556194872167176,0.06344276749103206,0.065602338122415,0.06337996525943806,0.06559533890548547,0.06338459378006955,0.0679377423052927,0.11164498048987215,0.10917341574104672,0.10370844360159187,0.1095756909037881,0.1036411984621805,0.10957058696543581,0.10363934736813396,0.10960415969161674,0.10314545637422473,0.11815396926025135
0.11604064283684284,0.11328245844196305,0.10733991308979829,0.11354552099188603,0.10719561757936097,0.11354586720862397,0.10728118473990156,0.11364184868934957,0.10693606898609997,0.12295467301080426,0.06794569628907488,0.06774363276576945,0.0654196693231412,0.06773017943719617,0.06534637408645722,0.06774298643841475,0.06542861897276764,0.06771597369016563,0.06543117215096489,0.0704306072376939,0.0704491065394921,0.06781548573488178,0.06776846533361247,0.0677371821356132,0.06773826772291702,0.06777687192838056,0.0676186476938791,0.06767648138031046,0.06781830189491606,0.07047610384509723,0.07038936696884962,0.06778946380693884,0.06779721295312757,0.06776046552870685,0.06770179607580074,0.06772244118473197,0.067604763648965,0.06784097236294023,0.06782974928620017,0.070431673595375,0.06784134074270942,0.06767429629953303,0.06538322535782637,0.067722341876774,0.06539122724103158,0.06778918293653152,0.06534005922474251,0.06779994466629236,0.06536770601795971,0.07040863151757554,0.11597497341950802,0.11320696118285783,0.10720834852578331,0.11348111272086792,0.10713400171751414,0.11348585428025643,0.1071723962483121,0.113548564594253,0.10675975357368828,0.12287521890652031
0.12044852232163317,0.11726617293461683,0.11074022093965391,0.11746032368782944,0.11060749806030823,0.11745083937380518,0.11068358383084081,0.11758785726300897,0.11040947142787771,0.12783257714132268,0.0701529931385545,0.06986437005661711,0.06724092775750806,0.06978603630071928,0.06720125324527049,0.0698605349403762,0.06727144812113539,0.06979407499885165,0.0673424865692901,0.07291574229340475,0.07290452897873317,0.06988632846127463,0.06980221053802882,0.06974406051511517,0.06977735666786294,0.06984364626549716,0.0696366344256486,0.06971311483111292,0.06983122923616536,0.07289944688336869,0.07285668430880149,0.06987084708801206,0.06984223298999764,0.06972193734526538,0.06965238525031414,0.06971549216479028,0.06961597031553829,0.06983429151832021,0.06984996145075523,0.0729013154436623,0.07005597798511726,0.0697846240128131,0.06723919023106872,0.06978408445460704,0.06724446605949636,0.06984894259711955,0.06721833993836013,0.06987496509035507,0.06727641013331576,0.07290557056021141,0.12042416268267586,0.11723767424543546,0.11061960501924828,0.11739647898765132,0.11054181633006632,0.11740392549308859,0.11061436126492225,0.11749837122582962,0.11030905538080277,0.12779781862390693
0.1249290768563569,0.12121172726891755,0.11402157026926263,0.12136239350082423,0.11392769616359066,0.12134561651618242,0.11397861905018941,0.12150408504120913,0.11375108880507118,0.13287578760611196,0.07234644518249744,0.07185703955159495,0.06895996707363367,0.07171738659882942,0.0689733254432568,0.07181717417950062,0.06901009569085903,0.07175895055857773,0.0691516290766871,0.07537677240838342,0.0753353755282688,0.07181575140809493,0.07169893963457674,0.07162902007437233,0.07167100291265271,0.071738311155498,0.07156442705266924,0.07165620248724114,0.07172809559504623,0.07529960604320762,0.07532207464939322,0.07180834713246437,0.07172704023917664,0.07159498392216979,0.0715161989783023,0.07161557472398683,0.07153952669522651,0.07167393434539004,0.07173514585573432,0.07535719086969817,0.0722803961346562,0.07179154182306918,0.06898198527407651,0.07172865245187127,0.06898396381930377,0.07175716241095664,0.06898260401377826,0.07179180644745581,0.06908536598859905,0.0753903737508827,0.12495253243283816,0.12123049020598564,0.1139282871837976,0.12131004955736724,0.11385150939904665,0.12131248337063966,0.11393571218835247,0.1214328641490165,0.11374361631525232,0.13289020077988228
0.12946707891245984,0.1251187565926889,0.11719397436739204,0.12525419942753802,0.11715115686548866,0.12523434824616586,0.11717085727583082,0.12538821177062165,0.11695984985449592,0.13807412943979525,0.07451262171702816,0.07371535905386822,0.07058804913235162,0.07352504680350008,0.07065697635040807,0.07360728285897805,0.07065145862222111,0.07359726367354696,0.07084880584578629,0.07779639778139524,0.07772792627260772,0.07360444849129616,0.07345481242649643,0.07339520476155398,0.07341796560143776,0.0734667783034263,0.07338919841269453,0.07348214480214249,0.07352200575085283,0.07767730965242498,0.07775293813853124,0.07359407650416644,0.07345463993282353,0.07339301592965658,0.07330796616148244,0.07341945317742571,0.07335834266190444,0.07338723775890976,0.07350339430486941,0.07776946905343352,0.0744889766410996,0.07367633723815853,0.07061818615194326,0.07355626964213957,0.07061827223724876,0.07352793953443815,0.07063109636051701,0.07356174907678498,0.07078344473647569,0.07783378379736161,0.12952757482398558,0.12516761030800205,0.11713469142251792,0.1252180563419985,0.11706406218766324,0.1252112819567886,0.11712999999358109,0.12534432732299677,0.11702889784098192,0.13812735729120273
0.13405363545636328,0.1289980973784874,0.12027846185994356,0.1291468721765947,0.12028131462323005,0.12912824064974238,0.12027235279159282,0.12925069483885948,0.12004744468397865,0.14342277169642537,0.07664586872173595,0.07545215592532561,0.07214868084367171,0.0752283766412114,0.07225687773223993,0.07526544649928552,0.07221639715947964,0.07531363526489171,0.07243582397857296,0.08016521268147009,0.08007749717140294,0.07527353301948891,0.07509299320327889,0.07506293364974193,0.07505129157381274,0.07507656238310811,0.07511069017070632,0.07518400716425366,0.07522885274595281,0.08003479674927905,0.08012476785869022,0.07524585633914116,0.07506186635711948,0.07512061669242165,0.07503827713113098,0.07512852866240832,0.07507097896436027,0.07502009224492195,0.07517774600918614,0.08011508571165793,0.07665874977623954,0.07543215728546793,0.07217803782260446,0.07528137755446862,0.07217720061145028,0.07520120965507515,0.07218885369289019,0.07522665801166412,0.07237602642015961,0.08021593663706467,0.1341269119841606,0.12904893217019392,0.12025133379693792,0.12912468179445358,0.12019266755211855,0.1291102773467444,0.12021253351879302,0.1292363987925571,0.12015302669245786,0.1434944000736158
0.1386837162362738,0.1328649598695001,0.12330025195584576,0.13305601447286397,0.12333077860832581,0.13304135455375637,0.12330335490876587,0.13311218236963213,0.12303382337126789,0.14892094445888882,0.07874238690372037,0.07709628439469512,0.07367419993188773,0.0768659506673452,0.07379405979537457,0.07686055874382408,0.0737388566787292,0.07693868917800367,0.07393772234180729,0.08248684278610147,0.08238581546377355,0.07686228275033236,0.07666316669193801,0.07667137935065554,0.07662990785537827,0.07664480183738798,0.07674870045478954,0.07678360983911187,0.07686453426160922,0.08236980200563998,0.08242688825487349,0.07680903854905607,0.07661527727345735,0.07678507092018888,0.07671576501800537,0.07675804605622016,0.07669555197906303,0.07662344267216697,0.07679119048917382,0.08239371922552918,0.07877336467501367,0.07707564821360668,0.0737023932240981,0.07693308998509862,0.07370232444051616,0.07683047749038902,0.07370089359688681,0.07684341209082662,0.07388402222248053,0.0825314111174637,0.13874048269500966,0.1328881029708967,0.12329617707685281,0.13304035516489365,0.12325617785845022,0.1330242785198335,0.12321389691812318,0.1331222021059072,0.12312735760596627,0.14898778076802
0.1433550228524788,0.1367345970264937,0.12628462162076298,0.13699993224096263,0.12632215628041527,0.1369897509391097,0.1262885996509906,0.13699950852086917,0.12594168299860636,0.1545702440796718,0.08080326873112453,0.07869169890150807,0.07519949110972757,0.07848779476464324,0.07530215851723493,0.07846735604020644,0.07526068213922887,0.0785280886482565,0.07539611004504038,0.08477088614474376,0.08466044146677792,0.07842088170605555,0.07823035181896798,0.0782707969078772,0.07822397418025268,0.07824788667026661,0.07834846616695917,0.07833378725578033,0.07845275952021519,0.08467786201248045,0.08467085767855542,0.07834675646704048,0.07818911318843147,0.07840759345166559,0.07836315471680483,0.07834849133660249,0.0782838026263204,0.07825055823039628,0.07838007984548173,0.08462094192849035,0.08082990683923341,0.0786502617271112,0.07523730821276553,0.07855509433795216,0.075235974167015,0.0784688527928526,0.07521973794040371,0.07847091410615192,0.07534431020416055,0.0847904547689845,0.1433713656738696,0.1367087980074756,0.12629163604338228,0.1369821615633618,0.12627910537874903,0.13697312973815345,0.12617607419166788,0.13702500570449594,0.12598529861641045,0.15461408463347043
0.14806736034427753,0.1406213198789662,0.12925853741049087,0.14099980726337652,0.12928869102647844,0.14099263337436008,0.12925812422032668,0.14094379715950034,0.12879304243333717,0.1603737944393111,0.08283257015109374,0.08029124721839842,0.0767618316995502,0.08015024796931569,0.07683075685416202,0.08015303177671695,0.07682148878415851,0.0801490225735973,0.07686327829659462,0.08703371540829685,0.08691540122789065,0.08000493444838813,0.07986252888020223,0.07992029332618045,0.07989750060405204,0.07994629541124043,0.07997580512630414,0.07991477372869676,0.08003365566274773,0.08695819818052503,0.0868856469355192,0.07992666941595433,0.07984961346724517,0.08003136328012656,0.08001695891898242,0.07995774883545209,0.07990553752962992,0.07993832878996904,0.0799857026353144,0.08682996562966339,0.08284176938907489,0.08022008561400407,0.07682509153104417,0.08020253356660778,0.0768182650302286,0.08016231941394925,0.07679702032610936,0.08015826016444283,0.07680841479109068,0.08701882712916587,0.14803496871801336,0.14054114828196917,0.1292659438885877,0.14097416257904355,0.1292901178111377,0.14098076277434252,0.12914569190092967,0.14097581523189467,0.1287754367389895,0.16038799635193773
0.15282637774031183,0.144540410412619,0.13225207573735148,0.14508154711201288,0.13227243326058546,0.14507451796016235,0.13224869670690792,0.1449787430865921,0.13161362890478379,0.16633670721756671,0.08484436020693781,0.08195288421275732,0.07840157101943268,0.08191046385620893,0.0784357792977185,0.08196300812120039,0.0784611353951275,0.08187100047345547,0.07839800605804009,0.08930069313802574,0.08917350954140213,0.08166946192773306,0.08161966363248557,0.0816775036547353,0.08170008046124161,0.08177623418393298,0.08170734861541545,0.08161195713871572,0.08166147829543924,0.0892251095288506,0.0891159125481179,0.08161022112317895,0.08164340856862562,0.08172092297080502,0.08173778714443125,0.08166059728836522,0.08164307856096781,0.08172208152487787,0.08165478164149204,0.0890635997291847,0.08483707066307872,0.08186135312784631,0.07850019646635331,0.08193405352654709,0.07848335676341656,0.08194899700062885,0.0784729227196782,0.08194327459365514,0.07833547881063824,0.0892547750472708,0.15275380066853406,0.1444176449629373,0.13225196576611614,0.14504724425441384,0.13232239878379431,0.14507513164235514,0.1321682365590373,0.1450125363259323,0.1315516970283263,0.16632772977086802
0.157644866793204,0.14851147920814473,0.13530125043207358,0.14927696473354557,0.1353221745906522,0.14926654417681162,0.13530241650322833,0.14914046502917838,0.1344340989670652,0.17246724992317375,0.08686503786768274,0.08373473597528686,0.08015815954294198,0.08381830362480497,0.08017334653564767,0.08392168927168997,0.08021970708647974,0.08375613696143991,0.08005465745918766,0.09160626174781855,0.09146977793396643,0.08346638391908429,0.08354716726327943,0.08359452059616268,0.08366399002244096,0.08375442489171953,0.08361174319047315,0.08350007109853047,0.08340705321103858,0.09151175842370446,0.09141236151501869,0.08344660141092186,0.08360096938568556,0.08355550282037322,0.08359831430346981,0.08353176986483213,0.08356685176469253,0.08363686615038157,0.08344510783056197,0.0913690247840877,0.08685889674621056,0.08364860336556601,0.08029224708304722,0.08380891246504923,0.08026324331859591,0.08386344106699922,0.08027707444000681,0.08385730925229379,0.07998423919655284,0.09154399179522127,0.15755544849813796,0.14837147541089313,0.13529110897690588,0.14923794210075686,0.1354138455961763,0.14928758090436833,0.13528484572291527,0.14917790734192427,0.1343658740802634,0.17245186944981128
0.16254431449461643,0.1525612493756891,0.13844968963915705,0.15362329275553055,0.13848860161857174,0.15360646189693478,0.13846626642007182,0.15346639955940977,0.137291102595398,0.17877774847456185,0.08893346353584813,0.08569058665069029,0.08207269490496566,0.08591625472693681,0.08209192797936204,0.08604243817601759,0.08213462158842066,0.08585132473863888,0.0818777811898857,0.09399224393831396,0.0938490342329864,0.08544230040139933,0.08567603070593471,0.08571289762709344,0.08580974287471743,0.08588973098949931,0.0857404019355722,0.08563026677520363,0.08534214009902952,0.09387023872012601,0.0938237980210791,0.08547198119187083,0.08574107795416663,0.08561018781608526,0.08566990508909378,0.0856321415606775,0.08572670862639353,0.08572252282856069,0.08541429766867298,0.09378948539899673,0.0889527135799788,0.08563860844637788,0.08222692318055946,0.08587641262567214,0.08218756686848555,0.08593888262805971,0.08223042736083735,0.08593033044556814,0.08180499633882615,0.09393379037603322,0.16246843782784898,0.1524353166845573,0.13843239320327322,0.1535871778272369,0.13860668062886233,0.15365426295443896,0.13853128579897578,0.15351598883971673,0.13726365824712078,0.17877835720799207
0.1675548546799276,0.1567245473344686,0.1417457479275407,0.15816186533385296,0.14181970448598763,0.15813625798832387,0.14178753172395925,0.15799495553249715,0.14022757308257433,0.18528606084379062,0.09109752360747553,0.08786583472113424,0.08418200974630385,0.0882362993274467,0.0842259821277761,0.08834057623108893,0.08423927314177343,0.0881840414589996,0.08389874944767195,0.0965065732785862,0.09636167866219747,0.08763753324584689,0.08802601543853417,0.08806261677623739,0.08815375653349694,0.08819736722326421,0.08811785598251742,0.08802192578577883,0.08752993684834115,0.09636357659172223,0.0963898531238353,0.08771177492143378,0.08807916509622071,0.08793941894496943,0.08800536741801324,0.08799690180680203,0.0881392133938323,0.08802031939108129,0.08761748698236249,0.09636165187807239,0.09116308520497518,0.08786751597361919,0.08432880194290077,0.08817451681735838,0.08428702460947374,0.08821323716985491,0.08435212411393628,0.08819687286394717,0.0838344516909107,0.09646771487291511,0.16751920322358865,0.15664016151076304,0.1417294712484804,0.15813645554980355,0.14194413056767113,0.15821248808169908,0.14193668332524023,0.15806744710883913,0.14028171290768238,0.1853236494417661
0.17271343928904404,0.1610429512145773,0.1452379431162356,0.16293461030429474,0.14535547322328735,0.16289907765732153,0.14531043980110014,0.16276308586383342,0.14329250198135052,0.19201531104814545,0.09340759449611385,0.09029256116630041,0.08651288923758044,0.09079677223348287,0.08658922647121253,0.09083718495049387,0.08655835847797222,0.09076394499318247,0.0861356389759923,0.09919509161311024,0.09905606492276109,0.09008145774442444,0.09060801363586751,0.09065634324377009,0.09071042268705343,0.09070060824523474,0.0907432870779738,0.09066696304347094,0.09000734469590693,0.09905109385481731,0.09913910150457494,0.09018400186160169,0.09063240356708041,0.09056250359876439,0.09062889616797759,0.09063353883277725,0.09079713857311233,0.0905656348006193,0.09009184763553213,0.09911285880202864,0.09352398843580617,0.09035004615392711,0.08662106362789085,0.09072305510428796,0.08658927038518621,0.09072074246506845,0.08665844356208624,0.09069169643102781,0.08609031256334382,0.09918079748925024,0.17273141540963105,0.16101536123021715,0.14523443775708877,0.16292600140135743,0.14546870813971519,0.16300120547845753,0.1455260230005505,0.1628664429040934,0.14344789715629935,0.19210336223810281
0.17805971213556337,0.16556138599250625,0.148969113205368,0.167979505290834,0.1491254163701255,0.16793443700235472,0.14907059144132712,0.16780535613277825,0.1465323290242352,0.19899329412933497,0.0959062117110479,0.09298770456242478,0.08907645528277264,0.09360388786381468,0.08917464659958702,0.09355846684853003,0.08910437013579009,0.0935857560762186,0.0885926698233635,0.102096639675548,0.10197131648820884,0.09279105501170853,0.09342609927393747,0.09349480565273893,0.09349250103459122,0.09342940793036353,0.09359774528272669,0.09354007377116574,0.0927800101247861,0.10197687483912748,0.10209020026278715,0.09290007060621208,0.09341798959801212,0.09346529481726534,0.09352831362272779,0.09352196891485565,0.093676082457053,0.09338015468978361,0.09284891700936371,0.10206166994339022,0.09605742072219114,0.09308390418051998,0.08912105274929472,0.09352698208017746,0.08911135555753097,0.09348662689077203,0.08916336712619821,0.0934446668494226,0.08857381196684844,0.10210000447680084,0.17812719160548057,0.16559025464767546,0.1489908362072328,0.16798954908262992,0.14921638016017708,0.16805439731657834,0.1493195214571903,0.16794140344456854,0.14678179426649635,0.19913351309992572
0.18363107691943265,0.17032344236283492,0.15297075641715246,0.17332682593300808,0.1531465160751278,0.1732741002346404,0.15309063972641812,0.17315119636142118,0.1499876308842053,0.206250403364249,0.09861872992625403,0.09595040853451914,0.09186435755721317,0.09664886573650422,0.09195717321766128,0.09652577032944859,0.09187135107541489,0.0966346175514699,0.09126379715122995,0.10523735156263764,0.10513042847758802,0.09576662064705366,0.09647591113706722,0.09656334171786818,0.09650625582045891,0.0964070094148674,0.0966514676211584,0.09660967541311616,0.09582409443645956,0.10516149508723871,0.10525171446624126,0.09586115763779768,0.09644541916222871,0.09660396729953036,0.09666335026303396,0.09662496519976377,0.0967426689037637,0.0964619158526776,0.0958751212780477,0.1052212922141646,0.09877086278036551,0.09605473413741134,0.09183558445234635,0.0965735543052787,0.0918528973487438,0.09651846647605733,0.09187128435746567,0.09646888756375027,0.0912706521829122,0.10524256120944586,0.18372705273096424,0.17039332643983246,0.15302874358174134,0.1733550788626162,0.1532133173550328,0.17340010253332389,0.15333311938366506,0.17331299507718417,0.15029783305699035,0.20643142034812856
0.18945885248781952,0.17536635429035824,0.15725855589987192,0.17899633137503412,0.15742304538095803,0.17893854446922902,0.15737799705499356,0.17882272037956087,0.15368568965746615,0.21381667175984231,0.10154908008305957,0.09916190340550485,0.09484737024753492,0.09991092871872947,0.09489984661182649,0.09974519849907537,0.09483309506053617,0.0998895562936905,0.09413380647991265,0.10862776888566777,0.10853951360991859,0.09899067782251286,0.09974164956403908,0.09983549193950714,0.09974365961896842,0.09963736838674292,0.0998745964848366,0.0998481953943039,0.0990953089108193,0.1086016186097688,0.10862830658202716,0.0990562502611646,0.09970839794366415,0.09992054793749577,0.09997811518346522,0.0999002783388146,0.09996807551059661,0.09978318434205385,0.099134966948556,0.1085999251839479,0.10166123859591275,0.09924288978635831,0.09475440060129153,0.0998370994576337,0.0947931787494305,0.09979971838725277,0.09477073086305232,0.09975298357697626,0.09415330448836812,0.10861665212292476,0.18955031523959942,0.17544931564388194,0.15735670441082777,0.17903672194432596,0.1574704829923252,0.17905687965478562,0.15757686155275336,0.17899692102966464,0.15400469713538895,0.21401690798248524
0.19556577918248574,0.18071618213693624,0.16183075153108706,0.18499539142531235,0.16194760055162732,0.18493491504700782,0.16192448367193601,0.18483301314300576,0.1576366945492722,0.22171983698939396,0.10468196108792216,0.10258871811694648,0.09797959737468426,0.10335927439468873,0.097960995019087,0.1031985725508145,0.09794720293852616,0.10332624647075772,0.09718011990226905,0.11226454065345809,0.11218818440664519,0.10242655150684443,0.10319390334274625,0.10327630665418658,0.10317951637094058,0.10309570728184458,0.1032407613842351,0.10323381214523142,0.10253828855617853,0.11227461069102534,0.1122216154084481,0.10246136735053984,0.10317985331441532,0.10336043140264722,0.10341466143053546,0.10330833002659551,0.10333003511359712,0.10329430328092332,0.10257930697571555,0.11220230202200654,0.1047182029832332,0.10262606168025251,0.09784863931848764,0.10328372128791014,0.09789215477759305,0.10329160539404242,0.09783467034892701,0.10325945952201226,0.0971931097165693,0.1122245736048676,0.19561744409876325,0.1807801604989197,0.1619645890306266,0.18503885591822772,0.16198502082876898,0.1850330056095219,0.16205669238099574,0.18500339066212101,0.15791012854266134,0.2219120246331388
0.2019647952044596,0.18638395254666967,0.16666883327199405,0.19131854151753802,0.16670137031748078,0.19125683924916947,0.16670713652174807,0.19118396974290203,0.16183012528966584,0.22998253063334234,0.10798928570500771,0.1061879128308692,0.10120530218630996,0.10695354328341533,0.10109901004878619,0.10684180949787137,0.10115900072867401,0.10691631189653672,0.10037233371026266,0.11613362652559506,0.11605549818873279,0.10602401787993515,0.1067909723374198,0.10684155863820227,0.10676844250151679,0.10672907766001138,0.10672704205733008,0.10674873746933106,0.10609993178012533,0.11614943715770121,0.1160305178432508,0.10603771592674449,0.10681164117574538,0.10687967383856728,0.10692545639868956,0.10681790306583866,0.10681038499204942,0.10693124596375592,0.10615406862758664,0.11602843553871167,0.10793010323622604,0.10617980354446227,0.10107223339957921,0.10687260450413494,0.10109596681347516,0.10693726551106092,0.10101855506093915,0.10693034400648721,0.10035939462956367,0.1160629535948573,0.2019480197781322,0.18640160143216322,0.1668252746660993,0.19135349741774887,0.16673899109625212,0.19132511382622958,0.16676850411720573,0.1913358729408603,0.16201648162357946,0.2301395680716829
0.20865996398433329,0.19236490063573208,0.17174002557668622,0.19794828092224848,0.17165587736759413,0.19788497447703968,0.17169084376020283,0.19786642559679762,0.16623734099050091,0.2386214785848264,0.11143981845191686,0.10991247599418863,0.10446817963525884,0.11064916363100591,0.10427714560354101,0.11061092715379561,0.10441109537129228,0.11062502470449526,0.10367238743853302,0.12021487647641266,0.12011639620411069,0.10972587457925254,0.11048060568113294,0.11048423834268989,0.11045065519827518,0.11046223916422987,0.11030793236135966,0.11037142536613187,0.10973409531666561,0.1201963550888106,0.12004963270181884,0.10973373030218941,0.11053811841576261,0.11045000742984001,0.11047863118607215,0.11040376680869474,0.1103870138236191,0.11062452325733746,0.10980572757442947,0.12007113464856461,0.11128509813701865,0.10987501061249305,0.10436498830089846,0.1105621317406591,0.10434576984859645,0.11067366710631232,0.10426927068555208,0.11069795856781844,0.10362242522551462,0.12012365927499441,0.20855785911236124,0.1923184473600142,0.1718970301160861,0.19796216846713977,0.17170038192293513,0.19791832228168738,0.17169585228072354,0.19798898284092525,0.1663173294199648,0.23872249786189625
0.21564556953460956,0.1986385389489102,0.1770007732246171,0.204856963289553,0.17677391164541145,0.20479018636226048,0.1768327433538337,0.20486068616186848,0.17081415781773368,0.24764708050747947,0.11500342378750761,0.11371565816565826,0.10771859907390541,0.11440081512806527,0.10746590589177774,0.11443357228088163,0.10765006917936482,0.11441088192185744,0.10703312312807078,0.1244856406012223,0.12434693039573408,0.11347469858641246,0.11420697974113359,0.11415859704955889,0.114162115495615,0.11421443352849447,0.11395340994160941,0.11407076185128945,0.1134048385899038,0.12439496583576132,0.12426869922141054,0.1134907655658905,0.11428864222089136,0.11405621463709537,0.11405651431690444,0.11404274019997779,0.11403105994269902,0.1143136067653841,0.11348763112460142,0.12431508069281588,0.1147716162412814,0.11367713227515125,0.10766306124073943,0.11431384532782213,0.10758820751123876,0.11444210481323525,0.10753091013013572,0.11449725387925125,0.10694957311756115,0.12439377562289794,0.21545659566523,0.19852368994211644,0.17713157100401872,0.20483932478277167,0.17682668337031188,0.20478894265999087,0.17680826690802237,0.2049471778052966,0.17079175584600953,0.24768038677244503
0.222909500749378,0.20517110839514102,0.18240068545594024,0.2120099776441145,0.18201401058942257,0.21193793677455186,0.18208800478694942,0.21213864599811527,0.17550523451529232,0.25706329419767227,0.118657498183248,0.11755374043738387,0.11091893808338832,0.11816679215552672,0.1106432604210642,0.11824357526194373,0.11083660351227131,0.11822924710973937,0.11040434073916738,0.12892466175095096,0.1287272738306402,0.1172186292848797,0.11791698075598195,0.11782417386372152,0.11784550563914731,0.11791730174969,0.11762803358413149,0.11780516994074064,0.11708528431238407,0.12873501066722548,0.12867063070877766,0.1172497321752114,0.11799950155317346,0.1176874127626556,0.11764922071111594,0.11771023066717268,0.11770538060486657,0.11795718485449042,0.11716411358784373,0.12873784305872465,0.1183778255263368,0.1175437528216588,0.11090935521955714,0.11809310262292572,0.11078208027580261,0.11819976874341798,0.11075406282282518,0.11827843957283712,0.11030642881593333,0.12885464802173785,0.2226471741142127,0.2049993292855296,0.18247831080614801,0.2119546741428181,0.18206840206987918,0.21190717700980283,0.18206110029358358,0.21218563592597195,0.17540533415010734,0.25702807894774005
0.23043315601408243,0.21191981199725374,0.18788742041341927,0.21937014411751443,0.18732910832315058,0.21929160417704108,0.1874084791980818,0.2196673552360367,0.18025208333071607,0.2668684926240772,0.12238472040299836,0.12138925786129329,0.11404706654839303,0.1219138840690922,0.11379017342540737,0.12199369015338318,0.1139463102449661,0.12203647355620861,0.11373587828916865,0.1335132196434895,0.13324210659835856,0.12091591660167689,0.12156749441314296,0.1214493189438382,0.12145939410451267,0.12152633257554235,0.12129288362509538,0.12152541416052659,0.12075319173389631,0.13321403589514935,0.13323176136158915,0.12095885841522047,0.12162590655349576,0.12133021920044468,0.12124727093873822,0.12137737989800912,0.1213682919301809,0.12153598303336527,0.12080955459047377,0.13331152623483966,0.12209185139432394,0.12142761510024469,0.11406005365572225,0.12187003920213613,0.11389961398559145,0.12192137212201709,0.1139013488129691,0.12201130389130599,0.11365589767995593,0.13348314664207578,0.2301246617585226,0.21171613948454393,0.18788958124403216,0.21927879300492475,0.1873723447088545,0.21924018814663637,0.18740002172920966,0.21967246233726778,0.18011138249068592,0.26677455649735776
0.2381955418725481,0.21883798291242412,0.19340912975675673,0.22690082523344685,0.19266817929078223,0.22681801848683192,0.19274457797818112,0.22740854245548858,0.18499200301867014,0.2770558873863921,0.12617364210265208,0.12519175493380807,0.11709467057155915,0.12562056693098939,0.11689103077338964,0.12566409846181453,0.11697102895029077,0.1257972616980128,0.11698493424715417,0.13823654130381846,0.1378800716069144,0.12453781905943706,0.1251312666186465,0.12501264063666312,0.12498445976471317,0.1250263389501743,0.12491223964490378,0.1251825378442376,0.12438776693784531,0.13783204576509334,0.13792342649863482,0.1245808235015668,0.1251481201210468,0.12496414823569468,0.12483688416046868,0.12501297097603742,0.12497984121021999,0.1250511743603801,0.1244063162969723,0.13800626413466682,0.12589915626012033,0.12528144177204104,0.11709484708435369,0.12562045957475232,0.11693446593098045,0.125598778616686,0.11695720908275448,0.12568740188266636,0.116959863905021,0.13825378506964447,0.2378769660423311,0.21863700366916294,0.19332804499191364,0.22678481937366574,0.19269028712247188,0.22675604609946498,0.19277038839759564,0.22737359400473778,0.18485644765404058,0.2769221128691464
0.2461748765302455,0.22588016658825566,0.19891790266453557,0.2345705515977764,0.1979856040265055,0.23448801276100445,0.19805495680825536,0.23532990481625693,0.18967999433302923,0.2876194179249183,0.13001656338275525,0.1289419345650552,0.12006342236624429,0.12927799440835264,0.1199330797094112,0.12926377295166208,0.11991640289790428,0.12948946117828947,0.12012074107850668,0.1430816231774672,0.14263092055014798,0.1280695760552542,0.12860084859764354,0.12850469839093465,0.1284228908937327,0.12843917110330927,0.1284576773863353,0.1287417128515228,0.12796741016631963,0.14258590627398166,0.14271618738384906,0.1280965003488353,0.128572324025854,0.1285632119083634,0.1283990256350359,0.12858726179858088,0.12850974224922385,0.12851239865669617,0.12794226016702065,0.14279298383265,0.1297809970384176,0.12906699081651696,0.12001332793198871,0.12932731773372458,0.11988970689205175,0.12923757162202948,0.1199160015727963,0.12931284164504026,0.12017758109015858,0.143138639659255,0.24588218412626078,0.2257185771992114,0.1987583778498213,0.23444611474185806,0.19797485846240437,0.23442342835117735,0.19811155942406694,0.23525497244556015,0.1895770937460512,0.28746706196422367
0.25434920874418987,0.23300592866606185,0.20437206433742594,0.24235376350665971,0.2032359402676679,0.2422794866106805,0.203292725039041,0.24339739925358134,0.1942639836339436,0.2985497612272838,0.13390160658963507,0.13262552477128836,0.12296182452718224,0.13288871069345382,0.12290498710415998,0.1328208102750893,0.1227927238460908,0.1331067283523067,0.12312802142656526,0.14803571930133547,0.14748303346096242,0.13150674936547296,0.13198659877996666,0.13192855794988284,0.13179642319570406,0.13179857258565802,0.13191802474367498,0.13218639529797505,0.13147245566037918,0.14746340846768563,0.1475834535762276,0.13150467468507981,0.13192477565038135,0.13210081592104334,0.13191330225563846,0.13207997590844434,0.13194485675182804,0.13193597262986512,0.13140700127109745,0.1476462526477298,0.13371365722142825,0.1327616732440225,0.12283156544120566,0.1329838782609476,0.12277723645689037,0.1328503820477271,0.12278971183464849,0.13290449693562872,0.12327688908262763,0.14811099343539325,0.25411151167400936,0.23291637407684607,0.20414842586496362,0.24223872454497603,0.20318673934861475,0.24221485849223684,0.20337055583569175,0.2432884657001685,0.19421647417595006,0.2984002350571837
0.2626966589873976,0.24018204544333072,0.20973629175886588,0.2502310184747732,0.20838051584007533,0.25017531327858644,0.2084195065864105,0.25158373364300823,0.198703431196611,0.30983783412682836,0.13782356930852097,0.13624598670931226,0.12580261612367083,0.13646474001771164,0.1258029669239697,0.1363731128995032,0.12561565667186192,0.13666097383690395,0.12601194898505053,0.15308681042734035,0.15242548882248474,0.13485944211355227,0.13531467969563693,0.13529806177848458,0.13513743424618097,0.1351467319418272,0.1352991562659075,0.1355247657137716,0.13488872866110346,0.15244475865284746,0.15250647413970259,0.1348201646357332,0.13524218255968007,0.13555882593146418,0.13536604845751055,0.13548704434433728,0.13529306282930847,0.13533323261601765,0.13479436291094948,0.15255067971888653,0.13767270796999398,0.13636403690480242,0.12558157261780012,0.13659442225373014,0.12561456163218487,0.136455412535204,0.1256007754839713,0.13648389292038088,0.12623955913427687,0.1531523576727804,0.26252956576143827,0.2401853899899678,0.20947290450932055,0.25014008173442615,0.20829298880329833,0.2501103004372409,0.20850288351511587,0.25144947770953874,0.19871950970113328,0.30970862126773724
0.27119592947100146,0.24738240181334803,0.2149810013183952,0.25818884844574774,0.21338791943435198,0.25816260499375887,0.21340225990530415,0.25986702237645487,0.202964525050088,0.3214746389036344,0.1417701626810282,0.13981327011120165,0.12860180704424706,0.1400296076436856,0.12863311458983195,0.13995668881694978,0.128401909934246,0.14018001122305807,0.1287948623796904,0.1582250557993568,0.15744547176426377,0.13814409769616642,0.13862159506743232,0.13863742392018769,0.13848369812173766,0.13852243593127594,0.13862757951538796,0.13879122417280648,0.1382140119455143,0.157508215429159,0.15747673486801506,0.13806943466745492,0.13856558165515387,0.138937044523177,0.13875799381356446,0.13882127302817437,0.1385857939999356,0.13871683502457222,0.1381045273258774,0.15750133265167154,0.14163757339550387,0.13989102044289425,0.12829965293652057,0.1401780400093281,0.12842044862146818,0.14007054083565273,0.12837735596780991,0.14007213050260336,0.12906542036615837,0.15825257154039396,0.27110123375338,0.2474839029942218,0.21470394894486483,0.2581310992862243,0.21326378469090657,0.2580922152033954,0.2134714840741555,0.2597182337718362,0.20303923442296506,0.3213777172516745
0.2798263527237397,0.2545862373994774,0.22008306737788075,0.26621722967652156,0.21823682577719067,0.26623300158628693,0.21821457841150038,0.2682316626343817,0.20701801878128528,0.33345192514385946,0.1457348347237848,0.14335074319291857,0.1313786959691225,0.14361392271097267,0.1314136668285809,0.14360199452789302,0.13117013245306752,0.14370136738056827,0.1315137623307301,0.16344236456554423,0.16253446002906002,0.14138380319960359,0.14195012812169405,0.14197819369718467,0.1418698059185874,0.1419542470079328,0.14194657459322496,0.14203644447320019,0.1414581873875732,0.1626343633591117,0.16249836530114242,0.1412806998617968,0.14192962229425127,0.14225459397896933,0.1421067565042452,0.14211858042895759,0.14187101382518724,0.14210288231128265,0.14134653413359838,0.16249763731646433,0.14558304346511003,0.14337665455803317,0.13101526884812542,0.14376065263814103,0.1312085720035,0.14370920323056496,0.13114963202032903,0.14368794640128268,0.13177742981286794,0.16340722832588567,0.27978602914073625,0.25477577521977435,0.21981318449980952,0.2661925459748337,0.21807793505714002,0.2661527525366957,0.21825570019461743,0.2680798088120373,0.20713911914858096,0.3333924154836195
0.28856543360582176,0.26177702961212457,0.22502316162923713,0.2743104773050803,0.2229103763855011,0.2743811954231755,0.2228388602325182,0.27667016637431663,0.21084037430113195,0.3457623266540749,0.1497024723035461,0.146884380918468,0.13415203173512802,0.14725235529048736,0.1341735109554283,0.14733035174485137,0.1339431286062598,0.1472723888331282,0.13421176916080968,0.168732583728186,0.16768666347142952,0.1446027186008189,0.1453378699620912,0.14535688289354354,0.14532609941604463,0.14545880119012694,0.14531044264533594,0.14532242873508067,0.1446480749490402,0.16780581009275009,0.1675859308742491,0.1444861951081452,0.14536381452910535,0.14555811482131042,0.1454521448580634,0.14543427611436943,0.14520917547402618,0.14550884944577136,0.1445441934073572,0.16755619647459163,0.1495086366037665,0.14686066518332264,0.13376394731819136,0.14738478794146037,0.13400569467690499,0.14739612209051034,0.13394520571917323,0.147346011265847,0.1344144295817291,0.16862588283680113,0.2885566611067004,0.26202988596619037,0.2247774947797364,0.27431382891146117,0.2227272064224997,0.27428460381112585,0.22284399262392368,0.27652175612335833,0.21098846870486343,0.34573885936975607
0.29739122913596083,0.26893971448088705,0.22979466608934546,0.2824651296526949,0.2274051204661281,0.28260476313375876,0.2272649385320491,0.2851801492615852,0.2144074783842465,0.35839817021374837,0.1536656265033743,0.15044864653783346,0.1369553696781316,0.15098864447255983,0.13695929273337204,0.15115866742408635,0.13674756314030007,0.1509419779027918,0.13693560765899654,0.17410030083536787,0.1729081656813406,0.1478290347131116,0.1488208343087456,0.14881776302790967,0.14887718031068475,0.14904629922889262,0.14877674831787663,0.14871015825869105,0.14782661517116658,0.17302046731144927,0.17276311673943712,0.14772037898533996,0.14889515525459346,0.14890984459674034,0.1488489804124053,0.14882448448147334,0.1486611130597718,0.14896549561175232,0.14773860337013323,0.1726960846349565,0.15341156238296977,0.15039087894521896,0.13657331082253005,0.15109141817181376,0.13683660106498646,0.15115038407564169,0.13679334490632072,0.1510670232752277,0.1370304266740866,0.1739215706228706,0.2973848248658164,0.26922333983007307,0.22957747124365213,0.28249087931764905,0.2272076771209729,0.28248935562423816,0.22723729468111098,0.2850408393527048,0.214569354933001,0.358404010057338
0.30628320690169797,0.2760612089772172,0.23439334160408992,0.29068188384043536,0.23172047333303153,0.2909053046178107,0.23149121084910756,0.2937660617124207,0.2176995120100269,0.3713529016762913,0.15762180369302475,0.15408004191876618,0.13982058428643684,0.1548632009069102,0.13982030336671886,0.15509996186748998,0.13962021955141102,0.15475890186778923,0.13973022060006768,0.17955087811003517,0.1782092359597423,0.15109400208858492,0.15242965885666898,0.15240026080864155,0.15254372338857491,0.15272242383461548,0.15239586228007873,0.15225254995938375,0.15104606567427498,0.17828634016977402,0.17805272862715893,0.15101831488048145,0.15254348203171159,0.15237945154346622,0.15236131391790103,0.15235009766835805,0.1522801612661251,0.15250069900531654,0.15098040240742022,0.1779394187638298,0.15730299691809319,0.15401659747576574,0.13946779374435753,0.1549258397608792,0.13973184373582787,0.15499686089321657,0.1397158605787946,0.15487524764675054,0.1396843977922912,0.17931554722577142,0.30625053770050703,0.27634158221435734,0.23419752574696157,0.2907246506800931,0.2315201993604203,0.2907725106410771,0.23142877576293774,0.29362994778125495,0.21785588611110768,0.3713783596980719
0.3152211728322034,0.28313004703906813,0.23882345705464975,0.29896590621800845,0.23586271231208178,0.29928786707943844,0.23552356437547134,0.3024385535610078,0.22070107913138148,0.38461806081549277,0.16157530243503682,0.15782075419024255,0.1427870941231617,0.1589124309198684,0.14281111593702495,0.15916982143565106,0.14260411652252758,0.1587650406383641,0.14263517307224238,0.18510106700161844,0.18360523414190555,0.15443188817985326,0.1561918503457677,0.15614006719216905,0.15634462506838886,0.156497828581736,0.1562048675053428,0.15599038633514223,0.15436323895422238,0.18362633874408907,0.1834756776951909,0.15441029771111098,0.15632848327417004,0.156029983567048,0.15605169490873338,0.15606083482662397,0.15610314804960712,0.15615985124668708,0.1543228257052197,0.1833047922343209,0.16120194489879247,0.15777811331440733,0.1424713582241685,0.15892785250844,0.14272967114773089,0.15897023014967293,0.1427493541357268,0.1588048299589065,0.14244256856154475,0.18482763096887694,0.3151410325309468,0.28337906767737814,0.23863063415791624,0.2990204353740823,0.23566655972266698,0.2991402208806425,0.23543835854337453,0.3023024746539976,0.22084522812559781,0.3846518097779361
0.32418826078351914,0.29013692902433696,0.24309609129973148,0.30732634343672954,0.23984252367206144,0.30776176159300606,0.23936967000976694,0.3112135705244383,0.22340144650772742,0.3981852893403769,0.1655409707085999,0.1617076563482871,0.1458982687307649,0.16316982472083447,0.14598238015359394,0.16338941474033608,0.14574333897937825,0.1629882020907214,0.1456835547165336,0.19077229871794532,0.1891183786539189,0.15787848999786902,0.16013229589005568,0.16007111425204051,0.16029880136729002,0.16038967472737242,0.1602283259988409,0.15994498164076254,0.15783323057253384,0.18907274693783604,0.18904657618215198,0.15792144515684087,0.16027071309604668,0.15991402601012983,0.15997269253797403,0.15999292421542355,0.16015050583292756,0.1599835801186053,0.15781970035990017,0.18880719503910887,0.16513112876149394,0.16170826383903653,0.1456088837195818,0.16313359681279832,0.1458709347533106,0.1631077677626902,0.14592686591684229,0.1628944200111151,0.1453605017070711,0.19047763587030636,0.3240469970389595,0.2903350319048146,0.24287862124573006,0.30739154069075725,0.23965357934704246,0.3076061174575507,0.23927897323395808,0.31107351865623656,0.223532745802279,0.3982160850753417
0.3331700787586549,0.2970761569317286,0.24722591793936693,0.3157773017774317,0.2436683938428682,0.3163408521980948,0.2430388640385468,0.32011306795698014,0.22579254933128218,0.4120436086566555,0.16954023107509536,0.16578092271662198,0.14919840292248476,0.16765340609496115,0.14937355324263502,0.1677861548087291,0.14907768718921754,0.1674385982615238,0.14889823973356636,0.19658789838183993,0.19477288705527068,0.16146722898984095,0.16427380477984793,0.164212207605545,0.16442946770191252,0.1644261744805401,0.1644733007695821,0.16412033142039228,0.16149989932104464,0.1946594011636134,0.19477966401550517,0.1615789667048103,0.16439778158049045,0.16406233545462728,0.16415641885770538,0.16416215819596458,0.1644274954561603,0.16401532426712606,0.1615146446910618,0.1944592641543394,0.16911744120794997,0.16583485085467276,0.14891281134932427,0.16757312048012174,0.14920263281300172,0.16745108039758738,0.1492875439163457,0.1671876897094578,0.1484815544914888,0.1962854138223596,0.3329642917319827,0.2972153200585691,0.2469541978861633,0.31585510695740554,0.24348991206963344,0.3161862723329978,0.24296580363985437,0.3199667160742562,0.22591598329525708,0.41206397010735824
0.3421553589667997,0.30394601769790514,0.2512312994456328,0.3243369837740901,0.24735055223582308,0.32504109118923413,0.24654856485023757,0.32916133749296306,0.22787546691338023,0.42618048883730153,0.17360077664652696,0.17006886137927013,0.15272825255590083,0.17237572459998984,0.15301360644811463,0.17238732043217386,0.15264955791897106,0.1721306153776409,0.15230457842301737,0.20256861363868595,0.2005909048128537,0.1652292835450475,0.16863511700125633,0.16857561569189872,0.16875725812698472,0.16863805275073185,0.1689362670775213,0.16851469064028396,0.16539093741109817,0.2004171567485552,0.20067860095126283,0.16540298896324113,0.16873472744257179,0.16848193496324826,0.168612245694912,0.16856861218236707,0.16892663829661886,0.1682903848965845,0.16543791004418468,0.20026896099123426,0.17318553313653912,0.1701740901347405,0.15241642393461813,0.17226578774428858,0.15276279432100587,0.1720335950093947,0.1528671965533413,0.17172407809154966,0.1518356400728898,0.20226546436756632,0.3418895048410409,0.30402908375596605,0.25087885643814956,0.32443069193060864,0.24718461963997018,0.3248986088100582,0.24651379666740336,0.3290118563827601,0.2279996069394996,0.4261868823555821
0.351135656138868,0.31074953274456907,0.2551295611994031,0.3330268259148711,0.25089623746924883,0.33388279446653807,0.24991232198638436,0.33838772168132275,0.22965326192659924,0.44058221882509585,0.17775173186167487,0.1745943838726874,0.1565173910865283,0.17734214771161305,0.15691494398272438,0.1772218036744777,0.15648584752874573,0.17706503149313663,0.155920293687762,0.2087322606257327,0.20658988455577287,0.16918907022394614,0.17322769043973468,0.17316458265336937,0.17329948104016307,0.17305696040610186,0.1736058134450268,0.1731149829887615,0.16951649671529573,0.2063689242313051,0.20674600430785073,0.16941174180387109,0.17330456677052702,0.17315502201169763,0.17332897182838952,0.1731957409740103,0.17363383626236462,0.1728340911776124,0.16960360399693597,0.20624399796174714,0.17735372957360562,0.17473556536022566,0.15614791466577033,0.1772135376800797,0.15658384265368375,0.17688108316453444,0.1566965502584054,0.1765341176932414,0.15543748516738698,0.20842867733012005,0.35081895111430683,0.31078770416523044,0.25467971473675743,0.3331387931996115,0.2507454806577926,0.33376363636564566,0.24993451694385116,0.3382421863568965,0.2297926377490288,0.44057427606426
0.3601039727354195,0.3174933554095754,0.25894027405616415,0.34186921262273295,0.2543112750482984,0.34288963833920005,0.2531452445338015,0.3478249757574377,0.2311363928582043,0.45523309301656717,0.1820209619534786,0.17936942420680968,0.16058578296379272,0.18254895942868476,0.1610759707221175,0.18231055533621104,0.16060441857946223,0.18223862462888496,0.15976275534180484,0.21509517725669824,0.21278434968608845,0.17335957231943244,0.17805537253729714,0.17796935395367341,0.17806485391812676,0.17770447659443162,0.17846461297767424,0.17790586947143744,0.1738715451339844,0.21252864368257252,0.2129809247862683,0.1736148553564001,0.17812082419596925,0.1780487044335165,0.17827736418745505,0.17801871616656334,0.1785311557958018,0.17765222532348846,0.1740107386367462,0.21238595147666478,0.18163531412090878,0.1795278678172872,0.1601324109906403,0.18240837640381885,0.16068149954426636,0.18200111061728758,0.1607932171835908,0.18163398393371222,0.1592911577374736,0.2147793784893237,0.3597482539603687,0.3175053702396406,0.2583860773325503,0.3420010600621033,0.2541794721496913,0.34280203027410455,0.25323689199742383,0.34769292833427784,0.23130482041475897,0.4552136934764762
0.36905369336491545,0.324189086102434,0.2626824861898137,0.350887746748311,0.25760311890592746,0.3520867038906282,0.2562606081513026,0.3575069492993239,0.2323395337968539,0.47011540189762746,0.1864291341689832,0.18440000770421855,0.1649372927772504,0.18798365486009028,0.16548230162984173,0.18766025919519963,0.16500779508818308,0.18764931977008165,0.1638495942989444,0.2216601366647435,0.21917409110811348,0.1777445127510624,0.1831161452884088,0.18297244601810458,0.18305193081609067,0.1825884945111581,0.1834954549233444,0.18287924843215575,0.17844039909897447,0.2188952385891998,0.21938053291396775,0.17801520603852172,0.18318985352865574,0.18312248603388143,0.18341725325569425,0.1830063206469233,0.1836029656991892,0.18273156842983085,0.1786388567207054,0.2186973398927759,0.18604363920780354,0.1845514350006544,0.16438253097266098,0.18783234485703848,0.16504897599669544,0.18738007986940775,0.16515869438233566,0.1870205869142656,0.16339241742997684,0.22132121080492506,0.36867260919803424,0.32419648374646476,0.26202885734879827,0.3510422673231389,0.25749256600535403,0.35203633117263516,0.2564264458422289,0.35739768384980225,0.2325513963732727,0.47008921609743093
0.37797841257047604,0.33085277693372833,0.26637382074525995,0.3601064102719155,0.2607787120781242,0.3615008521181219,0.2592666357667751,0.36746925703800626,0.23327886811845977,0.4852101988898906,0.19098762648604717,0.18967527898698477,0.16956062300552216,0.19362424045136356,0.17011031167738339,0.1932609424968178,0.16967963861260582,0.1932829003581869,0.16819116304880172,0.2284324358818422,0.2257589076384191,0.18233016192654117,0.18839604827468198,0.18814503016589984,0.18824726450441243,0.18769756719098413,0.188678611363359,0.18801839794654807,0.18319327636195332,0.22546089816701592,0.22594195822956192,0.18260603311613532,0.188498092468245,0.1883330315486349,0.18870358550063077,0.18812914792607888,0.18883052444013199,0.1880363016925552,0.18345999123437412,0.22517758517183278,0.190583118909865,0.18980817448630666,0.16890356193504713,0.1934596432408951,0.16967237368740468,0.1929918333326346,0.16978403431590988,0.19266861248159473,0.1677326744460671,0.22805195597228467,0.3775856233356062,0.33087828494202004,0.26563884155897655,0.3602874724295364,0.2606937470308538,0.36148852175056484,0.2595069257815504,0.367387402244314,0.23354815824955566,0.4851814523281888
0.3868714492778007,0.3375038690252927,0.27002994726951707,0.3695480245067303,0.263846450447751,0.3711577644491373,0.26216759767015374,0.37774496174799654,0.23397294382495742,0.5004944142972583,0.19570079464232615,0.19517892888870253,0.17442655255010991,0.19944281708951977,0.17492923375073527,0.19908207739599132,0.1745900417910975,0.19911869231730883,0.17279522750742232,0.2354037975644357,0.23252922482332167,0.1870949879677477,0.19386934553148422,0.19345522557231143,0.19362111775539648,0.19299750698982382,0.1939950789761955,0.19331205627959736,0.18809754737429119,0.23220676053811962,0.2326643712990334,0.18737259101499099,0.19401974863337768,0.19364117446594892,0.19409429073906365,0.19336043188698204,0.19419713504091074,0.19351697816458113,0.18843533524470846,0.23182542108110138,0.19525400478644295,0.19529104176592932,0.17368100717242868,0.19926158350124334,0.17451650301712585,0.19879509416708535,0.17463959974529297,0.19853645611773707,0.1723013746295587,0.23496997863039976,0.38647904712026404,0.3375665221075641,0.269238730225719,0.3697595913359417,0.2637896300039251,0.37118234290808705,0.2624771077881408,0.3776916909036576,0.23431085637071536,0.500467824833768
0.3957263102086521,0.34416475849602923,0.27366530013814583,0.3792336313340582,0.2668142392555962,0.3810816425102669,0.2649636431699439,0.3883642461357016,0.2344405241984962,0.5159425010202341,0.20056604639325148,0.20088337312939736,0.17949689886426123,0.20540415489923602,0.17990683943638924,0.20507613771947186,0.17969591172948762,0.2051262863619578,0.17766243024000083,0.24256090439930367,0.2394716533749613,0.19200579330867257,0.1995006994938785,0.19886395517941102,0.19913095272069792,0.19843687849430353,0.1994240398634602,0.19874233347944104,0.19311686185002575,0.23910948851948072,0.23954719467909225,0.19228662402048952,0.19971109717514146,0.19901213370847315,0.1995533354137699,0.19867528115512095,0.19968246010422086,0.1991167015794838,0.19352465089248916,0.23863819495190458,0.20005778030905658,0.20098264479642214,0.17868753245548846,0.20520337228109425,0.17953901086946483,0.20474073802851528,0.17969091516904234,0.20457181238999378,0.1770897877145679,0.2420689498814081,0.39534444585810197,0.3442795967767216,0.27284576172875424,0.3794821814980285,0.26678558965804144,0.381139031208313,0.2653327518498486,0.38833611192234996,0.23485534034348188,0.5159214682709456
0.4045353221748981,0.3508601302772605,0.27729146463726995,0.3891809895616829,0.2696892703346033,0.3912935235481328,0.2676486723868393,0.3993544683115521,0.23469979888135273,0.531525412103476,0.20557512007590706,0.2067582725148731,0.18472690210389842,0.21146627521094702,0.18501151578350683,0.21118725572002345,0.1849481093021797,0.2112645266282931,0.18278122312999012,0.24988953811030784,0.24657397768845524,0.1970206263346284,0.20524654143360666,0.20432872765959903,0.20473226332614752,0.2039599859001427,0.2049397168051061,0.20428003171608172,0.19821700616757648,0.24614723628829238,0.24658763533129596,0.19731199235905078,0.20552281580548193,0.2044181876071003,0.20505176939422687,0.20405218184814422,0.20526167448858756,0.20477594250388997,0.19869300058705197,0.24560631411714628,0.20498637325171742,0.20686420109507409,0.1838778586122315,0.21124846969440636,0.18469140121044147,0.21077576901024514,0.18489322506848044,0.21071447450224923,0.1820878572806912,0.2493381023297504,0.4041717523272048,0.351036485450963,0.27646917652121067,0.38947321890617953,0.26968484977617135,0.39137649980065103,0.2680664454128425,0.3993434763226642,0.23519353949072658,0.5315122373014268
0.4132912863826502,0.3576153709909238,0.28091612012373945,0.3994038297307416,0.2724732890796847,0.4018100952982955,0.2702146742275869,0.410737352454686,0.23476249029523677,0.5472111145180475,0.21072196132454019,0.2127659537418568,0.19006833650606564,0.21758755557131404,0.19021221700009777,0.21735096748645205,0.19029646129988675,0.21748545996063012,0.18812854736643847,0.25736725628381224,0.25381896763984935,0.20209536334528988,0.2110530353109104,0.20980839400783097,0.21037112196996255,0.2094990570101381,0.21051151473391116,0.20989336773750156,0.2033623408195498,0.25329695737662483,0.2537816454382339,0.20240619662226084,0.21139376509368218,0.20983818318003972,0.2105669711010349,0.20946934859219568,0.2109051050386901,0.21044231538956765,0.20390338130812113,0.25272524793674245,0.2100368608178088,0.2129034007599402,0.18920432752281324,0.21736014577134966,0.189935800821517,0.21685167864975768,0.1902042900448072,0.21690502792515526,0.18728809781120553,0.2567690006643396,0.4129515575129905,0.3578569228473583,0.2801133553323789,0.3997452366413794,0.2724887593606953,0.4019092277318494,0.2706683435808213,0.4107328419340415,0.235338279405499,0.5472049075661742
0.4219872148106673,0.36445545703985277,0.2845439101032423,0.4099094647898714,0.2751653993074475,0.41264138648907095,0.2726518676687347,0.42252914819467924,0.23463850591625246,0.5629635873747766,0.21599883260619113,0.21886864307818,0.19547726309367774,0.2237258979161087,0.19548524768278025,0.2235088798384538,0.195700776969929,0.223737067036353,0.19367345617443088,0.26497410763201024,0.261191794100289,0.20718464248867768,0.2168688010197471,0.21526536222689124,0.21599542142477196,0.21499333561854128,0.2161066115743293,0.21554152371402097,0.208520630899877,0.2605434656665906,0.26112318421452174,0.20752257636624005,0.21726713201001802,0.2152547471382214,0.21608132418888104,0.2148999058836683,0.21657813433224932,0.21607039142848583,0.20912502259340254,0.2599834131841258,0.2151977701182734,0.21906145097494367,0.19460966215021863,0.22349723815061195,0.19523338164159698,0.22292363871680976,0.19558223164438765,0.22308807399096148,0.19267940977197784,0.2643479976331657,0.4216713478961959,0.36476074430077154,0.28377259259436755,0.4103032821282382,0.27519113590839583,0.4127463555750477,0.2731265493070105,0.42251877890764294,0.2352978025567143,0.5629610068665396
0.4306144028991419,0.371404104794264,0.2881733779708726,0.4206982812310567,0.27775826659079683,0.4237907162169795,0.27494599443554624,0.4347388579396348,0.23433544877498214,0.5787424056983294,0.22139749012814824,0.22502590920862725,0.20091160882469244,0.22984168416160078,0.20080822993311337,0.22961037819976343,0.20112831742013004,0.2299686934223632,0.1993743098610336,0.27268673620924533,0.2686785371411659,0.21224314860303506,0.22264488269424826,0.22066401606951347,0.22156063146899313,0.22039200821069416,0.22168872096137132,0.22117815726421486,0.2136633233577599,0.2678735094214052,0.2686020192546825,0.21261576229384893,0.22309198576284917,0.22065001034465304,0.22157706406664285,0.2203194348910929,0.22224399792446914,0.2216266514911321,0.21433262476275244,0.2673654201770065,0.22046035541875086,0.2252926724507105,0.20003205508745187,0.22962223694648737,0.20055266860069537,0.22895379937439042,0.20099064646208603,0.22921745622210793,0.1982439919792217,0.27205428587917757,0.43031832627367217,0.37176621200179166,0.2874330985921656,0.4211433148472691,0.2777809217046318,0.4238901127192368,0.2754261118443698,0.43471059349333363,0.23507772318728887,0.5787374790758072
0.4391622159263493,0.3784825470449128,0.29179758279548795,0.43176331730540557,0.28023735117536497,0.43525488842504517,0.27707713123153455,0.4473685293769404,0.23385474829949077,0.5945038429046094,0.22690500513981715,0.23120227809452193,0.2063331052141057,0.23589970743226185,0.20616584277825467,0.23561571487930372,0.20655543841390683,0.23613586153426452,0.20519028413962676,0.28048325853031475,0.2762657973680849,0.21723034958620668,0.22834158771343965,0.2259762809686206,0.22703377884870063,0.22566124355540335,0.22721974269404366,0.22675598942144054,0.21876672622098076,0.2752791621888988,0.2762049606622067,0.21763849610427954,0.2288294499708745,0.22600488589014422,0.22704072385155533,0.22569315359790432,0.22786407744015374,0.22708754891654148,0.21950692545550526,0.2748491847183563,0.22581687355194663,0.23155284447166974,0.20542390709737973,0.23569332096065143,0.205868880977793,0.23490991732263522,0.20639811352353188,0.23525587456690306,0.20396307931469565,0.27986324099515325,0.43887988234824377,0.3788899722678828,0.2910797672633585,0.4322531046070793,0.2802399436367322,0.435336252415361,0.27754919787805543,0.4473112020267947,0.23467991397025217,0.5944881248813328
0.44761936068953784,0.3857077580633666,0.2954057106976249,0.44308912394053235,0.28258151446799995,0.4470231633157631,0.2790217933882062,0.46041436955931914,0.2331942399449486,0.6102005635815492,0.23250615686248544,0.2373622937661245,0.2117109381864678,0.24186916887664328,0.21154133269482672,0.24149871761538722,0.2119694272604986,0.2421974398473159,0.21108189873626693,0.288341550582281,0.2839395960645006,0.22211037320237614,0.23393031431861522,0.23118122671255825,0.23239521140029867,0.23078451322131244,0.2326680596534046,0.23223008566812547,0.22380908106537073,0.2827541129676865,0.2839140854575849,0.22255193252022093,0.2344518198709501,0.23130189061708434,0.2324602577019413,0.23099218109576897,0.23340168487912805,0.23244064607496423,0.22462423413550392,0.2824178313835002,0.23125989017320991,0.23779580032243952,0.2107466995878619,0.24168373946645239,0.21117638022807894,0.24077459445061428,0.21178645680092328,0.24117653525597543,0.20981022602705995,0.28775389662174355,0.4473433648403925,0.38614736959398477,0.29469447807209614,0.4436123719327665,0.282548761918089,0.44707423965641013,0.2794762551976353,0.46031478442629337,0.2341053265389174,0.6101618436678926
0.4559720858977165,0.3930921266991453,0.2989823537802074,0.4546523573894725,0.28476380953775027,0.45907735365183905,0.2807550168337672,0.47386012186135595,0.2323545531890655,0.6257799326485006,0.2381958941420751,0.24348067405038976,0.2170242237898261,0.24772853326320726,0.216924064512368,0.24724937384532553,0.2173628493110113,0.24812308153155838,0.21701140998324714,0.2962414008751231,0.29168514700265435,0.22685744014871556,0.2393940934273781,0.23626527899409322,0.23763592885822976,0.2357640474976948,0.23800694051501314,0.23756787949688768,0.22877052585392305,0.29029384046254386,0.29170613106715937,0.22732632047152318,0.239945755248669,0.23651610768972348,0.23781650273817795,0.23618945737735048,0.23882853950989497,0.23767985869026415,0.22966693184173842,0.29004650053784287,0.2367800899120579,0.2439832350822172,0.21597120326355662,0.24756124177194982,0.21646673158936958,0.24653488793548256,0.21714207803539404,0.24696234795352534,0.21575238462122065,0.29569973187959486,0.45569594787458484,0.3935488365671603,0.29825426989575465,0.4551943369055014,0.2846809000992816,0.4590877485951613,0.28118388695507307,0.47370803937668576,0.2333520247037344,0.6257052568692949
0.4642041643182096,0.40064314961310077,0.30250804725516867,0.4664223822369765,0.28675453267113293,0.4713937413856805,0.28224772935092507,0.4876840678256507,0.231338300692073,0.6411869459469388,0.24396695386828876,0.24953014778984856,0.22226148707976207,0.25346322216224226,0.22230108080187982,0.2528688962113024,0.22273718375146118,0.2538889111053543,0.22294952076692753,0.30416204341236813,0.2994912138018141,0.2314488188375744,0.2447296451269263,0.24122265181962804,0.24276418871877437,0.2406174070071655,0.24322303607703621,0.24274779335687052,0.23363521407915583,0.2978929419617668,0.29956025242837436,0.2319419940695348,0.24531116380203905,0.24162776006668896,0.24309910322700284,0.2412649952780802,0.24412703746072795,0.2428063626574477,0.23461618095757608,0.29771426401011936,0.2423748130806564,0.2500884766381549,0.22108583050956637,0.25331251580434266,0.22174085808542937,0.25218968391236785,0.22246716107003905,0.25260216822729875,0.22175395882214521,0.30367215681818227,0.46392491372825767,0.401103984481882,0.3017352623159229,0.4669699056427271,0.2866104849544052,0.4713571864558407,0.2826493230199637,0.48746926861767365,0.2324197930686936,0.6410625676154311
0.47229809720941973,0.40836350856269243,0.30595828777643685,0.4783634816644754,0.28852401072227973,0.4839436456062266,0.28346927585702153,0.5018552618992435,0.23014775805651916,0.656364676526184,0.2498138335796491,0.2554889213022394,0.22741782365111735,0.2590679422144756,0.22766439192898347,0.258367496685026,0.2280990936237398,0.2594787187504097,0.22887570869409485,0.312085438596635,0.30734588844194843,0.23587502546544287,0.2499471447100477,0.246055609942755,0.24779874979774502,0.24537301316761645,0.24831241241540575,0.24776237974531706,0.2383887497059825,0.30554365470306655,0.3074519068381975,0.2363801535679882,0.25056014253333303,0.2466163239059268,0.24829631379602263,0.2462100209911735,0.24929062679032488,0.24782420896812424,0.239457862254997,0.30539742038037865,0.24803945525962834,0.2560808585022818,0.22608904208162184,0.25893115220236645,0.22700371143950526,0.2577401871527256,0.22777064792638058,0.25809255578179124,0.227779383023953,0.311639183907256,0.47201775244146676,0.4088184346064586,0.3051132094216302,0.4789071435652426,0.28831159075088086,0.483859560470623,0.28384653848173047,0.5015691332190615,0.2313087907126115,0.6561762460088892
0.48023555280097713,0.4162517366267476,0.3093050654323254,0.49043747349758476,0.29004230314192775,0.49669723343276323,0.28438571730644185,0.5163365585850167,0.22878722798623874,0.6712561636223136,0.2557315991235972,0.2613427800591155,0.2324972914842071,0.2645450016606252,0.23301307639887187,0.2637616932697868,0.23345592261023246,0.2648873112564204,0.23477895709883312,0.3199921963112208,0.3152371020945775,0.24013133533163478,0.2550670021794358,0.2507767186463131,0.25276609736837996,0.25006249261063157,0.25328520129883114,0.2526195697291774,0.24302282464926545,0.31323800149928366,0.31536228407728895,0.24063845555891228,0.255716020715997,0.25147738171564626,0.2534059966534761,0.25102856903358195,0.2543281382657908,0.25274337617350995,0.24417917502672187,0.31307732080527134,0.25377217216806486,0.2619516656892086,0.23098782460889683,0.2644177835619055,0.23226529883593444,0.2631921020735779,0.23306458654334017,0.2634314149878466,0.2337953346948078,0.31957243501192933,0.4799626928156925,0.4166940852443286,0.3083636591569384,0.4909738592867095,0.2897594911430875,0.496569802776137,0.28474777910082416,0.5159717276370793,0.2300224921879343,0.670988744120034
0.4879985628605087,0.42430304005020025,0.31251921074308375,0.5026059567011294,0.2912800887945809,0.5096253545030108,0.2849657469111733,0.5310862182003561,0.22726775714123765,0.685805387111127,0.26171816198765685,0.26707897671170294,0.2375090642502305,0.2699034407956322,0.2383508688538094,0.2690720113186076,0.23882539168183803,0.27011981731331636,0.24065714649479353,0.32786596272783086,0.32315017415559333,0.24421964998931922,0.26011495381659777,0.25540576805616033,0.2576973002126759,0.25471882480664076,0.2581655786537288,0.25734194679592626,0.24753422614080556,0.3209647079839685,0.32327378383704597,0.24472731356042876,0.26080977048950416,0.2562137266503162,0.2584372076613862,0.25573252854047357,0.25926331141456804,0.25757698980807064,0.24877155880038232,0.3207442442805598,0.259575665872475,0.26770086591969755,0.23580022909663612,0.2697883732443782,0.23754334706820424,0.2685556050370056,0.23837029576950175,0.2686255282742128,0.2397781825646763,0.32745121363459195,0.4877480252752907,0.42473031966723596,0.31146744250953323,0.5031349862613637,0.2909368326888082,0.509459983331942,0.28532802754780373,0.5306349247255149,0.22856986484751568,0.6854430536116121
0.4955700604404215,0.4325109822920199,0.3155711258922147,0.5148310086665895,0.2922157736491446,0.5226990537885184,0.28518186949340035,0.5460575302515634,0.22560170068431057,0.6999576259917853,0.2677733336815993,0.2726995865105509,0.24246607730299757,0.2751638326883659,0.2436883516640561,0.2743194244769309,0.24422806807778935,0.27519201500048474,0.24651851717565537,0.33569115617945167,0.3310772541071969,0.24815424793984886,0.2651234416369359,0.2599709307770425,0.2626225078628226,0.2593740225233868,0.262987792989253,0.26196734077604034,0.25192796495182596,0.32871274171808085,0.3311768427695252,0.2486522950020706,0.26587071930096207,0.26084219726517455,0.2634039885159243,0.26034431708369277,0.2641310130799195,0.2623447870643245,0.25323604150255863,0.32839122015657385,0.2654474530293282,0.27333530156348324,0.2405475662149118,0.27505857066977096,0.2428513572830227,0.273839734732379,0.24371224939629782,0.27368038662232397,0.24571555574573511,0.3352539763423749,0.49536093374794005,0.43292598673165344,0.3144055621410561,0.515357437607518,0.2918289437458184,0.5225032396311899,0.2855636087660692,0.5455116948221901,0.22696805413672622,0.6994831923080399
0.5029341024088768,0.4408682346599151,0.31843649572124855,0.5270756716153114,0.29283575947914064,0.5358906843767901,0.28501190520512953,0.5612003729862676,0.22381146064721014,0.7136584480053153,0.2739007455214247,0.27821362987535686,0.24738868464502817,0.28035270101563636,0.24904908318475827,0.2795268236827046,0.24969011467647284,0.2801325179898892,0.252378419127523,0.3434551340138215,0.3390138023798177,0.2519473877226396,0.2701280165346469,0.26450709219611757,0.26757325599206755,0.26405338468254824,0.26779331093799663,0.26654615891726274,0.25621682837235016,0.3364683938376125,0.3390665184956334,0.2524339875705943,0.27093224387498693,0.2653931089295844,0.26833261163353206,0.2648997426685017,0.26897233740017984,0.26707492421325446,0.25758326605718895,0.33602271915736726,0.27139286194477996,0.2788761758527777,0.24525436641560122,0.2802536442828693,0.2482055183471944,0.27905495309159645,0.24911874686095792,0.27860958739034647,0.2516073041557668,0.34296807793489126,0.5027874425228918,0.4412771875485455,0.31716094557405783,0.5276092696171781,0.29242351492933566,0.5356739079715721,0.2854299735071969,0.5605529057362091,0.22524112110288036,0.7130566100059953
0.5100764880916978,0.44936911191498546,0.32109220187665716,0.5393082833618345,0.2931293718140583,0.5491750399889747,0.2844454694965709,0.5764590954389102,0.22193976627772427,0.7268551875411141,0.280104984163297,0.2836316380435614,0.2522938505912786,0.2855025588406911,0.2544649141236429,0.2847189058891617,0.2552478429567202,0.2849761740934391,0.2582578619766418,0.3511466865211272,0.3469535806043329,0.2556204562242279,0.27516342570054386,0.2690463307132773,0.27257649724735045,0.26877579871776336,0.2726272366906812,0.2711317119474395,0.26042504807897876,0.3442320206216878,0.34694646501786297,0.25609445171514966,0.2760293448052379,0.26990367072332255,0.27325709088312916,0.26944375122417874,0.27383876019532705,0.27179893249356746,0.2618348990280872,0.3436420278651768,0.2774113363348135,0.28434709505878253,0.2499451224542138,0.28540808152821573,0.25362741517673015,0.28421537731564517,0.2546196749756945,0.28342721472626725,0.257461460846052,0.35058557802691215,0.5100162164034916,0.449780780062252,0.31971110337181974,0.5398612525991122,0.29271412572588695,0.5489455730744374,0.2849131212606852,0.5757057120793427,0.22341948787537025,0.7261155733568492
0.516989587734157,0.4580086237155597,0.3235190903672169,0.5514986807264636,0.2931023548196885,0.5625270104833949,0.28348032569836956,0.5917729852603991,0.2200246136263057,0.7394996850384902,0.28639578347905814,0.2889915453716246,0.25719937196924986,0.2906510061683707,0.2599716390737591,0.28991112601808433,0.26093388153607033,0.2897554946090545,0.26418890804414574,0.35875221328425866,0.35489018259642435,0.25920138595038394,0.28026295906818643,0.27362645974620914,0.27765562953544287,0.2735569370822206,0.2775281968910991,0.2757782690133267,0.2645777307121506,0.3519994497886099,0.354821739750037,0.25966108168193575,0.28119608075552177,0.2744245551112332,0.27821682245438695,0.2740234308101884,0.27877912239116415,0.27655739053592165,0.26601870401561634,0.3512612656519215,0.28351433843897456,0.2897734191529434,0.254660243682048,0.2905526411678485,0.25914584706172356,0.28934086868836195,0.2602551985419512,0.28815670796805126,0.2633036379918006,0.3581046453582869,0.5170356224547068,0.45843158995849637,0.3220422625043608,0.5520849529089862,0.29270005523453657,0.5622936234235041,0.2840064917152064,0.5909167248232204,0.22153926566458493,0.7386182994319553
0.523660127684012,0.4667852417692222,0.3257072922085935,0.5636211618132533,0.2927653294939877,0.575925877968221,0.282118518255603,0.6070912075391223,0.21808913911578087,0.7515562917451473,0.2927828709925432,0.2943029716419952,0.2621461569542116,0.29582861469542765,0.2656126402421439,0.2951098677095336,0.2667865426561648,0.2945051747830635,0.2701911531180483,0.3662669173724957,0.36283071820654567,0.2627075196427152,0.28546387154926084,0.2782825794741956,0.28283610304354345,0.27841265442263297,0.28253816857105685,0.280537675021688,0.2687070648123224,0.3597651879695952,0.3627033057392819,0.2631652550513432,0.28646399870193695,0.27900064768218474,0.28325641673991064,0.2786841885256377,0.2838373275814705,0.281389941480153,0.2701689469338571,0.35889347029393326,0.2897083584849637,0.29518520694258255,0.25942472978943437,0.29572206760213166,0.2647930847991438,0.2944502201696066,0.26606595449032544,0.2928251476908329,0.26916299133188276,0.3655252539994394,0.523835847218943,0.4672274821010557,0.32413914813798583,0.5642559141081277,0.2923873099963538,0.5756962018131933,0.2827156347182687,0.6061291913822912,0.2196427702511789,0.750528122311398
0.5300816406979261,0.47569789241009514,0.3276519031699779,0.575654527001124,0.292136504209624,0.5893516555041698,0.28037700369048124,0.622353392701501,0.21616965610787892,0.7629917346511889,0.2992748837586773,0.2995970260167908,0.26717116484187353,0.3010691283758566,0.2714312198857408,0.30032987779314085,0.27285345509033687,0.2992604795191183,0.2762852151023859,0.3736884305121848,0.37078070862356427,0.2661728522660291,0.2907968853064738,0.2830440956215249,0.2881345262278524,0.2833574521751788,0.28768818501983245,0.28545499040160527,0.27284203153415754,0.3675339295281591,0.3706032574936181,0.2666368099959312,0.29185714423125064,0.28367528833755173,0.28841301521554885,0.2834687512137317,0.2890440254323086,0.28634213144817094,0.2743302192078045,0.3665520944528164,0.29599794752977004,0.30061008570593506,0.2642757528386337,0.3009465861531788,0.27060046832164,0.2995657766145591,0.27209675133756234,0.29746279596798386,0.275079839247122,0.3728519001827654,0.5304098189823833,0.4761666329529407,0.3259933762034873,0.5763539528407458,0.2917838503597556,0.5891332157965019,0.2810557424283515,0.6212859863055702,0.21777712224612045,0.7618159480262754
0.5362501910957724,0.48474756918668715,0.32935131541249374,0.5875826792397065,0.2912400469482374,0.6027870902824402,0.2782787925855784,0.6374979246742347,0.21430090698602322,0.7737800917238538,0.30588136919348774,0.3049021104425194,0.2723101543873456,0.3063992247408803,0.2774677530211075,0.305581288211356,0.27917906344129695,0.30404983171095684,0.282488525609108,0.38101338221429193,0.3787478472680951,0.2696314895984203,0.2962891219207221,0.28793669186911497,0.2935649563753642,0.28840242261543053,0.29300568744342426,0.29056207717500615,0.27701742814257435,0.37531538019115135,0.37853488802937063,0.2701101416872288,0.2974035421000152,0.28849154927386655,0.2937224140901056,0.28841497122148907,0.2944295257282389,0.29145059203060664,0.27853310356436545,0.3742503018828294,0.30240384986687174,0.3060701718604579,0.2692431999578307,0.30625502923727677,0.2766002502445625,0.30470834836875393,0.27839617223254914,0.3020967030517517,0.28108573853365515,0.3800899060042295,0.5367504663528245,0.48524864502683834,0.3275972854267123,0.5883615876535726,0.2909089457107865,0.6025862269230182,0.2790534379052614,0.6363273792974219,0.215988564908959,0.7724611584598773
0.542164243067443,0.49393644996733604,0.33080852649356673,0.5993950251292358,0.2901020761789965,0.6162183763768645,0.27585210629727297,0.6524655214207217,0.21251286001078273,0.7839049656128692,0.31261333072246655,0.31024456727631083,0.27759984716178676,0.31183820850130217,0.28376107772336134,0.3108667340822244,0.2858064180174874,0.3088884000420625,0.28881319254973614,0.38824345850368835,0.3867434465682762,0.2731162579711383,0.3019617632847883,0.2929768985685193,0.29913428547183196,0.2935587787672601,0.29850024359502225,0.2958839023790234,0.28125099519870167,0.38312186299143447,0.3865108832183258,0.2736128310857505,0.303123667507427,0.29347026938017406,0.29920612295577276,0.2935400254504343,0.299995405159258,0.2967487579157708,0.2827991619857496,0.38200675793986727,0.3089351646829337,0.31158725385982644,0.2743563775071299,0.31167401940332895,0.28283861609744604,0.3098911760306514,0.285012010487098,0.30675359749486264,0.2872210412581596,0.38724378471770987,0.5428568525116978,0.49447502838759444,0.3289463438664567,0.6002684017119081,0.2897818433657196,0.6160351549919013,0.27675020573469755,0.651190623290304,0.21433191693194792,0.7824500550019361
0.5478261081348519,0.5032672227396284,0.33203047690638343,0.6110848304681749,0.2887545016348835,0.6296317161496446,0.2731323779718659,0.6671970688292973,0.21083427523270976,0.7933589055085608,0.3194828472889335,0.3156465795591245,0.28307538137414023,0.31739575582000334,0.2903465182523511,0.3161873292102789,0.29277466530067364,0.3137859570036954,0.29526799012389016,0.39538003238474007,0.39477406848722263,0.27665720168260827,0.3078282822914471,0.2981736326168718,0.3048434824593084,0.29883269328126505,0.30417332402486186,0.3014294561830569,0.2855625891930962,0.3909637505654856,0.3945384142979537,0.27717382116968575,0.3090311052910687,0.29863228560864913,0.3048726147063038,0.2988520265559237,0.3057391955144153,0.30225556300517725,0.28715313263866876,0.38983646119540216,0.31561769937699663,0.31716845377286196,0.27965582684102097,0.3172116020818222,0.28935505899991165,0.31512619737279274,0.2919820840440955,0.3114546048762489,0.29350919654040053,0.39432336994290224,0.5487266548133557,0.5038423651422174,0.3300607983200974,0.6120571631444354,0.28843570466474855,0.6294627941112647,0.27418073657576403,0.6658180486836762,0.21283680269959565,0.7917826033453514
0.5532418572787613,0.5127430100784581,0.33302640864996746,0.6226500654539194,0.2872319036349663,0.6430141541197374,0.2701593017341028,0.6816349457623048,0.2092944573539579,0.8021435987311256,0.326501505105847,0.321122080924391,0.2887692747016579,0.3230693770717165,0.2972520263633185,0.3215333282279617,0.30011793178494245,0.318741029185576,0.30185621315360445,0.4024276971816937,0.40284835523915713,0.2802790134163438,0.3138959059810146,0.30352767572277245,0.31068719368427283,0.30422544333561485,0.31001138255623817,0.30719917825002896,0.28996605367864914,0.39885530285132226,0.40262439183346554,0.2808118462509666,0.31513589902687733,0.3039801990937144,0.31071659547066244,0.3043437390346387,0.3116492828918498,0.30798488913286415,0.2916152713256574,0.3977525433877201,0.32246488768812465,0.3228261350393961,0.2851632895824646,0.322877298703218,0.2961696365622296,0.3204191160523804,0.29932938370042916,0.31621375729341406,0.29996640502768135,0.40134490601733697,0.5543632502681476,0.5133553944061762,0.3309416384188264,0.6237280626091841,0.28689460869060524,0.6428589092075325,0.2713768391448502,0.6801520597033907,0.21153111767178318,0.8004677153729444
0.5584192861901525,0.522367950267574,0.33380627426993614,0.634093706084897,0.28556704836390223,0.6563529206969181,0.2669777541898253,0.6957197570248147,0.20793317274174367,0.8102656079296962,0.33367794040086374,0.3266795104010418,0.29470708635578,0.3288464109096595,0.3044931779183999,0.32689317490255676,0.30786429609477417,0.3237486729260135,0.30858258205382877,0.40938928588438345,0.4109713510751125,0.28400028590114335,0.320161206382095,0.3090292545442001,0.3166513495638422,0.30973569879464957,0.31599176995250344,0.3131868664651829,0.29446714523495693,0.4068081082609577,0.410770486049356,0.28454066377617104,0.3214398474540538,0.30949764970965954,0.31671941024844674,0.3099999796222721,0.31769861616674666,0.3139470994366359,0.29619683430601623,0.40576188575242056,0.3294960916487817,0.32855183568304647,0.2909118477608831,0.328661973361755,0.3033211226511199,0.32574991298299416,0.3070861514003022,0.3210418289540278,0.306616647838551,0.4083133008172265,0.5597718280597397,0.5230150971948351,0.33161062909170025,0.635278144751189,0.28519394899923156,0.656200756988364,0.26838917131361456,0.6941305384630954,0.21045455670550128,0.8085169524515807
0.5633681414598083,0.5321469803837318,0.3343801899887556,0.645422678010437,0.28379119823822485,0.6696346157329736,0.2636350916862068,0.7093950561455108,0.20679211337799924,0.8177428594293769,0.34102615214785803,0.3323253825427369,0.30090721401278075,0.33470473540879364,0.31207663744225156,0.33224651528689164,0.3160316003131488,0.32879453016751164,0.31545226242892166,0.41626830960091465,0.4191462066274291,0.2878316100102899,0.3266124217116597,0.3146596382273834,0.3227166885413555,0.31535866010747426,0.32208175755564716,0.3193772081720464,0.2990663957351699,0.41483290245372545,0.4189732898205728,0.2883713601717786,0.3279328068256788,0.31516296211045025,0.322852009625887,0.31579639313959995,0.32385200018965843,0.3201519214514311,0.30089211847276476,0.4138772584101443,0.3367149444570097,0.33434951673821794,0.29693317660231267,0.3345467067688491,0.310812965321822,0.3310950479587255,0.315275444782821,0.32593036947057274,0.3134762745394551,0.4152374003624292,0.5649654095503005,0.5328271034809858,0.3320781933366507,0.6467125052263187,0.2833685085279603,0.6694744194339199,0.26525559911033586,0.7076974217836305,0.20963191126994107,0.8159560289531229
0.5681000994726791,0.5420833544984772,0.33476445598833593,0.6566431751891642,0.28193928946330293,0.682840218134461,0.2601842281523755,0.7226042041698214,0.2059168431262931,0.8245957360833249,0.3485620449574978,0.33805886118339834,0.30738719850964136,0.3406116642957679,0.320000929061076,0.33756939891563026,0.32462998153420997,0.3338528658360772,0.3224643951430576,0.42306589039357967,0.4273674209603653,0.2917754951465994,0.33322780946707875,0.32039101230431566,0.32885794050196226,0.32108452725615055,0.3282431392748562,0.32575180235135776,0.30375512947449923,0.4229368172384801,0.4272230683013508,0.2923093670635219,0.3345960763165662,0.3209368010313159,0.3290804885008436,0.3216987520561342,0.33007291932410426,0.32658469220248876,0.30569281443215124,0.4220975138123915,0.34414430052816736,0.34021679362862145,0.30323074264527206,0.34050423714818634,0.31866388702099435,0.33642124342140084,0.32389992376327115,0.330862778760731,0.3205439324139523,0.42211403918350276,0.5699525784791811,0.5427923911726235,0.3323667027674551,0.6580359623461962,0.28146195152030967,0.682654935819643,0.26202384556794484,0.7207967777986923,0.20909400320963872,0.8228093193956028
0.5726290782607362,0.5521803687901365,0.3349738818338489,0.667762816215514,0.28004380766034,0.6959473705749102,0.25667902410233695,0.7353046873621201,0.20533583459512866,0.8308642558945898,0.3562981778894406,0.343864021101102,0.31415742746773156,0.34651930517497964,0.3282497907226076,0.3428146711445922,0.33365037330994235,0.33889284771451367,0.32961126202330515,0.4297821245973916,0.4356257551287708,0.29582375285224705,0.3399757072830919,0.3261879320878348,0.3350490441590359,0.3268913226295327,0.3344339996980552,0.33228497276910407,0.30852162201603117,0.4311232093265439,0.4355110438790907,0.2963347926859954,0.34140357572842883,0.3267771148834343,0.3353629779608696,0.32767464733898843,0.33631436812098836,0.3332244443652358,0.31058421086337984,0.430412390380323,0.35178410387566184,0.34612448822193587,0.30982483812344297,0.3464855072786295,0.32685695111416335,0.34168079016170144,0.3329485452693799,0.33581048062403585,0.32779799291908196,0.42894180509919333,0.574742949773546,0.5529153259331383,0.3324918835340721,0.6692544296009953,0.27951144543388773,0.6957165924507861,0.25873666799645845,0.733371356220808,0.20887313581721872,0.8291094700349757
0.5769710074413176,0.5624408274523433,0.33502151384683926,0.678788553321416,0.27813884833790925,0.7089264477287703,0.2531748624083159,0.7474518581546145,0.20509031404419154,0.8365925132544121,0.3642373615814408,0.3497235551201577,0.3212159615799471,0.3523798914816666,0.33679777583399984,0.34793510060950894,0.343075211494451,0.34387615029286617,0.33688199664369545,0.43641675635841365,0.44390722450175774,0.299964913949119,0.3468171688562832,0.33201269393544075,0.3412539949825113,0.3327576848552185,0.3406081966960641,0.33894728185674616,0.3133461269928669,0.4393925816159639,0.4438240579170545,0.3004325714468824,0.34831706100017523,0.33263527388583863,0.3416583043640598,0.3336870561273413,0.34253335416565345,0.34003556601069707,0.31554185692376374,0.43880990874679043,0.3596341061751367,0.35205002208155306,0.31671195730896845,0.3524475204161973,0.3353688062690434,0.346821746680472,0.342403582075294,0.34073634715975676,0.33522003572716186,0.43571366299920516,0.5793486627298161,0.5631983553779466,0.33246659213474206,0.6803776238760485,0.2775443373429236,0.7086325172600395,0.255434422242289,0.7453735978671268,0.20899156750089481,0.8348954281558325
0.581146313484938,0.5728644567481145,0.33492297634008483,0.6897255776354718,0.2762550547555257,0.7217403141880647,0.24972959099242797,0.7589962527265333,0.20523055342665714,0.8418261242275871,0.3723722011854841,0.35560600664537567,0.32855344716214696,0.358134085115828,0.34561750777044475,0.3528704298170919,0.35287941769766074,0.3487546628875904,0.34426327197584106,0.44296939647606015,0.45219682165643954,0.3041737994697967,0.3537096660871437,0.33782190585242683,0.3474361770351653,0.33865963319930903,0.34671885009702097,0.3457080465391536,0.3182013439164102,0.4477422177711222,0.45214487502042383,0.30458228198967674,0.35529177480912866,0.3384612013660309,0.3479235636315686,0.33970208245310574,0.34868435396789726,0.34697204586447955,0.3205283881919184,0.44727853248224503,0.36769517317981915,0.35796190762956537,0.32388834673122274,0.3583345996300207,0.3441697472093222,0.3517873662578328,0.35224299080607935,0.34559124348316334,0.34278974581653143,0.44242086741983533,0.5837938373820313,0.5736390367975057,0.33230820524832116,0.6914090785439198,0.2755902246103351,0.721366604666625,0.25217412067793454,0.7567572583711983,0.2094764738012655,0.8402104553723757
0.5851772597208372,0.5834489301440184,0.33469259966887227,0.700580003523264,0.27440809486391426,0.7343518889893617,0.24639803650517544,0.7699070311058971,0.20577474274207808,0.8466354125552679,0.3806949845956862,0.36147028508314594,0.3361536250089795,0.3637275812144015,0.35466591234679357,0.3575671788929826,0.3630239322246688,0.35347048321483454,0.35174028777483163,0.4494364255250711,0.46047780219867224,0.30842809231493795,0.36060676530255753,0.34357346712390124,0.3535630846559089,0.34457186514054206,0.3527268929262266,0.352530235283678,0.32306020312540645,0.45616343769432294,0.46045544179536296,0.3087586193362467,0.3622756442967011,0.344213279186236,0.35411696055406117,0.3456876530547205,0.3547246163286333,0.3539819345455212,0.32550473712542527,0.45580679991657175,0.3759639407103853,0.3638230910848853,0.3313430460648441,0.3640889769862451,0.3532281885034015,0.356518804835767,0.3624362305844726,0.3503196611641257,0.3504825465431146,0.4490539053847079,0.5880915001435661,0.5842359840976238,0.3320330104853545,0.7023509883362752,0.2736738666671428,0.7338812384317203,0.24901150767633223,0.7674849626151606,0.2103550870788527,0.845101311830901
0.5890822605045537,0.5941891273810973,0.33434714252761333,0.7113492551571179,0.27262385132713807,0.7467120672451569,0.24323791905569164,0.7801514874768085,0.20675767082358948,0.851080782820266,0.3891989766750803,0.3672661214972701,0.34399504517775836,0.36910558772695756,0.36390873087284875,0.3619630512548391,0.3734653283459767,0.35796145287411685,0.35930169073691154,0.45581221934060256,0.4687329444731328,0.31269729188159145,0.3674639032770688,0.34923202963943867,0.359600913574601,0.35046597365941123,0.3585946807148302,0.3593791898553286,0.32789403349747037,0.46464887391206633,0.46873762571545335,0.31293631295973917,0.3692184960500654,0.3498513969861801,0.36020109678003864,0.3516200272324005,0.3606132699218969,0.3610161658991876,0.3304285731005929,0.4643821684559496,0.38443404069065157,0.36958731315281346,0.3390595895177632,0.36964746187193426,0.3625030340638242,0.36095541857598934,0.3729435049592651,0.3548670993122807,0.35827105449691277,0.45560027738208797,0.5922554075418826,0.5949833239491507,0.33165440252207856,0.7131985924575169,0.27181624695502904,0.7461347093713804,0.2460019654629662,0.7775296986842954,0.2116464071265436,0.8496200014949948
0.5928832582611712,0.6050751521900193,0.3339023864679005,0.722026140459743,0.2709243116477897,0.7587678325956781,0.24030472882037535,0.7897051501530783,0.20820051662617334,0.8552263683465471,0.39786768814188683,0.37294494242301157,0.3520499148641061,0.3742130224897702,0.373314097433333,0.365993457038562,0.38415678732904,0.3621671006034385,0.36692117708965893,0.462095487276751,0.47694493543944017,0.3169568237657253,0.3742364896838826,0.3547668515750386,0.36551692661899104,0.35632123298467144,0.36428983843579976,0.3662225990768049,0.3326772059920512,0.4731880654691855,0.47697639605842956,0.31709395628233394,0.37607250761736327,0.3553476262315768,0.36614365468809895,0.3574823984230411,0.3663163440579694,0.36803008065848053,0.33526011041195924,0.472992496696867,0.3930962019471361,0.37520719641922196,0.34700936187263787,0.3749467345875757,0.3719519009461515,0.3650369649908829,0.38371946866500495,0.3591758985610375,0.3661285224350322,0.4620483034665397,0.5963036747462622,0.6058710205594706,0.33118161027419935,0.7239452069062526,0.27003810554668745,0.7580774759265152,0.24321163920219452,0.7868665356715041,0.213371153473355,0.8538204451140468
0.5966035365071077,0.6160914759284436,0.3333769232676277,0.7325921531025791,0.2693467349225074,0.7704464650616799,0.23767837687872884,0.7985305678402809,0.21012491580365444,0.8591335030304672,0.40668418423313474,0.37845682457522956,0.3602792312559445,0.3790038077705148,0.38285843437915235,0.36960371788222135,0.3950537577638158,0.3660314029291398,0.37457047716736747,0.4682825295773261,0.4851015941059695,0.32119388460552095,0.3808908102045677,0.3601672115241471,0.37129321520497816,0.36212683244548466,0.36978919700163326,0.3730372255807906,0.33737653637366516,0.4817697983391727,0.48515796789550897,0.32120121232002175,0.38279141141241235,0.3606799043051735,0.37192200730640235,0.3632709112725252,0.3718008651975281,0.3749870211741777,0.3399668497178827,0.48162937981261833,0.40193675678081653,0.38063299504726833,0.3551648429689911,0.37993311204870905,0.38153580801606224,0.36870550219905146,0.39471301171763334,0.36318737904766574,0.37402336935967295,0.4683917752673358,0.6002529760922742,0.6168862224292014,0.3306233944421654,0.7345739009044676,0.2683566253705394,0.7696577959346191,0.24070825930860523,0.795480162564978,0.2155472324745858,0.8577563559746075
0.6002697902550648,0.6272198173634538,0.33278029262945824,0.7430350508957807,0.26789225521332843,0.7816996131329971,0.2353932993511892,0.8066215028994675,0.21255340497816633,0.8628548752265466,0.41563245596213555,0.3837407658789372,0.3686462346162823,0.3834302709300631,0.3924981803190055,0.37276021651226976,0.40609774938246856,0.36950076963092315,0.38222140566670415,0.4743676819383713,0.4931892067241422,0.3253740972817571,0.38738754613522886,0.3654111336929923,0.37690994021817065,0.3678804723931401,0.3750811179367316,0.37980580765945393,0.34196808961560454,0.49038358440480256,0.49327030093932156,0.32524058763587815,0.3893417667360218,0.36584419140165253,0.37752365893828177,0.368987455848261,0.3770500935001805,0.3818634103947831,0.3445145431951335,0.4902817897654257,0.4109418884664256,0.38581820609578926,0.3634957211868734,0.38455226752845406,0.39121994016653144,0.37191258398831684,0.4058699941551651,0.36685071676635966,0.3819195887174376,0.4746234318647157,0.6041221285083911,0.6280097773579135,0.32998733864116947,0.7450684774848315,0.2667852333316192,0.7808230351504255,0.23855162607845182,0.8033639051182009,0.2181899079600091,0.8614842628288992
0.6038961491773903,0.638437332923562,0.3321334570149474,0.7533204411440917,0.266606238542594,0.79244452461284,0.23352439159560945,0.8139436302091023,0.21549726535628294,0.8664533124950862,0.4247046543640072,0.3887482168643986,0.3771380548324852,0.38745782049372646,0.402218867481301,0.3754261414994117,0.4172487583201179,0.3725497560701445,0.3898550935731069,0.48034854388269493,0.5011993534580096,0.32948600575859277,0.3937085099401954,0.3705074269415102,0.3823657401218613,0.37359049164072133,0.3801630722865573,0.38651091129410536,0.34644201204577674,0.4990218039172303,0.5013043229006705,0.32921271686342335,0.39569572244798984,0.3708472902629909,0.3829442972889664,0.3746546414734395,0.3820574226410458,0.3886482761387591,0.3488846786591549,0.4989432068961094,0.42010026271667805,0.39072056536759125,0.3719776800036838,0.38875856558235355,0.40097527002320943,0.3746218106105172,0.41713858676032195,0.37011904473529644,0.38978908257863865,0.48073415672248077,0.6079299486698974,0.6392201869684471,0.32928473797101365,0.7554012353433552,0.26534573965590247,0.7915145754715609,0.2367954671781839,0.810518970873682,0.22130397379923555,0.8650605157730884
0.607506563562923,0.6497135248536434,0.331457805064331,0.7634174196238024,0.26550788300867234,0.8026205563126081,0.23212033241820818,0.8205206973369897,0.21893526198866253,0.869979746336552,0.4338900107657771,0.3934382966327227,0.3857429307571001,0.3910631754256928,0.412004337432418,0.3775995493110079,0.42846113667439983,0.37517131596430753,0.39743808672895453,0.48622442301953067,0.5091304876996203,0.33354055444410147,0.39984190821409155,0.375477538455968,0.38766603606302324,0.37927689581657026,0.3850384147299676,0.39316850799187947,0.3507823194262122,0.507670074357678,0.5092569285109513,0.3331205358743211,0.4018412959509969,0.37570691821264635,0.3882083952267164,0.3803088996209878,0.3868305086969671,0.39534419604107884,0.3530667567526116,0.5076077971667832,0.42940485066918244,0.3952949171938514,0.3805938336878688,0.39251668025791375,0.4107848265662797,0.3768097954848731,0.42846960225908065,0.37295849725586977,0.397586056885315,0.4867221958727115,0.6116954998696899,0.6504843471916552,0.3285290377105031,0.7655391251819996,0.26406555060164627,0.8016685155747663,0.2354970108620153,0.8169517584293762,0.22488400371899575,0.8685386979257488
0.6111258059602946,0.6610129133976044,0.3307763929607498,0.7732853456678501,0.2646305445448318,0.8121679131697218,0.2312253154223904,0.8263642860567789,0.22286278368481877,0.87347700289457,0.443178279092237,0.39778361149847485,0.39446241967856643,0.3942267696015932,0.4218495821993331,0.37928464534233314,0.4397133526875618,0.37735612059323737,0.40494829899770945,0.49199464000026805,0.5169825053749572,0.33753048026637195,0.40579445434103373,0.3803333583368229,0.39284780642541656,0.38497889642501903,0.3897153423173367,0.39980220585450443,0.3549660334264899,0.5163339245064419,0.5171354685245323,0.3369531741507532,0.40778585182279675,0.38045001563074604,0.39334522241310077,0.38599229884825814,0.39139324902816297,0.40196524080114693,0.35705915240441805,0.5162707949949162,0.43884552532253407,0.39951577494985935,0.3893262177115528,0.39581247707896305,0.4206419282059544,0.378467666787991,0.4398233665740278,0.37534148019344066,0.4052847872083949,0.4925838159899174,0.6154420575521322,0.6617706837172986,0.32773314956053184,0.7754485014577939,0.26296964570266623,0.8112244751894238,0.2347013628458634,0.8226741080243591,0.2289197215771891,0.8719692822588625
0.6147749952863493,0.6722976705802779,0.33010942455519676,0.7828833160570021,0.26399981917100057,0.8210313538384788,0.23089425761106624,0.8314919537970767,0.2272613546551711,0.8769772564017515,0.4525609664092603,0.40176460864652874,0.4032814954588676,0.39695711877884793,0.4317613353849903,0.38047044341676217,0.4509832315982147,0.3791147218935542,0.41236971522435384,0.49766800450975124,0.5247510804662227,0.34148275669946715,0.4115597618644657,0.38514003775747285,0.3979254783005697,0.3907480651687439,0.39419905538161837,0.4064384527630159,0.3589721903324214,0.5250195232551343,0.5249390210867589,0.3407370020340601,0.4135356331743376,0.3851147441835096,0.3983750036488414,0.39174362665061735,0.3957598427003976,0.4085428327786836,0.36086179333276636,0.5249357244158672,0.44842098170790995,0.4033606872419479,0.39817421200652714,0.39864428169313165,0.4305520286092177,0.37959792950046034,0.4511689924303668,0.3772585676062834,0.41286208524734247,0.49832110591373424,0.6191873647974178,0.673031352954116,0.3269248364114361,0.7850834383464839,0.2620959109028891,0.8201216335914527,0.23445869714927664,0.8277009169297761,0.23340537788301768,0.8753910948471382
0.6184687034250744,0.6835257328722838,0.3294818400755915,0.7921673316149664,0.2636387405425693,0.8291624879751353,0.23117440500480013,0.8359262483863068,0.2321269518554705,0.8804964973643736,0.4620381867681006,0.40535348138983673,0.4122162130899426,0.3992466082995651,0.4417491425178954,0.3811771541902894,0.4622522011324786,0.38047301575440096,0.419681322909948,0.503257606806403,0.5324483064136531,0.3454009644819941,0.41715773294756786,0.38993153515875956,0.4029120011385226,0.39663316464578463,0.3985181073560646,0.4131124570251173,0.36281504667538855,0.533728839707517,0.532676795845868,0.3444995467263695,0.419114494711043,0.3897535622314845,0.40333032824055504,0.39762147207136717,0.3999665905138801,0.4151126355974502,0.36449716711846214,0.5336025450919012,0.45812354775871156,0.406816878507755,0.40714366223787796,0.4010211592018423,0.44052655163275134,0.38022528059995775,0.4624810076954447,0.3787184623585226,0.42029605792589403,0.5039442796861973,0.6229548445811787,0.684220622787825,0.32613085735532993,0.7943997663172813,0.26148114224786606,0.8283063262890963,0.23481231412189224,0.8320584905896937,0.23832381314501833,0.8788359746976374
0.6222306214213732,0.6946488504120891,0.32891902271829854,0.801091667038276,0.26357384069931156,0.8365205219423724,0.23211309114388845,0.8397012370843497,0.23743308821184667,0.8840434842528364,0.47159191282738583,0.4085855678414784,0.4212524948037469,0.40112964549930474,0.45181335895065555,0.3814580119692582,0.4735068251381046,0.381464764360641,0.4268827232865442,0.5087720707290289,0.5400597032222065,0.34932035945961326,0.4226053804832477,0.3947652761308085,0.4078352193943657,0.402693684999969,0.40274448494019977,0.419860528014613,0.36652322738301546,0.5424594657421914,0.5403535776407931,0.34831382495900365,0.4245454283336766,0.3944270033477486,0.40825100711557916,0.4036898626704178,0.4040528807140557,0.42172426936348206,0.3679902478852862,0.5422717204994808,0.4679464778169282,0.4098792037297384,0.4162475337147416,0.4029600508342078,0.4505863686260258,0.38038436566710127,0.473740806494962,0.3797450405389804,0.4275721460885964,0.5094629850340389,0.6267675481886481,0.6952920341755736,0.3253776040137797,0.8033517768216509,0.26116756386427703,0.8357326135757979,0.23580354833790007,0.8357824917051823,0.2436553402731253,0.8823224053806948
0.6260799861291606,0.7056162308074467,0.32844429731946945,0.8096099830232336,0.263833572902464,0.843075261257159,0.23374475696632047,0.8428679446264404,0.2431511849095011,0.8876139089306945,0.4812231877171726,0.4114431951721459,0.43040738341261997,0.4026271397257812,0.4619701862233944,0.3813514328644678,0.48472470822458286,0.3821325628661224,0.433961564602456,0.5142377042365622,0.5476000179016378,0.35327910210007035,0.4279251676014001,0.3996912776106797,0.4127085323216289,0.40898083572487054,0.40688194758843743,0.4267404486139782,0.3701008283800926,0.5512276169201997,0.547986408968288,0.352190232612662,0.4298566059437968,0.39919695368192587,0.4131609135624393,0.4100057439445405,0.40805239754306943,0.4284189978385391,0.37135134891495764,0.5509570742529813,0.4778886278979059,0.41254671181809527,0.42550291930480055,0.4044936125429488,0.46074984502518984,0.3801234055693973,0.4849359575307196,0.3803700821587718,0.4346834778862596,0.5148927428485287,0.6306455756917777,0.7061976732559689,0.3246949609690055,0.8118970202859498,0.26119273943596744,0.8423721264834678,0.2374646862493241,0.8389231471659584,0.249373180843258,0.8858572598415522
0.6300353016436888,0.7163747530560155,0.32807932858182226,0.8176780848239791,0.2644447824685098,0.8488103676896466,0.23609188406307424,0.8454874586864711,0.2492485609439371,0.891192364900852,0.4909323003176611,0.4139183862600308,0.4396979747748966,0.40376787521983176,0.47223831341139944,0.38089544147143284,0.4958944552682485,0.38249616044078344,0.44091730922104,0.5196772294759979,0.555095348274591,0.35728903422787844,0.43314993896971493,0.40477188425323324,0.4175615051054867,0.41554249675871097,0.4109782572244713,0.4337724846135373,0.37358326587619667,0.5600300019311303,0.5555831918319988,0.3561849748355227,0.43508907354519727,0.404135295127453,0.4180912462119471,0.4166342294250603,0.41200413587693113,0.4352612449361275,0.37463143512094466,0.5596578632088415,0.48794323510987325,0.41483640093354324,0.4349296492338258,0.4056584495019842,0.471035302251285,0.3795031559709269,0.4960563697453759,0.38064863112770664,0.44162477109694664,0.5202568200376629,0.6346115936701942,0.7168911491800805,0.3241153903956878,0.8199952657926552,0.2615989692482821,0.8482072665880636,0.23982694025142698,0.8415400080782482,0.2554528485077089,0.8894315818172922
0.6341137490260987,0.7268698338802525,0.32784620410078424,0.8252557110836312,0.2654344172179872,0.8537228188738502,0.23917364985814538,0.8476242163986734,0.2556878360544185,0.8947526046172647,0.5007180551186156,0.41602200741980716,0.4491327352468636,0.40459328712182957,0.4826369940018488,0.3801279662894288,0.5070010408264234,0.38259750824677546,0.4477520817387361,0.5251090537127108,0.5625567702929224,0.36138475596141345,0.43832811309968606,0.4100612634200179,0.42240914320784667,0.4224251720161063,0.4150649921744801,0.4409968856348158,0.37705300678532405,0.5688303379059039,0.5631631443758865,0.36034573277943316,0.44028674458029576,0.4092975101765985,0.42305671412581264,0.42360718545244613,0.4159415188261138,0.4422876645024552,0.3778860945037062,0.5683709742904316,0.4981061061329115,0.416769193599683,0.44455078300518747,0.4064870490781245,0.48146936309886157,0.3785745579733121,0.5070932084658559,0.38063856807871943,0.44840142331645705,0.5255803444102819,0.638688751798201,0.7273234752726029,0.3236745693463622,0.8276107307273128,0.2624284900347079,0.8532339580092412,0.2429143123079247,0.843700604878068,0.2618697242668756,0.8930213652915922
0.6383356101179337,0.737046007138351,0.32776910206463816,0.8323069958273217,0.2668324414892088,0.8578219239961484,0.24300799846456173,0.8493470979183957,0.2624312333047855,0.8982609422392718,0.5105822000778,0.4177686427410189,0.4587251614769174,0.4051455752597253,0.49318158742107676,0.3790944789178991,0.5180265884609783,0.38248799275760137,0.4544655513369507,0.5305565174108411,0.5699980192886042,0.36561227577422384,0.4434721518258583,0.41562068504350025,0.4272644165360837,0.4296783689214164,0.4191629639238251,0.4484700983777715,0.38047670479366563,0.5776578666415328,0.5707421441767327,0.36471199259921727,0.44546531920709376,0.41473644328083004,0.42805605840132255,0.4309542251940053,0.4198810387767442,0.449555472139071,0.38111145598030766,0.5771061767608126,0.5083782931205113,0.4183556702924634,0.4543927021595329,0.40701720082754983,0.4920724969886912,0.37739297964733703,0.5180407019281899,0.3804026367659106,0.4550281659715384,0.5308924236821247,0.6429028810049826,0.7374473942549349,0.32340842513864165,0.8347042406592007,0.26371798969368687,0.8574619987282679,0.24674688165696607,0.8454776357940168,0.2686013342867836,0.8965899490873306
0.6427240492185612,0.7468480921083183,0.32787884347468155,0.838802342690858,0.2686682583439646,0.8611295758229545,0.24760412629791378,0.8507281179403501,0.26944442736508645,0.9016789212699963,0.5205270070482862,0.4191803103427067,0.46848847183565395,0.4054691063032954,0.5038784494394852,0.37784398200980046,0.5289454563492313,0.3822281512859532,0.4610602434667829,0.5360431239606014,0.5774291181215359,0.3700142848523349,0.4486051425326495,0.4215018143258219,0.4321288236906511,0.43732920924673846,0.42328537244403347,0.4562255669384197,0.3838760521460767,0.586511491200521,0.5783297996728903,0.3693233331065413,0.45064453087629874,0.4205080412176859,0.43307680115710095,0.43869939363822436,0.4238339830206855,0.45710915046646217,0.3843360207701494,0.5858675739359944,0.5187585419436291,0.41961978397230426,0.464476926261893,0.40729002662751634,0.5028619383578802,0.3760132559197632,0.528887090130515,0.3800135018353626,0.4615237616232927,0.5362248359219691,0.6472777168699961,0.7472163594946394,0.3233519003018057,0.8412407113772045,0.26550282600546454,0.8609151365052279,0.2513327922406564,0.8469475926336019,0.2756245286634932,0.9000895627162366
0.6472981124899294,0.7562252837545159,0.32821197581102857,0.8447206324211645,0.27097273566275093,0.863682797758361,0.2529633769843541,0.8518378492646346,0.27670287185853093,0.9049646419353343,0.5305563520432187,0.42028486920355856,0.4784335416514747,0.40560778380939494,0.5147235274708006,0.3764389542770991,0.5397258402782388,0.38188676761938756,0.4675339664526823,0.5415915806590685,0.5848539880888406,0.37463540850219823,0.4537416019727563,0.4277503630800967,0.4369985793885174,0.44539688567037183,0.42743972988451373,0.4642869221573157,0.3872731940457694,0.5953781961057354,0.5859281754649545,0.3742070111609576,0.45583312633327344,0.42666161983843875,0.4380977350287814,0.4468548853475009,0.42780189032949584,0.46498393872413446,0.3875829382676237,0.5946555305076805,0.5292436020382352,0.42058327088444586,0.47482242196881785,0.4073429268824693,0.5138447908979179,0.37448301832740555,0.5396137352873196,0.37954867572491036,0.467903783004763,0.5416074797130596,0.6518335907395264,0.7565888815707293,0.3235317400044846,0.8472036267395022,0.2678088576149099,0.8636333303361924,0.2566684375143218,0.8481861636071052,0.2829139720216072,0.9034679836422225
0.6520791165905726,0.7651341379617,0.32879927264447945,0.8500538398786424,0.27377237147543754,0.865539808986453,0.25907068063698235,0.8527619137666309,0.2841803898770797,0.9080787304884981,0.5406739044184052,0.42110998981410797,0.48857230680744995,0.4055870885490045,0.5257160802330865,0.3749123688775218,0.5503394295626973,0.38153518642640305,0.47389211578355883,0.5472163685178483,0.592280513650573,0.3795066354923701,0.45889233928007633,0.4343925155145107,0.4418516062971831,0.453884657957434,0.4316014410027564,0.47267367557327006,0.39066750277671686,0.6042490612650753,0.593528532312515,0.37938942016020816,0.46102632829996354,0.43323011871552375,0.4430825488078286,0.45542213417787847,0.43177621209616956,0.47320039436167927,0.39086630835708136,0.6034696125041583,0.5398288834760016,0.4212734966212211,0.48543903312794645,0.4072143310097701,0.5250160389960478,0.3728651996599851,0.5501960842680567,0.37907226750513107,0.4741823055457396,0.5470758234428023,0.6565897937790994,0.7655232454125973,0.32398036044764267,0.8525832078805655,0.27065359841434766,0.8656707747648045,0.26273738302806404,0.849269199919935,0.2904417322669466,0.9066722441092379
0.6570925861331949,0.7735383506004594,0.32966979892104525,0.8548060809629789,0.2770940709773552,0.866779010387973,0.26588786379041696,0.8535913689093294,0.29185019827326175,0.9109851125490509,0.5508785732436001,0.42168335123344536,0.498910657477876,0.40543413586029703,0.5368398532829609,0.3733087345360844,0.5607505978217103,0.38123728258531453,0.4801518079526906,0.5529374523397877,0.5997138980796501,0.38465421915568454,0.464056712474164,0.441445083624518,0.44665812164770746,0.46278698976996313,0.4357426419847912,0.4813935511087236,0.3940475431894716,0.6131143781506627,0.6011192697793555,0.384889318137866,0.46621340002334716,0.44023672010457515,0.4479897028930251,0.46438910337872485,0.43573842361420734,0.48176879111091,0.3941916114657607,0.612296996417117,0.5505089128709166,0.42171158477292814,0.49633472634675346,0.40693409387472357,0.5363666716160443,0.37121054875703197,0.5606012502900714,0.37866160989071257,0.4803717782208975,0.5526591926964542,0.6615573235060179,0.7739872397073914,0.32473019615492327,0.8573685264425843,0.27407258000625273,0.8670887656082893,0.2695107832488123,0.8502645653275678,0.2981772853284117,0.9096532206955383
0.6623578555532311,0.7814086827923634,0.33086260849339066,0.8589917829212234,0.28096544466400764,0.8674887406191922,0.27338986284820355,0.8544044889843654,0.2996890908982701,0.9136514491401003,0.5611677792293033,0.4220348815974866,0.5094482266335674,0.40517640431145463,0.5480687279596009,0.3716802313627351,0.5709179832520462,0.38105127290423846,0.4863287273145662,0.5587735716072122,0.6071537506285494,0.39010002459249415,0.469222226361502,0.4489157832300653,0.45137905568228875,0.47208080252634277,0.4398280690653353,0.4904329042359126,0.397397441563094,0.6219585789144715,0.6086843468977389,0.3907090501016072,0.47137228140994064,0.4476920929973385,0.45276649589014234,0.4737346492264588,0.4396567108575184,0.4906847562242521,0.3975471622547971,0.6211274825464137,0.561274232142194,0.42191723528101754,0.5075064141112824,0.4065298649217822,0.5478727276813299,0.3695643880922201,0.5707923615216881,0.3783847991015083,0.48648145062344555,0.5583862014159516,0.6667580080248322,0.7819483064588816,0.3258183353176275,0.8615645080230805,0.27809173346550276,0.867964778914618,0.27695069461103566,0.8512348124738522,0.30609388119170267,0.9123712898806129
0.6678910686598971,0.7887245511220793,0.33242006747284747,0.8626369785920343,0.2854119636031574,0.8677713003371079,0.28153441137820634,0.8552729776294791,0.3076841813332317,0.9160537576933341,0.5715365477746651,0.4221961831720762,0.5201803264713191,0.4048330058147621,0.559368533786427,0.3700748015856343,0.5808037464905224,0.38103082551837764,0.4924352687734086,0.5647460850352599,0.6145952640049499,0.3958599111550219,0.47436936089548604,0.45679730295494064,0.4559676452765347,0.48173173236043626,0.4438117146857307,0.49976859927767725,0.40069700950489623,0.6307712590966448,0.616202832990507,0.3968432718605821,0.47647921590300096,0.45558087884383175,0.45735975664183326,0.48342692942369797,0.44349349827355977,0.49992850620119517,0.40091464459040826,0.6299409808951163,0.5721101705352014,0.42190986387216306,0.5189424826657877,0.40601639705192594,0.559497876392688,0.3679691687732095,0.5807242553451368,0.3783171699557874,0.4925158777983436,0.5642846465200042,0.6722050927254772,0.7893847419974465,0.3272765127272906,0.8651879704084336,0.2827302732834743,0.8683879151339217,0.28500916429061207,0.8522347929433838,0.3141643140518531,0.9148010370161106
0.6737092641378231,0.795473422295403,0.33438201144477253,0.8657787962378711,0.2904513415772117,0.8677399993195365,0.29026928302645616,0.8562608075575336,0.3158216767887,0.9181796552480286,0.5819770933187933,0.42219519746872514,0.5310906164241151,0.4044140094854582,0.5706975481412606,0.3685289916948068,0.5903673803805637,0.3812228069389487,0.49847313643794305,0.5708776551741903,0.6220315438864193,0.4019393768633035,0.4794681812511578,0.46507186951810386,0.4603677440510531,0.49169857623096874,0.44764662865364213,0.5093666924358232,0.40392666070375544,0.6395424813239345,0.6236505561827782,0.4032791329440766,0.4815018847365072,0.46387866493685476,0.4617111564816025,0.4934199869932771,0.4472056383661038,0.5094653435149163,0.40427372862236227,0.6387171529872915,0.5830064580529789,0.42170296278869923,0.5306174739557581,0.40540231704660334,0.5711902499596772,0.3664625776806903,0.5903470449752994,0.3785165135811439,0.4984731575655553,0.5703761344756133,0.6779039801058262,0.7962791123254369,0.32913936347194384,0.8682701735819811,0.28799986119109106,0.8684587538160311,0.2936313308930458,0.8533130044799021,0.32236408265381983,0.9169331940434541
0.679833443749644,0.8016511753032618,0.3367851590098261,0.8684637310181409,0.2960960582090061,0.8675140247414423,0.29953307442382726,0.8574210328015636,0.3240921154433708,0.9200307820398054,0.5924787311472013,0.42205725377219383,0.5421518123913374,0.4039254159779494,0.5820007564237059,0.3670786853572985,0.5995704234102853,0.3816659043061997,0.5044448707532345,0.5771883131851259,0.6294495840645469,0.4083373660356463,0.48448073275293696,0.4737118420395621,0.46452330714030454,0.5019327208693242,0.4512820232930564,0.5191831388037509,0.4070693930238958,0.6482606105850997,0.6310021195174469,0.4100029660322519,0.4864000605007213,0.4725559480113071,0.46576575433396283,0.5036675018066038,0.45073814056301553,0.5192505754353687,0.4076034207847781,0.6474337412175404,0.5939465283926946,0.4213107551066922,0.5424953955207202,0.4046894190643073,0.5828863826626576,0.3650730263735541,0.5996093053397717,0.3790305841943773,0.5043469920209083,0.5766792893724302,0.6838661440670502,0.8026261282435099,0.3314383446593412,0.8708526473165737,0.29390399660900174,0.8682869831217741,0.30274955154221644,0.854512678280001,0.33066794728722876,0.9187772944686616
0.686279669305338,0.8072628981614778,0.3396636460086749,0.8707450967055355,0.30235142548267335,0.8672108686145011,0.3092567401524804,0.8587902414743311,0.3324900479005559,0.9216227868254301,0.6030277982853268,0.4218065278675488,0.5533265859470053,0.4033733210195983,0.5932068481429108,0.3657606483503808,0.6083635729848146,0.3823966793663358,0.5103457187596467,0.583696157192634,0.6368295819483831,0.41504678311902854,0.4893653721381244,0.4826800228941085,0.46837775919894675,0.5123795787135603,0.45467773651609844,0.5291692886815034,0.4101140865621531,0.6569120631453542,0.6382489750413857,0.41699147649668106,0.49112785788121144,0.4815754310214493,0.46946914195958434,0.514115751553719,0.4540416159441948,0.5292291550512817,0.41087264102367194,0.6560749324873805,0.6049158025376176,0.4207423526261419,0.5545263245734529,0.4038751818332503,0.5945090328387886,0.3638275098854761,0.608454272104883,0.3799027991777348,0.5101264305968243,0.5832074029473566,0.6900973295567459,0.8084254890910672,0.33420681498960053,0.872981409867855,0.3004377284499564,0.8679874287142215,0.31228857527079773,0.8558691054737145,0.33905674573216016,0.9203598022797783
0.6930531626462907,0.8123225065351771,0.3430508988049778,0.8726789657206131,0.30921491445373206,0.8669376913712162,0.3193683062149144,0.8603830998437987,0.34101135744149297,0.9229838710389778,0.6136062008502058,0.42146969325815664,0.5645676373091693,0.40276163804305687,0.6042391553121754,0.36460556284628187,0.6166916821876669,0.3834524586489068,0.5161685938647611,0.5904139436419449,0.6441451569924088,0.4220620721987912,0.49407613758563135,0.49193697646884404,0.47187911634038354,0.5229852030715154,0.4577961823831927,0.5392745591650144,0.4130571908679022,0.6654811302394233,0.6453340493832851,0.42424687075521383,0.4956416987366601,0.4908838307204211,0.47278598186689497,0.5246949789406404,0.4570820838989901,0.5393335018000671,0.4140776636331044,0.6646062808851918,0.615891233244868,0.4200221065964555,0.5666501295491435,0.40294843230844807,0.6059675578596572,0.362755934874591,0.6168254867476888,0.3811677895061649,0.5157965846815603,0.5899671965185951,0.6966001052993278,0.813688291059879,0.3374740601823044,0.8747151103689641,0.3075850403661717,0.8676735343917905,0.3221689286233277,0.8574087565180107,0.34751765398625123,0.9217221862555038
0.7001472233920834,0.8168509200144034,0.34698132474823407,0.8743208100928234,0.31667315816152475,0.8667958322965573,0.3297629555255045,0.8621998506494335,0.3496409226412782,0.9241513544795658,0.6241900444435164,0.42105800494690626,0.5758234733740665,0.4020693195939558,0.6150259638017663,0.36363244578727805,0.6245265119777144,0.3848558683333119,0.5218991624481182,0.597350355854908,0.651372333686541,0.42936264554854764,0.4985699350911982,0.5014369889560177,0.474988849335606,0.5336892282942646,0.46061736222258653,0.5494364602122154,0.41590100307005323,0.6739535375993679,0.6522449180945767,0.4317388459105941,0.49989212257990173,0.500440609660235,0.47567450034826814,0.5353468816795854,0.45982467706970837,0.5494938833784997,0.4171993911491115,0.6730127355638704,0.6268513281137198,0.419165328206685,0.5788036754838422,0.4018963286311269,0.6171680196281752,0.3618786343070627,0.6246701246226051,0.3828464320094246,0.5213358027082439,0.5969632220689465,0.7033806606631443,0.8184257334390581,0.34126867408086536,0.8761185039140584,0.31531661386825416,0.8674533364718633,0.33230587793030697,0.8591492784737789,0.35604360157058357,0.922916521258025
0.7075460087535226,0.8208780534815722,0.3514743842085582,0.8757268196816149,0.32469182271801494,0.8668717298700377,0.34035195307530336,0.8642196416605632,0.35836828158978207,0.925175946022857,0.6347506950228359,0.42058734733199943,0.5870273429922259,0.4012987668382305,0.6254753600915076,0.36288607148655927,0.6318058398023945,0.38663623370733935,0.5275029849428041,0.6045224412792665,0.6584918919316795,0.43692622965627687,0.5028082205341325,0.51113902088021,0.47767977807382916,0.54443748831252,0.4631210759964458,0.5596037439642002,0.4186465207919932,0.6823098768735267,0.658981822875411,0.439444721343721,0.5038331302175219,0.5102096717386371,0.4781166790310979,0.5460084209754039,0.46224560315795804,0.5596384666251787,0.42023185023524245,0.681276152763202,0.6377676357738542,0.41818134199526064,0.5909183836449188,0.40070729081679335,0.6280111418775096,0.36122430371050995,0.6319280036506226,0.3849571507805306,0.5267145248638411,0.6041949450133117,0.7104241710087831,0.8226547899713187,0.3456176060205358,0.8772513139185754,0.32360002454027004,0.8674158705892667,0.342618954638078,0.8610917836709138,0.36463160391619787,0.9240012779425487
0.715227103119989,0.8244398065208827,0.356541773815514,0.8769485802340952,0.3332280114102482,0.8672315482764159,0.35104138144211,0.8664104924292293,0.3671899142303786,0.9261186726824722,0.6452575189953532,0.42007869071733267,0.5981028404851362,0.4004580091094376,0.6355015730385724,0.3624051036399645,0.6384677190643427,0.38880804887957954,0.5329284579242708,0.6119330990397961,0.6654828395967736,0.4447366052227123,0.5067523110080714,0.5210043139972931,0.47994435752571585,0.555172348026629,0.4653040157667366,0.5697157080925623,0.4213034982255778,0.6905276024972229,0.665536960992448,0.44734725610939197,0.5074264793284387,0.5201578785477873,0.48011010076494465,0.5566212048084525,0.4643383028923185,0.5696945401178175,0.42317577263278566,0.6893775194606133,0.6485981068403438,0.4170920269576767,0.6029196454087287,0.39937810375590305,0.6383944874734342,0.36082270158603047,0.6385538033367566,0.38751640558891987,0.5319007586296325,0.6116537301662367,0.7177008828595399,0.8264029210602803,0.3505335966153049,0.8781798877441362,0.33238589860953294,0.867630543120629,0.3530325752041832,0.8632264331336043,0.37328186723394563,0.9250361377959746
0.7231623068616098,0.8275758321382194,0.3621925164345614,0.8780314924468966,0.3422288877843928,0.8679199130190518,0.3617419806776322,0.8687325427344769,0.37610513023431913,0.927044429145861,0.655677533553821,0.4195515710072747,0.6089724520299277,0.39955298661667304,0.6450261283835601,0.3622107571443353,0.644499241042103,0.3913632744722358,0.5381271448243249,0.6195603124224534,0.6723162769765421,0.4527666159065796,0.5103846662503095,0.5309854415533063,0.4817942417291312,0.5658340310714017,0.46718234589780844,0.579698365795608,0.4238897385861579,0.698574747049851,0.6719063237026517,0.45543721141514243,0.5106371555233132,0.5302619498755525,0.48165573223661295,0.5671390260791569,0.4661103299970529,0.5795900445662613,0.4260407503229452,0.6972984698400408,0.659314508778167,0.41591902580582407,0.6147356337873238,0.3979123767551954,0.6482302075145323,0.36070292590898345,0.6445219680926078,0.3905315435909167,0.5368584454837099,0.6193331287670751,0.7252088786055485,0.8297003070863851,0.3560276424703116,0.8789759802314154,0.34161347374992057,0.868155218735025,0.3634666905404109,0.8655369020483692,0.38199271514487243,0.9260806585323648
0.7313193889894085,0.8303303474804447,0.3684236304521916,0.8790163126346655,0.3516312799761051,0.8689623323987541,0.37237249700976627,0.871142744963248,0.3851163048310628,0.9280182205388521,0.6659767192457606,0.4190272634475485,0.6195610469777673,0.3985980052589918,0.6539751554702613,0.362343072367869,0.649882360955315,0.39432793053195125,0.5430548796940293,0.6273934073668359,0.6789781936913628,0.46099336548309927,0.5136902068386618,0.5410582558214763,0.4832490336796289,0.5763896136135648,0.46876539695541536,0.5895020423726292,0.4264165492067508,0.7064371014212439,0.6781008956214347,0.4637005802991814,0.513447599024758,0.5405022028741507,0.48278874184415427,0.5775161982377577,0.46758991391584015,0.5892651667258084,0.4288405271804852,0.7050299437749563,0.6698902490747812,0.4146835175180378,0.6262956166005569,0.3963270404598907,0.6574289443448714,0.36090546920556993,0.6498108564303441,0.3940098075491943,0.5415399977319586,0.6272297749564626,0.7329386009635822,0.8325702890106599,0.36210794755869463,0.8796953836423851,0.35121736525841707,0.869020404440116,0.3738489828304228,0.867993768485129,0.39076494642490095,0.9271862232029944
0.739661267296988,0.832751497354507,0.3752233682183237,0.8799399065046447,0.3613680200659897,0.8703668019877555,0.3828635255485729,0.8736006449548792,0.39422583481949264,0.929100089762416,0.6761224702924855,0.4185257862494379,0.6297974977503058,0.397618754065456,0.6622787572429266,0.36284929567841107,0.6546170481224195,0.3977161339712698,0.5476623817691912,0.6354092245836517,0.6854459036260887,0.4693877449294616,0.5166729154191113,0.5511880521630148,0.4843596114206308,0.5867931988277096,0.47008772597057796,0.5990666577284677,0.4289098068106324,0.7140724296496471,0.684128055874903,0.4721286388184035,0.51585421496147,0.5508640176190805,0.48355053461775754,0.5877224875957847,0.46881168397532547,0.5986686158373326,0.43160420014057665,0.7125474512359926,0.6802945811226311,0.41341656372869984,0.6375170448896461,0.3946644900663167,0.6659172112409156,0.3614781641585348,0.6544034132181049,0.39795885635647577,0.5458991078178707,0.6353322056844527,0.7408854302668161,0.8350495665460131,0.36877133542705265,0.8803965502317284,0.36113349261001476,0.8702436821595478,0.38411544655548413,0.8705548479790439,0.39960420990019463,0.9283943275384718
0.7481476103340388,0.8348912363576368,0.3825730031822224,0.8808375069304104,0.37136690455811705,0.8721274757538167,0.3931537512613597,0.8760698437361061,0.40344402975195626,0.930339260043233,0.6860831467648424,0.41807321988508056,0.6396161336125925,0.39664995283552545,0.6698825448031744,0.36377790170146623,0.6587001530111138,0.4015472909996234,0.5519161064024982,0.6435931538542727,0.6917204494340616,0.4779262282748042,0.5193464213979584,0.5613516861163956,0.48518719693906603,0.5970203716213824,0.4711984582340358,0.608342847429492,0.43139183895608385,0.7214801150656553,0.689999503717364,0.48070998336360204,0.5178729050932223,0.5613324756543374,0.4839995202452195,0.5977377676792799,0.4698269687057303,0.6077552145886299,0.4343599659304993,0.7198418493871652,0.6904799671005368,0.4121620330145206,0.6483182344643148,0.392979556135882,0.673627922003391,0.36247364038096697,0.6583130483774321,0.40237386178407036,0.5499126734027736,0.6436302831203895,0.7489855429194849,0.8371807729280225,0.37600331905284573,0.8811201942232479,0.37129385169752993,0.8718123346265069,0.3942052555322956,0.8731787882462562,0.40851033194120845,0.9297351386856585
0.7567253681911286,0.8368067099444887,0.39044817360803946,0.8817439695897571,0.38155795118640623,0.8742239958224421,0.4031966612059469,0.8785228936654215,0.4127691180589393,0.9317686677045749,0.6958249946366751,0.4176947338841328,0.648955902455615,0.3957399961489313,0.6767422952966489,0.3651886134751722,0.6621602799184414,0.4058231126018141,0.5557805904981282,0.6519188408112161,0.6978068240008567,0.486585584453025,0.5217269668641619,0.5715365399758099,0.48580063424954617,0.607059905527186,0.47215167004149183,0.6172861407994085,0.43390109740919924,0.7286481032887764,0.6957287830610218,0.489445153168794,0.5195289837633216,0.571897546624361,0.48421029781837455,0.6075474566089287,0.4707077524847137,0.6164848333313742,0.43714599526473374,0.7269034459647044,0.7004274219575012,0.4109524891519277,0.6586299202045994,0.391328696387594,0.6805290866056168,0.36394465289993355,0.6615685084164928,0.40725289621700916,0.5535450124131921,0.6521135958933162,0.7572173624137637,0.8390203969487466,0.3837772639995663,0.8819204944640429,0.3816256604012997,0.8737180014033861,0.4040659489534613,0.8758285949276639,0.4174866884065964,0.9312279783514907
0.7653399630234808,0.8385573359212193,0.3988234388324665,0.8826940570798951,0.3918785231311913,0.8766268778223716,0.4129561455736599,0.8809395990505793,0.4222044529727639,0.9334001773177057,0.7053112806996193,0.41742180665043954,0.6577621790220807,0.3949606783149958,0.6828281658860359,0.3671371128073857,0.6650306627045358,0.4105639145230875,0.5592399805922295,0.6603728830954216,0.7037192233984357,0.49535107497024816,0.5238490105638958,0.5817268940672568,0.486289266804326,0.6168880552964939,0.47301890833880095,0.6258603314604758,0.43648747477502114,0.7355708219093788,0.701329898237413,0.4983394836854982,0.5208587682202218,0.5825475362669595,0.4842744680937389,0.617138357201724,0.47153841150541975,0.6248195460674427,0.44000858241543367,0.7337241960314096,0.7101279291801637,0.40982618817310756,0.6683845368466503,0.3897822849782331,0.6866017112784646,0.36595055383674857,0.6642081246869781,0.4126015504274517,0.5567682482089555,0.6607750332758168,0.7655586059255906,0.8406316592645007,0.39206594229787683,0.8828412149779594,0.3920575651357041,0.8759444055735035,0.41366541685799696,0.878469317729253,0.42654250737529165,0.9328791079816138
0.77393356810323,0.8402050359531609,0.40767298755380177,0.8837226169925505,0.40227213062839273,0.879293872584477,0.4224157078634459,0.8833012550477963,0.43175869937930417,0.9352236384502876,0.7145120886668607,0.4172940181555463,0.665979661013773,0.3944028746738732,0.6881234749406648,0.36968834566661307,0.667350344433463,0.41579569650733755,0.5622802070359506,0.6689345175753904,0.7094722238279509,0.504207312170371,0.5257491875838127,0.5919048495810617,0.4867561407617132,0.6264847940481917,0.47388915690648276,0.6340277327019919,0.43921255380063806,0.7422376107890312,0.7068150778945096,0.5073976482293896,0.5219113838332737,0.5932702192474336,0.4842982378700567,0.6265034045895254,0.47241715529180495,0.6327198402321359,0.44300031484218766,0.7402956929737665,0.7195372462038361,0.4088418258645437,0.6775094888848417,0.38842475200203097,0.6918343178485371,0.3685686713955171,0.6662593355231698,0.4184411685274058,0.5595481200051498,0.6695970269624341,0.7739320933359928,0.8420762393398231,0.40085310283855635,0.88390656153711,0.4025407978479101,0.8784419335138063,0.42300687620348665,0.8810629982224049,0.4356939982743406,0.934681456493799
0.7824470943395013,0.8418128722796903,0.4169700990389048,0.8848649462259048,0.41268935634922255,0.8821791686968496,0.4315775283500756,0.8855916097556837,0.44144266147764466,0.9372056912931954,0.723394275891489,0.41735628400093117,0.6735703758586822,0.39414663202580563,0.692640819833773,0.3728910963572617,0.6691873115390591,0.42153195129004406,0.5649091510237236,0.6775897154335879,0.7150835245646905,0.5131448164504857,0.5274775699368708,0.6020563073165505,0.48730859898690515,0.6358303708496913,0.47486864197818585,0.6417499824854268,0.4421479950017384,0.7486394675774661,0.7122099900767412,0.5166277304399602,0.5227489217485684,0.6040520126412525,0.4843919538281145,0.6356334240618065,0.47345263597890497,0.6401528448521797,0.4461767443405465,0.7466135627728863,0.7286418780863477,0.4080473047351364,0.6859716513969728,0.3873388047135926,0.6962656871870344,0.3718443539588155,0.6678080073277934,0.42476755571094726,0.561888183544829,0.6785727752275689,0.7822979753851025,0.8434409490049812,0.41009313747316345,0.8851488940411101,0.413009752997432,0.8811951887407901,0.4320795307269023,0.8836089140026399,0.44495503170024403,0.9366171928621636
0.7908208881429731,0.843443700151874,0.426682607928147,0.8861543732404977,0.4230922086258892,0.885230634953267,0.44046091510773205,0.8877934428777932,0.4512741926175692,0.9392909332368014,0.731932646436044,0.41765261985127033,0.680500466522171,0.394285004137462,0.6964068553483143,0.37679683542849407,0.6706124463693369,0.42779361710960984,0.5671201573558514,0.6863488974746691,0.7205844055242677,0.522155117652575,0.5290877877353075,0.6121688148806016,0.4880501167366046,0.6449070652491722,0.4760659215813714,0.649006215712047,0.4453607702241477,0.7547851212968358,0.7175132183278092,0.526033547743779,0.5234446333071973,0.6148744918634368,0.4846685770881238,0.644517221221969,0.47475428499402295,0.6470847770208223,0.44959681724138434,0.7526754698149591,0.737428905973718,0.40750587647248765,0.6937190393279379,0.3866237727605566,0.6999209996105548,0.37584312931098873,0.6689216324305328,0.43159086363093846,0.563783469643673,0.6876923027178787,0.7906040643735568,0.8448109196936473,0.41975300955131883,0.8865864396588378,0.42342327479036235,0.8841654708313849,0.4409046141048047,0.886095454891966,0.45434324357614114,0.9386514681317197
0.7989930301212484,0.8451578724191208,0.43677780996590004,0.8876183003504687,0.4334574894195834,0.8883874944529231,0.4490978132783786,0.8898906466449613,0.4612774133204119,0.9414073600168971,0.740110553891121,0.4182358043685889,0.6867416702928753,0.3949132477822844,0.6994515954046544,0.3814546871326922,0.6716933805585412,0.43460368846384356,0.5689152029812451,0.6952259396749575,0.7259923674041866,0.5312271095849272,0.5306365886461294,0.622226965040677,0.489080488587957,0.6536868206738904,0.4775902221925736,0.6557741254233003,0.44891093772637425,0.7606759784089412,0.7227528342779042,0.5356154581175587,0.5240756692860662,0.625699882645301,0.4852382473393301,0.6531303347575605,0.4764351271775056,0.6534872234802229,0.4533199157085036,0.7584948244526227,0.7458687150683236,0.40728224805688534,0.700714521417781,0.38639298554953727,0.7028294823417967,0.38063343404439237,0.6696434405695345,0.43893414276074294,0.5652294683569868,0.6969325943555179,0.7987803499917661,0.8462671019434244,0.4298042337013877,0.8882274638760255,0.43376526107261565,0.8873030991550697,0.4495224268219487,0.8885197927161139,0.46388856484697283,0.9407329947783984
0.8069026085775765,0.8470113954149819,0.4472190559108606,0.8892760133713403,0.44377097254971765,0.8915873061001978,0.45753404007763887,0.8918728933710568,0.47147937468832163,0.9434731134835499,0.7479162484271558,0.41916006880218043,0.6922724033904968,0.3961248764295557,0.7018186789431762,0.38691197502033503,0.6724955662364905,0.4419810758575319,0.5702981034520803,0.7042372592223831,0.7313256206532888,0.540348657610645,0.5321893687997757,0.6322022631196643,0.4904910577829282,0.6621283819388804,0.4795508748952171,0.6620355527786118,0.45285595524339795,0.7663208349925175,0.7279418731408205,0.5453617484765407,0.5247123432892221,0.6364964383596456,0.486197570213711,0.6614488332934245,0.4786013505181893,0.6593367095249898,0.4574128850478064,0.7640141660818653,0.7539542678204882,0.407445952167678,0.70693972473441,0.38675484162258134,0.7050558214850473,0.38627357496016557,0.6700509578059763,0.4468176274350995,0.5662263342999387,0.7062737499176261,0.8067385646634853,0.8478919170281851,0.4402114023578441,0.8900586693031032,0.4440248026662096,0.8905511688555351,0.4579862126233006,0.8908463365006071,0.47362843662954335,0.9427954614990797
0.8144918455704375,0.8490537496117398,0.4579671966088198,0.891134439860486,0.45402738973957046,0.8947673096708915,0.4658267711883872,0.8937338976780793,0.4819076830900544,0.9454045811488798,0.7553455911858742,0.42048212012445546,0.6970858330554326,0.39800515507970363,0.7035716146145525,0.3931912924743475,0.6730970783874481,0.4499404660312513,0.5712705362063331,0.7133861041327185,0.7366017768126044,0.5495040316178118,0.5338196431504447,0.6420573960291296,0.49235706028382914,0.670194283909121,0.4820378951513455,0.6677872778728092,0.4572362810272891,0.7717351173076081,0.7330948193714404,0.5552556917232131,0.525429482591114,0.6472097588120869,0.4876411787715262,0.6694298778320099,0.4813570222860889,0.6646171483393324,0.4619225496973999,0.769293041699143,0.761651833848311,0.40806691323402333,0.7123627146456794,0.38781443839425705,0.7066813605133394,0.39278372591169963,0.6702145907907924,0.45525085163794093,0.5667826167532707,0.7157072164570315,0.8144333504126937,0.8497472751210163,0.4509429553175952,0.8920874528940927,0.454182922725063,0.8938527306933524,0.46634675821942195,0.8930864475643265,0.4835971896829946,0.9447732013570935
0.8217060646202295,0.8513259474492747,0.4689805357699575,0.8931856411763544,0.4642291081504154,0.8978663104364754,0.47404599265248043,0.8954693308291053,0.4925953591957243,0.9471255661263915,0.7624005520368864,0.42225281303356993,0.7011955463306241,0.400629937308299,0.7047782600356238,0.4003138152512741,0.673560253051909,0.4584978640571072,0.5718353717531982,0.7226878608555508,0.7418410062537334,0.5586709247366723,0.5356010846554238,0.6517496203026277,0.4947436928935732,0.6778319002556112,0.4851468896645527,0.6730120862819134,0.46208881768870375,0.7769317529989497,0.7382260289231897,0.5652658003127032,0.5262949536237725,0.6578058081893825,0.48961992367968693,0.6770432857717177,0.4847799033329804,0.6693236502291637,0.4668950685659378,0.7743277847333799,0.7689658242639139,0.4091975622409585,0.7170271458708493,0.38966073829779024,0.7077889211221752,0.40018155782992676,0.6702106935967386,0.46423682338767325,0.566919913851567,0.7252189066006314,0.8217862002384588,0.8518970686810625,0.46196015372960986,0.8943021988158729,0.4642387764576822,0.8971462092959757,0.47466759951223253,0.8952231132265036,0.49383036458309465,0.9465921393106844
0.828496488557932,0.8538579653098728,0.4802215150978987,0.8954039220755756,0.4743901677234805,0.9008251621819943,0.4822757938632479,0.897077055297627,0.5035787611466077,0.948575920395692,0.7690882703194498,0.4245282394131765,0.7046153549574995,0.40408221460306815,0.7054989033784573,0.4082938115337952,0.6739352794950103,0.4676604005823659,0.5719981468410761,0.732130723041962,0.7470679266724461,0.5678177418579207,0.5375984921549769,0.661209537627981,0.4976977684832467,0.6849756649175965,0.4889500698742536,0.677694457139872,0.46743649395257036,0.7819193236581843,0.7433457320643608,0.5753468475581367,0.5273737542287817,0.6682036218417782,0.4921856092574811,0.6842122661063552,0.4889426290192466,0.6734429091467544,0.4723601661756846,0.7791282626274925,0.7759123218780482,0.41089089472471785,0.7209392802584823,0.39238219694549187,0.7084623996686662,0.40847029838017895,0.6700897970133288,0.47379853052130283,0.5666482044823616,0.7347927877523182,0.8287655793539517,0.8543895381643632,0.4732223925490421,0.896673391332486,0.47420940255933114,0.9003614084596681,0.48302522364202405,0.8972451948112232,0.5043664281495024,0.9481841119107233
0.8348215558243399,0.8566683513293081,0.49165265412912285,0.8977477068930164,0.48453274368172194,0.903589346345415,0.49060276365807404,0.8985578846134532,0.5148931153680912,0.9497188467097037,0.7754210109396555,0.42736432776582617,0.707365369516593,0.4084420591596917,0.705791190767352,0.41713776306439254,0.6742547788995477,0.4774322856925618,0.5717653137364673,0.7416953382992231,0.7523017417243387,0.5769116424867806,0.5398643755563347,0.6703698381253692,0.5012495549072532,0.691547483290307,0.49349535966571834,0.6818181620462411,0.4732913907693712,0.7866991562768182,0.7484711843659075,0.5854338322199895,0.5287262083651749,0.6783081623001523,0.4953751673109521,0.6908509898288615,0.49390152389036845,0.6769503788220864,0.4783404784558624,0.7837246462495749,0.7824683874654543,0.41321112811160826,0.7241086407428885,0.3960762692044089,0.7087391979655981,0.4176664918006614,0.6698756963549458,0.48394389736360827,0.5659866659065901,0.7444060881121364,0.8353203675251468,0.8572302806110108,0.48469460949028154,0.8991444238514147,0.4841280064669171,0.9034188201595756,0.4915064067430925,0.8991084226682613,0.5152403904374562,0.9494916054479512
0.8406504662800416,0.8597631602545721,0.5032378649214105,0.9001617363499255,0.49468701194707004,0.9061103846003835,0.49911342483490667,0.8999196333641553,0.5265730373995364,0.9505459636836808,0.7814173102969652,0.4308137541498487,0.709475358399537,0.41377741650713357,0.7057114151017826,0.4268405642065179,0.6745340663888221,0.4878131636854582,0.5711441132764181,0.7513548546139355,0.7575557813083467,0.5859097322040226,0.5424476365150088,0.6791461972242413,0.5054170956938316,0.6974624965851695,0.4988171457072619,0.6853605240562852,0.4796589210657444,0.7912712921109549,0.7536198761030051,0.5954552097716376,0.5304080544024073,0.6880242078290617,0.4991995402642098,0.6968781939182032,0.4996760945840872,0.6798562349072513,0.48484171163711665,0.7881261091203502,0.7886550828260608,0.4162045154987593,0.7265596733663839,0.4008095668031263,0.708680109598452,0.4277445179932759,0.669599053975345,0.49466123686816416,0.5649638301402167,0.754034822812682,0.841394836513986,0.860422625194917,0.4963325559761091,0.9016600472056723,0.4940270733677958,0.9062488350521204,0.5001957649301285,0.9007895885964643,0.5264903396904752,0.9504829197408013
0.8459684472034931,0.8631350250703285,0.514945517000326,0.902581838158689,0.5048887592993413,0.908347196959545,0.5078968749732693,0.9011736291708214,0.5386533632531579,0.9510797312276358,0.7871033215385035,0.4349220629553743,0.7109843431607819,0.4201422955403508,0.7053128148147467,0.4373800199820011,0.6747741641223548,0.4987934011900765,0.5701411082916512,0.761063603216326,0.7628402361614457,0.5947588917992326,0.545388210705047,0.6874433827448339,0.5102034661228554,0.7026391657412856,0.5049242470166758,0.6882982819858333,0.4865338084894099,0.7956415645164838,0.7588102384090387,0.6053382375598342,0.5324635686200825,0.6972387551182357,0.5036628507041886,0.7021961914127044,0.5062768770658018,0.6821488218986632,0.49186510147526374,0.7923524070860234,0.7944772402516057,0.4199105172667949,0.7283125398794643,0.4066409635416089,0.7083404566708387,0.4386682411364947,0.669282626097633,0.5059291377508048,0.5635985888182539,0.7636442008471274,0.8469737511179616,0.8639407232481909,0.5080949906455778,0.9041565940254026,0.5039494085843488,0.9087827357914464,0.5091695141516811,0.9022772951292901,0.5381510219572788,0.9511571531143902
0.8507770426586421,0.8667637448759027,0.5267479315508407,0.9049407617964007,0.5151818244463707,0.9102644569842799,0.5170379108101735,0.902329430794717,0.5511669753653835,0.9513719915188054,0.7925093673032813,0.43972910458255077,0.7119350028288591,0.42758221565971793,0.7046408134596911,0.44872178343818125,0.6749623459455899,0.5103560281409387,0.5687698015035246,0.7707668850158949,0.7681715350605964,0.6034004316395326,0.5487150901307132,0.6951603939493491,0.5156050949131619,0.7070002658266646,0.5118041283408942,0.6906049490866992,0.4939022287963305,0.7998123672803181,0.7640611471134604,0.6150102785485536,0.5349266213910714,0.7058452889856814,0.508756487677646,0.7067123582491823,0.5136881277567307,0.6838240013797994,0.49939525636905174,0.7964336078030743,0.7999698154004413,0.4243523773416686,0.7293973409906376,0.4136102335619475,0.7077553186246934,0.45038324118475237,0.6689351771148184,0.5177239289510839,0.561917692004599,0.7732003635713987,0.8520513245207703,0.8677438049793842,0.5199456067374452,0.9065658537596741,0.5139398692139906,0.9109600590927114,0.5184984548568812,0.9035737921646949,0.5502591738528019,0.9515484910538887
0.8550931102261352,0.8706162714511397,0.5386168498272295,0.9071748231317504,0.5256154607984213,0.9118323187428141,0.5266165515486724,0.9033997444181303,0.5641419220377681,0.9514982215438057,0.7976704627637443,0.44526981762903317,0.7123505030821851,0.4361274085531884,0.7037250365209364,0.46082556199829183,0.6750672493099688,0.5224791184196362,0.5670441457295786,0.7804023592231941,0.7735612548552361,0.6117669701021909,0.5524472870676713,0.7022008698207771,0.5216107947203369,0.710475955750586,0.5194266618120424,0.6922518670432186,0.5017389222054184,0.8037924668695648,0.7693953526274961,0.6243852719331334,0.5378263928175842,0.7137347536691852,0.5144666525285598,0.7103446138292882,0.5218797933073935,0.6848628877312204,0.5074083114144644,0.8003926710353269,0.8051421520862467,0.4295552227530045,0.7298590157981546,0.42173963736745956,0.7069492581966066,0.46283185361817303,0.6685441921066411,0.5300210077012376,0.5599482010814539,0.7826683988732346,0.8566197479003661,0.8717725315453587,0.5318515316216337,0.9088173992414533,0.5240511853443937,0.9127304322066019,0.5282484416662432,0.9046903326882545,0.5628484587413394,0.9517245732786594
0.8589444304985974,0.8746472582550472,0.5505375950818081,0.9092271170737136,0.5362477400005269,0.9130346576609976,0.5367062704094865,0.9043997005529011,0.5775950698734496,0.9515531948542938,0.8026231359703835,0.4515653616906617,0.712278841701512,0.4457935954135437,0.7026002211040185,0.47363211877151323,0.6750579479397417,0.5351295285783214,0.5649851600904807,0.7899072426749717,0.7790225124785531,0.6197935325588321,0.5566058411753753,0.7084801014441784,0.5282043212922044,0.7130124297472766,0.5277448154735461,0.6932138520092547,0.5100080590375958,0.8075878964679895,0.7748374636459184,0.6333894679485315,0.5411871833386138,0.7207909356823456,0.5207829006848845,0.7130077453548255,0.5308071008616573,0.6852532139664618,0.5158673247810496,0.8042276516405806,0.8100234960224268,0.4355481164707703,0.7297121444231752,0.43104448035331155,0.7059285542127188,0.47594947304563023,0.6680892103076191,0.5427842603787103,0.5577208262992586,0.7920049519295735,0.8607120471763532,0.875959117760976,0.5437898771274144,0.9108551092958379,0.5343346599996722,0.9140672659764353,0.5384804307388481,0.905652579065102,0.5759444937129917,0.9517799723693293
0.8623819866745042,0.878800276838861,0.5624895021752783,0.9110546711642846,0.5471365554917147,0.9138730049110605,0.5473700723230637,0.9053479443426822,0.5915285324837395,0.9516330609652577,0.8074005197360333,0.4586278732995491,0.7117528820208693,0.4565593342994176,0.7012814718487709,0.4870868909818595,0.674885724608279,0.5482719733190674,0.5626196512372873,0.7992376692233887,0.7845694150594418,0.627400751676702,0.5612128354670872,0.7139086230693992,0.5353711642073058,0.7145700247413912,0.5367067281900891,0.6934717681181017,0.5186687471550637,0.8112177801874081,0.7804018372564352,0.6419400045723912,0.545025392679437,0.726926867427043,0.527684218424038,0.7146556867551068,0.5404037418991476,0.6849919272412306,0.5247274073705797,0.8079547366328547,0.8146313661729527,0.4423444869459844,0.7290299787548831,0.4415072969367523,0.7047143374200117,0.4896528438579548,0.6675304024166693,0.5559827601508442,0.5552697434663473,0.801163338210249,0.8643395075062501,0.8802302146565297,0.5557471268165836,0.9126331559244448,0.5448468301300559,0.9149717018100538,0.5492488940688252,0.906492318191805,0.589563051118813,0.9518241868933438
0.8654669712791412,0.883008107920269,0.5744607470540612,0.9126296161517418,0.5583399218285521,0.9143656100675586,0.5586599370353773,0.9062647143711773,0.6059370249843751,0.9518305852199616,0.8120391975297582,0.46646216421908254,0.7108065560249384,0.4684077126823928,0.6997687616840266,0.5011219790640965,0.674512460990586,0.561867144372716,0.5599647292340272,0.8082980739194672,0.7902152387842449,0.6345026610794039,0.5662891878298897,0.7183986830767801,0.5431006902149622,0.7151007319376975,0.5462552044421862,0.6930069933431422,0.5276705502955246,0.8146843075693088,0.7861010540402925,0.6499622274669205,0.5493507679168462,0.7320635254078264,0.5351483286970874,0.7152604759271113,0.5505965317870951,0.6840677969137279,0.533938056806063,0.8115978756918711,0.8190049155215742,0.449951560593698,0.7278512595964003,0.4531066450569583,0.7033093079920295,0.503865060180507,0.6668108183809142,0.5695738245280374,0.5526240592517093,0.8101127641986794,0.8675632668323265,0.884500368958101,0.5677176068802692,0.9141153691291286,0.5556579918815242,0.9154707387729348,0.5605956195607241,0.9072469002977264,0.6037078736155901,0.95196929235052
0.8682691867006546,0.8871965827093404,0.586441201369999,0.913939599888554,0.5699104248792883,0.9145521652157447,0.5706193794911604,0.9071716671448224,0.6207965030249603,0.9522242889706047,0.8165575469571791,0.47506431030481805,0.7094594713666356,0.48130047251419283,0.698048506796529,0.5156699956112595,0.6738658647848536,0.5758671173133325,0.5570502467783904,0.817067601018967,0.7959617445159117,0.6410366437610391,0.5718613567503505,0.7219048156376769,0.5513731469210278,0.71461388433382,0.5563242017921638,0.6918339065901286,0.5369506650233387,0.8180252340623624,0.7919371896640695,0.6573830224318842,0.5541763530094168,0.7361281983277745,0.5431575091715698,0.7148136043282446,0.5613203112507751,0.6824681998303479,0.5434422656797159,0.8151632992840335,0.8231570563088901,0.4583770968217306,0.7261992615132816,0.46581283717853905,0.7016927705979497,0.518513563581988,0.6658466967562096,0.5835041774175104,0.5498096892618377,0.8188041036736753,0.8704191762482409,0.8886655369938081,0.5797009763259403,0.9152874256920209,0.5668277868537867,0.9156186803104497,0.5725537399607876,0.9079385963857984,0.6183605142468692,0.9523072840527464
0.8708658321865965,0.8912863970281896,0.5984325135564869,0.9149879427897561,0.5818954403919193,0.9144943757236244,0.5832736116862307,0.9080866260764209,0.6360566494090406,0.9528686857762769,0.820979622347424,0.48441937348342945,0.7077187138727536,0.4951929144473021,0.6961159081343853,0.5306498910025742,0.6728792000260668,0.5902230010119766,0.5538881594230628,0.8255204941053764,0.8017964464055791,0.6469533241596335,0.5779519199602081,0.7243837123705368,0.5601657510820451,0.7131206068406166,0.5668440210839446,0.6899656723632586,0.5464419888295357,0.8212814324066441,0.7978963276892457,0.6641047829179422,0.5595231872371729,0.7390672537972955,0.5516899722665447,0.7133285618328089,0.5724963450533486,0.6802061225667686,0.5531815660599647,0.8186456375362066,0.8271342145290522,0.46760473454717344,0.7241201120753542,0.47957763938977604,0.6998466451687031,0.5335272470025204,0.664544701001762,0.5977232327231953,0.5468533862846439,0.827184140521698,0.8729872562831236,0.8926398223390775,0.591699570777288,0.9161501765414575,0.5784245480262149,0.915491905949871,0.5851396811553458,0.9085972428594458,0.6334754078897212,0.9529021830335375
0.8733367837255037,0.8951988523359731,0.610429583922616,0.9157917505864407,0.5943375211084421,0.9142702848399087,0.5966279627205635,0.90901903850811,0.6516485478301441,0.9537847796775012,0.8253168856066777,0.4945028034705344,0.7055979161687007,0.5100067613873023,0.6939411448058191,0.545996853171681,0.6714884877202718,0.604880260372974,0.5505092895696063,0.8336227093710383,0.8077077579509508,0.6521941432643196,0.5845730511870082,0.7258113088475946,0.5694528674454268,0.7106546794094483,0.5777501159022168,0.6874358363146158,0.5560867467017984,0.8244755041331351,0.8039516160250342,0.6700268254079176,0.565419720782344,0.7408307355317617,0.5607350958698056,0.7108252648752931,0.5840495567626888,0.6773039709308115,0.5630917382335932,0.8220670530312781,0.8309581747388273,0.47762234693769146,0.7216241425463104,0.49434110387369673,0.6977396105217045,0.5488390345313772,0.662837231783369,0.6121818796492876,0.543779847114853,0.8352136728374973,0.8753481434173721,0.896364710363554,0.6037244237651322,0.9167349065406841,0.5905039463737309,0.9151868394487087,0.5983639734425469,0.9092458813171075,0.6489919394770383,0.9537826635565645
0.8757629121858996,0.8988591465612343,0.6224370402584418,0.9163789303774381,0.6072652019149378,0.9139692633023222,0.6106647320241804,0.9099676470145253,0.6674865134499675,0.9549568312225697,0.829572593031737,0.5052913006146467,0.7031041796358104,0.525668751911534,0.6914809148415453,0.5616469303395062,0.6696242215330465,0.6197859994469668,0.5469448585905702,0.8413146908325801,0.8136763265790146,0.6566818576702121,0.5917390797732663,0.7261735576090359,0.5792091202105104,0.7072588169391939,0.5889697835715428,0.6842988789742943,0.5658317809436177,0.8276070181466344,0.8100727073314862,0.675072916376154,0.5718904439026147,0.7414103801707583,0.5702785872275729,0.7073639432225097,0.5959010833811929,0.6738118530797392,0.5731005511614783,0.8254542581696105,0.8346560013820488,0.48840529356555457,0.7187256864290427,0.5100329864676011,0.6953289925800479,0.5643889480197624,0.6606551213449626,0.6268310877371288,0.5406072603938537,0.8428487795268508,0.8775963627752236,0.8997879481628506,0.615788755776372,0.917079889445077,0.6031069212219526,0.9147965481680773,0.6122180594739616,0.9098972010666075,0.6648225101508795,0.9549301647059969
0.8782202841794401,0.90220185654038,0.6344574356651576,0.9167863517814474,0.6206954856989575,0.9136816904793804,0.6253536959090145,0.9109187408574521,0.6834573707008101,0.9563326492826462,0.8337487109200333,0.5167447604433199,0.7002551289896345,0.5420876262385894,0.6887108799672829,0.5775355939893893,0.6672217820767448,0.6348881129973586,0.5432241596329003,0.8486018737021338,0.8196847741895141,0.6604012297277994,0.5994649405338647,0.7254798512524798,0.5894120774560925,0.7030115141808243,0.6004395470965439,0.6806297235458783,0.575619353558204,0.8307231164170508,0.8162335882612877,0.6791868147316575,0.5789564772449834,0.7408159027951045,0.5803017546375058,0.703022589026695,0.607978987499666,0.6698013533706229,0.5831479683719567,0.8288293067126771,0.8382521703510453,0.49992296903596734,0.7154377262546887,0.5265739231091644,0.692571606062129,0.58012142853177,0.6579444634007713,0.641612007403855,0.53735810841676,0.8500420963769616,0.8798272359611792,0.9028773590666928,0.6279127616656128,0.917242409013143,0.6162600390567982,0.9144095373762726,0.6266839686081281,0.9105599217781325,0.6808566651237435,0.9562875349714197
0.8807821869458785,0.9051749168370655,0.6464950389645396,0.9170583050935952,0.6346241274792268,0.9134919868958722,0.6406345583368404,0.9118486250610719,0.6994410959645304,0.9578285250513894,0.8378412299856217,0.528820975160869,0.6970695515315813,0.5591667551162748,0.6855824920916042,0.5936040474692034,0.6642211893692073,0.6501369214559842,0.5393817572574189,0.8554618890167898,0.8257074450516367,0.6633229629721697,0.6077354795266333,0.7237464588456312,0.6000290809531019,0.6979983878274751,0.6120987547570158,0.6765081663891488,0.5854049150371169,0.8338444175355084,0.8223916647661558,0.6823125073980191,0.5866355442487448,0.7390705729516753,0.5907876188511306,0.6978994964944445,0.620209392893463,0.6653588612231401,0.5931767806992047,0.8322225645856125,0.841760885741596,0.5121410963796156,0.7117665638686992,0.543875909605662,0.6894251770149142,0.5959855532270806,0.6546693549048044,0.6564712574882299,0.5340588501267397,0.8567519044248877,0.882130717399499,0.9056105896053447,0.6401161208893621,0.9172871425529638,0.629968902891771,0.9141009227801952,0.6417234892676782,0.9112391233959983,0.6969663187532357,0.9577655393159072
0.8835140182705803,0.9077441171100715,0.6585591333578774,0.9172423974416833,0.6490261311219352,0.9134678590397438,0.6564263621537569,0.9127306193314462,0.7153050953451154,0.9593383680536143,0.8418443210784448,0.5414832420835325,0.6935530512941924,0.5768195050920327,0.6820433713932517,0.6098126291918269,0.6605723033134452,0.6654819889838687,0.5354669472049841,0.8618664504641194,0.8317213125646808,0.6654421061024598,0.6165438132842863,0.7210112658545678,0.6110350894226707,0.6923257158349783,0.6238857649452223,0.672025945563614,0.5951522950751382,0.8369952536684055,0.8285220291281683,0.6844212002628463,0.5949360348037451,0.7362268893485489,0.6017218895757896,0.6921074619959227,0.6325215183736197,0.6605867538073485,0.6031387771585902,0.8356700011125716,0.8451938968386132,0.5250168783269071,0.7077172399379917,0.5618470363128449,0.6858535686950141,0.6119391439852573,0.6508134838549797,0.6713621646822046,0.5307388065411044,0.8629515253203435,0.8845911038437959,0.9079797193403966,0.652412525902209,0.9172824283520562,0.6442214854901052,0.9139340655786701,0.6572826704862278,0.9119407850985942,0.7130124363801451,0.9592622807847997
0.8864721409876692,0.9098956851605858,0.6706570092999056,0.9173871552347883,0.6638551844294254,0.9136584592552612,0.6726331490051086,0.913544808417545,0.7309222702901268,0.9607473071638104,0.8457514079872602,0.5546845852381486,0.6897263319362902,0.5949513071151799,0.6780497953487615,0.6261129458317204,0.6562587213750802,0.6808701817859947,0.5315446512350701,0.8677958263082278,0.8377067834998637,0.666749298588365,0.6258689045441999,0.717330027190977,0.6223958755334659,0.6861162768779561,0.6357417180413957,0.6672854228207059,0.604825280259514,0.8401928854393255,0.8346017342309487,0.685511056437226,0.6038604963226876,0.7323575454578586,0.6130814475226324,0.6857676479528282,0.6448557021581937,0.6555987407335103,0.6129900982481468,0.8391741993321498,0.8485578110941636,0.538510607701678,0.70328564538651,0.5803914050710358,0.6818009377403343,0.6279540550673799,0.6463848366962478,0.6862311510965684,0.5274490870575042,0.8685891999647757,0.8872815250434172,0.9099813957264367,0.6648122125677445,0.9172930882684449,0.6589608154033879,0.9139512283925633,0.6732876990315481,0.91264495379384,0.7288288928550252,0.9606531321596672
0.8896991603863941,0.911637778711809,0.6827964458482634,0.9175407755086555,0.6790475718987922,0.9140950504834676,0.6891421712929463,0.9142855451578091,0.7461610966659411,0.9619488831911336,0.849556360118974,0.5683710003100271,0.6856218932150523,0.6134545964461076,0.6735714939700639,0.6424670464853792,0.6512728252270314,0.6962504037648127,0.5276907866732391,0.8732279450743228,0.8436370222214853,0.6672516751498407,0.6356769895165649,0.7127624351539351,0.634081873648228,0.6795058704403374,0.6476183740690267,0.6623981389051914,0.6143978463137649,0.8434612534966897,0.8406132318639591,0.6856173216034247,0.61339574543407,0.7275641278660215,0.6248320153160037,0.6790318880726749,0.6571377208469166,0.6505342163081157,0.6227017889993947,0.8427628768359997,0.8518542716259372,0.5525724942539291,0.6985134342698953,0.5993963752820721,0.6772690475760144,0.6440083421175846,0.6414161781302181,0.7010451396539314,0.5242457190220142,0.8736513365142633,0.8902547769173648,0.9116337154476409,0.6773274863302551,0.9173871920753545,0.6741365260233706,0.9141999866526309,0.6896421997971207,0.913371885585608,0.7442720092015305,0.9618551342270782
0.893219192682865,0.9130005728436092,0.6949801639335629,0.9177509286296754,0.6945174003318348,0.9147909261175066,0.7058288651909945,0.9149624467236948,0.7608781528143922,0.9628638966353552,0.8532509354828861,0.5824816316741959,0.6812743773326649,0.632213772898816,0.6685815036973127,0.6588386374140245,0.6456359543520453,0.7115475722964447,0.5239847708539581,0.8781407529434292,0.8494996528281844,0.6669689214056392,0.6459270347020125,0.7073971791316362,0.6460549620264906,0.6726304466813243,0.6594669402022914,0.6574708732025187,0.6238383824896125,0.8468269877573116,0.8465547697760998,0.6847906704236223,0.623520230754704,0.7219448381357564,0.6369327303461961,0.6720481976131196,0.6693034021318979,0.6455153551539522,0.6322318527490521,0.8464536756881518,0.8550790956298691,0.5671526498141463,0.6934494337985941,0.618773450418981,0.6722371037806902,0.6600956800644745,0.6359451648050013,0.7157647309823508,0.5212019340947809,0.8781442472129699,0.8935455617482772,0.9129532457590945,0.6899576152978403,0.9176132335053606,0.6896626405350561,0.9147065415804818,0.7062246408793711,0.9141068536118437,0.7591896402994298,0.9627900503717648
0.8970330428685285,0.9140342274658659,0.7072061148925866,0.9180641843839024,0.7101636295768226,0.9157455056656596,0.7225521021789981,0.9156002310789683,0.7749674384793981,0.9634532654289738,0.8568234707730544,0.5969488827997018,0.6767111619256101,0.6511115652124098,0.6630780060032508,0.6751790710620458,0.6393936173546967,0.7266937183285948,0.520521237029822,0.8825229063338993,0.8552688037070773,0.665946013100256,0.6565572337741852,0.7013125631797253,0.6582688243868258,0.665629535206931,0.6712299989778934,0.652621352805629,0.6331250878168642,0.850313943393733,0.8524041594598216,0.6830738440632509,0.6342141448534274,0.715603377007453,0.6493334818770979,0.6649682552917896,0.6812927728242074,0.6406663249847829,0.6415604219922346,0.8502617120452741,0.8582244538858994,0.5822028027120232,0.688118546317616,0.6384063224503798,0.666698284085398,0.6761890893861265,0.6300313664756868,0.730330304232057,0.518401237805172,0.8820865621729777,0.8971631935591824,0.9139724170839192,0.7026894062662349,0.9180091176453231,0.705442677549602,0.9154880542159259,0.722900845979566,0.9148612828466369,0.7734343778866449,0.963422515236745
0.9011127714309399,0.9148055741070074,0.7194717549024776,0.9185258502371467,0.7258743784776537,0.9169458818305949,0.7391645082806426,0.9162338956751471,0.7883243059073546,0.9637280570254451,0.860258504313403,0.6117056792093024,0.6719597788232485,0.6700265593667958,0.6570695563512832,0.6914642427572305,0.632608177940917,0.7416278993455668,0.5173969629208349,0.8863832719959215,0.8609046384746741,0.6642293762630157,0.6675306547880994,0.694631481040968,0.6706599647675502,0.658656280027961,0.6828605507201194,0.6479752448983599,0.6422401805941386,0.8539533730772283,0.858134444725418,0.6805607978100112,0.6454455712027238,0.7086326086311854,0.661976424699706,0.6579332573108158,0.6930478878183224,0.6361158093093182,0.6506768536299942,0.8541946382599468,0.8612798230788403,0.5976706471374057,0.6825471665857998,0.658173244231815,0.6606683614594411,0.6922624049371291,0.6237348227640346,0.7446804149591681,0.515943286298322,0.8855191903807783,0.9010866013209126,0.9147450042657803,0.7154988948639153,0.9186057762100397,0.7213665379257845,0.9165512948251446,0.7395142728179519,0.915656420000071,0.7868791492465911,0.9637605886086458
0.9054014235496075,0.915395028776773,0.7317607195389785,0.9191792264863412,0.7415234046906727,0.9183662209671537,0.7555139555669836,0.9169004552391407,0.8008207672513544,0.9637509618241894,0.8635361308448726,0.6266801691979027,0.6670553146642118,0.688832000602252,0.6505827478200086,0.7076613359705776,0.6253690183625618,0.7562771877192258,0.5147219291679189,0.8897549182336546,0.8663719607968294,0.6618919653138743,0.6787868919960932,0.6874823691200085,0.6831683938534152,0.6518664388169891,0.6943200789505911,0.643667475448835,0.6511729916333548,0.8577704964660855,0.8637289918145992,0.6773363585252112,0.6571695538296841,0.7011280300377855,0.6747917439805977,0.6510836452860729,0.7045267583576502,0.6319855128742442,0.6595654749656911,0.8582543087837992,0.8642342259461901,0.6134898593753059,0.6767759446201447,0.6779319829937798,0.6541656758694898,0.7082860798668996,0.6171339776331033,0.7587406055200594,0.5139383198544412,0.8885039410815807,0.9052663478043637,0.9153377733385385,0.7283484608266969,0.9194242568352857,0.7373011582190486,0.9178920029834776,0.7559032192467665,0.9165213843962556,0.7994144286643413,0.9638548197247672
0.909815346896483,0.9158924657123122,0.7440496346378725,0.9200617945929539,0.7569738206082108,0.9199682953715639,0.7714441425148324,0.9176318077304821,0.8123576350358362,0.9636285578935759,0.866638775023679,0.641801664435113,0.6620393533985571,0.7074114506539427,0.6436689151428018,0.723713397883823,0.6177862810756323,0.7705448891108377,0.5126116490572079,0.8926845652990476,0.8716380682866447,0.65903139822524,0.6902436284899791,0.6799984062586582,0.695723128142999,0.6454006206310257,0.7055699777393825,0.6398134971942673,0.6599111488311726,0.8617867658293088,0.869162337446597,0.6735121120368803,0.6693298109797723,0.693194847485218,0.6876989390663334,0.6445561247767124,0.7156834405226977,0.6284050713421255,0.668214552620575,0.8624385926722631,0.8670821976966425,0.6295982431002098,0.6708497917133704,0.6975407497032288,0.6472466874612962,0.7242213922043386,0.6103247304861926,0.7724348495173301,0.5125017784774537,0.8911151983020921,0.9096247750425659,0.9158347607048216,0.7412017205553614,0.9204746248366928,0.753104846666354,0.9194809186713592,0.7718928899889205,0.9174903473254568,0.8109459717734895,0.9637945191790451
0.9142479665890024,0.9163934006479635,0.7563083893960982,0.9211989362807037,0.7720854032746161,0.9217043956898642,0.786795824263677,0.9184558257556217,0.8228492890733111,0.963494360249955,0.8695499898309624,0.6570062876196218,0.6569622674385938,0.7256529942143631,0.6364095123508551,0.7395659247189432,0.6099786869144589,0.7843411283769772,0.5111856247018963,0.8952350999675469,0.8766790288457909,0.6557573757184784,0.7018178659392466,0.6723197717823961,0.7082399991690845,0.639404161983032,0.7165645165271353,0.636537358505462,0.6684473391681833,0.865999930271506,0.8744093203744592,0.6692009651124072,0.6818570481327482,0.684949150735854,0.7006032485442197,0.638489449863248,0.7264660525766622,0.6255028998761787,0.6766165813380594,0.8667386898907408,0.8698188952029791,0.6459276217498757,0.6648186535259197,0.7168548129257464,0.6399756878396002,0.7400105851265,0.6034202188137066,0.7856840996200535,0.5117568115963718,0.8934428376777632,0.9140613498232806,0.91633056277813,0.7540104365300415,0.9217579330777241,0.7686212254515162,0.9212716113340185,0.7873031545937885,0.9185833778725885,0.8214006912150738,0.9636974834159482
0.9185800074580304,0.916994967535375,0.7684948561328635,0.9225986770881069,0.7867190910768824,0.9235195306824115,0.8014106741961358,0.9194019910214128,0.8322181831228987,0.9634875952088933,0.8722619776351739,0.6722228386674556,0.6518924944364791,0.7434388512651203,0.6289090019286616,0.7551587850519678,0.6020817043965201,0.7975519250233869,0.5105684517769061,0.8974852962124105,0.8814758086207808,0.6521870338335971,0.7134245977362564,0.6645955552163838,0.7206226343467063,0.6340080443583163,0.7272570657663958,0.6339540125378575,0.6767797449725544,0.8703990939218411,0.8794485653503898,0.6645196839567357,0.6946578582074161,0.6765181535397752,0.7134086355866937,0.633019440827551,0.7368276182894381,0.6234038828043467,0.6847643272871704,0.8711367200378248,0.872440221618384,0.6623948727102249,0.6587374171595965,0.7357236039460483,0.6324443397656664,0.7555836485803704,0.5965461854198311,0.7983999027528286,0.511830246878034,0.8955807124869762,0.9184584502475681,0.916932122883384,0.7667189162005441,0.9232654753747118,0.7837047467059098,0.9232086866840139,0.8019577602271419,0.9198176445231305,0.83072280819707,0.9636911525963385
0.9226886190706405,0.9177907190136227,0.7805475033521088,0.9242470471477299,0.8007289194835098,0.9253571768531681,0.8151299600059052,0.9204966559672987,0.8404027163878762,0.9637292842180523,0.8747750603270632,0.6873737013867574,0.6469112372812471,0.7606534732675152,0.621287991270289,0.7704186067073729,0.594248446324617,0.810065865655843,0.5108897113168366,0.8995178264388997,0.8860157324708513,0.6484537373416323,0.7249831030547671,0.6569884765258278,0.732775463512797,0.6293450696227694,0.7376078870484124,0.6321802290366015,0.6849082372318515,0.8749503553799389,0.8842710740699721,0.6596063171415936,0.7076301277531871,0.6680521229326749,0.72602042431469,0.6282740019100257,0.7467323713348413,0.6222299379397749,0.6926450208649412,0.8756017525367191,0.8749545474114357,0.6789072607290026,0.6526706590230849,0.7540128346870988,0.6247567759075274,0.770851340323574,0.5898420122230305,0.8104825332667887,0.5128468238681234,0.8976130554716337,0.9226851429403333,0.9177436321534481,0.7792594255765443,0.9249733859807028,0.7982052914025848,0.9252224612707703,0.8156763057012526,0.9211961951241325,0.8388713450241841,0.963895039802894
0.9264596847894004,0.9188643127296583,0.7923842663432799,0.9261062190946936,0.8139677501536726,0.927161987395568,0.8278059788513847,0.9217644220539334,0.8473563112437501,0.9643012396764163,0.8771019860178962,0.7023787310375547,0.6421093159591228,0.7771836190548955,0.6136893234889497,0.7852612239662307,0.5866540492570859,0.8217745206264051,0.512280962996382,0.9014175001941613,0.8902975708666426,0.644696268163968,0.7364075363856696,0.6496654991418138,0.7446020321840844,0.6255418390671947,0.7475729788930684,0.6313263407087222,0.6928337948132584,0.8796006371760744,0.8888697675294674,0.6546036126073943,0.7206653101400049,0.6597235825730112,0.7383478765609921,0.6243814525769847,0.7561368213478596,0.6220920263944746,0.7002520188688867,0.8800927740347975,0.8773612178957686,0.69536881584672,0.6467109806728826,0.771597555582189,0.617036623492653,0.7857180598514333,0.583467730553232,0.8218368625122177,0.5149266316938615,0.8996160363990376,0.9266105110496963,0.9188558531298986,0.7915489435608549,0.9268380286451735,0.8119710008202864,0.9272328989668699,0.8282866147452357,0.9227080625336567,0.8458228429204573,0.9643995209028915
0.9297956504381588,0.9202814795820831,0.8039079468880448,0.928115732258556,0.8262972928216481,0.9288820892569978,0.8393040061508956,0.9232256394086296,0.8530603531251201,0.965230150164279,0.8792699916176976,0.7171486892861586,0.637590220357978,0.7929153240588868,0.6062796267221242,0.7995929313693522,0.5794862751245999,0.832564701952698,0.5148719002422772,0.9032604057260945,0.8943232908034897,0.6410601210123762,0.7476130379961827,0.6428057027101597,0.7560001493721866,0.6227153262483098,0.7570996905405161,0.6314933527769658,0.7005500722681919,0.8842787398840218,0.8932357855222375,0.649659815835987,0.7336464846392025,0.6517156259098145,0.7502991547166249,0.6214599041825088,0.7649896431116212,0.6230918145559082,0.707572958581195,0.8845613205593579,0.8796700441286495,0.7116644523356777,0.6409599235519946,0.7883473204755098,0.6094358640103223,0.8000745210272493,0.5775996329633837,0.8323568786068045,0.5181811914129402,0.9016524334555716,0.9301153240587058,0.9203347290553835,0.8034939277883294,0.9288024597345985,0.824853828858448,0.9291596765530294,0.8396447634293676,0.9243426586045729,0.8515743179843622,0.9652485574249828
0.9326235976380215,0.9220820242512127,0.8150131052785927,0.930199887194606,0.8375882236618397,0.930474186964064,0.8495086359841479,0.9248932887409125,0.8575297523119916,0.9664810479799502,0.8813172696813001,0.7315927832718213,0.6334681143556599,0.807737009207666,0.5992385369023747,0.8133198765432152,0.5729510311169042,0.8423416141267268,0.5187851406951538,0.9051132406418709,0.8980982769146302,0.6377063062031896,0.7585272686473534,0.6365915229667698,0.7668811385551306,0.6209798491440067,0.7661371344948691,0.6327726794960613,0.7080619032551194,0.8889019471269998,0.8973571985556648,0.6449250198488883,0.7464517938275965,0.6442306192529592,0.7617936962016053,0.6196215290504374,0.7732511146065375,0.6253137464243703,0.7146071254192139,0.8889544026959162,0.881897851545962,0.7276740003029118,0.6355347653597822,0.8041505372697896,0.6021203932079954,0.8138079410301007,0.5724226243185827,0.8419376913651889,0.5227101994158017,0.9037605395579072,0.9331036085438742,0.9222119496305323,0.8149865176665272,0.9307967579698305,0.8367111490537007,0.9309282400235865,0.8496342407039752,0.9260904120030434,0.8561434741794944,0.966426973273983
0.9348994022222858,0.9242730834021489,0.8255892192760295,0.9322774677072032,0.8477315750496925,0.9319071476959757,0.8583293875552891,0.9267715652912587,0.8608020102065993,0.9679603861117344,0.8832916160168023,0.7456205805146228,0.6298530190776543,0.8215399796203392,0.5927554905661426,0.8263373586619813,0.5672700029276644,0.8510157199286966,0.524132600266337,0.9070318215260464,0.901633553670302,0.6348008834908696,0.769064392185439,0.6312078043879366,0.7771612735238387,0.6204370487281681,0.774630891885505,0.6352416679680608,0.7153619401010309,0.8933880683610953,0.9012274697294494,0.6405622291301468,0.7589720437532133,0.6374753175031198,0.7727605962816144,0.6189730113782353,0.7808769928083884,0.6288198130719087,0.7213466357502879,0.8932095568128184,0.884063985281377,0.743285791328263,0.6305706894382502,0.8189044086253816,0.5952746625127504,0.826801124630851,0.5681294330932701,0.8504648095905321,0.528599023686922,0.9059555435111428,0.9355060540331849,0.9244770668993232,0.8259215098542376,0.9327452931845432,0.8474129729440636,0.9324825227603719,0.8581746332399639,0.9279452684622698,0.8595670041805048,0.967856449494452
0.9366146749684592,0.9268255146347906,0.835519432453035,0.9342727889050528,0.8566359131290016,0.9331693290416434,0.8657083636189304,0.9288559114098411,0.8629497685522081,0.969529963303945,0.8852480779547631,0.7591392842546301,0.6268523517978507,0.8342213312454501,0.5870306514890394,0.8385398698888413,0.5626710506295547,0.8585211018394687,0.5310072228961815,0.9090574377432321,0.9049426602932169,0.6325038803187297,0.7791555909530482,0.6268437152595719,0.7867697175493369,0.6211777650835109,0.78252960897143,0.6389655992370988,0.7224399499786323,0.897663046333758,0.9048434664365604,0.6367301612170858,0.7711026665799372,0.6316611998159585,0.7831212852663744,0.6196064543717693,0.7878334314472313,0.6336529892657501,0.7277795276735749,0.8972704419596649,0.8861901052663567,0.7583766428046663,0.6262062942836157,0.8325108199071822,0.5891054491275974,0.8389246477027095,0.564920964533387,0.8578291903435443,0.5359149722936443,0.9082370269043377,0.9372940359320898,0.9270807085464183,0.8361891833732357,0.9345791985429391,0.8568495351363412,0.9337997243514295,0.8652301739315349,0.9299076983740641,0.8619010181293287,0.9694061450249846
0.9377949998074737,0.9296735398735022,0.8446922311449373,0.9361250906464452,0.8642408026389816,0.934275776447274,0.8716241486780198,0.9311338334141948,0.8640688246157545,0.9710302213835136,0.8872448804586999,0.7720510879997975,0.624582268876098,0.8456863280411506,0.5822785582538945,0.8498070902254253,0.5593952093285159,0.8647920844417436,0.5394833496794019,0.9111997255496335,0.9080403781700928,0.6309813779446607,0.7887249524886971,0.6236918006729599,0.7956357690966973,0.6232779487254227,0.7897807598075628,0.6439900811245071,0.7292871703450201,0.9016587774996687,0.9082012965884987,0.6335929498513412,0.7827426189151396,0.6269923668658023,0.7928062474955697,0.6216079735210618,0.7940897715911714,0.6398391398775447,0.7338990618705429,0.9010793749161274,0.8883101374668932,0.7728250413079136,0.6225852531083492,0.8448750889276069,0.5838313678812357,0.8500598852295558,0.563001178167388,0.8639344893975109,0.5447076858618989,0.9105853994752948,0.9384854124817426,0.9299394143320809,0.8456863965938303,0.936244967279506,0.8649430424570517,0.934898364175819,0.8708128508223881,0.9319799037686585,0.863221298153487,0.9709139871033539
0.9385025106434866,0.9327203440256109,0.8530108114816959,0.9377957918476811,0.8705219562134147,0.9352685115664353,0.8761010866793362,0.9335811981103601,0.864285927974439,0.9723078711882658,0.8893409448014575,0.7842592838925705,0.6231686463815428,0.855854354303321,0.578719064698739,0.8600201863281471,0.5576871512354219,0.8697757491573257,0.5496103132945855,0.9134577512583043,0.9109348662581884,0.630396170485847,0.7977121917633101,0.6219366771097556,0.8037083335008314,0.6267964340831451,0.7963449236735314,0.6503398894849148,0.7358929076242772,0.905329803230037,0.9113110120695875,0.6313179461171916,0.7938063654149607,0.6236674467535142,0.801749735987835,0.625052145584933,0.7996252945032268,0.6473796158445888,0.7396985801658067,0.9045894453579153,0.8904596606497905,0.7865049461700655,0.6198547829041221,0.8559058553085352,0.5796812040463799,0.8600916971769392,0.5625757835551395,0.8686977906070976,0.5550067946109031,0.9129760918991521,0.9391426796043276,0.932947875707581,0.8543151318662063,0.9377131916391395,0.8716466574275326,0.9358334877594444,0.8749731655446693,0.9341588213395151,0.8636251407980464,0.9722189264894653
0.9388348703641414,0.9358470326624688,0.8603966845195908,0.9392706268839501,0.8754935982595404,0.9362111549291233,0.8792095373131346,0.9361576581955746,0.8637507363764758,0.9732461007995206,0.8915928057368188,0.7956694257747439,0.6227455282102411,0.8646616650442263,0.5765764318144228,0.8690646726177267,0.5577824981288294,0.8734294833467589,0.5614101241604776,0.9157973530178476,0.9136292773813306,0.6309053428074742,0.8060638229920829,0.6217542557584766,0.8109465470526824,0.6317746583476122,0.8021884896270428,0.6580205726451527,0.7422426210078821,0.9086425571089601,0.9141782318731593,0.63007966312539,0.8042122048759053,0.6218724905973972,0.8098914608174578,0.629994678840432,0.8044190209354674,0.6562562253530713,0.7451707848289767,0.9077661335088794,0.8926785304368476,0.7992979145841845,0.6181647637736796,0.8655239240172962,0.5768900016833381,0.8689150867690384,0.5638469846119974,0.8720647348845032,0.5668221988848768,0.9153784426124243,0.9393724905415376,0.9359912532177669,0.861991820882249,0.9389805968768652,0.8769520810080489,0.9366869655431761,0.8778004482451857,0.9364325978118624,0.8632311552610239,0.9731947175260249
0.9389232037312276,0.9389251636245297,0.8667929278873907,0.9405593308690591,0.8792026189114708,0.9371828135885512,0.8810542816658377,0.9388043871616912,0.8626321188111804,0.9737896883406119,0.8940482296948994,0.8061839506300927,0.6234494675811837,0.8720583524224494,0.5760731776649245,0.8768230982905221,0.5599078124025034,0.8757280260711859,0.5748743564923388,0.9181650500023759,0.9161294689080139,0.6326507387890845,0.8137232354063604,0.6233049854688799,0.8173161050672744,0.6382360448210114,0.8072852594557087,0.6670128999669662,0.748320080887418,0.9115784675132297,0.916821580533461,0.6300456178022444,0.8138867615425263,0.6217815929671852,0.8171786642039178,0.6364698114105192,0.8084546007154711,0.6664259122743281,0.7503097149205811,0.9105884812223773,0.895003763591441,0.811081525401429,0.617664955352288,0.8736666017395276,0.575693004755446,0.876432576360652,0.5670103347365134,0.8740104858852606,0.5801450508130958,0.9177601246525979,0.9393185038522378,0.9389563606074924,0.8686561019166971,0.9400719570861292,0.8808905664952644,0.9375499585806527,0.8794112845334288,0.938775154689812,0.8621830218615767,0.973779857063241
0.9389242080332926,0.9418299285300495,0.8721693964039636,0.9416919237492241,0.8817308956916101,0.9382666635015096,0.8817730971623364,0.9414463348621196,0.8611187202019097,0.9739598792257514,0.8967426089271565,0.8157120103300548,0.6254179454309425,0.8780087722109484,0.5774250116581549,0.8831898966265942,0.5642677057970573,0.8766584758776342,0.5899624051930191,0.920490099726696,0.9184413245303145,0.6357620319634731,0.8206363023207921,0.6267277647025855,0.8227910165173042,0.6461839609621228,0.8116180407746414,0.6772708655740791,0.7541101811254338,0.9141289788358491,0.9192605216490198,0.6313777445938726,0.8227616944697629,0.62354923067805,0.8235661038487121,0.6444848715386777,0.8117223207596107,0.6778201119219838,0.7551121382332084,0.9130512277320983,0.8974719723105238,0.8217384908094841,0.6185035102476111,0.880294902451065,0.5763195572224419,0.8825588049504349,0.572243716305415,0.8745379369247523,0.5949457860706144,0.9200886069971188,0.9391516952031824,0.9417401126750963,0.8742716283572727,0.9410369161481504,0.8835315148972525,0.938511931811659,0.8799453580150052,0.9411454974580375,0.8606505386083021,0.9739932466885537
0.9390079459382807,0.9444511381334184,0.8765290321309126,0.9427131826255677,0.8831917964178151,0.939536922403033,0.8815316441793751,0.9440004174802082,0.8594136380253797,0.9738539973760059,0.8996954213793749,0.8241725968953515,0.6287798111894806,0.8824943275081782,0.5808301766486093,0.8880789643783806,0.571035931139004,0.8762283373001729,0.6065994787015783,0.9226966250314278,0.9205803426237829,0.6403505599983302,0.826744250696082,0.6321327866479801,0.8273507484027878,0.6556014994000974,0.8151753188697782,0.6887204460000061,0.7595977588374068,0.9162955802584254,0.9215220913954288,0.6342242295435233,0.8307719010327533,0.6273106765084525,0.8290209590446564,0.6540230065946632,0.8142147795734112,0.6903469456360252,0.759581551452925,0.9151701074418056,0.9001151308916278,0.8311630547597277,0.6208237571753259,0.8853934233722405,0.5789853668883491,0.8872230549372327,0.579697796667157,0.873677679754755,0.6111711942314165,0.9223321423924637,0.9390560565350103,0.9442541219178577,0.8788273514654206,0.9419396064138287,0.8849852581061067,0.9396484458265406,0.8795585665534219,0.9434877736566942,0.8588279250691657,0.9739291831575541
0.9393393105116715,0.9467019602800795,0.8799031797911849,0.9436773781353934,0.8837241607218753,0.9410481734402065,0.8805148157172555,0.9463896186712817,0.8577196372403701,0.9736283215826127,0.9029078062255637,0.8314923447531382,0.6336475308108995,0.8855045998634319,0.5864607944337201,0.8914214274621095,0.5803465213644031,0.8744592134349319,0.6246726192268164,0.9247153351344368,0.9225655246768979,0.6465041967890839,0.8319933135982476,0.6395925719124675,0.8309812623871777,0.6664494785214425,0.8179528805313447,0.7012560422413098,0.7647700291214756,0.9180923860602321,0.9236279037230741,0.6387085852841488,0.8378507297061257,0.6331688330667798,0.8335150278829129,0.6650400371912525,0.8159315393306165,0.7038868993748885,0.7637283156393028,0.9169786260362498,0.9029566643373017,0.8392639573718145,0.6247573246835654,0.8889637687819847,0.5838839000928551,0.8903659826936356,0.5894881540654474,0.8714787925281429,0.6287386369501323,0.9244546741317416,0.9392101345654986,0.9464285895369651,0.8823411153446419,0.9428529527980509,0.8853992667559402,0.9410167579354476,0.878422424353493,0.9457396968045565,0.8569311697086355,0.9737391077561202
0.9400582913883644,0.9485249468468115,0.8823520860569571,0.9446435207833505,0.8834872972470559,0.9428270800535186,0.8789235803789818,0.9485523139542704,0.856242404990577,0.9734660818766632,0.9063600529090636,0.8376114138237233,0.6401144476466384,0.8870464243300346,0.5944540220702963,0.8931682435946681,0.5922806820190096,0.8713923352284744,0.6440333104587281,0.92649679926972,0.9244182404189633,0.6542830193242866,0.8363299120959609,0.6491364440186816,0.833676703960261,0.6786650680764253,0.8199524183213596,0.7147421245513097,0.7696188532797421,0.9195527139691178,0.9255918904638046,0.6449234775270098,0.8439318383629331,0.6411888052202567,0.8370281552223131,0.6774631758416692,0.816881312681357,0.7182946201414178,0.7675699406985893,0.9185302230672452,0.9060073395675108,0.8459654298462281,0.6304177722382869,0.891021991875831,0.5911757918908873,0.8919395354008675,0.6016835426428178,0.8680039114332826,0.6475306674803177,0.9264159859629069,0.939767137190868,0.9482134221597017,0.8848562997978167,0.9438468322028752,0.8849512961895858,0.9426515357948837,0.8767222681259066,0.9478421071604632,0.855188336183995,0.9735972156330654
0.9412595553734309,0.9498967776296213,0.8839589302546441,0.9456711113857638,0.8826581783883053,0.9448670434306268,0.8769690636240544,0.950447321352359,0.8551767704432023,0.9735366516729129,0.9100093711293771,0.8424812690830097,0.6482490254585019,0.8871415359805734,0.6049043516090513,0.8932925024778112,0.6068590454509449,0.867087156831817,0.6644964840272443,0.9280142282120831,0.9261642488933677,0.6637125559174244,0.839711062138307,0.6607461603356246,0.83543758033954,0.6921556499547088,0.8211814828625752,0.7290162977078232,0.7741416016930562,0.9207325236700274,0.9274261386660174,0.652924885171549,0.8489543272770024,0.651388426145692,0.8395466094816466,0.6911909883886926,0.8170891737334753,0.733404287854369,0.771132392672701,0.9198941266109268,0.9092615776346654,0.8512104064906146,0.6378953904312382,0.8915908315503538,0.6009805662213716,0.8919131801508948,0.6162961895809933,0.8633296132778732,0.6673893992798322,0.9281712169007844,0.940838435643184,0.9495829918197181,0.88644555468222,0.9449817924915104,0.883845524602359,0.9445612388526765,0.8746586462881094,0.9497513060654708,0.8538296553542976,0.9736622845275436
0.9429797698940243,0.9508320379059687,0.8848275336712301,0.946816665489739,0.8814265000117707,0.9471293036564661,0.8748660347344543,0.9520542841874974,0.85469758050418,0.9739549809048867,0.9137932007432765,0.8460655087180053,0.6580918631635599,0.8858214712723808,0.6178543489496136,0.8917883340030348,0.62402804929479,0.8616188122128161,0.6858381055947138,0.9292667647380659,0.9278217431668183,0.6747784813844111,0.8421035634882814,0.674353150690128,0.8362778968854379,0.7068030217460254,0.8216595573123922,0.7438927340839093,0.778345787722997,0.9217139846420385,0.9291277216396812,0.6627251106653794,0.8528593772564684,0.663731834446328,0.8410667612556509,0.7060918767602806,0.8165981285466792,0.7490267862103239,0.7744484212162093,0.9211506621665086,0.9126925994610362,0.8549602640946811,0.6472485972918138,0.8906977593933889,0.6133645303934331,0.8902771350219674,0.6332756821443919,0.8575401598926405,0.6881137571052873,0.9296740336570432,0.9424774974728138,0.950542684109933,0.8872070346648272,0.9463022689058639,0.8823004538808852,0.9467255136140766,0.8724431340102092,0.9514451681879896,0.8530724059581571,0.9740439773289811
0.9451911314883137,0.9513856898414087,0.8850786258724058,0.9481290667055476,0.8799883274913645,0.9495463539855076,0.8728224649097549,0.9533736099675615,0.8549476809013774,0.974751628743431,0.9176313993329426,0.8483381386931135,0.6696517301176537,0.8831306601754441,0.6332878061960535,0.8886613517064377,0.6436541920708485,0.8550738702597614,0.707798018265247,0.9302737676573298,0.929401241049128,0.6874215747481773,0.8434872551920732,0.6898335339178163,0.8362223604007861,0.7224579087051072,0.8214203791798547,0.7591666730362284,0.7822465500981003,0.9226015135539571,0.9306886982658257,0.6742917569691456,0.8555946666314727,0.6781274560203114,0.8415984255776046,0.722006327821465,0.815473352359973,0.7649564909127855,0.7775551211404421,0.9223869837251001,0.9162517267392226,0.8571964136549619,0.6584990515953422,0.8883730567673362,0.6283316913404424,0.8870440824757233,0.6525039442708064,0.850731812186406,0.7094594943971916,0.9308844207833862,0.9446718589108791,0.9511373547410104,0.8872659273687635,0.9478354345471884,0.8805419479707131,0.9490956151619856,0.8702952553852974,0.9529257883261495,0.8531072952849921,0.9747789381739582
0.9478037222708169,0.9516523109510792,0.8848491958072178,0.949641668923741,0.878538623553017,0.9520259501325337,0.8710385116077624,0.9544252137810947,0.8560322145775765,0.9758616762930596,0.9214323832607803,0.8492897533463981,0.6829004082205588,0.8791312755911496,0.651117492851009,0.8839414205329863,0.6655216730175063,0.847558029618174,0.730082786255341,0.9310663015091817,0.9309042895862725,0.7015356897660211,0.843864481601196,0.7070103492685474,0.8353126303755446,0.7389413830606175,0.8205202105649501,0.7746235661603328,0.7858757863703881,0.9235123229961923,0.9321011587506786,0.6875471754761782,0.8571234230544161,0.6944284810461314,0.841171734430777,0.7387497780234595,0.8138065558379568,0.7809759567999535,0.7804983447139382,0.9236935175781515,0.919870006965479,0.8579245903299801,0.67162874289594,0.8846591017332879,0.6458127106309988,0.8822516176243635,0.6737908542438521,0.8430173259036895,0.7311420554946467,0.9317809802431456,0.9473402059044999,0.9514546553693843,0.8867726969164964,0.9495856809810911,0.8787915756629099,0.9515938147285387,0.868432890663871,0.9542092615498834,0.8540831000699576,0.9758202270698701
0.9506750353512425,0.9517601422626087,0.8842889214550318,0.9513634698489579,0.8772644462138091,0.9544590161677922,0.8696975329900543,0.9552466575278807,0.8580158829793804,0.9771369483515335,0.9251002706283513,0.8489315498721579,0.6977662077266921,0.8739022093034641,0.6711830229406693,0.8776839832522741,0.6893344390292632,0.8391979538361125,0.7523685091435852,0.9316793474678473,0.9323235544958111,0.7169680244389406,0.8432564213986036,0.7256511530971455,0.8336064239861374,0.7560460999419607,0.8190394820774043,0.7900464405652657,0.7892783119577781,0.9245655037146044,0.9333611778770761,0.7023682132075237,0.8574253693946323,0.7124334627925738,0.8398378761573386,0.756111436418495,0.8117118226606228,0.7968614533077214,0.7833305226999843,0.9251531134476438,0.9234623666174155,0.8571716611121731,0.6865757145649273,0.879616076318778,0.6656600202819891,0.8759650117499286,0.6968718714122406,0.834532469783805,0.7528446252897153,0.9323668872415527,0.9503373597934903,0.951621841015929,0.8859031736719889,0.9515324276844203,0.8772580786482636,0.9541175377061355,0.8670647438137902,0.9553178757213343,0.8560936969610515,0.9770433669258798
0.9536256595744614,0.9518587025101747,0.8835570491926724,0.9532695551050951,0.8763378796455443,0.9567282747970912,0.8689589556910184,0.9558903933446427,0.8609193065186512,0.9783798108453317,0.9285443182237574,0.8473017207585166,0.7141279646865273,0.8675395452892019,0.6932459175169742,0.869973829489568,0.7147188067394661,0.8301442538704846,0.7743073918902312,0.9321462323305972,0.9336463132243078,0.7335211952755346,0.8417093203611928,0.7454704005071278,0.831180610010573,0.7735384283426205,0.8170871617229403,0.805221052634594,0.7925103344529227,0.9258662687324831,0.9344753315356253,0.7185909036973763,0.856505112294373,0.7318866706825182,0.8376753500020586,0.7738579794490478,0.8093254942253019,0.8123872758216761,0.7861108539765151,0.9268339756654298,0.9269368834451153,0.8549940385513397,0.703228317356327,0.8733297743977358,0.687641400805407,0.8682759881639666,0.7214077043190754,0.8254381132012921,0.7742244810287401,0.9326773479768323,0.9534670229643898,0.9517912513265583,0.8848490863435456,0.9536267740708146,0.8761263927102059,0.9565428737329692,0.8663756913083437,0.95627198271464,0.8591695037114856,0.9782701385758041
0.9564572268512923,0.9521006109599339,0.8828190746637785,0.9552963354778623,0.8759084083559969,0.9587184933882676,0.8689512738172264,0.9564182319165282,0.864723334769787,0.9793914398531073,0.9316856282998373,0.8444700450921645,0.7318123852264391,0.8601613394355184,0.7169873202422086,0.860927512864064,0.7412328292451641,0.8205790151324892,0.7955370182166119,0.9324990994724681,0.9348611980014658,0.750958800841349,0.8392946025555956,0.7661334763951536,0.8281366894620514,0.7911618627467325,0.8148004879819666,0.8199422510674013,0.7956387959874038,0.9274938181696173,0.9354617788478674,0.7360101582435937,0.8543972346871417,0.7524792740441438,0.8347888493210187,0.7917367978637737,0.8068035956637201,0.827328109156207,0.7889052949070205,0.9287825016705942,0.9302076622490745,0.8514787681912503,0.7214229470960273,0.8659177545431038,0.7114407725584171,0.859308009747427,0.7469866777895101,0.8159237113630171,0.7949262988678711,0.9327820609400052,0.956506952097157,0.9521196412714035,0.8838101597098587,0.9557916178041996,0.8755522540226051,0.958737108138294,0.8665159429882274,0.9570911691240465,0.8632777710784996,0.9793072751058396
0.9589750681272244,0.9526201786072084,0.8822415672574521,0.9573454139967668,0.8760956142545371,0.9603304754676847,0.869763564518882,0.9568954591825362,0.8693701626102339,0.9800222266550854,0.9344648919196068,0.8405415577561541,0.7505958501743173,0.8519056577755884,0.7420112199727402,0.8506987629069898,0.7683720982798778,0.8107148056880271,0.815692323022206,0.9327738925635953,0.9359661987025083,0.7690120990641206,0.836111902317172,0.7872628416496563,0.8246017327520373,0.8086432076390553,0.8123446116402279,0.8340125467522426,0.7987365679337972,0.9294884625322146,0.9363516858004051,0.7543810685726691,0.8511742045451878,0.773850434615831,0.8313080469830281,0.8094782479263803,0.804319410747919,0.8414619121204405,0.7917860268264387,0.9310080014476112,0.9331986540086055,0.8467509550884901,0.7409418943596155,0.8575266485606128,0.7366608706659532,0.8492172333891908,0.7731304378435138,0.8062077978979747,0.8145946203812426,0.9327729042683823,0.959225730858167,0.9527372443212521,0.882975752757545,0.9579170692972012,0.8756468670523987,0.9605647986124605,0.8675854480619132,0.9577902950990875,0.8683204908136193,0.9799932639522049
0.9610102207888773,0.9535128670760262,0.8819871058714712,0.9592968715683294,0.8769848368880189,0.9614951203251504,0.8714472375000695,0.9573869620690225,0.8747656500771228,0.9802125384906926,0.9368466006041345,0.8356575210947244,0.7702067150292405,0.8429342754276028,0.7678524224679448,0.8394807795842256,0.7955841820836904,0.8007983905782821,0.8344177122773138,0.9330243855702759,0.9369684690394418,0.7873857187318103,0.832293534899156,0.8084461927802832,0.8207342884528772,0.8256990232124457,0.8099067355879748,0.8472449736140637,0.8018768451827563,0.9318519557547956,0.9371807792851621,0.7734220452367313,0.846951138125378,0.7955918593165765,0.827388639838889,0.8268001312411675,0.8020613380603515,0.8545778339443478,0.7948276800648986,0.9334895647115753,0.9358602328143426,0.8409734070598602,0.7615071072679084,0.8483330405260572,0.7628301366790122,0.8381988137213506,0.7993066902929973,0.7965398931806527,0.8328865419612763,0.9327648032531612,0.9614233155302307,0.9537275075963741,0.8825162597340543,0.9598800274998402,0.8764826730473789,0.9619173379354038,0.8696349014731086,0.958394545265707,0.8741537546382306,0.9802457850787756
0.9624421979388591,0.9548198337783873,0.8822053923931176,0.9610299827865552,0.8786227292581293,0.9621874144271805,0.8740137722123604,0.9579535086674722,0.880782286759214,0.9800116068152525,0.9388219443276848,0.829997130586883,0.7903311258605903,0.8334345541878245,0.7939854577231644,0.8275079419470673,0.8222795597194954,0.7911092890585423,0.8513796467529868,0.9333260798831354,0.93788386959042,0.8057640328040198,0.828004964283055,0.8292495959342727,0.8167227213166111,0.8420450731340385,0.8076930283863939,0.8594619912000185,0.8051290179368604,0.9345432862781924,0.9379834986742871,0.7928171315127692,0.8418881353555191,0.8172518335331866,0.8232085633105345,0.8434138466308027,0.800226840590591,0.8664769784099834,0.7981036806192483,0.9361714980982081,0.9381712012906651,0.8343486004219767,0.782783704690245,0.8385348261661412,0.7894159567670013,0.8264889228667085,0.8249455629233012,0.7871968421632369,0.849482887980872,0.9328804067118015,0.96295545462372,0.9551116675033425,0.8825744430451266,0.9615593733898982,0.8780928895186686,0.9627360989630565,0.8726623178976063,0.9589405619478213,0.8805986404688245,0.9800911079969754
0.9632200785744891,0.9565203589527875,0.8830268082942061,0.9624459307983024,0.8810216783530578,0.9624357570846008,0.877436928176504,0.9586477177466252,0.8872597889567196,0.979569466165209,0.9404120247637624,0.8237774883507156,0.8106171448764393,0.8236213423475531,0.8198396508383266,0.8150610271005967,0.8478501205391403,0.7819560438169849,0.8662787229457529,0.93377404340828,0.9387387423550917,0.823818887338726,0.8234488151594083,0.8492306494642112,0.812785136774939,0.8574071850512797,0.8059181103787829,0.870498089323858,0.8085534995391772,0.9374811986332103,0.9387902525479668,0.8122194218866499,0.8361966117811356,0.8383533032886021,0.8189679808836798,0.8590294572071163,0.7990178811335674,0.8769839387157548,0.8016855558348002,0.9389698640551128,0.9401403860187689,0.8271154106675441,0.8043825307640655,0.8283509290665203,0.8158367228327079,0.8143675455374495,0.8494599722525324,0.7784847404079498,0.864100733497629,0.9332348988399506,0.9637596483042994,0.956846891327475,0.8832577217801871,0.9628574036379696,0.8804754149672676,0.9630310869471785,0.8766170155201378,0.9594759970424688,0.887457265145082,0.9796663297002467
0.9633773115118263,0.9585332396951451,0.8845499774387062,0.9634849083274568,0.8841572700742886,0.962326035362913,0.8816547641838515,0.9595039314435154,0.8940059225253087,0.979101007097724,0.9416687306440306,0.8172509013364477,0.830678353126677,0.813738728526815,0.8448183160583534,0.8024681242793765,0.8716897415557769,0.7736708525536334,0.8788590940794274,0.9344733868962491,0.9395664260748942,0.8412156301813005,0.8188613820564588,0.8679544355023028,0.80916320084307,0.8715276497611328,0.8047972212561405,0.8802042265908754,0.8122028920613829,0.9405518564052542,0.9396252927043824,0.831257197301495,0.8301342399392344,0.8584175052101541,0.814890078068392,0.8733691026483714,0.798631375593601,0.8859530370323077,0.8056393236708981,0.941780852055464,0.9418026379461258,0.819545563269965,0.8258709339344809,0.8180244293195402,0.8414793174373094,0.8021629269974876,0.872269914933438,0.7707342699718407,0.8765019270699239,0.9339247010690148,0.9638696322957585,0.9588369811395141,0.884641662644716,0.9637214765224758,0.8835993953156451,0.9628874571284554,0.8814042561797566,0.9600529975319225,0.8945185627106843,0.9791867115685653
0.9630351134768722,0.9607261863678747,0.8868321660616181,0.9641372702435125,0.8879706699590626,0.9619958100806327,0.8865661815861684,0.9605243197303703,0.9008023281497136,0.978831591864782,0.9426753473803423,0.8107024809550545,0.850099616201323,0.8040633127169898,0.8683149037410046,0.7901042354772776,0.8932145417124415,0.7666001254688888,0.8889182685202401,0.9355218179857733,0.940401808417076,0.8576221604458489,0.8145146339002406,0.885008115798305,0.8061155742453117,0.8841760680268123,0.8045338377287128,0.888452594886455,0.8161210234158982,0.9436204399843475,0.940502643300775,0.8495443476064868,0.8240042369746226,0.8769832640922359,0.8112223621043402,0.8861762979329226,0.7992500430291648,0.8932762733965305,0.810021760967844,0.9444920722291177,0.943213042983452,0.8119394999814816,0.8467828559719414,0.8078231964500048,0.8657189491674389,0.7902478343972132,0.8928246348489579,0.7642910401990817,0.88650146479805,0.9350172749993026,0.9634111119171529,0.9609463210548028,0.886770206453615,0.9641588698862182,0.8874094619740455,0.9624564857445144,0.8868887738338038,0.9607158312500359,0.9015645930822609,0.9788866116574289
0.9623902095634046,0.9629319801345935,0.8898829894120575,0.9644422835314426,0.8923714739891694,0.9616166542537391,0.8920346052412489,0.9616763012733087,0.9074160820531136,0.9789354298097395,0.9435399813422654,0.8044469791169107,0.868446695889745,0.7949029802257135,0.8897404118483491,0.7783928109829152,0.9118884670504448,0.7610960346140916,0.8963173569340495,0.9369830270563428,0.9412816535184765,0.8727190954997148,0.810701678585543,0.9000167768824139,0.8039101586967126,0.8951542470361028,0.8053106203218052,0.8951426293478694,0.8203433494276102,0.9465381314366739,0.9414339307760864,0.8666934430565087,0.8181411594510188,0.8936304748739969,0.8082316056419137,0.8972261226606514,0.801029119012193,0.8988880843155421,0.8148775087288707,0.9469949377413424,0.9444412484014482,0.8046197371427442,0.8666335935487436,0.798044962201325,0.8879416785346536,0.7790322579293723,0.9106228889105412,0.7595049911994536,0.8939746243131566,0.9365451613429339,0.9625944929748729,0.9630243796146263,0.8896521197583769,0.9642377028044409,0.891827644876954,0.961928768242179,0.8928957882960395,0.9614896106455604,0.9083750089988791,0.9789503874227659
0.9616871547865364,0.9649698984013819,0.893660214266857,0.9644807311942785,0.897238430160884,0.9613676032275482,0.8978871492770983,0.9628942864471064,0.9136146871746168,0.9794836433742022,0.9443844117534639,0.7988197156350187,0.8852809473597512,0.7865933185293916,0.9085453496644887,0.7677960134532664,0.9272430360394273,0.7575005397360008,0.900989826434041,0.9388658127739118,0.942240663133129,0.886206598423089,0.8077288215273705,0.9126579676210194,0.8028041594938282,0.9043053580350103,0.8072781453021197,0.9002070346949996,0.8249035389118399,0.9491543801058685,0.9424316654717568,0.8823314631495887,0.8129035690690027,0.9079982375286544,0.8061902510431289,0.9063379321955024,0.8040890311220732,0.9027636482932431,0.8202351300367239,0.9491890134411871,0.9455656937169468,0.7979271086882274,0.8849367540818054,0.7890168809436808,0.9075676778481518,0.7689574371681145,0.925233988695056,0.7567128067430345,0.8988647188642624,0.9385015801208116,0.9616849306424063,0.9649212080528209,0.8932592083322637,0.9640767131154269,0.8967478849074155,0.9615011631011385,0.8992180627803774,0.962369603150198,0.9147320112288313,0.9794566071905626
0.9611816682096117,0.9666717811249084,0.8980742722217983,0.964362613666557,0.9024221200621094,0.9614050863833508,0.9039218839233554,0.9640965835475122,0.9191870844824767,0.9804192817018714,0.9453299774365006,0.7941676401959612,0.9001796390501531,0.7794909858134345,0.9242447822799575,0.7588028503771707,0.9388964977290057,0.7561324541932479,0.9029500420249084,0.9411245796751604,0.9433084567856487,0.8978172792960393,0.8059000889014631,0.9226743101810222,0.8030331327142605,0.9115173407174997,0.8105434697534663,0.9036171269243295,0.8298253349107081,0.9513398339492469,0.9435112620110746,0.8961133931023653,0.8086537720213124,0.9197961250890125,0.805360956009554,0.9133851023801702,0.8085072308313899,0.9049265218534632,0.826102245478691,0.9509940328887434,0.9466653882330687,0.7922161784831678,0.9012247493331685,0.7810959138334107,0.9240746753443017,0.7604837587865954,0.9363104753676976,0.7562172896291561,0.9011867143756924,0.9408439745738211,0.9609638188638394,0.9665023694320606,0.8975228501545818,0.9638240404784338,0.9020324325887541,0.9613464438043684,0.9056249228256008,0.9633233909148193,0.9204304870657092,0.9803540088077636
0.9610997600654715,0.9679089314665228,0.902993799878862,0.964212384464757,0.9077513563038888,0.9618365468695883,0.9099201190861488,0.9652052114182483,0.9239640953159288,0.981568208843712,0.9464776519978688,0.7908335304794845,0.9127615805588796,0.7739657864095759,0.9364419893236828,0.751910620024038,0.9465772141711233,0.7572721809243907,0.9023063068464117,0.9436689224450672,0.9445051374528286,0.907322865526839,0.8055046990476801,0.9298844288412909,0.8048006321131661,0.9167289588568976,0.8151678750786612,0.9053913696735089,0.8351267877048396,0.9530036889922094,0.9446927061129258,0.9077420608831599,0.8057423056961566,0.9288105991912237,0.8059833793220563,0.9183013912070522,0.8143142502612661,0.9054443677223339,0.8324657147124723,0.9523558434439979,0.9478137795113156,0.7878437730340441,0.9150709903418384,0.7746590101218465,0.9370241339408878,0.7540751913156609,0.9436059473068079,0.7582693136406989,0.9010318311275228,0.9434957026526163,0.9606905276874185,0.9676671292893195,0.902333105497057,0.9636325432066499,0.9075113012970122,0.9615897848167552,0.9118781003387884,0.9643023207779846,0.9252918380773141,0.9814752598409786
0.9615998885976187,0.9686151984973834,0.9082567031735362,0.964155429302413,0.9130468211926628,0.9627024576695398,0.9156640969283295,0.9661611818849385,0.9278320332641687,0.9826865666810706,0.9478891449051905,0.7891384811529478,0.9227122260499367,0.7703877926218665,0.9448523695290545,0.7475995885907364,0.950135346387161,0.7611393941921314,0.8992650099899131,0.9463799727274353,0.9458437248911666,0.9145472606873755,0.8067914889072905,0.9341954047766995,0.8082600598318773,0.9199289395774762,0.8211566209583354,0.9055945424554817,0.8408109317784123,0.9541049898110354,0.9459954877509009,0.9169755967833412,0.8044856156069562,0.9349130515532165,0.8082530981070277,0.921087132285515,0.8214880590059193,0.9044314115224699,0.8392881570614938,0.9532550506618306,0.9490718451468099,0.7851552615033824,0.9261129510133235,0.7700904302159527,0.9460879564427409,0.7501800017327307,0.9469885100807974,0.7630497545881455,0.8985726274975699,0.9463521174146544,0.9610565918058156,0.9683583978131252,0.9075419644276435,0.963638577252648,0.9129905019495423,0.9622946509113972,0.9177530740796824,0.9652577152289039,0.9291824944153664,0.982586867383698
0.9627448817881864,0.9688012742050733,0.9136798577660574,0.9643052357937845,0.9181309243446123,0.9639719863161405,0.920956084374055,0.9669350533893579,0.9307443981801475,0.9835337243275062,0.9495771173278997,0.7893637907938711,0.9298017157822079,0.7691069000340389,0.9493158510924397,0.7463051437259647,0.9495656782806017,0.7678803049023283,0.8941340550210359,0.9491340503466135,0.9473235757338037,0.9193775598323652,0.8099529006690125,0.9356094128455111,0.8135011425064258,0.9211570588153994,0.8284591576013033,0.9043475322475474,0.8468631838203915,0.9546633545072603,0.9474307552805539,0.9236396985895541,0.8051488139790383,0.9380586157609718,0.8123051245106184,0.921801306859455,0.8299465247998765,0.9020484386010553,0.8465087323015367,0.9537155334356882,0.9504784079220858,0.7844656990183096,0.9340722478823134,0.7677654080458469,0.9510689374779975,0.7492074266368294,0.9464534729007885,0.7706539418596983,0.8940625515616651,0.9492897323748725,0.962152415304055,0.9685804766843527,0.9129652053487498,0.9639431990724867,0.9182664196897672,0.9634565792693086,0.9230547338958599,0.9661552949938382,0.932027644121437,0.9834556913343625
0.9644901307880593,0.9685579562813006,0.9190754137274109,0.9647509474182201,0.9228455230085229,0.9655526095990699,0.9256416510241681,0.9675277575473261,0.9327228553604157,0.9839479460576164,0.9515067857713314,0.791735619935376,0.9339008461067266,0.7704336208374959,0.9498140488907216,0.7483877574932223,0.9450182320902532,0.7775425857179254,0.8873138969532882,0.9518183264086841,0.9489311340919148,0.9217770993453127,0.8151041930842127,0.934226503193365,0.8205370501612681,0.9205017862521052,0.8369678262263824,0.9018241116744456,0.8532476442913461,0.9547570739318909,0.9489888973011997,0.927634781897943,0.8079274102455006,0.9382921693742854,0.8182001461669366,0.920564716443558,0.8395465403086108,0.8985001700690509,0.8540452070750875,0.9538087395127672,0.9520439802714777,0.7860385447647603,0.9387784404836939,0.7680249114279905,0.9519225452406135,0.7515017363400177,0.9421374888438697,0.7810806405164101,0.8878417336183249,0.9521724663834313,0.9639448125987911,0.9684063113190374,0.9184067241558136,0.9646033665278957,0.9231485015823294,0.9650063371110997,0.9276337935166292,0.9669814414216784,0.9338244383558401,0.9839174470204423
0.966682893705184,0.968044405665795,0.9242604311695722,0.9655416854594908,0.9270608207559297,0.9673021037619767,0.9296152628268908,0.9679708661246776,0.9338556696205484,0.9839015532634512,0.9535956679674911,0.7964075121265202,0.9349872667125668,0.7746138758615235,0.946473221808003,0.7541019272224854,0.93680309417317,0.7900609724754187,0.8792850673049425,0.9543363869787922,0.9506407173591542,0.9217909264363253,0.8222674929593499,0.930244124237909,0.829296077424581,0.9181011483219148,0.8465186826837672,0.8982470702442051,0.8599065960495698,0.9545115187246918,0.950640801929407,0.9289492665642809,0.8129319732896696,0.935755775662023,0.8259133925746188,0.9175576663483261,0.8500829558905096,0.8940336357536594,0.8617989927270326,0.9536515887905038,0.953745065990478,0.7900668511101947,0.9401812940096987,0.7711548514313851,0.9487662080593113,0.7573120212415099,0.934321197272203,0.7942182154442556,0.8803307595815882,0.9548618173870466,0.9662741270774076,0.967975492996042,0.9236687208409267,0.9656252627530498,0.9274789269031501,0.9668161452414523,0.9313886663317446,0.9677394050406025,0.9346495045887301,0.9839291596465711
0.969084003726544,0.9674655861089577,0.9290666001563872,0.9666731412577889,0.930685713271759,0.9690508523359387,0.9328289094321833,0.9683166552756661,0.9342883478153313,0.9835144026064122,0.9557291455221928,0.8034484180838865,0.9331509338942268,0.781802336479692,0.9395682134152015,0.7635672338761021,0.9253891692433576,0.8052401722561215,0.8705873871890426,0.9566053673739574,0.9524180613865754,0.9195573037935796,0.8313614371612355,0.9239544588856152,0.8396182395707643,0.9141446722968237,0.8568953288634603,0.8938796442304597,0.8667611402575148,0.9540845361050116,0.9523418992148383,0.9276675156637181,0.8201741724292575,0.930679601873367,0.8353287078915685,0.913014601117276,0.8612923006706379,0.8889280603180882,0.8696535675129426,0.9533980127724282,0.9555238406309867,0.7966542258906257,0.9383553253031967,0.7773548019310174,0.9418791864505025,0.7667598745233681,0.9234331711757371,0.8098343156688028,0.8720217818839244,0.9572279778222965,0.9688769386031808,0.9674811367069462,0.9285692766639151,0.9669604162524955,0.9311503625149864,0.9687130990084103,0.9342741368221907,0.9684411392431033,0.9346628071556948,0.9835875178111744
0.9714039677156565,0.9670410849088322,0.9333488966459491,0.9680767863123094,0.9336677912004314,0.970625341092729,0.9352876071506343,0.9686352361870612,0.934215862554401,0.9830183844938872,0.9577725938726824,0.8128299580240683,0.9285898187259559,0.7920355328719458,0.9295171988506143,0.7767403764305286,0.9113880799233807,0.822745743255555,0.8617914618814937,0.9585551316390033,0.9542232816096159,0.9153033977621938,0.8421971473985129,0.9157363034667421,0.8512558719565391,0.9088776334860813,0.86783294869396,0.8890152004608017,0.8737152091107352,0.9536529151316607,0.9540431746324483,0.9239736214981282,0.8295572456764588,0.9233843429078776,0.8462342929823415,0.9072176352756193,0.8728621286569938,0.883490107264011,0.8774796843138087,0.953220154193732,0.9572925919154106,0.8057967784180452,0.9335038488516152,0.7867102769126804,0.9317020118556364,0.7798107573440526,0.9100426907674595,0.8275718435810402,0.8634672630353378,0.9591670417289572,0.9714282145418062,0.9671406111968985,0.9329541962876511,0.968508683318082,0.9341171834825451,0.9705001671835917,0.9362999245953312,0.9690987278780414,0.9340985721251196,0.9831063869507999
0.9733533390294837,0.9669704363242909,0.9369932477669114,0.9696248959426238,0.935999536627568,0.9718760013134148,0.9370479046264756,0.9690010904528052,0.9338699162697486,0.982684141809971,0.9595889411786638,0.8244152433997787,0.9216083998060203,0.8052117244778425,0.9168767009759449,0.7933936144140699,0.895534507661226,0.8420909293220638,0.8534747930527845,0.9601289426757489,0.9560110000998571,0.9093444527830565,0.8544803164957963,0.9060468726904929,0.8638789439294865,0.902592990126898,0.8790199245749586,0.8839560709343142,0.8806549077795103,0.9533960566182487,0.9557039926089532,0.918157504937023,0.8408686591644838,0.9142679489590653,0.858328467638558,0.9004924402601096,0.8844432656812511,0.8780391719101257,0.8851314713954834,0.9532824268322699,0.9589435797168274,0.8173717522258972,0.9259563270551294,0.7991642006891836,0.9188146783654192,0.7962507421738452,0.8948451583913026,0.8469400616659921,0.8552470113684572,0.9606109085380776,0.9735975712273949,0.9671484506970778,0.9367023132151084,0.9701223877725651,0.9363884939386002,0.9719829581947906,0.9375318492355083,0.96972274568416,0.9332457620981476,0.9827527269678358
0.974697261093816,0.9673971727376078,0.9399223056193715,0.9711536188934262,0.9377201706177639,0.9727010859128302,0.9382077539762904,0.9694835751605986,0.9335006516246404,0.9827295411767798,0.9610567290604072,0.8379563361378803,0.9126172253033438,0.8210739410149446,0.9023236465588462,0.8131018002138528,0.8786540075385962,0.862654261180922,0.8461936173251574,0.9612936876450703,0.9577325353778752,0.902073936777182,0.8678263478850361,0.8954102430457231,0.8770915822623172,0.8956329351264899,0.8901138735593528,0.8790113821754271,0.8874582776336251,0.9534829802892261,0.957295554788142,0.9106033139459137,0.8537849090819709,0.9038111773339284,0.8712331481794515,0.8932014160153439,0.8956707820359179,0.872904817617627,0.8924557125752421,0.9537174793394863,0.9603658782045418,0.8311307649001994,0.9161603826295267,0.814501220352461,0.9039201507684758,0.8156708236180017,0.8786395303739434,0.867325662651343,0.8479452732788915,0.9615449672697887,0.975111228891241,0.9676366971698609,0.9397337331571993,0.9716321322539134,0.9380285907986485,0.9730124143212514,0.9381008128804691,0.9703302817221746,0.9324238519273863,0.9827572861058566
0.9753048333815486,0.9683775818010976,0.9421021715092619,0.9724975951767237,0.9389172787228519,0.9730729819853978,0.9389095781750706,0.9701381380187327,0.9333561993735864,0.9832438069662157,0.96208802817325,0.8530922620469197,0.9021202714777306,0.8392020484851921,0.886636049329398,0.8352436456442149,0.8616334085914648,0.8836885330993481,0.8404583695116097,0.9620508624386596,0.9593378327283087,0.8939514783963287,0.88177272720134,0.8843992431387789,0.8904435689500878,0.8883770497442046,0.9007528513381129,0.8744802540525701,0.8939953542381982,0.9540510813235351,0.9587996034530143,0.9017758102298548,0.8678783826391696,0.8925604291449494,0.8845106318525746,0.8857368384221214,0.9061782427316347,0.8684114204248001,0.8992932281432338,0.9546065217950852,0.9614658840016957,0.8467008684905453,0.9046686655000031,0.8323347541920367,0.8878173202707464,0.8374647591319364,0.8622993404817048,0.8880036169526785,0.8421102693392754,0.9620152108236699,0.9758056758189012,0.9686410672784584,0.9420145047252246,0.9728762064807104,0.9391447976700084,0.973519899650616,0.9382000656526577,0.9709471681174549,0.9319412982724751,0.9832298902495924
0.9751811807609467,0.9698624050553799,0.9435521014170108,0.9735286199501414,0.9397254334802465,0.9730495504349682,0.9393332260737927,0.9709898671077735,0.9336591391682723,0.984152793821101,0.9626462353820089,0.8693529349616506,0.8907058382033675,0.8590196144896706,0.8706667866520259,0.8590156027016216,0.845386509416654,0.9043544663649352,0.8367155714607264,0.9624504905584046,0.9607840333563143,0.8854892260743119,0.8958047407401493,0.8736187373035893,0.90345137817659,0.8812305696698872,0.9105764714753852,0.8706526350967223,0.9001358819983278,0.9551840172964994,0.9602072393229946,0.8922084885869153,0.8826393132268504,0.8811251257244771,0.8976883933047394,0.8785123400277519,0.9156163575591816,0.8648684255272072,0.9054875888125858,0.9559661503319397,0.9621881428409147,0.8635950064656663,0.8921268198638548,0.8521130110215631,0.8713719297515168,0.8608434647096347,0.8467347715512472,0.9081626685936369,0.8382256077531878,0.962129578612793,0.9756663327552018,0.9700949343005367,0.943567573108942,0.9737402599533898,0.9398799068114032,0.9735414998883845,0.9380765893995524,0.9716048137261977,0.9320612211991868,0.9841125772838465
0.9744726087137459,0.9716982950743505,0.9443488020555207,0.9741847973565811,0.940318617661491,0.9727698729541672,0.9396830868301727,0.9720194551952226,0.9345808043140953,0.9852399428768548,0.9627554220092701,0.8861719364776071,0.8790273972846772,0.8798068577278977,0.8553060586190432,0.8834598945281111,0.8308186265286723,0.9237658891562586,0.8353299384260694,0.9625907042212095,0.9620443054847971,0.8772320604368382,0.9093788435993749,0.8636810966944138,0.9156200243732804,0.8746097795843126,0.9192455170420818,0.8678035886776506,0.9057544519383973,0.9568844933063365,0.9615125765331927,0.8824852161585308,0.8974981762684895,0.8701542844028329,0.9102826776151761,0.8719474162028429,0.9236701394027551,0.8625588970937242,0.9108956331838848,0.9577481059015838,0.9625306802381821,0.8812275471091178,0.879247704605012,0.8731330757727073,0.8554850383346739,0.884860694789096,0.8328478053100228,0.9269506066516986,0.836675572936951,0.9620434121157759,0.974838411735609,0.9718410595100854,0.944473959048508,0.9741861103199767,0.9404031760741804,0.9732168031753357,0.9380047824340545,0.9723281413119789,0.9329637566714468,0.9851934592165522
0.9734438234781788,0.9736540246672071,0.944628699861539,0.974480274451012,0.9408928556605489,0.9724288143129218,0.9401674878772153,0.9731563383513827,0.9362190686341063,0.986216534563202,0.9625002905447653,0.9029082696492708,0.867780205688433,0.9007275429677466,0.8414432122951783,0.9075063257212312,0.8187884460843254,0.9410410356048645,0.8365638254437207,0.9626031000393069,0.9631144980375899,0.8697382162058056,0.921947119745496,0.8551820645509661,0.9264673801427936,0.8689270198437267,0.9264662866503103,0.8661861967670663,0.9107364294713045,0.9590586351565293,0.9627104078115335,0.8732198627978769,0.9118512936306115,0.860307364401709,0.9218167413660135,0.866454147197369,0.9300780282494692,0.8617239079668995,0.9153991850392803,0.9598435674287771,0.9625504185689122,0.8989351014649161,0.8667854517505913,0.8945651253238233,0.8410577432990132,0.9084585214530847,0.821482317045417,0.9435138023560197,0.8377207344536597,0.9619342860470361,0.9736091159629362,0.9736694594223433,0.9448730661140743,0.9742619848719818,0.9408948845903421,0.9727559432655608,0.9382463565115333,0.9731178024809164,0.9347277568598984,0.986180396581219
0.9724302597992046,0.9754668390266921,0.9445804151378187,0.9744943433416162,0.9416357703533798,0.9722344216186308,0.9409693488395656,0.9742910236670288,0.9385876619396334,0.9868235722935201,0.9620205705252032,0.9188762648600668,0.8576725730599248,0.9208670430961412,0.8299207348218075,0.9300229028175848,0.8100629476218404,0.9553600817775141,0.8405554319404152,0.9626359625504899,0.9640157996678759,0.8635495654510648,0.9329873931248432,0.8486709848285563,0.9355566823474675,0.8645699024592531,0.9320097546239026,0.8660189917547922,0.914986697363376,0.9615245013438274,0.9637960583520141,0.865032316328028,0.9250961537184156,0.8522168189950718,0.9318445436945524,0.8624176216321606,0.9346533327937577,0.8625484587695205,0.9189159122764169,0.9620953611197763,0.9623543418554281,0.916001406028984,0.8555025385970848,0.9154860342507226,0.8289520552349252,0.9305193310946333,0.8133782817638642,0.9570533247631419,0.8414836063080373,0.9619677350804552,0.9723561964613183,0.9753567223708152,0.944951755379206,0.9740957728285342,0.9415352298127382,0.972393039651299,0.939011326009791,0.9739413848477245,0.9373318903505303,0.9868083188657837
0.9717702070615153,0.9768972005785052,0.9444280622162821,0.9743530839657979,0.9427010300267484,0.9723593437078419,0.9422212186377144,0.9753023206861626,0.9416119312525602,0.9869269301527105,0.9614913118243158,0.9333823820331438,0.8493919485516872,0.9392780289327582,0.8214887110944362,0.9498798880709267,0.8052720842223277,0.9660223341921144,0.8472963444735243,0.9628242544686006,0.9647867598063087,0.8591625382792174,0.9420289397636907,0.8446204608149505,0.9425225718604796,0.861884914087793,0.9357326993245344,0.8674719449037541,0.9184373876136099,0.964039581928951,0.9647691376643032,0.8585189302874845,0.9366587814270579,0.8464450709229289,0.9399697278133528,0.8601735005749094,0.937297491485096,0.8651482644333859,0.9214105504875887,0.9643175966923776,0.9620826015506213,0.9316912712748189,0.8461330049625164,0.9349237601393081,0.8199453576292042,0.9499369170256348,0.8091233203319389,0.9668842996962698,0.847934261231635,0.9622670870719054,0.9714687220129747,0.9766988581029169,0.9449166310662789,0.9738582638935707,0.9424774784994638,0.9723297282889634,0.9404244521810889,0.9747394925444519,0.9406601123997347,0.9869387536973717
0.9717323799897724,0.9777783246830916,0.9444049486843719,0.974203674778942,0.9441834932589694,0.9729028437423854,0.9439885936470604,0.9760925670745505,0.9451364850436224,0.9865736144761499,0.9611013592205047,0.945762361941902,0.8435626704440138,0.9550385475959738,0.8167603321764434,0.9660194480389155,0.8048622953194536,0.9724914432815297,0.8566100383644715,0.9632658999406167,0.9654720642322818,0.8569943850345161,0.9486823574926504,0.843398335009822,0.9471066651661852,0.8611545694832483,0.937592797841726,0.870650190306322,0.9210574352594452,0.9663446367686056,0.9656349299815526,0.8542170040013648,0.9460337044674447,0.8434468040449394,0.9458739530636793,0.859991425570451,0.9380173191886714,0.8695578621947605,0.9229012672850451,0.9663155326965771,0.9618854391024518,0.9452848374821325,0.8393412310413955,0.9519111076064105,0.8146881032272807,0.9656908213007758,0.8091141432627085,0.9724909825597172,0.8568956276757748,0.9628924863248058,0.9712646026157364,0.9775491084153127,0.9449739249799664,0.9737255670931431,0.9438332990169487,0.972694216620712,0.9425096463558575,0.9754457231032386,0.9445214209892513,0.9866138723013969
0.972453037204894,0.9780497375581735,0.9447210566086481,0.9741922128999487,0.9461081436151402,0.9738634025695154,0.9462529303079976,0.976608827261578,0.9489389479254513,0.9859839119692251,0.961026993489297,0.9554304938724243,0.8407011098249072,0.9673143955524512,0.8161682593185697,0.9775386036157974,0.8090564628487323,0.9744493191583881,0.868151277412988,0.9640063003620658,0.9661124640349945,0.8573593740269063,0.9526735627342987,0.8452430192933036,0.9491756135409287,0.862585956063209,0.9376538235937234,0.8755756611835388,0.9228611883787075,0.9682185357012664,0.96640900363498,0.8525660296715141,0.9528133615787224,0.8435358829947955,0.9493407297234384,0.8620483415249758,0.9369253490951748,0.8757193653016095,0.9234601099474467,0.9679175027335631,0.9619014557249347,0.9561249941805432,0.8356845933115138,0.9655450577334692,0.8136561501750172,0.9769107147686025,0.8135303065740307,0.9735836953376641,0.8680458694547107,0.9638407846596984,0.971915077495651,0.9778445042297295,0.9453054491716313,0.9738431411861751,0.945655896614525,0.9735186362202628,0.9451979839346997,0.9760138324876274,0.9486709978240004,0.9860439512207062
0.9739011728896125,0.9777707377624726,0.9455290230491704,0.974439106652471,0.9484290232629591,0.975143992081269,0.9489212508084418,0.9768505575565936,0.9527421867412293,0.9854736439130451,0.9614083611254276,0.9619229783996058,0.8411691552668814,0.9754167661046105,0.8199279317613429,0.9837556469399857,0.8178218575539037,0.9718158842185134,0.8814083394074743,0.9650252313846581,0.9667366688540804,0.8604372189737467,0.9538624512718605,0.8502329757292371,0.9487386804667199,0.8662873003048981,0.9360848378615201,0.882168263182213,0.923906545314986,0.9695117429917826,0.9671161362996707,0.8538733054187306,0.9567181666205293,0.8468683121828795,0.9502810725337454,0.8664140328399937,0.9342424802859675,0.8834824883590078,0.9232177703449156,0.9690026527220736,0.9622396931755682,0.9636670647073473,0.8355708567021538,0.9750577151109173,0.8171089929941562,0.9829524743030598,0.8223151209995667,0.9701328837992765,0.8809265242374761,0.9650535584649109,0.9734018198201956,0.9776284543157905,0.9460521583625997,0.9742986223456997,0.9479339907444277,0.9747379920021196,0.9483417649736858,0.9764313578223248,0.9528249596497571,0.985532655040727
0.9758744935942554,0.977113635896449,0.9469039825372925,0.9750142250712671,0.9510380103176832,0.9765719209094603,0.9518309822711744,0.9768721663041576,0.9562482927997336,0.9853333712882022,0.9623177781846664,0.9649348606013619,0.8451422057692795,0.9788706186090852,0.828013275098129,0.9842844997085753,0.830852830058467,0.9647813621022938,0.8957381391819295,0.9662448770231116,0.9673632403389112,0.866253710575416,0.9522698666714489,0.8582732626435783,0.9459555821328737,0.8722538118666039,0.9331513126844503,0.8902405756575936,0.9242944946832865,0.9701663024961475,0.9677835467381475,0.8582788680397812,0.957622447654071,0.8534232535799766,0.9487550133629312,0.8730365648308932,0.930288661009607,0.8926005880470291,0.9223541275249371,0.96952907198288,0.9629689617620103,0.9675319293568343,0.8392167907806573,0.9798783470760184,0.8250497823749874,0.9834517521151281,0.8351631837386541,0.9623905698076376,0.8949575223809321,0.9664372098582354,0.9755150503476404,0.9770566403735979,0.9473009205090941,0.9751068197237887,0.950586465577314,0.9762003074051944,0.951732806688562,0.9767198154462604,0.9566772627761266,0.9853648364470851
0.9780416575933049,0.9763357378865556,0.9488345431450969,0.9759128150268632,0.9537785745271949,0.977937168904043,0.9547725665785984,0.9767689787087092,0.9591691915888204,0.9857094003815503,0.9637476269115459,0.9643625916223767,0.8525842049092166,0.977465730805079,0.8401412554321104,0.9790807800508916,0.8475697172869542,0.953811927159613,0.91040904769409,0.9675486741202158,0.9680033600330268,0.8746647740971389,0.9480991963334986,0.8690864568352155,0.9411447792306685,0.880360066017404,0.9292067086635928,0.8995026244628603,0.924167643424838,0.9702169380351182,0.968436265593293,0.8657296710570304,0.9555783006723069,0.8630008534773665,0.9449872211711146,0.8817368467639239,0.925474397421072,0.9027378782857707,0.9210940937204022,0.9695459452881646,0.9641065517104708,0.9675513594708632,0.8466192477048218,0.9796986664278777,0.8372042217033108,0.9783679928873373,0.8515195380754674,0.9508925520680138,0.9094554700890001,0.9678744557320855,0.9778931993040122,0.9763743224835271,0.9490757592101953,0.9762056100286862,0.9534631428032087,0.977692016141989,0.955120824163669,0.9769229123655006,0.959922570923373,0.9856956002668238
0.9800126146813417,0.9757290475775341,0.9512293159612633,0.9770445352525425,0.9564577734553763,0.979034774335974,0.9575092866278418,0.976662530218668,0.9612726665501947,0.9865384227390682,0.965604603711362,0.9603269539686183,0.86324061229676,0.9712937356609213,0.855771265413667,0.9684734141740495,0.8671363784304477,0.9396445396420672,0.9246565501653576,0.9688076251929729,0.9686626717045178,0.8853510352705044,0.9417340517146952,0.8822147085647244,0.9347668979873502,0.890346541923329,0.924671325601778,0.9095754613752818,0.9237029775386691,0.9697841338227583,0.9690851214531975,0.8759636296947964,0.9508259646716775,0.875221405512439,0.9393653418123257,0.8922020469886304,0.9202758930385171,0.9134785729660508,0.9196948430721215,0.9691900754333995,0.9656111940905783,0.963802308481342,0.8575348962032863,0.9745181729469112,0.8530161589379319,0.9680146309974742,0.8705907492862011,0.9364404195374103,0.9236684636600145,0.9692390663530651,0.9800986252333117,0.9758608179527284,0.9513279665547016,0.9774605244091175,0.9563529977585488,0.978977191139661,0.9582362032875722,0.9770928417128713,0.9622900772306857,0.9864830363934429
0.9814284213354225,0.9755530122660694,0.9539303556196377,0.9782465798754927,0.9588686211520278,0.9797102112276652,0.9598099008186931,0.9766791391683476,0.9624192939051859,0.9875683971032332,0.9677187793502293,0.9531792390011118,0.876641631651493,0.9607660692447129,0.8741188090658556,0.9531666571719081,0.8884989387929503,0.9232643604172797,0.9377305860329928,0.9699064682802512,0.9693405819086566,0.8978220661642113,0.9337310435786543,0.8970299957335907,0.9274006384884307,0.9018157630072332,0.9200073020515674,0.9200110201532639,0.9231022714182464,0.9690624434001129,0.9697217004987604,0.8885111322704338,0.9437944330891712,0.8895293924122363,0.9324184152554441,0.9039937156255323,0.9152085348854904,0.9243441704751978,0.9184297095252152,0.9686647599213327,0.9673821560770516,0.9566175278760551,0.8714776846721366,0.9646693842263987,0.871669762351267,0.9530657308875562,0.8913681679048122,0.9200619021116969,0.9368211769105643,0.9704060761354261,0.9817166386009943,0.9757568239447785,0.9539302140796292,0.9786874071770257,0.9590091817066184,0.979850496979527,0.9608161995930663,0.9772835878790945,0.9635851758468174,0.9874957353896197
0.9820504922765498,0.975965983222695,0.9567353925461224,0.9793249464315881,0.9608158323955347,0.9798995430804216,0.9614822091809727,0.9769245500777387,0.9625887557152693,0.9884598244835433,0.9698756355009455,0.9435003429174333,0.8921202288707675,0.9466152870618821,0.8941893651423762,0.9342220558772285,0.9104432046506332,0.9058632012460581,0.9489475184336849,0.9707680629489076,0.9700254156793964,0.9114336167272623,0.9247901693571103,0.9127623979667447,0.9197139707232065,0.9142412998265532,0.9156937920241145,0.9303216655122784,0.9225825170956234,0.9683004873645046,0.9703222781344374,0.9027143526885198,0.9350887622600762,0.9052081870291799,0.924789916376578,0.9165623656269986,0.9107907737812477,0.9348183106855935,0.9175677347599398,0.9682039602491535,0.9692691420763937,0.9465800570932614,0.8877351512162122,0.9508245560763072,0.8921315462918286,0.934546763489103,0.9126763597972996,0.9029626637577841,0.9481795037485161,0.9712706503374992,0.9824585954287799,0.9761986834250833,0.9566873863945031,0.9796918829090094,0.9611847916019645,0.9801934800137229,0.9626408320127207,0.9775487056808276,0.9637360655347986,0.9884013161340144
0.9818275025021577,0.976978078361366,0.9594221629502648,0.9801113513040247,0.9621480488848192,0.9796542167502181,0.9624075185754679,0.9774572230997839,0.9618861334003058,0.9889278780835632,0.9718540824084738,0.932076953461568,0.9088379060763523,0.9298677683334917,0.9148263295687684,0.9130124935800532,0.9316709915335312,0.8887752795740251,0.957728072210302,0.9713618172913898,0.9706918880986657,0.9254204536303718,0.9157105251986388,0.9285388848578277,0.912417869761564,0.9269881852077038,0.9121962875803133,0.9400080633792536,0.9223613320736339,0.9677699913795812,0.9708588845311523,0.9177703032487119,0.9254655088682522,0.9214086230346008,0.9171925419505713,0.9292718523689234,0.907506390456329,0.9443735503655841,0.9173510734401413,0.9680297154344459,0.971095295155936,0.9345017285706365,0.9054016586202049,0.9339762556475939,0.9132128792430255,0.9137960923028707,0.9332422211987565,0.8864565271190956,0.9571191991138848,0.9717732626797407,0.9822425564525928,0.9771801886769758,0.95935769990133,0.9803206306199814,0.9626803089945926,0.9800177775189229,0.9635704547787229,0.9779367506643756,0.9628255957627708,0.9889053946903984
0.980920286038381,0.9784439511492862,0.9617706677607187,0.980514505750247,0.9627873433861136,0.9791382342997881,0.9625643756342689,0.9782663437667163,0.9605290717008694,0.9888643648526694,0.9734629425749293,0.9198616078125106,0.9258263430794511,0.9117936092091106,0.9347812509967679,0.8911474445224907,0.9508819323837598,0.8733913639425817,0.9636392221804537,0.9717027689169976,0.97130823707706,0.938948937783225,0.9073372607468444,0.9434380517010158,0.9062174119894526,0.9393518044402731,0.9099341289216298,0.9485894117228788,0.9226392082486767,0.9677173718614583,0.9713146743860648,0.9327813969236047,0.9157880093575519,0.9371885737354149,0.9103559112515001,0.9414335782354972,0.9057649004949219,0.9525110613039514,0.9179754326087846,0.9683107510488759,0.9726902410155374,0.9213766675008275,0.9234313636833179,0.9153924899150326,0.9336441074687225,0.8923922316132682,0.9517855983450358,0.8718866681835049,0.9631885656664181,0.9719236054495064,0.9812282176600541,0.9785603072506337,0.9616990412015107,0.9805134363139285,0.9633870052231237,0.9794738048960621,0.9635759548870775,0.9784773856335471,0.961097161760001,0.9888822258801218
0.9796716598125271,0.9800991122782895,0.9635908450920603,0.9805446309807345,0.9627468970688347,0.9785933100798915,0.9620358128638931,0.9792661721898255,0.9588233545359457,0.9883879257567723,0.9745737468931401,0.9079141514474368,0.9420444415883757,0.8938296065915889,0.9528006605261133,0.8703725920368959,0.9668672470425987,0.8610552854399893,0.9664322161727562,0.9718440479103924,0.9718471829727895,0.9511751698038114,0.9004925463467752,0.9565516243299623,0.9017556551420636,0.9506080858581958,0.9092431357096193,0.955630796133858,0.9235766094942328,0.9683035903416537,0.9716969119611352,0.9468177112876202,0.9069648727307418,0.9515746047584339,0.9049670060669629,0.9523496380255101,0.9058652537296059,0.9587972697353657,0.9195696182141999,0.9691289887212335,0.9739245672829975,0.9083228145276493,0.9407047596127691,0.8965372296312633,0.9521539462063204,0.8720509146468396,0.967118943318262,0.8605264287259033,0.9661527198568965,0.9718110157365643,0.9797869138809373,0.9800993683502777,0.9635061230972299,0.9803262451800541,0.9633116183415673,0.9788159620986827,0.9627507141700267,0.9791629240843788,0.9589261868951207,0.9884355012720147
0.9785224201695721,0.9816273824381443,0.9647470959445317,0.9803074688215563,0.9621329547182791,0.9782778354386863,0.9609980942557412,0.9803148459564137,0.9571315370461455,0.9877983960312134,0.97514310703616,0.8973276272786481,0.9564479053653795,0.8774820671374846,0.9677190317494444,0.852442051157289,0.9785985864123148,0.8529468696982749,0.9660768678594078,0.9718736268589664,0.9723000840711981,0.9613157177768383,0.8959033643804544,0.9670529976894016,0.8995562338621913,0.9600688690501404,0.9103402322722882,0.9607633489867515,0.9252693050229939,0.9695586605217502,0.972035241750637,0.9589762064692572,0.8998716081844094,0.9636353201609327,0.9016111042586608,0.9613632489026931,0.9079627231523835,0.9629010655764689,0.9221803992336103,0.9704582778844562,0.9747335275508393,0.8965050532815398,0.9561118680130261,0.8789744977705003,0.9675572864251691,0.854499444216522,0.9782532541815759,0.8534725794177299,0.9660095252843489,0.9715909891998458,0.9784103131753823,0.9815180919977304,0.964647523596327,0.9799214086394811,0.9625786111777523,0.978333192645997,0.9613056930595427,0.979939083044473,0.9567634077752181,0.9878569609089567
0.9778942538154903,0.9827400090897027,0.9651841448132801,0.979972463175385,0.9611374101192841,0.9783943360171163,0.9597049112769283,0.9812541955692233,0.955837733769441,0.9874500605150591,0.9752156874709178,0.8891348326786179,0.968077347638455,0.8642076587673073,0.9785587565934377,0.8389778652533315,0.9853264970009932,0.8499604865970702,0.9627845039150622,0.9719085224166375,0.97268444434245,0.9687154904360875,0.8941336173923062,0.9742682664051805,0.8999715903123975,0.9671466757202836,0.91329479383241,0.9637220253226677,0.9277393419018591,0.9713640591288264,0.9723731649117462,0.968449176015683,0.8952710851828967,0.9725673650529267,0.9007202988636166,0.9679134643991598,0.9120496883949545,0.9646307429337098,0.9257628916074935,0.9721637990951276,0.9751282861129213,0.8870461374877852,0.9686330352281531,0.8642459678578391,0.9788436977103917,0.8413326800354802,0.9844905130737168,0.8515356121318204,0.9629887842066409,0.9714495223134211,0.9775803798341487,0.9825595108761165,0.9650792561263685,0.9795194316099005,0.9614089799908456,0.9782682935909353,0.9595482672434759,0.9807163202291196,0.9550656342229935,0.9874981370531186
0.9780722887238166,0.9832489985766848,0.9649462929755033,0.9797323370113835,0.9600160220285944,0.9790299762764101,0.9584572886838941,0.981953960451154,0.9552960764810015,0.9875936151843757,0.9749236596760764,0.8842189898677331,0.9761414060903782,0.8552891596731447,0.9846211639957041,0.8313188423722127,0.9866538709796675,0.8525985679491663,0.957010655180307,0.9720823459949017,0.9730400413645808,0.972909731398469,0.8955273360960693,0.9777449480764144,0.903142509525545,0.971402826205551,0.9180120496610094,0.9643693984979824,0.9309298164637465,0.9734733408369927,0.9727532069413942,0.974588574362367,0.893732721661426,0.9777841778647886,0.9025320033851989,0.9715939622798706,0.9179430850508312,0.9639571746727247,0.930183740708423,0.974025229931698,0.975190368170429,0.8809262366521833,0.9774258451319737,0.8537466536466927,0.9852685660776268,0.8338657818378281,0.9855001572176798,0.8551389936493438,0.9575298078358743,0.9715580572389166,0.977637033028562,0.9830535953906435,0.964856898342769,0.9793387357053214,0.9600868819262496,0.9787522061506673,0.9578495990530019,0.9814001322698324,0.954229063643549,0.9876120339837358
0.9791215255994722,0.9831202494261655,0.9641842295716547,0.9797596886051816,0.9590592235747886,0.9801284359167763,0.9575747758943792,0.9823456962952368,0.9557705762732394,0.9882558015933486,0.9744639187372182,0.8832194447554595,0.9801036432374088,0.8517112771200733,0.9855626360476037,0.8303778130127393,0.9825996569159233,0.8608953894580758,0.9494296411868113,0.9725163446172435,0.9734180824154373,0.9736749926934316,0.9001640467136494,0.9773118318283336,0.9089723126639744,0.9726014106817107,0.9242340345654758,0.9627319917876049,0.9347117449143452,0.975567636025541,0.9732084466052802,0.9769842230901207,0.8955757164981379,0.9789866429306945,0.9070634790013108,0.9722025039070404,0.925295052003803,0.9610337334033502,0.9352234273651097,0.9757783079217699,0.9750516000483518,0.8788848203212337,0.981901352210764,0.8485882510869082,0.9864355314152725,0.8329911718151799,0.9813602295480646,0.8642411403663826,0.9502554167164762,0.9720321983928646,0.9786788277521046,0.9829659910574746,0.9641293668054772,0.9795366752912047,0.9589245392847909,0.9797698208914771,0.9565990029755463,0.9819238532252855,0.9545339052750287,0.9882358323541431
0.9808602718155014,0.9824923590549455,0.9631447339523518,0.9801651248308162,0.9585560757241731,0.9815025907309451,0.9573519019002534,0.9824375530726779,0.957378655304956,0.9892166629890894,0.9740579983976622,0.8864546989597277,0.9797517723526685,0.8540422370858072,0.9814415042768027,0.8365187532450888,0.9736224597065049,0.8743768441083691,0.9408812025449516,0.9732804586551786,0.9738681149978166,0.9710627643306282,0.9078328183179438,0.9731117191031887,0.9171178370111543,0.9707351020972057,0.9315562105652625,0.9590256169809166,0.9389018264445388,0.9773257037678436,0.9737615416440196,0.975526906054861,0.9008235693382785,0.9762059787220896,0.9140905572406995,0.9697785473278843,0.9336124584482146,0.956199630032867,0.9405934382653882,0.9771712753868478,0.9748661428577872,0.8813330592291868,0.9817986382031126,0.8494749264607444,0.9823616291170765,0.8390614290868027,0.9725638304220725,0.87829867771764,0.9419364948315085,0.9729089067887748,0.9805266610192933,0.9824213921120538,0.9631306927599743,0.9801710421394516,0.9582271897070704,0.981162149101838,0.9561464973995804,0.982266188623756,0.9561033780911782,0.9891679983842804
0.9829019825857119,0.981648787783751,0.9621370782599881,0.9809604698829058,0.9587505167793293,0.9828825695852146,0.958008243458899,0.9823103295062644,0.9600541228926294,0.9901042409015233,0.9739095829703244,0.8938664588123523,0.9752418480359755,0.862347721595679,0.9727399234689089,0.8494739439940909,0.9606144341348827,0.8920702108166172,0.9322980675331709,0.9743597197161655,0.9744268718998331,0.9654147298148281,0.91803217449581,0.9656145474964419,0.9270081583147693,0.9660460274313942,0.9394625922105552,0.9536590944001737,0.9432795991871198,0.9784914823690662,0.9744267016600422,0.9704507161322071,0.9091876008150548,0.9698138357597534,0.9231548100813743,0.9646190000667874,0.9422959789742498,0.949966586558509,0.9459609179655046,0.9780192757022578,0.9747819304297503,0.8882876056919304,0.9772328863189125,0.856605667904077,0.9735173067422298,0.8518123783101454,0.9599944310711658,0.8962783945542421,0.9334527694671861,0.9741429134105621,0.9827615826013067,0.9816812720679421,0.9621557680998276,0.9811834679386994,0.958256080457963,0.9826612674924593,0.9567399619979864,0.9824480759173715,0.9588809640141152,0.9900541743358263
0.9847559348099025,0.9809424233203554,0.9614832365421131,0.9820402282243796,0.9597908326185649,0.9839859062087771,0.9596375336014633,0.9820978808165087,0.9635511385632151,0.9905714255940778,0.9741557448412429,0.9049911713292438,0.9670992891053413,0.8761372049452024,0.9603433078747876,0.8683166890463461,0.944848148709345,0.9125637848291042,0.9246240240489745,0.9756493003833963,0.9751112764222423,0.9573548904703493,0.9299935338290635,0.955594800649912,0.937885952359,0.9590202400769892,0.9473723491156656,0.947213332177722,0.9476029006374688,0.9789270944430941,0.97520647389176,0.9623363651762177,0.9200745264316895,0.9604986088848522,0.9335855406252331,0.9572679331786316,0.9506925013311264,0.9429886216098273,0.9509790342035004,0.9782462019229046,0.9749126055667143,0.8993337474307785,0.9687182947922263,0.8696072170257614,0.9608181343647322,0.8703384443721477,0.9448713266536074,0.9167247454569505,0.9257308728579459,0.9756149132064387,0.984835146206843,0.9810727706054005,0.9615175272998284,0.982406602854065,0.9591870922137075,0.9839530760164874,0.9584712191775615,0.9825189710105903,0.9626251991180896,0.9905496984113169
0.9859681148058925,0.980691181742995,0.9614585972895948,0.983198197270928,0.9616928584268934,0.9845955230461274,0.9621775321966805,0.9819557569958941,0.9674789376493271,0.9904688254955349,0.9748362790018954,0.918975281806645,0.9561902401250433,0.8943648867714032,0.9454903531321348,0.8915019598961722,0.9278881580890792,0.9341117875821662,0.9187298444049816,0.9769846948758738,0.9759145312170585,0.9477583513727157,0.9427362096653389,0.9440802834232604,0.9488691320441716,0.9503662654644853,0.9546928150237137,0.9403947253071396,0.951622233926766,0.9786446291019912,0.9760827302528635,0.9520779489408797,0.9326235533653053,0.9492180561036059,0.9445473861150213,0.9484825856887164,0.9581549698777612,0.9360136387169896,0.9553204143283062,0.977905976772161,0.9753186101630769,0.9136338428709279,0.9571489552277461,0.8875194855825181,0.9455654536017232,0.8931309556779969,0.9286712001641492,0.9378797252059958,0.9196604094562659,0.9771500548156004,0.9862279540686334,0.9808879521228093,0.9614906637894056,0.9835990641886514,0.9610691550220158,0.9847611635515823,0.9612518178330256,0.9825452452619021,0.9669306906820465,0.9904882216855455
0.9863083242418847,0.9811122283457834,0.9622379376617962,0.9842140784155058,0.9643008108901701,0.984671621988296,0.9653650738120665,0.9820628086021566,0.9713143179186144,0.9899924009454945,0.9759027868316499,0.9343316242626178,0.9439034345164596,0.9150743079558362,0.9299919545559605,0.916488582520679,0.9117603231161294,0.954413434446969,0.9153736436915618,0.9782087494147989,0.9768254898501795,0.9378770845143531,0.9549279124573149,0.9324953535114247,0.9588586266937726,0.9411540472657315,0.9607739743708247,0.9340884615791968,0.9550448688187878,0.9778674402147107,0.9770292033231992,0.9410263287700231,0.9455260908243166,0.9373630921947593,0.9549275408546043,0.9393579095219585,0.9640132954563254,0.9299299947476657,0.9586629189023594,0.9772311583848667,0.9760204976523448,0.9296598539890409,0.9440049889416045,0.9084170895005506,0.9296487388213485,0.9177031537208431,0.9133099937806939,0.9574874633410797,0.9160412502680615,0.9785575524613903,0.9866553024112141,0.9813227750943484,0.9622589072527277,0.9845377716577133,0.9637630936853722,0.9849781095276366,0.9647751150305661,0.98264563892985,0.9712197098849209,0.9900409659516914
0.9858940479265612,0.9822396153554525,0.9638591122857727,0.9849755290710526,0.9673896967846548,0.9843881512482349,0.9688878172017247,0.9825555771045372,0.9746488474955057,0.9895724721955568,0.9772588839709277,0.9496793978409072,0.9315535038615871,0.9363575711721623,0.9154249247961712,0.9409717797738884,0.8980375859169956,0.9717457834817008,0.9148808252849392,0.9792657038497596,0.9778543060572032,0.9288070976085466,0.96556273758216,0.9220344194054894,0.967108872908821,0.9323549115108123,0.9652739084113717,0.928977968258259,0.9577294999837456,0.9769645169633738,0.9780430858656295,0.9304152381705809,0.9576845741943174,0.9261545405873179,0.9639126460906005,0.930853178970231,0.9679553851379792,0.9253858414537717,0.960901138344423,0.9765625175001859,0.9770103192178716,0.9459539567939419,0.9307130014924384,0.9303531742640112,0.914703120429222,0.9417987477315158,0.9002826661542422,0.9739132210293512,0.9152383129851409,0.9797311830472253,0.9862139700391181,0.9824047038689125,0.963873476734957,0.9851366278263025,0.9670301529895842,0.9847371976636716,0.9686849028236459,0.9829614747711828,0.9750086976469302,0.9896243625358604
0.9850605859541666,0.9838952883612715,0.9662255362786445,0.9854514378018737,0.9706746646914254,0.9840127006109154,0.9723950238883547,0.9834492511496749,0.9771613192199009,0.9895891129967329,0.9787472070778929,0.9637038021921454,0.920380562679262,0.956338989605165,0.9031870840563463,0.9628072516682381,0.8879775653703734,0.9847413992139007,0.9172831502664269,0.9801364071664309,0.9789761800856835,0.9215065255588644,0.9738379440756124,0.9137169198273851,0.9730856176739833,0.9248605182967264,0.9680214193701193,0.9255967585911615,0.9596116476544856,0.9763158904540556,0.9790961463934562,0.9213577968978517,0.968128244653345,0.9166848911244526,0.9708749593210844,0.9238209521891749,0.9698731834223995,0.9228565015879779,0.9620409647874549,0.9762272123064046,0.9782149661090294,0.9611007535417,0.9186218504582915,0.9513662384462416,0.902155169870096,0.9633045101923317,0.8907925355625741,0.985902365081372,0.9173095104843842,0.980602933567855,0.9852519650735088,0.9839672867323204,0.9662474009407888,0.9854086488068022,0.970542135771193,0.9842999689152644,0.9725844046752032,0.9835694112067754,0.9778908186517484,0.9896205953122899
0.9842479345143084,0.9857519057909534,0.9691323150853515,0.9856951597291,0.9738528184022622,0.9838267743055661,0.9755506811253547,0.9846383027616747,0.9786605948599749,0.9901943713227899,0.9801911050014152,0.9752846372036303,0.9114503447235185,0.9733553375735731,0.894383566206004,0.980208589832823,0.8824297445679473,0.992501241900923,0.9223388933314811,0.9808242944920609,0.980133907849895,0.9167128692569789,0.979227745056197,0.9083117905256293,0.9765013391532984,0.9194113086033686,0.9690193107999768,0.9242963244849832,0.9607113780173737,0.97622929184503,0.9801476510245786,0.9147556065701697,0.9761015680819355,0.9098387800388016,0.9754245385980715,0.9189454629663054,0.9698601393512807,0.9226167566401615,0.9621906765864352,0.9764669206120693,0.979515376888377,0.9738665072011569,0.9088851491618443,0.9696745955953392,0.8931183702894924,0.9804551048160133,0.8856576675129506,0.9926754771384132,0.9220315284981168,0.9811621169343888,0.9842512928482423,0.9857126859227217,0.9691776653164675,0.9854621210930499,0.9739408533580561,0.9839731015830935,0.9760855300711845,0.9844555890968681,0.9796008860005838,0.9901935902700636
0.9838636861543724,0.9874352075977314,0.9723029552553262,0.9858177251130096,0.9766407399317334,0.9840439842719458,0.9780773835018939,0.9859360924516123,0.9791108925555864,0.9912518056757831,0.9814371770754535,0.9835930993939217,0.9055729857412219,0.9861033387761675,0.8897453508089925,0.9918965236483186,0.881790272404812,0.9946575260658668,0.9295716173001205,0.9813463880353606,0.9812537328413817,0.9148872626577477,0.9815164838889222,0.906287713322687,0.9773249818311944,0.9165362708197136,0.9684307962821558,0.9252317906039143,0.9611266018022498,0.9768759874850779,0.9811583315161103,0.9112334549168439,0.9811275493865362,0.9062305659851617,0.9774294799841929,0.9166915262730662,0.9681859202386367,0.9247265730401916,0.9615404127624176,0.9773852346218479,0.980778279135867,0.9833093419786861,0.9023744458827165,0.9838369112904071,0.8883247532666447,0.9919777462215922,0.8852506613189524,0.9939688513142,0.9289544421403895,0.9814612971421237,0.9836783103853421,0.9873043189509834,0.9723803213825852,0.9854624439492119,0.9768970869728448,0.9840137843788144,0.9788539274380025,0.9855203777094343,0.9800620088293004,0.9912205562956526
0.9841667167096422,0.9886350173092637,0.9754342024226663,0.985950593789799,0.9788106051994139,0.9847501802092755,0.9797886037927295,0.987135479262747,0.9786326082907617,0.9924139110670103,0.9823891074716331,0.9881565334920324,0.9032519074476383,0.9937454555143539,0.8895959008787593,0.9971922034174217,0.8859998511336458,0.9913881399160194,0.9383394783712234,0.9817376631185201,0.9822645816609347,0.9161916925811657,0.9807977810984637,0.9077934363189955,0.9757683994560181,0.9165151447162128,0.9665548374602986,0.9283653120245567,0.9610160765849116,0.9782597932653982,0.9820962260526367,0.9111030933570562,0.983036508333348,0.90616211790012,0.9770062620941485,0.9172791789735246,0.9652560397972809,0.9290392315207945,0.9603391692441555,0.9789287340448629,0.9818900981658927,0.9888535455829561,0.8996251984322936,0.9928745844594286,0.8880978577083047,0.9971962818845329,0.889499779919121,0.9900375075263628,0.9374731028122394,0.9816055857300899,0.9838483082109744,0.9884618273937819,0.9755347072023239,0.9855773154979381,0.9791604126281026,0.984555415495854,0.9806558595497521,0.986614662190738,0.9794014183887325,0.9923660642471741
0.9852022434796772,0.9891923303848433,0.9782342597851359,0.9862103030626149,0.980219640199026,0.9858843274769904,0.9806118456239489,0.9880695518893958,0.9774771943425756,0.9932956974809758,0.9830240922645754,0.9888775430989423,0.9046531259171953,0.9959571752917227,0.8938479929124609,0.9960430521773684,0.8945814335353861,0.9833693007152987,0.9479099326665722,0.9820585694158159,0.9831164191198116,0.9204967199908205,0.9774414227293736,0.9126627854971268,0.9722494856890553,0.9193636507343015,0.9637880718663987,0.933478726182609,0.9605746329653664,0.9802233113366335,0.9829372339232152,0.9143557863137034,0.9819636255192177,0.9096099774566773,0.9744866944213859,0.9206735519894117,0.9615626379219329,0.9352230995857469,0.9588696760716564,0.9809068419132163,0.9827834170584351,0.9903227874299494,0.9008176830430122,0.9963390681428934,0.8923565098532138,0.9960573788384101,0.8979259499320835,0.981598190715296,0.9468924041800686,0.9817270989477931,0.9848426653402433,0.9890360305674823,0.9783334692025272,0.9859274664581232,0.9805906318775488,0.9855801866203574,0.98139721849684,0.9875913387620419,0.9779226132277896,0.9932533438777137
0.9868002690482611,0.9891374853630512,0.9804600346039771,0.98667343444242,0.9808326529703597,0.9872655870321807,0.9805969632142028,0.9886544642669547,0.9759832777920014,0.993659615632339,0.9833906444357299,0.9860200543627105,0.9096089291362154,0.9929253839363339,0.9020417584683086,0.9889844402107693,0.9067087822370701,0.9716787059146236,0.9575345567558505,0.9823913335526856,0.9837927826609173,0.9274127373519752,0.9720346133859847,0.920447730503523,0.9673375985273416,0.9248459297313236,0.9605813598946449,0.9401962348787825,0.960007472246591,0.9824881363459417,0.983666050015452,0.920678810067906,0.9783115782889737,0.9162400104591412,0.9703625800332198,0.9265968567301215,0.9576292307392461,0.9428005387689782,0.9574215199096091,0.9830430591530306,0.9834477506677461,0.9879257152123545,0.9057843162955705,0.9943134133845035,0.9006429857959404,0.9890926133497282,0.9097193713252145,0.9697373137858161,0.9564889539442858,0.9819543529161392,0.9864974283658587,0.9890462717356836,0.980530477376726,0.9865580576008665,0.9811690169555145,0.9869361559687101,0.9811430977288698,0.9883492625722499,0.9760413119552088,0.9936442033451387
0.9886335138968487,0.9886711180369301,0.9819513108771982,0.9873597521231952,0.9807267280721164,0.9886527329174425,0.9799083152270883,0.9889060297060025,0.9745233221180003,0.9935229426035646,0.9835923064418092,0.9801531445639844,0.9176507420780022,0.985293248358833,0.9134085073546607,0.9770486921858947,0.9213006313819301,0.9576650185890185,0.9665143440150897,0.9828197148345957,0.9843122662519576,0.9363375006866808,0.9653054476968561,0.9304689740375449,0.9616879298363117,0.9325078318324992,0.9573918544844767,0.9480172755324907,0.9595091854194417,0.984719449110284,0.9842790115838691,0.9294980707861533,0.9726896006418098,0.9254538780199639,0.9652272364317356,0.9345627264969846,0.953959553286504,0.9511967928344229,0.9562638354680908,0.9850412646528595,0.9839238612543582,0.9822058850054087,0.9140462659351504,0.987366962206678,0.9121816309805091,0.9773278226698785,0.923837051291317,0.9557925929074287,0.9655656509822493,0.9823825134476087,0.9884628251257941,0.9886702257488824,0.9819771125493167,0.9874341613946738,0.9809927117977502,0.9883886248983835,0.9801063150414013,0.988855048805973,0.9742045914353213,0.9935432968409397
0.9903182738263908,0.9880980086219378,0.982653641392905,0.9882260675616801,0.9800793031641186,0.9898162232542489,0.9787971784243551,0.9889288769831774,0.97344834669262,0.9931374982486052,0.983761937812951,0.9720798198329901,0.9280685287237624,0.9740684541192288,0.9269577899812087,0.9616378181149667,0.9371306733360919,0.9428020803638602,0.9742516574608555,0.9834024452483563,0.9847211257991757,0.9465214901861264,0.9580483816179193,0.9418911351547213,0.9559753417311526,0.9417299884758079,0.9546365979325906,0.9563609090865242,0.9592489926828538,0.9866019115287757,0.9847896372276865,0.9400437620569895,0.9658381939352108,0.936460090663762,0.9597144787517013,0.9439280916890374,0.9509930044391963,0.9597938930388827,0.9556210532345191,0.9866493777919256,0.9842884294068445,0.9739674108466672,0.9248695619063954,0.9764658366569297,0.9259589261501213,0.9621512776004566,0.9391086636644348,0.9412126828172851,0.9735046567859836,0.9830550753316609,0.9903133606759171,0.9881868264849738,0.9826388076404042,0.9884555785367767,0.9802518105465021,0.989687894110044,0.9786059336620494,0.9891421770793258,0.9728164273526808,0.9931833837839799
0.9915292936773588,0.9877360713168646,0.9826260719580014,0.9891763281294755,0.9791341725705772,0.9905996447350894,0.9775618278358076,0.9888826465678738,0.9730373524909406,0.9928566743214169,0.984032761167001,0.9627507025195632,0.9399901248716652,0.9605092735465404,0.9415740765718315,0.9443700545403879,0.9529382066649698,0.9285439469036332,0.9802909544212495,0.9841558507197429,0.9850800859396005,0.9571422712052982,0.9510482140691312,0.9538036194697064,0.9508306363683958,0.9517913509958922,0.9526577461817187,0.9646208340862853,0.9593607822845833,0.9879091642754413,0.9852303389019961,0.9514324943301031,0.958552319087296,0.9483612985671017,0.954444632655911,0.9539609174332726,0.9490716172230476,0.9679873376808864,0.9556536362364283,0.9877073135109748,0.9846350542874542,0.9641870887883699,0.9373417716975481,0.9628581682224537,0.9408260273746278,0.9451635818863178,0.9543396650814868,0.9274166816895153,0.9798170177261089,0.9839594361846795,0.9916752685868186,0.9878914365260821,0.9825912197678168,0.9894858224323831,0.9791970880785255,0.9906356524713167,0.977009005265094,0.9892951873568843,0.9721842314149223,0.992904526162466
0.9920932121954482,0.9878264051337968,0.9820311724765391,0.9900896866566464,0.978162205903652,0.9909570317572298,0.9765024080585452,0.9889345755580148,0.9734580271083773,0.9929604972696084,0.9845096850759871,0.9531701366385272,0.9524690189171109,0.9459972374196012,0.956119322388197,0.9269270920698025,0.967538843354314,0.9161956053667354,0.9843483799848639,0.9850534695227922,0.9854510084278346,0.9673843300626951,0.9450169653955575,0.9653077336965816,0.946789638229597,0.9619383874574148,0.9516976937780666,0.9722229393235519,0.9599364105786532,0.9885497369112531,0.9856475319616034,0.9627562811949535,0.951606870241722,0.9602433999860576,0.9499750963652016,0.9639117195545338,0.9484184350954836,0.9752373597630225,0.9564474430641603,0.9881729178253122,0.9850554739433366,0.9539188846635754,0.9504604054660619,0.947945449790154,0.9556090185737185,0.9280209508776842,0.9684073263734293,0.915666644759655,0.9841813811221843,0.9850357442850084,0.992332577739204,0.9880080237247831,0.9820005507489338,0.9903891858098085,0.9781047732868561,0.9911364767795405,0.9756709216762132,0.9894259753872466,0.9724880326956887,0.9929880102357924
0.9920309060506532,0.9884681965093407,0.9811063647855363,0.9908583848683516,0.9774210471825617,0.9909582639130925,0.9758803990083316,0.9892128274805272,0.9747444976203925,0.9935271565601882,0.9852464709993645,0.9443035929838427,0.9645720482218249,0.9319118365786743,0.9695302231095404,0.9109040346052669,0.9799192519844615,0.906813885089587,0.986327498748226,0.9860403760687075,0.985886464850228,0.9765122156145509,0.940537625962194,0.9755950116752898,0.9442536414809728,0.9714508093598202,0.9518875083715674,0.9786794375635857,0.9610210606847985,0.9885777815336976,0.9860907997393425,0.9731679734909003,0.9456930371622638,0.9712542894463914,0.9467595535591049,0.9730815450339654,0.949127395528369,0.9811121905026805,0.9580118423511312,0.9881242188789865,0.9856221480959158,0.9441972023760292,0.9632273035717382,0.933155743756555,0.9692177772389616,0.9122892778523497,0.9803459133201444,0.9069672053438016,0.9864696533674229,0.9861948848777085,0.9922812080488004,0.9886281222389762,0.9810953750242141,0.9910680002486725,0.9772416232792256,0.9912207217366324,0.9748868879096501,0.9896450850284766,0.9737690857720849,0.9935253416590382
0.9915382423179666,0.9895961528068098,0.9801232285907067,0.9914208492585499,0.9771215715162971,0.9907639807785347,0.9758831621159223,0.9897709053656121,0.9768002811931105,0.9944089232161644,0.9862337281808138,0.9369940851881366,0.9754580663377055,0.9195142410243708,0.9809022006563146,0.897676716678934,0.9893127784263505,0.9011351089856972,0.9863201742401173,0.9870510181694294,0.9864231164054662,0.9839323213847693,0.9380241959625673,0.9840116377102759,0.9434660680488214,0.9797002447458453,0.9532477110838027,0.9836321957721763,0.9626123835441956,0.9881688150523098,0.9866011125920091,0.9819537244833988,0.9413698129096839,0.9806733207900564,0.9451164194815402,0.9808800134579645,0.9511680480307985,0.9853193865649879,0.960286127786989,0.987738569327359,0.9863723282338663,0.9359486261964196,0.9747365390577976,0.9198224466611914,0.9807373516505651,0.8993166487913284,0.9894162117066625,0.9019954278945237,0.9867452749534853,0.9873390158789824,0.9917177277933774,0.9896923981290562,0.9801336499415542,0.9914889641440159,0.9768322888172725,0.9910311051953888,0.9748569623950114,0.9900318475392209,0.9759312683608121,0.9943840377268116
0.9909173548176486,0.9910070235585795,0.9793445851641039,0.9917762708892897,0.9774023368113198,0.990576948299233,0.9766015129535222,0.9905764920566831,0.9794200825802803,0.9953156965432631,0.98740247141673,0.9318953990183583,0.9844400233716957,0.9098469259834154,0.9895549291268404,0.8882973798369317,0.9952476689132204,0.8995362711686823,0.984586046476122,0.9880232896561904,0.9870774657550372,0.9892364918659062,0.937694633498181,0.9901008195035228,0.9445008163801274,0.9861960158794872,0.9556974754309076,0.9868760035934443,0.9646633337580983,0.9875712538934098,0.9872017280805826,0.9885860321266242,0.9390226110604198,0.9879528942975271,0.9452074114714679,0.9868663919129359,0.9543968493992688,0.9877223876670194,0.9631519817921206,0.9872521909667298,0.9872974279244153,0.929914322389188,0.9842470503533809,0.9090768369515991,0.9894909767205412,0.8901336567173095,0.9951563034612978,0.901068657975878,0.9852427586184747,0.9883801344554574,0.9909703751032977,0.9910184466836922,0.9793690577102254,0.9916899674415892,0.9770310942694006,0.9907763385971626,0.9756664826839239,0.9906109810756146,0.9787575284811159,0.9952828127486564
0.990484115480285,0.9924261336118405,0.9789864158314303,0.9919779450966435,0.9783138850230197,0.9905831544657417,0.9780215942905552,0.9915257072135631,0.9823282019179718,0.9959588707797824,0.9886424165905163,0.9294277366030312,0.9910281922742907,0.9036602155672571,0.9950731402267319,0.8834269141583302,0.9975697449094549,0.9020299687276009,0.9815146484748454,0.9889064348131795,0.9878432186004485,0.992224580609331,0.9395648126026922,0.9936275381828392,0.9472716509217879,0.990616239745356,0.9590709200130785,0.9883633499544469,0.9670894058879422,0.9870495982216105,0.987894782028058,0.9927583904636997,0.9388423083238401,0.9927510099078668,0.9470329867130046,0.9907749868278588,0.9585795024944803,0.9883410571544531,0.9664488326990055,0.9869069977389648,0.9883434687513508,0.9265961594002972,0.9912343608128378,0.901765599916192,0.9950761624133929,0.885388699578715,0.9974075626328284,0.9041433964153511,0.9823296644750608,0.9892541093511809,0.990396281152869,0.9923590994327409,0.9790158735862977,0.9917654023451001,0.977902816447813,0.9906664637641742,0.9772805366260651,0.9913453259711047,0.9819428611231691,0.9959339011662207
0.9904793026413283,0.9935908140819851,0.9791919102117554,0.9921112515909143,0.9798173094674838,0.9909001348982945,0.9800306563266556,0.9924771370465744,0.9852253299282444,0.9961855172196065,0.989828961607723,0.9297565952106173,0.9949545259890777,0.9013662211809705,0.9973257163909153,0.8833044678139255,0.996431293700281,0.9082850473458605,0.9775781198111964,0.989666664804972,0.9886913243840099,0.9929063874381668,0.9434602804775891,0.9945799943402029,0.9515512546595577,0.9928266870084383,0.9631395563588581,0.9881940147692219,0.9697792929043484,0.9868322874085687,0.9886627770036867,0.9943926747032727,0.9408231144619608,0.9949418515140087,0.9504435196032041,0.9925227881978267,0.9634193783967544,0.987338801366798,0.9699908107030561,0.9868983683459855,0.9894231218030923,0.9262247317201435,0.9954137635071327,0.898393200770234,0.9973696915352749,0.8853155194615999,0.9963103008226704,0.9108443004817496,0.978460762549864,0.9899298049814105,0.9902779665337411,0.9934749152384554,0.9792198833040782,0.991834207674662,0.9794137120574968,0.9908520778042464,0.9795546560869498,0.9921495909995768,0.9851421281677479,0.9961795141962078
0.991005769836643,0.9943232237440396,0.980016790575361,0.9922674956570022,0.9817927224577527,0.9915474393747157,0.9824401661929525,0.9932947568496531,0.9878326911379254,0.9960417448479562,0.9908511533133474,0.932796992350662,0.9961795348335623,0.9030228865571395,0.9964522228083005,0.8877564589907085,0.9922540901368464,0.9176756620083759,0.9732771261754928,0.9902892951105465,0.9895749087982253,0.9914828632025973,0.949042775470752,0.9931502989315033,0.9570004841678568,0.9928788549464211,0.9676351594838866,0.9865922257420493,0.9726067375216643,0.9870713713900017,0.9894740568874987,0.9936291835901845,0.944774616612238,0.9946113647970245,0.9551637116844384,0.9922043254596644,0.9685874054547325,0.9849981791727667,0.973582879445767,0.987335364079186,0.990438346232458,0.9287614185235324,0.9967447819787237,0.8991032190447699,0.9965136735255057,0.8897450862423584,0.9922719690965357,0.9205192690878121,0.9741335899792798,0.9904134726330567,0.9907476087999223,0.9941990192984487,0.9800400052679735,0.9920042916084877,0.9814408731528723,0.9913869483320628,0.9822614585982361,0.992920236926091,0.9880245065367211,0.9960574459909393
0.9920067517975364,0.9945723964886419,0.9814288073538391,0.9925212609572428,0.9840611012805809,0.9924481835151906,0.9850189509729367,0.9938853975356006,0.9899298602666382,0.9957399860785715,0.9916341750507303,0.9382379297789638,0.9948813284964808,0.9083562907269985,0.9928314966951812,0.8962402374154623,0.985674144197305,0.929353780218937,0.9690972922648806,0.990783157935252,0.9904393145028108,0.9883150213124822,0.9558554435109738,0.9897042426421885,0.9632076914568022,0.9909967662348529,0.9722750991329318,0.9838770929835423,0.9754422154646679,0.9878174027968181,0.9902896953425853,0.9907968170663699,0.9503550533939136,0.9920408728117256,0.9608296020971865,0.990069798886497,0.9737533371066491,0.9816886275131416,0.9770382341420298,0.9882239115151257,0.9913043048912058,0.9339213317552857,0.995415299799709,0.9036891824397375,0.9928835006071739,0.8981427882741597,0.9859111862970574,0.9323114268907098,0.9698440271147911,0.990747388116549,0.9917597105675349,0.9944781882987554,0.9814451242530885,0.9923436511232908,0.983795148655472,0.992222124320292,0.9851273835534065,0.9935687118498844,0.9903239065288645,0.9957704643443549
0.9932906705858496,0.994418341735665,0.9833179087331265,0.9929141979721563,0.9864151471879801,0.9934582193109351,0.9875289029186918,0.9942213065136024,0.9913793365450837,0.9955502413875077,0.9921519846889293,0.9455836529455159,0.9914256433977164,0.9168054308103291,0.9870308391504321,0.9079166403043473,0.9774689045148617,0.9423347457985524,0.9654704404030408,0.9911793454676316,0.9912352721767173,0.9838796780938579,0.9633713658992442,0.9847389580275665,0.9697286259873884,0.9875452849730155,0.9767862457688321,0.9804290859733626,0.9781629284297855,0.9890128146185959,0.9910709765079586,0.98636814997107,0.9571103667000688,0.9876709514599675,0.9670270041225582,0.9864939956274703,0.9786129666637011,0.9778298065094433,0.980192183853265,0.9894741226635977,0.9919692312130861,0.9412167429187903,0.9918069169599413,0.911637209252206,0.987042205873656,0.9096805769160524,0.9779868106932454,0.9452448260712562,0.9660469279538794,0.9910004073402574,0.9931149809418354,0.9943812737895923,0.9833242612883397,0.9928656537969146,0.9862540311553946,0.9932286705838259,0.9878741309460985,0.9940456933713592,0.9918765213383012,0.9955813518074165
0.9945944353728853,0.9940418335932946,0.9855154543146885,0.9934465184793959,0.9886483984194679,0.9944113469022406,0.9897576941040529,0.9943429310942047,0.9921390368065531,0.9956703267006576,0.992428942028261,0.9542120184302212,0.9863228740995393,0.9275928726297233,0.9797452494524803,0.921743365645026,0.9684846857934526,0.9555938633640753,0.9627479213875509,0.991525488663543,0.9919301510817533,0.9787230965738516,0.9710452340156701,0.9788348793848902,0.9761258569970936,0.9829908954161264,0.9809268357970878,0.9766575970966616,0.9806624261429974,0.990506960588026,0.9917866109682207,0.9809091615081649,0.9645228340526268,0.9820567867425302,0.9733307265859361,0.9819394809504671,0.9829116541154017,0.9738547648701199,0.9829151171946857,0.9909266154061581,0.9924238005432977,0.9500147718810658,0.9864496273326502,0.9221919541601021,0.9796835594661389,0.9233284379568566,0.9693229757762027,0.9583147861209448,0.9631206658517968,0.9912514499089347,0.9945274378559652,0.9940725066457665,0.9855079692414527,0.993530753397674,0.9885963202659713,0.9942386117489955,0.9902567217281226,0.994349595812013,0.99263647495011,0.9956875324285861
0.9956643399445588,0.9936698857367087,0.9878196635449369,0.994078000072457,0.9905835997271704,0.9951663255424746,0.991543663499918,0.9943426426995898,0.9922614399226488,0.996137767058731,0.9925320216176583,0.9634374647919555,0.9801757452508305,0.9398072368465302,0.9717335885007597,0.9365798180719523,0.9595637541944209,0.968160219451648,0.9611819492197744,0.9918740451653674,0.9925131480591394,0.9734101158247879,0.9783627615494983,0.972605875401387,0.9820068875579082,0.9778559323735716,0.9845042559223198,0.97296854780377,0.9828585578806688,0.9920914781280876,0.9924172513733287,0.9750266607474121,0.9720618276879693,0.9758154694838981,0.9793417764606698,0.976915161263932,0.9864598508552014,0.9701736901807402,0.9851213253036029,0.9923903435418536,0.992699635592535,0.9596026322092683,0.9799699816354325,0.9344415072923153,0.9715706909796716,0.9379596490407539,0.960737654483427,0.9705764935155603,0.9613417594295499,0.9915697308631761,0.9957103234114004,0.9937610683079605,0.9877963936363892,0.9942608861981963,0.9906329744271694,0.9950920132018344,0.9920950771253774,0.9945218162796595,0.9926718203926324,0.9961340252264979
0.9963280391258613,0.9935110741192654,0.9900250048891249,0.9947393911753004,0.992093623938326,0.995642434717203,0.992791546688319,0.9943363538921881,0.9918801633725725,0.9968230891812391,0.9925551321271937,0.9725751009114596,0.9736235171442618,0.9524901777822614,0.9637531780582494,0.9512893014236478,0.9514773598621634,0.9791941119101557,0.9609100806099884,0.9922699283255298,0.9929934965756466,0.9684752361057982,0.9848778028934065,0.9666468780964119,0.987050002862686,0.9726707828441121,0.9873862033301752,0.9697335886734388,0.984699820367642,0.9935486071766046,0.9929575367778335,0.9693161753332074,0.9792284345104522,0.9695702543037226,0.9847157457152291,0.9719319248430136,0.9891418522261375,0.9671435285447296,0.986773126415339,0.9936832232095201,0.9928586248250546,0.9692548041616587,0.9730353161652661,0.9474061098365685,0.9634709512965705,0.9524535620772581,0.9529778914399505,0.9812205122798274,0.9608671393960112,0.9919991109827552,0.9964576252464551,0.9936388791209221,0.9899879200162601,0.9949633122602228,0.9922284139189022,0.9956783440668739,0.9932932289758849,0.9946323994447703,0.9921424835083679,0.9968024813722337
0.9965366114742464,0.9936983463231575,0.9919501634509029,0.9953536564632279,0.9931148297616197,0.9958364320465164,0.9934801326740311,0.9944310005608733,0.9911864523937668,0.9975020044220801,0.9925992159418746,0.9809992009823179,0.9672878334385737,0.9647196451950382,0.9564997630081277,0.9648327650969708,0.9448700718273384,0.9880478489682865,0.961953993356219,0.992739472784149,0.9933944601135718,0.9643791148399599,0.9902423262578165,0.9614871771744427,0.99102632757917,0.9679290918337088,0.9895060203005197,0.9672619694494493,0.9861666615058591,0.99470036062056,0.9934162110506949,0.9643138125506432,0.98559412170937,0.9638960418263756,0.9891847916435684,0.9674601571169555,0.9909187739781826,0.9650426043225165,0.9878805181691729,0.9946664833564839,0.9929778513007155,0.9782935162637053,0.9662981383672289,0.9601243620164284,0.9560928666838391,0.965788959556873,0.9466657289347644,0.9896299617377482,0.9617298783053485,0.9925492951326897,0.996697982104547,0.9938298791170821,0.9919058338856845,0.9955558315237834,0.9933121159205682,0.9959634418834267,0.9938471034118299,0.9947603488870099,0.9912678873751616,0.9974764615322003
0.9963674707845529,0.9942557710692268,0.9934611280541437,0.9958592532074473,0.9936518253876757,0.9958173637119248,0.993660653425531,0.994695983981992,0.9903976994164537,0.9979664889331026,0.9927518234007643,0.9881910128032279,0.9617232551410462,0.975681230773785,0.9505567494990479,0.9763454295869745,0.9402185331780686,0.9943026491661668,0.9642237089816553,0.9932856367051526,0.9937462795412259,0.9614751597896873,0.9942252107358757,0.9575504475308718,0.9938097951883654,0.9640497959078558,0.9908619615800758,0.9657790530612067,0.9872711026465506,0.9954437429767868,0.9938135450102965,0.9604564844105579,0.9908278032961569,0.959275182147902,0.9925714271546395,0.9638939567360989,0.991823608026415,0.9640541386353586,0.9884960395319742,0.9952713577058327,0.9931334044144048,0.9861424612498454,0.9603449383114824,0.9717299164568451,0.9500323005444786,0.9771188373781898,0.94225898871328,0.9954169255687758,0.963847360250458,0.9932000305069193,0.9965043035638596,0.9943589956151061,0.9934198514903222,0.9959882965439146,0.9938812987621906,0.9959935264707516,0.9938376482113154,0.9949719789114471,0.9902901516485783,0.9979487886036302
0.9959927686219231,0.9950995941345837,0.9944866461041649,0.9962267997275178,0.9937713258322299,0.99570340536612,0.9934452508474196,0.9951458871735099,0.9897228884242125,0.9981193860704457,0.9930699828394712,0.9937724635364875,0.9573777683653761,0.9847251631589622,0.9463559491541025,0.9851923358232034,0.9378061854129501,0.9977796038773883,0.96753153773142,0.9938892236906927,0.994080716026247,0.9599886995833025,0.9967214346728024,0.9551291887207927,0.9953778359386201,0.9613481492618088,0.9915097610240468,0.9654118555483967,0.9880512951414788,0.9957654089412747,0.9941768840718095,0.9580510946044426,0.9947129663622514,0.9560637262602062,0.994795463738952,0.9615223212712475,0.9919527670506021,0.9642565622453038,0.9887061064949164,0.9955063643152121,0.9933860969873887,0.9923655681283264,0.9556518665732576,0.981510878098836,0.9457309758394952,0.9858239826521114,0.9400268828593452,0.9984349483499377,0.9670390918808534,0.9939097813722709,0.9960610862922141,0.9951535037213362,0.9944597138245008,0.9962541241325805,0.9939970615891855,0.9958776658529291,0.9934124456604636,0.9953033779131287,0.9894387311013788,0.9981165719679862
0.9956239653316858,0.996071278425561,0.9950244071241596,0.996464233479791,0.9935874824258017,0.9956264855831227,0.9929874940217591,0.9957401181604115,0.9893337664450972,0.9980101651949074,0.993571437438762,0.9975247721611331,0.9545653539970893,0.9914035698407722,0.9441557461376583,0.9910020723725834,0.937716755954028,0.9985322359061615,0.9716186203046951,0.9945153665227502,0.9944264777594793,0.960007997701485,0.9977492426723804,0.9543698021932843,0.9958049937923497,0.9600187422732633,0.9915529808240104,0.9661854892262293,0.9885647783302813,0.9957339085496342,0.9945345259758887,0.9572580202647194,0.9971543992106875,0.9544729794159562,0.995872958332047,0.960514085859556,0.99145205041132,0.9656266753319107,0.9886200635755448,0.995450212047926,0.993770477955237,0.9966934094520805,0.9525558117299608,0.988955118445405,0.9434537254927963,0.9915422598888157,0.940044833451201,0.9987701859940383,0.9710517558989148,0.9946269920072601,0.9956038892505841,0.9960705402200405,0.995020323886839,0.9963891513077408,0.9937710504056032,0.9957524996461311,0.9927575466189889,0.995751583830162,0.9889022832284005,0.9980221466912482
0.9954502980373559,0.9969880521499874,0.995135380148187,0.9966100345060833,0.9932401967718711,0.9956942449338483,0.9924564859619507,0.9963979369412315,0.9893428232568396,0.9978001165346126,0.9942331454895539,0.9993942030974792,0.9534509276101424,0.9954910057807409,0.9440328837769021,0.993671796575577,0.9398408240299162,0.9968200518698233,0.9761822477286441,0.9951252366922269,0.994805115467994,0.9614882651922225,0.9974389848372908,0.9552725519694594,0.9952466519469323,0.9601293134711117,0.9911292615837991,0.9680280570485303,0.9888811342539869,0.9954768056179941,0.9949092590422584,0.9580875411969759,0.9981747218188022,0.9545656619766274,0.9959072620589327,0.9609136782789949,0.9905016125616235,0.9680479918492589,0.9883583260039008,0.995229837063203,0.9942903218562179,0.9990313385207309,0.9512366188118186,0.9937736026553985,0.9432798741044697,0.9941755446393733,0.9422016371027662,0.9967126065553462,0.9755860712651798,0.9953010185948151,0.9953478493204996,0.9969423343926811,0.9951563384914053,0.9964582456763977,0.993347331702133,0.9957421885670502,0.9920667254213209,0.9962778672660075,0.9888083259884353,0.9978212766506623
0.9955873091271276,0.9976947126491689,0.9949287487671417,0.9967189505424314,0.9928720237140614,0.995962007321251,0.9920111078740292,0.9970248007387883,0.9897942000854625,0.9976787459751453,0.9949991251041617,0.9994811333505618,0.9540482508817547,0.9969828213136301,0.9458905494441265,0.9933543659072999,0.9439017288702292,0.9930696151555762,0.9809062248796415,0.9956860184899046,0.9952278343333076,0.9642661985072346,0.9960141388552053,0.957703254333461,0.9939191021109565,0.9616255180111344,0.9903970383510782,0.9707861450247639,0.9890751670779367,0.9951513247733368,0.9953135268344795,0.9604116205599893,0.9979030173726408,0.9562639886323834,0.995073137531355,0.9626472822007512,0.9892978717571852,0.9713277154136921,0.9880410606874457,0.994990604513526,0.994919405335107,0.9994528062239835,0.9517149236271341,0.9959067058568326,0.9451134947696465,0.9938734128698928,0.9462238949097281,0.9927124040526631,0.9803255615456405,0.9958907530024095,0.9954300895542139,0.9976241183224139,0.9949701777112916,0.9965347188770022,0.9928800185799225,0.9959249906227732,0.9915125730462433,0.9968204161871193,0.9892113674843295,0.9976999327491595
0.9960501257956029,0.9981028091946555,0.9945419624249431,0.9968465536193769,0.9926093978298052,0.9964219590101138,0.9917790210426329,0.9975399341152817,0.9906639233198291,0.9977741854825151,0.9957943093358241,0.9980196513218761,0.9562322975811421,0.9960769585471397,0.949480807729566,0.990422463488401,0.9494919873210504,0.9878242912564562,0.9854886756407896,0.9961763420195263,0.9956906022045247,0.9680834756779497,0.9937631102198508,0.961415536560591,0.992075190070455,0.9643448156611235,0.9895196565246825,0.9742441553985384,0.989220889190618,0.9949091992973744,0.9957460281098294,0.9639873371000194,0.9965558032079725,0.9593691729743237,0.993595568530091,0.9655391855590982,0.9880357954874759,0.9752190001689325,0.9877778371547379,0.9948650474414424,0.995608742470552,0.9981787884282294,0.9538650432249514,0.9955107949212703,0.9487070030887821,0.9910004102426906,0.9517120109385122,0.98732791306714,0.9849634207810379,0.9963713417664067,0.9958777947725084,0.9980318810160516,0.994593890485642,0.9966793706183583,0.9925127578323376,0.9963163925588068,0.9912275884328113,0.9973154039649875,0.9900917021606862,0.9977866800021569
0.99675815886768,0.9982085929132152,0.9941178087952809,0.9970343315689334,0.9925474951263832,0.9970111190776658,0.9918420509024336,0.9978966275356917,0.9918696473989136,0.9980997818054367,0.9965413719736094,0.9953461049872508,0.9597606371909972,0.99314154805791,0.9544396265567183,0.9854186524832856,0.9561183435299945,0.9816912855933881,0.9896656972066388,0.9965876418615611,0.996178313730204,0.9726173841657638,0.9910118167343773,0.9660815121937532,0.9899801489817881,0.9680396726445444,0.9886522247748941,0.9781496147814679,0.9893863398888367,0.9948677575606838,0.9961956437358022,0.9684885222946278,0.9944120658607766,0.963587685073799,0.9917265415410775,0.9693354805309797,0.9868924679977037,0.9794459152015694,0.9876592404690577,0.9949463125604074,0.9962981070477372,0.9955459842177481,0.9574380759674708,0.9929270795637904,0.9536949590104377,0.9860874491997649,0.9581846388952464,0.9811696147976006,0.9892265707916865,0.9967365287186024,0.996610667047999,0.9981600213810917,0.9941687612076155,0.9969249986411352,0.9923592493728177,0.9968710076832317,0.9912914344716328,0.997714585135896,0.9913631721297843,0.9980990362549962
0.9975669680167494,0.9980866069265466,0.9937844467612735,0.997300354532022,0.9927419567793228,0.9976347665808166,0.992230421607124,0.9980908072121664,0.9932874138555148,0.9985588983027622,0.9971764296027917,0.991861459035806,0.9643039329708096,0.9886684693260954,0.9603271434907986,0.9789946686273276,0.9632504129639098,0.9752863232655522,0.9932296155911411,0.9969231865401091,0.996666507988088,0.9775140732024618,0.9880910670944381,0.971325967426572,0.987888458457336,0.972404764761938,0.9879293741205046,0.9822371949028574,0.9896287100603881,0.9950902123198337,0.9966449752616304,0.9735423257477356,0.9917847562124056,0.9685629805590321,0.9897204710692273,0.9737317775897214,0.9860133529341888,0.9837290718352406,0.9877508155753054,0.9952732601780504,0.9969293872197589,0.9919675237849892,0.9620936033491051,0.9886368459727806,0.959634523327069,0.979773964041457,0.9651264418742158,0.974845609648765,0.9928957690744967,0.9970000609249181,0.9974736941526512,0.9980755555297299,0.9938252825436689,0.9972702959944428,0.9924895141025555,0.997500511283913,0.9917272931387073,0.997996704650658,0.9928897301708275,0.9985467334732219
0.9983157220359709,0.9978623050279843,0.9936397569094106,0.9976365482708842,0.9932054714840154,0.9981956480427012,0.9929237158361016,0.9981574395061531,0.9947728545608356,0.9990002764408084,0.9976606460975423,0.9879910484802633,0.9694809586535915,0.9832211665466808,0.9666710830708876,0.971846991125713,0.9703678241546092,0.9691825724602605,0.9960404175522903,0.997195936938687,0.9971286062553291,0.9824220350451183,0.9853076598366091,0.9767617118057996,0.9860234193263734,0.9771073792319461,0.9874559397883206,0.9862512548440201,0.989989867748466,0.9955775789334116,0.997074993490614,0.9787656170032888,0.9889910970661944,0.9739098424381654,0.9878122127358315,0.9784028298258165,0.9855031400292341,0.9878092628200367,0.9880900706543967,0.9958276541213683,0.997458489132901,0.9878904030014188,0.9674363346083636,0.9832080790229216,0.9660486026720596,0.9727452826974898,0.9720347448469886,0.9689122274084352,0.9958194846130892,0.9971904410985504,0.9982879859189726,0.9978925106147043,0.9936660345533794,0.9976836312289584,0.9929237825084992,0.9981014441974354,0.9925045730956228,0.9981697846370827,0.9945087016953578,0.9989841846906546
0.9988738022346562,0.9976720291918367,0.9937419979976281,0.9980130481593172,0.9939102684080409,0.9986201898256325,0.9938594702994024,0.9981573110897031,0.996184342167663,0.9992933019024492,0.9979855796499655,0.984145023233631,0.9748963233297405,0.977380269575199,0.9730093495460521,0.9646545881747495,0.9770039725378061,0.9638667308520114,0.9980313655795039,0.9974256064729365,0.9975421406679119,0.9870226136570135,0.9829203954287997,0.982022971085416,0.9845627284580316,0.9818187524183875,0.9873014605840038,0.9899654305608478,0.9904931551295082,0.9962738706754084,0.9974702299427806,0.9837984919310336,0.9863247652163052,0.9792484618791151,0.9861986817774778,0.9830310058306901,0.9854207640178889,0.9914670181802527,0.9886858831202845,0.9965427890048184,0.9978631013320782,0.9837527651063214,0.9730537706208962,0.977238512840095,0.9724678941201134,0.9656705950741066,0.978459868060694,0.9638325580034762,0.9979211665033951,0.9973447946404527,0.9989036159136309,0.9977354890297332,0.9937540833611087,0.9981147859240946,0.9936343358148703,0.9985848111810116,0.9935474153141395,0.9982653151662384,0.996056874279523,0.9992818058068086
0.9991740797581559,0.9976234958162,0.9941069683980326,0.9983882044706577,0.9947956292929345,0.9988753016617051,0.9949457826734023,0.9981584119898673,0.9974029909812201,0.9993857179131016,0.9981711798805917,0.9806820438305692,0.9801749079364603,0.9716916056679412,0.9789271337314476,0.958022226101655,0.9827784423068184,0.9597054118239171,0.9992071922840247,0.9976347060685005,0.9978938470991269,0.9910544485859514,0.9811227915939937,0.9867940566417674,0.9836272940961295,0.986241553473665,0.9874974734309925,0.9931980083815704,0.9911427719737275,0.9970829765485663,0.9978201720992828,0.9883328055220941,0.9840328829437142,0.9842363928663762,0.9850256482624491,0.9873330111273741,0.9857794569827909,0.9945373026536135,0.9895207589522488,0.9973238263204622,0.9981442812454823,0.9799459504188964,0.9785514720913013,0.9713006000021736,0.9784696098147208,0.9591468168549647,0.9840376842343281,0.9599459766209142,0.999198289861781,0.9975002416633101,0.9992387413236496,0.9977039739762403,0.9941078112821883,0.9985106292495467,0.9945542409344204,0.9988994154757234,0.9947497274321173,0.9983275536500233,0.9973952318813848,0.9993841715282644
0.999224763506635,0.9977687440948149,0.9947094319363738,0.9987213784574236,0.9957799029710945,0.9989726241896209,0.9960778828320365,0.9982169430455228,0.9983474864386946,0.9993186132956656,0.998258448038596,0.9778824624296485,0.9849909210196812,0.9666219161054075,0.9840871926123003,0.9524357200197369,0.9874207710410219,0.9569240287651442,0.999635668531208,0.9978439413609641,0.9981810315447797,0.9943303431404307,0.9800323952582605,0.990830719402216,0.9832764806580485,0.9901323552674542,0.9880389679781122,0.9958217580304444,0.9919251762758243,0.9978926865181654,0.9981214250932854,0.9921324209976794,0.9822983495185367,0.9885938733595965,0.9843806503084818,0.9910784285584244,0.9865500454505507,0.9969175291651236,0.990555060619549,0.9980699644451889,0.9983235357744102,0.976783583718727,0.9835855181993183,0.9658951419094393,0.9837077688502858,0.9536534443131048,0.988510750828161,0.9574507542604791,0.9997142878982433,0.9976856836069286,0.999295260279135,0.9978474124531624,0.9947031722775221,0.9988296485959007,0.9955919543066691,0.9990408840811917,0.995992046508513,0.9984008438227543,0.9984281157421173,0.9993272229808099
0.9990984568302071,0.9980962859434998,0.995491278714125,0.9989845885317703,0.9967739640193236,0.9989603098150888,0.9971542103955635,0.9983631166603318,0.9989819609153918,0.9991961444324445,0.9982985128203603,0.9759315084238676,0.9890920073505653,0.9625261954533322,0.9882514685983222,0.9482313504024322,0.9907824699940222,0.9556014705686126,0.9994371795319257,0.9980678151713551,0.9984112852392995,0.9967463123240115,0.9796890905478032,0.9939748930546135,0.983509875905235,0.9933178151161987,0.9888893452201676,0.9977700029658942,0.9928126590638929,0.9986002060803143,0.9983764214345756,0.9950481872619962,0.9812312631237465,0.9921236667899307,0.9842925627068209,0.994107473004829,0.9876693875152694,0.9985707015001873,0.9917328899732047,0.9986962373133197,0.9984350442558234,0.9744814151445245,0.9878868620585026,0.9614144871027235,0.9879373515394771,0.9495229703886574,0.9917405781235189,0.9564013817347387,0.9995857329663091,0.9979161643020582,0.9991483552664719,0.9981574163623237,0.9954818524281669,0.9990523583963404,0.9966473894223458,0.9990485159916781,0.9971604777829679,0.998517603399736,0.9991117285452364,0.9992105704068583
0.9989035579955508,0.9985424625707512,0.9963733670402226,0.9991685285957295,0.9976950891406606,0.9989056442773643,0.9980908981329333,0.998595643183293,0.9993150618751204,0.9991294490326315,0.9983408728617278,0.9749107800360102,0.9923125647317474,0.9596264140813858,0.9912902683632752,0.9455809938335644,0.9928362841143412,0.9556773899185242,0.9987659145342432,0.9983118261070651,0.9985988509074799,0.9982816567127686,0.9800596874578746,0.9961598511084949,0.9842729201499891,0.9957017000562949,0.9899865745270713,0.9990362466536493,0.9937677980556516,0.9991330384530901,0.9985927416179209,0.9970222207050199,0.980866281044787,0.9947206858828553,0.9847349118258791,0.9963359985929121,0.9890487437340929,0.9995216377828565,0.992988760340128,0.9991491222712898,0.9985175250533312,0.9731478574603505,0.9912776989468002,0.9581187202758741,0.9910248561496573,0.9469252518391835,0.9937062786000114,0.9567178337386627,0.9989652559113547,0.9981912632711001,0.9989157980875492,0.9985772771169313,0.9963637014942829,0.9991836058853356,0.9976277176004157,0.9989881702396819,0.9981619925205787,0.9986904513788335,0.9994543250188959,0.9991433954010436
0.9987481752980413,0.9990163346435068,0.9972694288274562,0.9992826580024357,0.9984781052256353,0.9988739835130934,0.9988313373645776,0.998886001120473,0.999393394902836,0.9991843623454104,0.9984232567473903,0.9748033183074744,0.9945813740252188,0.958007785287164,0.9931842275939469,0.9444941213733411,0.9936672975410807,0.9569729698536218,0.9977938701945203,0.9985721031987612,0.9987605127216825,0.9989924999883182,0.9810483464758268,0.9974062789400853,0.9854673325221761,0.9972658585555001,0.9912509059942269,0.9996691102942866,0.9947477266039803,0.9994610602591152,0.9987805833491212,0.9980839347190051,0.9811671993714777,0.9963706219163992,0.985634037820221,0.9977565163242905,0.9905844225252891,0.9998482189074342,0.9942543128669696,0.999414098538933,0.9986052316701499,0.9727850244039498,0.9936769829321264,0.95612504614459,0.9929487852871688,0.9458694510031722,0.9944941249003008,0.958207096691007,0.9980236360176904,0.9984972508450063,0.9987183304814014,0.9990243434849657,0.9972613453358066,0.9992483707766961,0.9984600720301536,0.9989305744938408,0.9989357045049256,0.9989109972512094,0.9995076298279084,0.999192709174427
0.9987084593757658,0.9994293138189828,0.9980996179842501,0.9993498959612678,0.9990831879803798,0.9989105659610547,0.9993515300075506,0.9991903193964948,0.9992896567570351,0.9993574378622145,0.9985651230225199,0.9755054018751684,0.9959170492034608,0.9576243817636365,0.9940141388600738,0.9448346992756598,0.9934527879643218,0.959220625391451,0.9966924146123846,0.998837472404988,0.9989115754310858,0.9989985443768175,0.9825131480418414,0.9978120748998254,0.9869657201187082,0.9980634543388966,0.9925945870291393,0.9997629999636738,0.9957091772689531,0.9995971885408804,0.9989505016630129,0.9983386836671689,0.982038912608113,0.9971422380862329,0.9868815811920594,0.9984305199823167,0.9921687843186187,0.9996688285611773,0.9954648636479086,0.9995130220168362,0.9987216465514498,0.9733005621736458,0.9950991069843327,0.9554139688058528,0.9937900860681612,0.9462206094596248,0.9942783695569162,0.960593388788318,0.9969321328724824,0.9988120013306997,0.9986440973895796,0.9994172645231421,0.9980940263427978,0.9992817299988325,0.999099645520076,0.9989308148991908,0.999458111366367,0.9991550994549413,0.9993533306917863,0.9993583788444844
0.998810792063479,0.9997203411724696,0.9988019063848592,0.999398135579741,0.9994983838990175,0.9990304640445646,0.9996589855122108,0.999464238097252,0.9990881737662047,0.9995882472074948,0.9987658869030663,0.9768462873598313,0.9964168107812076,0.9583176692120794,0.9939421547972502,0.946349485838129,0.9924362887030357,0.9620986792471925,0.9956156508372399,0.9990931437594472,0.9990626888348412,0.9984644614742726,0.9842834864696244,0.9975341410412968,0.988626113019653,0.9982054563392155,0.9939303631758637,0.9994442523878444,0.9966115761963831,0.999588125051419,0.999110718432606,0.9979487889569978,0.9833422884923915,0.9971703359431066,0.9883479769109513,0.9984752051102893,0.9937002871979568,0.9991265766330821,0.9965656284697008,0.9994949435406804,0.9988762001155245,0.974526763098367,0.9956416603527452,0.9558449019404331,0.9937134089209454,0.9477282985360731,0.9932954251596611,0.9635533526920811,0.9958463701812067,0.9991109820532855,0.9987274598126707,0.9996989138042929,0.9987988093150169,0.9993174669150644,0.9995327138762835,0.9990150003373098,0.9997418446369482,0.9993921732328275,0.9990866803977807,0.9995835536205582
0.9990317482257611,0.999869546791569,0.9993389662023491,0.9994513214189652,0.9997379795395571,0.9992185533522497,0.9997873355359859,0.9996757766136926,0.9988695538209046,0.9997972070245715,0.9990079775735854,0.9786127711768193,0.9962383999170105,0.9598445098383684,0.9931874458793523,0.948705040437009,0.9908962576125571,0.9652684859218333,0.9946865517309322,0.9993247058538648,0.999218207935773,0.9975783948279917,0.9861801409620803,0.9967664037076627,0.9903077223281875,0.9978437919535789,0.9951796484158775,0.9988550045106521,0.9974212760769063,0.9994987902353327,0.9992657762976587,0.9971111342584928,0.9849125995942329,0.9966355587893893,0.9898973880884154,0.9980456999376256,0.9950926511809939,0.9983728110440335,0.9975157209122594,0.9994207036068428,0.9990643099973626,0.9762459693695895,0.9954671155052104,0.9571835538895327,0.9929419034530493,0.9500636315579252,0.9918141197175508,0.9667525890227087,0.9948925051117039,0.9993728453782769,0.9989470951577765,0.9998498224556802,0.9993378615061339,0.9993785075451398,0.9997744008572784,0.9991772148592655,0.9998285932134765,0.999595052343939,0.9987997260847004,0.9997907643481141
0.9993135849070609,0.9998974248027097,0.9997016092471316,0.999523133108088,0.9998351026094983,0.9994392210390384,0.9997871436779069,0.9998124442916375,0.9986978881563691,0.999926799609224,0.9992630777423056,0.98057629097791,0.9955780004344412,0.9619106635762164,0.9919978612891999,0.9515311755005906,0.9891148441113444,0.9684103008491066,0.9939876136631123,0.999521319239947,0.9993758567025166,0.9965296662519975,0.9880337933546903,0.9957160755173362,0.9918842734643605,0.9971508997796571,0.996279208937249,0.9981369242349329,0.9981135569377996,0.9993945746338077,0.9994153398658913,0.9960319222466727,0.9865784825487862,0.9957404073805299,0.9914014371662114,0.9973151568224867,0.9962812532181216,0.9975507811822949,0.9982904868581042,0.9993472507109961,0.9992704977125397,0.9782184966116898,0.9947793767672144,0.9591356026054537,0.9917282350540111,0.952861100652681,0.990105443049718,0.9698806786940131,0.9941579150163056,0.9995835635110233,0.9992417509769977,0.9998875638955396,0.9997015655112212,0.9994719336215384,0.9998625342393754,0.9993864787285305,0.9997785857791546,0.9997472859667054,0.9985666538490972,0.9999223957905912
0.9995883539588709,0.9998514220206705,0.9999050923818784,0.9996145411894186,0.9998362685846733,0.9996507221505349,0.9997152211631026,0.9998815694219627,0.9986112573984142,0.9999650567176155,0.9995011178401889,0.9825180849256365,0.994644093233277,0.9642068093782971,0.9906204923399972,0.9544625050602846,0.9873475897998515,0.9712541696083714,0.9935557827441117,0.9996774942651907,0.9995284730547465,0.9954873976149826,0.9897019919875233,0.9945798837975267,0.9932560771449364,0.9963005160356811,0.9971861945984613,0.9974162462172554,0.9986748751660692,0.9993258421722373,0.9995559264299338,0.9949036481161208,0.9881807932302509,0.9946860420304293,0.9927522055542348,0.9964535809212235,0.9972281331597457,0.9967813388559346,0.9988827847480288,0.9993147791107415,0.9994736340721809,0.9802111149886314,0.9937975872887024,0.9613838362118874,0.9903244108713916,0.9557601010453116,0.9884138046385402,0.9726800675571732,0.9936851454998528,0.9997384799830751,0.9995364482657552,0.9998548678548587,0.9999057583876139,0.9995895716344061,0.9998474259986458,0.9996004231247353,0.9996573411831802,0.9998460693466291,0.9984334152149905,0.999964640580816
0.9998017883327592,0.9997857751090719,0.9999841406799947,0.9997158309293022,0.999789280575511,0.9998192669407275,0.9996236746768149,0.9999042910073075,0.9986197714873648,0.9999419018971811,0.9996976849467603,0.9842538544278904,0.9936347578146693,0.966443288505439,0.9892754488834287,0.9571777108187064,0.9857981875813396,0.9736042186883666,0.9933829030340501,0.9997933091594426,0.9996665430215028,0.9945841735872499,0.9910811841711658,0.9935240883187706,0.9943571802789507,0.9954480127251388,0.9978804502782257,0.9967912288416705,0.9991027345122431,0.9993180768963149,0.9996816749323174,0.993884257761044,0.9895881254128156,0.9936503183862581,0.9938712491450149,0.9956107432445245,0.9979229781958164,0.9961516574266481,0.9993016122761047,0.9993396212964434,0.9996529253161189,0.9820220833810671,0.9927307538089007,0.9636246838072442,0.9889546775109088,0.9584437845039475,0.9869332717647465,0.9749684400189659,0.9934716631529044,0.9998418339969166,0.9997692931982192,0.9998013228924021,0.9999849092570195,0.9997133256980787,0.9997812867634331,0.999780609746383,0.9995240093819021,0.9999005579747295,0.9984132575780111,0.9999451253921936
0.9999290158647767,0.9997420838189068,0.99998325110198,0.9998118194960846,0.9997345906134714,0.9999285277788298,0.9995512196032345,0.9999060607447843,0.9987066118726748,0.999904395376602,0.9998394571546694,0.9856520863688848,0.9927157046887558,0.968382474319796,0.9881336683521496,0.9594319554131541,0.9846007813477307,0.9753530632014398,0.993421219608307,0.9998733669777644,0.9997810262853966,0.9939036639159615,0.9921152667666413,0.9926685949693581,0.9951599999107558,0.9947150837004255,0.9983646103210211,0.9963236202685011,0.9994049697095234,0.9993696161223622,0.9997864064883616,0.9930821516583477,0.9907093416434314,0.9927705412236247,0.9947156048077546,0.9949005337678745,0.9983815246686385,0.9957092087602599,0.9995693508759089,0.9994140945365932,0.999793172178412,0.9835019794229556,0.9917548674599439,0.9656017947736435,0.9877924076425423,0.960670626029827,0.985791032920563,0.9766523224596417,0.9934749172196131,0.9999045173599148,0.9999100287540725,0.9997654913628142,0.9999837517529073,0.9998229931680799,0.999708926989819,0.9999043559926077,0.9994211573886655,0.999926615676925,0.99848846535761,0.9999094270472124
0.9999775720119404,0.9997371364396034,0.9999467456417002,0.999888202611775,0.9996983482939582,0.9999818189799685,0.9995165982594603,0.9999069993406562,0.99883543251776,0.9998874457720053,0.9999259704057478,0.9866438129814654,0.9920029840296393,0.9698596528609591,0.9872998233054375,0.9610784134462447,0.9838094733868813,0.9764869353558752,0.9935928280608552,0.9999248437057593,0.9998658001469256,0.9934746584741768,0.9927972925014108,0.9920759923722202,0.9956741644898274,0.994177709742244,0.9986616024047091,0.9960344803792212,0.9995977657522065,0.9994567482973282,0.9998653845007236,0.9925473196042536,0.9915004528950004,0.9921307212454326,0.995279364838467,0.9943906385333082,0.9986412141926058,0.9954591358965802,0.9997177452584416,0.999512710755526,0.9998880009290843,0.9845668678362391,0.9909949815528521,0.9671315909680522,0.9869442250780441,0.962295986623926,0.9850380441819755,0.9777294625539314,0.9936205463554797,0.9999399343483306,0.9999644207697425,0.9997634747326207,0.9999469974774802,0.9999036890585791,0.9996593279440089,0.9999694948916142,0.9993689914635174,0.9999400638845692,0.9986184038510089,0.999892375010882
0.9999779140376157,0.9997614805841721,0.9999097478363725,0.9999367268429575,0.9996886963447764,0.9999969945794019,0.9995179286708122,0.9999154120408564,0.9989606402629514,0.9998970687241542,0.9999675897998881,0.9872272063142514,0.9915538033738426,0.9707992819796747,0.9868061013412268,0.9620780386984571,0.9833983439502625,0.9770797467870349,0.9938024881104105,0.9999551127391055,0.999919000878593,0.993272210413384,0.9931665285185027,0.9917496578451183,0.9959429716689425,0.9938610195822143,0.9988102399649159,0.9959048113502089,0.9997028402952892,0.9995443026982554,0.9999164856621207,0.9922699085717372,0.991966393616804,0.9917556840237551,0.9955914335434459,0.9940980213589696,0.9987547607118767,0.9953670367288304,0.9997830895403207,0.9996026071656783,0.9999404383735828,0.9852036871112633,0.9905136989237597,0.9681200804315989,0.986442271802943,0.9632823012472426,0.9846485281760453,0.9782820087936563,0.9938145704609165,0.9999596611464592,0.9999647291814837,0.999787269504968,0.9999099316603741,0.9999503597134584,0.9996417607664907,0.9999911346424512,0.9993635305991269,0.9999507781579846,0.998750859806375,0.999900989680765
0.999966131459621,0.9997882669786791,0.9998913738258661,0.99995744672622,0.9996958672325871,0.9999964868040021,0.9995349065368873,0.9999265122334777,0.9990387762701252,0.9999142019237699,0.9999806914605618,0.9874633728321638,0.9913623675097156,0.971218551195687,0.9866122193863276,0.9624985413605454,0.9832699716082829,0.9772785083584166,0.9939517065560536,0.9999694641679873,0.9999429876303425,0.9932245721673655,0.9933004092477393,0.991636870803482,0.9960356429995759,0.9937389595874555,0.9988591386368844,0.9958805211118458,0.99974410373543,0.9995985195019678,0.9999404979734463,0.9921855644373386,0.992157063570271,0.9916116153141428,0.995709434020193,0.9939901930989052,0.998782284105052,0.9953659061738145,0.9998008905227553,0.9996550986339342,0.9999602688163194,0.9854670646581369,0.9903071982901519,0.9685690946594107,0.9862450858396431,0.9636969542044691,0.9845281892558317,0.9784608638003891,0.993957467581057,0.9999699292131199,0.9999509980012897,0.9998126069249199,0.9998917540230248,0.9999680344683143,0.9996460566230085,0.9999922885204691,0.999380052981782,0.9999597003162952,0.9988353716482384,0.9999173834979915
