x1,x2,x3,x4,x5,x6,x7,x8,x9,x10,x11,x12,x13,x14,x15,x16,x17,x18,x19,x20,x21,x22,x23,x24,x25,x26,x27,x28,x29,x30,x31,x32,x33,x34,x35,x36,x37,x38,x39,x40,x41,x42,x43,x44,x45,x46,x47,x48,x49,x50,x51,x52,x53,x54,x55,x56,x57,x58,x59,x60
0.25,0.24903993192391913,0.24034757949101052,0.2485710620720884,0.24287994818769282,0.24594934285571943,0.24224289793920561,0.24233754942775748,0.22298290743750734,0.24925618811107253,0.24692875459734073,0.016884405980482423,-0.006123029271308877,0.12946086416364538,-0.10893479699370305,0.21465512750841254,-0.17018234064878948,0.233348879342878,-0.20517327024472654,0.24672178915970577,0.23852947345015174,0.043521167166349774,-0.03792989920507432,0.05769340162334577,-0.029553088777047116,0.0414763116763502,-0.0017890583813241706,0.018792621116741258,-0.0128611934349695,0.24759366986874448,0.24607173051382328,-0.06190419715103292,0.0667969966114623,-0.046623764871863344,0.05594999566741491,-0.04677001810518404,0.08236525951679932,-0.04627096509322658,0.053645788322003216,0.2430686849033919,0.2474617981604507,0.10366652855509356,-0.09533578058455813,0.16921823781168352,-0.13595710139252862,0.22238445046520006,-0.1754543630106805,0.23812069432066654,-0.18556664912433857,0.24043754731045663,0.24884120748194197,0.24911992115527706,0.24407769320083111,0.2468267757947323,0.24271407423490232,0.23931413515668457,0.24063510940005597,0.23811325955144425,0.2082944271771926,0.24925802382578155
0.24903993192391913,0.25000000000000006,0.24084239697080098,0.2490934827322042,0.2433649938728564,0.24647481936873783,0.24276327675116866,0.2428446308901856,0.22344175731782415,0.2497770728075226,0.2473370544839704,0.01677815196923689,-0.0059727100551417635,0.12966441771238515,-0.10910948070598919,0.21511265526761283,-0.17062814495752185,0.23384028635627482,-0.20560678095889878,0.24724011193072304,0.23902619043213616,0.043665241187573485,-0.03806292788290059,0.057851620786539375,-0.0296522552647981,0.04159314919709502,-0.0018157287029231589,0.01884384127626419,-0.012898849540773784,0.24811113073619423,0.24658659673654926,-0.062070292499946327,0.06697318210892342,-0.04675544519836354,0.05610007388029346,-0.04690039367799884,0.08253503073821526,-0.04636001043983129,0.05374579316828914,0.24357659090882014,0.24797880667228459,0.10391205224735135,-0.09556284744420583,0.16958674686159808,-0.13625233336606352,0.22285011316170159,-0.17581657789418018,0.23861721963410992,-0.18594771170515242,0.2409390093834033,0.24936123314722333,0.24964051879874735,0.24458758425258803,0.24734231124953182,0.2432207739287273,0.23981311389412763,0.24113696133609158,0.23860960206181686,0.20872505356586202,0.2497789104769592
0.24034757949101052,0.24084239697080098,0.2499999999999999,0.24036962477758653,0.23467306714466224,0.23778718038497965,0.23412741744929952,0.23421595388616515,0.2152466329465349,0.24105499543581574,0.2387546937708396,0.01721129284000153,-0.013906437470833623,0.1253008751020788,-0.10486498073313917,0.20747677225011424,-0.1631167678401186,0.22547239108791703,-0.19735995494071787,0.23851988896292506,0.2306052346262538,0.04401010747693405,-0.03863461540091373,0.05813533746671914,-0.03070387328532208,0.04249130881024463,-0.0038411407871844325,0.02073874931355694,-0.014966113402388249,0.23945577793783793,0.23801255826867174,-0.06208826416686526,0.06686513097376875,-0.047461645916492545,0.05651032435131547,-0.04761423578299921,0.08272119606068704,-0.04752324272411046,0.05479584238321968,0.23501577254166434,0.2393124613993682,0.10202557588165831,-0.09391451663885886,0.16462392611818444,-0.13227355615344646,0.21545915906008156,-0.16972238586075394,0.23030557306364416,-0.17908798995107447,0.2324581805025025,0.24065443104696158,0.24092326796919294,0.23605218002165926,0.2386866085118095,0.23469126030505622,0.23136120285777434,0.23265346932742134,0.23019086424919344,0.20112916317623947,0.24105681892691525
0.2485710620720884,0.2490934827322042,0.24036962477758653,0.2499999999999999,0.2428912299425269,0.24600805386704994,0.24229228721150234,0.24237455764128804,0.22296696641587,0.24930779222762703,0.24687319300038021,0.01610897417373995,-0.0053010379538394395,0.12909312395779188,-0.10856754192973297,0.2146174307656588,-0.1701092014437119,0.23336057509739394,-0.20512268871302825,0.2467701739303249,0.2385486272667921,0.04434046829807287,-0.03875653753168101,0.05852250258816815,-0.030335699713388502,0.04227592355134428,-0.0024746750478807067,0.019493659317836604,-0.013544719270484796,0.24764567796865072,0.24613536988004464,-0.06268844707032989,0.06759328942219014,-0.047446573326727096,0.05677732609447203,-0.047588735502321663,0.08318087052969038,-0.046979157966746246,0.05435702392029477,0.2431041976639225,0.24751049785628562,0.104296625977964,-0.09594702732725172,0.1695846910243841,-0.13625043660772262,0.22253854238330828,-0.17547812504624918,0.23817026834058297,-0.18547052501909167,0.24046384239975072,0.24889296452960671,0.24917149254488438,0.24412837458416878,0.24687137685002547,0.24275162582926477,0.23933662786736506,0.24066273628613907,0.23813243732308695,0.20822975452029213,0.2493096248011321
0.24287994818769282,0.2433649938728564,0.23467306714466224,0.2428912299425269,0.24999999999999986,0.24026752293295311,0.2366118534836748,0.23668543024180463,0.21740177363426524,0.24357532367518958,0.24118337238843207,0.013698518823995517,-0.0033197012401295694,0.1267125928308455,-0.11090481178329319,0.209991148525674,-0.1660095588704403,0.22794552439102914,-0.19991874475331933,0.24104802889460755,0.2329361720239643,0.04653294546098989,-0.04109215161639526,0.06050648043416503,-0.03264557844311737,0.044428559562807036,-0.005157063063636044,0.02204898599562561,-0.016182014848708483,0.24198156406931168,0.2405281090388443,-0.06440658361467395,0.06925561325255115,-0.04968599722355811,0.05882785182266437,-0.04981956007465178,0.08498178047570977,-0.04915806103292016,0.05644222229692422,0.23744803340586088,0.24180907087533257,0.10440447901905803,-0.09617125874652983,0.1670526247478251,-0.13421571481655412,0.21790384475649138,-0.17142801951985334,0.23269775773755685,-0.18065999880144734,0.23483873589523324,0.24317106168017144,0.24344220245368225,0.23851904471431384,0.24116843745116948,0.2371188550067369,0.23372306253217104,0.2350370551012911,0.23253399773095204,0.20300204472272973,0.24357715039339786
0.24594934285571943,0.24647481936873783,0.23778718038497965,0.24600805386704994,0.24026752293295311,0.25,0.2396694864232002,0.23976456155236278,0.2203759810732161,0.24668496529734413,0.24429257001120752,0.013601782930481282,-0.0028237150455499484,0.12651795757934117,-0.10615884230618083,0.2120224364272019,-0.16757027502957147,0.23076236040600956,-0.20257778044167005,0.24415152103949736,0.23593454543734174,0.04665856860930205,-0.04115965050308185,0.060768826691081655,-0.03273269703265677,0.044621936452367006,-0.0048797355634223934,0.02179191333030417,-0.015850204285027238,0.2450450515794255,0.2435900389422994,-0.06472389548021942,0.06961859017648477,-0.04980898453816704,0.059056010413126664,-0.049941512248428105,0.08526460999884786,-0.049095732354849854,0.05641561894118361,0.240492246253333,0.24489775865434243,0.10532533859533838,-0.09700508679856801,0.16896194826446898,-0.13574977606223737,0.2205920165519715,-0.17360352201301518,0.2356699155677496,-0.18305000322137138,0.23785143947696205,0.24627535080427831,0.24655009365676675,0.24156124548549027,0.24425130340861675,0.240153003698801,0.23672346293550137,0.23805309450031842,0.23552113976425687,0.20566022220937144,0.2466867746921477
0.24224289793920561,0.24276327675116866,0.23412741744929952,0.24229228721150234,0.2366118534836748,0.2396694864232002,0.2499999999999999,0.23604378843879215,0.21702761243875066,0.24297555688716632,0.24077828407790317,0.010976343389229468,-0.0007585817637651592,0.12384625522983685,-0.10393104095380146,0.20974022859141883,-0.17134451899796174,0.22824521668880823,-0.2009763447083702,0.2405408155551647,0.2322837096054101,0.048714263296365565,-0.04332224706979703,0.062454888319594226,-0.03466910571710339,0.04564961430227183,-0.006229760566456289,0.02186630509083664,-0.015962924548108093,0.24136605472469105,0.2399684865017621,-0.06630103625932506,0.07115140242063715,-0.05162002436360164,0.060695150979746065,-0.051675273382891136,0.08490634686247982,-0.04887826648119743,0.0557699645016979,0.23685909483460127,0.24120679134557776,0.1057419178783169,-0.09748915819435924,0.1674771386857129,-0.1345127062012397,0.21742702228573285,-0.17075635881729673,0.23206988567945347,-0.17982089110263813,0.23420102470638798,0.24257284287081082,0.24284270404256447,0.23792045920259922,0.24055828983604838,0.23650341757627488,0.23307972619597242,0.23439950132682683,0.2318859599489241,0.2022240509211601,0.2429773462252139
0.24233754942775748,0.2428446308901856,0.23421595388616515,0.24237455764128804,0.23668543024180463,0.23976456155236278,0.23604378843879215,0.24999999999999992,0.21671491246830304,0.2430581145269438,0.24069078870036315,0.010124052631447292,0.0005881453155377081,0.12296796729749893,-0.10275375312893843,0.20841935032777398,-0.16399141909945503,0.22715636363108752,-0.19894041768637155,0.24052845205065077,0.23231777100732903,0.049920254425982705,-0.04453490442320293,0.06393040489020022,-0.036099031767364516,0.04791960864648762,-0.008258987976468632,0.02503938515886707,-0.019107529595192442,0.24145828161875282,0.24007110673430854,-0.06758927007345095,0.07247192921381919,-0.05313465907120734,0.06226933702861987,-0.053257045695839854,0.08828409194392163,-0.052153634303323704,0.059400545333818305,0.23687817773144812,0.24128471162434897,0.10678912588695728,-0.09850799768425442,0.1681243729558997,-0.13507753720629884,0.21791559598313917,-0.17101805969576164,0.23221440380940567,-0.1796951508989252,0.23423732501184988,0.24265573636863175,0.2429252283140581,0.23801186216903353,0.24062779784512356,0.23655870767660708,0.23310801957509408,0.23444296846107646,0.23190805299805242,0.20209954189526735,0.24305990182039192
0.22298290743750734,0.22344175731782415,0.2152466329465349,0.22296696641587,0.21740177363426524,0.2203759810732161,0.21702761243875066,0.21671491246830304,0.24999999999999992,0.2236441680602555,0.22169821291315844,-0.003342777059679433,0.013213644559187818,0.10951208549341988,-0.08979762223964188,0.19498675372334262,-0.15243940541841486,0.21368716980722113,-0.2277605302234239,0.22319968301319867,0.21311813178777067,0.06290825404796435,-0.058136800976538935,0.07676585477147875,-0.049750016778793336,0.06134505344839241,-0.02182476605684113,0.03868317600525345,-0.0328496805965827,0.2222516885310456,0.22117498016919265,-0.07913689539180696,0.08393191529849633,-0.06677858354623652,0.07530335451174701,-0.06684349890320943,0.10074417289378979,-0.06464691166161694,0.07171994435708542,0.21761917793487556,0.2219570539904131,0.11168645227972826,-0.10368249655511286,0.16203418056949598,-0.13020425723087764,0.20305785768829773,-0.15718725952712442,0.21360037855378955,-0.1623397731422853,0.21501264871996992,0.22327934588655254,0.2235221376417734,0.21902362519129268,0.22126629102733728,0.21739661240927283,0.21389911975952838,0.21520958818903732,0.2127276155957456,0.1835945068873836,0.22364595863317058
0.24925618811107253,0.2497770728075226,0.24105499543581574,0.24930779222762703,0.24357532367518958,0.24668496529734413,0.24297555688716632,0.2430581145269438,0.2236441680602555,0.2499999999999997,0.24755167849492318,0.01678820935140868,-0.005974536178576464,0.12977522017259724,-0.10920633946721722,0.2153001399879595,-0.17078566946066764,0.23404324376760458,-0.2057917855108229,0.24745488129295037,0.23923336078797455,0.04369658088323584,-0.03808987504072891,0.057893511027660736,-0.029670447552541526,0.041621791836726096,-0.0018095398244076172,0.018850004130690996,-0.012899828276300204,0.24832427991688005,0.2468000088591464,-0.06211640318697571,0.06702317959181404,-0.04678711774172718,0.056139236422661803,-0.046931630185566724,0.0825837613067746,-0.04637853961045287,0.05376955118342494,0.24378787602863153,0.24819356029899078,0.10399572961078361,-0.09563955820911663,0.16973000748058692,-0.13636725217044762,0.22304063306294034,-0.17596765007252105,0.23882351636673463,-0.18610985079913336,0.24114789591496805,0.24957715810757983,0.24985668808028477,0.24479929938229236,0.2475565610987107,0.24343152110565588,0.24002106650916388,0.2413459956616212,0.2388165462965697,0.20890691328535335,0.24999519973788814
0.24692875459734073,0.2473370544839704,0.2387546937708396,0.24687319300038021,0.24118337238843207,0.24429257001120752,0.24077828407790317,0.24069078870036315,0.22169821291315844,0.24755167849492318,0.25000000000000017,0.014368699304825552,-0.003860410995557645,0.12743328160657288,-0.10736351894324304,0.21300526220894278,-0.16936450385194274,0.23174952625820439,-0.20400640966451408,0.24505634816498914,0.23682956634931784,0.04520061526574515,-0.03965950095437485,0.059189096600046835,-0.03116410636971614,0.04294513231070127,-0.0032861184340266278,0.02006092483462482,-0.014130713467617354,0.24590508179295179,0.2444183543829868,-0.06326930722733914,0.0681504173318545,-0.04816931304639718,0.05743044189755104,-0.04829607241831618,0.08337896839043214,-0.0472994815416162,0.05458200781394498,0.24137676731983035,0.245763672940411,0.10436551233395693,-0.09605189347472343,0.16882270274480252,-0.13563130015313915,0.2210840323724563,-0.17419747204329192,0.23648595659460533,-0.18398227701866302,0.2387394841900387,0.24714008373573246,0.2474163323821594,0.24240744018398283,0.24512399446357439,0.24102523796304665,0.23761564403635935,0.23893834630826122,0.23641596631663564,0.2066220925158795,0.2475534964177363
0.016884405980482423,0.01677815196923689,0.01721129284000153,0.01610897417373995,0.013698518823995517,0.013601782930481282,0.010976343389229468,0.010124052631447292,-0.003342777059679433,0.01678820935140868,0.014368699304825552,0.25,-0.23267592198220466,0.1288133322989093,-0.1067812881434441,0.03715409068103021,0.006484769790390739,0.018956364359451718,0.0053920189085830674,0.014350275535788609,0.023007690065326526,-0.18624898383414587,0.18748036245403524,-0.16927191493126734,0.1657899638208497,-0.15944360455048662,0.13867765130999868,-0.12532970959987313,0.12196572271153978,0.01611275015184705,0.013912206294944284,0.1590140462809885,-0.16059216910085544,0.16762646153575056,-0.1668992087545386,0.16602262701334017,-0.13858778849468947,0.11967371102763671,-0.11482751519613707,0.019078895150559147,0.017206151972500916,-0.12128260219596824,0.1183363266772765,-0.05808791969536755,0.046049364692071056,-0.005180578932791527,-0.01706242381806126,0.016655941602273912,-0.04142707830615846,0.02112999232950427,0.016711976875316222,0.016781877928155962,0.016560016793298427,0.017990176090904794,0.019012666716144804,0.021797621945225366,0.020899586563785256,0.022359460068661244,0.03674694363241014,0.016790656461875397
-0.006123029271308877,-0.0059727100551417635,-0.013906437470833623,-0.0053010379538394395,-0.0033197012401295694,-0.0028237150455499484,-0.0007585817637651592,0.0005881453155377081,0.013213644559187818,-0.005974536178576464,-0.003860410995557645,-0.23267592198220466,0.25000000000000006,-0.12570421544934457,0.1052188610807841,-0.02762735871194776,-0.013555361989916059,-0.008727356292103753,-0.014139981986082583,-0.003642858980342418,-0.012152844562766663,0.17510493693043136,-0.1760992459733845,0.163390935041784,-0.15967145462003252,0.15363981838689678,-0.13278086169414333,0.11968348691702721,-0.11624402833590965,-0.005433358807396082,-0.00336672958636575,-0.15375908609702252,0.15539266839633192,-0.16135107542936997,0.16098331094245316,-0.15980675594919705,0.13349225791852268,-0.11466378778850714,0.11002886316639074,-0.008392452813197487,-0.00644434039905169,0.11948516793977541,-0.11635940598181513,0.06200107648701617,-0.04919146908227546,0.013709450265470243,0.009275167681564283,-0.006223679706624145,0.031926928865967534,-0.010460253519976457,-0.005918777558784585,-0.005974267907590459,-0.005982720472957973,-0.007216757300309844,-0.00836472395435072,-0.011144415011004551,-0.01021346522425206,-0.01172719617807917,-0.026614028379296818,-0.005976970892599964
0.12946086416364538,0.12966441771238515,0.1253008751020788,0.12909312395779188,0.1267125928308455,0.12651795757934117,0.12384625522983685,0.12296796729749893,0.10951208549341988,0.12977522017259724,0.12743328160657288,0.1288133322989093,-0.12570421544934457,0.2500000000000003,-0.22600208115608683,0.15090507041680357,-0.1060327344779465,0.13198776964458245,-0.10626142368052971,0.12731889776381608,0.1272683564311051,-0.07089678783323201,0.07563102119487067,-0.06177100863660426,0.080314294769372,-0.07112347127927324,0.07855236679888586,-0.06259489829829135,0.06341810449642114,0.1285541741051269,0.1267056214654069,0.05410680501105811,-0.052376967109373326,0.06660751449417687,-0.061704134346716066,0.06592128457733683,-0.034250753829515666,0.04405738605037222,-0.03797296621526128,0.12807768215305884,0.12912591453886993,-0.013918486170099843,0.016411419242763976,0.05126184955274101,-0.041436138060932354,0.10475297022701552,-0.09365202271423195,0.12385987874417606,-0.11167161084241475,0.12781366404496317,0.12953313388154433,0.12970607791378633,0.12716819366650203,0.12924136000819403,0.12783147841450926,0.1276414163746909,0.1277072174837657,0.12735886435847069,0.12054541057502487,0.12977734914265657
-0.10893479699370305,-0.10910948070598919,-0.10486498073313917,-0.10856754192973297,-0.11090481178329319,-0.10615884230618083,-0.10393104095380146,-0.10275375312893843,-0.08979762223964188,-0.10920633946721722,-0.10736351894324304,-0.1067812881434441,0.1052188610807841,-0.22600208115608683,0.25000000000000044,-0.14321605450725985,0.10165642253668165,-0.11341398130655768,0.09256573283611208,-0.1071368337568434,-0.10701769414366344,0.06077899275792483,-0.06504546573385282,0.05772001575432634,-0.07518840034518884,0.06731022330803436,-0.07315525491585143,0.058011224345904146,-0.05855800970225545,-0.1081985685302874,-0.10653990244007348,-0.05078516510181529,0.049310514171678074,-0.06176583071602156,0.057604005635909165,-0.06117781127112194,0.032649502689334794,-0.04135519688205532,0.03576913317682894,-0.10788592700376841,-0.10867739700400711,0.01576936279362323,-0.017776172328004335,-0.040928633432103276,0.03312111330852417,-0.08750319845105986,0.0789027634400205,-0.10406076651719975,0.09480371990309108,-0.10772263045784698,-0.1090010827395062,-0.10914862462337194,-0.1070378271314977,-0.1088050043848417,-0.10768172647752894,-0.10761047978400477,-0.10758587901309281,-0.10739446095980525,-0.10220641897777893,-0.10920839823320513
0.21465512750841254,0.21511265526761283,0.20747677225011424,0.2146174307656588,0.209991148525674,0.2120224364272019,0.20974022859141883,0.20841935032777398,0.19498675372334262,0.2153001399879595,0.21300526220894278,0.03715409068103021,-0.02762735871194776,0.15090507041680357,-0.14321605450725985,0.2500000000000002,-0.20307866341416092,0.21891415847489212,-0.19208485105133216,0.21284840215072207,0.206786144404718,0.01458839675669646,-0.009207287775462772,0.02506378261861214,0.0015942405477663043,0.00851075126154916,0.025961757964639943,-0.009255626486788652,0.014015440447824039,0.21372276472320584,0.21215627095324321,-0.030066603539381606,0.034187193300178456,-0.015513510713050167,0.02356357420431321,-0.01569634885229148,0.049331772598923296,-0.017210453617153326,0.02408719659039153,0.210481611608793,0.2138270555848099,0.07114243036099417,-0.06451532892968069,0.1362051652921968,-0.10961584886315127,0.18887558391767567,-0.15163203917190485,0.20499927596614834,-0.16387314345350168,0.20840299788267164,0.21493412578210877,0.2151833377410038,0.2108777137087112,0.21340588689622036,0.21010621982898672,0.20756577575823562,0.2084028652862125,0.206622325045247,0.18321267233697164,0.21530199855960508
-0.17018234064878948,-0.17062814495752185,-0.1631167678401186,-0.1701092014437119,-0.1660095588704403,-0.16757027502957147,-0.17134451899796174,-0.16399141909945503,-0.15243940541841486,-0.17078566946066764,-0.16936450385194274,0.006484769790390739,-0.013555361989916059,-0.1060327344779465,0.10165642253668165,-0.20307866341416092,0.25000000000000056,-0.18596423485189248,0.16247010442076323,-0.16893767820588,-0.16234041306701616,-0.05624229122989708,0.05230626428238545,-0.06481556803902305,0.04082462355953619,-0.04143252357712108,0.010354217869137568,-0.014894659252303294,0.010436812637790697,-0.17012377800915396,-0.16896196964512752,0.0663321371378242,-0.07019912221494444,0.0562896624519383,-0.06259380947392693,0.05591282328416422,-0.07203259185261535,0.04049447800978957,-0.04328619449466847,-0.16636635620111442,-0.16947849424480602,-0.08960425806286147,0.08341855959651759,-0.12588748990290832,0.10103215910156091,-0.15442498141776143,0.11829449562829701,-0.16222894211494215,0.12232958544615177,-0.16404360715341923,-0.1705086058142078,-0.17069326871602586,-0.1672194216274715,-0.16893307386863704,-0.16598880831188853,-0.16319221881608503,-0.1640852712944239,-0.1622785036083177,-0.13946307853861303,-0.17078753813431166
0.233348879342878,0.23384028635627482,0.22547239108791703,0.23336057509739394,0.22794552439102914,0.23076236040600956,0.22824521668880823,0.22715636363108752,0.21368716980722113,0.23404324376760458,0.23174952625820439,0.018956364359451718,-0.008727356292103753,0.13198776964458245,-0.11341398130655768,0.21891415847489212,-0.18596423485189248,0.2500000000000004,-0.22054450777425336,0.2316536833102408,0.22403349142364845,0.03884385122011122,-0.0335398415891479,0.052919881461065826,-0.025232736813628264,0.035589145852223114,0.004103930894107472,0.0033519367309600323,0.002300567216012124,0.23238359252428997,0.23102945562383806,-0.057549380486872526,0.06222814824507503,-0.04246042288712076,0.051086679356841955,-0.04233081188214975,0.07028912255651633,-0.03412297239952271,0.03830153712720431,0.2284498870340536,0.2323599197303253,0.09676256292159288,-0.08897869371595152,0.15845288487683362,-0.1271932755174224,0.20769831091528293,-0.1635896444080501,0.22296025779025622,-0.1739328238191404,0.22580333453646653,0.23365291217267017,0.233915623794132,0.22915838919809395,0.23177696953094362,0.22796276524180298,0.22477155094653165,0.2259024023359546,0.2236498261983388,0.19574067350539343,0.23404507557434548
-0.20517327024472654,-0.20560678095889878,-0.19735995494071787,-0.20512268871302825,-0.19991874475331933,-0.20257778044167005,-0.2009763447083702,-0.19894041768637155,-0.2277605302234239,-0.2057917855108229,-0.20400640966451408,0.0053920189085830674,-0.014139981986082583,-0.10626142368052971,0.09256573283611208,-0.19208485105133216,0.16247010442076323,-0.22054450777425336,0.25000000000000056,-0.20760863316911404,-0.19595449529757508,-0.06166012114708183,0.05729549001695578,-0.0753450722713838,0.04937872435876632,-0.05927969804459221,0.020472330504634463,-0.027831543056454383,0.022301388181741943,-0.20447493495112243,-0.20359107952367367,0.07787168612790618,-0.08241434417220936,0.06613154483717368,-0.07388091137605787,0.065939912449127,-0.09202308231139436,0.05649629775018133,-0.060395561273217914,-0.20032616851861165,-0.20422248363202244,-0.10664800868701554,0.09918366400030802,-0.15109036806076742,0.12127905015938842,-0.1866214555397408,0.14354897174038014,-0.19606777394140285,0.14819398845373286,-0.19771567299815226,-0.20545723481704772,-0.20567967789365707,-0.20151519290847122,-0.20356943435399832,-0.19999928935291253,-0.1966830613125953,-0.19784363847267553,-0.1955881406389167,-0.16830297717992215,-0.20579349106701153
0.24672178915970577,0.24724011193072304,0.23851988896292506,0.2467701739303249,0.24104802889460755,0.24415152103949736,0.2405408155551647,0.24052845205065077,0.22319968301319867,0.24745488129295037,0.24505634816498914,0.014350275535788609,-0.003642858980342418,0.12731889776381608,-0.1071368337568434,0.21284840215072207,-0.16893767820588,0.2316536833102408,-0.20760863316911404,0.25000000000000056,0.23669918109249158,0.0460355999849557,-0.04051712356022651,0.06020313013543313,-0.032100794508147366,0.04401754039024936,-0.004233008510303497,0.021199754724397103,-0.015254450323886774,0.24581317303988245,0.244339264028946,-0.0642282454847,0.06912751494386611,-0.049205917397344645,0.0584784319147964,-0.04934028635588997,0.0847628820967564,-0.048563800449553926,0.05590624997749599,0.24125721555136379,0.2456643929984315,0.10510846306571521,-0.09677444247486246,0.16918913740224953,-0.13593069906197006,0.2211766581285628,-0.17415197503399668,0.23640264855059784,-0.18374487841154427,0.2386157306412612,0.2470437851245887,0.24731961296281876,0.24231527075255632,0.24501973309183805,0.24091463920755782,0.23748765383329332,0.23881632075640352,0.2362844482279392,0.2064026734515888,0.24745671875726435
0.23852947345015174,0.23902619043213616,0.2306052346262538,0.2385486272667921,0.2329361720239643,0.23593454543734174,0.2322837096054101,0.23231777100732903,0.21311813178777067,0.23923336078797455,0.23682956634931784,0.023007690065326526,-0.012152844562766663,0.1272683564311051,-0.10701769414366344,0.206786144404718,-0.16234041306701616,0.22403349142364845,-0.19595449529757508,0.23669918109249158,0.2500000000000004,0.032994865561190405,-0.027690514557586164,0.04742170667901857,-0.02025171685716968,0.03192053764747976,0.005472554669747687,0.011448628417702727,-0.005891554353309323,0.23760250310426775,0.2360526531038145,-0.0518924949619201,0.05653075643679624,-0.036851654969568194,0.04580574932006502,-0.03704829730713172,0.07232814532344847,-0.03822978485858967,0.045497508575856695,0.23343418522445092,0.23753592513141988,0.09358241424554363,-0.08575532807610216,0.15921026603765856,-0.12795787725848562,0.2124823510723009,-0.16857378602846634,0.22849077315501287,-0.17937676301268682,0.23099794877678753,0.23883277133595213,0.23910275814698112,0.23427254578994924,0.2369654519409533,0.23308537490096115,0.2299569362762778,0.23116164753233284,0.22883412967192543,0.20096903933967827,0.23923522056825317
0.043521167166349774,0.043665241187573485,0.04401010747693405,0.04434046829807287,0.04653294546098989,0.04665856860930205,0.048714263296365565,0.049920254425982705,0.06290825404796435,0.04369658088323584,0.04520061526574515,-0.18624898383414587,0.17510493693043136,-0.07089678783323201,0.06077899275792483,0.01458839675669646,-0.05624229122989708,0.03884385122011122,-0.06166012114708183,0.0460355999849557,0.032994865561190405,0.2500000000000006,-0.24181564595855548,0.22398258931786205,-0.20522117159931852,0.20068121919076035,-0.16754056133462225,0.15596919726878297,-0.1506482413676977,0.04406575629532315,0.04644758345929115,-0.212874754540961,0.2164235943071714,-0.2180845747677725,0.2195785645220679,-0.21597060235920912,0.19104776964907877,-0.15769053642094197,0.15355221102460098,0.039324347586587045,0.04271519957026165,0.17703837434377337,-0.17102528799705252,0.11551991535575806,-0.09184523645893308,0.06351845049080034,-0.023990376018216276,0.04082092077307505,0.0031545790055786524,0.036083622242134614,0.04368334162347029,0.043669448850666696,0.04265761136439121,0.041593860843760606,0.0392916219608731,0.03498017385930644,0.036386147163637375,0.033980026940621334,0.008587365559010057,0.04369419439441191
-0.03792989920507432,-0.03806292788290059,-0.03863461540091373,-0.03875653753168101,-0.04109215161639526,-0.04115965050308185,-0.04332224706979703,-0.04453490442320293,-0.058136800976538935,-0.03808987504072891,-0.03965950095437485,0.18748036245403524,-0.1760992459733845,0.07563102119487067,-0.06504546573385282,-0.009207287775462772,0.05230626428238545,-0.0335398415891479,0.05729549001695578,-0.04051712356022651,-0.027690514557586164,-0.24181564595855548,0.2500000000000005,-0.2297054141870603,0.21177578570648714,-0.20606533318924125,0.17332679522535357,-0.1611062918211924,0.15581513568513858,-0.03853989110830303,-0.040995138109577216,0.21674634296233128,-0.22018075966379905,0.22285497132122126,-0.22414475092195416,0.22072050913278626,-0.19430193831367745,0.16169274990178595,-0.15735062842879163,-0.03373953221778909,-0.03713167925406368,-0.17880353612676175,0.17289578711497708,-0.11396836907395615,0.09058638983461655,-0.05926955737085174,0.019998548240837907,-0.035573421553817465,-0.008210031746690315,-0.030506997708521954,-0.03808772667153515,-0.038065677210803776,-0.03715611073923567,-0.03599434353327247,-0.033729062529365944,-0.029399015258083697,-0.03083636376812942,-0.028403873739179148,-0.003130709677957257,-0.038087424215199256
0.05769340162334577,0.057851620786539375,0.05813533746671914,0.05852250258816815,0.06050648043416503,0.060768826691081655,0.062454888319594226,0.06393040489020022,0.07676585477147875,0.057893511027660736,0.059189096600046835,-0.16927191493126734,0.163390935041784,-0.06177100863660426,0.05772001575432634,0.02506378261861214,-0.06481556803902305,0.052919881461065826,-0.0753450722713838,0.06020313013543313,0.04742170667901857,0.22398258931786205,-0.2297054141870603,0.25000000000000056,-0.22116366256163628,0.21612441315766057,-0.18069114723516014,0.16931810641321451,-0.16351400223105308,0.05825532962982324,0.060642424356694036,-0.22710311470556185,0.2308550099234068,-0.2321925510253551,0.23421400220696334,-0.23009484500227037,0.20557651113917527,-0.17093728848468248,0.16706661981629964,0.052915699680388874,0.056774816716986615,0.1913153826812158,-0.18459141527568246,0.12971265815582328,-0.1031859608317288,0.07770542709167896,-0.03400188810611865,0.054756300450565856,-0.005796381102134325,0.04944526429190636,0.05786024781236416,0.05785822725037789,0.056530155951836615,0.05555728113410833,0.05289766185985628,0.048212735659520556,0.0498484968921296,0.047100630066203776,0.018925094232501233,0.05789118492548047
-0.029553088777047116,-0.0296522552647981,-0.03070387328532208,-0.030335699713388502,-0.03264557844311737,-0.03273269703265677,-0.03466910571710339,-0.036099031767364516,-0.049750016778793336,-0.029670447552541526,-0.03116410636971614,0.1657899638208497,-0.15967145462003252,0.080314294769372,-0.07518840034518884,0.0015942405477663043,0.04082462355953619,-0.025232736813628264,0.04937872435876632,-0.032100794508147366,-0.02025171685716968,-0.20522117159931852,0.21177578570648714,-0.22116366256163628,0.2500000000000006,-0.23714049237598755,0.2049165800947508,-0.18870849178176416,0.18316511119774895,-0.030481493772965912,-0.032629576523787215,0.21095667593733222,-0.21255104910214712,0.2216005343311385,-0.22264045774798322,0.22042299054748954,-0.19396884138948722,0.17629635239436706,-0.17205944676985385,-0.025046447585420354,-0.028785610264342395,-0.1723431079719149,0.1670924391011295,-0.10714405989936751,0.0852740340157643,-0.0531373309086606,0.016576832773215873,-0.030125963140755323,-0.012487990671735463,-0.02236898439986871,-0.02968388141035495,-0.029648953555466675,-0.02876044226279444,-0.02763292897813848,-0.025271331479163266,-0.021202190690813374,-0.023155738854112873,-0.020244189106502112,0.00392641396663411,-0.02966805171160144
0.0414763116763502,0.04159314919709502,0.04249130881024463,0.04227592355134428,0.044428559562807036,0.044621936452367006,0.04564961430227183,0.04791960864648762,0.06134505344839241,0.041621791836726096,0.04294513231070127,-0.15944360455048662,0.15363981838689678,-0.07112347127927324,0.06731022330803436,0.00851075126154916,-0.04143252357712108,0.035589145852223114,-0.05927969804459221,0.04401754039024936,0.03192053764747976,0.20068121919076035,-0.20606533318924125,0.21612441315766057,-0.23714049237598755,0.2500000000000005,-0.20981106187862975,0.1938093764360077,-0.18803927068285786,0.04234864830209081,0.044312587620155316,-0.2066002681413523,0.20883418440325496,-0.21578720737898122,0.2174819183042883,-0.21479177423158216,0.1997061088331537,-0.18159578607691867,0.17753466489578343,0.03670083815353764,0.040675763331348244,0.17164934639720955,-0.165989263126426,0.11223224441775265,-0.08929169001256033,0.06344324864688179,-0.0258503040277747,0.041805978163656894,0.001970654775660358,0.03413598818484618,0.041612968388275086,0.04159375812323561,0.04051664321001587,0.03953281362036768,0.03703093530404413,0.03294734964454445,0.0349303920996208,0.031962476359426194,0.007179216610443423,0.041619426336320174
-0.0017890583813241706,-0.0018157287029231589,-0.0038411407871844325,-0.0024746750478807067,-0.005157063063636044,-0.0048797355634223934,-0.006229760566456289,-0.008258987976468632,-0.02182476605684113,-0.0018095398244076172,-0.0032861184340266278,0.13867765130999868,-0.13278086169414333,0.07855236679888586,-0.07315525491585143,0.025961757964639943,0.010354217869137568,0.004103930894107472,0.020472330504634463,-0.004233008510303497,0.005472554669747687,-0.16754056133462225,0.17332679522535357,-0.18069114723516014,0.2049165800947508,-0.20981106187862975,0.2500000000000005,-0.23176981520546988,0.22593915831301406,-0.003312536223366502,-0.004633863041038917,0.17293091629750146,-0.17352933241680113,0.1844479903833973,-0.18469918282151213,0.18521636090613897,-0.16906669647037717,0.19129584959872523,-0.18729895777420516,0.0027616411270926697,-0.0012339377093039566,-0.13620008848884238,0.1316107882040426,-0.07500279107340956,0.05870459015865741,-0.02723047367631239,0.00340098538994285,-0.009722173454263499,-0.022902427172597894,0.003589388517110319,-0.001863873573250263,-0.0017989900648473151,-0.0012595831868546091,-0.000253626313875884,0.0019216760846143242,0.004706090391248083,0.00183485945498275,0.0054119589603823836,0.022861401242873065,-0.0018072324441287346
0.018792621116741258,0.01884384127626419,0.02073874931355694,0.019493659317836604,0.02204898599562561,0.02179191333030417,0.02186630509083664,0.02503938515886707,0.03868317600525345,0.018850004130690996,0.02006092483462482,-0.12532970959987313,0.11968348691702721,-0.06259489829829135,0.058011224345904146,-0.009255626486788652,-0.014894659252303294,0.0033519367309600323,-0.027831543056454383,0.021199754724397103,0.011448628417702727,0.15596919726878297,-0.1611062918211924,0.16931810641321451,-0.18870849178176416,0.1938093764360077,-0.23176981520546988,0.2500000000000005,-0.24246648199891363,0.020276089649869475,0.021217114516080562,-0.16122340233254867,0.16201664502814678,-0.17258023279415535,0.17380054132239217,-0.17391333813622653,0.17636632008368858,-0.19958462544933683,0.204195036692369,0.013737163046171019,0.018204909625066722,0.13107797392072346,-0.12627279426536211,0.08031012492877558,-0.06336161168878106,0.042761747181581745,-0.018136909167511046,0.026798712723914184,0.006962456157578828,0.013284887840652721,0.018871912442975924,0.01883027485973753,0.018062624474440285,0.017246210839859392,0.014884447493815506,0.01214623499612112,0.0150923167897814,0.01141410849320912,-0.006551854049632904,0.01884780403934119
-0.0128611934349695,-0.012898849540773784,-0.014966113402388249,-0.013544719270484796,-0.016182014848708483,-0.015850204285027238,-0.015962924548108093,-0.019107529595192442,-0.0328496805965827,-0.012899828276300204,-0.014130713467617354,0.12196572271153978,-0.11624402833590965,0.06341810449642114,-0.05855800970225545,0.014015440447824039,0.010436812637790697,0.002300567216012124,0.022301388181741943,-0.015254450323886774,-0.005891554353309323,-0.1506482413676977,0.15581513568513858,-0.16351400223105308,0.18316511119774895,-0.18803927068285786,0.22593915831301406,-0.24246648199891363,0.25000000000000056,-0.014489261159260662,-0.015274057640277332,0.15550336450233634,-0.156160215420596,0.1670748178631571,-0.1680588268594363,0.16841035164807255,-0.17114105232541413,0.2036213620481924,-0.20823539532669502,-0.007877024714016256,-0.012311560678040947,-0.12523793852928805,0.12062213496689633,-0.0744495166901519,0.05855773072250539,-0.03704227999819994,0.015886301755639584,-0.022736285752226536,-0.009399437108152615,-0.0076567406596564115,-0.01293172374492078,-0.012882945061751914,-0.012207873921515731,-0.011374038913166053,-0.00906153310259579,-0.006512410543955911,-0.009736312689113695,-0.005821322330923816,0.011011987695196462,-0.012897638619467596
0.24759366986874448,0.24811113073619423,0.23945577793783793,0.24764567796865072,0.24198156406931168,0.2450450515794255,0.24136605472469105,0.24145828161875282,0.2222516885310456,0.24832427991688005,0.24590508179295179,0.01611275015184705,-0.005433358807396082,0.1285541741051269,-0.1081985685302874,0.21372276472320584,-0.17012377800915396,0.23238359252428997,-0.20447493495112243,0.24581317303988245,0.23760250310426775,0.04406575629532315,-0.03853989110830303,0.05825532962982324,-0.030481493772965912,0.04234864830209081,-0.003312536223366502,0.020276089649869475,-0.014489261159260662,0.25000000000000033,0.2451639253653646,-0.062405410232816705,0.06727905244822312,-0.04724988585891943,0.05654797975021632,-0.04741294533827872,0.08296338881533004,-0.04734421520794366,0.05472169432708306,0.24212952598767487,0.24653417454730903,0.10386074565692846,-0.09553434534002674,0.16890585760614418,-0.1356922462568957,0.22169511029898725,-0.17484458257876775,0.23731185328547316,-0.18481220967957224,0.23951442966270844,0.2479111459113669,0.24818845869780004,0.24316211309860528,0.24589752724192354,0.24178723227768228,0.23839215358128688,0.23972889036150077,0.23719302145811344,0.20741720466912647,0.2483261058463793
0.24607173051382328,0.24658659673654926,0.23801255826867174,0.24613536988004464,0.2405281090388443,0.2435900389422994,0.2399684865017621,0.24007110673430854,0.22117498016919265,0.2468000088591464,0.2444183543829868,0.013912206294944284,-0.00336672958636575,0.1267056214654069,-0.10653990244007348,0.21215627095324321,-0.16896196964512752,0.23102945562383806,-0.20359107952367367,0.244339264028946,0.2360526531038145,0.04644758345929115,-0.040995138109577216,0.060642424356694036,-0.032629576523787215,0.044312587620155316,-0.004633863041038917,0.021217114516080562,-0.015274057640277332,0.2451639253653646,0.2500000000000005,-0.06525073041836976,0.06992980545967066,-0.04973182216005983,0.05895779995835063,-0.04982467812760295,0.08448299975855167,-0.04831051876689683,0.05551934598197553,0.2406172832100672,0.24501063919095772,0.1056919758526611,-0.09729937681210576,0.1691141286272479,-0.13581416284869224,0.22059134098066896,-0.17357197627463636,0.23575912705051924,-0.18312049477493547,0.2379629959793449,0.2463901759298539,0.24666501680013087,0.24167164393995944,0.24436552444731915,0.24026555718940504,0.236835091290157,0.23816285911495472,0.23563244915284517,0.20575742989686652,0.2468017806408793
-0.06190419715103292,-0.062070292499946327,-0.06208826416686526,-0.06268844707032989,-0.06440658361467395,-0.06472389548021942,-0.06630103625932506,-0.06758927007345095,-0.07913689539180696,-0.06211640318697571,-0.06326930722733914,0.1590140462809885,-0.15375908609702252,0.05410680501105811,-0.05078516510181529,-0.030066603539381606,0.0663321371378242,-0.057549380486872526,0.07787168612790618,-0.0642282454847,-0.0518924949619201,-0.212874754540961,0.21674634296233128,-0.22710311470556185,0.21095667593733222,-0.2066002681413523,0.17293091629750146,-0.16122340233254867,0.15550336450233634,-0.062405410232816705,-0.06525073041836976,0.2500000000000005,-0.2441951741760775,0.22804432828987942,-0.22998521710683836,0.22514462605899452,-0.1991543428221751,0.16334875133393123,-0.15940632250665737,-0.05719798163904267,-0.06091881880029576,-0.20578532677893793,0.19556795534718907,-0.1364572608818929,0.10649378644085088,-0.07972362846316962,0.034950918373203604,-0.05835853787290037,0.009268841480425994,-0.05362989861639733,-0.06207638767221037,-0.06207873648437212,-0.06078981366425451,-0.059776400626903044,-0.05711110722990641,-0.05241521690163978,-0.053906639343905195,-0.05130206958775408,-0.02294837198508133,-0.06211427512637843
