x1,x2,x3,x4,x5,x6,x7,x8,x9,x10,x11,x12,x13,x14,x15,x16,x17,x18,x19,x20,x21,x22,x23,x24,x25,x26,x27,x28,x29,x30,x31,x32,x33,x34,x35,x36,x37,x38,x39,x40,x41,x42,x43,x44,x45,x46,x47,x48,x49,x50,x51,x52,x53,x54,x55,x56,x57,x58,x59,x60
0.25000000000000006,0.2445948967727517,0.1549260077175859,0.24460303914397935,0.1772747894442934,0.24246473385380057,0.20211633843807364,0.24073676786298545,0.23564229054337543,0.244817412104842,0.2421057520376017,-0.05809545545717954,0.062127248174260304,0.010361878536450134,0.02731541495892956,0.10194632842072632,-0.07386968989182585,0.21699375113798527,-0.20242262194591717,0.24438131408586314,0.2332405000798338,0.07555432615007622,-0.04265975201535374,0.07215470479575771,-0.046338064714032734,0.11403998310961895,-0.04617043924448492,0.07200245452728009,-0.05546742711515244,0.24372810639449444,0.24096224949132322,-0.035699200521400194,0.04948216651476252,-0.03427794378497074,0.052550753484701965,-0.016547150396665503,0.0770601562137344,-0.04775864911369399,0.06399094711576075,0.24017229118483377,0.2411812444597955,0.04041091912279411,-0.020136469547136757,0.07364858182615568,-0.019498889030232225,0.12479488492630846,-0.07169971348864171,0.21231182785343647,-0.17794519656702876,0.24332998198582786,0.2413028119331575,0.24467512349744594,0.18026627826003458,0.24273956406402283,0.18321060703815809,0.2362285811717161,0.1873896473422365,0.23661106573135343,0.21382319224368565,0.2448165765509283
0.2445948967727517,0.2500000000000001,0.15780446711905957,0.24955462077261423,0.1803664339450912,0.24744454876907906,0.20605609390044222,0.24566882290319675,0.2405364542212307,0.24976922671416993,0.2468331532667438,-0.06235315489467631,0.06644898008227967,0.007919624460651385,0.029795170468946534,0.10341921722308112,-0.07535174107324119,0.22131885790352326,-0.20673837181952695,0.2493236255697402,0.23785880728149494,0.07983248531457136,-0.04596866188857089,0.07628655148252653,-0.049725295657066,0.11821688427210583,-0.049084317488446084,0.07516706825561308,-0.05831081057488061,0.24866931515181578,0.24588228783819757,-0.0387438195394497,0.05290415217807859,-0.037315313805671116,0.05601529149893646,-0.019001639288656183,0.08076931505298005,-0.05065740965297512,0.06703611318059505,0.24499369643451138,0.24603043115719056,0.043492406249976294,-0.02265770094435756,0.07703830033875127,-0.021336910175719013,0.12821895455192558,-0.0735809092888423,0.21681614985707068,-0.18144766234815563,0.24825278000993217,0.24619051568481964,0.2496233638414536,0.18446252728767978,0.24763238517854586,0.18727287401762377,0.2409355227494891,0.19123346021780388,0.24132878479971878,0.21798340519395387,0.24976838014503377
0.1549260077175859,0.15780446711905957,0.24999999999999994,0.15780935038438224,0.11855432303755147,0.15576756084607718,0.13091085210676093,0.15418121431571688,0.149531749521119,0.15802796676050485,0.1554685340090462,0.02539689265992603,-0.022396027637635037,0.055874689281066474,-0.01690608725663607,0.07439512630137908,-0.04484825014835709,0.14071437666889008,-0.12595802111442514,0.1577526949740385,0.15256283843261828,-0.006864221327944742,0.021965976907632207,-0.007405681923620719,0.01969234185902674,0.035378436203328284,0.010323429149497047,0.012185738729035934,-0.0011877252171225163,0.15709469007670956,0.15460391988677172,0.023983206250622786,-0.017079162809186383,0.025336603788205476,-0.014728668798236498,0.032263409666593704,0.006121059126566049,0.00828884097476185,0.0060590965359836844,0.15576592102435033,0.1562698860550551,-0.019759856632826388,0.02980726382941753,0.009044343293605124,0.01667127699830132,0.062298177753077354,-0.03754001893452099,0.1328113315890224,-0.1168341697698437,0.15704620282547838,0.15561819075897643,0.15795018968737806,0.1052183765649655,0.15703003452751216,0.11103283983130233,0.15392361852101039,0.11987190912240997,0.15410893904628103,0.141356729593228,0.1580272918346951
0.24460303914397935,0.24955462077261423,0.15780935038438224,0.24999999999999997,0.1802960288720734,0.24744591217312303,0.20602613325404806,0.24567180055003326,0.2405351966585227,0.24977382049589641,0.24683988357906161,-0.06257447528279525,0.06666972852184805,0.00773420096865617,0.030032743688589655,0.10328854960627193,-0.07521053385253171,0.2212995259424276,-0.20671856511900746,0.2493280409345597,0.23785467202220084,0.08006959905363206,-0.046180733694634594,0.07652084005272312,-0.04994084290917776,0.11850233565140345,-0.049306729189313704,0.07536598609722028,-0.058499817983395694,0.24867509447035768,0.2458908729008095,-0.03894738976279079,0.0531167004902936,-0.03752180002963123,0.05623370711884144,-0.019195455491253094,0.08100100973648625,-0.05086839617857611,0.0672270423326635,0.24499491444142826,0.24603242375767978,0.04368995421100319,-0.022842473932773902,0.0772115139300731,-0.021469149302435587,0.12831357585128025,-0.0736336163620508,0.21684428131876254,-0.18144794470709977,0.24825759507795409,0.24619565428907614,0.249627894699571,0.18451476719725785,0.24763545078689678,0.18730843182934045,0.24093370955584245,0.1912456285924152,0.2413272460948631,0.21797406482498327,0.24977297448424174
0.1772747894442934,0.1803664339450912,0.11855432303755147,0.1802960288720734,0.25000000000000006,0.17815529347380324,0.148569906425115,0.1764591242896976,0.17191563446484262,0.18050896755770332,0.1781298265217601,-0.01122339120600959,0.014518203538349247,0.058614108730549855,-0.037352199204239635,0.10117921684788622,-0.0731836095035807,0.1632463906450583,-0.1490982152491203,0.18021995209025654,0.1729954261223277,0.02803919595373819,-0.007208369376433475,0.025719249305173372,-0.009672124213089805,0.058029786699574856,-0.011382656270714836,0.032804488134115566,-0.020925634300930168,0.17957521010225613,0.17720104401506565,-0.0031068796421687183,0.012273031573780013,-0.0018092826270249187,0.014233561580486269,0.00947372666898047,0.03265519056543185,-0.01331419492171985,0.02697678541124315,0.17745490018072294,0.17811794805131356,0.0072359116720924046,0.006227765407018396,0.03500601292031174,0.0003632397007846392,0.08222093582573194,-0.047757278038403,0.1540917171909554,-0.13183795171830484,0.17939187261330797,0.1778478810488551,0.1804109026333306,0.12737108567232333,0.17914659800371974,0.13147235191673265,0.17488800347435637,0.13739804900051372,0.17513955240027032,0.1592360462659799,0.1805082244272496
0.24246473385380057,0.24744454876907906,0.15576756084607718,0.24744591217312303,0.17815529347380324,0.25,0.2038813624384461,0.2435580476167787,0.23842880786570997,0.24763590975701086,0.24474880386901987,-0.06458062305005922,0.0686377127461656,0.00560583783075504,0.032030815270445614,0.10122115717777619,-0.07329482598906319,0.2191792953312627,-0.20474970457041847,0.24719222507548447,0.23572268912963654,0.0820447575191319,-0.04816952231386629,0.07848384913167657,-0.051927207092323395,0.12037725682863722,-0.05126225688505063,0.0767895344640081,-0.05999051206237496,0.24655942058167424,0.24383183750025902,-0.0408977585729086,0.05504363122450209,-0.03951416818328095,0.058179819835380946,-0.021188204087919483,0.08278953103829545,-0.05269069239897885,0.06866628376645163,0.24286121357159185,0.24389799942412704,0.04553394039224011,-0.024722998063228408,0.07847080274476152,-0.022756038899732527,0.12821981167311172,-0.07354740525389432,0.2152454007487376,-0.17984690984708132,0.24613506298813154,0.2440952336275367,0.24749054390854805,0.18348328016758456,0.24549909340391393,0.18606453659655858,0.23880124492133606,0.18969620875928234,0.23919441639108174,0.2159554656000481,0.24763506773553998
0.20211633843807364,0.20605609390044222,0.13091085210676093,0.20602613325404806,0.148569906425115,0.2038813624384461,0.25,0.20213445414492298,0.19754535308804513,0.2062344532190966,0.20360774493507935,-0.04795594373989149,0.05104079312533252,0.022172914277925334,0.005877317503999101,0.1259933702556029,-0.11633409970057458,0.19038240523991623,-0.17608758098278973,0.20595473128025543,0.19638217481899997,0.064749680572842,-0.03694205863058027,0.06129175870495077,-0.03995668968979809,0.09509045708860256,-0.037745357317378714,0.05908240381593511,-0.04520459731564263,0.20531282732829836,0.20301146394337635,-0.03113499466267232,0.042745394126700455,-0.029859430591095394,0.045415856666061405,-0.014855234675732557,0.06574842650733113,-0.03947835205862126,0.05284135532691328,0.20233216196602752,0.20315445869435683,0.03508610527546159,-0.017871391962090023,0.06284522625260937,-0.017118773911282595,0.10543652309943785,-0.06018154271201544,0.17842706496972266,-0.1494378594943765,0.20497544202321977,0.20327355043520762,0.2061143650337049,0.15213144066624534,0.2044802890149682,0.15455665891727977,0.19898557055565155,0.15772670417295448,0.19930896666776984,0.1800046784513282,0.20623364405721314
0.24073676786298545,0.24566882290319675,0.15418121431571688,0.24567180055003326,0.1764591242896976,0.2435580476167787,0.20213445414492298,0.24999999999999992,0.23665102207461858,0.24588743217526315,0.2430524046052512,-0.06631444918995505,0.07033377888604668,0.0038549179637931276,0.033761850031018566,0.09942991326705235,-0.07155392262286714,0.21741883592487002,-0.20321743653603822,0.24544562448598545,0.23397355628158842,0.08381130545635734,-0.049935421645043915,0.08024135370475498,-0.05369608556481789,0.12221514295053863,-0.05305768988882419,0.07820969535738972,-0.061440594169057665,0.24483050519046054,0.24215059100004738,-0.04262685556896955,0.0567595472379927,-0.04128257580715292,0.059925030453456034,-0.022956445972982388,0.08446320686560689,-0.05437826238212933,0.0700715289467683,0.24111371724086517,0.2421507044766546,0.04716984888367174,-0.02638301796329682,0.07962030963755364,-0.023901439935045503,0.12822113551810033,-0.07352765980551211,0.21396121350968134,-0.17854229999679827,0.24439952399304296,0.24237781775491452,0.24574247994843224,0.1826730717678187,0.24375087759018854,0.18506914739376307,0.2370530072502491,0.18843959240763866,0.23744606171234672,0.21429696542838114,0.2458865889816733
0.23564229054337543,0.2405364542212307,0.149531749521119,0.2405351966585227,0.17191563446484262,0.23842880786570997,0.19754535308804513,0.23665102207461858,0.25000000000000017,0.24075024227077055,0.2381851629717052,-0.07000720018432195,0.07395397211366317,0.00022114303874227613,0.036634070394674104,0.09597109325837912,-0.06882682591247112,0.2138051631929744,-0.20713560048897597,0.24037754897432623,0.22888977016555814,0.08742100035693245,-0.05356283340025858,0.0838141281418181,-0.057312737572613785,0.12559949303082218,-0.05658361227109502,0.0818044819541472,-0.06504752350973844,0.2397471269410223,0.23718146910996465,-0.04619417619068207,0.06022959579645119,-0.04494973792068853,0.06346260368325275,-0.02672785013859124,0.08787745548258911,-0.05790005346507871,0.07351931241038193,0.23600359454212752,0.23703582812380575,0.050494156011916834,-0.029875806717231477,0.08170505058352666,-0.026278075321881363,0.12756768496638637,-0.07309693741931705,0.20999829836403808,-0.174726553420411,0.23929881052164625,0.23732717920538363,0.24060704869393307,0.17993239439236247,0.23862582456163636,0.18190340587418719,0.2319640737797653,0.18468405128958598,0.23235480465672212,0.2095247203455462,0.24074947179353
0.244817412104842,0.24976922671416993,0.15802796676050485,0.24977382049589641,0.18050896755770332,0.24763590975701086,0.2062344532190966,0.24588743217526315,0.24075024227077055,0.2500000000000001,0.2470525842132891,-0.062391989704312964,0.06649085708158219,0.00792630254614423,0.02985039673959895,0.10349189921254666,-0.0753967666299757,0.22151360092096917,-0.20692230598235517,0.24954599999095609,0.23807142165256256,0.07989059504363341,-0.045997961383036315,0.07634263341353066,-0.049758387373541386,0.11833026515375711,-0.049125439589115645,0.07524570286791624,-0.0583705145479246,0.2488911546294511,0.24610138813301494,-0.038767379869829144,0.05293990899261418,-0.03733788015120078,0.0560552680652805,-0.019009970378369486,0.08083934634704157,-0.05070168314810124,0.06710281038135059,0.24521234499818323,0.24625001394117696,0.04352016559880628,-0.022667888092340518,0.07709877012105879,-0.021349824470380436,0.12833133923785806,-0.07364677916544854,0.21700960882593529,-0.18161093025051994,0.2484742286869303,0.24641006906062407,0.24984601514847232,0.1846245964307101,0.24785333486025085,0.18743829332577544,0.24115074687481242,0.19140443664739948,0.24154434595913285,0.21817878703914664,0.24999115743706635
0.2421057520376017,0.2468331532667438,0.1554685340090462,0.24683988357906161,0.1781298265217601,0.24474880386901987,0.20360774493507935,0.2430524046052512,0.2381851629717052,0.2470525842132891,0.25000000000000006,-0.0648390496846642,0.06854967053161555,0.005428731599918424,0.031709403480012936,0.10117524997686589,-0.07421312096950598,0.21875074684888085,-0.20467978062812864,0.2466116588551348,0.23517389925420643,0.08168036694062647,-0.04789687762916288,0.07812502827413655,-0.051636093147102685,0.11953820053072715,-0.05082368471172979,0.07633726704238203,-0.05961291650708181,0.24597722316775603,0.24325424662529366,-0.040643441011082575,0.054748736288598006,-0.03925713058951526,0.05785031948646137,-0.020961969633363654,0.0822900456859967,-0.052284391881318136,0.06826752742329838,0.24229193674242966,0.24332545291427177,0.0452761570588193,-0.024521198361734043,0.07813326730484298,-0.02258110709520771,0.12780415745285967,-0.07329297424519993,0.21470315404689383,-0.1794103553588533,0.2455546379331981,0.24351978411002093,0.24690761816000517,0.18301046360636847,0.2449219915395701,0.18559786138353343,0.23824368100907192,0.18923080030736908,0.23863571305240236,0.2154542195315083,0.24705175589102366
-0.05809545545717954,-0.06235315489467631,0.02539689265992603,-0.06257447528279525,-0.01122339120600959,-0.06458062305005922,-0.04795594373989149,-0.06631444918995505,-0.07000720018432195,-0.062391989704312964,-0.0648390496846642,0.25000000000000006,-0.24058050741461637,0.1759089817545385,-0.13415142220567844,0.013444961923212909,0.019616409672453112,-0.051511880300912374,0.06691466204035028,-0.062241578291170385,-0.05212769821080315,-0.22216070129378337,0.191519197111034,-0.21544636676352544,0.19285927223140065,-0.1706286065680344,0.1592708269235072,-0.14482130563118534,0.14159222070041352,-0.06295958858715026,-0.06482242535988149,0.1806836609216239,-0.19148395332799714,0.18196106234707282,-0.19099157449251913,0.1610420648389597,-0.1794236069916609,0.15583728861943485,-0.14594850076442267,-0.05851342918766784,-0.05931685659643585,-0.17755482232543993,0.1613353288652793,-0.1593296132843592,0.11179863320478632,-0.0986348474973843,0.05045570333910196,-0.06975377569856782,0.03832088443500827,-0.062095371396903694,-0.06201194416053307,-0.06230430584442508,-0.08660327255738486,-0.060608690283756574,-0.07306703911403642,-0.054945082430618575,-0.05181240054256185,-0.055267297882985136,-0.042346556713256524,-0.062392225696774356
0.062127248174260304,0.06644898008227967,-0.022396027637635037,0.06666972852184805,0.014518203538349247,0.0686377127461656,0.05104079312533252,0.07033377888604668,0.07395397211366317,0.06649085708158219,0.06854967053161555,-0.24058050741461637,0.2500000000000002,-0.17523403594907008,0.13364682377240852,-0.01098354871858348,-0.01772617012443333,0.054919479974626616,-0.06943580345862711,0.06633045557482099,0.056228202171180755,0.2179490411902976,-0.18727571354749334,0.21132303433401822,-0.1886268193649856,0.16732683239930923,-0.15555427178736522,0.14276864449198876,-0.13917015817069675,0.06701813977147274,0.06876255756784526,-0.17653811764735272,0.18736690256939142,-0.17774019561807589,0.18691599137093934,-0.15692288826885945,0.17605910144042608,-0.15243540438875094,0.14359292932504014,0.06260888875682659,0.06341422361267378,0.1736075163099958,-0.15735001654224906,0.1566190137955303,-0.10911606332888962,0.09877679264464259,-0.05066451550649035,0.07283654672620228,-0.04145832244466538,0.06616606002690693,0.06603766350856914,0.06640221323091354,0.08849150870246782,0.0647074924570615,0.07539364161645115,0.05904578480274041,0.05480815696067833,0.059368187179819294,0.046255614623872766,0.06649106944831969
0.010361878536450134,0.007919624460651385,0.055874689281066474,0.00773420096865617,0.058614108730549855,0.00560583783075504,0.022172914277925334,0.0038549179637931276,0.00022114303874227613,0.00792630254614423,0.005428731599918424,0.1759089817545385,-0.17523403594907008,0.2500000000000003,-0.20460084025487432,0.08353568512946026,-0.048970101754851794,0.018524267485315236,-0.0025599021398365466,0.008051043024831145,0.013553231649521965,-0.16115056532914981,0.14324499374426503,-0.1580739048571241,0.14330177048113454,-0.10905525370856199,0.11734741374474573,-0.09908356405415694,0.10045520741027902,0.007214382484670313,0.005063986971305627,0.1362503577951294,-0.14166245101549307,0.1374353857674651,-0.14060653006252383,0.124985533059339,-0.12573699567726274,0.11399929152907601,-0.10187532700017268,0.009935302505835455,0.009527787790139061,-0.132622578059877,0.12426297114257559,-0.11005183411219273,0.08482211893900247,-0.04942166361915059,0.02347901467630859,-0.0057702003325549945,-0.011268961924663689,0.007810131251205342,0.007399829606979036,0.007963070869386205,-0.026700732415955258,0.008862568461700264,-0.015157951755699844,0.0118565009986313,0.002799037704191116,0.011689126580570012,0.01661996884736059,0.007926137630589003
0.02731541495892956,0.029795170468946534,-0.01690608725663607,0.030032743688589655,-0.037352199204239635,0.032030815270445614,0.005877317503999101,0.033761850031018566,0.036634070394674104,0.02985039673959895,0.031709403480012936,-0.13415142220567844,0.13364682377240852,-0.20460084025487432,0.2500000000000001,-0.11412391211869283,0.08146609892388641,0.013026488905394457,-0.02570103894972669,0.02967602221518887,0.024175929655946983,0.12575695744464818,-0.10758342189043578,0.12494811086806924,-0.10939323350299392,0.13422974401895357,-0.10529952358092562,0.09843530336477557,-0.0945912498804077,0.030288362290145615,0.031348656056478,-0.10249929406910968,0.10841329407683822,-0.10352443320147389,0.11059251532558062,-0.0942825175892731,0.11460724655587141,-0.10172407301933552,0.09645402677078055,0.02770108750875496,0.02818189457773992,0.10023014127971089,-0.09158938067887229,0.09102358025309897,-0.06511931032470102,0.05763764337684168,-0.031424876334658285,0.03677709332833683,-0.01948442297691451,0.029767470947326714,0.029717285675294677,0.029803871556129072,0.04547154795414756,0.028877753875229645,0.03767304388103963,0.025785991417368655,0.026416971244726584,0.025961649473377545,0.019472127336747858,0.02985062770792912
0.10194632842072632,0.10341921722308112,0.07439512630137908,0.10328854960627193,0.10117921684788622,0.10122115717777619,0.1259933702556029,0.09942991326705235,0.09597109325837912,0.10349189921254666,0.10117524997686589,0.013444961923212909,-0.01098354871858348,0.08353568512946026,-0.11412391211869283,0.25000000000000017,-0.21384417763682181,0.12035950933589103,-0.1037201947528232,0.10361554501337895,0.09955711226045742,-0.0014583504384870073,0.012022838900303243,-0.005709271649092102,0.012118720406451185,-0.021845566366799886,0.027129739402054886,-0.013826578465616001,0.018603558313305624,0.10278496570342574,0.10128961943727331,0.0139024414745384,-0.009514640682969271,0.01551033013956278,-0.009960233830504626,0.02219411061587262,-0.007503320147235297,0.022388641533038024,-0.013455013749123404,0.10212009838245502,0.10230311769439257,-0.010842166972194887,0.01808688298467984,0.005394522482185944,0.011391185590262025,0.037052251798109774,-0.019296833708933817,0.08345743814278882,-0.07327000423376263,0.10277977133391743,0.10190637228477165,0.10344118808025651,0.06917570576959864,0.10284343751653806,0.07291736516800808,0.10083201456935863,0.07678819776105368,0.10095437569856859,0.09197763732757928,0.10349159159091144
-0.07386968989182585,-0.07535174107324119,-0.04484825014835709,-0.07521053385253171,-0.0731836095035807,-0.07329482598906319,-0.11633409970057458,-0.07155392262286714,-0.06882682591247112,-0.0753967666299757,-0.07421312096950598,0.019616409672453112,-0.01772617012443333,-0.048970101754851794,0.08146609892388641,-0.21384417763682181,0.2500000000000002,-0.10366230655333195,0.08985456065043605,-0.07558486582515779,-0.07128421192667511,-0.031681434339714806,0.020584601669933242,-0.027070289144758307,0.02047280853914824,0.0027333903615750148,-0.0036308345581050148,0.0006160467472219912,-0.002041377496155376,-0.07496893397310321,-0.0743485719536596,0.0178652615695104,-0.022189191029881577,0.01674621808555099,-0.02082957458652436,0.008333150661614254,-0.014777242021193352,-8.353117844439779e-5,-0.002728493616969937,-0.07400313578565712,-0.07417520915176015,-0.019564649645229817,0.012330155848324488,-0.026146838759996693,0.00851608040219409,-0.03607146833575386,0.017159176813383772,-0.062075483423490764,0.051106501577612144,-0.07486446241913478,-0.07432239165720313,-0.07535141582862975,-0.056955734313296764,-0.07472456899622465,-0.05738652392919671,-0.07262350252929196,-0.05594507506933151,-0.07274888512855515,-0.06484476195246695,-0.07539646941807031
0.21699375113798527,0.22131885790352326,0.14071437666889008,0.2212995259424276,0.1632463906450583,0.2191792953312627,0.19038240523991623,0.21741883592487002,0.2138051631929744,0.22151360092096917,0.21875074684888085,-0.051511880300912374,0.054919479974626616,0.018524267485315236,0.013026488905394457,0.12035950933589103,-0.10366230655333195,0.2500000000000002,-0.23052768751790564,0.22163212743415772,0.21098746320969394,0.0682372750305678,-0.03477986957043376,0.06461529781720377,-0.038315651995779,0.09221536030869536,-0.027101893720264225,0.047110087787891775,-0.03375723904865161,0.22043645064235537,0.2179635883455158,-0.028755501048434832,0.04121652084655649,-0.027080987815122286,0.04284707172275949,-0.010229251041865162,0.05851230779444337,-0.029717214893183987,0.042526741674772085,0.2174421478210462,0.2182598019560577,0.03335420073349038,-0.014977428658507402,0.06271097381290566,-0.014598045233052897,0.10896615645846996,-0.06105200492452068,0.18979553572679736,-0.15942726469350968,0.22012683295284585,0.21831683963657705,0.22138623921350356,0.1621758280603708,0.2196683258267491,0.1651985969924309,0.21389155897184767,0.1684890655730076,0.2142322823754564,0.19345506905852397,0.2215128761299487
-0.20242262194591717,-0.20673837181952695,-0.12595802111442514,-0.20671856511900746,-0.1490982152491203,-0.20474970457041847,-0.17608758098278973,-0.20321743653603822,-0.20713560048897597,-0.20692230598235517,-0.20467978062812864,0.06691466204035028,-0.06943580345862711,-0.0025599021398365466,-0.02570103894972669,-0.1037201947528232,0.08985456065043605,-0.23052768751790564,0.2500000000000004,-0.20720871325137735,-0.19635066749252106,-0.0841263918644935,0.050688962004509806,-0.08040109469200464,0.054238801913425845,-0.10963613991670007,0.04423753543697938,-0.06434229562284337,0.05057549025895831,-0.2060376425645056,-0.2039551783171831,0.04424990672218552,-0.056643231557558786,0.042979588555968874,-0.05872186073858622,0.0261993710589574,-0.07505280887348154,0.0464244779673942,-0.05878939517635833,-0.2028305080696727,-0.20366577458663926,-0.04797156987030002,0.029777725199732125,-0.07327247689661254,0.024905865963537402,-0.10979959404317831,0.06152275121107153,-0.17941429966905265,0.14871083483725778,-0.20564973376161824,-0.20398812310657685,-0.20679800728215145,-0.1556884417426678,-0.20507061858542835,-0.15705140571568765,-0.19926628067754165,-0.1581575748548386,-0.19960755709510544,-0.17957639032125838,-0.206921509205891
0.24438131408586314,0.2493236255697402,0.1577526949740385,0.2493280409345597,0.18021995209025654,0.24719222507548447,0.20595473128025543,0.24544562448598545,0.24037754897432623,0.24954599999095609,0.2466116588551348,-0.062241578291170385,0.06633045557482099,0.008051043024831145,0.02967602221518887,0.10361554501337895,-0.07558486582515779,0.22163212743415772,-0.20720871325137735,0.2500000000000002,0.23764647956647994,0.07973273059183779,-0.04585305217243947,0.07618466018128117,-0.049609825409130594,0.11814045032796887,-0.048957228434807466,0.07505406781999646,-0.05820509850686713,0.24844684157710079,0.24566135640339096,-0.03863938573084131,0.052786198508038264,-0.037209505421111636,0.05590033465240933,-0.01892415003422546,0.08065991182460688,-0.05054438856117234,0.06693057946555184,0.24477639003619966,0.24581134703169177,0.04338455678840542,-0.022571290840947344,0.0769125323687927,-0.021277144798481286,0.12808226879989726,-0.07349954652473954,0.21660700981562767,-0.18128169196458782,0.24803082664270817,0.2459701942380762,0.24940029543317194,0.18428212517156498,0.24741168082493464,0.18709632358447686,0.24072280223382625,0.1910593560560666,0.24111561714724405,0.21779317830657446,0.24954515546683426
0.2332405000798338,0.23785880728149494,0.15256283843261828,0.23785467202220084,0.1729954261223277,0.23572268912963654,0.19638217481899997,0.23397355628158842,0.22888977016555814,0.23807142165256256,0.23517389925420643,-0.05212769821080315,0.056228202171180755,0.013553231649521965,0.024175929655946983,0.09955711226045742,-0.07128421192667511,0.21098746320969394,-0.19635066749252106,0.23764647956647994,0.2500000000000005,0.06799528987975718,-0.034515973442470274,0.06460732642124213,-0.038569165969906095,0.1066952882302656,-0.038876077473879694,0.06487148051170487,-0.04871981376613508,0.23698065356171666,0.2342034204305406,-0.028333390903804295,0.04150561378902998,-0.026841724854865218,0.044795465515608604,-0.01032476428778576,0.06952879651867355,-0.040797344041006656,0.05714982122169645,0.23366801668753256,0.23461366366691813,0.03306122613763913,-0.01371707211072547,0.06638996526292464,-0.015042544905297847,0.11893015643794665,-0.0684165113683258,0.20566938945748642,-0.17314621356928916,0.23662057017173097,0.23463260925191923,0.23793509759351178,0.17380710348559528,0.23609976946163205,0.17721721697522397,0.22992551500422578,0.18202544655470052,0.23028899224244062,0.20837378534583226,0.2380706012034588
0.07555432615007622,0.07983248531457136,-0.006864221327944742,0.08006959905363206,0.02803919595373819,0.0820447575191319,0.064749680572842,0.08381130545635734,0.08742100035693245,0.07989059504363341,0.08168036694062647,-0.22216070129378337,0.2179490411902976,-0.16115056532914981,0.12575695744464818,-0.0014583504384870073,-0.031681434339714806,0.0682372750305678,-0.0841263918644935,0.07973273059183779,0.06799528987975718,0.2500000000000005,-0.21514980081222865,0.24118646600460492,-0.21644826425715114,0.1932026335683099,-0.17860246700354884,0.16151318848414298,-0.15772459179115553,0.08046140654982689,0.08242368341542125,-0.20254300179201337,0.21512500531394566,-0.20393615505745813,0.21444167983554777,-0.1797433292675103,0.20177404552626796,-0.17446822460493713,0.16297750069518743,0.07537836920285679,0.07631353817949042,0.1993135871744075,-0.18043632934183826,0.18041265073970636,-0.1251898647903396,0.11487351636568376,-0.05903058021710364,0.08661648543093489,-0.05016546465040136,0.0794937329191881,0.079317927067752,0.07978680354394893,0.10405174836202725,0.07781689172121137,0.08913116495452154,0.07123479859431692,0.06561449529641249,0.07160966851584857,0.05623876699188825,0.07989072332481553
-0.04265975201535374,-0.04596866188857089,0.021965976907632207,-0.046180733694634594,-0.007208369376433475,-0.04816952231386629,-0.03694205863058027,-0.049935421645043915,-0.05356283340025858,-0.045997961383036315,-0.04789687762916288,0.191519197111034,-0.18727571354749334,0.14324499374426503,-0.10758342189043578,0.012022838900303243,0.020584601669933242,-0.03477986957043376,0.050688962004509806,-0.04585305217243947,-0.034515973442470274,-0.21514980081222865,0.25000000000000056,-0.21952405106698725,0.23044998046237014,-0.16984393609763304,0.17965602119798318,-0.1531110062424275,0.1533265041130704,-0.046751054842854724,-0.04949599790158999,0.22693074293481444,-0.2389293980985238,0.22835104277660834,-0.22793906750227397,0.20106457807498293,-0.2009938800063747,0.175562682363956,-0.1581039352220549,-0.041714431237336855,-0.04255438845276991,-0.2227691317657316,0.2044727728807912,-0.19279460495350528,0.13933216499927137,-0.10570014075441003,0.05131611329151994,-0.057631433516036994,0.02221519260856455,-0.045758719805785386,-0.04600015375808606,-0.045904826124239614,-0.08576851560934036,-0.04399996401554822,-0.06803709495767786,-0.037642680624328635,-0.03938657347471479,-0.0380023683079577,-0.02415130697361168,-0.04599816233128274
0.07215470479575771,0.07628655148252653,-0.007405681923620719,0.07652084005272312,0.025719249305173372,0.07848384913167657,0.06129175870495077,0.08024135370475498,0.0838141281418181,0.07634263341353066,0.07812502827413655,-0.21544636676352544,0.21132303433401822,-0.1580739048571241,0.12494811086806924,-0.005709271649092102,-0.027070289144758307,0.06461529781720377,-0.08040109469200464,0.07618466018128117,0.06460732642124213,0.24118646600460492,-0.21952405106698725,0.2500000000000005,-0.22339195542116863,0.19293875513694678,-0.18334419271140687,0.16530033883747303,-0.1618864590602579,0.07696136138106599,0.07907441783995633,-0.20896130388850045,0.2216793461955045,-0.21040456117861236,0.22093955213510033,-0.18569358288714358,0.2064857797846652,-0.17915504241974975,0.16705500934106937,0.07178731698862487,0.07273171322481195,0.20552428048226706,-0.18643460286715205,0.18487839200188178,-0.12907326468288832,0.11545554256320432,-0.059025308815891755,0.08414044952359655,-0.04726977162658664,0.07596895193253973,0.07584197681921594,0.07623877316420619,0.10306329295553417,0.07424821589109214,0.08750858622130378,0.06759800316017113,0.06299175124276767,0.06797636413898558,0.052640647564332205,0.07634276543606226
-0.046338064714032734,-0.049725295657066,0.01969234185902674,-0.04994084290917776,-0.009672124213089805,-0.051927207092323395,-0.03995668968979809,-0.05369608556481789,-0.057312737572613785,-0.049758387373541386,-0.051636093147102685,0.19285927223140065,-0.1886268193649856,0.14330177048113454,-0.10939323350299392,0.012118720406451185,0.02047280853914824,-0.038315651995779,0.054238801913425845,-0.049609825409130594,-0.038569165969906095,-0.21644826425715114,0.23044998046237014,-0.22339195542116863,0.25000000000000044,-0.18036045021219768,0.19424273612070048,-0.16722838039501034,0.1675201127163106,-0.05056253522356644,-0.0532524195472037,0.22587097363362163,-0.2345007355688376,0.23082964371961978,-0.23885220962542614,0.2042929528968427,-0.21286272536868087,0.18897773376425453,-0.1717652583642066,-0.04531215936481372,-0.04626905505223796,-0.221750691540718,0.20636087848880497,-0.1961783210792698,0.14135492775199943,-0.11040185526869122,0.05541387827104713,-0.06327517376558249,0.02686880353369744,-0.0495463659035099,-0.04971651997374914,-0.04966235930507373,-0.08871959137054186,-0.04770929268433488,-0.07114839090379162,-0.041187808528848784,-0.04317164245211014,-0.041556044399153426,-0.027650173889965424,-0.04975858428901763
0.11403998310961895,0.11821688427210583,0.035378436203328284,0.11850233565140345,0.058029786699574856,0.12037725682863722,0.09509045708860256,0.12221514295053863,0.12559949303082218,0.11833026515375711,0.11953820053072715,-0.1706286065680344,0.16732683239930923,-0.10905525370856199,0.13422974401895357,-0.021845566366799886,0.0027333903615750148,0.09221536030869536,-0.10963613991670007,0.11814045032796887,0.1066952882302656,0.1932026335683099,-0.16984393609763304,0.19293875513694678,-0.18036045021219768,0.25000000000000067,-0.180747682956018,0.17425851964848785,-0.16437542537706187,0.11868560473223526,0.11933174982536993,-0.1610679610701297,0.17334388286245173,-0.16419244734152857,0.18079118254316026,-0.14596714793571208,0.19894308852745954,-0.17346777338750127,0.1689437096136056,0.11367816625194097,0.1147761439357576,0.15909993503513198,-0.14207151160305487,0.15853981122860988,-0.1034867871444407,0.12604104136499417,-0.07169941482763982,0.12053776045917142,-0.08426063917080205,0.1177921680339765,0.117075677665262,0.11821805140190997,0.12188870444943305,0.11625155089227898,0.11139644282628505,0.10966866948251933,0.09691374300078384,0.11004537197463832,0.0937936976959765,0.11833042519808862
-0.04617043924448492,-0.049084317488446084,0.010323429149497047,-0.049306729189313704,-0.011382656270714836,-0.05126225688505063,-0.037745357317378714,-0.05305768988882419,-0.05658361227109502,-0.049125439589115645,-0.05082368471172979,0.1592708269235072,-0.15555427178736522,0.11734741374474573,-0.10529952358092562,0.027129739402054886,-0.0036308345581050148,-0.027101893720264225,0.04423753543697938,-0.048957228434807466,-0.038876077473879694,-0.17860246700354884,0.17965602119798318,-0.18334419271140687,0.19424273612070048,-0.180747682956018,0.2500000000000006,-0.22178052419978925,0.22071007022692282,-0.050130299410949174,-0.05164835398623867,0.1739792865814157,-0.1821663673369096,0.17905855382913408,-0.19439866547975465,0.1654187861805639,-0.21537722447993235,0.22776088383485435,-0.21411178747714174,-0.04482388482043585,-0.04638993410365738,-0.16984601582047557,0.15771220562934993,-0.1587212109190209,0.11259449306119904,-0.10469993778765062,0.06765696642251127,-0.07587478430353592,0.0440390104132117,-0.049210060271884445,-0.04900279801479726,-0.04904227613438686,-0.07600798514423436,-0.04738062237868137,-0.06203812692556192,-0.04178849649403433,-0.04872806300041683,-0.042090932680228045,-0.03312207150878538,-0.049125667601658186
0.07200245452728009,0.07516706825561308,0.012185738729035934,0.07536598609722028,0.032804488134115566,0.0767895344640081,0.05908240381593511,0.07820969535738972,0.0818044819541472,0.07524570286791624,0.07633726704238203,-0.14482130563118534,0.14276864449198876,-0.09908356405415694,0.09843530336477557,-0.013826578465616001,0.0006160467472219912,0.047110087787891775,-0.06434229562284337,0.07505406781999646,0.06487148051170487,0.16151318848414298,-0.1531110062424275,0.16530033883747303,-0.16722838039501034,0.17425851964848785,-0.22178052419978925,0.2500000000000007,-0.23278215489634502,0.07614058583273026,0.07675356988166744,-0.14698428065027072,0.15563836528584843,-0.15194620272736514,0.16793803518823483,-0.1386005168793937,0.1951992882719277,-0.20957752862925344,0.22436783347803477,0.0708413550533569,0.07251446448009197,0.14374486070076517,-0.131712689784198,0.14021131553406446,-0.09422727351776752,0.1049310640828788,-0.06876666204991214,0.09598121196522415,-0.06444477881484713,0.07515708985994808,0.07465783701115439,0.07515646189441536,0.08785558855218992,0.07349895704540216,0.07645693493317675,0.06791195516460412,0.0678179225001831,0.0682156290254081,0.05809838148752773,0.07524590244700714
-0.05546742711515244,-0.05831081057488061,-0.0011877252171225163,-0.058499817983395694,-0.020925634300930168,-0.05999051206237496,-0.04520459731564263,-0.061440594169057665,-0.06504752350973844,-0.0583705145479246,-0.05961291650708181,0.14159222070041352,-0.13917015817069675,0.10045520741027902,-0.0945912498804077,0.018603558313305624,-0.002041377496155376,-0.03375723904865161,0.05057549025895831,-0.05820509850686713,-0.04871981376613508,-0.15772459179115553,0.1533265041130704,-0.1618864590602579,0.1675201127163106,-0.16437542537706187,0.22071007022692282,-0.23278215489634502,0.2500000000000007,-0.05944951903352353,-0.06020687472078939,0.14747033593379225,-0.1555337977038277,0.15251986826997044,-0.1680581269831636,0.14026566056725806,-0.1957874282923396,0.22227687774249755,-0.23755810297313693,-0.05404344657664366,-0.05588362972570313,-0.143723092412803,0.1327462983031287,-0.13754203748907812,0.09404693940521068,-0.09797986949007124,0.06722583077187316,-0.08504880882541078,0.05488716893801992,-0.05843086930706118,-0.05805374664895368,-0.058289049275669816,-0.07592928643315523,-0.05672442379382403,-0.06387469402395504,-0.05143778971519729,-0.05605116347237439,-0.05171902150662204,-0.04346362659002839,-0.058370731994304474
0.24372810639449444,0.24866931515181578,0.15709469007670956,0.24867509447035768,0.17957521010225613,0.24655942058167424,0.20531282732829836,0.24483050519046054,0.2397471269410223,0.2488911546294511,0.24597722316775603,-0.06295958858715026,0.06701813977147274,0.007214382484670313,0.030288362290145615,0.10278496570342574,-0.07496893397310321,0.22043645064235537,-0.2060376425645056,0.24844684157710079,0.23698065356171666,0.08046140654982689,-0.046751054842854724,0.07696136138106599,-0.05056253522356644,0.11868560473223526,-0.050130299410949174,0.07614058583273026,-0.05944951903352353,0.25000000000000067,0.24503611861712551,-0.039525799056842684,0.053668280299586375,-0.03813164824850328,0.05683095743489023,-0.019826298204271644,0.08161988141603024,-0.0517043684006333,0.06809237768620564,0.2441136294423211,0.24515448733197756,0.044226141758885375,-0.023420277921704265,0.07755439159382498,-0.0218538172098519,0.12820694674614327,-0.07361369747672714,0.2162327293486716,-0.18085247214088085,0.24738214191918392,0.24532818126022723,0.24874550879958812,0.18403365172780692,0.24675457485705243,0.18675253737242825,0.24005786756398842,0.19062173969162657,0.24045098684913185,0.2171629985446019,0.24889031488320046
0.24096224949132322,0.24588228783819757,0.15460391988677172,0.2458908729008095,0.17720104401506565,0.24383183750025902,0.20301146394337635,0.24215059100004738,0.23718146910996465,0.24610138813301494,0.24325424662529366,-0.06482242535988149,0.06876255756784526,0.005063986971305627,0.031348656056478,0.10128961943727331,-0.0743485719536596,0.2179635883455158,-0.2039551783171831,0.24566135640339096,0.2342034204305406,0.08242368341542125,-0.04949599790158999,0.07907441783995633,-0.0532524195472037,0.11933174982536993,-0.05164835398623867,0.07675356988166744,-0.06020687472078939,0.24503611861712551,0.25000000000000056,-0.04236629897316317,0.05647266376564199,-0.04091019521948151,0.05936850312210256,-0.022436905060187966,0.08317644728460324,-0.05311172394747228,0.06886599870944853,0.24133242316389972,0.24236554194342555,0.0469202610261037,-0.026066503173686015,0.07924057103570617,-0.023550695937561518,0.12785009462730407,-0.07318106525359787,0.2139668368884835,-0.178577957176747,0.24460816135120508,0.2425875483695418,0.24595643137694845,0.18272896537487965,0.24396597203514453,0.18515011067622453,0.23727180630635436,0.18849573867089822,0.23766466272639133,0.21448463794399625,0.24610056211850007
-0.035699200521400194,-0.0387438195394497,0.023983206250622786,-0.03894738976279079,-0.0031068796421687183,-0.0408977585729086,-0.03113499466267232,-0.04262685556896955,-0.04619417619068207,-0.038767379869829144,-0.040643441011082575,0.1806836609216239,-0.17653811764735272,0.1362503577951294,-0.10249929406910968,0.0139024414745384,0.0178652615695104,-0.028755501048434832,0.04424990672218552,-0.03863938573084131,-0.028333390903804295,-0.20254300179201337,0.22693074293481444,-0.20896130388850045,0.22587097363362163,-0.1610679610701297,0.1739792865814157,-0.14698428065027072,0.14747033593379225,-0.039525799056842684,-0.04236629897316317,0.2500000000000003,-0.2357432424988759,0.2397855092545766,-0.22612181068330559,0.21028466067979226,-0.19584030170924388,0.17027891001054357,-0.15228892212785147,-0.034424025806992005,-0.035222100659072525,-0.23909596692847768,0.21754523744249804,-0.20062573031874945,0.14583213106054194,-0.10470182192796772,0.04887418374859176,-0.0502823095586499,0.014060379690516586,-0.03851193346931014,-0.0389179461171918,-0.03867379352436431,-0.08399655365127731,-0.03672349165074102,-0.06442018335357194,-0.030216118785375872,-0.033253039397865704,-0.030583706144301788,-0.016331058519473116,-0.03876759264397461
