x1,x2,x3,x4,x5,x6,x7,x8,x9,x10,x11,x12,x13,x14,x15,x16,x17,x18,x19,x20,x21,x22,x23,x24,x25,x26,x27,x28,x29,x30,x31,x32,x33,x34,x35,x36,x37,x38,x39,x40,x41,x42,x43,x44,x45,x46,x47,x48,x49,x50,x51,x52,x53,x54,x55,x56,x57,x58,x59,x60
0.25,0.2336743815671228,-0.12963995211646492,0.23355740845601414,-0.18669424065590803,0.23403079265860643,-0.18603244961370136,0.22968507916496195,-0.11532243328729315,0.2351004937043174,0.21105168903561639,-0.08894530740040787,0.12373300455857668,-0.11229304827554475,0.18340755971186629,-0.149985650112042,0.17890710820976047,-0.1115750183866037,0.10611402383086543,0.17512573539605317,0.19455640245823752,0.05977101819507784,-0.029272085843661082,0.09255416625669663,-0.02130957281406294,0.12450830594331079,-0.040195275478932944,0.1216200356073204,-0.07080354851527643,0.21713392433458362,0.20843108258765228,0.03199896730004477,0.012154170334215508,0.056388708507809825,0.00010004692748562153,0.10816939717825078,-0.007970733373144766,0.08619981224721433,0.0033037571315433206,0.210637978809252,0.19478835386013724,-0.05637173384459872,0.07814430631754665,-0.07093792119800055,0.14199543278209667,-0.12860248534692817,0.15854191139632434,-0.09114508004325117,0.10912438994164096,0.18163709338281253,0.23046108973716528,0.23488031208973764,-0.08098466030828126,0.2338146806178838,-0.14251315709314336,0.2347510697511774,-0.1591077987360386,0.2276434122967945,-0.11475811196825043,0.23510091555550452
0.2336743815671228,0.25,-0.14318904335419413,0.247005805697516,-0.20009026620402054,0.24753271148466982,-0.19904335092629305,0.24326573688912823,-0.12292875812853818,0.2485676179515359,0.22458358812932877,-0.09941074261223384,0.13599222698448654,-0.12386240002230527,0.19672167035216212,-0.1617616837731511,0.19167366952161843,-0.11990449850429002,0.11393526235806083,0.18512971251125404,0.2049966228940121,0.06812900141067829,-0.035491929312744946,0.10287480454188591,-0.02702925297821179,0.13502888059332432,-0.04581971165679832,0.1308269715071963,-0.07737262845648174,0.2299392469651346,0.22089336114345864,0.030219000651412056,0.0171271987536371,0.05630723402119906,0.0043106321626461015,0.11201533652801453,-0.005280336467030287,0.08893670078260474,0.005985709533691741,0.22242119280070724,0.20520721136534364,-0.056375087789053174,0.07970765099889106,-0.07196364440559604,0.1483873813121932,-0.13398536757512738,0.16619176743902994,-0.09465789383814195,0.11412325264077726,0.192348546743024,0.24370720635797155,0.24833150134545218,-0.08280239436755793,0.24718407794661504,-0.1490017640932207,0.24819163861325694,-0.16686897654835134,0.24054382637671665,-0.12022710193856577,0.2485680511200352
-0.12963995211646492,-0.14318904335419413,0.25,-0.14345220803039405,0.17929685648376756,-0.14290166301690405,0.15850981417020782,-0.14717839990925818,0.08154944717390476,-0.1418851289724225,-0.15587800156954695,0.2029911055652408,-0.23866320723349416,0.2270824276053815,-0.18467529771468927,0.17110946777255484,-0.16266247679651588,0.10505775651906078,-0.09425513971619644,-0.10826058346310918,-0.09870786159744313,-0.1717531489780159,0.13966038531908648,-0.20597727974557165,0.1311034184353307,-0.16381624008419954,0.10852144429202082,-0.12498634347423986,0.10367964483743775,-0.13949250216405418,-0.13985178502118312,0.07451876564634179,-0.12130636979866541,0.04864457172232132,-0.10848692533013628,-0.006581113488922131,-0.07543713199580074,0.004153717341620072,-0.06436193358417129,-0.12000941334772608,-0.09894999345918923,-0.048179479729757856,0.025463919144575062,-0.03293135025865548,-0.04260719060156669,0.028541754656621142,-0.060262738919715814,0.0114813844768696,-0.03393636099986271,-0.11739844057105782,-0.14022271317861398,-0.1416702257262422,-0.021471121175124955,-0.1405139871095508,0.044577900391387516,-0.14151281037953076,0.06255755126117214,-0.13393304737274267,0.04106326284243303,-0.1418853931306594
0.23355740845601414,0.247005805697516,-0.14345220803039405,0.2500000000000001,-0.20112912201523725,0.24738669885359835,-0.19957086129958887,0.24315535378171782,-0.12343503516143428,0.24842593260679957,0.22453078919836905,-0.09988869738759057,0.136510286020553,-0.12437056275183642,0.19759433394599366,-0.16255752696137038,0.19235888698868378,-0.12052517171891336,0.11454712531824911,0.18489195831256167,0.20481266475154838,0.06857756763660847,-0.03590969758274487,0.10336132661529691,-0.027439045143627317,0.13573938380459952,-0.04635689103200237,0.1314599627199794,-0.07793317098075352,0.2299355886930616,0.22081798408660175,0.02986566404230008,0.0175265575691542,0.05597998632888542,0.00469704386920962,0.1117417759542309,-0.0048409725416440385,0.08860809823706667,0.0064457051607356665,0.2222474571927102,0.2050237977510169,-0.05604953720610989,0.07940297880401954,-0.07165225007819467,0.14814909375295393,-0.1337339537685866,0.1659706445422994,-0.09439223841879572,0.1139018687176334,0.1922762023725806,0.24357329000326863,0.2481896555630492,-0.0825040644982667,0.24704105502506896,-0.14876914062938118,0.24804958847207467,-0.16665452227530958,0.24039439878278554,-0.12001905821345701,0.24842636233603757
-0.18669424065590803,-0.20009026620402054,0.17929685648376756,-0.20112912201523725,0.25000000000000006,-0.2006523979114749,0.21611008770751564,-0.20469971497153697,0.1355953123259944,-0.19958201723272145,-0.19193988326503703,0.14343387804364524,-0.1791211028186625,0.1676524929794899,-0.2385159480223544,0.20554523648445516,-0.21761501078225395,0.14932183805149243,-0.14226953415799012,-0.14030432512770516,-0.1565926118236781,-0.11262990444958647,0.08074575901483254,-0.1469621325023564,0.07257778642992754,-0.17859282153031344,0.09089848461411246,-0.16191332650540913,0.11408191207589106,-0.1946838750947657,-0.18339096556111933,0.01598048487585127,-0.0626026513243105,-0.009717985200083814,-0.05007321374760867,-0.06472528124241372,-0.040437691567290095,-0.04201968008984044,-0.047701451662546336,-0.1740875819490173,-0.156782649609802,0.010031137166102913,-0.032821355482868034,0.025264555850768675,-0.10064454291874465,0.08651249781049226,-0.11823000123591697,0.053471895358027696,-0.07503230611797103,-0.15843122960723924,-0.1962311590333888,-0.19935704670451473,0.03628269800277098,-0.19821538380084675,0.10185650591828252,-0.19921059182843512,0.11961831317324988,-0.19165730426744904,0.08177280347938004,-0.1995821412151165
0.23403079265860643,0.24753271148466982,-0.14290166301690405,0.24738669885359835,-0.2006523979114749,0.2500000000000002,-0.20013992098292194,0.24347592679084484,-0.12395718803678785,0.2489166662882414,0.22493240169648068,-0.09940791378170971,0.13603291211591523,-0.12388911554571774,0.19717702993207906,-0.16212987532215842,0.19245608115929416,-0.12052959447171016,0.11458651439370814,0.18527060521402666,0.20530214385109835,0.06809616952326498,-0.03542678917076698,0.10288023367967568,-0.0269558937864601,0.13531234219851454,-0.04590169800751492,0.13140620821190746,-0.07772242098458942,0.23034018092424324,0.22119034087419262,0.03035030764193007,0.017043935290556866,0.056465353906468625,0.004214006043699402,0.11222872573422601,-0.005308204106750875,0.08908609350990254,0.00609977432577339,0.22272641758394696,0.20551314420558112,-0.056532824652031875,0.07988904739801614,-0.07213714556382617,0.14863705029681099,-0.13422054922165197,0.16645906939551988,-0.09481249875443773,0.11429952508711187,0.19261493076733785,0.24404876721383176,0.24868029295103183,-0.08298595200779556,0.24753174983775547,-0.14925075810604874,0.24854030963986182,-0.16713538983337306,0.2408849118635491,-0.12040974853890711,0.24891709596761621
-0.18603244961370136,-0.19904335092629305,0.15850981417020782,-0.19957086129958887,0.21611008770751564,-0.20013992098292194,0.24999999999999994,-0.2044836831759063,0.15198000884828602,-0.19907663644550214,-0.1888087574214058,0.12286469906513207,-0.15770252933086804,0.14723155265241017,-0.21578441349618183,0.2046769489573188,-0.2347035203754067,0.16399915272771393,-0.15795218899684338,-0.13654672472635515,-0.15752440447430535,-0.09563199742273773,0.07291005870479982,-0.12984114335012398,0.07058943947685899,-0.17682570985456775,0.08949042684915429,-0.17334292869346904,0.12074957763474621,-0.19651321747652958,-0.18226483996566373,0.012652105996008987,-0.057014960570177124,-0.011066693437394557,-0.04815129005811964,-0.06538226563787182,-0.039225926831257474,-0.04268250290608322,-0.05050863571654637,-0.1734507763454208,-0.15677315354917684,0.012167959023978249,-0.03391897167974021,0.026433332078317683,-0.10099563546438432,0.08698339977374939,-0.11842858403764733,0.05398352974132723,-0.07532740114665751,-0.15793713951766497,-0.19571695777048387,-0.19885300865129746,0.03733588095355705,-0.19772141247660985,0.10218205245974303,-0.19870799721259566,0.11978605927439,-0.1912201349199734,0.08199931980382714,-0.19907633392345345
0.22968507916496195,0.24326573688912823,-0.14717839990925818,0.24315535378171782,-0.20469971497153697,0.24347592679084484,-0.2044836831759063,0.25,-0.12833701168129513,0.24452859186618175,0.22235259020645787,-0.10375777463090724,0.14034649348120645,-0.12824953088177254,0.20140857593462394,-0.16651356694571093,0.19683482197520907,-0.12491552275208707,0.11897197535315672,0.18088337210427863,0.20091700930627812,0.0724488476784625,-0.03979999190956909,0.10723783425082227,-0.0313409982964385,0.13968325301915593,-0.050286740764322636,0.13578260026973588,-0.08210391676575833,0.2274914448494032,0.21786746923854122,0.025969301041592372,0.02141382771449991,0.052080006968331,0.008592569872020001,0.10784184537273551,-0.0009315240748842988,0.08469955422311252,0.010478316620175515,0.21833967601768253,0.20112758208855475,-0.05217078971766104,0.07550285986329462,-0.06775972946565813,0.14424986803945597,-0.12984222036002163,0.1620719076303353,-0.09098893411700519,0.11070134312190603,0.1896020896167931,0.23979965650426197,0.2442929941461873,-0.0786384636068332,0.2431436515311098,-0.14492147613364428,0.24415221622962244,-0.16281697730730668,0.23649685417481708,-0.11688015379700543,0.24452898065984957
-0.11532243328729315,-0.12292875812853818,0.08154944717390476,-0.12343503516143428,0.1355953123259944,-0.12395718803678785,0.15198000884828602,-0.12833701168129513,0.2500000000000001,-0.12290053350924608,-0.1128941991926759,0.05129323469867095,-0.08561483888364324,0.07796446310613393,-0.13872778951697767,0.1518213617624678,-0.1625581328563461,0.22171925769501596,-0.2353718999027767,-0.06015695334959217,-0.09959648564793623,-0.032644518882307696,0.024166894612274108,-0.0658178236450915,0.07252132826285777,-0.1481769348934068,0.10949298701556381,-0.18698445555605495,0.13986370507270923,-0.1343887013976396,-0.11015738113545898,0.009041446767741821,-0.018531667536113416,0.01514988476048975,-0.05802075138990542,-0.020495650066705704,-0.06640883293207735,0.0005939290732479572,-0.07939421266973135,-0.10227337841596777,-0.09282653477534,-0.003390307669718468,-0.0008699782955820518,-0.004566832565432089,-0.04798776634691743,0.037340321225347355,-0.06130016256117051,0.012514737439855272,-0.030829008219410245,-0.10119395684056293,-0.12120624886990963,-0.12273401616772728,0.0036545189729310034,-0.12186297631029008,0.04928689743304489,-0.12261658961234942,0.06280216370205258,-0.11689733668140691,0.03652962628528391,-0.12289779285213419
0.2351004937043174,0.2485676179515359,-0.1418851289724225,0.24842593260679957,-0.19958201723272145,0.2489166662882414,-0.19907663644550214,0.24452859186618175,-0.12290053350924608,0.24999999999999978,0.2256110967096699,-0.09833357109113937,0.134967760891995,-0.1228127683603938,0.19613279340890855,-0.16105421994728833,0.1913824202962201,-0.1194558010748567,0.11351313471689822,0.186347040349399,0.20637922056666919,0.06702209449293942,-0.03435026945084394,0.10180537383406067,-0.025878792350658767,0.13423951452556743,-0.04482548888401182,0.13033366959881112,-0.07664797234575554,0.2310399107254056,0.22200588042486719,0.03142717535691571,0.01596891167629591,0.057542467360327955,0.003138494630362949,0.11330596984624093,-0.006382605323824192,0.09016301713965205,0.005025442925228698,0.22380336522161068,0.2065899893759068,-0.057604560849214156,0.08096629450821645,-0.07321225666405638,0.14971432744870994,-0.13529567633223558,0.16753631103268338,-0.09575121651778025,0.11518290167810806,0.1933546230612508,0.24509197186944628,0.24975742876587656,-0.08405368681688904,0.2486090839356174,-0.15031381388766799,0.2496176408215086,-0.1681957453376465,0.2419622472775927,-0.12127628168968611,0.24999443188737752
0.21105168903561639,0.22458358812932877,-0.15587800156954695,0.22453078919836905,-0.19193988326503703,0.22493240169648068,-0.1888087574214058,0.22235259020645787,-0.1128941991926759,0.2256110967096699,0.2499999999999999,-0.12262276082264364,0.15191604017990382,-0.14120411469195684,0.19093486323511308,-0.16086937004065807,0.18387693614449024,-0.11456578857285869,0.10764311956986092,0.16883613158740507,0.18202839976974758,0.09098633286965599,-0.05806094566277465,0.1215649909711083,-0.04772513107653011,0.13814176909105544,-0.05695843090187004,0.12737776462838948,-0.08091878944988577,0.2101179807151411,0.2034348416938295,0.007666161977327366,0.03959771359434148,0.03373559594897819,0.025707380959597327,0.08952629428718402,0.010353685611319044,0.06996274097892313,0.01676690778286112,0.20056177075480852,0.18234406650784932,-0.03387277362188287,0.057090430574150856,-0.04940647465004176,0.12563828117741438,-0.11131043387297349,0.14340888376004426,-0.07754950488927598,0.09747439309927039,0.17609334257131093,0.22142751585977571,0.2253795376412448,-0.060378330202720897,0.22423038955260938,-0.12654297059846456,0.22523593630516095,-0.14443240360764265,0.21760378135324365,-0.10375111223185261,0.22561147486294272
-0.08894530740040787,-0.09941074261223384,0.2029911055652408,-0.09988869738759057,0.14343387804364524,-0.09940791378170971,0.12286469906513207,-0.10375777463090724,0.05129323469867095,-0.09833357109113937,-0.12262276082264364,0.25000000000000017,-0.213082232513272,0.2147325117097762,-0.151430827144597,0.14535782960052376,-0.13017570291156458,0.07643115439435615,-0.06468480775368687,-0.07929397696282116,-0.05491783702423271,-0.2172224600853904,0.18188633409575575,-0.20849399982618805,0.15399364805878984,-0.14362588018387684,0.10925389685518945,-0.09925104273431548,0.09183897239197103,-0.09873307056188083,-0.10634998184628697,0.11612533552135204,-0.16266439706541558,0.09034141227322824,-0.13878674583513426,0.03365725817997224,-0.08964604469907483,0.03058171405213632,-0.06906063990779913,-0.08012514823560325,-0.05582549088088243,-0.08982381553504436,0.06736813186501281,-0.07467877363722947,-6.556239062886971e-5,-0.013774510649061105,-0.017552419438205062,-0.013817143358551175,-0.007825171505927184,-0.08539999535396356,-0.09784588875897429,-0.09812845811985146,-0.06303697512435284,-0.09697639480309074,0.0025545274915595834,-0.09796519275272789,0.020466444983344618,-0.09046219872369266,0.014838001682992792,-0.0983338073949823
0.12373300455857668,0.13599222698448654,-0.23866320723349416,0.136510286020553,-0.1791211028186625,0.13603291211591523,-0.15770252933086804,0.14034649348120645,-0.08561483888364324,0.134967760891995,0.15191604017990382,-0.213082232513272,0.24999999999999994,-0.23748700542491907,0.18675369876591433,-0.17713078667732732,0.165070261257589,-0.10997702549921179,0.09893243564697404,0.1020902207303383,0.09139999559313136,0.18155548996165294,-0.1490917668815199,0.21613278194028618,-0.14053016866297605,0.17088260804661493,-0.11633614096654105,0.13033753071458604,-0.11003311205018212,0.13467504931179686,0.13490286303542512,-0.0833831936306604,0.1305474248137261,-0.05731499914327791,0.11769815344393404,-0.0015915806021519782,0.08354385049125763,-0.012009286272729909,0.07151887843996549,0.11303532009851996,0.09164226447629957,0.0567887786528895,-0.033923583982841794,0.04144341971031988,0.03476956238197291,-0.02059010907971729,0.05258932156380294,-0.00470763255015012,0.02771805379725367,0.11278272726102885,0.13354498432795123,0.13475217715933274,0.02982113474399198,0.13358370439734002,-0.036866633812134966,0.13459181090793798,-0.05503400218951749,0.12694173665174935,-0.03502071433822054,0.1349678119749585
-0.11229304827554475,-0.12386240002230527,0.2270824276053815,-0.12437056275183642,0.1676524929794899,-0.12388911554571774,0.14723155265241017,-0.12824953088177254,0.07796446310613393,-0.1228127683603938,-0.14120411469195684,0.2147325117097762,-0.23748700542491907,0.25,-0.1766566821196832,0.17125849426174422,-0.15523812242772214,0.10317604866568789,-0.09154091168731703,-0.09466650959554113,-0.07933260325303067,-0.1930396468958764,0.16071207250153527,-0.22782285005007144,0.15229185956591643,-0.1684647492774477,0.12028660350406138,-0.12471251088584065,0.10919756850212885,-0.12347346283733651,-0.125643312195531,0.09513843910990163,-0.1421927271565728,0.06912378953720545,-0.12944233983415884,0.013512956884381961,-0.09089470019577785,0.021651414276224135,-0.075663590315789,-0.10159763237253598,-0.0795692860455974,-0.06855485185900147,0.04577604017902134,-0.05325871021296217,-0.022793718420429945,0.008663148979912869,-0.04058344259255007,-0.004056606163914905,-0.019118362518154172,-0.1041232925867708,-0.1217421302291869,-0.12259976419438698,-0.0415750308875179,-0.1214312046848261,0.025041338285681863,-0.12243754743991013,0.04320799576061885,-0.11480105408557449,0.02649179760931056,-0.122812826138594
0.18340755971186629,0.19672167035216212,-0.18467529771468927,0.19759433394599366,-0.2385159480223544,0.19717702993207906,-0.21578441349618183,0.20140857593462394,-0.13872778951697767,0.19613279340890855,0.19093486323511308,-0.151430827144597,0.18675369876591433,-0.1766566821196832,0.25,-0.2143273924187893,0.22043956665642317,-0.155128678787152,0.14782175037635173,0.136592258203033,0.15253120175582663,0.12072693371837935,-0.08816284486372594,0.15557261785254417,-0.07973758124554296,0.18688553937320512,-0.09815289264280695,0.16820589533202032,-0.12047944526738363,0.19292589870433471,0.18123132248656712,-0.022406976169406775,0.06970483105424746,0.0036894622952613736,0.05691601148563362,0.059444932571421666,0.0470563395166308,0.0364703645589819,0.05383848011959887,0.1703461549714907,0.1527519280646473,-0.004013381985175484,0.02710656257327731,-0.019459285043247083,0.09585325444076352,-0.08154178967199391,0.11367749531333152,-0.048849124071821126,0.07101097219923311,0.1563476180603934,0.19293045669687567,0.19590566771718343,-0.030669287552151432,0.19474738564040897,-0.09716278157925784,0.1957561110127546,-0.11518110276521505,0.18810033379070545,-0.07793732452384988,0.19613267363972667
-0.149985650112042,-0.1617616837731511,0.17110946777255484,-0.16255752696137038,0.20554523648445516,-0.16212987532215842,0.2046769489573188,-0.16651356694571093,0.1518213617624678,-0.16105421994728833,-0.16086937004065807,0.14535782960052376,-0.17713078667732732,0.17125849426174422,-0.2143273924187893,0.2499999999999999,-0.2188024086424625,0.17319623773723605,-0.1644832757118972,-0.10526601389940167,-0.12014719187465635,-0.1240430432911096,0.10728048856261205,-0.15896576013988706,0.11240675870514752,-0.219214822038566,0.13160444989036565,-0.18695830770191557,0.14491929085266742,-0.16687051804601552,-0.1532162082330742,0.05078198318723353,-0.09286814680245807,0.029472386093038715,-0.08942428996249521,-0.02537753588263194,-0.08057842595948349,-0.0024174281463274247,-0.08310644506275211,-0.13576338931747187,-0.11832531006159666,-0.026929795865430234,0.006349718136900042,-0.013855020006082488,-0.06152032386102699,0.04738185403171168,-0.0792131690494782,0.018947349992179886,-0.04266665772800834,-0.13213643869570993,-0.15892637738183849,-0.16083461126281764,-0.002526527788897914,-0.15967864358162656,0.06326357595205466,-0.16067997330409822,0.08123317205301692,-0.15308087958562455,0.050067466208931134,-0.1610535935128689
0.17890710820976047,0.19167366952161843,-0.16266247679651588,0.19235888698868378,-0.21761501078225395,0.19245608115929416,-0.2347035203754067,0.19683482197520907,-0.1625581328563461,0.1913824202962201,0.18387693614449024,-0.13017570291156458,0.165070261257589,-0.15523812242772214,0.22043956665642317,-0.2188024086424625,0.24999999999999975,-0.17803851927912046,0.1718050217091706,0.12778101595172664,0.14958091856240954,0.10366719893526279,-0.08222452701309842,0.13854905150915925,-0.08243197403932788,0.19003848593332978,-0.10194239795648272,0.18714944929541216,-0.13370062036267524,0.1925787262547983,0.1766656781991847,-0.022602348133358333,0.06661628267616534,0.0004758666267596734,0.05962087979703551,0.05551486004811144,0.05081440434269518,0.03242172596419903,0.06229142381852725,0.165337912500013,0.1484759550849349,-0.002107486061182962,0.02365930470736481,-0.016079849336201903,0.09170979373746911,-0.07749181205895586,0.10942602261893532,-0.045304993876999315,0.06755526430976073,0.15300736552691396,0.18831136011758523,0.1911570420015814,-0.027225537394689994,0.1900050328075862,-0.09305980973275703,0.19100766137896638,-0.11097692381264768,0.1833982114552306,-0.07450646295037873,0.19138192896843448
-0.1115750183866037,-0.11990449850429002,0.10505775651906078,-0.12052517171891336,0.14932183805149243,-0.12052959447171016,0.16399915272771393,-0.12491552275208707,0.22171925769501596,-0.1194558010748567,-0.11456578857285869,0.07643115439435615,-0.10997702549921179,0.10317604866568789,-0.155128678787152,0.17319623773723605,-0.17803851927912046,0.2499999999999999,-0.2359929884404827,-0.0569718212513975,-0.09323586521100563,-0.057374011675093574,0.046893391128393726,-0.09112985157747787,0.09692214456350864,-0.17434375978998912,0.13382943897118166,-0.21429720603045202,0.16477099983951166,-0.1355392931697844,-0.10973931741425276,0.028557411046886215,-0.040178138968364537,0.034287566796478444,-0.08123826285210353,-0.005577758192933649,-0.08792402474227878,0.01619275284251811,-0.10045812825076866,-0.09697493335745215,-0.08591902623909282,-0.021609671370123287,0.016441773024965953,-0.022461855576126736,-0.036052714971752296,0.024232789992327676,-0.05087591464988248,0.00013962838752656836,-0.021099788141242914,-0.100504906035629,-0.11810138497278384,-0.11927491327131784,-0.01318594672941064,-0.11830195146864736,0.03772623998378941,-0.11914104592497995,0.05281845212988945,-0.1127733538773059,0.02763633145983167,-0.11945405159081852
0.10611402383086543,0.11393526235806083,-0.09425513971619644,0.11454712531824911,-0.14226953415799012,0.11458651439370814,-0.15795218899684338,0.11897197535315672,-0.2353718999027767,0.11351313471689822,0.10764311956986092,-0.06468480775368687,0.09893243564697404,-0.09154091168731703,0.14782175037635173,-0.1644832757118972,0.1718050217091706,-0.2359929884404827,0.24999999999999994,0.049888796808628906,0.08967918744083586,0.045874626782274094,-0.03713986799165062,0.07925287882586309,-0.0857845189227032,0.16187530817915052,-0.12278249162131935,0.20106920351891108,-0.1533913249148157,0.12913013125406436,0.10346367545241279,-0.021410644737284927,0.03129954718871182,-0.027431528458157023,0.07104808989563201,0.009008601015254405,0.0791209839388146,-0.012222646856760864,0.09210368687138575,0.09254020462509273,0.08280427513392889,0.015467590848229759,-0.011072991995275894,0.01660022172028074,0.03704537410449233,-0.026200527183291557,0.05063495056398826,-0.002607034506452478,0.021859898503969098,0.09505861158882334,0.11215966682394682,0.1133461979655961,0.008124537548188298,0.11245487253023245,-0.03852871870713143,0.1132241760658988,-0.05235492981608872,0.10738604674050782,-0.02785151275392662,0.11351116935646233
0.17512573539605317,0.18512971251125404,-0.10826058346310918,0.18489195831256167,-0.14030432512770516,0.18527060521402666,-0.13654672472635515,0.18088337210427863,-0.06015695334959217,0.186347040349399,0.16883613158740507,-0.07929397696282116,0.1020902207303383,-0.09466650959554113,0.136592258203033,-0.10526601389940167,0.12778101595172664,-0.0569718212513975,0.049888796808628906,0.24999999999999978,0.15314609685805225,0.05681523010798755,-0.030696795114490503,0.08015986805734851,-0.015408379087585062,0.08456523118881233,-0.019658845857632088,0.07195307208166729,-0.03799704251422488,0.1678463125419905,0.16606994921956827,0.022190211994412158,0.016228949254972452,0.045311178978065116,-0.001298735910609029,0.08683602808521593,-0.013954349702567119,0.07261117926546,-0.00888998462207465,0.16801336461717742,0.15435501731020387,-0.04345044360245529,0.06253784427583882,-0.05684579931266608,0.11323595080246386,-0.10271587740767443,0.12623106843640916,-0.07545263059475502,0.088941099363517,0.14341451561600368,0.18262500478640478,0.18617398680936253,-0.06476570496012607,0.18533772172585697,-0.11361518682029381,0.18607302220801755,-0.12664418903476277,0.18049170057475525,-0.09319854546866184,0.18634774799410597
0.19455640245823752,0.2049966228940121,-0.09870786159744313,0.20481266475154838,-0.1565926118236781,0.20530214385109835,-0.15752440447430535,0.20091700930627812,-0.09959648564793623,0.20637922056666919,0.18202839976974758,-0.05491783702423271,0.09139999559313136,-0.07933260325303067,0.15253120175582663,-0.12014719187465635,0.14958091856240954,-0.09323586521100563,0.08967918744083586,0.15314609685805225,0.2499999999999999,0.023531410482484694,0.007613094332324166,0.05858291636540922,0.0066549567393136165,0.09620535723885278,-0.02035582585737164,0.09988399147187091,-0.052268244494436136,0.189413990492813,0.1787580942866072,0.05785805706857605,-0.0229497103147164,0.07589637318130595,-0.026407779036773896,0.11343065136969831,-0.023668798090380715,0.08822305530345043,-0.008801259576964331,0.18633651458642425,0.1770840822471769,-0.07607678928503772,0.09250131589834122,-0.08718876682861418,0.13939843396036347,-0.1296914718561873,0.15129432014367905,-0.08998887282968927,0.10297902375468782,0.1575865290835557,0.20200347430949878,0.20621372907352423,-0.09422577865656713,0.2054542247245114,-0.13929072936990894,0.20612775269393727,-0.1511290443999417,0.20101474034530264,-0.10694709923122933,0.20637959199840566
0.05977101819507784,0.06812900141067829,-0.1717531489780159,0.06857756763660847,-0.11262990444958647,0.06809616952326498,-0.09563199742273773,0.0724488476784625,-0.032644518882307696,0.06702209449293942,0.09098633286965599,-0.2172224600853904,0.18155548996165294,-0.1930396468958764,0.12072693371837935,-0.1240430432911096,0.10366719893526279,-0.057374011675093574,0.045874626782274094,0.05681523010798755,0.023531410482484694,0.25000000000000006,-0.21352660391606673,0.2002379597700817,-0.16895935012181248,0.1273500233650689,-0.10823335515880404,0.08020047618180778,-0.08242712867849548,0.06942152215737805,0.08237688693593007,-0.14708297232447057,0.19357413448442104,-0.12129412241680937,0.1601163293746518,-0.06301286010851392,0.0987377161272378,-0.04892187882913124,0.07144320769837274,0.05155078972524847,0.024600168810734565,0.1207185426363276,-0.09837029742172716,0.10560524785895248,-0.03106226608507604,0.04481583275307523,-0.013599350576981266,0.031530504491135716,-0.01056250366646836,0.062330219500895026,0.06737850085031011,0.06682301014391623,0.09376715957294997,0.06566748891047991,0.028181046252797826,0.06665453925448807,0.010217044055535297,0.05916531442200953,0.003645231410948585,0.06702233353741976
-0.029272085843661082,-0.035491929312744946,0.13966038531908648,-0.03590969758274487,0.08074575901483254,-0.03542678917076698,0.07291005870479982,-0.03979999190956909,0.024166894612274108,-0.03435026945084394,-0.05806094566277465,0.18188633409575575,-0.1490917668815199,0.16071207250153527,-0.08816284486372594,0.10728048856261205,-0.08222452701309842,0.046893391128393726,-0.03713986799165062,-0.030696795114490503,0.007613094332324166,-0.21352660391606673,0.2499999999999997,-0.18237497684521195,0.18470685386805413,-0.11474472632249844,0.10962478060585652,-0.06640166082582731,0.076814508447447,-0.0399890882788858,-0.05772582237367293,0.18218602652348256,-0.22893368748041165,0.15629710183965817,-0.1835984873109971,0.09521444662802384,-0.10982352575715633,0.06901646151574843,-0.07635727125770389,-0.021505949558892724,0.008581804256586802,-0.15552537092223964,0.13311560889433754,-0.14037371791388395,0.06500191965218917,-0.07886805334742858,0.047303707609289404,-0.05076550409183815,0.030265713756064374,-0.03841412701661827,-0.03561618632969453,-0.03415451992208401,-0.12815209619593385,-0.03297800110853633,-0.061655752231240014,-0.03397791611881202,-0.04336761637398405,-0.026391627555497194,-0.023362850493412555,-0.03435032211944036
0.09255416625669663,0.10287480454188591,-0.20597727974557165,0.10336132661529691,-0.1469621325023564,0.10288023367967568,-0.12984114335012398,0.10723783425082227,-0.0658178236450915,0.10180537383406067,0.1215649909711083,-0.20849399982618805,0.21613278194028618,-0.22782285005007144,0.15557261785254417,-0.15896576013988706,0.13854905150915925,-0.09112985157747787,0.07925287882586309,0.08015986805734851,0.05858291636540922,0.2002379597700817,-0.18237497684521195,0.2499999999999999,-0.1739747336084292,0.16007449676736166,-0.12513340043284274,0.11334367196249895,-0.10636358917924998,0.10399684698063617,0.10981804147510997,-0.11666169283475031,0.16378558257353434,-0.09059930237034207,0.15104448645820423,-0.034857222021335246,0.10285569985900374,-0.038112346782156664,0.08193799754959004,0.08190428710868067,0.05846355510252375,0.08995283640606007,-0.06719732942582651,0.0746559523502885,0.0015397999371984665,0.012583573412191686,0.019377149058635853,0.019068866705528268,0.004375889785565374,0.08914533563075304,0.10134789558954178,0.10159573699891655,0.06279617549296175,0.1004204145080567,-0.004068058308765565,0.10142930654165128,-0.022336740675638324,0.09377381928290345,-0.011878208826473368,0.10180542044506319
-0.02130957281406294,-0.02702925297821179,0.1311034184353307,-0.027439045143627317,0.07257778642992754,-0.0269558937864601,0.07058943947685899,-0.0313409982964385,0.07252132826285777,-0.025878792350658767,-0.04772513107653011,0.15399364805878984,-0.14053016866297605,0.15229185956591643,-0.07973758124554296,0.11240675870514752,-0.08243197403932788,0.09692214456350864,-0.0857845189227032,-0.015408379087585062,0.0066549567393136165,-0.16895935012181248,0.18470685386805413,-0.1739747336084292,0.2499999999999999,-0.14140223940591712,0.16438236390660743,-0.11947803903338666,0.1325081379595988,-0.042292972286852346,-0.04464835333245673,0.16393843591730722,-0.1800265462218069,0.16512612445650823,-0.22500855694767627,0.11058459671068548,-0.15937771615489252,0.10411489200578447,-0.12798497141268486,-0.008675196556278296,0.015885809425126,-0.15244235808305104,0.14198614752030425,-0.14924605283138095,0.07423415575118171,-0.08818704409065871,0.05641539142167143,-0.07813521765957035,0.052688505226282344,-0.035927665491676856,-0.027658018861380196,-0.025682843155725124,-0.1369564098578038,-0.024495356209162912,-0.07072139409548006,-0.025502952965487977,-0.05228250204736886,-0.017858535075264408,-0.04447849417583928,-0.025878174443020117
0.12450830594331079,0.13502888059332432,-0.16381624008419954,0.13573938380459952,-0.17859282153031344,0.13531234219851454,-0.17682570985456775,0.13968325301915593,-0.1481769348934068,0.13423951452556743,0.13814176909105544,-0.14362588018387684,0.17088260804661493,-0.1684647492774477,0.18688553937320512,-0.219214822038566,0.19003848593332978,-0.17434375978998912,0.16187530817915052,0.08456523118881233,0.09620535723885278,0.1273500233650689,-0.11474472632249844,0.16007449676736166,-0.14140223940591712,0.24999999999999978,-0.16043262032874134,0.1933209240153978,-0.1598080795791194,0.14504663881614807,0.13062104765190363,-0.06972551284745603,0.10277641078204211,-0.057198782848801505,0.1174815960705874,-0.0024432652440603427,0.10906649389568562,-0.025526308834512557,0.10488091367908929,0.1092972626544743,0.09173177021377464,0.050526816888341416,-0.034020449607350546,0.04150837820640194,0.0339640076553335,-0.01977549333095108,0.051789760227767996,0.0054626512542504104,0.019809407830716188,0.11391449449906203,0.13295862826384666,0.13402339425729007,0.02993584801726053,0.13285358366149286,-0.03608893593032993,0.1338624645889523,-0.05426432881830265,0.12620652495193438,-0.027688767622854753,0.13423875110134037
-0.040195275478932944,-0.04581971165679832,0.10852144429202082,-0.04635689103200237,0.09089848461411246,-0.04590169800751492,0.08949042684915429,-0.050286740764322636,0.10949298701556381,-0.04482548888401182,-0.05695843090187004,0.10925389685518945,-0.11633614096654105,0.12028660350406138,-0.09815289264280695,0.13160444989036565,-0.10194239795648272,0.13382943897118166,-0.12278249162131935,-0.019658845857632088,-0.02035582585737164,-0.10823335515880404,0.10962478060585652,-0.12513340043284274,0.16438236390660743,-0.16043262032874134,0.2499999999999999,-0.16442695676146235,0.18291674679799647,-0.06305272627127317,-0.05190796674232701,0.10248060743573902,-0.10554289307987914,0.11800120444063561,-0.15611048083003565,0.09170975500825404,-0.19797326268357132,0.11470388823208229,-0.16994875117594527,-0.021791248398021722,-0.008993185769373623,-0.10044235792146133,0.10218707219598756,-0.10829687142000353,0.05534719408787392,-0.06936131147787832,0.037541760903494995,-0.0851982660107322,0.05617198853548918,-0.052330465853512524,-0.04597623521182166,-0.044633836558062176,-0.09764185527823029,-0.043440826333362784,-0.052032018866376935,-0.044448988217100194,-0.03365141084704765,-0.036799678660313834,-0.04700697639017679,-0.04482453911535859
0.1216200356073204,0.1308269715071963,-0.12498634347423986,0.1314599627199794,-0.16191332650540913,0.13140620821190746,-0.17334292869346904,0.13578260026973588,-0.18698445555605495,0.13033366959881112,0.12737776462838948,-0.09925104273431548,0.13033753071458604,-0.12471251088584065,0.16820589533202032,-0.18695830770191557,0.18714944929541216,-0.21429720603045202,0.20106920351891108,0.07195307208166729,0.09988399147187091,0.08020047618180778,-0.06640166082582731,0.11334367196249895,-0.11947803903338666,0.1933209240153978,-0.16442695676146235,0.24999999999999958,-0.19623848638231292,0.1473095817656726,0.12138761515598454,-0.04407155007887687,0.05810086497053696,-0.05089649947188709,0.10303023172692245,-0.006343289463293749,0.11301441887882187,-0.029483419302620315,0.12450281332220921,0.10417193220783383,0.09068263874969129,0.035880484641475405,-0.030385756425585764,0.03744431087111777,0.030064702402175045,-0.015878366837065103,0.04788730247435525,0.009215138813690505,0.016001917010594485,0.11127828210427856,0.12904529100532708,0.1301205312804066,0.02639033625916528,0.12894735223768924,-0.0322503607933878,0.12995618478734391,-0.05042955925970479,0.12230056619934343,-0.023912698294084357,0.13033243763187777
-0.07080354851527643,-0.07737262845648174,0.10367964483743775,-0.07793317098075352,0.11408191207589106,-0.07772242098458942,0.12074957763474621,-0.08210391676575833,0.13986370507270923,-0.07664797234575554,-0.08091878944988577,0.09183897239197103,-0.11003311205018212,0.10919756850212885,-0.12047944526738363,0.14491929085266742,-0.13370062036267524,0.16477099983951166,-0.1533913249148157,-0.03799704251422488,-0.052268244494436136,-0.08242712867849548,0.076814508447447,-0.10636358917924998,0.1325081379595988,-0.1598080795791194,0.18291674679799647,-0.19623848638231292,0.24999999999999972,-0.09533349537111521,-0.07581838659646839,0.07015988115324394,-0.07141823927378525,0.0845570723282686,-0.12227975213128946,0.05941843835685505,-0.16184709549922943,0.08285251840594712,-0.17762475832317798,-0.050546605689148864,-0.04072862054272181,-0.06948356412867783,0.07033374742559799,-0.07651135631841192,0.023450270740537578,-0.03751710226518377,0.005660036395200313,-0.05673105326421968,0.029255594302591833,-0.07423277081131834,-0.07683053595673614,-0.07645042478272093,-0.06606697066563853,-0.07526417973449383,-0.020550395155502835,-0.07627149016285616,-0.002272030385227039,-0.06862807597385484,-0.020568974745974588,-0.07664689776507773
0.21713392433458362,0.2299392469651346,-0.13949250216405418,0.2299355886930616,-0.1946838750947657,0.23034018092424324,-0.19651321747652958,0.2274914448494032,-0.1343887013976396,0.2310399107254056,0.2101179807151411,-0.09873307056188083,0.13467504931179686,-0.12347346283733651,0.19292589870433471,-0.16687051804601552,0.1925787262547983,-0.1355392931697844,0.12913013125406436,0.1678463125419905,0.189413990492813,0.06942152215737805,-0.0399890882788858,0.10399684698063617,-0.042292972286852346,0.14504663881614807,-0.06305272627127317,0.1473095817656726,-0.09533349537111521,0.2499999999999997,0.2061440453931384,0.018626759330322217,0.023328352531249843,0.039435270725845004,0.02074495779219762,0.09439771666432287,0.01240719550481783,0.07125923655136975,0.02387986586176445,0.20486122996156575,0.18806082813392688,-0.04194192208479266,0.06264072124631133,-0.054956627856659154,0.13079031524361964,-0.11641301189365712,0.1486075513088598,-0.07921276069844498,0.09957403996759642,0.18035732927115314,0.226721168725086,0.23080681031288316,-0.06588071865588019,0.22965515677879633,-0.13163928005832787,0.23066347064133552,-0.14956327238543315,0.22301022718542038,-0.10595449984840086,0.23104006919723927
0.20843108258765228,0.22089336114345864,-0.13985178502118312,0.22081798408660175,-0.18339096556111933,0.22119034087419262,-0.18226483996566373,0.21786746923854122,-0.11015738113545898,0.22200588042486719,0.2034348416938295,-0.10634998184628697,0.13490286303542512,-0.125643312195531,0.18123132248656712,-0.1532162082330742,0.1766656781991847,-0.10973931741425276,0.10346367545241279,0.16606994921956827,0.1787580942866072,0.08237688693593007,-0.05772582237367293,0.10981804147510997,-0.04464835333245673,0.13062104765190363,-0.05190796674232701,0.12138761515598454,-0.07581838659646839,0.2061440453931384,0.24999999999999975,0.004069461842375381,0.04214397719459161,0.030076469423265702,0.0254967251751952,0.08631630704595826,0.008272997441846262,0.06979028099850147,0.01401420798149247,0.19757863435707235,0.17863520150068343,-0.029819903044333948,0.05307061141028785,-0.0453762133903084,0.12178131346889039,-0.10742524476337098,0.13959906299908845,-0.07694752669728834,0.09647325704771664,0.173213352494437,0.2179024020935766,0.22177448181778392,-0.056405140023452295,0.2206217072914212,-0.12273948572924182,0.22162979953868933,-0.1406863159802952,0.21397839073116576,-0.10266111957408146,0.22200626601734702
0.03199896730004477,0.030219000651412056,0.07451876564634179,0.02986566404230008,0.01598048487585127,0.03035030764193007,0.012652105996008987,0.025969301041592372,0.009041446767741821,0.03142717535691571,0.007666161977327366,0.11612533552135204,-0.0833831936306604,0.09513843910990163,-0.022406976169406775,0.05078198318723353,-0.022602348133358333,0.028557411046886215,-0.021410644737284927,0.022190211994412158,0.05785805706857605,-0.14708297232447057,0.18218602652348256,-0.11666169283475031,0.16393843591730722,-0.06972551284745603,0.10248060743573902,-0.04407155007887687,0.07015988115324394,0.018626759330322217,0.004069461842375381,0.24999999999999978,-0.20186271858733038,0.2074399605149895,-0.1804707077596283,0.15265854026234638,-0.12407175633103003,0.1022991426063135,-0.08817023132211428,0.038847416705814077,0.07456686320459933,-0.222076833829148,0.19979224129060982,-0.20694066391496596,0.13149343712054037,-0.14533147644008615,0.11364596323447368,-0.0840173724321477,0.0656829239951308,0.01060262242178222,0.02841830884273498,0.03161264940183052,-0.19419935148039696,0.032809574815460346,-0.127283960089584,0.03180226429386575,-0.10868340014969143,0.03944359249875473,-0.05916671486891626,0.031427462138565974
