x1,x2,x3,x4,x5,x6,x7,x8,x9,x10,x11,x12,x13,x14,x15,x16,x17,x18,x19,x20,x21,x22,x23,x24,x25,x26,x27,x28,x29,x30,x31,x32,x33,x34,x35,x36,x37,x38,x39,x40,x41,x42,x43,x44,x45,x46,x47,x48,x49,x50,x51,x52,x53,x54
0.25,0.14473915286200661,0.18850713730234306,0.20993172186356202,0.21102619016915597,0.1484929725907825,0.21095218159984602,0.17229307955676462,0.18065051675925528,0.2113490682196747,0.20057955293865945,0.18987607216102517,0.2117035542723326,0.1576822668436443,0.2116051626924118,0.2033675507269829,0.20861592462981257,0.2117609106867978,0.21177033763812303,0.21081671932608745,0.21143991956258684,0.21129576922341603,0.14863572409679118,0.21155478177933584,0.14455675883478908,0.19126841317310284,0.18685557394293853,0.048845513795447104,0.058860819809698796,0.07379200679081425,0.03480165849925463,0.07941122512549531,0.21197515136605058,0.21129491038296938,0.211793246881132,0.14776062927860098,0.21194466172863968,0.14966315572220265,0.1488450602625442,0.2122388951406102,0.07218352311743337,0.21111049065161153,0.052683357153118004,0.008951556223576553,0.2112365937490542,0.059186298265315296,0.08145479665078073,0.21129046130487825,0.0797964202772648,0.2115087836419821,0.03377983927116787,0.0554272094105902,0.07277614093516047,0.0467024164560873
0.14473915286200661,0.2500000000000001,0.1524418116927422,0.1700982995719109,0.17218183811961632,0.1214099821389547,0.17211024683556714,0.12108474442016923,0.17526509400555554,0.1723506335593709,0.16076745895248182,0.15354740059402514,0.1727548854793979,0.1258647889394686,0.17225615406196276,0.16872976678218501,0.1710786308959311,0.17270579431306846,0.1727269729215364,0.17187504552808414,0.17215202775455637,0.17271892713930267,0.12684301430618353,0.17173519157956002,0.11898046446985641,0.15414169583312942,0.15073673379339989,0.048520120222823405,0.003647548102494629,0.058720383103631944,0.027015022293283533,0.06253257806878554,0.1729725023919005,0.1723906576798799,0.17283979862672896,0.12527416340994468,0.17277966431220182,0.12648723382309032,0.12299394011536409,0.1731639140791655,0.07716592122254652,0.17185491611815784,0.03480081313975163,0.002106640944366165,0.1723658204986312,0.04205402762006566,0.06821876713816723,0.1724997922600152,0.052648721654206185,0.17254126731992298,0.023431592983231633,0.0408541745052578,0.0628847036697889,0.04129763689397164
0.18850713730234306,0.1524418116927422,0.2500000000000001,0.21827349870541626,0.22048460338470188,0.15661343766782637,0.22048554325555014,0.15027514189783436,0.1887866900404425,0.2208824482322469,0.2086403676881813,0.1986995673340244,0.22123061865014573,0.16319947077416672,0.22047743035427977,0.21277726161867144,0.21754379087781484,0.22152354045112838,0.2212664787558298,0.22028405388080954,0.2205825231146866,0.22087157035247998,0.18059822344415602,0.21972923754104473,0.1509326310478713,0.20010173935126033,0.19559306226351672,0.0771742464970935,0.061596896316418376,0.05882564868115157,0.033122825106573606,0.0802015785626311,0.22150678476242264,0.2207484010452154,0.22134843731510404,0.1637398313645971,0.22143992388462178,0.1507071974242844,0.1563706090578548,0.22177463183983395,0.09662299803176172,0.22058027044214146,0.03393478019617389,0.01029611132648144,0.22072528124061633,0.06367313368529279,0.08487087011624407,0.22095054878229994,0.08885710868491643,0.22086802984802276,0.03255369539299045,0.0591952668219473,0.07267257302420288,0.0513449006276388
0.20993172186356202,0.1700982995719109,0.21827349870541626,0.2500000000000001,0.24029797251498303,0.1745690628972628,0.24028690945707742,0.16912645793404502,0.20954358963376027,0.24065018039573616,0.23097539250270138,0.21949571229835083,0.24106047873763797,0.18118630063971256,0.24054123367289715,0.23263409412680333,0.23834953528999936,0.24118994199528643,0.24123009471881487,0.24016351153185575,0.2403232215308251,0.24065985948565818,0.17575319619858698,0.24156967612999378,0.17094720692973164,0.2207398535020366,0.21604044282209645,0.08046057815640063,0.06397528199011489,0.08025611685644592,0.031696350109124576,0.08541693102955922,0.24133562995590727,0.2405446591563272,0.24125449189779596,0.17737839901503274,0.24131916593866717,0.170534939115924,0.16787375740727492,0.24163102243202048,0.10169155155588691,0.2403213628159586,0.05669116920586446,0.005055719474147814,0.24052961517160915,0.06200300448837846,0.09108685838020099,0.2407480257732416,0.09409658838203165,0.24077777683620463,0.03418960565521039,0.058493442229090364,0.08072019079249279,0.05444468967259094
0.21102619016915597,0.17218183811961632,0.22048460338470188,0.24029797251498303,0.25000000000000006,0.1766356093822684,0.2460914007554017,0.1710395465547175,0.21204804501502456,0.2465265601435592,0.23056245473393538,0.22304069633955978,0.24696263985081268,0.18362755268631167,0.24594543266885013,0.2380432156249219,0.24181851661039308,0.2470559806741061,0.24697624147381367,0.2459856857201497,0.24623574435976928,0.24659153890346433,0.17813962298806427,0.2420797619965926,0.17277619650512963,0.22401662354223056,0.22013632036811562,0.08415562826300182,0.06774865567347393,0.08409241435312409,0.038096680087222265,0.08995952321879466,0.24726366075304065,0.24643961054046926,0.24715302788266671,0.18273001148601914,0.24720465708351477,0.17577677599846067,0.17381658582692425,0.24757376987991853,0.10638943830398248,0.24620817561129757,0.060504367430139885,0.011212270849395406,0.24640617447874244,0.06663673835973641,0.09510614414098176,0.2466540962760963,0.09815850316565672,0.2466802790638033,0.03886119986633962,0.0633522209082752,0.08430602769586829,0.058846109649761266
0.1484929725907825,0.1214099821389547,0.15661343766782637,0.1745690628972628,0.1766356093822684,0.25000000000000006,0.1766109689439332,0.1206590778633132,0.14959708339678054,0.17679572788592046,0.16696635668495816,0.15819268979507253,0.17733307842203078,0.13074387931628964,0.17661090621825637,0.17171533656178378,0.17472277440076656,0.17736257697998228,0.17730082818391313,0.17629844259044117,0.17664945141403182,0.1769129542818874,0.124646717827833,0.1759904433134997,0.1235039008761237,0.1737023298472617,0.15495967356984391,0.05813818803665447,0.04331546227352176,0.06688564841903936,0.022391066029496722,0.07110486871104771,0.17738021485265226,0.1768533860663681,0.17737046071658896,0.134668537446384,0.17739067312595916,0.12399660005729574,0.13009970708007298,0.17765213455324325,0.07915629556945113,0.17665144480694697,0.04259368510046789,0.00816514004975066,0.1767548692637106,0.013828183179502384,0.06942625145228193,0.17699109110362363,0.07321729167247663,0.1770733264329976,0.03237824305466874,0.03953526962475927,0.0452789413248757,0.03974729676629235
0.21095218159984602,0.17211024683556714,0.22048554325555014,0.24028690945707742,0.2460914007554017,0.1766109689439332,0.25,0.1710819088626101,0.21209515631456885,0.2465477293033744,0.2304706177805459,0.22307356436228928,0.24698350656756332,0.18366398449404253,0.24596123183605673,0.23807411265716127,0.24181990897441547,0.24707668265230512,0.24699579966852742,0.24600224281688463,0.24625625027070702,0.24661114767420958,0.17821424149515247,0.24204990629433018,0.17271834101776934,0.22410161756666608,0.2201822403093479,0.08419937818856083,0.06783423581857119,0.08409675824942378,0.03822120854107323,0.09014322138840168,0.24728330238231405,0.24645885995644926,0.24717215455996092,0.18274889720712015,0.2472254862713177,0.17583170706090304,0.17392859819543582,0.24759382659809084,0.10644850330544008,0.24622859374221284,0.06044767303207277,0.011326781076907991,0.24642639908643169,0.0665630863928421,0.09515031579623846,0.24667400214167615,0.09815167072935888,0.24670028816853332,0.03895486472417469,0.06354643744549457,0.08430836843080446,0.05888663691204686
0.17229307955676462,0.12108474442016923,0.15027514189783436,0.16912645793404502,0.1710395465547175,0.1206590778633132,0.1710819088626101,0.25000000000000033,0.14542459071690256,0.1714285757624583,0.15961809070323812,0.1537460467492104,0.1717875254454827,0.12466266359721336,0.17168094151373015,0.17142567584398244,0.1708016709900389,0.17175628896674244,0.17175782865978356,0.17091622836177778,0.171687584088648,0.171438209907691,0.12652577560279096,0.1707669510248232,0.12601122363552855,0.15457391027392614,0.15000336010254822,0.021493811239640205,0.03767278124513977,0.06278123336733991,0.023702031296572314,0.06491978713875873,0.17197447776916777,0.1714178784404342,0.17179420666145556,0.12626444658517222,0.17191873430381593,0.12750487493597087,0.12359289381661916,0.17219673791715007,0.054353838783299496,0.1712007226503937,0.0339260470194809,0.0008639748071974771,0.171342102982832,0.04418376453783903,0.07047274952011592,0.17132744251931145,0.06567743671968367,0.17157051837968026,0.01974931806357294,0.03530399124957613,0.06136289906198466,0.04063694791186881
0.18065051675925528,0.17526509400555554,0.1887866900404425,0.20954358963376027,0.21204804501502456,0.14959708339678054,0.21209515631456885,0.14542459071690256,0.2500000000000002,0.21244195400202306,0.19966901463146783,0.19055275976193628,0.21286211483739584,0.15563730510648624,0.2123722445571323,0.2041195618327773,0.20938114476432432,0.2128556191219096,0.21282489577714742,0.2118809524101214,0.2122205516825442,0.21284085176437134,0.15079589638615903,0.21100977258952702,0.14429641632726556,0.1919216199582053,0.18749679655117768,0.07344863354256048,0.033799006533259096,0.07129783622993457,0.03452728826130265,0.07914369498669054,0.21313993888242505,0.21240854091839434,0.21296571312423118,0.1487037490744239,0.21297275375351551,0.15207445650297205,0.15074635041399606,0.2133718269721728,0.08814658490780655,0.21196910327911822,0.052328803142623566,0.00789753477729719,0.21236349412114097,0.05993792276194936,0.08276175966234124,0.2126105347604263,0.06484893524953707,0.21260537631160267,0.035105806236190217,0.05537174423044286,0.07374570160665762,0.051665399271771786
0.2113490682196747,0.1723506335593709,0.2208824482322469,0.24065018039573616,0.2465265601435592,0.17679572788592046,0.2465477293033744,0.1714285757624583,0.21244195400202306,0.25000000000000006,0.2309047980011431,0.22341865861198026,0.24742285059116972,0.183897733170425,0.24639574110010984,0.2384842550719333,0.24222424485789273,0.24751948953268507,0.24743000326852307,0.24643880455818612,0.24669845558373063,0.2470528417617911,0.1790932719942411,0.24243640118184284,0.17285284886962468,0.22441883762734868,0.2205050933419774,0.08433966978950294,0.0680637474761248,0.08385927952998169,0.03838213732879712,0.09044347158502698,0.24772292334894747,0.24689617705500672,0.2476076311508667,0.1831082413065125,0.24766346242130424,0.1760614250076896,0.17433039060620803,0.24803390984424806,0.10666298021699831,0.2466668181966623,0.0600703557608638,0.011469013098151458,0.24686234789320355,0.06692399856250554,0.09543648825185994,0.2471110533715344,0.09838206521210655,0.24713526810132183,0.0388929213367902,0.06376940119674591,0.08444480855618935,0.058960090748949374
0.20057955293865945,0.16076745895248182,0.2086403676881813,0.23097539250270138,0.23056245473393538,0.16696635668495816,0.2304706177805459,0.15961809070323812,0.19966901463146783,0.2309047980011431,0.25000000000000056,0.20952665340066104,0.2312640545199663,0.17173252116643006,0.23084606337670469,0.2230899384048308,0.22856510692739204,0.23137112601616083,0.23147057389390344,0.23055332578447063,0.23068435850105265,0.23096807475154377,0.16770197816220608,0.23236802885689586,0.16055014069083584,0.2111082580163219,0.20620191938571153,0.07957112808301141,0.06468196283236666,0.07572744773862185,0.021723128288727498,0.08752290710883355,0.23152664692050076,0.23079745746241478,0.2314648508282122,0.1713906013514297,0.23156506626762688,0.16026339114668994,0.16254621850421552,0.23183497203792106,0.09811356098092407,0.23059496556195017,0.05469111289853547,0.006287561613479657,0.23081835623736147,0.05975162410356666,0.09247940659580661,0.23099549065765843,0.0908520225552331,0.2310050083131555,0.022217433758532922,0.06170562760339797,0.07776222974478689,0.05460105673198234
0.18987607216102517,0.15354740059402514,0.1986995673340244,0.21949571229835083,0.22304069633955978,0.15819268979507253,0.22307356436228928,0.1537460467492104,0.19055275976193628,0.22341865861198026,0.20952665340066104,0.2500000000000002,0.2238161036782432,0.1653884707593022,0.22297529108435737,0.21562157802040852,0.2199528030941133,0.2238717052301478,0.22382395181676246,0.22311583749008315,0.22307909573052423,0.2234395673235114,0.158526014165211,0.220856811462806,0.17158858616942552,0.20182706470070202,0.19799981843718112,0.07790777308467507,0.06207947511783816,0.0756217293718894,0.035822282190329846,0.06862778247321044,0.22410687508839644,0.2233630926130458,0.22402460016319053,0.16453613644940637,0.22400069542475073,0.15883543439317,0.1520695353263493,0.22438497271793262,0.09670893885440374,0.2231273863791063,0.05758723056805474,0.008960304806737467,0.22319724637131727,0.06089864516232575,0.08420956546262018,0.22354249234688453,0.09038684757584838,0.22358269834509364,0.035967329695710835,0.04028596748660805,0.07503087098995195,0.05160523498593307
0.2117035542723326,0.1727548854793979,0.22123061865014573,0.24106047873763797,0.24696263985081268,0.17733307842203078,0.24698350656756332,0.1717875254454827,0.21286211483739584,0.24742285059116972,0.2312640545199663,0.2238161036782432,0.2500000000000003,0.18426050536745678,0.24683245407507473,0.23891848572176796,0.24265380844949228,0.2479527769604427,0.24786911308371556,0.2468741327471223,0.24713395745574632,0.24748922238466262,0.17876856745518355,0.2428498460649461,0.1732145104744081,0.22497961421508025,0.2209271242474895,0.08444807517611928,0.06812268663086027,0.08441533119164993,0.038464023985774067,0.09059018613722516,0.24816015512322673,0.247333523597508,0.2480468013075498,0.18343287087070603,0.24810209469512298,0.17646843361370618,0.1746172184058736,0.24847246150293542,0.10678834312193368,0.24710232023175377,0.06072779967476382,0.011459287442504426,0.24729899912131117,0.06666750006872182,0.09559143973816814,0.24754803296500094,0.09852137287103957,0.2475755692711581,0.03905022410691813,0.06386914263482818,0.0845085143119358,0.05907874007843787
0.1576822668436443,0.1258647889394686,0.16319947077416672,0.18118630063971256,0.18362755268631167,0.13074387931628964,0.18366398449404253,0.12466266359721336,0.15563730510648624,0.183897733170425,0.17173252116643006,0.1653884707593022,0.18426050536745678,0.2500000000000002,0.1836849042636435,0.17597522989729505,0.18065392933538146,0.18430177208678664,0.18451614811469563,0.18349738421779643,0.18365081608969533,0.18394141771119568,0.12786587599909607,0.18295355252952697,0.1241707975648078,0.166855222827446,0.1694968906857513,0.06200755946911317,0.05225091266053912,0.06366058156240482,0.02521216630154213,0.06893921497307565,0.18453084873707518,0.183680118332572,0.18446739720766483,0.13531312636046444,0.18445796289248623,0.13238137771542238,0.1278840946618572,0.184681914092412,0.07888066521919447,0.1837499233557629,0.04726439057715596,0.009293525884569989,0.18386775418885742,0.0436723201457506,0.0675764354583106,0.18404488503718794,0.07548132773780301,0.18411801781904055,0.033426592557952786,0.05207570783824987,0.0652286680301539,0.010788245465819753
0.2116051626924118,0.17225615406196276,0.22047743035427977,0.24054123367289715,0.24594543266885013,0.17661090621825637,0.24596123183605673,0.17168094151373015,0.2123722445571323,0.24639574110010984,0.23084606337670469,0.22297529108435737,0.24683245407507473,0.1836849042636435,0.2500000000000002,0.237930252536042,0.24184023083938821,0.24692314844449267,0.24685138209082166,0.2458507180270277,0.2461138735455427,0.2464646260748387,0.178131953403612,0.24231080128284058,0.17254713036391198,0.22403819177829667,0.22001689985657705,0.08335522383622729,0.06729322349592404,0.08391314161272687,0.038004641939241114,0.09030084462897019,0.24712935967297625,0.24630633080800746,0.24701489417598566,0.18225781565381063,0.24707350173094214,0.17569852941304398,0.17385971640896158,0.2474391053852382,0.1057215798122611,0.24607327760770284,0.06015604950599167,0.011049898880264569,0.24627303384876717,0.06640416920057414,0.09517198357059697,0.24651601395303105,0.09753958627105465,0.24654773474611563,0.0386289802445511,0.06330306152039973,0.0842215039049468,0.058608511320768546
0.2033675507269829,0.16872976678218501,0.21277726161867144,0.23263409412680333,0.2380432156249219,0.17171533656178378,0.23807411265716127,0.17142567584398244,0.2041195618327773,0.2384842550719333,0.2230899384048308,0.21562157802040852,0.23891848572176796,0.17597522989729505,0.237930252536042,0.2500000000000002,0.23579229929960333,0.2390029948396674,0.23893640590346316,0.23792670304128524,0.23822182308545428,0.23855903638064466,0.1786503063925355,0.23442523055544678,0.1743099902507436,0.21608879341842632,0.21205420911314787,0.07530699918026505,0.059711340940452544,0.08183276521349651,0.034409809365891324,0.08743022391750449,0.23920896901502392,0.2384083077923205,0.239129605456822,0.18289765864863733,0.23916839824496944,0.17402435026812865,0.16969966591514016,0.2395181577138692,0.1034559295804693,0.238150800051552,0.051503784644419,0.0062077788598009715,0.23836095943766858,0.06061453194401741,0.0946591139342521,0.23860889689593276,0.09476252158259088,0.23862428169389327,0.03145795200215763,0.05473350488664032,0.0828375612484338,0.05913370949682084
0.20861592462981257,0.1710786308959311,0.21754379087781484,0.23834953528999936,0.24181851661039308,0.17472277440076656,0.24181990897441547,0.1708016709900389,0.20938114476432432,0.24222424485789273,0.22856510692739204,0.2199528030941133,0.24265380844949228,0.18065392933538146,0.24184023083938821,0.23579229929960333,0.2500000000000001,0.2427537486548859,0.24272173364159097,0.24169669107624708,0.24192583232525983,0.24228118456444336,0.17783160331090336,0.23992306526361484,0.17300706585198375,0.22070879091167203,0.21639706188263325,0.07960283205127058,0.06292477439218998,0.08204581207838878,0.03544873642429691,0.08803542529718487,0.24293859917300903,0.24213143530988845,0.2428442018910976,0.1810043398201975,0.2429008732392168,0.1737091082801193,0.17085226627873268,0.24324348403745724,0.10398069732115928,0.24189023813290625,0.055941646601688516,0.0078838107477287,0.24209799679124883,0.06296639061295901,0.09382613777386122,0.2423381173416943,0.09568748879804603,0.24236377868350054,0.0350818115664898,0.05857627904825361,0.0827698573768028,0.05739290041158733
0.2117609106867978,0.17270579431306846,0.22152354045112838,0.24118994199528643,0.2470559806741061,0.17736257697998228,0.24707668265230512,0.17175628896674244,0.2128556191219096,0.24751948953268507,0.23137112601616083,0.2238717052301478,0.2479527769604427,0.18430177208678664,0.24692314844449267,0.2390029948396674,0.2427537486548859,0.25000000000000017,0.24796116210135025,0.24696372823089788,0.2472251895302814,0.24758058866517685,0.1792517852609581,0.2429750462005545,0.17321299697248518,0.2250325348678205,0.2209600079635315,0.08448135362860727,0.06806816978249602,0.08412765988576923,0.038399408233757856,0.09063762616366004,0.2482532467268503,0.2474251992436863,0.24813804050383126,0.18354767040806888,0.24819399199339867,0.1764222959364301,0.17469523004820267,0.24856503546276687,0.1069187115490297,0.24719385890357118,0.06032967443836233,0.011426811121471694,0.2473907417430222,0.06683045644439113,0.09563437407067202,0.24763954988589018,0.09863308147627013,0.24766558700484623,0.03903199015559893,0.06386688007249347,0.08452204614337815,0.05906240429774152
0.21177033763812303,0.1727269729215364,0.2212664787558298,0.24123009471881487,0.24697624147381367,0.17730082818391313,0.24699579966852742,0.17175782865978356,0.21282489577714742,0.24743000326852307,0.23147057389390344,0.22382395181676246,0.24786911308371556,0.18451614811469563,0.24685138209082166,0.23893640590346316,0.24272173364159097,0.24796116210135025,0.25000000000000017,0.24688623629516973,0.24714005274484951,0.24749610120058374,0.17898311540458453,0.24315774842557397,0.17337929384294318,0.22496373472780093,0.2210302640573269,0.08436975148798469,0.06805500004517741,0.08428643603305722,0.03812906335057508,0.09060113310628178,0.2481693988013775,0.24734074622794347,0.24805822300982233,0.18338160235778883,0.24811368323386504,0.17650199004871503,0.17455384948477973,0.24848098292290785,0.10673469131017314,0.2471124405758094,0.06041119762472773,0.011192149238876995,0.24730921583277352,0.06650934467448086,0.09548017415918536,0.24755802871904156,0.09848023124655374,0.24758541079782193,0.038876109780272096,0.06361890094903616,0.08462924025634067,0.058670530656870806
0.21081671932608745,0.17187504552808414,0.22028405388080954,0.24016351153185575,0.2459856857201497,0.17629844259044117,0.24600224281688463,0.17091622836177778,0.2118809524101214,0.24643880455818612,0.23055332578447063,0.22311583749008315,0.2468741327471223,0.18349738421779643,0.2458507180270277,0.23792670304128524,0.24169669107624708,0.24696372823089788,0.24688623629516973,0.24999999999999994,0.24614654410157502,0.2465006132299966,0.17787837069588372,0.24194679960444396,0.17305802220392888,0.2238845679730628,0.2200184168748987,0.08422560098750756,0.06795709063379553,0.08408613318380653,0.03794974933525344,0.08968328391901355,0.24717379807816725,0.24634967083748935,0.2470627533750978,0.18264047193743455,0.24711357988807572,0.17570088755002766,0.1736523502338406,0.2474839882265883,0.10636190788952057,0.2461192689298711,0.06064651092055747,0.011279631428635245,0.24631137829071215,0.06669014649252201,0.09509966491467037,0.24656398103115482,0.09820159084485101,0.2465913129830186,0.03875155176931091,0.06291889061689054,0.0842678017107526,0.05876280254724771
0.21143991956258684,0.17215202775455637,0.2205825231146866,0.2403232215308251,0.24623574435976928,0.17664945141403182,0.24625625027070702,0.171687584088648,0.2122205516825442,0.24669845558373063,0.23068435850105265,0.22307909573052423,0.24713395745574632,0.18365081608969533,0.2461138735455427,0.23822182308545428,0.24192583232525983,0.2472251895302814,0.24714005274484951,0.24614654410157502,0.2499999999999999,0.24676083450681796,0.17822672435549122,0.24211497167344026,0.1725885208488354,0.22415147315360567,0.22015782330613415,0.08360563111487457,0.06807481836900005,0.08423824369370034,0.038399053868192416,0.09055647862916198,0.24743264368761442,0.24660843859191484,0.24731600010530455,0.18271135249417644,0.24737386426065727,0.1760114355772778,0.17419416709076532,0.24774387509951293,0.1060660460534144,0.24637798556999907,0.06050955623257674,0.01143176208565668,0.24657241253583798,0.06672411743766885,0.09539953153961123,0.24681710663234097,0.09810711164767554,0.24684965494613284,0.038943885784777775,0.06369497308920462,0.08447971527314312,0.0589471477825787
0.21129576922341603,0.17271892713930267,0.22087157035247998,0.24065985948565818,0.24659153890346433,0.1769129542818874,0.24661114767420958,0.171438209907691,0.21284085176437134,0.2470528417617911,0.23096807475154377,0.2234395673235114,0.24748922238466262,0.18394141771119568,0.2464646260748387,0.23855903638064466,0.24228118456444336,0.24758058866517685,0.24749610120058374,0.2465006132299966,0.24676083450681796,0.2500000000000003,0.17858580792012232,0.24245927983324778,0.17289551282160898,0.22446737893958435,0.22051533299054876,0.08430774825461597,0.06750101824634394,0.08427099505185828,0.03843463944708613,0.09064475739690363,0.24778967928800041,0.2469629786624657,0.24767374325021183,0.1830193861086441,0.2477285526379822,0.17633449260133754,0.17446924742119405,0.2481004718450898,0.10658255229811532,0.2467264666527674,0.06052635236918818,0.011391227397351185,0.24692757849372804,0.06682685470823888,0.0955470686159791,0.24717714494791648,0.09798271805542831,0.24720431292102765,0.03899270040817022,0.06369295790717888,0.08459209393763785,0.05914741395711597
0.14863572409679118,0.12684301430618353,0.18059822344415602,0.17575319619858698,0.17813962298806427,0.124646717827833,0.17821424149515247,0.12652577560279096,0.15079589638615903,0.1790932719942411,0.16770197816220608,0.158526014165211,0.17876856745518355,0.12786587599909607,0.178131953403612,0.1786503063925355,0.17783160331090336,0.1792517852609581,0.17898311540458453,0.17787837069588372,0.17822672435549122,0.17858580792012232,0.25000000000000017,0.17749652777129113,0.12993226218297926,0.15875408013220502,0.15477483441302378,0.05319784944266005,0.04022581600474469,0.041100008760673906,0.022164256393963338,0.06819316818802774,0.17904818019098914,0.17843584470137863,0.17889896547822007,0.14045463163418145,0.1789762638893611,0.12566215671638514,0.13102692697594903,0.17927463527491194,0.08082762609322117,0.17824858115388,0.0035559471914871723,0.002187661103307217,0.1783720114468011,0.043444150090682664,0.07261560610266782,0.17859409292987205,0.0724179585831368,0.17844556407838813,0.01899928771545362,0.03471626995950691,0.06402440707758053,0.047583144935597295
0.21155478177933584,0.17173519157956002,0.21972923754104473,0.24156967612999378,0.2420797619965926,0.1759904433134997,0.24204990629433018,0.1707669510248232,0.21100977258952702,0.24243640118184284,0.23236802885689586,0.220856811462806,0.2428498460649461,0.18295355252952697,0.24231080128284058,0.23442523055544678,0.23992306526361484,0.2429750462005545,0.24315774842557397,0.24194679960444396,0.24211497167344026,0.24245927983324778,0.17749652777129113,0.24999999999999994,0.1722157065569997,0.22248264866234263,0.21762436336861332,0.0800695320162568,0.06369902091741125,0.08057549558068784,0.03449841654295164,0.08752828055363879,0.2431141330083129,0.24231222327273705,0.2430318611278294,0.1786942994876527,0.2431076819991781,0.17187907364434715,0.17012924146440503,0.24341892868011736,0.10242152103634565,0.24209477775641247,0.05640295858581601,0.007137288131395203,0.24230473634523716,0.06278068176050598,0.0925349688005674,0.24252429873594467,0.0948124487062067,0.2425552255711597,0.033955372008886854,0.05939912890754533,0.08130620716354346,0.05521684836632463
0.14455675883478908,0.11898046446985641,0.1509326310478713,0.17094720692973164,0.17277619650512963,0.1235039008761237,0.17271834101776934,0.12601122363552855,0.14429641632726556,0.17285284886962468,0.16055014069083584,0.17158858616942552,0.1732145104744081,0.1241707975648078,0.17254713036391198,0.1743099902507436,0.17300706585198375,0.17321299697248518,0.17337929384294318,0.17305802220392888,0.1725885208488354,0.17289551282160898,0.12993226218297926,0.1722157065569997,0.2500000000000002,0.15360933841835317,0.1491321702553524,0.05054906195680057,0.043025802555748976,0.06260858351067813,0.02304011171187066,0.04465656309469311,0.1734124173069903,0.17284185052985312,0.1733819374487854,0.1345544804296066,0.17329628798926422,0.13099196102858257,0.11672395548988833,0.1736454804969027,0.07633426683655942,0.17260325732476317,0.03572631809981703,0.004994596888808881,0.17252628310211265,0.03899590024249998,0.06869751953566218,0.1729447423289445,0.07059485991487854,0.17301681614066086,0.021535160538348266,-3.7013950546405435e-5,0.06280195994035712,0.0436200408518458
0.19126841317310284,0.15414169583312942,0.20010173935126033,0.2207398535020366,0.22401662354223056,0.1737023298472617,0.22410161756666608,0.15457391027392614,0.1919216199582053,0.22441883762734868,0.2111082580163219,0.20182706470070202,0.22497961421508025,0.166855222827446,0.22403819177829667,0.21608879341842632,0.22070879091167203,0.2250325348678205,0.22496373472780093,0.2238845679730628,0.22415147315360567,0.22446737893958435,0.15875408013220502,0.22248264866234263,0.15360933841835317,0.24999999999999978,0.19894401932527905,0.07720084553518236,0.06156382938692851,0.0763795670782068,0.03165015965036512,0.08134146196046593,0.22508581919916393,0.22439448145114171,0.2250153132196146,0.1678733955721173,0.22508248499534678,0.15397996056326313,0.1587247559513572,0.22539878715617695,0.09702160864816539,0.22416576902254537,0.059248956474267284,0.010920034460936317,0.22433614145566097,0.044018378258301426,0.08709539593882454,0.2245567399407117,0.0894461094336156,0.22460114006670023,0.037017579188220066,0.06272624780120001,0.06280970578731,0.05239752977787406
0.18685557394293853,0.15073673379339989,0.19559306226351672,0.21604044282209645,0.22013632036811562,0.15495967356984391,0.2201822403093479,0.15000336010254822,0.18749679655117768,0.2205050933419774,0.20620191938571153,0.19799981843718112,0.2209271242474895,0.1694968906857513,0.22001689985657705,0.21205420911314787,0.21639706188263325,0.2209600079635315,0.2210302640573269,0.2200184168748987,0.22015782330613415,0.22051533299054876,0.15477483441302378,0.21762436336861332,0.1491321702553524,0.19894401932527905,0.25000000000000033,0.0772022793635761,0.06355705860383448,0.07642042967000749,0.03372499955245824,0.08180629800083207,0.22118935789007063,0.22042691661227734,0.2210699920638533,0.16249799713471927,0.2211544659702614,0.15825357844268995,0.14792997358828955,0.22145276652608956,0.09467786131260665,0.2202852335035976,0.05757613897805127,0.01153972306980705,0.22043406459877715,0.06597656197836531,0.06987914926887874,0.22064966951623655,0.08867390130326148,0.22069249354474244,0.037481460138689394,0.06280992682067345,0.07682947530304843,0.03288687451029452
0.048845513795447104,0.048520120222823405,0.0771742464970935,0.08046057815640063,0.08415562826300182,0.05813818803665447,0.08419937818856083,0.021493811239640205,0.07344863354256048,0.08433966978950294,0.07957112808301141,0.07790777308467507,0.08444807517611928,0.06200755946911317,0.08335522383622729,0.07530699918026505,0.07960283205127058,0.08448135362860727,0.08436975148798469,0.08422560098750756,0.08360563111487457,0.08430774825461597,0.05319784944266005,0.0800695320162568,0.05054906195680057,0.07720084553518236,0.0772022793635761,0.25000000000000017,0.036110904901102976,0.026485764790486373,0.01565142887904154,0.030050620401911657,0.08458103387835975,0.08429763864001115,0.08453208798070058,0.0596195588723062,0.08454120277954263,0.0551887881777407,0.05773244317537558,0.08467815142851623,0.04376774907364599,0.08427156638464764,0.031428731390315275,0.009086112953854307,0.08429821695057305,0.030100428548360307,0.030319517928360785,0.0844527953254715,0.03714988496414711,0.08438427315983857,0.01715066712112853,0.03211444601593024,0.027068961048180743,0.020948696567553313
0.058860819809698796,0.003647548102494629,0.061596896316418376,0.06397528199011489,0.06774865567347393,0.04331546227352176,0.06783423581857119,0.03767278124513977,0.033799006533259096,0.0680637474761248,0.06468196283236666,0.06207947511783816,0.06812268663086027,0.05225091266053912,0.06729322349592404,0.059711340940452544,0.06292477439218998,0.06806816978249602,0.06805500004517741,0.06795709063379553,0.06807481836900005,0.06750101824634394,0.04022581600474469,0.06369902091741125,0.043025802555748976,0.06156382938692851,0.06355705860383448,0.036110904901102976,0.25,0.022806431049153763,0.013779089469786676,0.02382788287345263,0.06820150958226286,0.06799222159583194,0.06819211219783865,0.04738841265214921,0.06821329299456319,0.04223925384597938,0.04466712541647991,0.06829612714689455,0.030103919138510456,0.06813369289946938,0.030295466609843984,0.009870638472611323,0.06798205088387406,0.028275032124878013,0.023775278883098213,0.06807775797611046,0.03731748294880954,0.06808086759706707,0.014451055575539678,0.028619809106545224,0.021504445468219634,0.015273283534332016
0.07379200679081425,0.058720383103631944,0.05882564868115157,0.08025611685644592,0.08409241435312409,0.06688564841903936,0.08409675824942378,0.06278123336733991,0.07129783622993457,0.08385927952998169,0.07572744773862185,0.0756217293718894,0.08441533119164993,0.06366058156240482,0.08391314161272687,0.08183276521349651,0.08204581207838878,0.08412765988576923,0.08428643603305722,0.08408613318380653,0.08423824369370034,0.08427099505185828,0.041100008760673906,0.08057549558068784,0.06260858351067813,0.0763795670782068,0.07642042967000749,0.026485764790486373,0.022806431049153763,0.24999999999999983,0.014375029833231164,0.03250293629592214,0.0845006351691586,0.08422348710186219,0.08449020460137352,0.06244281242142365,0.08447713179838391,0.06438696708952055,0.05992841658316819,0.08461581658826631,0.034932213648562103,0.08412731708184681,0.02961520337855757,0.006484579304855894,0.08419930661010387,0.019758674130018476,0.03288015184867191,0.08429005185388867,0.03351525789731377,0.08435901396926337,0.015277602819780349,0.01998206781927255,0.030563819270559598,0.020516838341099207
0.03480165849925463,0.027015022293283533,0.033122825106573606,0.031696350109124576,0.038096680087222265,0.022391066029496722,0.03822120854107323,0.023702031296572314,0.03452728826130265,0.03838213732879712,0.021723128288727498,0.035822282190329846,0.038464023985774067,0.02521216630154213,0.038004641939241114,0.034409809365891324,0.03544873642429691,0.038399408233757856,0.03812906335057508,0.03794974933525344,0.038399053868192416,0.03843463944708613,0.022164256393963338,0.03449841654295164,0.02304011171187066,0.03165015965036512,0.03372499955245824,0.01565142887904154,0.013779089469786676,0.014375029833231164,0.24999999999999983,0.011482767975257916,0.03857858121416216,0.038445468596729274,0.03847197672759437,0.028716439275734296,0.03845295135258523,0.029546538807110778,0.02650307856753,0.03860072209788015,0.01905911669960679,0.03840981031150921,0.013089035857401841,-0.001012230416750927,0.03842976972050424,0.015296111737185593,0.013899083249766101,0.03840296630082817,0.017995191253391944,0.038477268603076736,0.004362556746781662,0.010177231875474044,0.014283766100042103,0.006042891493308038
0.07941122512549531,0.06253257806878554,0.0802015785626311,0.08541693102955922,0.08995952321879466,0.07110486871104771,0.09014322138840168,0.06491978713875873,0.07914369498669054,0.09044347158502698,0.08752290710883355,0.06862778247321044,0.09059018613722516,0.06893921497307565,0.09030084462897019,0.08743022391750449,0.08803542529718487,0.09063762616366004,0.09060113310628178,0.08968328391901355,0.09055647862916198,0.09064475739690363,0.06819316818802774,0.08752828055363879,0.04465656309469311,0.08134146196046593,0.08180629800083207,0.030050620401911657,0.02382788287345263,0.03250293629592214,0.011482767975257916,0.24999999999999994,0.09077385853015933,0.09047289167171728,0.09071097002400284,0.06731262022286326,0.09075528625906074,0.06531518812283933,0.0679259437080229,0.09089351607269644,0.03786184970253381,0.09037962050941366,0.020589674774356352,0.004592145435958379,0.09048343129157546,0.022995649938229758,0.03717017896750562,0.09054668082286517,0.03511324952881921,0.09055980215064802,0.014965173407477094,0.031404665573291746,0.0332261605711572,0.022251929383071436
0.21197515136605058,0.1729725023919005,0.22150678476242264,0.24133562995590727,0.24726366075304065,0.17738021485265226,0.24728330238231405,0.17197447776916777,0.21313993888242505,0.24772292334894747,0.23152664692050076,0.22410687508839644,0.24816015512322673,0.18453084873707518,0.24712935967297625,0.23920896901502392,0.24293859917300903,0.2482532467268503,0.2481693988013775,0.24717379807816725,0.24743264368761442,0.24778967928800041,0.17904818019098914,0.2431141330083129,0.1734124173069903,0.22508581919916393,0.22118935789007063,0.08458103387835975,0.06820150958226286,0.0845006351691586,0.03857858121416216,0.09077385853015933,0.2500000000000001,0.24763377303512757,0.2483483806552955,0.1836131302099944,0.24840385950528276,0.1767429732485372,0.17484326200913963,0.2487745814715241,0.10694802153592717,0.2474023404274278,0.0607490826613485,0.011486879492148027,0.2475997972848062,0.06699502790079516,0.09569459594163116,0.2478489510133757,0.0986527093772178,0.24787638071608062,0.0391387704106366,0.06393579060219376,0.08479204410416019,0.059192888656753206
0.21129491038296938,0.1723906576798799,0.2207484010452154,0.2405446591563272,0.24643961054046926,0.1768533860663681,0.24645885995644926,0.1714178784404342,0.21240854091839434,0.24689617705500672,0.23079745746241478,0.2233630926130458,0.247333523597508,0.183680118332572,0.24630633080800746,0.2384083077923205,0.24213143530988845,0.2474251992436863,0.24734074622794347,0.24634967083748935,0.24660843859191484,0.2469629786624657,0.17843584470137863,0.24231222327273705,0.17284185052985312,0.22439448145114171,0.22042691661227734,0.08429763864001115,0.06799222159583194,0.08422348710186219,0.038445468596729274,0.09047289167171728,0.24763377303512757,0.2499999999999999,0.24752107136666682,0.1829856010834579,0.24757630120333488,0.1760794555699687,0.1742164253824033,0.24794548461547872,0.10655558398397436,0.24657808407605475,0.06057524907993418,0.011489036858562746,0.24677496952532596,0.06677283939385759,0.09539648525525425,0.2470236710298201,0.09829574691676594,0.24704971324243716,0.03900907437256739,0.063705999391845,0.08448426146608379,0.05908319899168251
0.211793246881132,0.17283979862672896,0.22134843731510404,0.24125449189779596,0.24715302788266671,0.17737046071658896,0.24717215455996092,0.17179420666145556,0.21296571312423118,0.2476076311508667,0.2314648508282122,0.22402460016319053,0.2480468013075498,0.18446739720766483,0.24701489417598566,0.239129605456822,0.2428442018910976,0.24813804050383126,0.24805822300982233,0.2470627533750978,0.24731600010530455,0.24767374325021183,0.17889896547822007,0.2430318611278294,0.1733819374487854,0.2250153132196146,0.2210699920638533,0.08453208798070058,0.06819211219783865,0.08449020460137352,0.03847197672759437,0.09071097002400284,0.2483483806552955,0.24752107136666682,0.24999999999999983,0.18355708902329865,0.2482912065617677,0.17661893145860336,0.17470252337691586,0.24866084272224057,0.10689562112387982,0.24729007161993025,0.06074752795841239,0.011452874793403574,0.24748769898605394,0.06691544951102987,0.09564630551166839,0.24773696465582173,0.09862773244237288,0.24776292896744612,0.03906260286688458,0.06385858412006654,0.08473907076288907,0.05915855590055839
0.14776062927860098,0.12527416340994468,0.1637398313645971,0.17737839901503274,0.18273001148601914,0.134668537446384,0.18274889720712015,0.12626444658517222,0.1487037490744239,0.1831082413065125,0.1713906013514297,0.16453613644940637,0.18343287087070603,0.13531312636046444,0.18225781565381063,0.18289765864863733,0.1810043398201975,0.18354767040806888,0.18338160235778883,0.18264047193743455,0.18271135249417644,0.1830193861086441,0.14045463163418145,0.1786942994876527,0.1345544804296066,0.1678733955721173,0.16249799713471927,0.0596195588723062,0.04738841265214921,0.06244281242142365,0.028716439275734296,0.06731262022286326,0.1836131302099944,0.1829856010834579,0.18355708902329865,0.25,0.18358946166768733,0.13477023321155257,0.13174326766664032,0.18386292950710417,0.08307073782782176,0.18281000979235673,0.037184680165111804,0.0034099739309477323,0.18293843359104828,0.044553311812211595,0.07368410374452267,0.18316543672397,0.07638049898536092,0.1831586992003072,0.019286338509740684,0.04152772480561572,0.0632495097496505,0.04785275697624161
0.21194466172863968,0.17277966431220182,0.22143992388462178,0.24131916593866717,0.24720465708351477,0.17739067312595916,0.2472254862713177,0.17191873430381593,0.21297275375351551,0.24766346242130424,0.23156506626762688,0.22400069542475073,0.24810209469512298,0.18445796289248623,0.24707350173094214,0.23916839824496944,0.2429008732392168,0.24819399199339867,0.24811368323386504,0.24711357988807572,0.24737386426065727,0.2477285526379822,0.1789762638893611,0.2431076819991781,0.17329628798926422,0.22508248499534678,0.2211544659702614,0.08454120277954263,0.06821329299456319,0.08447713179838391,0.03845295135258523,0.09075528625906074,0.24840385950528276,0.24757630120333488,0.2482912065617677,0.18358946166768733,0.24999999999999983,0.17665528463767569,0.1747632367686761,0.248716199378204,0.10689518073685127,0.24734545303826566,0.06073783666843288,0.011415759336683413,0.24754310588098208,0.06694786786714624,0.09566913060364345,0.2477915794003102,0.09864670381393699,0.2478183282966019,0.03907989411596342,0.06393550702579556,0.08474366277234621,0.05916744668455498
