x1,x2,x3,x4,x5,x6,x7,x8,x9,x10,x11,x12,x13,x14,x15,x16,x17,x18,x19,x20,x21,x22,x23,x24,x25,x26,x27,x28,x29,x30,x31,x32,x33,x34,x35,x36,x37,x38,x39,x40,x41,x42,x43,x44,x45,x46,x47,x48,x49,x50,x51,x52,x53,x54,x55,x56,x57,x58,x59,x60
0.25000000000000006,-0.19201555541190726,0.19073570366775422,-0.18532425802567173,0.18512884572803356,-0.18529390891335146,0.1846730105112327,-0.1852018930664407,0.1845122739781364,-0.18527865179609412,-0.24636833932050173,0.20283096706014733,-0.16330192305043223,0.15128660530915408,-0.10805886398738584,0.09860032046230519,-0.06713717123409235,0.05786427302460487,-0.0424980561993648,0.04065563188326785,0.1376848847822551,-0.1357855873783721,0.13356512203577436,-0.1047828720947799,0.09962798062113778,-0.051015400884368386,0.05167235422554099,-0.039890653481868085,0.04319675260824274,-0.04174075956870356,-0.13671523583248382,0.13056206605094064,-0.09352839108337441,0.0766166119375254,-0.014162287151786745,-0.0032529445172008033,0.06805326265378288,-0.08005334690351557,0.11991225435820017,-0.12326483949668665,-0.09319656765770226,0.11108428919392403,-0.11638051802832318,0.13719200984580746,-0.13546497267957822,0.14469482249846802,-0.13914435483661006,0.13932183412496144,-0.1251609589142577,0.12283346432284033,0.09133972021593717,-0.1714079799437347,0.17141701161069572,-0.18489913619808152,0.18480594479297183,-0.1852047930984908,0.18497906440733836,-0.18523961585253054,0.18500014402505238,-0.18527825444102214
-0.19201555541190726,0.25000000000000006,-0.24866060342290097,0.24327482878682077,-0.24273826831308662,0.24322217247912395,-0.24249276497284628,0.2431770958127602,-0.2423446426466527,0.24325723844872066,0.19238032568409907,-0.22217363255636274,0.1847163448094008,-0.17718688717611422,0.1280392750686319,-0.11682573232969111,0.07995346746758876,-0.06924411892561777,0.051296993513194195,-0.04831626494525247,-0.14733276203935372,0.144213995234248,-0.15357491480723356,0.12034075897391816,-0.11499199340314073,0.058159420907489365,-0.06001919957460808,0.04563620816243913,-0.05068290005690012,0.048852479683383715,0.15328550426798432,-0.14952404276607445,0.10325067289932921,-0.08386012755782588,0.008421649056076156,0.0129976948140894,-0.09225194497942953,0.10740749962230885,-0.15810908608160595,0.1619804970204267,0.12616611020433482,-0.15019235835505573,0.15664751145782294,-0.1824686741493192,0.17954719607965858,-0.19080392670695104,0.18346804249098528,-0.18353591221230325,0.16436515393583823,-0.16124142395018023,-0.12378719434183127,0.22582349029189974,-0.22583820274789007,0.24277913997152414,-0.24265883388783274,0.2431666913626738,-0.24287297954304699,0.24321130600498223,-0.24289656903404064,0.24326123939051494
0.19073570366775422,-0.24866060342290097,0.25000000000000006,-0.24430983426527444,0.24377236692263018,-0.24421697584506144,0.2434877530751556,-0.2441726557148011,0.243340297480102,-0.24425295086391582,-0.1917523447658614,0.2230169424682859,-0.18584741141903147,0.1784034881693733,-0.12915169153236247,0.11788823209654822,-0.08085456263132981,0.07010147315056017,-0.05207823343061828,0.049069962850956064,0.1481412360503822,-0.14502014099938423,0.154640401067973,-0.12131119976754987,0.11594825358065029,-0.05891775960245261,0.0607879624042462,-0.04634782492534527,0.051434122503578886,-0.04959523965876489,-0.1542149596430656,0.1505029575717938,-0.10405618083907943,0.08459301935328699,-0.008819702198423379,-0.012710337440317005,0.09234499972710447,-0.10758830643145627,0.1585804019561532,-0.16247948576388832,-0.12660143019554498,0.15069903820718875,-0.15718136912853134,0.1831249655106351,-0.18017457863998948,0.1914840689738725,-0.18410502287701083,0.18416611037863378,-0.16488019457405134,0.16173696299173518,0.12421076802439426,-0.2267260952950711,0.22674085795071364,-0.2437721945135324,0.24365117578547224,-0.24416194653304085,0.24386648145828382,-0.24420681030694924,0.24389014388946803,-0.24425703890313236
-0.18532425802567173,0.24327482878682077,-0.24430983426527444,0.2499999999999999,-0.24945270261535316,0.24990242553153605,-0.24914132053143984,0.24985811870044086,-0.24899114161013963,0.24993842071923011,0.1865504690817366,-0.21800273991576327,0.180181926276106,-0.17297481148050525,0.12371945674408034,-0.11245614412042512,0.07541978459999016,-0.06466734035175188,0.046643829362299,-0.04363583414386416,-0.14298321327060173,0.13966914256355398,-0.1492872659366009,0.11587331476312251,-0.11061866258057709,0.05347520002866196,-0.055535676573961724,0.04090719612690668,-0.046027032815300815,0.04416752949647525,0.1493281136187041,-0.14559850215508527,0.09864538481953522,-0.07921565511785468,0.003316392131715669,0.018188722087176253,-0.09790574066535726,0.11313958269210496,-0.1641953347270316,0.16796317478314948,0.13114639468929362,-0.15618704975150244,0.16270444133088863,-0.18876231348094313,0.18579479195826287,-0.19712677166470044,0.1896997630002469,-0.18980195972819638,0.17033827949261018,-0.16717874225413598,-0.12873329705167064,0.23238017156376567,-0.23239598911592765,0.2494571464414336,-0.2493360100290272,0.24984709568376887,-0.24955084340335176,0.24989213670425808,-0.24957460253524585,0.24994246754832225
0.18512884572803356,-0.24273826831308662,0.24377236692263018,-0.24945270261535316,0.24999999999999994,-0.24944071771911733,0.24868289129562418,-0.24932453691396528,0.24846167536554511,-0.24940468015017364,-0.18634764212735297,0.21781353685463606,-0.18020138815798817,0.17303745927443934,-0.12423723262059007,0.11297441408211119,-0.07593957716757052,0.06518756520263817,-0.047164768702732715,0.04415680562448694,0.14308174196768797,-0.1397816545234606,0.14939898141386942,-0.11604428342243919,0.11083179646253662,-0.05399581041127942,0.05604281753710491,-0.041428472288064316,0.04654521581534209,-0.04468792217102474,-0.14941138461867104,0.14568817718711075,-0.09882256317250752,0.07942370244542031,-0.0036400296678143224,-0.01783275562435231,0.09738033866677274,-0.11261482836309232,0.16366531299782527,-0.16744096820874552,-0.1307871710128398,0.1557467687730868,-0.1622486992307236,0.18826465503828008,-0.18528957500766952,0.1966020342321805,-0.18917686615391485,0.1892708219700313,-0.16981860420587336,0.16666003355072637,0.12837769052796724,-0.231861667758491,0.23187746336849047,-0.2489236030858843,0.24880253773478986,-0.2493133826197913,0.24901718163603861,-0.24935840847215304,0.24904092526674199,-0.24940873141589828
-0.18529390891335146,0.24322217247912395,-0.24421697584506144,0.24990242553153605,-0.24944071771911733,0.25000000000000006,-0.2492244137216316,0.2498692957529367,-0.24900211480282897,0.24994945909057298,0.1865236819664957,-0.2179733849057139,0.18014865179270706,-0.17294273464569723,0.12370064153975195,-0.11243754293525912,0.07540191637649699,-0.06464967087361488,0.046626498561751446,-0.04361859371990582,-0.14295530465322884,0.13964067124541876,-0.14925807687354606,0.1158451119177445,-0.1105922924045514,0.05345781885962168,-0.05551888856728981,0.040890056140629336,-0.0460098506338436,0.044150331731891576,0.1493009078785164,-0.1455713212004147,0.09861854494337687,-0.07919011118105758,0.0032945822950181496,0.018209013127941983,-0.09792004392862606,0.11315348507146909,-0.16420821640804686,0.16797546560453508,0.1311586218023002,-0.15620169197259448,0.16271872153501285,-0.18877551628990455,0.18580779211147577,-0.19713912045545084,0.1897120817394406,-0.18981428614229515,0.1703504383452565,-0.1671909184771796,-0.1287455553293503,0.23239185616569763,-0.2324076784895468,0.2494681987144263,-0.2493470665454728,0.24985813514612326,-0.24956188724386447,0.24990317564176975,-0.24958564603797426,0.24995350559868967
0.1846730105112327,-0.24249276497284628,0.2434877530751556,-0.24914132053143984,0.24868289129562418,-0.2492244137216316,0.24999999999999994,-0.24926943411216188,0.24839832126201314,-0.24918806929430107,-0.18590518299762648,0.21739309865010828,-0.1799071513952273,0.1728333425945898,-0.12405552923736855,0.11277143990911101,-0.07607108062525572,0.06531669388222035,-0.04729429940321678,0.04428719985473688,0.14288231291694906,-0.13958436855513723,0.1492059381673482,-0.1159861252990816,0.11079002834173075,-0.0540246448235069,0.05610759436365488,-0.04156090816266232,0.04667536731147937,-0.0448189073674321,-0.14921339083807353,0.1454985842112663,-0.09871349508899477,0.07936024206216327,-0.0037133937793823162,-0.017741564716463668,0.09720872007186258,-0.11243868440344319,0.16347289533176787,-0.1672474016890884,-0.13067030930259685,0.1556036281306572,-0.16209577722593532,0.18808220596958825,-0.18510333981178081,0.19640279192447285,-0.18897988556860681,0.18907123337119613,-0.16962519751208227,0.16646750387800271,0.1282628098847313,-0.2316578925545707,0.2316736960585384,-0.24870722176791296,0.24858621548193297,-0.24909680474935775,0.24880069506501074,-0.24914181371481517,0.24882442075873384,-0.24919212061825818
-0.1852018930664407,0.2431770958127602,-0.2441726557148011,0.24985811870044086,-0.24932453691396528,0.2498692957529367,-0.24926943411216188,0.25000000000000017,-0.2491144267459416,0.24990519060000074,0.18644078935688269,-0.21789694901930298,0.18012300522722904,-0.17292053973324428,0.12372602504437437,-0.11246389137895249,0.07544496344970197,-0.06469289592497296,0.04667003727825069,-0.043662104864396624,-0.1429298033682637,0.139616047140152,-0.14923407893551718,0.11583667997460083,-0.11059039037323506,0.05349586849858548,-0.055558207666236155,0.04093348351691809,-0.0460530514810104,0.04419374992197478,0.14927523036335982,-0.14554685466932216,0.09860669972471385,-0.0791847064900717,0.003309917095700621,0.018188955011843658,-0.09787656106884964,0.11310998759440269,-0.1641641808049082,0.16793167165317222,0.13113370884889294,-0.15617067112536911,0.1626855189220332,-0.1887364406179337,0.18576745636634015,-0.19709594806481026,0.18966890913782905,-0.18977018302918372,0.17030686215997157,-0.16714737816702774,-0.1287210447776276,0.2323497672613069,-0.23236559308112187,0.2494239575848125,-0.24930283504096007,0.24981386883928927,-0.24951762402815433,0.24985890810485378,-0.2495413807088762,0.24990923744498672
0.1845122739781364,-0.2423446426466527,0.243340297480102,-0.24899114161013963,0.24846167536554511,-0.24900211480282897,0.24839832126201314,-0.2491144267459416,0.25000000000000006,-0.24903789006761543,-0.18575267285428865,0.21722992741382974,-0.17984729787881834,0.17274670427172475,-0.12397473743489609,0.11279822627708605,-0.07612923805487873,0.06544508142375884,-0.047525494757840694,0.04451166949761572,0.1428625312051164,-0.13957157704826145,0.14919612969692692,-0.1160453972158805,0.11086749645433595,-0.05418368626584458,0.056275569760043574,-0.041754296417613426,0.04687207366294755,-0.04502365326062715,-0.14918704022748053,0.14547590530213175,-0.09874616546036813,0.07941346347493355,-0.0038284920520477374,-0.017621268508754187,0.09705243249402909,-0.1122834060664786,0.16331526904328492,-0.16709201831823065,-0.13056284518413333,0.1554735268330568,-0.16196042200033645,0.18793365936927348,-0.1849545333105509,0.19624918941562,-0.18882621357562787,0.1889154710884737,-0.1694706996791421,0.1663130583628659,0.12815636163474683,-0.23151061298152917,0.2315264149506743,-0.24855701260667876,0.2484360239472947,-0.24894660457879078,0.2486504758661049,-0.24899161847394496,0.24867420877166801,-0.2490419304311279
-0.18527865179609412,0.24325723844872066,-0.24425295086391582,0.24993842071923011,-0.24940468015017364,0.24994945909057298,-0.24918806929430107,0.24990519060000074,-0.24903789006761543,0.24999999999999967,0.18650870555077792,-0.2179582283725681,0.18012597142003972,-0.1729190433377306,0.12366387050671299,-0.1124004913536968,0.0753641249373018,-0.06461165179042094,0.04658812345921542,-0.04358026419403434,-0.14293149843960865,0.13961573125710744,-0.14923306622918037,0.1158179271991875,-0.11056416053545823,0.05341996757564568,-0.0554819951738616,0.040851871581941555,-0.045971823586378295,0.044112137661278,0.14927854400869142,-0.14554871732486674,0.09859157723321316,-0.07916237361046913,0.0032631942946556745,0.01824111096730306,-0.09795706782481453,0.11319027954257986,-0.16424486131390287,0.1680113210965636,0.13118599628811628,-0.1562349765154052,0.16275257970299778,-0.18881090367732187,0.18584338883262416,-0.197175316882475,0.18974812382373407,-0.18985075035771545,0.1703860874388221,-0.16722651105335304,-0.12877275358335102,0.23242747179119969,-0.2324432985701719,0.24950423013048373,-0.24938309654154628,0.24989416827929634,-0.24959791921572275,0.2499392093877,-0.24962167855438333,0.2499895393893169
-0.24636833932050173,0.19238032568409907,-0.1917523447658614,0.1865504690817366,-0.18634764212735297,0.1865236819664957,-0.18590518299762648,0.18644078935688269,-0.18575267285428865,0.18650870555077792,0.25000000000000006,-0.20635378127156642,0.16641327669646672,-0.15420839934536695,0.11021946400821689,-0.10064918615294821,0.06885568414530682,-0.059467785765425066,0.04385828804283872,-0.04194416542171301,-0.13842059261852327,0.13667553555569575,-0.1352863682850394,0.10633247776607412,-0.1011446749338051,0.052214902562843196,-0.05288595465497916,0.04103476538215119,-0.04445899315317167,0.04298849861888083,0.13787888007434995,-0.13198491241264623,0.09479638466413305,-0.07781576768734412,0.014907633045604888,0.002660004641473158,-0.0679859934045403,0.0801011106009066,-0.12035100302050139,0.12373923361098273,0.09369802066098798,-0.11165074671341899,0.11698122727858616,-0.13795301032346838,0.13616285958362503,-0.14546007010104042,0.1398452403837272,-0.14000695496544394,0.12565774619528072,-0.12329824245014313,-0.09182483092981518,0.17251136556821375,-0.1725204346884357,0.1861258950216771,-0.1860315934030734,0.18643459903186116,-0.18620629611624262,0.18646975018523998,-0.18622731082769747,0.1865088101878733
0.20283096706014733,-0.22217363255636274,0.2230169424682859,-0.21800273991576327,0.21781353685463606,-0.2179733849057139,0.21739309865010828,-0.21789694901930298,0.21722992741382974,-0.2179582283725681,-0.20635378127156642,0.25000000000000006,-0.20946173901357582,0.19717361759783006,-0.14830548714481173,0.13731021577781174,-0.10031752366316624,0.08957083734636302,-0.07159049605919378,0.068932260214533,0.17274539739715686,-0.17121422623070462,0.17494293545360962,-0.14174998119696117,0.13592035729048887,-0.0795926221777991,0.08052826831884069,-0.06689670702584305,0.07145233602566921,-0.0697330903343949,-0.1743005609800179,0.16890537626280905,-0.12567666990827575,0.10576394061817539,-0.030706927071592605,0.009266877969978472,0.06940735699541489,-0.08452484057036101,0.13458751818952167,-0.13901988560914766,-0.10631278086477312,0.1263308014242528,-0.13263030758853386,0.1578588216676853,-0.15528244778647654,0.16645691905744084,-0.15945132902401754,0.1594170128878183,-0.1414911012562719,0.13851728830692522,0.10405145067291223,-0.20077597454995974,0.20078604055913032,-0.21748611216301714,0.2173683801733021,-0.21786950192827587,0.21758354206839645,-0.21791304302539558,0.21760803595194375,-0.21796190825353168
-0.16330192305043223,0.1847163448094008,-0.18584741141903147,0.180181926276106,-0.18020138815798817,0.18014865179270706,-0.1799071513952273,0.18012300522722904,-0.17984729787881834,0.18012597142003972,0.16641327669646672,-0.20946173901357582,0.25000000000000017,-0.23353529919874566,0.1845335680850593,-0.17342850327553616,0.13645351174987505,-0.12570476991503554,0.10772011360040337,-0.10496064258493483,-0.19369625866078666,0.19308898163305838,-0.20010973789107728,0.17763681539545434,-0.1711770717344337,0.11545667935743559,-0.11525785504655099,0.10277504172239132,-0.10722198933418631,0.1056340572629073,0.19475122125092825,-0.19044354818283732,0.15468444875424306,-0.13627878453604259,0.06710870554592263,-0.04555743841466361,-0.03241979352605385,0.04755252896257614,-0.09709041423401747,0.10222471434817254,0.07685488354998919,-0.09077202068290757,0.096681881887781,-0.12067875694679704,0.11805130292902208,-0.12887346371355954,0.12216837154638402,-0.12184623828162275,0.10486875630801484,-0.10197359489279509,-0.07474861221540546,0.16332383138325934,-0.1633276005111008,0.17965945323846896,-0.17954237759764174,0.18003948382877075,-0.17975835239447935,0.18008175963825415,-0.17978119996114797,0.18012994175626368
0.15128660530915408,-0.17718688717611422,0.1784034881693733,-0.17297481148050525,0.17303745927443934,-0.17294273464569723,0.1728333425945898,-0.17292053973324428,0.17274670427172475,-0.1729190433377306,-0.15420839934536695,0.19717361759783006,-0.23353529919874566,0.2500000000000003,-0.20072879056151693,0.18946563464897687,-0.1524398143545436,0.1416896054956242,-0.12366305197618062,0.12063231317333946,0.20159666886821737,-0.20126576248205896,0.21243158413733873,-0.1928923169400432,0.18631591425679475,-0.13049791890030424,0.1301363123829463,-0.11793001073705422,0.12262704392156731,-0.12105764586087364,-0.20384735987826683,0.20077079770384276,-0.16686907911018312,0.1488307865966104,-0.08028618799026573,0.05826186627192969,0.02088474011203884,-0.036426786841220526,0.08717483612332803,-0.09263296574073011,-0.06977294620179975,0.08209549946228539,-0.08797565320734083,0.11208617050971179,-0.10920763157191432,0.12010824080314417,-0.11325885333798033,0.11278158856714982,-0.0954090390699959,0.09242334474065228,0.06766024369397214,-0.1558140584439792,0.15581628977609513,-0.1724413393654256,0.1723207900270344,-0.17283081178511805,0.17254194574508414,-0.1728739024074671,0.1725641071719982,-0.17292338848047384
-0.10805886398738584,0.1280392750686319,-0.12915169153236247,0.12371945674408034,-0.12423723262059007,0.12370064153975195,-0.12405552923736855,0.12372602504437437,-0.12397473743489609,0.12366387050671299,0.11021946400821689,-0.14830548714481173,0.1845335680850593,-0.20072879056151693,0.25000000000000033,-0.23745388428888428,0.20044505701008514,-0.1897152944035652,0.17173341633903214,-0.16870496393593676,-0.17705684356844573,0.17823366631532583,-0.18917099908709012,0.18053940137169536,-0.18208690593568772,0.1785693591778106,-0.17729834167116612,0.16602879838676804,-0.17044728000624912,0.1690965937384347,0.17889989098531772,-0.17690148656498705,0.15483113524243092,-0.1426553394165365,0.093997114455266,-0.07780097715379122,0.027461164425586576,-0.011925469435606514,-0.03825686852781121,0.044027544956269815,0.042347396001078765,-0.047858489811906976,0.051296664977431114,-0.06890211018024125,0.06457731410808204,-0.07222677227770402,0.06534780548089011,-0.06376311068790665,0.04703835471126378,-0.0441005300253235,-0.040694749921691746,0.10902116785081403,-0.10902773732549007,0.12321767368761796,-0.12310879973635576,0.12357799964399628,-0.12329277337102881,0.12361968780925739,-0.12331282132364714,0.12366844581697226
0.09860032046230519,-0.11682573232969111,0.11788823209654822,-0.11245614412042512,0.11297441408211119,-0.11243754293525912,0.11277143990911101,-0.11246389137895249,0.11279822627708605,-0.1124004913536968,-0.10064918615294821,0.13731021577781174,-0.17342850327553616,0.18946563464897687,-0.23745388428888428,0.2500000000000002,-0.21294337661907636,0.20219429188835022,-0.1841715151872324,0.18113239344614535,0.173113448088077,-0.1745727194742906,0.18575312404061348,-0.18162929046202705,0.18473046339643195,-0.19097310496974143,0.18949570380008343,-0.17844017277850874,0.18281168851947835,-0.18151008211917474,-0.17487411455689741,0.17314605619950402,-0.1543734020535636,0.14360259767913505,-0.0996697378931382,0.08446351926575062,-0.039258612271507225,0.023640915235508896,0.026658718347325062,-0.03254704317564018,-0.03548189758719472,0.039340754085024944,-0.04227914941834892,0.058572935725756475,-0.05394672503936219,0.06097873814038561,-0.05408153525458311,0.05226459306642803,-0.035631051188051564,0.032692058419714586,0.0339197261759324,-0.09819774189504411,0.098204835951716,-0.11195850197641309,0.11185134092654353,-0.11231476771741808,0.11202911127674432,-0.11235632502235779,0.11204874063619137,-0.11240514703694553
-0.06713717123409235,0.07995346746758876,-0.08085456263132981,0.07541978459999016,-0.07593957716757052,0.07540191637649699,-0.07607108062525572,0.07544496344970197,-0.07612923805487873,0.0753641249373018,0.06885568414530682,-0.10031752366316624,0.13645351174987505,-0.1524398143545436,0.20044505701008514,-0.21294337661907636,0.2500000000000004,-0.23818380636451314,0.22016413185661438,-0.21712638800915748,-0.1424835705642414,0.1444776101672851,-0.15556398773718802,0.17128229583248555,-0.178676688956283,0.2053089123844416,-0.2116772799728593,0.21445668694080455,-0.21861938181501017,0.21748781860383115,0.14418399673468688,-0.1437896471583736,0.1383870331189561,-0.13577495388434646,0.11528244784704655,-0.10353103681286976,0.07529685393958865,-0.05976523159074845,0.010081537746227918,-0.004109442794051814,0.015285905164910327,-0.014160398693080372,0.01511950855069092,-0.025954162855750106,0.020240386208974774,-0.024812756278402293,0.017952480923821512,-0.015436167882031358,-0.0008377719018171413,0.003753832325136677,-0.014067544343960705,0.06313274506918641,-0.06314304658810035,0.07494605340068215,-0.07484634586699936,0.07528008513648471,-0.07499724748104236,0.07532056736089891,-0.07501475694410129,0.07536881763236426
0.05786427302460487,-0.06924411892561777,0.07010147315056017,-0.06466734035175188,0.06518756520263817,-0.06464967087361488,0.06531669388222035,-0.06469289592497296,0.06544508142375884,-0.06461165179042094,-0.059467785765425066,0.08957083734636302,-0.12570476991503554,0.1416896054956242,-0.1897152944035652,0.20219429188835022,-0.23818380636451314,0.2500000000000003,-0.2319692766979234,0.22892245242360176,0.1339365102512651,-0.1361919012236618,0.14727223873099646,-0.1671153393407066,0.17674200854340397,-0.21331486552457204,0.22106119917484393,-0.2262279518049484,0.23034539215952565,-0.2292661503393218,-0.13541820858602077,0.13542183603873076,-0.1339953826181816,0.133490908010185,-0.11935219686413467,0.10877759774573709,-0.08645154569297085,0.07086811248236011,-0.021128892969616626,0.015107261295992587,-0.009522673803375027,0.006909052666499105,-0.007242825299778684,0.016412607132794292,-0.010324364624464765,0.014131787297581747,-0.007238824938131408,0.0044763539984637255,0.011766039442553161,-0.014688402918939462,0.008407555914312161,-0.052948177237580454,0.052959751067244445,-0.06419929981954539,0.0641017030190834,-0.06452773875929659,0.06424443235017911,-0.06456808702834974,0.06426142182186614,-0.06461638578277837
-0.0424980561993648,0.051296993513194195,-0.05207823343061828,0.046643829362299,-0.047164768702732715,0.046626498561751446,-0.04729429940321678,0.04667003727825069,-0.047525494757840694,0.04658812345921542,0.04385828804283872,-0.07159049605919378,0.10772011360040337,-0.12366305197618062,0.17173341633903214,-0.1841715151872324,0.22016413185661438,-0.2319692766979234,0.25000000000000017,-0.2451559122264015,-0.12224917358144796,0.1252748256428878,-0.1361593147921121,0.1574813628796943,-0.16942725861955693,0.21346523330327377,-0.2222521395567574,0.2320014977043076,-0.23717307182901104,0.23875311358975432,0.12318214657955576,-0.12367258513761428,0.12690861521314092,-0.128409868169645,0.12027517551409196,-0.11063483763941477,0.09280790247639795,-0.07842985239648147,0.03387840005018762,-0.028054992858896136,-0.0021934657068744365,0.006503420057061715,-0.006655446950623001,-0.0008860132345854465,-0.004156693299329959,0.0008323153340565124,-0.007264467492612893,0.00995407080851201,-0.024936887633359116,0.027623971469869568,0.0031245729321225067,0.03575383315122728,-0.035764968200433386,0.046194263832028945,-0.04610725359696198,0.04650764241970807,-0.04624102741264637,0.04654689359512165,-0.04626030956477242,0.04659289634828291
0.04065563188326785,-0.04831626494525247,0.049069962850956064,-0.04363583414386416,0.04415680562448694,-0.04361859371990582,0.04428719985473688,-0.043662104864396624,0.04451166949761572,-0.04358026419403434,-0.04194416542171301,0.068932260214533,-0.10496064258493483,0.12063231317333946,-0.16870496393593676,0.18113239344614535,-0.21712638800915748,0.22892245242360176,-0.2451559122264015,0.2500000000000003,0.12254067111015023,-0.12565524754191185,0.13660641179006972,-0.15877263324666763,0.17106421670098657,-0.21607979510002803,0.2249194406063671,-0.23524790863661937,0.2406125064805163,-0.2426241917292004,-0.12337841917094496,0.12391326317967127,-0.12788742498589298,0.12966813609683675,-0.12244934965302899,0.11277737218532986,-0.09515736600709637,0.0808506205839694,-0.03680694489323882,0.03093570962039668,0.004684577477413854,-0.009400562077524833,0.009611229869990098,-0.00221127459186784,0.00713529518459359,-0.0038268390829847296,0.010234154118207993,-0.012930667012413804,0.02781778060440674,-0.030489793568989954,-0.005596848743536973,-0.03275599873304848,0.03276689880115536,-0.04318527225948222,0.043098890159153636,-0.043499449056013204,0.04323302669415314,-0.04353885730742925,0.04325285967696171,-0.043584915488904634
0.1376848847822551,-0.14733276203935372,0.1481412360503822,-0.14298321327060173,0.14308174196768797,-0.14295530465322884,0.14288231291694906,-0.1429298033682637,0.1428625312051164,-0.14293149843960865,-0.13842059261852327,0.17274539739715686,-0.19369625866078666,0.20159666886821737,-0.17705684356844573,0.173113448088077,-0.1424835705642414,0.1339365102512651,-0.12224917358144796,0.12254067111015023,0.2500000000000002,-0.24510774105370992,0.23227667517207137,-0.19944367906291827,0.19224327311951728,-0.13804393201008017,0.13624936306181135,-0.12481819895741715,0.12600173939731538,-0.12457197810990986,-0.23841302418670754,0.2275155545296424,-0.1868436166915006,0.165649503273937,-0.09268376970676732,0.0715356508102936,0.004305249615655343,-0.019026903251489702,0.06633064171940407,-0.07233537100270779,-0.04771808609158612,0.05626766763417526,-0.06222320085638059,0.08588853432775073,-0.08439444561539303,0.0951714291983154,-0.08924624158959492,0.08894168053578438,-0.07499891352655942,0.07252208182423876,0.04581020718611053,-0.12667257492931316,0.1266689863390658,-0.14248591195120283,0.1423778991993737,-0.14285041903340523,0.1425922999339702,-0.14289009545407744,0.1426193587933104,-0.14293495911353324
-0.1357855873783721,0.144213995234248,-0.14502014099938423,0.13966914256355398,-0.1397816545234606,0.13964067124541876,-0.13958436855513723,0.139616047140152,-0.13957157704826145,0.13961573125710744,0.13667553555569575,-0.17121422623070462,0.19308898163305838,-0.20126576248205896,0.17823366631532583,-0.1745727194742906,0.1444776101672851,-0.1361919012236618,0.1252748256428878,-0.12565524754191185,-0.24510774105370992,0.24999999999999994,-0.2351208068799886,0.20234585451072046,-0.19537317932620513,0.1422532311059554,-0.14059027563020585,0.1290526075552275,-0.1294505895525188,0.12781535404287295,0.2342090562257091,-0.2247714302920368,0.18957479516362497,-0.16861335501326086,0.0960846299446744,-0.07501903999957449,-0.00026971965629052314,0.015033406350908652,-0.06247601153461823,0.06847508845528469,0.04537472887101153,-0.053336884805094915,0.05916426916255924,-0.08250885782121427,0.08090572007441539,-0.09160530213646521,0.08564862591805573,-0.0852742061005437,0.07117198556223471,-0.0686659231382051,-0.04348337585880459,0.12340262861098866,-0.12339882057467147,0.13916917207289944,-0.13906069982168287,0.1395344193567575,-0.13927496283442892,0.1395741381261127,-0.13930124601936042,0.13961919968330935
0.13356512203577436,-0.15357491480723356,0.154640401067973,-0.1492872659366009,0.14939898141386942,-0.14925807687354606,0.1492059381673482,-0.14923407893551718,0.14919612969692692,-0.14923306622918037,-0.1352863682850394,0.17494293545360962,-0.20010973789107728,0.21243158413733873,-0.18917099908709012,0.18575312404061348,-0.15556398773718802,0.14727223873099646,-0.1361593147921121,0.13660641179006972,0.23227667517207137,-0.2351208068799886,0.25000000000000006,-0.21658102745015484,0.20948347584578078,-0.1541803818807794,0.15302358408156466,-0.14055348543916768,0.1403066039129061,-0.138270241485589,-0.23261808096187772,0.23066007017377207,-0.19934928767342838,0.17896560737318631,-0.10402453801078569,0.08182167559887224,-0.002801704145696289,-0.012836417227355878,0.06348883414283014,-0.0695736873476768,-0.049435299670813664,0.05773052682053791,-0.06369946511796333,0.08805566818953212,-0.08535444390630208,0.09642008126293392,-0.08975453666263905,0.0890954326733342,-0.07247098184983902,0.06954936214492514,0.04739427597836655,-0.13199187942537044,0.13198874762325316,-0.1487534316740375,0.1486328157335324,-0.14914553253893587,0.14885916192809465,-0.14918802307388085,0.14888105970941218,-0.14923724892829948
-0.1047828720947799,0.12034075897391816,-0.12131119976754987,0.11587331476312251,-0.11604428342243919,0.1158451119177445,-0.1159861252990816,0.11583667997460083,-0.1160453972158805,0.1158179271991875,0.10633247776607412,-0.14174998119696117,0.17763681539545434,-0.1928923169400432,0.18053940137169536,-0.18162929046202705,0.17128229583248555,-0.1671153393407066,0.1574813628796943,-0.15877263324666763,-0.19944367906291827,0.20234585451072046,-0.21658102745015484,0.2500000000000002,-0.23397879160760876,0.1790654515733537,-0.17740039268810198,0.16506131313040984,-0.16320462259565152,0.16103947528412188,0.20045172846743575,-0.20034605694424246,0.18730821028959738,-0.17599829395848834,0.13078513817538706,-0.10894508972753374,0.03186879032377315,-0.016560517370909203,-0.03255271558801159,0.038520474112864175,0.028349594001904246,-0.032389922433990165,0.03715905093735034,-0.057719884090801435,0.054721185983980326,-0.06451061552235336,0.058245149844054586,-0.05741864483804204,0.041522307029290495,-0.038693663798454285,-0.0265178671223272,0.10000183069030859,-0.09999705016782882,0.11536094212226072,-0.11524444665846796,0.11573404606761065,-0.11545805475068444,0.11577455452552968,-0.11547705182498173,0.11582203086514549
0.09962798062113778,-0.11499199340314073,0.11594825358065029,-0.11061866258057709,0.11083179646253662,-0.1105922924045514,0.11079002834173075,-0.11059039037323506,0.11086749645433595,-0.11056416053545823,-0.1011446749338051,0.13592035729048887,-0.1711770717344337,0.18631591425679475,-0.18208690593568772,0.18473046339643195,-0.178676688956283,0.17674200854340397,-0.16942725861955693,0.17106421670098657,0.19224327311951728,-0.19537317932620513,0.20948347584578078,-0.23397879160760876,0.25000000000000017,-0.19280959652779964,0.1901188828433665,-0.17759084530578523,0.1756544481550783,-0.1734850273289785,-0.19341886247799475,0.19399607710863126,-0.18711054340886868,0.17868885685209748,-0.14240258846272455,0.12002665883403228,-0.041468758670453916,0.025684080896860046,0.02481932211474909,-0.030915850773663215,-0.024061248879470865,0.02716796168866855,-0.03159995769003969,0.0513763236423785,-0.0481126405703729,0.05776136907876115,-0.05135455332931041,0.050426033294490316,-0.0340634925002789,0.031146797107850892,0.022235021956107572,-0.09469676095593872,0.09469211454095032,-0.1100974656407707,0.10997811370144725,-0.11047808213036267,0.11019434987861587,-0.11051959367847085,0.11021313467265619,-0.11056839598718332
-0.051015400884368386,0.058159420907489365,-0.05891775960245261,0.05347520002866196,-0.05399581041127942,0.05345781885962168,-0.0540246448235069,0.05349586849858548,-0.05418368626584458,0.05341996757564568,0.052214902562843196,-0.0795926221777991,0.11545667935743559,-0.13049791890030424,0.1785693591778106,-0.19097310496974143,0.2053089123844416,-0.21331486552457204,0.21346523330327377,-0.21607979510002803,-0.13804393201008017,0.1422532311059554,-0.1541803818807794,0.1790654515733537,-0.19280959652779964,0.2500000000000005,-0.23621730983134423,0.2244067921251136,-0.22192169974981646,0.21998712891755226,0.13883160391569993,-0.1406749064031023,0.14534314798121092,-0.1437557121219383,0.1291498030283945,-0.11792745169829916,0.09204672650484376,-0.07691990307906628,0.028870381532949314,-0.022920792082801077,4.4808492960167616e-5,0.003851634627346166,-0.0032640719366215107,-0.006200494261556116,0.0006441812452458168,-0.004791981930730746,-0.0016913359860834835,0.00428766761395498,-0.019660090201323307,0.022449419750766,0.0010576750557649427,0.04190181209683472,-0.041909252928856854,0.053019419981493905,-0.05292396649525557,0.05333950071432341,-0.05306881951566993,0.053377987598342065,-0.05308448858981772,0.05342423512442393
0.05167235422554099,-0.06001919957460808,0.0607879624042462,-0.055535676573961724,0.05604281753710491,-0.05551888856728981,0.05610759436365488,-0.055558207666236155,0.056275569760043574,-0.0554819951738616,-0.05288595465497916,0.08052826831884069,-0.11525785504655099,0.1301363123829463,-0.17729834167116612,0.18949570380008343,-0.2116772799728593,0.22106119917484393,-0.2222521395567574,0.2249194406063671,0.13624936306181135,-0.14059027563020585,0.15302358408156466,-0.17740039268810198,0.1901188828433665,-0.23621730983134423,0.25000000000000044,-0.23355377532784727,0.23108001804841072,-0.22913762068057408,-0.1375338970367783,0.1395842910609085,-0.14477242073276628,0.14380657128570354,-0.13034462822315707,0.11941485976752453,-0.09602549832737077,0.08028681329974861,-0.030263009151621504,0.024145589590242555,-0.0015314745801672867,-0.0024211764173477893,0.0020931032506988933,0.007026076690030891,-0.0010300780961524042,0.0049478630890171784,0.0018583099399826913,-0.004656434487208995,0.020741529400464625,-0.02365359196990321,0.00042347875615470615,-0.04377423411595761,0.04378371322430756,-0.055068239410491826,0.05497017695968605,-0.055398109045876914,0.055115744353266626,-0.05543822651955435,0.05513207835411077,-0.055486426627201615
-0.039890653481868085,0.04563620816243913,-0.04634782492534527,0.04090719612690668,-0.041428472288064316,0.040890056140629336,-0.04156090816266232,0.04093348351691809,-0.041754296417613426,0.040851871581941555,0.04103476538215119,-0.06689670702584305,0.10277504172239132,-0.11793001073705422,0.16602879838676804,-0.17844017277850874,0.21445668694080455,-0.2262279518049484,0.2320014977043076,-0.23524790863661937,-0.12481819895741715,0.1290526075552275,-0.14055348543916768,0.16506131313040984,-0.17759084530578523,0.2244067921251136,-0.23355377532784727,0.25000000000000033,-0.24252760509261906,0.24058482939038425,0.12590633299626838,-0.12796358257831075,0.13543083461253158,-0.13742807082847625,0.13095113609364398,-0.12147278483978655,0.10478309373520159,-0.08987547031348252,0.04313003180489463,-0.03707208570499304,-0.006429453903357378,0.011989343468223843,-0.01230993030210071,0.005129237566689458,-0.011379829564499032,0.008388114267905426,-0.015053264191435595,0.018045487127203313,-0.03366824985661428,0.03651406929029863,0.0073764353329622435,0.030029415690383237,-0.030039722247666645,0.040454445301875766,-0.04036094702659575,0.0407702491437317,-0.04049424224356284,0.04080919383859723,-0.040509715315928,0.04085624983325397
0.04319675260824274,-0.05068290005690012,0.051434122503578886,-0.046027032815300815,0.04654521581534209,-0.0460098506338436,0.04667536731147937,-0.0460530514810104,0.04687207366294755,-0.045971823586378295,-0.04445899315317167,0.07145233602566921,-0.10722198933418631,0.12262704392156731,-0.17044728000624912,0.18281168851947835,-0.21861938181501017,0.23034539215952565,-0.23717307182901104,0.2406125064805163,0.12600173939731538,-0.1294505895525188,0.1403066039129061,-0.16320462259565152,0.1756544481550783,-0.22192169974981646,0.23108001804841072,-0.24252760509261906,0.25000000000000044,-0.24690547740080432,-0.1267422616604519,0.12772399440867901,-0.1333547889626761,0.1353547542099036,-0.1288105165082803,0.11903444961372892,-0.1014874827399045,0.08648406697147797,-0.03977251749539921,0.03361509075481879,0.0031759191532111705,-0.008204621177588946,0.008496417583561459,-0.0010739395271259008,0.007446504075244352,-0.004335250179779014,0.011162843653149646,-0.014166538380964544,0.030173899787832702,-0.03308167155144373,-0.004154098004234126,-0.034886804808564806,0.03489797162235493,-0.04556559596345238,0.04546986880297488,-0.04588839849842581,0.045606114152250715,-0.04592827519851394,0.04562230660335711,-0.045976371386820626
-0.04174075956870356,0.048852479683383715,-0.04959523965876489,0.04416752949647525,-0.04468792217102474,0.044150331731891576,-0.0448189073674321,0.04419374992197478,-0.04502365326062715,0.044112137661278,0.04298849861888083,-0.0697330903343949,0.1056340572629073,-0.12105764586087364,0.1690965937384347,-0.18151008211917474,0.21748781860383115,-0.2292661503393218,0.23875311358975432,-0.2426241917292004,-0.12457197810990986,0.12781535404287295,-0.138270241485589,0.16103947528412188,-0.1734850273289785,0.21998712891755226,-0.22913762068057408,0.24058482939038425,-0.24690547740080432,0.2500000000000006,0.12523486644991,-0.12585897496525633,0.13110943311493914,-0.13316024502288784,0.12687925001660766,-0.11723266795146034,0.1001511753602406,-0.08542944038051532,0.03955269365914974,-0.03349538179473305,-0.0041478637627550986,0.009217898667550043,-0.00953260187607718,0.0022755235714570147,-0.008171472369992895,0.005059794749584201,-0.011716744825355528,0.014618191938976876,-0.030166046329085438,0.032982179090570746,0.005100411242688092,0.03319326912641166,-0.03320433076338211,0.043711380360375196,-0.04361921854793455,0.04402984619463282,-0.04375381794980104,0.044069425624086264,-0.043771229388678404,0.04411668131698167
-0.13671523583248382,0.15328550426798432,-0.1542149596430656,0.1493281136187041,-0.14941138461867104,0.1493009078785164,-0.14921339083807353,0.14927523036335982,-0.14918704022748053,0.14927854400869142,0.13787888007434995,-0.1743005609800179,0.19475122125092825,-0.20384735987826683,0.17889989098531772,-0.17487411455689741,0.14418399673468688,-0.13541820858602077,0.12318214657955576,-0.12337841917094496,-0.23841302418670754,0.2342090562257091,-0.23261808096187772,0.20045172846743575,-0.19341886247799475,0.13883160391569993,-0.1375338970367783,0.12590633299626838,-0.1267422616604519,0.12523486644991,0.25000000000000044,-0.2382296407951685,0.1907609519708419,-0.1688692213338054,0.09461401300382317,-0.07254920616654295,-0.004848896544118534,0.020514430438068564,-0.06965395320419268,0.07595556367670438,0.04929646222960456,-0.0582318130044306,0.0646587385284124,-0.08999820325499742,0.088121368223958,-0.09912639395336902,0.09310906246286504,-0.0928725356539759,0.07873955829632755,-0.07620869220208422,-0.04731594092450516,0.13225276023160001,-0.13224911875600115,0.14881429978663893,-0.14870109847854404,0.14919383138579756,-0.14892396096801683,0.14923539515217848,-0.14895391126144117,0.1492823151127187
0.13056206605094064,-0.14952404276607445,0.1505029575717938,-0.14559850215508527,0.14568817718711075,-0.1455713212004147,0.1454985842112663,-0.14554685466932216,0.14547590530213175,-0.14554871732486674,-0.13198491241264623,0.16890537626280905,-0.19044354818283732,0.20077079770384276,-0.17690148656498705,0.17314605619950402,-0.1437896471583736,0.13542183603873076,-0.12367258513761428,0.12391326317967127,0.2275155545296424,-0.2247714302920368,0.23066007017377207,-0.20034605694424246,0.19399607710863126,-0.1406749064031023,0.1395842910609085,-0.12796358257831075,0.12772399440867901,-0.12585897496525633,-0.2382296407951685,0.2500000000000004,-0.201890644412623,0.17937947279892089,-0.1042816771585006,0.08036422301948805,-0.0013666274686641774,-0.016216597685660226,0.06689096473430459,-0.0737956330226374,-0.04344017009355636,0.05190524968219474,-0.05843956505319034,0.08437092647350881,-0.08239755509854059,0.0935946533727886,-0.08828180989794124,0.08852354794182586,-0.07655302851335406,0.07431316357247747,0.04145359334260989,-0.12802372960515318,0.1280195360783289,-0.14506855956143838,0.14495209234157994,-0.14546100055306813,0.14518785598467723,-0.14550451526601574,0.14522868402030756,-0.14555258267260685
