x1,x2,x3,x4,x5,x6,x7,x8,x9,x10,x11,x12,x13,x14,x15,x16,x17,x18,x19,x20,x21,x22,x23,x24,x25,x26,x27,x28,x29,x30,x31,x32,x33,x34,x35,x36,x37,x38,x39,x40,x41,x42,x43,x44,x45,x46,x47,x48,x49,x50,x51,x52,x53,x54,x55,x56,x57,x58,x59,x60
0.25,0.24983808274442906,0.2499119337864913,0.24996150875213555,0.2499009736717349,0.2499530071348795,0.24982234052006322,0.24994705965133854,0.24994374007893413,0.24995551659635015,0.249944257369337,0.24482091807677997,0.2470484090274405,0.24119360884216082,0.24484623495149826,0.2328181275665691,0.24345011492824786,0.24017755366776944,0.24925844428363392,0.24990922499615767,0.24987775499647955,0.2475376637295716,0.2466685897332597,0.2458334140019658,0.2466392627844323,0.24170587371040195,0.24619583721470825,0.2465190976077126,0.24777970002226551,0.24974081419431923,0.24988834755250391,0.24718491904694248,0.24497364193301216,0.2454386679915965,0.24688941656914318,0.24256483975154747,0.2477192637299974,0.24745910942064567,0.2486529577571498,0.24971604088123014,0.24993748980426894,0.24472847840763803,0.2471886058995106,0.24162380695650215,0.24537760178664164,0.23404987161776958,0.242642532593194,0.24029555652321427,0.24922659377304512,0.24994179868490862,0.24994232399882418,0.2498683625085788,0.2498512462053546,0.24995541501410715,0.24985364318302292,0.2499510047347722,0.24965916606612398,0.24995742606547464,0.2498139988842819,0.24995479812659735
0.24983808274442906,0.25000000000000006,0.24980817550329512,0.24985805987668006,0.24979754984928065,0.2498495617778967,0.2497189492406639,0.24984361675577657,0.2498402985572079,0.24985207020080352,0.2498408156335254,0.2447195966821803,0.2469461657651697,0.24109378864293768,0.24474490307927646,0.23272177363750765,0.2433493608531722,0.24007815397234958,0.24915528637789225,0.24980579775881703,0.24977434078328853,0.24743521798473073,0.24656650366270644,0.24573167357659068,0.24653718885110762,0.24160584150563919,0.2460939467971448,0.24641707340585448,0.24767715410847294,0.24963745665534193,0.249784928955486,0.24708261928874156,0.24487225733223644,0.2453370909354987,0.24678723910736786,0.24246445205576786,0.24761674282832213,0.2473566961862303,0.24855005043759135,0.2496126935949172,0.24983405086927707,0.24462719527004853,0.24708630461547212,0.24152380871582255,0.24527605000335564,0.2339530079200747,0.24254211274351548,0.24019610799122543,0.24912344904893147,0.2498383579666468,0.24983888306315635,0.24976495218255584,0.2497478429630715,0.24985196866060197,0.24975023894872866,0.24984756020650167,0.2495558423179778,0.24985397887967714,0.2497106110571461,0.24985135202839667
0.2499119337864913,0.24980817550329512,0.2500000000000001,0.24993158673610694,0.24987105890214856,0.24992308613654965,0.2497924351633758,0.24991713936496104,0.24991382018993102,0.24992559529762146,0.2499143374184111,0.244791611422842,0.2470188357283685,0.24116473640069644,0.24481692526696572,0.23279025772460976,0.24342097236834953,0.24014880285470847,0.24922860642898836,0.24987930923883442,0.24984784300631974,0.24750803186353432,0.24663906190102444,0.2458039861456897,0.24660973846282339,0.2416769399475059,0.2461663659740202,0.24648958767065582,0.2477500391829122,0.24971091859686292,0.24985843429434645,0.24715532940673518,0.24494431699703692,0.24540928738898232,0.24685986230250137,0.24253580316483792,0.2476896101252612,0.24742948695806982,0.24862319238317437,0.24968614824930024,0.249907570663465,0.24469918281932934,0.24715901581796304,0.24159488301752957,0.24534822849404828,0.234021854328048,0.24261348670614666,0.24026679158444567,0.24919675973111324,0.2499118790283035,0.24991240427933586,0.2498384516427612,0.24982133738846973,0.24992549372753933,0.24982373407920425,0.24992108397614343,0.24962928024247924,0.24992750453817075,0.24978409452614317,0.24992487691387488
0.24996150875213555,0.24985805987668006,0.24993158673610694,0.25000000000000006,0.24992095583276455,0.2499729934565213,0.24984231639356114,0.2499670454974177,0.24996372565957933,0.24997550311864936,0.24996424299134498,0.24484049403495486,0.24706816309649754,0.2412128947595401,0.2448658129340183,0.2328367437778119,0.2434695812765687,0.24019675834105492,0.24927837506781023,0.24992920781696584,0.2498977353009369,0.24755745691958966,0.24668831343184577,0.2458530709196357,0.24665898413802606,0.2417252005886422,0.24621552311185343,0.2465388093528611,0.24779951256558239,0.24976078354894624,0.24990832870394533,0.24720468403138424,0.24499323010303514,0.2454582933452506,0.2469091579251128,0.24258423531298481,0.24773907144080937,0.2474788963294366,0.2486728401264318,0.24973600825497566,0.2499574748851404,0.24474804697430805,0.2472083711787543,0.24164312727265908,0.2453972222574227,0.2340685863196578,0.24266193436697595,0.24031477063204604,0.2492465220104452,0.24996178411031988,0.2499623094662397,0.24988834206201027,0.2498712243901609,0.24997540152828446,0.24987362155949236,0.24997099089630212,0.2496791288921416,0.2499774127404562,0.24983397409078065,0.24997478459144812
0.2499009736717349,0.24979754984928065,0.24987105890214856,0.24992095583276455,0.2500000000000001,0.24991245559478237,0.24978180700973218,0.24990650905173942,0.24990318955935337,0.24991496465875374,0.24990370609308518,0.24478104497509248,0.24700774333007916,0.2411541856835249,0.2448064341289579,0.23278026408657815,0.24341060004902426,0.24013858579558509,0.24921800422329424,0.24986868065661497,0.2498372155616316,0.24749746767333278,0.24662858822888617,0.245793482116017,0.24659927314507998,0.24166661102375037,0.24615591310919302,0.24647910286288718,0.2477395042292723,0.24970029698241353,0.24984780653955785,0.24714480110477738,0.24493387296176883,0.24539882014592812,0.24684934833461136,0.24252545989359128,0.247679064774182,0.24741895834722122,0.248612612668791,0.2496755277364675,0.2498969407690822,0.24468876705377324,0.24714849934719968,0.2415845959630709,0.24533778822315608,0.23401189127930544,0.24260316260835238,0.24025656888533142,0.24918615974813832,0.2499012489631956,0.24990177419192197,0.24982782470093762,0.24981071115841058,0.2499148630833591,0.2498131076845172,0.24991045351953547,0.24961866202339375,0.24991687380846592,0.2497734698939945,0.24991424629593617
0.2499530071348795,0.2498495617778967,0.24992308613654965,0.2499729934565213,0.24991245559478237,0.2500000000000001,0.2498338188302403,0.24995854369184736,0.2499552239669223,0.2499670010254208,0.24995574128109257,0.24483216659214374,0.24705975988686188,0.24120469069756761,0.2448574846300683,0.23282882460302104,0.24346130046083872,0.24018858883961525,0.24926989668509572,0.2499207072983195,0.24988923585272454,0.24754903706823647,0.24667992314154505,0.24584470903735733,0.24665059484526516,0.24171697910227488,0.24620714890195805,0.2465304241474493,0.24779108448150367,0.24975228875869673,0.2498998288954331,0.2471962761784386,0.2449848974654096,0.24544994489003097,0.24690076012351433,0.24257598460938104,0.24773064541243642,0.24747047915006312,0.2486643823389935,0.24972751430737575,0.2499489734050827,0.24473972267577876,0.24719996320040263,0.24163490857774506,0.2453888758793348,0.23406062524780058,0.2426536810206947,0.24030659711680688,0.2492380447111071,0.24995328248369797,0.24995380782174956,0.24987984293327764,0.24986272584362978,0.24996689943851097,0.24986512293142915,0.24996248895654166,0.2496706368791056,0.24996891058227785,0.24982547681119538,0.24996628252265754
0.24982234052006322,0.2497189492406639,0.2497924351633758,0.24984231639356114,0.24978180700973218,0.2498338188302403,0.25000000000000006,0.2498278741609038,0.24982455667588557,0.2498363259333991,0.24982514476381942,0.24470414448900535,0.24692973010148275,0.24107669968392517,0.244728556818093,0.23270201249099928,0.24333140505115441,0.2400602792881142,0.2491393305174835,0.24979005788944048,0.24975859926063113,0.24741925450463512,0.24655039554825278,0.24571523631287875,0.2465209812072557,0.24158800384011717,0.24607769220378561,0.24640051915460506,0.2476612551737908,0.24962172646489905,0.24976918881769747,0.2470666564220892,0.24485664376754487,0.24532110556375744,0.2467715343741587,0.24244863035828754,0.24760096183038297,0.24734083665843312,0.2485343015408658,0.24959696082352648,0.24981830828362567,0.2446114501650857,0.24707053912154775,0.2415079510855692,0.24526035266227372,0.23393759403555375,0.24252656828355612,0.24018068220515507,0.24910772902691364,0.2498226157261175,0.24982314078806409,0.24974921456522636,0.249732103364141,0.2498362255607362,0.2497344992593702,0.24983181738444182,0.24954012711627888,0.24983823565368646,0.24969487713048155,0.24983560896793697
0.24994705965133854,0.24984361675577657,0.24991713936496104,0.2499670454974177,0.24990650905173942,0.24995854369184736,0.2498278741609038,0.25000000000000017,0.24994927642669898,0.24996105320901177,0.2499497937242162,0.24482633959307765,0.24705387159279701,0.24119894888030588,0.24485165769733194,0.23282328373762873,0.24345550709819921,0.2401828736247726,0.2492639654421951,0.24991476058414305,0.2498832898857732,0.24754314645325778,0.2466740536460858,0.2458388588583187,0.246644726099126,0.2417112271496518,0.24620129066506122,0.2465245580870561,0.24778518845583206,0.24974634605040943,0.2498938826775264,0.24719039415730315,0.2449790679841214,0.24544410431045421,0.246894885147573,0.24257021242857812,0.24772475072639244,0.24746459069911114,0.248658465479522,0.24972157218886548,0.24994302601741253,0.2447338991765314,0.24719408119286793,0.24162915892487846,0.24538303695866112,0.2340550558363982,0.24264790718069232,0.24030087913654388,0.24923211423665143,0.24994733499360497,0.2499478603191568,0.24987389719063546,0.2498567805081299,0.24996095162441087,0.24985917753834067,0.24995654124738634,0.24966469611286318,0.2499629627203238,0.24981953236214224,0.24996033472323662
0.24994374007893413,0.2498402985572079,0.24991382018993102,0.24996372565957933,0.24990318955935337,0.2499552239669223,0.24982455667588557,0.24994927642669898,0.25000000000000033,0.24995773329356072,0.24994647614757784,0.2448230702533894,0.24705052302430325,0.2411956047005572,0.24484832794858116,0.23281984316064663,0.24345195936574682,0.24017948675718123,0.24926063351896247,0.24991144136249901,0.24987997093283196,0.24753982456296297,0.24667073990339203,0.24583553041864029,0.2466414040908256,0.24170782332392302,0.24619797058595638,0.2465211991889358,0.24778188006814697,0.24974302904599954,0.24989056366831217,0.24718709035106018,0.24497581234354263,0.24544082080372248,0.2468916025731139,0.24256696922722892,0.24772145225320188,0.24746128747217228,0.24865515902250046,0.24971825530328898,0.2499397064661586,0.24473062857216304,0.24719078682183168,0.24162591009276557,0.24537976363402325,0.2340519043979085,0.24264466940959792,0.2402976703202754,0.2492288027920615,0.2499440154176963,0.24994454073609756,0.24987057858984643,0.24985346191282354,0.24995763186746972,0.2498558590078921,0.24995322154901842,0.24966138125976783,0.2499596429367073,0.24981621450812294,0.24995701497452458
0.24995551659635015,0.24985207020080352,0.24992559529762146,0.24997550311864936,0.24991496465875374,0.2499670010254208,0.2498363259333991,0.24996105320901177,0.24995773329356072,0.2500000000000003,0.2499582507773325,0.24483462510671553,0.2470622431638049,0.24120711362411199,0.24485994363515998,0.23283116409233742,0.24346374678116164,0.24019100143669722,0.24927239944151275,0.24992321643676402,0.2498917446754652,0.2475515227296848,0.24668239990565713,0.24584717761516978,0.246653071372375,0.2417194071227913,0.2462096209996658,0.24653289984732524,0.24779357230797922,0.2497547962062465,0.24990233782432364,0.24719875803641142,0.24498735698050716,0.24545240918133332,0.24690323890176075,0.24257842000905352,0.2477331325821074,0.24747296376738823,0.2486668788692482,0.2497300215067087,0.24995148282617405,0.24474217990294114,0.24720244507265765,0.24163733473631552,0.2453913395862557,0.2340629753909146,0.24265611726681952,0.24030900981348885,0.24924054700109768,0.24995579194793155,0.2499563172912591,0.2498823516601998,0.24986523440016217,0.2499694090394569,0.24986763151064062,0.2499649985132076,0.24967314349674619,0.24997142020341503,0.24982798499208914,0.24996879211740977
0.249944257369337,0.2498408156335254,0.2499143374184111,0.24996424299134498,0.24990370609308518,0.24995574128109257,0.24982514476381942,0.2499497937242162,0.24994647614757784,0.2499582507773325,0.2500000000000005,0.24482633325313571,0.24705089400768954,0.2411960930464093,0.24484887608053546,0.23282064150368886,0.24345289003158568,0.24018015246230143,0.24926117086822688,0.2499119587465982,0.2498804883035783,0.24754028280840965,0.24667124015949005,0.245835986181547,0.24664192258504292,0.24170842548670607,0.24619849827485013,0.2465217843999449,0.24778239741970962,0.24974354625030626,0.24989108115433512,0.2471875946971802,0.2449763078698394,0.24544130792569493,0.2468921076136849,0.24256744464847915,0.24772195658022483,0.24746180034564905,0.24865566814115403,0.2497187722196524,0.24994022373912766,0.2447311352002527,0.24719129749740687,0.24162641585062972,0.24538027060090223,0.23405239671600814,0.2426451704145377,0.24029816968891518,0.24922931869685663,0.2499445327084476,0.2499450580281683,0.24987109572886404,0.24985397913769958,0.24995814918663617,0.24985637599261665,0.2499537388590655,0.24966189679916276,0.24996016026002565,0.24981673150767666,0.24995753229240125
0.24482091807677997,0.2447195966821803,0.244791611422842,0.24484049403495486,0.24478104497509248,0.24483216659214374,0.24470414448900535,0.24482633959307765,0.2448230702533894,0.24483462510671553,0.24482633325313571,0.25000000000000044,0.24192990337414155,0.2362074425263184,0.23980697289123595,0.2279680566556216,0.2384245130280343,0.23521966007295805,0.24414928416037832,0.2447893464863281,0.2447584582113775,0.24241835876031165,0.24158894624202082,0.24073727149658314,0.24156204926525554,0.23667523616221645,0.24112811869276157,0.24145347770567363,0.2426943160401413,0.2446244401800842,0.2447689238886758,0.2421024206269245,0.2399419712250928,0.24038013085618876,0.2418232803367961,0.23756431978450424,0.2426340018499297,0.24238018910746884,0.2435527185506242,0.24459993722686335,0.2448169435750334,0.2397032562727257,0.2421172609023305,0.2366540383057787,0.24034194414032517,0.2292352045352667,0.23766247277846386,0.2353640339200152,0.2441199478674396,0.24482118772564482,0.24482170231869538,0.24474925608229278,0.24473243500206182,0.24483452512828965,0.24473469192834793,0.24483020520735232,0.2445441792926986,0.2448364949919183,0.24469600344844877,0.24483392089143263
0.2470484090274405,0.2469461657651697,0.2470188357283685,0.24706816309649754,0.24700774333007916,0.24705975988686188,0.24692973010148275,0.24705387159279701,0.24705052302430325,0.2470622431638049,0.24705089400768954,0.24192990337414155,0.2500000000000004,0.23830213952938886,0.2419606770161017,0.2300642930168635,0.2406280975096236,0.23738982783625875,0.24637091655527676,0.24701647113601918,0.24698536226222476,0.24464843402403824,0.24380669706885244,0.24295120972118306,0.24378078631137387,0.23886859757311546,0.24334486917558665,0.243661648943593,0.244911513796584,0.2468500503706261,0.246995881546575,0.24431741623714243,0.24213407985952987,0.24258785333187585,0.24403070915304928,0.23974960902472986,0.24484793666440668,0.2445915022683233,0.24577278859576676,0.24682549497181056,0.24704441545294423,0.24189147977917227,0.24432546323933968,0.23882064353213223,0.24253471412827957,0.2313341239885796,0.23983113183911486,0.2375117860874978,0.24634153001896028,0.24704868118274204,0.24704920040747172,0.24697609502889628,0.24695915320641876,0.2470621398899688,0.24696151589454288,0.24705778066075254,0.24676937707793808,0.2470641276675567,0.2469223624630886,0.24706153014755575
0.24119360884216082,0.24109378864293768,0.24116473640069644,0.2412128947595401,0.2411541856835249,0.24120469069756761,0.24107669968392517,0.24119894888030588,0.2411956047005572,0.24120711362411199,0.2411960930464093,0.2362074425263184,0.23830213952938886,0.25000000000000044,0.23609739806201768,0.22441012804503832,0.23483814575848697,0.2317382130911159,0.24052898991820976,0.2411623343131853,0.24113215706355015,0.23880892105604576,0.23798613794788895,0.23709030051855376,0.2379720559983583,0.23307740554738604,0.23755417291355158,0.23787970526922644,0.23909921165999,0.24100041545272863,0.24114261754829674,0.2385017748878998,0.2363828568031031,0.23679540960363926,0.23824412400729855,0.2340304665615955,0.23903100270493105,0.23878364597322024,0.23993953283933944,0.24097589379704604,0.24118968273314534,0.23614829504622276,0.23852883161648297,0.2331452999293836,0.23677957953331621,0.22583678035813098,0.23413916766890783,0.23187545196058332,0.2405029014310752,0.2411938744401921,0.24119438146537656,0.24112300860570182,0.24110645282535628,0.24120701428826966,0.24110859988357997,0.24120275837467534,0.24092069071917036,0.24120895496764047,0.24107053962801855,0.24120641900485298
0.24484623495149826,0.24474490307927646,0.24481692526696572,0.2448658129340183,0.2448064341289579,0.2448574846300683,0.244728556818093,0.24485165769733194,0.24484832794858116,0.24485994363515998,0.24484887608053546,0.23980697289123595,0.2419606770161017,0.23609739806201768,0.2500000000000003,0.22772109977325644,0.23836330328588123,0.23522447607504884,0.2441709617978044,0.24481488755223763,0.24478341763172087,0.24246668525853832,0.24166052035422017,0.2408065789778829,0.24161569170422761,0.23664455190252523,0.24116283834164418,0.24146380073115362,0.24271841010207437,0.24464973140103743,0.24479435046194742,0.2421119193285437,0.23994075677662668,0.24037718193056776,0.24184600603100595,0.23756688676212104,0.2426527887834725,0.24240176742168043,0.2435747852336758,0.24462519892207676,0.24484225013337912,0.23972367577509673,0.24214109508353931,0.23667244273653779,0.24036614990023225,0.2292548058752195,0.23768599985406358,0.23538705433148469,0.24414515585523117,0.24484650459679672,0.24484701927298083,0.2447745655406373,0.24475773106501963,0.24485984340519595,0.24475994486686162,0.24485552303968192,0.244569341551576,0.24486181347770658,0.24472130479050053,0.24485923911076923
0.2328181275665691,0.23272177363750765,0.23279025772460976,0.2328367437778119,0.23278026408657815,0.23282882460302104,0.23270201249099928,0.23282328373762873,0.23281984316064663,0.23283116409233742,0.23282064150368886,0.2279680566556216,0.2300642930168635,0.22441012804503832,0.22772109977325644,0.25000000000000044,0.22632928486651818,0.22337833865377038,0.23214554460256037,0.2327885089009293,0.23275840745681803,0.23048559648829825,0.2297097891182341,0.2288510890863873,0.22959447572222647,0.22458971032990857,0.2291921489014954,0.2295275608767556,0.23075363748134903,0.2326319938462291,0.23276929042347308,0.230171216437235,0.22811267323314532,0.22848433054609757,0.2299658427014061,0.2258548535507879,0.23072682773332254,0.2304826764792565,0.23160085832563873,0.23260788519834888,0.23281431456928034,0.2279380059492269,0.23024013248627148,0.22503035316338574,0.22855387280853187,0.2179785879227937,0.22600479131618523,0.22381685324544628,0.2321512915925462,0.23281838385238066,0.23281887335781087,0.23274997892216565,0.23273394529206975,0.23283106749632948,0.23273590759233473,0.23282695937583608,0.2325542705087503,0.23283294079725517,0.23269931845818914,0.23283049289459884
0.24345011492824786,0.2433493608531722,0.24342097236834953,0.2434695812765687,0.24341060004902426,0.24346130046083872,0.24333140505115441,0.24345550709819921,0.24345195936574682,0.24346374678116164,0.24345289003158568,0.2384245130280343,0.2406280975096236,0.23483814575848697,0.23836330328588123,0.22632928486651818,0.2500000000000004,0.23368564509298692,0.24277325619499435,0.24341891391262202,0.2433875581553978,0.24110830102758965,0.2403866161588537,0.239559919814006,0.24030112638175286,0.23534193754170132,0.23979890072411578,0.24008548808532404,0.24132754341592097,0.24325430225986922,0.2433982795421827,0.24072450816626462,0.23854168622286295,0.23899181936122424,0.24045179675235642,0.23621010941229292,0.24127337850202163,0.24102639894214864,0.24219214866911823,0.24323037459156635,0.24344616073220007,0.2383644166167164,0.2407651160783041,0.23533070105329046,0.23900410037405032,0.22796227813880052,0.2363381575642781,0.2340484019906375,0.24275347848156295,0.24345038305640232,0.2434508947766257,0.24337885417425542,0.24336212137573274,0.24346364578448934,0.24336436421608412,0.24345935005275565,0.24317487460695417,0.243465604623975,0.24332590401284673,0.24346304493744222
0.24017755366776944,0.24007815397234958,0.24014880285470847,0.24019675834105492,0.24013858579558509,0.24018858883961525,0.2400602792881142,0.2401828736247726,0.24017948675718123,0.24019100143669722,0.24018015246230143,0.23521966007295805,0.23738982783625875,0.2317382130911159,0.23522447607504884,0.22337833865377038,0.23368564509298692,0.25000000000000067,0.23949530754505996,0.2401461252330153,0.2401163117569605,0.23784781242821812,0.23709326988915227,0.23622332811133184,0.2369902614788909,0.23223981475014688,0.23649555027086522,0.23677752045803085,0.23805280679555788,0.23998436862403183,0.24012645117370074,0.23745630157349915,0.23531625168895948,0.2357262020356091,0.23720015913537545,0.23297774158041365,0.238022046419613,0.2377730246942579,0.23892967476932736,0.23996050503114122,0.24017360558426756,0.23513683956726747,0.2375124987854942,0.23212358323750495,0.23577243204333426,0.22485404826209435,0.23314150743959763,0.23088249599256302,0.2394887792265607,0.24017781809015779,0.24017832302186984,0.24010725079623824,0.2400906105859578,0.24019090260918377,0.24009263553360552,0.2401866646315609,0.2399056934991063,0.2401928351461905,0.2400550054705559,0.24019030986621234
0.24925844428363392,0.24915528637789225,0.24922860642898836,0.24927837506781023,0.24921800422329424,0.24926989668509572,0.2491393305174835,0.2492639654421951,0.24926063351896247,0.24927239944151275,0.24926117086822688,0.24414928416037832,0.24637091655527676,0.24052898991820976,0.2441709617978044,0.23214554460256037,0.24277325619499435,0.23949530754505996,0.25000000000000044,0.2492262499191296,0.2491948103995631,0.24686852151557695,0.24601870932135586,0.2451796211364403,0.24598295630938227,0.2410544406133819,0.24552406034150953,0.2458441031965394,0.2471001104782202,0.24905820876295579,0.2492053939837704,0.24650458100561579,0.2442952470165094,0.24475933839130531,0.24621062212436887,0.24189322622145307,0.24704081507125028,0.24678192202615679,0.2479731284630691,0.24903355880251654,0.2492544176604419,0.24405831743953893,0.2465122341851954,0.240960330586578,0.24470650379992379,0.23340831924963773,0.2419786183177758,0.2396375268882839,0.24854539681686016,0.2492587188539916,0.24925924274450523,0.24918548338507057,0.24916840478215305,0.24927229798078596,0.24917077518101463,0.24926789975555713,0.24897680640582612,0.24927430353899652,0.24913126803904215,0.2492716827821132
0.24990922499615767,0.24980579775881703,0.24987930923883442,0.24992920781696584,0.24986868065661497,0.2499207072983195,0.24979005788944048,0.24991476058414305,0.24991144136249901,0.24992321643676402,0.2499119587465982,0.2447893464863281,0.24701647113601918,0.2411623343131853,0.24481488755223763,0.2327885089009293,0.24341891391262202,0.2401461252330153,0.2492262499191296,0.25000000000000056,0.24984546654692408,0.2475056459513965,0.24663660832632206,0.2458013929844548,0.24660732717310357,0.24167524957404346,0.24616413474787466,0.2464878567707755,0.24774772006490361,0.2497085436000958,0.24985605750789638,0.24715294319679754,0.24494201592637785,0.24540686150190338,0.24685751865539846,0.24253345280502658,0.24768722302879462,0.24742714914565822,0.2486208120628897,0.249683771993326,0.24990519193640656,0.24469684010602646,0.24715665995349778,0.24159259990474544,0.2453458823917334,0.23401965153439694,0.24261116245003012,0.24026451622014583,0.24919438702982558,0.2499095002960206,0.24991002554281738,0.24983607361022325,0.2498189599994883,0.249923114866444,0.2498213558051387,0.24991870515704612,0.24962690039508795,0.2499251256578937,0.24978171693516554,0.24992249805859929
0.24987775499647955,0.24977434078328853,0.24984784300631974,0.2498977353009369,0.2498372155616316,0.24988923585272454,0.24975859926063113,0.2498832898857732,0.24987997093283196,0.2498917446754652,0.2498804883035783,0.2447584582113775,0.24698536226222476,0.24113215706355015,0.24478341763172087,0.23275840745681803,0.2433875581553978,0.2401163117569605,0.2491948103995631,0.24984546654692408,0.2500000000000004,0.24747427474465256,0.2466054599359541,0.24577041269976369,0.2465761233622541,0.2416442676190393,0.2461328621202217,0.24645613842536584,0.24771635718844293,0.2496770968631642,0.24982459269076465,0.2471216213669725,0.2449109524332832,0.24537568361068793,0.2468262398568036,0.24250252429171926,0.24765594136107863,0.2473958364172724,0.24858945372135263,0.24965232804865464,0.24987372212916248,0.24466586633069196,0.24712542749027222,0.24156184067473183,0.24531485697732555,0.23398984207512794,0.24258047057867105,0.24023410036192674,0.24916299478912113,0.24987803026186772,0.2498785554421933,0.24980461282176972,0.24978749992086927,0.2498916431174051,0.24978989498331927,0.24988723396333545,0.24959546831235577,0.24989365365591135,0.2497502630809187,0.2498910263875013
0.2475376637295716,0.24743521798473073,0.24750803186353432,0.24755745691958966,0.24749746767333278,0.24754903706823647,0.24741925450463512,0.24754314645325778,0.24753982456296297,0.2475515227296848,0.24754028280840965,0.24241835876031165,0.24464843402403824,0.23880892105604576,0.24246668525853832,0.23048559648829825,0.24110830102758965,0.23784781242821812,0.24686852151557695,0.2475056459513965,0.24747427474465256,0.25000000000000056,0.2442667215449366,0.24342958397920983,0.24426815041981434,0.23933279843535896,0.24384457967421708,0.24418712485356003,0.2454085518128713,0.24733940143114874,0.2474853132155759,0.24479912700367373,0.2426186742898934,0.2430641586106617,0.24452542164738247,0.2402047910432828,0.24532979970552546,0.24506538317176357,0.2462565178005556,0.24731425293008796,0.24753364834339717,0.2423655540005085,0.24480602942367183,0.23928607295213386,0.24301011310467666,0.23178174223259715,0.24030058791526182,0.23797669067189087,0.2468289969397712,0.24753793638734153,0.24753845667512914,0.24746520651497628,0.2474482170576067,0.24755142177978623,0.24745051820137143,0.247547053920076,0.2472579440820129,0.24755341349964374,0.24741136376711073,0.24755081083475503
0.2466685897332597,0.24656650366270644,0.24663906190102444,0.24668831343184577,0.24662858822888617,0.24667992314154505,0.24655039554825278,0.2466740536460858,0.24667073990339203,0.24668239990565713,0.24667124015949005,0.24158894624202082,0.24380669706885244,0.23798613794788895,0.24166052035422017,0.2297097891182341,0.2403866161588537,0.23709326988915227,0.24601870932135586,0.24663660832632206,0.2466054599359541,0.2442667215449366,0.2500000000000003,0.24256066959259315,0.24347624489390055,0.2385403683121225,0.2431219982524108,0.24349644386759506,0.24464091564095378,0.24647153925490164,0.24661736720499017,0.2439375362721121,0.2417137492094222,0.24220947439620436,0.2439198329272067,0.2393862521550849,0.24455158419431866,0.24419533216101325,0.24543954949002003,0.24644576556727457,0.2466645654483815,0.24150200831561772,0.24393734625516783,0.23842118105231,0.24213801107298286,0.23092551890592736,0.23943302101336594,0.23711939726626058,0.24596053008024013,0.24666886140643815,0.24666937988649865,0.24659638688561442,0.2465793904731365,0.24668229946519438,0.2465815501482423,0.24667794694469522,0.24638996839857988,0.2466842842099664,0.24654273412502672,0.24668169068058987
0.2458334140019658,0.24573167357659068,0.2458039861456897,0.2458530709196357,0.245793482116017,0.24584470903735733,0.24571523631287875,0.2458388588583187,0.24583553041864029,0.24584717761516978,0.245835986181547,0.24073727149658314,0.24295120972118306,0.23709030051855376,0.2408065789778829,0.2288510890863873,0.239559919814006,0.23622332811133184,0.2451796211364403,0.2458013929844548,0.24577041269976369,0.24342958397920983,0.24256066959259315,0.25000000000000056,0.242557532068003,0.23761726477343673,0.24222872437829635,0.24252616261602447,0.24375779287450716,0.2456380042736853,0.24578236556069746,0.2431171379704474,0.24104641472771873,0.24141433434680556,0.24290366527423288,0.2385551905257891,0.24368071953773496,0.24335507480754898,0.24457448358153475,0.2456112879557169,0.24582938648585545,0.24068181061754332,0.24311065493276016,0.23761035376179357,0.2413217731264888,0.23014536921685977,0.2386267205017712,0.236315019512539,0.24512805777791302,0.24583368478515122,0.245834201474464,0.2457614556005929,0.24574446148087659,0.24584707730367542,0.24574665289083586,0.24584273952021024,0.24555590156369142,0.24584905533882706,0.2457079890662952,0.24584647059183082
0.2466392627844323,0.24653718885110762,0.24660973846282339,0.24665898413802606,0.24659927314507998,0.24665059484526516,0.2465209812072557,0.246644726099126,0.2466414040908256,0.246653071372375,0.24664192258504292,0.24156204926525554,0.24378078631137387,0.2379720559983583,0.24161569170422761,0.22959447572222647,0.24030112638175286,0.2369902614788909,0.24598295630938227,0.24660732717310357,0.2465761233622541,0.24426815041981434,0.24347624489390055,0.242557532068003,0.2500000000000004,0.2384032315312296,0.24301563759813896,0.24341328750798608,0.24462309851831068,0.24644190867900012,0.24658804691304795,0.24398595091322114,0.24222826082588658,0.2422414217027349,0.24360475549380403,0.23938465604261713,0.24468889804317784,0.24421278107301875,0.24550613548992092,0.24641650354197908,0.2466352564868091,0.24148858794953165,0.24391403101402515,0.23839833766051155,0.2421211864620175,0.23092081894460434,0.23941007362339997,0.23708506276441338,0.24593121948700708,0.24663953444715378,0.24664005284285617,0.24656706851836863,0.24655007517100822,0.24665297088575383,0.24655228519089184,0.24664861888143755,0.24636080255824386,0.24665495539373955,0.24651343654805477,0.24665236217416314
0.24170587371040195,0.24160584150563919,0.2416769399475059,0.2417252005886422,0.24166661102375037,0.24171697910227488,0.24158800384011717,0.2417112271496518,0.24170782332392302,0.2417194071227913,0.24170842548670607,0.23667523616221645,0.23886859757311546,0.23307740554738604,0.23664455190252523,0.22458971032990857,0.23534193754170132,0.23223981475014688,0.2410544406133819,0.24167524957404346,0.2416442676190393,0.23933279843535896,0.2385403683121225,0.23761726477343673,0.2384032315312296,0.25000000000000044,0.23796489827504447,0.238370466115806,0.2395709013662419,0.24151371252674544,0.24165604926372306,0.23902892111329566,0.23715472632367943,0.23737982774915353,0.23888448764155773,0.23460008888541192,0.2395845269784687,0.23926013182742387,0.24048547471197315,0.24148714479193667,0.24170185557662627,0.23661510883305292,0.23901587863612192,0.2335749592250369,0.2372504912484983,0.22623988039227913,0.23458937350707731,0.23232389476648455,0.2410092427934776,0.24170613989933057,0.24170664794009364,0.24163512342918464,0.24161830674131163,0.24171930756400245,0.24162023074377195,0.24171504261924148,0.2414331161529656,0.24172125242794198,0.24158258808221203,0.24171871108026816
0.24619583721470825,0.2460939467971448,0.2461663659740202,0.24621552311185343,0.24615591310919302,0.24620714890195805,0.24607769220378561,0.24620129066506122,0.24619797058595638,0.2462096209996658,0.24619849827485013,0.24112811869276157,0.24334486917558665,0.23755417291355158,0.24116283834164418,0.2291921489014954,0.23979890072411578,0.23649555027086522,0.24552406034150953,0.24616413474787466,0.2461328621202217,0.24384457967421708,0.2431219982524108,0.24222872437829635,0.24301563759813896,0.23796489827504447,0.25000000000000056,0.24277808176801158,0.24408069073691668,0.24599996322134562,0.24614408874248594,0.24357230665408786,0.2417580962385209,0.24202241826968762,0.24373461302766605,0.23898906147744495,0.24398462460501855,0.24376809035964206,0.24506021830944932,0.24597343273496924,0.24619178602031738,0.24108441421215338,0.24348672723004622,0.2380098735487785,0.24171049092523797,0.23055654462726133,0.23900142548939604,0.23667676373003732,0.2454901373111003,0.24619610839780165,0.2461966258402303,0.2461237727043624,0.24610686667241866,0.24620952064572815,0.24610905482552417,0.24620517646638124,0.24591800085936352,0.24621150160445812,0.24607028150037474,0.24620891305342704
0.2465190976077126,0.24641707340585448,0.24648958767065582,0.2465388093528611,0.24647910286288718,0.2465304241474493,0.24640051915460506,0.2465245580870561,0.2465211991889358,0.24653289984732524,0.2465217843999449,0.24145347770567363,0.243661648943593,0.23787970526922644,0.24146380073115362,0.2295275608767556,0.24008548808532404,0.23677752045803085,0.2458441031965394,0.2464878567707755,0.24645613842536584,0.24418712485356003,0.24349644386759506,0.24252616261602447,0.24341328750798608,0.238370466115806,0.24277808176801158,0.25000000000000033,0.2443591263109011,0.24632260620776683,0.24646729930340383,0.24383507764873827,0.24171247474211116,0.2422085670682086,0.24371397338433728,0.23920994210727572,0.2443406314693869,0.24405309839273712,0.24526695862240136,0.24629618650788693,0.2465150319673495,0.24133693888835214,0.24378264597642332,0.23824315447692887,0.2419887064962683,0.23077134007521552,0.2392816893412863,0.23697078844866046,0.2458106591772075,0.24651936906355018,0.24651988726656715,0.24644693846891985,0.24642984355715525,0.2465327989967612,0.2464319081020749,0.24652844912062974,0.246240673230943,0.2465347825709738,0.24639333743308567,0.24653219061528617
0.24777970002226551,0.24767715410847294,0.2477500391829122,0.24779951256558239,0.2477395042292723,0.24779108448150367,0.2476612551737908,0.24778518845583206,0.24778188006814697,0.24779357230797922,0.24778239741970962,0.2426943160401413,0.244911513796584,0.23909921165999,0.24271841010207437,0.23075363748134903,0.24132754341592097,0.23805280679555788,0.2471001104782202,0.24774772006490361,0.24771635718844293,0.2454085518128713,0.24464091564095378,0.24375779287450716,0.24462309851831068,0.2395709013662419,0.24408069073691668,0.2443591263109011,0.2500000000000003,0.24758014357976546,0.24772714351080571,0.24513909121344865,0.24317740696242834,0.2435705132897878,0.24505256931514918,0.2406486733757207,0.24573511560566275,0.24535634615457289,0.2464971558072267,0.24755601415237594,0.24777567746697976,0.24264508306460444,0.2450593768191864,0.2395710795080955,0.24326888959546425,0.23203005893272907,0.24054673101698607,0.23821419359695964,0.2470707831412236,0.24777997296046506,0.2477804937288061,0.2477071719181438,0.24769017704598278,0.24779347149794384,0.24769243939377952,0.24778909936930946,0.24750007485252395,0.24779546518858314,0.24765331489846956,0.24779285998236758
0.24974081419431923,0.24963745665534193,0.24971091859686292,0.24976078354894624,0.24970029698241353,0.24975228875869673,0.24962172646489905,0.24974634605040943,0.24974302904599954,0.2497547962062465,0.24974354625030626,0.2446244401800842,0.2468500503706261,0.24100041545272863,0.24464973140103743,0.2326319938462291,0.24325430225986922,0.23998436862403183,0.24905820876295579,0.2497085436000958,0.2496770968631642,0.24733940143114874,0.24647153925490164,0.2456380042736853,0.24644190867900012,0.24151371252674544,0.24599996322134562,0.24632260620776683,0.24758014357976546,0.25000000000000067,0.24968769256066292,0.24698571080324117,0.24477748542678388,0.2452406368108717,0.246692460006545,0.24237198902274668,0.24752013625918567,0.247260773910387,0.24845354997796082,0.24951551614233303,0.24973678357531812,0.24453197344327016,0.24699020621448883,0.2414302003978944,0.2451805368103187,0.23386238503791285,0.24244752973680167,0.2401027967406842,0.2490264433892356,0.2497410893041471,0.24974161420175084,0.24966771210499955,0.24965061503202224,0.24975469470475495,0.24965300250677755,0.24975028796713844,0.2494586563179513,0.24975670414081588,0.24961339190994145,0.24975407831220475
0.24988834755250391,0.249784928955486,0.24985843429434645,0.24990832870394533,0.24984780653955785,0.2498998288954331,0.24976918881769747,0.2498938826775264,0.24989056366831217,0.24990233782432364,0.24989108115433512,0.2447689238886758,0.246995881546575,0.24114261754829674,0.24479435046194742,0.23276929042347308,0.2433982795421827,0.24012645117370074,0.2492053939837704,0.24985605750789638,0.24982459269076465,0.2474853132155759,0.24661736720499017,0.24578236556069746,0.24658804691304795,0.24165604926372306,0.24614408874248594,0.24646729930340383,0.24772714351080571,0.24968769256066292,0.2500000000000008,0.24713227621695286,0.2449222152104418,0.24538640622006147,0.24683801809167127,0.2425134723067433,0.24766652968752312,0.24740646535808705,0.24860007252561667,0.2496629131710913,0.24988431475394163,0.24467631952864963,0.2471359997107152,0.24157240129587373,0.2453253189389779,0.234000004410332,0.24259081152334697,0.24024443344659194,0.24917356280747235,0.24988862282951532,0.24988914803228082,0.24981520227765916,0.24979809029931244,0.24990223626244293,0.24980048565830748,0.24989782692142437,0.24960604791210067,0.24990424688589974,0.2497608501848387,0.2499016195061126
0.24718491904694248,0.24708261928874156,0.24715532940673518,0.24720468403138424,0.24714480110477738,0.2471962761784386,0.2470666564220892,0.24719039415730315,0.24718709035106018,0.24719875803641142,0.2471875946971802,0.2421024206269245,0.24431741623714243,0.2385017748878998,0.2421119193285437,0.230171216437235,0.24072450816626462,0.23745630157349915,0.24650458100561579,0.24715294319679754,0.2471216213669725,0.24479912700367373,0.2439375362721121,0.2431171379704474,0.24398595091322114,0.23902892111329566,0.24357230665408786,0.24383507764873827,0.24513909121344865,0.24698571080324117,0.24713227621695286,0.2500000000000006,0.2422196768769886,0.24269990221899793,0.2441795645756631,0.2398449621936396,0.24506262724429545,0.2448530150351752,0.2459824413078604,0.24696145096446556,0.24718079070123247,0.24197558157553453,0.24444026785140013,0.23888082740126415,0.24266554531401024,0.23139577500447675,0.23997964612536524,0.237641549758125,0.24648152303652995,0.247185191219425,0.24718571086525157,0.24711256508839738,0.24709527480426952,0.2471986574876728,0.24709772198226218,0.24719429586160357,0.24690530469547764,0.24720064638361777,0.24705870828112458,0.2471980474173147
0.24497364193301216,0.24487225733223644,0.24494431699703692,0.24499323010303514,0.24493387296176883,0.2449848974654096,0.24485664376754487,0.2449790679841214,0.24497581234354263,0.24498735698050716,0.2449763078698394,0.2399419712250928,0.24213407985952987,0.2363828568031031,0.23994075677662668,0.22811267323314532,0.23854168622286295,0.23531625168895948,0.2442952470165094,0.24494201592637785,0.2449109524332832,0.2426186742898934,0.2417137492094222,0.24104641472771873,0.24222826082588658,0.23715472632367943,0.2417580962385209,0.24171247474211116,0.24317740696242834,0.24477748542678388,0.2449222152104418,0.2422196768769886,0.2500000000000008,0.2404725127696505,0.24209918094318855,0.2379132388271351,0.24306056646816046,0.2427879139875564,0.24387840079555784,0.24475230545024912,0.24496955856305427,0.23979433417896617,0.24226110574618617,0.23674679852568958,0.24053674588436472,0.2293708242473553,0.2378905795296824,0.2355457478000044,0.244281903434537,0.2449739117739768,0.24497442666936023,0.2449019352331361,0.2448846947781683,0.24498725747080172,0.2448875071810981,0.2449829348588476,0.24469699775869616,0.24498922857326716,0.24484854967802244,0.2449866528590631
