x1,x2,x3,x4,x5,x6,x7,x8,x9,x10,x11,x12,x13,x14,x15,x16,x17,x18,x19,x20,x21,x22,x23,x24,x25,x26,x27,x28,x29,x30,x31,x32,x33,x34,x35,x36,x37,x38,x39,x40,x41,x42,x43,x44,x45,x46,x47,x48,x49,x50,x51,x52,x53,x54,x55,x56,x57,x58,x59,x60
0.25,0.24973898691047483,0.24978197272312327,0.24979670299526835,0.24978605934869766,0.24984112717845142,0.2496840959966632,0.2498557082569036,0.2496076097987408,0.24986010901951022,0.24973177937543484,0.24246759195506581,0.23846648361258152,0.23806292485786254,0.23924791983388452,0.24165139953022802,0.24198932233307102,0.24376992889582066,0.24826516925587747,0.24968707283886468,0.24967031114699048,0.24325804465892006,0.2277103902346974,0.22222763783409566,0.22574148047119394,0.22949579879128498,0.22187673821232118,0.23317829911323623,0.23613681978183618,0.24924926756566995,0.2496364116509246,0.2417900409563048,0.23303486892890976,0.22566202903802207,0.22869789292412782,0.2288773604373123,0.22726054857472772,0.2367379848514597,0.23806878074914353,0.2493962203882858,0.24983167653301863,0.2385445206159809,0.23409565738632337,0.23575956225400907,0.2409549754949507,0.24157861183396812,0.24462219569350513,0.2442635249988003,0.2484712097496066,0.24970861389425075,0.2498194271949265,0.24971944628577042,0.2497686698299513,0.24981998234356909,0.24971730880405724,0.24984445219593948,0.2496145349528242,0.2498351405957982,0.249686781797539,0.24985996002160735
0.24973898691047483,0.24999999999999994,0.2497863194237906,0.24980135650639584,0.24979071280727094,0.24984578141837765,0.24968874958640006,0.2498603627742294,0.24961226045771484,0.24986476362592497,0.24973643179815608,0.24247220701431135,0.23847103702322756,0.23806748393842692,0.2392524324659537,0.24165596960793023,0.24199388922437343,0.24377452038183256,0.24826980292470946,0.24969172464246392,0.2496749613259313,0.24326256526249673,0.22771473489033933,0.22223181682511034,0.22574576684888414,0.22950034460426855,0.22188094464756247,0.23318274549160264,0.23614131125954216,0.24925391034365832,0.24964106495822222,0.24179463793453398,0.23303923744523738,0.225666339693315,0.2287021833530691,0.22888154213144948,0.2272647740414852,0.23674245184143233,0.23807315406993584,0.24940086473576503,0.24983633051323978,0.23854891495655692,0.23410011943587508,0.2357639991904082,0.24095949502923567,0.2415830888837463,0.24462672006278094,0.24426804712093372,0.24847582000768498,0.2497132651296833,0.24982408100829442,0.2497240982472166,0.24977332219955942,0.2498246361822659,0.24972196155414522,0.24984910649115952,0.2496191878081385,0.24983979471759313,0.24969143296274815,0.24986461460576212
0.24978197272312327,0.2497863194237906,0.2499999999999999,0.24984402758334856,0.24983337640213554,0.2498884606665912,0.24973135594829307,0.24990304382274994,0.24965487488520072,0.24990744544419383,0.24977908303811674,0.2425122983883669,0.23850942975237518,0.23810541162788224,0.23929155694729884,0.24169571440656495,0.24203375428378934,0.24381508135669677,0.24831211220772267,0.24973436416530273,0.24971761357671857,0.24330379387597748,0.22775092427741717,0.22226738606457014,0.22578334153265586,0.22953646764767455,0.22192243460679087,0.23322276872654246,0.23618170386361168,0.2492964760946047,0.24968365785435503,0.2418344227019071,0.23307872590275658,0.22570353426513173,0.22874277126845594,0.22892307958701893,0.22730571482999146,0.23678268887216877,0.23811558169936484,0.2494434907716982,0.24987900958082915,0.2385907819853239,0.23413856899524893,0.23580421172969543,0.2410001744792391,0.24162489754808733,0.24466906865686885,0.24431027051451873,0.24851860824521,0.24975593153971634,0.24986675656770643,0.24976675652850294,0.24981599813421274,0.2498673115614098,0.24976460778670243,0.24989178603861978,0.2496617817218846,0.24988247267373018,0.24973408874688152,0.24990729680158474
0.24979670299526835,0.24980135650639584,0.24984402758334856,0.25,0.24984844028317613,0.24990352149651612,0.24974645325189437,0.24991810621248303,0.2496699466240861,0.24992250808645797,0.24979414642504622,0.24252824923942,0.23852615089722398,0.23812249365326257,0.2393077212891892,0.24171181858797036,0.24204981102200612,0.24383085463564907,0.2483271816783664,0.24974942918298523,0.24973266181109682,0.24331877466536936,0.22776735725246852,0.22228315317316777,0.22579792823942338,0.22955333321371532,0.2219322217666064,0.2332366030042787,0.2361958786052156,0.24931151359353923,0.2496987577396716,0.2418505167687827,0.23309309323117255,0.22571851642889795,0.2287550330367672,0.22893447112969828,0.22731728054539801,0.2367971711121527,0.23812817527175187,0.2494585021195666,0.2498940684015032,0.23860405760823244,0.2341542259973851,0.2358184959773975,0.24101518355415694,0.24163892571653434,0.24468325370879393,0.24432450177194512,0.248533244142762,0.24977097465259346,0.24988181606533538,0.24978181019792114,0.2498310455830023,0.24988237136729324,0.24977967309416674,0.24990684733129184,0.24967687555731113,0.24989753340574603,0.24974913736804982,0.2499223590298623
0.24978605934869766,0.24979071280727094,0.24983337640213554,0.24984844028317613,0.25,0.2498928737193293,0.24973576216245136,0.24990745724705937,0.24965927681727448,0.2499118588075299,0.2497834975434652,0.24251624132648245,0.2385131563319432,0.23810938305293727,0.2392955117558126,0.2416996566533877,0.24203785998609376,0.2438192807687117,0.24831640065241323,0.24973876969395958,0.2497220257536576,0.24330825692625435,0.2277545123547239,0.22227139919685254,0.22578751503474126,0.229541791620167,0.2219275462641202,0.23322814914640078,0.2361862752486845,0.24930087555455324,0.24968805895023496,0.24183849534787363,0.2330828222928431,0.22570662946466705,0.22874743545919576,0.22892658864921986,0.22731077182078788,0.2367867169605795,0.23812008790249542,0.24944789482604313,0.24988342285596948,0.2385947903442938,0.23414233688869313,0.23580812417149924,0.2410043010350802,0.24162907168552894,0.2446734821095657,0.24431455040858738,0.24852303153628238,0.24976034165818667,0.2498711693767129,0.2497711675406201,0.24982040971762948,0.24987172434650473,0.2497690148152456,0.24989619925581705,0.24966618295407983,0.24988688572640846,0.24973849951112662,0.24991171029264772
0.24984112717845142,0.24984578141837765,0.2498884606665912,0.24990352149651612,0.2498928737193293,0.24999999999999997,0.24979086948238347,0.24996255187612457,0.24971434859746525,0.24996695454300807,0.24983856995712386,0.24257144247386778,0.23856863229376038,0.2381648980683698,0.2393503039543988,0.2417548424961896,0.24209288377678453,0.2438742414489869,0.2483713525324994,0.24979384514180802,0.24977707384758108,0.24336202864220746,0.22780791252815225,0.222322674961361,0.22583812052036914,0.22959425809422176,0.22197174968443076,0.23327811186050418,0.23623793509771976,0.24935585102260713,0.24974316598590898,0.24189357802693717,0.23313456201623764,0.2257587452193713,0.22879573533647699,0.22897518074500448,0.22735769422797378,0.2368393255022268,0.23817049530630624,0.24950286529700266,0.2499385097479594,0.23864647954327053,0.23419593003658995,0.23586047352473832,0.24105806522098805,0.24168189362325532,0.24472675025076862,0.2443679411760381,0.24857743425214546,0.24981539394422153,0.24992625526454262,0.24982623161768255,0.24987547554397765,0.24992681067303715,0.2498240946863762,0.24995129099017743,0.2497212799291679,0.24994197540825358,0.24979355287796312,0.24996680544738395
0.2496840959966632,0.24968874958640006,0.24973135594829307,0.24974645325189437,0.24973576216245136,0.24979086948238347,0.24999999999999992,0.2498054463784934,0.24955732006592019,0.24980984572785989,0.24968150008489887,0.24242007330554413,0.23841943925677134,0.23801062675453344,0.2391951093645303,0.2416005252660517,0.24193804413202596,0.24371905135423724,0.24821514195715635,0.24963683254564945,0.2496200299758534,0.24320595869076203,0.22765769639129207,0.22217197113535983,0.22568944175685374,0.2294411224926177,0.2218295454904485,0.23312630134256243,0.23608651751113816,0.24919906718226906,0.24958616902797537,0.24174026206418298,0.23298338556171905,0.22561528784365892,0.2286474337137701,0.22883160935701394,0.2272088464991384,0.23668932073907295,0.23801888681503522,0.24934605798968226,0.24978141935587855,0.23849665196585387,0.23404853551902366,0.23571113840277988,0.2409067561910015,0.24152998858518418,0.24457286984014467,0.24421449288394276,0.24842121825241573,0.2496583913041933,0.24976917275115423,0.24966921197865338,0.24971843127709342,0.2497697277711555,0.2496670777462312,0.2497941926925437,0.24956431109417182,0.24978488296527832,0.24963655393158735,0.24980969739842102
0.2498557082569036,0.2498603627742294,0.24990304382274994,0.24991810621248303,0.24990745724705937,0.24996255187612457,0.2498054463784934,0.24999999999999997,0.24972892192796037,0.24998154295118613,0.24985315076430037,0.24258555160596573,0.238582503074087,0.2381787380994012,0.2393642472404753,0.24176891955401106,0.24210698485436188,0.24388845014263558,0.24838584373430808,0.24980842326482455,0.24979165162198272,0.24337623707042114,0.2278211597714514,0.2223356326046581,0.2258512591433378,0.22960751723899286,0.22198465613377566,0.23329166808835097,0.2362516726033088,0.24937040402627253,0.24975773995334627,0.24190765017697596,0.23314815412183892,0.2257718703155142,0.2288090676584904,0.22898858430610844,0.22737096001156093,0.23685311896296746,0.23818442320133304,0.24951742742545469,0.2499530965414158,0.23866043176128088,0.23420954921509082,0.23587421609588663,0.24107211890228303,0.24169600997721413,0.24474104855792683,0.24438221676263502,0.24859195047759158,0.24982997377707583,0.24994084131409974,0.24984081182464649,0.2498900588750475,0.24994139674778906,0.2498386743703545,0.24996587849330087,0.24973585263344303,0.24995656236768787,0.24980813126907664,0.24998139385593166
0.2496076097987408,0.24961226045771484,0.24965487488520072,0.2496699466240861,0.24965927681727448,0.24971434859746525,0.24955732006592019,0.24972892192796037,0.24999999999999978,0.24973332021785108,0.24960501030839488,0.2423458511668922,0.23835031747028054,0.2379389751445363,0.23912570404651048,0.2415261203081017,0.2418642518475683,0.24364447569572184,0.248196630493633,0.24956037201388911,0.24954355994998784,0.24313152491104445,0.22758678867341472,0.22210292742003077,0.22561797826483634,0.22936981565389725,0.22175687280051534,0.23305243025941913,0.2360131205085916,0.2491227028571292,0.24950972456315473,0.24166659428938625,0.2329103056325158,0.22554484988457107,0.22857411722616278,0.22875844612947904,0.2271360334776746,0.23661578386912221,0.23794347210834246,0.24926964089957757,0.2497049009973768,0.2384212706956049,0.23397628333726306,0.2356364361214966,0.24083272891172344,0.24145424864385467,0.24449769949846256,0.2441387833736353,0.2483448628945941,0.24958189589442134,0.24969265903698817,0.24959272895568266,0.24964192032998844,0.2496932140270077,0.24959058540207466,0.249717671466487,0.24948786420825456,0.24970836459173054,0.2495600788542845,0.24973317142331583
0.24986010901951022,0.24986476362592497,0.24990744544419383,0.24992250808645797,0.2499118588075299,0.24996695454300807,0.24980984572785989,0.24998154295118613,0.24973332021785108,0.24999999999999986,0.24985755159517095,0.2425898059577654,0.23858669148749428,0.23818292496666743,0.23936845631373177,0.24177316638990312,0.2421112449871327,0.24389274171146452,0.24839021382502235,0.2498128230712068,0.24979605148001352,0.2433805338745858,0.2278251581849704,0.22233956300439164,0.22585522965309826,0.22961157382291575,0.22198854193931106,0.23329579067083722,0.2362558226318423,0.24937479637093476,0.24976213860108,0.24191189856824094,0.233152252266708,0.22577580021688856,0.22881308952148519,0.22899258321336277,0.22737497322683556,0.23685727108438162,0.23818861984184733,0.2495218222971717,0.24995749904064146,0.23866462458103388,0.23421365453556264,0.23587834882696485,0.24107635847069872,0.24170026192110516,0.24474536345862616,0.24438652023977542,0.2485963303640848,0.24983437407763484,0.24994524359031509,0.24984521233780108,0.2498944602537676,0.24994579903233696,0.24984307463626626,0.2499702812090253,0.24974025087595403,0.24996096491932243,0.2498125312256543,0.24998579684492886
0.24973177937543484,0.24973643179815608,0.24977908303811674,0.24979414642504622,0.2497834975434652,0.24983856995712386,0.24968150008489887,0.24985315076430037,0.24960501030839488,0.24985755159517095,0.24999999999999997,0.24246198253412385,0.23846405478417954,0.23805936450860643,0.23924477536300287,0.24164815857118924,0.24198603679577974,0.24376691521600968,0.2482627922644254,0.24968451385132842,0.24966775345826367,0.2432552624931866,0.22770644089858436,0.2222237676455077,0.22573755783227528,0.2294909892989934,0.22187294622069256,0.23317451031466702,0.236133391033649,0.24924671353716268,0.249633839687725,0.24178691132281577,0.23303158453655595,0.22565856294113498,0.22869450502511549,0.2288748080880468,0.22725725324716595,0.23673484474932097,0.23806613686709704,0.2493936743754586,0.24982911984170683,0.23854206766285038,0.23409261596488,0.23575651346306292,0.24095232371931155,0.24157609965361154,0.24461982719642336,0.24426109187878553,0.24846873482616427,0.24970606029690365,0.2498168703224732,0.24971689038990869,0.24976611554667055,0.24981742539790594,0.24971474742448335,0.24984189499651288,0.2496119640507891,0.24983258349149623,0.2496842270420042,0.24985740266325665
0.24246759195506581,0.24247220701431135,0.2425122983883669,0.24252824923942,0.24251624132648245,0.24257144247386778,0.24242007330554413,0.24258555160596573,0.2423458511668922,0.2425898059577654,0.24246198253412385,0.25,0.23119580494014227,0.23100727670799834,0.23219411491694342,0.23490503952951958,0.2352298920691098,0.23689785526581447,0.24109400218044616,0.24242123915056674,0.24240127421959362,0.23600533520542563,0.22092781725445804,0.2152439285758126,0.21931153799957656,0.22284228575950318,0.21587660254701896,0.22632484551860543,0.22938803637916502,0.24199198866688867,0.2423737005121649,0.23480612035463816,0.22608791354604077,0.21920658543956195,0.22205411415541948,0.22230834023095963,0.22055017156827308,0.22996777062915302,0.2310921726208192,0.24213840038155157,0.2425621440062473,0.23162512043472444,0.22741070339167477,0.22897954360001346,0.23399837376252117,0.23455997959109817,0.23747141335849237,0.2371518884732918,0.24122975296778995,0.24244303575832948,0.24255030144038667,0.24245323905215643,0.24250105701397395,0.24255085064379053,0.2424524826603472,0.24257460848564485,0.24235364969559028,0.2425655678424033,0.2424213602698046,0.24258966509443025
0.23846648361258152,0.23847103702322756,0.23850942975237518,0.23852615089722398,0.2385131563319432,0.23856863229376038,0.23841943925677134,0.238582503074087,0.23835031747028054,0.23858669148749428,0.23846405478417954,0.23119580494014227,0.25000000000000006,0.22679326087035895,0.22801376635497703,0.23061086301953,0.2311474229097415,0.23282439575762623,0.23710440496574559,0.23841988013545343,0.238402233081728,0.23210048996266047,0.21713642440789782,0.21146755230065378,0.21549264138086782,0.2186928704604455,0.2124007482242355,0.22258217529503896,0.22550486294352914,0.23799890759715087,0.23836968221843102,0.2307790303023927,0.222391347012687,0.2155545169798895,0.21853614463991908,0.21894964921452537,0.21703626953967717,0.22611314814390707,0.22742192846402107,0.23814518922954223,0.238559646154518,0.2279156863200521,0.22348807594318554,0.22518427777872724,0.2300768635124988,0.23073179577187367,0.2336100387120026,0.2332844963330578,0.2372828584717576,0.23844317436020454,0.23854786726124308,0.23845238623844364,0.2385002543504698,0.23854838006697923,0.2384503340774136,0.23857174483101176,0.2383498202166292,0.2385628533100057,0.23842135151480257,0.23858655291048692
0.23806292485786254,0.23806748393842692,0.23810541162788224,0.23812249365326257,0.23810938305293727,0.2381648980683698,0.23801062675453344,0.2381787380994012,0.2379389751445363,0.23818292496666743,0.23805936450860643,0.23100727670799834,0.22679326087035895,0.25,0.22757137129620836,0.23031692906566054,0.23062036975432815,0.23284593137661175,0.23672868090706303,0.2380156970093211,0.23799605189404097,0.23168520174080304,0.21646432574770166,0.21055431123021331,0.2148294243009395,0.21900295314637866,0.21365307061164013,0.22351145036897468,0.22564118817594672,0.23759107980653837,0.23796928881599438,0.23052576229071786,0.22210446942021217,0.21547627120022916,0.2187367528012483,0.21866785061338062,0.21721221833150622,0.22594648769260633,0.22713239658296758,0.2377391866977223,0.23815593690145012,0.22752468622923777,0.22328929460490604,0.22504988952382177,0.22974279025211153,0.23036458726999368,0.23317483257505126,0.23285770522952395,0.23686411771371746,0.23803930733901843,0.23814415690851937,0.23804884705762472,0.23809617416151785,0.23814468346142786,0.23804845523199092,0.23816800945799776,0.23795067763988742,0.23815913302692837,0.23801759713503348,0.23818279252528135
0.23924791983388452,0.2392524324659537,0.23929155694729884,0.2393077212891892,0.2392955117558126,0.2393503039543988,0.2391951093645303,0.2393642472404753,0.23912570404651048,0.23936845631373177,0.23924477536300287,0.23219411491694342,0.22801376635497703,0.22757137129620836,0.24999999999999986,0.23116305632316397,0.23154634358561857,0.2336014929648774,0.23784528989703596,0.23920119764482978,0.23918454602322903,0.23294403822854645,0.21808582246305894,0.21239930698681359,0.21643158985801722,0.2193824889717862,0.21312901494604974,0.22332903083623773,0.22625809680760214,0.2387802360098554,0.2391498307252692,0.23151386815873076,0.22319507315514783,0.21622669295239577,0.21933872915606625,0.2197149379980882,0.21791753123488877,0.22685686267285426,0.22823611123171897,0.23892593824785702,0.23934137533555438,0.2286693809334543,0.2241575407799963,0.2259016611926568,0.23080322777608892,0.23148595713213946,0.23439444478935453,0.23405535484065912,0.238069181542522,0.23922440571902345,0.23932951624668317,0.23923371599426982,0.23928178678298526,0.23933002346836343,0.23923102584647313,0.23935346472313324,0.23912945924609258,0.23934454405711378,0.2392026722891642,0.23936832130843608
0.24165139953022802,0.24165596960793023,0.24169571440656495,0.24171181858797036,0.2416996566533877,0.2417548424961896,0.2416005252660517,0.24176891955401106,0.2415261203081017,0.24177316638990312,0.24164815857118924,0.23490503952951958,0.23061086301953,0.23031692906566054,0.23116305632316397,0.24999999999999975,0.23390583116624258,0.2359818651403778,0.24027960813701577,0.24160555884213158,0.24158554857168593,0.2354318650448464,0.22096835794340206,0.2152033863391815,0.2183359025996855,0.2214567901230165,0.2148440437652045,0.22608148266272476,0.2286634790735946,0.24117818834060112,0.24155721895022195,0.23397386315245178,0.2254979607179511,0.21849493636168946,0.22140051793542662,0.22173201870879422,0.21996355715567845,0.2292032471062818,0.23038410905561305,0.24132369193627676,0.2417456915313883,0.2308677181694081,0.22656809103007827,0.2282145155543889,0.23317187352097815,0.23378135091118912,0.23668933795662253,0.23636136066299118,0.24042760238172717,0.2416268778997667,0.24173380597581426,0.241637062011961,0.24168483735502932,0.24173434394047516,0.24163568611012518,0.24175802172768265,0.24153639323514076,0.24174901150553457,0.24160538424006683,0.24177302763226852
0.24198932233307102,0.24199388922437343,0.24203375428378934,0.24204981102200612,0.24203785998609376,0.24209288377678453,0.24193804413202596,0.24210698485436188,0.2418642518475683,0.2421112449871327,0.24198603679577974,0.2352298920691098,0.2311474229097415,0.23062036975432815,0.23154634358561857,0.23390583116624258,0.24999999999999992,0.23606831483150958,0.24056587333551976,0.24194495533636529,0.24192587275172553,0.23581039347397922,0.22079150272879688,0.21544505322645485,0.2187377294366269,0.22207719360793932,0.21504258207308205,0.22573328062201953,0.22880205324425287,0.24151736171155105,0.2418945827598574,0.23428830885297977,0.22572867666708518,0.21865398684886792,0.22148660114081295,0.22182566825382663,0.22009056076647282,0.22942561699195937,0.23062786479367978,0.24166117100143072,0.24208365768893347,0.23111918273748022,0.22683879014827082,0.22839527349492753,0.23348768659964844,0.23405177925176088,0.23702772281287707,0.2366754706192565,0.24076112796552143,0.24196434407826498,0.24207182683408848,0.24197494859216426,0.24202249855587024,0.24207236739031043,0.24197287754329067,0.24209607845881695,0.24187331683971486,0.24208705564488342,0.24194324965085975,0.24211110535397576
0.24376992889582066,0.24377452038183256,0.24381508135669677,0.24383085463564907,0.2438192807687117,0.2438742414489869,0.24371905135423724,0.24388845014263558,0.24364447569572184,0.24389274171146452,0.24376691521600968,0.23689785526581447,0.23282439575762623,0.23284593137661175,0.2336014929648774,0.2359818651403778,0.23606831483150958,0.24999999999999972,0.24231628375869427,0.2437236790147112,0.24370568168586976,0.23746971239574122,0.22260981850565925,0.2171053605154845,0.22094587710701263,0.22407489989388601,0.21665146896742457,0.22736315639394797,0.23059433504828952,0.24329449357744481,0.24367288801599488,0.2359694831603106,0.2273542054701724,0.22010222478508062,0.22307109407937437,0.22337175688583433,0.22183908431671234,0.2311272517992111,0.23236587446642196,0.24343949711148904,0.24386505103708522,0.23280437723507755,0.22844072788309427,0.23003213311445211,0.23518130141833488,0.23577963962707993,0.23878530680836205,0.23842156985558047,0.2425395770709049,0.24374487685986043,0.24385304044714823,0.24375544318797357,0.24380350120912855,0.2438535773504088,0.24375278512212753,0.24387746268527083,0.24365161295865528,0.2438683734646783,0.24372357544380124,0.24389260013138248
0.24826516925587747,0.24826980292470946,0.24831211220772267,0.2483271816783664,0.24831640065241323,0.2483713525324994,0.24821514195715635,0.24838584373430808,0.248196630493633,0.24839021382502235,0.2482627922644254,0.24109400218044616,0.23710440496574559,0.23672868090706303,0.23784528989703596,0.24027960813701577,0.24056587333551976,0.24231628375869427,0.24999999999999964,0.2482186899177197,0.2482012369689387,0.24186223823803388,0.22641392075762523,0.22100825130679153,0.22440808281027935,0.22808630283820344,0.2205748252220404,0.23176836060215716,0.23474703007449507,0.24778232478399628,0.24816782343947835,0.240366499220289,0.23164140654788612,0.22431966939701473,0.22732278343022164,0.22752538172266162,0.22589234713245468,0.2353482071860044,0.2366493144514964,0.2479287910688566,0.24836194311507837,0.23712642049815486,0.23271417848322018,0.23435211299526895,0.23953678830460037,0.24014408449745783,0.24318092854707485,0.24282039787241258,0.2470079238499733,0.24823953700241116,0.248349771479396,0.2482503790800243,0.24829924169585235,0.24835032402588506,0.24824819287043037,0.24837464998216652,0.24814603601903318,0.24836539316401074,0.24821789070627678,0.2483900665809211
0.24968707283886468,0.24969172464246392,0.24973436416530273,0.24974942918298523,0.24973876969395958,0.24979384514180802,0.24963683254564945,0.24980842326482455,0.24956037201388911,0.2498128230712068,0.24968451385132842,0.24242123915056674,0.23841988013545343,0.2380156970093211,0.23920119764482978,0.24160555884213158,0.24194495533636529,0.2437236790147112,0.2482186899177197,0.24999999999999978,0.24962301290111433,0.2432095021752915,0.22766449624475268,0.22217633319799648,0.2256978117522595,0.2294451021162816,0.22183575997930843,0.23313073337593715,0.23609170605453908,0.24920204204207672,0.24958918451327114,0.2417447074435745,0.23298839231458632,0.22562167561080418,0.22865312482672237,0.2288359625550802,0.22721373934309658,0.23669372127670532,0.23802174020877573,0.24934900192697534,0.24978439488307388,0.23849891096886036,0.23405216383097197,0.2357146081361085,0.24090970015023033,0.24153211097408053,0.24457551040554576,0.2442168974796957,0.2484239934196098,0.24966135307780407,0.2497721488168973,0.24967218692995077,0.24972139645241437,0.2497727039957746,0.24967005745436777,0.24979716922225934,0.24956731558035838,0.24978785938468592,0.2496395264411939,0.24981267411352487
0.24967031114699048,0.2496749613259313,0.24971761357671857,0.24973266181109682,0.2497220257536576,0.24977707384758108,0.2496200299758534,0.24979165162198272,0.24954355994998784,0.24979605148001352,0.24966775345826367,0.24240127421959362,0.238402233081728,0.23799605189404097,0.23918454602322903,0.24158554857168593,0.24192587275172553,0.24370568168586976,0.2482012369689387,0.24962301290111433,0.24999999999999975,0.24319190669778482,0.2276473114710268,0.2221756627876363,0.2256869124085668,0.22942882507073364,0.22182427234957552,0.23312436721930058,0.2360758565144022,0.24918529859933003,0.24957230156712945,0.2417255923187687,0.23297562958850115,0.2256054358112031,0.22864554771192827,0.22882560590224987,0.2272063002966158,0.23667686539802296,0.23801150272621163,0.24933232584832227,0.2497676301327778,0.23848632573910866,0.23403265273310087,0.2357000474839823,0.2408922864907064,0.2415179197376999,0.24456063190885602,0.24420200958258345,0.24840825060415886,0.2496446184031651,0.24975538068921527,0.24965542497594587,0.2497046563862105,0.24975593509268057,0.2496532661045879,0.24978039864582566,0.24955044323245387,0.24977108943147028,0.24962277515124684,0.24979590249407496
0.24325804465892006,0.24326256526249673,0.24330379387597748,0.24331877466536936,0.24330825692625435,0.24336202864220746,0.24320595869076203,0.24337623707042114,0.24313152491104445,0.2433805338745858,0.2432552624931866,0.23600533520542563,0.23210048996266047,0.23168520174080304,0.23294403822854645,0.2354318650448464,0.23581039347397922,0.23746971239574122,0.24186223823803388,0.2432095021752915,0.24319190669778482,0.24999999999999997,0.22123718585754318,0.2161272536947382,0.2203938628136071,0.22348431625492457,0.21718357175434874,0.227302210317612,0.23025777734456923,0.2427810079715739,0.24315919177851344,0.2354328452931595,0.22681322128874987,0.21984508136000064,0.2232009806265887,0.22334395336487606,0.22165552646477119,0.2307454199090628,0.232061937468809,0.24292926368316725,0.24335293073994452,0.23246872994576337,0.2280050733637997,0.22971710294138242,0.2347063927702418,0.23534820196252523,0.23829956628174587,0.23795633162809446,0.24204687028242808,0.2432337638833984,0.2433409238796932,0.2432435258251698,0.24329205280275268,0.24334145035954494,0.24324146124034055,0.2433652849307367,0.24313948796301713,0.2433562147703478,0.2432118199625789,0.24338039055801744
0.2277103902346974,0.22771473489033933,0.22775092427741717,0.22776735725246852,0.2277545123547239,0.22780791252815225,0.22765769639129207,0.2278211597714514,0.22758678867341472,0.2278251581849704,0.22770644089858436,0.22092781725445804,0.21713642440789782,0.21646432574770166,0.21808582246305894,0.22096835794340206,0.22079150272879688,0.22260981850565925,0.22641392075762523,0.22766449624475268,0.2276473114710268,0.22123718585754318,0.24999999999999967,0.20020023634434406,0.20598240887671165,0.21166810499432293,0.20797859114932887,0.21580369236951286,0.21706773511099423,0.2272500968860165,0.22761491384919302,0.22045437720817818,0.2110140030003004,0.20546700026265385,0.21105925239381038,0.20905560972729118,0.2099469146785328,0.21640424593428814,0.21762637849540536,0.22739498021918825,0.22779963570581702,0.21738008024812092,0.2134350070852512,0.21517921512511284,0.21967118665453972,0.22021015587953083,0.22306122804204148,0.22262651851119306,0.22656787264636652,0.2276860413979753,0.22778809025511343,0.2276969065003326,0.22774091282934275,0.22778858126128293,0.22769433833571803,0.227810894221979,0.22760048446432898,0.2278024038298478,0.22766694882993363,0.22782503443954438
0.22222763783409566,0.22223181682511034,0.22226738606457014,0.22228315317316777,0.22227139919685254,0.222322674961361,0.22217197113535983,0.2223356326046581,0.22210292742003077,0.22233956300439164,0.2222237676455077,0.2152439285758126,0.21146755230065378,0.21055431123021331,0.21239930698681359,0.2152033863391815,0.21544505322645485,0.2171053605154845,0.22100825130679153,0.22217633319799648,0.2221756627876363,0.2161272536947382,0.20020023634434406,0.24999999999999964,0.1982238206469554,0.20286505321388654,0.2033626689182209,0.20919613348386126,0.21143626544945957,0.22177306712493747,0.22212789292989882,0.21507403772088288,0.20704481830619773,0.20159317115429007,0.20382178326788455,0.2053763585565497,0.20379827968232594,0.21162157480732902,0.212613247476028,0.2219296197258929,0.22231445289144325,0.21284871590778712,0.2084911263724888,0.21035826835347926,0.21455106379607342,0.21526640592568708,0.21774279399412078,0.21751434584690746,0.22117758683156086,0.22220922016517633,0.22230342126382824,0.22221442728894245,0.22226117971696963,0.22230387006768088,0.2222150916281434,0.22232564116661588,0.22211708062520988,0.2223173550277076,0.22218569414928793,0.22233944076125917
0.22574148047119394,0.22574576684888414,0.22578334153265586,0.22579792823942338,0.22578751503474126,0.22583812052036914,0.22568944175685374,0.2258512591433378,0.22561797826483634,0.22585522965309826,0.22573755783227528,0.21931153799957656,0.21549264138086782,0.2148294243009395,0.21643158985801722,0.2183359025996855,0.2187377294366269,0.22094587710701263,0.22440808281027935,0.2256978117522595,0.2256869124085668,0.2203938628136071,0.20598240887671165,0.1982238206469554,0.2499999999999998,0.20549807898692246,0.2044328352319487,0.21497754962505045,0.2167177694436657,0.22528223698667993,0.2256495208725993,0.21900519161555193,0.21258801196802973,0.20384166395147926,0.20473210420456342,0.20658269770905438,0.2096338880593264,0.21578804039393398,0.21679014463763263,0.22542911691862466,0.22582993905654147,0.21585938119965362,0.2118589846483754,0.21406479953869287,0.21789341562140435,0.218676491043341,0.22115072587565107,0.22080928293069993,0.22463903803083535,0.2257184933147987,0.22581848920189398,0.22572808991279694,0.2257724886466778,0.22581896900590592,0.2257281430783776,0.2258410885118139,0.22563544057846252,0.22583267150831085,0.22569846454121778,0.22585510643801168
0.22949579879128498,0.22950034460426855,0.22953646764767455,0.22955333321371532,0.229541791620167,0.22959425809422176,0.2294411224926177,0.22960751723899286,0.22936981565389725,0.22961157382291575,0.2294909892989934,0.22284228575950318,0.2186928704604455,0.21900295314637866,0.2193824889717862,0.2214567901230165,0.22207719360793932,0.22407489989388601,0.22808630283820344,0.2294451021162816,0.22942882507073364,0.22348431625492457,0.21166810499432293,0.20286505321388654,0.20549807898692246,0.24999999999999975,0.20162094391627775,0.21374324676643597,0.21753736745938537,0.2290333500899713,0.2294080962337123,0.22258233364782795,0.21490776150055538,0.2088352661728771,0.20981400468816874,0.21124509813359443,0.20799833096764575,0.21784143951909352,0.21880714734604018,0.22918316506768846,0.2295853960632365,0.21925995643788365,0.21530026761075674,0.2168275100869589,0.22155338080076117,0.22210275024809586,0.224763180345352,0.22450659259450592,0.22832589774287937,0.2294733287647389,0.2295742040181649,0.22948233388566722,0.22952784473530732,0.22957472039379628,0.22948162498802924,0.2295972066014597,0.22938653865581304,0.22958864960205413,0.22945211188798165,0.22961145769493094
0.22187673821232118,0.22188094464756247,0.22192243460679087,0.2219322217666064,0.2219275462641202,0.22197174968443076,0.2218295454904485,0.22198465613377566,0.22175687280051534,0.22198854193931106,0.22187294622069256,0.21587660254701896,0.2124007482242355,0.21365307061164013,0.21312901494604974,0.2148440437652045,0.21504258207308205,0.21665146896742457,0.2205748252220404,0.22183575997930843,0.22182427234957552,0.21718357175434874,0.20797859114932887,0.2033626689182209,0.2044328352319487,0.20162094391627775,0.24999999999999972,0.20531889257683697,0.21002608510718368,0.22142670081529844,0.22178609490169077,0.2151656409960841,0.2099269934821787,0.20203681941385362,0.20666869192000042,0.2020989229678081,0.19942398496223007,0.20981349026452362,0.21174325815205483,0.22156952141463143,0.2219638029803379,0.21171699134867022,0.20766864124808818,0.20956825886189798,0.21400884323305652,0.21459001980957707,0.21735525965824198,0.21690829560361752,0.22075225874610596,0.22185301093982945,0.2219524362938984,0.22186358192326286,0.22190646140929737,0.2219529033030406,0.22185771919875877,0.2219746437804264,0.2217626633436948,0.22196637086511617,0.22183446395582823,0.22198842170730124
0.23317829911323623,0.23318274549160264,0.23322276872654246,0.2332366030042787,0.23322814914640078,0.23327811186050418,0.23312630134256243,0.23329166808835097,0.23305243025941913,0.23329579067083722,0.23317451031466702,0.22632484551860543,0.22258217529503896,0.22351145036897468,0.22332903083623773,0.22608148266272476,0.22573328062201953,0.22736315639394797,0.23176836060215716,0.23313073337593715,0.23312436721930058,0.227302210317612,0.21580369236951286,0.20919613348386126,0.21497754962505045,0.21374324676643597,0.20531889257683697,0.24999999999999964,0.21958727999795408,0.23271110911263704,0.2330825291284732,0.22583544555689736,0.2181273915647574,0.2114271715173402,0.21533874542159975,0.2136694121617601,0.21154038358949773,0.22102850935736482,0.22193974337528313,0.23286035732837998,0.23326952548534896,0.22254899887323387,0.2182832034732989,0.21982197871526293,0.22491932130237857,0.22544696450496524,0.22843567539192075,0.22803949885936042,0.23200679613519629,0.23315416675930842,0.23325784141879935,0.2331644686553973,0.23321029396047926,0.2332583361778519,0.23315907339784553,0.2332811833363931,0.2330589551306547,0.23327248900785186,0.23313404486328074,0.23329566304127866
0.23613681978183618,0.23614131125954216,0.23618170386361168,0.2361958786052156,0.2361862752486845,0.23623793509771976,0.23608651751113816,0.2362516726033088,0.2360131205085916,0.2362558226318423,0.236133391033649,0.22938803637916502,0.22550486294352914,0.22564118817594672,0.22625809680760214,0.2286634790735946,0.22880205324425287,0.23059433504828952,0.23474703007449507,0.23609170605453908,0.2360758565144022,0.23025777734456923,0.21706773511099423,0.21143626544945957,0.2167177694436657,0.21753736745938537,0.21002608510718368,0.21958727999795408,0.24999999999999967,0.23565001657618664,0.2360456759148122,0.2288096680421607,0.22134768173042862,0.2136919909480416,0.21776889630641294,0.21633053798385526,0.21496749191040268,0.22378215721250236,0.22451069527808554,0.2358124472597752,0.23622914637493228,0.2254132845988241,0.22123520086797577,0.2229665725063055,0.22779701842444533,0.2283317386831954,0.23127969867098944,0.23090650037265706,0.23492608417119246,0.23611154067778245,0.23621736532166998,0.23612282194681042,0.23616849721421845,0.2362178882311595,0.23611915314600784,0.23624102656490306,0.23602161068174496,0.23623222198837804,0.23609172391923108,0.23625569005337324
0.24924926756566995,0.24925391034365832,0.2492964760946047,0.24931151359353923,0.24930087555455324,0.24935585102260713,0.24919906718226906,0.24937040402627253,0.2491227028571292,0.24937479637093476,0.24924671353716268,0.24199198866688867,0.23799890759715087,0.23759107980653837,0.2387802360098554,0.24117818834060112,0.24151736171155105,0.24329449357744481,0.24778232478399628,0.24920204204207672,0.24918529859933003,0.2427810079715739,0.2272500968860165,0.22177306712493747,0.22528223698667993,0.2290333500899713,0.22142670081529844,0.23271110911263704,0.23565001657618664,0.2499999999999997,0.24915145607512607,0.24131736162592982,0.23257281392425608,0.22522226857450905,0.2282418562688404,0.22843387888596625,0.22680912378579582,0.23627357100947963,0.23760333856595564,0.2489118691247117,0.24934642082045297,0.2380829334095411,0.2336393311105393,0.2353002998369888,0.24048687603862193,0.2411108432169734,0.2441474786740598,0.24379010574767415,0.2479889311359707,0.24922362084040978,0.24933419388001757,0.24923440699671692,0.24928355600410368,0.24933474762888944,0.2492322622037617,0.2493591699259774,0.24912963412866856,0.24934987641089726,0.24920180988222165,0.2493746476290153
0.2496364116509246,0.24964106495822222,0.24968365785435503,0.2496987577396716,0.24968805895023496,0.24974316598590898,0.24958616902797537,0.24975773995334627,0.24950972456315473,0.24976213860108,0.249633839687725,0.2423737005121649,0.23836968221843102,0.23796928881599438,0.2391498307252692,0.24155721895022195,0.2418945827598574,0.24367288801599488,0.24816782343947835,0.24958918451327114,0.24957230156712945,0.24315919177851344,0.22761491384919302,0.22212789292989882,0.2256495208725993,0.2294080962337123,0.22178609490169077,0.2330825291284732,0.2360456759148122,0.24915145607512607,0.2499999999999997,0.24169160657953365,0.23293931364213136,0.22557687155063588,0.22860853493904018,0.22878151256426552,0.2271663615319018,0.23664664768936036,0.23796963602128904,0.24929831862102822,0.24973371511302705,0.23844621170385297,0.23400589521799872,0.2356656970383671,0.24086088402836237,0.24148026625452285,0.24452466340493548,0.24416532744419497,0.24837280972565823,0.24961066554742709,0.24972147220105517,0.24962153089431416,0.24967070142047207,0.24972202776876137,0.2496194060636281,0.24974648806540375,0.2495167513034657,0.24973718011836724,0.24958886937673713,0.24976198981262912
0.2417900409563048,0.24179463793453398,0.2418344227019071,0.2418505167687827,0.24183849534787363,0.24189357802693717,0.24174026206418298,0.24190765017697596,0.24166659428938625,0.24191189856824094,0.24178691132281577,0.23480612035463816,0.2307790303023927,0.23052576229071786,0.23151386815873076,0.23397386315245178,0.23428830885297977,0.2359694831603106,0.240366499220289,0.2417447074435745,0.2417255923187687,0.2354328452931595,0.22045437720817818,0.21507403772088288,0.21900519161555193,0.22258233364782795,0.2151656409960841,0.22583544555689736,0.2288096680421607,0.24131736162592982,0.24169160657953365,0.2499999999999994,0.22509478814343514,0.21840319351462834,0.22222047804160222,0.22140936582236564,0.22073205775916516,0.2293214655550016,0.2305542744680501,0.24145800736151912,0.24188463549482528,0.23062910420725088,0.22656227141181726,0.22820976719640806,0.23324659192726313,0.2337766258156327,0.23685772305637826,0.23640204238404527,0.2405593783358827,0.24176347829926992,0.24187251595256906,0.24177570752052205,0.2418221333080611,0.24187305304680082,0.24177250663889502,0.24189674599908506,0.2416741978610537,0.2418877306573267,0.24174393713275344,0.2419117605494067
0.23303486892890976,0.23303923744523738,0.23307872590275658,0.23309309323117255,0.2330828222928431,0.23313456201623764,0.23298338556171905,0.23314815412183892,0.2329103056325158,0.233152252266708,0.23303158453655595,0.22608791354604077,0.222391347012687,0.22210446942021217,0.22319507315514783,0.2254979607179511,0.22572867666708518,0.2273542054701724,0.23164140654788612,0.23298839231458632,0.23297562958850115,0.22681322128874987,0.2110140030003004,0.20704481830619773,0.21258801196802973,0.21490776150055538,0.2099269934821787,0.2181273915647574,0.22134768173042862,0.23257281392425608,0.23293931364213136,0.22509478814343514,0.24999999999999983,0.20895711687759874,0.21435204324029664,0.2152943694931805,0.21483059491261744,0.2224404774353829,0.22327379413453857,0.2327152185996325,0.23312605539547637,0.22261092573316962,0.21861171412905706,0.21999611321952467,0.22489363025908377,0.2255731630616938,0.22826850682333655,0.22791889871874063,0.2318788469160303,0.23301112496726997,0.23311431166289084,0.2330210005427012,0.23306701087504558,0.23311481517762145,0.23302071338358554,0.23313764912004026,0.232924686755753,0.23312896017796259,0.2329904005364469,0.233152119951247
