x1,x2,x3,x4,x5,x6,x7,x8,x9,x10,x11,x12,x13,x14,x15,x16,x17,x18,x19,x20,x21,x22,x23,x24,x25,x26,x27,x28,x29,x30,x31,x32,x33,x34,x35,x36,x37,x38,x39,x40,x41,x42,x43,x44,x45,x46,x47,x48,x49,x50,x51,x52,x53,x54,x55,x56,x57,x58,x59,x60
0.25000000000000006,0.24946173697950697,0.24986582119426756,0.24993715047866982,0.24989282533778587,0.24995520497205534,0.24996049410520324,0.2499352771918763,0.24995530510768937,0.2499875728639875,0.2497236259089307,0.24177689281583895,0.24397073030664745,0.2420918583521261,0.2471354316957496,0.23559834444955013,0.2490654971270475,0.23847642412063674,0.24920279937593245,0.24987837543820696,0.24971299116094112,0.245582033455258,0.23731291929792422,0.24159155079420497,0.23847835252205185,0.24101102885461217,0.23326821732018557,0.23567896715963113,0.23951831023142633,0.24884220437675827,0.24974813474091323,0.24258214714605542,0.23773959232048103,0.23536839975223742,0.23813977644708098,0.24352151019544263,0.2393114930919663,0.24156618976917046,0.24170280680856931,0.2493407264641308,0.249790846543389,0.24021243085119126,0.2409334276096992,0.23678006419325995,0.24457828312530824,0.2333792323708814,0.2486724003885142,0.24204552827132703,0.2498881954599534,0.24994020576584391,0.2499707412656171,0.24946534640068332,0.2497767524424686,0.24997626015271748,0.24989303795520743,0.24996563166873642,0.24998756319159776,0.24993813701224268,0.249908473584412,0.2499923721081618
0.24946173697950697,0.24999999999999994,0.2493297103395638,0.24940088658021056,0.24935665654312694,0.24941890233596564,0.2494241801207758,0.2493990173127319,0.24941900225674907,0.24945120077951086,0.2491878201477189,0.24125813752535702,0.24344726792943155,0.24157242727316672,0.246605179151081,0.23509284582150264,0.24853110344365398,0.23796475029925923,0.24866811109752163,0.24934223764718005,0.24917720821759132,0.24505511387407505,0.23680374188666764,0.24107319317263598,0.23796667456310563,0.24049391679800955,0.23276771820123798,0.23517329554790006,0.23900440094442676,0.24830828978917172,0.24921227639367388,0.24206166410591443,0.23722949944172408,0.2348633944923809,0.2376288249352662,0.24299901166264737,0.23879802755078594,0.24104788656209036,0.24118421047665345,0.24880574225005014,0.24925489655392077,0.23969703226246628,0.24041648205394006,0.23627203007324782,0.24405351718580678,0.232878495058597,0.24813885013151457,0.2415261965979566,0.24935203659913707,0.24940393531197536,0.2494344052949332,0.2489300948026908,0.24924083269323227,0.24943991234073723,0.2493568687043574,0.24942930666117813,0.24945119112787384,0.24940187099708175,0.24937227121495326,0.24945598972645064
0.24986582119426756,0.2493297103395638,0.25000000000000006,0.24980487222800798,0.24976061080983428,0.24982291655387392,0.2498282040579188,0.24980300003666545,0.24982301688035607,0.24985526783665224,0.24959146922050862,0.2416492347733636,0.24383994933947623,0.24196425943589156,0.24700469650947787,0.23547412740326268,0.24893376991823937,0.23835065698417335,0.24907095779658886,0.24974613004486831,0.24958083926911115,0.24545239513369607,0.23718802202320216,0.24146427313980137,0.23835258514940516,0.2408841146237507,0.23314549403063262,0.23555510768985166,0.23939188685198454,0.24871051202665345,0.24961595666005365,0.24245415115271782,0.23761446054467877,0.23524455455800175,0.23801438772087627,0.24339305096250693,0.2391854528331074,0.24143866373527928,0.24157529453288254,0.24920876636375294,0.24965864653940886,0.24008560372036353,0.24080610015034468,0.23665518963355356,0.24444891399082067,0.23325595999921026,0.24854082589646675,0.2419175708581235,0.24975594770566464,0.24980792645679983,0.24983844523722434,0.24933331785100274,0.24964455887969578,0.2498439612034276,0.2497607829844966,0.24983333834447355,0.249855258317296,0.24980585823946175,0.24977621051088314,0.24986006463167035
0.24993715047866982,0.24940088658021056,0.24980487222800798,0.25,0.24983186978449248,0.24989423420269838,0.24989952204568497,0.2498743112834386,0.24989433431390665,0.24992659419923477,0.24966271162790982,0.2417179169558669,0.2439112193109513,0.24203280566362348,0.24707514874462033,0.23554087570301233,0.2490047433812638,0.23841825333337996,0.24914201213845302,0.249817423409631,0.24965207947402016,0.245522129419566,0.23725503232065703,0.2415326201441159,0.238420181264406,0.24095223980937322,0.23321131695406522,0.2356214787470547,0.23945988530024095,0.24878150509805708,0.24968721448153167,0.2425229748629838,0.23768160126623578,0.23531098709537043,0.23808168777720876,0.24346210877656344,0.23925311860902113,0.24150726530531538,0.24164384902015898,0.24927990558254035,0.24972991586545532,0.240153836605396,0.24087465749348308,0.23672230719362547,0.24451862393120688,0.23332230492521713,0.24861174252955462,0.24198648688397237,0.24982724103601153,0.24987923865519526,0.24990976670654214,0.24940449512095256,0.24971582520246355,0.24991528424743822,0.2498320823500511,0.24990465835602893,0.2499265845292044,0.2498771704062184,0.2498475142140922,0.2499313922727449
0.24989282533778587,0.24935665654312694,0.24976061080983428,0.24983186978449248,0.2500000000000001,0.24984991483637792,0.2498551922287252,0.2498299954923305,0.24985001854463673,0.24988227132439134,0.24961843054445243,0.24167551815014482,0.24386726327733074,0.2419901528398652,0.24703049474245842,0.23550000895119344,0.24896065128779704,0.2383765920358082,0.24909787192294458,0.2497731208073881,0.2496078133617801,0.24547899382129304,0.237213546175777,0.2414906298448403,0.23837843335193085,0.2409108736506927,0.2331710540020935,0.23558075231801323,0.23941795899187324,0.24873740016183646,0.24964293402858412,0.24248031379805898,0.2376400609058226,0.23527017126045327,0.2380399201113953,0.24341928414800168,0.23921118287024878,0.2414647549015534,0.24160124306527891,0.2492357004024862,0.2496856260438358,0.24011145872378956,0.24083235610178083,0.23668060674886404,0.24447529095750625,0.2332808670855217,0.24856765963379682,0.2419435757943775,0.24978293968100287,0.24983492343040184,0.24986544642196845,0.24936026444286247,0.24967154124427832,0.24987096298434228,0.24978777627628618,0.24986033897738694,0.2498822614650069,0.24983285590250898,0.24980320496976466,0.24988706815305065
0.24995520497205534,0.24941890233596564,0.24982291655387392,0.24989423420269838,0.24984991483637792,0.2500000000000001,0.24991757381181812,0.24989236123204206,0.2499123857342119,0.24994464793726123,0.24968074576057792,0.24173535860754788,0.2439290005018315,0.2420502593032833,0.24709299552089967,0.23555786208333518,0.24902272622247562,0.23843545034154373,0.2491600072602589,0.24983546913397187,0.2496701129952469,0.24553984818705518,0.23727213501060976,0.2415500372556257,0.2384373794489653,0.24096961314511417,0.2332281239030998,0.23563845636161757,0.23947716431264235,0.2487994758075739,0.24970525091168205,0.24254047427760989,0.2376987359879149,0.23532795115471028,0.23809885478409357,0.24347967529837727,0.2392703708549017,0.2415246950291753,0.24166128449557664,0.2492979124609809,0.24974795533471567,0.2401711683632102,0.24089204929160707,0.23673938479944198,0.24453628325930143,0.23333914588331756,0.2486296994645264,0.24200395932710356,0.2498452873729872,0.24989728893116658,0.24992781922182628,0.24942251113733827,0.24973386372678413,0.24993333716129115,0.2498501292596608,0.24992271050231218,0.24994463825730046,0.24989522056687605,0.24986556223250125,0.2499494463501806
0.24996049410520324,0.2494241801207758,0.2498282040579188,0.24989952204568497,0.2498551922287252,0.24991757381181812,0.2500000000000001,0.2498976491646504,0.24991767604635792,0.24994993637414845,0.24968611620088157,0.24174035955230913,0.2439333043002285,0.2420556285584981,0.24709793805550637,0.23556244212838645,0.24902806305780914,0.23844013537130007,0.24916524002435433,0.24984075624282695,0.24967538738787798,0.24554511566872833,0.2372769203309408,0.24155483011898934,0.2384423893637199,0.24097421102441005,0.23323256206593157,0.2356428968402087,0.23948192375155541,0.24880471233044307,0.24971053416366404,0.2425453747529303,0.2377032737656482,0.23533219256445423,0.2381034242836854,0.24348455839383834,0.23927505258691803,0.2415295414026106,0.24166613434716594,0.24930318107501598,0.24975324151098385,0.24017600417616597,0.24089665945010294,0.23674403391690274,0.244541402652456,0.2333441051541143,0.24863497635400209,0.24200906935038172,0.24985056913506148,0.24990257723125528,0.24993310777553512,0.2494277889998463,0.24973914513959236,0.2499386258318347,0.24985541548267207,0.24992799894801954,0.24994992688111178,0.24990050843073355,0.24987084946877883,0.24995473536147325
0.2499352771918763,0.2493990173127319,0.24980300003666545,0.2498743112834386,0.2498299954923305,0.24989236123204206,0.2498976491646504,0.25,0.24989246136742604,0.2499247209837417,0.2496608410171529,0.24171609504211747,0.2439094061898872,0.24203097951747282,0.2470733202885621,0.23553908969792528,0.2490028753623543,0.2384164488970855,0.24914014402249868,0.24981555095673127,0.24965020813380367,0.2455202805005922,0.23725323515157648,0.24153079330684393,0.23841837921044975,0.2409504074119796,0.23320954123488424,0.23561968732537675,0.23945807614519204,0.24877963999309394,0.24968534301037842,0.2425211456559466,0.23767980145452364,0.23530919903149422,0.2380798885054031,0.2434602741435436,0.23925130978638362,0.24150544407098568,0.24164202823443878,0.249278037127106,0.24972804413682123,0.2401520289105539,0.2408728427127101,0.23672052292394705,0.2445167900215832,0.2333205545802111,0.2486098788039531,0.2419846718905087,0.24982536843291997,0.2498773657998511,0.24990789362499047,0.24940262582643455,0.24971395354488687,0.24991341112453358,0.2498302098440619,0.24990278531276652,0.2499247113180453,0.2498752975689773,0.24984564159912526,0.24992951902910931
0.24995530510768937,0.24941900225674907,0.24982301688035607,0.24989433431390665,0.24985001854463673,0.2499123857342119,0.24991767604635792,0.24989246136742604,0.25,0.24994474809001102,0.24968084682013456,0.2417357318977979,0.24392915903173998,0.24205094436208927,0.24709317020927415,0.2355585362243298,0.2490229319824394,0.23843610798873732,0.2491601444194043,0.24983557145986435,0.24967021897872232,0.24554032791637265,0.23727296489180416,0.24155064886032254,0.23843798675031386,0.2409705435896618,0.23322908613591778,0.2356394963945401,0.2394776928060297,0.24879958736805513,0.24970535331977362,0.2425410138976238,0.2376995177412443,0.23532887894029403,0.2380995478489512,0.2434801545363291,0.2392710773083719,0.24152519567486216,0.24166179188011286,0.24929801443820201,0.24974805596774036,0.24017155009072558,0.24089238704594,0.23673986736733024,0.24453643414073162,0.2333393883615281,0.24862982415198256,0.24200414618574365,0.24984539249244092,0.2498973894167908,0.24992791934652583,0.24942261105987285,0.24973396385951357,0.24993343728816955,0.2498502293763972,0.2499228106248992,0.2499447384462397,0.24989532067847892,0.2498656623322226,0.24994954648350715
0.2499875728639875,0.24945120077951086,0.24985526783665224,0.24992659419923477,0.24988227132439134,0.24994464793726123,0.24994993637414845,0.2499247209837417,0.24994474809001102,0.25,0.2497130786813602,0.24176668134938703,0.24396041297475982,0.24208163268871152,0.24712498881823378,0.2355883939903707,0.24905497760144935,0.23846635164648353,0.24919227418095177,0.24986782163722132,0.24970244436334899,0.24557166104516306,0.23730289611256491,0.24158134776644208,0.23846827997405087,0.2410008498174092,0.2332583649498349,0.23566901326455622,0.23950819392087613,0.24883169433774244,0.24973758643332686,0.24257190137346643,0.23772955143118218,0.23535845897360252,0.23812971870765307,0.2435112251656386,0.23930138566567863,0.2415559867531041,0.24169259823959902,0.24933019538024642,0.2497802964405635,0.2402022853914441,0.24092325187874267,0.23677006384979749,0.2445679532453613,0.23336937548210943,0.24866189754111545,0.24203530539444928,0.24987764124875883,0.24992964935684933,0.2499601835674503,0.24945481004823894,0.24976620294015053,0.2499657022214565,0.24988248353940648,0.24995507418637714,0.24997700478326607,0.2499275806911406,0.2498979185161666,0.2499818134964005
0.2497236259089307,0.2491878201477189,0.24959146922050862,0.24966271162790982,0.24961843054445243,0.24968074576057792,0.24968611620088157,0.2496608410171529,0.24968084682013456,0.2497130786813602,0.24999999999999994,0.24150575005846034,0.24370335626446993,0.24182677002289574,0.2468650528548276,0.2353402134979513,0.24879210223952267,0.23821492441762385,0.24892925874753496,0.24960400324688872,0.2494387996442929,0.24531268189064162,0.23705279136190072,0.2413266950008685,0.2382171249093113,0.24074680293828088,0.23301285441193703,0.23542056060240443,0.23925563309925424,0.24856896211305987,0.24947390508622597,0.2423159723713507,0.23747880404273577,0.2351101094059542,0.23787844208347958,0.24325424224958883,0.2390489707509516,0.24130113535207803,0.24143753457963865,0.24906694158727397,0.24951657036296382,0.2399488209902751,0.24066874677664032,0.23652022338413892,0.24430975252283854,0.23312315703679193,0.24839937876979018,0.24177983568535055,0.24961381056666263,0.24966576441942048,0.24969626553122895,0.2491914256072045,0.24950248770853845,0.24970177835840743,0.24961864703402306,0.24969116154478332,0.24971306882278,0.2496636970782376,0.24963406622178352,0.24971787262231593
0.24177689281583895,0.24125813752535702,0.2416492347733636,0.2417179169558669,0.24167551815014482,0.24173535860754788,0.24174035955230913,0.24171609504211747,0.2417357318977979,0.24176668134938703,0.24150575005846034,0.2500000000000001,0.23579841162395712,0.23403298346210308,0.23897301386463193,0.22783169043919657,0.2408779816165546,0.23066367914430397,0.2410053551069211,0.24166135691575483,0.24149677532848693,0.23737236456148808,0.22936570575048645,0.23350254760625108,0.23069930210581963,0.2331878387491913,0.22577969322728234,0.2280234461730397,0.23162258700448773,0.24065534123251475,0.24153688511272917,0.23451588432390646,0.22971750999191057,0.2274472404137888,0.23017440868866842,0.23543735435237603,0.23140651906175824,0.23366839086946023,0.23373007129442405,0.2411387803388449,0.24157634173916587,0.2321888856453559,0.23292183812473918,0.22881844347528435,0.2365031387070495,0.22560603868645326,0.2404815297711802,0.23402201443324583,0.2416695858552228,0.24172065307399596,0.24175040308196805,0.2412616281644558,0.24156249894509227,0.2417557405131972,0.241675230804125,0.24174546159000831,0.24176661432544197,0.24171887104708464,0.2416901831070514,0.24177132261095327
0.24397073030664745,0.24344726792943155,0.24383994933947623,0.2439112193109513,0.24386726327733074,0.2439290005018315,0.2439333043002285,0.2439094061898872,0.24392915903173998,0.24396041297475982,0.24370335626446993,0.23579841162395712,0.2499999999999998,0.2360667490399802,0.2411660186430231,0.22959054654268563,0.24305765854760022,0.232471458634384,0.24330067599671615,0.2438518383444864,0.24369247519446474,0.23966930483804744,0.23148701307028904,0.23585504648834604,0.23267806208692685,0.2353151945293004,0.22772802445790877,0.23034858967370783,0.2336196099203388,0.24283523145725655,0.24372584810888534,0.23663129054066784,0.23193799191449832,0.22955716869363652,0.23249986979672735,0.23772608957206884,0.23366244415922602,0.23573193933257736,0.23596045117627046,0.24332764610012309,0.24376829034655836,0.23433942113493134,0.2350512101382943,0.23103203847573256,0.23869067850430875,0.22778984864514681,0.24267859223920174,0.23623750116402514,0.24386308597855835,0.24391410011080017,0.24394400021914817,0.24345079024372857,0.24375438682232214,0.24394938606211872,0.24386811900423372,0.24393901385166705,0.24396040643525232,0.24391218205941095,0.2438832338104721,0.24396510955878323
0.2420918583521261,0.24157242727316672,0.24196425943589156,0.24203280566362348,0.2419901528398652,0.2420502593032833,0.2420556285584981,0.24203097951747282,0.24205094436208927,0.24208163268871152,0.24182677002289574,0.23403298346210308,0.2360667490399802,0.24999999999999978,0.23924225022278126,0.2279822068245295,0.24118864887119917,0.23087300623952942,0.241333524270648,0.2419754837332212,0.24181147290175714,0.23777510804543261,0.22964083491131004,0.2337328303603156,0.2308120510303134,0.2337661975183161,0.2264362484709408,0.22891884068272117,0.23200290451969224,0.24096594895366713,0.24185268893767342,0.23480120842704727,0.22995714708681622,0.22767907190523293,0.23049124592700826,0.23578784098500105,0.23188810964984718,0.23405828630686337,0.234134144571418,0.24145175293437332,0.2418910514269011,0.23243974603812986,0.23317546659187682,0.229056395307655,0.23680608209554838,0.22589636238383506,0.2407936565382288,0.23433304662863388,0.24198424478558034,0.24203548651950038,0.2420653341030836,0.2415759224586537,0.24187693339230276,0.24207067850215597,0.24199002511613737,0.24206038620560272,0.2420815456906419,0.24203376099774693,0.2420050356856046,0.24208628089087048
0.2471354316957496,0.246605179151081,0.24700469650947787,0.24707514874462033,0.24703049474245842,0.24709299552089967,0.24709793805550637,0.2470733202885621,0.24709317020927415,0.24712498881823378,0.2468650528548276,0.23897301386463193,0.2411660186430231,0.23924225022278126,0.24999999999999994,0.23276135631219036,0.246344426100977,0.23568483202645404,0.2465723020363372,0.24701646499043847,0.24685305668481283,0.24279948865374998,0.23455667412553002,0.2387993244196315,0.23570370438185168,0.23821875038579976,0.2305398628378392,0.23296754317157667,0.23672761124584174,0.24599255577155552,0.24688853426993687,0.23977738458250888,0.2349768503497172,0.2326405776191883,0.23541605983875782,0.24073261512047817,0.23656538245781733,0.23878893386309716,0.2389398164512378,0.24648517138557668,0.24693048097026604,0.23743200698918693,0.23815938460697367,0.2340464064949551,0.24177658319015885,0.2307043127334207,0.2458236298957919,0.23927348252123906,0.2470266221600693,0.2470781295504016,0.24710835488243665,0.2466087472081174,0.24691653966429603,0.24711381057908766,0.24703153485492116,0.24710330380789194,0.2471249785007304,0.24707612398151044,0.24704680022620032,0.24712973803754704
0.23559834444955013,0.23509284582150264,0.23547412740326268,0.23554087570301233,0.23550000895119344,0.23555786208333518,0.23556244212838645,0.23553908969792528,0.2355585362243298,0.2355883939903707,0.2353402134979513,0.22783169043919657,0.22959054654268563,0.2279822068245295,0.23276135631219036,0.24999999999999994,0.23467822579574263,0.22448011338567936,0.2349929868506737,0.23548461207389956,0.2353212383331946,0.23172715597169538,0.22390232521797138,0.22744881920203042,0.22476840212578286,0.22665459079028732,0.21976176397598435,0.2218268562292175,0.22581347593612028,0.23452085214924018,0.23536895889469797,0.2285980399719148,0.2239529524701853,0.22170104050502615,0.2241579002502401,0.2293618171420691,0.22541009012067229,0.22774095007149148,0.22771618192490936,0.23497732912047778,0.23540302921900752,0.22620634671518997,0.22700483691531134,0.2228944324214646,0.23044083890292946,0.21977846200638418,0.23432666806336191,0.22802097224057322,0.23549396820184368,0.23554351384594463,0.23557253164891187,0.23509624723324313,0.23538969948726543,0.23557773268899443,0.2354993316941392,0.23556771643960975,0.23558831794035656,0.23554180541266675,0.23551385058580643,0.23559291658986528
0.2490654971270475,0.24853110344365398,0.24893376991823937,0.2490047433812638,0.24896065128779704,0.24902272622247562,0.24902806305780914,0.2490028753623543,0.2490229319824394,0.24905497760144935,0.24879210223952267,0.2408779816165546,0.24305765854760022,0.24118864887119917,0.246344426100977,0.23467822579574263,0.25,0.23755536136912964,0.2483265577682424,0.24894644812272937,0.24878178517418897,0.24481263953888338,0.23663290069853973,0.24085831778732394,0.23767305122192675,0.24020788903724596,0.2324253652860515,0.23484541867219755,0.23862450829476614,0.24791224683229796,0.24881663418863345,0.24172108627456285,0.2369938715760757,0.2345897763866449,0.23729671075189707,0.24263339455447158,0.23842370522458076,0.24066846283038884,0.24080474779198757,0.248410063233933,0.24885894939421238,0.23930306156216935,0.24002428392507683,0.23589186125670533,0.2436635510444452,0.23250272855863377,0.2477458123794024,0.2411400350818259,0.248955899736522,0.24900776219541867,0.2490382088516357,0.24853469939480002,0.24884483548266223,0.2490437071570344,0.248960776581522,0.24903311832974326,0.2490549597984802,0.24900572623450787,0.24897617346805984,0.24905975900280872
0.23847642412063674,0.23796475029925923,0.23835065698417335,0.23841825333337996,0.2383765920358082,0.23843545034154373,0.23844013537130007,0.2384164488970855,0.23843610798873732,0.23846635164648353,0.23821492441762385,0.23066367914430397,0.232471458634384,0.23087300623952942,0.23568483202645404,0.22448011338567936,0.23755536136912964,0.24999999999999967,0.23770203723269812,0.23836228339491114,0.23819600836540053,0.23450870084554115,0.2267373876666716,0.23037171503583387,0.22777173412115037,0.2295799014131576,0.22230394534612777,0.22422853749572202,0.228424706838793,0.23739957708668444,0.2382472551530012,0.231584453218101,0.22699743976518183,0.22494251861927098,0.22710865542508105,0.23220626693185423,0.22813719303137805,0.23048049648103802,0.23046812952264537,0.23784752197959633,0.23827824323357266,0.22889217806779635,0.22981319781771709,0.22555746398580429,0.23323582376304638,0.22240584928356705,0.23719195921749442,0.23079666112299332,0.23837075534301586,0.23842075680637417,0.23845029595222278,0.2379681929414974,0.23826545847103117,0.2384555605509255,0.23837626302685336,0.23844542195550547,0.2384662978860141,0.238419194400408,0.2383908980761612,0.23847092995398067
0.24920279937593245,0.24866811109752163,0.24907095779658886,0.24914201213845302,0.24909787192294458,0.2491600072602589,0.24916524002435433,0.24914014402249868,0.2491601444194043,0.24919227418095177,0.24892925874753496,0.2410053551069211,0.24330067599671615,0.241333524270648,0.2465723020363372,0.2349929868506737,0.2483265577682424,0.23770203723269812,0.24999999999999983,0.24909003992648263,0.24891908841480506,0.24486301107863087,0.2366334384984772,0.2408913113574583,0.23772418681237675,0.2403265633451076,0.23250135215904122,0.23494873112488313,0.23874223800332606,0.24805061520390062,0.24895365767629793,0.24183194529559016,0.2370401912043949,0.2346825587749446,0.23740827250781285,0.24275550568242224,0.23854418131328484,0.2407921660101425,0.24093390976582982,0.24854732344528627,0.24899615603061218,0.2394504559909767,0.24017406793838786,0.23604130729891726,0.24380178324250304,0.2326375801162688,0.24788219641807335,0.24127582654863916,0.2490932502183296,0.2491450509877649,0.24917549605973513,0.2486717090362592,0.24898208292705692,0.24918099739224062,0.24909802950908866,0.2491704027238493,0.2491922614894,0.24914299553351368,0.24911342647552245,0.2491970580884397
0.24987837543820696,0.24934223764718005,0.24974613004486831,0.249817423409631,0.2497731208073881,0.24983546913397187,0.24984075624282695,0.24981555095673127,0.24983557145986435,0.24986782163722132,0.24960400324688872,0.24166135691575483,0.2438518383444864,0.2419754837332212,0.24701646499043847,0.23548461207389956,0.24894644812272937,0.23836228339491114,0.24909003992648263,0.24999999999999994,0.2495932895168708,0.24546316137394147,0.23720511428219987,0.24147645167556908,0.23836554825153897,0.2408925075549183,0.2331545691450155,0.23556265675531318,0.23940323008314518,0.248723029729551,0.24962852805514926,0.24246536623882545,0.23762341913566887,0.23525383103334874,0.23802231103127822,0.24340353972635573,0.23919482779896292,0.24145072801437975,0.24158536413752554,0.24922125177788712,0.24967117958313592,0.2400945307833392,0.24081698800880233,0.2366626747921207,0.24446018597296879,0.23326467749584961,0.2485530765686799,0.2419281966112495,0.24976847896900187,0.24982047071914812,0.24985099810472244,0.2493458453319273,0.24965710444933564,0.24985651434886325,0.24977333351931585,0.24984589095704238,0.2498678116694846,0.24981840947062586,0.2497887602524285,0.24987261858637724
0.24971299116094112,0.24917720821759132,0.24958083926911115,0.24965207947402016,0.2496078133617801,0.2496701129952469,0.24967538738787798,0.24965020813380367,0.24967021897872232,0.24970244436334899,0.2494387996442929,0.24149677532848693,0.24369247519446474,0.24181147290175714,0.24685305668481283,0.2353212383331946,0.24878178517418897,0.23819600836540053,0.24891908841480506,0.2495932895168708,0.25000000000000006,0.24530112033279214,0.23704165275340042,0.24131669861788885,0.23820338826356452,0.2407423642658653,0.23300336157001678,0.23541570841786522,0.2392444536137392,0.24855828776893063,0.2494632208746786,0.24230470266310677,0.23747109744588138,0.23510000213932702,0.23787374724989724,0.24324750818756669,0.2390430568637908,0.241290121367756,0.2414302019750034,0.2490563482331934,0.24950594264545517,0.23993893789796608,0.2406583924485399,0.2365124961615214,0.244300211693723,0.23311631910027936,0.24838921363466723,0.2417715395821027,0.2496031908539025,0.24965513511365245,0.2496856319485601,0.24918081352392585,0.24949186090579192,0.24969114454064467,0.24960801572324828,0.2496805281787095,0.24970243550314553,0.24965306488238181,0.24962343528778935,0.24970723811933646
0.245582033455258,0.24505511387407505,0.24545239513369607,0.245522129419566,0.24547899382129304,0.24553984818705518,0.24554511566872833,0.2455202805005922,0.24554032791637265,0.24557166104516306,0.24531268189064162,0.23737236456148808,0.23966930483804744,0.23777510804543261,0.24279948865374998,0.23172715597169538,0.24481263953888338,0.23450870084554115,0.24486301107863087,0.24546316137394147,0.24530112033279214,0.24999999999999983,0.23291004637365265,0.23752453906581153,0.23491452169442323,0.2374591396621463,0.23048458710749742,0.23223494811195702,0.23567793947923904,0.24443908150986904,0.24533649523918005,0.23822114179024045,0.2334377684763721,0.23116704872515212,0.23411159636217266,0.2394859918993353,0.23560236123631068,0.2376065213040239,0.23762169338565156,0.24493376829938476,0.24537820076426678,0.23586979948691067,0.23659672278916644,0.23250134053074512,0.24024937447473305,0.22922893842604408,0.24428682039178984,0.2377657032029528,0.24547423351210745,0.2455249997557507,0.2455551268206441,0.24505865951514474,0.2453640909295983,0.24556054825628362,0.245478697865845,0.24555010755292786,0.24557160627101243,0.24552309852649226,0.245493959089026,0.2455763755852001
0.23731291929792422,0.23680374188666764,0.23718802202320216,0.23725503232065703,0.237213546175777,0.23727213501060976,0.2372769203309408,0.23725323515157648,0.23727296489180416,0.23730289611256491,0.23705279136190072,0.22936570575048645,0.23148701307028904,0.22964083491131004,0.23455667412553002,0.22390232521797138,0.23663290069853973,0.2267373876666716,0.2366334384984772,0.23720511428219987,0.23704165275340042,0.23291004637365265,0.2499999999999998,0.22891172883837987,0.22674111691694013,0.23044123162426347,0.22536656449363315,0.2266139499323201,0.22883094415210495,0.23620371708114435,0.2370784072844328,0.2300861060847541,0.2250790490711798,0.22309655578670595,0.2264363063461416,0.23192383555592608,0.229336833770989,0.23069727703591458,0.23043901133624878,0.2366795928228449,0.2371155145295779,0.2276759163165636,0.2285062070286383,0.22437978135801026,0.23211839026623396,0.22141090612920866,0.23607713581467477,0.22972365185221205,0.23721309261536397,0.2372573132171568,0.2372869185863658,0.23680716788759712,0.2371014157618479,0.23729215756971717,0.23721294669577817,0.2372820685260225,0.2373027264416901,0.23725596879630434,0.23722781052725456,0.23730745193680805
0.24159155079420497,0.24107319317263598,0.24146427313980137,0.2415326201441159,0.2414906298448403,0.2415500372556257,0.24155483011898934,0.24153079330684393,0.24155064886032254,0.24158134776644208,0.2413266950008685,0.23350254760625108,0.23585504648834604,0.2337328303603156,0.2387993244196315,0.22744881920203042,0.24085831778732394,0.23037171503583387,0.2408913113574583,0.24147645167556908,0.24131669861788885,0.23752453906581153,0.22891172883837987,0.2499999999999999,0.23008392576812542,0.23299365606603337,0.2278566694247682,0.22920165569768705,0.23231344612314528,0.2404634165746281,0.24135159320050967,0.23441083175846236,0.22967708636737744,0.22758040607775337,0.2304237585843392,0.23605533668780287,0.2325655654173764,0.23436930834769112,0.23432144574993324,0.2409512931502567,0.2413907525849778,0.23198763929463817,0.2327698752788487,0.22880386781380047,0.23638427599798056,0.22556767491695343,0.24032792292948438,0.2339614369141952,0.24148913657681845,0.2415352557179636,0.24156508134140478,0.2410766809969649,0.241376854428783,0.241570414715545,0.24148986761325997,0.241560143715626,0.24158129242877843,0.24153357350394386,0.2415049075555937,0.24158598485934268
0.23847835252205185,0.23796667456310563,0.23835258514940516,0.238420181264406,0.23837843335193085,0.2384373794489653,0.2384423893637199,0.23841837921044975,0.23843798675031386,0.23846827997405087,0.2382171249093113,0.23069930210581963,0.23267806208692685,0.2308120510303134,0.23570370438185168,0.22476840212578286,0.23767305122192675,0.22777173412115037,0.23772418681237675,0.23836554825153897,0.23820338826356452,0.23491452169442323,0.22674111691694013,0.23008392576812542,0.2499999999999997,0.2294977399257439,0.22368562914968604,0.22674760865931848,0.22974286030839736,0.23737991167494654,0.23824912816248672,0.23168726935723274,0.22762238014882472,0.2245165970384282,0.2267130069541612,0.23240115992178342,0.22924234552545383,0.23141357947537888,0.23149385061383274,0.23784518283184983,0.23827994523433077,0.22897765182600413,0.22989452464825424,0.22580216385958263,0.23330643360239064,0.2224918284665658,0.23722375264823686,0.23087870210645875,0.23838038787080937,0.23842245721722116,0.23845222412223777,0.23797011717673905,0.23826665776194145,0.23845748881114157,0.2383780617828477,0.238447350213951,0.238468173242262,0.23842112233904356,0.238392825785983,0.23847285831096754
0.24101102885461217,0.24049391679800955,0.2408841146237507,0.24095223980937322,0.2409108736506927,0.24096961314511417,0.24097421102441005,0.2409504074119796,0.2409705435896618,0.2410008498174092,0.24074680293828088,0.2331878387491913,0.2353151945293004,0.2337661975183161,0.23821875038579976,0.22665459079028732,0.24020788903724596,0.2295799014131576,0.2403265633451076,0.2408925075549183,0.2407423642658653,0.2374591396621463,0.23044123162426347,0.23299365606603337,0.2294977399257439,0.25000000000000006,0.22428966377791792,0.22690907442913555,0.2307836617965923,0.23990107630365215,0.24078119963335184,0.23479974167946988,0.23068514858174816,0.22887121039461142,0.22993876862180215,0.23504269137049352,0.2305056371607134,0.23303969365219032,0.23311028494512187,0.2403716491043799,0.24081021692620436,0.23143654603513245,0.23247186839953912,0.22830474643679552,0.23575109274181827,0.22475770203946885,0.23972602376983748,0.2332474178821015,0.24090562669694252,0.24095452534082928,0.24098462294539957,0.2404973959075046,0.24079701430880543,0.2409899435660836,0.24090963590469325,0.24097969728656402,0.24100074759012569,0.24095319087836603,0.24092459381161332,0.24100547629417138
0.23326821732018557,0.23276771820123798,0.23314549403063262,0.23321131695406522,0.2331710540020935,0.2332281239030998,0.23323256206593157,0.23320954123488424,0.23322908613591778,0.2332583649498349,0.23301285441193703,0.22577969322728234,0.22772802445790877,0.2264362484709408,0.2305398628378392,0.21976176397598435,0.2324253652860515,0.22230394534612777,0.23250135215904122,0.2331545691450155,0.23300336157001678,0.23048458710749742,0.22536656449363315,0.2278566694247682,0.22368562914968604,0.22428966377791792,0.24999999999999983,0.2189839895561035,0.2229673652798782,0.232191083972431,0.23305095620585842,0.22782359443023031,0.22448537431098214,0.22313044680108324,0.22369496439915018,0.22716207755422516,0.2225934620674232,0.2250517495226764,0.2252427380434546,0.2326455438661272,0.23307335940640245,0.2240015998725422,0.22511406305017506,0.2211734094802782,0.22815492080020205,0.2174274603092525,0.23202664998910863,0.22566115743142837,0.23316250862862664,0.23321325270935606,0.23324265969514046,0.23277108548213132,0.23306029416595644,0.23324780945298038,0.2331698881770894,0.23323789240538556,0.23325816827635795,0.2332122374686557,0.23318455912209327,0.23326284314340312
0.23567896715963113,0.23517329554790006,0.23555510768985166,0.2356214787470547,0.23558075231801323,0.23563845636161757,0.2356428968402087,0.23561968732537675,0.2356394963945401,0.23566901326455622,0.23542056060240443,0.2280234461730397,0.23034858967370783,0.22891884068272117,0.23296754317157667,0.2218268562292175,0.23484541867219755,0.22422853749572202,0.23494873112488313,0.23556265675531318,0.23541570841786522,0.23223494811195702,0.2266139499323201,0.22920165569768705,0.22674760865931848,0.22690907442913555,0.2189839895561035,0.24999999999999964,0.22522038936449762,0.23456323724474593,0.23544817541608767,0.2303601639992912,0.22723955631947365,0.22616634985741577,0.22653076969948588,0.23019421637817059,0.2252469106131087,0.22752055727942708,0.2276944179629864,0.23504977275457276,0.23548266831194525,0.2265243879621508,0.22732125552763652,0.2236994340210125,0.23054475635205782,0.21988919723008862,0.23446558858107752,0.22809352997924268,0.23557459689050905,0.23562393232114803,0.23565314546877011,0.23517669821658466,0.23546797591232638,0.23565834840081235,0.23557945682880008,0.2356483288154521,0.23566884090392404,0.23562240877485963,0.23559444438174404,0.23567353744251052
0.23951831023142633,0.23900440094442676,0.23939188685198454,0.23945988530024095,0.23941795899187324,0.23947716431264235,0.23948192375155541,0.23945807614519204,0.2394776928060297,0.23950819392087613,0.23925563309925424,0.23162258700448773,0.2336196099203388,0.23200290451969224,0.23672761124584174,0.22581347593612028,0.23862450829476614,0.228424706838793,0.23874223800332606,0.23940323008314518,0.2392444536137392,0.23567793947923904,0.22883094415210495,0.23231344612314528,0.22974286030839736,0.2307836617965923,0.2229673652798782,0.22522038936449762,0.2499999999999997,0.2383686060450857,0.23928752955686605,0.2331551919421971,0.229298279359358,0.22766001562414037,0.22946383331720713,0.23362718862416795,0.2290253498606605,0.23130749078508847,0.23123152807218617,0.23888311528376518,0.2393186121442677,0.23003125009557926,0.23110034825436868,0.22701631070842165,0.23430178464511325,0.22337754438522645,0.23824094234062332,0.2317730508173731,0.23941201388696928,0.23946213622051224,0.23949206786718946,0.23900785851999218,0.23930559929982675,0.23949735553813836,0.23941751086747476,0.23948717272097403,0.2395080776557787,0.23946083047872194,0.2394324105298975,0.23951279206115642
0.24884220437675827,0.24830828978917172,0.24871051202665345,0.24878150509805708,0.24873740016183646,0.2487994758075739,0.24880471233044307,0.24877963999309394,0.24879958736805513,0.24883169433774244,0.24856896211305987,0.24065534123251475,0.24283523145725655,0.24096594895366713,0.24599255577155552,0.23452085214924018,0.24791224683229796,0.23739957708668444,0.24805061520390062,0.248723029729551,0.24855828776893063,0.24443908150986904,0.23620371708114435,0.2404634165746281,0.23737991167494654,0.23990107630365215,0.232191083972431,0.23456323724474593,0.2383686060450857,0.24999999999999986,0.24859372085833495,0.24145407787699258,0.23662366446063376,0.23428810716283222,0.23702646298729735,0.24239049290935666,0.2381879202800532,0.24044502308225554,0.24057943860258002,0.24818772902903977,0.24863584263136798,0.23908810275034553,0.23982328952699294,0.2356742530373889,0.24344726566442318,0.2322915307950445,0.24752077906098563,0.2409219533558248,0.24873269003468668,0.24878451789612085,0.24881494056617737,0.2483118824922992,0.24862186736400418,0.24882043393886208,0.2487375989145229,0.24880985460233088,0.2488316821491493,0.2487824870701516,0.2487529607984151,0.24883647139687556
0.24974813474091323,0.24921227639367388,0.24961595666005365,0.24968721448153167,0.24964293402858412,0.24970525091168205,0.24971053416366404,0.24968534301037842,0.24970535331977362,0.24973758643332686,0.24947390508622597,0.24153688511272917,0.24372584810888534,0.24185268893767342,0.24688853426993687,0.23536895889469797,0.24881663418863345,0.2382472551530012,0.24895365767629793,0.24962852805514926,0.2494632208746786,0.24533649523918005,0.2370784072844328,0.24135159320050967,0.23824912816248672,0.24078119963335184,0.23305095620585842,0.23544817541608767,0.23928752955686605,0.24859372085833495,0.2499999999999999,0.2423433575520192,0.2374973991314952,0.23513226498233591,0.23789657982573348,0.2432757973990208,0.23907048037842465,0.24132885622242425,0.24145939917502002,0.24909133535805028,0.24954104277856606,0.23996879557376707,0.24069401429004675,0.23653858654580096,0.24433258235616,0.23313977651139128,0.24842307861126228,0.24180022375113458,0.24963829135609616,0.24969025475398765,0.24972077167645185,0.24921588219574944,0.24952698257585681,0.24972628504620745,0.24964314753962952,0.2497156671923318,0.24973757510103653,0.2496882000285762,0.24965856626403646,0.24974238088964962
0.24258214714605542,0.24206166410591443,0.24245415115271782,0.2425229748629838,0.24248031379805898,0.24254047427760989,0.2425453747529303,0.2425211456559466,0.2425410138976238,0.24257190137346643,0.2423159723713507,0.23451588432390646,0.23663129054066784,0.23480120842704727,0.23977738458250888,0.2285980399719148,0.24172108627456285,0.231584453218101,0.24183194529559016,0.24246536623882545,0.24230470266310677,0.23822114179024045,0.2300861060847541,0.23441083175846236,0.23168726935723274,0.23479974167946988,0.22782359443023031,0.2303601639992912,0.2331551919421971,0.24145407787699258,0.2423433575520192,0.2499999999999998,0.2303337058597901,0.22867816966353774,0.23184298895207173,0.23716954174742327,0.23345083496102084,0.23549023870897662,0.23515002951900085,0.24193761371398323,0.24238051669470537,0.2328063967862225,0.23375080442389173,0.22968678256047298,0.23727180266624112,0.22646517997521787,0.24135194453911027,0.23490190661559618,0.2424830876679225,0.2425256396496773,0.24255556914145307,0.2420651663407812,0.2423661789848779,0.24256092442047236,0.24247996673738229,0.24255061130591718,0.24257178444301733,0.2425239321318675,0.24249514864470537,0.24257655838922484
0.23773959232048103,0.23722949944172408,0.23761446054467877,0.23768160126623578,0.2376400609058226,0.2376987359879149,0.2377032737656482,0.23767980145452364,0.2376995177412443,0.23772955143118218,0.23747880404273577,0.22971750999191057,0.23193799191449832,0.22995714708681622,0.2349768503497172,0.2239529524701853,0.2369938715760757,0.22699743976518183,0.2370401912043949,0.23762341913566887,0.23747109744588138,0.2334377684763721,0.2250790490711798,0.22967708636737744,0.22762238014882472,0.23068514858174816,0.22448537431098214,0.22723955631947365,0.229298279359358,0.23662366446063376,0.2374973991314952,0.2303337058597901,0.24999999999999994,0.22311704456486575,0.22658468514408484,0.2327707403702334,0.23045238258210263,0.23152260868886868,0.23117387460252675,0.23710537950703725,0.23754186279419753,0.22807195479519843,0.22881393034065986,0.22481266059945917,0.23256274686004486,0.2219728837658498,0.23654657809096918,0.23029387872135176,0.23764185016246547,0.2376842417027736,0.23771354488155452,0.23723293188801287,0.23752721441720642,0.23771879327157008,0.23763928975345666,0.2377086860491252,0.237729420148316,0.23768253942560483,0.23765433052983914,0.2377341151294096
