x1,x2,x3,x4,x5,x6,x7,x8,x9,x10,x11,x12,x13,x14,x15,x16,x17,x18,x19,x20,x21,x22,x23,x24,x25,x26,x27,x28,x29,x30,x31,x32,x33,x34,x35,x36,x37,x38,x39,x40,x41,x42,x43,x44,x45,x46,x47,x48,x49,x50,x51,x52,x53,x54,x55,x56,x57,x58,x59,x60
0.24999999999999997,0.2252410838181735,0.2054008658393708,0.22523794281756443,0.2090780971486823,0.2252712806135526,0.21426905054958684,0.2252686523587718,0.21661060445053737,0.2252812033345181,-0.24508201925326034,0.22653335878462713,-0.2146154618492799,0.21717098303693688,-0.21049409245410095,0.21764981993286672,-0.215435974024517,0.22257055724639171,-0.21860801913322775,0.21604909713327056,-0.0043234138283147466,-0.03778121550404795,0.06168312334561022,-0.08596172452714564,0.0961441245202048,-0.12661012716923636,0.14214891704960855,-0.1741354647678725,0.1914561766074648,-0.2158780389421875,0.005234109666102314,-0.03996285762573092,0.057988247593830006,-0.09573718522337869,0.10722997585932019,-0.14038505386129155,0.1562246716815468,-0.18307754638836135,0.19456604373878222,-0.21124699726420068,-0.22011071606467517,0.22317845996012597,-0.22098344299097114,0.2224454091562804,-0.21902024771248174,0.2232953673089372,-0.21848241546130034,0.2225180039707538,-0.2144014132042726,0.21223896122055705,0.2189694456149612,0.22528594728889148,0.22046265027363973,0.22528562984728623,0.21648029631721868,0.2252863683894312,0.2141518061829619,0.22528437547104935,0.21434678629595685,0.22528455252879245
0.2252410838181735,0.25,0.23005665869002861,0.24988658376705586,0.2337278593131287,0.24992048328958774,0.23891846771494735,0.2499177536349477,0.24126016018817276,0.24993038796928213,-0.2285135768936446,0.23406984351425553,-0.22542546338714442,0.22950753497035986,-0.23014162973406557,0.23859397575134977,-0.23911750460195144,0.24675847426040048,-0.24314503497082124,0.2402132302341123,-0.005642448631625491,-0.040743518781082,0.06549573426514088,-0.09185484163412601,0.10464182865908268,-0.14002347440677496,0.15800643506484746,-0.19383515397259404,0.21300561977825577,-0.24006059278811198,0.006791602468950263,-0.045252925767623124,0.06531731426841916,-0.10697316118327493,0.11951422109509097,-0.15605149577570035,0.17351002343212588,-0.20320158132333133,0.21592159773545094,-0.23436468014628584,-0.2441916391829476,0.24760720941172504,-0.2451693380864761,0.24679906749673383,-0.2429933265176079,0.24773745310881795,-0.2423845135519884,0.24685852564407448,-0.23784181308841224,0.23546197260127452,0.24292146349522736,0.24993511299891816,0.24457918454597585,0.24993476082543414,0.24016120328592966,0.24993558017322567,0.23757333213082654,0.24993336920410397,0.23777702507726847,0.24993356563418753
0.2054008658393708,0.23005665869002861,0.24999999999999997,0.23006691033634077,0.21390605384560182,0.2300992282353744,0.2190966967318343,0.2300966359857883,0.22143836025778257,0.23010914247697414,-0.2100856027707876,0.22412595371876237,-0.23249439679325,0.22575065333677377,-0.2212289244327487,0.2258521187150493,-0.22141576323989218,0.22802128884768347,-0.22353168304210436,0.2207048135626371,-0.002761949339546437,-0.04051834152602109,0.06478857997522863,-0.0899725788522573,0.10141633629077138,-0.13359585969906534,0.14923455440909836,-0.18005712652884934,0.19678572455044618,-0.22044544715567918,0.003724334644727657,-0.03947143241247964,0.05804346015102495,-0.0968530793469503,0.10861632091483259,-0.14269265675106033,0.15897470680219472,-0.1866448879317546,0.19848572981776302,-0.21566764799212793,-0.22483560740244968,0.22794588886073802,-0.22571092150188996,0.22719203425181228,-0.22370626301318908,0.22806631511744596,-0.22316633916725495,0.2272652752607488,-0.218970613994854,0.21669448563653132,0.2236767864374938,0.23011388206335426,0.22519589325411674,0.2301135578184584,0.22113465647457758,0.23011431218792275,0.21876690830870965,0.23011227656074662,0.2189354455141712,0.23011245741292963
0.22523794281756443,0.24988658376705586,0.23006691033634077,0.24999999999999992,0.23374263724358,0.24993581782173255,0.23893317811256753,0.24993308870873338,0.2412749208665672,0.24994572318544012,-0.22851832169928502,0.23407891638502742,-0.22542919713580328,0.22951511589558624,-0.23015200088060103,0.23860577004868055,-0.23913132795400582,0.24677321241515823,-0.24315984796951148,0.24022769814424724,-0.00564631189942662,-0.04074186560963713,0.06549464292921683,-0.09185396062670849,0.10464182793254467,-0.14002769349406546,0.15801313944919446,-0.19384550652262697,0.21301771873227907,-0.2400750946897362,0.006795508453193615,-0.045258631476224394,0.06532394805046148,-0.10698182124733478,0.11952357951722628,-0.15606256992656994,0.1735219082713848,-0.20321478797902726,0.21593536301502392,-0.23437925738175935,-0.24420660897693072,0.24762243545305263,-0.24518440105872102,0.24681425520018005,-0.2430082562226638,0.24775268509502393,-0.24239938007552586,0.24687369809066692,-0.23785643172114238,0.23547658898018065,0.24293634083744803,0.24995044864337296,0.2445941742869733,0.2499500964482813,0.2401759136859935,0.24995091584634632,0.2375878624579444,0.24994870474156294,0.23779159932242133,0.24994890118369914
0.2090780971486823,0.2337278593131287,0.21390605384560182,0.23374263724358,0.25000000000000006,0.2337775424799472,0.22277372827853875,0.23377394151081013,0.2251161830519002,0.2337864744141582,-0.21239269067337813,0.22145874317934255,-0.21463258455318324,0.2217597960828347,-0.23315129890039119,0.22965590845519632,-0.2262361291292115,0.23244002207825562,-0.2273280972887331,0.22445639269272893,-0.006092021549490229,-0.03716892780357119,0.06089683696266957,-0.0865493165657456,0.09889980412772982,-0.13317786152597472,0.15018121198084258,-0.18287668260130163,0.20007580519364004,-0.22409516725150436,0.007121987329607797,-0.042957843219384166,0.061624482494749236,-0.10042486959033625,0.11207676896353172,-0.14611520688279206,0.16238298987222663,-0.19011429841998936,0.20199761177810946,-0.2192144486392993,-0.22841940085185847,0.23162084495314225,-0.2293392694603002,0.23086704094722554,-0.22730505246065738,0.2317420227341361,-0.22672643950585392,0.23090345427019288,-0.22245668453774642,0.22023965898681633,0.2272288421290023,0.23379118825350484,0.22877939195438654,0.23379085882800252,0.22464926194842005,0.23379162525184946,0.2222266430954302,0.23378955709468846,0.2223943900578066,0.23378974083684506
0.2252712806135526,0.24992048328958774,0.2300992282353744,0.24993581782173255,0.2337775424799472,0.24999999999999992,0.23896691017317398,0.24996698738135303,0.2413086974263986,0.24997962345760313,-0.2285449825062937,0.2341049121837276,-0.22545719542826767,0.22954363193255709,-0.2301852235799209,0.23863965546946364,-0.23916500180747347,0.24680711576115352,-0.24319361865574377,0.2402613023280888,-0.005631858700026895,-0.040765191058245116,0.06551828301105521,-0.09187818240754618,0.10466762657872179,-0.14005732691309847,0.15804401691031156,-0.19387735027355157,0.21305013826649408,-0.24010869089595716,0.0067816441160192965,-0.04525251955839859,0.06532213191643776,-0.10698825278826013,0.11953243736136855,-0.15607860605069568,0.17354136418604343,-0.20323996393108468,0.21596297545368298,-0.23441045038780475,-0.24423977081536372,0.2476558805897609,-0.2452175646296539,0.24684754567485886,-0.24304111934245273,0.24778615805133813,-0.2424322702214952,0.2469070995076239,-0.23788864834185758,0.23550802184039105,0.2429693871778553,0.24998434914665107,0.24462740923507423,0.2499839969037877,0.2402085704611681,0.24998481641298895,0.23762024450503436,0.2499826050083154,0.23782394029654907,0.24998280147709517
0.21426905054958684,0.23891846771494735,0.2190966967318343,0.23893317811256753,0.22277372827853875,0.23896691017317398,0.2500000000000002,0.2389731441010506,0.23030729562643365,0.2389768149040071,-0.21754593829721128,0.22309821764919152,-0.21478985496156927,0.22046908300478338,-0.22147404367640747,0.23103575959669756,-0.24008865945325283,0.23777861257815253,-0.232573243516096,0.22981246726304122,-0.006766596872626565,-0.037325278908931045,0.060979892965566156,-0.08631200045023933,0.09876214819049331,-0.13347636000288574,0.1511430322001831,-0.18576255876568992,0.20409287093130227,-0.22945160804024392,0.007853741642189606,-0.04441297332557693,0.06348198267515998,-0.10306384582269623,0.11496077161852226,-0.14967052988332918,0.16625674091263426,-0.1944944911285143,0.20659544541078134,-0.22413179062610494,-0.23348642566403574,0.23676863672120135,-0.23443332004085213,0.23600042129229915,-0.232353590878552,0.23689245190699165,-0.23175910076069572,0.2360406813785163,-0.22740993507461632,0.225173802887255,0.23226663015306695,0.23898153407272826,0.23385437771144163,0.23898119733389458,0.22962900321650465,0.23898198077289234,0.227147915528506,0.2389798667010624,0.22733716935153891,0.2389800545224137
0.2252686523587718,0.2499177536349477,0.2300966359857883,0.24993308870873338,0.23377394151081013,0.24996698738135303,0.2389731441010506,0.2500000000000001,0.24130612006045074,0.24997689077167892,-0.22854086506999122,0.23410023105155517,-0.22545472752362153,0.22954616972059927,-0.23019839011603843,0.23864391259589274,-0.23916980974807053,0.24680669583391826,-0.24319138664331338,0.2402593099273872,-0.005629482670825656,-0.04076740750808478,0.06551994756653666,-0.09188015487616687,0.10467042603795688,-0.14006082878043982,0.15804716172225777,-0.19387862987914883,0.21305007775694584,-0.24010644365589465,0.006779336181019309,-0.0452501891485465,0.06531984055610936,-0.10698583104198471,0.11952986791420164,-0.15607591675876967,0.1735386224379945,-0.2032372264584133,0.21596024889096652,-0.234407724827703,-0.24423711109820248,0.24765315256628295,-0.2452148726871381,0.24684482003280878,-0.2430384521624718,0.24778343033758923,-0.24242962074126434,0.2469043674076261,-0.23788600244782623,0.2355053045520762,0.24296675059218087,0.2499816166142493,0.24462474596574094,0.24998126437523555,0.2402059636903963,0.24998208387547904,0.23761768068447378,0.249979872494978,0.2378213244342634,0.24998006896161026
0.21661060445053737,0.24126016018817276,0.22143836025778257,0.2412749208665672,0.2251161830519002,0.2413086974263986,0.23030729562643365,0.24130612006045074,0.2500000000000001,0.2413190329654309,-0.21989078063403034,0.2254392227510157,-0.2167988088061987,0.2208797158831963,-0.22152898704545465,0.22997846599131583,-0.23050603675986903,0.2388894113870321,-0.24611204666073877,0.23247411101780002,-0.00578100990693024,-0.038934326060701345,0.06270945972529895,-0.08804374860351719,0.10028946648591991,-0.13418449625602033,0.1517427384308664,-0.18693246279922934,0.20558560497913497,-0.23157272045736363,0.006897081764337664,-0.0439841796703823,0.06333749921984014,-0.10349842019357022,0.11558427927190185,-0.15080991385795467,0.16764185950766436,-0.19626319496397676,0.2085263491904389,-0.22630649054461485,-0.2357763721634823,0.2390788964879129,-0.23672370683481817,0.2382998394099395,-0.23462277014120514,0.23920453985001577,-0.2340325941249134,0.23835613914525464,-0.2296497810949102,0.22736380343233695,0.23454853277512375,0.24132330555187684,0.2361501503208053,0.24132296551303584,0.23188348249493884,0.2413237566291906,0.22938274550321597,0.24132162184161532,0.22958366061312577,0.24132181150345747
0.2252812033345181,0.24993038796928213,0.23010914247697414,0.24994572318544012,0.2337864744141582,0.24997962345760313,0.2389768149040071,0.24997689077167892,0.2413190329654309,0.25000000000000006,-0.22855222799142808,0.23410938800804149,-0.22545993430577532,0.22954958312983875,-0.23019395691816422,0.2386488850464361,-0.23917598022194847,0.2468175504668936,-0.24321023352425858,0.24027167662691093,-0.005632777268725471,-0.04076586064746678,0.06551898204106625,-0.0918798660628996,0.10467077447252202,-0.14006268468066088,0.15805045677375415,-0.19388569777846607,0.21305920237953696,-0.2401185694047537,0.006782702070767659,-0.04525503776448458,0.06532548234663874,-0.10699306040806261,0.11953756200377108,-0.1560849885801519,0.1735483521300117,-0.20324806227410525,0.2159715646344939,-0.23441973073524572,-0.2442494474911037,0.247665702001502,-0.24522728741122166,0.24685733902787937,-0.24305075752029356,0.24779598499592193,-0.24244187420662203,0.24691687689643355,-0.2378980558032613,0.23551734443192804,0.2429790103955469,0.24999425475080517,0.24463709877876275,0.24999390249398445,0.24021808517629903,0.24999472203565842,0.23762965344186324,0.24999251054335828,0.23783334309850407,0.2499927070199231
-0.24508201925326034,-0.2285135768936446,-0.2100856027707876,-0.22851832169928502,-0.21239269067337813,-0.2285449825062937,-0.21754593829721128,-0.22854086506999122,-0.21989078063403034,-0.22855222799142808,0.2500000000000001,-0.23128410679706363,0.21935598457876043,-0.22135097502605364,0.21410859352254116,-0.2210277414005264,0.21869360768191196,-0.22585095895299656,0.22188089372770503,-0.21927369960506632,0.001719655013993642,0.041462592529321635,-0.06540128965200373,0.08977573947253789,-0.09989134485811522,0.13021173669808125,-0.14561701494238877,0.17738537637754656,-0.19466388921908867,0.21909846445000272,-0.002701352503801408,0.03837180226322839,-0.05691848560433915,0.09567243612149319,-0.10746520767610837,0.14150310802147895,-0.1577635455672039,0.18531089504492598,-0.19709380358015458,0.21421130365112787,0.22331393181411135,-0.22639415276787608,0.22417601386143124,-0.22564228637209946,0.22218330166360484,-0.22651441685644644,0.22165788533378877,-0.2257363708695309,0.21751027236083606,-0.21523383278869251,-0.22216622074864265,-0.22855695638844903,-0.2236747412729137,-0.22855663433706638,-0.21963833266016056,-0.22855738360281774,-0.21728963384595906,-0.22855536174845426,-0.21747847025420736,-0.2285555413770384
0.22653335878462713,0.23406984351425553,0.22412595371876237,0.23407891638502742,0.22145874317934255,0.2341049121837276,0.22309821764919152,0.23410023105155517,0.2254392227510157,0.23410938800804149,-0.23128410679706363,0.24999999999999978,-0.23776017611561875,0.23825142616296574,-0.22743075106173657,0.23203693238440937,-0.2267166270492806,0.23274013925562365,-0.22764966126337716,0.22496373474540157,0.010243895182452807,-0.05664120722074307,0.08044496431114394,-0.1045124143225503,0.11353362337787962,-0.14210188699063178,0.15642369199721023,-0.1857845329848587,0.20182481083854575,-0.22463005243903666,-0.00903729399763377,-0.029443094698582813,0.04955320357793275,-0.09133474368554707,0.10407305364385587,-0.14077931292722484,0.15830877769094273,-0.18790264535537451,0.20054297593390305,-0.21895189619785016,-0.22877701132954764,0.23178633882071392,-0.2295539631832467,0.2309784435659514,-0.22750792498144412,0.23191658889715086,-0.2270610758831506,0.2311657904845887,-0.2227752085440385,0.22007228987750524,0.22764735396786276,0.2341138838497292,0.22916350959841528,0.23411355396502764,0.2250467080056188,0.23411432144971764,0.222702794850527,0.23411225043749803,0.222848917235266,0.23411243443374335
-0.2146154618492799,-0.22542546338714442,-0.23249439679325,-0.22542919713580328,-0.21463258455318324,-0.22545719542826767,-0.21478985496156927,-0.22545472752362153,-0.2167988088061987,-0.22545993430577532,0.21935598457876043,-0.23776017611561875,0.24999999999999992,-0.2401955754122911,0.22740896155522974,-0.22931032739977691,0.21991410878625878,-0.22526874619146842,0.2192082287063467,-0.2164280848166555,-0.010744867257826538,0.05563709219117259,-0.07978648923153035,0.10496355557603668,-0.11401987049609336,0.14202394248570968,-0.15519594847481832,0.18140447699349588,-0.19568527170897104,0.21595795149650973,0.009654474632460776,0.02751856485172704,-0.04689321721422755,0.0872366716889169,-0.09948482004919418,0.13496409321244493,-0.1519157357167051,0.18063238333600953,-0.192902988441473,0.21075681144616484,0.22033319711177357,-0.22321337687816975,0.22106951560556462,-0.2224313398241745,0.21910025319650106,-0.22333881647212406,0.21867466234316912,-0.22260328141051358,0.21451322529525865,-0.21184836142657765,-0.21925033484041634,-0.22546430004714765,-0.22070475340680076,-0.22546398235007095,-0.21674799239488282,-0.22546472147931948,-0.21449982543531146,-0.22546272698277858,-0.21460294373356234,-0.22546290418113268
0.21717098303693688,0.22950753497035986,0.22575065333677377,0.22951511589558624,0.2217597960828347,0.22954363193255709,0.22046908300478338,0.22954616972059927,0.2208797158831963,0.22954958312983875,-0.22135097502605364,0.23825142616296574,-0.2401955754122911,0.24999999999999986,-0.23697817245739,0.23783275650731733,-0.22651214680182458,0.23068919757534828,-0.2235091256804281,0.22067623677798662,0.014810595521280412,-0.06120978144864434,0.08595992604221195,-0.11232377993587192,0.12133451637762027,-0.14968470314378354,0.1626984045254424,-0.1876325235369475,0.20107974263735612,-0.2200506098971212,-0.013656456038795287,-0.024813447920200023,0.04488257811269781,-0.08658984864422263,0.09920516797873628,-0.13589806173722466,0.1534332041330253,-0.18317680898457328,0.1958876680196939,-0.21438124797600625,-0.22434363771271898,0.22722536392446557,-0.22505716169206372,0.2264167191837662,-0.22305176083751613,0.2273552507402405,-0.2226455501785543,0.22660919248804226,-0.21837411388486838,0.21552070023040754,0.22325672404224642,0.22955352092583345,0.2247258990029977,0.2295531974656514,0.22070710992362233,0.22955395000095533,0.21844071980436539,0.22955191933034355,0.21850649937090433,0.22955209974263563
-0.21049409245410095,-0.23014162973406557,-0.2212289244327487,-0.23015200088060103,-0.23315129890039119,-0.2301852235799209,-0.22147404367640747,-0.23019839011603843,-0.22152898704545465,-0.23019395691816422,0.21410859352254116,-0.22743075106173657,0.22740896155522974,-0.23697817245739,0.25000000000000006,-0.24003339581551913,0.22793848970833766,-0.23182750624492998,0.22424589793346236,-0.2214204689270543,-0.006199811637445188,0.0510942870734946,-0.07525779292675043,0.1011685007106818,-0.11293298276701076,0.1462442946583099,-0.16136135943604027,0.1880540670708462,-0.2017374116270293,0.22073783957451884,0.005101047973014015,0.03211077576082851,-0.05151245513640525,0.09182219988422483,-0.1039599746266206,0.13935086423959805,-0.1562633968420802,0.18507488971548477,-0.19740076936071307,0.21529078840184873,0.2249486590667939,-0.2279445483665462,0.2257417263294626,-0.22716214327604176,0.22373524314960794,-0.22807025645000256,0.223254809821561,-0.22726909967260225,0.21897057535601502,-0.21638127115518482,-0.2238248866269839,-0.23019717917199956,-0.2253179289997993,-0.23019685480737406,-0.22127721563086708,-0.2301976094510268,-0.21895975341510707,-0.23019557308675792,-0.21902764406005273,-0.23019575400463888
0.21764981993286672,0.23859397575134977,0.2258521187150493,0.23860577004868055,0.22965590845519632,0.23863965546946364,0.23103575959669756,0.23864391259589274,0.22997846599131583,0.2386488850464361,-0.2210277414005264,0.23203693238440937,-0.22931032739977691,0.23783275650731733,-0.24003339581551913,0.25000000000000006,-0.2376822964318243,0.24065144988728243,-0.2327552799607716,0.2299243574033877,0.005712755286905381,-0.05211216015949712,0.07686401679749331,-0.10322703458121629,0.1160159572446318,-0.15141007714060425,0.16731269053226624,-0.19522825703025062,0.2094818515002299,-0.22919591979727846,-0.0045604906216232125,-0.03391091908698495,0.053980845267533176,-0.0956496107168945,0.10819389821297326,-0.14475845615304414,0.16223043380121457,-0.1920030905730026,0.204741343479541,-0.22322589898065875,-0.23320904853768573,0.23632446903853171,-0.23403812825383638,0.2355159423533336,-0.2319583191304864,0.2364545320755183,-0.23145334604543444,0.23561797700499792,-0.22700988668408364,0.2243516323944815,0.23204097245467475,0.23865282558938983,0.23359061522590596,0.23865248931038388,0.2294003566738249,0.23865327167356445,0.226993696992794,0.2386511605092048,0.2270620076348042,0.23865134807256522
-0.215435974024517,-0.23911750460195144,-0.22141576323989218,-0.23913132795400582,-0.2262361291292115,-0.23916500180747347,-0.24008865945325283,-0.23916980974807053,-0.23050603675986903,-0.23917598022194847,0.21869360768191196,-0.2267166270492806,0.21991410878625878,-0.22651214680182458,0.22793848970833766,-0.2376822964318243,0.25000000000000006,-0.24149911697937274,0.23336299837775723,-0.2305732631642474,0.002929287381735978,0.041936325597814475,-0.06611088927688637,0.0920338869238633,-0.10470541239671026,0.1397349143857248,-0.15712548803107032,0.19070785880129282,-0.2073346533274718,0.22980966762225843,-0.004026736739402529,0.04121713769039193,-0.06060870705570283,0.10087917105886234,-0.11298512334507253,0.1483075370678604,-0.16518701504770222,0.19394038025101717,-0.20625776879381216,0.2241118425902342,0.23369402549974466,-0.2369277742354154,0.23460515502747453,-0.23614601148429565,0.23252319018844003,-0.23705359962484143,0.23195406849048428,-0.23619944320067499,0.2275569219736167,-0.22518312469381402,-0.23248876127310067,-0.2391791726983575,-0.23406565417062808,-0.2391788356800527,-0.22984770347774708,-0.23917961976740426,-0.22738743062475936,-0.23917750394713697,-0.2275244266610182,-0.23917769192390748
0.22257055724639171,0.24675847426040048,0.22802128884768347,0.24677321241515823,0.23244002207825562,0.24680711576115352,0.23777861257815253,0.24680669583391826,0.2388894113870321,0.2468175504668936,-0.22585095895299656,0.23274013925562365,-0.22526874619146842,0.23068919757534828,-0.23182750624492998,0.24065144988728243,-0.24149911697937274,0.25000000000000006,-0.24182486274373965,0.23844785857196754,-0.0024572799722450125,-0.04394187383201335,0.06869488874498363,-0.09505664852347226,0.1078471152322883,-0.14323999513505145,0.16122705714730176,-0.1970634579067182,0.21418893247059548,-0.23730172696615362,0.0036079283083047956,-0.04208019264631479,0.06215061659504133,-0.10381880054283546,0.1163633163504819,-0.15291135828908203,0.17037480224467288,-0.2000845335270906,0.21281021920346443,-0.23126316613588768,-0.24116147426155385,0.2444930033868533,-0.2420974284966749,0.24368459117895536,-0.23994836516268442,0.244623226100375,-0.23936614402953882,0.24374808168377604,-0.23483160997895636,0.2323711916308769,0.239919528297927,0.24682151672229247,0.2415460148162539,0.2468211689353196,0.23719301181407676,0.2468219780762226,0.23465627232597056,0.24681979465045595,0.23480083839848376,0.24681998863353735
-0.21860801913322775,-0.24314503497082124,-0.22353168304210436,-0.24315984796951148,-0.2273280972887331,-0.24319361865574377,-0.232573243516096,-0.24319138664331338,-0.24611204666073877,-0.24321023352425858,0.22188089372770503,-0.22764966126337716,0.2192082287063467,-0.2235091256804281,0.22424589793346236,-0.2327552799607716,0.23336299837775723,-0.24182486274373965,0.2500000000000001,-0.23608800538330715,0.004872735921528294,0.04037529696865591,-0.06448675548335352,0.09019240616986667,-0.10264701156711434,0.13712229727983635,-0.15485348831792708,0.19028660822827315,-0.20866223535097597,0.23417209958708893,-0.005997830803143993,0.04352281008117458,-0.06310151240750328,0.1037382352820594,-0.11596724615946924,0.1516100518936256,-0.16864135790277,0.1976086049556441,-0.21001932407166735,0.22801300272396963,0.2376215306890454,-0.2409370820078084,0.2385671487207843,-0.24014870626576296,0.23644974626485707,-0.24106416720904805,0.23586034132911124,-0.24020526024576053,0.23142485353191458,-0.22908625716727174,-0.23638790161774284,-0.24320814860096215,-0.23799862236933603,-0.24320780590604882,-0.23370177470623302,-0.24320860320121093,-0.231187480761084,-0.24320645173997382,-0.23136881074295085,-0.2432066428831723
0.21604909713327056,0.2402132302341123,0.2207048135626371,0.24022769814424724,0.22445639269272893,0.2402613023280888,0.22981246726304122,0.2402593099273872,0.23247411101780002,0.24027167662691093,-0.21927369960506632,0.22496373474540157,-0.2164280848166555,0.22067623677798662,-0.2214204689270543,0.2299243574033877,-0.2305732631642474,0.23844785857196754,-0.23608800538330715,0.25000000000000006,0.003466364348192927,-0.04973001403436905,0.07436296943284493,-0.10060607166208436,0.11334752208617008,-0.14859593471868837,0.1666361346367418,-0.20240421091977198,0.22108595147189078,-0.2472024719804462,-0.002316029437127651,-0.03605610288489545,0.05607500731105028,-0.09763726852504999,0.11014942368095298,-0.1466052492126017,0.16402427246890044,-0.19365089938438193,0.20634261894299896,-0.22474530012121186,-0.2347818581018429,0.23795333730649193,-0.23564046947084974,0.23714691669073748,-0.2335464632566597,0.23808311885772976,-0.23301119774879814,0.23720750852796355,-0.22846913011177492,0.2258695839711218,0.23359450135307155,0.24027580560523268,0.23515801952538107,0.2402754670403333,0.23093395761762234,0.24027625472266176,0.2284997881239698,0.2402741292013412,0.22850139109288434,0.2402743180400086
-0.0043234138283147466,-0.005642448631625491,-0.002761949339546437,-0.00564631189942662,-0.006092021549490229,-0.005631858700026895,-0.006766596872626565,-0.005629482670825656,-0.00578100990693024,-0.005632777268725471,0.001719655013993642,0.010243895182452807,-0.010744867257826538,0.014810595521280412,-0.006199811637445188,0.005712755286905381,0.002929287381735978,-0.0024572799722450125,0.004872735921528294,0.003466364348192927,0.2500000000000001,-0.20356034486571,0.17873756120120143,-0.15077785245543912,0.13447840739799433,-0.0983940280857902,0.08021068930352558,-0.04443400044275047,0.026101089077817496,-0.0038324210193447727,-0.2421568583610235,0.20079754142627104,-0.1725343720754692,0.1267452330821225,-0.10729230377892586,0.07018642591222322,-0.05350500775595237,0.03225497287994652,-0.024661988161146946,0.011674627489199405,0.005104293011774689,-0.007868523165910671,0.007141461951301972,-0.008590047482025543,0.007259200269708287,-0.007705993764303528,0.0053350206352340114,-0.006173890985269628,0.004973057132169913,-0.010563435241167382,-0.00421692191497199,-0.0056329154542861855,-0.004722053107523946,-0.005632907574728276,-0.004471824192194684,-0.0056329260028014595,-0.003352128241973012,-0.005632876176879465,-0.003339698736988037,-0.005632880599744438
-0.03778121550404795,-0.040743518781082,-0.04051834152602109,-0.04074186560963713,-0.03716892780357119,-0.040765191058245116,-0.037325278908931045,-0.04076740750808478,-0.038934326060701345,-0.04076586064746678,0.041462592529321635,-0.05664120722074307,0.05563709219117259,-0.06120978144864434,0.0510942870734946,-0.05211216015949712,0.041936325597814475,-0.04394187383201335,0.04037529696865591,-0.04973001403436905,-0.20356034486571,0.25,-0.22496829485204983,0.1960688868675112,-0.17739651950392973,0.14076000321369644,-0.12234014474883353,0.08717573584380651,-0.07014927924930334,0.05010116824601901,0.19789970200609736,-0.15835768433699599,0.1351168264107732,-0.09220492714377518,0.0776188893932881,-0.04048428677257284,0.023036744463535805,0.0035135009027705407,-0.014357505971204658,0.031134738754394375,0.04032567270208488,-0.03849906940673383,0.03873777051838551,-0.03774692131492261,0.03828604749404828,-0.03864976078990715,0.039739173525325286,-0.03944157321919637,0.03864381405329457,-0.03245641710681806,-0.040874660515910016,-0.04076659474518083,-0.04069096338321655,-0.0407665372495216,-0.04020615059171389,-0.04076667092512444,-0.04077468095257312,-0.04076631029201522,-0.04028889994556057,-0.0407663423365887
0.06168312334561022,0.06549573426514088,0.06478857997522863,0.06549464292921683,0.06089683696266957,0.06551828301105521,0.060979892965566156,0.06551994756653666,0.06270945972529895,0.06551898204106625,-0.06540128965200373,0.08044496431114394,-0.07978648923153035,0.08595992604221195,-0.07525779292675043,0.07686401679749331,-0.06611088927688637,0.06869488874498363,-0.06448675548335352,0.07436296943284493,0.17873756120120143,-0.22496829485204983,0.24999999999999992,-0.22090319699808583,0.20130857406079877,-0.16444607091957258,0.14588222237992704,-0.11090281327586253,0.09421765313328802,-0.07477809904683162,-0.17760160891894558,0.1391955295563043,-0.11914633488031845,0.07668499201266603,-0.06267194573414993,0.02431911923852396,-0.005980745092959372,-0.023371236212713368,0.03569994296617977,-0.05429978455984017,-0.06456843458826529,0.06319551425872665,-0.06317840343636098,0.06238455796803919,-0.06253070064747003,0.06332210469112283,-0.0638151529525285,0.06387550981306042,-0.06212430537652814,0.05571940461810476,0.06494884683198236,0.06552016649408045,0.06493246367835653,0.06552007412156076,0.06407488520292337,0.06552028894507085,0.06436360489504989,0.06551970933719373,0.06375558295618827,0.06551976083661806
-0.08596172452714564,-0.09185484163412601,-0.0899725788522573,-0.09185396062670849,-0.0865493165657456,-0.09187818240754618,-0.08631200045023933,-0.09188015487616687,-0.08804374860351719,-0.0918798660628996,0.08977573947253789,-0.1045124143225503,0.10496355557603668,-0.11232377993587192,0.1011685007106818,-0.10322703458121629,0.0920338869238633,-0.09505664852347226,0.09019240616986667,-0.10060607166208436,-0.15077785245543912,0.1960688868675112,-0.22090319699808583,0.2500000000000002,-0.23016052172520365,0.19322850314873047,-0.1745687803352333,0.1393170086550303,-0.12212526174045993,0.10115313917998806,0.149864914641878,-0.11235910538948453,0.09248635934509765,-0.050719376204220956,0.03782531254950302,-8.520089208879229e-5,-0.017990307952159373,0.04799558003851537,-0.06067375254142008,0.07951613890692193,0.09027444847880416,-0.08956576905413373,0.08921277275783307,-0.08874624125872162,0.08835308846168421,-0.08968377920614966,0.08933901512025191,-0.08991431455513456,0.08697979457962496,-0.08093778989402672,-0.09042222707577856,-0.09188152708267827,-0.09062283991015536,-0.09188139757271872,-0.08929250796462963,-0.09188169880906755,-0.08919410081387416,-0.09188088600480085,-0.08843674070429801,-0.09188095822139614
0.0961441245202048,0.10464182865908268,0.10141633629077138,0.10464182793254467,0.09889980412772982,0.10466762657872179,0.09876214819049331,0.10467042603795688,0.10028946648591991,0.10467077447252202,-0.09989134485811522,0.11353362337787962,-0.11401987049609336,0.12133451637762027,-0.11293298276701076,0.1160159572446318,-0.10470541239671026,0.1078471152322883,-0.10264701156711434,0.11334752208617008,0.13447840739799433,-0.17739651950392973,0.20130857406079877,-0.23016052172520365,0.25000000000000017,-0.2128936224185984,0.19405828735108585,-0.15798631109187622,0.139254764358754,-0.11411107702207003,-0.13391551652725772,0.09854997769150749,-0.07908812334287825,0.037929018155202665,-0.025785308066138917,-0.011611381219184829,0.029532753449419146,-0.0598826406676712,0.07274309720985385,-0.09169672342862521,-0.10275847727125223,0.10237784969468515,-0.10185878258024755,0.10153677487830408,-0.10088784962070033,0.10247453346448239,-0.10172568028560627,0.1025308703676048,-0.09899994736799882,0.09312319597068935,0.10279218206270493,0.10467265965763616,0.10309525861376191,0.10467251212810268,0.1015419273448146,0.10467285529374938,0.10125929608285006,0.1046719293372961,0.10037858553759382,0.10467201160631118
-0.12661012716923636,-0.14002347440677496,-0.13359585969906534,-0.14002769349406546,-0.13317786152597472,-0.14005732691309847,-0.13347636000288574,-0.14006082878043982,-0.13418449625602033,-0.14006268468066088,0.13021173669808125,-0.14210188699063178,0.14202394248570968,-0.14968470314378354,0.1462442946583099,-0.15141007714060425,0.1397349143857248,-0.14323999513505145,0.13712229727983635,-0.14859593471868837,-0.0983940280857902,0.14076000321369644,-0.16444607091957258,0.19322850314873047,-0.2128936224185984,0.25,-0.23109498903792056,0.19488854746941786,-0.17577288943060596,0.1495507577336094,0.0979442781563078,-0.06295503678981164,0.043560805358144286,-0.002473118407375186,-0.00961580914094203,0.046455683203636085,-0.06407217534995564,0.09438977303998308,-0.10723636407320533,0.1260281017071074,0.1372364685180859,-0.1377740526501477,0.13679085303908045,-0.13692929732932882,0.1355260403550093,-0.1378672032493923,0.13594532443242652,-0.13747376996323327,0.1324449537322022,-0.12738897039797975,-0.13695181461485295,-0.1400652349238582,-0.1375684839367445,-0.14006503753515334,-0.1353446933255277,-0.14006549671747642,-0.134513399563412,-0.14006425767330966,-0.13350095927767944,-0.14006436775696796
0.14214891704960855,0.15800643506484746,0.14923455440909836,0.15801313944919446,0.15018121198084258,0.15804401691031156,0.1511430322001831,0.15804716172225777,0.1517427384308664,0.15805045677375415,-0.14561701494238877,0.15642369199721023,-0.15519594847481832,0.1626984045254424,-0.16136135943604027,0.16731269053226624,-0.15712548803107032,0.16122705714730176,-0.15485348831792708,0.1666361346367418,0.08021068930352558,-0.12234014474883353,0.14588222237992704,-0.1745687803352333,0.19405828735108585,-0.23109498903792056,0.25,-0.21369660912900554,0.19441108128733356,-0.16770382868863473,-0.07979490851130543,0.044895114642735816,-0.025516471905500694,-0.01554579749151808,0.02761751365282941,-0.064157235758334,0.08161143552919617,-0.11191081814702863,0.1247526865257124,-0.14346493196422663,-0.15475929390886978,0.1557631669171342,-0.15454422634340267,0.15491710509149606,-0.15313038048893504,0.1558551472727418,-0.1533345323627992,0.15522590155029187,-0.14943274830202294,0.1447927453900073,0.15431291108449352,0.15805327483500967,0.15508885072486614,0.15805305210572232,0.152524207856213,0.15805357025264624,0.15141404711066322,0.15805217208373948,0.15032529037919545,0.15805229630400405
-0.1741354647678725,-0.19383515397259404,-0.18005712652884934,-0.19384550652262697,-0.18287668260130163,-0.19387735027355157,-0.18576255876568992,-0.19387862987914883,-0.18693246279922934,-0.19388569777846607,0.17738537637754656,-0.1857845329848587,0.18140447699349588,-0.1876325235369475,0.1880540670708462,-0.19522825703025062,0.19070785880129282,-0.1970634579067182,0.19028660822827315,-0.20240421091977198,-0.04443400044275047,0.08717573584380651,-0.11090281327586253,0.1393170086550303,-0.15798631109187622,0.19488854746941786,-0.21369660912900554,0.25,-0.23046881899383445,0.20358622476731453,0.0440043242676384,-0.00910346210445362,-0.010256940994233106,0.05138483363928616,-0.06349533206063732,0.10002764293016331,-0.11747872789257574,0.14731321372521583,-0.16005945675561437,0.17856327479938142,0.18964441978554708,-0.1915963530960629,0.18989858696995707,-0.19075421218462496,0.18818586482763816,-0.191691989220093,0.18804421877116603,-0.1908748709138078,0.183614520940303,-0.1798339248075723,-0.18887148858811492,-0.19388904318768269,-0.18997611883769694,-0.1938887699740292,-0.1867115462438974,-0.19388940559264844,-0.18503581873648284,-0.1938876904157248,-0.1841470380175256,-0.19388784279873233
0.1914561766074648,0.21300561977825577,0.19678572455044618,0.21301771873227907,0.20007580519364004,0.21305013826649408,0.20409287093130227,0.21305007775694584,0.20558560497913497,0.21305920237953696,-0.19466388921908867,0.20182481083854575,-0.19568527170897104,0.20107974263735612,-0.2017374116270293,0.2094818515002299,-0.2073346533274718,0.21418893247059548,-0.20866223535097597,0.22108595147189078,0.026101089077817496,-0.07014927924930334,0.09421765313328802,-0.12212526174045993,0.139254764358754,-0.17577288943060596,0.19441108128733356,-0.23046881899383445,0.24999999999999975,-0.22289039171734618,-0.025532675015088525,-0.009986261954797558,0.02938165244023857,-0.07053138748342838,0.08266267298172354,-0.11917043497757107,0.13661627486204225,-0.16631654949892552,0.1790400428352047,-0.19748874092703844,-0.20828583660436364,0.21076764862190245,-0.20880151141014017,0.20992635307246335,-0.20691881420229127,0.21086474904375227,-0.2066016677804435,0.20998562347471378,-0.20200053782058972,0.19870462964451377,0.2073350993672378,0.21306299935116,0.2086285990609379,0.2130626991251422,0.2049532829726508,0.2130633975974066,0.20296578781284144,0.21306151280494906,0.20232985954363125,0.2130616802566322
-0.2158780389421875,-0.24006059278811198,-0.22044544715567918,-0.2400750946897362,-0.22409516725150436,-0.24010869089595716,-0.22945160804024392,-0.24010644365589465,-0.23157272045736363,-0.2401185694047537,0.21909846445000272,-0.22463005243903666,0.21595795149650973,-0.2200506098971212,0.22073783957451884,-0.22919591979727846,0.22980966762225843,-0.23730172696615362,0.23417209958708893,-0.2472024719804462,-0.0038324210193447727,0.05010116824601901,-0.07477809904683162,0.10115313917998806,-0.11411107702207003,0.1495507577336094,-0.16770382868863473,0.20358622476731453,-0.22289039171734618,0.24999999999999975,0.0027304168761482926,0.03552105069314556,-0.05553583303516496,0.09715692667800836,-0.1096686366805919,0.146217647691033,-0.16368091142583593,0.1933794536291419,-0.20610211976265805,0.22454959726122573,0.23463536910860577,-0.2377976113537378,0.2354876063617392,-0.23698636705569273,0.2333930889083264,-0.2379249446807217,0.23286211202414198,-0.23704598469790733,0.22830374263203937,-0.2256790529224196,-0.23345114962995692,-0.24012320690890313,-0.2350112503524098,-0.240122868558902,-0.2307915651693846,-0.24012365574093433,-0.22836369459445818,-0.24012153156952287,-0.2283442053156702,-0.24012172028826098
0.005234109666102314,0.006791602468950263,0.003724334644727657,0.006795508453193615,0.007121987329607797,0.0067816441160192965,0.007853741642189606,0.006779336181019309,0.006897081764337664,0.006782702070767659,-0.002701352503801408,-0.00903729399763377,0.009654474632460776,-0.013656456038795287,0.005101047973014015,-0.0045604906216232125,-0.004026736739402529,0.0036079283083047956,-0.005997830803143993,-0.002316029437127651,-0.2421568583610235,0.19789970200609736,-0.17760160891894558,0.149864914641878,-0.13391551652725772,0.0979442781563078,-0.07979490851130543,0.0440043242676384,-0.025532675015088525,0.0027304168761482926,0.24999999999999994,-0.20840051776274998,0.17965738144716883,-0.13302532701467923,0.11255015606283895,-0.07368793747672205,0.05617598875180694,-0.034200426578765375,0.026457721631781634,-0.013039207614487515,-0.006240272987700398,0.009093834627836464,-0.00835830512365301,0.009894800878142816,-0.008505143357331468,0.008964510181094442,-0.006472497594753882,0.007337069260633275,-0.00608941682460238,0.011884368359440622,0.005325533447535735,0.0067828614539199,0.005853104644192338,0.006782851956047759,0.005581282659336556,0.006782874153048408,0.00439822575298147,0.006782814154615214,0.004391184288688758,0.006782819481133538
-0.03996285762573092,-0.045252925767623124,-0.03947143241247964,-0.045258631476224394,-0.042957843219384166,-0.04525251955839859,-0.04441297332557693,-0.0452501891485465,-0.0439841796703823,-0.04525503776448458,0.03837180226322839,-0.029443094698582813,0.02751856485172704,-0.024813447920200023,0.03211077576082851,-0.03391091908698495,0.04121713769039193,-0.04208019264631479,0.04352281008117458,-0.03605610288489545,0.20079754142627104,-0.15835768433699599,0.1391955295563043,-0.11235910538948453,0.09854997769150749,-0.06295503678981164,0.044895114642735816,-0.00910346210445362,-0.009986261954797558,0.03552105069314556,-0.20840051776274998,0.25000000000000006,-0.2205712513040038,0.17208094875788796,-0.14783428678310012,0.10728503655284083,-0.08911462238435573,0.06831619927461036,-0.061770321037763434,0.049760480934818545,0.04400781507357488,-0.047576721353420504,0.046487742423193146,-0.048385823827025096,0.04636981297521735,-0.047450325841336134,0.04393706803810561,-0.045300755887109224,0.042720074770089676,-0.04862610046007553,-0.04282349547898141,-0.045255919259746424,-0.04363927029281977,-0.04525585555750362,-0.04280548070141935,-0.045256003878590974,-0.04110263217918116,-0.04525560353972027,-0.0408526208927401,-0.045255639104391544
