x1,x2,x3,x4,x5,x6,x7,x8,x9,x10,x11,x12,x13,x14,x15,x16,x17,x18,x19,x20,x21,x22,x23,x24,x25,x26,x27,x28,x29,x30,x31,x32,x33,x34,x35,x36,x37,x38,x39,x40,x41,x42,x43,x44,x45,x46,x47,x48,x49,x50,x51,x52,x53,x54,x55,x56,x57,x58,x59,x60
0.24999999999999997,0.2497533007001643,0.24979542016517492,0.24985326854292697,0.249614820462676,0.2498098768580471,0.2493107108574752,0.2498640882581487,0.2494243886784195,0.2498515464686181,0.2496925795907111,0.2388023401863387,0.23685175393474694,0.2267551290565065,0.23256539223225095,0.22092235249967193,0.22807657538057055,0.23615035871254994,0.24259041362751207,0.2497878842787952,0.24976507425104938,0.24302560959353953,0.24493071561633203,0.24059758457012548,0.24279385996069452,0.22960242212724058,0.24262607654537818,0.2384031860869503,0.24642415203695556,0.2497592459620344,0.24983085649075407,0.24245394070445264,0.24299949699416298,0.23878766958402664,0.24225888739173662,0.22786293212714914,0.24460934811772572,0.23943612305577125,0.2471398224441747,0.2496600292930526,0.24961107629507112,0.2349990526361182,0.23756207363259876,0.2242218429074486,0.2349115346233194,0.22113787228277165,0.22934166230836628,0.23664612230137083,0.24274526723913498,0.24978356487443945,0.24975951707529617,0.24972589707260995,0.2496643728859552,0.24986658378092078,0.2495069160410047,0.2498117548112265,0.2494134720268171,0.24986898641342625,0.24951524352203025,0.24984844413503757
0.2497533007001643,0.25000000000000006,0.249799240254057,0.24985796283449732,0.2496195105323802,0.24981457034047147,0.2493153949363401,0.2498687827644162,0.2494290750072692,0.2498562407410111,0.24969727085975774,0.23880681677172436,0.23685618083533327,0.22675936927590742,0.23256974490664264,0.22092649312786206,0.22808084579857094,0.2361547894477815,0.24259496768982114,0.24979257736958746,0.24976976682698362,0.24303016944826428,0.24493531582465722,0.24060209633351784,0.24279841978520206,0.2296067170230176,0.24263063391212164,0.2384076556715252,0.24642878203537266,0.24976393850374715,0.24983555037726424,0.2424584959178314,0.24300405974289388,0.23879215563727083,0.24226343675004414,0.22786721416651987,0.244613942673737,0.23944062187587395,0.2471444650903674,0.24966471996719886,0.24961576604845134,0.23500346778181258,0.2375665366267068,0.22422605423750913,0.23491594769288396,0.22114202589490053,0.22934597089523037,0.2366505681587761,0.2427498279656712,0.24978825786959763,0.24976420961846962,0.2497305889842852,0.24966906363982888,0.24987127833581416,0.2495116038327974,0.24981644833598338,0.24941815806710335,0.24987368101346516,0.24951993147577195,0.24985313834912304
0.24979542016517492,0.249799240254057,0.25000000000000006,0.2498991859687847,0.24966066711928753,0.24985578628813623,0.24935649160943268,0.2499100075725133,0.24947023180288208,0.24989746373697605,0.2497384717975268,0.2388436328275586,0.23689519204630063,0.2267957336053762,0.23260832445268534,0.22096119850541135,0.22811768026227774,0.23619284307067157,0.24263478439543038,0.24983378745364246,0.2498109694231254,0.24307027879783957,0.24497536080001964,0.24064120823340276,0.24283791633830112,0.2296431963615412,0.2426701793145749,0.23844647518649445,0.2464693217800542,0.24980514483801022,0.2498767695531256,0.24249844260578501,0.24304411348220634,0.2388314448131469,0.2423034221296379,0.22790466496330763,0.24465431967061843,0.23948006264935343,0.24718522934548637,0.24970591087769506,0.2496569495682264,0.23504219806350665,0.23760572404832297,0.2242628897799541,0.23495467954986413,0.22117837921952913,0.22938380018619495,0.2366895657113251,0.24278987889742354,0.249829469579433,0.2498054174094882,0.24977179120993623,0.2497102554315327,0.24991250377850327,0.24955276870199736,0.2498576647326484,0.2494593074160405,0.24991490685270037,0.2495610988611819,0.24989436079909044
0.24985326854292697,0.24985796283449732,0.2498991859687847,0.24999999999999997,0.249719425425258,0.24991456400984804,0.24941518856806588,0.2499687981304441,0.2495289143548824,0.24995625108795824,0.24979721760538098,0.2389023785799867,0.2369509945169133,0.22685013540785132,0.23266284348654268,0.22101491653417565,0.22817214083571832,0.23624931195657758,0.2426920718001331,0.2498925622114136,0.24986974254886585,0.24312744995863333,0.24503335457215095,0.24069840178283816,0.24289560177946143,0.2296986195614662,0.242727748903596,0.23850308376865065,0.24652741959594943,0.24986391189508828,0.24993555243763968,0.2425555448590167,0.24310132821970207,0.23888773684769124,0.24236040891128305,0.2279584217130445,0.2447118552836647,0.2395364626817072,0.24724339023169276,0.24976465365114384,0.24971568014157872,0.23509753280822948,0.23766162788909365,0.22431580534003026,0.23500997795983683,0.22123054263057368,0.2294377716909832,0.23674529255454502,0.24284699383791114,0.24988824100446838,0.24986418312785583,0.24983054903610363,0.2497689990642734,0.24997129470162688,0.2496114762272368,0.24991644275490538,0.24951799305508393,0.24997369834099945,0.24961980720698806,0.24995314745401304
0.249614820462676,0.2496195105323802,0.24966066711928753,0.249719425425258,0.2499999999999998,0.2496760475078443,0.2491769580654364,0.24973024068764235,0.24929097713587908,0.24971770335804105,0.2495589369761399,0.23866769880726238,0.23671474427079106,0.22661406157057087,0.2324302329669245,0.22078108662468726,0.22793434378653962,0.23601239435228377,0.24245491663699179,0.2496540851450456,0.2496311839612334,0.242890806240577,0.24479726094921847,0.24045959766350444,0.24266160031281295,0.22946002834009296,0.2424954913032841,0.2382647875178433,0.24629206965253278,0.24962544334528997,0.24969703196883383,0.2423234298085716,0.2428660382901838,0.2386581836043225,0.24212659870318942,0.22774032950035764,0.24447711327482766,0.2393074776311407,0.2470064026389064,0.24952628409331296,0.24947736482465038,0.23487245942681173,0.2374341746354228,0.22409783767863314,0.234784667811077,0.2210159689315568,0.22921809251029956,0.23651828786969975,0.24261517245506953,0.24964975874211984,0.24962572412373119,0.24959212219791696,0.24953062422275898,0.249732733534168,0.2493732350714071,0.2496779339457776,0.2492798476342513,0.2497351348901034,0.2493815802861239,0.24971460361591713
0.2498098768580471,0.24981457034047147,0.24985578628813623,0.24991456400984804,0.2496760475078443,0.2499999999999998,0.2493718708844622,0.24992538638452796,0.2494855785020465,0.24991284152465723,0.2497538360185003,0.23886068060186133,0.23691000518270844,0.22681082928475008,0.23262257913040202,0.22097650548832473,0.2281325826054395,0.23620827400057803,0.2426499418156867,0.24984916343222016,0.2498263481893774,0.24308527528662677,0.2449907883174279,0.24065662849629438,0.24285339408262294,0.2296587818939322,0.24268556897611357,0.23846170562189128,0.24648459659824126,0.2498205182612649,0.24989214641073662,0.2425134179884184,0.2430591289284723,0.2388462461891335,0.24231833742780567,0.22791881707130413,0.2446693673854275,0.23949485726992573,0.24720045693352083,0.24972127733649221,0.2496723123750819,0.23505670234735274,0.23762035639079812,0.22427685255834265,0.23496916710990048,0.22119212553026124,0.22939792818338406,0.23670417768903998,0.242804819255372,0.24984484324783293,0.24982078955334466,0.2497871613003327,0.24972562202057313,0.24992788252337023,0.2495681265240552,0.24987304010268596,0.24947465954301057,0.24993028574527076,0.24957645606721027,0.24990973842732933
0.2493107108574752,0.2493153949363401,0.24935649160943268,0.24941518856806588,0.2491769580654364,0.2493718708844622,0.2499999999999997,0.24942599390057432,0.24898730855066323,0.2494134754420323,0.24925474069330825,0.23837743973434397,0.23642825858424338,0.226323374562443,0.23212001020570636,0.22048740264155406,0.22763454587685722,0.23571079129943642,0.24215618157300678,0.24934992123316596,0.24932695820484652,0.24259223897595486,0.24449514746682094,0.24015614775402672,0.24236073861317578,0.22915856184564934,0.24219617035961816,0.23796477370144076,0.24599106975138857,0.24932130701719057,0.24939282399538346,0.2420275828386283,0.24256838185652776,0.2383662081879084,0.2418310176386783,0.22746169218724197,0.24417897174068168,0.23901509015725958,0.2467049357654525,0.24922227954830425,0.24917342331532097,0.23458588292079655,0.2371444935806836,0.2238221268794656,0.2344978524216558,0.22074412983850306,0.228938372305912,0.23622929604308202,0.24231952330449394,0.24934560667658018,0.24932160129798298,0.24928804046002045,0.24922661324522324,0.24942848045333843,0.24906940605991185,0.24937374763512668,0.24897613852115155,0.24943087889135593,0.2490777546129217,0.24941037263071333
0.2498640882581487,0.2498687827644162,0.2499100075725133,0.2499687981304441,0.24973024068764235,0.24992538638452796,0.24942599390057432,0.24999999999999972,0.2495397192012986,0.2499670752701543,0.24980803395886125,0.2389127307612524,0.23696129316348816,0.22686013393055376,0.23267294047465428,0.22102475758719575,0.22818217662908627,0.23625966703125106,0.24270261194581091,0.24990338385079844,0.24988056394325686,0.24313800323384463,0.24504401390693523,0.2407089370576993,0.24290619189096987,0.22970879359437057,0.2427383239229626,0.23851350154790887,0.24653810826592754,0.24987473219341358,0.2499463757685079,0.24256605443656237,0.24311187309727078,0.2388980951176672,0.24237091428117347,0.22796830558860898,0.24472245624473188,0.23954684107525287,0.2472541004549138,0.24977546957984362,0.24972649388564735,0.23510771767501715,0.237671921401429,0.22432553864672858,0.23502015859706252,0.22124013785042418,0.22944770873341974,0.23675554966099416,0.24285751009063622,0.24989906224392083,0.24987500332082027,0.24984136777427648,0.24977981516714698,0.2499821195341977,0.24962228561241495,0.24992726521213324,0.24952879840013106,0.2499845232776462,0.2496306168279699,0.24996397150071809
0.2494243886784195,0.2494290750072692,0.24947023180288208,0.2495289143548824,0.24929097713587908,0.2494855785020465,0.24898730855066323,0.2495397192012986,0.2499999999999997,0.24952719470245655,0.24936843962221694,0.23849519056335208,0.23655494926558343,0.22646306539592143,0.23228026153872874,0.22064102648767187,0.22777379532574626,0.23583966484701785,0.2422697433306398,0.24946362101964478,0.2494408357844159,0.24271205026998754,0.2446140108625461,0.2402825893069664,0.24248000415535212,0.22930723787960097,0.24231331587868324,0.23809429986742597,0.24610495655864612,0.24943501756706538,0.24950653097011918,0.24213889403716302,0.24268285529833353,0.2384764814496352,0.24194296445102903,0.22756710970492514,0.24429107300397807,0.23912589036416468,0.24681859992077146,0.24933592097267274,0.24928703982826156,0.23469357157562964,0.23725352735924785,0.22392940596355032,0.23460653950808355,0.220850396148839,0.22904395391236748,0.23633884835094307,0.242430216346572,0.24945930059184165,0.24943528488463623,0.2494017081374491,0.24934026125620737,0.24954221231805604,0.24918299894556395,0.24948745452532903,0.24908967152108225,0.24954461182925178,0.24919132662420615,0.24952409621839272
0.2498515464686181,0.2498562407410111,0.24989746373697605,0.24995625108795824,0.24971770335804105,0.24991284152465723,0.2494134754420323,0.2499670752701543,0.24952719470245655,0.2499999999999996,0.24979549608467644,0.23890073177057408,0.23694934150132124,0.2268485332788387,0.23266122303628264,0.2210133411552701,0.22817051710340677,0.23624765761957398,0.24269038704151846,0.2498908398898602,0.24986802015997717,0.24312576670737154,0.24503165944877078,0.24069671708817889,0.2428939195935488,0.22969698541929973,0.2427260700285681,0.23850141509339495,0.24652571988343136,0.2498621897527764,0.2499338298094294,0.24255387235632667,0.243099645569191,0.23888608820149007,0.2423587329549576,0.22795685102286975,0.24471016591523506,0.23953481168086738,0.2472416844406144,0.2497629321922056,0.24971395902478835,0.23509591183014336,0.23765998889104092,0.22431425433963081,0.23500835678615992,0.22122901380175877,0.2294361894461605,0.23674365966229238,0.2428453199955474,0.24988651869802783,0.24986246098732576,0.2498288271275776,0.24976727757273787,0.24996957182300253,0.24960975580308922,0.24991472025434808,0.24951627328392792,0.24997197544581984,0.2496180867498075,0.24995142470047643
0.2496925795907111,0.24969727085975774,0.2497384717975268,0.24979721760538098,0.2495589369761399,0.2497538360185003,0.24925474069330825,0.24980803395886125,0.24936843962221694,0.24979549608467644,0.24999999999999958,0.23874935186123,0.23679775266572986,0.22670277619163057,0.23251325570642692,0.22087148536194764,0.2280254151917205,0.23609680900051158,0.24253606593159713,0.24973184505927315,0.24970903747799703,0.24297071460169198,0.2448753729400191,0.2405430898068555,0.242738801983714,0.22954967548965924,0.24257110517469432,0.23834935966946993,0.24636873766391656,0.2497032146278245,0.24977481009499738,0.24239950135932853,0.24294498913022805,0.23873401140105371,0.242204592412758,0.227811660590817,0.24455451672496467,0.23938234340939477,0.24708438365064928,0.24960402118418062,0.2495550800260979,0.23494628944603788,0.23750878400317924,0.224171413346746,0.23485882518583662,0.22108815921100416,0.22929021361721086,0.2365929948660459,0.24269081335733944,0.2497275295339219,0.2497034872008554,0.24966987470934782,0.24960836406148446,0.24981052986499913,0.24945094153223155,0.24975571319546125,0.24935751811344214,0.2498129319584776,0.24945926831296794,0.24979239428844782
0.2388023401863387,0.23880681677172436,0.2388436328275586,0.2389023785799867,0.23866769880726238,0.23886068060186133,0.23837743973434397,0.2389127307612524,0.23849519056335208,0.23890073177057408,0.23874935186123,0.2499999999999996,0.2258940447389174,0.2160559162505626,0.2219016538383587,0.21101245607729818,0.21790877436192158,0.225680272697788,0.23194196841058073,0.23883984449803994,0.23881566893543948,0.2321351413420797,0.23411016179155356,0.22981112635252335,0.2320575696973211,0.2189916915783968,0.23191699664873533,0.22770705041950426,0.2356125482320223,0.23881231026869396,0.238881017922003,0.23182192204025692,0.23229544743746622,0.2283103824720571,0.23160530597617912,0.21788231934020033,0.23386997516162306,0.22893883439456875,0.23629206890410467,0.23871750167076608,0.23867085647911812,0.22468791466331753,0.22714142119887096,0.2143366898837975,0.22460134160856143,0.21139407951668188,0.21927993078386057,0.22625844709910287,0.23210551401650623,0.23883571989725294,0.2388127379885942,0.23878058918135708,0.23872165253242553,0.23891511043338343,0.23857079159295813,0.23886268472116037,0.23848146973084636,0.23891740789452068,0.2385791425567668,0.23889776596898704
0.23685175393474694,0.23685618083533327,0.23689519204630063,0.2369509945169133,0.23671474427079106,0.23691000518270844,0.23642825858424338,0.23696129316348816,0.23655494926558343,0.23694934150132124,0.23679775266572986,0.2258940447389174,0.24999999999999953,0.21384691948459814,0.21997121311431578,0.20863860866921394,0.2160979334934715,0.2236099593062888,0.23024068323138938,0.23688812523961314,0.23686411652405906,0.2303047608083522,0.23211262905293664,0.2279291421588935,0.23003963528059945,0.21703849078300574,0.22992328610256108,0.22579479146192102,0.23366322602569567,0.23686130694724947,0.23692976457492937,0.22992780414789088,0.23044353135522866,0.22645483329242402,0.22977150444505978,0.21609567556998457,0.23199465310979067,0.22706223503426906,0.23437281640965257,0.23676752838966342,0.2367214501122532,0.22284592128657582,0.22529213472786377,0.2125789117081541,0.22277147513823517,0.20965682829382679,0.21749101355624076,0.2244068313197212,0.2302102989468336,0.2368848671686029,0.23686209222191873,0.2368301974951689,0.23677169748403576,0.23696362213152428,0.23662189430130684,0.23691162466678253,0.23653316925208318,0.23696590082224706,0.23663037473993406,0.23694641933417948
0.2267551290565065,0.22675936927590742,0.2267957336053762,0.22685013540785132,0.22661406157057087,0.22681082928475008,0.226323374562443,0.22686013393055376,0.22646306539592143,0.2268485332788387,0.22670277619163057,0.2160559162505626,0.21384691948459814,0.24999999999999967,0.20955604762492627,0.19834354645278188,0.2058629867062877,0.21346946453610902,0.22029579043780276,0.22679068059068808,0.22676110428498744,0.22019646073234486,0.2221241758740924,0.2176005616073262,0.2201184226163078,0.2066783754713249,0.22010531072148534,0.2156340357683483,0.22370896726609024,0.22676376488983974,0.22683033137762107,0.2201123088994659,0.22039243987305432,0.21672722799987748,0.21975803326582513,0.20683291367738724,0.2220360145998855,0.21733621701480896,0.22432854500811358,0.22667411075013733,0.22663054626144755,0.21330208780645882,0.21566445850289728,0.20329476159540014,0.21322717707104677,0.20051698798335027,0.20818092470605987,0.21477337244326933,0.22039293363214355,0.22678679982849403,0.22676502482403735,0.2267344861115621,0.22667809293030952,0.22686222422063843,0.22653358703901488,0.22681244389361713,0.2264488123853511,0.22686440633330762,0.22654311288437395,0.22684575531034754
0.23256539223225095,0.23256974490664264,0.23260832445268534,0.23266284348654268,0.2324302329669245,0.23262257913040202,0.23212001020570636,0.23267294047465428,0.23228026153872874,0.23266122303628264,0.23251325570642692,0.2219016538383587,0.21997121311431578,0.20955604762492627,0.24999999999999956,0.2037199789385561,0.2115700191045372,0.2191716915486675,0.2260925851628362,0.23259999857933614,0.2325754884906969,0.2260404416421517,0.22780389198399043,0.22381581615167528,0.22573038880415644,0.212865433491402,0.22565800559776392,0.2215982475151452,0.22938720445291547,0.23257368255043126,0.2326420947502914,0.22573331986629966,0.22632709885884555,0.22230954452976515,0.22571578731315667,0.2121070028520532,0.22784940101205187,0.22291307927685738,0.23012804630138053,0.23248234842173632,0.23243765215706794,0.21877779102178507,0.2212059702108481,0.20860294969884338,0.21871420728620955,0.2057387271389143,0.21353789873788814,0.22030405035475165,0.2260429880564259,0.2325978838743954,0.23257555672501737,0.23254422936914612,0.2324865097405276,0.23267524220646935,0.23233865417192426,0.23262418610538504,0.23225158599022516,0.23267747998167948,0.232347954798225,0.23265835105304547
0.22092235249967193,0.22092649312786206,0.22096119850541135,0.22101491653417565,0.22078108662468726,0.22097650548832473,0.22048740264155406,0.22102475758719575,0.22064102648767187,0.2210133411552701,0.22087148536194764,0.21101245607729818,0.20863860866921394,0.19834354645278188,0.2037199789385561,0.2499999999999994,0.19922807645636503,0.20735912780511906,0.21408384900507577,0.22095645016837698,0.2209247858918502,0.214430125175695,0.21638507000279186,0.21180270952227123,0.21452521398076027,0.20075630751973791,0.2143318278011563,0.20978406953726267,0.21793523581114949,0.22093016499495885,0.2209961168926168,0.21446749961507888,0.21495840581439996,0.21132459698762238,0.21439905461975603,0.20173119039175438,0.21636938267596398,0.21181966817838785,0.21854304595375237,0.22084286349310334,0.2208014534909587,0.2077720053122528,0.21010042783117924,0.19797322315962174,0.20770862068982948,0.1952392845334741,0.20278688224465463,0.2092170343822904,0.21472619043789765,0.22095313193457075,0.22093201507647658,0.22090223380946164,0.2208468221066277,0.2210266938399277,0.22070480047037294,0.22097819469957133,0.2206219526758488,0.22102882039636912,0.22071562348541568,0.22101064912615317
0.22807657538057055,0.22808084579857094,0.22811768026227774,0.22817214083571832,0.22793434378653962,0.2281325826054395,0.22763454587685722,0.22818217662908627,0.22777379532574626,0.22817051710340677,0.2280254151917205,0.21790877436192158,0.2160979334934715,0.2058629867062877,0.2115700191045372,0.19922807645636503,0.24999999999999936,0.21446875738232082,0.22110448050107276,0.22811049003175124,0.22808616345189048,0.22165004319139,0.22335219984957916,0.21934808343821757,0.22127131008623147,0.2086926200687546,0.22120926098170318,0.21715055060172186,0.22494566017096954,0.22808479552514724,0.22815157544902567,0.22136039534681629,0.22199303678044444,0.21799639441129035,0.22139642499258147,0.2080162994805346,0.22344851856100256,0.21862238256639716,0.22568975179798736,0.2279953597662076,0.22795109153866064,0.2145742387873162,0.216933357696341,0.20461426140428327,0.21449416209581362,0.201807872314265,0.20942169705906377,0.2160686001612267,0.221679137628733,0.22810846357236036,0.22808652678646912,0.22805582046752534,0.22799935024666143,0.22818430037175866,0.22785484271322676,0.22813422959235638,0.22776971632107854,0.22818649488838402,0.22786338588626653,0.22816773517417077
0.23615035871254994,0.2361547894477815,0.23619284307067157,0.23624931195657758,0.23601239435228377,0.23620827400057803,0.23571079129943642,0.23625966703125106,0.23583966484701785,0.23624765761957398,0.23609680900051158,0.225680272697788,0.2236099593062888,0.21346946453610902,0.2191716915486675,0.20735912780511906,0.21446875738232082,0.24999999999999917,0.22900241633415552,0.236187313200962,0.23615992800265792,0.22955391882379209,0.2314835569644125,0.2270320027844901,0.2295403252339915,0.2160680760325785,0.22939475972269452,0.22485842532510816,0.23299857285295827,0.23615916972075116,0.23622869858738857,0.22922367325750526,0.22977381986126602,0.22578269534111217,0.22920398436377848,0.21552138230382217,0.23130506985531188,0.22642149692686298,0.23362816740463768,0.23606608453117423,0.23602054973001504,0.22214780160994996,0.22458060569330635,0.2117349739826445,0.22205067578202978,0.20883004257407378,0.2168032917035549,0.22368926698491984,0.22952605655158734,0.23618335324951278,0.2361606664783704,0.23612887275194275,0.2360701074566983,0.2362619014437134,0.23591984157387758,0.2362100586671157,0.23583191235098913,0.23626417411888925,0.23592955063437857,0.2362447503188589
0.24259041362751207,0.24259496768982114,0.24263478439543038,0.2426920718001331,0.24245491663699179,0.2426499418156867,0.24215618157300678,0.24270261194581091,0.2422697433306398,0.24269038704151846,0.24253606593159713,0.23194196841058073,0.23024068323138938,0.22029579043780276,0.2260925851628362,0.21408384900507577,0.22110448050107276,0.22900241633415552,0.24999999999999903,0.242630603297567,0.24260534489059848,0.23601869153247232,0.23784084875376107,0.23364250502706652,0.2357223387825373,0.2228571269163479,0.23558543100198173,0.23143197856258627,0.239339656989879,0.24260044054391777,0.24267022865403842,0.2354880770004278,0.23603326070170938,0.2319075308632957,0.23532319250331274,0.22129822651554584,0.2376084322314826,0.23256280272905142,0.24005563614507308,0.24250432772424454,0.2424568155268139,0.22825821770253513,0.23075050913006603,0.2177624980909148,0.2281726761572083,0.21477393017746893,0.2227658082716658,0.22985573481500837,0.23578723734994017,0.24262436608065935,0.24260100639139998,0.2425683512142315,0.24250854955731663,0.2427050053798218,0.2423555112410026,0.2426517479447941,0.24226482592377308,0.2427073392046187,0.24236373068048034,0.24268738570094975
0.2497878842787952,0.24979257736958746,0.24983378745364246,0.2498925622114136,0.2496540851450456,0.24984916343222016,0.24934992123316596,0.24990338385079844,0.24946362101964478,0.2498908398898602,0.24973184505927315,0.23883984449803994,0.23688812523961314,0.22679068059068808,0.23259999857933614,0.22095645016837698,0.22811049003175124,0.236187313200962,0.242630603297567,0.2499999999999992,0.2498043424135174,0.24306317821310025,0.24496942419465356,0.2406341728308705,0.24283268367751307,0.22963578145796673,0.24266511709245442,0.23843892574436337,0.24646317222447064,0.24979852621400409,0.2498701490988008,0.24249208470582315,0.2430370611049787,0.23882523933651786,0.24229647500148824,0.22789920804358646,0.24464750974452062,0.23947392250153948,0.2471784706798755,0.24969929234725619,0.24965033187680163,0.23503595266916683,0.23759929329312843,0.22425659105667214,0.23494829523200053,0.22117217152678934,0.22937758049627566,0.2366832147356716,0.24278343039371306,0.24982284756559628,0.2497987959668973,0.2497651707286477,0.24970363589247174,0.2499058795502442,0.24954615252083218,0.2498510419598305,0.24945269543620902,0.24990828256285658,0.2495544839269577,0.24988773705384004
0.24976507425104938,0.24976976682698362,0.2498109694231254,0.24986974254886585,0.2496311839612334,0.2498263481893774,0.24932695820484652,0.24988056394325686,0.2494408357844159,0.24986802015997717,0.24970903747799703,0.23881566893543948,0.23686411652405906,0.22676110428498744,0.2325754884906969,0.2209247858918502,0.22808616345189048,0.23615992800265792,0.24260534489059848,0.2498043424135174,0.2499999999999993,0.2430394902197513,0.24494594273270015,0.2406099497980916,0.24280914794987196,0.22960930878915078,0.24264178086565244,0.23841439084071878,0.24644025358752644,0.24977570397621318,0.24984733460677733,0.24246964716162023,0.24301475008078544,0.23880294203975008,0.242274380505181,0.22787748444404227,0.24462508827526525,0.2394514926640561,0.2471556110793581,0.2496764857856797,0.249627536778655,0.23501400167245784,0.2375774382227125,0.22423430918107418,0.2349264362997961,0.22115016293280065,0.22935632066622916,0.23666097989387347,0.24276123479026446,0.2498000339211671,0.24977598492510983,0.2497423626683219,0.24968082966803304,0.2498830586673068,0.24952335013252777,0.24982822608963282,0.2494299026275879,0.2498854614652813,0.2495316942730925,0.24986491783242337
0.24302560959353953,0.24303016944826428,0.24307027879783957,0.24312744995863333,0.242890806240577,0.24308527528662677,0.24259223897595486,0.24313800323384463,0.24271205026998754,0.24312576670737154,0.24297071460169198,0.2321351413420797,0.2303047608083522,0.22019646073234486,0.2260404416421517,0.214430125175695,0.22165004319139,0.22955391882379209,0.23601869153247232,0.24306317821310025,0.2430394902197513,0.24999999999999936,0.23821142909645607,0.23391490558150344,0.23613630226780682,0.2230107875340899,0.23600209949360185,0.2317993101225856,0.2397635650905381,0.24303543969759342,0.24310576603576892,0.23592803973895093,0.2364291043339434,0.23236285605375673,0.23578188853095824,0.2217146381734141,0.23806345939738635,0.23297272203239022,0.2404878675976886,0.24293931245610825,0.24289184187914364,0.22866439492598345,0.2311672069090232,0.21813698335720075,0.22857998945915192,0.21512562519410688,0.2231605775121863,0.23025792877342152,0.23620948321310015,0.24305961256448233,0.24303622411586576,0.24300350637863477,0.24294353113260606,0.24314040661891748,0.24279002071961403,0.24308705377300407,0.24269910685946922,0.24314274474469044,0.24279850465736252,0.24312275544516432
0.24493071561633203,0.24493531582465722,0.24497536080001964,0.24503335457215095,0.24479726094921847,0.2449907883174279,0.24449514746682094,0.24504401390693523,0.2446140108625461,0.24503165944877078,0.2448753729400191,0.23411016179155356,0.23211262905293664,0.2221241758740924,0.22780389198399043,0.21638507000279186,0.22335219984957916,0.2314835569644125,0.23784084875376107,0.24496942419465356,0.24494594273270015,0.23821142909645607,0.24999999999999947,0.23577683210851216,0.23884190821236068,0.22536591232520012,0.23945771171366692,0.23387262972978282,0.24202137645394228,0.24494140058160857,0.24501253762127684,0.2377432815429572,0.23818261930575313,0.23409885865239605,0.23773365407067765,0.2236171259954048,0.24007082165004187,0.23491701830723366,0.2423954574355045,0.24484313390296317,0.24479640521853738,0.23039310067055632,0.23293834440854283,0.21961928681858903,0.23032548887704288,0.21666841042516144,0.22486616327476083,0.2320215471769876,0.2380626663854446,0.244964914020961,0.2449414312924612,0.2449084317206927,0.244847415779153,0.2450464120165422,0.24469133578040403,0.24499264182842148,0.24459968533673826,0.24504876927413313,0.24470165643439873,0.2450286232729819
0.24059758457012548,0.24060209633351784,0.24064120823340276,0.24069840178283816,0.24045959766350444,0.24065662849629438,0.24015614775402672,0.2407089370576993,0.2402825893069664,0.24069671708817889,0.2405430898068555,0.22981112635252335,0.2279291421588935,0.2176005616073262,0.22381581615167528,0.21180270952227123,0.21934808343821757,0.2270320027844901,0.23364250502706652,0.2406341728308705,0.2406099497980916,0.23391490558150344,0.23577683210851216,0.24999999999999936,0.23364539067688092,0.2205317656750845,0.2340383419414074,0.22962849291321277,0.23745029588230274,0.24060685489685285,0.2406773532443912,0.23359164534986127,0.23407689652281002,0.23000732169556576,0.2332569318118153,0.2194501263836207,0.23583126992890446,0.23063240775554286,0.23812774858714383,0.24051205933700767,0.24046517640803353,0.2263708957842989,0.22887860722594314,0.21592636953496572,0.22632064568639682,0.21294372740148632,0.22093561237165443,0.22794453688503502,0.23384713252318506,0.2406312395057414,0.24060809236923997,0.240575695222404,0.2405162760539797,0.24071122898593936,0.24036414344409876,0.24065840925152338,0.24027407194172534,0.24071354381309806,0.24037274734708317,0.24069375422441014
0.24279385996069452,0.24279841978520206,0.24283791633830112,0.24289560177946143,0.24266160031281295,0.24285339408262294,0.24236073861317578,0.24290619189096987,0.24248000415535212,0.2428939195935488,0.242738801983714,0.2320575696973211,0.23003963528059945,0.2201184226163078,0.22573038880415644,0.21452521398076027,0.22127131008623147,0.2295403252339915,0.2357223387825373,0.24283268367751307,0.24280914794987196,0.23613630226780682,0.23884190821236068,0.23364539067688092,0.24999999999999922,0.22264279271620574,0.23695679964610625,0.2320061409514222,0.24032003603759514,0.2428054973370092,0.24287567476047583,0.2358425808061034,0.23707826716370384,0.2320875458484743,0.2353064009925484,0.2213045458087115,0.23811209682715936,0.23299884365025464,0.2403950138275282,0.2427064662249479,0.24266151993465201,0.22833557217552572,0.23093336923132105,0.2177201719063282,0.22839583985538806,0.21473985628714135,0.22293014470986994,0.23002589746292137,0.23599610518931013,0.24282765567483117,0.24280452934686084,0.242771751655213,0.24271100196617407,0.24290854543532964,0.2425554270587655,0.2428552445040159,0.24246351298984611,0.24291088201847172,0.242566588493633,0.24289091177507086
0.22960242212724058,0.2296067170230176,0.2296431963615412,0.2296986195614662,0.22946002834009296,0.2296587818939322,0.22915856184564934,0.22970879359437057,0.22930723787960097,0.22969698541929973,0.22954967548965924,0.2189916915783968,0.21703849078300574,0.2066783754713249,0.212865433491402,0.20075630751973791,0.2086926200687546,0.2160680760325785,0.2228571269163479,0.22963578145796673,0.22960930878915078,0.2230107875340899,0.22536591232520012,0.2205317656750845,0.22264279271620574,0.2499999999999994,0.2224702916158962,0.2186592916933511,0.22649550664805143,0.22961035765512183,0.2296784954414528,0.22293493113395446,0.22417301513497684,0.21972846849931635,0.22262375084220848,0.20942271939847795,0.2247952100732623,0.22003639146574633,0.22724511655165056,0.22952117944860173,0.22947557396851534,0.21605060351582603,0.21845847710423344,0.20636448996911774,0.21599764408368474,0.20330268705664928,0.2107982544784586,0.21754243048433608,0.22314920417104267,0.22963462107135,0.22961238499028772,0.22958153916486704,0.229525173869551,0.22971086022042442,0.22938148293977015,0.22966045450559613,0.2292965535473038,0.22971306970443828,0.22938806519071112,0.22969418449018042
0.24262607654537818,0.24263063391212164,0.2426701793145749,0.242727748903596,0.2424954913032841,0.24268556897611357,0.24219617035961816,0.2427383239229626,0.24231331587868324,0.2427260700285681,0.24257110517469432,0.23191699664873533,0.22992328610256108,0.22010531072148534,0.22565800559776392,0.2143318278011563,0.22120926098170318,0.22939475972269452,0.23558543100198173,0.24266511709245442,0.24264178086565244,0.23600209949360185,0.23945771171366692,0.2340383419414074,0.23695679964610625,0.2224702916158962,0.2499999999999994,0.23127564013254534,0.23953758370407954,0.2426365205324501,0.2427075392461404,0.23572652352906195,0.237062560293462,0.232692433290915,0.23646230564046292,0.2212255156053953,0.2374876418339507,0.2325054326039512,0.24011770029381035,0.24253873627659964,0.24249423885628793,0.2281422805078603,0.23078259539538365,0.21778635789503786,0.22827979788456979,0.2146628434022703,0.22282363824527093,0.22985015016382943,0.23583062923743894,0.24265983549960127,0.2426367500247147,0.24260398202547379,0.2425435101832981,0.2427406837626887,0.24238870634018855,0.24268741957710646,0.24229632123752667,0.24274301857629133,0.2423989965326605,0.24272306213339126
0.2384031860869503,0.2384076556715252,0.23844647518649445,0.23850308376865065,0.2382647875178433,0.23846170562189128,0.23796477370144076,0.23851350154790887,0.23809429986742597,0.23850141509339495,0.23834935966946993,0.22770705041950426,0.22579479146192102,0.2156340357683483,0.2215982475151452,0.20978406953726267,0.21715055060172186,0.22485842532510816,0.23143197856258627,0.23843892574436337,0.23841439084071878,0.2317993101225856,0.23387262972978282,0.22962849291321277,0.2320061409514222,0.2186592916933511,0.23127564013254534,0.2499999999999993,0.23508432375990151,0.23841143676377236,0.2384824343571123,0.23143567548716695,0.23299597680044395,0.2283155278622784,0.2322897275735288,0.21749408234103135,0.23350796371369173,0.2285466945250022,0.23592540690340114,0.23831862162778247,0.23827173602579935,0.2243323977866363,0.2267493818397737,0.21415152622743958,0.22416724533220436,0.2110097207428951,0.21882672303073922,0.2258590324231024,0.2317022277662048,0.23843661121289914,0.23841352970180674,0.23838151792203344,0.23832247687887173,0.2385157923214281,0.23817269954397943,0.23846345566085964,0.2380855567750938,0.2385180876928281,0.23818052018304914,0.23849847859528134
0.24642415203695556,0.24642878203537266,0.2464693217800542,0.24652741959594943,0.24629206965253278,0.24648459659824126,0.24599106975138857,0.24653810826592754,0.24610495655864612,0.24652571988343136,0.24636873766391656,0.2356125482320223,0.23366322602569567,0.22370896726609024,0.22938720445291547,0.21793523581114949,0.22494566017096954,0.23299857285295827,0.239339656989879,0.24646317222447064,0.24644025358752644,0.2397635650905381,0.24202137645394228,0.23745029588230274,0.24032003603759514,0.22649550664805143,0.23953758370407954,0.23508432375990151,0.24999999999999936,0.24643413092922783,0.24650540026295964,0.23925717929535792,0.23996055398430577,0.2358463801561021,0.2394504097948919,0.22496348743158662,0.24143808982391923,0.2361809401640196,0.24382728016160993,0.24633601054339302,0.24628943931067032,0.23176560052882633,0.23436813032299816,0.2210734979454709,0.2317749797077748,0.21805847136743334,0.22628686676312595,0.23344636202406827,0.23951656156453677,0.24645852723585418,0.24643495846359903,0.24640172844092803,0.24634053174490103,0.24654055703897443,0.24618379845661292,0.2464864587181404,0.24609074705265188,0.2465429282638462,0.24619368350968024,0.24652265942427334
0.2497592459620344,0.24976393850374715,0.24980514483801022,0.24986391189508828,0.24962544334528997,0.2498205182612649,0.24932130701719057,0.24987473219341358,0.24943501756706538,0.2498621897527764,0.2497032146278245,0.23881231026869396,0.23686130694724947,0.22676376488983974,0.23257368255043126,0.22093016499495885,0.22808479552514724,0.23615916972075116,0.24260044054391777,0.24979852621400409,0.24977570397621318,0.24303543969759342,0.24494140058160857,0.24060685489685285,0.2428054973370092,0.22961035765512183,0.2426365205324501,0.23841143676377236,0.24643413092922783,0.24999999999999947,0.249841492193869,0.24246345020432022,0.2430075943590317,0.23879654269434183,0.2422667691757206,0.22786906283528058,0.24461842172616413,0.23944472553967994,0.24714973951768116,0.24967066007352942,0.2496217113597885,0.235008543712448,0.2375718132755368,0.2242290456485527,0.23492079994878717,0.2211445853016333,0.2293511817858005,0.23665521925760247,0.24275556576586438,0.24979420513332745,0.24977015637663053,0.24973653501525273,0.24967500522904928,0.24987722770602697,0.24951753207240476,0.2498223964036834,0.24942408664166682,0.24987963044413197,0.24952587201514798,0.249859087290662
0.24983085649075407,0.24983555037726424,0.2498767695531256,0.24993555243763968,0.24969703196883383,0.24989214641073662,0.24939282399538346,0.2499463757685079,0.24950653097011918,0.2499338298094294,0.24977481009499738,0.238881017922003,0.23692976457492937,0.22683033137762107,0.2326420947502914,0.2209961168926168,0.22815157544902567,0.23622869858738857,0.24267022865403842,0.2498701490988008,0.24984733460677733,0.24310576603576892,0.24501253762127684,0.2406773532443912,0.24287567476047583,0.2296784954414528,0.2427075392461404,0.2384824343571123,0.24650540026295964,0.249841492193869,0.24999999999999936,0.242533181314585,0.24308017899210602,0.23886512078342031,0.24233991652095968,0.22793682498275858,0.24468973048323642,0.23951457857941078,0.24722113715630123,0.24974224868748687,0.2496932803468152,0.2350763786372989,0.23764005548711511,0.22429481276492477,0.23498847807969783,0.22121012090487258,0.22941698195987245,0.23672373689234893,0.2428251841843254,0.2498658259494321,0.2498417699924455,0.2498081390621969,0.24974659331932514,0.24994887206604854,0.24958908271886376,0.24989402504255662,0.24949561231365638,0.2499512754934155,0.24959741615163322,0.24993072644985884
0.24245394070445264,0.2424584959178314,0.24249844260578501,0.2425555448590167,0.2423234298085716,0.2425134179884184,0.2420275828386283,0.24256605443656237,0.24213889403716302,0.24255387235632667,0.24239950135932853,0.23182192204025692,0.22992780414789088,0.2201123088994659,0.22573331986629966,0.21446749961507888,0.22136039534681629,0.22922367325750526,0.2354880770004278,0.24249208470582315,0.24246964716162023,0.23592803973895093,0.2377432815429572,0.23359164534986127,0.2358425808061034,0.22293493113395446,0.23572652352906195,0.23143567548716695,0.23925717929535792,0.24246345020432022,0.242533181314585,0.24999999999999942,0.23570196439893604,0.2315516112627657,0.23504578459495182,0.2206850327775507,0.23739926280426174,0.23224541863922638,0.23989841230470257,0.24236611407459638,0.2423202824601853,0.22770444558529984,0.2305462941157456,0.2172649583536913,0.22789660660903108,0.21413366059294714,0.22252356230305972,0.2295088495220085,0.23563113840032354,0.24248776614939563,0.24246456055513632,0.24243188732379362,0.24237120410001847,0.24256846859390951,0.24221501163351297,0.24251524382830938,0.2421232571254521,0.2425708036529157,0.24222734794666193,0.24255086137514648
0.24299949699416298,0.24300405974289388,0.24304411348220634,0.24310132821970207,0.2428660382901838,0.2430591289284723,0.24256838185652776,0.24311187309727078,0.24268285529833353,0.243099645569191,0.24294498913022805,0.23229544743746622,0.23044353135522866,0.22039243987305432,0.22632709885884555,0.21495840581439996,0.22199303678044444,0.22977381986126602,0.23603326070170938,0.2430370611049787,0.24301475008078544,0.2364291043339434,0.23818261930575313,0.23407689652281002,0.23707826716370384,0.22417301513497684,0.237062560293462,0.23299597680044395,0.23996055398430577,0.2430075943590317,0.24308017899210602,0.23570196439893604,0.24999999999999947,0.23203144506821588,0.2361131103479807,0.22134336487088238,0.23864570127427853,0.2327754466451395,0.2408129528429481,0.24291234456810357,0.24286683984513996,0.22851405354214457,0.23099996406920484,0.21772386981657807,0.22831584949362832,0.21468880312051153,0.22296250131886222,0.23002508861838744,0.23615155780980893,0.2430334917768842,0.2430100507904917,0.24297741677014975,0.24291619431536937,0.2431142790588101,0.242761414605211,0.24306093605790555,0.24267301532383256,0.24311662136033504,0.24277242603609506,0.24309663420395755
