x1,x2,x3,x4,x5,x6,x7,x8,x9,x10,x11,x12,x13,x14,x15,x16,x17,x18,x19,x20,x21,x22,x23,x24,x25,x26,x27,x28,x29,x30,x31,x32,x33,x34,x35,x36,x37,x38,x39,x40,x41,x42,x43,x44,x45,x46,x47,x48,x49,x50,x51,x52,x53,x54,x55,x56,x57,x58,x59,x60
0.25,0.2493852056446965,0.249657795388669,0.24992959146293078,0.2495431737488182,0.24979777626799007,0.24934831068901123,0.2498235097883661,0.24956925621975914,0.24993422547151367,0.24783976418435621,0.22224462493268107,0.20766330973395608,0.18724633874182633,0.21496806619032138,0.18086774800703034,0.21775030149452035,0.18016906476138253,0.21188359898116524,0.24972541247891547,0.2490171471792809,0.20607640456166545,0.23055671650828627,0.20024211219684165,0.22593978992900432,0.19923437328172286,0.22382175766569662,0.22088060225788467,0.23233187585185355,0.24820397623685161,0.24884306603141784,0.22113855432304208,0.21821070036693088,0.19563836761055953,0.21468176075502587,0.19435553006041528,0.22588412884864045,0.22117813963214977,0.23065043645180824,0.2470660501490844,0.2491838109626134,0.23054267447617643,0.20688575995978253,0.20217214476826983,0.22356937097289478,0.18408569164249414,0.21848686594898106,0.18190721410295757,0.21453617806853967,0.2495361636166724,0.2497652355220472,0.24961777168159124,0.24969551755108074,0.2499233215323846,0.24960476465274545,0.2498266133073861,0.2497856445494356,0.24991562731976427,0.2497957879718894,0.24993705414936493
0.2493852056446965,0.25000000000000006,0.24916559797236223,0.24943733527482398,0.24905169056441573,0.24930577812662558,0.24885718799633988,0.2493314631312681,0.24907770851235692,0.24944196015571318,0.24735161459513436,0.2218055778854182,0.2072550459175148,0.1868759597919162,0.21454547450192746,0.18051063097797862,0.21732075021952782,0.17981407618648426,0.21146590595060868,0.2492335601925918,0.2485267067211349,0.20567114063549008,0.23010245766525295,0.19984907056744114,0.22549507600218185,0.19884320069775327,0.2233811109928532,0.2204457625416262,0.2318741954076167,0.24771513536413187,0.24835294459020368,0.22070318052951088,0.21778051623678196,0.19525375293339364,0.21425808036311453,0.19397312261099098,0.22543890058926058,0.2207424013833662,0.2301962524559564,0.24657939512616267,0.24869301418467954,0.23008852583294434,0.20647833353331893,0.20177365663942695,0.22312916928614523,0.1837224975443056,0.21805612831381405,0.1815487271453591,0.21411351243890223,0.24904467638474645,0.2492733011317955,0.2491261296185163,0.24920372779556285,0.24943107766340625,0.24911315228926567,0.24933455991317635,0.24929367348633474,0.24942339860539467,0.24930379589017,0.24944478323312666
0.249657795388669,0.24916559797236223,0.25,0.2497098284198331,0.2493250399664896,0.24957805859263194,0.2491287890477567,0.2496038041340967,0.2493509301450626,0.24971442746828604,0.24762178270103188,0.22205192812671026,0.20745843674935024,0.18712286054016633,0.2148158521054018,0.18070412483607937,0.21756867414145356,0.17998028167947525,0.21168893857775062,0.24950595865980227,0.24879792699996117,0.20590485306615686,0.2303561225078924,0.2000473778610064,0.22576175160430204,0.19905396659539806,0.2236245224840994,0.2206769456933654,0.23212477394726191,0.24798571510596337,0.24862418913723636,0.22093866423097702,0.21803373130094814,0.19545263782338318,0.2145232604342651,0.19416635408037494,0.2256939270471594,0.22098422729082265,0.23044498640349043,0.24684877125429006,0.24896490517154907,0.2303365045931368,0.2067022752865219,0.20198850638456822,0.22338015169027287,0.18391567139942713,0.21829968006755698,0.18174069373057625,0.2143432132066055,0.24931678963904602,0.24954558566767507,0.2493982525046157,0.24947608553904368,0.2497035335795914,0.2493855059602554,0.24960691039843283,0.249565985996511,0.24969584612804735,0.24957611940378605,0.24971725411501763
0.24992959146293078,0.24943733527482398,0.2497098284198331,0.24999999999999994,0.2495953363569053,0.24984999157919216,0.2494004295654868,0.24987573113833655,0.24962142617076552,0.24998647018016693,0.2478915718827284,0.22229097488413677,0.20770675168305275,0.18728588522751038,0.2150132144345838,0.1809058130900121,0.21779593884587023,0.18020681406354444,0.21192789798900874,0.24977761397643547,0.2490692015792638,0.20611968374443698,0.23060499276111826,0.20028385685311792,0.22598716627377594,0.19927592308288344,0.22386861941110162,0.2209267629145108,0.23238046000697304,0.24825586295886054,0.24889508569194554,0.2211848124109485,0.21825639158304438,0.19567934373799062,0.2147266841517189,0.19439617337768092,0.22593136105842357,0.2212243861782384,0.23069863788115869,0.24711769868305902,0.24923589901542267,0.23059086563070744,0.20692898372569948,0.20221451557186798,0.22361608546663483,0.18412424060154653,0.21853255698137983,0.18194521455894463,0.2145810437745266,0.24958832603575995,0.24981744523303798,0.24966995023046565,0.2497477132288693,0.2499755639515634,0.24965694124038948,0.24987883551128584,0.2498378583607667,0.24996786813060526,0.24984800374685415,0.24998929943913595
0.2495431737488182,0.24905169056441573,0.2493250399664896,0.2495953363569053,0.24999999999999994,0.2494634915938845,0.24901488791796042,0.24948941612423453,0.2492357180452047,0.2495999620508587,0.24750732822132085,0.2219288156878117,0.20744683735673114,0.18693159456118286,0.21466880062069404,0.1805599085212509,0.21744536512273596,0.17988197232169656,0.21158084005624925,0.24939162782372437,0.24868452974225044,0.20581935906986898,0.2302385776385231,0.19998481952619934,0.22565817314334388,0.1989984557342868,0.22352115809911333,0.22057846623735075,0.2320133233233652,0.24787241541743768,0.2485098047007204,0.22084025830186677,0.2179143338951977,0.19538005279201748,0.21439818482423678,0.19408622199018666,0.22557873920301813,0.22087765655400832,0.23034305315595074,0.246733869972788,0.24885047174550082,0.23022688256938606,0.20661089871977556,0.2018744533229605,0.22328654312834623,0.18379985629707346,0.2181832831516687,0.1816492530963918,0.21423736423568457,0.24920222925871677,0.24943109982761386,0.24928393364306067,0.2493619028151778,0.24958907471307565,0.24927135946998077,0.24949249582891764,0.24945164287268184,0.2495813907921511,0.24946174305482804,0.24960278896555008
0.24979777626799007,0.24930577812662558,0.24957805859263194,0.24984999157919216,0.2494634915938845,0.25,0.2492688821020528,0.2497439431679384,0.24948976289671662,0.2498546239579459,0.24776080686778712,0.22217181775062372,0.20760021922174612,0.18718664439875976,0.21490171963339635,0.18080594649901774,0.2176791211387221,0.1801109424671212,0.21181506572759723,0.24964588101338933,0.24893787049082405,0.20601220042882326,0.23048271675498466,0.20017976770537502,0.22586831387708442,0.19917319189609067,0.22375076105936034,0.22081048502370296,0.23225766932864092,0.24812495679013377,0.2487637946468466,0.22106841722584555,0.21814022670509134,0.1955773524068226,0.21461159511666103,0.19429429596058315,0.22581143226883527,0.22110742526461963,0.23057717995825017,0.24698726870058232,0.24910442815605982,0.23046904079683309,0.20682002142069986,0.20210686343042752,0.22349855146530814,0.1840254751269158,0.21841636661122332,0.181848799341513,0.2144675257441814,0.2494566743604208,0.24968568300875107,0.2495382709606887,0.24961600315716478,0.24984372349388634,0.24952527709862557,0.2497470460699421,0.2497060937763599,0.24983603173229077,0.2497162319003917,0.2498574517376185
0.24934831068901123,0.24885718799633988,0.2491287890477567,0.2494004295654868,0.24901488791796042,0.2492688821020528,0.25000000000000006,0.24929456069319392,0.24904244642924014,0.2494050482120037,0.24731380942270959,0.22176305480699132,0.20718841343271593,0.18681603368758545,0.21448628284703716,0.18036740299438342,0.21723117641670778,0.17971268914863325,0.21143160689937782,0.2491967140365678,0.24848914457558258,0.20563400665477458,0.23004175917968042,0.19987139932245385,0.22543067219678936,0.198864315928232,0.2233157791752049,0.22040174525597614,0.2318287685851453,0.2476769973755301,0.24831496594641606,0.2206526532883548,0.21773252269936783,0.19517904642117354,0.21423270586670168,0.19392003479447545,0.22540695478133713,0.2207050002063619,0.23016395665775552,0.24654143501117737,0.24865633895747186,0.2300498269027158,0.20645557526671413,0.20169289631890458,0.22311301181774332,0.1836569136763987,0.21802085788686218,0.18152313047301152,0.21406920076507485,0.24900752329738235,0.24923628202520026,0.24908926946036686,0.2491666912264202,0.2493941722893611,0.24907626482950743,0.24929766881374435,0.24925673354485092,0.24938649435777424,0.2492669123158248,0.2494078758225205
0.2498235097883661,0.2493314631312681,0.2496038041340967,0.24987573113833655,0.24948941612423453,0.2497439431679384,0.24929456069319392,0.25000000000000006,0.24951546974137695,0.2498803641408462,0.24778632772295606,0.22219424238638574,0.20762082981794028,0.18720380807065112,0.21492319772279908,0.1808253711677555,0.21770164549034632,0.18012947588831654,0.21183693380038562,0.24967160092730065,0.24896352253709175,0.20603351154249122,0.23050651651803206,0.2002013351321904,0.22589176905223637,0.19919416528339592,0.22377385131484875,0.22083329677577068,0.23228156777588063,0.2481505226430894,0.24878942333309587,0.22109122229651995,0.21816274457718546,0.19559763677067768,0.21463372231306307,0.19431436208567499,0.22583471277591483,0.22113020171934936,0.2306009485452031,0.24701270966433925,0.2491300907133343,0.23049276886332076,0.20684131858163707,0.20212767210330934,0.22352161791221087,0.18404435851078954,0.21843882934964776,0.18186748006162648,0.21448959258830022,0.24948237343425786,0.24971140564787142,0.24956397853519827,0.24964172077643476,0.24986946253585565,0.24955098540390988,0.24977277515217194,0.24973181900022376,0.24986176998187037,0.24974195793920262,0.2498831921938977
0.24956925621975914,0.24907770851235692,0.2493509301450626,0.24962142617076552,0.2492357180452047,0.24948976289671662,0.24904244642924014,0.24951546974137695,0.25,0.24962605453276723,0.24753385631053607,0.22197099633440362,0.20746125535989407,0.18701389458827147,0.2147046804269525,0.18066178249788026,0.21748973576263775,0.1799439694044387,0.21159789929813497,0.24941757401336337,0.24870988219497892,0.20580773172262737,0.23028609438240727,0.1999698898349499,0.22567744361477468,0.1989666843122037,0.22355309104952853,0.22059980110864497,0.2320484393358299,0.24789803561689552,0.24853654672101438,0.22086523057952984,0.21795701405711335,0.1953946702333663,0.21443574042028218,0.19410957365952713,0.2256109220325817,0.22090786291353026,0.23036282051436435,0.24676220670677718,0.2488767699231625,0.23025850081992205,0.2066272385631816,0.20193500996016445,0.2232923318764616,0.18387060870435323,0.2182257235747162,0.18168136952865063,0.2142739638570007,0.24922866039654057,0.24945732552097902,0.24930999120444663,0.24938769261184232,0.24961516431089778,0.24929708104988602,0.2495185753245562,0.2494776523038278,0.24960747958166293,0.2494877832646835,0.24962887999218328
0.24993422547151367,0.24944196015571318,0.24971442746828604,0.24998647018016693,0.2495999620508587,0.2498546239579459,0.2494050482120037,0.2498803641408462,0.24962605453276723,0.24999999999999994,0.24789616950177423,0.22229515754510404,0.2077105359042939,0.18728948105502186,0.21501724739140296,0.18090931079305844,0.21780005168510466,0.180210179651946,0.2119318520494339,0.24978224518740386,0.24907381848244983,0.20612348594931137,0.23060929647340947,0.20028746945690676,0.22599136437686188,0.19927952448520206,0.22387277215791943,0.22093084840376348,0.2323847764846695,0.24826046542580904,0.24889970132754283,0.22118890544966638,0.21826048020757816,0.1956829348262369,0.2147307334787761,0.1943997509847124,0.22593557568796704,0.2212284972696957,0.23070290673239396,0.24712228375393702,0.24924052090745144,0.23059514608837545,0.2069328130474471,0.20221830101598637,0.22362022008587562,0.18412770625891475,0.21853664034907036,0.18194859750281225,0.21458503305399274,0.24959295430447076,0.24982207737512147,0.2496745794586929,0.24975234369070543,0.24998019884637276,0.2496615701006323,0.24988346861260075,0.2498424906173186,0.2499725028827078,0.24985263623882817,0.24999393458860633
0.24783976418435621,0.24735161459513436,0.24762178270103188,0.2478915718827284,0.24750732822132085,0.24776080686778712,0.24731380942270959,0.24778632772295606,0.24753385631053607,0.24789616950177423,0.24999999999999986,0.2202146842104779,0.20590843989977312,0.18554131109610947,0.21309684799383458,0.17928912991650564,0.2159792124141273,0.17861880049617568,0.21017366117208702,0.24768888469847164,0.24698462017389322,0.20434873208073048,0.2286308586523832,0.198562728031133,0.22401228785855531,0.19760523666724278,0.22193601030490342,0.2190568547268151,0.2304288130130227,0.2461767334584813,0.24681240981705568,0.21929864469086902,0.21642710134998738,0.19393185020562773,0.2129884452233014,0.19271434046842,0.22406356895431345,0.21937465678522752,0.22876686008680072,0.24505185471361757,0.24715259420412472,0.22866360348335163,0.20520711116083587,0.20047066180380035,0.22175694094649576,0.18257503906536007,0.21672551021976055,0.18044483886891557,0.21277793105577872,0.24750125931701256,0.24772847788919858,0.2475822950750279,0.24765869071227498,0.24788535332573647,0.24756893682010525,0.24778943367305395,0.2477485994138341,0.24787772182570464,0.24775881961949828,0.24789897393578322
0.22224462493268107,0.2218055778854182,0.22205192812671026,0.22229097488413677,0.2219288156878117,0.22217181775062372,0.22176305480699132,0.22219424238638574,0.22197099633440362,0.22229515754510404,0.2202146842104779,0.24999999999999994,0.180039725504494,0.1655966753199435,0.190276967096616,0.1600926204905643,0.1936622294775907,0.16000554476943643,0.18785386538076487,0.22210478528011093,0.22143846886387367,0.17870487477887997,0.20529893560290924,0.17532931110170422,0.20039359733877463,0.17519707349258803,0.19883939799334482,0.19612201573058655,0.20672417127574608,0.22072893606613475,0.22132213055366373,0.19640249178404978,0.19438443608289652,0.17305738244727978,0.1918014709468274,0.17242695114179668,0.20121513949321024,0.19682735525678743,0.20506580506462424,0.21977918423219792,0.2216378274259312,0.20514115994559798,0.18401483680971886,0.1798799041986882,0.1987514890970548,0.16425413989208557,0.1947472856684953,0.16207305657864746,0.190899013394739,0.22194523240360814,0.2221459807712129,0.22201361946294496,0.2220746311879145,0.22228538094500327,0.22199584200275724,0.22219936699256432,0.22216068748623535,0.22227853729508773,0.22217124924722204,0.222297594653404
0.20766330973395608,0.2072550459175148,0.20745843674935024,0.20770675168305275,0.20744683735673114,0.20760021922174612,0.20718841343271593,0.20762082981794028,0.20746125535989407,0.2077105359042939,0.20590843989977312,0.180039725504494,0.2499999999999999,0.145040334076926,0.17746612771218812,0.14783654782577357,0.18085504230680335,0.14889037058510451,0.17540962767934057,0.20753670183128067,0.2069576398519148,0.16984366618870916,0.1913086835827065,0.16322599979164432,0.18800360346247003,0.1665972557557947,0.1863381551393058,0.18354994113791157,0.1931028267566286,0.20628865433049878,0.20680483319330564,0.18398443564231978,0.18104972808066241,0.16328558172306656,0.17763398056380142,0.16196608967577122,0.18739992663587066,0.18375279580939202,0.19174306878682856,0.205304242866166,0.20707836145359956,0.1915632879757522,0.1719695436941722,0.1680241230960036,0.18581142298182285,0.15271317381507832,0.18128769142501805,0.15103852423424868,0.17828410346758128,0.20737615586402217,0.20756930625270997,0.2074476148093297,0.2075154456796515,0.20770154533763382,0.2074382328762704,0.2076211750955707,0.20758843774985972,0.2076951512184489,0.2075959213151247,0.20771295819917837
0.18724633874182633,0.1868759597919162,0.18712286054016633,0.18728588522751038,0.18693159456118286,0.18718664439875976,0.18681603368758545,0.18720380807065112,0.18701389458827147,0.18728948105502186,0.18554131109610947,0.1655966753199435,0.145040334076926,0.24999999999999978,0.15236063746190376,0.12821856006067248,0.1615308528874732,0.13070443248461577,0.15534317951010873,0.18711826836604564,0.18645521579863247,0.1495161990776151,0.1732682722218858,0.13793163858795254,0.167027457302196,0.1459848626008934,0.16624285201168332,0.16429522437269933,0.17426244533642624,0.18587015286880412,0.18643054313059912,0.16415512883019728,0.16456821728679846,0.14180693944197778,0.16387452713718278,0.14275703510483032,0.1700446875242959,0.16592142630361792,0.17242984659551958,0.1852424820409778,0.18676929922560315,0.17291999331640723,0.15510348453179312,0.1507632114430571,0.16747382408428224,0.1389540904146928,0.1653130522853674,0.13723285843641964,0.1608605563911684,0.18700181697148105,0.1871648702164804,0.18705230946030993,0.18707828780824484,0.1872812766008623,0.18702023746563184,0.187208806648078,0.18716868698437047,0.18727550953040234,0.18718312685697278,0.18729156596507224
0.21496806619032138,0.21454547450192746,0.2148158521054018,0.2150132144345838,0.21466880062069404,0.21490171963339635,0.21448628284703716,0.21492319772279908,0.2147046804269525,0.21501724739140296,0.21309684799383458,0.190276967096616,0.17746612771218812,0.15236063746190376,0.25,0.14599091551835836,0.1873992481080873,0.15558386867986054,0.1823621408014327,0.21485287892331972,0.2142690904012698,0.1785844488395697,0.19893683292614153,0.17207717808536346,0.19715193415350057,0.17049498923041623,0.1939665320087738,0.1901834603511094,0.19985705794506758,0.21361437710769615,0.21410560712572113,0.19099212925242667,0.18771007634725195,0.17059682536192972,0.1839150499313972,0.16797656765522206,0.19396732077189555,0.19020017221208008,0.19845930971587897,0.2124994003779698,0.21435389461651175,0.19808505896530468,0.17784389886998675,0.17451983867260418,0.19249887178459435,0.1576539259275234,0.1873369113764758,0.15560651321128105,0.18450353586940882,0.21467314631080425,0.21487171520743917,0.21474500010248473,0.21483617498094712,0.2150078607811166,0.21475463305051268,0.21492466374715585,0.21489551134349505,0.2150012421788851,0.21489978418455535,0.21501967551385975
0.18086774800703034,0.18051063097797862,0.18070412483607937,0.1809058130900121,0.1805599085212509,0.18080594649901774,0.18036740299438342,0.1808253711677555,0.18066178249788026,0.18090931079305844,0.17928912991650564,0.1600926204905643,0.14783654782577357,0.12821856006067248,0.14599091551835836,0.25,0.14888211052530606,0.12444156254338395,0.15179717837930026,0.1807452153625266,0.18009443835683522,0.14488577362317595,0.16541268240071816,0.1373696094701635,0.1624455456218239,0.1304901471651515,0.1617460431180096,0.1587850370928313,0.16896839420176007,0.17957668566475538,0.18009752512262142,0.15904783701934072,0.16008486928952245,0.13788446438060425,0.1569054830607251,0.13793749760821306,0.1637806315105706,0.1603927637200525,0.1663253649310631,0.17895446176669777,0.18040266713521716,0.1671047531820205,0.1495392431681663,0.14678054888613093,0.16130260642959846,0.13505119429544984,0.15972713769540772,0.13259609049699336,0.15567731596661102,0.18063595394976217,0.18079131363538842,0.18068016218173405,0.1807055095616071,0.18090133176382214,0.18064637068233458,0.1808313307052848,0.18079336337091356,0.18089576137329605,0.1808063533994506,0.18091127080392388
0.21775030149452035,0.21732075021952782,0.21756867414145356,0.21779593884587023,0.21744536512273596,0.2176791211387221,0.21723117641670778,0.21770164549034632,0.21748973576263775,0.21780005168510466,0.2159792124141273,0.1936622294775907,0.18085504230680335,0.1615308528874732,0.1873992481080873,0.14888211052530606,0.24999999999999983,0.14815140193285697,0.1849576280291268,0.21764092654486555,0.21699094335912683,0.1767820747925635,0.20261075269055193,0.17203782879248417,0.20093841628782547,0.16882321622722443,0.19595307793888803,0.19107809181520186,0.20276121400260746,0.21636264000293642,0.2169345186520129,0.19333807671825956,0.19249240752257338,0.171403415617964,0.18944420484068966,0.16926074472398642,0.19830768868362486,0.1932607246142434,0.20063545624353324,0.2154133873969524,0.21716234960634548,0.2009273267768305,0.17977383173491143,0.1789103051580758,0.19444894757109452,0.16262426269482577,0.19131295613266852,0.1581622341718811,0.18744656335043167,0.21748175377529724,0.21766256200092468,0.21752423535587367,0.2176105350817526,0.21779050196594876,0.21753131130854278,0.21770622753936356,0.21767338319765353,0.21778379702031278,0.21767934096843478,0.21780246898232644
0.18016906476138253,0.17981407618648426,0.17998028167947525,0.18020681406354444,0.17988197232169656,0.1801109424671212,0.17971268914863325,0.18012947588831654,0.1799439694044387,0.180210179651946,0.17861880049617568,0.16000554476943643,0.14889037058510451,0.13070443248461577,0.15558386867986054,0.12444156254338395,0.14815140193285697,0.2499999999999999,0.14237054730482074,0.18005832294362248,0.17944774100802668,0.14486419510043863,0.16735205753954194,0.14336182003345843,0.16421726274506507,0.14225071830645836,0.1607582182111264,0.15194801378858025,0.16819353740456638,0.17897295561387086,0.1794437431556631,0.15966751887941816,0.15741266279357352,0.14117287892921382,0.1536872437484812,0.14025520350391463,0.16275033849307965,0.15962123748075221,0.1660860324195408,0.17816628976398147,0.17966351598776756,0.1662361924503012,0.1491557068245347,0.14656645691946832,0.16092276446300455,0.1334725847537509,0.15768301552455222,0.13148403741397321,0.1550419595737905,0.17992835756586698,0.18009119033442889,0.1799819976953959,0.18003680241891495,0.18020231179893756,0.17996705277696257,0.18013258235556884,0.18010336397882604,0.1801967642544733,0.18011000373545638,0.18021221362397621
0.21188359898116524,0.21146590595060868,0.21168893857775062,0.21192789798900874,0.21158084005624925,0.21181506572759723,0.21143160689937782,0.21183693380038562,0.21159789929813497,0.2119318520494339,0.21017366117208702,0.18785386538076487,0.17540962767934057,0.15534317951010873,0.1823621408014327,0.15179717837930026,0.1849576280291268,0.14237054730482074,0.25000000000000006,0.2117764842334908,0.21113230156244256,0.17338800867026274,0.19598337572732222,0.16612401035634264,0.19221834699346216,0.16462483797218458,0.1890144580956487,0.1869984029543084,0.19701374771634902,0.21045584172983753,0.21104021297372852,0.18738716560430255,0.18621932718493384,0.1648168015816197,0.18375836139638727,0.16410971272175526,0.19274310063314815,0.18787035060110358,0.19536825978504258,0.2096041226073726,0.21131680905995756,0.1956671282421824,0.17520417488596732,0.17274121216011734,0.18918105898043197,0.15795480884371488,0.18619366739111787,0.15464246748612823,0.18224544939078718,0.2116132742741925,0.21179485484006955,0.21166349090658845,0.21172452277908235,0.21192258476039588,0.21164957579540233,0.21184058057323915,0.21180364914087105,0.21191606002232707,0.21181334784870456,0.21193422894933034
0.24972541247891547,0.2492335601925918,0.24950595865980227,0.24977761397643547,0.24939162782372437,0.24964588101338933,0.2491967140365678,0.24967160092730065,0.24941757401336337,0.24978224518740386,0.24768888469847164,0.22210478528011093,0.20753670183128067,0.18711826836604564,0.21485287892331972,0.1807452153625266,0.21764092654486555,0.18005832294362248,0.2117764842334908,0.2500000000000002,0.2488658875929108,0.2059415839287493,0.23042095498658977,0.2001223089625749,0.2258190420166413,0.1991151890040024,0.2236915316863095,0.22074460508168534,0.23218990055075775,0.24805336620477805,0.24869189460617636,0.22100583885705635,0.21808256542536192,0.1955233710719591,0.21455449047297545,0.19423550132668932,0.2257474273201575,0.22104363933314905,0.23050913653359814,0.24691570175181937,0.24903226917869667,0.23040057936338934,0.20675894157030814,0.20205167340831662,0.22343512702481377,0.18397047113445134,0.21835373330313698,0.1817913841572708,0.21440531870111199,0.24938445054737526,0.24961336517727656,0.2494659839286772,0.24954380089493247,0.24977134796412845,0.2494531049932333,0.24967469854706478,0.24963377874833023,0.24976365843185033,0.249643898408878,0.24978507223205765
0.2490171471792809,0.2485267067211349,0.24879792699996117,0.2490692015792638,0.24868452974225044,0.24893787049082405,0.24848914457558258,0.24896352253709175,0.24870988219497892,0.24907381848244983,0.24698462017389322,0.22143846886387367,0.2069576398519148,0.18645521579863247,0.2142690904012698,0.18009443835683522,0.21699094335912683,0.17944774100802668,0.21113230156244256,0.2488658875929108,0.25000000000000006,0.2052253188555939,0.2297288404452315,0.199556524169964,0.2251042393826773,0.19846325295576342,0.22300303931738033,0.22012216573028784,0.23152797263372968,0.24734667653183884,0.24798534063045471,0.22034266335403094,0.2174797278793918,0.19485846453213154,0.2140230067970532,0.19362358668795496,0.22513116057305554,0.22041985459946242,0.2298493020344127,0.24621677496639016,0.2483269123152895,0.2297491937436862,0.20617647330707725,0.2014404182576439,0.22280904297055798,0.18345408205380556,0.21776301164927744,0.1812969946452713,0.2137910818108541,0.24867724101082592,0.24890539455525232,0.2487584555680655,0.24883536945469617,0.24906295351194244,0.24874521488518064,0.24896657818286533,0.24892556518800865,0.2490552857556185,0.2489358191799081,0.2490766388258553
0.20607640456166545,0.20567114063549008,0.20590485306615686,0.20611968374443698,0.20581935906986898,0.20601220042882326,0.20563400665477458,0.20603351154249122,0.20580773172262737,0.20612348594931137,0.20434873208073048,0.17870487477887997,0.16984366618870916,0.1495161990776151,0.1785844488395697,0.14488577362317595,0.1767820747925635,0.14486419510043863,0.17338800867026274,0.2059415839287493,0.2052253188555939,0.25000000000000006,0.18683586911092642,0.16523174952601918,0.18557788084741292,0.1659331709893766,0.1842524903137024,0.1818969394035063,0.19141284864344227,0.20468968421943814,0.20517928389241968,0.18219317572445,0.1790381351905989,0.1613285280655058,0.17534322896217003,0.16012171184418555,0.1855195388356067,0.18206136513151175,0.19042365993523344,0.2036710268016473,0.20549222501827252,0.18999767494708747,0.17085393749972466,0.16523716507590727,0.18475785121318583,0.1501487186137247,0.17945311723981683,0.1498749362647543,0.1765238645595403,0.20577832211638664,0.20597810224054047,0.20586256476769096,0.20592642075904102,0.20611455232285758,0.20585158351154068,0.20603479615381332,0.20600148768700668,0.20610820696433527,0.20601007092903625,0.2061258778988748
0.23055671650828627,0.23010245766525295,0.2303561225078924,0.23060499276111826,0.2302385776385231,0.23048271675498466,0.23004175917968042,0.23050651651803206,0.23028609438240727,0.23060929647340947,0.2286308586523832,0.20529893560290924,0.1913086835827065,0.1732682722218858,0.19893683292614153,0.16541268240071816,0.20261075269055193,0.16735205753954194,0.19598337572732222,0.23042095498658977,0.2297288404452315,0.18683586911092642,0.2500000000000004,0.18097354981580305,0.20809943407285791,0.1814465562736773,0.2060599913240224,0.20414210210898273,0.21408339731441853,0.22897481428809305,0.22962466185982688,0.20337343646339262,0.1991823995177457,0.17871714167128722,0.2044841206305456,0.17915285783724513,0.21047832467972788,0.20431520701359152,0.21264332605835587,0.22804571050431582,0.22994269627935623,0.21269254300756896,0.1907214131904854,0.18663682467793666,0.20619909531114375,0.17093587720901285,0.20264988230696185,0.16828041351248116,0.19810901654333607,0.2302585736352045,0.23045775150817452,0.23031730090366972,0.23038387017249715,0.2305992256371186,0.2303066337433524,0.23050999437840672,0.23046969853311292,0.2305921257114072,0.23048069712082292,0.23061189587700898
0.20024211219684165,0.19984907056744114,0.2000473778610064,0.20028385685311792,0.19998481952619934,0.20017976770537502,0.19987139932245385,0.2002013351321904,0.1999698898349499,0.20028746945690676,0.198562728031133,0.17532931110170422,0.16322599979164432,0.13793163858795254,0.17207717808536346,0.1373696094701635,0.17203782879248417,0.14336182003345843,0.16612401035634264,0.2001223089625749,0.199556524169964,0.16523174952601918,0.18097354981580305,0.2500000000000001,0.1763452950226561,0.16545082626959656,0.17758149275588103,0.17781113356855957,0.18539617758343843,0.19881437571396673,0.19933668401782437,0.17668668396674525,0.17316475035649187,0.15533273610868265,0.1709090234632172,0.15515581195273637,0.18134192568322963,0.17690019543146196,0.18543533170227355,0.1978602358279594,0.19967688183277854,0.18468087695657348,0.16636351124893603,0.15869217006353814,0.1800391481608397,0.14500479057014312,0.1742845556583666,0.14595929106545877,0.17119631319039436,0.19994106658653688,0.2001415179841166,0.20003395407828692,0.20008773009265587,0.20027880502036496,0.20001753322181354,0.20020130678862588,0.20016627528320954,0.2002726389854325,0.2001771157035481,0.2002898096351491
0.22593978992900432,0.22549507600218185,0.22576175160430204,0.22598716627377594,0.22565817314334388,0.22586831387708442,0.22543067219678936,0.22589176905223637,0.22567744361477468,0.22599136437686188,0.22401228785855531,0.20039359733877463,0.18800360346247003,0.167027457302196,0.19715193415350057,0.1624455456218239,0.20093841628782547,0.16421726274506507,0.19221834699346216,0.2258190420166413,0.2251042393826773,0.18557788084741292,0.20809943407285791,0.1763452950226561,0.2500000000000004,0.17531355212602423,0.20186115150165715,0.19824138535999783,0.2101047451557641,0.2244921398181845,0.22514062631910742,0.20076964549786772,0.20585976525867494,0.17675636116845306,0.1912529499186297,0.17535192054011883,0.20886161785954133,0.20053623884324778,0.2081914080249336,0.22352842690440294,0.22534301395897616,0.20843343178674478,0.1864785354745775,0.18513535073736218,0.2019643956154637,0.16889623260266198,0.1988762522531436,0.16400060664844318,0.19433291840479658,0.22566828083399956,0.22585005721482476,0.22570524847532542,0.22579706838570068,0.22598152655251233,0.22572224963664822,0.22589408233833666,0.2258600443263727,0.22597456909442404,0.22586631170619637,0.22599394334096498
0.19923437328172286,0.19884320069775327,0.19905396659539806,0.19927592308288344,0.1989984557342868,0.19917319189609067,0.198864315928232,0.19919416528339592,0.1989666843122037,0.19927952448520206,0.19760523666724278,0.17519707349258803,0.1665972557557947,0.1459848626008934,0.17049498923041623,0.1304901471651515,0.16882321622722443,0.14225071830645836,0.16462483797218458,0.1991151890040024,0.19846325295576342,0.1659331709893766,0.1814465562736773,0.16545082626959656,0.17531355212602423,0.25000000000000017,0.17325219822958404,0.17347104847885178,0.1848085604784117,0.1978046418835409,0.19835274341347303,0.17611794360499353,0.17364934489014042,0.15473200224066455,0.17047051137322253,0.1542331662854044,0.17947517579810274,0.1761002004697906,0.18416118239638962,0.19686127675027582,0.19866696859726307,0.18368060863105523,0.16538439020397147,0.1582057180310389,0.1790732229625152,0.14421852321557216,0.17347153281653585,0.14488061640317149,0.17052536664639834,0.1989355731201363,0.19913521592545505,0.199027280068246,0.19908197031936933,0.19927089993618374,0.19901038553960648,0.1991937918265569,0.19915957908380308,0.19926476510005375,0.199169735224469,0.19928184932132303
0.22382175766569662,0.2233811109928532,0.2236245224840994,0.22386861941110162,0.22352115809911333,0.22375076105936034,0.2233157791752049,0.22377385131484875,0.22355309104952853,0.22387277215791943,0.22193601030490342,0.19883939799334482,0.1863381551393058,0.16624285201168332,0.1939665320087738,0.1617460431180096,0.19595307793888803,0.1607582182111264,0.1890144580956487,0.2236915316863095,0.22300303931738033,0.1842524903137024,0.2060599913240224,0.17758149275588103,0.20186115150165715,0.17325219822958404,0.25000000000000033,0.1948980232097841,0.20909775899475738,0.22230213335771723,0.22292428570548134,0.19787375111117836,0.2022118323666676,0.17631673143972285,0.20030907332214043,0.1717685348121134,0.19998310022363955,0.19878745736333134,0.20544171738729095,0.2213268312463601,0.22322212598106295,0.2061910639965421,0.1847170707071366,0.18168824589737412,0.2004623762246983,0.16433941007162794,0.1972352465987296,0.16269565754098073,0.19266386593595128,0.22352305481622403,0.22372237260089362,0.2235893315172015,0.22365560289861866,0.22386301870136568,0.22358238091963664,0.22377639407242647,0.22373779398268454,0.2238561262389511,0.2237482255456913,0.22387531888563847
0.22088060225788467,0.2204457625416262,0.2206769456933654,0.2209267629145108,0.22057846623735075,0.22081048502370296,0.22040174525597614,0.22083329677577068,0.22059980110864497,0.22093084840376348,0.2190568547268151,0.19612201573058655,0.18354994113791157,0.16429522437269933,0.1901834603511094,0.1587850370928313,0.19107809181520186,0.15194801378858025,0.1869984029543084,0.22074460508168534,0.22012216573028784,0.1818969394035063,0.20414210210898273,0.17781113356855957,0.19824138535999783,0.17347104847885178,0.1948980232097841,0.2500000000000002,0.20336081843614867,0.2193879937977113,0.219980788144932,0.19538878210115643,0.19223973666923516,0.17274655365532798,0.18982654068703428,0.17220212326513143,0.1996224414761988,0.1958424346828042,0.20362535605487955,0.21844525338569265,0.22026934309732543,0.2038271369158988,0.18292453054522248,0.17934305069058273,0.19746294369255613,0.1636133184269047,0.19384893249987994,0.1609604388027691,0.19023121323523837,0.22058785759125088,0.22078500324165667,0.22065112223719685,0.22071891650788844,0.220921217697172,0.22063735777824509,0.22083573185148966,0.22079951512709783,0.2209144164086824,0.22080789704970624,0.22093335677793055
0.23233187585185355,0.2318741954076167,0.23212477394726191,0.23238046000697304,0.2320133233233652,0.23225766932864092,0.2318287685851453,0.23228156777588063,0.2320484393358299,0.2323847764846695,0.2304288130130227,0.20672417127574608,0.1931028267566286,0.17426244533642624,0.19985705794506758,0.16896839420176007,0.20276121400260746,0.16819353740456638,0.19701374771634902,0.23218990055075775,0.23152797263372968,0.19141284864344227,0.21408339731441853,0.18539617758343843,0.2101047451557641,0.1848085604784117,0.20909775899475738,0.20336081843614867,0.2500000000000004,0.23067051239263167,0.23136150793910173,0.2053024329112299,0.2039083852265975,0.1818533276613491,0.20012372441537957,0.17995885758672076,0.20906559892578971,0.20617756240508464,0.21355933482551023,0.2297098550747946,0.23168632680217868,0.21409120733083098,0.19212989070502018,0.18792407039848216,0.20783162283344386,0.17050796974995727,0.20440207694332982,0.16779454986731798,0.2001923692671759,0.23201457294238328,0.23222852544471762,0.23209053714611252,0.23215804554625688,0.23237463447804188,0.23207460337896108,0.23228471670299525,0.23224647266375126,0.23236748059375853,0.23225536335501004,0.2323874029077253
0.24820397623685161,0.24771513536413187,0.24798571510596337,0.24825586295886054,0.24787241541743768,0.24812495679013377,0.2476769973755301,0.2481505226430894,0.24789803561689552,0.24826046542580904,0.2461767334584813,0.22072893606613475,0.20628865433049878,0.18587015286880412,0.21361437710769615,0.17957668566475538,0.21636264000293642,0.17897295561387086,0.21045584172983753,0.24805336620477805,0.24734667653183884,0.20468968421943814,0.22897481428809305,0.19881437571396673,0.2244921398181845,0.1978046418835409,0.22230213335771723,0.2193879937977113,0.23067051239263167,0.2500000000000004,0.2471810472338542,0.21973928529520673,0.2167757962642766,0.19450378295551496,0.2132187856514128,0.19315459855958111,0.2243630657764313,0.21970007223220142,0.229101961263818,0.24541061989122212,0.24751424855974144,0.22899100735521932,0.2054791298005223,0.2008967764066293,0.22206239751156243,0.18287013227729848,0.21699748698878069,0.18064941585072367,0.21310559732995699,0.247865299977622,0.2480927275505935,0.2479461321216193,0.24802440790243316,0.24824963571332562,0.24793417871684464,0.24815357515337688,0.2481132030339185,0.2482419930643514,0.2481230299905143,0.24826327639925103
0.24884306603141784,0.24835294459020368,0.24862418913723636,0.24889508569194554,0.2485098047007204,0.2487637946468466,0.24831496594641606,0.24878942333309587,0.24853654672101438,0.24889970132754283,0.24681240981705568,0.22132213055366373,0.20680483319330564,0.18643054313059912,0.21410560712572113,0.18009752512262142,0.2169345186520129,0.1794437431556631,0.21104021297372852,0.24869189460617636,0.24798534063045471,0.20517928389241968,0.22962466185982688,0.19933668401782437,0.22514062631910742,0.19835274341347303,0.22292428570548134,0.219980788144932,0.23136150793910173,0.2471810472338542,0.2500000000000004,0.2201107282367983,0.2172166601178457,0.19485803366277954,0.21366978965619973,0.1935789557631101,0.22490063296058216,0.2202377863196857,0.22966888849909972,0.2460351617468522,0.24815097092915622,0.2295507848215275,0.20602733400555825,0.20123457266520708,0.22266201148305662,0.18317640595620194,0.21751313662700072,0.18108030818643042,0.2136159593860564,0.2485020123863027,0.24873099266821258,0.2485845574921673,0.24866212586488842,0.24888884235198433,0.24857196511343993,0.24879253445060412,0.2487519611562996,0.24888118001950219,0.2487619304459913,0.2489025181564937
0.22113855432304208,0.22070318052951088,0.22093866423097702,0.2211848124109485,0.22084025830186677,0.22106841722584555,0.2206526532883548,0.22109122229651995,0.22086523057952984,0.22118890544966638,0.21929864469086902,0.19640249178404978,0.18398443564231978,0.16415512883019728,0.19099212925242667,0.15904783701934072,0.19333807671825956,0.15966751887941816,0.18738716560430255,0.22100583885705635,0.22034266335403094,0.18219317572445,0.20337343646339262,0.17668668396674525,0.20076964549786772,0.17611794360499353,0.19787375111117836,0.19538878210115643,0.2053024329112299,0.21973928529520673,0.2201107282367983,0.2500000000000003,0.18957193739800643,0.17430367363161245,0.18770235277790545,0.1735846752265258,0.19885576385347734,0.19559058360313591,0.20411958693417961,0.21845465099244812,0.22048755400719144,0.20199654404773815,0.18253078748386672,0.1766515138255053,0.19831391594220124,0.15982581284275968,0.1921744598473182,0.1595189457560048,0.18960323553989694,0.22080767408245297,0.22102976109253003,0.2209088666109525,0.22097999693587528,0.22117926915935665,0.22090415788471254,0.22109368414609265,0.22106186933228641,0.22117246056985596,0.22106839841484405,0.22119142300515238
0.21821070036693088,0.21778051623678196,0.21803373130094814,0.21825639158304438,0.2179143338951977,0.21814022670509134,0.21773252269936783,0.21816274457718546,0.21795701405711335,0.21826048020757816,0.21642710134998738,0.19438443608289652,0.18104972808066241,0.16456821728679846,0.18771007634725195,0.16008486928952245,0.19249240752257338,0.15741266279357352,0.18621932718493384,0.21808256542536192,0.2174797278793918,0.1790381351905989,0.1991823995177457,0.17316475035649187,0.20585976525867494,0.17364934489014042,0.2022118323666676,0.19223973666923516,0.2039083852265975,0.2167757962642766,0.2172166601178457,0.18957193739800643,0.2500000000000004,0.16401715065321334,0.18687751628618846,0.1644976208102057,0.19564818291496175,0.19385838458680996,0.20028664482594727,0.21573459066436135,0.21764779081017088,0.20102487734448538,0.1802762614144653,0.17395285759910584,0.196052002740553,0.15892450610736794,0.1916334812733407,0.15825568446870625,0.18678402808538377,0.21790397039364928,0.21810634058635198,0.21798411455661137,0.21803393262900464,0.21825093479806756,0.2179710341091408,0.2181664811363244,0.2181235784473524,0.21824421421387255,0.2181386973908757,0.21826292580812306
