x1,x2,x3,x4,x5,x6,x7,x8,x9,x10,x11,x12,x13,x14,x15,x16,x17,x18,x19,x20,x21,x22,x23,x24,x25,x26,x27,x28,x29,x30,x31,x32,x33,x34,x35,x36,x37,x38,x39,x40,x41,x42,x43,x44,x45,x46,x47,x48,x49,x50,x51,x52,x53,x54,x55,x56,x57,x58,x59,x60
0.25,0.243350848662052,0.2368846605908313,0.24333253967808846,0.23828083721436524,0.2433322516753863,0.2406051348270949,0.24333744685513883,0.24125798150822933,0.24333851439198112,-0.2431916947486318,0.2432109048389973,-0.24268775777619286,0.24298432578247364,-0.24236716838726532,0.24323903115912837,-0.2417014851915332,0.24333685825763948,-0.24016193147915366,0.24072826364603161,-0.03931451328639415,0.0434475067260823,-0.004682854633208125,0.00585671309770931,0.06437475459742559,-0.06371267416331051,0.15789712236401743,-0.15715282930571503,0.23896520974576743,-0.23711317011117913,0.044459775630479356,-0.042625801670695435,0.07767719411722958,-0.057748243657289575,0.10091699084383278,-0.0931884894245999,0.1506974081662788,-0.14644499897877022,0.2219857004045754,-0.21964372666150098,-0.2427462045835549,0.24333891916139724,-0.2426646234539062,0.24333888535501588,-0.2429819452881779,0.24324219543481254,-0.2423644961993296,0.2427943006211933,-0.229609667359183,0.22971995516477814,0.2430682564026616,0.24333898898872836,0.2431065303381427,0.24333898409141635,0.2427933728066456,0.24333899170731085,0.24232682159823285,0.24333882790138434,0.24226488247526115,0.2433387988226357
0.243350848662052,0.25000000000000006,0.2435333978304865,0.24998071696443647,0.24492880007147283,0.24998041943863616,0.24724563019560367,0.24998561618861018,0.24788562522077348,0.24998668144782046,-0.24981192345564976,0.2498400782882603,-0.249321027718834,0.24963061248000581,-0.2489927745046555,0.24988517666969512,-0.2483045132273983,0.24998497575119114,-0.2467211446875497,0.24730333810866018,-0.04040721873963937,0.044654053871146224,-0.00482038708438344,0.006026301858466075,0.06612451588684902,-0.06544433681005374,0.16220511292640438,-0.1614403951890313,0.24549283262059773,-0.24358930602500964,0.045692555898792425,-0.04380807909678118,0.07981502743046345,-0.05934149240724544,0.1036857413456993,-0.09574585881434725,0.154821146451855,-0.15045232838330405,0.22805095581336027,-0.22564494193498932,-0.24937815792924725,0.24998709446436065,-0.24929433187006522,0.2499870597367874,-0.2496203601107406,0.249887736155517,-0.24898604399621752,0.24942757437295104,-0.23588290576894108,0.23599620743076746,0.24970903168105657,0.24998716619644973,0.24974835290464492,0.24998716116533798,0.24942663883059907,0.24998716898930523,0.24894734413147412,0.24998700070809596,0.24888371389884748,0.2499869708348972
0.2368846605908313,0.2435333978304865,0.2500000000000001,0.24354970251999244,0.23848755103929423,0.24353890864375613,0.24080445138067527,0.2435441053178847,0.24144474686414052,0.2435451758763371,-0.2433792423382275,0.24366118963494182,-0.24340276057676943,0.24344293801007627,-0.24257004931994966,0.24344528800804566,-0.24190466555124743,0.24354351869249657,-0.2403625030716507,0.2409300791995068,-0.03895159299847281,0.04309609928044007,-0.004208733497420625,0.005383752925641093,0.06471351966440426,-0.06405008255191627,0.15815031452864936,-0.15740555397488715,0.23917055144758798,-0.23731500709795764,0.044111004547455035,-0.04227196451763707,0.0774205486241897,-0.057529470007209184,0.10081761009379163,-0.09309511250961092,0.15073679329815506,-0.14648594688255012,0.2221779094587377,-0.21983246918720042,-0.24295293586545544,0.2435455839369046,-0.24287157259019562,0.24354555010234116,-0.24318839012728882,0.243448643880542,-0.24257062445065888,0.2430011483962924,-0.2298069713491852,0.229917347348159,0.24327478304396075,0.24354565390287197,0.24331305471798326,0.24354564900140635,0.24299965768203086,0.24354565662376357,0.24253264033597866,0.2435454926787202,0.24247063342291703,0.2435454635752756
0.24333253967808846,0.24998071696443647,0.24354970251999244,0.25000000000000017,0.24493514477553835,0.24998679221070444,0.24725197391559103,0.24999198899012837,0.2478919564763752,0.24999305425603505,-0.24981826037393567,0.24984652372488314,-0.24932757717267054,0.24963707716648548,-0.24899912361411072,0.2498915472397097,-0.24831084162049916,0.24999134851396795,-0.24672743035131936,0.24730963928936245,-0.04040833319740064,0.04465528613774118,-0.004820539431277568,0.006026484875149749,0.06612616079442792,-0.06544596435065807,0.16220922100718815,-0.16144448347273102,0.24549908816464963,-0.24359551142539518,0.04569380267065687,-0.04380927511850859,0.07981713650807466,-0.05934308315803977,0.10368844418344943,-0.09574835840714649,0.15482512793511516,-0.150456197316097,0.22805677228623406,-0.22565069661423418,-0.24938451509412868,0.24999346728384547,-0.24930068682082537,0.24999343255540468,-0.24962672353948454,0.24989410648239663,-0.24899239126388328,0.24943393282210355,-0.23588892001167377,0.23600222456580258,0.2497153973863466,0.24999353901775265,0.2497547196193226,0.24999353398651278,0.24943299734115087,0.24999354181067945,0.24895369043653748,0.2499933735251804,0.2488900585874433,0.2499933436512201
0.23828083721436524,0.24492880007147283,0.23848755103929423,0.24493514477553835,0.2499999999999999,0.24494619336646176,0.24220012222897083,0.24494004488514237,0.24284032890762766,0.2449411115832426,-0.24477193691928267,0.24479455266937464,-0.24428333139258648,0.24491242586676462,-0.2442789075441653,0.24484244104632583,-0.24329063221812033,0.24493944362688078,-0.2417346490609599,0.2423063044200447,-0.03943198804792579,0.04360035771490055,-0.004526466760831252,0.005708350832423536,0.06483861366302036,-0.06417174130549849,0.15894379672859077,-0.15819446928478162,0.2405355370349828,-0.23866736433015062,0.04461446280830147,-0.0427663939538431,0.0780771709039958,-0.05805876516752203,0.10154072333128052,-0.09376440875240483,0.15167416123986133,-0.14739415899076944,0.2234493276362821,-0.22109144729167304,-0.2443450598938517,0.24494152323211904,-0.24426303320743809,0.24494148921677716,-0.24458221617886425,0.24484412952767592,-0.243960654043644,0.24439339602956484,-0.231123266380864,0.23123427961066642,0.24466910382147136,0.24494159354857964,0.24470761946816372,0.24494158861901263,0.24439240894047057,0.24494159628506582,0.24392276214786335,0.2449414314003322,0.24386041102209402,0.24494140213007407
0.2433322516753863,0.24998041943863616,0.24353890864375613,0.24998679221070444,0.24494619336646176,0.25000000000000006,0.24725167509810533,0.24999169169673255,0.24789165354727083,0.24999275696028742,-0.2498179596316036,0.24984611646468236,-0.24932707220122877,0.2496370416737068,-0.2489991790745987,0.2498912520282456,-0.2483105447411834,0.24999105121977347,-0.24672713027071003,0.2473093397383294,-0.040408110824846445,0.044655059016775335,-0.004820363290126459,0.006026307682695845,0.06612611814612976,-0.06544592215009423,0.16220903960544655,-0.1614443030544001,0.2454987940463064,-0.24359521665255104,0.04569357840599953,-0.043809053498022416,0.07981689900596227,-0.05934290782684568,0.1036882524344436,-0.0957481784439618,0.15482491051293623,-0.1504559857311833,0.22805650007408054,-0.2256504273018194,-0.24938421872694652,0.24999316999105095,-0.24930039068008783,0.24999313526265313,-0.24962642672523666,0.24989380925663668,-0.2489920951081273,0.24943363627295967,-0.23588863998500104,0.23600194440088712,0.24971510046155507,0.2499932417249036,0.24975442263525843,0.24999323669366963,0.24943270074894894,0.24999324451782703,0.24895339438757114,0.24999307623252803,0.24888976260706455,0.24999304635860334
0.2406051348270949,0.24724563019560367,0.24080445138067527,0.24725197391559103,0.24220012222897083,0.24725167509810533,0.24999999999999997,0.2472594709785441,0.24515707299560616,0.24725793674615662,-0.24708403295923678,0.24711133390098586,-0.24659489786767214,0.24690197366614344,-0.24626504046841063,0.2472196310194053,-0.2456402201401706,0.24725623761966634,-0.24402551417357737,0.24460176078674292,-0.03996694939429418,0.044168761837811966,-0.004759988322412381,0.005952762225594607,0.0654158635926846,-0.06474303184780512,0.16041516549935686,-0.15965864663635518,0.24281140371227183,-0.24092758181315088,0.045194537115856574,-0.043330260570925525,0.07894516946308061,-0.058693764632610126,0.10255367930102159,-0.09470286886981738,0.15313333421142225,-0.14881148247645415,0.22556278395207163,-0.2231829973410303,-0.24665605975869737,0.24725834960458554,-0.2465731499981888,0.24725831525687572,-0.24689561639707816,0.24716007572505957,-0.24626815334872332,0.24670486645536147,-0.23330874548128203,0.2334208112278858,0.24698332147081872,0.24725842055424793,0.24702221340591882,0.24725841557805028,0.24670401086454882,0.24725842331661727,0.2462299469096985,0.2472582568722894,0.24616701160028043,0.2472582273251728
0.24333744685513883,0.24998561618861018,0.2435441053178847,0.24999198899012837,0.24494004488514237,0.24999169169673255,0.2472594709785441,0.24999999999999997,0.2478968477230214,0.2499979537380622,-0.24982314812997788,0.2498513113297503,-0.24933225998272954,0.24964187430431664,-0.2490040041669899,0.24989646554221495,-0.24831572179746844,0.24999624795328418,-0.24673226547095453,0.24731448590011174,-0.040409081680446976,0.04465611011373736,-0.0048206292717296595,0.006026598402330872,0.06612747930593922,-0.06544726953663944,0.16221240821012348,-0.16144765579180798,0.24550389992729213,-0.2436002857642392,0.045694656077867116,-0.043810093590581134,0.07981866078552122,-0.05934420085499687,0.10369044074538268,-0.09575020022469838,0.15482814152918697,-0.15045912572313366,0.2280612400251243,-0.22565511758382945,-0.24938940271619744,0.24999836677115264,-0.2493055728436028,0.24999833204201832,-0.2496316158652368,0.24989900399874335,-0.24899727112451236,0.24943882137483714,-0.2358935424966849,0.2360068492690653,0.24972029143818522,0.24999843850647005,0.24975961443836445,0.2499984334751315,0.2494378858555908,0.24999844129945148,0.24895856955070558,0.24999827301065428,0.2488949364512353,0.24999824313610855
0.24125798150822933,0.24788562522077348,0.24144474686414052,0.2478919564763752,0.24284032890762766,0.24789165354727083,0.24515707299560616,0.2478968477230214,0.2499999999999999,0.2478982618808327,-0.24772415480579765,0.247751276254226,-0.24723268344251007,0.247541895785923,-0.24690597888822838,0.24779644394358272,-0.24621617229114046,0.24789620760699646,-0.2446325681016292,0.2452144351372157,-0.04010402099376495,0.044313510958978966,-0.004810788075561706,0.00600672723003261,0.06553741926777949,-0.06486267770356953,0.16080767263003917,-0.16004859806368957,0.24342951429380918,-0.24153049570432486,0.04534440769591316,-0.04347602103942187,0.07917523310260938,-0.058874389733654824,0.10284120448001657,-0.09496824428090439,0.15354097252401447,-0.14920736101022153,0.2261463552351955,-0.2237607537602538,-0.2472944023298373,0.24789832580418317,-0.247211252267128,0.2478982913681323,-0.24753464583645332,0.24779981264096454,-0.24690553733006684,0.24734333972019076,-0.23391278067542043,0.23402513720794366,0.24762257539237204,0.24789839692867877,0.24766157245164036,0.24789839193959898,0.24734254257931096,0.24789839969819763,0.2468672588428634,0.24789823282306397,0.24680416228903818,0.24789820319947092
0.24333851439198112,0.24998668144782046,0.2435451758763371,0.24999305425603505,0.2449411115832426,0.24999275696028742,0.24725793674615662,0.2499979537380622,0.2478982618808327,0.2499999999999998,-0.24982421335002788,0.24985237662620308,-0.24933332458493573,0.2496429392936037,-0.24900506968853028,0.24989751062209675,-0.24831676667823246,0.24999731321117816,-0.24673331508130444,0.2473155382595843,-0.04040925194475393,0.044656297716471345,-0.004820651026869835,0.006026625301420555,0.06612775718993474,-0.06544754451759473,0.16221310293130206,-0.16144834723605545,0.2455049454940432,-0.24360132246931038,0.04569484893724912,-0.04381027861193097,0.07981899889481488,-0.05934445247157688,0.10369088180472191,-0.0957506069015243,0.1548288003222832,-0.15045976606756548,0.22806221151083325,-0.22565607885840044,-0.24939046538327164,0.24999943203255204,-0.24930663515482307,0.249999397303269,-0.2496326795652321,0.2499000688361746,-0.24899833213597017,0.2494398842679031,-0.2358945475338214,0.2360078547887677,0.24972135551514144,0.2499995037681748,0.24976067868288315,0.24999949873681485,0.24943894872913583,0.24999950656116818,0.24895963038190574,0.24999933827165385,0.24889599701111711,0.2499993083969808
-0.2431916947486318,-0.24981192345564976,-0.2433792423382275,-0.24981826037393567,-0.24477193691928267,-0.2498179596316036,-0.24708403295923678,-0.24982314812997788,-0.24772415480579765,-0.24982421335002788,0.2499999999999999,-0.24970818201213704,0.2491774967472988,-0.24946840289077307,0.24883088671844755,-0.24972274831831598,0.24814253158454003,-0.24982250769294265,0.24655926259457261,-0.2471412466697281,0.040443248687227255,-0.04468536078655966,0.00488861657898032,-0.00609378974528898,-0.06602560049492048,0.06534594785247048,-0.16207195953501838,0.16130765431065183,-0.24533167798233013,0.24342877576214764,-0.04572362129615041,0.04384083341397016,-0.07981318369305275,0.05934849831657898,-0.1036511416561842,0.09571429690873377,-0.15473694336439167,0.15036980521151788,-0.22790216442402325,0.22549796939477107,0.24921598574606932,-0.24982462587210083,0.24913216715732284,-0.24982459116819614,0.24945811529981124,-0.24972535533052864,0.24882414691375357,-0.2492653302616985,0.23572934237203336,-0.23584257137596967,-0.24954672808938982,-0.2498246975445525,-0.24958602978538663,-0.24982469251670913,-0.2492645203747357,-0.2498247003355928,-0.24878554870733804,-0.24982453216375067,-0.24872196239663058,-0.24982450230996675
0.2432109048389973,0.2498400782882603,0.24366118963494182,0.24984652372488314,0.24479455266937464,0.24984611646468236,0.24711133390098586,0.2498513113297503,0.247751276254226,0.24985237662620308,-0.24970818201213704,0.24999999999999967,-0.24946077110659215,0.2494963191248497,-0.24885847058754065,0.24975086789367634,-0.24817016536691633,0.24985067058088795,-0.24658672182049826,0.2471688971498934,-0.04026579875592542,0.04450938316147651,-0.004714227961568174,0.005919602128833681,0.0661588884054866,-0.06547889774427501,0.1621441023112426,-0.16137988926787553,0.24536091331445725,-0.2434574397333453,0.04555133268492381,-0.04366869811606716,0.0796738389558339,-0.05922093970718367,0.10356619628095137,-0.09563394760640044,0.15470511332386833,-0.15033987793095077,0.22792794570882485,-0.22552325903923517,-0.2492443513360931,0.24985278932083396,-0.24916066663270345,0.2498527546050839,-0.2494862888372317,0.24975343945492012,-0.24885231135874405,0.24929370997940203,-0.23575638349965244,0.23586962154693175,0.24957490629993742,0.24985286103597246,0.24961419619818934,0.24985285600756874,0.24929266135394393,0.24985286382732805,0.24881360377474437,0.24985269563652757,0.24875000208993703,0.24985266577937826
-0.24268775777619286,-0.249321027718834,-0.24340276057676943,-0.24932757717267054,-0.24428333139258648,-0.24932707220122877,-0.24659489786767214,-0.24933225998272954,-0.24723268344251007,-0.24933332458493573,0.2491774967472988,-0.24946077110659215,0.24999999999999967,-0.2493610316012914,0.24847371983693062,-0.24923189965975395,0.24765236385032288,-0.24933161945646679,0.24606918886559598,-0.24665084902238157,0.04037741672299402,-0.04461811226727921,0.00484153860010722,-0.006044769820486812,-0.06579192777802699,0.06511338291538957,-0.1616910439036221,0.16092802164243605,-0.24484477813911917,0.2429431544960522,-0.04564681377674891,0.04376542347141786,-0.07967084530487069,0.05928602348368763,-0.10349861090153982,0.09557494149449706,-0.154465097742775,0.15010388781828105,-0.22745540917996876,0.2250557559870406,0.24872619342161822,-0.2493337369469476,0.24864250525547577,-0.24933370233531835,0.2489679181324139,-0.24923469222999586,0.24833499253092775,-0.24877526393457,0.23526717809070596,-0.23538018686522125,-0.2490563691299916,-0.2493338084774202,-0.24909559832282974,-0.2493338034594486,-0.24877472043774582,-0.24933381126297482,-0.24829669572412438,-0.24933364342158046,-0.24823323752959006,-0.2493336136264572
0.24298432578247364,0.24963061248000581,0.24344293801007627,0.24963707716648548,0.24491242586676462,0.2496370416737068,0.24690197366614344,0.24964187430431664,0.247541895785923,0.2496429392936037,-0.24946840289077307,0.2494963191248497,-0.2493610316012914,0.24999999999999975,-0.24910676651589897,0.24954143157300981,-0.24796078486204812,0.24964123312798275,-0.24637734844691453,0.2469594570516258,-0.040054367436954556,0.04430005939387458,-0.004465306681329162,0.005670637765663253,0.06599445384370763,-0.06531443832742595,0.16195301412880225,-0.16118959066698457,0.24515215061986112,-0.24324902474285523,0.04533978070569791,-0.04345592404918969,0.079462787968921,-0.05912564542921389,0.10347145042705504,-0.0955431536844515,0.15457969204529948,-0.15021566066313985,0.22773605035793884,-0.2253330568190341,-0.24903551905634203,0.24964335184494968,-0.2489519959612801,0.24964331719070515,-0.24927716839754874,0.24954406900448758,-0.24864338043641093,0.24908449356293375,-0.23555996711424151,0.2356731084450337,0.24936572206302865,0.24964342353185298,0.24940497156198232,0.249643418507664,0.2490837167628898,0.24964342632086828,0.2486050398503126,0.2496432582710536,0.2485414874471533,0.24964322843893194
-0.24236716838726532,-0.2489927745046555,-0.24257004931994966,-0.24899912361411072,-0.2442789075441653,-0.2489991790745987,-0.24626504046841063,-0.2490040041669899,-0.24690597888822838,-0.24900506968853028,0.24883088671844755,-0.24885847058754065,0.24847371983693062,-0.24910676651589897,0.24999999999999986,-0.2490436721423322,0.24746331348986692,-0.24900336537234555,0.24574288348509316,-0.24632413402642706,0.04048920198462199,-0.044730126510160534,0.00499643836878734,-0.006198713749512345,-0.06546072090655497,0.06478307672877547,-0.1612998356824815,0.1605374997307451,-0.24451516888711816,0.24261532827869917,-0.045747264742204315,0.04386801149221958,-0.07970582147632939,0.05937120007800052,-0.10349035089415377,0.09557302462829542,-0.1543349602731829,0.14997198875783951,-0.22715590911990177,0.22476018860006503,0.24839839497255942,-0.24900548124854943,0.24831467862951137,-0.24900544670904826,0.24864008528668285,-0.24890665283565883,0.24800739954162823,-0.24844690299419905,0.234958395376348,-0.23507126051177152,-0.248728425527856,-0.24900555265293478,-0.2487676222753993,-0.24900554764155602,-0.2484471550687666,-0.24900555543481978,-0.24796979223931145,-0.2490053878143951,-0.24790642678014574,-0.24900535805849794
0.24323903115912837,0.24988517666969512,0.24344528800804566,0.2498915472397097,0.24484244104632583,0.2498912520282456,0.2472196310194053,0.24989646554221495,0.24779644394358272,0.24989751062209675,-0.24972274831831598,0.24975086789367634,-0.24923189965975395,0.24954143157300981,-0.2490436721423322,0.24999999999999978,-0.2484171311904705,0.24989580449675872,-0.24663182675418613,0.24721402760211386,-0.04030744127415546,0.0445544385838316,-0.004719164942656867,0.005924697939326988,0.06622976205791244,-0.06554955040710041,0.16211974996096673,-0.16135506432386165,0.24540366412350975,-0.24350011715705555,0.04559300441494267,-0.043708622696179214,0.07971719876807806,-0.05924307572281537,0.10358912650184011,-0.09566346573867056,0.15474175415699803,-0.1503736237858986,0.2279730045023487,-0.22556764003001203,-0.24928935580990716,0.2498979232018685,-0.24920563870261792,0.24989788847857936,-0.24953134453819836,0.24979855985965194,-0.24889707051161192,0.2493385392573173,-0.23580073433203524,0.2359139959329938,0.2496199832966073,0.2498979949261472,0.24965928156879436,0.24989798989682477,0.2493376868496128,0.24989799771800528,0.24885854356768972,0.2498978294968244,0.24879493253377,0.24989779963428163
-0.2417014851915332,-0.2483045132273983,-0.24190466555124743,-0.24831084162049916,-0.24329063221812033,-0.2483105447411834,-0.2456402201401706,-0.24831572179746844,-0.24621617229114046,-0.24831676667823246,0.24814253158454003,-0.24817016536691633,0.24765236385032288,-0.24796078486204812,0.24746331348986692,-0.2484171311904705,0.24999999999999983,-0.2483186798816845,0.2450606386892575,-0.24564058315011938,0.04116535040759852,-0.04540070410659094,0.005768271668618291,-0.006966639213375683,-0.06485882473787108,0.06418409442093986,-0.1605714879310366,0.1598100316380915,-0.2438280947948231,0.24193295517795324,-0.0463888867072582,0.044514058900154044,-0.08013722193991173,0.059756886003674216,-0.10358836423668288,0.09568198840744799,-0.15410980477812475,0.1497469259323214,-0.22653189332766763,0.22414398088527449,0.2477106622274375,-0.24831717772883785,0.2476265898390816,-0.24831714330976148,0.2479525817729289,-0.24821889820936968,0.24732116873403306,-0.24775878250366254,0.23430910935328117,-0.23442168109750866,-0.24804069757957445,-0.24831724879160114,-0.24807985205814143,-0.24831724379403697,-0.24776022337072853,-0.248317251565791,-0.24728430931495946,-0.2483170844087061,-0.24722115407723116,-0.24831705473505994
0.24333685825763948,0.24998497575119114,0.24354351869249657,0.24999134851396795,0.24493944362688078,0.24999105121977347,0.24725623761966634,0.24999624795328418,0.24789620760699646,0.24999731321117816,-0.24982250769294265,0.24985067058088795,-0.24933161945646679,0.24964123312798275,-0.24900336537234555,0.24989580449675872,-0.2483186798816845,0.24999999999999983,-0.2467356360148295,0.24731786327308664,-0.040407216505381496,0.04465426482393061,-0.004818737959955521,0.006024700590688318,0.0661296251682034,-0.06544950427956761,0.16221519489824532,-0.16145067541263644,0.24550725000479334,-0.24360364382036634,0.04569282085904223,-0.04380824917736481,0.07981702191065346,-0.05934245701765429,0.10368894855427004,-0.09574866227041495,0.15482694730935478,-0.15045791660898297,0.22806047808128316,-0.22565434182513666,-0.24938876842827157,0.24999772624202238,-0.24930493994827463,0.24999769151284676,-0.24963097702952852,0.24989836289092146,-0.24899662716020127,0.24943817833598603,-0.23589282440300616,0.2360061307179619,0.2497196523023811,0.24999779797757518,0.24975897494853666,0.24999779294625007,0.2494372474682421,0.24999780077054953,0.2489579321349329,0.2499976324821833,0.24889429903559288,0.24999760260771414
-0.24016193147915366,-0.2467211446875497,-0.2403625030716507,-0.24672743035131936,-0.2417346490609599,-0.24672713027071003,-0.24402551417357737,-0.24673226547095453,-0.2446325681016292,-0.24673331508130444,0.24655926259457261,-0.24658672182049826,0.24606918886559598,-0.24637734844691453,0.24574288348509316,-0.24663182675418613,0.2450606386892575,-0.2467356360148295,0.24999999999999978,-0.24941108808107065,0.03796191077857415,-0.042201072728565193,0.004742522434116311,-0.005934994822066488,-0.06549974617101133,0.06488621789971839,-0.16146588819692614,0.16087600814800646,-0.24487351684635839,0.2456994062808943,-0.04322024970907387,0.04134006215329383,-0.07721568571993866,0.056780572252821425,-0.10094571361009014,0.09302112484186148,-0.1518838289063151,0.14752401954039118,-0.2248510156785145,0.22245073575222105,0.24613825790475963,-0.24673372491044804,0.24605676915243932,-0.24673369049190394,0.2463726385045087,-0.24663471921790436,0.24573666148483775,-0.24617478910944188,0.23266442714297092,-0.2327760449876828,-0.24646007295276465,-0.2467337961888088,-0.24649858533062005,-0.24673379122404493,-0.24618140055588195,-0.24673379894548564,-0.24570807292916008,-0.24673363285415367,-0.24564507502675864,-0.24673360336973432
0.24072826364603161,0.24730333810866018,0.2409300791995068,0.24730963928936245,0.2423063044200447,0.2473093397383294,0.24460176078674292,0.24731448590011174,0.2452144351372157,0.2473155382595843,-0.2471412466697281,0.2471688971498934,-0.24665084902238157,0.2469594570516258,-0.24632413402642706,0.24721402760211386,-0.24564058315011938,0.24731786327308664,-0.24941108808107065,0.2499999999999998,-0.037732088330491395,0.04197808563560573,-0.004479559977118089,0.005674845762298031,0.06585988324469544,-0.06524467909945557,0.16200028778293526,-0.16140969677830874,0.24546010068268376,-0.2462847624971826,0.04301103979634964,-0.04112869925672058,0.0771352370511332,-0.05667158751229696,0.10100723986767234,-0.09306800583914544,0.15214523502657112,-0.1477815603430409,0.225378727829708,-0.2229726187232771,-0.24671956078793222,0.2473159485694375,-0.24663813269496224,0.24731591404866285,-0.24695411055361766,0.2472165856140938,-0.2463169518357035,0.24675640159497214,-0.23321257043956234,0.23332444274129766,0.24704173508726968,0.24731602007427633,0.24708030973727704,0.24731601509781725,0.24676239517229032,0.24731602283746132,0.2462878969059451,0.24731585635419798,0.2462247346011619,0.2473158268002038
-0.03931451328639415,-0.04040721873963937,-0.03895159299847281,-0.04040833319740064,-0.03943198804792579,-0.040408110824846445,-0.03996694939429418,-0.040409081680446976,-0.04010402099376495,-0.04040925194475393,0.040443248687227255,-0.04026579875592542,0.04037741672299402,-0.040054367436954556,0.04048920198462199,-0.04030744127415546,0.04116535040759852,-0.040407216505381496,0.03796191077857415,-0.037732088330491395,0.24999999999999967,-0.2457485525601852,0.20588482769513103,-0.2059777988556432,0.13685922325236574,-0.13670589494557364,0.04658083905788154,-0.047078025249176876,-0.03607316788045911,0.034883564706432335,-0.24470122492976532,0.24288259615150726,-0.2073339086648774,0.18701840509312417,-0.14507909924808277,0.13774214314256772,-0.09203066232969813,0.08814255896036799,-0.0378207788845008,0.037456467646539315,0.039952124668280964,-0.04040936078007209,0.03974281744926894,-0.040409364749865555,0.04027702235248238,-0.04048340328503515,0.040107883784801714,-0.03995942232841885,0.03788510395973544,-0.037908950170204805,-0.04030162740607907,-0.04040932537645829,-0.04032982428392247,-0.040409324552348976,-0.04026350583824906,-0.040409325826437845,-0.04022829181413352,-0.0404092986247105,-0.04022938254494226,-0.04040929379566583
0.0434475067260823,0.044654053871146224,0.04309609928044007,0.04465528613774118,0.04360035771490055,0.044655059016775335,0.044168761837811966,0.04465611011373736,0.044313510958978966,0.044656297716471345,-0.04468536078655966,0.04450938316147651,-0.04461811226727921,0.04430005939387458,-0.044730126510160534,0.0445544385838316,-0.04540070410659094,0.04465426482393061,-0.042201072728565193,0.04197808563560573,-0.2457485525601852,0.24999999999999978,-0.21007244960255866,0.21016814109041226,-0.1381745768287375,0.13802302237370767,-0.04239853292347935,0.04289763123197701,0.040311891343166546,-0.039109045762124116,0.24054972688155857,-0.2387313036736971,0.21153351055194242,-0.19121313235091025,0.14928737557722685,-0.14194487246840665,0.09625360990778568,-0.09235130033831426,0.042061397622461236,-0.04169657307403615,-0.044194439808289,0.04465640958796089,-0.04398892748560761,0.04465641895297908,-0.044516771154944325,0.04473042802683943,-0.04434072313475509,0.044206160573058303,-0.04212600560781121,0.04215216483928481,0.044545121284852184,0.044656379518109066,0.04457292961227925,0.044656378607423115,0.04450219901989054,0.044656380015344735,0.04445715655064851,0.04465634995488241,0.04445727786155642,0.04465634461832053
-0.004682854633208125,-0.00482038708438344,-0.004208733497420625,-0.004820539431277568,-0.004526466760831252,-0.004820363290126459,-0.004759988322412381,-0.0048206292717296595,-0.004810788075561706,-0.004820651026869835,0.00488861657898032,-0.004714227961568174,0.00484153860010722,-0.004465306681329162,0.00499643836878734,-0.004719164942656867,0.005768271668618291,-0.004818737959955521,0.004742522434116311,-0.004479559977118089,0.20588482769513103,-0.21007244960255866,0.2499999999999999,-0.2487525039956702,0.17675280642443172,-0.1763415172967727,0.08128058930249893,-0.08113609576407876,-0.0009842193477888365,0.002029491589513292,-0.20077708422384194,0.20223609445687596,-0.17500114975231051,0.15540879418698522,-0.11190583770549983,0.10515843616673017,-0.058064911244746886,0.05441979376667945,-0.0030172923804854144,0.003799888279494464,0.004491889240311855,-0.0048206924757736,0.00433869594171388,-0.004820701679547344,0.004763818435736242,-0.004896960810859176,0.004564941579487989,-0.004383298229862117,0.0038635991830177478,-0.003869512481820232,-0.0047648684793464464,-0.0048206554987610855,-0.004784062977557555,-0.0048206553957926435,-0.004764635254011504,-0.004820655551871522,-0.004791686104490378,-0.00482065230646675,-0.00479914268852751,-0.00482065173027952
0.00585671309770931,0.006026301858466075,0.005383752925641093,0.006026484875149749,0.005708350832423536,0.006026307682695845,0.005952762225594607,0.006026598402330872,0.00600672723003261,0.006026625301420555,-0.00609378974528898,0.005919602128833681,-0.006044769820486812,0.005670637765663253,-0.006198713749512345,0.005924697939326988,-0.006966639213375683,0.006024700590688318,-0.005934994822066488,0.005674845762298031,-0.2059777988556432,0.21016814109041226,-0.2487525039956702,0.2499999999999996,-0.17783837169182815,0.17742991171646874,-0.08118813574290057,0.08104380698575137,0.002170742836250155,-0.003194438913830135,0.20159524689003847,-0.20304920428675943,0.17619413192169223,-0.15659080672087083,0.11309634497087802,-0.10628804460402627,0.05920075330935755,-0.05550441396801625,0.004124079353192216,-0.004901211844262949,-0.005693480344895614,0.006026668729413989,-0.0055394372932828975,0.006026678109236713,-0.005967712602324142,0.006102926576273067,-0.005763386224409772,0.005583213254049743,-0.005010938370081912,0.0050174328593196515,0.005969301153028484,0.006026632100857568,0.00598873626645065,0.006026631973532437,0.0059677396767989855,0.006026632167426239,0.005992575963271023,0.006026628110217083,0.0059997711228667126,0.006026627389916363
0.06437475459742559,0.06612451588684902,0.06471351966440426,0.06612616079442792,0.06483861366302036,0.06612611814612976,0.0654158635926846,0.06612747930593922,0.06553741926777949,0.06612775718993474,-0.06602560049492048,0.0661588884054866,-0.06579192777802699,0.06599445384370763,-0.06546072090655497,0.06622976205791244,-0.06485882473787108,0.0661296251682034,-0.06549974617101133,0.06585988324469544,0.13685922325236574,-0.1381745768287375,0.17675280642443172,-0.17783837169182815,0.24999999999999958,-0.249285010968215,0.1530559181747823,-0.15235185758556707,0.06966414717612804,-0.06785239526167924,-0.13231563780080127,0.13392976497243858,-0.10405285359052759,0.1237305099574146,-0.08018077915211697,0.07410127042139343,-0.015050779068981456,0.011524873137219359,0.06279150546781065,-0.061280111958525986,-0.06626117218177187,0.06612784143668496,-0.0663608590501246,0.06612781407033141,-0.06607459118525462,0.06602851192920177,-0.06624531291389858,0.06653020314256601,-0.06295532290975647,0.06298263983341604,0.06609844750588273,0.06612789032287077,0.06609213452388901,0.0661278889966143,0.06601759325784226,0.06612789106239614,0.06586014336699718,0.0661278465480605,0.0658362162346368,0.0661278386459462
-0.06371267416331051,-0.06544433681005374,-0.06405008255191627,-0.06544596435065807,-0.06417174130549849,-0.06544592215009423,-0.06474303184780512,-0.06544726953663944,-0.06486267770356953,-0.06544754451759473,0.06534594785247048,-0.06547889774427501,0.06511338291538957,-0.06531443832742595,0.06478307672877547,-0.06554955040710041,0.06418409442093986,-0.06544950427956761,0.06488621789971839,-0.06524467909945557,-0.13670589494557364,0.13802302237370767,-0.1763415172967727,0.17742991171646874,-0.249285010968215,0.2499999999999994,-0.15323014266657475,0.15252663097143696,-0.06915639194336638,0.06734619204656012,0.13250483147719563,-0.1341130410290915,0.104325666347456,-0.12399410485127327,0.0805676998012552,-0.07448051316514581,0.015540196221604432,-0.011990705662141977,-0.06216060947019513,0.0606534719494819,0.06558299311385307,-0.06544762767932465,0.06568294546389292,-0.06544760033602791,0.0653955138129417,-0.06534848026776481,0.06556895519850092,-0.06585275539205822,0.06230490688536707,-0.06233190849236357,-0.0654190312877025,-0.06544767635367542,-0.06541260448017136,-0.06544767504115785,-0.06533895008044965,-0.0654476770856107,-0.06518278845448522,-0.06544763302915864,-0.06515902478765537,-0.06544762520832947
0.15789712236401743,0.16220511292640438,0.15815031452864936,0.16220922100718815,0.15894379672859077,0.16220903960544655,0.16041516549935686,0.16221240821012348,0.16080767263003917,0.16221310293130206,-0.16207195953501838,0.1621441023112426,-0.1616910439036221,0.16195301412880225,-0.1612998356824815,0.16211974996096673,-0.1605714879310366,0.16221519489824532,-0.16146588819692614,0.16200028778293526,0.04658083905788154,-0.04239853292347935,0.08128058930249893,-0.08118813574290057,0.1530559181747823,-0.15323014266657475,0.24999999999999944,-0.2492115375530425,0.16587588913847054,-0.16398256247094503,-0.04191292796224329,0.04370634664205768,-0.00785453740004735,0.02794953700021285,0.015912810817773862,-0.007993578771815307,0.0670426372238064,-0.07005087851669559,0.14742183504305761,-0.14517946812500673,-0.1619788528266117,0.16221335938678239,-0.16197679061811443,0.16221333020178705,-0.16199556435222645,0.1621140239790999,-0.16212824658527564,0.1624996071832831,-0.15183613549204397,0.15190678945334443,0.16205635140758679,0.16221342245377093,0.16207251636557668,0.16221341919864243,0.1618709960199222,0.16221342426790217,0.16154620571742564,0.1622133150709863,0.16150105892065103,0.16221329568674228
-0.15715282930571503,-0.1614403951890313,-0.15740555397488715,-0.16144448347273102,-0.15819446928478162,-0.1614443030544001,-0.15965864663635518,-0.16144765579180798,-0.16004859806368957,-0.16144834723605545,0.16130765431065183,-0.16137988926787553,0.16092802164243605,-0.16118959066698457,0.1605374997307451,-0.16135506432386165,0.1598100316380915,-0.16145067541263644,0.16087600814800646,-0.16140969677830874,-0.047078025249176876,0.04289763123197701,-0.08113609576407876,0.08104380698575137,-0.15235185758556707,0.15252663097143696,-0.2492115375530425,0.24999999999999956,-0.16591667625257434,0.16392502294984548,0.042538951123940405,-0.044324859805198916,0.008477860127145373,-0.0285102718617466,-0.015266775842460611,0.0073588912714434435,-0.06636215211002702,0.06937377242108411,-0.1466782752605623,0.14444003696291555,0.16121714954847272,-0.1614486024168187,0.16121572198111725,-0.1614485732755602,0.1612322329267995,-0.1613493440988008,0.16136464147287527,-0.16173513703870618,0.15108819832289055,-0.1511584634117692,-0.16129262490694327,-0.16144866535112248,-0.1613086094489956,-0.16144866211154987,-0.16110813305862076,-0.1614486671567402,-0.16078473990378186,-0.16144855847459946,-0.16073974354400547,-0.1614485391817441
0.23896520974576743,0.24549283262059773,0.23917055144758798,0.24549908816464963,0.2405355370349828,0.2454987940463064,0.24281140371227183,0.24550389992729213,0.24342951429380918,0.2455049454940432,-0.24533167798233013,0.24536091331445725,-0.24484477813911917,0.24515215061986112,-0.24451516888711816,0.24540366412350975,-0.2438280947948231,0.24550725000479334,-0.24487351684635839,0.24546010068268376,-0.03607316788045911,0.040311891343166546,-0.0009842193477888365,0.002170742836250155,0.06966414717612804,-0.06915639194336638,0.16587588913847054,-0.16591667625257434,0.2499999999999996,-0.24798864068445634,0.041201201810017934,-0.03932038399031233,0.07532519104480365,-0.054868819710367826,0.09919699469663187,-0.09125845175768073,0.1503347499511912,-0.14597475497867468,0.22356820981206355,-0.22116212989011952,-0.2449174474686905,0.2455053514326347,-0.24483763998066121,0.24550531705240752,-0.24514682904676968,0.2454059890954049,-0.2445077829885986,0.24494581274871488,-0.23140303960029512,0.2315139437717378,0.24523374407674814,0.24550542278144816,0.24527181385027505,0.2455054178420316,0.2449564733772388,0.24550542552452076,0.24448522750378213,0.24550526025996927,0.2444223831066333,0.24550523092234317
-0.23711317011117913,-0.24358930602500964,-0.23731500709795764,-0.24359551142539518,-0.23866736433015062,-0.24359521665255104,-0.24092758181315088,-0.2436002857642392,-0.24153049570432486,-0.24360132246931038,0.24342877576214764,-0.2434574397333453,0.2429431544960522,-0.24324902474285523,0.24261532827869917,-0.24350011715705555,0.24193295517795324,-0.24360364382036634,0.2456994062808943,-0.2462847624971826,0.034883564706432335,-0.039109045762124116,0.002029491589513292,-0.003194438913830135,-0.06785239526167924,0.06734619204656012,-0.16398256247094503,0.16392502294984548,-0.24798864068445634,0.24999999999999964,-0.04001281073182191,0.038135836288730185,-0.07406736750286991,0.05365366309665686,-0.09779565732162117,0.08986371888894243,-0.14871700885643896,0.14436142576114014,-0.2217067586683025,0.2193065285928847,0.24302122014571384,-0.24360172617778947,0.24294254755967776,-0.24360169201968399,0.24324651612347722,-0.24350273562002553,0.2426067913859438,-0.24304245410796443,0.22952790714746765,-0.22963784018811073,-0.24333261254341282,-0.24360179720072847,-0.24337023793494747,-0.24360179230007784,-0.2430575195914953,-0.24360179992262138,-0.2425898115787778,-0.24360163593942907,-0.2425273554874492,-0.24360160682928678
0.044459775630479356,0.045692555898792425,0.044111004547455035,0.04569380267065687,0.04461446280830147,0.04569357840599953,0.045194537115856574,0.045694656077867116,0.04534440769591316,0.04569484893724912,-0.04572362129615041,0.04555133268492381,-0.04564681377674891,0.04533978070569791,-0.045747264742204315,0.04559300441494267,-0.0463888867072582,0.04569282085904223,-0.04322024970907387,0.04301103979634964,-0.24470122492976532,0.24054972688155857,-0.20077708422384194,0.20159524689003847,-0.13231563780080127,0.13250483147719563,-0.04191292796224329,0.042538951123940405,0.041201201810017934,-0.04001281073182191,0.24999999999999964,-0.2481118160280959,0.21255919865076467,-0.1921942437380159,0.15027721287580784,-0.14287903227992402,0.09720499796872847,-0.09323571596680588,0.042998322441584066,-0.04251435853278277,-0.04523150423588996,0.045694966071829414,-0.045016632824036985,0.045694971757500584,-0.04555909625945633,0.04576895215743001,-0.045379940919300824,0.04523949979175798,-0.042993884638186326,0.04302045689258193,0.04558120707335181,0.045694932736048945,0.04561009953778015,0.04569493180480444,0.04553704160216786,0.045694933244952676,0.04549137833372965,0.04569490248528754,0.04549139859952047,0.045694897024617785
-0.042625801670695435,-0.04380807909678118,-0.04227196451763707,-0.04380927511850859,-0.0427663939538431,-0.043809053498022416,-0.043330260570925525,-0.043810093590581134,-0.04347602103942187,-0.04381027861193097,0.04384083341397016,-0.04366869811606716,0.04376542347141786,-0.04345592404918969,0.04386801149221958,-0.043708622696179214,0.044514058900154044,-0.04380824917736481,0.04134006215329383,-0.04112869925672058,0.24288259615150726,-0.2387313036736971,0.20223609445687596,-0.20304920428675943,0.13392976497243858,-0.1341130410290915,0.04370634664205768,-0.044324859805198916,-0.03932038399031233,0.038135836288730185,-0.2481118160280959,0.24999999999999983,-0.21399006584361288,0.1936325047876309,-0.1501631499389548,0.1427809177564831,-0.09606970316110823,0.09210784543527212,-0.041308653175033704,0.04084526209409359,0.04334877560989034,-0.043810392993546804,0.043133324252456494,-0.043810398850630455,0.04367699328525795,-0.043886077399102545,0.04350269707523071,-0.04335646816521867,0.04122694775667531,-0.04125267236284178,-0.04369828423239054,-0.04381035871107442,-0.04372699609578704,-0.043810357817616365,-0.04365622897552076,-0.043810359198900195,-0.04361453859469977,-0.04381032970786953,-0.0436150998532295,-0.04381032447240197
