x1,x2,x3,x4,x5,x6,x7,x8,x9,x10,x11,x12,x13,x14,x15,x16,x17,x18,x19,x20,x21,x22,x23,x24,x25,x26,x27,x28,x29,x30,x31,x32,x33,x34,x35,x36,x37,x38,x39,x40,x41,x42,x43,x44,x45,x46,x47,x48,x49,x50,x51,x52,x53,x54,x55,x56,x57,x58,x59,x60
0.25000000000000006,0.24603784431608205,0.19965816140881135,0.2459272090303121,0.2248528694248248,0.2433016323956087,0.23500384845323918,0.24256927453277283,0.24226377357381051,0.24610157920462603,0.24460646286205315,-0.01349250401554435,0.03053011367915263,0.08146712485043615,-0.04043037367457003,0.1638073440026088,-0.13721959506948847,0.22806037116074296,-0.21139526133245728,0.2459595947371016,0.2396137603996147,0.04606587853640981,-0.033826332088193634,0.0675413512261625,-0.044629714923294504,0.11075016364408978,-0.037194229089899354,0.06685249412285417,-0.05007254840813554,0.2434523614009434,0.24137392339785735,-0.046596681376350056,0.05308819844357284,-0.04507706942655124,0.0721241230197534,-0.012773229673199537,0.08926494596125766,-0.04022052487263564,0.05708378349091169,0.24108450065906248,0.24349149158400699,0.0752707621719334,-0.06027516440218114,0.12690206867994008,-0.07033874719426973,0.15359295153962083,-0.09994214673123428,0.22627285260947316,-0.18671114102789135,0.24482699292632756,0.24428414222611006,0.24596897286310404,0.22043565506223467,0.2449027603223975,0.22133816142804089,0.23909979700305425,0.22508130501800566,0.23833055825940966,0.22286669218855049,0.24610130782543851
0.24603784431608205,0.25000000000000006,0.20289089220244755,0.24974473662681632,0.22816927311524784,0.24711991474914846,0.23862078573609938,0.24638525383746668,0.2460536609910171,0.249923530021457,0.2483540842484496,-0.015609904987026224,0.033179009544145106,0.08107873294998726,-0.03973244131379915,0.16610302519699505,-0.13936105992161704,0.23153775767703197,-0.21480023174631804,0.2497778241170908,0.24329225351099115,0.048668857992703506,-0.03618863870990568,0.07039123028496036,-0.04705371053859237,0.11377942265131959,-0.039118171657427994,0.06899986415480669,-0.05199026234702184,0.2472495540018936,0.24516460077864308,-0.04905553111132694,0.05568302783567003,-0.047518850262890495,0.07492763983031146,-0.014342717392922507,0.09216535384657595,-0.04213105255021862,0.05912538229838323,0.24480550486228153,0.2472617925695486,0.07797614241131125,-0.06265829329221068,0.12991195848286483,-0.07214426334850077,0.1561489830022982,-0.10136123764544457,0.22979842465742853,-0.18940590079462272,0.24862209215186176,0.24808048594955964,0.249788256970457,0.22403198628287954,0.24869917089026058,0.2248531206814398,0.24277236531772625,0.22853697088484237,0.24198714137918814,0.2262009561222886,0.24992324177183883
0.19965816140881135,0.20289089220244755,0.25000000000000017,0.20277317016559476,0.18571620314702675,0.2002177743449829,0.1937006692965131,0.19958401367944245,0.19947782891498858,0.20295276576506732,0.20143892238219172,0.022369179657020295,-0.011478220881944787,0.08709743766172416,-0.04567889068115194,0.13344334332911198,-0.10799870514370705,0.18801835994602,-0.1718493612240466,0.2028462857120936,0.19820383862824625,0.011154088410089084,-0.0018827029505585884,0.02935272864145766,-0.011704766327322423,0.07534653894619481,-0.012278568012785712,0.040079920535286404,-0.025624903475751182,0.20054172938615394,0.19844397057401447,-0.013263332797316512,0.018112647695994168,-0.011939006850147012,0.03537886043547975,0.008952511982390946,0.052414465393786025,-0.015508856286187983,0.031159508733069132,0.19913843460545458,0.20096187999904283,0.03976581848995808,-0.028699481481019713,0.08962130729053873,-0.04768457192853096,0.12437399861409731,-0.08458726547010428,0.18653727907110007,-0.15700647394133552,0.2020032662147626,0.20141625523727363,0.20285213230019478,0.17926888592786824,0.20206323139581672,0.18140527052191638,0.19776072349193058,0.1862412978749127,0.19718408468764112,0.18563220923138318,0.2029526957429616
0.2459272090303121,0.24974473662681632,0.20277317016559476,0.2500000000000001,0.2280438819337544,0.2470307279310258,0.2385040865439131,0.24627121419799985,0.24593985378847205,0.24980774308332032,0.2482383172129566,-0.015747576454156965,0.03331675862427667,0.08094739595731944,-0.039622491872787095,0.1659934286940754,-0.13927084425807995,0.23142235908497175,-0.2147058607797976,0.2496620467757187,0.2431759056643719,0.048808140495525,-0.0363305523184997,0.07053372903772036,-0.047195392772569324,0.113906924890682,-0.03925309002031108,0.06907234281942104,-0.05206356939547571,0.2471364214886897,0.24505499520222565,-0.049196092541237295,0.055823870739311304,-0.04766073814914688,0.07506538437400423,-0.014478765192063828,0.09228523899969222,-0.04224927015792566,0.059197607143588064,0.24469003283677215,0.24714618577901384,0.0780850004431519,-0.06276600415178048,0.12995047155031442,-0.07217938444847687,0.1560976961063161,-0.10130610412295928,0.22969413728752533,-0.18930017544953626,0.2485062520082013,0.24796579934461527,0.24967247799569384,0.22394460193919882,0.24858330911058205,0.22475630367852908,0.2426561107701354,0.22842777487124777,0.24187087479581146,0.22608417943672662,0.24980745570403856
0.2248528694248248,0.22816927311524784,0.18571620314702675,0.2280438819337544,0.24999999999999994,0.2254187012122444,0.21840307337681647,0.22471629073012073,0.22452696310540135,0.22822209882016548,0.2267599599639296,-0.0009182635564936884,0.01828510379754328,0.09546636951890473,-0.060418874160287496,0.15999345291174635,-0.1339426539115963,0.2124115116294221,-0.19588218078258623,0.22810483988745153,0.22241339215794315,0.03386271755569654,-0.022823494521688435,0.0557561486586763,-0.03435265172317546,0.0950619548107464,-0.028313919950422827,0.056957356158808446,-0.0412700431992056,0.22569228310790104,0.22366772952786526,-0.03627836731305159,0.0421516596818572,-0.03481569928928709,0.06005909265955564,-0.0061995238799986314,0.07639880131735405,-0.03148467423039698,0.04775490421947806,0.22367051714510747,0.22584574299382895,0.06366922778698042,-0.05010973051179079,0.11347458991584075,-0.06235665248735867,0.1416340872840677,-0.09301553719232714,0.209675590585595,-0.17391045786065049,0.22706909805075107,0.22652571454724013,0.2281014704065899,0.20373725984296587,0.2271395546573539,0.2049468404801807,0.22190092553318097,0.20884072844674526,0.2212048471656927,0.2071786428800794,0.22822173426227058
0.2433016323956087,0.24711991474914846,0.2002177743449829,0.2470307279310258,0.2254187012122444,0.25000000000000006,0.23587852833275533,0.24366905486095453,0.2433195555611881,0.2471824765705112,0.245643521574584,-0.01830752958580245,0.03581753872586769,0.0783648650107955,-0.037293795467269554,0.1634495425923241,-0.13740163292974622,0.22889668684637282,-0.21282453235348878,0.24703713751697298,0.24055676424020697,0.05113319618161144,-0.03871245386717313,0.07267727857204828,-0.04941439252301143,0.11571101898032232,-0.04131434270240939,0.06984599776247329,-0.05295684559522131,0.24456024774662263,0.2425463316806404,-0.05140545315027421,0.05801933283150512,-0.049894919750476406,0.07710838056067428,-0.01667017251653662,0.09392300101212601,-0.04400027377262251,0.06005366472743483,0.24208603523305144,0.24453113148133243,0.07969541431649195,-0.06440123250969354,0.1302443049037811,-0.07257621618367871,0.15480747801866096,-0.10010443748867055,0.22731607441137985,-0.18701064976790252,0.24588369759702083,0.2453639773878011,0.2470476937617064,0.22186663736882298,0.2459601795110581,0.22251900822393644,0.24004293518698858,0.22597176738340247,0.2392596779301172,0.22350860257415567,0.2471821789766422
0.23500384845323918,0.23862078573609938,0.1937006692965131,0.2385040865439131,0.21840307337681647,0.23587852833275533,0.2500000000000001,0.23514586096242557,0.2350708400702761,0.23868084606443116,0.23714778489022528,-0.015800521095407954,0.033111371292783916,0.08084814687598176,-0.04732115204432849,0.17250513516129676,-0.14710281669172806,0.2237650396662124,-0.20791189943933786,0.23857120901934215,0.2323122280154831,0.048648212022508776,-0.0367662225484427,0.07029125336332427,-0.047439942978850964,0.10689349306975642,-0.03805387989228953,0.06606792547477258,-0.0499249644364194,0.23613365465567396,0.23420236651839305,-0.04962395919112244,0.05600160092463839,-0.04812281068048057,0.0739716754290293,-0.015601065466576773,0.08971422525046613,-0.04095276628908998,0.05684634583614646,0.23377703869707242,0.2361204873869196,0.07696362002034417,-0.06218383209370287,0.12569612350120754,-0.07006691286327393,0.14927785756658205,-0.09632550807432085,0.21929248809490082,-0.1804733879327711,0.23742839329306714,0.23692425613045243,0.23855083536797841,0.21424755769332515,0.2375035019636642,0.21487177814005404,0.23180364381325963,0.21811738853142495,0.23104928499476038,0.21581691267589476,0.23868055485968723
0.24256927453277283,0.24638525383746668,0.19958401367944245,0.24627121419799985,0.22471629073012073,0.24366905486095453,0.23514586096242557,0.25000000000000017,0.2425860257755247,0.24644906712110623,0.24492254784711498,-0.019014283118276316,0.036485205283642345,0.07767222266700691,-0.03666967368720182,0.16278702986403323,-0.136962728939095,0.2282016678691015,-0.21235447893404755,0.246303970230148,0.23982548513402802,0.051765308445654,-0.03936096778724462,0.07326094737212746,-0.05001912991945434,0.11622094396098867,-0.04188206892710202,0.07008012176630006,-0.05322479738508363,0.24384081214231948,0.2418450992759269,-0.05200775622388815,0.05861749603424862,-0.05050438005485373,0.07766800002278026,-0.01727393138146803,0.09437902150767062,-0.04448807711590143,0.060311076685807895,0.24135850103056014,0.2438006975607545,0.08013044610863962,-0.06484378506118484,0.13031576651040527,-0.0726794792774147,0.1544454292047657,-0.09976916574957831,0.22665090107591235,-0.18637228520827417,0.24515110863663137,0.24463709411213289,0.24631442504057874,0.22128439097423402,0.245227432872764,0.2218931178895599,0.23931328825550688,0.22528572128684116,0.23853062406414338,0.2227900678544365,0.2464487671113204
0.24226377357381051,0.2460536609910171,0.19947782891498858,0.24593985378847205,0.22452696310540135,0.2433195555611881,0.2350708400702761,0.2425860257755247,0.2499999999999998,0.2461172198421741,0.2445582954808566,-0.017840350819071395,0.03489686654982675,0.07877913245839208,-0.03868032330770099,0.16408304673851284,-0.13790467058002226,0.22880000334464912,-0.21546003120470367,0.24598439919804002,0.23952772736846217,0.05075300093702521,-0.03838201565005895,0.07243669329606715,-0.04919019965519095,0.11510943514306962,-0.04107721082828978,0.06990452187806787,-0.053004488846321376,0.24351056952981986,0.24150012566489606,-0.05117531861080598,0.057760450773366334,-0.049671873803431736,0.0768337139056949,-0.016652015949772843,0.09368045641231422,-0.04385430320864316,0.06008427942881336,0.24104109806882637,0.24347779629827898,0.07932061700485209,-0.0640900714464926,0.12964615390146197,-0.072241152582129,0.15413454001895557,-0.09963832728075456,0.22630243600844138,-0.18618907865260617,0.24482438875195686,0.24430649097599205,0.245983101678399,0.2209077804747815,0.24490078250566885,0.221557429494727,0.23901160790609996,0.22498481893897343,0.23823210857162155,0.22254337692409276,0.24611697707943328
0.24610157920462603,0.249923530021457,0.20295276576506732,0.24980774308332032,0.22822209882016548,0.2471824765705112,0.23868084606443116,0.24644906712110623,0.2461172198421741,0.24999999999999992,0.24841714842704005,-0.015620908278817769,0.03319633246332236,0.08108636369570169,-0.03973612204506438,0.1661471533016078,-0.1393973693189953,0.2315961450646625,-0.21485517474658966,0.24984162038818727,0.2433542706375699,0.04868705931416019,-0.03620356691062039,0.07041444588422233,-0.04707108416794452,0.11380521915588156,-0.03913005490219744,0.06902179980267667,-0.05200851730561772,0.24731279112207494,0.24522735910447296,-0.04907323082004273,0.05570252064386014,-0.04753618068895433,0.07495061903980342,-0.014349203071051272,0.09219175385373024,-0.042144473870887655,0.0591454074979243,0.244867961586434,0.2473249315366048,0.07800057517544702,-0.06267852335737853,0.12994810632052303,-0.07216461486830632,0.15618884500658298,-0.10138630212090798,0.2298571052234029,-0.18945357016017284,0.24868558856123832,0.24814387417707712,0.24985207147654917,0.22408971978711115,0.24876268693245154,0.2249107799355883,0.24283425967372918,0.228595209771891,0.24204882217680146,0.22625837490398426,0.24998709262366178
0.24460646286205315,0.2483540842484496,0.20143892238219172,0.2482383172129566,0.2267599599639296,0.245643521574584,0.23714778489022528,0.24492254784711498,0.2445582954808566,0.24841714842704005,0.2500000000000002,-0.017065089565528314,0.03432394200805166,0.07980817360394678,-0.03882038014701381,0.16481133758257285,-0.138327274032598,0.230100035404199,-0.21378840592923107,0.2482716533863369,0.24180176921175991,0.04944378666197979,-0.0370074333176056,0.07098598992726005,-0.047742583250898044,0.11405048412015939,-0.03971444040448591,0.06915662459111044,-0.0522436106758473,0.245767506244152,0.2437108043976014,-0.04973814992708716,0.05634565926671248,-0.048214072949926516,0.07546007524824536,-0.01506723636364461,0.09250668490305529,-0.04263626016595001,0.05934690977951458,0.24331777496743018,0.24576513226789898,0.07837625103576303,-0.06310123052808038,0.12972140712077018,-0.07211961611291653,0.15532230286121765,-0.10069193735982707,0.22842409303199598,-0.18815358158513254,0.24711960790177928,0.24658669557452337,0.24828236145046703,0.22277995494834654,0.24719629878315372,0.2235423481742539,0.24128630041236562,0.2271388488577834,0.24050354147724468,0.22476602704885973,0.24841686657853382
-0.01349250401554435,-0.015609904987026224,0.022369179657020295,-0.015747576454156965,-0.0009182635564936884,-0.01830752958580245,-0.015800521095407954,-0.019014283118276316,-0.017840350819071395,-0.015620908278817769,-0.017065089565528314,0.2499999999999999,-0.22745892036012527,0.1339882846835438,-0.09013962326403675,-0.001432319796311699,0.0274871559013128,-0.011674181697208394,0.02876291385494246,-0.015496595875909189,-0.010493230854450936,-0.21098996452164556,0.20453045378377827,-0.18678307473058567,0.1790095462251167,-0.12600695810082263,0.13407692314986266,-0.11096554305721121,0.11370148417700451,-0.017046740566301115,-0.01968639542967519,0.18198359758930646,-0.18602304990107235,0.18244883459991226,-0.1745403027296418,0.1398166703837442,-0.15600016317522125,0.12854237477160457,-0.11580241513689025,-0.013006941001907487,-0.01430466376664709,-0.16362360983225246,0.1534675632355444,-0.11573641637763658,0.07859785179216622,-0.02737222154659416,-0.007590907870184349,-0.01515681041554547,-0.009491601919713653,-0.014815657948865116,-0.01577480109530326,-0.015550455910044659,-0.03189042655312129,-0.01483658867013276,-0.022180656876853857,-0.011015610952667971,-0.01006250028220256,-0.010553603696881355,-0.001061312998489945,-0.01561995638315013
0.03053011367915263,0.033179009544145106,-0.011478220881944787,0.03331675862427667,0.01828510379754328,0.03581753872586769,0.033111371292783916,0.036485205283642345,0.03489686654982675,0.03319633246332236,0.03432394200805166,-0.22745892036012527,0.25,-0.13513505705280085,0.09197714402233624,0.018172805539545065,-0.040434232131765474,0.028246630531551242,-0.04278176518419744,0.03306870444247527,0.028119137951566998,0.19226603646469992,-0.1849909421254308,0.18435647511068384,-0.17409841617392788,0.12445563420202842,-0.1293965819860859,0.11052838896005071,-0.11233222547563716,0.03436069924571055,0.03666011860755173,-0.17511518527046782,0.17938976109973634,-0.1754322189396591,0.17090842060344097,-0.1324579137203399,0.15406957687984923,-0.12461721152551829,0.11481947997090589,0.030339847208940694,0.031759698852351595,0.15986958615030425,-0.14914465860123846,0.11822846495962151,-0.07891725225920644,0.03645079240419547,0.0004871708400353312,0.031214164847495084,-0.0049774737704489196,0.032340452907621525,0.033205125343434415,0.03311971542881694,0.046613754042393304,0.032365741931886086,0.03743804212201044,0.02832315447612248,0.026304697573917835,0.027829301626377048,0.017725236252271678,0.033195253071628926
0.08146712485043615,0.08107873294998726,0.08709743766172416,0.08094739595731944,0.09546636951890473,0.0783648650107955,0.08084814687598176,0.07767222266700691,0.07877913245839208,0.08108636369570169,0.07980817360394678,0.1339882846835438,-0.13513505705280085,0.2499999999999999,-0.20194696497179795,0.09506280294794046,-0.0677189418423359,0.08487546796046984,-0.06710573750280029,0.08120823732070037,0.08166090196887571,-0.10250960775992807,0.10292232012988009,-0.09550642118299862,0.0999398466501552,-0.04303207298128878,0.07681005043959829,-0.05099922108998967,0.058744481439922364,0.0791415767222,0.07681766728177562,0.09640525123352921,-0.09653127693493785,0.09741859662569506,-0.08456098733335224,0.08292800513011535,-0.06688075396654733,0.07129241576600251,-0.057035451729510946,0.0809589097865774,0.08094387602154385,-0.07424668856160527,0.07346184211010129,-0.025097814029412174,0.022394190000083893,0.040395991898405224,-0.04154353457907606,0.0731377031127168,-0.07448981681135951,0.08112817446076412,0.08031566102998976,0.08108207481295474,0.06150938595092371,0.0811501187937467,0.06800680753902806,0.08147321282542264,0.07650729073397243,0.08148892018338252,0.08155387344840997,0.08108666720621824
-0.04043037367457003,-0.03973244131379915,-0.04567889068115194,-0.039622491872787095,-0.060418874160287496,-0.037293795467269554,-0.04732115204432849,-0.03666967368720182,-0.03868032330770099,-0.03973612204506438,-0.03882038014701381,-0.09013962326403675,0.09197714402233624,-0.20194696497179795,0.24999999999999994,-0.12253984623669358,0.10050990808125271,-0.046899081539314984,0.031475877665909,-0.03986505923685941,-0.04035265303409928,0.06368397273566861,-0.06284728160320274,0.058932349547866504,-0.06256635750482639,0.07238849908965807,-0.06043397187708201,0.043992874925882934,-0.047256184583545226,-0.03852822466365502,-0.037360000337189794,-0.05897796386844572,0.059334675515354575,-0.05982550400071675,0.05802074287776884,-0.05496889136010506,0.05315509023294713,-0.055731413815821085,0.046298326401283306,-0.03995876919954316,-0.03973567189745258,0.04636996069576527,-0.045455945297099044,0.019384329680945802,-0.01569813840672157,-0.017024453058597715,0.01918575131300808,-0.034741944151493724,0.037294446992266195,-0.03981170832281903,-0.03933839125076481,-0.03973896366258997,-0.029072526903431924,-0.03982680718652816,-0.03287715095480196,-0.040271729089824355,-0.03735270611778201,-0.040314799703972906,-0.04082609872873884,-0.039736659708458466
0.1638073440026088,0.16610302519699505,0.13344334332911198,0.1659934286940754,0.15999345291174635,0.1634495425923241,0.17250513516129676,0.16278702986403323,0.16408304673851284,0.1661471533016078,0.16481133758257285,-0.001432319796311699,0.018172805539545065,0.09506280294794046,-0.12253984623669358,0.24999999999999994,-0.22051722801430337,0.17249239145571438,-0.15431917994608937,0.16627399351666022,0.1618734751939261,0.03105433681262645,-0.023702510931990866,0.053493834635021345,-0.03418378247073193,0.032887309961642464,-0.013235012724975488,0.03562721135996489,-0.025327963908759032,0.16425745221101296,0.16310229515484637,-0.037958601111101484,0.04239075637385617,-0.0365400064568073,0.05042375725742834,-0.008999055033151212,0.0562132874537451,-0.01741040900039354,0.030712302583256683,0.16284677651975513,0.1643392674285829,0.05687772004510285,-0.046307317797682525,0.08910421591213279,-0.05015016029481875,0.10240767998905392,-0.0639080008234288,0.15100268205570452,-0.12434960007685313,0.1652748956818087,0.16492499077530173,0.16605695692306888,0.14960370221611063,0.1653375240790179,0.14978878814597835,0.16141335877505067,0.15107767612801598,0.16089577955561235,0.14994753357501925,0.1661473456264094
-0.13721959506948847,-0.13936105992161704,-0.10799870514370705,-0.13927084425807995,-0.1339426539115963,-0.13740163292974622,-0.14710281669172806,-0.136962728939095,-0.13790467058002226,-0.1393973693189953,-0.138327274032598,0.0274871559013128,-0.040434232131765474,-0.0677189418423359,0.10050990808125271,-0.22051722801430337,0.24999999999999994,-0.15769566646285701,0.14434869288237911,-0.13952707682452417,-0.13515166302146084,-0.05617698207459344,0.049490710315702215,-0.07859050624308388,0.0597227539339025,-0.049757001173003176,0.03186443363720275,-0.04071341619216621,0.03631684915002418,-0.1380348409506708,-0.13760050877264268,0.06313998534635999,-0.06746748357318942,0.061962906894586944,-0.07190318719886345,0.031236318774463534,-0.07188080518863299,0.03408690007693323,-0.04131224952466095,-0.1362770351741875,-0.13767677845280496,-0.07563654205974453,0.06516281607030287,-0.0934950827362785,0.055031952029966594,-0.08856230693795782,0.050534559927931044,-0.12654363275176028,0.10047283404375,-0.13854157025096342,-0.1384179605415687,-0.13931097673021292,-0.12869441847786264,-0.13859890750145198,-0.12709341643909117,-0.13472529696127428,-0.12587917632487883,-0.13422188312754785,-0.12351413381525692,-0.1393972861341852
0.22806037116074296,0.23153775767703197,0.18801835994602,0.23142235908497175,0.2124115116294221,0.22889668684637282,0.2237650396662124,0.2282016678691015,0.22880000334464912,0.2315961450646625,0.230100035404199,-0.011674181697208394,0.028246630531551242,0.08487546796046984,-0.046899081539314984,0.17249239145571438,-0.15769566646285701,0.24999999999999994,-0.2297310967974147,0.23171743824978788,0.22556709262635447,0.04425468831033349,-0.03201789947721424,0.06610679002884166,-0.04304386506739525,0.1045646911892816,-0.030454296447887347,0.05109350534193971,-0.03973167743477236,0.22900978802005362,0.2271796028114698,-0.04525862140241509,0.051368515847260814,-0.043709348556645634,0.06839916078310421,-0.012271585929680438,0.08230367370526549,-0.033214917074673875,0.04679030320618826,0.22696124846300184,0.22912741201043021,0.07233637462802661,-0.05819840245812361,0.12031102055809309,-0.06708297114244462,0.14442603077723445,-0.09303762647236831,0.2121868085538808,-0.1752220845295589,0.23039835315618165,0.22988523467399208,0.23147147006980254,0.2076731698550148,0.23047531171418653,0.2084184405054379,0.2250483831741894,0.2114759593306394,0.22432975673901293,0.2095991046573148,0.23159587330098538
-0.21139526133245728,-0.21480023174631804,-0.1718493612240466,-0.2147058607797976,-0.19588218078258623,-0.21282453235348878,-0.20791189943933786,-0.21235447893404755,-0.21546003120470367,-0.21485517474658966,-0.21378840592923107,0.02876291385494246,-0.04278176518419744,-0.06710573750280029,0.031475877665909,-0.15431917994608937,0.14434869288237911,-0.2297310967974147,0.24999999999999983,-0.21495474383737753,-0.20881342499046399,-0.060940500325431156,0.049186272734196956,-0.08259498221449887,0.05988986704845901,-0.12035219283944014,0.047460583142640726,-0.06519698214070398,0.05404550590732246,-0.21270156860102926,-0.21123659709954948,0.06186946029496511,-0.0679540233940711,0.060554293241812183,-0.0846874388915586,0.028997227103015104,-0.09765025500880005,0.04928013753505849,-0.060793132043140206,-0.2102504895684328,-0.21244070240155036,-0.08448251812870587,0.07031961718618568,-0.12335279169704358,0.0702852381521386,-0.13642513098658976,0.08521778233403206,-0.19708426237742996,0.16030514551671582,-0.21366284156642973,-0.21329778450007997,-0.21473243763153163,-0.19460874640324843,-0.21373576682344864,-0.19420874734260374,-0.20831418210161123,-0.19577752921382766,-0.20760130221839926,-0.19298092688913243,-0.21485462895934918
0.2459595947371016,0.2497778241170908,0.2028462857120936,0.2496620467757187,0.22810483988745153,0.24703713751697298,0.23857120901934215,0.246303970230148,0.24598439919804002,0.24984162038818727,0.2482716533863369,-0.015496595875909189,0.03306870444247527,0.08120823732070037,-0.03986505923685941,0.16627399351666022,-0.13952707682452417,0.23171743824978788,-0.21495474383737753,0.2499999999999999,0.24321580739417106,0.0485582061755315,-0.03607555370025046,0.0702859151012964,-0.04694539295051599,0.11367533528310615,-0.0390035361385071,0.0688914378914908,-0.051886927446969155,0.24716739372833346,0.24508202789504788,-0.04895053290453923,0.055573938425083375,-0.04741343040685555,0.0748216885745265,-0.014273827988364329,0.09206288229795317,-0.04202540263807251,0.05902331966554258,0.24472698193164488,0.2471813403663761,0.0778712425474505,-0.06256318740207814,0.1298141900379702,-0.07208539419930242,0.156090059648207,-0.1013281683643881,0.2297145620331805,-0.18935106751145203,0.24854104739668928,0.24799901691436765,0.24970642953276026,0.22395010937906482,0.24861815525309672,0.22477578125504818,0.24269567611306667,0.22846101635449434,0.24191101051770586,0.22613283040720877,0.24984133262399968
0.2396137603996147,0.24329225351099115,0.19820383862824625,0.2431759056643719,0.22241339215794315,0.24055676424020697,0.2323122280154831,0.23982548513402802,0.23952772736846217,0.2433542706375699,0.24180176921175991,-0.010493230854450936,0.028119137951566998,0.08166090196887571,-0.04035265303409928,0.1618734751939261,-0.13515166302146084,0.22556709262635447,-0.20881342499046399,0.24321580739417106,0.24999999999999986,0.04211399882825521,-0.029923100744251224,0.06389401242186775,-0.041070113931145125,0.10753745102806299,-0.03385764023167304,0.06361567231584651,-0.04697691647666909,0.24070050322449954,0.23860435916968212,-0.04304929717099935,0.04940476382707113,-0.04152457793452752,0.06854787235853377,-0.010412186139419832,0.08582624876677417,-0.03707343735947987,0.053976018917150544,0.23844401561228742,0.24079304243868643,0.07173564636650595,-0.057068325266495565,0.12362920509204099,-0.06833431343688962,0.15160814880427317,-0.0989263394256965,0.22356562810289157,-0.1849200799922136,0.2421077988266135,0.24155194280183093,0.24322433501354962,0.21768163171110883,0.24218375122227612,0.2187376325435537,0.23651793825020273,0.22257485670379584,0.2357662749730722,0.22058962995450318,0.24335401049294333
0.04606587853640981,0.048668857992703506,0.011154088410089084,0.048808140495525,0.03386271755569654,0.05113319618161144,0.048648212022508776,0.051765308445654,0.05075300093702521,0.04868705931416019,0.04944378666197979,-0.21098996452164556,0.19226603646469992,-0.10250960775992807,0.06368397273566861,0.03105433681262645,-0.05617698207459344,0.04425468831033349,-0.060940500325431156,0.0485582061755315,0.04211399882825521,0.2499999999999999,-0.2363230736615321,0.21983167272079887,-0.20722222405975466,0.15580205905604416,-0.15522815231289822,0.1326976908745633,-0.13357893839860446,0.04995158584575036,0.052717180519591934,-0.21270655916470893,0.21810544333149426,-0.2129764649585025,0.20707390188490746,-0.16068552340549577,0.1882473877463178,-0.14954115620853778,0.13701141399315253,0.04511642201164087,0.04686301490500336,0.1954596476482061,-0.1820132011114111,0.14755447081183845,-0.0983856753952447,0.050707024844764484,-0.0038927365216876036,0.04534236574087384,-0.012565710802584661,0.047615392967762606,0.048632314103237664,0.04859077466749238,0.06397233002161301,0.04765132504079881,0.05307573150798886,0.04260876632104155,0.03962057869056892,0.04199116787039228,0.029200518493532907,0.048686076651264044
-0.033826332088193634,-0.03618863870990568,-0.0018827029505585884,-0.0363305523184997,-0.022823494521688435,-0.03871245386717313,-0.0367662225484427,-0.03936096778724462,-0.03838201565005895,-0.03620356691062039,-0.0370074333176056,0.20453045378377827,-0.1849909421254308,0.10292232012988009,-0.06284728160320274,-0.023702510931990866,0.049490710315702215,-0.03201789947721424,0.049186272734196956,-0.03607555370025046,-0.029923100744251224,-0.2363230736615321,0.24999999999999983,-0.21565822505297694,0.21068861505957598,-0.14904281754031576,0.15488067901666755,-0.1298586279526234,0.13195364878813814,-0.03761744587153289,-0.04086968189031208,0.22420893883720172,-0.2294261920509686,0.22449495407765496,-0.20867966798992213,0.16811121203422721,-0.18714792188871213,0.1493924950102693,-0.13506677115134588,-0.032789354718552426,-0.034418333791976036,-0.2044166998225618,0.191055858633671,-0.15119054548854644,0.10234275416364158,-0.04656075245605011,-2.5233586036825828e-5,-0.033893305334120515,0.0014754618127548107,-0.035142615046376835,-0.0362614536646522,-0.03610946969726146,-0.05418352944543735,-0.03517614997369552,-0.042846027429472154,-0.030170831999927067,-0.028066837180834723,-0.029561233171573026,-0.016897616921841493,-0.036202633076507416
0.0675413512261625,0.07039123028496036,0.02935272864145766,0.07053372903772036,0.0557561486586763,0.07267727857204828,0.07029125336332427,0.07326094737212746,0.07243669329606715,0.07041444588422233,0.07098598992726005,-0.18678307473058567,0.18435647511068384,-0.09550642118299862,0.058932349547866504,0.053493834635021345,-0.07859050624308388,0.06610679002884166,-0.08259498221449887,0.0702859151012964,0.06389401242186775,0.21983167272079887,-0.21565822505297694,0.24999999999999975,-0.22659104169157243,0.17669547171726166,-0.1711909305361527,0.14844981021612746,-0.14823053146822485,0.07159199797095808,0.07421294069206524,-0.22638448039306042,0.23249350485767561,-0.22653766624811877,0.22790818352246636,-0.1707851720804808,0.20927126067537216,-0.16476831639300335,0.15243912386300262,0.06623254387290378,0.06830055913416326,0.21030567304385867,-0.194983556339338,0.16324459165370528,-0.10724769888657285,0.06340871430210812,-0.01024750564201953,0.06538763296374372,-0.027889211195200856,0.0691903322573488,0.07021405534450521,0.07030312388665907,0.0843947155649723,0.0692335596064002,0.07278412448752682,0.06348704352377559,0.05912748307198236,0.0627787087359771,0.048175207070520365,0.07041349050656946
-0.044629714923294504,-0.04705371053859237,-0.011704766327322423,-0.047195392772569324,-0.03435265172317546,-0.04941439252301143,-0.047439942978850964,-0.05001912991945434,-0.04919019965519095,-0.04707108416794452,-0.047742583250898044,0.1790095462251167,-0.17409841617392788,0.0999398466501552,-0.06256635750482639,-0.03418378247073193,0.0597227539339025,-0.04304386506739525,0.05988986704845901,-0.04694539295051599,-0.041070113931145125,-0.20722222405975466,0.21068861505957598,-0.22659104169157243,0.24999999999999978,-0.1815841675478222,0.18476261624008897,-0.15868500998452165,0.15992400203444257,-0.048685923922291256,-0.05131768065786518,0.22132408421635846,-0.22688301620832604,0.223054212007126,-0.22159541187008747,0.16754900869231518,-0.20060491734738847,0.17481428107569638,-0.16185855519126452,-0.04308155586919621,-0.04521166591484872,-0.20270158643462402,0.18971590758541876,-0.1520499420529652,0.09984258819740542,-0.04804102286420911,0.003282050900953837,-0.04736344923336698,0.01141984251595463,-0.04593019127628317,-0.04705747108357111,-0.046969077393147964,-0.06324332929599412,-0.045938944250366105,-0.05158646901486699,-0.04043396801362619,-0.039024405933698963,-0.03975462866429912,-0.027213642456581148,-0.04707020298361925
0.11075016364408978,0.11377942265131959,0.07534653894619481,0.113906924890682,0.0950619548107464,0.11571101898032232,0.10689349306975642,0.11622094396098867,0.11510943514306962,0.11380521915588156,0.11405048412015939,-0.12600695810082263,0.12445563420202842,-0.04303207298128878,0.07238849908965807,0.032887309961642464,-0.049757001173003176,0.1045646911892816,-0.12035219283944014,0.11367533528310615,0.10753745102806299,0.15580205905604416,-0.14904281754031576,0.17669547171726166,-0.1815841675478222,0.25,-0.17527723593430963,0.16008239648862255,-0.15555810353650204,0.1144287167386527,0.11496038906715819,-0.1598455337802607,0.16583363026380812,-0.16104382169193496,0.18473477872444738,-0.1293758991831877,0.19353273272527222,-0.1652882036339423,0.1587379353406417,0.10910992407004061,0.11173146407320504,0.15598152889316075,-0.14236306746081867,0.14158755717568375,-0.08818068453630871,0.08814563920094019,-0.042151087572259355,0.11025494279099379,-0.07235141344793379,0.11261315876367427,0.11318858449331604,0.11369225806298724,0.1153345991446432,0.11263003086350776,0.10810957995585305,0.10693050433721855,0.10267377065194261,0.10620713289384329,0.09302257943832992,0.11380413497262634
-0.037194229089899354,-0.039118171657427994,-0.012278568012785712,-0.03925309002031108,-0.028313919950422827,-0.04131434270240939,-0.03805387989228953,-0.04188206892710202,-0.04107721082828978,-0.03913005490219744,-0.03971444040448591,0.13407692314986266,-0.1293965819860859,0.07681005043959829,-0.06043397187708201,-0.013235012724975488,0.03186443363720275,-0.030454296447887347,0.047460583142640726,-0.0390035361385071,-0.03385764023167304,-0.15522815231289822,0.15488067901666755,-0.1711909305361527,0.18476261624008897,-0.17527723593430963,0.25000000000000017,-0.21910925856288022,0.22013855079749128,-0.04153174781447176,-0.0421418134855353,0.16293040992078067,-0.16757438868646232,0.1648171087138183,-0.18594664527091395,0.13790218896526477,-0.19516090672288966,0.22488500373969667,-0.21469424828353123,-0.0346805558859175,-0.03772990019294385,-0.147618180469772,0.1363247909985467,-0.11242617522213977,0.0683704403414979,-0.039551397180224074,0.01828846131277288,-0.05371551923760632,0.01874717806361857,-0.038142457225354656,-0.03913291921155152,-0.03904154130272162,-0.04936222699378879,-0.038046837633905685,-0.04056851517412524,-0.03280978568244534,-0.03847252450597548,-0.032142618938532055,-0.02487100001843389,-0.039129283278877006
0.06685249412285417,0.06899986415480669,0.040079920535286404,0.06907234281942104,0.056957356158808446,0.06984599776247329,0.06606792547477258,0.07008012176630006,0.06990452187806787,0.06902179980267667,0.06915662459111044,-0.11096554305721121,0.11052838896005071,-0.05099922108998967,0.043992874925882934,0.03562721135996489,-0.04071341619216621,0.05109350534193971,-0.06519698214070398,0.0688914378914908,0.06361567231584651,0.1326976908745633,-0.1298586279526234,0.14844981021612746,-0.15868500998452165,0.16008239648862255,-0.21910925856288022,0.25000000000000017,-0.2326896598921306,0.07117371223815715,0.07069231266826641,-0.1380984668988524,0.1429302223608223,-0.13984579738015615,0.16203870707154364,-0.1121874051045725,0.17973759970986286,-0.20955031379491382,0.22721683707935583,0.06409639613783524,0.06752158221241594,0.12843266466605574,-0.11660706182640138,0.10797551205775271,-0.06252990921141081,0.05290782983300591,-0.030828014295555844,0.08055574382177373,-0.0443590453860743,0.06799777941604304,0.06875970481127314,0.0689277343617308,0.07284062828406629,0.06790747091539748,0.06588060760179565,0.06252394625601439,0.06634618228877591,0.061830703326012496,0.05415394416876702,0.0690214218983197
-0.05007254840813554,-0.05199026234702184,-0.025624903475751182,-0.05206356939547571,-0.0412700431992056,-0.05295684559522131,-0.0499249644364194,-0.05322479738508363,-0.053004488846321376,-0.05200851730561772,-0.0522436106758473,0.11370148417700451,-0.11233222547563716,0.058744481439922364,-0.047256184583545226,-0.025327963908759032,0.03631684915002418,-0.03973167743477236,0.05404550590732246,-0.051886927446969155,-0.04697691647666909,-0.13357893839860446,0.13195364878813814,-0.14823053146822485,0.15992400203444257,-0.15555810353650204,0.22013855079749128,-0.2326896598921306,0.25000000000000017,-0.05453052827571165,-0.05411852811283486,0.13948057557621296,-0.14400696384709422,0.14140420620912836,-0.16246025856279356,0.11479135280961544,-0.18004422191013772,0.2224486016594417,-0.24019271244064247,-0.047130381147420485,-0.050655331180701584,-0.1271068935440054,0.1157796904789205,-0.1017545136871691,0.05866664939128181,-0.04223698176078717,0.025538730049320307,-0.0674220424805626,0.03186635507834049,-0.05102784413839081,-0.051888586363430446,-0.051919780469730364,-0.057869973537385835,-0.050912987283546325,-0.05056819912598008,-0.04562422009009309,-0.05169152058485626,-0.04494221349531061,-0.03853682329580743,-0.052008146252762365
0.2434523614009434,0.2472495540018936,0.20054172938615394,0.2471364214886897,0.22569228310790104,0.24456024774662263,0.23613365465567396,0.24384081214231948,0.24351056952981986,0.24731279112207494,0.245767506244152,-0.017046740566301115,0.03436069924571055,0.0791415767222,-0.03852822466365502,0.16425745221101296,-0.1380348409506708,0.22900978802005362,-0.21270156860102926,0.24716739372833346,0.24070050322449954,0.04995158584575036,-0.03761744587153289,0.07159199797095808,-0.048685923922291256,0.1144287167386527,-0.04153174781447176,0.07117371223815715,-0.05453052827571165,0.24999999999999997,0.24264850325218157,-0.050420393392562414,0.05702304442929437,-0.04893000962656179,0.07626414265383434,-0.015834988777073934,0.09350255073512241,-0.04449544549882039,0.06150105359494847,0.24219860949549785,0.24466736745440648,0.07877392400915223,-0.06350402158228922,0.1296411082494995,-0.07204698374063533,0.1546760230425137,-0.10031761835272553,0.22761570713736679,-0.1872913732234662,0.24601532370325865,0.24549257427276902,0.24717811136474235,0.22185954149919665,0.24609021858004446,0.22256454036232665,0.24017215450909934,0.22618333047694916,0.23938842337163735,0.22371043639682353,0.24731250129836718
0.24137392339785735,0.24516460077864308,0.19844397057401447,0.24505499520222565,0.22366772952786526,0.2425463316806404,0.23420236651839305,0.2418450992759269,0.24150012566489606,0.24522735910447296,0.2437108043976014,-0.01968639542967519,0.03666011860755173,0.07681766728177562,-0.037360000337189794,0.16310229515484637,-0.13760050877264268,0.2271796028114698,-0.21123659709954948,0.24508202789504788,0.23860435916968212,0.052717180519591934,-0.04086968189031208,0.07421294069206524,-0.05131768065786518,0.11496038906715819,-0.0421418134855353,0.07069231266826641,-0.05411852811283486,0.24264850325218157,0.2500000000000004,-0.053792599358698796,0.06036805517263197,-0.05222416001844745,0.07850610611141479,-0.0183049316792621,0.09478955870665169,-0.04494764445153125,0.06116857976464133,0.24013745096143474,0.2425790020973489,0.0815226156960502,-0.06616945331597568,0.1308879211677789,-0.0731609060690427,0.15383095794094281,-0.0990907870087615,0.2255061332347897,-0.1851848017876184,0.24392787232544758,0.24342733091693933,0.24509270439170414,0.220384923482469,0.2440040137182134,0.22089469534986267,0.23808129339085848,0.22411987051626822,0.23729797951329434,0.22154299917695705,0.24522705562574912
-0.046596681376350056,-0.04905553111132694,-0.013263332797316512,-0.049196092541237295,-0.03627836731305159,-0.05140545315027421,-0.04962395919112244,-0.05200775622388815,-0.05117531861080598,-0.04907323082004273,-0.04973814992708716,0.18198359758930646,-0.17511518527046782,0.09640525123352921,-0.05897796386844572,-0.037958601111101484,0.06313998534635999,-0.04525862140241509,0.06186946029496511,-0.04895053290453923,-0.04304929717099935,-0.21270655916470893,0.22420893883720172,-0.22638448039306042,0.22132408421635846,-0.1598455337802607,0.16293040992078067,-0.1380984668988524,0.13948057557621296,-0.050420393392562414,-0.053792599358698796,0.2500000000000004,-0.2433292183946728,0.2370558002388286,-0.22070374722860223,0.176345690345297,-0.19891512181736531,0.1573489239706951,-0.14304211655523943,-0.04527959908216579,-0.04706180157127228,-0.2189854792750713,0.20270730716247598,-0.1637275460773854,0.10996527774062492,-0.054979907411083974,0.004015912269961089,-0.04588472916418465,0.010135102783327452,-0.047904583099123585,-0.04905125819104624,-0.04896866108053434,-0.06688147856899075,-0.047942753043827765,-0.05486604572469984,-0.04243685698640608,-0.0397042617942272,-0.041763434610343424,-0.027812260967996442,-0.04907233399963067
