x1,x2,x3,x4,x5,x6,x7,x8,x9,x10,x11,x12,x13,x14,x15,x16,x17,x18,x19,x20,x21,x22,x23,x24,x25,x26,x27,x28,x29,x30,x31,x32,x33,x34,x35,x36,x37,x38,x39,x40,x41,x42,x43,x44,x45,x46,x47,x48,x49,x50,x51,x52,x53,x54,x55,x56,x57,x58,x59,x60
0.25000000000000006,0.2497094207792648,0.24987894169948865,0.24993899003790132,0.24999260813899063,0.24998582494231147,0.2499395307420191,0.2499321727494164,0.24982388938139585,0.24998778905832156,0.24978404118508904,0.2473497394564862,0.24043302901600463,0.24590271580628564,0.2369542262830872,0.24084393863890335,0.23342704740537837,0.245774958964703,0.24546344357867206,0.2499020982951474,0.24994994953285204,0.24158058638869273,0.24608134452624403,0.2376024304174697,0.24626227055806987,0.22834204426123156,0.2451424534599698,0.23887712691814528,0.24688705030476402,0.24993390199820179,0.24993994732879865,0.2407949193580948,0.24458422246741413,0.23731872731013365,0.24603901186277577,0.23194393499248186,0.24649725775099865,0.2423387322107512,0.24759371195375246,0.24991515797172142,0.2497328993455542,0.24671507243548305,0.23969846783268758,0.24503997936116645,0.23685725003158298,0.24002937717979692,0.23277401872590922,0.24555954219269396,0.24510365960380964,0.2498715369446082,0.24999331837788433,0.24961697216397216,0.24991138748782807,0.24994454184002238,0.24999559515834513,0.24999181029908268,0.2499165681858893,0.24995335118099338,0.24974298350769644,0.24998510835745008
0.2497094207792648,0.2500000000000001,0.24958883297750903,0.249648811599976,0.24970236745060653,0.24969559212919873,0.24964935167633814,0.249642002226343,0.24953384457499672,0.24969755396487608,0.24949404264232983,0.24706256713092858,0.24015388697108028,0.24561722347096246,0.23667912311798237,0.24056431952910634,0.23315603928465548,0.24548961495470017,0.24517846123712336,0.24961196268842759,0.24965975837098522,0.24130011203300814,0.24579564480349803,0.23732657468925608,0.24597636078072918,0.22807693981431693,0.24485784378701128,0.23859979127101488,0.2466004151599606,0.24964372946747562,0.2496497677794611,0.24051535715953945,0.24430026089900903,0.23704320096039982,0.24575336128812875,0.23167464876094124,0.2462110751542127,0.24205737764998012,0.24730625637683762,0.24962500720275532,0.2494429601783211,0.2464286369564843,0.23942017861115325,0.24475548866033772,0.2365822594556224,0.2397507037734762,0.23250376876957665,0.24527444828093417,0.24481909497040513,0.24958143681952707,0.24970307686491472,0.24932716758785844,0.24962124109638262,0.2496543569564709,0.24970535100203994,0.24970157053698805,0.24962641577966851,0.2496631560698225,0.24945303263278032,0.24969487637629006
0.24987894169948865,0.24958883297750903,0.2500000000000001,0.24981829137427983,0.24987211285018976,0.24986510361665462,0.24981883552631445,0.24981147745460927,0.24970324582742423,0.24986706652924615,0.2496634405613171,0.24723029599295615,0.24031324686062713,0.24578399229318323,0.23683982392984423,0.24072760817155642,0.23331419419777435,0.24565626627450646,0.24534490043036283,0.2497814174716386,0.2498292454214254,0.2414639706604067,0.24596249961793729,0.2374877079035589,0.24614334115445577,0.22823173250491985,0.24502406824018313,0.23876175246817954,0.24676782631046232,0.24981320577394034,0.24981924809760625,0.2406786242671919,0.24446610142667238,0.23720410524310345,0.24592019010839533,0.23183189668555126,0.24637821540289315,0.24222168348720438,0.24747414198920312,0.24979447078680644,0.24961230017688263,0.24659592750616338,0.23958270724490768,0.24492164171584754,0.23674286355955895,0.239913457085883,0.23266160710004238,0.2454409549915865,0.24498529604843958,0.2497508708534906,0.24987259347842777,0.2494964290067746,0.24979070207931,0.24982384049536369,0.24987486915403825,0.2498710861278969,0.2497958803119195,0.24983264558219637,0.24962237949807944,0.24986438742271547
0.24993899003790132,0.249648811599976,0.24981829137427983,0.25000000000000017,0.24993193022479626,0.24992514867452661,0.24987886571070872,0.24987150950402925,0.24976325241842134,0.24992711231380882,0.24972341389402233,0.24728970301629516,0.24037467139170218,0.24584303058598678,0.23689671302972598,0.24078548127909677,0.23337039026475948,0.24571530475339598,0.24540386497801608,0.24984144234939676,0.24988928197270485,0.24152195023060366,0.24602161594939043,0.23754475983275677,0.2462024980670611,0.2282866213466433,0.24508295276966077,0.23881914694058493,0.24682712616794397,0.24987323833309366,0.24987928219637498,0.24073647389619113,0.24452485727028073,0.23726112558550838,0.24597929356085765,0.23188763783117775,0.24643742822417303,0.24227991203639296,0.24753361629684223,0.24985449885614205,0.24967228446757597,0.24665519004093156,0.2396402885002197,0.2449805035432516,0.23679976031618477,0.23997111752939795,0.23271752008764948,0.24549994026709496,0.2450441683295007,0.2498108884166736,0.2499326402913023,0.24955638542370412,0.24985072928741603,0.2498838755924247,0.2499349165191457,0.24993113257853977,0.24985590872802432,0.24989268279520266,0.24968236618210202,0.2499244322635945
0.24999260813899063,0.24970236745060653,0.24987211285018976,0.24993193022479626,0.25000000000000017,0.2499787636071562,0.24993247201685234,0.24992511307539708,0.24981683251298747,0.24998072870004187,0.24977718543225882,0.2473428096286501,0.2404281934755486,0.2458958659249584,0.23694757111416853,0.24083735314175428,0.23342090000107324,0.24576816038230329,0.245456491025276,0.2498950397336534,0.24994288952920804,0.24157379959851924,0.24607457650336273,0.2375959382822444,0.2462555719330875,0.22833610961789141,0.24513584103729388,0.23887037965292585,0.24688013153305424,0.24992684194066017,0.24993288783823056,0.24078815782012186,0.24457734204978057,0.2373120977094806,0.24603206956039278,0.23193746226031772,0.24649031609536523,0.24233193040883788,0.2475867220210142,0.24990809863900582,0.24972584531204675,0.24670810202212556,0.23969170293827483,0.24503306043608042,0.2368505662320291,0.24002259495567602,0.232767441139115,0.24555260526411404,0.24509673777969826,0.24986447902860076,0.24998625703020738,0.24960992144618493,0.24990432821624,0.24993748187002462,0.24998853374679217,0.24998474899400108,0.24990950902154518,0.24994629096224177,0.2497359292310208,0.24997804724168063
0.24998582494231147,0.24969559212919873,0.24986510361665462,0.24992514867452661,0.2499787636071562,0.2500000000000002,0.24992568929688455,0.24991833176113024,0.24981005439759876,0.24997394499676065,0.24977020823145346,0.24733604065925371,0.2404198213515707,0.24588909664164246,0.23694110066498783,0.24083059960889303,0.23341412170217682,0.24576134756847237,0.24544984988769916,0.24988825897441513,0.249936107561374,0.2415672057112763,0.24606771664450464,0.23758927004417554,0.24624863283577791,0.22832939609790914,0.2451288776476046,0.23886389725300208,0.24687337796119774,0.24992006091628713,0.2499261059129854,0.24078158469932634,0.24457067761554924,0.23730558530550244,0.246025386488251,0.23193109058018824,0.2464836069796271,0.2423253117912192,0.24758000045525447,0.24990131792856188,0.24971906939533617,0.2467014096898961,0.23968519367565658,0.24502640941431275,0.23684413317606479,0.24001608468077515,0.2327611279259329,0.24554594336299448,0.2450900860100632,0.2498576993167008,0.24997947400586285,0.24960314863361563,0.2498975476536338,0.24993070016919522,0.24998175066028,0.24997796601057704,0.24990272806442432,0.24993950902231402,0.24972915299896178,0.24997126444009102
0.2499395307420191,0.24964935167633814,0.24981883552631445,0.24987886571070872,0.24993247201685234,0.24992568929688455,0.25000000000000033,0.24987205008592459,0.24976379848587962,0.2499276625738467,0.2497243528890793,0.24729011035127063,0.24037505362452422,0.24584386907613484,0.2368984742486528,0.2407856305598477,0.23336909855628893,0.2457160601974593,0.24540414988823192,0.24984198361920787,0.249889819775696,0.24152228555990443,0.2460227661019816,0.23754518765578184,0.24620334468462046,0.22828660971196002,0.2450843604596726,0.23882094130043746,0.2468280062744423,0.24987378036262373,0.24987982054569,0.2407365548401288,0.24452524450764987,0.23726098213007263,0.2459797735000311,0.23188725952922162,0.24643805046556405,0.2422799835729196,0.24753418035841807,0.24985503918615382,0.2496728239410078,0.24665566125569752,0.23964060318694663,0.24498087409161018,0.23680010461043327,0.23997147681227432,0.2327179910609207,0.2455004059660486,0.24504470288261612,0.24981142881291213,0.24993318098170564,0.2495569253018945,0.24985126851749181,0.24988441617777052,0.2499354570894426,0.24993167326572438,0.24985644762340045,0.2498932233991416,0.2496829063310536,0.2499249729362185
0.2499321727494164,0.249642002226343,0.24981147745460927,0.24987150950402925,0.24992511307539708,0.24991833176113024,0.24987205008592459,0.25000000000000033,0.24975643988210952,0.24992029529738732,0.24971660364322415,0.24728295432526723,0.240367901412441,0.2458363180491823,0.2368902479208237,0.2407788980466631,0.23336398839482808,0.24570859756489852,0.24539717018332358,0.24983462771910195,0.24988246600044833,0.24151535639660768,0.24601489804661583,0.23753826144165913,0.2461957757360688,0.22828035570080216,0.2450762621658455,0.23881262969952555,0.2468203933687529,0.24986642284882107,0.24987246650489583,0.240729905691315,0.2445181850432891,0.2372546507645259,0.2459725827682808,0.23188130556659087,0.24643070498968647,0.24227329793091787,0.24752686371550398,0.24984768387341857,0.24966547444870038,0.24664846219156297,0.23963375089423053,0.2449738209860683,0.23679330040050714,0.23996457109141914,0.2327111721630073,0.2454932434058362,0.24503748453900479,0.24980407462177762,0.24992582317601195,0.24954957857108495,0.24984391439807596,0.2498770598072345,0.24992809934063984,0.24992431550437383,0.2498490936930815,0.2498858667697852,0.24967555589324056,0.24991761537218457
0.24982388938139585,0.24953384457499672,0.24970324582742423,0.24976325241842134,0.24981683251298747,0.24981005439759876,0.24976379848587962,0.24975643988210952,0.25000000000000017,0.2498120168283091,0.24960840753667965,0.24717576245887846,0.24026421153099872,0.245729692127728,0.23678782842288654,0.24067449510834835,0.23326217225917856,0.24560216785529898,0.24529086486252538,0.24972638660561594,0.24977420368977254,0.24141061425813568,0.2459082431709161,0.23743514346558475,0.2460890374210941,0.22818113989423874,0.24497006660248974,0.23870930411059418,0.24671347886542905,0.24975816836341366,0.24976420849807437,0.24062555248168335,0.24441221497311805,0.23715176483054054,0.24586600379324702,0.23178069177524757,0.2463239393175963,0.24216823975973156,0.2474196224779725,0.24973943721234207,0.24955730655080885,0.24654159965956,0.23952990270179145,0.24486767216436353,0.2366906853674983,0.23986058882994174,0.23261034493490318,0.24538687396550135,0.2449313212608481,0.24969584675058926,0.24981754255895655,0.24944146096283096,0.24973566924367827,0.24976880031704857,0.24981981772212863,0.24981603554052542,0.24974084609647038,0.24977760346387712,0.24956738370473364,0.2498093383111622
0.24998778905832156,0.24969755396487608,0.24986706652924615,0.24992711231380882,0.24998072870004187,0.24997394499676065,0.2499276625738467,0.24992029529738732,0.2498120168283091,0.25000000000000017,0.2497721711124824,0.2473379837953389,0.24042159889674705,0.2458910288780739,0.23694296509192758,0.24083249145492996,0.233415944806947,0.24576327816670188,0.2454517781423326,0.24989022232396274,0.24993807128323994,0.24156910439310203,0.24606964934919873,0.23759113696065726,0.24625056692084812,0.22833118871316915,0.24513080310738922,0.2388657745505553,0.24687531756070388,0.24992202451688056,0.24992806955612953,0.24078347586010776,0.24457259881879273,0.23730744881315566,0.2460273192812105,0.2319329116565954,0.2464855434352651,0.24232721510510222,0.24758194558553073,0.24990328138021162,0.24972103141483795,0.2467033478860554,0.23968707661426178,0.2450283343527739,0.23684599386103825,0.24001797026492835,0.23276295668672203,0.24554787252348353,0.24509201166641822,0.249859662426014,0.24998143807197407,0.2496051097429739,0.2498995110744477,0.24993266385209514,0.24998371474410708,0.24997993006484018,0.2499046915259881,0.24994147277442394,0.24973111509832344,0.24997322844170036
0.24978404118508904,0.24949404264232983,0.2496634405613171,0.24972341389402233,0.24977718543225882,0.24977020823145346,0.2497243528890793,0.24971660364322415,0.24960840753667965,0.2497721711124824,0.2500000000000001,0.24713627638120841,0.24022426914766143,0.24569037911481542,0.23674957223067508,0.24063581600274708,0.23322480938082127,0.24556263541970952,0.24525159004805772,0.2496865539368866,0.24973436310814617,0.24137186193657323,0.24586893762944845,0.23739700255810986,0.24604976379332386,0.22814405471392613,0.24493084383407765,0.23867067662982547,0.24667405318599475,0.2497183298361052,0.24972437016549928,0.24058725460070657,0.24437318441266706,0.23711407705769158,0.24582674779983746,0.23174388880356353,0.24628459041801082,0.24212966691250265,0.24738012002057402,0.24969960221200665,0.24951750087157826,0.2465022755581082,0.23949172382967318,0.2448286304609135,0.23665295927493477,0.23982233969692293,0.23257324116907407,0.24534773534549634,0.24489225484942576,0.24965601896359188,0.2497776953749904,0.2494016737650464,0.24969583480322272,0.24972896090758173,0.24977997017200818,0.2497761885969292,0.2497010112771223,0.24973776265041278,0.249527576422403,0.24976949243582644
0.2473497394564862,0.24706256713092858,0.24723029599295615,0.24728970301629516,0.2473428096286501,0.24733604065925371,0.24729011035127063,0.24728295432526723,0.24717576245887846,0.2473379837953389,0.24713627638120841,0.2500000000000003,0.237783236673053,0.24326021104378642,0.2343730468745301,0.23820685039018952,0.23087272839719233,0.24315151645711608,0.24284925192818438,0.24725322298508662,0.24730030630761296,0.2389373050995681,0.2434741918373989,0.23496330687727635,0.24367875827329794,0.22572670039603585,0.2425753260796098,0.23629552464187523,0.2442815816897711,0.24728465911536396,0.24729055158562588,0.23825155951431898,0.24198453765600353,0.23481584806721384,0.24342573210291776,0.22946941045513886,0.2438805408620965,0.23974548087707662,0.24496513609620468,0.24726611234945708,0.24708576035219595,0.24410224909564462,0.23715485359664615,0.24244445205167206,0.23434355996017803,0.2374814400046015,0.23030355645462883,0.2429528814219553,0.2425056392000811,0.24722295979738512,0.24734345549066517,0.2469710984623616,0.24726232122852146,0.24729519597903696,0.247345703092745,0.24734196339848014,0.24726744920652297,0.2473039119350785,0.24709577410333833,0.24733533249388537
0.24043302901600463,0.24015388697108028,0.24031324686062713,0.24037467139170218,0.2404281934755486,0.2404198213515707,0.24037505362452422,0.240367901412441,0.24026421153099872,0.24042159889674705,0.24022426914766143,0.237783236673053,0.25000000000000017,0.2363400161566808,0.227601844008953,0.23146357201811335,0.2244093185150828,0.23634725919206503,0.23606548892862914,0.24033919307292237,0.24038478438153968,0.2321587228902582,0.23664106317514874,0.22829427063940935,0.23683125323633195,0.21927159148865502,0.23577436674289842,0.22970240308750786,0.23745846241151558,0.24036989347117488,0.24037537917446894,0.23157760161932375,0.2352110460366287,0.2282287801759345,0.23662095481243972,0.22302413767611687,0.23706572350375785,0.2330178152229502,0.2381182260172765,0.24035181842102613,0.24017641715057236,0.2372788435227917,0.2305178986707273,0.235665132151748,0.22778354150114236,0.23083908165504552,0.22386017140671,0.2361559547828836,0.2357232565145536,0.24030979840311384,0.24042692077176891,0.24006497615171413,0.24034813488649975,0.2403800107677119,0.24042910620528576,0.24042547040423104,0.24035303129010108,0.24038848298248708,0.2401861653675663,0.24041902491935718
0.24590271580628564,0.24561722347096246,0.24578399229318323,0.24584303058598678,0.2458958659249584,0.24588909664164246,0.24584386907613484,0.2458363180491823,0.245729692127728,0.2458910288780739,0.24569037911481542,0.24326021104378642,0.2363400161566808,0.25000000000000017,0.232860920505886,0.23679848672324522,0.22938218612515673,0.24174285347561916,0.24139687612061955,0.2458068828108552,0.2458532481980067,0.23749300037296156,0.24206929110196337,0.23350714954070034,0.2423049686825704,0.22427541253074204,0.2412898614069933,0.23489717808034116,0.24288109372178812,0.24583785071462197,0.2458437365879287,0.23686771224099215,0.24056898943032895,0.2334617601427315,0.24199105701968038,0.2280990923107548,0.2424501007094212,0.2383080821900361,0.24352296288188707,0.2458194457407531,0.24564020071570494,0.24267112732151705,0.23575868211175177,0.24102320512527678,0.23296760315014556,0.23607879656812913,0.2289508181525289,0.24152389823904188,0.24108791011430247,0.24577666556330444,0.24589646860013797,0.24552628974648585,0.24581554071711825,0.24584849139867768,0.24589869053956886,0.24589498523867528,0.24582078183983722,0.24585715638100578,0.24565023617886853,0.24588839312602817
0.2369542262830872,0.23667912311798237,0.23683982392984423,0.23689671302972598,0.23694757111416853,0.23694110066498783,0.2368984742486528,0.2368902479208237,0.23678782842288654,0.23694296509192758,0.23674957223067508,0.2343730468745301,0.227601844008953,0.232860920505886,0.25000000000000017,0.22780263530541722,0.22051503378953677,0.23290996847621417,0.2325781430156634,0.23686157505864774,0.23690630975839794,0.2288591567629461,0.2332471948459796,0.2248441643010331,0.23344655020674554,0.2156519597592585,0.23233217727214148,0.22626597645820007,0.2340118257442007,0.2368920225662603,0.23689736748860152,0.2281868100919536,0.23176904368676998,0.2248668996278311,0.23318211359027796,0.21976853902325078,0.23362441648064636,0.22963524944686856,0.23466483102763003,0.2368741574848696,0.23670129871396348,0.23384014114420498,0.22717298770619834,0.23223982849897995,0.22447884796297943,0.22749220501765183,0.2206206972526625,0.23273649511835806,0.2323132106377524,0.23683277703148833,0.23694820642022185,0.2365914988682812,0.23687045275310709,0.2369019751819482,0.23695035062380546,0.23694677704025738,0.23687527609418968,0.23691032478191157,0.23671093448140587,0.23694042481038874
0.24084393863890335,0.24056431952910634,0.24072760817155642,0.24078548127909677,0.24083735314175428,0.24083059960889303,0.2407856305598477,0.2407788980466631,0.24067449510834835,0.24083249145492996,0.24063581600274708,0.23820685039018952,0.23146357201811335,0.23679848672324522,0.22780263530541722,0.25000000000000033,0.22427381498002116,0.23675282883191504,0.23631837745663284,0.24074984987088968,0.24079484082937824,0.23252184418432903,0.23724537302394877,0.22852824182213513,0.23733763152382628,0.2191925558129187,0.23615857132295087,0.2298764055297161,0.2378410107455304,0.24078030970053504,0.24078621855285717,0.23191967370586097,0.23554670915502685,0.22855474862909175,0.23698314817580307,0.2233906265633086,0.23743565350024673,0.23339655738583223,0.23849946838454764,0.24076237400409398,0.24058675016624598,0.23767167094272515,0.23088871347316003,0.23604226542820816,0.228153092685906,0.23121326110519963,0.22423480197610668,0.236550761254991,0.23612740350336,0.24072049364627876,0.24083781995045353,0.2404752564054568,0.2407584766180854,0.24079082972907542,0.24083998502140977,0.24083636710536718,0.24076366240947786,0.24079931647444058,0.24059665309065764,0.2408299106086972
0.23342704740537837,0.23315603928465548,0.23331419419777435,0.23337039026475948,0.23342090000107324,0.23341412170217682,0.23336909855628893,0.23336398839482808,0.23326217225917856,0.233415944806947,0.23322480938082127,0.23087272839719233,0.2244093185150828,0.22938218612515673,0.22051503378953677,0.22427381498002116,0.2500000000000005,0.2292056953321295,0.22902314014942146,0.233336189221156,0.23337981058767643,0.2255370569654331,0.22979377474569512,0.2218706270571394,0.2298968858372425,0.21226959597701509,0.2288224824984624,0.22264607076323736,0.23050555181603813,0.23336566494922553,0.23337097949592214,0.22466525941776574,0.228337723935418,0.22132551126692604,0.22969845713976556,0.2164374151950485,0.2301180548131781,0.22623831297967403,0.23114986144072455,0.23334788457192426,0.2331779427184149,0.23032241952860852,0.22377410473034057,0.2287238665363325,0.22113271310546012,0.22408002893041734,0.21734388989732276,0.2292657180731787,0.22885825821042077,0.23330740014821102,0.23342111715245006,0.23306971954421263,0.2333441661653586,0.23337557413977858,0.2334232106061613,0.23341970905175727,0.23334909477483473,0.23338379939939508,0.2331873771204664,0.2334134513743122
0.245774958964703,0.24548961495470017,0.24565626627450646,0.24571530475339598,0.24576816038230329,0.24576134756847237,0.2457160601974593,0.24570859756489852,0.24560216785529898,0.24576327816670188,0.24556263541970952,0.24315151645711608,0.23634725919206503,0.24174285347561916,0.23290996847621417,0.23675282883191504,0.2292056953321295,0.2500000000000004,0.24125268822195628,0.24567960913901368,0.24572555656813497,0.2375247737630471,0.24212608164607913,0.23365981991095042,0.24240332144541302,0.22431649217878458,0.241017802562384,0.23466588749579073,0.24273521718852006,0.24571005791788253,0.2457161348660393,0.23661796206853655,0.24051824657869014,0.23314460191177813,0.24190857739891392,0.22790112570015297,0.2423010211960634,0.23820131731901473,0.24338277561334032,0.24569151803337744,0.24551253578860274,0.24251620224484338,0.23560126984297833,0.24084340583148922,0.23281882188176656,0.23592645414053084,0.22883036717827449,0.24138901938072513,0.2409643192401481,0.24564898594760837,0.24576871500267425,0.24539872843009455,0.24568755131433453,0.24572076273599647,0.2457709206823013,0.24576723241383575,0.2456929433047598,0.24572942320946814,0.24552261051111096,0.24576064372568288
0.24546344357867206,0.24517846123712336,0.24534490043036283,0.24540386497801608,0.245456491025276,0.24544984988769916,0.24540414988823192,0.24539717018332358,0.24529086486252538,0.2454517781423326,0.24525159004805772,0.24284925192818438,0.23606548892862914,0.24139687612061955,0.2325781430156634,0.23631837745663284,0.22902314014942146,0.24125268822195628,0.25000000000000044,0.24536971095529675,0.2454144260634953,0.23719215511176853,0.24163426991278894,0.23334685584409562,0.24179635103525726,0.22403138243872983,0.24067460889950446,0.2344423697700484,0.24240371497634808,0.24539885294496255,0.24540472367705068,0.23637358636406622,0.24013974468943136,0.23293061560493608,0.2415683358194336,0.22769261083707182,0.24201320428452971,0.23792917787346266,0.24309174309484038,0.2453803813027811,0.24520149674081168,0.2422264664267186,0.23533640180325366,0.2405709343208071,0.23255039113000978,0.23566087964387064,0.22854912466824387,0.24109798758877907,0.24065685963119404,0.24533763480096762,0.24545720753466033,0.2450876901522822,0.24537661736455244,0.2454093160621263,0.24545943306260215,0.24545572682145345,0.24538175435717172,0.2454179655391961,0.2452114149722531,0.2454491464839622
0.2499020982951474,0.24961196268842759,0.2497814174716386,0.24984144234939676,0.2498950397336534,0.24988825897441513,0.24984198361920787,0.24983462771910195,0.24972638660561594,0.24989022232396274,0.2496865539368866,0.24725322298508662,0.24033919307292237,0.2458068828108552,0.23686157505864774,0.24074984987088968,0.233336189221156,0.24567960913901368,0.24536971095529675,0.2500000000000005,0.2498523988123197,0.24148697760766955,0.24598568049119826,0.23751067291497083,0.24616648679970365,0.22825546077066644,0.24504721986822992,0.23878482119089436,0.24679079573407325,0.2498363564434687,0.24984240000704558,0.24070092461631865,0.24448888882441672,0.23722610674333497,0.24594306491732218,0.2318533865984832,0.24640116966123338,0.24224423701679285,0.2474971561720086,0.2498176196803423,0.24963543199754476,0.24661878543330637,0.23960488805108526,0.24494435135754766,0.23676478060516645,0.23993569539815082,0.232683173007521,0.24546372170632147,0.24500799897566275,0.24977401562244253,0.2498957494857798,0.24951955015392305,0.24981385086561556,0.2498469919845953,0.24989802540591893,0.24989424199555624,0.2498190296058762,0.2498557978875359,0.24964551231779658,0.24988754266961122
0.24994994953285204,0.24965975837098522,0.2498292454214254,0.24988928197270485,0.24994288952920804,0.249936107561374,0.249889819775696,0.24988246600044833,0.24977420368977254,0.24993807128323994,0.24973436310814617,0.24730030630761296,0.24038478438153968,0.2458532481980067,0.23690630975839794,0.24079484082937824,0.23337981058767643,0.24572555656813497,0.2454144260634953,0.2498523988123197,0.2500000000000006,0.24153383956749785,0.24603245013529002,0.2375534289078356,0.2462133853983903,0.2282944452345923,0.2450938604751147,0.23882933476787943,0.24683822288442617,0.24988419577807924,0.24989023908102212,0.2407474915242995,0.24453589125565076,0.23727218636796008,0.24599036553241962,0.2318982459336944,0.24644848104188136,0.24229045962376047,0.2475446158375297,0.24986545639168928,0.24968323218413283,0.24666618416539654,0.23965087812415659,0.24499148683808183,0.2368101283977464,0.23998174933465224,0.23272763960352588,0.24551067251205558,0.24505488422073235,0.2498218423838327,0.24994359950781758,0.2495673281410721,0.24986168759385025,0.24989483267042376,0.24994587601464857,0.2499420917289285,0.2498668657117514,0.24990364025964157,0.24969331442443493,0.24993539112020574
0.24158058638869273,0.24130011203300814,0.2414639706604067,0.24152195023060366,0.24157379959851924,0.2415672057112763,0.24152228555990443,0.24151535639660768,0.24141061425813568,0.24156910439310203,0.24137186193657323,0.2389373050995681,0.2321587228902582,0.23749300037296156,0.2288591567629461,0.23252184418432903,0.2255370569654331,0.2375247737630471,0.23719215511176853,0.24148697760766955,0.24153383956749785,0.25000000000000033,0.237664382038169,0.2292471674748109,0.23818934613690246,0.22019329499093332,0.23715084874986833,0.2307574007962381,0.23867473851722018,0.24151704666540333,0.24152271107307918,0.23271997646658274,0.23633167595121937,0.22938032679172524,0.23773552290960398,0.22406111222316152,0.23822306682913674,0.23406590319139503,0.23925499313070375,0.241498855466704,0.24132264454558988,0.23841675170589238,0.2316137986616621,0.23679701585298651,0.22886167986609765,0.23191833900577882,0.22491245986396,0.2372618194991456,0.23684748174022424,0.24145675058063018,0.24157444898787309,0.24121077664267,0.24149499353783319,0.24152731507081757,0.24157663291421602,0.24157299170019797,0.24150003269324044,0.24153582774241866,0.2413325444903241,0.2415665154522093
0.24608134452624403,0.24579564480349803,0.24596249961793729,0.24602161594939043,0.24607457650336273,0.24606771664450464,0.2460227661019816,0.24601489804661583,0.2459082431709161,0.24606964934919873,0.24586893762944845,0.2434741918373989,0.23664106317514874,0.24206929110196337,0.2332471948459796,0.23724537302394877,0.22979377474569512,0.24212608164607913,0.24163426991278894,0.24598568049119826,0.24603245013529002,0.237664382038169,0.25000000000000044,0.23368505479543494,0.24296995475629263,0.225503624274508,0.24288065277223803,0.23580159956076485,0.24358492048695415,0.24601643382270613,0.2460231331279055,0.23694097475335787,0.24071692386403765,0.2335089595537952,0.24248201370792327,0.2283316691187902,0.24320696020762694,0.2387521207590627,0.24398418305263092,0.2459975175158049,0.2458185572633047,0.2428158869020513,0.23589016824242173,0.2411483898392561,0.23311452456761278,0.23620709591146166,0.22911862167630104,0.24171083587672018,0.24126856115495365,0.2459551898026785,0.2460750927758096,0.2457046447910549,0.24599350359043623,0.24602708074249255,0.24607730880843984,0.2460736083445903,0.24599908649124844,0.24603575200567357,0.24582868149250484,0.2460670114417011
0.2376024304174697,0.23732657468925608,0.2374877079035589,0.23754475983275677,0.2375959382822444,0.23758927004417554,0.23754518765578184,0.23753826144165913,0.23743514346558475,0.23759113696065726,0.23739700255810986,0.23496330687727635,0.22829427063940935,0.23350714954070034,0.2248441643010331,0.22852824182213513,0.2218706270571394,0.23365981991095042,0.23334685584409562,0.23751067291497083,0.2375534289078356,0.2292471674748109,0.23368505479543494,0.25000000000000017,0.23386983888954616,0.21609178574099375,0.23406980978506645,0.22716520852990243,0.23507493622476425,0.2375395186921151,0.23754547253415437,0.2289711922850205,0.23247370273353263,0.22570119852996148,0.23381426018760718,0.22047015496449054,0.23442893361817094,0.23016568651948974,0.23536826940747285,0.2375219336064711,0.23734849316381817,0.23451202496965518,0.22779053298728383,0.23291011575000417,0.22507453883464584,0.2280821882391644,0.22117284902094056,0.23332074417188212,0.23294407197773667,0.23748060996750087,0.23759639407862074,0.23723871000550753,0.23751781405169273,0.23755003628397675,0.2375985257428407,0.2375949607922986,0.23752288845191175,0.23755840882080106,0.23735847307479244,0.23758859118991932
0.24626227055806987,0.24597636078072918,0.24614334115445577,0.2462024980670611,0.2462555719330875,0.24624863283577791,0.24620334468462046,0.2461957757360688,0.2460890374210941,0.24625056692084812,0.24604976379332386,0.24367875827329794,0.23683125323633195,0.2423049686825704,0.23344655020674554,0.23733763152382628,0.2298968858372425,0.24240332144541302,0.24179635103525726,0.24616648679970365,0.2462133853983903,0.23818934613690246,0.24296995475629263,0.23386983888954616,0.25000000000000033,0.22460849448205578,0.24240866851838577,0.2361944147156275,0.24378210140451068,0.24619738212546738,0.24620373578633023,0.23732175641809178,0.24204496595271421,0.23376813891584122,0.24232582697983746,0.22837590291460005,0.2431865454312961,0.2388755640097062,0.24412957785471912,0.24617837440084078,0.24599932057965723,0.24301007572175456,0.23607004198163534,0.2413356737199356,0.23329211511036657,0.23638402714176412,0.22929712714053346,0.241891817919997,0.24144794756273777,0.2461360287961858,0.24625601421141882,0.24588529391868177,0.24617437495411404,0.246207966885625,0.2462582343390188,0.24625452868845757,0.24617996999688196,0.246216644516576,0.2460094217592526,0.2462479269354335
0.22834204426123156,0.22807693981431693,0.22823173250491985,0.2282866213466433,0.22833610961789141,0.22832939609790914,0.22828660971196002,0.22828035570080216,0.22818113989423874,0.22833118871316915,0.22814405471392613,0.22572670039603585,0.21927159148865502,0.22427541253074204,0.2156519597592585,0.2191925558129187,0.21226959597701509,0.22431649217878458,0.22403138243872983,0.22825546077066644,0.2282944452345923,0.22019329499093332,0.225503624274508,0.21609178574099375,0.22460849448205578,0.2500000000000001,0.22349386819341888,0.2175460623798633,0.22580324631540344,0.22828028072082646,0.22828792783969515,0.22007213302826328,0.2238512680839185,0.21695925282330195,0.2246823153527133,0.21202542498794846,0.2250605161235793,0.22122626600373527,0.22610721824435293,0.22826445981795782,0.22809741231847425,0.2253805292920739,0.21882942781469714,0.2237906041519611,0.21620665430314562,0.219184764701589,0.21252280527122755,0.22423458615997288,0.22386613644884454,0.2282250168597641,0.22833624316865653,0.2279924982845609,0.22825987986105256,0.22829169190949075,0.22833822704823137,0.22833486574369727,0.22826540377206767,0.2282997383750618,0.2281075949829075,0.22832874440775688
0.2451424534599698,0.24485784378701128,0.24502406824018313,0.24508295276966077,0.24513584103729388,0.2451288776476046,0.2450843604596726,0.2450762621658455,0.24497006660248974,0.24513080310738922,0.24493084383407765,0.2425753260796098,0.23577436674289842,0.2412898614069933,0.23233217727214148,0.23615857132295087,0.2288224824984624,0.241017802562384,0.24067460889950446,0.24504721986822992,0.2450938604751147,0.23715084874986833,0.24288065277223803,0.23406980978506645,0.24240866851838577,0.22349386819341888,0.2500000000000001,0.2340269181201809,0.24218130301285462,0.2450773558991886,0.24508464559575288,0.2363700130238641,0.24111939795695791,0.23360925233996424,0.2422049375981718,0.22731652868363958,0.24165046638108395,0.23760975444258015,0.2428064023944227,0.24505874927111942,0.24488057053592024,0.24193653696048917,0.2349742853768819,0.24035582027451596,0.23221122925440968,0.23529116799808858,0.2282423600004544,0.24077690146571176,0.24035078505024088,0.24501679618892347,0.24513622555848233,0.2447671907592219,0.24505464992682227,0.24508839668767646,0.2451384504792894,0.24513474679287658,0.24506039463288387,0.24509703489167628,0.24489075442886782,0.24512817506142914
0.23887712691814528,0.23859979127101488,0.23876175246817954,0.23881914694058493,0.23887037965292585,0.23886389725300208,0.23882094130043746,0.23881262969952555,0.23870930411059418,0.2388657745505553,0.23867067662982547,0.23629552464187523,0.22970240308750786,0.23489717808034116,0.22626597645820007,0.2298764055297161,0.22264607076323736,0.23466588749579073,0.2344423697700484,0.23878482119089436,0.23882933476787943,0.2307574007962381,0.23580159956076485,0.22716520852990243,0.2361944147156275,0.2175460623798633,0.2340269181201809,0.25000000000000006,0.23576983960956086,0.23881276221158745,0.238820983589602,0.23008713367795686,0.23448917201983635,0.22701570289415005,0.23582922644323823,0.22146540983702723,0.2354332668478697,0.23152587950069212,0.23651018084721928,0.2387953376669759,0.23862120508070908,0.2357417931877829,0.22886522560140704,0.23412333190218995,0.22614941450538772,0.22922813793868313,0.22236306896755542,0.2345939459568481,0.2342052964450294,0.23875473528132535,0.2388710581670244,0.23851145338453222,0.2387907636035615,0.23882445138583017,0.23887314200573068,0.23886961719209748,0.2387970851809616,0.2388328691531215,0.23863186078594747,0.2388632134455005
0.24688705030476402,0.2466004151599606,0.24676782631046232,0.24682712616794397,0.24688013153305424,0.24687337796119774,0.2468280062744423,0.2468203933687529,0.24671347886542905,0.24687531756070388,0.24667405318599475,0.2442815816897711,0.23745846241151558,0.24288109372178812,0.2340118257442007,0.2378410107455304,0.23050555181603813,0.24273521718852006,0.24240371497634808,0.24679079573407325,0.24683822288442617,0.23867473851722018,0.24358492048695415,0.23507493622476425,0.24378210140451068,0.22580324631540344,0.24218130301285462,0.23576983960956086,0.24999999999999997,0.24682221897877044,0.24682832903054036,0.237900014104629,0.24230350316571408,0.23471742191060627,0.24370825233551235,0.22901101107788588,0.24354039013544146,0.23928678074271087,0.24448810631229975,0.24680308187966998,0.24662334342655814,0.2436654694945611,0.23664835457821365,0.24201942388663591,0.2338482340096153,0.2369770118361422,0.22985296136723246,0.24247826622739904,0.24205419896348718,0.24676052713129643,0.24688077808325168,0.2465091170356995,0.24679907001171206,0.24683260880569657,0.2468830207467031,0.2468792887889426,0.2468046167394003,0.24684130850771185,0.24663356001584735,0.2468726702916369
0.24993390199820179,0.24964372946747562,0.24981320577394034,0.24987323833309366,0.24992684194066017,0.24992006091628713,0.24987378036262373,0.24986642284882107,0.24975816836341366,0.24992202451688056,0.2497183298361052,0.24728465911536396,0.24036989347117488,0.24583785071462197,0.2368920225662603,0.24078030970053504,0.23336566494922553,0.24571005791788253,0.24539885294496255,0.2498363564434687,0.24988419577807924,0.24151704666540333,0.24601643382270613,0.2375395186921151,0.24619738212546738,0.22828028072082646,0.2450773558991886,0.23881276221158745,0.24682221897877044,0.25000000000000017,0.24987419502363478,0.24073126892064364,0.2445195079296516,0.23725609230195688,0.2459741314906487,0.2318832101293559,0.2464321388131204,0.24227554431443943,0.24752839935703738,0.24984940972087955,0.24966719999107098,0.2466500519497433,0.23963509073790193,0.24497524154007586,0.23679468277497862,0.2399661321636118,0.23271281185035667,0.24549502819028618,0.24503923349225007,0.24980580292430593,0.24992755238085382,0.24955130517151786,0.24984563702376386,0.24987878867469088,0.2499298281899837,0.24992604469883475,0.24985081919901816,0.2498875956981854,0.2496772833665267,0.24991934452024933
0.24993994732879865,0.2496497677794611,0.24981924809760625,0.24987928219637498,0.24993288783823056,0.2499261059129854,0.24987982054569,0.24987246650489583,0.24976420849807437,0.24992806955612953,0.24972437016549928,0.24729055158562588,0.24037537917446894,0.2458437365879287,0.23689736748860152,0.24078621855285717,0.23337097949592214,0.2457161348660393,0.24540472367705068,0.24984240000704558,0.24989023908102212,0.24152271107307918,0.2460231331279055,0.23754547253415437,0.24620373578633023,0.22828792783969515,0.24508464559575288,0.238820983589602,0.24682832903054036,0.24987419502363478,0.24999999999999992,0.24074014888048523,0.24452754102631427,0.23725970489910342,0.24598153014499316,0.2318853035665212,0.24644010367382005,0.24227948973670801,0.2475355789355917,0.24985545054063632,0.24967323972826727,0.2466555567843715,0.23964008885766142,0.24498052767398365,0.23679991851694404,0.2399708952655757,0.2327181490857011,0.24550049826119505,0.24504510495144408,0.24981184523836994,0.24993359755782604,0.2495573412492785,0.2498516787979911,0.24988483267304212,0.24993587342176818,0.24993208983943305,0.24985686081028866,0.24989363990873845,0.2496833224901045,0.24992538949873389
0.2407949193580948,0.24051535715953945,0.2406786242671919,0.24073647389619113,0.24078815782012186,0.24078158469932634,0.2407365548401288,0.240729905691315,0.24062555248168335,0.24078347586010776,0.24058725460070657,0.23825155951431898,0.23157760161932375,0.23686771224099215,0.2281868100919536,0.23191967370586097,0.22466525941776574,0.23661796206853655,0.23637358636406622,0.24070092461631865,0.2407474915242995,0.23271997646658274,0.23694097475335787,0.2289711922850205,0.23732175641809178,0.22007213302826328,0.2363700130238641,0.23008713367795686,0.237900014104629,0.24073126892064364,0.24074014888048523,0.24999999999999983,0.23538633137695913,0.22815721520749585,0.23721196008003623,0.22301546619218554,0.23773804659499165,0.23345827860086257,0.23874747727260198,0.24071196825084315,0.24053777691815076,0.237512687886398,0.23071268909626788,0.23585628255475433,0.2280829834442173,0.23103760533647855,0.22423248270343457,0.23655356264066654,0.23610238059978586,0.2406714414171385,0.24078880190896254,0.24042631263369638,0.2407078377330868,0.24074182152115514,0.24079091480956993,0.24078734939046195,0.2407137228358775,0.24075030627563923,0.24054768414019903,0.24078089418303183
0.24458422246741413,0.24430026089900903,0.24446610142667238,0.24452485727028073,0.24457734204978057,0.24457067761554924,0.24452524450764987,0.2445181850432891,0.24441221497311805,0.24457259881879273,0.24437318441266706,0.24198453765600353,0.2352110460366287,0.24056898943032895,0.23176904368676998,0.23554670915502685,0.228337723935418,0.24051824657869014,0.24013974468943136,0.24448888882441672,0.24453589125565076,0.23633167595121937,0.24071692386403765,0.23247370273353263,0.24204496595271421,0.2238512680839185,0.24111939795695791,0.23448917201983635,0.24230350316571408,0.2445195079296516,0.24452754102631427,0.23538633137695913,0.24999999999999983,0.23190898873910235,0.24132883139272163,0.22731833747515112,0.2424224693855713,0.23771594009622243,0.2429113736177674,0.2445006177216671,0.24432305174869806,0.24136868191201158,0.23445582199575418,0.23969009407644165,0.231676270838514,0.23478893960567404,0.22771226793955596,0.24027359166153048,0.2398020060690183,0.2444588458285128,0.24457800874688104,0.24420981441203632,0.2444966762463928,0.24453028886348357,0.2445802291628336,0.24457653335656737,0.24450221392514382,0.2445389073249131,0.24433309659774557,0.2445699765832117
