x1,x2,x3,x4,x5,x6,x7,x8,x9,x10,x11,x12,x13,x14,x15,x16,x17,x18,x19,x20,x21,x22,x23,x24,x25,x26,x27,x28,x29,x30,x31,x32,x33,x34,x35,x36,x37,x38,x39,x40,x41,x42,x43,x44,x45,x46,x47,x48,x49,x50,x51,x52,x53,x54,x55,x56,x57,x58,x59,x60
0.25,0.2440047242953081,0.08583386592243515,0.24439727348003987,0.10771479056718376,0.2429348729123281,0.14544008066457814,0.23992542515692442,0.22087713422081162,0.24445968271104465,0.24141695032900531,-0.08073152265252041,0.09671900719369536,-0.05512600065045514,0.08227522489412596,0.01860415919460659,0.0038892493510386643,0.1826871703535275,-0.16681001935923873,0.24200816488836202,0.2224459841596864,0.07813392579839318,-0.05099640737462036,0.09051246709100891,-0.0576887365430751,0.11174182767483422,-0.05954796095034111,0.08885173719528511,-0.05998189303012491,0.2394134008599062,0.23688722442121463,-0.041051856202072155,0.05589707516578135,-0.03744690306813631,0.05417702577040795,-0.011375280442301572,0.06858051696533074,-0.023580637166533757,0.057908575196262496,0.2402509061561605,0.23937724250992798,0.037529220859799574,-0.026084682845898287,0.0392454972996237,0.022335495672488305,0.0714525082967486,-0.02646526025826359,0.17958754106363706,-0.15078161055160375,0.2410134075536741,0.2415842333647691,0.2442849840682897,0.1429601274808215,0.24380973505146764,0.13804582416971342,0.240120206068242,0.13852555604836,0.23761430062408032,0.2082830889706605,0.24446860733787884
0.2440047242953081,0.24999999999999994,0.08727117626878184,0.2494437036361911,0.1091932576776068,0.2479855487758247,0.14831153708125022,0.24496346262457233,0.22530848683004226,0.24950654054301838,0.24625298771793405,-0.08494150643328001,0.10117360880400683,-0.058558287411558836,0.0857409362258497,0.018059873765506898,0.004340114971791643,0.18632883704321138,-0.17044647071638278,0.24702085802822427,0.22686960080338692,0.08221668665797141,-0.054314884253598,0.09473819088984205,-0.06107876622381327,0.11592833623621851,-0.0627287611119525,0.09238789911711502,-0.06288494376733247,0.24440525268821506,0.24186255346730087,-0.04400539694151355,0.05926133501385781,-0.0403065215187685,0.05747474536133171,-0.013487096132534739,0.07203550516313784,-0.025850464976575234,0.0608018336212225,0.24519159259954001,0.24428162104748932,0.040383196172157944,-0.02862453852159596,0.04208922489133471,0.021254810098252114,0.0741797673908599,-0.027839961000075707,0.18355426681941403,-0.15385626002185046,0.2459715324158411,0.2465773178870216,0.24932777816449342,0.14681125515114707,0.2488385178111403,0.14152048863272612,0.24504588171222433,0.1416711925987004,0.24246983147843976,0.21257438768309075,0.24951571731939767
0.08583386592243515,0.08727117626878184,0.2499999999999999,0.08765784565956829,0.050151643438752454,0.08633831810007979,0.05870313069866931,0.0835802034467762,0.08035151314194108,0.0877343235196522,0.08492966507636983,0.06167152031566037,-0.05746577117355153,0.06087403586207671,-0.030498397299981984,0.04560622578925137,-0.019169391616782095,0.07270354631532824,-0.05444983177581547,0.08627516580775572,0.08585269054772224,-0.0601419647748604,0.06247478216846086,-0.054528420797710614,0.05939332182973713,-0.02971608246783903,0.050431167177403424,-0.031731961036066895,0.0403151482466144,0.08409289432549362,0.08195883255898331,0.06140553742702484,-0.05975727255773285,0.06203282687815781,-0.05979503526641216,0.06390386639115062,-0.050122292132120404,0.05683561387165355,-0.04204156836256686,0.08695050770521688,0.08726823154245388,-0.06170866720792416,0.06303206026278536,-0.05944404599555932,0.06373701646275486,-0.019770771260489404,0.020595017037795142,0.05488062703585355,-0.055324866573389246,0.08713124960297676,0.08650002288265322,0.08768829254233534,0.018765351246386824,0.08766968343507694,0.026817309091069285,0.08732017006405654,0.039320152401338834,0.08708692286436832,0.07496811895105356,0.08773520171584956
0.24439727348003987,0.2494437036361911,0.08765784565956829,0.25,0.10925999868292952,0.24836903759689166,0.1485173279777419,0.24535574624064882,0.2256563132856144,0.24989837051681468,0.24664189820774798,-0.0852627382269701,0.10151658698850265,-0.058830243358221,0.08602707010636779,0.017993338625423193,0.004418664831483039,0.18659494018787925,-0.17070407222792505,0.24740942052113585,0.22721323963274362,0.08253119583433037,-0.05456979930805212,0.0950637442522407,-0.061339729066981534,0.11626461144711842,-0.06297914900286337,0.09268380206493246,-0.06312742715895088,0.24479339394926924,0.24224870053985595,-0.044232247437984575,0.05951968701960496,-0.04052627390410767,0.057728580133785366,-0.013649292500439668,0.07230724547669341,-0.02602953122394242,0.061041483919359395,0.24557484319362285,0.2446624317861451,0.04060238095123605,-0.028819558279241906,0.0423074698563859,0.021173135924242935,0.07438980644814633,-0.02794511673106444,0.18386282297534623,-0.1540956984170268,0.24635651489299382,0.24696496735633075,0.2497192928583441,0.14710943958312891,0.2492289497035747,0.14179084639528639,0.24542833784608326,0.14191488788150042,0.24284686105075498,0.21290857483329534,0.24990756687282972
0.10771479056718376,0.1091932576776068,0.050151643438752454,0.10925999868292952,0.24999999999999994,0.10779800721154524,0.06482808937203831,0.10495542631160937,0.1006571307351845,0.1093335713405948,0.10765902026507405,0.01989179832486986,-0.011615498942337701,0.05312636719035425,-0.04440772519605001,0.05802279127351617,-0.028174748275207103,0.09126551980387876,-0.07307658316619275,0.10776082306100124,0.10325786849885973,-0.02046695910663801,0.02770986313922248,-0.01629212759472527,0.02572974839639336,-0.004503754602911941,0.023181408130786386,-0.007316579700995369,0.017512158395394047,0.10578284972458471,0.10401537509279751,0.03007023075058817,-0.02561852344456903,0.03134214057721357,-0.026657046124001754,0.03845879186932784,-0.020213735010491448,0.033337897701253005,-0.018465127674683217,0.10800530518486204,0.1079249845636985,-0.031053206947080345,0.034465415374046765,-0.02921675718312926,0.04534973206648937,0.002586553187130321,0.007729126377985215,0.07369983352290847,-0.06775938513797138,0.10818900401624959,0.10791841485485262,0.10926624760322996,0.04321305103836341,0.10915054678047152,0.04682566843534601,0.1081217569141944,0.05514835351823784,0.10742578262586072,0.0929995407587681,0.10933627267783004
0.2429348729123281,0.2479855487758247,0.08633831810007979,0.24836903759689166,0.10779800721154524,0.24999999999999994,0.14704657756328787,0.24389587336863863,0.2241995508064105,0.24843200688181286,0.24523703725650361,-0.08670104862894537,0.10293528995320936,-0.06026072501317419,0.08740523707371814,0.016589678206289787,0.005739521269277615,0.18514274690230176,-0.16924883752643005,0.24594361946839072,0.2257487477152601,0.08397015293833208,-0.05601133807975885,0.09647986386885592,-0.06277046257131717,0.11764444972905795,-0.06439526071940797,0.09393230931109124,-0.06439817993777823,0.24340721243399846,0.2408944485694027,-0.045659658289002994,0.06093724882639411,-0.041962422243712334,0.05915893722079819,-0.01508724549686541,0.07370601176401968,-0.027434123135343484,0.062315981207704554,0.24411263756197638,0.2431967052784298,0.042030079786847044,-0.030256034869020943,0.04368526987321274,0.019820867279894412,0.07497855885178878,-0.02846020837160829,0.18301791680130222,-0.15318288031030886,0.24489727604233918,0.2455203224329787,0.24825362970651207,0.1469681468245601,0.247762799350363,0.14148695039584386,0.24396288611334274,0.14131911161631214,0.2413817747151342,0.2116700684177832,0.24844122180719655
0.14544008066457814,0.14831153708125022,0.05870313069866931,0.1485173279777419,0.06482808937203831,0.14704657756328787,0.25,0.14403180213736244,0.13635503562409462,0.14857351155760018,0.14659475712532977,-0.034880066496095645,0.046703806837235975,-0.0054377218416467015,0.024082826898312582,0.07743974565326717,-0.08950213775835922,0.12563304681321244,-0.10767435808368345,0.14692766586988493,0.13617936983076895,0.03262612163436721,-0.018262117896423943,0.04198027456308178,-0.022162316051621528,0.05900928546994043,-0.024626567408498272,0.04504491241952657,-0.027268277554408332,0.14527502588029892,0.14350292394820507,-0.01296269445348443,0.021969325123867973,-0.01064632573949481,0.020137711593620225,0.004002771055302994,0.030241815604647167,-0.003776587826327062,0.025889108382160547,0.14611081041351734,0.14570098558868572,0.010911088283965264,-0.0042195328724363695,0.012021539375951367,0.02253570945976017,0.03607397224004686,-0.010924449728324665,0.10739588024595846,-0.09162937737304434,0.14658262269733785,0.146793217474618,0.1484711487032068,0.08168297840186294,0.14820714031876386,0.0803951562967665,0.14612315832348435,0.08242098190664962,0.14470765808072547,0.12666023335500542,0.14857977885228993
0.23992542515692442,0.24496346262457233,0.0835802034467762,0.24535574624064882,0.10495542631160937,0.24389587336863863,0.14403180213736244,0.2499999999999998,0.2212015472031379,0.24541654503861615,0.24231264241014444,-0.08969082308991126,0.10591437545146608,-0.06325102761329396,0.09037778847715262,0.013609339118032847,0.008595647057923322,0.18215513661074084,-0.16632716653281984,0.24293199689285672,0.22273546391916757,0.08695364834477266,-0.05899841480106611,0.0994584901772353,-0.06575834925749434,0.12059834731323961,-0.0673755488458972,0.09652219081763927,-0.0670249968741101,0.2405565703398762,0.23811094274824107,-0.04863119647130009,0.06389009111244649,-0.044951674209010674,0.06214376996957491,-0.018078758397979913,0.07664049512240963,-0.03036479618855763,0.06495188644947245,0.2411057049700711,0.24018191310755543,0.04500177879512917,-0.033244513704082865,0.046553912063553304,0.017013030899630122,0.07621894279698783,-0.029542306532419866,0.18128826734484665,-0.1513082444173207,0.241896171268777,0.2425496264347474,0.245239607226744,0.14669217007598226,0.24474770079285774,0.14087348870333657,0.24094875860009754,0.14010250599117635,0.23836808023702158,0.20912267907802862,0.24542580450241147
0.22087713422081162,0.22530848683004226,0.08035151314194108,0.2256563132856144,0.1006571307351845,0.2241995508064105,0.13635503562409462,0.2212015472031379,0.2499999999999999,0.22571609614521074,0.22265892231192824,-0.07401763736940797,0.08936756826037309,-0.04742112548454747,0.07116698450336942,0.030107909761463426,-0.008578082964479454,0.19799250246276648,-0.1896755970867377,0.2244543121855279,0.20529120844541196,0.07135305753116179,-0.04837387513706138,0.08391444402061142,-0.05360233217694905,0.10443774009625091,-0.05385157282026363,0.08038371518266291,-0.054010124854857254,0.22099564963597237,0.2187842492001351,-0.03898937377729923,0.05327013917715736,-0.035404328133395474,0.05040651440636181,-0.01112019458851222,0.06353446433953351,-0.0210743260733735,0.05257401463910908,0.22184529129099945,0.22100548780465876,0.035659648161912076,-0.02484934455531428,0.03705022711911339,0.01993856983211418,0.06629122322531175,-0.02413380121508619,0.16524249970298605,-0.13859010998571764,0.22252512547003678,0.22306200930501605,0.22555605934268652,0.1323749509442952,0.2251163600529921,0.1277124121448159,0.22170281093059566,0.12780960865793992,0.2193830261618647,0.1921774077068145,0.22572590557396177
0.24445968271104465,0.24950654054301838,0.0877343235196522,0.24989837051681468,0.1093335713405948,0.24843200688181286,0.14857351155760018,0.24541654503861615,0.22571609614521074,0.24999999999999986,0.2467010926365746,-0.08520805014476246,0.10146346984946508,-0.0587706621909716,0.08597400283518954,0.018047280126568428,0.004372721888048801,0.18665228985432777,-0.1707558744342185,0.24747211726868473,0.22727585103147743,0.08247657161781545,-0.05451427580146143,0.09501071758019106,-0.06128514630779339,0.11621703780141886,-0.06292659584396118,0.09263779197796469,-0.06307908343368093,0.24485328481561003,0.24230730752646307,-0.0441772455495776,0.05946537867525227,-0.04047086801130947,0.057673909922700314,-0.013593289496646031,0.07225505320521027,-0.025975639368714273,0.060992893225039105,0.24563776390678435,0.24472546955154628,0.04054729145034615,-0.028763876345367506,0.04225439439591496,0.021226654561279694,0.07436870531555742,-0.027925889958778358,0.18390031645712673,-0.1541351640227877,0.24641933716519762,0.24702723043818725,0.24978244257141194,0.1471182887454869,0.24929210728797147,0.1418060415898975,0.24549138147783972,0.1419416166816587,0.24290983162389335,0.21296200098749787,0.2499707475460556
0.24141695032900531,0.24625298771793405,0.08492966507636983,0.24664189820774798,0.10765902026507405,0.24523703725650361,0.14659475712532977,0.24231264241014444,0.22265892231192824,0.2467010926365746,0.25000000000000006,-0.08804541866799687,0.10388129256559583,-0.06144116530391537,0.08787895777846831,0.015760379574690404,0.00527334686456591,0.18393528380557575,-0.16857003421054015,0.2442540368865806,0.2240538995862557,0.08516930318848846,-0.05725774168334141,0.09744385520476709,-0.0638861343343973,0.1179951918564863,-0.06526120094693012,0.09426568235844893,-0.06497879002581834,0.24174208902925198,0.23927676538058493,-0.04684110716680597,0.062087124945128025,-0.043155023441174147,0.060288526899962586,-0.016313637039140218,0.07457400983584607,-0.02846112901611866,0.0629516699782429,0.2424010462039174,0.24147552961893376,0.04321761387379572,-0.031469610210938005,0.04483089752683427,0.018580947471455233,0.0753442088672157,-0.028852039212324453,0.18191787187367825,-0.15208076378430654,0.24317826741081008,0.24381366884053846,0.24652362853275253,0.14658369026986148,0.2460332244458473,0.1409335951757067,0.24224060768442512,0.14053736695882948,0.2396643808967769,0.21018045942565008,0.2467102850411587
-0.08073152265252041,-0.08494150643328001,0.06167152031566037,-0.0852627382269701,0.01989179832486986,-0.08670104862894537,-0.034880066496095645,-0.08969082308991126,-0.07401763736940797,-0.08520805014476246,-0.08804541866799687,0.24999999999999986,-0.23332436228070155,0.20142819872683862,-0.16605587861039417,0.07607600920401246,-0.03875839995592089,-0.0453254014553495,0.06800047800875875,-0.08560772733077529,-0.06306508608957118,-0.23920396782968373,0.2119882105554446,-0.2283341381664524,0.20582207892216395,-0.1994717583506618,0.18634800831019,-0.17643989496984896,0.16264215268144097,-0.0876438531569752,-0.0897668338469929,0.19298393815790013,-0.20695132265680172,0.19010860248062852,-0.20317923644598826,0.16318163629779792,-0.1968301951259898,0.15943131173962027,-0.16466904627714143,-0.08209635254380425,-0.08024977178550703,-0.1894876559326735,0.1789208221642026,-0.1862291123883919,0.12303102196572166,-0.13110228139574828,0.07949399789809772,-0.08459485552182802,0.049317241070274215,-0.08251428611092104,-0.08467974326575183,-0.08510770016623077,-0.1261848790207078,-0.08458560622688331,-0.10113341683934061,-0.08101350253455256,-0.07252086993238911,-0.07857769735694727,-0.0718801390481546,-0.08521625060871814
0.09671900719369536,0.10117360880400683,-0.05746577117355153,0.10151658698850265,-0.011615498942337701,0.10293528995320936,0.046703806837235975,0.10591437545146608,0.08936756826037309,0.10146346984946508,0.10388129256559583,-0.23332436228070155,0.24999999999999983,-0.20523000072605038,0.171377844631717,-0.07984988326773644,0.04641371322654838,0.06052528020583178,-0.08184641490640222,0.10175639773268998,0.07914468061727224,0.2255465745974918,-0.19809002055248875,0.23219408596817592,-0.20157418503768326,0.2028561264770226,-0.18464690004822648,0.1797078305131053,-0.16336575411549498,0.10346578626041898,0.10506588484694669,-0.18519071632342718,0.19944904418576653,-0.18223457694420298,0.1980261507319957,-0.1549908298630332,0.1947084377333323,-0.15490739555630959,0.16444811977059695,0.09807670623795689,0.09635507568647889,0.1816081652037116,-0.1707199471539583,0.17865707188315005,-0.11374397074741466,0.13009527269326776,-0.07754979545259266,0.09586708854986221,-0.060069342986131855,0.0986362962328953,0.1007171193276016,0.10135432786638846,0.13120901264846083,0.10082148841121978,0.10765519394278956,0.09713753503112162,0.08050658952213201,0.09462617680852563,0.08608075609695673,0.10147250091696744
-0.05512600065045514,-0.058558287411558836,0.06087403586207671,-0.058830243358221,0.05312636719035425,-0.06026072501317419,-0.0054377218416467015,-0.06325102761329396,-0.04742112548454747,-0.0587706621909716,-0.06144116530391537,0.20142819872683862,-0.20523000072605038,0.24999999999999983,-0.21182654048931493,0.12260378865861477,-0.080259518712556,-0.01990467080242451,0.04288590812096104,-0.05919473049796176,-0.04117856415905263,-0.1993984159777792,0.1770908371910743,-0.2074761851744295,0.1821157943063488,-0.17795539332996732,0.16755503564031488,-0.15855624902273482,0.14691728918962035,-0.06148204456538739,-0.06328106359177568,0.16813270997775007,-0.1789461957064053,0.16605166547358505,-0.17909789499239828,0.14449142629490966,-0.17481271993995923,0.14388702221602492,-0.14790652921040287,-0.056181605648198796,-0.05472488906354696,-0.1653313365237162,0.15692626855085876,-0.1623872041628328,0.11046689160977882,-0.11216562156675594,0.06957700369753667,-0.06373526300644154,0.034298226217086225,-0.056629284178113866,-0.05850120641013675,-0.05869371014815533,-0.10205715624425131,-0.0582629874238441,-0.08078939035809056,-0.055346543127255204,-0.05518164939262797,-0.053357370359633075,-0.04986045916599147,-0.05877732892371223
0.08227522489412596,0.0857409362258497,-0.030498397299981984,0.08602707010636779,-0.04440772519605001,0.08740523707371814,0.024082826898312582,0.09037778847715262,0.07116698450336942,0.08597400283518954,0.08787895777846831,-0.16605587861039417,0.171377844631717,-0.21182654048931493,0.2499999999999998,-0.14318973843136626,0.10411510188080275,0.03657926475108656,-0.055208260936266,0.08602991589474787,0.06894269874808015,0.16407438790327833,-0.14232016751690876,0.1761749221541849,-0.14987194787587332,0.18694060584679117,-0.15012352387693234,0.1580682563348017,-0.138964268106501,0.08766260119215541,0.08811544963629224,-0.1353858456679588,0.14590367979124985,-0.13335676979749517,0.14684275956526288,-0.11310667473654179,0.1553150833074944,-0.12080921010094714,0.13748610646129056,0.08297707409592367,0.08202726961216593,0.13268637438538605,-0.12446712499077359,0.1305659150689913,-0.08031222890414112,0.0989375756224244,-0.058486144066798675,0.08029211994197562,-0.0527187387716606,0.08378071647195989,0.08528614475234379,0.08588604159179483,0.1020833247594911,0.08547694486713439,0.0864208946921877,0.08262656989868242,0.06588003336251136,0.08068333773929659,0.07404296061205662,0.0859809078405479
0.01860415919460659,0.018059873765506898,0.04560622578925137,0.017993338625423193,0.05802279127351617,0.016589678206289787,0.07743974565326717,0.013609339118032847,0.030107909761463426,0.018047280126568428,0.015760379574690404,0.07607600920401246,-0.07984988326773644,0.12260378865861477,-0.14318973843136626,0.2499999999999999,-0.2059037674425791,0.06751042716057096,-0.0430083269293906,0.017639693090862645,0.021986002534562194,-0.07710784575496395,0.06971893849120012,-0.08966914042147509,0.07994296249923095,-0.10594741158549961,0.08822782316796346,-0.09127418786254456,0.0837448228496371,0.015112863833322788,0.014546834817181092,0.07275900576385985,-0.07355886178945702,0.07317424811499405,-0.07858686576086284,0.06877445186679015,-0.08600254509863627,0.07602234789819447,-0.08157850869973507,0.018936083229607145,0.019031321566256226,-0.0722618967482011,0.0709541784992467,-0.0706759143567139,0.056951885226597165,-0.04253152545319525,0.030556565449338196,0.000633711484115834,-0.009753254713386008,0.018394614745707256,0.01762936574811009,0.018053053548059673,-0.02214098076329454,0.01817154772677628,-0.014772928444558402,0.018884136101183155,-0.0012190203703865991,0.019372001978153013,0.01406682997842695,0.01804754976344857
0.0038892493510386643,0.004340114971791643,-0.019169391616782095,0.004418664831483039,-0.028174748275207103,0.005739521269277615,-0.08950213775835922,0.008595647057923322,-0.008578082964479454,0.004372721888048801,0.00527334686456591,-0.03875839995592089,0.04641371322654838,-0.080259518712556,0.10411510188080275,-0.2059037674425791,0.24999999999999983,-0.058360445037278705,0.03215320162688619,0.004681430647709055,0.0016910136455132682,0.03702122348078199,-0.03075394020011028,0.047558710410624004,-0.039663911686354525,0.07158065689172215,-0.051571852348325314,0.06958176703660139,-0.05925646214168729,0.0059153404021340065,0.00546895566528081,-0.033845329209537936,0.03413749990285065,-0.03424534821660947,0.038632149676848526,-0.03153010242187081,0.04947253529993965,-0.041478504123695074,0.05589450325940899,0.003415671702080628,0.0036849088475312455,0.03354493450283818,-0.03271102509191851,0.032917307704009136,-0.023483571896990966,0.02284110767951611,-0.015256537215393147,0.010368567262985975,-0.0046414247471893355,0.004069202225328362,0.004413559281267005,0.004360250369166705,0.017093850366294617,0.00428367628521764,0.014844780022379423,0.0037797823793919217,0.007744870214039057,0.003435930683719143,0.005376961932578392,0.004372131760841661
0.1826871703535275,0.18632883704321138,0.07270354631532824,0.18659494018787925,0.09126551980387876,0.18514274690230176,0.12563304681321244,0.18215513661074084,0.19799250246276648,0.18665228985432777,0.18393528380557575,-0.0453254014553495,0.06052528020583178,-0.01990467080242451,0.03657926475108656,0.06751042716057096,-0.058360445037278705,0.24999999999999983,-0.22133283178118737,0.18622316646201725,0.17053040799583616,0.04381551255226291,-0.029745334509771078,0.05652659055097395,-0.03227237767063974,0.062373001267224476,-0.02329425918274103,0.03102901313586328,-0.01623687088876162,0.18195082583875563,0.18057841592839843,-0.02230160752056916,0.034771718522403565,-0.018844105404953276,0.029776202288737525,0.000809911055558809,0.034060590362737286,-0.0007195984029112059,0.017551712156447435,0.18389789065773093,0.18293696405895338,0.019534572406500694,-0.010486763888668543,0.020769263883291384,0.023583898888355822,0.04790043817479608,-0.014630762640485153,0.13308111711158804,-0.11282486336321176,0.18407601778313856,0.18442592952866038,0.18652415887834217,0.10491833677572616,0.1861826626320408,0.10124150056017298,0.18350134545963176,0.10379923019409282,0.18167806746711077,0.1578112181498846,0.18666195505890337
-0.16681001935923873,-0.17044647071638278,-0.05444983177581547,-0.17070407222792505,-0.07307658316619275,-0.16924883752643005,-0.10767435808368345,-0.16632716653281984,-0.1896755970867377,-0.1707558744342185,-0.16857003421054015,0.06800047800875875,-0.08184641490640222,0.04288590812096104,-0.055208260936266,-0.0430083269293906,0.03215320162688619,-0.22133283178118737,0.2499999999999999,-0.17317060316610078,-0.15415903511373696,-0.06644995516832532,0.051916768108275085,-0.07961150618194732,0.05482754262344985,-0.08798676437539757,0.04719323131467877,-0.05826490166753673,0.04147720597681778,-0.167129000869347,-0.16614708978069914,0.044295138926402154,-0.05685425045032058,0.04094291711795301,-0.05224336135715597,0.020779244090796577,-0.057895048455141755,0.023346752426178438,-0.04223596622633827,-0.16786899326883797,-0.1669308776475881,-0.04146288331679917,0.03232393732409035,-0.041961516307355694,-0.004282729031429254,-0.058210068403533356,0.022721087466057426,-0.1250923355400343,0.10310318395978288,-0.16820972417080504,-0.1687828533583988,-0.17063399667619947,-0.10624466399733691,-0.17027418324585772,-0.10034323215914188,-0.1675160447020456,-0.09822065799518961,-0.1656388505288916,-0.14469784914502962,-0.1707661366827653
0.24200816488836202,0.24702085802822427,0.08627516580775572,0.24740942052113585,0.10776082306100124,0.24594361946839072,0.14692766586988493,0.24293199689285672,0.2244543121855279,0.24747211726868473,0.2442540368865806,-0.08560772733077529,0.10175639773268998,-0.05919473049796176,0.08602991589474787,0.017639693090862645,0.004681430647709055,0.18622316646201725,-0.17317060316610078,0.24999999999999983,0.2249193629013855,0.08290927681465392,-0.055215745081667475,0.09545210471649328,-0.061911571949330835,0.11664852879852121,-0.06348790439098811,0.0930633768219034,-0.0636887531731745,0.2423817966243213,0.23994243019054942,-0.04493200986451461,0.06015359998294502,-0.04123991093431545,0.0583210526650905,-0.014516642246391936,0.07283579270594279,-0.026774751351638704,0.0616229210307353,0.24317388051158217,0.24226693672834676,0.04131975775005567,-0.029599774156513728,0.04296875837412035,0.020157207894786002,0.07432954599605726,-0.02807489331955398,0.18220016803888708,-0.1525634684662906,0.24395573487152458,0.24457007948139248,0.247294616264096,0.14616174073645566,0.24680686280836195,0.1407778587691339,0.24302910092464716,0.14067788354119157,0.24046298518342873,0.21085182656797172,0.24748135212956313
0.2224459841596864,0.22686960080338692,0.08585269054772224,0.22721323963274362,0.10325786849885973,0.2257487477152601,0.13617936983076895,0.22273546391916757,0.20529120844541196,0.22727585103147743,0.2240538995862557,-0.06306508608957118,0.07914468061727224,-0.04117856415905263,0.06894269874808015,0.021986002534562194,0.0016910136455132682,0.17053040799583616,-0.15415903511373696,0.2249193629013855,0.24999999999999978,0.05980473249365869,-0.03266594336253346,0.07243307904831643,-0.0396312063811516,0.09362825587030117,-0.042350428267342664,0.07194371605775775,-0.04505274129252476,0.22227843318314539,0.21967615686218414,-0.02384943845014144,0.03761844805305885,-0.020343326314268485,0.0361536429399636,0.002326726016379384,0.05099770422506005,-0.009899140112760106,0.042964310668921916,0.22346790370912673,0.22280731863962186,0.02067994474325579,-0.010345155953094494,0.022342563760037702,0.03147478831039611,0.05782452340386489,-0.01851895102567741,0.16493030637978148,-0.1402210578805748,0.22419531861782496,0.22456164291434352,0.2271166886061151,0.1266788418502676,0.22670466566333117,0.1242476726112061,0.223464481425033,0.1267234815862303,0.22126337261300388,0.1937547720949187,0.22728386353619962
0.07813392579839318,0.08221668665797141,-0.0601419647748604,0.08253119583433037,-0.02046695910663801,0.08397015293833208,0.03262612163436721,0.08695364834477266,0.07135305753116179,0.08247657161781545,0.08516930318848846,-0.23920396782968373,0.2255465745974918,-0.1993984159777792,0.16407438790327833,-0.07710784575496395,0.03702122348078199,0.04381551255226291,-0.06644995516832532,0.08290927681465392,0.05980473249365869,0.2500000000000001,-0.2218322471371693,0.23248411648716183,-0.21264573530689135,0.2026499773855996,-0.19139464361345507,0.1773994075124011,-0.1646689695413455,0.08504980394547836,0.08747323859019332,-0.20102600116262742,0.21528491308690545,-0.19809157131569402,0.21031787904590002,-0.17041721076105704,0.2022657208903215,-0.16470847554504534,0.1673190926998487,0.07940893622236624,0.0774231610307296,0.19745771248004937,-0.18668720662985913,0.1940478984822396,-0.12960511792698057,0.13520633829525974,-0.08247030714725831,0.0833028581489388,-0.04720103569168139,0.07974448695481955,0.08200237740390356,0.08237592016548634,0.12819690096897093,0.08184214007524412,0.10178759314611514,0.07820275396093217,0.07207853251632164,0.07572097693593889,0.06928668776445293,0.08248447841187993
-0.05099640737462036,-0.054314884253598,0.06247478216846086,-0.05456979930805212,0.02770986313922248,-0.05601133807975885,-0.018262117896423943,-0.05899841480106611,-0.04837387513706138,-0.05451427580146143,-0.05725774168334141,0.2119882105554446,-0.19809002055248875,0.1770908371910743,-0.14232016751690876,0.06971893849120012,-0.03075394020011028,-0.029745334509771078,0.051916768108275085,-0.055215745081667475,-0.03266594336253346,-0.2218322471371693,0.24999999999999978,-0.2093657700419721,0.2225274682532409,-0.18102989314918172,0.1900314985577411,-0.15853874430077933,0.15464854808690617,-0.057544415143432545,-0.06163727069887778,0.2261579613275163,-0.24029645106560302,0.22328452582498232,-0.2239893722479066,0.19357416121923512,-0.20360445648721265,0.1723679607777601,-0.1612124113479109,-0.052156222205480225,-0.04950998441052033,-0.2226107156011379,0.21198517079907436,-0.21875881322027127,0.15471280539878834,-0.14215844826328897,0.08921925970987624,-0.0633748200899925,0.026785790517520256,-0.05188444567724522,-0.05444703658657397,-0.05442616420500839,-0.12463328776222446,-0.05388679894277354,-0.09227365377591881,-0.050287446584023794,-0.05929449694930006,-0.047833139847021894,-0.0436887996115329,-0.05452096199819623
0.09051246709100891,0.09473819088984205,-0.054528420797710614,0.0950637442522407,-0.01629212759472527,0.09647986386885592,0.04198027456308178,0.0994584901772353,0.08391444402061142,0.09501071758019106,0.09744385520476709,-0.2283341381664524,0.23219408596817592,-0.2074761851744295,0.1761749221541849,-0.08966914042147509,0.047558710410624004,0.05652659055097395,-0.07961150618194732,0.09545210471649328,0.07243307904831643,0.23248411648716183,-0.2093657700419721,0.25000000000000006,-0.216241220130354,0.21460373179668496,-0.19795544246000304,0.1891626398140434,-0.17332018301697305,0.0975042249880308,0.09937598763591357,-0.1983699914470392,0.21287592303144257,-0.19539447932247617,0.21230445599020806,-0.1675795647482858,0.20794182857734864,-0.16727106295721528,0.17459451550656582,0.09160086850245241,0.08978144113346562,0.19470345040355777,-0.18360531040508657,0.19140943168015268,-0.12478248199122709,0.13702607122881494,-0.08281963100114369,0.09311948710505094,-0.056043895789028776,0.09215596721710545,0.09437770459146254,0.09490245188266809,0.1335039328463723,0.09435359591854013,0.1083273162434401,0.0905841413402045,0.07893721884419898,0.08801395294540246,0.08055943333690428,0.09501929271431732
-0.0576887365430751,-0.06107876622381327,0.05939332182973713,-0.061339729066981534,0.02572974839639336,-0.06277046257131717,-0.022162316051621528,-0.06575834925749434,-0.05360233217694905,-0.06128514630779339,-0.0638861343343973,0.20582207892216395,-0.20157418503768326,0.1821157943063488,-0.14987194787587332,0.07994296249923095,-0.039663911686354525,-0.03227237767063974,0.05482754262344985,-0.061911571949330835,-0.0396312063811516,-0.21264573530689135,0.2225274682532409,-0.216241220130354,0.2499999999999999,-0.1950329028153694,0.21167468009260507,-0.1835172124356213,0.1766226870677317,-0.06488118729574252,-0.06768388891995095,0.22569308793002507,-0.22683031588711322,0.2277144507691956,-0.24441219923573135,0.19916969084533925,-0.2238834043649385,0.18891027605000746,-0.18083153374269845,-0.05845707295867391,-0.05610525414647855,-0.2234117935100408,0.2159736246876189,-0.22293860533891668,0.15622817169436998,-0.1496585622769373,0.09462480726620433,-0.07145618098325168,0.03326912851074991,-0.05855800902619028,-0.06114814159092214,-0.061191602761242116,-0.12979690470399963,-0.06063194271763938,-0.09883211755908491,-0.05688609823288599,-0.06508539729116397,-0.05433122326929663,-0.050386969012047915,-0.061292015216418264
0.11174182767483422,0.11592833623621851,-0.02971608246783903,0.11626461144711842,-0.004503754602911941,0.11764444972905795,0.05900928546994043,0.12059834731323961,0.10443774009625091,0.11621703780141886,0.1179951918564863,-0.1994717583506618,0.2028561264770226,-0.17795539332996732,0.18694060584679117,-0.10594741158549961,0.07158065689172215,0.062373001267224476,-0.08798676437539757,0.11664852879852121,0.09362825587030117,0.2026499773855996,-0.18102989314918172,0.21460373179668496,-0.1950329028153694,0.25,-0.19669506918770555,0.20511113452338303,-0.18003827542523104,0.1183143309091942,0.1186916734358394,-0.1753032771768344,0.18490977683024665,-0.17419370121889413,0.19127531332782954,-0.1473287144483942,0.2038187355196895,-0.1570652977824415,0.17843662291376397,0.11226728435355773,0.11099693187359812,0.17217812632837748,-0.16240732251922257,0.1706367599427624,-0.1042132470035326,0.13063327585764228,-0.07700097832248567,0.10732146787528189,-0.07097281483631246,0.11329753573330036,0.11526891717656275,0.11609917490054603,0.13530314048123343,0.11555860043853293,0.11492002394538055,0.11178607476423592,0.08839516963204201,0.10921361091377829,0.09987217322267691,0.1162257179960129
-0.05954796095034111,-0.0627287611119525,0.050431167177403424,-0.06297914900286337,0.023181408130786386,-0.06439526071940797,-0.024626567408498272,-0.0673755488458972,-0.05385157282026363,-0.06292659584396118,-0.06526120094693012,0.18634800831019,-0.18464690004822648,0.16755503564031488,-0.15012352387693234,0.08822782316796346,-0.051571852348325314,-0.02329425918274103,0.04719323131467877,-0.06348790439098811,-0.042350428267342664,-0.19139464361345507,0.1900314985577411,-0.19795544246000304,0.21167468009260507,-0.19669506918770555,0.2499999999999998,-0.21748294777903743,0.20429814914547728,-0.06712856810727957,-0.06797494379268401,0.1940686168855414,-0.19442415219258719,0.19712531782365122,-0.21193463770152723,0.17441135708258595,-0.2259711293525889,0.1989160094820467,-0.19816443396966116,-0.05968188907616606,-0.058331639167451564,-0.19229704793768673,0.18712429231249644,-0.19270799023292048,0.1314030301852229,-0.13832127373036887,0.09721935374872603,-0.08395073323041415,0.04847658713742591,-0.06053221895792308,-0.06274122263049906,-0.06284104539563885,-0.1169241857231706,-0.062325845178602145,-0.0926027481494636,-0.058883610475146626,-0.06703605658510349,-0.05655886174371356,-0.05557244338871529,-0.06293298518449174
0.08885173719528511,0.09238789911711502,-0.031731961036066895,0.09268380206493246,-0.007316579700995369,0.09393230931109124,0.04504491241952657,0.09652219081763927,0.08038371518266291,0.09263779197796469,0.09426568235844893,-0.17643989496984896,0.1797078305131053,-0.15855624902273482,0.1580682563348017,-0.09127418786254456,0.06958176703660139,0.03102901313586328,-0.05826490166753673,0.0930633768219034,0.07194371605775775,0.1773994075124011,-0.15853874430077933,0.1891626398140434,-0.1835172124356213,0.20511113452338303,-0.21748294777903743,0.24999999999999994,-0.2197871922801121,0.09641342515396858,0.09523799926646616,-0.1620413022155728,0.16259001598928968,-0.16506777106149906,0.18158304547491258,-0.14271362239690544,0.19835756050772577,-0.1745554491544892,0.20825603066193518,0.088537841532287,0.08809029591476225,0.16030581266822588,-0.1552153427632411,0.16117564504494994,-0.10052127845717437,0.12135530772341944,-0.08208957556720022,0.10198774856912575,-0.06796616997987574,0.09017056739186215,0.09200913200943849,0.09253875977647985,0.11912320754414,0.09203996341917954,0.10001761198148118,0.08861791882422462,0.07727336903419851,0.08630959302207826,0.08286882409058823,0.0926448750971273
-0.05998189303012491,-0.06288494376733247,0.0403151482466144,-0.06312742715895088,0.017512158395394047,-0.06439817993777823,-0.027268277554408332,-0.0670249968741101,-0.054010124854857254,-0.06307908343368093,-0.06497879002581834,0.16264215268144097,-0.16336575411549498,0.14691728918962035,-0.138964268106501,0.0837448228496371,-0.05925646214168729,-0.01623687088876162,0.04147720597681778,-0.0636887531731745,-0.04505274129252476,-0.1646689695413455,0.15464854808690617,-0.17332018301697305,0.1766226870677317,-0.18003827542523104,0.20429814914547728,-0.2197871922801121,0.24999999999999994,-0.06817560003292437,-0.066692114034988,0.15796788994887104,-0.15821010288537984,0.16132883124896588,-0.1758793470728565,0.14408392107679735,-0.19058802586237492,0.20190768607268048,-0.23436258449453146,-0.05912889827838532,-0.05922201236705286,-0.1565447980752743,0.15368274479455765,-0.15715978611909728,0.10208578651626532,-0.11495905500209166,0.09384505948139224,-0.09764860545298316,0.06541850264408433,-0.06110211237009818,-0.06288081670796632,-0.06300299806367174,-0.1019584563241232,-0.06253818246335383,-0.08222939698522139,-0.059443537203582614,-0.06512126926980163,-0.05739494917551347,-0.06086975345394342,-0.06308496343491457
0.2394134008599062,0.24440525268821506,0.08409289432549362,0.24479339394926924,0.10578284972458471,0.24340721243399846,0.14527502588029892,0.2405565703398762,0.22099564963597237,0.24485328481561003,0.24174208902925198,-0.0876438531569752,0.10346578626041898,-0.06148204456538739,0.08766260119215541,0.015112863833322788,0.0059153404021340065,0.18195082583875563,-0.167129000869347,0.2423817966243213,0.22227843318314539,0.08504980394547836,-0.057544415143432545,0.0975042249880308,-0.06488118729574252,0.1183143309091942,-0.06712856810727957,0.09641342515396858,-0.06817560003292437,0.2499999999999999,0.23751883231217297,-0.0476608994030583,0.062468237435137686,-0.04417153749756958,0.06135759462444908,-0.01749983717381358,0.076040942056731,-0.030893747253169773,0.06587293408109551,0.24053672990762065,0.23964700768354136,0.04409448355171662,-0.032551277497502216,0.04578057047938697,0.017551659413723383,0.07570884150694644,-0.029754370617450506,0.18143522265867482,-0.1515596079592912,0.24134993362205237,0.2419940436682152,0.24467688016438965,0.14605713307793336,0.24418666346919385,0.1403201487352893,0.24040120987021457,0.1398576972532609,0.23783110981474065,0.20877975810454547,0.2448623975691342
0.23688722442121463,0.24186255346730087,0.08195883255898331,0.24224870053985595,0.10401537509279751,0.2408944485694027,0.14350292394820507,0.23811094274824107,0.2187842492001351,0.24230730752646307,0.23927676538058493,-0.0897668338469929,0.10506588484694669,-0.06328106359177568,0.08811544963629224,0.014546834817181092,0.00546895566528081,0.18057841592839843,-0.16614708978069914,0.23994243019054942,0.21967615686218414,0.08747323859019332,-0.06163727069887778,0.09937598763591357,-0.06768388891995095,0.1186916734358394,-0.06797494379268401,0.09523799926646616,-0.066692114034988,0.23751883231217297,0.24999999999999994,-0.05179137985807467,0.06669814767987166,-0.048092130960800755,0.06435616939350862,-0.021023105139555444,0.07753800652004884,-0.031852784377442364,0.06503156458854224,0.23806214307365184,0.23707159507503922,0.04817284157536051,-0.03639840990161453,0.04963814761820748,0.01397523406753078,0.07726344157848457,-0.030483803961026297,0.1791898473796694,-0.14909548657172067,0.23879619175769928,0.23948657648149227,0.2421316423761668,0.14644679871208663,0.24163840435051667,0.1399748724022952,0.2378393180731485,0.1387535758836739,0.23525852726019797,0.20631037834111673,0.24231640140856991
-0.041051856202072155,-0.04400539694151355,0.06140553742702484,-0.044232247437984575,0.03007023075058817,-0.045659658289002994,-0.01296269445348443,-0.04863119647130009,-0.03898937377729923,-0.0441772455495776,-0.04684110716680597,0.19298393815790013,-0.18519071632342718,0.16813270997775007,-0.1353858456679588,0.07275900576385985,-0.033845329209537936,-0.02230160752056916,0.044295138926402154,-0.04493200986451461,-0.02384943845014144,-0.20102600116262742,0.2261579613275163,-0.1983699914470392,0.22569308793002507,-0.1753032771768344,0.1940686168855414,-0.1620413022155728,0.15796788994887104,-0.0476608994030583,-0.05179137985807467,0.24999999999999983,-0.23463615847526195,0.24514278291182245,-0.22945739306493937,0.21257139404876832,-0.20871121970875528,0.17881735214875147,-0.16710003950182767,-0.04202226452876934,-0.03894323183566578,-0.24599043327618558,0.23439875198312804,-0.24120828751495896,0.17411403029473121,-0.15160586974571472,0.0960883852332096,-0.05605974067924428,0.01751537891458498,-0.04145738993396902,-0.04429735615557679,-0.04409033828528268,-0.12931439746943946,-0.04352103188106205,-0.09228625902433862,-0.03975925005058419,-0.05593358492276826,-0.03719483159218521,-0.03382658169737296,-0.044183315582543035
