x1,x2,x3,x4,x5,x6,x7,x8,x9,x10,x11,x12,x13,x14,x15,x16,x17,x18,x19,x20,x21,x22,x23,x24,x25,x26,x27,x28,x29,x30,x31,x32,x33,x34,x35,x36,x37,x38,x39,x40,x41,x42,x43,x44,x45,x46,x47,x48,x49,x50,x51,x52,x53,x54,x55,x56,x57,x58,x59,x60
0.25000000000000006,0.24956793497984103,0.24930215918339674,0.24993887043869814,0.24968406745964306,0.24984296662471195,0.24996896171980043,0.24997809508532368,0.24996608324071165,0.24999184323479048,0.24934433525431288,0.2192099383675952,0.14349924056788538,0.23941020571542096,0.1269167076756979,0.24273893142460118,0.13416201316991286,0.23862124751311384,0.1340283847398964,0.24987655478477103,0.24948919097895023,0.1836247102139588,0.22565751611961507,0.18181688387870304,0.21464736174341859,0.17909991121519556,0.20782439854972867,0.1954495877077762,0.1980091353729044,0.24981972596573768,0.2494288499511086,0.20426215860835265,0.19678891493243242,0.20296303205872637,0.2032930229593157,0.1921481041300292,0.2140138281935646,0.19473894463241126,0.2095934272573237,0.24997210794472355,0.2498149105515715,0.21286397383704023,0.1527540219619446,0.2336277266414454,0.1423658359713766,0.23774638958851604,0.1553637549249171,0.23217164974683194,0.14834861416135192,0.24985207082542643,0.24996825589406135,0.24965376979997153,0.24915197420153107,0.24989256066555807,0.24979797137394064,0.24987427475886817,0.24996854813917185,0.2499777814187414,0.2499650711442898,0.24999190997148354
0.24956793497984103,0.25000000000000006,0.2488827080638797,0.24951937858274872,0.24926501151383992,0.24942364848248422,0.24954943372648747,0.24955853881231652,0.24954654333312104,0.24957226345386133,0.24892585092122124,0.21884248180344207,0.14325730667515496,0.23900983391615419,0.12670558980357574,0.2423309513276364,0.13393539890423242,0.23822094997780113,0.1338030611535621,0.2494571683062756,0.24907045363311692,0.18331550137805167,0.22527870460360905,0.18151181850102882,0.21428724750330785,0.17879889353218126,0.2074756978158295,0.19512145149915786,0.19767680135043098,0.24940043503679452,0.24901021507132348,0.2039193255615657,0.19645861547243298,0.20262237848203393,0.20295181442662072,0.19182560487312061,0.2136546277156759,0.19441209846620394,0.2092416528839649,0.2495525612744305,0.24939562771687343,0.21250670942969027,0.1524976435141447,0.23323561224991868,0.1421268932046305,0.2373473623321348,0.15510299666126437,0.23178197892755267,0.14809962978109437,0.2494327256223319,0.24954871568894704,0.24923475742012055,0.24873380402147632,0.24947314750534216,0.24937871696961506,0.24945489228922085,0.24954900744352373,0.2495582252262347,0.2495455362843793,0.24957233006598226
0.24930215918339674,0.2488827080638797,0.25000000000000006,0.24925353016656643,0.24899898311785057,0.24915900017212153,0.24928650947520498,0.2492927615273103,0.24928075389403254,0.24930648482297313,0.24865984570258295,0.2186554020253041,0.1428323560131724,0.2390516801675267,0.12631694594854556,0.24216867659357866,0.1337244890271431,0.23797395738080268,0.13366242650428137,0.24919149262948745,0.2488051081868534,0.18317672573169436,0.22503396835194459,0.1812673795338277,0.21406384264420145,0.1785620226665432,0.2072573506596796,0.19491510827570216,0.19746607260770732,0.249134818971114,0.24874503302178994,0.2037018588937608,0.19625018377564216,0.2024060180367944,0.20273755579426733,0.19162089252336958,0.21342698951022668,0.19420505314554423,0.2090187137935126,0.24928680184704013,0.24913003544423992,0.21228046177644072,0.1523352710512885,0.23298722389566803,0.14197557756120177,0.23709460075918676,0.15493783624007823,0.23153514314960774,0.14794191359909173,0.24916709381668717,0.24928296035996467,0.24896933643551944,0.2484689164267373,0.24920747265222368,0.2491131426484648,0.24918923687362238,0.24928325180181915,0.24929245977013095,0.24927978434124268,0.2493065495890184
0.24993887043869814,0.24951937858274872,0.24925353016656643,0.25000000000000017,0.2496354893907509,0.24979435885554419,0.2499203294337388,0.24992945987655035,0.2499174500169867,0.24994320533558415,0.2492958228273932,0.21916737160225788,0.14347096586172192,0.2393638473754122,0.1268917733025414,0.24269169782211056,0.13413577242412514,0.2385748396808449,0.13400228289371544,0.2498279392909034,0.24944065072880267,0.18358897789232445,0.2256136046980676,0.18178147067254355,0.21460561381261303,0.17906500488881286,0.20778397378258195,0.19541155398267443,0.19797061108788577,0.24977112154439973,0.2493803215848322,0.20422241727464438,0.19675062718637246,0.2029235432127837,0.2032534715842068,0.1921107196918044,0.2139721897077787,0.19470105651111272,0.20955264926042957,0.24992347388318042,0.24976630707402034,0.212822559570594,0.1527243024634545,0.23358227252676397,0.1423381376176983,0.2377001341432125,0.15533352769668485,0.23212647890675753,0.14831975176463785,0.24980346011806473,0.24991962258196807,0.24960519767364686,0.2491034997034103,0.24984394208057348,0.24974937119201204,0.24982565973154836,0.24991991477021586,0.24992914625338153,0.24991643845181508,0.2499432720573014
0.24968406745964306,0.24926501151383992,0.24899898311785057,0.2496354893907509,0.25000000000000006,0.24953973886547123,0.24966560477015323,0.249674666170008,0.24966265847734417,0.24968839803808654,0.24904164601547238,0.21895534129705813,0.14330765320921673,0.2391413038315562,0.12661741663280052,0.2424534443926804,0.13400179248201888,0.2383310659968849,0.13386696485352836,0.24957324853617954,0.2491863487741652,0.18340230527515594,0.22538281446291628,0.18159714648903372,0.21438579709481417,0.17888320826253337,0.20757145449985606,0.19521276487372718,0.19776884159602962,0.24951648694620382,0.24912608803973343,0.204014265621822,0.19655015242924256,0.20271671630542581,0.20304641952866298,0.19191487681917027,0.2137540952065814,0.19450257458080722,0.20933900071070333,0.2496686865991462,0.24951168002171473,0.21260558775411537,0.15256860734042232,0.2333441409529761,0.14219302740498266,0.2374578072702376,0.1551751699986736,0.23188983476199426,0.14816854509869493,0.2495487951843562,0.24966483922535632,0.24935073486090345,0.24884954835983428,0.24958923587729523,0.24949476140206525,0.24957097216648153,0.2496651311159678,0.24967435318775616,0.249661658341275,0.2496884645909671
0.24984296662471195,0.24942364848248422,0.24915900017212153,0.24979435885554419,0.24953973886547123,0.24999999999999994,0.2498244379443268,0.24983355962830095,0.24982155391007568,0.2498472998614963,0.2492001644646406,0.2190843842178345,0.14341527359742515,0.23927310089544762,0.12683153501739505,0.2425990043438474,0.13408375835790845,0.23848331282505553,0.13395094316547895,0.24973207791814744,0.24934493770304197,0.18351871512336188,0.22552698052126016,0.1817121114505659,0.21452320099541336,0.17899591434779052,0.20770422931949742,0.19533660838351588,0.19789464750089245,0.24967528192099928,0.24928463209343152,0.20414405702346927,0.19667514256352334,0.2028456807529924,0.20317549816563074,0.19203700365572537,0.21389008815045138,0.1946263480895592,0.2094722405012795,0.24982757597690297,0.2496704694745988,0.21274089739731775,0.15266570095448695,0.23349264464121786,0.14228352120198612,0.2376089263871445,0.15527392480346106,0.23203740985968643,0.1482628401176484,0.24970760826223862,0.2498237261535598,0.24950942189290976,0.24900791642889966,0.2497480746914607,0.24965354009062152,0.24972979935753095,0.24982401822969838,0.24983324617065408,0.24982054324518493,0.24984736655437476
0.24996896171980043,0.24954943372648747,0.24928650947520498,0.2499203294337388,0.24966560477015323,0.2498244379443268,0.24999999999999997,0.24995955031079742,0.2499475394529498,0.2499732971387916,0.2493258315640262,0.21919360931305482,0.14348833682609,0.239392769799251,0.12690759945718263,0.24272111159049561,0.13414296281146768,0.2386035068003099,0.13401865671533286,0.2498580171980162,0.24947068239949963,0.18361074330417296,0.22564081506381675,0.18180280002202104,0.21463149022065262,0.17908638574837327,0.20780898921262886,0.1954352149488827,0.19799443682083756,0.2498011925963524,0.24941034561513425,0.2042470016532467,0.1967743408868107,0.20294796972276113,0.20327794765192078,0.1921338473231737,0.21399794890248391,0.19472449803889796,0.2095778768455949,0.24995356331070992,0.24979637757962542,0.2128481825184548,0.15274268985741526,0.23361039453478824,0.1423552745771639,0.23772875196854748,0.1553522290536607,0.2321544256800003,0.14833760864805656,0.24983353509650585,0.24994971154573356,0.24963524878234228,0.24913349040958874,0.24987402193281813,0.24977943965826704,0.2498557373826854,0.24995000376915325,0.24995923636374542,0.24994652703222958,0.2499733638683353
0.24997809508532368,0.24955853881231652,0.2492927615273103,0.24992945987655035,0.249674666170008,0.24983355962830095,0.24995955031079742,0.2500000000000001,0.24995667153151785,0.24998243066124373,0.2493349466736302,0.21920171375836245,0.14349368204492635,0.23940127242710396,0.12691192040341004,0.24272979354240506,0.1341569019040653,0.23861226998092724,0.13402333051887252,0.2498671465418535,0.2494797972795081,0.18361781209926462,0.22564901733157697,0.18181001644794356,0.21463928537695287,0.1790931364289829,0.20781657757766642,0.19544222642182063,0.19800167992762516,0.2498103198696006,0.24941945857443742,0.2042544675807159,0.19678150530718352,0.20295538980542818,0.2032853692453797,0.19214086921266976,0.21400577007893037,0.19473161236915623,0.20958553575795494,0.2499626961135191,0.24980550463908724,0.2128559592375698,0.15274827054823462,0.2336189302076806,0.14236047570634158,0.2377374380762742,0.15535790525458054,0.23216290813020418,0.1483430286122557,0.2498426635138046,0.2499588442078934,0.2496443699546837,0.24914259324955124,0.24988315182943094,0.24978856609922362,0.24986486661123145,0.2499591364419987,0.249968369373923,0.24995565957803267,0.24998249739470366
0.24996608324071165,0.24954654333312104,0.24928075389403254,0.2499174500169867,0.24966265847734417,0.24982155391007568,0.2499475394529498,0.24995667153151785,0.24999999999999992,0.24997041860553976,0.2493229670382869,0.21919105631036478,0.1434872673871576,0.2393894544166717,0.12690717987565467,0.24271806082423786,0.1341506270486231,0.23860079541554455,0.13401689199675687,0.24985514004759665,0.24946780953595357,0.18360895403366673,0.2256381841338175,0.18180133438854054,0.21462896710648588,0.17908455025227882,0.20780659164207607,0.1954328355237286,0.19799216539503695,0.24979831610498202,0.24940747357320578,0.20424465287068086,0.1967720499252905,0.2029456377246017,0.20327559942380619,0.1921316368156863,0.21399548670935095,0.19472225519799416,0.20957546490125162,0.24995068500885692,0.24979350108770215,0.21284573114201327,0.15274093073666625,0.23360770445556706,0.14235363503658488,0.23772601441546928,0.15535044005128246,0.23215175233528973,0.1483359004937115,0.24983065817689518,0.24994683328831702,0.24963237414609674,0.24913062155216714,0.2498711445469935,0.24977656336179807,0.24985286020742983,0.24994712550838102,0.2499563579966472,0.24994364881148282,0.24997048533855395
0.24999184323479048,0.24957226345386133,0.24930648482297313,0.24994320533558415,0.24968839803808654,0.2498472998614963,0.2499732971387916,0.24998243066124373,0.24997041860553976,0.24999999999999994,0.24934865979399248,0.21921374345254738,0.14350171511911483,0.2394143657641303,0.1269188931019754,0.24274314265122426,0.13416433555670645,0.23862538655985452,0.13403070896840694,0.24988088859810065,0.24949351807049486,0.18362789717482791,0.2256614296645538,0.181820035364862,0.21465108485814804,0.17910301508137502,0.20782800323668876,0.19545297744473017,0.1980125696026521,0.24982405879383937,0.24943317600030385,0.20426570127961433,0.19679232800172905,0.20296655218648468,0.20329654890538706,0.19215143669278956,0.21401754000302337,0.19474232214737092,0.2095970624066793,0.24997644341608405,0.24981924329652938,0.212867665715112,0.1527566713011699,0.23363177863890008,0.14236830514077828,0.23775051301926942,0.15536644952681564,0.23217567649022003,0.14835118709322476,0.24985640421488461,0.24997259129861235,0.24965809975013226,0.2491562954486346,0.24989689475726473,0.2498023038251062,0.2498786085334272,0.24997288354879152,0.24998211698850162,0.24996940649360533,0.24999624578628685
0.24934433525431288,0.24892585092122124,0.24865984570258295,0.2492958228273932,0.24904164601547238,0.2492001644646406,0.2493258315640262,0.2493349466736302,0.2493229670382869,0.24934865979399248,0.24999999999999992,0.2185727944199356,0.14313950744196355,0.23879260625349538,0.12658728246898696,0.2421132550859333,0.13382010767401134,0.23800723867967347,0.13368409057073086,0.24923366940724712,0.2488473193982968,0.18315091252376364,0.22507820334596007,0.18134881820179732,0.2140950377101839,0.17864074756946627,0.20728957013864718,0.19494664122040448,0.19749968258318082,0.24917698787852538,0.24878711503493434,0.20373661538678084,0.19628272098180488,0.20244083471352237,0.20276996630056202,0.19165375314253685,0.213463216640657,0.19423791964622517,0.209054182305158,0.24932897532329998,0.24917218237054803,0.21231631307369897,0.15236101455221893,0.2330266453760135,0.14199955469727019,0.23713471135922842,0.1549640319408196,0.23157431441891904,0.14796694015568823,0.2492092470371989,0.2493251331828914,0.24901145620412476,0.2485109516315029,0.24924963270439895,0.2491552867739887,0.24923139384404652,0.24932542467619115,0.24933463420013469,0.24932195662689818,0.24934872640268868
0.2192099383675952,0.21884248180344207,0.2186554020253041,0.21916737160225788,0.21895534129705813,0.2190843842178345,0.21919360931305482,0.21920171375836245,0.21919105631036478,0.21921374345254738,0.2185727944199356,0.24999999999999975,0.11277019537500545,0.20985939681535443,0.1116736298037907,0.21279914618951964,0.11713565035226609,0.2090320279572493,0.1172954506885212,0.21911258959511418,0.21877169620651907,0.15303898940161517,0.19772242246708283,0.16156867139302175,0.1880635040319251,0.15725341402592957,0.1822228237203218,0.17170333613377678,0.17362297571418733,0.21906186717663023,0.2187200455080549,0.17912157142473378,0.17268425671695942,0.17798980655102825,0.1782101981691932,0.16850103391289595,0.18765724759337837,0.1707643509423724,0.18378622010897416,0.21919643473318004,0.219058591526794,0.18665409626777463,0.13394740091152907,0.20486387365328096,0.1248371618515444,0.20847597735641366,0.13623546547345322,0.20358765189394362,0.13008440422813317,0.21909117620151408,0.21919305695383748,0.2189172893012465,0.21847727507052436,0.21912668105142932,0.21904373809224192,0.2191106465365007,0.21919331327404667,0.21920140972993196,0.21919026430881394,0.21921379882571954
0.14349924056788538,0.14325730667515496,0.1428323560131724,0.14347096586172192,0.14330765320921673,0.14341527359742515,0.14348833682609,0.14349368204492635,0.1434872673871576,0.14350171511911483,0.14313950744196355,0.11277019537500545,0.24999999999999994,0.13300003165554813,0.0679619308793511,0.13930709913579714,0.07648291831625983,0.13714914612090842,0.07700255931769844,0.14343586813940004,0.1432182455427538,0.10624079078826781,0.1301061171325111,0.10152411993496756,0.12365842233517292,0.10237262663089051,0.11935218598699925,0.11220609291748285,0.11365264627865661,0.1434039910851217,0.14317854478289915,0.11723059116512699,0.11305142866436996,0.11647460865931915,0.1167305342898262,0.11028757085358237,0.12284502963408311,0.11178601991857169,0.12031080316512295,0.14349040106798197,0.14340016609724843,0.12219196640377328,0.08768596405415664,0.1341086820457953,0.08172342560124529,0.13647260094136662,0.08918327739502153,0.13327243579456774,0.08515595147406173,0.1434214964688585,0.14348818965442256,0.143307666458317,0.14301961708414895,0.14344473865212296,0.1433904406611706,0.14343424196804075,0.1434883573478134,0.14349365754990343,0.14348636152730224,0.14350176770152315
0.23941020571542096,0.23900983391615419,0.2390516801675267,0.2393638473754122,0.2391413038315562,0.23927310089544762,0.239392769799251,0.23940127242710396,0.2393894544166717,0.2394143657641303,0.23879260625349538,0.20985939681535443,0.13300003165554813,0.24999999999999953,0.11647133822359806,0.23226669216348514,0.12970802288492164,0.2283194083874677,0.12855480804191846,0.2393039908411,0.2389324953819624,0.1758980923429729,0.21616629834501722,0.17130123191160812,0.20565543795194416,0.17206881100451646,0.19896001344925418,0.1872393002950903,0.189646564212426,0.23924934383161506,0.23887518230055227,0.19561757200598032,0.18851593757192187,0.1943694511213046,0.19471874595743766,0.1840160865309222,0.2049610223428453,0.1865009692273911,0.200722634897373,0.23939545755805364,0.23924491236496304,0.2038573322827327,0.14629135944596733,0.22374235428302716,0.1363425032173053,0.22768698960371256,0.14879012967917607,0.22234813921900284,0.14207174372437997,0.23928049953758385,0.23939176867387207,0.2390905888531097,0.2386100237603181,0.2393192762105,0.23922868891040017,0.23930176398045633,0.23939204856096571,0.23940089116101443,0.23938871867438546,0.239414421916021
0.1269167076756979,0.12670558980357574,0.12631694594854556,0.1268917733025414,0.12661741663280052,0.12683153501739505,0.12690759945718263,0.12691192040341004,0.12690717987565467,0.1269188931019754,0.12658728246898696,0.1116736298037907,0.0679619308793511,0.11647133822359806,0.24999999999999983,0.11976131045911209,0.06128301077273611,0.12187749371562151,0.06693707981139714,0.12686002112660566,0.12666510171428635,0.09295926191372918,0.11503118975225173,0.0882446998199633,0.11019037329539579,0.08693748650854102,0.1062854464464131,0.09905504393344301,0.10047783935741748,0.1268325876128852,0.12663306600326854,0.10364242153365556,0.09995241617983239,0.10296263144628523,0.10320268894310587,0.09751861372430784,0.10861020558669618,0.09886017900269072,0.10641523907740212,0.12690889004150518,0.12682907953124573,0.108079678231579,0.07755311435834736,0.1186133595022642,0.07228256925225357,0.12070264941149333,0.07887896886879522,0.11787188174055863,0.07531590339405066,0.12684794775581562,0.1269069337873133,0.126747271500254,0.1264925002684248,0.12686850391094917,0.12682047789421025,0.12685922002850916,0.1269070818335555,0.1269117698219664,0.12690531693551685,0.126918942777988
0.24273893142460118,0.2423309513276364,0.24216867659357866,0.24269169782211056,0.2424534443926804,0.2425990043438474,0.24272111159049561,0.24272979354240506,0.24271806082423786,0.24274314265122426,0.2421132550859333,0.21279914618951964,0.13930709913579714,0.23226669216348514,0.11976131045911209,0.24999999999999983,0.1269875819524769,0.23152315547005922,0.13053476593899246,0.2426305817177009,0.24225408424093278,0.17858984683771872,0.21903746702128238,0.17703393910791862,0.20852518459823532,0.17198436853236818,0.20198689222643298,0.18998603088830165,0.19224869855855822,0.2425753930600474,0.2421964673639584,0.19832524430376502,0.1910987698845392,0.1970570156067316,0.19742335877938758,0.18656448331146352,0.20780197974334985,0.18909094798093984,0.2035138270566328,0.24272397846492663,0.2425713391105634,0.20669454219329297,0.148325378660834,0.22685371914417013,0.1382391090555566,0.23085283010246369,0.1508593987317924,0.22543967543790228,0.14404723268699018,0.2426074218778198,0.2427202380370173,0.24241487062656697,0.24192762153482805,0.24264673764884195,0.24255489002717534,0.24262898186465076,0.24272052172946987,0.24272948736194577,0.24271714563285454,0.24274320624665874
0.13416201316991286,0.13393539890423242,0.1337244890271431,0.13413577242412514,0.13400179248201888,0.13408375835790845,0.13414296281146768,0.1341569019040653,0.1341506270486231,0.13416433555670645,0.13382010767401134,0.11713565035226609,0.07648291831625983,0.12970802288492164,0.06128301077273611,0.1269875819524769,0.24999999999999972,0.1229175700459692,0.06727771377638152,0.13410465399398688,0.13389465833602093,0.09895244921849693,0.12120155263239721,0.09766968571177531,0.11586119506770036,0.09078363522204112,0.11274699151844135,0.10279504108492442,0.10673015240019051,0.13407243308850822,0.1338622723158389,0.10957221351893276,0.10565356507074626,0.10885428683021674,0.10914579727686541,0.10307862985865177,0.11483194643726746,0.10449071242147749,0.11248512392375708,0.1341537408303522,0.13406938446557676,0.11424843560850412,0.08198090025444218,0.12538411169699554,0.07640877136163876,0.12759266269894717,0.0833823736302351,0.12460103227573126,0.07961578385013132,0.13408932802226622,0.13415168131868985,0.13398290437470511,0.13371359072580796,0.134111057592469,0.13406029032832564,0.1341012436696186,0.13415183780453335,0.13415679342848522,0.13414997218215075,0.1341643758676881
0.23862124751311384,0.23822094997780113,0.23797395738080268,0.2385748396808449,0.2383310659968849,0.23848331282505553,0.2386035068003099,0.23861226998092724,0.23860079541554455,0.23862538655985452,0.23800723867967347,0.2090320279572493,0.13714914612090842,0.2283194083874677,0.12187749371562151,0.23152315547005922,0.1229175700459692,0.24999999999999983,0.12272694909845908,0.2385146643986933,0.23814414337443765,0.1755174909918958,0.21520363818859745,0.17382952895113912,0.2045882189230353,0.17175500637084443,0.19829076194822384,0.18417339283175274,0.18908739584605447,0.23846092919949588,0.238088041284252,0.19499280239726632,0.18783329197590265,0.1937524902725913,0.19413339876449867,0.183411521079626,0.2043073378555942,0.18588228730409992,0.2000902258895691,0.23860655039995698,0.23845650068684437,0.20318282118511272,0.14580998858159533,0.22300384118292907,0.1358927463251421,0.22693604136589235,0.14829958532956347,0.22161511628838437,0.14160364340633494,0.2384919686525749,0.23860287122946258,0.23830268385534176,0.23782370665000807,0.23853061765933023,0.2384403298529705,0.23851316314649318,0.23860315027812262,0.23861196365411863,0.238599831255189,0.23862544981954484
0.1340283847398964,0.1338030611535621,0.13366242650428137,0.13400228289371544,0.13386696485352836,0.13395094316547895,0.13401865671533286,0.13402333051887252,0.13401689199675687,0.13403070896840694,0.13368409057073086,0.1172954506885212,0.07700255931769844,0.12855480804191846,0.06693707981139714,0.13053476593899246,0.06727771377638152,0.12272694909845908,0.25000000000000006,0.13392275318569813,0.13376076312041035,0.09844216093478815,0.12095522655021805,0.09786587212833577,0.11500877611232715,0.09561849939877383,0.11195504480341271,0.10212878962163945,0.10672585624145377,0.13392696485323263,0.13372895187311595,0.10950396854881639,0.10555432377164246,0.10879814992960181,0.10902834462178808,0.10300243578411361,0.11475661142498947,0.10439257956465545,0.11237285569131181,0.13402011978698866,0.1339358498592601,0.1141271620110934,0.08189879164933822,0.12525764770910253,0.07632961389081691,0.12746504885183169,0.08329782254757151,0.12447674148961535,0.07953612226859154,0.1339557718165092,0.1340180631794739,0.13384945443997776,0.13358041762573006,0.1339774799148759,0.13392676589753838,0.1339676759612298,0.13401821976005818,0.1340231701974473,0.13401635572910697,0.1340307450843708
0.24987655478477103,0.2494571683062756,0.24919149262948745,0.2498279392909034,0.24957324853617954,0.24973207791814744,0.2498580171980162,0.2498671465418535,0.24985514004759665,0.24988088859810065,0.24923366940724712,0.21911258959511418,0.14343586813940004,0.2393039908411,0.12686002112660566,0.2426305817177009,0.13410465399398688,0.2385146643986933,0.13392275318569813,0.2500000000000001,0.24937846027519617,0.1835471654667523,0.22555722831282563,0.1817385381293625,0.21455192035306608,0.1790224363691001,0.20773174487229984,0.19536788209724337,0.1979210445563782,0.24970893544712697,0.2493181450693717,0.20417150395020423,0.1967014244732378,0.2028729400685195,0.20320275222509382,0.1920628125764937,0.2139188248930873,0.1946525250642248,0.2095003713936916,0.24986116206937947,0.24970403444037442,0.21276950190053878,0.15268622245075444,0.23352403641693784,0.1423026495755563,0.23764087084038443,0.15529479968274063,0.23206860446162278,0.1482827718500775,0.249741178225166,0.24985731172698616,0.24954296521232264,0.24904139232727518,0.24978165009452535,0.249687102783712,0.24976337230368206,0.24985760384225483,0.24986683302392382,0.2498541283907203,0.2498809553059477
0.24948919097895023,0.24907045363311692,0.2488051081868534,0.24944065072880267,0.2491863487741652,0.24934493770304197,0.24947068239949963,0.2494797972795081,0.24946780953595357,0.24949351807049486,0.2488473193982968,0.21877169620651907,0.1432182455427538,0.2389324953819624,0.12666510171428635,0.24225408424093278,0.13389465833602093,0.23814414337443765,0.13376076312041035,0.24937846027519617,0.24999999999999997,0.1831411763667878,0.2252088555356846,0.18144676028126652,0.2142182542972616,0.1787479592691352,0.20740953570322102,0.1950639338759747,0.19761647104549043,0.24939024006997557,0.2489316440348976,0.20385455555778714,0.19639946799686342,0.20255755328985486,0.20288917153136132,0.19176450149373792,0.21358661264724685,0.19435080581702605,0.20917523664142915,0.24947382207049332,0.24931693809153002,0.21243966231519504,0.1524495501552381,0.23316206861761576,0.1420821247450144,0.23727250315397844,0.1550540958587333,0.2317088509928653,0.14805290383390043,0.24935402428787243,0.24946997775215085,0.24915611854167563,0.2486553230128554,0.24939443341193157,0.24930003260002348,0.2493761839509035,0.24947026940802938,0.24947948428897795,0.24946679935144347,0.2494935846783481
0.1836247102139588,0.18331550137805167,0.18317672573169436,0.18358897789232445,0.18340230527515594,0.18351871512336188,0.18361074330417296,0.18361781209926462,0.18360895403366673,0.18362789717482791,0.18315091252376364,0.15303898940161517,0.10624079078826781,0.1758980923429729,0.09295926191372918,0.17858984683771872,0.09895244921849693,0.1755174909918958,0.09844216093478815,0.1835471654667523,0.1831411763667878,0.24999999999999997,0.15937976689021566,0.13139825966829752,0.15787939018876906,0.1312907008666337,0.152641751118714,0.1430270542358036,0.145462795181869,0.1834862874285071,0.18321436931335677,0.15026572908333072,0.1437061705331591,0.1493052033586176,0.14926394550130787,0.14111147127066512,0.15719303929326786,0.14302697272304188,0.1539691141075546,0.183613397665057,0.183497925179787,0.15634871468098818,0.1121924367839949,0.17160597112287976,0.10456555510047941,0.17463407083888186,0.11412047790388744,0.17053829553151717,0.10896754541404034,0.1835252272524173,0.18361056922792912,0.18337956863225355,0.18301102279649256,0.18355496839194763,0.18348549245816742,0.18354153696600958,0.18361078359197194,0.18361756606424828,0.18360822990523218,0.1836279439884386
0.22565751611961507,0.22527870460360905,0.22503396835194459,0.2256136046980676,0.22538281446291628,0.22552698052126016,0.22564081506381675,0.22564901733157697,0.2256381841338175,0.2256614296645538,0.22507820334596007,0.19772242246708283,0.1301061171325111,0.21616629834501722,0.11503118975225173,0.21903746702128238,0.12120155263239721,0.21520363818859745,0.12095522655021805,0.22555722831282563,0.2252088555356846,0.15937976689021566,0.24999999999999992,0.15752170743024693,0.19281446974623087,0.16177283629742015,0.186785148161125,0.17680537893442175,0.1783239822507488,0.22549939859191834,0.22515327890342646,0.1845503353586813,0.17265204207778448,0.183304627795172,0.1841823321390577,0.17328737948931636,0.19343162153191404,0.17574044082848292,0.18930361996413217,0.22564362224921358,0.22550168126478673,0.1921956848111931,0.13786988083460336,0.21091707858988118,0.12852088609359077,0.21460602860288866,0.14025107026289843,0.20957113631252614,0.13391191915161466,0.2255352599860819,0.2256401381761144,0.22535626067298412,0.22490329847177193,0.22557180997493756,0.2254864140763127,0.22555530230390136,0.22564040065320023,0.2256487366308827,0.2256372630929149,0.22566149012461698
0.18181688387870304,0.18151181850102882,0.1812673795338277,0.18178147067254355,0.18159714648903372,0.1817121114505659,0.18180280002202104,0.18181001644794356,0.18180133438854054,0.181820035364862,0.18134881820179732,0.16156867139302175,0.10152411993496756,0.17130123191160812,0.0882446998199633,0.17703393910791862,0.09766968571177531,0.17382952895113912,0.09786587212833577,0.1817385381293625,0.18144676028126652,0.13139825966829752,0.15752170743024693,0.24999999999999986,0.14660205702786402,0.13081367404769878,0.15098699275545194,0.14156475774844365,0.1438984226003695,0.1816918104954034,0.18141105164418508,0.14903223675466928,0.14186297490183492,0.14835203382821907,0.14745293747583546,0.1399764697882237,0.15573787753030385,0.1415964606874625,0.15245556652324263,0.18180567806395723,0.18169135474455908,0.1547459327537595,0.11107844418040518,0.16990705159021696,0.10350447642858666,0.17291073774506663,0.11298560524158736,0.1688607211468307,0.10789411889321064,0.18171837968538673,0.1818028821141578,0.18157415719525494,0.181209326232729,0.1817478286768499,0.1816790632305302,0.18173453152443933,0.18180309625255237,0.18180981006474228,0.18180056580071005,0.18182008581595024
0.21464736174341859,0.21428724750330785,0.21406384264420145,0.21460561381261303,0.21438579709481417,0.21452320099541336,0.21463149022065262,0.21463928537695287,0.21462896710648588,0.21465108485814804,0.2140950377101839,0.1880635040319251,0.12365842233517292,0.20565543795194416,0.11019037329539579,0.20852518459823532,0.11586119506770036,0.2045882189230353,0.11500877611232715,0.21455192035306608,0.2142182542972616,0.15787939018876906,0.19281446974623087,0.14660205702786402,0.24999999999999997,0.14384242970246863,0.17883193105774592,0.1686628812686721,0.16868491329484817,0.21450109954267138,0.21416493447333612,0.1750350677033665,0.1703125506584345,0.1742503370769604,0.16810216631921385,0.1655804233091196,0.18352476614453264,0.1671933470407857,0.1804702609800815,0.21463420188855323,0.21449906270814853,0.18270073771035816,0.13111112364887778,0.20066958466829585,0.12222413997537042,0.2041620406395391,0.1333949764773629,0.19934932326839783,0.12737859529126136,0.21453107409262478,0.21463083169353958,0.2143608100213761,0.21392991025849484,0.21456583732781512,0.21448462008977226,0.21455014077829915,0.2146310811665895,0.21463901061854887,0.214628097441524,0.21465114185100745
0.17909991121519556,0.17879889353218126,0.1785620226665432,0.17906500488881286,0.17888320826253337,0.17899591434779052,0.17908638574837327,0.1790931364289829,0.17908455025227882,0.17910301508137502,0.17864074756946627,0.15725341402592957,0.10237262663089051,0.17206881100451646,0.08693748650854102,0.17198436853236818,0.09078363522204112,0.17175500637084443,0.09561849939877383,0.1790224363691001,0.1787479592691352,0.1312907008666337,0.16177283629742015,0.13081367404769878,0.14384242970246863,0.24999999999999983,0.1371346018195102,0.14018033613367942,0.14192690220083323,0.17897412710279265,0.1786992908841313,0.14686189645863612,0.14027858425555464,0.14612828343201092,0.14419876544866564,0.1382329853820809,0.15414035398962744,0.13967813536178694,0.15019890934139743,0.1790888980986909,0.17897624712376722,0.15240455781069628,0.1094163518506397,0.16736652269637092,0.10194354615104487,0.17032477525994413,0.11128023179860602,0.16633172245806882,0.106274970921707,0.1790028761121714,0.17908611868542795,0.17886081258789532,0.17850143458223458,0.17903188793237176,0.17896416449073224,0.17901879111772517,0.17908633231827448,0.17909294310839463,0.1790838366001449,0.179103065304433
0.20782439854972867,0.2074756978158295,0.2072573506596796,0.20778397378258195,0.20757145449985606,0.20770422931949742,0.20780898921262886,0.20781657757766642,0.20780659164207607,0.20782800323668876,0.20728957013864718,0.1822228237203218,0.11935218598699925,0.19896001344925418,0.1062854464464131,0.20198689222643298,0.11274699151844135,0.19829076194822384,0.11195504480341271,0.20773174487229984,0.20740953570322102,0.152641751118714,0.186785148161125,0.15098699275545194,0.17883193105774592,0.1371346018195102,0.24999999999999983,0.15335939459930195,0.16509367385189844,0.20768044543950528,0.20736109382797144,0.16802837247997607,0.16560846084658493,0.16648319940551165,0.17068507626729748,0.15879201054569497,0.17206306787715725,0.16171290411904773,0.1741034106623486,0.20781146990650548,0.2076808567569357,0.17723269570728825,0.12698527270733084,0.19433142658861943,0.11847157912073625,0.19770582669788844,0.12925645417795886,0.1930692959070439,0.12335486529166813,0.20771182712560163,0.2078083939370328,0.2075469486140304,0.20712950534768854,0.20774546556115928,0.20766671563674496,0.20773025574435197,0.2078086214718313,0.20781631288092292,0.2078057505378129,0.20782805849960964
0.1954495877077762,0.19512145149915786,0.19491510827570216,0.19541155398267443,0.19521276487372718,0.19533660838351588,0.1954352149488827,0.19544222642182063,0.1954328355237286,0.19545297744473017,0.19494664122040448,0.17170333613377678,0.11220609291748285,0.1872393002950903,0.09905504393344301,0.18998603088830165,0.10279504108492442,0.18417339283175274,0.10212878962163945,0.19536788209724337,0.1950639338759747,0.1430270542358036,0.17680537893442175,0.14156475774844365,0.1686628812686721,0.14018033613367942,0.15335939459930195,0.25000000000000006,0.14352273766076953,0.19531867386603172,0.1950106661092013,0.15994331543698992,0.1532296857203472,0.1589683442764256,0.15677348459479265,0.1506920289562192,0.16706450565442604,0.1526483814330568,0.16484028676971785,0.19543793355742695,0.1953145879892318,0.16641292121084697,0.11939591604377997,0.1826556751803149,0.11128041292312901,0.18588951007214596,0.12144627072979182,0.18151391030781894,0.11597528716413197,0.195343693979592,0.1954345360851065,0.19518866049051536,0.19479643800432628,0.19537535471981626,0.19530142279351578,0.1953610614879392,0.19543476696010348,0.1954419834962747,0.19543204528567476,0.19545302972757922
0.1980091353729044,0.19767680135043098,0.19746607260770732,0.19797061108788577,0.19776884159602962,0.19789464750089245,0.19799443682083756,0.19800167992762516,0.19799216539503695,0.1980125696026521,0.19749968258318082,0.17362297571418733,0.11365264627865661,0.189646564212426,0.10047783935741748,0.19224869855855822,0.10673015240019051,0.18908739584605447,0.10672585624145377,0.1979210445563782,0.19761647104549043,0.145462795181869,0.1783239822507488,0.1438984226003695,0.16868491329484817,0.14192690220083323,0.16509367385189844,0.14352273766076953,0.24999999999999972,0.19784352086565732,0.1975602511196554,0.16055203591840783,0.15708771141059055,0.1589925186672482,0.16246141284023283,0.15101256681581937,0.16952808070704964,0.15439496496520216,0.15787796216848987,0.19799564474421885,0.19787234985596455,0.16875750225319303,0.12089351014473274,0.1851385821800221,0.11275292921312668,0.18836411537826506,0.12310890608100152,0.18396525422905605,0.11748515777590667,0.19790187866771025,0.19799388663821593,0.1977448016756621,0.19734699250374926,0.19793393026084422,0.19785892747354297,0.19791943896148123,0.19799410814765925,0.19800143157870911,0.19799136954121407,0.19801262246833956
0.24981972596573768,0.24940043503679452,0.249134818971114,0.24977112154439973,0.24951648694620382,0.24967528192099928,0.2498011925963524,0.2498103198696006,0.24979831610498202,0.24982405879383937,0.24917698787852538,0.21906186717663023,0.1434039910851217,0.23924934383161506,0.1268325876128852,0.2425753930600474,0.13407243308850822,0.23846092919949588,0.13392696485323263,0.24970893544712697,0.24939024006997557,0.1834862874285071,0.22549939859191834,0.1816918104954034,0.21450109954267138,0.17897412710279265,0.20768044543950528,0.19531867386603172,0.19784352086565732,0.24999999999999972,0.24926143114165175,0.20412629315245914,0.19665831273129958,0.2028294167624291,0.20313877799213656,0.19202204251310584,0.21386882398919618,0.1946093948792173,0.2094576263215353,0.2498043383317186,0.2496472445508094,0.21272073632412,0.15265127448073065,0.23347098492567936,0.14227008755864018,0.23758690242882718,0.15525938394055322,0.23201581658761034,0.14824902409145066,0.2496843801866718,0.24980048728435536,0.24948621228003992,0.2489847539805578,0.24972484285943017,0.24963031717730497,0.24970656924823612,0.2498007793403619,0.24981000641588735,0.24979730467027292,0.24982412548611507
0.2494288499511086,0.24901021507132348,0.24874503302178994,0.2493803215848322,0.24912608803973343,0.24928463209343152,0.24941034561513425,0.24941945857443742,0.24940747357320578,0.24943317600030385,0.24878711503493434,0.2187200455080549,0.14317854478289915,0.23887518230055227,0.12663306600326854,0.2421964673639584,0.1338622723158389,0.238088041284252,0.13372895187311595,0.2493181450693717,0.2489316440348976,0.18321436931335677,0.22515327890342646,0.18141105164418508,0.21416493447333612,0.1786992908841313,0.20736109382797144,0.1950106661092013,0.1975602511196554,0.24926143114165175,0.24999999999999983,0.203707704288623,0.19634768740310202,0.20251505267059144,0.20282772505061136,0.1917220708819857,0.21353022986380157,0.19430524669574178,0.20913585685973557,0.24941348743930727,0.24925664129440583,0.21238892344366692,0.1524146684352461,0.23310544891741214,0.1420477968913303,0.23721498279822967,0.15501646889190335,0.23165275581686826,0.14801705399403775,0.24929371594051172,0.24940964137117386,0.2490958579832086,0.24859518051475743,0.24933411530191163,0.24923973757007153,0.24931587025336482,0.2494099330086234,0.249419145608779,0.24940646374076292,0.24943324258785385
0.20426215860835265,0.2039193255615657,0.2037018588937608,0.20422241727464438,0.204014265621822,0.20414405702346927,0.2042470016532467,0.2042544675807159,0.20424465287068086,0.20426570127961433,0.20373661538678084,0.17912157142473378,0.11723059116512699,0.19561757200598032,0.10364242153365556,0.19832524430376502,0.10957221351893276,0.19499280239726632,0.10950396854881639,0.20417150395020423,0.20385455555778714,0.15026572908333072,0.1845503353586813,0.14903223675466928,0.1750350677033665,0.14686189645863612,0.16802837247997607,0.15994331543698992,0.16055203591840783,0.20412629315245914,0.203707704288623,0.2499999999999995,0.1512662941672658,0.1665993025623665,0.16642506879231175,0.15613008973422146,0.17632838145548063,0.15847430740094642,0.172461116140479,0.2042496707797907,0.20412338567926014,0.16734380230377405,0.12512926477950992,0.19052754605958083,0.11572929205801462,0.19421377949624752,0.12678645572805333,0.1897491597211083,0.12123815886955944,0.20415150112646355,0.20424642832959924,0.20398948391019256,0.2035814108489175,0.20418457853199937,0.20410764901302103,0.20416967890834128,0.20424667519737744,0.2042542115331247,0.20424382610777983,0.204265755824408
0.19678891493243242,0.19645861547243298,0.19625018377564216,0.19675062718637246,0.19655015242924256,0.19667514256352334,0.1967743408868107,0.19678150530718352,0.1967720499252905,0.19679232800172905,0.19628272098180488,0.17268425671695942,0.11305142866436996,0.18851593757192187,0.09995241617983239,0.1910987698845392,0.10565356507074626,0.18783329197590265,0.10555432377164246,0.1967014244732378,0.19639946799686342,0.1437061705331591,0.17265204207778448,0.14186297490183492,0.1703125506584345,0.14027858425555464,0.16560846084658493,0.1532296857203472,0.15708771141059055,0.19665831273129958,0.19634768740310202,0.1512662941672658,0.24999999999999958,0.14983624694850675,0.15879885766234722,0.1520705780882234,0.16732512856448847,0.1539037114609833,0.16372598294747515,0.1967767197681177,0.19665377039619128,0.16771287028413792,0.12105088105990125,0.18411134964446937,0.11250682316803334,0.18709232002835596,0.12228734871664511,0.18276743248687247,0.11677168258326652,0.19668230322879243,0.19677376015615405,0.19652615987960834,0.1961284730595215,0.19671417326052656,0.19663948120102448,0.19669976685327686,0.1967740041506993,0.19678125861244103,0.19677125526565115,0.19679238053883275
