x1,x2,x3,x4,x5,x6,x7,x8,x9,x10,x11,x12,x13,x14,x15,x16,x17,x18,x19,x20,x21,x22,x23,x24,x25,x26,x27,x28,x29,x30,x31,x32,x33,x34,x35,x36,x37,x38,x39,x40,x41,x42,x43,x44,x45,x46,x47,x48,x49,x50,x51,x52,x53,x54
0.25000000000000006,0.22625090756309335,0.1980118352675845,0.22623669230234406,-0.19414917613914082,0.22625537819374242,-0.20703309607145273,0.22625761169409148,0.24135387540056305,-0.21041084281317604,0.22622331146986216,0.19679517315269499,-0.2181865536206685,0.22625615059412757,-0.2156659414376985,0.22626221276715994,0.22626284182893647,-0.2261060353755255,0.2262635535196558,-0.21355406901517593,-0.1963753449352272,-0.2108575782421296,0.22626346453932494,0.2262634304901004,0.2262631321660088,0.1998516892378017,0.19656194111125672,-0.22579399133754147,-0.22546053991712203,0.21474013059893227,-0.179408909833629,0.2008945847376942,-0.222429967226957,-0.22310871004128435,-0.22168563867632654,-0.24454593050387538,-0.2216841067890615,-0.19834144745400206,-0.19593642406621398,-0.22206487888621249,0.19962461681828625,-0.2196932113516259,-0.2253097140851004,-0.1818808211386552,-0.21957907946219946,-0.22288250347698754,0.207809910931501,-0.22125849632361444,0.21204916585013145,-0.2225502596353082,-0.18523999877315475,-0.2255527417608796,0.22137585849480762,-0.22170343686870178
0.22625090756309335,0.25,0.22054511421348694,0.24995517371101042,-0.21732436303781089,0.24997468025534963,-0.23003423767932127,0.2499766887611331,0.2250075794243768,-0.23334519166381665,0.24994226717131643,0.21960197778213647,-0.24124896122325404,0.24997554697115673,-0.2390356725114545,0.249981716132668,0.24998246488823503,-0.24975068028606365,0.24998324004094707,-0.2371868286702738,-0.21966397975118493,-0.23430863606178925,0.24998311248271243,0.24998304433095866,0.2499827177846459,0.22311731346507238,0.21967147947951537,-0.24795634231320815,-0.2483754222286903,0.23820921712240267,-0.19705859719039331,0.22429303955783267,-0.24418471527318628,-0.24497067957244814,-0.24493003494614413,-0.22705106088680435,-0.2449249019940751,-0.22143581301419163,-0.21876553837063697,-0.2453446152352051,0.22333696564481872,-0.24162215570274403,-0.24890101823601246,-0.20438449424883962,-0.24034777122076162,-0.24630047248101594,0.23144810255904702,-0.2422909798627461,0.23571550819504947,-0.24454969707946955,-0.20779534321118842,-0.2490994020222265,0.24505046201596792,-0.24520818813538492
0.1980118352675845,0.22054511421348694,0.25000000000000006,0.22053089345062588,-0.18976974586794196,0.2205493308789397,-0.2011901342458713,0.22055098733781967,0.19693378645563847,-0.20744492780435705,0.2205813668761524,0.19155935871310728,-0.2124254577036479,0.22054947020432827,-0.20979273792422165,0.22055548420582988,0.22055620938745726,-0.2204148326965689,0.22055681034979238,-0.20796270449066662,-0.19082097035864679,-0.20520355850926214,0.22055669622251264,0.22055694618851704,0.22055636756315006,0.23606240525595829,0.19102488379218632,-0.21863086648326474,-0.21906572549812836,0.2088024609564912,-0.1727119606570123,0.19650502259652936,-0.2174917563004405,-0.21765888807017197,-0.2160855628831338,-0.19889490922352585,-0.21609776068364756,-0.2382219968578489,-0.19040171423009786,-0.21644863818655993,0.1940667716605669,-0.2138289282682793,-0.22004197792685287,-0.1812092870965183,-0.21249380485743877,-0.22040489157157298,0.20221224016679776,-0.2151219334801614,0.20639677007256435,-0.21551576461899982,-0.18145593342091068,-0.21975645120513654,0.2156647170832419,-0.21608105657207044
0.22623669230234406,0.24995517371101042,0.22053089345062588,0.25000000000000006,-0.21731014202376506,0.24995996029834067,-0.23001921297818134,0.24996196874829454,0.2249931519431817,-0.2333317699499417,0.2499275466869597,0.21963193444461476,-0.24123441674062035,0.24996082663968924,-0.2390208011985581,0.24996699579479204,0.24996774458265,-0.24973601530484169,0.24996851959148422,-0.23717182562403977,-0.21964880719819121,-0.23429363751151366,0.24996839206550658,0.24996832420472426,0.2499679973901622,0.22310262113339582,0.2196986086430572,-0.24794165562849088,-0.24836077587628472,0.238194052983585,-0.19704599730511269,0.22427758812357237,-0.24417201022979582,-0.24495832007116694,-0.24491561094955358,-0.22703704881787515,-0.24491046516921317,-0.2214213264776314,-0.21879494921063272,-0.24533016657159773,0.22332156916790938,-0.24160888579225742,-0.24888648065619595,-0.20437056818428373,-0.2403340201760547,-0.24628605546909801,0.23143279242263878,-0.2422785493017478,0.2357003824992744,-0.24453522508075878,-0.20778325142661125,-0.24908527522277132,0.24503552447527932,-0.2451982513240672
-0.19414917613914082,-0.21732436303781089,-0.18976974586794196,-0.21731014202376506,0.24999999999999978,-0.21732873652299844,0.22227006756418424,-0.21733019393852937,-0.19280796745413292,0.20181459368673144,-0.21729605277568295,-0.1897502347622162,0.21036160398398632,-0.2173286173118364,0.20657879306970828,-0.21733459962858945,-0.21733528226317633,0.21714280758944465,-0.2173359208202867,0.22945646568053027,0.18908769605811326,0.20321447220709288,-0.21733581487797618,-0.21733597469680116,-0.21733546979948867,-0.19111107011140277,-0.1895484810717162,0.21557503434611686,0.21602783051225896,-0.20600955755916034,0.17151608752377034,-0.24236508059276443,0.21287424209413963,0.21262293262485774,0.21294359421773953,0.19562214760239618,0.2129394230224488,0.1902113729937355,0.18953462666649043,0.21330220588885024,-0.1920043972768211,0.2106101381254009,0.21647699524189953,0.17796175592357955,0.20799925356197405,0.21393870281424765,-0.22392020706207327,0.21070632460427682,-0.20393726716637942,0.21326418265675331,0.1808562478062024,0.21654002891991223,-0.2130433925898612,0.213053860468277
0.22625537819374242,0.24997468025534963,0.2205493308789397,0.24995996029834067,-0.21732873652299844,0.24999999999999978,-0.2300387504272633,0.2499814758422467,0.22501187764664485,-0.23334968287195915,0.24994705360507405,0.21960599601541722,-0.2412535710052606,0.24998033400720931,-0.23904022411371872,0.24998650331012515,0.24998725207873426,-0.249755462829817,0.24998802724820027,-0.23719148906442472,-0.21966811018777874,-0.23431310283335155,0.2499878996876217,0.24998783153553733,0.24998750498249875,0.2231215979839578,0.219675525682877,-0.24796108427967234,-0.24838017759021092,0.23821381428844338,-0.19706233643321353,0.22429756405760196,-0.24418939995490166,-0.244975373578468,-0.24493472531946212,-0.22705537890221766,-0.24492959214047727,-0.2214400674595693,-0.2187695354793843,-0.2453493129944366,0.22334116228387782,-0.2416267875232696,-0.24890577991195764,-0.20438824064723174,-0.2403522918203523,-0.24630518016218098,0.23145264269550794,-0.24229562889120418,0.23571999927883197,-0.24455435648842036,-0.20779919237001002,-0.24910416787957224,0.2450551438991499,-0.2452128654609063
-0.20703309607145273,-0.23003423767932127,-0.2011901342458713,-0.23001921297818134,0.22227006756418424,-0.2300387504272633,0.24999999999999994,-0.23004042583250592,-0.20573129043124969,0.2138955933441409,-0.2300064195677329,-0.2002176358520573,0.22200601388175778,-0.23003908028653539,0.2192814888742732,-0.23004509442602636,-0.23004579698915364,0.22984411639761163,-0.23004649482551495,0.24079916821834407,0.20026813931197796,0.21473126901847348,-0.23004638040330586,-0.23004643282723547,-0.23004601605189087,-0.20379247740310438,-0.20008055456728294,0.2282144530624535,0.2286050267730698,-0.21838162438612482,0.18143730740597458,-0.22940135657042177,0.2252695902220871,0.22511774135940787,0.2253961609212512,0.20811131912179967,0.2253927922463957,0.20246805832245182,0.19969764885586597,0.2257773233538996,-0.2036644802680136,0.2227247335513169,0.22910419078362532,0.1882101189106199,0.22063074435416655,0.22657023713048763,-0.24727031265240218,0.22306170088137325,-0.21596045787384266,0.2253257125165107,0.19141800693442085,0.22920500514193742,-0.22528652890364717,0.22545358894499778
0.22625761169409148,0.2499766887611331,0.22055098733781967,0.24996196874829454,-0.21733019393852937,0.2499814758422467,-0.23004042583250592,0.24999999999999983,0.22501404711975728,-0.23335151138964572,0.24994906170885667,0.21960797689265607,-0.24125548684735565,0.24998234252374898,-0.2390420942499783,0.24998851192027627,0.24998926069488733,-0.24975746976406957,0.24999003587111346,-0.23719324959541324,-0.21966976113505451,-0.23431492438227264,0.24998990831018705,0.2499898401631496,0.24998951360338073,0.22312329518310836,0.2196775080634737,-0.24796308055342917,-0.2483821748708215,0.23821567475597158,-0.19706388148255985,0.22429910171823536,-0.24419140576972193,-0.24497739468416482,-0.24493669301034326,-0.22705756207960157,-0.2449315596897357,-0.22144172397285392,-0.21877147483977832,-0.24535128387574304,0.22334283725343268,-0.24162875971023925,-0.2489077732983241,-0.20438957403335145,-0.2403541343795255,-0.2463071460486834,0.23145431083808568,-0.2422976629222202,0.23572183294213914,-0.24455630393365863,-0.20780058403257157,-0.2491061711378496,0.24505709788182217,-0.24521485887586958
0.24135387540056305,0.2250075794243768,0.19693378645563847,0.2249931519431817,-0.19280796745413292,0.22501187764664485,-0.20573129043124969,0.22501404711975728,0.24999999999999978,-0.20917343642086111,0.2249799226222993,0.1956349394598568,-0.2169315352401802,0.22501250724696806,-0.21442267217020072,0.2250185921610204,0.22501922488749648,-0.2248617665593262,0.22501992770986268,-0.21229706528751827,-0.19516048023022692,-0.20954107384355386,0.2250198390168848,0.22501981732031798,0.22501950513457847,0.19876101479630837,0.19535356424599476,-0.2245222755513618,-0.22553572902714286,0.21347313897815667,-0.1784091666216441,0.19950981806489723,-0.22153471791153775,-0.22215059826790917,-0.22046642334750208,-0.24240915461070553,-0.22046513874843116,-0.19724155967388646,-0.19474849613064785,-0.22084449123803285,0.1984205813192296,-0.21884740520739202,-0.22407865586751344,-0.18123786382952523,-0.21833081907716703,-0.22165847113612983,0.20655737180231834,-0.2202318590575908,0.2107607920581623,-0.22132157876240652,-0.1845951956911568,-0.22430818083495843,0.22011768737700046,-0.22047088598031953
-0.21041084281317604,-0.23334519166381665,-0.20744492780435705,-0.2333317699499417,0.20181459368673144,-0.23334968287195915,0.2138955933441409,-0.23335151138964572,-0.20917343642086111,0.25,-0.2333217315457484,-0.20693075759466326,0.22505109539014154,-0.23335010606342638,0.22249668766720768,-0.2333562257592604,-0.23335690543694804,0.23318913605831917,-0.23335764697887595,0.22090976842227666,0.20379577657021333,0.21819930823576,-0.23335752880658792,-0.23335761485504597,-0.2333571609329073,-0.20953522151464982,-0.20634744540753347,0.23144648163178955,0.23182824271503283,-0.24458179685676384,0.18391865446771807,-0.20834512244264394,0.22801137356670437,0.22885623154731718,0.2286387323025077,0.21120546163764684,0.2286358750729459,0.20841963881668438,0.2057042343915807,0.22902688501951374,-0.20709308148651742,0.2257480945502985,0.2324081202356348,0.1909039591110395,0.22474064894275025,0.2300259422288399,-0.21519546756625624,0.22628537723280662,-0.21940141600811486,0.22801983212884508,0.1939932655537369,0.23254601916157078,-0.22862611994870916,0.22905222000385175
0.22622331146986216,0.24994226717131643,0.2205813668761524,0.2499275466869597,-0.21729605277568295,0.24994705360507405,-0.2300064195677329,0.24994906170885667,0.2249799226222993,-0.2333217315457484,0.25000000000000006,0.21957357996453744,-0.2412218282655412,0.24994791952337825,-0.239008244064138,0.24995408860785048,0.249954837386484,-0.24972317556870488,0.2499556123264428,-0.23715872483222358,-0.21963653427683635,-0.2342811579440656,0.2499554847798371,0.24995541707821095,0.2499550901500629,0.22315309782174012,0.21964253235141365,-0.2479287586964524,-0.2483481024387898,0.23818110135375029,-0.1970355574184456,0.22426430191154564,-0.24416070922083413,-0.2449459023360742,-0.244902958186622,-0.2270234397205692,-0.24489783871563695,-0.22147763019924688,-0.21873706014924182,-0.24531748003899082,0.22330920867365403,-0.24159644022669619,-0.24887413219878882,-0.20436341565872446,-0.2403225047925638,-0.24627801596328347,0.2314204810038511,-0.24226623282333384,0.23568788016753645,-0.24452255860231825,-0.20777056943193156,-0.24907186717807037,0.24502277312994472,-0.24518062356858036
0.19679517315269499,0.21960197778213647,0.19155935871310728,0.21963193444461476,-0.1897502347622162,0.21960599601541722,-0.2002176358520573,0.21960797689265607,0.1956349394598568,-0.20693075759466326,0.21957357996453744,0.25000000000000017,-0.21155519048223922,0.2196064302411873,-0.20893869467646156,0.21961226843000983,0.21961300488318508,-0.21945291386868984,0.2196135801504613,-0.2069055884614747,-0.1900881011379852,-0.20432750093502774,0.21961349790172882,0.21961374516312074,0.21961314833470177,0.19332687699643175,0.23851579443258994,-0.21765961477549833,-0.21810511688016265,0.2082844456885632,-0.1718859589217133,0.19393850816693065,-0.21626442572168939,-0.21739393913271682,-0.215172928437776,-0.19786209768556998,-0.21515421004598842,-0.19190177208975354,-0.23967753725176055,-0.21553742471925635,0.1932997672229417,-0.2131850354653126,-0.21875691691777188,-0.17730435054303956,-0.21107677870860458,-0.2163697900855472,0.2012367130851494,-0.21460905128104818,0.20550955311068558,-0.21456727135844464,-0.1827592708521585,-0.21947178045264107,0.2147223564917914,-0.22050684507762716
-0.2181865536206685,-0.24124896122325404,-0.2124254577036479,-0.24123441674062035,0.21036160398398632,-0.2412535710052606,0.22200601388175778,-0.24125548684735565,-0.2169315352401802,0.22505109539014154,-0.2412218282655412,-0.21155519048223922,0.25,-0.24125430605257855,0.23053666748676316,-0.24126036773226422,-0.24126109353899855,0.24112862673062377,-0.24126183900793155,0.22868471898040627,0.21188777591968236,0.22618754594464163,-0.2412617154717426,-0.24126166958046968,-0.2412613343628359,-0.2149122014396717,-0.21170699577335012,0.23929836381234634,0.23969243423310632,-0.22962012204527882,0.1901944408187818,-0.21655244133502255,0.235572915696995,0.23636005848585276,0.2363848187358733,0.21897451030139628,0.23637990803005493,0.21334798920068088,0.2108407779376647,0.23678459270322338,-0.21528765711012274,0.23305211636738093,0.24020816801690792,0.1973354245107116,0.2317804701799431,0.23767589946317502,-0.22320494035511523,0.2337500360061613,-0.22745263354156406,0.23600255971869874,0.20062585034889802,0.24040423621440155,-0.24578410541480247,0.23661999910140807
0.22625615059412757,0.24997554697115673,0.22054947020432827,0.24996082663968924,-0.2173286173118364,0.24998033400720931,-0.23003908028653539,0.24998234252374898,0.22501250724696806,-0.23335010606342638,0.24994791952337825,0.2196064302411873,-0.24125430605257855,0.25000000000000006,-0.2390410709884461,0.249987370067041,0.2499881188371773,-0.249756325673468,0.24998889400775703,-0.2371919473653182,-0.21966896061239805,-0.23431390934838991,0.24998876644643395,0.2499886982897313,0.2499883717376352,0.2231218685020264,0.21967592370662017,-0.24796199324392515,-0.24838127913144922,0.23821437321621458,-0.1970631266754034,0.22429757442046608,-0.24419021156361503,-0.24497619569690532,-0.2449355747888494,-0.2270561508102203,-0.24493044184062407,-0.22144023702887117,-0.21877001139837973,-0.24535016466181703,0.2233420399337828,-0.24162772140265903,-0.24890665264758297,-0.20438943762464404,-0.2403538670197582,-0.24630605440633804,0.23145710726315982,-0.24229652023274376,0.23572080714486346,-0.2445553103548564,-0.20780031092655504,-0.2491050302411774,0.24505593803844652,-0.2452136782692231
-0.2156659414376985,-0.2390356725114545,-0.20979273792422165,-0.2390208011985581,0.20657879306970828,-0.23904022411371872,0.2192814888742732,-0.2390420942499783,-0.21442267217020072,0.22249668766720768,-0.239008244064138,-0.20893869467646156,0.23053666748676316,-0.2390410709884461,0.25000000000000044,-0.23904695440717308,-0.23904771575979544,0.23882286107112358,-0.23904840922242462,0.22630618851217402,0.22910386862253088,0.24389552551763732,-0.23904829034327946,-0.2390484373515624,-0.23904791215590088,-0.21235651696608782,-0.20899005941335105,0.23711633243332392,0.23753799417496912,-0.22732326507812872,0.1885484031025612,-0.21343831427426152,0.2334927274375344,0.23415307950901865,0.23421636754936068,0.21664428012508327,0.23421142274537488,0.21092613312792188,0.20825083118376625,0.23461223393296946,-0.23312694332320993,0.2307209139578679,0.2380499215790502,0.19555535261730392,0.23016411315712934,0.2354521191476119,-0.2205816040301573,0.231401491207532,-0.2456156474867546,0.2339821088227269,0.19882937045074883,0.23818757964684825,-0.23412624661605122,0.2343719996707244
0.22626221276715994,0.249981716132668,0.22055548420582988,0.24996699579479204,-0.21733459962858945,0.24998650331012515,-0.23004509442602636,0.24998851192027627,0.2250185921610204,-0.2333562257592604,0.24995408860785048,0.21961226843000983,-0.24126036773226422,0.249987370067041,-0.23904695440717308,0.25000000000000033,0.24999428831986215,-0.24976249310207732,0.2499950635105289,-0.23719802565963008,-0.21967430574068747,-0.23431969200996713,0.24999493594649153,0.24999486779103697,0.24999454123016634,0.2231278089687692,0.21968178314867545,-0.24796808109926113,-0.2483871739862219,0.23822048828270143,-0.19706791408634114,0.2243036358965265,-0.2441962770431448,-0.24498227741218684,-0.24494161935832945,-0.22706218309178813,-0.24493648617805408,-0.22144622586466878,-0.2187757889006243,-0.2453562192373652,0.22334746269622424,-0.24163358967586138,-0.2489127885210691,-0.20439407240912202,-0.24035912848945276,-0.2463121137179106,0.23145901875967964,-0.24230245356376837,0.23572662834569344,-0.2445612625137302,-0.2078051005036578,-0.24911118256919965,0.245062046931481,-0.24521977616324453
0.22626284182893647,0.24998246488823503,0.22055620938745726,0.24996774458265,-0.21733528226317633,0.24998725207873426,-0.23004579698915364,0.24998926069488733,0.22501922488749648,-0.23335690543694804,0.249954837386484,0.21961300488318508,-0.24126109353899855,0.2499881188371773,-0.23904771575979544,0.24999428831986215,0.25000000000000056,-0.24976324136443062,0.24999581230433582,-0.2371987424985114,-0.2196750695574511,-0.23432043575102016,0.24999568474013775,0.24999561658562147,0.24999529002233362,0.2231285407249594,0.21968249901621983,-0.24796883255248792,-0.24838792295421844,0.23822117494796266,-0.19706853027338378,0.22430433454475546,-0.2441970110290418,-0.24498301714668094,-0.24494235300889558,-0.22706282396599392,-0.2449372198560139,-0.22144695622655988,-0.2187765253522401,-0.2453569541772347,0.22334824152430205,-0.24163432711362706,-0.248913539192102,-0.20439480960219444,-0.24035993676943554,-0.24631286882989523,0.2314597230111374,-0.24230320356644813,0.23572737908241378,-0.24456203006495164,-0.20780581217063143,-0.24911193218895,0.24506278034135467,-0.24522051713126894
-0.2261060353755255,-0.24975068028606365,-0.2204148326965689,-0.24973601530484169,0.21714280758944465,-0.249755462829817,0.22984411639761163,-0.24975746976406957,-0.2248617665593262,0.23318913605831917,-0.24972317556870488,-0.21945291386868984,0.24112862673062377,-0.249756325673468,0.23882286107112358,-0.24976249310207732,-0.24976324136443062,0.25000000000000056,-0.24976401556742064,0.2369919864582163,0.21945544922118493,0.23409778890092892,-0.24976388818865525,-0.24976382179182882,-0.24976349390067065,-0.22297379328447603,-0.2195200574774179,0.2477406903029645,0.24815851683290377,-0.23806795341644776,0.19688495682681517,-0.22410142567677957,0.2439778340388101,0.24476258138918552,0.24471521311634153,0.22690735668601125,0.2447100997856504,0.22130214475188706,0.21861896817127405,0.2451294329387277,-0.22312332704389495,0.24141372219236448,0.2486837153268745,0.20420020475191694,0.24014131265919167,0.24608918444060485,-0.23125460082979957,0.2420853816726405,-0.2355019604927512,0.24433606099710978,0.20760708334632058,0.2488817337687571,-0.24493541064559185,0.24499794658381083
0.2262635535196558,0.24998324004094707,0.22055681034979238,0.24996851959148422,-0.2173359208202867,0.24998802724820027,-0.23004649482551495,0.24999003587111346,0.22501992770986268,-0.23335764697887595,0.2499556123264428,0.2196135801504613,-0.24126183900793155,0.24998889400775703,-0.23904840922242462,0.2499950635105289,0.24999581230433582,-0.24976401556742064,0.25000000000000017,-0.23719946976402465,-0.21967564120583313,-0.2343211187426983,0.2499964599351858,0.24999639177896835,0.24999606521644274,0.22312915941622033,0.21968309847767917,-0.24796959102219032,-0.24838868718835497,0.23822194237857677,-0.19706911453662895,0.22430500130811534,-0.24419776233399798,-0.24498376732821045,-0.24494311256948437,-0.22706353123782191,-0.24493797935018363,-0.22144756588877199,-0.2187770951119072,-0.2453577150039715,0.2233488203736298,-0.24163505963922388,-0.2489143055753371,-0.20439531748255235,-0.24036058879896105,-0.24631361354422301,0.23146042875615222,-0.24230392567961243,0.23572806351200729,-0.24456275029902627,-0.20780636900272076,-0.24911270067047378,0.24506354217062043,-0.24522126821815837
-0.21355406901517593,-0.2371868286702738,-0.20796270449066662,-0.23717182562403977,0.22945646568053027,-0.23719148906442472,0.24079916821834407,-0.23719324959541324,-0.21229706528751827,0.22090976842227666,-0.23715872483222358,-0.2069055884614747,0.22868471898040627,-0.2371919473653182,0.22630618851217402,-0.23719802565963008,-0.2371987424985114,0.2369919864582163,-0.23719946976402465,0.2500000000000002,0.20708589548656192,0.22167860002276368,-0.23719935143834975,-0.23719938216016165,-0.2371989758176251,-0.21040669211666763,-0.20697795339900632,0.23531027716324646,0.2357268614177298,-0.22543944149111456,0.18707241220071757,-0.2367788460426966,0.2323024935522388,0.23220693542205956,0.23240460470194846,0.21466821372390138,0.23240051632118522,0.20913474963251652,0.20652830554070936,0.23279699282421026,-0.2105567423048886,0.22969399151168987,0.2362333172750048,0.19400415334515683,0.22759280431683826,0.2336387126054918,-0.2425955511500682,0.23002786667517505,-0.22293719029386552,0.23233524092251234,0.19730914842381947,0.23634033820110886,-0.2322777229130583,0.23252787902773084
-0.1963753449352272,-0.21966397975118493,-0.19082097035864679,-0.21964880719819121,0.18908769605811326,-0.21966811018777874,0.20026813931197796,-0.21966976113505451,-0.19516048023022692,0.20379577657021333,-0.21963653427683635,-0.1900881011379852,0.21188777591968236,-0.21966896061239805,0.22910386862253088,-0.21967430574068747,-0.2196750695574511,0.21945544922118493,-0.21967564120583313,0.20708589548656192,0.25000000000000033,0.22593164941868468,-0.21967553463323092,-0.21967565617079718,-0.21967518549977996,-0.19343371678811294,-0.19027194164177208,0.2178441802247499,0.2182152418535076,-0.2082399825467313,0.17332263954204608,-0.19465019218241272,0.21424577155398858,0.21491924105009086,0.21523592154510043,0.1974328937629302,0.21523081689485768,0.1920966045069301,0.18957013356245236,0.21559822877038415,-0.24541291686297886,0.21166624395655093,0.21873294910952004,0.1800418666475431,0.21138614357807992,0.21622448699879862,-0.2014258592613478,0.21208186499301945,-0.22765092772187132,0.2148718202994045,0.18310269713303493,0.21885577559418717,-0.2149778177976445,0.21518407317745925
-0.2108575782421296,-0.23430863606178925,-0.20520355850926214,-0.23429363751151366,0.20321447220709288,-0.23431310283335155,0.21473126901847348,-0.23431492438227264,-0.20954107384355386,0.21819930823576,-0.2342811579440656,-0.20432750093502774,0.22618754594464163,-0.23431390934838991,0.24389552551763732,-0.23431969200996713,-0.23432043575102016,0.23409778890092892,-0.2343211187426983,0.22167860002276368,0.22593164941868468,0.2500000000000003,-0.23432100184361926,-0.2343211911172657,-0.23432063065377584,-0.20772945869542842,-0.2044186885881837,0.23240758117933308,0.23282811010523685,-0.22274692254554057,0.1848381914639876,-0.20929569111989235,0.22879984350766885,0.22945102524940242,0.22958483242670355,0.2118327681334302,0.22957966817672923,0.2063387627816153,0.20371337604789216,0.22997244751860121,-0.22991255235981026,0.2260205482386094,0.23334239691461311,0.19178150131555202,0.225556337106215,0.23075947671014588,-0.2159756399346233,0.22671780665520075,-0.24788828010532823,0.22936822914687163,0.19500623279475976,0.23346973816468997,-0.22950950878577098,0.22968925944982976
0.22626346453932494,0.24998311248271243,0.22055669622251264,0.24996839206550658,-0.21733581487797618,0.2499878996876217,-0.23004638040330586,0.24998990831018705,0.2250198390168848,-0.23335752880658792,0.2499554847798371,0.21961349790172882,-0.2412617154717426,0.24998876644643395,-0.23904829034327946,0.24999493594649153,0.24999568474013775,-0.24976388818865525,0.2499964599351858,-0.23719935143834975,-0.21967553463323092,-0.23432100184361926,0.2500000000000001,0.24999626421446636,0.24999593765188324,0.2231290382259712,0.21968301310008678,-0.24796946592051325,-0.2483885612991439,0.2382218195136961,-0.19706901461945198,0.22430488978068383,-0.24419763995567917,-0.24498364498156458,-0.2449429875534169,-0.22706344003388038,-0.24493785434268275,-0.22144744366842994,-0.2187770135140775,-0.24535758974206703,0.22334871210228396,-0.24163493903420746,-0.2489141786416454,-0.20439521379588663,-0.24036046979628825,-0.24631348823568824,0.231460312817807,-0.2423038062021272,0.2357279460744969,-0.2445626284214844,-0.20780626149755385,-0.24911257404940435,0.24506341608934998,-0.2452211462029361
0.2262634304901004,0.24998304433095866,0.22055694618851704,0.24996832420472426,-0.21733597469680116,0.24998783153553733,-0.23004643282723547,0.2499898401631496,0.22501981732031798,-0.23335761485504597,0.24995541707821095,0.21961374516312074,-0.24126166958046968,0.2499886982897313,-0.2390484373515624,0.24999486779103697,0.24999561658562147,-0.24976382179182882,0.24999639177896835,-0.23719938216016165,-0.21967565617079718,-0.2343211911172657,0.24999626421446636,0.25000000000000017,0.2499958694963533,0.22312923534078943,0.21968324933377575,-0.2479693971033666,-0.24838849726720644,0.2382218643181272,-0.19706894533978694,0.22430503969672874,-0.2441976097105587,-0.24498360771900116,-0.24494292074123533,-0.22706343771349788,-0.2449377875146331,-0.22144768721631755,-0.21877727689967139,-0.24535752287441062,0.2233488355902738,-0.2416348825545644,-0.2489141166643688,-0.20439511679745223,-0.24036041457741475,-0.2463134406484995,0.2314603627161004,-0.24230376137513382,0.23572813350179345,-0.24456255838784882,-0.20780617113093378,-0.249112510218939,0.24506336028701933,-0.24522111346369696
0.2262631321660088,0.2499827177846459,0.22055636756315006,0.2499679973901622,-0.21733546979948867,0.24998750498249875,-0.23004601605189087,0.24998951360338073,0.22501950513457847,-0.2333571609329073,0.2499550901500629,0.21961314833470177,-0.2412613343628359,0.2499883717376352,-0.23904791215590088,0.24999454123016634,0.24999529002233362,-0.24976349390067065,0.24999606521644274,-0.2371989758176251,-0.21967518549977996,-0.23432063065377584,0.24999593765188324,0.2499958694963533,0.2500000000000002,0.22312870232858623,0.21968266282481536,-0.24796907517402267,-0.24838816948576714,0.23822144247153626,-0.1970687042202667,0.22430453381610632,-0.2441972559235514,-0.244983259433511,-0.24494260081473984,-0.2270631049658104,-0.24493746761522725,-0.22144711252716617,-0.21877666513852462,-0.24535720235788738,0.22334835716144644,-0.24163455818073026,-0.2489137859195669,-0.2043948911408679,-0.24036009266395564,-0.24631310069614248,0.2314599458238477,-0.24230342502996086,0.235727572592369,-0.24456224297115706,-0.20780593285847362,-0.24911218077695754,0.24506302877500338,-0.24522075867860152
0.1998516892378017,0.22311731346507238,0.23606240525595829,0.22310262113339582,-0.19111107011140277,0.2231215979839578,-0.20379247740310438,0.22312329518310836,0.19876101479630837,-0.20953522151464982,0.22315309782174012,0.19332687699643175,-0.2149122014396717,0.2231218685020264,-0.21235651696608782,0.2231278089687692,0.2231285407249594,-0.22297379328447603,0.22312915941622033,-0.21040669211666763,-0.19343371678811294,-0.20772945869542842,0.2231290382259712,0.22312923534078943,0.22312870232858623,0.25000000000000044,0.19310625778228213,-0.22115717229453954,-0.22161514177540148,0.21149752313874123,-0.1745256309147383,0.1976490870109389,-0.2196655588741385,-0.2199589463408716,-0.21861047056147126,-0.2006929377806409,-0.21861718027269805,-0.24127808343585586,-0.19239624887748005,-0.21896330707245967,0.1967570477093029,-0.2162506195496919,-0.22227554381869663,-0.18297064888560732,-0.2147818855278712,-0.22320813761681785,0.20476916977718823,-0.2175036416988388,0.20898872713873462,-0.21801092586112458,-0.18344316123005178,-0.22231203937132496,0.2182007365550965,-0.2185754253450168
0.19656194111125672,0.21967147947951537,0.19102488379218632,0.2196986086430572,-0.1895484810717162,0.219675525682877,-0.20008055456728294,0.2196775080634737,0.19535356424599476,-0.20634744540753347,0.21964253235141365,0.23851579443258994,-0.21170699577335012,0.21967592370662017,-0.20899005941335105,0.21968178314867545,0.21968249901621983,-0.2195200574774179,0.21968309847767917,-0.20697795339900632,-0.19027194164177208,-0.2044186885881837,0.21968301310008678,0.21968324933377575,0.21968266282481536,0.19310625778228213,0.2500000000000001,-0.21772395470757155,-0.21818278400351523,0.2082196337716012,-0.17192387164086187,0.19417473511847405,-0.2162891857408923,-0.21737956193147553,-0.21524156856862622,-0.19761490844395868,-0.21522040597748612,-0.19162790542064995,-0.24121695292817194,-0.21560328780526436,0.19348383292258112,-0.21324532528142606,-0.21881946168308516,-0.17659918520683546,-0.21118297134302688,-0.21640992325536587,0.20116388820639727,-0.21463443220553446,0.20560028492232693,-0.2146483111714082,-0.18285070530008535,-0.2191914999340492,0.2148621635144313,-0.22094109357366673
-0.22579399133754147,-0.24795634231320815,-0.21863086648326474,-0.24794165562849088,0.21557503434611686,-0.24796108427967234,0.2282144530624535,-0.24796308055342917,-0.2245222755513618,0.23144648163178955,-0.2479287586964524,-0.21765961477549833,0.23929836381234634,-0.24796199324392515,0.23711633243332392,-0.24796808109926113,-0.24796883255248792,0.2477406903029645,-0.24796959102219032,0.23531027716324646,0.2178441802247499,0.23240758117933308,-0.24796946592051325,-0.2479693971033666,-0.24796907517402267,-0.22115717229453954,-0.21772395470757155,0.2500000000000003,0.24639693199110674,-0.23627882939735287,0.19552170306538588,-0.22251549624440928,0.24225840015863195,0.2430332987298136,0.24295699754526812,0.2266106149012589,0.24295202370804608,0.21949276832479725,0.21682805891627915,0.24336848167263822,-0.22148543954660413,0.23970646139747392,0.24689632200015263,0.20264193934858085,0.23847111081139458,0.24430771375593652,-0.22959903830755066,0.24039457873668157,-0.23380101103637302,0.24262227228927732,0.20603266890869812,0.24709469494561861,-0.24305931185595142,0.24321365947941448
-0.22546053991712203,-0.2483754222286903,-0.21906572549812836,-0.24836077587628472,0.21602783051225896,-0.24838017759021092,0.2286050267730698,-0.2483821748708215,-0.22553572902714286,0.23182824271503283,-0.2483481024387898,-0.21810511688016265,0.23969243423310632,-0.24838127913144922,0.23753799417496912,-0.2483871739862219,-0.24838792295421844,0.24815851683290377,-0.24838868718835497,0.2357268614177298,0.2182152418535076,0.23282811010523685,-0.2483885612991439,-0.24838849726720644,-0.24838816948576714,-0.22161514177540148,-0.21818278400351523,0.24639693199110674,0.25000000000000033,-0.23665315327581973,0.19580213684270872,-0.22296346719649632,0.2426641739628764,0.24343761133235328,0.24336747265098505,0.22627033489152057,0.24336248873047625,0.21993645606003148,0.217276123010795,0.24377930316586244,-0.2218497161039204,0.24011148557449205,0.2473122914805592,0.20296705161932443,0.2388281995965139,0.2447238827081591,-0.23000136042974953,0.24080381742392312,-0.23422506773810614,0.24300334038600463,0.20637033014091508,0.24751033477119383,-0.24346138021217875,0.24363411784480563
0.21474013059893227,0.23820921712240267,0.2088024609564912,0.238194052983585,-0.20600955755916034,0.23821381428844338,-0.21838162438612482,0.23821567475597158,0.21347313897815667,-0.24458179685676384,0.23818110135375029,0.2082844456885632,-0.22962012204527882,0.23821437321621458,-0.22732326507812872,0.23822048828270143,0.23822117494796266,-0.23806795341644776,0.23822194237857677,-0.22543944149111456,-0.2082399825467313,-0.22274692254554057,0.2382218195136961,0.2382218643181272,0.23822144247153626,0.21149752313874123,0.2082196337716012,-0.23627882939735287,-0.23665315327581973,0.2500000000000001,-0.1879198309829711,0.2127347268364008,-0.23248774419924217,-0.23336343797177844,-0.23340567082464317,-0.21548754362957426,-0.23340273122314154,-0.21010534559642474,-0.2074137977275791,-0.23380276458803415,0.21160495309379315,-0.2303086574494907,-0.23721892127148977,-0.19510141957436056,-0.2293796991279711,-0.23461791190347195,0.2197059267311903,-0.23073851346389515,0.22397958610384222,-0.2327959350481089,-0.1982392611108903,-0.23736060529038208,0.2333013719624023,-0.23355063101440426
-0.179408909833629,-0.19705859719039331,-0.1727119606570123,-0.19704599730511269,0.17151608752377034,-0.19706233643321353,0.18143730740597458,-0.19706388148255985,-0.1784091666216441,0.18391865446771807,-0.1970355574184456,-0.1718859589217133,0.1901944408187818,-0.1970631266754034,0.1885484031025612,-0.19706791408634114,-0.19706853027338378,0.19688495682681517,-0.19706911453662895,0.18707241220071757,0.17332263954204608,0.1848381914639876,-0.19706901461945198,-0.19706894533978694,-0.1970687042202667,-0.1745256309147383,-0.17192387164086187,0.19552170306538588,0.19580213684270872,-0.1879198309829711,0.2500000000000003,-0.17708391030644058,0.1924499066401906,0.19305413389572723,0.19308570043289072,0.18017944159666335,0.19308063766153158,0.17318980177951376,0.1710668308419727,0.19341413217115236,-0.176199397203408,0.19046535695753217,0.19621989895181755,0.16095382203582884,0.18948035659764073,0.19408797725140622,-0.182546687557878,0.19096684140625397,-0.18594011929279536,0.19283222794635324,0.1637856507851116,0.1963460289443885,-0.1931801036666436,0.19316378258724215
0.2008945847376942,0.22429303955783267,0.19650502259652936,0.22427758812357237,-0.24236508059276443,0.22429756405760196,-0.22940135657042177,0.22429910171823536,0.19950981806489723,-0.20834512244264394,0.22426430191154564,0.19393850816693065,-0.21655244133502255,0.22429757442046608,-0.21343831427426152,0.2243036358965265,0.22430433454475546,-0.22410142567677957,0.22430500130811534,-0.2367788460426966,-0.19465019218241272,-0.20929569111989235,0.22430488978068383,0.22430503969672874,0.22430453381610632,0.1976490870109389,0.19417473511847405,-0.22251549624440928,-0.22296346719649632,0.2127347268364008,-0.17708391030644058,0.25,-0.21964707103616782,-0.21937520431849822,-0.21977148864919027,-0.202373421128805,-0.21976847514924688,-0.1967510953994356,-0.1941206261127458,-0.22014208024718993,0.19767406100474927,-0.2173306726473921,-0.22342626967548535,-0.18397774062836125,-0.21484337989633429,-0.22083603700640514,0.23114426758520648,-0.21739416930371327,0.21005435527225041,-0.22012420576248942,-0.18682130611208975,-0.2234693290976042,0.2193938110047133,-0.2197225884009531
-0.222429967226957,-0.24418471527318628,-0.2174917563004405,-0.24417201022979582,0.21287424209413963,-0.24418939995490166,0.2252695902220871,-0.24419140576972193,-0.22153471791153775,0.22801137356670437,-0.24416070922083413,-0.21626442572168939,0.235572915696995,-0.24419021156361503,0.2334927274375344,-0.2441962770431448,-0.2441970110290418,0.2439778340388101,-0.24419776233399798,0.2323024935522388,0.21424577155398858,0.22879984350766885,-0.24419763995567917,-0.2441976097105587,-0.2441972559235514,-0.2196655588741385,-0.2162891857408923,0.24225840015863195,0.2426641739628764,-0.23248774419924217,0.1924499066401906,-0.21964707103616782,0.25000000000000033,0.2395331914311462,0.2392609552049043,0.22318562049302262,0.23925588328289576,0.21822849066980973,0.21552638916538536,0.23966593784097934,-0.2178374377815357,0.23617410560045612,0.2431711854248571,0.19943180421374057,0.23486598297676872,0.2407488406965714,-0.22662145556798496,0.23692812023118226,-0.23017015885474995,0.23892281628869982,0.20278460971711196,0.2433642754747419,-0.23926804238205543,0.2397277956428235
-0.22310871004128435,-0.24497067957244814,-0.21765888807017197,-0.24495832007116694,0.21262293262485774,-0.244975373578468,0.22511774135940787,-0.24497739468416482,-0.22215059826790917,0.22885623154731718,-0.2449459023360742,-0.21739393913271682,0.23636005848585276,-0.24497619569690532,0.23415307950901865,-0.24498227741218684,-0.24498301714668094,0.24476258138918552,-0.24498376732821045,0.23220693542205956,0.21491924105009086,0.22945102524940242,-0.24498364498156458,-0.24498360771900116,-0.244983259433511,-0.2199589463408716,-0.21737956193147553,0.2430332987298136,0.24343761133235328,-0.23336343797177844,0.19305413389572723,-0.21937520431849822,0.2395331914311462,0.25000000000000033,0.240031075941248,0.2238513926939442,0.24002581363982914,0.2184393833189331,0.21662821895200646,0.2404371941041414,-0.21851729887645377,0.23691362671656885,0.24394399848458884,0.20005306803074596,0.23562389082450702,0.2414882023971998,-0.22646135504492446,0.23767642184511037,-0.2308270660518936,0.23967391100681543,0.2034455426662296,0.24415613710985978,-0.24007108921370546,0.24054273017977867
-0.22168563867632654,-0.24493003494614413,-0.2160855628831338,-0.24491561094955358,0.21294359421773953,-0.24493472531946212,0.2253961609212512,-0.24493669301034326,-0.22046642334750208,0.2286387323025077,-0.244902958186622,-0.215172928437776,0.2363848187358733,-0.2449355747888494,0.23421636754936068,-0.24494161935832945,-0.24494235300889558,0.24471521311634153,-0.24494311256948437,0.23240460470194846,0.21523592154510043,0.22958483242670355,-0.2449429875534169,-0.24494292074123533,-0.24494260081473984,-0.21861047056147126,-0.21524156856862622,0.24295699754526812,0.24336747265098505,-0.23340567082464317,0.19308570043289072,-0.21977148864919027,0.2392609552049043,0.240031075941248,0.2500000000000004,0.22246942386119017,0.23998676074819794,0.21696206946443494,0.21435367098266847,0.24039802303184266,-0.21883470797315485,0.23675036559336304,0.243882555524256,0.200264547090697,0.2355006806566885,0.24133405061785587,-0.22678157461561457,0.23740533896877472,-0.23096332408228448,0.2396191132386019,0.20360556085851444,0.2440770156387237,-0.24010972463109181,0.24026424145442385
-0.24454593050387538,-0.22705106088680435,-0.19889490922352585,-0.22703704881787515,0.19562214760239618,-0.22705537890221766,0.20811131912179967,-0.22705756207960157,-0.24240915461070553,0.21120546163764684,-0.2270234397205692,-0.19786209768556998,0.21897451030139628,-0.2270561508102203,0.21664428012508327,-0.22706218309178813,-0.22706282396599392,0.22690735668601125,-0.22706353123782191,0.21466821372390138,0.1974328937629302,0.2118327681334302,-0.22706344003388038,-0.22706343771349788,-0.2270631049658104,-0.2006929377806409,-0.19761490844395868,0.2266106149012589,0.22627033489152057,-0.21548754362957426,0.18017944159666335,-0.202373421128805,0.22318562049302262,0.2238513926939442,0.22246942386119017,0.2500000000000003,0.2224678702319944,0.1991688239931977,0.1969921921294889,0.22285026828167506,-0.20069253465552062,0.2204942870451939,0.22610204638854423,0.18272533608617186,0.22012098271881134,0.22368808191160477,-0.20887526434384898,0.22194937246814944,-0.21303540978659224,0.22338547346534915,0.18601842054970882,0.22635952804549575,-0.22214656712416847,0.22252924212320524
