x1,x2,x3,x4,x5,x6,x7,x8,x9,x10,x11,x12,x13,x14,x15,x16,x17,x18,x19,x20,x21,x22,x23,x24,x25,x26,x27,x28,x29,x30,x31,x32,x33,x34,x35,x36,x37,x38,x39,x40,x41,x42,x43,x44,x45,x46,x47,x48,x49,x50,x51,x52,x53,x54,x55,x56,x57,x58,x59,x60
0.25000000000000006,0.1260878595701545,0.09989069887177707,0.16644601607927975,0.14765393147653377,0.12889122791116686,0.13063924903904167,0.1646034144617104,0.1805830495888561,0.14807984618859377,-0.0740622947433738,0.21717767939082483,-0.19979902756852244,0.231607177416781,-0.22109989578516728,0.22035853209676948,-0.20546226345066465,0.21077558977957903,-0.20543102418860207,0.2175243787506015,0.2288641306907185,-0.2264574818607111,0.19548875969542354,-0.1853192461240601,0.1592020218187798,-0.1507743704364884,0.12238230926797689,-0.10935977804415893,0.06607368523744514,0.06455130956118262,0.20570106680014064,-0.18857530860194466,0.15700256660640302,-0.1468485606038157,0.09353087639732388,-0.11210076595008503,0.031635772064598416,-0.015320532590548693,-0.039377235428299115,0.1297019555978456,-0.04964131173858453,0.1795913859870212,-0.18220922967140152,0.21670606953161403,-0.21062772879180636,0.20826017620084755,-0.19272007229572097,0.18603264318778628,-0.18416162139069558,0.21484224815315398,0.22222227569348174,0.10321584738657569,0.1601730773329743,0.12847836955415085,0.10480468782553799,0.11779385274525012,0.07981617161347884,0.14497962900314823,0.08293233835794205,0.14858784776010114
0.1260878595701545,0.2500000000000001,0.030808736656898737,0.12471898218500396,0.09868759450223642,0.1302145011302101,0.08625746188058048,0.10395275652268658,0.1026847667262346,0.09125046585896571,-0.04177478378781754,0.12607574311530312,-0.11170872391639937,0.14038059754061885,-0.1384261738985212,0.13803982235412793,-0.12699616004018968,0.13012246560425977,-0.12441230867525782,0.1348794533530398,0.14122230000981187,-0.13497588667533922,0.1125635166732209,-0.10586431609972215,0.08873013848860133,-0.08355684616485091,0.06662944771728332,-0.05931537732184207,0.03293406653938002,0.0479731981413463,0.13054690346057637,-0.12011390660347152,0.10114966016146675,-0.0951082212424876,0.0631518655708869,-0.07444755404743227,0.026223453987887262,-0.016698914066945632,-0.01603935219234153,0.07716517242529972,-0.03111938912523226,0.11355753642046244,-0.11482024119125062,0.13728455412554272,-0.13373207880462248,0.1324083918550303,-0.12291742571442883,0.11902682926052584,-0.11744810872575567,0.13627176917975245,0.140487093665607,0.06525598406837847,0.10062534592207943,0.08111924443329016,0.06654533808038915,0.07433674571614965,0.05078533213110257,0.09158967006700305,0.05290921095277714,0.09384985940261878
0.09989069887177707,0.030808736656898737,0.24999999999999997,0.06606060760792669,0.036524574936035545,0.026998073518617653,0.07588471492918107,0.05659570471168161,0.12509006670570227,0.04130873546888321,-0.05922651467926473,0.12484181917950683,-0.1416973942499728,0.10833242204869704,-0.10246343115057142,0.10218404137905651,-0.09745433779990423,0.1065335568951575,-0.11434547026408087,0.10950164651396542,0.10627420082072618,-0.10732005618409825,0.09408114343978372,-0.09008537171350328,0.08029402160562786,-0.07762971450067035,0.06552348487279615,-0.057989521522282254,0.038299232362858496,0.013439601307843966,0.09735869728806724,-0.09135379825156681,0.07713316479085094,-0.07191187467826152,0.04582344926636114,-0.05099572700020688,0.011012061899167837,-0.00027349985865013273,-0.028951474900402195,0.06547258751325202,-0.02584603997808562,0.08589853046539243,-0.08581423607060627,0.10078261554664705,-0.09685143147767772,0.09469197911244302,-0.08720329335696686,0.08381189338212854,-0.08332311139167461,0.09789435006471324,0.10254321988622683,0.04670336321516653,0.07504357591263928,0.05829543087460003,0.04765838286448609,0.05345077673028431,0.03640066228936148,0.06616989370585323,0.03854008810814565,0.06763131846013615
0.16644601607927975,0.12471898218500396,0.06606060760792669,0.2500000000000001,0.11904597784888946,0.10995472322873275,0.11024920064009279,0.13582259508856684,0.13961162649382516,0.13044846626666973,-0.04717902431356286,0.16387746039124065,-0.14754681674314513,0.17986616607964834,-0.17725164205838762,0.176675354952532,-0.16429977132995338,0.16798109306017575,-0.16223380031637208,0.1732976563380218,0.18031981955088636,-0.1739593995745658,0.1482616989133405,-0.14000165125456612,0.11880579906082811,-0.1123214534006344,0.09017392190177745,-0.0805747128613303,0.046612958576717815,0.057011981713218474,0.16527757546914515,-0.15171396227138484,0.1270606856576855,-0.11919573703786894,0.07773885220247395,-0.09254665971528707,0.02994505020772268,-0.017437997681817266,-0.025199121227222142,0.10058919182859222,-0.03956312669931728,0.14400764184239734,-0.14590773774119273,0.17403129864265834,-0.1694117656758899,0.16768430479722732,-0.15545716394968964,0.15033691753812228,-0.1485417170615648,0.17274353877775778,0.17831228172110467,0.08284305769024357,0.12807505992857215,0.10303704663552803,0.08431462737174177,0.09444199449471691,0.06429023658834757,0.11630325187159347,0.0668918697865294,0.11918613805378139
0.14765393147653377,0.09868759450223642,0.036524574936035545,0.11904597784888946,0.25,0.08972268658113589,0.10510292888346533,0.14498130476450075,0.11372489568633713,0.10374608193358442,-0.03818000164503882,0.1379551996804111,-0.12073594207865183,0.15499595977671415,-0.15845507744259377,0.1582392820676452,-0.15179284175401223,0.1488555196874897,-0.13710516239572412,0.14858848156362905,0.15579943234706828,-0.14918278739791288,0.12912175440928012,-0.1227025129851995,0.10662319034430622,-0.10112164642154921,0.08153653127135056,-0.07329808602896763,0.04329382226154559,0.05003357588720191,0.14313671959428406,-0.13108200805197695,0.10933901673311655,-0.10242528899549322,0.06581587996884812,-0.07900421503696896,0.023791358418576894,-0.013015288636397055,-0.024036961278554394,0.08854948947411273,-0.03412244796967617,0.12468624300026657,-0.12658376522954973,0.15089192560149237,-0.1468666409791883,0.14539284290329837,-0.13467878055056023,0.13012854400748006,-0.12869624854827524,0.14988927403315724,0.15477096065915663,0.07200774479726124,0.1112582831077937,0.08958873719968281,0.07314236124629749,0.08212915762523142,0.05571092787150069,0.10105314983550591,0.05782945751700447,0.10359041335478779
0.12889122791116686,0.1302145011302101,0.026998073518617653,0.10995472322873275,0.08972268658113589,0.25000000000000017,0.051566520135331674,0.12184525536114874,0.10053541659236849,0.12038378697498506,-0.02942331606147031,0.12618178870717972,-0.1087952931269864,0.14334674664858738,-0.14024428801530897,0.13954733924905632,-0.12495763915281058,0.13011255567796595,-0.1249319243838914,0.1367868235303457,0.14429968713988875,-0.13789796771991417,0.11555476193307049,-0.10863934143438199,0.09072522656298741,-0.08516022836173229,0.06714539648161877,-0.059820880004150256,0.0327616585894367,0.05072648291563258,0.13283052916499172,-0.12180662313011412,0.10231161846792877,-0.09622220545399002,0.06385179312638672,-0.07615012484514586,0.02734025453697987,-0.01796124727252407,-0.015226709669107037,0.07820943979034631,-0.03133092847553634,0.1154733353232535,-0.11703292644611511,0.14003222686000255,-0.13660392310808636,0.13544328089797042,-0.125789909072733,0.12185647381275633,-0.12018670962009768,0.13935793470272395,0.14347138563027484,0.06678272073060629,0.10266118619314384,0.08299006907052749,0.06805553375392191,0.07605128165829501,0.05193474041150761,0.09365098754600686,0.05400179107455973,0.09598610044464762
0.13063924903904167,0.08625746188058048,0.07588471492918107,0.11024920064009279,0.10510292888346533,0.051566520135331674,0.2500000000000001,0.09143325943168269,0.11011498492043284,0.10360444054068203,-0.04346413101172036,0.1426236200650394,-0.1340553518492691,0.1469180172697823,-0.1580061503592371,0.15859162116171807,-0.16743147476679404,0.15018870299712891,-0.13035603321471348,0.14102215648414684,0.14762472417860134,-0.14113227818080643,0.12416699323126212,-0.11904412822518011,0.10698756996767582,-0.10253639846653374,0.0850895183826552,-0.07720858213085212,0.04811258834547822,0.042669699203628175,0.13656288792221655,-0.1255210776652992,0.10456641349631995,-0.09765752986967186,0.06139652659484504,-0.07269200540388897,0.017892266367435166,-0.006712877397125412,-0.02992888156910991,0.08797408141095038,-0.033301189657584204,0.11928308865462042,-0.12083657517680083,0.14350789844865244,-0.1391739140106365,0.13734600156100812,-0.12690437147939254,0.12231400312308854,-0.121282470554703,0.141840094539514,0.1470530784829237,0.06819155092732505,0.106211032778115,0.08494776609669623,0.0691734489720626,0.0778950779779966,0.05262423786193703,0.09586430426856547,0.05470611982321318,0.09824731021168294
0.1646034144617104,0.10395275652268658,0.05659570471168161,0.13582259508856684,0.14498130476450075,0.12184525536114874,0.09143325943168269,0.24999999999999992,0.14869544989796157,0.12724488844323772,-0.03974465341936298,0.162889660338916,-0.1455578341316129,0.1800337502760577,-0.17731670746764963,0.17658426328425808,-0.16189457371049754,0.16978443644885757,-0.1692597350694119,0.17743167157692452,0.18113019273257014,-0.17410011787044552,0.14891864709140815,-0.14095429235985119,0.12040304791056641,-0.11407467573965997,0.0922017950429002,-0.08253188078823838,0.04816440736771927,0.05550833279313433,0.16631377925200305,-0.15256065724891474,0.12759306440570217,-0.1196489235343617,0.07774728227068291,-0.09277816213778976,0.029506210854492343,-0.016868410694556295,-0.026404227813352735,0.10187806272514383,-0.03979844357315397,0.14495985545795684,-0.1469589363519319,0.1752154713429907,-0.17056336955316367,0.16883471870048453,-0.1564875265619554,0.15129713618859333,-0.14952151322469184,0.17395310735990202,0.17957232995874245,0.0834599024598531,0.12904147552547318,0.10380872700652995,0.08489606681526941,0.09515353798673286,0.06472719089905857,0.11715806731786547,0.06729841402176459,0.12006903711619728
0.1805830495888561,0.1026847667262346,0.12509006670570227,0.13961162649382516,0.11372489568633713,0.10053541659236849,0.11011498492043284,0.14869544989796157,0.24999999999999983,0.11711087360040527,-0.04936701809029915,0.18287439626495344,-0.1681784970042258,0.19653021984496577,-0.19375424686919507,0.19302781690472495,-0.17892673153826857,0.1996385227447351,-0.22207021965344242,0.21155097038168716,0.19804407650898545,-0.19115550636421902,0.16613146252178654,-0.15803949449177232,0.13718218210879943,-0.1311439029251769,0.10836544388278606,-0.09641614900458785,0.059113417670884585,0.04706339836481991,0.18065882959445964,-0.16530054981295672,0.13724517370605713,-0.12829129457802743,0.0813019247702859,-0.09843364990100656,0.027548639411507526,-0.013091428215184822,-0.035485127241720094,0.11464183206278734,-0.0434354135295506,0.1577371879448801,-0.16032305649986106,0.19053774579831043,-0.18530835967607184,0.1833528051533074,-0.16965187947811086,0.16374360013543987,-0.16210172420609453,0.1891510849751061,0.19556976309217597,0.09093012714713146,0.1410455134490708,0.1131801017026796,0.09224975353404824,0.1037726383248698,0.0702622805953551,0.12768142727555543,0.0729065233279796,0.13087407183705074
0.14807984618859377,0.09125046585896571,0.04130873546888321,0.13044846626666973,0.10374608193358442,0.12038378697498506,0.10360444054068203,0.12724488844323772,0.11711087360040527,0.25000000000000006,-0.03466529502718955,0.14339262083751192,-0.12635378886372164,0.16020173282527303,-0.1587604963037756,0.15820755875658765,-0.1468915857887757,0.14876612432580277,-0.14188677729444077,0.15385541853055373,0.16119873901739634,-0.15423781383220153,0.13009644720520688,-0.122581573918184,0.10324134530070302,-0.09720786326331265,0.0771994869057133,-0.06884305719595803,0.03851183030638419,0.05443982508013619,0.14838444482300336,-0.13612400629819393,0.11422258758392588,-0.10733132232264228,0.07082654688060039,-0.08442135125508082,0.02932734545846485,-0.018536191393102655,-0.019081462831577915,0.08845181307176736,-0.035203332253973846,0.12911811015022337,-0.1308475718763982,0.1563639869932335,-0.15242518140618502,0.15104020136280422,-0.1401887248418569,0.1357244344930511,-0.1339436981373476,0.15546627718470504,0.16020506965869274,0.07451530693927798,0.11480501591172144,0.09262590203686552,0.07590531495925071,0.08488734862804792,0.05791584676270088,0.10454007921746186,0.06024095541560957,0.10713840352160313
-0.0740622947433738,-0.04177478378781754,-0.05922651467926473,-0.04717902431356286,-0.03818000164503882,-0.02942331606147031,-0.04346413101172036,-0.03974465341936298,-0.04936701809029915,-0.03466529502718955,0.25000000000000006,-0.0857768119635399,0.08664847795913935,-0.06832507868953563,0.06059228425513707,-0.06029119840448752,0.054882903808538226,-0.056915884291872776,0.05480938328905917,-0.059273085103690226,-0.06563218325377478,0.06764013974307027,-0.05653302112335966,0.053112261250348285,-0.04431518450047106,0.04136362140764764,-0.032645757561981875,0.028283675963138584,-0.016441509164757718,-0.017749387776421263,-0.05745104736214464,0.05295902814033235,-0.04441668146581832,0.0416461844993466,-0.027171348506937507,0.032124716400400544,-0.010288430950194228,0.005567814033962045,0.009527888460513317,-0.03520005104468888,0.01398324847928639,-0.05014392188303472,0.05067581300744021,-0.06030195844118974,0.058598432906745636,-0.057899905203118024,0.05364730666435929,-0.05185705059595764,0.051262299583579425,-0.059665437379959906,-0.06170028963846287,-0.028577081003912343,-0.04444222158988323,-0.03555588308876232,-0.02910775248649573,-0.03259056008922269,-0.02221561377049867,-0.04017568412492501,-0.02318492064772712,-0.04115096972097059
0.21717767939082483,0.12607574311530312,0.12484181917950683,0.16387746039124065,0.1379551996804111,0.12618178870717972,0.1426236200650394,0.162889660338916,0.18287439626495344,0.14339262083751192,-0.0857768119635399,0.25000000000000006,-0.23225095102321705,0.23235267791849526,-0.21982107459702044,0.21906329330412797,-0.2041372098805622,0.2094681264493008,-0.20415015407152998,0.2162354302113552,0.22863919389698864,-0.2274793658554675,0.19511046205473975,-0.1847025242636738,0.15810515422742122,-0.14964624499486007,0.12131524516266512,-0.10788414093662406,0.06505651042102739,0.06348214894759077,0.20537982762368157,-0.18883724856892364,0.15770945088353183,-0.14757176671232186,0.09446988312284184,-0.11212896130805891,0.03198136132112213,-0.015382068831640023,-0.038969037302452735,0.12890546283942692,-0.049885098234662584,0.17930198247834242,-0.18153993310791433,0.21588750690955444,-0.20965679357920725,0.2071101800664563,-0.19165557953713466,0.18501192076474066,-0.1831526645672696,0.21365039639653796,0.22114268108395144,0.10254830317467471,0.159430752862764,0.12766165631320536,0.10422343941312293,0.11703918711473453,0.07939980350256268,0.14412948208338672,0.08265449658819164,0.1476836512546368
-0.19979902756852244,-0.11170872391639937,-0.1416973942499728,-0.14754681674314513,-0.12073594207865183,-0.1087952931269864,-0.1340553518492691,-0.1455578341316129,-0.1681784970042258,-0.12635378886372164,0.08664847795913935,-0.23225095102321705,0.25000000000000017,-0.21474186728895417,0.20227650777910255,-0.2015392317192674,0.18745628617650192,-0.1927761644949751,0.18712034003132888,-0.1989869279583962,-0.2112127484034234,0.21059098170156526,-0.18092007327798423,0.17122940989438754,-0.14638959297526788,0.13860248919559642,-0.11202405932633619,0.09944273956690707,-0.06002634537216603,-0.05694445078939786,-0.19031781671387954,0.17552326529396745,-0.14704009904159665,0.13763696044740598,-0.08873512007595752,0.10430273884855143,-0.030266354738457613,0.014209492681169994,0.03691010199205254,-0.11949189153364217,0.04677445172914166,-0.16637272867758854,0.16808299866078744,-0.19964749909065338,0.19370913668766887,-0.191158652952846,0.17688098508871056,-0.17074927834100861,0.16902151399010165,-0.19715811290210036,-0.20428394395749463,-0.09448685341316465,-0.1474717065954125,-0.11763700067905272,-0.09616337973737686,-0.10784051759269367,-0.0733258780294217,-0.13293626003375003,-0.07656381702685117,-0.1361557599735412
0.231607177416781,0.14038059754061885,0.10833242204869704,0.17986616607964834,0.15499595977671415,0.14334674664858738,0.1469180172697823,0.1800337502760577,0.19653021984496577,0.16020173282527303,-0.06832507868953563,0.23235267791849526,-0.21474186728895417,0.24999999999999986,-0.2373818248402535,0.23663129817349154,-0.2216940102655134,0.22698652822938187,-0.22141796647967413,0.23353595586382966,0.24466976714853628,-0.241876640009839,0.20957917110848023,-0.19887768733918534,0.17141637559812242,-0.16257550510647653,0.13229213504883125,-0.11836495159210068,0.07196166824771465,0.06780544192358144,0.22017437622905273,-0.20187434721680217,0.1680086515368786,-0.15708627468169073,0.09981101951283426,-0.11958756493099708,0.033103492460565515,-0.015441110451262084,-0.0434798969022704,0.13953042079287406,-0.0532653762662177,0.1923100487390831,-0.19510474526187002,0.23191731360678353,-0.22534416718268957,0.2227554939994724,-0.20607891774960502,0.19887655960536071,-0.19692617182740402,0.22983215430404486,0.2378220461555636,0.11042441396741157,0.1715257158637196,0.1374675550396323,0.11210639091272695,0.12603894354898054,0.08537175033770437,0.15513422965508725,0.08872005780376954,0.15898948744787733
-0.22109989578516728,-0.1384261738985212,-0.10246343115057142,-0.17725164205838762,-0.15845507744259377,-0.14024428801530897,-0.1580061503592371,-0.17731670746764963,-0.19375424686919507,-0.1587604963037756,0.06059228425513707,-0.21982107459702044,0.20227650777910255,-0.2373818248402535,0.24999999999999992,-0.24875529961281015,0.2339004184942448,-0.23635804056140738,0.21912278371477786,-0.23084981913807917,-0.23777236557262754,0.2295958199207686,-0.20301157973235892,0.19471478850061047,-0.174011069661635,0.16599853224188332,-0.1359402040241946,0.12264351445452436,-0.07603252701861825,-0.06446962097032558,-0.21741619501814455,0.19912118990018013,-0.16526025941234754,0.15434092911138392,-0.0970679537819131,0.11680378987591292,-0.030157404782083157,0.01226486062221375,0.0473405886619964,-0.14038199407864213,0.052733001900231516,-0.19009603788793347,0.19308389896054526,-0.2291555286222828,0.2225839352455215,-0.2199947595930669,0.20335824821772,-0.19608856858181647,0.1943090855380103,-0.22708197809120967,-0.2351321492397029,-0.10919483205147823,-0.16989809324943597,-0.13596930621030362,-0.11072012699140266,-0.12467903450663546,-0.08429873363958268,-0.15342373429401593,-0.08752861083865528,-0.15724424874108844
0.22035853209676948,0.13803982235412793,0.10218404137905651,0.176675354952532,0.1582392820676452,0.13954733924905632,0.15859162116171807,0.17658426328425808,0.19302781690472495,0.15820755875658765,-0.06029119840448752,0.21906329330412797,-0.2015392317192674,0.23663129817349154,-0.24875529961281015,0.2499999999999999,-0.23492335039828685,0.23708254974364792,-0.21843354185775962,0.2301138332772658,0.23702533383316546,-0.22884800421719612,0.20294697900093076,-0.19493099063617875,0.17500193730804373,-0.16702275688406726,0.13695138119456582,-0.12364865012249476,0.07700479068760945,0.06359192855954447,0.21665388026786966,-0.19834731255202376,0.16446172043018617,-0.15353517314023127,0.09622102225792285,-0.1159685299771891,0.02926020327570513,-0.011354920117996447,-0.04829328403352838,0.1405550971148102,-0.052567635731503824,0.18947073911994264,-0.19251493501254263,0.22840091079191677,-0.22182442375188513,0.21923262150108483,-0.20260604764891474,0.19531647286477846,-0.19359048809978166,0.22633379714654175,0.2344017723488735,0.10886866542818803,0.1694414718071568,0.13557487314979555,0.11034637120515245,0.12432211943084986,0.08400021413213525,0.15296631599381771,0.0871878972254801,0.15678068834025494
-0.20546226345066465,-0.12699616004018968,-0.09745433779990423,-0.16429977132995338,-0.15179284175401223,-0.12495763915281058,-0.16743147476679404,-0.16189457371049754,-0.17892673153826857,-0.1468915857887757,0.054882903808538226,-0.2041372098805622,0.18745628617650192,-0.2216940102655134,0.2339004184942448,-0.23492335039828685,0.24999999999999972,-0.22706078047028455,0.20457675115592258,-0.21570347989005192,-0.22214698824805315,0.21413883385322996,-0.1894110027143841,0.18192985757423294,-0.1636975014435017,0.15671235028456829,-0.13076090729856873,0.11856831349814667,-0.07443746210116432,-0.05897940483521065,-0.20343704777289792,0.1863777973985398,-0.154503395882083,0.14416489043736422,-0.08995268637297388,0.10789576187144892,-0.025902373655385603,0.009082022806357181,0.04713813291943661,-0.13288511464468813,0.0495108282944311,-0.177989037231578,0.1807451913762346,-0.21439105161411726,0.20806744385169026,-0.20550641116664373,0.18983645902438193,-0.18292309096757625,0.1813945557097603,-0.21223766421794618,-0.21994755058062465,-0.1021266706254666,-0.15905407613128153,-0.12720764826900408,-0.10347930971703038,-0.11665632924530998,-0.07873845417130004,-0.143515916435391,-0.08169639173595791,-0.14709820619863961
0.21077558977957903,0.13012246560425977,0.1065335568951575,0.16798109306017575,0.1488555196874897,0.13011255567796595,0.15018870299712891,0.16978443644885757,0.1996385227447351,0.14876612432580277,-0.056915884291872776,0.2094681264493008,-0.1927761644949751,0.22698652822938187,-0.23635804056140738,0.23708254974364792,-0.22706078047028455,0.2499999999999997,-0.2265636268967139,0.22825971072806592,0.22744250332894778,-0.21938131405259176,0.1957901015366832,-0.18876990475252794,0.1719167022735997,-0.16624449601719757,0.14491752574219227,-0.13313857646819835,0.08650276278427073,0.05403446445695758,0.20858240263974995,-0.1912575564382869,0.15795860691012878,-0.14697669763254875,0.0895574418815574,-0.10662914519027018,0.019727573040583497,-0.0018291599081874952,-0.057793853131012984,0.14132540041859062,-0.05142624424195466,0.18295809073097716,-0.1856995109774587,0.2197064665048713,-0.21269119354370317,0.2096434059846249,-0.19324690200922715,0.1858101953799796,-0.18466122950196157,0.2168377734088117,0.22533001024727242,0.10451824751438606,0.16348614289479438,0.1303085459844742,0.10568888983337281,0.11953389042537058,0.08030672195204511,0.14698824617750475,0.08321196764799012,0.15066424217728344
-0.20543102418860207,-0.12441230867525782,-0.11434547026408087,-0.16223380031637208,-0.13710516239572412,-0.1249319243838914,-0.13035603321471348,-0.1692597350694119,-0.22207021965344242,-0.14188677729444077,0.05480938328905917,-0.20415015407152998,0.18712034003132888,-0.22141796647967413,0.21912278371477786,-0.21843354185775962,0.20457675115592258,-0.2265636268967139,0.24999999999999958,-0.2374613939387672,-0.22211010993948785,0.21422099636574032,-0.18705804861101588,0.17837307062484203,-0.15667196924066262,0.1503723198673807,-0.12691518302692428,0.11467706323022395,-0.07189718472412236,-0.052083794739395624,-0.20339097402502562,0.1863531825230947,-0.15460867259207187,0.14432594814207556,-0.0905060416601659,0.10847932062583499,-0.027198201810181122,0.01069293114923057,0.04496811186178479,-0.13165885577258155,0.049391570380971216,-0.17788831294105717,0.18059277909294955,-0.2143822783892596,0.20813531486472434,-0.20562729506504387,0.19004103683956394,-0.18320925299038085,0.18159263316042712,-0.2123060912254299,-0.21990873911076855,-0.10212489084825288,-0.1588566413888867,-0.12718559439127552,-0.10354086444971237,-0.11662955545061113,-0.07879353029987386,-0.14349002006273107,-0.08175686814623927,-0.1470718593226561
0.2175243787506015,0.1348794533530398,0.10950164651396542,0.1732976563380218,0.14858848156362905,0.1367868235303457,0.14102215648414684,0.17743167157692452,0.21155097038168716,0.15385541853055373,-0.059273085103690226,0.2162354302113552,-0.1989869279583962,0.23353595586382966,-0.23084981913807917,0.2301138332772658,-0.21570347989005192,0.22825971072806592,-0.2374613939387672,0.24999999999999953,0.2342052553966189,-0.22608403646318387,0.19571234119840686,-0.18585224668020311,0.16083546078846261,-0.15333109457755165,0.12638310385618856,-0.1135764283270436,0.06906220692056673,0.06075807121700812,0.21458061662327135,-0.19685933682490495,0.16405819492611465,-0.15347425639947082,0.09805573001194236,-0.11709340983460906,0.0333506182937548,-0.016204335426059115,-0.041360116648119956,0.13539273884840003,-0.05193711345171287,0.18744547930775549,-0.19007679942080116,0.22599730994488196,-0.21963625891914476,0.21713203294886693,-0.20094140705497457,0.19398170506736528,-0.19200228551344223,0.22395615045508213,0.23168284527645527,0.10754559368935716,0.1670316202900893,0.13386260327452312,0.10925158113259514,0.12272578993358327,0.08323308422886114,0.15109285750054258,0.08653850931308445,0.15483528600833907
0.2288641306907185,0.14122230000981187,0.10627420082072618,0.18031981955088636,0.15579943234706828,0.14429968713988875,0.14762472417860134,0.18113019273257014,0.19804407650898545,0.16119873901739634,-0.06563218325377478,0.22863919389698864,-0.2112127484034234,0.24466976714853628,-0.23777236557262754,0.23702533383316546,-0.22214698824805315,0.22744250332894778,-0.22211010993948785,0.2342052553966189,0.24999999999999956,-0.24157520148750294,0.20910429322036703,-0.1983502536914183,0.17078483553016233,-0.16198308031739497,0.13171358415033113,-0.11784225531023225,0.0714219013926825,0.0684191053249596,0.22082963498273434,-0.2025251171146137,0.16865832180519771,-0.1577355725276428,0.100460295357249,-0.1202412337546877,0.033742300691436224,-0.01606231813603553,-0.04291757887572342,0.13953493007142667,-0.05341533153449584,0.19285983614649918,-0.1956208433610756,0.2325756406796913,-0.22600393352120074,0.22341719196372145,-0.20672252069167418,0.19952852769576757,-0.1975394394666761,0.230486245656241,0.23846900541620875,0.11071464060475933,0.17195094566495472,0.13782034399173126,0.11243013760970225,0.12635902628747786,0.08563015166794807,0.15554226623086861,0.08901093950420606,0.15940341123738805
-0.2264574818607111,-0.13497588667533922,-0.10732005618409825,-0.1739593995745658,-0.14918278739791288,-0.13789796771991417,-0.14113227818080643,-0.17410011787044552,-0.19115550636421902,-0.15423781383220153,0.06764013974307027,-0.2274793658554675,0.21059098170156526,-0.241876640009839,0.2295958199207686,-0.22884800421719612,0.21413883385322996,-0.21938131405259176,0.21422099636574032,-0.22608403646318387,-0.24157520148750294,0.24999999999999936,-0.2171592504795334,0.2063247650982671,-0.17862545935252047,0.16942874848357078,-0.13899050250560327,0.12461111500470654,-0.07837825806736091,-0.06081399963448374,-0.21265595195942733,0.19436167513571845,-0.1604962823896393,0.14958469813196817,-0.09232849269237677,0.11213820544134906,-0.025809279836003746,0.008331465818254934,0.050043109170049636,-0.13958090343165502,0.05152507908110149,-0.18600558226212693,0.18922750792520118,-0.22439590170226523,0.21783010756127308,-0.21524277726841223,0.19876842200240716,-0.19146753030487995,0.18995498878949463,-0.22239990584510208,-0.2304586585577787,-0.10713122236965804,-0.16670181235232767,-0.13346244991517395,-0.10842296518700614,-0.12240530768630523,-0.08243630992830837,-0.15049969016252324,-0.08540729230030865,-0.15428916736088225
0.19548875969542354,0.1125635166732209,0.09408114343978372,0.1482616989133405,0.12912175440928012,0.11555476193307049,0.12416699323126212,0.14891864709140815,0.16613146252178654,0.13009644720520688,-0.05653302112335966,0.19511046205473975,-0.18092007327798423,0.20957917110848023,-0.20301157973235892,0.20294697900093076,-0.1894110027143841,0.1957901015366832,-0.18705804861101588,0.19571234119840686,0.20910429322036703,-0.2171592504795334,0.24999999999999964,-0.2389532994745442,0.21108067262646937,-0.20119950056878472,0.17046247406988715,-0.15520811798058198,0.10920883560336547,0.02912952254658588,0.18028617277779022,-0.16200078830554934,0.12807036817508416,-0.11717562373435617,0.059851621840834694,-0.07972939411317281,-0.006464021731918542,0.02363574816626039,-0.08108610709873304,0.14139055026285255,-0.04421435708980275,0.15903382084221776,-0.16416926636522503,0.19202071580853006,-0.18545859090095168,0.18285839371338972,-0.1671781797277716,0.15938137967551688,-0.15979850235486204,0.19035738207326525,0.1987977660234917,0.09293397561938953,0.1462010569130296,0.11620019531594938,0.09250417316419957,0.10674619243238344,0.06978865306373924,0.13055285463343802,0.07115018752292142,0.13404610691467725
-0.1853192461240601,-0.10586431609972215,-0.09008537171350328,-0.14000165125456612,-0.1227025129851995,-0.10863934143438199,-0.11904412822518011,-0.14095429235985119,-0.15803949449177232,-0.122581573918184,0.053112261250348285,-0.1847025242636738,0.17122940989438754,-0.19887768733918534,0.19471478850061047,-0.19493099063617875,0.18192985757423294,-0.18876990475252794,0.17837307062484203,-0.18585224668020311,-0.1983502536914183,0.2063247650982671,-0.2389532994745442,0.24999999999999958,-0.22192038238474615,0.21194700853165988,-0.1811025836026417,0.16568608026204296,-0.11971525331464164,-0.018518810199941622,-0.16960607844910794,0.15133200786883025,-0.11739344165208586,0.1065076956227466,-0.04918017694163648,0.06905432353818627,0.017132340677530535,-0.03427215465412721,0.09161487772749062,-0.14214784485191123,0.04182822644573834,-0.15015607116914756,0.15592511760070252,-0.18133341599600178,0.17477362399309826,-0.17216903633143188,0.15674530814235196,-0.14877972713227378,0.14983285243229363,-0.1797725097098525,-0.18834518412751525,-0.08823860618429234,-0.13945952737620776,-0.11048965887825594,-0.08724078722376337,-0.10156544482494162,-0.06561569972048231,-0.12396113064993405,-0.06645303532576466,-0.1273534590357806
0.1592020218187798,0.08873013848860133,0.08029402160562786,0.11880579906082811,0.10662319034430622,0.09072522656298741,0.10698756996767582,0.12040304791056641,0.13718218210879943,0.10324134530070302,-0.04431518450047106,0.15810515422742122,-0.14638959297526788,0.17141637559812242,-0.174011069661635,0.17500193730804373,-0.1636975014435017,0.1719167022735997,-0.15667196924066262,0.16083546078846261,0.17078483553016233,-0.17862545935252047,0.21108067262646937,-0.22192038238474615,0.24999999999999956,-0.23964350905277249,0.20868561948703637,-0.19314162745023006,0.14715330008802371,-0.008847118802156304,0.14222477408886328,-0.12396580839150541,0.08999207248685907,-0.07912545485188259,0.021767329504980025,-0.041646717234944154,-0.04459069150516132,0.061722277205662014,-0.1190251591443632,0.14433756795755762,-0.035734065321556804,0.12742262179129676,-0.1348370514395904,0.15394278843483794,-0.14739016149935044,0.14477693219873145,-0.12999919078106192,0.12159079970398624,-0.12427950190511086,0.1526471525002195,0.16156846302043984,0.07620659263113182,0.12223034167073982,0.09585636745204111,0.0737454768807621,0.08829003393000139,0.054923035486723434,0.10707389271290495,0.05441922281878194,0.11020573119147674
-0.1507743704364884,-0.08355684616485091,-0.07762971450067035,-0.1123214534006344,-0.10112164642154921,-0.08516022836173229,-0.10253639846653374,-0.11407467573965997,-0.1311439029251769,-0.09720786326331265,0.04136362140764764,-0.14964624499486007,0.13860248919559642,-0.16257550510647653,0.16599853224188332,-0.16702275688406726,0.15671235028456829,-0.16624449601719757,0.1503723198673807,-0.15333109457755165,-0.16198308031739497,0.16942874848357078,-0.20119950056878472,0.21194700853165988,-0.23964350905277249,0.2499999999999995,-0.2184951722900093,0.20252818410674037,-0.15661875760843405,0.017655207823728432,-0.13659743674199407,0.12011037236496641,-0.08719742220672662,0.07622380010505331,-0.01865011244217566,0.03363594025544646,0.05327303193120767,-0.07058704325982211,0.12836073642905946,-0.14568389167889878,0.035867217642745856,-0.12321708907045638,0.12959705917605419,-0.14719540291649275,0.13984350808943227,-0.1364065197008617,0.12179072612101559,-0.11322666488390105,0.11643953841172039,-0.14433987144678198,-0.15401124809290992,-0.07222219928697697,-0.11734018016781729,-0.09106118504121732,-0.06969702354583271,-0.0839187998896154,-0.0517482508468191,-0.10177589305206353,-0.05127729174094742,-0.10471941432414389
0.12238230926797689,0.06662944771728332,0.06552348487279615,0.09017392190177745,0.08153653127135056,0.06714539648161877,0.0850895183826552,0.0922017950429002,0.10836544388278606,0.0771994869057133,-0.032645757561981875,0.12131524516266512,-0.11202405932633619,0.13229213504883125,-0.1359402040241946,0.13695138119456582,-0.13076090729856873,0.14491752574219227,-0.12691518302692428,0.12638310385618856,0.13171358415033113,-0.13899050250560327,0.17046247406988715,-0.1811025836026417,0.20868561948703637,-0.2184951722900093,0.24999999999999972,-0.23314068373519256,0.18728116398464156,-0.04795691497140045,0.11898318160053857,-0.11048066233365755,0.08246468135707694,-0.07105217214022405,0.012460694085096986,-0.00534368734748334,-0.08364856515524158,0.10106596102031544,-0.159033165262281,0.14901079632488792,-0.03765767741330311,0.11028768402812365,-0.11135801590189263,0.12449507758900323,-0.11350152354273953,0.10632193170020852,-0.09237826779120008,0.08334205185464198,-0.08845789440836403,0.11456018176199463,0.12728970639461346,0.05776831543736812,0.09952133122848054,0.07368954314354192,0.05534298704682419,0.06806371496607799,0.04039362849235946,0.08266434914212539,0.040317957279883444,0.08488996117861682
-0.10935977804415893,-0.05931537732184207,-0.057989521522282254,-0.0805747128613303,-0.07329808602896763,-0.059820880004150256,-0.07720858213085212,-0.08253188078823838,-0.09641614900458785,-0.06884305719595803,0.028283675963138584,-0.10788414093662406,0.09944273956690707,-0.11836495159210068,0.12264351445452436,-0.12364865012249476,0.11856831349814667,-0.13313857646819835,0.11467706323022395,-0.1135764283270436,-0.11784225531023225,0.12461111500470654,-0.15520811798058198,0.16568608026204296,-0.19314162745023006,0.20252818410674037,-0.23314068373519256,0.24999999999999975,-0.20267466393230277,0.062177409073704074,-0.11075425880475404,0.10539153685991563,-0.07986755712310108,0.06843471006054011,-0.00962990520421997,-0.005745815488615041,0.09544216790817094,-0.11407763083349548,0.17348103681197558,-0.15096356320229867,0.037991792186570075,-0.10397657530223342,0.10310380151824257,-0.11402248558292369,0.1016531266174789,-0.09305089584073964,0.07941690275795152,-0.07018431364529691,0.07612629466745365,-0.10139746603584557,-0.11524994595399943,-0.05142283778224192,-0.0916732566675465,-0.06604692580840986,-0.04887898090527858,-0.061088171238820405,-0.035352913903787704,-0.07421961794146707,-0.03542918790496824,-0.07614439154785123
0.06607368523744514,0.03293406653938002,0.038299232362858496,0.046612958576717815,0.04329382226154559,0.0327616585894367,0.04811258834547822,0.04816440736771927,0.059113417670884585,0.03851183030638419,-0.016441509164757718,0.06505651042102739,-0.06002634537216603,0.07196166824771465,-0.07603252701861825,0.07700479068760945,-0.07443746210116432,0.08650276278427073,-0.07189718472412236,0.06906220692056673,0.0714219013926825,-0.07837825806736091,0.10920883560336547,-0.11971525331464164,0.14715330008802371,-0.15661875760843405,0.18728116398464156,-0.20267466393230277,0.24999999999999983,-0.10888018393626941,0.08164248970129434,-0.08719310450986899,0.07153370295515407,-0.060355057217545825,0.0002757954669283221,0.042774053453799615,-0.13574539753383771,0.15900255483677547,-0.21932909358261723,0.15472668823341745,-0.03768536187639108,0.08044239734130422,-0.07296429811046058,0.07683025226369948,-0.059806125140092085,0.04641559990881344,-0.03389862377181799,0.023970686235337636,-0.0328888709827923,0.05524829608685822,0.0724237159454011,0.02954004532208925,0.06338129902415668,0.03966931391144821,0.026121304534533773,0.03703740546460046,0.017539305382207625,0.04478352930679785,0.017643923075313785,0.04579990396296302
0.06455130956118262,0.0479731981413463,0.013439601307843966,0.057011981713218474,0.05003357588720191,0.05072648291563258,0.042669699203628175,0.05550833279313433,0.04706339836481991,0.05443982508013619,-0.017749387776421263,0.06348214894759077,-0.05694445078939786,0.06780544192358144,-0.06446962097032558,0.06359192855954447,-0.05897940483521065,0.05403446445695758,-0.052083794739395624,0.06075807121700812,0.0684191053249596,-0.06081399963448374,0.02912952254658588,-0.018518810199941622,-0.008847118802156304,0.017655207823728432,-0.04795691497140045,0.062177409073704074,-0.10888018393626941,0.2499999999999995,0.05250033243880849,-0.04053067245432642,0.0340966485122623,-0.03558925395630179,0.04448223006318205,-0.07883237414997948,0.09458382374205122,-0.10087888685599644,0.10955439724037083,-0.026829416010255534,-0.0022179704504372987,0.04078269321045383,-0.04657316423313969,0.0611414269707438,-0.06812432059927617,0.07481799662590467,-0.07456447096762658,0.07713349664212998,-0.07103033845486353,0.07297076167600433,0.06655616211970419,0.03330525227838217,0.04145980062809399,0.039761219667600184,0.03610503677751383,0.036063679148416614,0.02880700809838209,0.044859819917112825,0.03036823119631784,0.046029564489526886
0.20570106680014064,0.13054690346057637,0.09735869728806724,0.16527757546914515,0.14313671959428406,0.13283052916499172,0.13656288792221655,0.16631377925200305,0.18065882959445964,0.14838444482300336,-0.05745104736214464,0.20537982762368157,-0.19031781671387954,0.22017437622905273,-0.21741619501814455,0.21665388026786966,-0.20343704777289792,0.20858240263974995,-0.20339097402502562,0.21458061662327135,0.22082963498273434,-0.21265595195942733,0.18028617277779022,-0.16960607844910794,0.14222477408886328,-0.13659743674199407,0.11898318160053857,-0.11075425880475404,0.08164248970129434,0.05250033243880849,0.24999999999999958,-0.23132187115740802,0.19717752350295586,-0.18495858392664552,0.1247323305511571,-0.11434040443644078,0.025682463379206384,-0.0008349095484644576,-0.05963595466099522,0.13990663505608988,-0.06943272109456304,0.20437717366170152,-0.19408125085737787,0.22782960726607993,-0.2139688472055974,0.203785203359171,-0.1875807835798107,0.1802660663431039,-0.17890218572371713,0.2105705454075827,0.22401247463910595,0.09890622077983864,0.16530058559385055,0.12362463927931959,0.10273895725990788,0.11331172516368707,0.0796446702255305,0.141773620313905,0.08526447237409142,0.1441743865430507
-0.18857530860194466,-0.12011390660347152,-0.09135379825156681,-0.15171396227138484,-0.13108200805197695,-0.12180662313011412,-0.1255210776652992,-0.15256065724891474,-0.16530054981295672,-0.13612400629819393,0.05295902814033235,-0.18883724856892364,0.17552326529396745,-0.20187434721680217,0.19912118990018013,-0.19834731255202376,0.1863777973985398,-0.1912575564382869,0.1863531825230947,-0.19685933682490495,-0.2025251171146137,0.19436167513571845,-0.16200078830554934,0.15133200786883025,-0.12396580839150541,0.12011037236496641,-0.11048066233365755,0.10539153685991563,-0.08719310450986899,-0.04053067245432642,-0.23132187115740802,0.24999999999999967,-0.21531893399079452,0.20188770394597919,-0.1395950852206467,0.10916874705741154,-0.01944966102427778,-0.00994200902552121,0.07047759371849431,-0.1377336130878833,0.07810507903602086,-0.20696417594687533,0.18843130089499407,-0.2195820628613405,0.2016485315194678,-0.18701567382239043,0.1713181010594837,-0.16390261263370848,0.1627805659566894,-0.19294774087702765,-0.20956660072144515,-0.08896719130837845,-0.15707862823249347,-0.11158787902477105,-0.0941625582176573,-0.10225098737592356,-0.07415760142043126,-0.12961930070918176,-0.08084816081526541,-0.13102515974839174
