x1,x2,x3,x4,x5,x6,x7,x8,x9,x10,x11,x12,x13,x14,x15,x16,x17,x18,x19,x20,x21,x22,x23,x24,x25,x26,x27,x28,x29,x30,x31,x32,x33,x34,x35,x36,x37,x38,x39,x40,x41,x42,x43,x44,x45,x46,x47,x48,x49,x50,x51,x52,x53,x54
0.25000000000000006,0.1906066502765108,0.15052065366898087,0.19117440548771472,-0.05594311473337116,0.1906063862188992,-0.16022479822805488,0.1906089111895356,0.2422613295051734,0.1073686544365538,0.19121709702445908,0.16122138664318578,-0.14512753510638723,0.19060672536586742,-0.1404602663443537,0.1912534449351401,0.1911951579297177,-0.13060074801169866,0.19060877893399497,-0.16112152210359712,-0.13386030377678448,-0.1003058768850193,0.1906084392830541,0.1912129745389744,0.19060975159260746,0.13316905318014155,0.13150309805632196,-0.19071174191451692,-0.18492044477591157,-0.09621092585352108,-0.1572175154765859,0.0685256471211618,-0.18814927117094332,-0.17188793743552314,-0.18334682733068083,-0.22754619638889562,-0.18358706552056853,-0.1478668725855189,-0.15757884892537907,-0.18435465602071804,0.13544919676207637,-0.17878319114239002,-0.18873380522919397,-0.1524967245731749,-0.18652939970965499,-0.18843320790717316,0.16433977950475945,-0.19010670901054005,0.10675284389197186,-0.18868005141642966,-0.15294062957236781,-0.1897344164825755,0.1498664862701798,-0.18753448806186013
0.1906066502765108,0.25,0.2081200484998194,0.24941339205828375,-0.11201400008875766,0.2499973831161338,-0.21739307481762496,0.2499954464023025,0.19622971489119714,0.16368505349564555,0.24930214146295754,0.2188114481280958,-0.17325078064896485,0.2499975689555203,-0.1997599336430642,0.24933534251838357,0.24939585072044856,-0.17663873514703549,0.2499952099053577,-0.2202363638965057,-0.18754666507709333,-0.15258845122958334,0.24999696059041732,0.2493722194378345,0.24999447252851686,0.19013848981401643,0.18608921758208063,-0.24800518792731518,-0.23494443945143997,-0.1512066237240247,-0.2050950087579511,0.12531567082986264,-0.24732708839646808,-0.22240108492577806,-0.2405019300210596,-0.17941547996050397,-0.2408068035593979,-0.19996250700466547,-0.21285788679637233,-0.24179319580232833,0.19479516948353173,-0.2344552101200415,-0.2459431381294753,-0.19938265548905065,-0.24312531805584048,-0.24732534344113916,0.22340343429140888,-0.2467788660997394,0.16471642849295348,-0.24802050325026997,-0.19985230373551674,-0.247215992444384,0.17747808609789578,-0.24663635405481307
0.15052065366898087,0.2081200484998194,0.25000000000000006,0.20869965875827165,-0.15146763151036552,0.20812010896861916,-0.1776832272381515,0.20812269063762895,0.1557852246777274,0.20146728876125583,0.20880908405602785,0.17836824111996416,-0.1361672857732446,0.20812017213729958,-0.15791526666302375,0.20878060100754003,0.20872120718615636,-0.13485711705560147,0.20812226517235197,-0.18113777437688652,-0.14798991949804186,-0.11093395677191915,0.20812238012849188,0.2087170998556972,0.20812308939660723,0.22654013357970756,0.14649814136112246,-0.2077590292451659,-0.19645688624699692,-0.19308179712105308,-0.1731311304235931,0.16298160405298415,-0.20672624554575594,-0.18691778906581527,-0.20018755835179272,-0.1460132259824688,-0.2004564201212305,-0.24072820905239958,-0.173524205778878,-0.20128192972463807,0.1529519711108287,-0.19362263302727464,-0.20651634762608198,-0.16709519343971901,-0.2012602976955404,-0.20672438483637767,0.18156294172410156,-0.20643575513076917,0.12304194199675497,-0.20715256963971307,-0.16890883846934268,-0.2070937496623732,0.1356135785232951,-0.20522239917452959
0.19117440548771472,0.24941339205828375,0.20869965875827165,0.25,-0.11150123391212373,0.24941329962263062,-0.216815522934538,0.24941513864719422,0.19675657997566073,0.16416563596104958,0.24977833792687507,0.21937847298634125,-0.17268113946222807,0.24941348594894136,-0.19919369350662863,0.24981452433849793,0.24977864894325774,-0.17607775046889607,0.24941474495746174,-0.21967750360086613,-0.18704732681264977,-0.15202703306552887,0.24941506421497228,0.24977074872815538,0.2494153941685249,0.19067610900464538,0.18660448481370462,-0.24858600822399088,-0.2355236631090569,-0.1517884103012967,-0.20567651679776286,0.12473221282571975,-0.24677176712941537,-0.22186794843497804,-0.2399200267410733,-0.17999716700896548,-0.24023320789166933,-0.20054401514988257,-0.21343948855341602,-0.24122981514363065,0.19421144925932843,-0.2338932864970568,-0.24652227094750592,-0.19996428975618125,-0.24254592781051432,-0.24674704285554838,0.22281952765275204,-0.24619751231496312,0.16413287454380127,-0.24743918388046074,-0.2004339384994363,-0.24779652551674558,0.17689448736795504,-0.24605603589970548
-0.05594311473337116,-0.11201400008875766,-0.15146763151036552,-0.11150123391212373,0.24999999999999994,-0.11201390339844483,0.13719772554602852,-0.11201217274578831,-0.06045535425568632,-0.10881391553855395,-0.1114666132907975,-0.08112738605109347,0.12040128434796984,-0.11201400565348825,0.09387850633837164,-0.11143196759797842,-0.11148497610251812,0.11606343471902343,-0.11201204760093393,0.14038176786340664,0.08830714585535225,0.05488273199464646,-0.11201335350632244,-0.11146427272336887,-0.11201084016172096,-0.14280005800575257,-0.05432981545899385,0.11075682989432623,0.10363297044196904,0.11019974779292921,0.09222636382115285,-0.23008333376916734,0.11136761433532341,0.09583723076734459,0.10776059566909921,0.05909305159622976,0.10789909758563326,0.15101770530791894,0.07731302824199936,0.1083295198108848,-0.09070274908673143,0.10135910522147701,0.11027885495210694,0.08872883149639314,0.10544024505498964,0.11296898582862988,-0.13639212553492702,0.11081146770752619,-0.062365794459385115,0.11119245762057617,0.0905083239939819,0.11032356546664714,-0.11374514495695746,0.10954439635613751
0.1906063862188992,0.2499973831161338,0.20812010896861916,0.24941329962263062,-0.11201390339844483,0.2499999999999999,-0.2173929387515689,0.24999535798838043,0.19622945753345195,0.16368516687374743,0.24930204861584535,0.21881139939047803,-0.1732506026493516,0.24999748055756602,-0.19975985934156837,0.2493352495296869,0.24939575814796203,-0.1766385883680347,0.24999512149165826,-0.22023622979983343,-0.18754658989581727,-0.15258840660885906,0.24999687218348518,0.2493721267642479,0.24999438410911523,0.1901385533668517,0.18608919539736052,-0.24800509418188185,-0.23494434205212777,-0.15120673956806205,-0.20509493502571752,0.1253155893914799,-0.2473270034060713,-0.22240101236268278,-0.24050184506067415,-0.17941523597842066,-0.2408067184617541,-0.19996256230880508,-0.21285784066190994,-0.2417931102784282,0.19479509900078584,-0.2344551278718881,-0.24594304672190662,-0.19938258247913335,-0.24312523213057463,-0.24732525554447335,0.22340329884166002,-0.2467787772295084,0.16471638885051823,-0.24802041842382,-0.19985223157893697,-0.24721589995023455,0.17747790425098264,-0.2466362691968976
-0.16022479822805488,-0.21739307481762496,-0.1776832272381515,-0.216815522934538,0.13719772554602852,-0.2173929387515689,0.25000000000000006,-0.21739106131653138,-0.1654899295251885,-0.1338163202984858,-0.21670697724093976,-0.18715328828482172,0.17258075618954283,-0.217393057262269,0.16750384433127566,-0.21673812562514347,-0.21679790235063937,0.1739564850361356,-0.21739086793632006,0.2304456108195641,0.1564309132846182,0.12206110690858807,-0.2173924405845932,-0.21677514734106476,-0.21738998486435618,-0.1610693832730947,-0.15486766034580046,0.21556231493394104,0.20392943555188747,0.12168705403785844,0.17815949319812416,-0.1512425223833196,0.21514777295827675,0.1903667011433531,0.20913727135809626,0.1527959497818231,0.2094018873679943,0.1701927748549893,0.181889325385747,0.21025910657776548,-0.1627150174932785,0.20344964728884313,0.21375551674716747,0.17329158873947637,0.21067480559782467,0.21501751200551003,-0.23523807751507472,0.21448150721559717,-0.1330627119862699,0.21546581830132158,0.17370277123101577,0.2148606216621645,-0.1754478872466839,0.21420150970032817
0.1906089111895356,0.2499954464023025,0.20812269063762895,0.24941513864719422,-0.11201217274578831,0.24999535798838043,-0.21739106131653138,0.2499999999999999,0.19623183504427524,0.16368729465456866,0.24930439196379686,0.218814039878426,-0.17324867642228992,0.2499955438294943,-0.19975793821380375,0.24933760508175176,0.24939772461097115,-0.17663671950957285,0.24999319936952982,-0.22023443146629407,-0.18754491569788964,-0.1525864200500905,0.24999494428388852,0.24937415669104043,0.24999246758421917,0.1901409495970327,0.18609156724064452,-0.2480078575865076,-0.2349470735370097,-0.15120926014342703,-0.2050976261952883,0.12531357775252094,-0.24732517688536665,-0.22239922142131982,-0.24049990112069863,-0.17941780427378606,-0.2408048085760651,-0.19996513418623388,-0.21286052627098995,-0.24179124331931384,0.1947930994876371,-0.23445325262437725,-0.245945799502841,-0.19938526689184635,-0.2431232983286367,-0.24732333886133748,0.2234014025089913,-0.24677684214314446,0.1647143317386375,-0.24801848890060244,-0.1998549157650467,-0.2472186609844985,0.17747592575698756,-0.246634340796814
0.2422613295051734,0.19622971489119714,0.1557852246777274,0.19675657997566073,-0.06045535425568632,0.19622945753345195,-0.1654899295251885,0.19623183504427524,0.25,0.11159996406888013,0.1967935095159149,0.16664224098232341,-0.1494345376949385,0.19622979288548623,-0.14607500730921086,0.19682998985616562,0.19677593252454678,-0.13499277346503266,0.19623168498330018,-0.1665303554431157,-0.13923227338527905,-0.10425019040828175,0.19623142819586112,0.19679263858051518,0.19623259456707873,0.1379125710188253,0.1357647915502153,-0.19625404456536708,-0.19023394804998578,-0.10022875254616816,-0.16184610017444662,0.0730812349083473,-0.19372455079513326,-0.17684911846825424,-0.18875686745449285,-0.23217419672538445,-0.18900373316807867,-0.15303957276274538,-0.16291420660994432,-0.1897930578703276,0.14103755119336794,-0.18389796443180315,-0.19423725211502194,-0.15699617210164618,-0.19196767472027998,-0.19401788196763703,0.1697405002034099,-0.1956868822370608,0.11105932279907685,-0.19426558257663795,-0.15741488831850886,-0.19526225879288447,0.1541171748882051,-0.1930558742742699
0.1073686544365538,0.16368505349564555,0.20146728876125583,0.16416563596104958,-0.10881391553855395,0.16368516687374743,-0.1338163202984858,0.16368729465456866,0.11159996406888013,0.24999999999999994,0.16426006238270077,0.13389541666920418,-0.09305861440828697,0.16368512437241342,-0.11349665681816011,0.16423269911705557,0.16418343128592064,-0.09055860104808046,0.16368690878793482,-0.1366757545544487,-0.1055491567047739,-0.07064226029283735,0.16368735373028998,0.16417904329379931,0.1636875746858007,0.1880154813328706,0.10595799923096383,-0.16338659947662187,-0.15408445279532182,-0.23678073525473156,-0.13590150428427536,0.11724081117831171,-0.16228409762616727,-0.14762583871440174,-0.1574451118124001,-0.10334769210056731,-0.15765741592768856,-0.19489823403648637,-0.1291444426499402,-0.15830609365526493,0.10912357725869996,-0.15055255241825952,-0.1626096681581951,-0.13093165208629617,-0.15687312707517276,-0.16256185695857173,0.1372720542530692,-0.16231420393189688,0.07883015755008857,-0.1655253406783232,-0.1329609910806645,-0.16284987787197255,0.09132733581248273,-0.1609186576234433
0.19121709702445908,0.24930214146295754,0.20880908405602785,0.24977833792687507,-0.1114666132907975,0.24930204861584535,-0.21670697724093976,0.24930439196379686,0.1967935095159149,0.16426006238270077,0.25,0.2194209941473096,-0.1725757175203396,0.24930223490506603,-0.19908474017021482,0.24984533479303134,0.24979658170231087,-0.17596965242936086,0.24930397727702763,-0.21957196767328954,-0.18694909059550208,-0.1519187454485033,0.24930410540168518,0.24979078317165193,0.24930481161220136,0.19077825219698363,0.18664074703892267,-0.24863054430717246,-0.23556939368036503,-0.1518997630761849,-0.2057278606997292,0.12468712895628854,-0.24666538413106726,-0.2217686246584008,-0.23981032613396674,-0.18004717280688382,-0.24012457995696257,-0.20065565322175738,-0.2134848450562259,-0.24112241169755944,0.1941001632378636,-0.23378579868275134,-0.2465672543238087,-0.20001536527348013,-0.24243529036122768,-0.2466376148670167,0.22270840811937312,-0.24608788018668182,0.16402170036099753,-0.24732909677101655,-0.20048612250834727,-0.24784112470748834,0.176783280316276,-0.24594566062993062
0.16122138664318578,0.2188114481280958,0.17836824111996416,0.21937847298634125,-0.08112738605109347,0.21881139939047803,-0.18715328828482172,0.218814039878426,0.16664224098232341,0.13389541666920418,0.2194209941473096,0.25000000000000017,-0.1444148762252739,0.21881168153615704,-0.1687301554392278,0.21945764574242846,0.21939961041731545,-0.14617159217644007,0.21881362027424936,-0.1891115556607042,-0.15885003831261874,-0.1218504556425793,0.21881348590501223,0.21939523677167946,0.21881477223741003,0.1611782490933408,0.21271692621030788,-0.2184086324440986,-0.2068027201206261,-0.12281249547042704,-0.1837876821473018,0.09414366685925711,-0.2168739233869832,-0.19261139436809555,-0.21047733106529218,-0.15314664443289958,-0.21075461488103794,-0.1703761514075371,-0.24215797762644245,-0.21163305072069585,0.16383649908897743,-0.2043033828893802,-0.21657140493947274,-0.1797215081469535,-0.21369645373318705,-0.21620840276881315,0.19221953918187698,-0.21634587453451237,0.1339252621012196,-0.21684583862159582,-0.1760605964194843,-0.21814945331940785,0.14633927809982444,-0.21620329989479914
-0.14512753510638723,-0.17325078064896485,-0.1361672857732446,-0.17268113946222807,0.12040128434796984,-0.1732506026493516,0.17258075618954283,-0.17324867642228992,-0.1494345376949385,-0.09305861440828697,-0.1725757175203396,-0.1444148762252739,0.2500000000000001,-0.17325078391374085,0.15416168829684768,-0.1726044513104284,-0.17266333074972012,0.2104881485620473,-0.1732485921044261,0.18321064718881788,0.14653285713367914,0.11489148766486833,-0.1732499449016343,-0.17265553045646112,-0.173247652804585,-0.11885348729220217,-0.11422107698793076,0.17198554798876992,0.16215425440072348,0.08957436386980766,0.14183704141975695,-0.1295796084094553,0.17081999681759394,0.1534565235868536,0.16667422093584525,0.1414566937889549,0.16688343427308291,0.13315299226395233,0.13989944547472294,0.16756598433713432,-0.15070650924674595,0.16014228512199544,0.17026210373419942,0.13793684807169324,0.1686106815580073,0.17130853450849304,-0.17253367670659697,0.17127762134715097,-0.1214208585290999,0.17141719287587073,0.13816358998902792,0.1710745928794535,-0.2288590211001453,0.17028379680736852
0.19060672536586742,0.2499975689555203,0.20812017213729958,0.24941348594894136,-0.11201400565348825,0.24999748055756602,-0.217393057262269,0.2499955438294943,0.19622979288548623,0.16368512437241342,0.24930223490506603,0.21881168153615704,-0.17325078391374085,0.25000000000000017,-0.1997600157430529,0.24933543592389623,0.24939594449240898,-0.17663873240389963,0.24999530733288258,-0.22023635398970196,-0.187546746007316,-0.1525884983434126,0.2499970580237989,0.24937231314370378,0.24999456995142477,0.190138603420363,0.1860894203695918,-0.24800528054979132,-0.23494452782138756,-0.15120669002172274,-0.20509509450969352,0.125315675915334,-0.24732718636868622,-0.22240117245022517,-0.24050202382972577,-0.17941555376492263,-0.240806897457591,-0.19996262958315256,-0.21285811508456604,-0.24179329003405445,0.19479524964969852,-0.23445529774136728,-0.24594323019654207,-0.19938274060482866,-0.24312541621278785,-0.24732544100915452,0.22340342254661696,-0.24677896466231217,0.16471648510702538,-0.24802059937378762,-0.19985237871036368,-0.24721608597767336,0.1774780840127196,-0.24663645104108362
-0.1404602663443537,-0.1997599336430642,-0.15791526666302375,-0.19919369350662863,0.09387850633837164,-0.19975985934156837,0.16750384433127566,-0.19975793821380375,-0.14607500730921086,-0.11349665681816011,-0.19908474017021482,-0.1687301554392278,0.15416168829684768,-0.1997600157430529,0.25000000000000006,-0.19911767794230467,-0.19917625782754964,0.15907188412736692,-0.19975778532011657,0.17083718574531181,0.2306903763869964,0.20150919981622517,-0.1997592375876381,-0.19915328652553843,-0.19975701664765783,-0.1413072236920254,-0.13793996824916516,0.19804235021123412,0.18719239265076298,0.11008712617078371,0.16350222687246072,-0.1051820419459253,0.1978236066854728,0.17881398524576436,0.19217521659239742,0.1355702358740967,0.19241736561289613,0.15346320157566576,0.1630275690953181,0.1932052463137086,-0.24344370937062423,0.18427842455660992,0.1963855093009289,0.15911086941201313,0.19532467589467453,0.1974680016596819,-0.17320993459604103,0.19656669374223465,-0.2143712997793458,0.19782066529508527,0.15955101030065763,0.1973578559963942,-0.15347745614323555,0.1965463347097202
0.1912534449351401,0.24933534251838357,0.20878060100754003,0.24981452433849793,-0.11143196759797842,0.2493352495296869,-0.21673812562514347,0.24933760508175176,0.19682998985616562,0.16423269911705557,0.24984533479303134,0.21945764574242846,-0.1726044513104284,0.24933543592389623,-0.19911767794230467,0.25000000000000017,0.2498328690548305,-0.17600228462194992,0.24933718988508377,-0.2196026845289388,-0.1869803692573746,-0.15195133641191916,0.24933731332903777,0.2498271207410972,0.24933802878330655,0.19075115114978874,0.18667634332691424,-0.24866730813377877,-0.2356046406477242,-0.15186922235403646,-0.20575759233968594,0.12465337935067336,-0.24669763308658624,-0.22179666331321457,-0.23984220442335902,-0.18007795932046858,-0.2401565243701471,-0.20062512535909302,-0.21352060763830352,-0.2411545364011879,0.19413300400687725,-0.2338181546768733,-0.24660332547363542,-0.20004533879428985,-0.24246846687574564,-0.2466697647758693,0.2227413054470682,-0.24611980993635038,0.16405424225171986,-0.24736149898880835,-0.20051499459949454,-0.2478777804686972,0.17681592111022013,-0.24597847680959486
0.1911951579297177,0.24939585072044856,0.20872120718615636,0.24977864894325774,-0.11148497610251812,0.24939575814796203,-0.21679790235063937,0.24939772461097115,0.19677593252454678,0.16418343128592064,0.24979658170231087,0.21939961041731545,-0.17266333074972012,0.24939594449240898,-0.19917625782754964,0.2498328690548305,0.2500000000000001,-0.1760602808983278,0.24939732561245984,-0.21966053769539595,-0.1870320409780188,-0.15200933777394424,0.24939759656621344,0.24978637119610006,0.2493980216233722,0.1906960546488763,0.18662358337668325,-0.2486077716617499,-0.23554525372284607,-0.15180951214207355,-0.2056979385332739,0.12471369270923448,-0.24675517611635578,-0.22185188473503129,-0.2399024762375087,-0.18001823794227978,-0.2402159404872713,-0.20056552769877442,-0.21346106382964739,-0.24121290112116167,0.19419337524482333,-0.23387635645632773,-0.24654396101889758,-0.19998566540836324,-0.24252848207792185,-0.2467296744087252,0.22280174357655758,-0.24618003534590827,0.16411454573302622,-0.2474217204012244,-0.20045531431614486,-0.24781827380939733,0.17687623243376394,-0.24603859380672838
-0.13060074801169866,-0.17663873514703549,-0.13485711705560147,-0.17607775046889607,0.11606343471902343,-0.1766385883680347,0.1739564850361356,-0.17663671950957285,-0.13499277346503266,-0.09055860104808046,-0.17596965242936086,-0.14617159217644007,0.2104881485620473,-0.17663873240389963,0.15907188412736692,-0.17600228462194992,-0.1760602808983278,0.2500000000000002,-0.1766365962909323,0.1855954637552245,0.15077156749611387,0.12202092183068433,-0.17663793180658718,-0.17604395575954607,-0.1766356633852319,-0.11805660538830304,-0.11786679512100426,0.17516839585030275,0.1651769102584456,0.08651435332027217,0.14442379399682193,-0.1254988814400495,0.17417632966620822,0.15628126792410224,0.1699333067145248,0.126260551329269,0.17014671656469704,0.1307132948120245,0.14124484342350666,0.17084328875784652,-0.15604380494587164,0.16371319479010352,0.17357667600636842,0.1406081618879913,0.17115098866510978,0.17454529831728238,-0.174552211270802,0.17411052885748576,-0.12892794646754022,0.17470834978434732,0.14090756456561884,0.17442629310044075,-0.2223032831011407,0.17377356674753971
0.19060877893399497,0.2499952099053577,0.20812226517235197,0.24941474495746174,-0.11201204760093393,0.24999512149165826,-0.21739086793632006,0.24999319936952982,0.19623168498330018,0.16368690878793482,0.24930397727702763,0.21881362027424936,-0.1732485921044261,0.24999530733288258,-0.19975778532011657,0.24933718988508377,0.24939732561245984,-0.1766365962909323,0.25,-0.2202342268375596,-0.18754476919225785,-0.15258631477474693,0.24999470741818994,0.24937375510981108,0.24999223024630918,0.19014054822154913,0.18609119550153919,-0.24800742780807197,-0.2349466706048826,-0.1512088655548288,-0.20509725110172833,0.1253134450879046,-0.2473249379992938,-0.2223990163855813,-0.24049967699122976,-0.17941766458071817,-0.2408045826285453,-0.19996472832850273,-0.2128601265170074,-0.24179101433211608,0.19479295532628518,-0.23445302953668154,-0.245945371685333,-0.19938489896545158,-0.24312307335770938,-0.24732310447665615,0.22340120036784186,-0.2467766131334605,0.16471420732902162,-0.2480182527579275,-0.19985454784008433,-0.2472182312335994,0.17747585353998963,-0.24663410637552127
-0.16112152210359712,-0.2202363638965057,-0.18113777437688652,-0.21967750360086613,0.14038176786340664,-0.22023622979983343,0.2304456108195641,-0.22023443146629407,-0.1665303554431157,-0.1366757545544487,-0.21957196767328954,-0.1891115556607042,0.18321064718881788,-0.22023635398970196,0.17083718574531181,-0.2196026845289388,-0.21966053769539595,0.1855954637552245,-0.2202342268375596,0.2500000000000002,0.159516519881137,0.12476038119251523,-0.22023578727546772,-0.2196375171826033,-0.22023336960867135,-0.16396011592854337,-0.156503462063148,0.21841356081901875,0.20657030410301278,0.12467268519843247,0.18054509598448845,-0.15455443198907623,0.21782822899643786,0.19298203743663073,0.2118719370445994,0.15435377927266486,0.21214035407297469,0.17358353722919376,0.18355405462626712,0.213008973332932,-0.16604376095512224,0.2060316356542273,0.21659860691015873,0.17560501506579615,0.2134114131917416,0.21786901777802362,-0.23264144357569366,0.21730999139530954,-0.13605228588359553,0.21829753360621448,0.1760493012883261,0.2176993250399247,-0.18790899851223042,0.21703240537253532
-0.13386030377678448,-0.18754666507709333,-0.14798991949804186,-0.18704732681264977,0.08830714585535225,-0.18754658989581727,0.1564309132846182,-0.18754491569788964,-0.13923227338527905,-0.1055491567047739,-0.18694909059550208,-0.15885003831261874,0.14653285713367914,-0.187546746007316,0.2306903763869964,-0.1869803692573746,-0.1870320409780188,0.15077156749611387,-0.18754476919225785,0.159516519881137,0.25000000000000006,0.19239373019444603,-0.18754608061222688,-0.1870114564091525,-0.187544098989035,-0.13206370933183004,-0.12943884773651554,0.18598859637021306,0.17589689635584346,0.10287752198735713,0.15358424129935697,-0.09906807201486117,0.1857202968898709,0.1680255836620409,0.18042503036364366,0.12959728402548465,0.1806526309175899,0.1441006319199374,0.15348486847824475,0.18139283144942578,-0.23457044354910345,0.17284231013097023,0.18442198503262236,0.14946668549805964,0.18349543724853648,0.18539089452386964,-0.16186110965459946,0.1845780223248339,-0.2046988856026813,0.18570104331002446,0.14982154748829546,0.1853357179602109,-0.1455056749224499,0.1844966976764593
-0.1003058768850193,-0.15258845122958334,-0.11093395677191915,-0.15202703306552887,0.05488273199464646,-0.15258840660885906,0.12206110690858807,-0.1525864200500905,-0.10425019040828175,-0.07064226029283735,-0.1519187454485033,-0.1218504556425793,0.11489148766486833,-0.1525884983434126,0.20150919981622517,-0.15195133641191916,-0.15200933777394424,0.12202092183068433,-0.15258631477474693,0.12476038119251523,0.19239373019444603,0.2500000000000001,-0.1525875522343487,-0.1519886854503206,-0.1525855860034035,-0.09825567912018988,-0.09408343473945818,0.15107720280710465,0.14241206078984253,0.06953893269736879,0.12427152073670608,-0.06318793756786897,0.1516206107748643,0.1372051221516909,0.14679819952053175,0.09580436581351971,0.14698130863037187,0.10778137866376358,0.11618433772088478,0.1475826415212052,-0.20475195271758467,0.13747468633928217,0.1497763686473258,0.12103680008668971,0.14978238043677744,0.15056742333615497,-0.12720667750033962,0.14983342362807062,-0.23523625642961285,0.15078696740220612,0.12161186090101804,0.15052972851309235,-0.11405374086588124,0.14950471122846817
0.1906084392830541,0.24999696059041732,0.20812238012849188,0.24941506421497228,-0.11201335350632244,0.24999687218348518,-0.2173924405845932,0.24999494428388852,0.19623142819586112,0.16368735373028998,0.24930410540168518,0.21881348590501223,-0.1732499449016343,0.2499970580237989,-0.1997592375876381,0.24933731332903777,0.24939759656621344,-0.17663793180658718,0.24999470741818994,-0.22023578727546772,-0.18754608061222688,-0.1525875522343487,0.25,0.2493740019168068,0.24999397327760406,0.19014066117942213,0.18609099994740172,-0.2480073909262588,-0.23494658599961354,-0.15120912827223607,-0.20509707037404207,0.12531490132932632,-0.2473266370441019,-0.2224006043568385,-0.24050139174018906,-0.17941727716788267,-0.24080628574759017,-0.19996480528993818,-0.21285993340821557,-0.24179270518580442,0.19479441266963332,-0.23445468460711372,-0.24594533306161895,-0.1993846934781324,-0.24312478302310894,-0.24732483940078828,0.22340280314323982,-0.24677835110423652,0.16471552336340395,-0.24802000693381823,-0.1998543501674882,-0.24721819245178744,0.17747721097281893,-0.24663583846815415
0.1912129745389744,0.2493722194378345,0.2087170998556972,0.24977074872815538,-0.11146427272336887,0.2493721267642479,-0.21677514734106476,0.24937415669104043,0.19679263858051518,0.16417904329379931,0.24979078317165193,0.21939523677167946,-0.17265553045646112,0.24937231314370378,-0.19915328652553843,0.2498271207410972,0.24978637119610006,-0.17604395575954607,0.24937375510981108,-0.2196375171826033,-0.1870114564091525,-0.1519886854503206,0.2493740019168068,0.25000000000000006,0.24937447445022012,0.1906915635848527,0.1866190267854379,-0.24860399120895937,-0.2355423138957784,-0.1518071466318825,-0.2056962633763565,0.12469169523391885,-0.24673206053741528,-0.22183110797439998,-0.2398794070085778,-0.18003687097231366,-0.24019299343978173,-0.20056276194981335,-0.2134575297380483,-0.24119007143249419,0.19417014124330423,-0.233853860707788,-0.2465400695042722,-0.19998418085240793,-0.2425061579718726,-0.24670626796310632,0.22277849394025637,-0.2461570315809074,0.16409190682071112,-0.2473981792735274,-0.20045385293796603,-0.24781434028433663,0.1768693233654666,-0.24601508742005884
0.19060975159260746,0.24999447252851686,0.20812308939660723,0.2494153941685249,-0.11201084016172096,0.24999438410911523,-0.21738998486435618,0.24999246758421917,0.19623259456707873,0.1636875746858007,0.24930481161220136,0.21881477223741003,-0.173247652804585,0.24999456995142477,-0.19975701664765783,0.24933802878330655,0.2493980216233722,-0.1766356633852319,0.24999223024630918,-0.22023336960867135,-0.187544098989035,-0.1525855860034035,0.24999397327760406,0.24937447445022012,0.2500000000000001,0.1901413013230161,0.18609226940350043,-0.2480084170697951,-0.23494765075668078,-0.15120966156902238,-0.20509822691214086,0.1253121513133366,-0.24732424209685247,-0.2223983471487736,-0.24049893796223515,-0.17941863445874115,-0.24080385606552868,-0.19996553943209455,-0.2128612781372158,-0.24179030344350316,0.1947921614806474,-0.23445233300903573,-0.24594635600536235,-0.19938587655668918,-0.24312235446133798,-0.2473223680674251,0.22340032035599258,-0.2467758781227517,0.16471345213068123,-0.2480175169016824,-0.19985551020941997,-0.2472192212167287,0.17747488416615567,-0.24663337766632776
0.13316905318014155,0.19013848981401643,0.22654013357970756,0.19067610900464538,-0.14280005800575257,0.1901385533668517,-0.1610693832730947,0.1901409495970327,0.1379125710188253,0.1880154813328706,0.19077825219698363,0.1611782490933408,-0.11885348729220217,0.190138603420363,-0.1413072236920254,0.19075115114978874,0.1906960546488763,-0.11805660538830304,0.19014054822154913,-0.16396011592854337,-0.13206370933183004,-0.09825567912018988,0.19014066117942213,0.1906915635848527,0.1901413013230161,0.2500000000000001,0.13397039230699848,-0.18979648391091655,-0.17926479712323917,-0.18044992437009985,-0.15807023711244125,0.1537069176438512,-0.18906803717832482,-0.17110977857381315,-0.18289105723183335,-0.12871858219197763,-0.18313692208667276,-0.22327458371685943,-0.15665433091493078,-0.18389097359942674,0.13655219589184575,-0.17706941894001402,-0.18868705343748496,-0.15252729879136212,-0.18368021703469925,-0.19066153794805968,0.1648778531450046,-0.18849349739172358,0.10931996879779439,-0.18935874667239774,-0.15434915945899125,-0.1891956376822705,0.11776609072260337,-0.18749458149735368
0.13150309805632196,0.18608921758208063,0.14649814136112246,0.18660448481370462,-0.05432981545899385,0.18608919539736052,-0.15486766034580046,0.18609156724064452,0.1357647915502153,0.10595799923096383,0.18664074703892267,0.21271692621030788,-0.11422107698793076,0.1860894203695918,-0.13793996824916516,0.18667634332691424,0.18662358337668325,-0.11786679512100426,0.18609119550153919,-0.156503462063148,-0.12943884773651554,-0.09408343473945818,0.18609099994740172,0.1866190267854379,0.18609226940350043,0.13397039230699848,0.2500000000000001,-0.18575631106135415,-0.17560608750412246,-0.09520768183911948,-0.15557877959245328,0.0655816586860516,-0.18444319718766447,-0.16408930349250228,-0.17900101895180107,-0.12376651142389052,-0.17923688222618592,-0.1393745570787787,-0.21515664517322527,-0.17998505329799064,0.1333560034333719,-0.1734021485899153,-0.18417847463103731,-0.15186447913233156,-0.18127814714995916,-0.1840753618667774,0.15952688066865564,-0.18381985159564734,0.10500808726897089,-0.1842594887352707,-0.14970100301134762,-0.1855875414673833,0.1157449991250739,-0.18801375038758497
-0.19071174191451692,-0.24800518792731518,-0.2077590292451659,-0.24858600822399088,0.11075682989432623,-0.24800509418188185,0.21556231493394104,-0.2480078575865076,-0.19625404456536708,-0.16338659947662187,-0.24863054430717246,-0.2184086324440986,0.17198554798876992,-0.24800528054979132,0.19804235021123412,-0.24866730813377877,-0.2486077716617499,0.17516839585030275,-0.24800742780807197,0.21841356081901875,0.18598859637021306,0.15107720280710465,-0.2480073909262588,-0.24860399120895937,-0.2480084170697951,-0.18979648391091655,-0.18575631106135415,0.2500000000000002,0.23447641123438642,0.15110116347191452,0.2047792852461051,-0.12392086034724578,0.24538180079899968,0.22062036738038315,0.23856046611739604,0.17960645704052908,0.23887410941101783,0.1996662593979106,0.21251168723447386,0.2398682004457024,-0.19307793255553354,0.23256447715004128,0.24541652348543552,0.1990936449229223,0.24119393474635364,0.24535360233759254,-0.22153007966153823,0.24481474175924506,-0.16310058819851125,0.24604008907192018,0.1995592775909718,0.24668478564398783,-0.17620616951304252,0.24466341504182876
-0.18492044477591157,-0.23494443945143997,-0.19645688624699692,-0.2355236631090569,0.10363297044196904,-0.23494434205212777,0.20392943555188747,-0.2349470735370097,-0.19023394804998578,-0.15408445279532182,-0.23556939368036503,-0.2068027201206261,0.16215425440072348,-0.23494452782138756,0.18719239265076298,-0.2356046406477242,-0.23554525372284607,0.1651769102584456,-0.2349466706048826,0.20657030410301278,0.17589689635584346,0.14241206078984253,-0.23494658599961354,-0.2355423138957784,-0.23494765075668078,-0.17926479712323917,-0.17560608750412246,0.23447641123438642,0.25000000000000006,0.14238943208872323,0.19402525909650134,-0.11615994848242764,0.23244364303677426,0.2091067548383395,0.22599656188311296,0.17431898245925298,0.2262938738109688,0.18894323777308808,0.20123283169425935,0.22723608738985782,-0.18244158467271243,0.22030915760164563,0.23252708618775816,0.18863257734830535,0.22844349185649268,0.23242605788039253,-0.20956817792704394,0.2320147279320001,-0.1537285757043713,0.23306679423165336,0.18906260704648442,0.2337302827746259,-0.16600509185566514,0.23175315168168487
-0.09621092585352108,-0.1512066237240247,-0.19308179712105308,-0.1517884103012967,0.11019974779292921,-0.15120673956806205,0.12168705403785844,-0.15120926014342703,-0.10022875254616816,-0.23678073525473156,-0.1518997630761849,-0.12281249547042704,0.08957436386980766,-0.15120669002172274,0.11008712617078371,-0.15186922235403646,-0.15180951214207355,0.08651435332027217,-0.1512088655548288,0.12467268519843247,0.10287752198735713,0.06953893269736879,-0.15120912827223607,-0.1518071466318825,-0.15120966156902238,-0.18044992437009985,-0.09520768183911948,0.15110116347191452,0.14238943208872323,0.2500000000000003,0.1258173090956366,-0.11799188105010394,0.14995607748931217,0.13674238742718392,0.14543894015221712,0.09311863576818061,0.14563689026214646,0.18763672950198176,0.11819647982757929,0.14623696470321026,-0.1061784572099181,0.13853178772133087,0.15045025785443114,0.1211264881775912,0.14463738402620627,0.15027287294865094,-0.12492514320927976,0.14997264679054303,-0.07726698346853078,0.15312209859865347,0.12311887085993797,0.15059744555483118,-0.08618243029634436,0.1485152646245805
-0.1572175154765859,-0.2050950087579511,-0.1731311304235931,-0.20567651679776286,0.09222636382115285,-0.20509493502571752,0.17815949319812416,-0.2050976261952883,-0.16184610017444662,-0.13590150428427536,-0.2057278606997292,-0.1837876821473018,0.14183704141975695,-0.20509509450969352,0.16350222687246072,-0.20575759233968594,-0.2056979385332739,0.14442379399682193,-0.20509725110172833,0.18054509598448845,0.15358424129935697,0.12427152073670608,-0.20509707037404207,-0.2056962633763565,-0.20509822691214086,-0.15807023711244125,-0.15557877959245328,0.2047792852461051,0.19402525909650134,0.1258173090956366,0.25000000000000006,-0.1031915762889997,0.2029675868304757,0.18235735671333533,0.19728215832752838,0.14824163159365197,0.1975426132815679,0.16641869158865316,0.1786417437450282,0.19836589231908683,-0.15936390806744574,0.1922454523886527,0.20308767008617287,0.16501550882594865,0.1994825654740851,0.2029073561325678,-0.18304284073866187,0.20249708710639985,-0.13433549841767042,0.20346915373767827,0.1651695746260588,0.20415555069828187,-0.14512025688479294,0.20228513281183144
0.0685256471211618,0.12531567082986264,0.16298160405298415,0.12473221282571975,-0.23008333376916734,0.1253155893914799,-0.1512425223833196,0.12531357775252094,0.0730812349083473,0.11724081117831171,0.12468712895628854,0.09414366685925711,-0.1295796084094553,0.125315675915334,-0.1051820419459253,0.12465337935067336,0.12471369270923448,-0.1254988814400495,0.1253134450879046,-0.15455443198907623,-0.09906807201486117,-0.06318793756786897,0.12531490132932632,0.12469169523391885,0.1253121513133366,0.1537069176438512,0.0655816586860516,-0.12392086034724578,-0.11615994848242764,-0.11799188105010394,-0.1031915762889997,0.25,-0.1246062966225357,-0.1079802830117442,-0.12055781811936797,-0.07106713724143277,-0.12071221606079029,-0.16280971520377968,-0.09024588315674256,-0.12119447260149624,0.10175534044187531,-0.11410430900012943,-0.12332400159576296,-0.09938820876649036,-0.11864211339459432,-0.12621149283994432,0.15112268759942568,-0.12402536405944493,0.07198820472162176,-0.12436580737982572,-0.10111179032071296,-0.12343973474375347,0.1237166515821093,-0.12274269481468209
-0.18814927117094332,-0.24732708839646808,-0.20672624554575594,-0.24677176712941537,0.11136761433532341,-0.2473270034060713,0.21514777295827675,-0.24732517688536665,-0.19372455079513326,-0.16228409762616727,-0.24666538413106726,-0.2168739233869832,0.17081999681759394,-0.24732718636868622,0.1978236066854728,-0.24669763308658624,-0.24675517611635578,0.17417632966620822,-0.2473249379992938,0.21782822899643786,0.1857202968898709,0.1516206107748643,-0.2473266370441019,-0.24673206053741528,-0.24732424209685247,-0.18906803717832482,-0.18444319718766447,0.24538180079899968,0.23244364303677426,0.14995607748931217,0.2029675868304757,-0.1246062966225357,0.2500000000000003,0.22003361754242567,0.2379324344144366,0.1771574048408107,0.23823432876654735,0.198730801468749,0.21099595514197758,0.23921037266374304,-0.19293047206077102,0.231886957382098,0.2433478245675672,0.19730956834910227,0.2405311334947689,0.24474531035991084,-0.2211207990315265,0.24414968454284006,-0.16363993400690152,0.24536636544211654,0.19775940211577614,0.24460570915668337,-0.1748745656257583,0.24400287656411396
-0.17188793743552314,-0.22240108492577806,-0.18691778906581527,-0.22186794843497804,0.09583723076734459,-0.22240101236268278,0.1903667011433531,-0.22239922142131982,-0.17684911846825424,-0.14762583871440174,-0.2217686246584008,-0.19261139436809555,0.1534565235868536,-0.22240117245022517,0.17881398524576436,-0.22179666331321457,-0.22185188473503129,0.15628126792410224,-0.2223990163855813,0.19298203743663073,0.1680255836620409,0.1372051221516909,-0.2224006043568385,-0.22183110797439998,-0.2223983471487736,-0.17110977857381315,-0.16408930349250228,0.22062036738038315,0.2091067548383395,0.13674238742718392,0.18235735671333533,-0.1079802830117442,0.22003361754242567,0.2500000000000001,0.21395395456759184,0.1617828684855573,0.21422509351521468,0.17996683061246335,0.1873555202546261,0.2151021904254067,-0.17446517502663297,0.20865268250782695,0.21879088776138175,0.17719935963907962,0.2163526119992858,0.2201372102160974,-0.1958631254265534,0.21959445290263713,-0.14795931873987075,0.22067373097656237,0.17779807448295873,0.21989607268101244,-0.15718207269849663,0.21942901244872967
-0.18334682733068083,-0.2405019300210596,-0.20018755835179272,-0.2399200267410733,0.10776059566909921,-0.24050184506067415,0.20913727135809626,-0.24049990112069863,-0.18875686745449285,-0.1574451118124001,-0.23981032613396674,-0.21047733106529218,0.16667422093584525,-0.24050202382972577,0.19217521659239742,-0.23984220442335902,-0.2399024762375087,0.1699333067145248,-0.24049967699122976,0.2118719370445994,0.18042503036364366,0.14679819952053175,-0.24050139174018906,-0.2398794070085778,-0.24049893796223515,-0.18289105723183335,-0.17900101895180107,0.23856046611739604,0.22599656188311296,0.14543894015221712,0.19728215832752838,-0.12055781811936797,0.2379324344144366,0.21395395456759184,0.24999999999999994,0.17258054690357233,0.2316605824871187,0.192340178470391,0.20474988871477184,0.23260924147720036,-0.18739969553168617,0.2255504210066941,0.2365768442269819,0.1917871349926907,0.23389112430521863,0.23793125581962213,-0.21491926495829128,0.23740563181919958,-0.1584652278129956,0.2386000450159843,0.19223885011196434,0.23780128740089138,-0.17074131974027532,0.23726856525235684
-0.22754619638889562,-0.17941547996050397,-0.1460132259824688,-0.17999716700896548,0.05909305159622976,-0.17941523597842066,0.1527959497818231,-0.17941780427378606,-0.23217419672538445,-0.10334769210056731,-0.18004717280688382,-0.15314664443289958,0.1414566937889549,-0.17941555376492263,0.1355702358740967,-0.18007795932046858,-0.18001823794227978,0.126260551329269,-0.17941766458071817,0.15435377927266486,0.12959728402548465,0.09580436581351971,-0.17941727716788267,-0.18003687097231366,-0.17941863445874115,-0.12871858219197763,-0.12376651142389052,0.17960645704052908,0.17431898245925298,0.09311863576818061,0.14824163159365197,-0.07106713724143277,0.1771574048408107,0.1617828684855573,0.17258054690357233,0.2500000000000003,0.17280745862759309,0.14394569740831853,0.14982531985411227,0.17353007575668933,-0.13115892584275113,0.16772207052891655,0.17774389757708564,0.14369701842689028,0.17564208258447805,0.17742320579894513,-0.15625134243666527,0.1791486043666442,-0.1021673883702484,0.17759365344681868,0.14404551581469047,0.1786614483747564,-0.14573111268208683,0.17646641054052806
