x1,x2,x3,x4,x5,x6,x7,x8,x9,x10,x11,x12,x13,x14,x15,x16,x17,x18,x19,x20,x21,x22,x23,x24,x25,x26,x27,x28,x29,x30,x31,x32,x33,x34,x35,x36,x37,x38,x39,x40,x41,x42,x43,x44,x45,x46,x47,x48,x49,x50,x51,x52,x53,x54,x55,x56,x57,x58,x59,x60
0.25,0.2482532708306733,-0.06308153156042393,0.24791035534142056,-0.05250477629490341,0.24838179658727033,-0.07837988364546748,0.24770891443879886,0.1546151784102941,0.24854857971040958,0.12791969680491286,-0.08241565254705732,0.08253037436442727,-0.08389032625899377,0.10406161749924643,-0.10342645064980173,0.10623252974122052,-0.05095219322657215,-0.12818586890038886,0.18180576037205706,0.0028472487080806355,0.08335852184694222,-0.08389484924116879,0.0841954647978485,-0.07966440746637993,0.09450665936764845,-0.08896682389426107,0.14227885021336875,-0.10548752707475091,0.17217855451723776,0.13376685934267854,-0.08285236359777368,0.08327641668205608,-0.08042901818426769,0.08057010696560946,-0.05650799486544602,0.06079021430984832,0.017767980963883448,0.00900399214392289,0.11314484230176151,0.02029827779608867,0.07893888138952147,-0.07828811649231472,0.07818898632345035,-0.06066457656626627,0.05517226567671528,-0.009728507770143223,0.03954512166543947,-0.1445641952947927,0.17348517141963374,0.24823297938028238,0.24849649472861401,0.08831781778213363,0.2482084777499918,0.08843339753100495,0.2485157433439096,0.02333623306413213,0.24819488738936538,0.13826844960381687,0.2485553782741333
0.2482532708306733,0.24999999999999997,-0.064005745991846,0.2490501409767635,-0.05336969266586271,0.24952156520172927,-0.07922145013720219,0.2488493091213085,0.15553026461365443,0.24968809125390648,0.12924301637974084,-0.08375402907545691,0.08386954719001402,-0.08522743249774822,0.10538538717227924,-0.10466906831768992,0.10724417228266922,-0.05148902188040061,-0.12904228420007308,0.1827812656350042,0.002155864284980049,0.08469090404432637,-0.08522618417478472,0.0855292423334202,-0.08096482892839052,0.0957948951292453,-0.09023677343461184,0.14349307961481086,-0.10644741857676632,0.17320896897745608,0.1350403659586386,-0.08417551864859592,0.08460164163243619,-0.08173224122675846,0.08186936733460005,-0.05762809680588722,0.061943034188064565,0.017200617598557955,0.009598029336164826,0.1133693310006772,0.019742137253007705,0.0802329883553751,-0.07957762028535013,0.07947751748438257,-0.06182157931366143,0.05625388057726217,-0.010338609463676934,0.040100301254361766,-0.14516699291828788,0.17420339992421854,0.2493727276749655,0.249635770567345,0.08953400720398969,0.24934549127728128,0.08954831761231312,0.24965505306500366,0.023877382582924378,0.2493319185573559,0.13876737845529563,0.24969492249967964
-0.06308153156042393,-0.064005745991846,0.25,-0.06438293211457789,0.14569333154097408,-0.06389493717865616,0.11615182528416867,-0.06416894143782674,-0.07995842317074377,-0.06373669119526247,-0.17431981296828425,0.21773024199751204,-0.21783115331737427,0.21620691742067202,-0.19672990744338997,0.1808431638398624,-0.13167127538104176,0.07212246227404741,0.08923134018671634,-0.07569145076186176,0.14324861762532423,-0.21561512922043252,0.214945979600545,-0.21523194088493156,0.21125476212311659,-0.19763239834985197,0.1978502748460242,-0.15001450325405286,0.12310448378158405,-0.09394322496547063,-0.1692481122149325,0.21393160372472858,-0.21407390290161205,0.21140090062625963,-0.21037891129013025,0.19011059127419827,-0.19387774528864685,0.12773216502991447,-0.11467152102812839,0.030801265124195884,0.12733391872758645,-0.2105548331740522,0.21005567631569635,-0.20992217706005495,0.1949432440725945,-0.18316514992323787,0.11778736709712417,-0.08632871339381488,0.024735118971132126,-0.028681362171078695,-0.06399934631964237,-0.06372392396493087,-0.18825661529440993,-0.06345787325824745,-0.16749582688844988,-0.0637177868836389,-0.09449211230573093,-0.06347081173030604,-0.00784293623964921,-0.06373871480860388
0.24791035534142056,0.2490501409767635,-0.06438293211457789,0.24999999999999997,-0.05395915154803909,0.2491792428704752,-0.07957413439631017,0.24851037600743695,0.15539689425250097,0.2493449627603405,0.12957652544185097,-0.0843491408903558,0.08446420766692195,-0.08582300281894752,0.1059942625730689,-0.10522622240330116,0.10765323601412816,-0.05181978007687,-0.12888072743797177,0.1825608677065927,0.0016261119370262803,0.08528527420243329,-0.08581999963345947,0.08612383437626744,-0.08155653215566615,0.09637185802731515,-0.09081458637986613,0.14387887540793515,-0.1068069542514716,0.1732131965623477,0.13535214730068051,-0.08476959628194733,0.08519524521435763,-0.08232275128126275,0.08245954609301678,-0.058200014796672424,0.06251894566871652,0.01668449410489581,0.010052626252515476,0.11296562053203596,0.01922674656559241,0.08082384885427901,-0.08016816290075443,0.08006780494640092,-0.06239762550333905,0.05680365572121563,-0.010753926903576313,0.0403307854851218,-0.14492664402582375,0.17390975104465947,0.24903131306351864,0.2492927229726126,0.09002237728235522,0.24900213387893483,0.08995860350552522,0.2493119379140244,0.024174567369137576,0.24898863813452066,0.1384786122366033,0.2493517923633671
-0.05250477629490341,-0.05336969266586271,0.14569333154097408,-0.05395915154803909,0.24999999999999994,-0.053489526122539724,0.10335004916961041,-0.054101251610613195,-0.06827967192070945,-0.05331227637337651,-0.1394070181343976,0.17336275712859187,-0.17328561125307607,0.17455476291884586,-0.18822111031828206,0.1718207421811809,-0.1251560714124572,0.07590356071616221,0.05516322867159647,-0.060562166085569774,0.11506535201294223,-0.17398067877841059,0.17426686059027363,-0.17458405569999458,0.17137748895068694,-0.173287726019321,0.17106249272736768,-0.13495407384645272,0.1108923366080824,-0.08534732943425816,-0.13790138701414406,0.17371302365649774,-0.17383488337876116,0.17158606512346797,-0.17140120527909902,0.1548977131990747,-0.1579904946736442,0.10414939373792256,-0.09689040770925461,0.026257405916100728,0.10286534598974201,-0.17089357883338038,0.17048565828109513,-0.17037621283750404,0.15813924398092638,-0.14929519255846715,0.09616226108076337,-0.07087843321452515,0.021477142107653013,-0.0247677145865434,-0.053525862195081576,-0.053303642910118375,-0.1531360825844452,-0.05308621955212305,-0.13607672866438833,-0.05329873097249506,-0.07728660837835498,-0.05309619536780947,-0.007658892579092044,-0.05331595017505128
0.24838179658727033,0.24952156520172927,-0.06389493717865616,0.2491792428704752,-0.053489526122539724,0.24999999999999983,-0.07939609261143377,0.24905885187282015,0.15565490249524214,0.24981655830461233,0.12938183303559267,-0.08388493361141768,0.0840005504835291,-0.08535926477515023,0.10553114228300366,-0.1048167870889507,0.10740426631047482,-0.05157119260295238,-0.12911835904043753,0.18288836434200204,0.002091898213749566,0.08482223725458368,-0.08535775388759008,0.08566113294390755,-0.0810936174989342,0.09593605309123751,-0.09037351995979763,0.1436350385053052,-0.10656092458609275,0.17333067941447375,0.1351716143826419,-0.08430652105199041,0.08473286594804709,-0.0818612794514742,0.0819987602335705,-0.05773868548877892,0.0620570830955392,0.017148168738137542,0.009659420894757784,0.11339767922475773,0.01969186952238232,0.08036104061269861,-0.07970518662174683,0.07960498675558739,-0.06193524401031747,0.056360771510729574,-0.010397386825031095,0.040156489669515974,-0.14523660735301658,0.1742862510321572,0.24950119215842143,0.24976421270982715,0.0896558012468678,0.24947369622350168,0.08966042010141766,0.24978349999305927,0.02393076472443589,0.24946012360157716,0.13882659740571374,0.2498233948691616
-0.07837988364546748,-0.07922145013720219,0.11615182528416867,-0.07957413439631017,0.10335004916961041,-0.07939609261143377,0.24999999999999992,-0.08007139316318983,-0.061169909048537995,-0.07922412429905866,-0.11879779607515384,0.13510980373051137,-0.13512523215961442,0.13593767822052616,-0.14786927990372015,0.16208416590878427,-0.20928785961852062,0.1375337412292995,0.03400792676498296,-0.06081431163908197,0.08037840962970856,-0.13546974961278366,0.1356651171524473,-0.13599095749185114,0.1391141166096998,-0.14901287433459334,0.14554993213245418,-0.15124310960264686,0.12490560770390763,-0.10482660393403329,-0.11885195991047784,0.13595986357661788,-0.1359116238789567,0.13686235896370635,-0.1386976686949251,0.12371864209033191,-0.12669927349997068,0.07435522239182715,-0.08214969449340227,0.0058799762682127,0.07072071946431926,-0.13605417559457483,0.1356906484322087,-0.1356539613145599,0.1248044900195988,-0.11935617749392281,0.0731937034034349,-0.05954550146165153,0.04087943766871409,-0.047458091039965664,-0.07932630328621473,-0.07920873632872305,-0.12493806526453675,-0.07900323000865582,-0.11322516896412632,-0.07920798360420293,-0.06135306103954483,-0.07900676034153364,-0.02926101545999152,-0.07922716627756718
0.24770891443879886,0.2488493091213085,-0.06416894143782674,0.24851037600743695,-0.054101251610613195,0.24905885187282015,-0.08007139316318983,0.2499999999999999,0.1549006334726061,0.24914233865201924,0.12967826322628648,-0.08453168741360564,0.08464672799576377,-0.08600586423137883,0.10617580197459803,-0.10545555850776994,0.10807458708005578,-0.052276408582355695,-0.1283944636247355,0.18218183008776384,0.0014379022076857829,0.08546789669391203,-0.08600244549712077,0.08630663801667415,-0.08174209967313874,0.09658527603622326,-0.09102329733124019,0.14433211486945163,-0.10725351920313168,0.17336721570933925,0.13542334974675518,-0.0849534658359525,0.08537874672259972,-0.08250696461644122,0.08264609043040158,-0.05838818941409066,0.06270719031190417,0.0164914549927222,0.010330927019212413,0.11272505841018385,0.019036709052629663,0.08100864031290339,-0.08035306182727021,0.08025266614104679,-0.06258336549492025,0.056985017585185316,-0.010902738759480576,0.04040549112822034,-0.14480318028230446,0.1737573376878301,0.24882940525572306,0.2490901413940873,0.0901686971644861,0.24879953514474645,0.09007613754718434,0.24910932629878624,0.024275934393456863,0.24878606920304372,0.13833834653280158,0.24914916301807005
0.1546151784102941,0.15553026461365443,-0.07995842317074377,0.15539689425250097,-0.06827967192070945,0.15565490249524214,-0.061169909048537995,0.1549006334726061,0.24999999999999983,0.15570908422499363,0.11437869318170998,-0.0987681399910372,0.09885812156872621,-0.09951462072904857,0.1080559892558895,-0.09963830008903883,0.06969446200158073,-0.0018635930932767507,-0.1908366411002727,0.17898187611266492,-0.032928165940481854,0.09911083359621492,-0.09929399605208308,0.09953795893660393,-0.09495075636748206,0.0993682131311733,-0.09617491000111297,0.09144619112717838,-0.06275921637009739,0.10090736639108427,0.11655291686680111,-0.09832713565568206,0.09863595810863363,-0.09582260217277445,0.09531566055872123,-0.07618378224891321,0.07952817557536737,-0.0160457192063974,0.020339923158038925,0.06280518046927494,-0.018942973186819145,0.09480436810363294,-0.09429727089573614,0.09419425038947644,-0.08038712679652908,0.07369712605966552,-0.03052499908329102,0.039126074559538954,-0.0849187052786424,0.10326435591699815,0.15559290538385714,0.15567630064872964,0.09477394818305579,0.15545261530929244,0.08968301366367742,0.1556865035815545,0.03320916338022792,0.15545192217819384,0.0783770240248481,0.1557133618605838
0.24854857971040958,0.24968809125390648,-0.06373669119526247,0.2493449627603405,-0.05331227637337651,0.24981655830461233,-0.07922412429905866,0.24914233865201924,0.15570908422499363,0.25,0.12929675356243608,-0.08370833393153891,0.08382409054708709,-0.0851828224937758,0.1053572015411457,-0.10464978005334263,0.10725091265226494,-0.05145475246852641,-0.1292110579802471,0.18300409930816106,0.002265857626197899,0.0846460709615556,-0.08518187857169707,0.08548504994866074,-0.08091728958986408,0.09576330398567946,-0.09020006874795462,0.14352860772477505,-0.10645549257757149,0.17335736941706087,0.13509849544943223,-0.08413022459791623,0.08455682239988865,-0.0816855569197699,0.08182290055798472,-0.057563485371236234,0.061881506157249695,0.017321524752959144,0.009508904280503327,0.11355652124529854,0.01986506805073178,0.08018487858213781,-0.07952898472558786,0.07942884511982438,-0.061759898196669244,0.05619250908911741,-0.010263122572158855,0.04008926022527898,-0.14534662455240527,0.1744201316574176,0.24966738811439843,0.24993100161618606,0.08951516859989708,0.24964052356935132,0.08954546137647247,0.2499503152813158,0.023838235970338646,0.2496269230212883,0.1389511788993022,0.24999022372559682
0.12791969680491286,0.12924301637974084,-0.17431981296828425,0.12957652544185097,-0.1394070181343976,0.12938183303559267,-0.11879779607515384,0.12967826322628648,0.11437869318170998,0.12929675356243608,0.2500000000000002,-0.20294307237361675,0.20286912888048586,-0.2023215784707736,0.19328800217872646,-0.18006219192546047,0.14054539775519348,-0.07447209263923425,-0.11259500766331794,0.11846521042242604,-0.11585915355546836,0.20167100309122174,-0.2013062271641794,0.20163433866731567,-0.1969602933456837,0.19074031933901017,-0.18914564352943042,0.16627734462835508,-0.13291059497528832,0.130929255967468,0.17960794265366298,-0.20015771101322186,0.20040652372051573,-0.19732893410906274,0.19654693653600427,-0.17253923965257015,0.17694239578525256,-0.09860359014193659,0.09618306271605874,0.010145984669044405,-0.09746407975736794,0.19617587350258156,-0.19556644203686144,0.19542655952169247,-0.1777619549025044,0.16646317345069767,-0.09904559447643543,0.08268591064729876,-0.06515138100056322,0.07736453353538976,0.12941463456833935,0.12927214559297906,0.18092459902152652,0.12896566373740043,0.16403275062151682,0.12927312995757997,0.0842921218992306,0.12897196289090612,0.049422607876696265,0.12930252227073513
-0.08241565254705732,-0.08375402907545691,0.21773024199751204,-0.0843491408903558,0.17336275712859187,-0.08388493361141768,0.13510980373051137,-0.08453168741360564,-0.0987681399910372,-0.08370833393153891,-0.20294307237361675,0.24999999999999997,-0.2495375660351425,0.24816114894320582,-0.2283156866833082,0.21022124828123567,-0.1545581424522583,0.08416160927495005,0.10629097296477612,-0.09417013445381754,0.16165705639032202,-0.24746384675687083,0.24676872356132448,-0.24710943909802638,0.24237316810518317,-0.22826729771945134,0.22814568247320707,-0.17623840331085738,0.14407815514199881,-0.11563065500428912,-0.19753940360496602,0.24558213878367435,-0.24576411840767237,0.24259163448628415,-0.24146455037312245,0.21743622502682952,-0.22189385969558947,0.1435033116868391,-0.12999095973846383,0.029482208265237772,0.14288143613518495,-0.24156607900340127,0.2409714531402753,-0.24081565626255003,0.22306599811517488,-0.209529000954537,0.13355054438253844,-0.09942079386707257,0.03476785517130849,-0.04058182674697231,-0.08399299743484863,-0.08369424333732017,-0.21682872232360656,-0.08338012356934062,-0.1933678647781138,-0.08368821151791145,-0.10787209917650689,-0.08339406985297684,-0.015384706311789169,-0.08371372079388602
0.08253037436442727,0.08386954719001402,-0.21783115331737427,0.08446420766692195,-0.17328561125307607,0.0840005504835291,-0.13512523215961442,0.08464672799576377,0.09885812156872621,0.08382409054708709,0.20286912888048586,-0.2495375660351425,0.24999999999999975,-0.2480787642585239,0.22826020708823136,-0.21017564131408595,0.15455118695832226,-0.08409881687645561,-0.10652539577731707,0.09436197559684982,-0.1615658115124014,0.24738115342430606,-0.2466868570358976,0.2470276428238198,-0.24228689794260375,0.228205768482256,-0.2280783964493349,0.17626503831242926,-0.14408446193811364,0.11569495267094038,0.19751749798043827,-0.24549991626269269,0.2456822120506903,-0.24250739080946426,0.24138019679474101,-0.2173470147118351,0.2218050410979035,-0.14339522848862754,0.12991898691941076,-0.029388744266519433,-0.14278777815249283,0.2414815317644563,-0.24088673679902844,0.24073090477656603,-0.22297850226948399,0.20944334147856308,-0.13347117085375268,0.09937796344244405,-0.0348358203776476,0.04066928696344668,0.08410839012141971,0.08380997543766328,0.21676452310910488,0.08349585377673953,0.19331582699561037,0.08380396272290112,0.10781790635799134,0.08350979739459977,0.01546290610920906,0.08382948171200245
-0.08389032625899377,-0.08522743249774822,0.21620691742067202,-0.08582300281894752,0.17455476291884586,-0.08535926477515023,0.13593767822052616,-0.08600586423137883,-0.09951462072904857,-0.0851828224937758,-0.2023215784707736,0.24816114894320582,-0.2480787642585239,0.24999999999999997,-0.22977454552991575,0.21167699512879842,-0.1560094950384976,0.0853714136407707,0.10584848117139072,-0.09470924485824982,0.16183820468001234,-0.24824238333259444,0.24819641441169019,-0.2485441253546727,0.24380337798706853,-0.2297117536047195,0.2295720470825809,-0.17769126900782276,0.14533761544415288,-0.1170100593875703,-0.19895733104855814,0.24701058219894645,-0.24719393037482174,0.244014734953255,-0.2428925439916863,0.21870522211228102,-0.2231943126241162,0.14422315842967912,-0.130778921368528,0.029202761705809765,0.14341509965303287,-0.24297796555465745,0.24237900089384662,-0.24222274321470963,0.22433834028508434,-0.21075741344693905,0.1343035609982579,-0.10017539681953254,0.03565219800856688,-0.041578460485658934,-0.08546727036188474,-0.0851683901289702,-0.21817276603636093,-0.08485149946237479,-0.19462622141641836,-0.08516238437991164,-0.1085511024133951,-0.08486529628311093,-0.0161163230606623,-0.08518820313973045
0.10406161749924643,0.10538538717227924,-0.19672990744338997,0.1059942625730689,-0.18822111031828206,0.10553114228300366,-0.14786927990372015,0.10617580197459803,0.1080559892558895,0.1053572015411457,0.19328800217872646,-0.2283156866833082,0.22826020708823136,-0.22977454552991575,0.25000000000000006,-0.23037352763484384,0.17560814335611935,-0.10442059166770694,-0.08894525059596747,0.10399083872250235,-0.14234617733974647,0.2290263009431866,-0.22935178076187757,0.229791644121404,-0.2252862289555546,0.23029738689680176,-0.22660957758184166,0.1908239941054235,-0.15510864901021706,0.13382584631897448,0.19220087570986732,-0.22852497647823314,0.2287368647023717,-0.22558852074268682,0.22544637613585236,-0.2011857478983615,0.2057020679971402,-0.12642908042638004,0.12190467006396326,-0.014865287776149164,-0.12443041111365866,0.2244923873336628,-0.2238844112106309,0.22373463697087628,-0.20580772476911516,0.19401950531730747,-0.12088022104678257,0.0941897656378715,-0.04946976399723875,0.05811472313322682,0.10557216047154203,0.1053379673016875,0.20394528699287132,0.10502275249505107,0.18280773929313388,0.10533491042215838,0.09959899689773606,0.10503300416270354,0.03132731287509253,0.10536252759448105
-0.10342645064980173,-0.10466906831768992,0.1808431638398624,-0.10522622240330116,0.1718207421811809,-0.1048167870889507,0.16208416590878427,-0.10545555850776994,-0.09963830008903883,-0.10464978005334263,-0.18006219192546047,0.21022124828123567,-0.21017564131408595,0.21167699512879842,-0.23037352763484384,0.24999999999999994,-0.19191652423016284,0.12022638648858244,0.07347303656625818,-0.0998399978878879,0.129859897485012,-0.2109606326971401,0.21130180590004013,-0.21178958768016223,0.21518673995947668,-0.229475546128025,0.2242275575218838,-0.19291601861724145,0.15693414585366286,-0.13551358327666366,-0.1795245810941465,0.21161923979315236,-0.21157152239185756,0.2123165834474075,-0.21467753812493642,0.1924519616656904,-0.19683357036028507,0.1202492674711552,-0.1187431357822041,0.013499650138057805,0.115327094256043,-0.21117810436485548,0.21064015341033177,-0.21056970041565376,0.19443090252256773,-0.18556556905033486,0.11575400352907222,-0.09115256755539163,0.05139083341310713,-0.059519209673920555,-0.10484275345625511,-0.10463065924704296,-0.19244171380465155,-0.10432741658066229,-0.17342178563664723,-0.10462777973581945,-0.09571965914327354,-0.10433477745686219,-0.033619638750005384,-0.10465485487163026
0.10623252974122052,0.10724417228266922,-0.13167127538104176,0.10765323601412816,-0.1251560714124572,0.10740426631047482,-0.20928785961852062,0.10807458708005578,0.06969446200158073,0.10725091265226494,0.14054539775519348,-0.1545581424522583,0.15455118695832226,-0.1560094950384976,0.17560814335611935,-0.19191652423016284,0.2499999999999999,-0.1658816016259353,-0.028439378404247855,0.07156354921516163,-0.08797644990999935,0.15544820939783732,-0.15584439008636558,0.15624319076684934,-0.159707397012313,0.1744436155510014,-0.1697201150486142,0.18641309609357898,-0.1542178742610272,0.13539603681419923,0.14151403955498623,-0.15618569168188928,0.15615478021577212,-0.15715058897743103,0.15941719868860052,-0.14112210119701252,0.14474864421603068,-0.08129696137676677,0.0945312380054372,0.0009194143076407622,-0.07620100191568294,0.15613517704424676,-0.15568673673347386,0.15564248257457353,-0.14236194336851196,0.1362276359454332,-0.08202749841238081,0.06950752883954371,-0.05722211046958484,0.06660481481102332,0.10733867953076244,0.10723022847326863,0.14470299132205497,0.10698033386890365,0.13181668353720608,0.10723081360849995,0.06997061287471028,0.10698243500459016,0.04372724207694098,0.10725521616006314
-0.05095219322657215,-0.05148902188040061,0.07212246227404741,-0.05181978007687,0.07590356071616221,-0.05157119260295238,0.1375337412292995,-0.052276408582355695,-0.0018635930932767507,-0.05145475246852641,-0.07447209263923425,0.08416160927495005,-0.08409881687645561,0.0853714136407707,-0.10442059166770694,0.12022638648858244,-0.1658816016259353,0.24999999999999975,-0.0533311407044062,0.002047969507910097,0.05034687641699622,-0.08513067837242909,0.08556732184280197,-0.08583031626692804,0.09045662225651412,-0.10506266672595027,0.10273858608942132,-0.14678466330427786,0.12574349682988734,-0.09717990241027594,-0.07565810468361532,0.08623403997968467,-0.08611932342265323,0.08822831581545357,-0.09065884946451364,0.08235701531777895,-0.08432380314724275,0.051921348027928034,-0.07105448691619548,0.012833778872047952,0.04537619028620198,-0.08766077177913392,0.08746089488751121,-0.08747168187279289,0.08119154340934603,-0.07954167343092423,0.05055507547692077,-0.04206610354659019,0.029497278294303545,-0.032824920159975166,-0.051521711812839315,-0.051445606798759605,-0.08070641119334589,-0.051310407680271536,-0.073547018991965,-0.05144448304604179,-0.042306399113698615,-0.051309450321359126,-0.020966691702138766,-0.05145738254410011
-0.12818586890038886,-0.12904228420007308,0.08923134018671634,-0.12888072743797177,0.05516322867159647,-0.12911835904043753,0.03400792676498296,-0.1283944636247355,-0.1908366411002727,-0.1292110579802471,-0.11259500766331794,0.10629097296477612,-0.10652539577731707,0.10584848117139072,-0.08894525059596747,0.07347303656625818,-0.028439378404247855,-0.0533311407044062,0.24999999999999983,-0.19333291949774278,0.04480507403764619,-0.10583893723694948,0.10535280519198116,-0.10549275658973752,0.10067624621714659,-0.08674370641844806,0.08703220027465997,-0.043081408290575544,0.0215531577468096,-0.06097526643600189,-0.1122635420555833,0.10407164963111584,-0.10434811561448575,0.10154194635713173,-0.10004122969842999,0.08219213663458169,-0.08526399050310925,0.025795617032018305,-0.013729651105996825,-0.0534516231196308,0.031062067949840087,-0.10065370062247775,0.10018553324586243,-0.10008051107997933,0.08725873843753629,-0.07927000793378217,0.03642958967962922,-0.03873541766804893,0.06701862404261848,-0.0823808006511011,-0.1291512854461784,-0.12918261393089905,-0.09748256492951593,-0.12897592241077344,-0.09109983324179952,-0.12919016251391946,-0.03595688854951421,-0.12897922366013212,-0.060426157367789286,-0.1292134558836765
0.18180576037205706,0.1827812656350042,-0.07569145076186176,0.1825608677065927,-0.060562166085569774,0.18288836434200204,-0.06081431163908197,0.18218183008776384,0.17898187611266492,0.18300409930816106,0.11846521042242604,-0.09417013445381754,0.09436197559684982,-0.09470924485824982,0.10399083872250235,-0.0998399978878879,0.07156354921516163,0.002047969507910097,-0.19333291949774278,0.2499999999999997,-0.022305575370967206,0.0942626648014539,-0.09446782963747707,0.09473969372963383,-0.09017711790308783,0.09918683350688316,-0.0950538131110394,0.0895300182800792,-0.05873623806764965,0.1066661683627257,0.12123943302552218,-0.0935104455144174,0.09385333898331343,-0.09102595883663964,0.09079082944634377,-0.07006039937822833,0.07369624035970893,-0.004550503197766717,0.01005796110004989,0.0811172004998788,-0.007246710298920919,0.08987501700191038,-0.08932170777286404,0.08921828519432032,-0.07427859292360534,0.06786545236166266,-0.023334164052732358,0.03785432797314146,-0.10138804544468655,0.12319646000586632,0.18282803515216628,0.1829647951676741,0.09265766201021437,0.18272325349751778,0.08907836477504771,0.18297791034298316,0.029435919365126437,0.18272008544608978,0.0953098743409277,0.1830083184002283
0.0028472487080806355,0.002155864284980049,0.14324861762532423,0.0016261119370262803,0.11506535201294223,0.002091898213749566,0.08037840962970856,0.0014379022076857829,-0.032928165940481854,0.002265857626197899,-0.11585915355546836,0.16165705639032202,-0.1615658115124014,0.16183820468001234,-0.14234617733974647,0.129859897485012,-0.08797644990999935,0.05034687641699622,0.04480507403764619,-0.022305575370967206,0.24999999999999983,-0.1630473507561389,0.16239321104992682,-0.1621355100555678,0.1606448208240423,-0.14606778834946077,0.14749820583905626,-0.09500242091165766,0.08024944077757497,-0.041379130258155206,-0.11260378238781858,0.1618881786898888,-0.16188435071191357,0.1606952230603362,-0.15962318588486188,0.14805246607316436,-0.15025853511632692,0.11174162105579384,-0.09468830156439734,0.05143984786982479,0.11232713675366515,-0.16030787975746558,0.16003795217793154,-0.159955690919964,0.1513701612823367,-0.14244486220677757,0.09724882954765958,-0.06386526887205526,-0.011776472463824187,0.014973207485651058,0.0019709873700393334,0.002262908830304263,-0.13919982219768845,0.002422996792073542,-0.12186677674716431,0.00227243862939871,-0.07447530182604177,0.0024088731807989277,0.024665143370537303,0.0022636616445067957
0.08335852184694222,0.08469090404432637,-0.21561512922043252,0.08528527420243329,-0.17398067877841059,0.08482223725458368,-0.13546974961278366,0.08546789669391203,0.09911083359621492,0.0846460709615556,0.20167100309122174,-0.24746384675687083,0.24738115342430606,-0.24824238333259444,0.2290263009431866,-0.2109606326971401,0.15544820939783732,-0.08513067837242909,-0.10583893723694948,0.0942626648014539,-0.1630473507561389,0.24999999999999958,-0.2489357763300226,0.24875131869930286,-0.24400348493252594,0.22954424028223538,-0.22946823886938608,0.1772861414657472,-0.14490898396670857,0.1165113998696745,0.1992734293987908,-0.24770445169733207,0.24788759041875583,-0.244705112380876,0.24309946115334088,-0.21884683314104533,0.22332699809549084,-0.14424403708141156,0.13063710901753503,-0.029331666887029175,-0.14406028001901142,0.24366809350940585,-0.24306823140811037,0.24291144299078318,-0.22500285102105844,0.2108695254487631,-0.1342746787218726,0.09999186552341995,-0.03513933885047049,0.04104900979958235,0.08493184874818731,0.08463167834870691,0.21858611190855687,0.08431465390372182,0.19511503067738062,0.08462564389892611,0.10844922326849449,0.08432877441004792,0.01559323879097268,0.08465143101728162
-0.08389484924116879,-0.08522618417478472,0.214945979600545,-0.08581999963345947,0.17426686059027363,-0.08535775388759008,0.1356651171524473,-0.08600244549712077,-0.09929399605208308,-0.08518187857169707,-0.2013062271641794,0.24676872356132448,-0.2466868570358976,0.24819641441169019,-0.22935178076187757,0.21130180590004013,-0.15584439008636558,0.08556732184280197,0.10535280519198116,-0.09446782963747707,0.16239321104992682,-0.2489357763300226,0.24999999999999953,-0.24904790246852937,0.2443007293065829,-0.22986312334268655,0.22978287436242367,-0.1776789297519793,0.14531595844822529,-0.1169804092903331,-0.1996491253911156,0.24808273102722636,-0.24826628142131052,0.24508408041320634,-0.2434032038473646,0.2191473254017678,-0.22362572780605144,0.1444358291173243,-0.1308772966489316,0.029198962815370988,0.1441565994090958,-0.24404385254745695,0.24344348805773786,-0.24328688421537553,0.22535220181804622,-0.21115993966214588,0.13447353732193756,-0.10024555416685277,0.03551208094210897,-0.04144362481603509,-0.08546718507590162,-0.08516735827043725,-0.2189309980124333,-0.08484940147352471,-0.19548487515410312,-0.08516132669432494,-0.10863624197914853,-0.08486338041384694,-0.015899023007543957,-0.08518723507148296
0.0841954647978485,0.0855292423334202,-0.21523194088493156,0.08612383437626744,-0.17458405569999458,0.08566113294390755,-0.13599095749185114,0.08630663801667415,0.09953795893660393,0.08548504994866074,0.20163433866731567,-0.24710943909802638,0.2470276428238198,-0.2485441253546727,0.229791644121404,-0.21178958768016223,0.15624319076684934,-0.08583031626692804,-0.10549275658973752,0.09473969372963383,-0.1621355100555678,0.24875131869930286,-0.24904790246852937,0.2499999999999996,-0.24484722798077807,0.2303868864566255,-0.2303084457594565,0.17813847996048757,-0.1457617755392555,0.11736176741738395,0.1997332391120095,-0.2480137753135554,0.24819612353198275,-0.24502893973804266,0.2439084361590122,-0.21965476355399102,0.22415810549506177,-0.14491590293091194,0.13133644739079076,-0.029358307811495628,-0.14402531589990994,0.24398784451828845,-0.24338724512054882,0.2432309571488545,-0.22528949604867954,0.21167230371265805,-0.1349287727136206,0.10065464716810661,-0.035807146327002784,0.041730952813382856,0.0857707289187109,0.08547053984860799,0.219072921131571,0.08515231806972386,0.19544092291341886,0.0854644874541821,0.10905329970452833,0.08516610550084666,0.016170720087102377,0.08549041683796503
-0.07966440746637993,-0.08096482892839052,0.21125476212311659,-0.08155653215566615,0.17137748895068694,-0.0810936174989342,0.1391141166096998,-0.08174209967313874,-0.09495075636748206,-0.08091728958986408,-0.1969602933456837,0.24237316810518317,-0.24228689794260375,0.24380337798706853,-0.2252862289555546,0.21518673995947668,-0.159707397012313,0.09045662225651412,0.10067624621714659,-0.09017711790308783,0.1606448208240423,-0.24400348493252594,0.2443007293065829,-0.24484722798077807,0.24999999999999964,-0.2349677520289525,0.23490719414046687,-0.18266607277406835,0.15030373042889017,-0.11792035764817647,-0.1952422193698842,0.2446444083851359,-0.24452061101573144,0.24575994067627693,-0.2470879985136318,0.22424598000460322,-0.2287568976959445,0.14954841851541653,-0.1359438098721053,0.03395923784294625,0.14581875534237704,-0.24464952079576963,0.24410950439001583,-0.2440371316667799,0.22747760678774703,-0.2159980976389433,0.13889253021018386,-0.10307481434340073,0.03452941938367117,-0.039154204996629305,-0.08121296463772637,-0.0809039426706462,-0.21933232771576014,-0.08058656169256373,-0.1964073185506387,-0.08089684243740083,-0.11188884950959939,-0.08059888422830085,-0.014080072527004392,-0.08092252268954035
0.09450665936764845,0.0957948951292453,-0.19763239834985197,0.09637185802731515,-0.173287726019321,0.09593605309123751,-0.14901287433459334,0.09658527603622326,0.0993682131311733,0.09576330398567946,0.19074031933901017,-0.22826729771945134,0.228205768482256,-0.2297117536047195,0.23029738689680176,-0.229475546128025,0.1744436155510014,-0.10506266672595027,-0.08674370641844806,0.09918683350688316,-0.14606778834946077,0.22954424028223538,-0.22986312334268655,0.2303868864566255,-0.2349677520289525,0.24999999999999953,-0.24429752273742653,0.19697514016768455,-0.16161546157161538,0.1319556480243299,0.18986077725527697,-0.2303558522601351,0.2302525006828719,-0.23151290014568168,0.23424840706594063,-0.21139918671543131,0.21595008904594185,-0.13665807197793442,0.13084428939937237,-0.02420534791888592,-0.1313722654313569,0.23036153943668583,-0.22981567485720064,0.22974825246730587,-0.21318815416882608,0.20375883825116162,-0.12921760786766093,0.09888760049122314,-0.044921556187697526,0.05152046604893974,0.09600793723749212,0.09574651601079347,0.2084792301418401,0.09543103954997777,0.18713325069641834,0.09574158215872398,0.1055114633881828,0.09544055380269023,0.025523669892300642,0.09576851787465941
-0.08896682389426107,-0.09023677343461184,0.1978502748460242,-0.09081458637986613,0.17106249272736768,-0.09037351995979763,0.14554993213245418,-0.09102329733124019,-0.09617491000111297,-0.09020006874795462,-0.18914564352943042,0.22814568247320707,-0.2280783964493349,0.2295720470825809,-0.22660957758184166,0.2242275575218838,-0.1697201150486142,0.10273858608942132,0.08703220027465997,-0.0950538131110394,0.14749820583905626,-0.22946823886938608,0.22978287436242367,-0.2303084457594565,0.23490719414046687,-0.24429752273742653,0.2499999999999996,-0.19415459783550998,0.15995395053302885,-0.1280073175544885,-0.18813260574325844,0.23028573492135263,-0.230175795893604,0.23173885139712253,-0.23464665605780868,0.2154450691814312,-0.21998014212767344,0.14144667620080295,-0.13431982316478464,0.028700476932901918,0.13316228897373414,-0.23059389686840726,0.23010966842146488,-0.23006282453392343,0.21491691007070074,-0.2075437596256801,0.13309213157061428,-0.10121303312198633,0.04306324276815098,-0.04821320646708814,-0.09045560467456226,-0.09018474042650462,-0.20824970501314752,-0.08987129980762566,-0.18756122064654063,-0.09017864173551343,-0.10823055644844536,-0.08987909136667774,-0.022862707190946727,-0.09020519331549934
0.14227885021336875,0.14349307961481086,-0.15001450325405286,0.14387887540793515,-0.13495407384645272,0.1436350385053052,-0.15124310960264686,0.14433211486945163,0.09144619112717838,0.14352860772477505,0.16627734462835508,-0.17623840331085738,0.17626503831242926,-0.17769126900782276,0.1908239941054235,-0.19291601861724145,0.18641309609357898,-0.14678466330427786,-0.043081408290575544,0.0895300182800792,-0.09500242091165766,0.1772861414657472,-0.1776789297519793,0.17813847996048757,-0.18266607277406835,0.19697514016768455,-0.19415459783550998,0.24999999999999956,-0.207482183777477,0.18196643730725262,0.16783313518033835,-0.17802746962866406,0.17799671602123115,-0.17976327366241296,0.18264710604259288,-0.16143666806398602,0.1658993456871346,-0.08908020250654022,0.11484723703856181,0.0076367251595224235,-0.08071049694624713,0.17846192836016456,-0.1779324580372875,0.17789811817340437,-0.16216911024870473,0.1559140807244812,-0.09245753341656529,0.08219381635451949,-0.0797742072441282,0.09244224034781756,0.1435899109218313,0.14350036001749153,0.1670109387926166,0.1431955138408068,0.1535117044831751,0.14350260884272162,0.08036846545305926,0.14319420082222145,0.06367855068324035,0.14353380629608828
-0.10548752707475091,-0.10644741857676632,0.12310448378158405,-0.1068069542514716,0.1108923366080824,-0.10656092458609275,0.12490560770390763,-0.10725351920313168,-0.06275921637009739,-0.10645549257757149,-0.13291059497528832,0.14407815514199881,-0.14408446193811364,0.14533761544415288,-0.15510864901021706,0.15693414585366286,-0.1542178742610272,0.12574349682988734,0.0215531577468096,-0.05873623806764965,0.08024944077757497,-0.14490898396670857,0.14531595844822529,-0.1457617755392555,0.15030373042889017,-0.16161546157161538,0.15995395053302885,-0.207482183777477,0.24999999999999964,-0.1829628832668475,-0.13403938183433733,0.1456475244373963,-0.14559199028234351,0.14736860529295312,-0.1502350143614057,0.1397292315414539,-0.1428861226648319,0.12606884539262042,-0.15280014588701094,0.029861385912217757,0.06861361874780789,-0.14619413305060208,0.14594656716940374,-0.1459720711233351,0.1357057668196382,-0.1360565720348163,0.10953200927860979,-0.10854249645162234,0.08409108001943422,-0.08123815909013897,-0.10652751204933884,-0.10643831318698226,-0.13578747885806144,-0.10616914511998664,-0.12554054364619952,-0.10642975960039183,-0.093091501759863,-0.10612359232941153,-0.060109063740701824,-0.10645956538128529
0.17217855451723776,0.17320896897745608,-0.09394322496547063,0.1732131965623477,-0.08534732943425816,0.17333067941447375,-0.10482660393403329,0.17336721570933925,0.10090736639108427,0.17335736941706087,0.130929255967468,-0.11563065500428912,0.11569495267094038,-0.1170100593875703,0.13382584631897448,-0.13551358327666366,0.13539603681419923,-0.09717990241027594,-0.06097526643600189,0.1066661683627257,-0.041379130258155206,0.1165113998696745,-0.1169804092903331,0.11736176741738395,-0.11792035764817647,0.1319556480243299,-0.1280073175544885,0.18196643730725262,-0.1829628832668475,0.2499999999999994,0.1350785976594136,-0.11670606450296504,0.11686654293382065,-0.1166160119877836,0.11828474686435832,-0.10031108876991693,0.1040040554763463,-0.05919144032375437,0.08603275339557834,0.03697854630760707,-0.027276411379806603,0.11528884148447546,-0.11483766387682282,0.11480293848358356,-0.10076895970231435,0.09780333649716605,-0.0628907336027529,0.07664690808195544,-0.1126719796466604,0.12470656586488507,0.17324840404588918,0.1733239359215495,0.11409423503369064,0.17304515083358307,0.10839639791610005,0.17332838927918665,0.060533280851490595,0.17301427623154925,0.09693644422397771,0.173362887208545
0.13376685934267854,0.1350403659586386,-0.1692481122149325,0.13535214730068051,-0.13790138701414406,0.1351716143826419,-0.11885195991047784,0.13542334974675518,0.11655291686680111,0.13509849544943223,0.17960794265366298,-0.19753940360496602,0.19751749798043827,-0.19895733104855814,0.19220087570986732,-0.1795245810941465,0.14151403955498623,-0.07565810468361532,-0.1122635420555833,0.12123943302552218,-0.11260378238781858,0.1992734293987908,-0.1996491253911156,0.1997332391120095,-0.1952422193698842,0.18986077725527697,-0.18813260574325844,0.16783313518033835,-0.13403938183433733,0.1350785976594136,0.24999999999999964,-0.19894903904373315,0.19920572053664465,-0.19611490185075703,0.19514171403134728,-0.17085559550017235,0.17529940007586647,-0.09599330726485505,0.09463025617024848,0.013750878944206672,-0.09483881864076162,0.194933998367643,-0.19431604781299763,0.19417633012066782,-0.17629615656045336,0.16485439541959163,-0.09733136569973685,0.08236815318300261,-0.06878752940263322,0.08170211328133402,0.13520290872199794,0.13507252825620505,0.1802336779476559,0.1347623397366627,0.16378391611034473,0.13507412514430595,0.08333456711992539,0.13476794930275063,0.053124246724601566,0.13510430011167723
-0.08285236359777368,-0.08417551864859592,0.21393160372472858,-0.08476959628194733,0.17371302365649774,-0.08430652105199041,0.13595986357661788,-0.0849534658359525,-0.09832713565568206,-0.08413022459791623,-0.20015771101322186,0.24558213878367435,-0.24549991626269269,0.24701058219894645,-0.22852497647823314,0.21161923979315236,-0.15618569168188928,0.08623403997968467,0.10407164963111584,-0.0935104455144174,0.1618881786898888,-0.24770445169733207,0.24808273102722636,-0.2480137753135554,0.2446444083851359,-0.2303558522601351,0.23028573492135263,-0.17802746962866406,0.1456475244373963,-0.11670606450296504,-0.19894903904373315,0.24999999999999972,-0.24946449429739326,0.24671569582658,-0.24428954084515325,0.22002756011380123,-0.22450812798770303,0.14521372719376233,-0.1315039944074008,0.02995615801367843,0.14561187901326691,-0.24567735071675809,0.24507652621040746,-0.2449193684857703,0.2269536575998951,-0.21199605322777015,0.13502762250088138,-0.100417160894236,0.034685715260139804,-0.04049542433707376,-0.08441914623115546,-0.08411583410210469,-0.22006516226354456,-0.08379714082551476,-0.19666022931609464,-0.08410965667484353,-0.10893836121418177,-0.083811475871277,-0.014956150433539792,-0.08413554156516294
