x1,x2,x3,x4,x5,x6,x7,x8,x9,x10,x11,x12,x13,x14,x15,x16,x17,x18,x19,x20,x21,x22,x23,x24,x25,x26,x27,x28,x29,x30,x31,x32,x33,x34,x35,x36,x37,x38,x39,x40,x41,x42,x43,x44,x45,x46,x47,x48,x49,x50,x51,x52,x53,x54,x55,x56,x57,x58,x59,x60
0.25,0.24981887105082207,0.24909849504728931,0.24989658514377797,0.24982281153962682,0.24991147938519792,0.24986760668345037,0.2499788550740126,0.24990239172111833,0.24993891407737984,0.24985007516792226,0.2491354689231978,0.2478304000052232,0.24931369120044303,0.2459497236253168,0.24681704441970603,0.24739334131102747,0.24514066413443242,0.2479387890024608,0.24988929074384306,0.24992484591659753,0.24854308770594524,0.24911328012450504,0.2479565042071771,0.24880739241152722,0.24888497986442662,0.2483097101640932,0.24880693770317552,0.24758420180801388,0.24977726368113815,0.24993902802878665,0.24799345455096106,0.24936936215948077,0.24704542797059328,0.2490796875783773,0.24966683617632912,0.24718331418419642,0.24961187698943338,0.24583786782969266,0.2497329496915433,0.24989438876444178,0.2497107080606559,0.24585544903831275,0.24902715768237882,0.24382245044730436,0.2475235685050724,0.24880750017230016,0.24500554315437784,0.24881774310079582,0.2499160372885112,0.24997868555053457,0.24984085719781668,0.24926226837838675,0.2498900191084461,0.24982872095328326,0.24991472686956592,0.24990768340625788,0.2499833316448538,0.24991962160220332,0.24993811052864173
0.24981887105082207,0.25000000000000006,0.24894168270218853,0.24973927038544655,0.2496655432232133,0.24975415525065195,0.24971031016762307,0.2498214885251608,0.24974507330743373,0.24978157267216197,0.24969278968852482,0.24897863330232337,0.24767438595060304,0.24915674338518037,0.2457948934930382,0.24666166829212666,0.247237602393352,0.2449863433208313,0.24778270671485977,0.24973198057747792,0.2497675133675602,0.2483866250005628,0.24895645847191053,0.24780041076751042,0.24865076332119482,0.24872830193128423,0.24815339437441009,0.2486503088990908,0.24742834273994488,0.24962002403798747,0.2497816865518344,0.24783733785033468,0.24921237929826748,0.24688990807112857,0.24892288707294402,0.24950966604943967,0.24702770748268033,0.24945474146041993,0.24568310811281208,0.24957573794491034,0.249737075388774,0.24955351031556178,0.24570067825371925,0.24887039024553595,0.24366895947484535,0.24736774760684657,0.24865087101413016,0.24485130740206051,0.24866110749450315,0.24975871028467678,0.24982131910840114,0.24968357752131065,0.24910535293479047,0.24973270848356166,0.24967144891677912,0.24975740069066557,0.24975036166135461,0.2498259622779137,0.2497622923419736,0.24978076962927337
0.24909849504728931,0.24894168270218853,0.25000000000000017,0.24901880456490474,0.2489455132194174,0.24903389839505674,0.2489902217251011,0.24910110149136516,0.24902489786345547,0.2490613096297157,0.24897279587296203,0.24827059124553538,0.24695362029889595,0.24843762647815787,0.24508037148551043,0.2459496726745094,0.24652618661264836,0.24428037145730508,0.24707032856595787,0.24901186300630532,0.2490472781592812,0.2476825778137601,0.24823851562226015,0.24708727807230035,0.2479337016553941,0.24801130560490262,0.24743761451335888,0.24793355259377417,0.24671474663961673,0.24890022315389523,0.2490614026752723,0.24712259136772805,0.24849370586927128,0.24617793338532135,0.24820522954999086,0.24879025104044597,0.24631516976545476,0.24873543994240105,0.2449740954567024,0.248856068171655,0.24901692951261767,0.24883389128833155,0.24499214617262338,0.24815268750708858,0.2429666870086733,0.24665455215252774,0.24793411458841325,0.24414498435742307,0.24794415968206157,0.24903851996982976,0.24910093604626965,0.24896359164953846,0.24838721725346158,0.24901258093809803,0.24895150024399584,0.24903720194264684,0.24903018321103307,0.2491055658261666,0.24904207948842233,0.24906050349474165
0.24989658514377797,0.24973927038544655,0.24901880456490474,0.2500000000000002,0.2497432106373259,0.2498318493699264,0.24978799053404496,0.24989920345082298,0.24982276443178372,0.24985927517983667,0.2497704634051614,0.24905608064048756,0.2477514437624683,0.24923424756427942,0.24587137157718714,0.24673840704506178,0.24731453092762176,0.24506255723910997,0.24785978775596482,0.24980966768744017,0.2498452114846117,0.2484639526858107,0.24903390340415227,0.24787750251913396,0.24872811412331333,0.2488056765750383,0.2482305911670411,0.24872766056455267,0.2475053135887498,0.24969767634293386,0.24985938910468034,0.24791443560821652,0.24928990458108707,0.24696671211907167,0.24900032301564498,0.24958728416243353,0.24710455368371784,0.24953234273620958,0.2457595362132466,0.24965337641537805,0.24981476403436395,0.24963114185977983,0.2457771139972929,0.24894780957271945,0.24374476113838475,0.24744469959717416,0.2487282218457665,0.24492747662521394,0.24873846124100385,0.2498364056507336,0.24989903396290591,0.24976124952691905,0.24918284530660398,0.24981039577291758,0.24974911713698042,0.2498350956613141,0.2498280544422896,0.24990367857682116,0.24983998883432568,0.24985847186957236
0.24982281153962682,0.2496655432232133,0.2489455132194174,0.2497432106373259,0.2500000000000001,0.2497580912456884,0.24971424764130118,0.2498254289297986,0.24974901185917306,0.249785512973091,0.24969672233558582,0.2489829795424064,0.2476776993840759,0.24916060960157072,0.24579846645139783,0.24666554997611517,0.24724165656504446,0.24499025305430142,0.24778673535990156,0.2497359204105012,0.24977145263088127,0.2483906428291472,0.24896037814879374,0.24780442835178595,0.24865468302961324,0.24873223779146447,0.2481573019670957,0.24865425064827643,0.24743224195581967,0.24962396189068423,0.24978562576998864,0.2478412429959097,0.24921630674143466,0.24689380631852278,0.24892682329855792,0.24951360615233634,0.24703159489278398,0.249458679848199,0.2456869564026979,0.24957967493894143,0.24974101427013978,0.24955744611155836,0.24570456770596505,0.24887431417787675,0.24367282634085788,0.2473716576676815,0.24865480635350007,0.24485515782085282,0.248665033134864,0.2497626503737171,0.24982525963586744,0.24968751587609753,0.24910929289341988,0.24973664761332043,0.24967538711870604,0.24976134020987475,0.24975430106953445,0.24982990287857101,0.24976623193834063,0.24978470951708973
0.24991147938519792,0.24975415525065195,0.24903389839505674,0.2498318493699264,0.2497580912456884,0.25000000000000017,0.24980287825403102,0.24991409783974716,0.24983765425448576,0.24987416720423694,0.24978535024609727,0.24907093602308875,0.24776618660524152,0.2492491014539694,0.24588601251103342,0.24675311102126293,0.24732927079640793,0.24507716387216863,0.2478745638208303,0.24982455675673212,0.24986010265232142,0.24847873535043113,0.24904874625777507,0.2478922780254605,0.24874293863857103,0.24882050619931542,0.24824538573947938,0.24874248540431418,0.24752006511596097,0.2497125587259076,0.24987428110365137,0.24792921157940648,0.249304762600747,0.24698143157717503,0.24901516395527926,0.24960216003294558,0.24711928117833096,0.2495472152515291,0.2457741830161944,0.24966825616744584,0.24982965339115978,0.24964602026555302,0.24579176242323625,0.24896264715391794,0.24375928917612205,0.24745944782712445,0.2487430467772278,0.24494207428072512,0.24875328658810458,0.24985129632242545,0.2499139283502798,0.24977613570211704,0.249197697231057,0.24982528487731137,0.2497640025929348,0.24984998623786106,0.24984294459916842,0.249918573241021,0.24985487970251363,0.2498733638393792
0.24986760668345037,0.24971031016762307,0.2489902217251011,0.24978799053404496,0.24971424764130118,0.24980287825403102,0.2500000000000002,0.24987022460885214,0.2497937943350912,0.24983030112216154,0.24974150027203984,0.24902731552937335,0.24772248848670012,0.24920533545767387,0.24584273253715802,0.24670977726947646,0.2472858555483097,0.24503414582294003,0.24783107850484784,0.2497806994108673,0.24981623886234455,0.24843493038314884,0.24900502487498105,0.24784877704930805,0.24869927034163503,0.24877682862454709,0.24820180242585835,0.24869882087725975,0.24747661064012746,0.24966872094600862,0.24983041470917738,0.24788568569722505,0.2492609957757439,0.24693807226842443,0.2489714499594821,0.2495583423306865,0.24707589570362415,0.24950340655250716,0.24573102888606665,0.2496244262276111,0.2497857949795276,0.24960219403156322,0.2457486114804742,0.24891894011284615,0.24371650103835693,0.24741600691781523,0.24869938227851227,0.24489907028066277,0.24870961836001623,0.24980743434007782,0.2498700552186166,0.2497322867603579,0.24915395202215126,0.24978142730726854,0.24972015581191603,0.24980612433141824,0.24979908392890615,0.24987469929392622,0.24981101693700852,0.249829497828929
0.2499788550740126,0.2498214885251608,0.24910110149136516,0.24989920345082298,0.2498254289297986,0.24991409783974716,0.24987022460885214,0.25000000000000017,0.2499050100785753,0.2499415328076776,0.24985269282678055,0.24913807386172124,0.24783300933536598,0.24931630350377948,0.24595230825837228,0.2468196319388836,0.24739593502036547,0.2451432325921826,0.24794138529961524,0.24989190895571411,0.24992746450686482,0.2485457112740775,0.24911589012230706,0.24795910185073383,0.2488099993332984,0.2488875873488624,0.24831231206132218,0.24880954453464285,0.2475867959877225,0.24977988072634882,0.249941646776102,0.24799605296683216,0.24937197494278807,0.24704801654445438,0.24908229729998047,0.2496694520454121,0.2471859042308865,0.2496144923388545,0.24584044403772887,0.2497355662636443,0.2498970070335241,0.2497133244088009,0.2458580253318506,0.24902976693548162,0.2438250049381412,0.24752616190333454,0.24881010690705216,0.24500811042526138,0.24882035001125383,0.24991865577217978,0.24998130469932758,0.24984347490251485,0.2492648799374766,0.24989263732823777,0.24983133852810221,0.24991734534823273,0.24991030181112692,0.24998595084232636,0.24992224013215467,0.24994072925231056
0.24990239172111833,0.24974507330743373,0.24902489786345547,0.24982276443178372,0.24974901185917306,0.24983765425448576,0.2497937943350912,0.2499050100785753,0.25000000000000017,0.24986508086854314,0.24977627013771125,0.24906191552855222,0.24775711031455788,0.24924004557976803,0.24587700890459724,0.24674411822906975,0.24732023534517855,0.2450682455409375,0.24786555568881757,0.2498154721581558,0.24985101683237113,0.24846952482488113,0.24903969209320417,0.24788325379162732,0.24873389309619384,0.24881145944351707,0.24823635603041108,0.24873343819923657,0.2475110630698564,0.24970347812394575,0.24986519467750487,0.24792019554000297,0.2492956972133258,0.2469724475368977,0.2490061077704644,0.24959308325941484,0.2471102934596529,0.2495381397243391,0.24576524273952155,0.24965917733246126,0.2498205686919705,0.24963694222604502,0.24578281749850792,0.248953593084978,0.24375042449274226,0.24745044863714044,0.24873400206865998,0.24493316542213572,0.24874424175134766,0.24984221090979702,0.24990484059714252,0.2497670529596103,0.24918863540357078,0.2498162003475632,0.24975492032889524,0.2498409008098897,0.24983385942725592,0.249909485318984,0.24984579409659863,0.2498642775613157
0.24993891407737984,0.24978157267216197,0.2490613096297157,0.24985927517983667,0.249785512973091,0.24987416720423694,0.24983030112216154,0.2499415328076776,0.24986508086854314,0.2500000000000001,0.24981277231990826,0.24909827456855194,0.24779339473422382,0.2492764687707377,0.24591299922805648,0.24678019297661996,0.24735640235590267,0.24510406378525187,0.24790177158165272,0.24985198184495933,0.24988753171449032,0.24850596874208994,0.24907608722966776,0.24791948318359033,0.24877024502681888,0.24884782098592978,0.24827263694599758,0.24876979026625204,0.24754723698787967,0.2497399715034825,0.24990171170379205,0.24795642868430293,0.24933213090902986,0.24700854348636195,0.24904249948462018,0.2496295604712785,0.24714640920564018,0.24957460944353171,0.2458011636490653,0.24969566413989247,0.24985707911041774,0.24967342582948038,0.24581874195416145,0.24898997745226992,0.2437860472822874,0.24748661277013811,0.24877035281298007,0.24496896330315132,0.248780594234275,0.2498787244063201,0.2499413633113001,0.24980355553658795,0.2492250530865695,0.2498527101072609,0.24979142110631647,0.24987741417947074,0.2498703717677636,0.24994600871194994,0.24988230818131624,0.2499007943473267
0.24985007516792226,0.24969278968852482,0.24897279587296203,0.2497704634051614,0.24969672233558582,0.24978535024609727,0.24974150027203984,0.24985269282678055,0.24977627013771125,0.24981277231990826,0.2500000000000003,0.2490146979026208,0.2477046439375766,0.24918775848442515,0.24582635353168109,0.2466924931494933,0.24726885945841312,0.2450169825609909,0.2478136360087396,0.2497631752463655,0.2497987105194694,0.2484171420967797,0.24898754896572156,0.2478313566593286,0.24868181553654203,0.24875942237811005,0.2481843576285376,0.24868137974172963,0.2474592304572506,0.2496512036002044,0.2498128836486075,0.24786828302955036,0.24924349991471,0.24692074115280577,0.24895399829481382,0.24954084131503007,0.24705853045003,0.24948590308561983,0.24571370946120996,0.24960691246898203,0.24976826840907407,0.24958467970218925,0.24573136321893904,0.24890146647628797,0.2436994515317133,0.2473986625981558,0.2486819662534988,0.24488185002401275,0.24869217993879933,0.24978990867202921,0.2498525235313748,0.24971476473934603,0.24913649494101175,0.24976390183840097,0.2497026349357297,0.24978859712968957,0.2497815572211548,0.2498571672807575,0.24979348939199897,0.24981196898724062
0.2491354689231978,0.24897863330232337,0.24827059124553538,0.24905608064048756,0.2489829795424064,0.24907093602308875,0.24902731552937335,0.24913807386172124,0.24906191552855222,0.24909827456855194,0.2490146979026208,0.2500000000000001,0.24700334594893927,0.24847637159905595,0.24511066719917599,0.2459844029892007,0.24656229221174195,0.24431564935927083,0.24710894320809307,0.2490488017173867,0.24908424595913034,0.24770691627745733,0.24827549646180813,0.24712333936745662,0.24797048529876964,0.248047555091965,0.24747433132520205,0.2479701478774652,0.2467513516225527,0.24893714977727988,0.2490983775348685,0.24715930040315312,0.2485306690637821,0.2462142321234283,0.24824183759643786,0.24882707489992556,0.24635182557676175,0.24877223701816806,0.24501079975860843,0.2488929990549734,0.24905389663101407,0.24887083540463698,0.24502789534306232,0.24818950363269532,0.24300228060499446,0.246690977247244,0.24797069431591967,0.2441813423007081,0.24798093565717386,0.2490754780063475,0.2491379102833727,0.24900054550119885,0.24842388159375375,0.24904954206088772,0.248988453492924,0.2490741667207743,0.24906714694736495,0.2491425407515964,0.2490790449905275,0.24909747173153585
0.2478304000052232,0.24767438595060304,0.24695362029889595,0.2477514437624683,0.2476776993840759,0.24776618660524152,0.24772248848670012,0.24783300933536598,0.24775711031455788,0.24779339473422382,0.2477046439375766,0.24700334594893927,0.2500000000000003,0.24717332827644325,0.2438246088969379,0.2446981135505581,0.24526028289365323,0.243036608150996,0.24580981054769377,0.24774420518148815,0.24777945040724786,0.24641884272236084,0.24697472194614448,0.2458287454356732,0.24667158626605556,0.24674847428017263,0.24617822970233716,0.24667121514817714,0.2454589135112472,0.24763314334185652,0.24779350989209828,0.24586462325566336,0.24722870730222313,0.24492485847391246,0.24694163559016521,0.2475236966134964,0.2450614289811494,0.24746921924187198,0.2437274451019038,0.2475892047425661,0.24774925351332244,0.24756714800949672,0.24374525247566708,0.2468894803848091,0.24172961533028495,0.24539885811966944,0.24667177448235614,0.2429023439288938,0.24668185722202948,0.2477707202336119,0.24783282857755726,0.24769618336516797,0.2471226360732887,0.24774492326226655,0.24768415064115906,0.24776941892768517,0.24776243592659142,0.2478374347886216,0.24777427164315563,0.2477926018576956
0.24931369120044303,0.24915674338518037,0.24843762647815787,0.24923424756427942,0.24916060960157072,0.2492491014539694,0.24920533545767387,0.24931630350377948,0.24924004557976803,0.2492764687707377,0.24918775848442515,0.24847637159905595,0.24717332827644325,0.2500000000000003,0.24528893464522494,0.24616532736355534,0.24677886720162112,0.24449111123894585,0.2472787822447345,0.24922694170001472,0.2492624247692348,0.247921964579417,0.248452439228103,0.2472971328515439,0.24814731093728518,0.24822383667803563,0.24765007222338334,0.24814653439692702,0.24692692961461252,0.24911516755615298,0.24927651462699502,0.24733573321019392,0.2487085331196226,0.24638915700449407,0.24841942586132645,0.2490051401982646,0.24652725079957535,0.2489498980160299,0.24518419658143775,0.24907105008483857,0.24923204704610732,0.24904886626095032,0.24520059100543193,0.24836659055871388,0.2431765232778261,0.2468673798739024,0.24814881584160708,0.24435484271976,0.24815881337068382,0.24925370859083998,0.2493161343061542,0.24917867125903673,0.24860194977344133,0.24922770286753168,0.2491665902171457,0.249252345144697,0.24924532034960206,0.2493207680877657,0.24925722690418362,0.24927566682699923
0.2459497236253168,0.2457948934930382,0.24508037148551043,0.24587137157718714,0.24579846645139783,0.24588601251103342,0.24584273253715802,0.24595230825837228,0.24587700890459724,0.24591299922805648,0.24582635353168109,0.24511066719917599,0.2438246088969379,0.24528893464522494,0.2500000000000002,0.24279083490213116,0.2434031782177494,0.2411879776920527,0.2439226178275025,0.245864095332851,0.24589915830225054,0.24465497238157213,0.2450998857794039,0.2439483676511897,0.24479847571660118,0.24487503877964464,0.2443066386800703,0.24479593894808088,0.24359400033297926,0.24575378189089367,0.24591294710594447,0.24399796739419383,0.24535275388382008,0.24306285348009862,0.24506711123562408,0.24564522309458678,0.2431995973092711,0.24559020158907613,0.24187310484924712,0.24571035658671894,0.2458691631948724,0.2456884296373894,0.24188791376155908,0.2450147302351009,0.23989566022428788,0.24353622378573445,0.24480129864075498,0.24105614070372353,0.2448110027308043,0.2458906092311667,0.24595213376481798,0.24581652549557761,0.24524785176242483,0.24586489552274687,0.24580463312161782,0.24588920530647201,0.2458822752963157,0.24595670502482422,0.2458940211968098,0.24591221231137853
0.24681704441970603,0.24666166829212666,0.2459496726745094,0.24673840704506178,0.24666554997611517,0.24675311102126293,0.24670977726947646,0.2468196319388836,0.24674411822906975,0.24678019297661996,0.2466924931494933,0.2459844029892007,0.2446981135505581,0.24616532736355534,0.24279083490213116,0.25,0.24423759815698695,0.24203476894396778,0.2448612908834403,0.24673118925827064,0.2467663199515581,0.24550724174116303,0.2459621054597042,0.24480687258605952,0.24566266000044673,0.24573329624087797,0.24516826845963197,0.24566538200069554,0.2444527192784891,0.24662062318020192,0.24678006886211226,0.24485810857192633,0.2462171837845803,0.24392291118650733,0.24593440986061446,0.24651298042688136,0.24405576813678667,0.24645788989285505,0.24272118949797222,0.24657692261938807,0.24673612911022907,0.24655471343177515,0.24274827522731693,0.24587887658072988,0.2407477813896145,0.2443973982254375,0.2456677103255796,0.24190442143513954,0.2456748289751029,0.246757829724824,0.24681946307233338,0.24668337658359268,0.24611548114189088,0.24673191718802004,0.24667143368036534,0.24675631268815462,0.24674935823990654,0.24682405043852604,0.24676114556132028,0.24677940082530828
0.24739334131102747,0.247237602393352,0.24652618661264836,0.24731453092762176,0.24724165656504446,0.24732927079640793,0.2472858555483097,0.24739593502036547,0.24732023534517855,0.24735640235590267,0.24726885945841312,0.24656229221174195,0.24526028289365323,0.24677886720162112,0.2434031782177494,0.24423759815698695,0.25,0.24255933439183752,0.2453883410144065,0.24730670098759963,0.2473425005840007,0.2459961233551022,0.2465403002855255,0.2453895259750453,0.24623484388137284,0.24634343241954063,0.24574014317554357,0.2462426524939956,0.2450230639017226,0.2471964433458765,0.24735638524311265,0.24542928341306203,0.24679243625051486,0.24449235851448675,0.24650734401020177,0.24708761195337517,0.24462829563213478,0.2470329037567009,0.24329373839919188,0.24715260414328338,0.2473122918924877,0.24713052060396706,0.2433152524308127,0.24645347100405907,0.24130626019737025,0.24496689902237673,0.24623876589202298,0.2424718297790785,0.24624754717207456,0.2473338640060214,0.24739576560519794,0.24725936136927354,0.24668828183536579,0.24730801531175597,0.24724736813689546,0.24733246777602705,0.24732549708973142,0.24740036368830762,0.24733731193354216,0.24735560982202526
0.24514066413443242,0.2449863433208313,0.24428037145730508,0.24506255723910997,0.24499025305430142,0.24507716387216863,0.24503414582294003,0.2451432325921826,0.2450682455409375,0.24510406378525187,0.2450169825609909,0.24431564935927083,0.243036608150996,0.24449111123894585,0.2411879776920527,0.24203476894396778,0.24255933439183752,0.25,0.24310559951719274,0.24505657341940157,0.24509025061424486,0.24376841588773246,0.2442969986535448,0.24315918670781958,0.24399500828787393,0.24409954466879083,0.24350807977608893,0.24397653413044715,0.24279467562020837,0.24494550793147296,0.24510415560722415,0.24319723276630853,0.24454531669564572,0.24226743029673597,0.2442609303870961,0.24483751650293514,0.24240093380230152,0.24478309273372434,0.2410808098988743,0.2449020803806076,0.24506038767611654,0.24488015927898615,0.24109815415188182,0.24420971241240128,0.23910639344348122,0.24273535162888052,0.24399502719920332,0.24026538197218303,0.24400485057121563,0.24508166142972665,0.24514306634863797,0.2450079041651927,0.2444407648578136,0.2450561150809038,0.24499601324613568,0.24508034489253555,0.24507343767886952,0.24514762256840297,0.2450851449408479,0.24510327621516279
0.2479387890024608,0.24778270671485977,0.24707032856595787,0.24785978775596482,0.24778673535990156,0.2478745638208303,0.24783107850484784,0.24794138529961524,0.24786555568881757,0.24790177158165272,0.2478136360087396,0.24710894320809307,0.24580981054769377,0.2472787822447345,0.2439226178275025,0.2448612908834403,0.2453883410144065,0.24310559951719274,0.25,0.24785208290131724,0.247887857217981,0.24650993421863343,0.24708439723523865,0.24594668085470106,0.2467816369889454,0.24687113416811585,0.2462882984386444,0.2468165368637311,0.24556829671035807,0.24774143801480625,0.24790187678860823,0.2459717571091872,0.2473369412038646,0.24503194694744895,0.24704923523575553,0.2476323470465717,0.24516734687353545,0.24757748394202297,0.24383174708767744,0.247697497578945,0.24785759729035575,0.24767539805909797,0.24385091456743768,0.24699739244801497,0.24183585111475558,0.24550636445264443,0.24678018366824245,0.24300787539561575,0.2467900045903447,0.24787911343575314,0.24794121863729798,0.24780451366277909,0.247231040212127,0.24785327487587117,0.247792484113214,0.24787778125475676,0.247870795199637,0.24794582686253205,0.24788263609256958,0.24790097432385644
0.24988929074384306,0.24973198057747792,0.24901186300630532,0.24980966768744017,0.2497359204105012,0.24982455675673212,0.2497806994108673,0.24989190895571411,0.2498154721581558,0.24985198184495933,0.2497631752463655,0.2490488017173867,0.24774420518148815,0.24922694170001472,0.245864095332851,0.24673118925827064,0.24730670098759963,0.24505657341940157,0.24785208290131724,0.2500000000000001,0.24983791220496138,0.2484567559079878,0.249026751005815,0.24787074337929996,0.2487207865879591,0.24879831592905072,0.2482231704933468,0.2487200945426533,0.24749797996117273,0.2496903677708678,0.24985209318413784,0.2479071888115296,0.24928268971319856,0.24695918308940645,0.2489929652847375,0.2495799736005428,0.2470972630894734,0.24952496333168236,0.24575227704228123,0.2496460858343712,0.24980747295938038,0.24962386528574507,0.24576921094034587,0.2489404651199284,0.24373746086036643,0.24743736636718902,0.24872098485905944,0.24492020560560407,0.2487312763838327,0.24982911888139536,0.24989173949069113,0.2497539590771141,0.24917553562258543,0.24980310388806976,0.2497418312173076,0.24982780305623692,0.24982076204274328,0.249896383969831,0.24983269608641834,0.24985117858215125
0.24992484591659753,0.2497675133675602,0.2490472781592812,0.2498452114846117,0.24977145263088127,0.24986010265232142,0.24981623886234455,0.24992746450686482,0.24985101683237113,0.24988753171449032,0.2497987105194694,0.24908424595913034,0.24777945040724786,0.2492624247692348,0.24589915830225054,0.2467663199515581,0.2473425005840007,0.24509025061424486,0.247887857217981,0.24983791220496138,0.25000000000000017,0.24849192705803716,0.24906206669963343,0.2479055413155599,0.248756242019543,0.2488338133968142,0.24825866086048456,0.2487557900781276,0.24753330244477836,0.24972591453694007,0.24988764551501627,0.24794247138489664,0.24931809659542878,0.24699463958404588,0.24902848248765505,0.24961551005477925,0.24713249669260628,0.2495605617853512,0.2457873242725386,0.24968160970361142,0.24984301551641797,0.24965937254441675,0.24580490475956054,0.24897596219376047,0.24377232779715802,0.24747268332239927,0.24875635204514562,0.2449551728991334,0.24876659188832786,0.249864659715286,0.24992729501266286,0.24978949499465156,0.24921102624454222,0.24983864679859072,0.2497773612643395,0.24986334948029593,0.24985630746498083,0.24993194015183615,0.24986824320667583,0.24988672833216657
0.24854308770594524,0.2483866250005628,0.2476825778137601,0.2484639526858107,0.2483906428291472,0.24847873535043113,0.24843493038314884,0.2485457112740775,0.24846952482488113,0.24850596874208994,0.2484171420967797,0.24770691627745733,0.24641884272236084,0.247921964579417,0.24465497238157213,0.24550724174116303,0.2459961233551022,0.24376841588773246,0.24650993421863343,0.2484567559079878,0.24849192705803716,0.25000000000000006,0.24768302730094613,0.24661667064497791,0.24737952343620642,0.24746332152795772,0.24688543497621726,0.2473814012946509,0.24616378501691227,0.24834523527833288,0.24850604416714145,0.2465709943992259,0.24793972867013,0.2456282433764643,0.24765215371517607,0.24823562182611145,0.2457657702998419,0.2481807944956714,0.2444269383181362,0.24830120580930648,0.2484616945151384,0.24827910528793554,0.2444449529133497,0.24759913053449753,0.24242543980819303,0.24610465846492027,0.24738189830408425,0.2435999272029082,0.24739164223967808,0.24848328189314817,0.24854552326230292,0.2484084850982868,0.24783375441644867,0.2484573651562361,0.24839643182060187,0.24848193126467505,0.24847492818251388,0.24855014271932221,0.24848679793513503,0.2485051808620076
0.24911328012450504,0.24895645847191053,0.24823851562226015,0.24903390340415227,0.24896037814879374,0.24904874625777507,0.24900502487498105,0.24911589012230706,0.24903969209320417,0.24907608722966776,0.24898754896572156,0.24827549646180813,0.24697472194614448,0.248452439228103,0.2450998857794039,0.2459621054597042,0.2465403002855255,0.2442969986535448,0.24708439723523865,0.249026751005815,0.24906206669963343,0.24768302730094613,0.25,0.24709951992664028,0.2479530859328634,0.2480535365750577,0.2474481934410798,0.2479512475639341,0.24672927998525482,0.24891495803109023,0.24907609603600508,0.2471328529809061,0.24850919914228412,0.2461900239024004,0.24822326345441686,0.24880488246113466,0.24633845465173898,0.24874989204322479,0.24499955720360242,0.2488707962626551,0.2490317301309353,0.2488491056629261,0.24500816930113598,0.2481669427890868,0.2429797666447879,0.24666849943836786,0.2479479195082425,0.2441606334772743,0.247958557227121,0.24905325390884575,0.24911572126612694,0.24897836871836407,0.24840133716958768,0.24902736091470304,0.24896626916975292,0.24905198338185036,0.24904496423364442,0.24912035132306345,0.24905686121712942,0.2490752863169935
0.2479565042071771,0.24780041076751042,0.24708727807230035,0.24787750251913396,0.24780442835178595,0.2478922780254605,0.24784877704930805,0.24795910185073383,0.24788325379162732,0.24791948318359033,0.2478313566593286,0.24712333936745662,0.2458287454356732,0.2472971328515439,0.2439483676511897,0.24480687258605952,0.2453895259750453,0.24315918670781958,0.24594668085470106,0.24787074337929996,0.2479055413155599,0.24661667064497791,0.24709951992664028,0.25000000000000006,0.24679058603989548,0.24688013383777005,0.24631645435182853,0.2468103328362412,0.24558298031469913,0.24775917762176525,0.24791952376292078,0.2459876429913695,0.24735421896956933,0.24504913595901595,0.2470682308389868,0.24764977563611631,0.2451861666519632,0.24759512873442277,0.24385040963189722,0.247715187420232,0.24787529792989266,0.2476931141284015,0.2438696525709797,0.2470147786451067,0.24185380333265777,0.2455239262513244,0.24679802264763334,0.2430252075167106,0.2468076292404153,0.24789682677970395,0.24795893401723598,0.24782221927400452,0.24724892514926242,0.2478709839717574,0.24781018649599856,0.24789549210047518,0.2478885055462024,0.24796354257010314,0.24790034728516577,0.2479186868267176
0.24880739241152722,0.24865076332119482,0.2479337016553941,0.24872811412331333,0.24865468302961324,0.24874293863857103,0.24869927034163503,0.2488099993332984,0.24873389309619384,0.24877024502681888,0.24868181553654203,0.24797048529876964,0.24667158626605556,0.24814731093728518,0.24479847571660118,0.24566266000044673,0.24623484388137284,0.24399500828787393,0.2467816369889454,0.2487207865879591,0.248756242019543,0.24737952343620642,0.2479530859328634,0.24679058603989548,0.25,0.24772910806608375,0.24720204675512567,0.24764877473165356,0.24643414959428742,0.2486091978016151,0.2487710976481,0.24683009139810588,0.24822482166894963,0.24588087457164542,0.24791385681590228,0.248501110227306,0.24607959850996655,0.2484464896619758,0.24471245114993406,0.24856528069391146,0.2487259526362194,0.2485436457868739,0.24470846046684408,0.24786114080877805,0.24268121194143097,0.24636643640448253,0.24764351603310558,0.24386072005714127,0.24765408091556187,0.24874743892940515,0.2488098305561138,0.24867264666373054,0.2480964605703969,0.2487215787026567,0.24866055462830547,0.24874617093551635,0.24873916040616523,0.24881445492731827,0.24875104278127178,0.24876944525684358
0.24888497986442662,0.24872830193128423,0.24801130560490262,0.2488056765750383,0.24873223779146447,0.24882050619931542,0.24877682862454709,0.2488875873488624,0.24881145944351707,0.24884782098592978,0.24875942237811005,0.248047555091965,0.24674847428017263,0.24822383667803563,0.24487503877964464,0.24573329624087797,0.24634343241954063,0.24409954466879083,0.24687113416811585,0.24879831592905072,0.2488338133968142,0.24746332152795772,0.2480535365750577,0.24688013383777005,0.24772910806608375,0.25,0.24722318945128663,0.2477304905697071,0.24650214272865204,0.24868690994892,0.24884800164938795,0.24691641869815667,0.24827988079999067,0.24598759778132095,0.24800325219357738,0.2485803837909982,0.2461052655089765,0.2485216649431014,0.24477144689134542,0.24864271454735926,0.24880345507324877,0.2486204183676409,0.24478581224836418,0.24794088472575992,0.24276051274308288,0.24644269686092368,0.24772239875228447,0.24393590332944376,0.24773156753917847,0.24882507488598138,0.2488874187752909,0.24875019210179344,0.24817506765166975,0.2487991394010075,0.24873810170505048,0.2488237392972695,0.24881672658177303,0.2488920445825746,0.24882861266224862,0.24884702087640073
0.2483097101640932,0.24815339437441009,0.24743761451335888,0.2482305911670411,0.2481573019670957,0.24824538573947938,0.24820180242585835,0.24831231206132218,0.24823635603041108,0.24827263694599758,0.2481843576285376,0.24747433132520205,0.24617822970233716,0.24765007222338334,0.2443066386800703,0.24516826845963197,0.24574014317554357,0.24350807977608893,0.2462882984386444,0.2482231704933468,0.24825866086048456,0.24688543497621726,0.2474481934410798,0.24631645435182853,0.24720204675512567,0.24722318945128663,0.24999999999999986,0.24714632177430315,0.24596609420772567,0.24811243313343007,0.24827286232031984,0.24633240915207025,0.24773649872488768,0.24539401559313165,0.24757246385792553,0.24801247347669128,0.24553546050289993,0.24795791955970645,0.24424185595377707,0.24806828227865083,0.24822845839473495,0.24804884458351414,0.24421639416246244,0.247366930482474,0.24219569826770876,0.24587581019057142,0.24714908960276796,0.24337136355598746,0.24715991039938476,0.24824994297367226,0.24831214343072144,0.2481752339399459,0.2476006382718554,0.2482240680988211,0.24816322386613524,0.2482486111476341,0.2482416146412425,0.2483167585529376,0.24825347324837696,0.24827183891400786
0.24880693770317552,0.2486503088990908,0.24793355259377417,0.24872766056455267,0.24865425064827643,0.24874248540431418,0.24869882087725975,0.24880954453464285,0.24873343819923657,0.24876979026625204,0.24868137974172963,0.2479701478774652,0.24667121514817714,0.24814653439692702,0.24479593894808088,0.24566538200069554,0.2462426524939956,0.24397653413044715,0.2468165368637311,0.2487200945426533,0.2487557900781276,0.2473814012946509,0.2479512475639341,0.2468103328362412,0.24764877473165356,0.2477304905697071,0.24714632177430315,0.24999999999999994,0.24643296695333528,0.24860866821164046,0.2487704065826529,0.24683988620844471,0.24821500650477152,0.24590710258507117,0.2479545731715667,0.24850938440937043,0.24605803525730452,0.24844423231410623,0.24473687797791857,0.24856468559910117,0.2487253777518268,0.24854346136557437,0.2447068715851273,0.2478592137286454,0.24268699073654768,0.24636365505420252,0.24764618078197098,0.24385770100697307,0.2476546766898636,0.24874714782511306,0.24880937584961096,0.24867219220563794,0.2480980052542694,0.24872112415467038,0.24866014649236057,0.24874571633905024,0.2487387058225112,0.24881400020605968,0.24875058817590207,0.24876899061784236
0.24758420180801388,0.24742834273994488,0.24671474663961673,0.2475053135887498,0.24743224195581967,0.24752006511596097,0.24747661064012746,0.2475867959877225,0.2475110630698564,0.24754723698787967,0.2474592304572506,0.2467513516225527,0.2454589135112472,0.24692692961461252,0.24359400033297926,0.2444527192784891,0.2450230639017226,0.24279467562020837,0.24556829671035807,0.24749797996117273,0.24753330244477836,0.24616378501691227,0.24672927998525482,0.24558298031469913,0.24643414959428742,0.24650214272865204,0.24596609420772567,0.24643296695333528,0.24999999999999967,0.2473864087539387,0.24754706505083623,0.24563659651617992,0.24700502348409215,0.24470181893185666,0.24675696177571482,0.24732006414290844,0.24483649417613226,0.2472423915202798,0.24344762498792885,0.2473437884801059,0.24750330958592526,0.24733484267349612,0.2434975544905466,0.2466602933055425,0.24148381029884292,0.2451660302398543,0.24642676413737613,0.24265874253614067,0.2464375252974849,0.24752463423330204,0.2475866279647879,0.24745011849795495,0.24687759331457573,0.2474988099734523,0.24743810737967428,0.24752328130993415,0.2475163052458517,0.24759122960295987,0.24752812920464895,0.24754644120969665
0.24977726368113815,0.24962002403798747,0.24890022315389523,0.24969767634293386,0.24962396189068423,0.2497125587259076,0.24966872094600862,0.24977988072634882,0.24970347812394575,0.2497399715034825,0.2496512036002044,0.24893714977727988,0.24763314334185652,0.24911516755615298,0.24575378189089367,0.24662062318020192,0.2471964433458765,0.24494550793147296,0.24774143801480625,0.2496903677708678,0.24972591453694007,0.24834523527833288,0.24891495803109023,0.24775917762176525,0.2486091978016151,0.24868690994892,0.24811243313343007,0.24860866821164046,0.2473864087539387,0.2499999999999998,0.24974010795727428,0.24779567530522764,0.24917145650943548,0.24684873210653874,0.24888104783733178,0.24946808375983867,0.24698733313270124,0.24941321605045652,0.24564212392598136,0.2495341708098588,0.24969547720452345,0.2495119202377437,0.24565997146463997,0.2488288106530714,0.2436286886279853,0.24732662113577,0.24860962281039206,0.24481039632045534,0.24861973168051774,0.249717119596921,0.2497797113315852,0.24964199268502457,0.2490639979482261,0.24969111546464956,0.24962986633619294,0.24971580355887973,0.24970876570192013,0.2497843537271854,0.24972069439548253,0.2497391686053874
0.24993902802878665,0.2497816865518344,0.2490614026752723,0.24985938910468034,0.24978562576998864,0.24987428110365137,0.24983041470917738,0.249941646776102,0.24986519467750487,0.24990171170379205,0.2498128836486075,0.2490983775348685,0.24779350989209828,0.24927651462699502,0.24591294710594447,0.24678006886211226,0.24735638524311265,0.24510415560722415,0.24790187678860823,0.24985209318413784,0.24988764551501627,0.24850604416714145,0.24907609603600508,0.24791952376292078,0.2487710976481,0.24884800164938795,0.24827286232031984,0.2487704065826529,0.24754706505083623,0.24974010795727428,0.24999999999999975,0.24795650377947998,0.24933247599272534,0.24700849223580354,0.24904292436073067,0.24962969930060724,0.24714671231819899,0.24957480180737907,0.24580103254282454,0.2496957761048039,0.24985719558290204,0.24967363679709698,0.24581897003247033,0.248990156294403,0.24378604635743692,0.2474867592838898,0.2487704117810233,0.24496913181606284,0.24878069600846758,0.24987883528387778,0.2499414772637026,0.2498036694261414,0.2492251337186702,0.24985282401922906,0.24979153463112844,0.24987752810283897,0.24987048568792117,0.24994612266659166,0.24988242210691586,0.2499009082813545
0.24799345455096106,0.24783733785033468,0.24712259136772805,0.24791443560821652,0.2478412429959097,0.24792921157940648,0.24788568569722505,0.24799605296683216,0.24792019554000297,0.24795642868430293,0.24786828302955036,0.24715930040315312,0.24586462325566336,0.24733573321019392,0.24399796739419383,0.24485810857192633,0.24542928341306203,0.24319723276630853,0.2459717571091872,0.2479071888115296,0.24794247138489664,0.2465709943992259,0.2471328529809061,0.2459876429913695,0.24683009139810588,0.24691641869815667,0.24633240915207025,0.24683988620844471,0.24563659651617992,0.24779567530522764,0.24795650377947998,0.24999999999999967,0.24738834184730932,0.24515871728518626,0.24715597521169266,0.24770909459893675,0.24527255810777174,0.24767462745517946,0.24394528902573648,0.24775272759635583,0.24791225036831907,0.2477303090539972,0.24390486572493264,0.24705849726474705,0.24189220667337427,0.24556183305544302,0.24683493649701788,0.2430674396730945,0.24684347941914989,0.24793384215270248,0.24799588472499468,0.24785914961545652,0.24728586846892422,0.24790792158235375,0.24784710859699782,0.24793243335226814,0.2479254457568629,0.24800049396274024,0.2479372892604757,0.2479556315349761
0.24936936215948077,0.24921237929826748,0.24849370586927128,0.24928990458108707,0.24921630674143466,0.249304762600747,0.2492609957757439,0.24937197494278807,0.2492956972133258,0.24933213090902986,0.24924349991471,0.2485306690637821,0.24722870730222313,0.2487085331196226,0.24535275388382008,0.2462171837845803,0.24679243625051486,0.24454531669564572,0.2473369412038646,0.24928268971319856,0.24931809659542878,0.24793972867013,0.24850919914228412,0.24735421896956933,0.24822482166894963,0.24827988079999067,0.24773649872488768,0.24821500650477152,0.24700502348409215,0.24917145650943548,0.24933247599272534,0.24738834184730932,0.24999999999999944,0.24644915135221798,0.24848384780224228,0.2490763255081926,0.246579592276853,0.24901656030722125,0.24523819566733723,0.24912654062257372,0.249287708818969,0.24910419362517194,0.2452583866660982,0.2484227839736436,0.24323170878861572,0.2469232911117768,0.24820418917197046,0.24441082254506402,0.24821395403467897,0.2493093406331846,0.24937180581352528,0.24923431206939847,0.24865755589365468,0.2492833546285791,0.24922221346058707,0.24930800240535486,0.24930097604164533,0.2493764406270504,0.24931288525492284,0.24933132929531499
