x1,x2,x3,x4,x5,x6,x7,x8,x9,x10,x11,x12,x13,x14,x15,x16,x17,x18,x19,x20,x21,x22,x23,x24,x25,x26,x27,x28,x29,x30,x31,x32,x33,x34,x35,x36,x37,x38,x39,x40,x41,x42,x43,x44,x45,x46,x47,x48,x49,x50,x51,x52,x53,x54,x55,x56,x57,x58,x59,x60
0.25,0.23274349386715357,0.20619815437211023,0.2263752738894636,0.2245561908252311,0.23294169992255914,0.23157936451621874,0.22967760270241225,0.23443906474696674,0.23209914152214423,-0.24319855936498863,0.22790753379318876,-0.21007297009677933,0.2243025941703919,-0.22581567151893764,0.23004310335205924,-0.23168588280357108,0.23395890321013618,-0.23439833235190755,0.23263453800218958,0.006080043357938087,-0.08920094665146,0.08875983515792425,-0.13633360055519805,0.1356672110865187,-0.1725569375359982,0.1711568806681965,-0.213098409126372,0.21272019680617918,-0.23354133731194404,-0.0112179044952595,-0.05048950875258475,0.042175429002425886,-0.0965490317229695,0.09236673433569988,-0.13575165867432093,0.136408790969767,-0.16492134527689337,0.16562778182572352,-0.20077577630045418,-0.2342440660522337,0.2134125292318702,-0.21317720769926485,0.20304923775270967,-0.2020050705360914,0.20325649256664097,-0.19114973648917946,0.20776515534638657,-0.20973713409717556,0.20007039440823704,0.23074651663816398,0.23315087484571423,0.2245350104145936,0.22139439015928267,0.21135043210350574,0.22942386543309373,0.1967047900564304,0.22870736603642783,0.22660805297819459,0.233407968794625
0.23274349386715357,0.24999999999999994,0.22259738950145214,0.23980070978573165,0.23662699892990596,0.24457509716192258,0.24326284422679667,0.24109741877264806,0.2460989143829784,0.24364315571123216,-0.23658782017518942,0.23488990900604417,-0.22225331353891664,0.23498774640328235,-0.23623293744076201,0.24043884256521098,-0.24312580091287722,0.2454864254819345,-0.2460553948495904,0.24422508710724952,0.0032003856868080133,-0.08935955060329571,0.08909707934277408,-0.13898988432094936,0.13833866510295748,-0.17818724560426863,0.17676738895044605,-0.22230284268054545,0.22195682779492945,-0.24516147400434038,-0.008562660964800517,-0.05541265541810797,0.046793212055389694,-0.10315823694705427,0.09882125669998888,-0.14379478988540081,0.14447574037208355,-0.1740325088956753,0.17476431121148625,-0.21120134741321567,-0.2458954155883081,0.22430265699301385,-0.2240562701672788,0.21355960497241533,-0.21239910929360598,0.2137739508550817,-0.20097347762030995,0.21844790238316952,-0.22045516455759415,0.210454601703158,0.2422337837124716,0.24476304297719317,0.23582236699380713,0.23251036664199723,0.222054738292348,0.2408937408828486,0.20665693057690948,0.2401448869656917,0.23794250595824595,0.24501696585190533
0.20619815437211023,0.22259738950145214,0.24999999999999972,0.2191515811330545,0.21495336943934212,0.2201439379333368,0.2187811496758493,0.21711961155165674,0.22158978396980133,0.21938085601051768,-0.21244750460209755,0.22510790319411864,-0.2419448367819006,0.2274822074670714,-0.2195883193096077,0.22304318243542706,-0.21957069202422808,0.22172077432745052,-0.22155806828794455,0.21986381031061009,0.009477051594377587,-0.08931843785140776,0.08844724537820595,-0.13353304859946555,0.13273166002213768,-0.16892634395005418,0.16760781764859445,-0.2053140173126764,0.2048861228255947,-0.2207456438558118,-0.014409166250028846,-0.044905210400098816,0.03692257104272884,-0.08914660542024858,0.0851315123251142,-0.1268025491154975,0.1274339201568629,-0.15482114140513537,0.1554999930860708,-0.18925894540788973,-0.22140436651853504,0.2013941628707656,-0.2011709934379277,0.19144021132174635,-0.19052774430977082,0.19164005423293315,-0.1803018420554842,0.1959706196055103,-0.19790769347674833,0.1885994124218879,0.2180869673237024,0.22035340156270214,0.21208883116792082,0.20913751643559556,0.19954108406309945,0.21678054323611054,0.18572419568533344,0.21609943560193,0.2141134716075802,0.22061500907381146
0.2263752738894636,0.23980070978573165,0.2191515811330545,0.24999999999999994,0.23773742721788318,0.24074018213160664,0.24144487670966683,0.2368235357831584,0.24174550402802789,0.2393312436293742,-0.23059971414648422,0.23054735699743076,-0.21901184928031192,0.23118953282512442,-0.23428741549960264,0.23668865758292865,-0.23893498551877126,0.24119435312841112,-0.2417030832467654,0.23990728434630754,0.0025563330779982685,-0.08701808347211258,0.0868477082715122,-0.13612123396362064,0.13549192927482953,-0.17492025369369735,0.17353113282518118,-0.21846442910295433,0.21813065119448113,-0.2408264193412352,-0.007818411842151915,-0.054822855207575225,0.04637241568055548,-0.10162498108433543,0.09737262691358559,-0.1414587261940742,0.1421261341626989,-0.17109991725529078,0.17181715376741394,-0.20753578884729146,-0.2415454660588288,0.22037913751573518,-0.22013721103175607,0.2098480195515046,-0.2086976651578313,0.21005797355757713,-0.19746918416933715,0.2146397198109435,-0.21660134771946643,0.20680124328794142,0.23795022915705766,0.2404355821015294,0.2316698374583991,0.22841396682514373,0.21815752639922306,0.23664164485695324,0.20302820398608806,0.23590660232490288,0.23374334577037106,0.24068243274953208
0.2245561908252311,0.23662699892990596,0.21495336943934212,0.23773742721788318,0.24999999999999978,0.23971487075173117,0.23730418918237745,0.23522417349680835,0.24010278573224564,0.23770637832775668,-0.2288129435315632,0.23026232020045903,-0.215651139612454,0.23113447617635918,-0.24000999482396973,0.23811384234622168,-0.23761641013105303,0.23987438474459136,-0.24006483756712862,0.23827282117551546,0.0032816994109290433,-0.08740647204147278,0.08720761966714405,-0.13614331908872485,0.13554519767397943,-0.1753092520147641,0.1739400390418033,-0.21856794205818286,0.21822545095848694,-0.2391949599354317,-0.008525896416649359,-0.05391956206250563,0.04550397283949038,-0.10053819392456365,0.09630315083403176,-0.14021473552606692,0.14087949727005386,-0.16973815198089193,0.1704524955099325,-0.20602923226438138,-0.23990422590828173,0.21882128288394245,-0.2185808580679762,0.20833197714084783,-0.20720313718123115,0.208541221454233,-0.19605685435680442,0.21310476404828135,-0.21506664378418777,0.20530097449271903,0.23633118543427328,0.2387985524882941,0.23006955094249537,0.22683894303783358,0.21663262381873685,0.23502091322911559,0.20161031678470917,0.23429015093488262,0.2321411201678214,0.23904723437364755
0.23294169992255914,0.24457509716192258,0.2201439379333368,0.24074018213160664,0.23971487075173117,0.24999999999999992,0.24637676061018815,0.24339018847256375,0.24844526463266683,0.24596541494818563,-0.23715328134813277,0.23548811229380487,-0.22067131209727636,0.23563486316914495,-0.2379788978133945,0.24216558362016719,-0.24540025842915025,0.24776796769733142,-0.2484006240670311,0.2465591735550276,0.0022798044649544567,-0.08894030080831308,0.08876903526577773,-0.13918805643529117,0.1385544840847121,-0.178860031092895,0.17743383391678041,-0.22386013387655282,0.22352671995423448,-0.24749950349135752,-0.007680617396279635,-0.05664820832769578,0.047977440079188416,-0.10467093365572477,0.10030786534402972,-0.14554339276281877,0.14622821805566807,-0.17595736600694903,0.1766933008340165,-0.213343449007059,-0.24824003872747868,0.22652198400272466,-0.22627342776245965,0.21571620586714593,-0.21452586504410623,0.2159315885921173,-0.20298248024817017,0.22063283198867073,-0.22264088146452324,0.21258776935680126,0.24454640275197934,0.24710132023667797,0.23810580443870227,0.23475780857552264,0.2242282902208349,0.24320770895680405,0.20867687004473853,0.2424527066848557,0.24022970196975535,0.24735298640676823
0.23157936451621874,0.24326284422679667,0.2187811496758493,0.24144487670966683,0.23730418918237745,0.24637676061018815,0.24999999999999964,0.24207280327081623,0.24713003770437822,0.2446598227805124,-0.23580332157539624,0.23402708491538643,-0.21917565818951384,0.23422100809491517,-0.2364823162913365,0.24076571923537074,-0.2441982445674078,0.24643689249539627,-0.2470848358863341,0.24525806027005073,0.0012608642338577843,-0.08717448045480432,0.08716479349272581,-0.1375837228242329,0.13697415150984507,-0.17739284747789996,0.17597976094242104,-0.22242911537276344,0.22210751179297447,-0.24619037996317575,-0.00661871829258711,-0.05700181370007647,0.04840439192131531,-0.10460481822886877,0.10027845376986394,-0.14512083449667817,0.14579957821335923,-0.17527061331851485,0.17599998918778242,-0.21233217373455635,-0.2469255750986856,0.22539679852051359,-0.22514973426923016,0.21468492373819295,-0.2134835564218456,0.21489819981976144,-0.20199309048615444,0.21955859768884087,-0.2215390683100229,0.21157880809732862,0.24325420341979526,0.2457969907369362,0.23687713488719514,0.2335428054003881,0.22309285539440832,0.24193558681617708,0.20761742397877983,0.24118550291006322,0.2389745966114548,0.2460430122072986
0.22967760270241225,0.24109741877264806,0.21711961155165674,0.2368235357831584,0.23522417349680835,0.24339018847256375,0.24207280327081623,0.2499999999999999,0.2449104340120044,0.24245075401376795,-0.23381657369537467,0.23208337984211408,-0.21755297426842862,0.23221646702721313,-0.23440237785413634,0.2386186751388659,-0.24188391790545105,0.24423152636737513,-0.24486555744351013,0.24304998442556539,0.002359449112855499,-0.08781779170739795,0.08762835191084241,-0.13727579102614393,0.13664858853451245,-0.17633264987447198,0.174926015098467,-0.2206560849667343,0.22032638638932142,-0.2439770153035304,-0.007684681761615478,-0.05577132078630907,0.047221008274944624,-0.10312857073934484,0.09882617925056676,-0.14343457542857457,0.14410992657731064,-0.17342688088032027,0.1741526362351795,-0.21029458916287594,-0.24470735450699424,0.2232903272198146,-0.2230452893239796,0.21263435967828676,-0.21146283608020677,0.21284678815440983,-0.20008462263124988,0.21748285378676427,-0.2194641599673986,0.2095498463097416,0.24106598840073665,0.24358439662603848,0.2347138618517333,0.23141395328080655,0.2210317025407312,0.23974494465566207,0.20570229673928345,0.23900058431181073,0.23680918543752158,0.24383294814226428
0.23443906474696674,0.2460989143829784,0.22158978396980133,0.24174550402802789,0.24010278573224564,0.24844526463266683,0.24713003770437822,0.2449104340120044,0.24999999999999978,0.24749791253335202,-0.23866439007009735,0.23688968091914123,-0.22203207714427073,0.237023039264346,-0.2392692023547241,0.2435675529958121,-0.24690541393953527,0.24930005457327217,-0.24994760034822439,0.24809438150309865,0.0024019113050350177,-0.08963235458631708,0.08944096902582781,-0.14011505836442278,0.13947528136732726,-0.17998998016753698,0.1785542495162001,-0.22523503555009086,0.2248985400051417,-0.2490406349507266,-0.007837513216603267,-0.05693228735842967,0.04820466704885986,-0.10527154557557779,0.10087994877618356,-0.1464133547283124,0.1471027105510388,-0.17702758000918895,0.17776838368054612,-0.21465977325800667,-0.24978611909304754,0.22792498362521577,-0.2276748612926077,0.2170480545272241,-0.2158521218124967,0.21726488886989237,-0.20423771320670847,0.22199708830582157,-0.2240194233966001,0.21389956385518805,0.24606919208679995,0.24863987648716343,0.23958538602337906,0.23621696783940935,0.22561936325045326,0.24472080128593937,0.20997176634178222,0.24396099599052734,0.24172411817798775,0.248893563892348
0.23209914152214423,0.24364315571123216,0.21938085601051768,0.2393312436293742,0.23770637832775668,0.24596541494818563,0.2446598227805124,0.24245075401376795,0.24749791253335202,0.24999999999999978,-0.2362819546557155,0.23452609807848493,-0.2198184230797069,0.23465831202142165,-0.2368813611538905,0.24113708834161085,-0.24444159605499016,0.24681230502262289,-0.24745336937812362,0.2456186510507651,0.002376428887869427,-0.0887359193327618,0.08854656326794663,-0.13871601296824104,0.13808262743201657,-0.17819308959976804,0.17677169305578974,-0.2229872121727817,0.22265409276243794,-0.24655545790698902,-0.007757768354959456,-0.05636523233700347,0.04772475094701755,-0.10422184080836791,0.09987408849334459,-0.1449528635422107,0.14563533612522847,-0.17526142003028236,0.17599482682813516,-0.21251787402349218,-0.24729349975086387,0.22565063912618083,-0.22540301304668914,0.21488231120614612,-0.21369828450985942,0.21509697995829416,-0.20219976304002008,0.2197819305134188,-0.22178405700858286,0.21176524805447136,0.2436136685278754,0.24615870226677547,0.23719461282345133,0.23385980153123384,0.22336798994503437,0.24227875451600375,0.2078765305370158,0.2415265329306598,0.2393119774409042,0.24640985102394283
-0.24319855936498863,-0.23658782017518942,-0.21244750460209755,-0.23059971414648422,-0.2288129435315632,-0.23715328134813277,-0.23580332157539624,-0.23381657369537467,-0.23866439007009735,-0.2362819546557155,0.24999999999999958,-0.23434007743097174,0.21644029447624372,-0.23055781549018795,0.23044584825302644,-0.23466464137262202,0.23593007998018517,-0.23822529601870424,0.23862383247340552,-0.23683810817439152,-0.004310328511326816,0.0882796409222646,-0.08781337629791101,0.13640137870727465,-0.13576058360253257,0.17449886283560012,-0.17312179747011563,0.2168060711249453,-0.2164486635368512,0.2377562996276464,0.009502876043153335,0.05283736785163008,-0.04443849504779888,0.0993667635412153,-0.09514038374530875,0.13896831581686855,-0.13963196584389706,0.16843601881923828,-0.16914928415527403,0.2046569376612837,0.23846658097382908,-0.21742332266700465,0.21718415503660823,-0.20695424075111388,0.2058527199650597,-0.20716327680037377,0.19478324074512227,-0.21171802155207872,0.21368801059678752,-0.2039350486826488,-0.2349118825359021,-0.23736274008340993,-0.22865336659639257,-0.22544704577196117,-0.2152743448965576,-0.23359421382637496,-0.20035018578266792,-0.232866758836724,-0.23073033755115124,-0.2376149605212213
0.22790753379318876,0.23488990900604417,0.22510790319411864,0.23054735699743076,0.23026232020045903,0.23548811229380487,0.23402708491538643,0.23208337984211408,0.23688968091914123,0.23452609807848493,-0.23434007743097174,0.24999999999999975,-0.23152636666741697,0.24257206127548747,-0.23502176122612883,0.2388456937568749,-0.23476290873024352,0.23707237489195696,-0.236855369084393,0.2350107992623668,0.015480100426182945,-0.10270172900113846,0.10172058587818728,-0.14885584306714414,0.14794971009378283,-0.18434294824714412,0.1828242158782186,-0.21997868252990602,0.21942999957693415,-0.23597088369149147,-0.020824866934941177,-0.043893490805456695,0.03517981181260401,-0.09222780792475603,0.0878490773351103,-0.1333672752886626,0.13405768582573532,-0.16396906140453799,0.1647116113669984,-0.20157909751850195,-0.2366893109320445,0.21482830645783121,-0.21458871449065967,0.20395687083076178,-0.20309102964757111,0.20417650596000617,-0.19221138370207247,0.20890622486827612,-0.21108364875735,0.20088463964649195,0.23312592150131237,0.23553985614821749,0.2265276626120111,0.22339883372753822,0.21299008631752542,0.23164717962129408,0.19826031829027868,0.230913179802309,0.22878823461864944,0.23584676622742753
-0.21007297009677933,-0.22225331353891664,-0.2419448367819006,-0.21901184928031192,-0.215651139612454,-0.22067131209727636,-0.21917565818951384,-0.21755297426842862,-0.22203207714427073,-0.2198184230797069,0.21644029447624372,-0.23152636666741697,0.2499999999999997,-0.2332828093767353,0.2230869457555905,-0.22646587550672986,0.2203289220066033,-0.2224735241644382,0.22200396340649609,-0.22029834323849115,-0.010326480510319163,0.09061238588519047,-0.0899555769724734,0.1383528162150753,-0.1375214263026894,0.173783543589583,-0.17239656000183987,0.20809259776899977,-0.20759451562648581,0.22119344984394004,0.015301139570653502,0.04435597217695246,-0.036322536485562884,0.08883983840814318,-0.08479265368882542,0.12669893425835332,-0.12733299537838705,0.15487715550748674,-0.1555596952338515,0.18951365715963053,0.221845999274221,-0.2017234076243102,0.2014995258734565,-0.1917126903517217,0.190816336452546,-0.19191239570645818,0.1805781258841024,-0.19626732780358846,0.19822553557083067,-0.18885475785298272,-0.2185197024314816,-0.22078891779917734,-0.21248046641131277,-0.2095274610925409,-0.199889248079205,-0.2171966256757059,-0.18605126566560826,-0.21651390654291328,-0.2145228324009581,-0.22105525268833168
0.2243025941703919,0.23498774640328235,0.2274822074670714,0.23118953282512442,0.23113447617635918,0.23563486316914495,0.23422100809491517,0.23221646702721313,0.237023039264346,0.23465831202142165,-0.23055781549018795,0.24257206127548747,-0.2332828093767353,0.24999999999999947,-0.23920336317985502,0.2425514629393813,-0.23535566848451508,0.23757180597488495,-0.23699319581552028,0.23514409762412616,0.015291592433414658,-0.10252096784465844,0.1023955554678794,-0.1530701868962138,0.1520866288151698,-0.18926661191170158,0.18769597327127568,-0.22321597322968217,0.22260805509717582,-0.23611736164162855,-0.020712343296943297,-0.043973080371469436,0.03524378335563589,-0.0923090371744763,0.08791715340685027,-0.13344872759115967,0.13413809040536165,-0.16406172637182292,0.16480405235799728,-0.201692101054278,-0.23682258482206692,0.21495640585698056,-0.21471646833721897,0.2040798720453227,-0.2032127214518005,0.2042977736773991,-0.19232554785594277,0.20902921706822347,-0.21120729908161964,0.2009974989004311,0.23325770792589587,0.23567285980197666,0.2266581732709649,0.22352697839177268,0.21311475901692778,0.23177773700972681,0.19837517809904592,0.23104429548687969,0.2289168326785773,0.2359795332905349
-0.22581567151893764,-0.23623293744076201,-0.2195883193096077,-0.23428741549960264,-0.24000999482396973,-0.2379788978133945,-0.2364823162913365,-0.23440237785413634,-0.2392692023547241,-0.2368813611538905,0.23044584825302644,-0.23502176122612883,0.2230869457555905,-0.23920336317985502,0.24999999999999964,-0.24559516064079073,0.23770442094164548,-0.2399054084793339,0.2392411000103107,-0.23741806233314774,-0.007862587607202643,0.09329319164308333,-0.09316582818967721,0.14334537024795282,-0.14271472746841526,0.18271183526915075,-0.18128342343919573,0.2230577096081306,-0.22261093669119883,0.23837121570804548,0.013186568451353804,0.050199491534491394,-0.04165097435470822,0.09753888141098725,-0.09323613110615914,0.13782895054332006,-0.1385038145672624,0.16781084322562054,-0.1685365887341885,0.20466587349731674,0.23906950134345828,-0.21765759399577483,0.2174169872714727,-0.2070053661492681,0.20597429753276975,-0.20721796297632,0.19490980926278834,-0.2118521175537042,0.21389914597495385,-0.20394935319490531,-0.23549445649002435,-0.23794545042065635,-0.2290949489038773,-0.22589737583065567,-0.21559758853494693,-0.2341173939045709,-0.20066029825443693,-0.2333846998670117,-0.23124040938121992,-0.23821662216649164
0.23004310335205924,0.24043884256521098,0.22304318243542706,0.23668865758292865,0.23811384234622168,0.24216558362016719,0.24076571923537074,0.2386186751388659,0.2435675529958121,0.24113708834161085,-0.23466464137262202,0.2388456937568749,-0.22646587550672986,0.2425514629393813,-0.24559516064079073,0.2499999999999994,-0.2420281759874188,0.24424184700647225,-0.24353924177385455,0.24167886181983156,0.008746008231805442,-0.09597746554013656,0.0958582131080856,-0.1465316354061254,0.14589131265901362,-0.18640644461145442,0.184939317892569,-0.2271736823529366,0.22670905246662898,-0.2426512675400358,-0.014176309614636777,-0.05051292654556401,0.04178402004495297,-0.09885007070618519,0.09445816764171099,-0.13999068664464748,0.14067992206532726,-0.17060430252979397,0.17134549394606088,-0.2082356208233722,-0.24336403375192464,0.22150043014728635,-0.2212553400454257,0.21062370135096037,-0.2095897012315367,0.21084104517407515,-0.19833381639584152,0.21557286763458713,-0.21767195471148706,0.2075077429714843,0.23972231136556463,0.24221608610916187,0.23318129228133586,0.22992990705475363,0.21942354070030257,0.23830882928666133,0.2042235829634568,0.23756212342907335,0.23537903112458353,0.24249602270873352
-0.23168588280357108,-0.24312580091287722,-0.21957069202422808,-0.23893498551877126,-0.23761641013105303,-0.24540025842915025,-0.2441982445674078,-0.24188391790545105,-0.24690541393953527,-0.24444159605499016,0.23593007998018517,-0.23476290873024352,0.2203289220066033,-0.23535566848451508,0.23770442094164548,-0.2420281759874188,0.24999999999999936,-0.24758371388314435,0.24687758740321086,-0.24502905135819034,-0.0024533621291872205,0.08866072651601133,-0.08853933237484803,0.13881598508221588,-0.13819118336352326,0.17855316255472933,-0.17714016550461792,0.22362196575940746,-0.22329636198917718,0.24596974145206954,0.007826243582523061,0.05611752746061244,-0.04749188642748967,0.10388734014646622,-0.09954687844288054,0.14454462871782503,-0.1452258022431096,0.17479867318835174,-0.17553064421541795,0.2119881754328895,0.24670146080254876,-0.2250974923844461,0.2248504249137229,-0.21434855693643742,0.21317014403943993,-0.21456278375203244,0.20170004010198803,-0.21923928152184516,0.2212394616632759,-0.21123760380223033,-0.24302995013318435,-0.2455686711792193,-0.23662115450625684,-0.23329491335760583,-0.22282394716020298,-0.24169592658879618,-0.2073700203804101,-0.24094539209582008,-0.23873590922441876,-0.24581996897965844
0.23395890321013618,0.2454864254819345,0.22172077432745052,0.24119435312841112,0.23987438474459136,0.24776796769733142,0.24643689249539627,0.24423152636737513,0.24930005457327217,0.24681230502262289,-0.23822529601870424,0.23707237489195696,-0.2224735241644382,0.23757180597488495,-0.2399054084793339,0.24424184700647225,-0.24758371388314435,0.24999999999999942,-0.24927185693106627,0.24740288506292002,0.0030963604261356123,-0.09032746518481707,0.09013601833902445,-0.1408103765747512,0.14017052318831097,-0.18068496722843516,0.17924921713196576,-0.22592936782485426,0.22559211452392416,-0.2483541246489388,-0.00853170968716805,-0.05623838494149977,0.04751063936353786,-0.10457799652712754,0.10018632406862851,-0.14572008622436536,0.14640943456744074,-0.17633454934458975,0.17707534692385452,-0.2139670222722314,-0.24909393834436808,0.22723232075026417,-0.2269827391389715,0.21635530503195563,-0.21517674988094732,0.21657219653097337,-0.20360077333933227,0.22130440256143627,-0.22333500568954434,0.21321027966296632,0.2453850811154244,0.24794750219603262,0.23889504900469083,0.23553919085230857,0.2249512664695457,0.24402966123233039,0.20935164527295727,0.2432712695996688,0.24104013278172642,0.248204031563439
-0.23439833235190755,-0.2460553948495904,-0.22155806828794455,-0.2417030832467654,-0.24006483756712862,-0.2484006240670311,-0.2470848358863341,-0.24486555744351013,-0.24994760034822439,-0.24745336937812362,0.23862383247340552,-0.236855369084393,0.22200396340649609,-0.23699319581552028,0.2392411000103107,-0.24353924177385455,0.24687758740321086,-0.24927185693106627,0.24999999999999942,-0.2481235307506194,-0.0023807473803851113,0.08960975368567783,-0.0894184003282426,0.14008951337240966,-0.13944973408022035,0.17996427634890044,-0.17852870001973112,0.22520799373011888,-0.22491115725613514,0.24903714939149565,0.007816583019261497,0.056930607438734085,-0.04820303984695635,0.10524635049758956,-0.10085466056683673,0.1463779039987952,-0.14706713861168896,0.1769889664496923,-0.17772970219011044,0.2146179496707923,0.24974120438993055,-0.22788222749863338,0.22763213474263236,-0.21700623281796694,0.215810970865587,-0.2172230104978762,0.20419884098385968,-0.22195478742888416,0.22397722510753257,-0.2138579346078579,-0.24602491684424643,-0.24859506780532853,-0.23954153085373633,-0.23617379014308143,-0.22557751086886507,-0.24467638316891993,-0.20993284609359056,-0.24391671640943607,-0.24168019832405135,-0.2488488130060844
0.23263453800218958,0.24422508710724952,0.21986381031061009,0.23990728434630754,0.23827282117551546,0.2465591735550276,0.24525806027005073,0.24304998442556539,0.24809438150309865,0.2456186510507651,-0.23683810817439152,0.2350107992623668,-0.22029834323849115,0.23514409762412616,-0.23741806233314774,0.24167886181983156,-0.24502905135819034,0.24740288506292002,-0.2481235307506194,0.24999999999999953,0.0010094880121208141,-0.08805954983245116,0.08788831512137438,-0.13852539064032784,0.13789065420060187,-0.17835723356880706,0.17692780019131565,-0.2234572489045127,0.22472935033188782,-0.24882513551785668,-0.006454379385158374,-0.05724288391136387,0.04852898569731491,-0.10450550818443255,0.10011768453732148,-0.14513303387808052,0.14581567430686287,-0.17555133922610397,0.17628766244487354,-0.21296923884304528,-0.24788947299177133,0.22616866085956758,-0.22591981541499911,0.21535405815118813,-0.21417554726561525,0.21556765937778846,-0.20265225787600322,0.2202719838465846,-0.22228813261254599,0.21221629003393838,0.24420132243525375,0.24675041346834878,0.23775471985413865,0.23441199039208993,0.22388587682546465,0.24285528283566649,0.20835829083953467,0.2421020819569618,0.23988048523624067,0.2470036909209819
0.006080043357938087,0.0032003856868080133,0.009477051594377587,0.0025563330779982685,0.0032816994109290433,0.0022798044649544567,0.0012608642338577843,0.002359449112855499,0.0024019113050350177,0.002376428887869427,-0.004310328511326816,0.015480100426182945,-0.010326480510319163,0.015291592433414658,-0.007862587607202643,0.008746008231805442,-0.0024533621291872205,0.0030963604261356123,-0.0023807473803851113,0.0010094880121208141,0.2499999999999996,-0.16266696776365258,0.1578342189888468,-0.10694657313586894,0.10705320215953709,-0.06849237144872043,0.06885571564870088,-0.02555153392665862,0.023891243726679726,-0.001655874155670035,-0.24244120779546413,0.1792454583211411,-0.1691736585981681,0.11224155393855462,-0.11081442882557978,0.06840541895696105,-0.06736300460549327,0.047645671852987556,-0.047011583588983545,0.023164425196304343,-0.0023058230771925673,-0.019132762334255763,0.018930602416143905,-0.026418789572327156,0.02232566016009662,-0.0253294705476266,0.019864232205611992,-0.021834089713189998,0.018343986167620015,-0.023066228042315225,0.0014169146240364276,0.0011438479519819418,-0.006865840674395252,-0.005074003088655313,-0.011295387926082257,-0.0014066110697356915,-0.00929314269151164,-0.0021961724071358855,-0.0015401317115769494,0.0023680647801277385
-0.08920094665146,-0.08935955060329571,-0.08931843785140776,-0.08701808347211258,-0.08740647204147278,-0.08894030080831308,-0.08717448045480432,-0.08781779170739795,-0.08963235458631708,-0.0887359193327618,0.0882796409222646,-0.10270172900113846,0.09061238588519047,-0.10252096784465844,0.09329319164308333,-0.09597746554013656,0.08866072651601133,-0.09032746518481707,0.08960975368567783,-0.08805954983245116,-0.16266696776365258,0.2499999999999998,-0.24429752793076723,0.19336462980806007,-0.1894327133865826,0.15095891785216378,-0.1485629487292718,0.10908556624547827,-0.10720453864490002,0.08886497587608237,0.16586135619488876,-0.10296564533034161,0.11137735662760051,-0.054347744982423354,0.05836528789067498,-0.01298494717429424,0.012264403463767335,0.01737099492915848,-0.01813892578190597,0.05462526274769042,0.08949926410564712,-0.0675923328864964,0.06747286422984312,-0.05679706531259592,0.05962931625121602,-0.05707474499854095,0.057013897295913454,-0.061774902989480476,0.06568387842905728,-0.054665424951559544,-0.08765125020362381,-0.08831133773394503,-0.07975760239772088,-0.07932676509400398,-0.07102171300574991,-0.08472534301106054,-0.06660964823733408,-0.08426936236943071,-0.0834166694698953,-0.08921916369256763
0.08875983515792425,0.08909707934277408,0.08844724537820595,0.0868477082715122,0.08720761966714405,0.08876903526577773,0.08716479349272581,0.08762835191084241,0.08944096902582781,0.08854656326794663,-0.08781337629791101,0.10172058587818728,-0.0899555769724734,0.1023955554678794,-0.09316582818967721,0.0958582131080856,-0.08853933237484803,0.09013601833902445,-0.0894184003282426,0.08788831512137438,0.1578342189888468,-0.24429752793076723,0.24999999999999964,-0.19889142715950117,0.1948289438163372,-0.15420700322444789,0.15157553043646776,-0.10890388724519985,0.10696063442505674,-0.08867306488024551,-0.16147822632652548,0.10351682483662235,-0.11234684053614696,0.055266129263482865,-0.05940108343226865,0.013920571580614305,-0.01320617816828905,-0.01665750802785442,0.01742890308071584,-0.054212965333822936,-0.0893079190668273,0.06737271037357517,-0.0672483821101437,0.056495173526510595,-0.05935671453584849,0.056757636267863,-0.056753272218525115,0.061487465600766227,-0.0654342577044174,0.054262224309087205,0.08746317269575754,0.08811795020554881,0.07955251637366953,0.07911294048328067,0.07078752727228813,0.08451241550390608,0.06638666157787651,0.08406658455927396,0.08320082741965552,0.08902840443631609
-0.13633360055519805,-0.13898988432094936,-0.13353304859946555,-0.13612123396362064,-0.13614331908872485,-0.13918805643529117,-0.1375837228242329,-0.13727579102614393,-0.14011505836442278,-0.13871601296824104,0.13640137870727465,-0.14885584306714414,0.1383528162150753,-0.1530701868962138,0.14334537024795282,-0.1465316354061254,0.13881598508221588,-0.1408103765747512,0.14008951337240966,-0.13852539064032784,-0.10694657313586894,0.19336462980806007,-0.19889142715950117,0.24999999999999964,-0.24573666389886623,0.20509865005609165,-0.20108732623969394,0.15828122452742524,-0.15601997633484807,0.1393407442308452,0.11095192382962746,-0.0528198913785754,0.06163782028564672,-0.004574499334860217,0.00896670260174085,0.0365590791361385,-0.037252049314921765,0.06716857405425966,-0.06792863371699114,0.10479167504033086,0.13995938053625173,-0.11805109535226847,0.11788751608219224,-0.10717543514399715,0.1087839745480238,-0.10740164601137163,0.10336438349649064,-0.11212831813162161,0.11547877933281962,-0.10459065856431606,-0.137532139377797,-0.13878301775067964,-0.1300647555329479,-0.12871557903576147,-0.11969857013669559,-0.13506710837357855,-0.11178633178368946,-0.13452991402280687,-0.13322790893632333,-0.13948582291358325
0.1356672110865187,0.13833866510295748,0.13273166002213768,0.13549192927482953,0.13554519767397943,0.1385544840847121,0.13697415150984507,0.13664858853451245,0.13947528136732726,0.13808262743201657,-0.13576058360253257,0.14794971009378283,-0.1375214263026894,0.1520866288151698,-0.14271472746841526,0.14589131265901362,-0.13819118336352326,0.14017052318831097,-0.13944973408022035,0.13789065420060187,0.10705320215953709,-0.1894327133865826,0.1948289438163372,-0.24573666389886623,0.24999999999999956,-0.20903402613391897,0.2049006336968119,-0.15898432534486562,0.1566285451026041,-0.1387061937786929,-0.11108966255472555,0.05333305547500031,-0.06215648544824625,0.005233485430289739,-0.00963138036799598,-0.0358985687365515,0.03659118416954905,-0.06651374279728113,0.0672738788941659,-0.10414441982025677,-0.13931989009396203,0.117407474587588,-0.11724441943593418,0.10652998662870983,-0.10815674658970051,0.10675579715722056,-0.10277497186828184,0.11148317379700667,-0.11484265183653644,0.1039469089463904,0.1369006947642422,0.1381431189328205,0.12942535242836042,0.12808869972485654,0.11908065894209552,0.1344275477621335,0.1112151378561482,0.13389175201598771,0.1325952637564256,0.13884875855262965
-0.1725569375359982,-0.17818724560426863,-0.16892634395005418,-0.17492025369369735,-0.1753092520147641,-0.178860031092895,-0.17739284747789996,-0.17633264987447198,-0.17998998016753698,-0.17819308959976804,0.17449886283560012,-0.18434294824714412,0.173783543589583,-0.18926661191170158,0.18271183526915075,-0.18640644461145442,0.17855316255472933,-0.18068496722843516,0.17996427634890044,-0.17835723356880706,-0.06849237144872043,0.15095891785216378,-0.15420700322444789,0.20509865005609165,-0.20903402613391897,0.24999999999999972,-0.24556770152306162,0.1995278231198575,-0.19704956886515326,0.17922049252461797,0.07318982570424862,-0.012698103445647674,0.021474340093304244,0.03549490968226329,-0.03110328354985005,0.07655845028839525,-0.07724563946978565,0.10712923219149639,-0.10787849939202594,0.14470846368991155,0.1798157709898412,-0.15795624222009783,0.1577610570762936,-0.14709416897969885,0.14766829604759385,-0.14731593953826036,0.13997925834456335,-0.15203836923974265,0.15489619144042482,-0.14430221201009574,-0.17692130049298013,-0.1786522845084165,-0.16982352216477578,-0.16773459998121135,-0.15814786237234896,-0.1748666565163858,-0.14740266370518496,-0.17424971316681806,-0.17260392067840652,-0.17919029003434542
0.1711568806681965,0.17676738895044605,0.16760781764859445,0.17353113282518118,0.1739400390418033,0.17743383391678041,0.17597976094242104,0.174926015098467,0.1785542495162001,0.17677169305578974,-0.17312179747011563,0.1828242158782186,-0.17239656000183987,0.18769597327127568,-0.18128342343919573,0.184939317892569,-0.17714016550461792,0.17924921713196576,-0.17852870001973112,0.17692780019131565,0.06885571564870088,-0.1485629487292718,0.15157553043646776,-0.20108732623969394,0.2049006336968119,-0.24556770152306162,0.24999999999999972,-0.20311207264493403,0.20053376959835237,-0.1778029261518705,-0.07361194084809783,0.0137843978155225,-0.022582382867401826,-0.03401428120183061,0.029609999548761014,-0.07497802013537525,0.07566622720367454,-0.10559226609704508,0.10634248448056212,-0.14322311607469454,-0.17838052580301528,0.1564870031407338,-0.15629290067717055,0.14560982709174883,-0.14622706092793647,0.14583235888835377,-0.13862083235744485,0.15056138919606601,-0.1534431787303772,0.14282459915003437,0.17550325325774194,0.1772148282935775,0.16837777592777284,0.16631689627593665,0.15674023780686416,0.1734268689376967,0.14609584068967035,0.17281226192765617,0.1711783683039344,0.17776064159825042
-0.213098409126372,-0.22230284268054545,-0.2053140173126764,-0.21846442910295433,-0.21856794205818286,-0.22386013387655282,-0.22242911537276344,-0.2206560849667343,-0.22523503555009086,-0.2229872121727817,0.2168060711249453,-0.21997868252990602,0.20809259776899977,-0.22321597322968217,0.2230577096081306,-0.2271736823529366,0.22362196575940746,-0.22592936782485426,0.22520799373011888,-0.2234572489045127,-0.02555153392665862,0.10908556624547827,-0.10890388724519985,0.15828122452742524,-0.15898432534486562,0.1995278231198575,-0.20311207264493403,0.24999999999999978,-0.2473290131119058,0.22448429270746886,0.03098769415550644,0.03265340126013193,-0.02391190379239399,0.08063086256671483,-0.07623737387677508,0.12169509754082201,-0.12238384596280937,0.15229816751369182,-0.1530385378504631,0.18991586282837347,0.22503987291399158,-0.20317502850925587,0.20294431221478193,-0.1923019235503176,0.1917252110671508,-0.19252083256499375,0.18148559772660663,-0.19725027965727845,0.19956549648545052,-0.18927946858427258,-0.22161251876678145,-0.22388740988361844,-0.21491087298193084,-0.21199142531802267,-0.20174525449341382,-0.2200147729046456,-0.18781411700053022,-0.21930552897267916,-0.21727462796949282,-0.22424191404348223
0.21272019680617918,0.22195682779492945,0.2048861228255947,0.21813065119448113,0.21822545095848694,0.22352671995423448,0.22210751179297447,0.22032638638932142,0.2248985400051417,0.22265409276243794,-0.2164486635368512,0.21942999957693415,-0.20759451562648581,0.22260805509717582,-0.22261093669119883,0.22670905246662898,-0.22329636198917718,0.22559211452392416,-0.22491115725613514,0.22472935033188782,0.023891243726679726,-0.10720453864490002,0.10696063442505674,-0.15601997633484807,0.1566285451026041,-0.19704956886515326,0.20053376959835237,-0.2473290131119058,0.24999999999999958,-0.22577376590704656,-0.029359820694432902,-0.03345650420746141,0.02470707272300733,-0.08069655562537922,0.07628099624426177,-0.12134661249795566,0.1220337863107463,-0.1519340612771927,0.15267468927169828,-0.1895660876307262,-0.22470351854383988,0.20283105690421346,-0.20260053141658976,0.19195387806495925,-0.191386955604848,0.1921726335522195,-0.18116580690808312,0.19690377514343466,-0.19922464133655854,0.18893149489968009,0.22128132129247777,0.22355052090080493,0.21457206547651841,0.21165886559929575,0.20141531581570654,0.21967715128242604,0.18750572208884905,0.21896859771217053,0.21694009637283707,0.22390683936161043
-0.23354133731194404,-0.24516147400434038,-0.2207456438558118,-0.2408264193412352,-0.2391949599354317,-0.24749950349135752,-0.24619037996317575,-0.2439770153035304,-0.2490406349507266,-0.24655545790698902,0.2377562996276464,-0.23597088369149147,0.22119344984394004,-0.23611736164162855,0.23837121570804548,-0.2426512675400358,0.24596974145206954,-0.2483541246489388,0.24903714939149565,-0.24882513551785668,-0.001655874155670035,0.08886497587608237,-0.08867306488024551,0.1393407442308452,-0.1387061937786929,0.17922049252461797,-0.1778029261518705,0.22448429270746886,-0.22577376590704656,0.24999999999999972,0.007112473666626519,0.05699370524410714,-0.04826543023781892,0.10459603620196076,-0.10019273811385306,0.14548658590935873,-0.1461743588285626,0.1760780508526335,-0.1768188986258631,0.2137089735205311,0.24883469162000665,-0.22697373504615106,0.22672436029214507,-0.21609706349605798,0.21492539125967186,-0.21631396527204133,0.20336474937425464,-0.22104598234250336,0.22307971066239168,-0.21295360724993934,-0.24513024892210178,-0.24768817157303272,-0.23863673436465477,-0.23528587292903327,-0.22470276434314362,-0.24377096693405967,-0.20912132621850285,-0.24301306241602,-0.24078435141734686,-0.24794571844679208
-0.0112179044952595,-0.008562660964800517,-0.014409166250028846,-0.007818411842151915,-0.008525896416649359,-0.007680617396279635,-0.00661871829258711,-0.007684681761615478,-0.007837513216603267,-0.007757768354959456,0.009502876043153335,-0.020824866934941177,0.015301139570653502,-0.020712343296943297,0.013186568451353804,-0.014176309614636777,0.007826243582523061,-0.00853170968716805,0.007816583019261497,-0.006454379385158374,-0.24244120779546413,0.16586135619488876,-0.16147822632652548,0.11095192382962746,-0.11108966255472555,0.07318982570424862,-0.07361194084809783,0.03098769415550644,-0.029359820694432902,0.007112473666626519,0.2499999999999996,-0.18478623446827494,0.17459317941772182,-0.1172931636118608,0.11578517041386592,-0.07168388415117644,0.07055038452361688,-0.0473225207535984,0.04661265433240859,-0.019374849980291944,0.007738646676281904,0.01422290552677379,-0.01406717176245952,0.022604018383665426,-0.018232515000693627,0.021395343923915726,-0.015658130523206405,0.017423973955902516,-0.013464677207115135,0.01921528708952738,-0.006805056924243063,-0.006544473214748815,0.0016952564468314354,0.00014828003368818547,0.006766063065443016,-0.00392532889594109,0.004871353621798992,-0.00310331322774808,-0.0037993724494847225,-0.007779866569163296
-0.05048950875258475,-0.05541265541810797,-0.044905210400098816,-0.054822855207575225,-0.05391956206250563,-0.05664820832769578,-0.05700181370007647,-0.05577132078630907,-0.05693228735842967,-0.05636523233700347,0.05283736785163008,-0.043893490805456695,0.04435597217695246,-0.043973080371469436,0.050199491534491394,-0.05051292654556401,0.05611752746061244,-0.05623838494149977,0.056930607438734085,-0.05724288391136387,0.1792454583211411,-0.10296564533034161,0.10351682483662235,-0.0528198913785754,0.05333305547500031,-0.012698103445647674,0.0137843978155225,0.03265340126013193,-0.03345650420746141,0.05699370524410714,-0.18478623446827494,0.24999999999999978,-0.2369453724345635,0.17957054969416983,-0.1718911021435025,0.12792688857240928,-0.12617101237524536,0.10511327207337529,-0.10438499448431311,0.08045286751292424,0.05700102151203522,-0.07899828619344997,0.07875572178109799,-0.08700493271584041,0.0809376917249575,-0.08482101878485356,0.07346376986698831,-0.08084810193552064,0.07618600685325702,-0.07999058990584851,-0.05716034780521457,-0.05821169512414089,-0.06624929159464049,-0.06336809345747699,-0.06885185335756704,-0.06007980720168063,-0.061534539300160535,-0.06119026561295426,-0.05915930389862354,-0.056708679650487974
