x1,x2,x3,x4,x5,x6,x7,x8,x9,x10,x11,x12,x13,x14,x15,x16,x17,x18,x19,x20,x21,x22,x23,x24,x25,x26,x27,x28,x29,x30,x31,x32,x33,x34,x35,x36,x37,x38,x39,x40,x41,x42,x43,x44,x45,x46,x47,x48,x49,x50,x51,x52,x53,x54,x55,x56,x57,x58,x59,x60
0.25000000000000006,0.15334400187368122,-0.11503364846801438,0.15523471551751175,-0.1165119812716024,0.15310746178052811,-0.13236983205758057,0.15334255241990735,-0.1354366804475642,0.15683311177994957,0.07909231707821973,-0.07800285465425365,0.09522696061077805,-0.09394759908545913,0.09878924827105331,-0.09766270877033383,0.12367910163064928,-0.10968425504856084,0.12172466909765872,-0.09666060451993666,0.013456804947997619,0.01894079005491353,-0.020550138816948702,0.0396114905072766,-0.03485265115612939,0.05728421209144628,-0.04855195734968184,0.06654362284445398,-0.06588513942676005,0.10049153238644706,-0.00194624548089881,0.023101661156142657,-0.019873484308198366,0.04087188862792655,-0.03566271719323153,0.05314766048779412,-0.0495247968001961,0.06568360366652982,-0.06444904828555952,0.0997357498747951,0.07872334320470606,-0.0774308085890391,0.0867275230070084,-0.0863847930158051,0.08949110462079567,-0.08824982911469023,0.10668110687526712,-0.09906997592516775,0.11569478149668673,-0.09339977633345958,0.1182430798911667,0.15505951249338684,-0.10985754327138618,0.1552767728087951,-0.10465130710731199,0.1545141106616271,-0.11296994814748834,0.15489022246150724,-0.12613959723703447,0.15683381801078286
0.15334400187368122,0.24999999999999997,-0.20913058750227775,0.2451810518462231,-0.20805713651839197,0.24290631034907018,-0.2230156123454571,0.24311056531548542,-0.22066562749904478,0.2465053600181316,0.17173957841666143,-0.17051020331800099,0.18781940152052815,-0.1856182156800698,0.1900443399240355,-0.18854481746743113,0.21368415883165467,-0.1943992223636808,0.2060933935921914,-0.1803397474340417,-0.04517145590718483,0.0989582164438237,-0.10051434210501553,0.12404155963336858,-0.1170581102525161,0.14212978115671884,-0.12955230045275698,0.14998039286888218,-0.14885720297729746,0.1850072244719282,0.05924700717044558,-0.02087905947339564,0.02672047923725749,0.012185140828224151,-0.00245904305077384,0.037719969546659515,-0.031720282271371025,0.06400038933249398,-0.06197776150263321,0.13268125930095284,0.08891059869203533,-0.08588467673820778,0.10454654514519639,-0.10381121018403475,0.1101243942072144,-0.1076205607786029,0.1450080990408238,-0.13032716500016997,0.1640194925421886,-0.12192751172624715,0.19830047482927046,0.24298023631975035,-0.15137412854220955,0.2433519169030097,-0.14082133122490692,0.2418091636050772,-0.15767241391129685,0.24256902476954142,-0.18492454364691865,0.24650586754692402
-0.11503364846801438,-0.20913058750227775,0.25,-0.20762804994511008,0.2167017848613485,-0.20631270077380381,0.21423863180202787,-0.2066983865479232,0.19567679306249652,-0.20596187561550458,-0.20347552921562256,0.20711654035323562,-0.2248591287706682,0.22046704643484905,-0.21942854781936783,0.21813848960423282,-0.21386267916910803,0.19559391769004378,-0.1935206044043271,0.18638293275779244,0.08085775886748588,-0.13411110342966992,0.13559737670233848,-0.15908765894931104,0.15211613099701898,-0.17534526312905474,0.16282131129913086,-0.17881469102775127,0.17770415558547856,-0.18951642768347318,-0.09416976160136573,0.057028493462691995,-0.06278771733861621,0.02438556788023047,-0.0339970363211932,-0.0006782289672114571,-0.005218424441645279,-0.026511036244047596,0.024555668225171495,-0.09406127530596195,-0.05143293420896643,0.048211416147328115,-0.06642774237460944,0.06568385702253385,-0.07189849298686442,0.06944206992647949,-0.10622545304381252,0.0917466081081259,-0.12487921411197839,0.08459594405759156,-0.17608850385860914,-0.20253139536694195,0.1124504402649897,-0.20286134193923064,0.10207101548204128,-0.20134570772730936,0.1186373277119977,-0.20209171020388886,0.14542882314353966,-0.20596203612921857
0.15523471551751175,0.2451810518462231,-0.20762804994511008,0.25000000000000017,-0.21082376294562705,0.24479872160735108,-0.2251255697583984,0.24488248216022515,-0.22244328685947937,0.24832874964594776,0.17319084251933864,-0.1720180139992311,0.1893307260441634,-0.18738373909782596,0.1922998449556262,-0.19077033614251054,0.21578267772198934,-0.19637705645652093,0.20781220588415883,-0.18207244687898316,-0.046070683657463155,0.1002806936848457,-0.10184249308636,0.12550817471846068,-0.11849263084245024,0.1438278214584632,-0.13119691551191948,0.1518562154626819,-0.15072138407136032,0.18676300333696694,0.06019868163910567,-0.02152126837008583,0.027414623330797614,0.011805319484549675,-0.0019904771018010746,0.03758315768062641,-0.03153052276358637,0.06411329713616157,-0.06207235825781664,0.1334389155993933,0.0892557681283012,-0.08619838143061465,0.10503456513352061,-0.1042920239874874,0.11066475334234546,-0.10813743367545309,0.14587712324404123,-0.13106003925822413,0.16506948735154836,-0.1225985949164457,0.19988612137750333,0.24477091691643652,-0.15230257637895578,0.24514561764965048,-0.1416504368024599,0.243588363183422,-0.1586600758402269,0.24435535992924204,-0.18617042332010592,0.24832924381920404
-0.1165119812716024,-0.20805713651839197,0.2167017848613485,-0.21082376294562705,0.2500000000000001,-0.21297845310426228,0.22268366853955177,-0.2110329538992461,0.2004027615167071,-0.20916068314225886,-0.20761496392206366,0.2109913525116845,-0.2283558533042044,0.2264079226033103,-0.23130013858775458,0.22971455852879713,-0.22265205004993158,0.20364844602659632,-0.19925463458984385,0.19328163212416713,0.085128771436191,-0.1393342644470497,0.14082859848725526,-0.16455330901336404,0.15752774552576584,-0.18285601377167798,0.17023047440650252,-0.18794122620794923,0.186781831902038,-0.19646865716915357,-0.09854244199987974,0.06060343461001964,-0.06648402595703237,0.02725985011688264,-0.03709042229241334,0.0015025773812820916,-0.007559225496102578,-0.025003438843436417,0.022983814998536314,-0.09431843871839374,-0.05056456629269494,0.04724261962868714,-0.0659341167701503,0.06516922284729323,-0.07154906104127065,0.06902798089457027,-0.106786786277878,0.09193621045690868,-0.12594643768997088,0.08467059564546733,-0.17954673056608922,-0.2056414242488943,0.11317436660687784,-0.20597794857576135,0.10251995693563884,-0.20442225797663982,0.11952485164162949,-0.20518794572951435,0.1470355765965716,-0.20916072616486703
0.15310746178052811,0.24290631034907018,-0.20631270077380381,0.24479872160735108,-0.21297845310426228,0.25,-0.22875174852729185,0.24390991603273063,-0.22111086746798764,0.2461744902199236,0.1751380571980293,-0.1741730835835235,0.19149001715971478,-0.1895450563875763,0.19446351775613221,-0.19293854740014735,0.21895783370510802,-0.19953153117083083,0.20838577822030568,-0.18287605032694104,-0.04822844982463786,0.10243962522272751,-0.10399784322841928,0.12766773225879519,-0.12065125555922245,0.1459891485088302,-0.13335842299897666,0.1541115640119282,-0.15296998640015916,0.18747692421837975,0.06231825493547574,-0.02367933658414693,0.029572160501023566,0.009649487866466043,0.0001665168547526104,0.035426990382863836,-0.029373892244579834,0.061956566885767686,-0.05991513518872148,0.1312827407640014,0.0871229670754554,-0.08405087289749615,0.10287964031568714,-0.10213584256766425,0.10850915975599536,-0.1059821069406558,0.14372400877786753,-0.12890460618555644,0.16291513418603465,-0.12050792432133192,0.19877032952488838,0.24261867279722346,-0.15014756820024838,0.2429912776422585,-0.1394949768428417,0.24143406175656026,-0.1565048754481437,0.24220100976405864,-0.18401607082992508,0.24617495456718824
-0.13236983205758057,-0.2230156123454571,0.21423863180202787,-0.2251255697583984,0.22268366853955177,-0.22875174852729185,0.2500000000000002,-0.22848502769584295,0.21641717582431289,-0.22494344289571047,-0.19296079208111258,0.19523950837255696,-0.21259890167200074,0.2106540658650612,-0.2155540406266273,0.21404496193664546,-0.2399708797700674,0.22051239969825936,-0.2090041109952132,0.18911243674545325,0.0693703097817418,-0.12357285987439001,0.12509445117923051,-0.14879383808370755,0.14177247595875853,-0.16710691987575668,0.1544839133209125,-0.17522173491411291,0.17403095272652913,-0.19277578910813237,-0.08307388416781258,0.044836297563311554,-0.050721566570145385,0.01150135061333285,-0.02132482198159743,-0.014262354138659436,0.008207656105389224,-0.040776052989738965,0.03873653117306407,-0.11008318813079063,-0.06616656802635737,0.06295151832166823,-0.08169995657863248,0.08094413432989452,-0.08732063605377466,0.08479722428231722,-0.1225455411890823,0.10770954261111541,-0.1417169100358087,0.09995518294039445,-0.1877410080966882,-0.22140869378745426,0.12894792505260683,-0.22176058955023228,0.11829521578105572,-0.22020438273147114,0.13530077201391638,-0.2209705420706038,0.16280926372692334,-0.22494347505238044
0.15334255241990735,0.24311056531548542,-0.2066983865479232,0.24488248216022515,-0.2110329538992461,0.24390991603273063,-0.22848502769584295,0.2500000000000003,-0.22659010630774618,0.24638535885654983,0.1748362618568322,-0.17395807825948,0.19127250322821998,-0.18932758476989034,0.1942468210806088,-0.19272116729312894,0.2188030286270024,-0.19938534051258627,0.21141318696333034,-0.18499869330071086,-0.04801568383171009,0.1022259508012406,-0.10378446036738839,0.12745307502367925,-0.12043690451092708,0.14577369367971393,-0.13314339233718875,0.15390195914455582,-0.15276801995309977,0.18974089630028512,0.0621165389505911,-0.023466655334984304,0.029359456853317898,0.00986156519655669,-4.578152683184513e-5,0.03563901869910495,-0.029586061916311298,0.062168559413572355,-0.06012711455409257,0.13149425766711625,0.08733237386951134,-0.08426173200850869,0.10309112770956935,-0.10234745711115563,0.10872068540341139,-0.1061936187609187,0.14393511760356562,-0.12911606249877156,0.16312631723661095,-0.12071305847013764,0.19887933312612346,0.24282920949476572,-0.1503588314679004,0.24320201902435165,-0.13970633703455781,0.24164480699716956,-0.15671612655915776,0.24241175603095008,-0.18422713600872961,0.2463856753083389
-0.1354366804475642,-0.22066562749904478,0.19567679306249652,-0.22244328685947937,0.2004027615167071,-0.22111086746798764,0.21641717582431289,-0.22659010630774618,0.25000000000000033,-0.22307490019804674,-0.1635494324861124,0.16506325105019856,-0.1824118001887071,0.18333076271244345,-0.1882348083768422,0.1890555484851356,-0.21509925161433505,0.22222761833662757,-0.23443918413028847,0.20822762273132447,0.047102137057080336,-0.10078757930044241,0.10233202221991314,-0.1260226538045578,0.12719374026840138,-0.15255719119770267,0.15640823783488095,-0.17717453972224972,0.17603963761533695,-0.21252767028817665,-0.06051203655235793,0.033003147216580306,-0.03877884695666457,0.013421507670988781,-0.023238842259666322,-0.012351100057096637,0.006297443742054593,-0.038870448650846615,0.03683067872559403,-0.10819025580438629,-0.06418811380576435,0.06102926128096117,-0.07980355022024577,0.07904694146369867,-0.08542472741440382,0.08290116870162906,-0.12065693581096479,0.10581716301416683,-0.13982692395993546,0.09802295104125426,-0.18285490366763915,-0.21953762580211683,0.12705987320613693,-0.21988815400964543,0.11640474243898226,-0.21833172517157803,0.1334133400465523,-0.21909796734408762,0.16092383272741342,-0.22307160834165418
0.15683311177994957,0.2465053600181316,-0.20596187561550458,0.24832874964594776,-0.20916068314225886,0.2461744902199236,-0.22494344289571047,0.24638535885654983,-0.22307490019804674,0.25000000000000017,0.172152385139206,-0.17036055124867241,0.18766910540556492,-0.1857242747243839,0.19064590282958288,-0.18911822902899691,0.21520992399891592,-0.19578991376220378,0.20782572201324595,-0.18140481811441939,-0.04440865996642783,0.09861857440390116,-0.10018337468624652,0.12384678956930725,-0.11683183823384452,0.1421692563081202,-0.129538361851801,0.15029849011985644,-0.14916465243542518,0.18614871554520052,0.058566533279576734,-0.019858591597061118,0.02575245795862824,0.013467011746812578,-0.003652876595707509,0.039245742302568734,-0.03319324338642734,0.06577685962527059,-0.06373515193841048,0.1351029765183783,0.09090149643011468,-0.08785536519514818,0.10669769627856715,-0.10595610623662421,0.11232853066958669,-0.10980094669697286,0.1475398078340503,-0.13272415571857268,0.16673355741554816,-0.12421193521356134,0.2007511361593324,0.2464352271103031,-0.1539668693314061,0.2468115515815537,-0.14331483062787162,0.2452542312234983,-0.16032466461398823,0.24602128333894704,-0.1878349862621777,0.24999521256104973
0.07909231707821973,0.17173957841666143,-0.20347552921562256,0.17319084251933864,-0.20761496392206366,0.1751380571980293,-0.19296079208111258,0.1748362618568322,-0.1635494324861124,0.172152385139206,0.2500000000000002,-0.24443799756337503,0.2268696333531762,-0.2229150104633638,0.2196188594564652,-0.21849305125163215,0.1948703004039477,-0.17812572560976053,0.16658078239086724,-0.17616355628281674,-0.11543222356245839,0.16914448601770554,-0.1679162940212955,0.18453548225059652,-0.17764764148570822,0.19014921524301692,-0.17785139412018316,0.1874006227000604,-0.18636260006032757,0.17753187342323135,0.12571169884753824,-0.08957848511781925,0.09527865914147346,-0.05698975405689685,0.06652459483121706,-0.03204593675245399,0.03742405528680045,-0.005974892876281095,0.007723737732140039,0.061267614229551265,0.01871026049815735,-0.015304270283055435,0.03333151142775111,-0.032572441271710495,0.038764504480984625,-0.036324695730038124,0.07295103261255309,-0.058696016021190484,0.0916731522402624,-0.05282363754018018,0.1570088503084414,0.16877061701694998,-0.07911463754360668,0.1690671814108673,-0.06878258185359175,0.1675599981178436,-0.08526710814412577,0.16830139376254952,-0.11206113047580722,0.1721525589244515
-0.07800285465425365,-0.17051020331800099,0.20711654035323562,-0.1720180139992311,0.2109913525116845,-0.1741730835835235,0.19523950837255696,-0.17395807825948,0.16506325105019856,-0.17036055124867241,-0.24443799756337503,0.2500000000000002,-0.2320187123597372,0.22798964183439233,-0.22432154336732577,0.22321016733806937,-0.19835457462064407,0.18162174507277276,-0.16966112078711013,0.1799880971970938,0.12047060474069358,-0.1744317491080791,0.17317566244050578,-0.1897669687467176,0.1828561987388971,-0.19516787289499615,0.1828342148435745,-0.19212967946780055,0.19108337294004749,-0.18131286164586755,-0.13074063197806493,0.09431260651391996,-0.10004366910120249,0.06138997697979277,-0.07099287671282269,0.036125641023222646,-0.04153282956779391,0.009738811366844258,-0.011497651493854785,-0.058260169041290645,-0.015187925708464833,0.011718760176512058,-0.02994218539970042,0.029172186732996336,-0.035436601470770275,0.03296924399937958,-0.07002055406743393,0.05562652641742947,-0.08898472562599795,0.04983183632752224,-0.15675952757628117,-0.1669433917268387,0.07625165325031472,-0.16723972322327998,0.0658000667958252,-0.1657152780575444,0.08247461822949555,-0.166465113622646,0.10959844521181379,-0.1703606650749663
0.09522696061077805,0.18781940152052815,-0.2248591287706682,0.1893307260441634,-0.2283558533042044,0.19149001715971478,-0.21259890167200074,0.19127250322821998,-0.1824118001887071,0.18766910540556492,0.2268696333531762,-0.2320187123597372,0.2500000000000001,-0.24524162126667778,0.24163547260344764,-0.2403708284481237,0.21556970140919676,-0.19760374280986556,0.18568463302919275,-0.19133989789125938,-0.10429945110421991,0.15831509381612993,-0.1597640069793479,0.18349067377506312,-0.17646599917490538,0.1988273276604371,-0.1862447995294242,0.19966131933564896,-0.19852788184904385,0.1934924336792592,0.11726598337038835,-0.07997717180519882,0.0858255910361547,-0.04683889804656598,0.056624191945030905,-0.021317773117097268,0.027283773213452885,0.005006244861278915,-0.003047528403174785,0.0737904775351067,0.03057030154044642,-0.027143339443183763,0.04561472111631313,-0.04484460947286738,0.05117727598221655,-0.048679320913765846,0.08614788806379933,-0.07140308634010245,0.10514358398096313,-0.06482048400804634,0.16771626647688953,0.18419753614032985,-0.09246565515871154,0.18451203486446563,-0.08189468066520735,0.18296949309951965,-0.0987620779481741,0.18372843624856028,-0.12605782947003827,0.18766910133471096
-0.09394759908545913,-0.1856182156800698,0.22046704643484905,-0.18738373909782596,0.2264079226033103,-0.1895450563875763,0.2106540658650612,-0.18932758476989034,0.18333076271244345,-0.1857242747243839,-0.2229150104633638,0.22798964183439233,-0.24524162126667778,0.2500000000000003,-0.24495509039969438,0.2437206469035755,-0.21775325995440922,0.19992703600734096,-0.18775947386088734,0.19420765527748454,0.10853379720899092,-0.16274442250588803,0.1641982679990996,-0.18795344958150295,0.18091845001037188,-0.20299981133616363,0.1904079068715539,-0.2034160980840963,0.2022785352903164,-0.19631085054342456,-0.12149276433734311,0.08401563518969851,-0.08988954434089748,0.05065433548687231,-0.06049341855157326,0.024907547220103295,-0.030894854591603658,-0.0016432091023895728,-0.00032089910178320267,-0.07097224787729534,-0.027393584105464566,0.023917012613330308,-0.042526554629087124,0.04174823802268694,-0.04813284539683756,0.04561525282904219,-0.08338860451924839,0.06854158123459261,-0.10255508989411358,0.062033446682934146,-0.1671903165738941,-0.1822279911219494,0.0897540983744533,-0.18254167549267133,0.07909744403369795,-0.18098679332260434,0.09610089573262695,-0.18175176087266157,0.12363148510515148,-0.185724206721157
0.09878924827105331,0.1900443399240355,-0.21942854781936783,0.1922998449556262,-0.23130013858775458,0.19446351775613221,-0.2155540406266273,0.1942468210806088,-0.1882348083768422,0.19064590282958288,0.2196188594564652,-0.22432154336732577,0.24163547260344764,-0.24495509039969438,0.2500000000000003,-0.24827375902443594,0.222314795626566,-0.2037695085631151,0.19161279512832144,-0.19669915828588297,-0.10367899495535789,0.15789874559193295,-0.15936153074230539,0.1831236050806229,-0.1760891734371759,0.20142900825376037,-0.18879739080016963,0.20480484184557254,-0.20363414602060856,0.19908772944216174,0.11674991605679495,-0.07915496046898103,0.08503137644738891,-0.045790863528475605,0.0556319175663537,-0.02003650622081215,0.026097134974217638,0.0064650949605151485,-0.004456835686048172,0.07579539239196316,0.032232491391746616,-0.028784171726653925,0.04741218589441502,-0.04663648329226579,0.05302144113987622,-0.050502627984679097,0.08828085381801638,-0.07341005324245359,0.1074299859201934,-0.06671035068749705,0.1699528488506118,0.18714403969012441,-0.09465222884143804,0.18746255419506197,-0.08399381997143503,0.18590717842659826,-0.10100112890674648,0.18667245551014303,-0.12851939612054453,0.19064580239612788
-0.09766270877033383,-0.18854481746743113,0.21813848960423282,-0.19077033614251054,0.22971455852879713,-0.19293854740014735,0.21404496193664546,-0.19272116729312894,0.1890555484851356,-0.18911822902899691,-0.21849305125163215,0.22321016733806937,-0.2403708284481237,0.2437206469035755,-0.24827375902443594,0.2500000000000002,-0.2237783325214889,0.2052401228613582,-0.19301681345671,0.19812619500104164,0.10520867970922372,-0.1594350468694158,0.16089445865575192,-0.184660798304354,0.17762679872762013,-0.20296924149796483,0.1903397727828077,-0.20626364831271216,0.20509408975136628,-0.20050681475720564,-0.11825467131995243,0.0806857465944018,-0.08656233929251297,0.047322371286303996,-0.057165019938731604,0.02156854642627252,-0.027629898617970532,-0.004932793374673796,0.0029250411012272867,-0.07426502649404759,-0.030718543702042373,0.027259746718996176,-0.04588265984880718,0.045106057839193296,-0.05149149225849496,0.04897284437201762,-0.08675299553834184,0.07188002148206264,-0.1059010424457115,0.06522640207848059,-0.1691622737650342,-0.18561772592829925,0.09312308608435789,-0.1859347554390357,0.08246425627774599,-0.18437939248223462,0.09947190878263593,-0.18514464212612322,0.12699076722979746,-0.18911806951573387
0.12367910163064928,0.21368415883165467,-0.21386267916910803,0.21578267772198934,-0.22265205004993158,0.21895783370510802,-0.2399708797700674,0.2188030286270024,-0.21509925161433505,0.21520992399891592,0.1948703004039477,-0.19835457462064407,0.21556970140919676,-0.21775325995440922,0.222314795626566,-0.2237783325214889,0.2500000000000001,-0.23038087815229466,0.21821036740865485,-0.19839916750087636,-0.07915455899709309,0.13336855824714355,-0.13487009244711923,0.15856739279660764,-0.15154349613228013,0.17686671007385554,-0.16424697157075668,0.1849887268291437,-0.18379594863723095,0.20203466727900174,0.09270060096168861,-0.05461737195594532,0.06050082703494888,-0.02127158624964058,0.031101327300499547,0.004493943420939177,0.001562046211589244,0.031009599079540737,-0.028970699756854422,0.10032953298887276,0.05651016762555172,-0.053228130644574566,0.07194534434807154,-0.07118373322388506,0.07756369906427323,-0.07504117960753899,0.11280425517976,-0.09795650903026269,0.13197304438745855,-0.09049700074325351,0.18270398530980259,0.2116837493221773,-0.11919886114793654,0.21202619376899356,-0.10854276906054747,0.2104699666096592,-0.12555163449961593,0.21123600119584862,-0.1530678603774045,0.21520970843307438
-0.10968425504856084,-0.1943992223636808,0.19559391769004378,-0.19637705645652093,0.20364844602659632,-0.19953153117083083,0.22051239969825936,-0.19938534051258627,0.22222761833662757,-0.19578991376220378,-0.17812572560976053,0.18162174507277276,-0.19760374280986556,0.19992703600734096,-0.2037695085631151,0.2052401228613582,-0.23038087815229466,0.2500000000000001,-0.23756612523904652,0.21780172808330622,0.0663613266075566,-0.11987702172255739,0.12138194278477052,-0.14510872797297963,0.14899302194433042,-0.17436862338747747,0.18369740228718565,-0.20447410582410022,0.20328031064344804,-0.22104360935066134,-0.07917338189115787,0.05573602071630854,-0.061467418224586325,0.04070323306768814,-0.050530810489649074,0.014935244295380757,-0.020992162283150692,-0.011575861426090578,0.009537733510197575,-0.0809005071426146,-0.03715935777842986,0.0338380096359209,-0.05252651936556956,0.05175423207189356,-0.05813875467682863,0.05561882514575915,-0.09339873891207807,0.07853193218517095,-0.1125507512752473,0.07153112953136485,-0.16740531425024266,-0.19228116378265703,0.0997774927851685,-0.19260528055867734,0.08911757475811198,-0.19104948857372944,0.10612783734255836,-0.19181504079485573,0.13364581837306286,-0.19578907310026555
0.12172466909765872,0.2060933935921914,-0.1935206044043271,0.20781220588415883,-0.19925463458984385,0.20838577822030568,-0.2090041109952132,0.21141318696333034,-0.23443918413028847,0.20782572201324595,0.16658078239086724,-0.16966112078711013,0.18568463302919275,-0.18775947386088734,0.19161279512832144,-0.19301681345671,0.21821036740865485,-0.23756612523904652,0.25000000000000033,-0.2235073900332305,-0.05430413023670634,0.10781712429916901,-0.10934325359688245,0.1330541862790755,-0.13694684699796872,0.16232262873440048,-0.1716579435325327,0.1924303620649704,-0.19129364883594707,0.227209817317924,0.0673646229344379,-0.043682197323562544,0.04941693574282982,-0.028667041426584626,0.03848878127978337,-0.002896540729252797,0.008951775741220762,0.023618117172137576,-0.021579265985069863,0.09294013538997427,0.04906993437749361,-0.045830525304697924,0.06456099597397241,-0.06379569889639573,0.07017715198685073,-0.06765564750739148,0.10542447626088451,-0.09056975349795146,0.12458367245322527,-0.0832047516097073,0.17364416849001663,0.20430535565644592,-0.11181401818613376,0.20464118703772216,-0.10115626464198509,0.2030851274493432,-0.11816564789389174,0.20385097748092051,-0.1456795526490827,0.2078248029428524
-0.09666060451993666,-0.1803397474340417,0.18638293275779244,-0.18207244687898316,0.19328163212416713,-0.18287605032694104,0.18911243674545325,-0.18499869330071086,0.20822762273132447,-0.18140481811441939,-0.17616355628281674,0.1799880971970938,-0.19133989789125938,0.19420765527748454,-0.19669915828588297,0.19812619500104164,-0.19839916750087636,0.21780172808330622,-0.2235073900332305,0.2500000000000004,0.07959358455989542,-0.13193735723735384,0.1334281456527215,-0.15567561193120874,0.15990002295517955,-0.1838074443243828,0.1935177762371025,-0.21265952040824507,0.21159028445531158,-0.24474858846461472,-0.09176503902026674,0.06871526293168424,-0.07435948146556931,0.05380485575205682,-0.06351576077574185,0.02812058011718232,-0.03405316691831554,0.0016925242452539174,-0.003685566229879895,-0.0672480849870293,-0.023732670373853494,0.020341936000315843,-0.038890462119818364,0.038114443109156064,-0.044469359656038994,0.041964382521971884,-0.07955932836022929,0.06481766137770381,-0.09866430960482492,0.05832932420407959,-0.15935342231943211,-0.17792714468099302,0.08589262032931343,-0.1782366321958751,0.07528611790401801,-0.17668926120305362,0.09220862602703213,-0.17745048693006876,0.11963006470072732,-0.18140399661336687
0.013456804947997619,-0.04517145590718483,0.08085775886748588,-0.046070683657463155,0.085128771436191,-0.04822844982463786,0.0693703097817418,-0.04801568383171009,0.047102137057080336,-0.04440865996642783,-0.11543222356245839,0.12047060474069358,-0.10429945110421991,0.10853379720899092,-0.10367899495535789,0.10520867970922372,-0.07915455899709309,0.0663613266075566,-0.05430413023670634,0.07959358455989542,0.25000000000000044,-0.19574185718623194,0.1934645852922649,-0.1698735070535629,0.16562003929586525,-0.14047854122449366,0.1304034246069632,-0.11116682425725344,0.11078035514868999,-0.07592413511844334,-0.23529587278720815,0.2030056443056317,-0.19926953165358235,0.16295439795178165,-0.16028393918490808,0.12997766697577343,-0.12815637599332902,0.10269396807712695,-0.10271532164840855,0.044878881356695675,0.09883967245380443,-0.10257058749515933,0.0857276435229582,-0.08650738096217708,0.08066451069694981,-0.0829269687422921,0.048496586138500074,-0.054927942185751394,0.02395967652664808,-0.049505351746808736,-0.07067963019283438,-0.041346071790864296,-0.042820312031365104,-0.04151492102857512,-0.052525754582263266,-0.04010459166027653,-0.03706257249785585,-0.04079690463534745,-0.006970513136147638,-0.044409049706243826
0.01894079005491353,0.0989582164438237,-0.13411110342966992,0.1002806936848457,-0.1393342644470497,0.10243962522272751,-0.12357285987439001,0.1022259508012406,-0.10078757930044241,0.09861857440390116,0.16914448601770554,-0.1744317491080791,0.15831509381612993,-0.16274442250588803,0.15789874559193295,-0.1594350468694158,0.13336855824714355,-0.11987702172255739,0.10781712429916901,-0.13193735723735384,-0.19574185718623194,0.25000000000000044,-0.2454860397213194,0.22215465929335138,-0.2159881430051779,0.19214781819741616,-0.18096908945208318,0.1638151568753396,-0.1632163474841105,0.12929881601161491,0.20099389489858863,-0.16680786135007258,0.17241768409242822,-0.13359506668866045,0.1430305883410996,-0.1081481355354293,0.11119844014686625,-0.07984964203595275,0.08072528503584855,-0.011569151106458446,-0.056360266798216464,0.06022795209419255,-0.04212990297714434,0.04294338414507985,-0.03664447418953984,0.039109354304735985,-0.0019026771906939795,0.015504441198960339,0.017962974034023586,0.017930032583428276,0.11400388415494662,0.09526156366716136,-0.004279286886546189,0.09548942798863028,0.0062098511366823214,0.09396294017351714,-0.010510173265649863,0.09471280687878215,-0.03835213807143614,0.09861889390919189
-0.020550138816948702,-0.10051434210501553,0.13559737670233848,-0.10184249308636,0.14082859848725526,-0.10399784322841928,0.12509445117923051,-0.10378446036738839,0.10233202221991314,-0.10018337468624652,-0.1679162940212955,0.17317566244050578,-0.1597640069793479,0.1641982679990996,-0.15936153074230539,0.16089445865575192,-0.13487009244711923,0.12138194278477052,-0.10934325359688245,0.1334281456527215,0.1934645852922649,-0.2454860397213194,0.2500000000000004,-0.22572041094688608,0.21957228303932258,-0.1950011841954699,0.18381922710494503,-0.16586149305012568,0.16526590968249397,-0.13091612465801422,-0.20310803196306554,0.1695124754305638,-0.1753534361950816,0.1360884882569276,-0.145844120016329,0.11032632516793356,-0.1134509458701938,0.08152202122477062,-0.08240633065326924,0.012006769997368341,0.057403770559030134,-0.061336076025544875,0.042940077409593845,-0.043767220812267686,0.03736412667302443,-0.03987090854929876,0.00203596968084786,-0.015939552850772462,-0.018093096957984205,-0.018474084963096965,-0.11581444088176845,-0.09676984424638035,0.004252097163465023,-0.09700134997776098,-0.006415419318161686,-0.09544907469280305,0.010586464920738498,-0.09621160504153113,0.03884836267273526,-0.10018368372271504
0.0396114905072766,0.12404155963336858,-0.15908765894931104,0.12550817471846068,-0.16455330901336404,0.12766773225879519,-0.14879383808370755,0.12745307502367925,-0.1260226538045578,0.12384678956930725,0.18453548225059652,-0.1897669687467176,0.18349067377506312,-0.18795344958150295,0.1831236050806229,-0.184660798304354,0.15856739279660764,-0.14510872797297963,0.1330541862790755,-0.15567561193120874,-0.1698735070535629,0.22215465929335138,-0.22572041094688608,0.2500000000000002,-0.24232217144057752,0.2183070953095313,-0.20656920570246007,0.1892257015010945,-0.18845303020330167,0.15438633042835162,0.1813203436652871,-0.14557279842589435,0.15142918252483278,-0.11220731774132973,0.12204106185587527,-0.08651595975143735,0.09148771772934078,-0.05921889854902101,0.06063915093658491,0.010193042959171977,-0.03372095496385464,0.03755475106429835,-0.019142290425708995,0.019954940566627773,-0.01356382503817809,0.016070385651630593,0.021706284333046343,-0.007166418857605655,0.041156942994473894,-0.0030811327752868793,0.13230548856026622,0.12041488117285003,-0.028008500042794704,0.12066803287313145,-0.017355681479778028,0.1191167162346721,-0.03433960324441711,0.11987908755369756,-0.06209549649690282,0.12384697284365535
-0.03485265115612939,-0.1170581102525161,0.15211613099701898,-0.11849263084245024,0.15752774552576584,-0.12065125555922245,0.14177247595875853,-0.12043690451092708,0.12719374026840138,-0.11683183823384452,-0.17764764148570822,0.1828561987388971,-0.17646599917490538,0.18091845001037188,-0.1760891734371759,0.17762679872762013,-0.15154349613228013,0.14899302194433042,-0.13694684699796872,0.15990002295517955,0.16562003929586525,-0.2159881430051779,0.21957228303932258,-0.24232217144057752,0.2500000000000002,-0.22355939132331973,0.21189592724369066,-0.19365091696644815,0.19289751893859586,-0.15854070464215295,-0.17684802882232023,0.1460606428704365,-0.15186687602840124,0.11941380444423706,-0.12925258123575495,0.09370051914803812,-0.09863942071470402,0.06635364220183472,-0.06775764469291935,-0.0031195309478179653,0.0408005992678719,-0.04465030257162413,0.026270590612553827,-0.027087797800844284,0.02068991819613322,-0.02319754394004555,-0.014615376495268978,7.038491613159132e-5,-0.034088867425180025,-0.0038287148235909073,-0.12676359614952376,-0.11340359705935464,0.020916804185653164,-0.11365026016068447,0.01025410799520088,-0.11209786814347951,0.027252061531692733,-0.11286066992427986,0.05504014359379979,-0.1168318321799076
0.05728421209144628,0.14212978115671884,-0.17534526312905474,0.1438278214584632,-0.18285601377167798,0.1459891485088302,-0.16710691987575668,0.14577369367971393,-0.15255719119770267,0.1421692563081202,0.19014921524301692,-0.19516787289499615,0.1988273276604371,-0.20299981133616363,0.20142900825376037,-0.20296924149796483,0.17686671007385554,-0.17436862338747747,0.16232262873440048,-0.1838074443243828,-0.14047854122449366,0.19214781819741616,-0.1950011841954699,0.2183070953095313,-0.22355939132331973,0.25000000000000056,-0.2362313501901567,0.21823557844447963,-0.2172375893570542,0.1837607804926695,0.15240353052271727,-0.12071242192048127,0.1265206690843581,-0.09352904588390641,0.10337550454135029,-0.06787839485944855,0.07393870532157812,-0.04148164794935133,0.043271128600555625,0.027776516498935887,-0.01529084153302592,0.019022648549439886,-0.0006021336370890295,0.0014029524223685649,0.004973664414319643,-0.002469178289124653,0.04017046286362777,-0.02528798057964398,0.059217633317651466,-0.020132257440336414,0.1428111649025515,0.13872418573703874,-0.04647913303472028,0.13899530729212317,-0.03584603515095829,0.13744596449974747,-0.05280251155306748,0.13820761213915533,-0.08024031935349266,0.14216908898699224
-0.04855195734968184,-0.12955230045275698,0.16282131129913086,-0.13119691551191948,0.17023047440650252,-0.13335842299897666,0.1544839133209125,-0.13314339233718875,0.15640823783488095,-0.129538361851801,-0.17785139412018316,0.1828342148435745,-0.1862447995294242,0.1904079068715539,-0.18879739080016963,0.1903397727828077,-0.16424697157075668,0.18369740228718565,-0.1716579435325327,0.1935177762371025,0.1304034246069632,-0.18096908945208318,0.18381922710494503,-0.20656920570246007,0.21189592724369066,-0.2362313501901567,0.25000000000000017,-0.22873032827702527,0.22774012777829458,-0.19322029691406128,-0.14181856752714692,0.1200596290398571,-0.12576515340211591,0.10560545591807834,-0.1154480841564894,0.08036313647398954,-0.08641824519953378,0.053957596990473464,-0.05573887516206296,-0.015245011090942388,0.027654073910460424,-0.031401580681212446,0.013091095550686426,-0.013897909930394522,0.007529143438384239,-0.01002917213115546,-0.02764510872252867,0.012761113078910622,-0.04665995066232616,0.007899418861493413,-0.13257418641143467,-0.12610799710800544,0.0339423325092141,-0.12636685082564553,0.023313767178714626,-0.12481924530235036,0.040253535353543285,-0.12557986365351614,0.06766403362700954,-0.12953781128924768
0.06654362284445398,0.14998039286888218,-0.17881469102775127,0.1518562154626819,-0.18794122620794923,0.1541115640119282,-0.17522173491411291,0.15390195914455582,-0.17717453972224972,0.15029849011985644,0.1874006227000604,-0.19212967946780055,0.19966131933564896,-0.2034160980840963,0.20480484184557254,-0.20626364831271216,0.1849887268291437,-0.20447410582410022,0.1924303620649704,-0.21265952040824507,-0.11116682425725344,0.1638151568753396,-0.16586149305012568,0.1892257015010945,-0.19365091696644815,0.21823557844447963,-0.22873032827702527,0.25000000000000006,-0.24826391271681406,0.21411833657982304,0.12312532985171601,-0.10072193266150067,0.1064364738341309,-0.08583779774536475,0.09567960239344808,-0.06010970421348746,0.0661706415398096,-0.033647010284603394,0.035681015938660555,0.035574705527100285,-0.007600837733508849,0.011223774419787585,0.007281103718177587,-0.006483851479110781,0.012869113384336484,-0.010359333673695407,0.0481172251997771,-0.03322387364884963,0.06720380469550463,-0.02759370141510806,0.14369027154162498,0.14683912571717098,-0.054444932119792816,0.1471187309277208,-0.04379471918318751,0.14556656004381974,-0.06077961336569997,0.1463297068285872,-0.08826221224587819,0.15029783039326644
-0.06588513942676005,-0.14885720297729746,0.17770415558547856,-0.15072138407136032,0.186781831902038,-0.15296998640015916,0.17403095272652913,-0.15276801995309977,0.17603963761533695,-0.14916465243542518,-0.18636260006032757,0.19108337294004749,-0.19852788184904385,0.2022785352903164,-0.20363414602060856,0.20509408975136628,-0.18379594863723095,0.20328031064344804,-0.19129364883594707,0.21159028445531158,0.11078035514868999,-0.1632163474841105,0.16526590968249397,-0.18845303020330167,0.19289751893859586,-0.2172375893570542,0.22774012777829458,-0.24826391271681406,0.2500000000000002,-0.21300200003945652,-0.12267583319708153,0.10054945090906302,-0.10626286933853304,0.08585287293676094,-0.09570927669071619,0.06092147355876451,-0.066977574720391,0.03500829433516437,-0.037041908103650725,-0.03430166513714672,0.008655969786632365,-0.012281251107499646,-0.005982831646790764,0.00518546352142926,-0.011558792131542208,0.009053394485519591,-0.04685110518323343,0.03194186154253898,-0.06596631742100578,0.026343085569800882,-0.1428038235148355,-0.1457027158756259,0.053199542676884946,-0.14598073525910102,0.04252442111498486,-0.14442656010277705,0.059528747208303444,-0.14519066978730133,0.08705075622961576,-0.14916399352355106
0.10049153238644706,0.1850072244719282,-0.18951642768347318,0.18676300333696694,-0.19646865716915357,0.18747692421837975,-0.19277578910813237,0.18974089630028512,-0.21252767028817665,0.18614871554520052,0.17753187342323135,-0.18131286164586755,0.1934924336792592,-0.19631085054342456,0.19908772944216174,-0.20050681475720564,0.20203466727900174,-0.22104360935066134,0.227209817317924,-0.24474858846461472,-0.07592413511844334,0.12929881601161491,-0.13091612465801422,0.15438633042835162,-0.15854070464215295,0.1837607804926695,-0.19322029691406128,0.21411833657982304,-0.21300200003945652,0.25000000000000017,0.08865365798904278,-0.06533976327174651,0.07106844278270497,-0.05033889857899929,0.060171593849432124,-0.02457535099581388,0.03063423654328353,0.0019312580094435429,0.00010642027683918285,0.07125711454671207,0.02762186521857653,-0.024234987643316754,0.042888884121275124,-0.042111016334699256,0.04849778636081874,-0.045979179409629464,0.08376728698154953,-0.06889056803898871,0.102912729222744,-0.06218085984456329,0.16240068029015148,0.18264927776989964,-0.09013737790144336,0.182964009360427,-0.07947584631234167,0.18140845788886908,-0.09648650281089945,0.18217375868106456,-0.12400693669905138,0.18614788947190744
-0.00194624548089881,0.05924700717044558,-0.09416976160136573,0.06019868163910567,-0.09854244199987974,0.06231825493547574,-0.08307388416781258,0.0621165389505911,-0.06051203655235793,0.058566533279576734,0.12571169884753824,-0.13074063197806493,0.11726598337038835,-0.12149276433734311,0.11674991605679495,-0.11825467131995243,0.09270060096168861,-0.07917338189115787,0.0673646229344379,-0.09176503902026674,-0.23529587278720815,0.20099389489858863,-0.20310803196306554,0.1813203436652871,-0.17684802882232023,0.15240353052271727,-0.14181856752714692,0.12312532985171601,-0.12267583319708153,0.08865365798904278,0.25000000000000006,-0.21066874186368315,0.2070376594083811,-0.16841572052817358,0.1658886033296912,-0.13306594395727364,0.13135561139531704,-0.10368026023294491,0.10385273320780017,-0.04007947365511178,-0.09845692417554426,0.10248770793094283,-0.08419826963277921,0.0850459412585612,-0.07865726426545659,0.08114160309945685,-0.04337699493406078,0.05072470401580028,-0.016751226368094722,0.0454483684438571,0.0831391015656291,0.05519752711362569,0.03712875721713676,0.055391603458284394,0.04778366608280046,0.05384396314031777,0.030821930522610372,0.05460380335731888,-0.0019803278765026916,0.05856688031573906
0.023101661156142657,-0.02087905947339564,0.057028493462691995,-0.02152126837008583,0.06060343461001964,-0.02367933658414693,0.044836297563311554,-0.023466655334984304,0.033003147216580306,-0.019858591597061118,-0.08957848511781925,0.09431260651391996,-0.07997717180519882,0.08401563518969851,-0.07915496046898103,0.0806857465944018,-0.05461737195594532,0.05573602071630854,-0.043682197323562544,0.06871526293168424,0.2030056443056317,-0.16680786135007258,0.1695124754305638,-0.14557279842589435,0.1460606428704365,-0.12071242192048127,0.1200596290398571,-0.10072193266150067,0.10054945090906302,-0.06533976327174651,-0.21066874186368315,0.24999999999999994,-0.24390171576427397,0.20581747416555352,-0.19773439512928961,0.16573553053569565,-0.1611736006739176,0.1350605196434776,-0.13450007762822427,0.07323829235002981,0.13747382118865212,-0.14160634591954205,0.12326916861987185,-0.1241408361092783,0.11772146979942813,-0.12020457354727207,0.08231227601058662,-0.08691854193402034,0.05284577369902011,-0.0776433763234889,-0.05228075559966832,-0.016514617915930688,-0.076084605369273,-0.016674816895357145,-0.08677048018679978,-0.015124148886869656,-0.06976161831111607,-0.01588500955323144,-0.034907180741876494,-0.01985865151911644
