x1,x2,x3,x4,x5,x6,x7,x8,x9,x10,x11,x12,x13,x14,x15,x16,x17,x18,x19,x20,x21,x22,x23,x24,x25,x26,x27,x28,x29,x30,x31,x32,x33,x34,x35,x36,x37,x38,x39,x40,x41,x42,x43,x44,x45,x46,x47,x48,x49,x50,x51,x52,x53,x54,x55,x56,x57,x58,x59,x60
0.25,0.24989195392001132,0.2497369885987913,0.24996327509565885,0.24980448643631925,0.24995921807965477,0.24984596516401683,0.24997761082760528,0.24995925697879665,0.24997587880947422,0.24995653466860318,0.2445967547539829,0.24800963934323203,0.24110953259763324,0.24555413383482658,0.2331514981935799,0.24436985826178917,0.24167240452991837,0.24933384997579097,0.2499424671750105,0.24986561357950338,0.2476540107059639,0.24677143590026548,0.24585303499819625,0.24652232675379399,0.24217693818378572,0.24634547977962,0.24649548372524727,0.2476359511170112,0.24966985887986945,0.2499208329433816,0.24684202113538806,0.24480267886446525,0.24518994864963728,0.24657813707714007,0.24308248470333021,0.24781292183933015,0.24778221393670413,0.24880156920609287,0.2497117425810723,0.2499644235781154,0.24479475939358913,0.24796215050567624,0.24126150212143238,0.24579497247408363,0.23248085507029356,0.24395933683304963,0.2413030823578332,0.2493170856830317,0.24994829673493346,0.2499592128189902,0.24992240182207265,0.24966063219066437,0.24997480048374707,0.24980740795718073,0.24995374004641926,0.24975709723778358,0.24997265309670344,0.24996468167389224,0.24997546306014265
0.24989195392001132,0.24999999999999983,0.24967293244870992,0.24989973585239794,0.24974096312221403,0.24989568013974398,0.2497824557343921,0.24991406798310425,0.249895718763984,0.24991233639892327,0.24989298815194222,0.24453462260081205,0.24794675663169008,0.24104833994177122,0.24549178288731086,0.23309234088808592,0.244307818074824,0.24161101233623244,0.24927047428650756,0.2498789332665218,0.2498020991798537,0.24759108152444426,0.24670873239547023,0.2457905870113679,0.24645968740136684,0.24211545076618263,0.2462828806944873,0.2464328481031521,0.24757301301392357,0.2496063942971507,0.2498573045001459,0.2467792954137134,0.24474046673911895,0.2451276512268565,0.24651546708932146,0.2430207200594799,0.24774993563605607,0.247719237795262,0.24873832970693835,0.24964826739083795,0.24990088409178882,0.24473254334282435,0.24789912445772214,0.2412001935271282,0.24573249874175582,0.23242178452105283,0.2438973304483023,0.24124175280766483,0.2492537115477485,0.2498847613297315,0.24989567464317547,0.24985887300341666,0.24959717005214171,0.24991125834561104,0.24974390850255807,0.2498902032618378,0.24969361056608286,0.24990911150488943,0.2499011421104721,0.24991192075357904
0.2497369885987913,0.24967293244870992,0.24999999999999986,0.24974415101066974,0.2495861408937352,0.24974009097855637,0.2496269439973585,0.24975847098717555,0.2497401336095929,0.24975674044759902,0.24973769799186066,0.24438170712709967,0.24779056101005942,0.24089644922404005,0.24533785337880168,0.23294534791956836,0.2441544688324392,0.2414599775571981,0.24911522445113457,0.24972335785689437,0.24964657259300627,0.247436542639912,0.2465547481198155,0.2456367525117076,0.24630582701689765,0.2419635464385405,0.24612921565392856,0.246279124443222,0.24741872401902998,0.24945099074417423,0.24970174374375984,0.24662529124244445,0.2445877709889124,0.24497448644395448,0.24636179923773538,0.24286893583605101,0.24759556048965203,0.2475648726583417,0.24858338045748907,0.24949283441050493,0.2497452949571103,0.24458001405278773,0.24774470945839563,0.24104971626580873,0.24557940889796212,0.2322767263929681,0.24374536546396608,0.2410914310687567,0.24909850878372428,0.24972918290416687,0.2497400890432807,0.2497033103161334,0.24944176864152237,0.24975566304364288,0.2495884148087027,0.24973462106713423,0.24953815021214465,0.2497535175283716,0.24974555309642285,0.24975632503922768
0.24996327509565885,0.24989973585239794,0.24974415101066974,0.24999999999999975,0.24981226115482272,0.24996700199095748,0.24985374514952066,0.24998539527174435,0.24996704085838958,0.2499836632047846,0.24996431205565772,0.24460437861257991,0.24801738692124922,0.24111710419691493,0.24556179968577094,0.2331587995683313,0.2443774892545717,0.241679934818822,0.24934161470584912,0.24995025054592696,0.24987339447756934,0.24766173090788934,0.24677912495331464,0.24586071097274517,0.24653001056799095,0.24218449665847636,0.24635315548292971,0.24650315678464524,0.24764366424007808,0.24967763341478844,0.24992861555193002,0.2468497173000906,0.2448103158090451,0.24519760287846526,0.24658582415144195,0.24309006897578006,0.2478206433620906,0.24778993118663664,0.24880931986078791,0.24971951878777413,0.24997220763415592,0.2448023852352006,0.24796987309219776,0.24126901931622316,0.24580262791239138,0.23248809298520956,0.24396693601013078,0.24131059691873435,0.24932485022498266,0.2499560802359948,0.2499669967012951,0.2499301845580483,0.24966840672047677,0.24998258485146652,0.24981518719469128,0.24996152375830094,0.24976487465146802,0.24998043739811895,0.24997246572280718,0.2499832474484993
0.24980448643631925,0.24974096312221403,0.2495861408937352,0.24981226115482272,0.24999999999999983,0.24980820515603666,0.24969502506693958,0.2498265878864572,0.24980824518028832,0.24982485688989034,0.24980561059914866,0.24444878218231317,0.24785907592993023,0.240963000220078,0.24540539638009887,0.23300992970415396,0.24422178698099745,0.2415262316458146,0.24918320163105206,0.24979146527058538,0.2497146588919623,0.24750424564548876,0.24662223189020432,0.24570417803208158,0.24637324843134117,0.24203024389071878,0.24619654635463814,0.24634651875772712,0.2474862979955618,0.2495190246177021,0.24976984499837376,0.24669274519809672,0.24465461290966845,0.2450415602139465,0.24642906504106293,0.2429354169541364,0.24766314654619284,0.24763247899153396,0.2486512176080692,0.24956087966103202,0.24981340838575197,0.24464681278780584,0.24781232271549108,0.24111564773464886,0.24564644635152197,0.23234033714304902,0.24381190938457192,0.24115727105547383,0.2491664533176444,0.24979729180819174,0.24980820092094172,0.24977141216329787,0.24950980070367104,0.2498237791685158,0.24965648661438927,0.24980273145442383,0.2496062085665806,0.24982163307230526,0.24981366649602305,0.24982444134459553
0.24995921807965477,0.24989568013974398,0.24974009097855637,0.24996700199095748,0.24980820515603666,0.24999999999999975,0.24984969026706094,0.24998133823235658,0.24996298411465404,0.24997960619307658,0.24996025497661128,0.24460041073352426,0.24801336700958537,0.24111319205605916,0.24555781673072913,0.2331550187826019,0.24437352591298048,0.2416760143982831,0.24933756828124592,0.24994619407595106,0.2498693392585061,0.24765771227739536,0.24677512095771673,0.24585672203884834,0.24652601050074632,0.2421805689776858,0.24634915820645767,0.24649915761421715,0.2476396456103873,0.24967358139269835,0.24992455943679298,0.2468457116222974,0.24480634269703716,0.2451936238472996,0.2465818222032354,0.2430861242821774,0.24781662150957012,0.24778591016642845,0.24880528196152454,0.24971546606482375,0.24996815080792534,0.24479841263835375,0.2479658489468374,0.24126510447757038,0.2457986389957597,0.23248432135298483,0.24396297686815738,0.24130668109601477,0.2493208039070507,0.24995202367383837,0.24996293995960567,0.24992612841378894,0.2496643548356661,0.24997852785679348,0.24981113291871293,0.2499574671054373,0.24976082120796161,0.24997638043828668,0.2499684088927327,0.24997919044307249
0.24984596516401683,0.2497824557343921,0.2496269439973585,0.24985374514952066,0.24969502506693958,0.24984969026706094,0.2499999999999997,0.24986807492260876,0.24984972901139896,0.24986634357249665,0.24984705837111176,0.2444893970840708,0.2479018639754845,0.24100176397741008,0.2454454335124297,0.2330446066637241,0.24426064399317937,0.2415648272967746,0.24922461507604832,0.24983294562348582,0.24975613373796665,0.24754529836069342,0.2466627891702671,0.24574446950450363,0.246413408479556,0.24206893364649396,0.24623675809071247,0.2463871340150004,0.24752708139281696,0.24956047607145326,0.24981132676326256,0.24673288756140435,0.24469435472594742,0.24508092993288413,0.24646943588612374,0.2429744472437407,0.24770394515716992,0.24767331520297403,0.24869230039653578,0.24960231812576164,0.2498548923803526,0.24468698639644249,0.24785328557985295,0.24115486701708871,0.2456869895289374,0.23237808797325513,0.24385207548122326,0.2411969928618395,0.24920777628942573,0.24983877628994294,0.24984968496876378,0.24981289010163843,0.24955123213786046,0.24986526580424848,0.24969793693854683,0.24984421459026912,0.2496476625152283,0.24986311930885408,0.24985515151134075,0.249865928090295
0.24997761082760528,0.24991406798310425,0.24975847098717555,0.24998539527174435,0.2498265878864572,0.24998133823235658,0.24986807492260876,0.24999999999999967,0.249981377099996,0.24999800040005368,0.24997864806703798,0.24461840733225637,0.24803161027126389,0.24113093133567542,0.2455758830244769,0.23317217118153405,0.2443915046777462,0.24169379589257417,0.24935591509070612,0.2499645858244398,0.24988772535060277,0.24767593480801212,0.24679327836857512,0.24587481132460012,0.24654414962014615,0.24219838644710667,0.24636728445059672,0.24651729459852073,0.24765786724082886,0.24969195306950095,0.24994294959222996,0.24686387457887166,0.24482435594828164,0.24521166514271928,0.2465999662466032,0.24310401050150793,0.247834856397307,0.24780414258600986,0.2488235896397709,0.24973384083306663,0.2499865441719382,0.24481642524580355,0.247984094793335,0.24128285669951954,0.2458167253159381,0.2325014269955721,0.24398092810809055,0.24132443674309825,0.24933914961970086,0.24997041585040827,0.2499813329404945,0.2499445186859787,0.24968272583757317,0.2499969219846853,0.24982951472549111,0.24997585968361383,0.2497791993050362,0.24999477440816076,0.24998680227580777,0.2499975846197195
0.24995925697879665,0.249895718763984,0.2497401336095929,0.24996704085838958,0.24980824518028832,0.24996298411465404,0.24984972901139896,0.249981377099996,0.24999999999999953,0.2499796450696759,0.24996029771084582,0.24460047799482107,0.24801343598809267,0.24111362527964586,0.2455581382992805,0.23315591575341893,0.24437480958347363,0.24167633743480865,0.24933762691058622,0.2499462330513462,0.24986937736655046,0.24765778382178003,0.24677524886881774,0.2458569065526166,0.24652619733033979,0.24218103231666493,0.24634932330250175,0.24649930774867734,0.2476397469889547,0.24967361864591722,0.24992459792816582,0.24684592621467602,0.24480655238089655,0.24519394452445845,0.24658196962115753,0.24308638662367754,0.24781672184011203,0.24778600292708644,0.2488053637759923,0.2497155054066076,0.249968189804091,0.2447985132258291,0.24796591553073977,0.2412652579023605,0.24579871181759627,0.2324844674185382,0.24396305779717115,0.2413067588569686,0.2493208503648959,0.2499520623460633,0.24996297882497662,0.24992616727344033,0.2496643939941309,0.24997856672450086,0.24981117282365012,0.2499575059703219,0.2497608597887491,0.24997641931081782,0.24996844775024968,0.2499792293108882
0.24997587880947422,0.24991233639892327,0.24975674044759902,0.2499836632047846,0.24982485688989034,0.24997960619307658,0.24986634357249665,0.24999800040005368,0.2499796450696759,0.24999999999999947,0.24997691600294322,0.2446167125974896,0.24802989231471786,0.24112926078021155,0.2455741816077738,0.2331705555666098,0.24438981120372819,0.24169212124375228,0.24935418738135265,0.24996285390159229,0.24988599396058864,0.24767421881024293,0.24679156845585945,0.24587310783715816,0.24654244142178552,0.2421967083612011,0.24636557746134233,0.24651558655977474,0.2476561513000402,0.2496902230354803,0.24994121781923842,0.24686216413084838,0.24482265962684066,0.24520996614346507,0.24659825762527657,0.2431023261017995,0.24783313922837302,0.247802425628038,0.24882186562168496,0.24973211050895863,0.2499848120969635,0.24481472898656953,0.2479823765901531,0.24128118491903142,0.24581502212958756,0.23249981605276632,0.24397923764120932,0.2413227646801393,0.24933742203018738,0.24996868388716148,0.2499796009016275,0.24994278690218563,0.24968099586754225,0.2499951898378069,0.2498277837384861,0.24997412768266902,0.24977746866651426,0.249993042276162,0.24998507019904184,0.24999585246824976
0.24995653466860318,0.24989298815194222,0.24973769799186066,0.24996431205565772,0.24980561059914866,0.24996025497661128,0.24984705837111176,0.24997864806703798,0.24996029771084582,0.24997691600294322,0.2499999999999995,0.24460124008468076,0.24801076951629106,0.24111047351644013,0.2455551111830594,0.2331523597068507,0.24437084060753653,0.24167336901308606,0.2493348828949696,0.249943504212652,0.24986665042563824,0.24765508105551248,0.24677245501086348,0.24585406076009428,0.24652334347592086,0.24217790919942864,0.24634649125270114,0.2464964940898591,0.24763697210391794,0.24967089469476364,0.24992186994422771,0.24684303029590093,0.2448036829403921,0.24519095015727072,0.2465791541473502,0.24308346927587518,0.24781394529902862,0.24778323319503143,0.24880259921964315,0.24971277856722776,0.24996546071028522,0.24479576276219916,0.24796317388752162,0.24126247944609178,0.24579598480016765,0.2324817852080097,0.24396034064247824,0.2413040720558295,0.24931811933223394,0.24994933382255002,0.24996024994349658,0.2499234387938119,0.24966166785669908,0.2499758376729747,0.24980844428864757,0.2499547771480816,0.24975813332028793,0.24997369027650138,0.2499657188162013,0.24997650025212764
0.2445967547539829,0.24453462260081205,0.24438170712709967,0.24460437861257991,0.24444878218231317,0.24460041073352426,0.2444893970840708,0.24461840733225637,0.24460047799482107,0.2446167125974896,0.24460124008468076,0.24999999999999964,0.2426522060296745,0.235915892034567,0.2403060155093799,0.2281148258990685,0.23912053886144924,0.23646066034011348,0.24398365999519597,0.24458401247614078,0.24450880678806283,0.24229729107698025,0.24145113765140028,0.24051867564020796,0.24121288502882074,0.23690719089621218,0.24104574606410129,0.2411911253794627,0.24231906827508423,0.2443171745113367,0.2445628844935297,0.24153256543122636,0.23954258770035433,0.23990882527282492,0.24128580280950176,0.23784861487069509,0.24249418872565903,0.24246217334461326,0.24346363594841125,0.24435816646753397,0.24460549000609277,0.23953834780471536,0.2426421196805978,0.2360721840271935,0.24051984772192017,0.2274739980631586,0.2387230509152847,0.23612236612334594,0.24397133804416035,0.2445897252195232,0.24460040388711138,0.24456438205367437,0.24430809077907326,0.24461565739854768,0.24445173621584276,0.24459504836239074,0.24440249477935325,0.24461355565542278,0.24460575285399316,0.24461630577457671
0.24800963934323203,0.24794675663169008,0.24779056101005942,0.24801738692124922,0.24785907592993023,0.24801336700958537,0.2479018639754845,0.24803161027126389,0.24801343598809267,0.24802989231471786,0.24801076951629106,0.2426522060296745,0.2499999999999996,0.23916464465285528,0.24361582763917128,0.2313011998012305,0.24249290741807847,0.23978886463152607,0.2473904737154383,0.24799673717199458,0.24792047314379653,0.2457144949849295,0.24484130757973188,0.24391373799791424,0.2445979747930245,0.2402619235197442,0.24442404345994165,0.24457308055801041,0.24570665946786,0.2477262854601639,0.247975309931921,0.24491411309120772,0.2428903931281969,0.24327071797815067,0.2446555951006903,0.24118193456409273,0.24588124156236127,0.24585131030332788,0.2468632738617521,0.2477677930572647,0.24801852064964267,0.2428869311460444,0.24603090420538615,0.2393791585714271,0.24388002499005404,0.23066730122571777,0.24205845507560442,0.23942331342098067,0.24737594903389024,0.24800253435095598,0.2480133559205727,0.2479768314854263,0.2477170871729983,0.24802882224368406,0.2478626947217118,0.2480079257367028,0.24781282568461127,0.24802669139049424,0.248018782460855,0.2480294796620743
0.24110953259763324,0.24104833994177122,0.24089644922404005,0.24111710419691493,0.240963000220078,0.24111319205605916,0.24100176397741008,0.24113093133567542,0.24111362527964586,0.24112926078021155,0.24111047351644013,0.235915892034567,0.23916464465285528,0.2499999999999997,0.23670874552180277,0.2246652540521067,0.23567887890662784,0.23309068009790304,0.2405006703153512,0.2410970038588458,0.24102248611737243,0.23884282034896187,0.23796959389274655,0.23701452325929187,0.23775065708934498,0.23344335366301375,0.23759828422730642,0.2377539695487454,0.23885843366186438,0.24083461956149244,0.24107646375419967,0.238064563789878,0.23610205156178737,0.23644153747573166,0.23783816901650914,0.23442060461326125,0.2390262068902147,0.23899922685435046,0.2399864227485081,0.24087431688756142,0.24111816690201046,0.23611664600968024,0.2391801325955223,0.2326939295965043,0.2370856404266652,0.22422919739651465,0.2353125590576083,0.2327536614627036,0.24049140455368884,0.24110275522808122,0.24111318466050125,0.24107767640491504,0.2408251281483726,0.24112822070130777,0.24096642530265727,0.24110790545952004,0.24091844940630336,0.24112614759409892,0.24111846466497489,0.24112885982570506
0.24555413383482658,0.24549178288731086,0.24533785337880168,0.24556179968577094,0.24540539638009887,0.24555781673072913,0.2454454335124297,0.2455758830244769,0.2455581382992805,0.2455741816077738,0.2455551111830594,0.2403060155093799,0.24361582763917128,0.23670874552180277,0.24999999999999967,0.22874958523006392,0.23997747671872127,0.2373723167809768,0.24494500148012457,0.24554132774919088,0.24546582601243858,0.2432939812138273,0.2424471162573033,0.2415523451270992,0.2421808818932542,0.23784073710382161,0.24200099232271918,0.24214656171984508,0.2432696032313301,0.24527349505917706,0.24552026289517684,0.24246259235405665,0.24045552418301397,0.24082213442417452,0.24222561620410477,0.23876225311094307,0.24343950963718583,0.24340824309737516,0.24441507832961856,0.24531459996637234,0.2455629026704166,0.2404709931427574,0.24359101506681285,0.23698944414047135,0.24145835289078704,0.22836359403393083,0.23965376054699278,0.2370466093784973,0.24492567044256988,0.24554712213510627,0.24555780917787398,0.24552164635476514,0.2452643877423882,0.2455731223921822,0.24540849687672955,0.24555243268000954,0.24535922368200364,0.24557101205805695,0.24556318103801644,0.24557377330393093
0.2331514981935799,0.23309234088808592,0.23294534791956836,0.2331587995683313,0.23300992970415396,0.2331550187826019,0.2330446066637241,0.23317217118153405,0.23315591575341893,0.2331705555666098,0.2331523597068507,0.2281148258990685,0.2313011998012305,0.2246652540521067,0.22874958523006392,0.24999999999999958,0.22756444575390372,0.22515353235152585,0.23254932803422396,0.23313935242993863,0.2330677141608583,0.23092197629443165,0.23008916619038614,0.22922320343852098,0.2297787037941626,0.2253920808294213,0.22963450805206403,0.2298430039989691,0.23094426902427587,0.23288615784835756,0.23311991281786634,0.23014823144670565,0.22827967657461065,0.22854451926708136,0.22999732693576347,0.22662937031007693,0.23113039629692247,0.23109724316538482,0.23205403840658848,0.23292382995911873,0.23315977653893477,0.2283042952100334,0.23127839732154995,0.2249759952399472,0.22924771273737082,0.2167984799808761,0.22752941564144016,0.22505943394253655,0.23255086108439865,0.23314504389007665,0.23315501032787264,0.2331206740561109,0.2328764027187487,0.23316955012085952,0.23301269697541088,0.23314990522794335,0.23296693595657597,0.2331675434234766,0.23316012067849942,0.23317016814766617
0.24436985826178917,0.244307818074824,0.2441544688324392,0.2443774892545717,0.24422178698099745,0.24437352591298048,0.24426064399317937,0.2443915046777462,0.24437480958347363,0.24438981120372819,0.24437084060753653,0.23912053886144924,0.24249290741807847,0.23567887890662784,0.23997747671872127,0.22756444575390372,0.2499999999999999,0.23608773908226852,0.2437524374547739,0.24435710151021828,0.24428196181079057,0.24212607599146702,0.24134408239083918,0.24045233351300196,0.24103480350845186,0.23675289258705884,0.24084198137591137,0.24097295144143824,0.242085294593433,0.2440903516723268,0.2443362320034692,0.24127800058920795,0.2392685466366913,0.2396357600412651,0.24104851889818563,0.23759355732333934,0.242266496521772,0.24223196617918882,0.24323876149048257,0.2441314343060603,0.2443785767240899,0.23930363292985943,0.24241525871315492,0.23583571234902556,0.2402908593212324,0.22725488343383923,0.2384928904425657,0.2359010873888047,0.24374370077194646,0.24436291290060366,0.24437351801741306,0.2443375296003784,0.24408150927850855,0.24438875738669558,0.24422483023137367,0.24436816741153025,0.24417593054120093,0.24438665678195903,0.24437886468633488,0.24438940515905963
0.24167240452991837,0.24161101233623244,0.2414599775571981,0.241679934818822,0.2415262316458146,0.2416760143982831,0.2415648272967746,0.24169379589257417,0.24167633743480865,0.24169212124375228,0.24167336901308606,0.23646066034011348,0.23978886463152607,0.23309068009790304,0.2373723167809768,0.22515353235152585,0.23608773908226852,0.24999999999999967,0.24105127303322152,0.24165979362180806,0.241585306505716,0.23946140548960265,0.23870466171062366,0.2377339873730193,0.23833615983718626,0.23410944915386692,0.23810875793695643,0.238224040844909,0.23938221422232692,0.24139556018460037,0.24163929739899742,0.2385827440488663,0.23663498685837894,0.23693560115892837,0.2384056073762419,0.2349431345872155,0.23958837221060608,0.2395575498353846,0.24055457509658662,0.24143645344492196,0.24168099243755362,0.23664689995710833,0.23973423220515855,0.2332001311364783,0.2376318513126449,0.22471206668284852,0.2358521351649913,0.23328882091463907,0.24105218923327723,0.24166552477820527,0.241676007622977,0.24164041643073725,0.2413870018038593,0.2416910788217002,0.24152876330854106,0.24167071594127612,0.24148039624422052,0.241689000733111,0.24168129077562853,0.2416917194516846
0.24933384997579097,0.24927047428650756,0.24911522445113457,0.24934161470584912,0.24918320163105206,0.24933756828124592,0.24922461507604832,0.24935591509070612,0.24933762691058622,0.24935418738135265,0.2493348828949696,0.24398365999519597,0.2473904737154383,0.2405006703153512,0.24494500148012457,0.23254932803422396,0.2437524374547739,0.24105127303322152,0.24999999999999986,0.24932085409579774,0.24924420562467436,0.247044959953347,0.24617869139878706,0.24526022455337682,0.24591715123012373,0.24157987289801763,0.24573134512290415,0.24588118079439278,0.24701717032673143,0.24904888746944667,0.24929931287454418,0.246222792941262,0.24418571273469028,0.24457175234909143,0.24596173519131254,0.24247097055332342,0.2471960931238976,0.24716496050937337,0.24818309249950188,0.24909068922798003,0.24934275627581953,0.24418333968122466,0.24734494505659613,0.2406574742382647,0.24518251640770883,0.2318998571656634,0.24335082296632765,0.24070202507362967,0.24869675561687105,0.24932668588840265,0.24933756285872,0.24930084341053188,0.24903972184843498,0.24935311176002667,0.24918609776422304,0.24933210368262723,0.24913597000173793,0.24935096952787653,0.24934301848840634,0.2493537726884276
0.2499424671750105,0.2498789332665218,0.24972335785689437,0.24995025054592696,0.24979146527058538,0.24994619407595106,0.24983294562348582,0.2499645858244398,0.2499462330513462,0.24996285390159229,0.249943504212652,0.24458401247614078,0.24799673717199458,0.2410970038588458,0.24554132774919088,0.23313935242993863,0.24435710151021828,0.24165979362180806,0.24932085409579774,0.24999999999999964,0.2498525943538626,0.2476411115897227,0.24675857361398826,0.24584023446024142,0.2465094820267646,0.24216429801863798,0.24633264014584041,0.24648261960878226,0.2476230447218689,0.24965684923822926,0.24990781077681506,0.24682916047639053,0.2447899336568892,0.24517718542257566,0.2465652959450208,0.24306982498212223,0.2478000126026673,0.24776929857843064,0.24878860738659797,0.24969873143529492,0.2499513992834187,0.24478200171114106,0.2479492285578093,0.24124892372481765,0.24578216290246738,0.23246871835946997,0.2439466240252792,0.24129050313863332,0.24930409570522988,0.24993527319480138,0.24994618878524735,0.24990937970631508,0.249647623495868,0.24996177563784733,0.2497943918833189,0.24994071629776687,0.24974408329687,0.24995962836340027,0.24995165734601987,0.24996243817973116
0.24986561357950338,0.2498020991798537,0.24964657259300627,0.24987339447756934,0.2497146588919623,0.2498693392585061,0.24975613373796665,0.24988772535060277,0.24986937736655046,0.24988599396058864,0.24986665042563824,0.24450880678806283,0.24792047314379653,0.24102248611737243,0.24546582601243858,0.2330677141608583,0.24428196181079057,0.241585306505716,0.24924420562467436,0.2498525943538626,0.24999999999999944,0.2475644792204074,0.2466827182600977,0.24576469915029608,0.24643362826826098,0.24208952400753875,0.2462568518130893,0.24640669880030786,0.24754681554806648,0.24958008596102976,0.24983096833718213,0.24675291783319658,0.24471424724275095,0.24510127749365182,0.24648920510999112,0.24299458511692584,0.247723682657202,0.24769299688965968,0.24871203007686893,0.2496219512789115,0.2498745425924398,0.24470655794344937,0.24787291577755705,0.2411744321132172,0.24570649870222425,0.23239689500134758,0.24387150489245385,0.2412161922796357,0.24922742226944264,0.24985842214969844,0.2498693339678929,0.2498325362070544,0.24957085888092065,0.2498849160281325,0.2497175811898459,0.24986386316182843,0.24966729026091558,0.24988276940260643,0.2498748008397225,0.24988557836632552
0.2476540107059639,0.24759108152444426,0.247436542639912,0.24766173090788934,0.24750424564548876,0.24765771227739536,0.24754529836069342,0.24767593480801212,0.24765778382178003,0.24767421881024293,0.24765508105551248,0.24229729107698025,0.2457144949849295,0.23884282034896187,0.2432939812138273,0.23092197629443165,0.24212607599146702,0.23946140548960265,0.247044959953347,0.2476411115897227,0.2475644792204074,0.2499999999999997,0.24447433763164378,0.24355997059354734,0.244270476207966,0.23992525429263217,0.2441076528152358,0.24427683671796063,0.24537158083338878,0.24737147587669783,0.24761986250137952,0.2445572663734586,0.24253715258705538,0.24291014273220818,0.2443113666926935,0.24081154104181576,0.24552255839604287,0.2454900865509191,0.2465082044676069,0.24741244889348893,0.24766284537878844,0.24253494248346621,0.24567504994557127,0.2390271664230294,0.24352500230114305,0.23032671756096765,0.24170593240677193,0.2390753879948063,0.24702030231562522,0.24764694518253844,0.24765770627686318,0.24762123422167584,0.2473618549319541,0.2476731504262379,0.24750714478395155,0.24765228384056084,0.24745757531900398,0.24767102197723365,0.2476631271951323,0.24767380689996432
0.24677143590026548,0.24670873239547023,0.2465547481198155,0.24677912495331464,0.24662223189020432,0.24677512095771673,0.2466627891702671,0.24679327836857512,0.24677524886881774,0.24679156845585945,0.24677245501086348,0.24145113765140028,0.24484130757973188,0.23796959389274655,0.2424471162573033,0.23008916619038614,0.24134408239083918,0.23870466171062366,0.24617869139878706,0.24675857361398826,0.2466827182600977,0.24447433763164378,0.24999999999999978,0.24267191364102245,0.24352985479298028,0.23912363254453603,0.24337100959038654,0.24356329959368866,0.24456537898915318,0.24648916563276987,0.2467375272591019,0.24366776712007274,0.24162704546052124,0.24205141915402406,0.24373155035404498,0.2399910780667622,0.2447266037618522,0.24460353304687346,0.24568151012279907,0.24653064229388075,0.24678021573357029,0.24166459934900208,0.24479482080031836,0.23815427311398987,0.24264081378992386,0.2294473802845439,0.2408259964076305,0.2382023025987128,0.2461384307335162,0.24676439020749746,0.24677511473995692,0.24673877260999735,0.24648005516384147,0.2467905039080502,0.24662490030125678,0.24676971141985038,0.24657527343878144,0.24678838272198295,0.24678050648615216,0.24679115805641214
0.24585303499819625,0.2457905870113679,0.2456367525117076,0.24586071097274517,0.24570417803208158,0.24585672203884834,0.24574446950450363,0.24587481132460012,0.2458569065526166,0.24587310783715816,0.24585406076009428,0.24051867564020796,0.24391373799791424,0.23701452325929187,0.2415523451270992,0.22922320343852098,0.24045233351300196,0.2377339873730193,0.24526022455337682,0.24584023446024142,0.24576469915029608,0.24355997059354734,0.24267191364102245,0.24999999999999986,0.24242584897292493,0.23810803631022817,0.2423859766839016,0.24249263688900274,0.2436084771732392,0.2455727696752799,0.2458194516358551,0.24276775275085752,0.2408267576233788,0.2411562464864528,0.2425826196347371,0.23905206145677899,0.24376306902462133,0.2436833032797104,0.2447403851682712,0.24561311939348818,0.24586178740805534,0.2407596990301186,0.24387953024638612,0.2372584288123638,0.24173684039097493,0.22859607599483603,0.23992960327865995,0.2373139342708417,0.24522205939891037,0.24584604752904582,0.24585671535008471,0.24582050847762602,0.2455627358346153,0.24587204724495024,0.24570701077144275,0.2458513321447964,0.24565769218924402,0.24586993364840384,0.24586208898203718,0.24587269895661293
0.24652232675379399,0.24645968740136684,0.24630582701689765,0.24653001056799095,0.24637324843134117,0.24652601050074632,0.246413408479556,0.24654414962014615,0.24652619733033979,0.24654244142178552,0.24652334347592086,0.24121288502882074,0.2445979747930245,0.23775065708934498,0.2421808818932542,0.2297787037941626,0.24103480350845186,0.23833615983718626,0.24591715123012373,0.2465094820267646,0.24643362826826098,0.244270476207966,0.24352985479298028,0.24242584897292493,0.24999999999999944,0.23874530274374775,0.24295327808631553,0.24314539804025864,0.24427438015898187,0.2462404245982566,0.24648886817276555,0.24357853046025663,0.24205378887286702,0.24191547331776692,0.2431530145964559,0.2398116915825011,0.24454878330408944,0.24439427741849332,0.2455132929585155,0.24628185526565013,0.24653111414188353,0.24144956548987642,0.24455882216059638,0.23794720603231317,0.24241018579223889,0.2292846905993215,0.24059182800014,0.23797158584451814,0.2458906145157735,0.2465152743013293,0.24652600434390656,0.24648969889871147,0.24623138083290777,0.2465413779580742,0.24637609712431927,0.2465206065927964,0.24632633224736292,0.24653926004382648,0.246531389877134,0.24654203144631823
0.24217693818378572,0.24211545076618263,0.2419635464385405,0.24218449665847636,0.24203024389071878,0.2421805689776858,0.24206893364649396,0.24219838644710667,0.24218103231666493,0.2421967083612011,0.24217790919942864,0.23690719089621218,0.2402619235197442,0.23344335366301375,0.23784073710382161,0.2253920808294213,0.23675289258705884,0.23410944915386692,0.24157987289801763,0.24216429801863798,0.24208952400753875,0.23992525429263217,0.23912363254453603,0.23810803631022817,0.23874530274374775,0.2499999999999994,0.23856721552975993,0.2388068705756567,0.23988061707577168,0.24190007153850548,0.2421443159319945,0.2391095247036874,0.2373876175126671,0.2374994070211159,0.23896208279799994,0.23546949103812626,0.24013981704821136,0.24003277662172193,0.24108857853484456,0.24194041722384446,0.24218551498898414,0.23713799585543544,0.24022705058338412,0.2336642428001156,0.2381068216908724,0.22514192974740838,0.23632130643315982,0.2337532460893236,0.24155323493137917,0.24217007268658855,0.24218056106522468,0.24214489550587256,0.24189068683937223,0.24219566378785076,0.2420328159609856,0.24217525813967228,0.24198402176199796,0.24219358140226746,0.24218584349330813,0.24219630577169105
0.24634547977962,0.2462828806944873,0.24612921565392856,0.24635315548292971,0.24619654635463814,0.24634915820645767,0.24623675809071247,0.24636728445059672,0.24634932330250175,0.24636557746134233,0.24634649125270114,0.24104574606410129,0.24442404345994165,0.23759828422730642,0.24200099232271918,0.22963450805206403,0.24084198137591137,0.23810875793695643,0.24573134512290415,0.24633264014584041,0.2462568518130893,0.2441076528152358,0.24337100959038654,0.2423859766839016,0.24295327808631553,0.23856721552975993,0.24999999999999947,0.2428890484396816,0.24407485532186507,0.2460643130646347,0.24631159630951086,0.24334428360667903,0.2417477818071048,0.24186814204783763,0.24344449011467384,0.2395763613012488,0.24422190737768162,0.24421267436853256,0.2453784658464363,0.2461051455003172,0.24635425797254584,0.2412789530750814,0.2443824150499706,0.23777460824894664,0.2422387052722908,0.2291053616564015,0.24042991705649586,0.2378162210804405,0.24571573481667597,0.24633838697579935,0.24634915216218262,0.24631287275445563,0.2460546052847385,0.2463645147612359,0.24619942037150322,0.2463437582792941,0.24614956545894917,0.24636239852181305,0.24635453226224707,0.24636516778352352
0.24649548372524727,0.2464328481031521,0.246279124443222,0.24650315678464524,0.24634651875772712,0.24649915761421715,0.2463871340150004,0.24651729459852073,0.24649930774867734,0.24651558655977474,0.2464964940898591,0.2411911253794627,0.24457308055801041,0.2377539695487454,0.24214656171984508,0.2298430039989691,0.24097295144143824,0.238224040844909,0.24588118079439278,0.24648261960878226,0.24640669880030786,0.24427683671796063,0.24356329959368866,0.24249263688900274,0.24314539804025864,0.2388068705756567,0.2428890484396816,0.24999999999999956,0.2441769876663735,0.24621466447142423,0.24646171525010746,0.24342589474447462,0.24148923331473457,0.24187009351331434,0.24334533364483932,0.2396716499918919,0.24441262565403032,0.24433585555841955,0.24538515988406193,0.24625477133614607,0.24650422768137098,0.24136594358891222,0.24451504354863712,0.23784191956903467,0.2423638433981111,0.22917213303352615,0.24054797622472066,0.23793526102037618,0.24586252759699428,0.24648845746467912,0.24649915121166724,0.24646284967089913,0.2462041799110342,0.24651452323277723,0.2463489291366849,0.2464937537847582,0.24629922338262572,0.24651240414559925,0.24650452936233064,0.2465151766625427
0.2476359511170112,0.24757301301392357,0.24741872401902998,0.24764366424007808,0.2474862979955618,0.2476396456103873,0.24752708139281696,0.24765786724082886,0.2476397469889547,0.2476561513000402,0.24763697210391794,0.24231906827508423,0.24570665946786,0.23885843366186438,0.2432696032313301,0.23094426902427587,0.242085294593433,0.23938221422232692,0.24701717032673143,0.2476230447218689,0.24754681554806648,0.24537158083338878,0.24456537898915318,0.2436084771732392,0.24427438015898187,0.23988061707577168,0.24407485532186507,0.2441769876663735,0.24999999999999958,0.24735285686337413,0.24760183602430652,0.24462662992610984,0.2428756291955369,0.24309907432646333,0.244679814597116,0.24100606821866852,0.2457329987455072,0.24554152141755092,0.24648470098591285,0.24739444195736968,0.24764479470532846,0.24256026745653253,0.2456687958677347,0.23906275246677958,0.24352050287527277,0.2303398119520885,0.24170401074512046,0.23906819072115107,0.24700423604954394,0.24762882421140836,0.2476396399706404,0.24760317054503164,0.247343706164963,0.2476550830129832,0.24748925293161564,0.24763421792714949,0.2474393217530275,0.24765295583020902,0.24764505401597853,0.247655739448396
0.24966985887986945,0.2496063942971507,0.24945099074417423,0.24967763341478844,0.2495190246177021,0.24967358139269835,0.24956047607145326,0.24969195306950095,0.24967361864591722,0.2496902230354803,0.24967089469476364,0.2443171745113367,0.2477262854601639,0.24083461956149244,0.24527349505917706,0.23288615784835756,0.2440903516723268,0.24139556018460037,0.24904888746944667,0.24965684923822926,0.24958008596102976,0.24737147587669783,0.24648916563276987,0.2455727696752799,0.2462404245982566,0.24190007153850548,0.2460643130646347,0.24621466447142423,0.24735285686337413,0.24999999999999947,0.2496352463771988,0.24655917122345328,0.2445209461017055,0.2449086199746863,0.2462958419420731,0.24280424693834285,0.24753001066316524,0.247499424878153,0.24851674654146916,0.24942638586245947,0.2496787795558727,0.24451497914085327,0.2476787594437689,0.24098590633100234,0.24551408222240237,0.23221615012678434,0.2436804754232086,0.24102748548337577,0.24903211617582943,0.2496626780392223,0.24967357609815505,0.24963680716823772,0.24937534537808576,0.2496891459493621,0.24952193619123875,0.24966810958066385,0.2494717175130598,0.24968700095004998,0.24967903923484833,0.24968980776800273
0.2499208329433816,0.2498573045001459,0.24970174374375984,0.24992861555193002,0.24976984499837376,0.24992455943679298,0.24981132676326256,0.24994294959222996,0.24992459792816582,0.24994121781923842,0.24992186994422771,0.2445628844935297,0.247975309931921,0.24107646375419967,0.24552026289517684,0.23311991281786634,0.2443362320034692,0.24163929739899742,0.24929931287454418,0.24990781077681506,0.24983096833718213,0.24761986250137952,0.2467375272591019,0.2458194516358551,0.24648886817276555,0.2421443159319945,0.24631159630951086,0.24646171525010746,0.24760183602430652,0.2496352463771988,0.24999999999999925,0.2468073541566162,0.24476840978168113,0.2451553215288517,0.2465435986164318,0.24304860774148435,0.2477785500673279,0.2477480464960926,0.2487670637289967,0.2496771179587374,0.24992976399551242,0.24476069363757708,0.247927772055226,0.24122797735985116,0.24576091767248223,0.23244894585984413,0.24392551354275346,0.24126973095970178,0.24928250771521387,0.24991364055026713,0.24992455414595216,0.24988774825353804,0.24962601726525,0.24994013964905304,0.2497727695398244,0.24991908213288813,0.2497224715785085,0.2499379925513316,0.24993002234429157,0.24994080213345443
0.24684202113538806,0.2467792954137134,0.24662529124244445,0.2468497173000906,0.24669274519809672,0.2468457116222974,0.24673288756140435,0.24686387457887166,0.24684592621467602,0.24686216413084838,0.24684303029590093,0.24153256543122636,0.24491411309120772,0.238064563789878,0.24246259235405665,0.23014823144670565,0.24127800058920795,0.2385827440488663,0.246222792941262,0.24682916047639053,0.24675291783319658,0.2445572663734586,0.24366776712007274,0.24276775275085752,0.24357853046025663,0.2391095247036874,0.24334428360667903,0.24342589474447462,0.24462662992610984,0.24655917122345328,0.2468073541566162,0.2499999999999995,0.24169083595521837,0.24209463107648183,0.2435270036365967,0.2400319901248621,0.24476017412345355,0.24476581897253374,0.24572717757009468,0.24660106941241944,0.2468508037111013,0.2416846803840185,0.24486336547393556,0.23818265679625295,0.2427365395659423,0.22952452194638784,0.24092960697936755,0.23829985753243266,0.24621170623616281,0.24683503726534586,0.24684570580517584,0.2468093533690593,0.24655072794610772,0.24686109932170783,0.24669546376411472,0.24684030104044938,0.24664683790150577,0.2468589756396098,0.2468511193593725,0.2468617536329064
0.24480267886446525,0.24474046673911895,0.2445877709889124,0.2448103158090451,0.24465461290966845,0.24480634269703716,0.24469435472594742,0.24482435594828164,0.24480655238089655,0.24482265962684066,0.2448036829403921,0.23954258770035433,0.2428903931281969,0.23610205156178737,0.24045552418301397,0.22827967657461065,0.2392685466366913,0.23663498685837894,0.24418571273469028,0.2447899336568892,0.24471424724275095,0.24253715258705538,0.24162704546052124,0.2408267576233788,0.24205378887286702,0.2373876175126671,0.2417477818071048,0.24148923331473457,0.2428756291955369,0.2445209461017055,0.24476840978168113,0.24169083595521837,0.24999999999999944,0.24003814118642267,0.24166270526345457,0.2382765460943,0.242880231050717,0.24284182925203168,0.24378639901374707,0.2445637608176935,0.2448114821341698,0.2396666175045975,0.2428561086978441,0.23619520013817474,0.240771718387546,0.22765925948408458,0.23897872362041697,0.23634792939435512,0.24418273568195115,0.24479570508426368,0.24480633729257945,0.24477028521523103,0.24451393680973327,0.24482160359744712,0.2446576981300356,0.2448009773339293,0.24460930973151107,0.24481949845276746,0.24481170939366936,0.24482225249796488
