x1,x2,x3,x4,x5,x6,x7,x8,x9,x10,x11,x12,x13,x14,x15,x16,x17,x18,x19,x20,x21,x22,x23,x24,x25,x26,x27,x28,x29,x30,x31,x32,x33,x34,x35,x36,x37,x38,x39,x40,x41,x42,x43,x44,x45,x46,x47,x48,x49,x50,x51,x52,x53,x54,x55,x56,x57,x58,x59,x60
0.25,0.24946794105200523,0.24972326633805106,0.24949276288583316,0.24715140649604966,0.2478541419266282,0.24651273356147785,0.24996328264934933,0.24808299350359012,0.24989582171150507,0.24472965259471344,0.23748091479557112,-0.23432638952363619,0.24734287740546934,-0.23745782660023207,0.24739547540537998,-0.23659375279788647,0.2472389072004975,-0.24010264977939355,0.24987271605818814,0.24978078639241125,-0.21856170078407505,0.22549301071918176,-0.19764778462250537,0.20318229234209778,-0.16656110097963722,0.17288638171417323,-0.10814685545450077,0.1109899559723684,0.24947257181684246,0.24963907636085328,-0.1232376213785854,0.12816380927981672,-0.06439206744977391,0.09342229817417487,-0.034001673642363395,0.056620407165233186,0.0384043969892336,-0.03160205680953088,0.24908489848813006,0.24523102699483854,0.19716970186789448,-0.19565150309023424,0.23441831851636544,-0.22220667197030983,0.23454760499251415,-0.22620461306177828,0.24223335157356293,-0.23945152860974694,0.24968662695914695,0.2499833902189825,0.24989418917072784,0.2499126139391188,0.24984016576935258,0.24848498740408478,0.24853800196443654,0.2490141002171796,0.2499739271312498,0.24984622966892672,0.24988791121659001
0.24946794105200523,0.2500000000000002,0.24921598707739753,0.24911610940606718,0.24683253328163318,0.24741356041718085,0.24621630088062604,0.2494565501847013,0.2479414717308166,0.24938837320142027,0.24423085264194636,0.23698036998823882,-0.23383739035457624,0.24683766487763767,-0.23712184481170345,0.2469102439147134,-0.23633439338423667,0.24677675387437695,-0.2399986797636157,0.24936622491563284,0.24927364258748613,-0.21811311717980772,0.22503579971409168,-0.19726266318578495,0.20278696657682058,-0.16627050224767953,0.1725727630194226,-0.10799811697826779,0.11082914639904688,0.24896609617196983,0.24913227322334477,-0.12298249620099791,0.12789782765302204,-0.06425099534982436,0.09321892154601383,-0.033910335753065325,0.0564779358178106,0.038369052698478186,-0.03158636746187074,0.2485793782675059,0.24473320564121306,0.1967656814734966,-0.19525033697319394,0.2339398748125366,-0.2217514968102291,0.23406892995343478,-0.22574265157447523,0.24174022764726813,-0.2389643654349409,0.2491796929445313,0.2494758660320219,0.24938684593883517,0.24940522515666044,0.24933293222752764,0.24798024096607313,0.2480334137676967,0.2485084682437966,0.24946642201172267,0.2493389657939636,0.24938058072936037
0.24972326633805106,0.24921598707739753,0.25000000000000006,0.2492430225005783,0.24691446376083911,0.24760914389467545,0.24627970978229485,0.2497112388620128,0.2478337810960692,0.24964368594460876,0.24447776140536356,0.23772886217384817,-0.2345832649348371,0.24717906997398165,-0.23730395643047986,0.2471653494028962,-0.2363721648726216,0.246991000089627,-0.23986182116321103,0.2496205634386997,0.24953062827109213,-0.21880906866048744,0.2254768683176771,-0.1976336658173659,0.20309492070061758,-0.16649755954193196,0.1728115212487488,-0.10812700445272926,0.1109677117847299,0.24922085846206893,0.24938707115757855,-0.12306025467509768,0.12798213016972737,-0.06425722935297802,0.0932683641453939,-0.03389719311189221,0.05650171711116259,0.03844001156691075,-0.03164392790510302,0.24883386718172185,0.24498384748119414,0.19694891454900312,-0.19543246365785955,0.234175120215076,-0.221973292147733,0.23430559642585874,-0.2259709181122766,0.2419866715586746,-0.23920815997868064,0.24943469689792894,0.24973117778772383,0.2496420666736578,0.2496604486063228,0.24958809778621305,0.24823380674725606,0.24828725015065534,0.24876274315495142,0.24972172418298888,0.2495941260601517,0.24963579505127734
0.24949276288583316,0.24911610940606718,0.2492430225005783,0.2500000000000001,0.24672242686537796,0.24750618983925146,0.24618401660394448,0.2494808055087061,0.24774993208493057,0.2494132122089251,0.24425609531767306,0.23701767898842863,-0.23387184873593034,0.24686381969589793,-0.2370422671704572,0.2469238832673117,-0.23628189607472797,0.2467861301168473,-0.23980998662114225,0.2493906364214451,0.24929845001162773,-0.2181426540207829,0.22506115671916965,-0.19727806756380448,0.2028023963483483,-0.16626837234971964,0.1725761088352789,-0.10797834215139375,0.11081255172989063,0.24899083947270378,0.24915701599302661,-0.12299583437863493,0.12791203448771735,-0.06426037483706824,0.09323298317446749,-0.033921986443581464,0.05649454156957815,0.03835507805935582,-0.03156878847047665,0.24860400283012932,0.24475750482124942,0.19678652474848468,-0.19527113674604402,0.2339641547366894,-0.22177519856801578,0.23409321495365945,-0.2257662114162057,0.2417648116891046,-0.23898854169798706,0.24920445956025702,0.24950065670143604,0.2494116278289223,0.24943001215920776,0.2493577087559466,0.24800499338786255,0.2480580604836232,0.24853319495084597,0.24949121180982323,0.24936375051869844,0.24940536199729568
0.24715140649604966,0.24683253328163318,0.24691446376083911,0.24672242686537796,0.25000000000000006,0.24504581635314437,0.2438131260381735,0.24716024450761048,0.24546303189745006,0.24707199548064315,0.24194763079649706,0.23469641107205386,-0.23159442020733437,0.24455805187485652,-0.24010101454671579,0.24501836732779145,-0.23428283984651718,0.2444620896861199,-0.23754299237526605,0.24704975051291594,0.24695839235188155,-0.21600836346117214,0.22287277878101125,-0.19551732177341477,0.20090171810081514,-0.16491456884007435,0.17101321745224082,-0.10695710682598589,0.10974843291521005,0.24665310786471223,0.2468188686338775,-0.12187220946168464,0.12673954230477813,-0.06369130903202355,0.09238168192245999,-0.03363286028906641,0.055988760488303715,0.03797248740786831,-0.031243951265390372,0.24627083194118396,0.24246039922974005,0.19495336121078208,-0.19345196218214902,0.23177115871395088,-0.2196980682403011,0.23189889194424818,-0.22365007541168994,0.23949698694891033,-0.2367465652625517,0.24686577928145015,0.24715918850984203,0.24707099513586556,0.24708921727587937,0.24701758206219618,0.24567780745794338,0.24573012889692264,0.24620087414208514,0.24714983225273393,0.2470235826342571,0.24706478810783083
0.2478541419266282,0.24741356041718085,0.24760914389467545,0.24750618983925146,0.24504581635314437,0.2500000000000001,0.2444474879541618,0.24784207145814047,0.24626699854226797,0.24777501565474302,0.24265250034808367,0.23545418381631092,-0.23233072774475222,0.24524158619788658,-0.2354056590906234,0.24529778203655017,-0.2346267385530431,0.24515409241480227,-0.23835914183734633,0.24775250145121508,0.24766100697339682,-0.2167051654379391,0.223580202696307,-0.19597484333887868,0.20146384578831086,-0.1651612215611341,0.17143203180520536,-0.10726310648958413,0.11007940705532852,0.24735540954200874,0.24752051628274843,-0.12218887711219598,0.1270729841747469,-0.0638408688811374,0.09262320773492809,-0.03370326983705719,0.05612722431676383,0.03809885396095635,-0.03135787716491588,0.24697112061389243,0.24314989524498304,0.19549422328332808,-0.19398881174465618,0.23242761191790764,-0.22031887906133246,0.23255587685796472,-0.2242835750139734,0.24017697413333022,-0.23741891065392057,0.24756764632989228,0.2478618973998997,0.24777345328448563,0.24779171741985068,0.24771988835900444,0.24637608162441482,0.24642877615438857,0.24690079566331527,0.24785251454545681,0.24772589199564274,0.2477672286079109
0.24651273356147785,0.24621630088062604,0.24627970978229485,0.24618401660394448,0.2438131260381735,0.2444474879541618,0.24999999999999997,0.24650323732034116,0.24469588590760102,0.24643357170708852,0.24132403712574,0.2340400796509331,-0.2309780357212116,0.24388426646598982,-0.23427283095902407,0.2441407542873506,-0.23989303085300215,0.24469477744835116,-0.23755127766079093,0.24641902763050136,0.24632111345951674,-0.2156778851612966,0.2225731682056625,-0.19543483114268428,0.20093315939980957,-0.16536393084299084,0.17140049329020154,-0.10785695946864235,0.11055747449333977,0.2460180621302943,0.24618098521393258,-0.12135628922213132,0.12619905838418602,-0.06317839904684196,0.09177856023317515,-0.03300885429120485,0.05526943853037217,0.03865658147242177,-0.03200403628387915,0.2456375826387362,0.2418352175651242,0.19434731023545695,-0.1928468905310291,0.23112256556716232,-0.21905123178638558,0.2312509023242277,-0.2230201938418993,0.2388536499819986,-0.23611602106509064,0.2462276748985702,0.24652053361673473,0.2464325662471397,0.24645057437412263,0.24637929138759046,0.2450379594061173,0.24509519766549062,0.24556331063266423,0.24651119962901816,0.24638494259269764,0.24642637523763733
0.24996328264934933,0.2494565501847013,0.2497112388620128,0.2494808055087061,0.24716024450761048,0.24784207145814047,0.24650323732034116,0.2500000000000002,0.24807133491659455,0.2498836356066108,0.24471764708670962,0.23746896495876665,-0.23431464397045704,0.24733084299521813,-0.2374672364737481,0.24738491786033207,-0.23658564089528408,0.24722722075816175,-0.2400915831021956,0.2498605356971379,0.2497686065609189,-0.2185507528499144,0.2254817677586204,-0.19763860438081737,0.20317252326578156,-0.16655408087023038,0.17287844328700838,-0.10814201003938713,0.11098486963638285,0.249460405340731,0.24962690567756285,-0.12323168011646343,0.12815761131348186,-0.06438896013341457,0.09341771888113448,-0.033999952298552696,0.05661753780987268,0.03840272707355561,-0.03160072624985441,0.24907275511054094,0.24521907061575005,0.197160111060901,-0.19564198399549115,0.23440688153667058,-0.22219582537343072,0.23453616174483427,-0.2261935753775133,0.242221536401556,-0.23943985039724383,0.24967445346080333,0.2499712023025567,0.24988200560241167,0.24990042945255522,0.24982798483497173,0.24847287163977427,0.24852588452234844,0.24900195929647517,0.2499617396753135,0.24983404837420864,0.24987572795435178
0.24808299350359012,0.2479414717308166,0.2478337810960692,0.24774993208493057,0.24546303189745006,0.24626699854226797,0.24469588590760102,0.24807133491659455,0.25,0.24800307667125662,0.24286492841446722,0.23559252605702832,-0.23248942138973872,0.24545136347828755,-0.2357052285300049,0.24551130140238447,-0.23491725164532629,0.2454939915726657,-0.24174210929891393,0.2479867950776156,0.2478893539253641,-0.21685294195012644,0.22375637033594903,-0.19613043757183535,0.20163922852823185,-0.16536169843623807,0.17164734065094872,-0.1076532070668299,0.11045007869645763,0.2475837217075029,0.24774914273385976,-0.12230294847555434,0.1271890162033361,-0.06389443985030241,0.09268336015819646,-0.03367915378391932,0.05609068793863396,0.038297038859944225,-0.03158807887544155,0.2471998144030028,0.24337447225943548,0.19566540753125725,-0.19415751021661315,0.23263326125918457,-0.22050758728019573,0.23276145600873782,-0.22448041698791102,0.24039339973256488,-0.23763402505205697,0.24779608236482467,0.2480906576158629,0.2480021311451281,0.24802038462289316,0.24794851682195534,0.24660246490368423,0.24665621914843128,0.24712836816528957,0.24808126537027045,0.24795445532970992,0.24799590071973115
0.24989582171150507,0.24938837320142027,0.24964368594460876,0.2494132122089251,0.24707199548064315,0.24777501565474302,0.24643357170708852,0.2498836356066108,0.24800307667125662,0.2500000000000001,0.24465168217543784,0.23740525805648716,-0.23425172094664448,0.2472640714869225,-0.23738171593940638,0.2473165987930776,-0.23651746696843395,0.2471600638506115,-0.24002572662151725,0.24979309899468582,0.24970120023219786,-0.21849204797235322,0.22542116029658088,-0.19758473813986163,0.2031174912564982,-0.16650789872744678,0.17283119358425786,-0.10811223022860868,0.11095444054389897,0.24939308361737983,0.24955953540648082,-0.12319837036270727,0.12812299059277701,-0.06437158459786148,0.09339257237078451,-0.03399090454002185,0.05660244148986105,0.038392055812161686,-0.03159187103127831,0.2490055337118311,0.24515289044053787,0.19710688891463832,-0.19558917445899135,0.23434363352002055,-0.2221358820379555,0.23447287904265382,-0.2261325459092411,0.24215617367536607,-0.23937523627904514,0.2496070709201872,0.24990373959390755,0.2498145669675238,0.24983298588560235,0.24976056077925274,0.24840581489742053,0.2484588118698925,0.24893475862805964,0.24989427952164733,0.24976662279364956,0.24980829101369378
0.24472965259471344,0.24423085264194636,0.24447776140536356,0.24425609531767306,0.24194763079649706,0.24265250034808367,0.24132403712574,0.24471764708670962,0.24286492841446722,0.24465168217543784,0.2500000000000001,0.2322374838576715,-0.2291760765011194,0.24211422360232315,-0.23244595737105217,0.242188705870913,-0.23159159005258576,0.24205627767654755,-0.2350618386187796,0.24462917420607883,0.2445380959768202,-0.21373346295244366,0.2206331805861578,-0.19338301788382123,0.19882902362656532,-0.162985949728044,0.16917968890073068,-0.10581127565578098,0.10859375314413895,0.24423737091773745,0.24440040960162537,-0.1206841464649496,0.1255064036047332,-0.06308509330796457,0.09149963815934796,-0.033335169883830604,0.05547343272909586,0.03754373021454604,-0.0308850696063408,0.24385757173066117,0.24008462162730332,0.19304554652935632,-0.1915591007953316,0.22950294887628675,-0.2175493284784218,0.22962897693531792,-0.22146116575845803,0.23715156267109866,-0.2344277565448898,0.24444688305833145,0.24473740831334873,0.24465007922034612,0.2446681317378041,0.24459718950972878,0.2432707667647778,0.24332235011012537,0.24378853566743042,0.24472814385555364,0.244603145955002,0.24464393301251275
0.23748091479557112,0.23698036998823882,0.23772886217384817,0.23701767898842863,0.23469641107205386,0.23545418381631092,0.2340400796509331,0.23746896495876665,0.23559252605702832,0.23740525805648716,0.2322374838576715,0.2500000000000001,-0.24575772820260905,0.23893338887609314,-0.22908848895859038,0.23650217950800276,-0.22596305417336338,0.23501434710193259,-0.2280964444319963,0.23738044023904806,0.2373854126610667,-0.2308648927464778,0.2271820805291891,-0.19956115912906366,0.20212674497274558,-0.16652519868395255,0.17239027417367925,-0.10984791083523074,0.11258832109137637,0.2369979915791119,0.23715243991253343,-0.113746978960585,0.11847122568207341,-0.05662222698876896,0.08483087411178783,-0.027388459955326856,0.04942811565501543,0.04227350697918484,-0.035751612359195974,0.23665614276016889,0.23298942911885503,0.1859267730255488,-0.18449359359361517,0.2222822163659859,-0.21049234155561847,0.22246031103820182,-0.21452281424654837,0.22995969037685585,-0.22735535270922488,0.2372053772000384,0.2374884385046664,0.23740369081740906,0.2374196829929158,0.23735236853030847,0.23603107607214288,0.23611549629460277,0.23655931663760596,0.23747944307094035,0.23735600384488578,0.237397726504793
-0.23432638952363619,-0.23383739035457624,-0.2345832649348371,-0.23387184873593034,-0.23159442020733437,-0.23233072774475222,-0.2309780357212116,-0.23431464397045704,-0.23248942138973872,-0.23425172094664448,-0.2291760765011194,-0.24575772820260905,0.2500000000000001,-0.23691999607276798,0.22708471507171446,-0.23343138833574584,0.2230632128321352,-0.23191266540648908,0.22512288080899387,-0.234227479538422,-0.2342299737994781,0.22717130432715174,-0.22370606301468562,0.19728495564372892,-0.1996078696781414,0.164465170864703,-0.17015220134304235,0.10840839158960425,-0.11106864025292451,-0.2338503510489685,-0.23400219761240648,0.11221281473633997,-0.11686981346806809,0.05582962352086383,-0.08366583932922617,0.026964044385470207,-0.04871613755820506,-0.04170055583403521,0.03526104061800544,-0.23351250198279905,-0.2298946463327892,-0.18344881601183824,0.18203462224688718,-0.21932594306109282,0.20768992223766175,-0.2195011835111356,0.21166923357606202,-0.2269038403934769,0.224334241128939,-0.23405449462552338,-0.23433381357760424,-0.23425019181948414,-0.23426595798181976,-0.23419955129201317,-0.23289539113919136,-0.23297911141577907,-0.23341688229881072,-0.23432493783315092,-0.23420311179663117,-0.23424430673081312
0.24734287740546934,0.24683766487763767,0.24717906997398165,0.24686381969589793,0.24455805187485652,0.24524158619788658,0.24388426646598982,0.24733084299521813,0.24545136347828755,0.2472640714869225,0.24211422360232315,0.23893338887609314,-0.23691999607276798,0.24999999999999997,-0.23992928188545545,0.2463933802907935,-0.23558919030126202,0.2448585597024949,-0.2377209636725055,0.24724052883991987,0.2471635986270444,-0.22024897461651957,0.22705113940815388,-0.20022527273673277,0.20529817191755287,-0.16882701697549257,0.17500923099038418,-0.11032559777526836,0.11309352531533395,0.2468416094885744,0.24700675510849615,-0.12074126184293407,0.12562864790203282,-0.06197868692559801,0.0909237098637366,-0.03157799885267213,0.05416622146371568,0.04061295199647592,-0.03384377512499917,0.2464712164180108,0.24265451169777724,0.19458804960784998,-0.19308664975732487,0.23179926253714647,-0.2196300885560446,0.23193105534945294,-0.22366939673535755,0.2396107369598061,-0.23687544201025268,0.24705663186293533,0.24735071689027033,0.24726245302368358,0.24728014484707717,0.2472089990627004,0.2458537723299824,0.24592065344297515,0.24638825414322763,0.2473413511687034,0.24721407885180308,0.2472562411232792
-0.23745782660023207,-0.23712184481170345,-0.23730395643047986,-0.2370422671704572,-0.24010101454671579,-0.2354056590906234,-0.23427283095902407,-0.2374672364737481,-0.2357052285300049,-0.23738171593940638,-0.23244595737105217,-0.22908848895859038,0.22708471507171446,-0.23992928188545545,0.2500000000000001,-0.23989968755943963,0.2291801487938126,-0.23523778044288693,0.22836174579402105,-0.23735932332660234,-0.23728520216404206,0.2115773425501509,-0.21820635754394288,0.19289815205916339,-0.19772789496310095,0.1642334269701289,-0.16921432801866734,0.10685642168957053,-0.10941031705151301,-0.2369777786566036,-0.23713510252759093,0.11578350517270583,-0.1204472267046596,0.05921326116630492,-0.08695748755363475,0.029834999248767438,-0.05149593688676555,-0.03964382785294035,0.03313290691452038,-0.23662323174253033,-0.23295758429756452,-0.18674733507091434,0.18530322482030545,-0.22249230317888335,0.21078790511995066,-0.22262287098708952,0.21468932921705974,-0.23001568822724208,0.22739417684487445,-0.23718278430176234,-0.237465273932415,-0.23738053610668436,-0.23739737800833005,-0.23732921857184344,-0.23602428400132433,-0.23609238513649172,-0.2365402296596929,-0.23745628104842328,-0.23733384299570362,-0.23737457245133128
0.24739547540537998,0.2469102439147134,0.2471653494028962,0.2469238832673117,0.24501836732779145,0.24529778203655017,0.2441407542873506,0.24738491786033207,0.24551130140238447,0.2473165987930776,0.242188705870913,0.23650217950800276,-0.23343138833574584,0.2463933802907935,-0.23989968755943963,0.2500000000000001,-0.23903631577833498,0.2451019121211682,-0.23792541066913497,0.24729352529445353,0.24720941401063196,-0.21848184272818458,0.22536791933091674,-0.19835969897013797,0.20382048042778173,-0.16909722803511743,0.1743229363658451,-0.10965701751361438,0.112340964790233,0.24689649753898452,0.24706098697716505,-0.1212456121397934,0.1261006671891761,-0.0625854889673223,0.09138324813378018,-0.03216168789448963,0.05462753717077405,0.03994948360260366,-0.03318350074713005,0.24652108598738878,0.24270383046432525,0.1948234253599789,-0.19331862562972765,0.23188319848571998,-0.21973420704122237,0.23201691500011185,-0.2237547576115258,0.23967949255687915,-0.23693927586234795,0.24710924780616264,0.24740331950581854,0.2473150365556975,0.24733286769326648,0.24726157109144667,0.24590957412801304,0.24597292109184882,0.24644136663476826,0.24739395149623045,0.24726687436282407,0.24730882335076482
-0.23659375279788647,-0.23633439338423667,-0.2363721648726216,-0.23628189607472797,-0.23428283984651718,-0.2346267385530431,-0.23989303085300215,-0.23658564089528408,-0.23491725164532629,-0.23651746696843395,-0.23159159005258576,-0.22596305417336338,0.2230632128321352,-0.23558919030126202,0.2291801487938126,-0.23903631577833498,0.25000000000000006,-0.2390200451116673,0.23164807129018078,-0.23653997325138162,-0.23641456233572591,0.20894172376953773,-0.21554360451037155,0.18984613042707746,-0.19506855085222838,0.16281921169820737,-0.16775625571259814,0.10787145904884923,-0.110103887796418,-0.23611459443715518,-0.2362745028125223,0.1155501487305797,-0.12015096942878427,0.05926528247684215,-0.0866833074478198,0.02980125273696761,-0.05105012189784649,-0.040022717201290386,0.033860878739488315,-0.23576545387019343,-0.2321099000707674,-0.18607211819055194,0.18462594682373357,-0.22161551162985857,0.2099363534712482,-0.22176708400091827,0.21385660189567657,-0.22915504760022198,0.22654784114955695,-0.23631937855025223,-0.23660121371297616,-0.23651677831049436,-0.2365333559861841,-0.23646564752748345,-0.23516084581637886,-0.23523331558273247,-0.2356777411158261,-0.2365922476214354,-0.23646993032763733,-0.2365108363379504
0.2472389072004975,0.24677675387437695,0.246991000089627,0.2467861301168473,0.2444620896861199,0.24515409241480227,0.24469477744835116,0.24722722075816175,0.2454939915726657,0.2471600638506115,0.24205627767654755,0.23501434710193259,-0.23191266540648908,0.2448585597024949,-0.23523778044288693,0.2451019121211682,-0.2390200451116673,0.2500000000000001,-0.24242921821046182,0.24718513191784977,0.2470470097330074,-0.21665610910225058,0.2235426346836713,-0.196280380748615,0.20177007114965448,-0.1663156823530347,0.1726580295231643,-0.11085164203156928,0.11330428186549385,0.2467389864150255,0.2469068300776687,-0.1214530995990443,0.12628387747230876,-0.06300132305584946,0.09158948801747312,-0.03240538653629697,0.05452320386890108,0.04033354354997682,-0.033956233968069884,0.24636816574758738,0.24254996219058655,0.19474454058581175,-0.19323313316547763,0.231701149117757,-0.21954279649140776,0.23183982918193988,-0.22357618628533946,0.23950798861291292,-0.23677369738062914,0.24695254182507542,0.2472467432024661,0.24715851058328583,0.24717623675571096,0.2471050790576167,0.245750288164952,0.24581725300645366,0.24628393106590712,0.2472373755655854,0.24711009936206207,0.24715230129794372
-0.24010264977939355,-0.2399986797636157,-0.23986182116321103,-0.23980998662114225,-0.23754299237526605,-0.23835914183734633,-0.23755127766079093,-0.2400915831021956,-0.24174210929891393,-0.24002572662151725,-0.2350618386187796,-0.2280964444319963,0.22512288080899387,-0.2377209636725055,0.22836174579402105,-0.23792541066913497,0.23164807129018078,-0.24242921821046182,0.25,-0.24019029028593028,-0.2399155961960509,0.21022685801090643,-0.2168830254979537,0.19016344131255344,-0.1954533059329002,0.16083167882916122,-0.1669753365734954,0.10669577201767401,-0.10908570515842501,-0.2396153772485393,-0.23978003582517,0.11810483742977065,-0.1228059542694764,0.061467281531532886,-0.0892539173109376,0.03193146365631176,-0.05345172875573965,-0.03847422925826727,0.03223378901888656,-0.2392541628095387,-0.23554778792377085,-0.18920869005051122,0.18774359297836318,-0.2250560296060897,0.2132741090431281,-0.22519000607523607,0.21716776192340362,-0.2326161316215451,0.22995576120985883,-0.23982459726843305,-0.24011012718069935,-0.24002444301529713,-0.24004180067490538,-0.23997255358599223,-0.23866122328913603,-0.2387218711076883,-0.23917629979950167,-0.24010103162973725,-0.23997771913244964,-0.2400184129744879
0.24987271605818814,0.24936622491563284,0.2496205634386997,0.2493906364214451,0.24704975051291594,0.24775250145121508,0.24641902763050136,0.2498605356971379,0.2479867950776156,0.24979309899468582,0.24462917420607883,0.23738044023904806,-0.234227479538422,0.24724052883991987,-0.23735932332660234,0.24729352529445353,-0.23653997325138162,0.24718513191784977,-0.24019029028593028,0.25000000000000017,0.24967810238625934,-0.21847857416503091,0.2254047906354625,-0.1975916800019874,0.2031240391641284,-0.16654016258888593,0.17286551023599103,-0.1082218069142302,0.11105380345905717,0.24937001504384276,0.2495364778011779,-0.12317152366657885,0.12809444902483175,-0.06434192310411875,0.09335648990072709,-0.03394803802547516,0.05654954412610102,0.03846260596573488,-0.03167420334730505,0.24898282864573884,0.24513034244842483,0.19707939570123098,-0.19556153043597252,0.23431691212855052,-0.2221077473346073,0.23444663621432837,-0.22610670479150188,0.24213143175052462,-0.2393512920695818,0.2495839694573078,0.2498806329147456,0.24979146827923537,0.2498098687519889,0.2497374670985629,0.24838238159650292,0.24843584108817884,0.24891160776057686,0.24987117346095564,0.24974349729631173,0.2497851929038143
0.24978078639241125,0.24927364258748613,0.24953062827109213,0.24929845001162773,0.24695839235188155,0.24766100697339682,0.24632111345951674,0.2497686065609189,0.2478893539253641,0.24970120023219786,0.2445380959768202,0.2373854126610667,-0.2342299737994781,0.2471635986270444,-0.23728520216404206,0.24720941401063196,-0.23641456233572591,0.2470470097330074,-0.2399155961960509,0.24967810238625934,0.25000000000000006,-0.2187374671656371,0.22553095829564979,-0.1976946321648006,0.2031913741079024,-0.16659330357859864,0.17289115477549397,-0.10818067262251631,0.11100926803369687,0.2492838639179395,0.24944450949943062,-0.12309239181395117,0.12801414572992495,-0.0642669504131947,0.09328488785132814,-0.03389369599403943,0.056504831276211094,0.038463358758900223,-0.03166563702135881,0.24889123266607993,0.2450402511480502,0.19699831241609167,-0.19548118076326737,0.23422974715077427,-0.22202418812322736,0.23435913726976632,-0.22602239502645075,0.2420419700406818,-0.239262946818759,0.2494921490211318,0.24978870064690137,0.2496995689994544,0.24971795832757152,0.24964558769289874,0.24829090149055683,0.24834444189596958,0.24882002213727358,0.2497792448567855,0.24965161052301338,0.24969329593224635
-0.21856170078407505,-0.21811311717980772,-0.21880906866048744,-0.2181426540207829,-0.21600836346117214,-0.2167051654379391,-0.2156778851612966,-0.2185507528499144,-0.21685294195012644,-0.21849204797235322,-0.21373346295244366,-0.2308648927464778,0.22717130432715174,-0.22024897461651957,0.2115773425501509,-0.21848184272818458,0.20894172376953773,-0.21665610910225058,0.21022685801090643,-0.21847857416503091,-0.2187374671656371,0.2500000000000001,-0.24164717193852128,0.21466781691982056,-0.212516482737409,0.17744008346865775,-0.18055955035068572,0.11945643743462919,-0.12127632971587353,-0.21809922162508422,-0.218236628573175,0.09630864132045207,-0.10071184172987278,0.040278520186523656,-0.06781649404582717,0.0119902464252322,-0.033719303826827175,-0.05308638924723995,0.04682091589875167,-0.21785402622800215,-0.21446775609884747,-0.16764756579149537,0.1663455372781056,-0.20351595553078763,0.19214074875747,-0.20377808808756465,0.19644475318191504,-0.2112078419289241,0.20890915011292613,-0.21830508627444825,-0.21856863844095628,-0.21849063398048407,-0.2185015321951902,-0.21844340325183165,-0.21713645382886923,-0.21730564888310971,-0.21769057655052848,-0.2185603509326675,-0.21844100913532324,-0.21848514442337605
0.22549301071918176,0.22503579971409168,0.2254768683176771,0.22506115671916965,0.22287277878101125,0.223580202696307,0.2225731682056625,0.2254817677586204,0.22375637033594903,0.22542116029658088,0.2206331805861578,0.2271820805291891,-0.22370606301468562,0.22705113940815388,-0.21820635754394288,0.22536791933091674,-0.21554360451037155,0.2235426346836713,-0.2168830254979537,0.2254047906354625,0.22553095829564979,-0.24164717193852128,0.25000000000000006,-0.22184702668744583,0.2197668692780735,-0.18356149069628927,0.18663882515324848,-0.12324333079239876,0.12502488961392813,0.2250028532293227,0.22515710737768657,-0.09921399656645445,0.10376264966059598,-0.04138043520953555,0.06983525426190458,-0.012288600403054427,0.034759970417377876,0.05469379611613586,-0.04819637195719315,0.22476246587888507,0.22126977358753033,0.17289979778304765,-0.17155932714602581,0.2099584941948491,-0.19822505384587624,0.21023700937370263,-0.20267247668506816,0.2179071615614088,-0.21553497118677437,0.22522827125736364,0.22550017124417032,0.22541969387619495,0.2254308885308574,0.22537096525000175,0.22402262758136732,0.22419712275474174,0.2245942819538944,0.22549162178219978,0.2253685137652173,0.22541403022598097
-0.19764778462250537,-0.19726266318578495,-0.1976336658173659,-0.19727806756380448,-0.19551732177341477,-0.19597484333887868,-0.19543483114268428,-0.19763860438081737,-0.19613043757183535,-0.19758473813986163,-0.19338301788382123,-0.19956115912906366,0.19728495564372892,-0.20022527273673277,0.19289815205916339,-0.19835969897013797,0.18984613042707746,-0.196280380748615,0.19016344131255344,-0.1975916800019874,-0.1976946321648006,0.21466781691982056,-0.22184702668744583,0.25000000000000017,-0.24273734230900548,0.20712203142717775,-0.2044231987701333,0.14173391078287337,-0.13928164457082487,-0.19718123307407098,-0.19731956370713877,0.07482347594704888,-0.07855884430460426,0.017548958461720533,-0.044519197665154796,-0.012396954025998832,-0.009449398419079961,-0.0712535870965798,0.06502948363814118,-0.1970907128431188,-0.19400537998399967,-0.14658131050296117,0.14539270314706013,-0.18240396287826469,0.1711172028411213,-0.18263339948550092,0.17594621835042742,-0.19024696944489702,0.18833801951823992,-0.19741025409816113,-0.19765407151330214,-0.19758352132524168,-0.19758751994283,-0.1975408170349118,-0.19619626119776606,-0.19651309145872609,-0.19681750695033873,-0.19764656644271442,-0.19752819181222342,-0.19757855636759847
0.20318229234209778,0.20278696657682058,0.20309492070061758,0.2028023963483483,0.20090171810081514,0.20146384578831086,0.20093315939980957,0.20317252326578156,0.20163922852823185,0.2031174912564982,0.19882902362656532,0.20212674497274558,-0.1996078696781414,0.20529817191755287,-0.19772789496310095,0.20382048042778173,-0.19506855085222838,0.20177007114965448,-0.1954533059329002,0.2031240391641284,0.2031913741079024,-0.212516482737409,0.2197668692780735,-0.24273734230900548,0.25000000000000017,-0.21316443922922698,0.2104933493662645,-0.1458058320083828,0.14332820140854255,0.20270940562221818,0.20284790774992223,-0.07798232032225712,0.08181535766240675,-0.019320328490997126,0.04680058396796293,0.012160214688427826,0.010078999382965663,0.0733318220953768,-0.0669339314907288,0.20260986468419354,0.19943479280589818,0.15105739657676948,-0.14982833187436453,0.18763379175932346,-0.17602991031541346,0.1878041971048518,-0.1809251574200206,0.19558406167818135,-0.1936215484757918,0.20293829535329264,0.20318875608901787,0.2031162303567181,0.203120784026304,0.20307233059519506,0.20169312304683765,0.20201586295494478,0.20232989316173094,0.20318104087442163,0.20305947190246848,0.20311112638979126
-0.16656110097963722,-0.16627050224767953,-0.16649755954193196,-0.16626837234971964,-0.16491456884007435,-0.1651612215611341,-0.16536393084299084,-0.16655408087023038,-0.16536169843623807,-0.16650789872744678,-0.162985949728044,-0.16652519868395255,0.164465170864703,-0.16882701697549257,0.1642334269701289,-0.16909722803511743,0.16281921169820737,-0.1663156823530347,0.16083167882916122,-0.16654016258888593,-0.16659330357859864,0.17744008346865775,-0.18356149069628927,0.20712203142717775,-0.21316443922922698,0.24999999999999997,-0.24101521106263743,0.17724363379265126,-0.1716865705136034,-0.16613669707404183,-0.16631732723340248,0.06142528470249386,-0.0631028561491762,0.0033791544574932613,-0.021123046877921693,-0.03667720491662457,0.022382149226316168,-0.10203423563472963,0.09619008604580453,-0.16624067455858663,-0.16352572180201658,-0.12152030237126023,0.12026512032110559,-0.1514366806383626,0.140576764781672,-0.15168115637152352,0.1458868480248062,-0.15915795490304013,0.1578336599950709,-0.16635154191074855,-0.1665665025117968,-0.16650694384087789,-0.1665030611988217,-0.16647096519611296,-0.16510377704511423,-0.1656064583642293,-0.16579867655673647,-0.1665600721041906,-0.16644472275364094,-0.16650275889028018
0.17288638171417323,0.1725727630194226,0.1728115212487488,0.1725761088352789,0.17101321745224082,0.17143203180520536,0.17140049329020154,0.17287844328700838,0.17164734065094872,0.17283119358425786,0.16917968890073068,0.17239027417367925,-0.17015220134304235,0.17500923099038418,-0.16921432801866734,0.1743229363658451,-0.16775625571259814,0.1726580295231643,-0.1669753365734954,0.17286551023599103,0.17289115477549397,-0.18055955035068572,0.18663882515324848,-0.2044231987701333,0.2104933493662645,-0.24101521106263743,0.2500000000000002,-0.18480702892894285,0.17923593776417743,0.17241937295499205,0.17263904253070644,-0.06538128276396286,0.06723196551653557,-0.006289590016284576,0.024336071505399733,0.03460165845867504,-0.02020771972476668,0.10610764292844109,-0.10027967540220954,0.17255629347797125,0.16972953884256076,0.1267333925551675,-0.12543095860104986,0.15737264644790547,-0.14625672113454732,0.15766404898173966,-0.15164598800725265,0.16527410107077764,-0.16388974142435875,0.17266975467102366,0.17289200119416484,0.172830166883371,0.17282684479194904,0.17279282016144265,0.17139653064939767,0.1718953189022215,0.17210282559501117,0.1728853128276292,0.17276703578117067,0.1728258231011451
-0.10814685545450077,-0.10799811697826779,-0.10812700445272926,-0.10797834215139375,-0.10695710682598589,-0.10726310648958413,-0.10785695946864235,-0.10814201003938713,-0.1076532070668299,-0.10811223022860868,-0.10581127565578098,-0.10984791083523074,0.10840839158960425,-0.11032559777526836,0.10685642168957053,-0.10965701751361438,0.10787145904884923,-0.11085164203156928,0.10669577201767401,-0.1082218069142302,-0.10818067262251631,0.11945643743462919,-0.12324333079239876,0.14173391078287337,-0.1458058320083828,0.17724363379265126,-0.18480702892894285,0.25000000000000033,-0.24091027207666185,-0.10770744244410796,-0.10804900925649745,0.03140771809144022,-0.03111158114820796,-0.01403029446067966,0.011043396508796923,-0.06374852977379791,0.06786476894476452,-0.15282667380934672,0.16245117048051963,-0.10831232068166438,-0.10628801894691994,-0.0709592593465958,0.06970295656089023,-0.09287509603548366,0.08293393439763438,-0.09345112814939645,0.08922194210311399,-0.1006399281033619,0.10040970171641861,-0.10798525412729974,-0.10815067166550048,-0.10811167785148977,-0.10809149994336868,-0.10808833417502527,-0.10667259508754633,-0.10752999149270087,-0.10749905226873116,-0.10814617149940194,-0.10803536111695046,-0.10810895850253455
0.1109899559723684,0.11082914639904688,0.1109677117847299,0.11081255172989063,0.10974843291521005,0.11007940705532852,0.11055747449333977,0.11098486963638285,0.11045007869645763,0.11095444054389897,0.10859375314413895,0.11258832109137637,-0.11106864025292451,0.11309352531533395,-0.10941031705151301,0.112340964790233,-0.110103887796418,0.11330428186549385,-0.10908570515842501,0.11105380345905717,0.11100926803369687,-0.12127632971587353,0.12502488961392813,-0.13928164457082487,0.14332820140854255,-0.1716865705136034,0.17923593776417743,-0.24091027207666185,0.25000000000000033,0.11051561830512463,0.11089557215599632,-0.03436567540291995,0.03407632450537593,0.011448718997070296,-0.008766041901004926,0.062009933253036754,-0.06663254564954353,0.15998900626715815,-0.1698953128050395,0.11117291152480882,0.10907448430709914,0.073727018015446,-0.07242216676805735,0.0955780115814359,-0.08552771410306169,0.09616409392889656,-0.09180312974370503,0.10333162202313172,-0.10309853313491321,0.11082519417088414,0.11099389372236927,0.11095385517058157,0.11093418366989377,0.11092989586107949,0.10950160274697612,0.11035676157011949,0.11033524793904345,0.11098925573993383,0.11087700451772055,0.11095106443941816
0.24947257181684246,0.24896609617196983,0.24922085846206893,0.24899083947270378,0.24665310786471223,0.24735540954200874,0.2460180621302943,0.249460405340731,0.2475837217075029,0.24939308361737983,0.24423737091773745,0.2369979915791119,-0.2338503510489685,0.2468416094885744,-0.2369777786566036,0.24689649753898452,-0.23611459443715518,0.2467389864150255,-0.2396153772485393,0.24937001504384276,0.2492838639179395,-0.21809922162508422,0.2250028532293227,-0.19718123307407098,0.20270940562221818,-0.16613669707404183,0.17241937295499205,-0.10770744244410796,0.11051561830512463,0.25000000000000044,0.24913711945952183,-0.1231829465719935,0.12809835292087426,-0.0644319324951832,0.09337802842987493,-0.03399801623194085,0.0565649084456005,0.038305106166477323,-0.031508550375247656,0.24858371744371588,0.24473692644519737,0.19686562105131544,-0.19534697360880757,0.23397786691018227,-0.22178639974440417,0.2340871169361916,-0.22575987834482406,0.24174783584654935,-0.23897165898766978,0.24918435396974903,0.24948047595647155,0.24939145459534942,0.24940995782718578,0.24933754001191935,0.24798552867298368,0.24803800955825983,0.2485133141835203,0.2494710321432218,0.24934360055579163,0.2493851892745584
0.24963907636085328,0.24913227322334477,0.24938707115757855,0.24915701599302661,0.2468188686338775,0.24752051628274843,0.24618098521393258,0.24962690567756285,0.24774914273385976,0.24955953540648082,0.24440040960162537,0.23715243991253343,-0.23400219761240648,0.24700675510849615,-0.23713510252759093,0.24706098697716505,-0.2362745028125223,0.2469068300776687,-0.23978003582517,0.2495364778011779,0.24944450949943062,-0.218236628573175,0.22515710737768657,-0.19731956370713877,0.20284790774992223,-0.16631732723340248,0.17263904253070644,-0.10804900925649745,0.11089557215599632,0.24913711945952183,0.2500000000000002,-0.12355517470979521,0.1284300876739785,-0.06466724361160472,0.0934893487542257,-0.034073704865853524,0.056554557196717495,0.03843446374336327,-0.03163725822085656,0.24874994434326633,0.24489948879351217,0.19707552557673572,-0.19555120988811206,0.23413223818231413,-0.22193078974214678,0.2342417186225917,-0.22590772413535118,0.2419067899087982,-0.23912944862456165,0.24935062533897592,0.24964698699167961,0.2495579050311396,0.2495764306208439,0.24950395449152954,0.24815060289050425,0.24820355849612355,0.24867898117605544,0.24963753569088298,0.24950998179491798,0.24955163552844672
-0.1232376213785854,-0.12298249620099791,-0.12306025467509768,-0.12299583437863493,-0.12187220946168464,-0.12218887711219598,-0.12135628922213132,-0.12323168011646343,-0.12230294847555434,-0.12319837036270727,-0.1206841464649496,-0.113746978960585,0.11221281473633997,-0.12074126184293407,0.11578350517270583,-0.1212456121397934,0.1155501487305797,-0.1214530995990443,0.11810483742977065,-0.12317152366657885,-0.12309239181395117,0.09630864132045207,-0.09921399656645445,0.07482347594704888,-0.07798232032225712,0.06142528470249386,-0.06538128276396286,0.03140771809144022,-0.03436567540291995,-0.1231829465719935,-0.12355517470979521,0.25000000000000044,-0.23959995479954796,0.17651324571474022,-0.14855033295009668,0.09006921371479108,-0.08022578134043662,0.0037897811321166487,-0.009649802382832359,-0.12269781907135394,-0.12021407295300629,-0.17491648415084946,0.17089233775711113,-0.1364572342873254,0.12839225974778712,-0.12427760139503843,0.11936884504459078,-0.12098284940478347,0.1195679754997079,-0.12312206377218146,-0.12324156094011593,-0.12319754589376924,-0.12328764856434671,-0.12317099625811001,-0.12287078713626429,-0.12253682936286311,-0.1228823304723477,-0.12323685941431627,-0.12318383360788902,-0.12319445369911006
