x1,x2,x3,x4,x5,x6,x7,x8,x9,x10,x11,x12,x13,x14,x15,x16,x17,x18,x19,x20,x21,x22,x23,x24,x25,x26,x27,x28,x29,x30,x31,x32,x33,x34,x35,x36,x37,x38,x39,x40,x41,x42,x43,x44,x45,x46,x47,x48,x49,x50,x51,x52,x53,x54,x55,x56,x57,x58,x59,x60
0.25000000000000006,0.2466853424874783,-0.08547615471513832,0.24671081290691527,-0.1252959415308214,0.2470150809767932,-0.16302121493267194,0.24659982707853256,-0.16473049564641734,0.24714793083106892,0.07592274621568285,-0.07753368288144401,0.08210083374304877,-0.08438688403207943,0.12651087962392601,-0.12631540243893807,0.1632380736022384,-0.16430382187351308,0.1540977341385513,-0.13314864548247973,-0.02779494462954152,0.055794205152932076,-0.059673542363856275,0.06562273416597356,-0.060939365409969644,0.08100483709333828,-0.0726048074033553,0.12773874057102025,-0.12272183768026151,0.17017603729890962,0.06426279110226968,-0.05542868116615906,0.05540001803956028,-0.04534098038553527,0.048615149366727915,-0.036870945261906415,0.044666038506446216,0.0550983472191764,-0.05064111516373613,0.11161078669030122,-0.0349710728190845,0.0348332223380344,-0.031252844119969654,0.02961493012159333,0.017443793768885364,-0.011353246874670648,0.06797623930690613,-0.0817641005612205,0.08251199615255314,-0.06772774710534599,0.2468803597159325,0.24683095976762884,0.023315392436824164,0.24611674180264026,-0.023389714780518153,0.2466191496572734,-0.07292288902454416,0.24658386469742388,-0.09223910914575743,0.2471497974672905
0.2466853424874783,0.24999999999999997,-0.08862217851657155,0.24910498484237636,-0.1282602765326562,0.24940757725633284,-0.16561289831940326,0.2489889839380381,-0.16662034576995036,0.2495325431394558,0.0789750747932024,-0.08059062389721182,0.08520725146097484,-0.08748266298928646,0.12953794688172793,-0.12923684471245978,0.16591504760779988,-0.16679106910413266,0.15612431352899536,-0.1350374163943518,-0.030001807698028078,0.05846672171286703,-0.062378150448671905,0.06842271909406808,-0.06365354885530024,0.0837416728683415,-0.07521231861692233,0.13019088660113115,-0.12511622696892818,0.17251000715207446,0.06691926506258923,-0.05806249349155607,0.0580364990508318,-0.04780342515424434,0.0511288244063754,-0.03915173105030298,0.04700119525421926,0.05441690350594528,-0.04992528169645135,0.11189533466106584,-0.03724562122710472,0.03712366665091771,-0.033485712684240665,0.031822616039419986,0.01601719592349216,-0.009868782577559397,0.06747823403819235,-0.08153188699119761,0.08273797232998827,-0.06781438933629562,0.24926395760680037,0.2492108325856476,0.02533871378567244,0.24848423248367194,-0.022094673614845014,0.24899497580372998,-0.07254235145556831,0.24895919802884756,-0.09265268160235986,0.2495344261213556
-0.08547615471513832,-0.08862217851657155,0.25,-0.08866802103341133,0.18456769624955333,-0.08829431843366375,0.13989890592178852,-0.08867784636150854,0.08970722384970638,-0.08822801144433359,-0.22795806831174803,0.22994992418399934,-0.23470579051548357,0.2317823189883666,-0.19219701989875335,0.18366742420748097,-0.1471557376867197,0.13525802704549372,-0.10381857526390365,0.10349737131748121,0.18001345586189946,-0.20718894432789875,0.20865330772194504,-0.21427258332596552,0.20888733660196798,-0.1976309691204519,0.1904012326344616,-0.15337981028071823,0.15068206184146615,-0.12699393606139261,-0.2021666995292186,0.20450544159073206,-0.20477145643843828,0.19428253344957286,-0.19714702851455596,0.182045360376769,-0.1821764690911389,0.08580234405365693,-0.08667954133079626,0.02869349023794967,0.18288603289401248,-0.18435361768982775,0.1810247123302209,-0.17959396404254122,0.13400589118485734,-0.13571531191380154,0.07631615786342641,-0.059419483350732424,0.019661206494238092,-0.02468513652659426,-0.0882701999952244,-0.0879668992336331,-0.16649958234211942,-0.08722927005681683,-0.1253625259416323,-0.0877153207153859,-0.0684278789029389,-0.08769020683341724,-0.00795972141899667,-0.08822847617873687
0.24671081290691527,0.24910498484237636,-0.08866802103341133,0.2500000000000001,-0.1285196333620993,0.24942858329027798,-0.16600940721980345,0.24903155104963096,-0.16678077462719812,0.24955796610970407,0.07910376939962747,-0.08072009997071464,0.08533938970033808,-0.0876200309870817,0.12975614928093546,-0.12947183274058752,0.16628042212863017,-0.16707074039241843,0.15632563379664527,-0.13522361455967102,-0.03010824937808713,0.05858669431147982,-0.06250175012916015,0.06854996124479851,-0.06377919914648679,0.08390709745709025,-0.07537263826247648,0.13041349653240142,-0.12533496122823717,0.17264730041431034,0.0670379413346666,-0.05818387108006924,0.05815827099694269,-0.047920162939463995,0.051248386088361526,-0.03926857023351363,0.04712969191007471,0.05433729278761303,-0.049841730394818616,0.11184208040201021,-0.037356336396572876,0.037235327140311254,-0.033595787758644344,0.031932055124450576,0.015930649515383564,-0.009775130734800462,0.06740776330817357,-0.08146575808404816,0.0826967985221621,-0.06777217158911725,0.24928943996354938,0.24923612886912327,0.025440987221963075,0.24850915036209847,-0.022012869202437082,0.24902013849394958,-0.07247639120650798,0.24898433482794427,-0.09261790366031461,0.2495598474778481
-0.1252959415308214,-0.1282602765326562,0.18456769624955333,-0.1285196333620993,0.24999999999999997,-0.1282175675758045,0.18708832937150963,-0.12854530770818592,0.1300797442409094,-0.1280850994771116,-0.19076721828011403,0.19246366464309544,-0.19698806016798187,0.19918550242116614,-0.2399920008397835,0.22933092756215634,-0.19501702436475155,0.17644846478709095,-0.14280566331185962,0.1284407015558603,0.14336599639686692,-0.1710143939096442,0.17458192401035103,-0.18069726523721158,0.1758956952045683,-0.18895864739441381,0.18088807608342644,-0.16127477846350063,0.1580992917494472,-0.1526534767776005,-0.1706959956278324,0.170369965519635,-0.1705994564355124,0.16031565676406714,-0.16384203476769196,0.15122412798127452,-0.15751030266655117,0.05899281011631197,-0.06098149485255597,0.001382935010325767,0.14896678784205403,-0.1500603214105418,0.1466746834058371,-0.14521472154335763,0.09875440918503164,-0.10389036099131901,0.046938424720045294,-0.03215852181695484,0.0007677637437532601,-0.008054398631160978,-0.12805240406832635,-0.12780709953346472,-0.1336110838394321,-0.12706553874619958,-0.09065160946454473,-0.12756163097025366,-0.03961872377135596,-0.1275287860448762,0.010667855364291646,-0.128085585420048
0.2470150809767932,0.24940757725633284,-0.08829431843366375,0.24942858329027798,-0.1282175675758045,0.25000000000000006,-0.16578424067384692,0.24935626946678996,-0.16696188602380244,0.24986215203520465,0.07880208442797296,-0.08041816855210077,0.08503747309669547,-0.08731824536143527,0.1294549376425974,-0.1291791361281946,0.1660581980935964,-0.16699557537369392,0.156391138250567,-0.13526612904456997,-0.029805881506709257,0.05828453348812428,-0.062200291850007576,0.0682479202329673,-0.06347753472566368,0.08361069579808608,-0.07507622068364496,0.13029588008953907,-0.12521378882842382,0.1727910424488447,0.06675838292269363,-0.057882192807098436,0.05785618009725077,-0.04761917939388153,0.05094644511810308,-0.038967914228264865,0.046829634483890194,0.05463800036585202,-0.05013682984168537,0.11213898347960337,-0.03705811965950706,0.036933895552244134,-0.033293979258640506,0.031629856296791374,0.01623315949328061,-0.010076926778586539,0.06770911061048128,-0.081765324814193,0.0829162793622348,-0.06797238177272977,0.2495930185656209,0.2495402198865479,0.025152675438824903,0.24881333077754944,-0.022309601372893447,0.24932432271597119,-0.07277139249990948,0.2492885171166151,-0.09283263486192331,0.249864035777322
-0.16302121493267194,-0.16561289831940326,0.13989890592178852,-0.16600940721980345,0.18708832937150963,-0.16578424067384692,0.24999999999999997,-0.16620479441776206,0.1796230411010111,-0.16565742131106237,-0.139519463991762,0.14117276943039236,-0.14567339665135856,0.14788080798195077,-0.18882312911510235,0.1964616229475405,-0.2356401382438504,0.21419969467422245,-0.18238964640100055,0.16491032188982402,0.09200718004396553,-0.11966171342488924,0.1233228233950222,-0.1293637167371673,0.1325054632124083,-0.1526619569489731,0.15013488760731744,-0.18320207521400558,0.17865590370634832,-0.1919949981326906,-0.12262035229601582,0.11993973352272039,-0.11996573711642662,0.11966124070640656,-0.12490457685476819,0.11497890614461652,-0.1227923459142384,0.024105790451498646,-0.02785804848671667,-0.03227692288494083,0.10661395434339525,-0.10711700341802005,0.10532464367505617,-0.10516267368764835,0.06102733847045745,-0.06742594906415413,0.011397197979157865,0.002596847878817731,-0.022904590275329137,0.013207816552273828,-0.16554606764994892,-0.16536993532864128,-0.09416840480032834,-0.16463717508168485,-0.05361962008316957,-0.1651328708649927,-0.00483147047252148,-0.16509813026879044,0.03378834396130375,-0.1656576101043145
0.24659982707853256,0.2489889839380381,-0.08867784636150854,0.24903155104963096,-0.12854530770818592,0.24935626946678996,-0.16620479441776206,0.24999999999999992,-0.16743061794153827,0.24944614331597875,0.07914079385457527,-0.0807572870679276,0.08537658846557794,-0.08765739032004043,0.12979523036995774,-0.12956201560306135,0.16643643874642705,-0.167428312966467,0.15684144058789237,-0.13571427842429662,-0.03014546537847524,0.05862380325745779,-0.06253878621986639,0.06858726536154529,-0.06385756199238463,0.08399512975117916,-0.07549152742515086,0.13072747938088058,-0.1256455396961977,0.17324387307978925,0.06706861416972404,-0.05822406693761094,0.05819924139161172,-0.04801305059300135,0.051350918839336325,-0.03938174825507819,0.047244713183692055,0.05422258002503859,-0.04972079260113005,0.11172280340239844,-0.03743733288583857,0.03731647467418101,-0.03368581654806873,0.032029407346977116,0.01582072078469444,-0.009662133932278959,0.06729378864918073,-0.08135150948748646,0.08260328733394234,-0.06768516520213509,0.24917781379377102,0.24912434424015978,0.025527479144051877,0.24839731908721152,-0.021905182634857728,0.24890830261222144,-0.07236487717532555,0.24887249714062998,-0.09252628923855413,0.2494480131170837
-0.16473049564641734,-0.16662034576995036,0.08970722384970638,-0.16678077462719812,0.1300797442409094,-0.16696188602380244,0.1796230411010111,-0.16743061794153827,0.25000000000000006,-0.16688944023713367,-0.08105011407214681,0.08243986816362729,-0.08695531051834325,0.08921972050059075,-0.13088705632951844,0.13950058957316103,-0.17892480027425045,0.19474373771949907,-0.22939081852936904,0.2088279686385856,0.03977781870346855,-0.06346643797017316,0.06719828244563039,-0.07299346505015192,0.07877369737849298,-0.09930328563094327,0.10466319950308059,-0.1584259922233333,0.15634194567623425,-0.1991670467333614,-0.06870353522717088,0.06445265568907677,-0.06440399643167165,0.07139243819875671,-0.07724612416962803,0.07150146348535483,-0.07910578978095308,-0.0026301372071390237,-0.0014433342722198468,-0.05029775058742413,0.05913903675931458,-0.059108109412842245,0.059051879686145066,-0.0600999824000494,0.024766742416578627,-0.03136324966127193,-0.014495864972235515,0.025439625340055925,-0.035115468507159034,0.02517292127895562,-0.16673869797975913,-0.16663959195407962,-0.050947944080649434,-0.16602223997646118,-0.018962012737163726,-0.16644005073450038,0.01958275050253154,-0.1664089323860204,0.04405996201866413,-0.16688942539483825
0.24714793083106892,0.2495325431394558,-0.08822801144433359,0.24955796610970407,-0.1280850994771116,0.24986215203520465,-0.16565742131106237,0.24944614331597875,-0.16688944023713367,0.25,0.07866781668698763,-0.08028374177459625,0.08490301163704055,-0.08718389870332877,0.12932166775161147,-0.12904677061654987,0.16594129334880173,-0.1668939230685242,0.15630806608838851,-0.13517977328224173,-0.029671616942285844,0.05815017832745777,-0.062066245399595016,0.06811358383920701,-0.06334350399257245,0.08347730358725004,-0.07494302396859084,0.13018703768188178,-0.12510437069811922,0.17271554694272473,0.06663425620672636,-0.05774846654723923,0.05772189408027142,-0.0474856446426988,0.05081246832313843,-0.038834456208106036,0.046696000303370906,0.05477125807898601,-0.05026935872080707,0.1122715046108068,-0.03692583856147394,0.03680018875813529,-0.03316016243755801,0.03149590450946135,0.016366893356710745,-0.01021057979902657,0.06784241833740745,-0.08189791510130162,0.08301434988128316,-0.06806211553321523,0.24972572124004966,0.24967315000215182,0.025024738015024094,0.24894630502644982,-0.02244074073352131,0.24945729535197883,-0.0729018554646636,0.2494214895657318,-0.09292852784307754,0.24999700678115927
0.07592274621568285,0.0789750747932024,-0.22795806831174803,0.07910376939962747,-0.19076721828011403,0.07880208442797296,-0.139519463991762,0.07914079385457527,-0.08105011407214681,0.07866781668698763,0.2500000000000002,-0.24711693230739618,0.24307574138435367,-0.24025736344640367,0.19861390647095264,-0.18927132048641676,0.14720305765391095,-0.13273865055308576,0.09794787166726027,-0.09844297833720259,-0.19592537269874583,0.22368563229050384,-0.22187793324742003,0.22646220379484777,-0.22093569003785418,0.20734023987159816,-0.20003445801302766,0.15512751788834903,-0.15254508121713845,0.12079541356046086,0.21446714463969854,-0.2175987340210038,0.2178757776837397,-0.20713951367692454,0.20957672309785697,-0.1940037063678203,0.19338984972728052,-0.09588361924095842,0.09648209463146104,-0.03791752017770915,-0.19552971344068293,0.19712799785368007,-0.19375538431769576,0.19230695379320614,-0.1461624240199581,0.1471558385854331,-0.0865923739336046,0.06915881615939733,-0.0262486067787131,0.03069626585280612,0.07873166197626423,0.07840686930430958,0.17857418638116607,0.07765744699123359,0.13721659584129886,0.07814919393037348,0.0784014108568154,0.07812500726559486,0.014258234626393864,0.07866825445361174
-0.07753368288144401,-0.08059062389721182,0.22994992418399934,-0.08072009997071464,0.19246366464309544,-0.08041816855210077,0.14117276943039236,-0.0807572870679276,0.08243986816362729,-0.08028374177459625,-0.24711693230739618,0.2500000000000002,-0.24513651410145237,0.24228888770077042,-0.2004223447897648,0.19106702296145517,-0.1489128239010142,0.1343957626247295,-0.09941894031485464,0.09981464463402825,0.1981604674293817,-0.2263585656534166,0.22430941160335588,-0.22879463547804466,0.22325909510720082,-0.20947069942733346,0.20213111976638456,-0.15703067089368397,0.15441007250276964,-0.12242515473951592,-0.21682585647352168,0.2199651578055869,-0.2202427355900099,0.20945194354821373,-0.21187313903214922,0.19610422204971673,-0.19544684060446982,0.0965952957882086,-0.0972133235424492,0.03783365553179668,0.1976672638905757,-0.1992801147174314,0.1958764516645183,-0.194420635190261,0.14765966826235816,-0.14860585998974388,0.08718596069323713,-0.06950195794229734,0.026157066389021644,-0.030703293418134308,-0.08034737303546448,-0.08001903128035379,-0.18050971987404804,-0.0792593581456045,-0.13859982580170696,-0.07975791043521051,-0.07889315942824171,-0.07973347407910024,-0.014009394075872754,-0.08028418316474784
0.08210083374304877,0.08520725146097484,-0.23470579051548357,0.08533938970033808,-0.19698806016798187,0.08503747309669547,-0.14567339665135856,0.08537658846557794,-0.08695531051834325,0.08490301163704055,0.24307574138435367,-0.24513651410145237,0.2500000000000003,-0.24694674637130593,0.20508003972922817,-0.19571615558249733,0.15353993076859698,-0.13902065357752058,0.10404247518056023,-0.10436184619197922,-0.19341879582525137,0.22164358787272162,-0.22308505047635774,0.22889468609534047,-0.22336055216383233,0.21103991959858523,-0.2036290093488987,0.1596102690222211,-0.1569422189872517,0.12704610559095642,0.21587960501145598,-0.21879367292207239,0.21907188832061694,-0.20826551279353203,0.21125310102007264,-0.19551479679248718,0.1954991451218857,-0.09547604969651807,0.09620051062268362,-0.0360590983423509,-0.19635218046988887,0.19794403486366272,-0.19451523054924744,0.193053805900149,-0.14576158018825433,0.14744250114511068,-0.08569189602818068,0.06806228849718632,-0.025025937158002613,0.02982067039544184,0.08496012753493816,0.08463408351807902,0.17913544090416852,0.0838663409787336,0.1366616295226421,0.08437082268659021,0.07736467625920589,0.08434496015445217,0.01277585618383096,0.08490347059481994
-0.08438688403207943,-0.08748266298928646,0.2317823189883666,-0.0876200309870817,0.19918550242116614,-0.08731824536143527,0.14788080798195077,-0.08765739032004043,0.08921972050059075,-0.08718389870332877,-0.24025736344640367,0.24228888770077042,-0.24694674637130593,0.2500000000000004,-0.20775962114779845,0.19834609936792483,-0.15588009165451006,0.1413139925246556,-0.1063130112418982,0.10643634903554537,0.19241010100269773,-0.22086979949641344,0.2243737915398606,-0.2307362954505922,0.22520259426807315,-0.2129624302090189,0.20553853663288052,-0.16138624688782205,0.15869829916338585,-0.12919253300465094,-0.217215980410133,0.22007653059335436,-0.22035452554823654,0.2095301117784152,-0.21276560179501708,0.1968929371144531,-0.19702645805659924,0.09579738977902091,-0.09655348236219741,0.03565843208056814,0.19745983366301478,-0.1990557882823118,0.1956042713517092,-0.1941403605768545,0.14629886283442167,-0.14823048834692718,0.08582634374273446,-0.06804796884660752,0.024774992811140605,-0.029696765454153527,-0.08723919853665607,-0.08691133128281305,-0.18009418609772493,-0.08613450162221785,-0.13711048526375275,-0.08664513064756035,-0.07741924044414772,-0.08661862695024171,-0.01238957500841021,-0.08718435868437613
0.12651087962392601,0.12953794688172793,-0.19219701989875335,0.12975614928093546,-0.2399920008397835,0.1294549376425974,-0.18882312911510235,0.12979523036995774,-0.13088705632951844,0.12932166775161147,0.19861390647095264,-0.2004223447897648,0.20508003972922817,-0.20775962114779845,0.2500000000000004,-0.23892577172325385,0.1976438487701432,-0.17887371052186085,0.14429653005108245,-0.13031812419212324,-0.15031502925901452,0.17878586373234917,-0.18244605177930104,0.18874644070027086,-0.18374111769580762,0.1972749209718778,-0.18891493679552265,0.16671757742299392,-0.16351502866959527,0.15508418346967795,0.17825673609676143,-0.17810567365767146,0.17834463035416592,-0.16766920304428146,0.17129755751630127,-0.15829227792342118,0.16479323497303083,-0.06334657629373062,0.06533554210977521,-0.003979058579008229,-0.15597445789388367,0.15712934464021597,-0.15363348687742756,0.15212303929797724,-0.10426327972046395,0.10955934277098714,-0.050926340258338865,0.03570276985835051,-0.0026790463463632875,0.010016986783382673,0.12929318855820818,0.12903618625504365,0.1400643795396571,0.12827179223245347,0.09587019710216683,0.12878263545271024,0.04333454925127398,0.12874879244331958,-0.009137878871752336,0.12932216167322322
-0.12631540243893807,-0.12923684471245978,0.18366742420748097,-0.12947183274058752,0.22933092756215634,-0.1291791361281946,0.1964616229475405,-0.12956201560306135,0.13950058957316103,-0.12904677061654987,-0.18927132048641676,0.19106702296145517,-0.19571615558249733,0.19834609936792483,-0.23892577172325385,0.25000000000000033,-0.20668750046586823,0.1878667756586842,-0.15330015152139873,0.13898566876886417,0.14227767317830636,-0.17072450087988988,0.17439129848018928,-0.18069272979989437,0.18326576851194112,-0.2040716732157048,0.1956545299138075,-0.17514661784770785,0.17185871970536407,-0.16377886836772074,-0.17046294369927867,0.1708982111570435,-0.17097220378908834,0.16637238439848817,-0.17139111446263464,0.15937737458736856,-0.16753797556844707,0.06605728365203507,-0.06824037639833892,0.006810084062691519,0.15341353295334195,-0.15448364805761053,0.15170967574095723,-0.15078888171052537,0.10424340454528527,-0.11063017422970058,0.05300288322217178,-0.03840492489540704,0.005552866401908854,-0.012827331437366606,-0.12901690534320318,-0.1287626412029873,-0.13823298056215672,-0.12799730942579268,-0.09583941714047473,-0.1285074632319268,-0.04538444299104391,-0.12847175049126222,0.006293105687573473,-0.1290469225343002
0.1632380736022384,0.16591504760779988,-0.1471557376867197,0.16628042212863017,-0.19501702436475155,0.1660581980935964,-0.2356401382438504,0.16643643874642705,-0.17892480027425045,0.16594129334880173,0.14720305765391095,-0.1489128239010142,0.15353993076859698,-0.15588009165451006,0.1976438487701432,-0.20668750046586823,0.25000000000000056,-0.2247405491183318,0.19021998333236856,-0.172268139902193,-0.09915326254747814,0.12759194117746617,-0.13134403139467082,0.1375641148378085,-0.14073277213437657,0.16160298343920454,-0.15894333543780964,0.19260693775420237,-0.18793629569046952,0.1983948649512264,0.13029187353845526,-0.12785234519385488,0.12789516345595103,-0.12748286909205434,0.13287934068735993,-0.12265853160673308,0.13074071944848542,-0.029251861626746263,0.033104268610568505,0.028734028828133033,-0.11404079090033865,0.11460673121754958,-0.1127546297761301,0.11258209983412587,-0.06717466882465875,0.0737697487135932,-0.01617075583580768,0.0017728494205985527,0.020252849261853233,-0.01055871968843752,0.16583542957122543,0.16564675179571695,0.10108949708038951,0.1648918523408466,0.05947203060197615,0.16540161027828132,0.00932521653663281,0.16536584760544976,-0.03151655646373519,0.16594121946154483
-0.16430382187351308,-0.16679106910413266,0.13525802704549372,-0.16707074039241843,0.17644846478709095,-0.16699557537369392,0.21419969467422245,-0.167428312966467,0.19474373771949907,-0.1668939230685242,-0.13273865055308576,0.1343957626247295,-0.13902065357752058,0.1413139925246556,-0.17887371052186085,0.1878667756586842,-0.2247405491183318,0.25000000000000067,-0.2141211974883746,0.1945347871052083,0.08677737720175409,-0.11513746412986167,0.11890135021991279,-0.125108745185251,0.13104326576977643,-0.15199852779803585,0.1573993725361879,-0.2122355352808349,0.20718296087442373,-0.21912250183112844,-0.11832043555679794,0.11569347666006227,-0.11569903125895113,0.122497600798743,-0.12892131137099408,0.12115345268255527,-0.12922587024814935,0.027962356505847316,-0.03246777127389684,-0.02941133784097435,0.10762254711383566,-0.10799441009860228,0.10767250691004722,-0.10875511142953266,0.06537553378126201,-0.072305401815043,0.014876823526417518,-0.0005556719117660218,-0.01996252158150046,0.010144845042182661,-0.16678273578349412,-0.16660190757226798,-0.09627242057028144,-0.1658473099712648,-0.0577016704256155,-0.16635514731791562,-0.008063344409304573,-0.16631943366346477,0.031189164716815404,-0.1668937589252625
0.1540977341385513,0.15612431352899536,-0.10381857526390365,0.15632563379664527,-0.14280566331185962,0.156391138250567,-0.18238964640100055,0.15684144058789237,-0.22939081852936904,0.15630806608838851,0.09794787166726027,-0.09941894031485464,0.10404247518056023,-0.1063130112418982,0.14429653005108245,-0.15330015152139873,0.19021998333236856,-0.2141211974883746,0.25000000000000067,-0.22835533488275997,-0.05622308677982368,0.08058589990522438,-0.08433809331351823,0.09030397244216783,-0.09619136821674408,0.11699169425008642,-0.12248597639069776,0.17726169483392576,-0.17510531396299964,0.21104369653017557,0.0847707501446026,-0.08148655832597106,0.08149383855045217,-0.08857774210998046,0.09462646587665771,-0.08864221322169931,0.09641545605177233,-0.01237309838585921,0.01654205733580238,0.03662589589118756,-0.07584754673955481,0.07597840844658389,-0.07593176026360252,0.07702293968633823,-0.04069170277832025,0.04742171819716048,-0.00021864441321472954,-0.011132804234834974,0.02495567407757734,-0.01568430561102978,0.1561833509417312,0.156055587760885,0.06694075574149064,0.15541632482294934,0.03443253581181362,0.15584579406267457,-0.005330516220369132,0.15581392018530724,-0.034391379724915905,0.15630761625795012
-0.13314864548247973,-0.1350374163943518,0.10349737131748121,-0.13522361455967102,0.1284407015558603,-0.13526612904456997,0.16491032188982402,-0.13571427842429662,0.2088279686385856,-0.13517977328224173,-0.09844297833720259,0.09981464463402825,-0.10436184619197922,0.10643634903554537,-0.13031812419212324,0.13898566876886417,-0.172268139902193,0.1945347871052083,-0.22835533488275997,0.2500000000000005,0.06114666030314097,-0.08422774704714793,0.08787707079788964,-0.09369839652154781,0.09973277940036196,-0.12020519488599979,0.1261634464750618,-0.1797939488005538,0.18006354668151914,-0.212314700069329,-0.0874801736680108,0.08518393642367646,-0.08524073587022617,0.09276770988014457,-0.09874891519217428,0.09343879175313541,-0.10105912334922301,0.024457092479274117,-0.028474646534893296,-0.02173781100600308,0.0806087898070978,-0.08082140517610101,0.0809876593177894,-0.08217177129034274,0.04866628556155819,-0.05527009299147772,0.01232117135223987,-0.0021669927206561857,-0.013640880585673284,0.005613722535543983,-0.13508438569596623,-0.13494746475380637,-0.07215052250186448,-0.13434391642331184,-0.04258764107464253,-0.13474348945285772,-0.006845661248333048,-0.1347130875786763,0.022752621016383326,-0.13517926863485932
-0.02779494462954152,-0.030001807698028078,0.18001345586189946,-0.03010824937808713,0.14336599639686692,-0.029805881506709257,0.09200718004396553,-0.03014546537847524,0.03977781870346855,-0.029671616942285844,-0.19592537269874583,0.1981604674293817,-0.19341879582525137,0.19241010100269773,-0.15031502925901452,0.14227767317830636,-0.09915326254747814,0.08677737720175409,-0.05622308677982368,0.06114666030314097,0.25000000000000033,-0.22151329226561461,0.21752613938251295,-0.21081362541230456,0.20533191934570963,-0.1835486699550696,0.1767193774459715,-0.12271025279810112,0.12104722147359508,-0.07651156792901953,-0.21295179619079935,0.21813536874359984,-0.2184192302872485,0.20790308183095552,-0.20335063836095593,0.1887225114764701,-0.1824627752092779,0.10154891128381789,-0.1011251288915864,0.053014921559064884,0.19826648724083343,-0.19999452019467837,0.19695396742715773,-0.19556088595047638,0.15690401489636466,-0.1499753309885672,0.09616380993378323,-0.07932910588102941,0.03568578301763136,-0.03749641320692648,-0.029795440155619603,-0.029465150109504103,-0.1826971137189202,-0.028833579256710016,-0.14881935749341899,-0.02924183208514337,-0.08874245082188936,-0.02923316734278899,-0.02531862958592553,-0.029671793601582654
0.055794205152932076,0.05846672171286703,-0.20718894432789875,0.05858669431147982,-0.1710143939096442,0.05828453348812428,-0.11966171342488924,0.05862380325745779,-0.06346643797017316,0.05815017832745777,0.22368563229050384,-0.2263585656534166,0.22164358787272162,-0.22086979949641344,0.17878586373234917,-0.17072450087988988,0.12759194117746617,-0.11513746412986167,0.08058589990522438,-0.08422774704714793,-0.22151329226561461,0.2500000000000006,-0.24533095095471844,0.23872814527954772,-0.23321374869270659,0.21157926036960273,-0.20458834545901194,0.15088486119577793,-0.1485347769689124,0.10447839895996679,0.23552591901986342,-0.24018545162830623,0.24047153728856263,-0.2296191148755403,0.22752653944948922,-0.2108502201480422,0.2060714246208983,-0.10796995850935039,0.1080178179396234,-0.04930945886979447,-0.21773231161330672,0.21955924184284095,-0.21618615174988587,0.21475135986046717,-0.16828310133085592,0.1637334248465434,-0.10023542552990401,0.08101776930964617,-0.03331383293275505,0.036737999852190374,0.05825597184056938,0.05789346996542365,0.1999216608982005,0.05713254333409793,0.15887955401693424,0.05762782898378423,0.09162547078408999,0.05761168099230911,0.020998407069475835,0.05815050188500982
-0.059673542363856275,-0.062378150448671905,0.20865330772194504,-0.06250175012916015,0.17458192401035103,-0.062200291850007576,0.1233228233950222,-0.06253878621986639,0.06719828244563039,-0.062066245399595016,-0.22187793324742003,0.22430941160335588,-0.22308505047635774,0.2243737915398606,-0.18244605177930104,0.17439129848018928,-0.13134403139467082,0.11890135021991279,-0.08433809331351823,0.08787707079788964,0.21752613938251295,-0.24533095095471844,0.2500000000000004,-0.24277328014829713,0.23726529702203356,-0.21546447668059274,0.2084631528754749,-0.15473852638355678,0.15235620064586342,-0.10826276092674712,-0.23966779879569156,0.24428949783061604,-0.24457544444523277,0.23367353777747243,-0.23156468339614192,0.21453220096072262,-0.2097226077879313,0.10893546172290296,-0.1090400483024965,0.04864964947464697,0.2214243133791095,-0.22327280814357583,0.21984863333220828,-0.21840838032765544,0.1707045326864671,-0.1660966378403794,0.10091758092361336,-0.0812257591212251,0.032792339992817415,-0.036456180498407945,-0.062170332781852806,-0.06180169918944653,-0.2032357223784305,-0.06101997546488978,-0.16107977714494118,-0.061529077585699095,-0.0921107599733868,-0.06151234386308983,-0.020161778037509168,-0.06206658320864129
0.06562273416597356,0.06842271909406808,-0.21427258332596552,0.06854996124479851,-0.18069726523721158,0.0682479202329673,-0.1293637167371673,0.06858726536154529,-0.07299346505015192,0.06811358383920701,0.22646220379484777,-0.22879463547804466,0.22889468609534047,-0.2307362954505922,0.18874644070027086,-0.18069272979989437,0.1375641148378085,-0.125108745185251,0.09030397244216783,-0.09369839652154781,-0.21081362541230456,0.23872814527954772,-0.24277328014829713,0.2500000000000003,-0.24316237731991025,0.22156000927350544,-0.2144680662021356,0.16085259921942593,-0.1584480648334359,0.11446288435610454,0.2338928962664314,-0.23808873280771473,0.23837582022859802,-0.22749983448375508,0.23070196393292094,-0.21381848756034688,0.21166173906881305,-0.11085019897590362,0.11110882904976387,-0.0505958886776152,-0.21530513100093615,0.21709343073288595,-0.21366938653497886,0.2122281648587101,-0.16454828341225114,0.16535356772808468,-0.10179697810383206,0.0831399434647069,-0.03536016334877774,0.03916447155021192,0.0682060449856383,0.0678476303875564,0.19735202495298781,0.06706780797507797,0.1550349543917896,0.06757664306339986,0.09304732412446837,0.06755278276259322,0.022753125273831633,0.06811394781297424
-0.060939365409969644,-0.06365354885530024,0.20888733660196798,-0.06377919914648679,0.1758956952045683,-0.06347753472566368,0.1325054632124083,-0.06385756199238463,0.07877369737849298,-0.06334350399257245,-0.22093569003785418,0.22325909510720082,-0.22336055216383233,0.22520259426807315,-0.18374111769580762,0.18326576851194112,-0.14073277213437657,0.13104326576977643,-0.09619136821674408,0.09973277940036196,0.20533191934570963,-0.23321374869270659,0.23726529702203356,-0.24316237731991025,0.2500000000000004,-0.2278621453880153,0.22082288456013152,-0.1670768560372223,0.1646659382937878,-0.12054951275821736,-0.22885507556914336,0.23418109671126522,-0.23424436332784596,0.23138700505736712,-0.2368938803344851,0.22025469289597657,-0.2181023426589434,0.11690355020085957,-0.11716292746850636,0.05641018146493036,0.2174251010123314,-0.21915746046195655,0.21667015666797512,-0.21600026117329904,0.16986398696764574,-0.17156169902808655,0.10779880426733941,-0.08907187417351381,0.0403065289694822,-0.043814073685692304,-0.06344379951658446,-0.06307973030086388,-0.20017761059092645,-0.06229418462321072,-0.16021106329432006,-0.06280415906879837,-0.09889732808363388,-0.06277960641755145,-0.027563802676061445,-0.06334352358228341
0.08100483709333828,0.0837416728683415,-0.1976309691204519,0.08390709745709025,-0.18895864739441381,0.08361069579808608,-0.1526619569489731,0.08399512975117916,-0.09930328563094327,0.08347730358725004,0.20734023987159816,-0.20947069942733346,0.21103991959858523,-0.2129624302090189,0.1972749209718778,-0.2040716732157048,0.16160298343920454,-0.15199852779803585,0.11699169425008642,-0.12020519488599979,-0.1835486699550696,0.21157926036960273,-0.21546447668059274,0.22156000927350544,-0.2278621453880153,0.25000000000000056,-0.24014177378653995,0.1874001697636825,-0.18481699041179794,0.14151671146904712,0.20841562781080733,-0.2124112993354727,0.2124573331319296,-0.2101886716205569,0.21591300278944958,-0.2039064261214548,0.21217513878871697,-0.11100855193734804,0.11220023592781567,-0.05120479744806343,-0.19635329238680968,0.19786560607397594,-0.1954269958128886,0.19478901619110559,-0.14893811705343374,0.15542269802224798,-0.09799325203479554,0.08324614339359945,-0.03858334732075718,0.04295988908382916,0.0835374228874221,0.0832087712907226,0.17999114553533926,0.08243146146174746,0.1396906025976546,0.08293966576346447,0.08944299188787325,0.08290406438905133,0.02605355085099057,0.0834773263104626
-0.0726048074033553,-0.07521231861692233,0.1904012326344616,-0.07537263826247648,0.18088807608342644,-0.07507622068364496,0.15013488760731744,-0.07549152742515086,0.10466319950308059,-0.07494302396859084,-0.20003445801302766,0.20213111976638456,-0.2036290093488987,0.20553853663288052,-0.18891493679552265,0.1956545299138075,-0.15894333543780964,0.1573993725361879,-0.12248597639069776,0.1261634464750618,0.1767193774459715,-0.20458834545901194,0.2084631528754749,-0.2144680662021356,0.22082288456013152,-0.24014177378653995,0.25000000000000044,-0.19392549813080587,0.19139303861088608,-0.1473153357785973,-0.20137744505097213,0.20544185521015604,-0.20549389097008874,0.21245295777853562,-0.2192704079834618,0.21157835225837263,-0.2198935574017376,0.11902972313407469,-0.12018858945344633,0.059386895609986314,0.19669269794909033,-0.19801812138287778,0.19792071320889043,-0.199205854136959,0.15620939359806058,-0.16318427448293338,0.10601467973698407,-0.091333357400893,0.045787611340941406,-0.04965688081282929,-0.07501504612486516,-0.07468116509209861,-0.18236152164991845,-0.0739013764404508,-0.14681392081850836,-0.0744067390710824,-0.09730457904889049,-0.07437118304909272,-0.03316125091311997,-0.07494273554793768
0.12773874057102025,0.13019088660113115,-0.15337981028071823,0.13041349653240142,-0.16127477846350063,0.13029588008953907,-0.18320207521400558,0.13072747938088058,-0.1584259922233333,0.13018703768188178,0.15512751788834903,-0.15703067089368397,0.1596102690222211,-0.16138624688782205,0.16671757742299392,-0.17514661784770785,0.19260693775420237,-0.2122355352808349,0.17726169483392576,-0.1797939488005538,-0.12271025279810112,0.15088486119577793,-0.15473852638355678,0.16085259921942593,-0.1670768560372223,0.1874001697636825,-0.19392549813080587,0.25000000000000056,-0.24389337060632685,0.20246260814849307,0.151554650142411,-0.15156854056897748,0.15161924489156467,-0.1587044040046997,0.16532487861145082,-0.15760133613415897,0.16576864069784,-0.06448952001386415,0.06900095007854483,-0.007180544215056765,-0.1434059207560798,0.14415625931760187,-0.1439664811352199,0.14516790263413368,-0.1019218255620609,0.10887520681100092,-0.051438582442435946,0.03695377049803775,-0.007174447110310461,0.014702175935079593,0.13014936967169824,0.1299067822552944,0.1309984814284471,0.12914121842019669,0.09354820815317318,0.12964873176403652,0.04385626653052371,0.12961306001967962,-0.004629791807014373,0.13018681483084202
-0.12272183768026151,-0.12511622696892818,0.15068206184146615,-0.12533496122823717,0.1580992917494472,-0.12521378882842382,0.17865590370634832,-0.1256455396961977,0.15634194567623425,-0.12510437069811922,-0.15254508121713845,0.15441007250276964,-0.1569422189872517,0.15869829916338585,-0.16351502866959527,0.17185871970536407,-0.18793629569046952,0.20718296087442373,-0.17510531396299964,0.18006354668151914,0.12104722147359508,-0.1485347769689124,0.15235620064586342,-0.1584480648334359,0.1646659382937878,-0.18481699041179794,0.19139303861088608,-0.24389337060632685,0.25000000000000056,-0.2023403432104822,-0.1490845055372943,0.14920416940948814,-0.14926573142313618,0.15646409793634458,-0.16309197106836204,0.15570202209045308,-0.1639224976323267,0.07006120858108152,-0.07458795749117395,0.01260273755759138,0.14155030774264832,-0.1422926496019533,0.14220346659177927,-0.14342374117766912,0.10178894510869638,-0.10885387251542254,0.055376856293735996,-0.042296474385858956,0.011958710855685692,-0.019316543053312405,-0.12507123036890552,-0.1248305547150029,-0.1294282562670564,-0.12407227897538371,-0.09348366338561749,-0.12456503152093709,-0.04773960189822479,-0.12452931145549427,-3.2353158021774004e-5,-0.1251041164049499
0.17017603729890962,0.17251000715207446,-0.12699393606139261,0.17264730041431034,-0.1526534767776005,0.1727910424488447,-0.1919949981326906,0.17324387307978925,-0.1991670467333614,0.17271554694272473,0.12079541356046086,-0.12242515473951592,0.12704610559095642,-0.12919253300465094,0.15508418346967795,-0.16377886836772074,0.1983948649512264,-0.21912250183112844,0.21104369653017557,-0.212314700069329,-0.07651156792901953,0.10447839895996679,-0.10826276092674712,0.11446288435610454,-0.12054951275821736,0.14151671146904712,-0.1473153357785973,0.20246260814849307,-0.2023403432104822,0.2500000000000005,0.1084035149126341,-0.10518715378408268,0.10505470612072365,-0.11224263519866916,0.1186959560399114,-0.1111166736531622,0.1191997024662605,-0.02248356716905499,0.027001400348612977,0.03499325139111004,-0.09758852431169869,0.09785516422863934,-0.09764143618086436,0.09877392239001914,-0.05638959577745469,0.06339098796903381,-0.008389654337335812,-0.005030781742558798,0.02360463128979786,-0.013333479069827976,0.17258917420395234,0.17242472755681215,0.08674562360894081,0.17167720933641112,0.04892727678789926,0.17217606622244785,0.0017294957290536388,0.172140310563818,-0.03476527393096171,0.17271540991578505
0.06426279110226968,0.06691926506258923,-0.2021666995292186,0.0670379413346666,-0.1706959956278324,0.06675838292269363,-0.12262035229601582,0.06706861416972404,-0.06870353522717088,0.06663425620672636,0.21446714463969854,-0.21682585647352168,0.21587960501145598,-0.217215980410133,0.17825673609676143,-0.17046294369927867,0.13029187353845526,-0.11832043555679794,0.0847707501446026,-0.0874801736680108,-0.21295179619079935,0.23552591901986342,-0.23966779879569156,0.2338928962664314,-0.22885507556914336,0.20841562781080733,-0.20137744505097213,0.151554650142411,-0.1490845055372943,0.1084035149126341,0.25000000000000056,-0.2407325057855118,0.2406794857351599,-0.22978951710197743,0.2258605056197007,-0.20889739478271158,0.20338167717936206,-0.10242241023252849,0.10262052573561584,-0.04209539494083787,-0.21755157861771854,0.21935522062028354,-0.21592055000451338,0.2144728270868586,-0.16666353174741416,0.16036579737949283,-0.09464441468569493,0.07467629820781448,-0.027609148905780492,0.031636736601062775,0.06672954368151805,0.06636765988468597,0.199466089910645,0.06558560825376088,0.15710476973010942,0.06609585537359142,0.08593299774935133,0.06608120607394995,0.015042064875223205,0.0666346410414212
-0.05542868116615906,-0.05806249349155607,0.20450544159073206,-0.05818387108006924,0.170369965519635,-0.057882192807098436,0.11993973352272039,-0.05822406693761094,0.06445265568907677,-0.05774846654723923,-0.2175987340210038,0.2199651578055869,-0.21879367292207239,0.22007653059335436,-0.17810567365767146,0.1708982111570435,-0.12785234519385488,0.11569347666006227,-0.08148655832597106,0.08518393642367646,0.21813536874359984,-0.24018545162830623,0.24428949783061604,-0.23808873280771473,0.23418109671126522,-0.2124112993354727,0.20544185521015604,-0.15156854056897748,0.14920416940948814,-0.10518715378408268,-0.2407325057855118,0.25000000000000067,-0.24934033288411891,0.23881120996166952,-0.23312938258384738,0.21604126419043665,-0.20946386796650895,0.10842235885743219,-0.1084264081061545,0.047936606047227506,0.2266126187146998,-0.22851087320204078,0.22508427986635524,-0.2236467741444363,0.175793837689155,-0.16751721791540417,0.10107030888820467,-0.08063385073487027,0.03150328691759265,-0.03505624755656173,-0.05786151223074478,-0.057484180317968175,-0.20820421524835658,-0.05669866784358462,-0.16605659326378672,-0.05720947115718777,-0.09218904360873058,-0.05719748000433635,-0.018811225620224064,-0.05774874822391245
