x1,x2,x3,x4,x5,x6,x7,x8,x9,x10,x11,x12,x13,x14,x15,x16,x17,x18,x19,x20,x21,x22,x23,x24,x25,x26,x27,x28,x29,x30,x31,x32,x33,x34,x35,x36,x37,x38,x39,x40,x41,x42,x43,x44,x45,x46,x47,x48,x49,x50,x51,x52,x53,x54
0.25,0.14311189883140624,0.0834830333954737,0.14412072478385105,-0.07132867823844229,0.1413691999980371,-0.05731926918342149,0.14415885884596796,0.16582488190096117,-0.06985149368138326,0.1443425740417194,0.11295016621863303,-0.07756632489112592,0.14133227608959165,-0.07151916542154231,0.14403189612057804,0.14425353455331372,-0.09854874884664934,0.14408142408211466,-0.048215898174929495,0.0009944933337667,-0.04072580973450602,0.14379749172699988,0.15847136995622457,0.1436339847548958,0.10753266213218012,0.06880331412511263,-0.144181695820949,-0.1437150328169383,-0.019200706718969774,-0.13472247330122,-0.026380781752393532,-0.1412842880352278,-0.1410096501239741,-0.1376277103991049,-0.15564670327450605,-0.13748321039149244,-0.1361376198949986,-0.12599170905103516,-0.13773913700453017,-0.1286638436499359,-0.1416727476404166,-0.1435869292258099,-0.13473977829203965,-0.14130036321532763,-0.14266266360716948,-0.024149565664305938,-0.14242354287000863,-0.10079793118955774,-0.14156378087234556,-0.1364581590533919,-0.14378001591705675,-0.024579607897620284,-0.14363480018067032
0.14311189883140624,0.25,0.17956391998235907,0.24753141738386622,-0.15328023048415346,0.2474598619859547,-0.1365328065243225,0.24771985793914122,0.16213544591843596,-0.11816112247353941,0.24777968557319097,0.15124604130913105,-0.12500184675280587,0.24724178839779593,-0.17748676173760944,0.24725162685041324,0.24770031190343902,-0.16763332518079432,0.2472146075166351,-0.14146494234032533,-0.10376400157246392,-0.14304490595791786,0.24768189399407406,0.2327553994876347,0.24747699429876463,0.1988596274758755,0.11242429240114425,-0.24778848878458887,-0.24730492711415591,-0.07092511490219505,-0.22936517987939234,0.007736460826941509,-0.2474417618379193,-0.24694147462985241,-0.24084281712270203,-0.20954100305845186,-0.24074328796657615,-0.23483713976650739,-0.22599927028670055,-0.24117308358197434,-0.025407255043048645,-0.247079831299246,-0.24649307750358965,-0.23257454963084637,-0.2467896693419165,-0.2470972403692317,0.01021096793173188,-0.24720776084801244,-0.007744304150968426,-0.24744858596765035,-0.23469069537087187,-0.24696828805237744,-0.0636422193478098,-0.247673936553638
0.0834830333954737,0.17956391998235907,0.25,0.18057857564922464,-0.14184928052000187,0.17760544257502314,-0.12121089197043655,0.18056580707706552,0.10166768321935868,-0.04841660711175377,0.1809373632262911,0.09799084276237327,-0.05531363058129259,0.17758624663923334,-0.14301634813089933,0.180488715853904,0.18079070279554996,-0.09788822897951552,0.18054615499994614,-0.12063327873575028,-0.0952405440004648,-0.11753566505284395,0.18015747195418078,0.16584350227233374,0.18003367508025578,0.1731427406590456,0.06471282790020932,-0.18087553719928975,-0.1805284751346476,-0.13980205721994998,-0.1662585654511617,0.034201995012608274,-0.17768508627928287,-0.17710537054828132,-0.17294360275768855,-0.14621220233674415,-0.1727802191901058,-0.16857898852983094,-0.16070808902250724,-0.17309870144567202,0.022336487511624543,-0.17730799723765236,-0.17956268116805443,-0.17038096834600516,-0.17746672541294642,-0.17882301255424887,0.036979526515170384,-0.17816603032554856,0.02669956745699561,-0.1780907562342195,-0.17071635596525,-0.18030810590118965,-0.1262634131364971,-0.18012283659331632
0.14412072478385105,0.24753141738386622,0.18057857564922464,0.24999999999999983,-0.15165106237281475,0.24571641671044775,-0.13493642810527126,0.2484440267783644,0.16315708844520393,-0.11668151406280888,0.2487207162068601,0.15232044674950446,-0.12351734445195996,0.24560778763539665,-0.17588301789963043,0.24816789458403166,0.24860494240367015,-0.16609215233089353,0.2481884459557472,-0.1399330540274258,-0.10227335452567715,-0.14149124120194914,0.2481135718980051,0.23366328134334524,0.24789164802498126,0.19990099306688047,0.11361792998811908,-0.24868406376892754,-0.248154828870143,-0.07208910122450403,-0.23037954246467485,0.006370415632111445,-0.24570129785953349,-0.24519654820473383,-0.23918850597138697,-0.2105939531572258,-0.23900679082477921,-0.23584574901490823,-0.227022384142202,-0.23944300737786472,-0.026687023946141076,-0.24537334558781432,-0.24744097764370337,-0.2335657432324844,-0.24544104664514094,-0.24681850599112012,0.008844467224001682,-0.24620357134574813,-0.009052351787326458,-0.24597473069736386,-0.23567101228912032,-0.2478704035584146,-0.06481203681892346,-0.2479464307353309
-0.07132867823844229,-0.15328023048415346,-0.14184928052000187,-0.15165106237281475,0.24999999999999978,-0.1552347156711209,0.1616977851448872,-0.15199069359787107,-0.08965068995865845,0.04821849701245785,-0.15174705286146314,-0.0579775965092484,0.05821804478828948,-0.1549535120630453,0.11395979521183619,-0.1515073503996802,-0.15180041950921058,0.09216548174518881,-0.1514088907906317,0.13997169614923688,0.07931092161092496,0.09728448397020509,-0.15241186267266377,-0.13693058948584402,-0.15224007809584778,-0.1368177003234079,-0.019100003658612603,0.1518692088486468,0.15171911948723635,0.11571657216163979,0.13954159193785684,-0.0997684899525241,0.15531566440641903,0.15477336896089666,0.15106477709384286,0.11750216216894144,0.151113691702812,0.14167384218050247,0.1354754192733571,0.1513711499270829,-0.012596227141200482,0.15487307766049113,0.15067283279879867,0.1429401506084332,0.15403690765158878,0.152848026407268,-0.10304524429928696,0.15395730755736967,-0.0154720522006047,0.15500722791872432,0.14344707292782577,0.1516691903472903,0.10025996207894007,0.15273854437336593
0.1413691999980371,0.2474598619859547,0.17760544257502314,0.24571641671044775,-0.1552347156711209,0.24999999999999975,-0.13849498629327245,0.2461576078736284,0.16035439244291402,-0.12017195309378037,0.24590273556552147,0.1493814133431017,-0.12701003664511007,0.24909747403700427,-0.17943169908417364,0.2454116414074871,0.24587629395737776,-0.1696013180154718,0.24529126026658718,-0.14338889641021735,-0.10571635063634288,-0.14500427728072252,0.246543539742906,0.2309757895365658,0.2463634306498806,0.19689249091644245,0.11047624982301585,-0.24597747220199542,-0.24556107640702673,-0.06889626958445175,-0.22742270040694687,0.009688101082094691,-0.24945129713178138,-0.2489588201952503,-0.2427411597837876,-0.20761815151672913,-0.24276093470138022,-0.23289883253290838,-0.22405157694499486,-0.24318053625827138,-0.023497787117933787,-0.24904115924869527,-0.2446098864868618,-0.2306558348387633,-0.24823298015250633,-0.2469898309560968,0.012158862593186609,-0.24815112051295768,-0.00582630917369699,-0.24907151036733352,-0.2327858251310354,-0.24514954617354037,-0.061621786557793205,-0.2467658306400357
-0.05731926918342149,-0.1365328065243225,-0.12121089197043655,-0.13493642810527126,0.1616977851448872,-0.13849498629327245,0.24999999999999978,-0.1352422478066897,-0.07684558011741469,0.047460319107641515,-0.13498643970121776,-0.04085902642728881,0.06162013801617241,-0.138207319874153,0.09947362228837374,-0.13478881509477444,-0.13505563534263965,0.08877434168508846,-0.13471098277740243,0.1402793904538807,0.07309559361052113,0.08722096495166443,-0.13569463565894438,-0.12023574726217552,-0.1354863242343437,-0.12179556894729444,-0.00206809420257403,0.13512403215510502,0.13501614976669538,0.0995935015689115,0.1242156150454509,-0.11610808969988211,0.13857362549783458,0.1380113305463982,0.13476483209392243,0.10309459434172676,0.1348197553775077,0.12663327846115102,0.11956870456952673,0.13504838485148177,-0.01226499482118728,0.13813765300554767,0.13408676338054346,0.12725893139714756,0.1372734391576268,0.13617229219611326,-0.11982986686081307,0.1372138288583807,-0.015252294882710151,0.13824257170656645,0.12776315974471225,0.13506964600000967,0.08454229603163405,0.13600270943199055
0.14415885884596796,0.24771985793914122,0.18056580707706552,0.2484440267783644,-0.15199069359787107,0.2461576078736284,-0.1352422478066897,0.24999999999999983,0.1631374814818937,-0.11695997248805416,0.24872795001628165,0.15229336121548753,-0.12379289770070667,0.24603113988633876,-0.17623878338343152,0.24817877103878666,0.2486179024257066,-0.16641352154120923,0.24818992290778163,-0.1401867263681527,-0.10250679442686778,-0.14179167872216245,0.24820295400322684,0.23367382191654892,0.24798382295583074,0.19987278438644038,0.1135485237064425,-0.24869839331103244,-0.24817603734909335,-0.07197978353254322,-0.23036270024208041,0.006482343866379939,-0.24614189175820447,-0.24563762331897623,-0.2396110324217413,-0.21056353511920836,-0.23944255087663047,-0.2358294071460561,-0.22700140703591498,-0.23987800405474852,-0.026625391340709046,-0.2458085735848584,-0.24744579997000127,-0.23355429292422292,-0.24581800995894404,-0.24702237859217227,0.008957600961856575,-0.24652522124167556,-0.0089491350208731,-0.24637232081409738,-0.23566210936782553,-0.24788291906419208,-0.06471151312287525,-0.24806173233758627
0.16582488190096117,0.16213544591843596,0.10166768321935868,0.16315708844520393,-0.08965068995865845,0.16035439244291402,-0.07684558011741469,0.1631374814818937,0.24999999999999983,-0.07326996826162122,0.16336553155503203,0.1193301453105282,-0.0823769488375947,0.1603060178797849,-0.09045238563711043,0.16298839960823575,0.16325845687863957,-0.11174058309581539,0.16305460049538467,-0.0652896491047007,-0.019563407321736268,-0.05794133242101225,0.16278320677151106,0.1773069703619262,0.1626272193897182,0.1275009638082313,0.0646419611548217,-0.16321613431928636,-0.1627282138475089,-0.03981265659860125,-0.1521440669210317,-0.00946931721319977,-0.1602679518961511,-0.15999341559727925,-0.1560985964804481,-0.17399820166850738,-0.15594590153472246,-0.15419708996053244,-0.1445634621539007,-0.15623491362738715,-0.10656519407049425,-0.16063915362117157,-0.16246305010375967,-0.1526342191937852,-0.16027660484854314,-0.1615919279983132,-0.007263446641446115,-0.16138969107148426,-0.0914295810917834,-0.16055438445946094,-0.15440058608681573,-0.1627796614855262,-0.04468405590511852,-0.16265087972879244
-0.06985149368138326,-0.11816112247353941,-0.04841660711175377,-0.11668151406280888,0.04821849701245785,-0.12017195309378037,0.047460319107641515,-0.11695997248805416,-0.07326996826162122,0.25,-0.11665253396590433,-0.07825868753273266,0.1118356875011338,-0.1198995153665319,0.08697848364475294,-0.1164429159716367,-0.11667650574777551,0.11650583336227395,-0.11632969669579256,0.060992527095753424,0.05488043424820392,0.07439231723174071,-0.11737498475334085,-0.11644919509387971,-0.11723176570490748,-0.06840147556720176,-0.07595402484391435,0.11675568700980027,0.11658710915111392,-0.059159670427670064,0.1086595435957484,0.02091790942498014,0.12009509082069113,0.12005949234304607,0.11686145391911691,0.11258565621733459,0.11692630164932452,0.11379926441974302,0.11065678883241309,0.1171224032252576,0.009420340422242211,0.11997381039618298,0.11646677447030616,0.10909008488782194,0.11941201660431919,0.11823528088277598,0.019890327057179073,0.1191000605731122,-0.008655481071810786,0.11967480456087991,0.1110432704097528,0.11628741941300913,-0.06465942155757862,0.1174261835845092
0.1443425740417194,0.24777968557319097,0.1809373632262911,0.2487207162068601,-0.15174705286146314,0.24590273556552147,-0.13498643970121776,0.24872795001628165,0.16336553155503203,-0.11665253396590433,0.2499999999999997,0.1525755361519592,-0.12348395768950043,0.2457982413538647,-0.17602933187318848,0.24845915753135495,0.24889608237978492,-0.1661366272142906,0.24848185333586953,-0.1399433436296418,-0.10229705099441336,-0.14157885963473354,0.24838584617494344,0.23393601123326588,0.24816325495852454,0.20021461059233325,0.11383384815170379,-0.2489748869603844,-0.24844326102715172,-0.07238972211215823,-0.23065369652523857,0.006205165004717255,-0.24588776811906582,-0.24538212299808027,-0.2393715901371019,-0.2108407684530542,-0.239186540824841,-0.23612020633048025,-0.22728861010311213,-0.23962345034997823,-0.02679548708624545,-0.24556095055776214,-0.24773164345855656,-0.23384523081672168,-0.2456424361396552,-0.2470619118777688,0.008683582332365688,-0.24641891567712398,-0.009130693530945932,-0.24617201393051513,-0.23594991967664927,-0.24816024052980282,-0.0651059246440882,-0.24821274759486184
0.11295016621863303,0.15124604130913105,0.09799084276237327,0.15232044674950446,-0.0579775965092484,0.1493814133431017,-0.04085902642728881,0.15229336121548753,0.1193301453105282,-0.07825868753273266,0.1525755361519592,0.24999999999999972,-0.08712531334823159,0.14940442190860384,-0.09999259563252617,0.15219370552811032,0.15244641072625176,-0.10496850667648062,0.15217552484417168,-0.04424751401920949,-0.04647781468203154,-0.07222260866707773,0.15190232734913706,0.15565948958425813,0.15182605162665602,0.11908257324999236,0.14151127730088828,-0.15246066024749372,-0.15202104612428194,-0.02384648929559807,-0.1418515464130189,-0.0866536015210073,-0.14931357561927444,-0.14936603009680885,-0.145419971747812,-0.1499735908576046,-0.14527110395409876,-0.14632343790374483,-0.15819767793245088,-0.14553964508987532,-0.036499615564502215,-0.14955268327143634,-0.1518112287288648,-0.14301288010568702,-0.14961645610322713,-0.15082991204257243,-0.08548563789082686,-0.15034833001175835,-0.04246470902277594,-0.14961312908619068,-0.1448204689510552,-0.1517635382207533,-0.021810002349415093,-0.15163980961627377
-0.07756632489112592,-0.12500184675280587,-0.05531363058129259,-0.12351734445195996,0.05821804478828948,-0.12701003664511007,0.06162013801617241,-0.12379289770070667,-0.0823769488375947,0.1118356875011338,-0.12348395768950043,-0.08712531334823159,0.24999999999999983,-0.126712775722435,0.088242738490538,-0.12325322326987867,-0.12351115381770836,0.1251080139347272,-0.12318124161919469,0.07498215109469564,0.059068421297836765,0.07347899620908517,-0.12418720343748789,-0.12480973961693059,-0.12403701933147883,-0.07529182406430203,-0.07505841417093476,0.12359113176797293,0.12340144759869934,-0.053119249148687174,0.1149332304948688,0.008330346436472154,0.12692708503615818,0.12679587375845783,0.12351958464795605,0.12257551730837536,0.12358127561082581,0.1201870508344985,0.11681928068465822,0.12378915691796072,0.011337302812577289,0.12685317543710845,0.12323756020405403,0.11550493405872381,0.12609676400116782,0.12504987906069442,0.006179533185004476,0.1259554817129115,-0.0007872835919654392,0.1265164848828191,0.11747417716903122,0.12315228408130229,-0.0597942823573337,0.12427335608025314
0.14133227608959165,0.24724178839779593,0.17758624663923334,0.24560778763539665,-0.1549535120630453,0.24909747403700427,-0.138207319874153,0.24603113988633876,0.1603060178797849,-0.1198995153665319,0.2457982413538647,0.14940442190860384,-0.126712775722435,0.24999999999999983,-0.17918556602783908,0.24530503588339966,0.24576815541079755,-0.16928177640233763,0.24519048675758268,-0.14309511728172453,-0.10551696941855025,-0.14479973040744912,0.2463873669183717,0.23088337978436455,0.2462062243785749,0.1968537851986482,0.11054099807198094,-0.2458684778079169,-0.24544804922267224,-0.06899432730367812,-0.2273393195019833,0.009523773020026433,-0.24907539403130352,-0.24858451412485497,-0.2423793008639168,-0.20757141268111776,-0.24239082271637333,-0.23280937047078393,-0.22405079953651302,-0.24281072689682776,-0.023505547387211508,-0.2486687535973619,-0.24450696313247441,-0.23056855544352214,-0.2478984923710263,-0.24676223954201248,0.011984339065274463,-0.24784988874087147,-0.005844752545774342,-0.24872268638656955,-0.2326950046991055,-0.24504174727666497,-0.061723904951021286,-0.24659365015875337
-0.07151916542154231,-0.17748676173760944,-0.14301634813089933,-0.17588301789963043,0.11395979521183619,-0.17943169908417364,0.09947362228837374,-0.17623878338343152,-0.09045238563711043,0.08697848364475294,-0.17602933187318848,-0.09999259563252617,0.088242738490538,-0.17918556602783908,0.24999999999999983,-0.17564246594705504,-0.1759881716307,0.1241162649214256,-0.17555481476141693,0.11333635297976989,0.11285110622710648,0.14020682885854932,-0.17656971373097635,-0.16124814534284823,-0.17653940161682807,-0.14151035877945578,-0.07784708450707585,0.17614483074502216,0.17595819130790294,0.05980193028195013,0.16202516603319736,-0.012435440694430155,0.17943450446069348,0.1792503254411054,0.17458388399383667,0.14561697523725153,0.1746273282720495,0.166102321376431,0.16884151771098851,0.17492521506063471,-0.04641551295636,0.17895721159463357,0.1750785705521097,0.16534216059159346,0.17862207593936796,0.17719811041990785,-0.012898987489116458,0.17812460851854472,-0.0637313452951758,0.17913453977489835,0.16649184568265885,0.17542130021619512,0.04816455507779216,0.17680892028283057
0.14403189612057804,0.24725162685041324,0.180488715853904,0.24816789458403166,-0.1515073503996802,0.2454116414074871,-0.13478881509477444,0.24817877103878666,0.16298839960823575,-0.1164429159716367,0.24845915753135495,0.15219370552811032,-0.12325322326987867,0.24530503588339966,-0.17564246594705504,0.25,0.24834281139547287,-0.16580450261839125,0.24792788282110342,-0.13969588274433262,-0.10205927701286845,-0.14127292970417202,0.2478437542982786,0.23340084805213215,0.24762178723949405,0.1997328957948687,0.1135449836554565,-0.24842149703896907,-0.24789194341826043,-0.07216949559884302,-0.23013839386549767,0.006291935116561677,-0.24539662595454162,-0.24489214445727014,-0.23889261767959005,-0.21033706093031154,-0.238709689463919,-0.23559338331340607,-0.226786226451204,-0.23914552892482793,-0.02679264568697828,-0.24506950292497515,-0.24718003424971177,-0.23332258114615578,-0.24514325840378598,-0.24653745750803788,0.008765801759329696,-0.24591086869895565,-0.009144198424067525,-0.24567457315805938,-0.2354235570923445,-0.24760898106353127,-0.06489770277112342,-0.24767429059755314
0.14425353455331372,0.24770031190343902,0.18079070279554996,0.24860494240367015,-0.15180041950921058,0.24587629395737776,-0.13505563534263965,0.2486179024257066,0.16325845687863957,-0.11667650574777551,0.24889608237978492,0.15244641072625176,-0.12351115381770836,0.24576815541079755,-0.1759881716307,0.24834281139547287,0.24999999999999978,-0.16613707553062443,0.2483635737728203,-0.1399947338908757,-0.10230493829821007,-0.14155551974802752,0.24828581307660164,0.2338092800028657,0.24806379171822746,0.20007557864982722,0.1137159600501139,-0.24885905057105612,-0.24832912886373246,-0.07227496357202823,-0.23054113526663417,0.006354672369103237,-0.24586120023058466,-0.2453558523496598,-0.2393444009370639,-0.21070435427591422,-0.23916215184617745,-0.23600699133705444,-0.2271833217636801,-0.23959869937572065,-0.026755215416697578,-0.24553296990488355,-0.24761473241415674,-0.23373147623625268,-0.2456024899783776,-0.24698610182244116,0.008831066046755624,-0.24636721424261815,-0.009117751311870143,-0.24613633520823222,-0.2358364836275342,-0.2480449235194736,-0.06499245527065263,-0.2481180768275812
-0.09854874884664934,-0.16763332518079432,-0.09788822897951552,-0.16609215233089353,0.09216548174518881,-0.1696013180154718,0.08877434168508846,-0.16641352154120923,-0.11174058309581539,0.11650583336227395,-0.1661366272142906,-0.10496850667648062,0.1251080139347272,-0.16928177640233763,0.1241162649214256,-0.16580450261839125,-0.16613707553062443,0.24999999999999983,-0.16572449919892554,0.09450291669179137,0.0815439796912592,0.1008386622233431,-0.1667908606831125,-0.1631836164001294,-0.16664766117038357,-0.11767012958315837,-0.08370360241973136,0.16623263027961288,0.165961244753777,-0.010741982297048898,0.154084655894094,0.004075049264155372,0.1695327475968852,0.16930998592680904,0.16498370354515474,0.15365761663650143,0.1650287625931702,0.15923895188144752,0.15177248289306583,0.16531056056775503,0.005298951746066366,0.1693681384503839,0.16553022413019292,0.155609826955991,0.16865812786857298,0.16750440399435867,0.0018921796990854034,0.16848000623015227,-0.004634851445202761,0.16914616447574912,0.15765010647326977,0.16560353717724052,-0.017743886023630126,0.16692007973077705
0.14408142408211466,0.2472146075166351,0.18054615499994614,0.2481884459557472,-0.1514088907906317,0.24529126026658718,-0.13471098277740243,0.24818992290778163,0.16305460049538467,-0.11632969669579256,0.24848185333586953,0.15217552484417168,-0.12318124161919469,0.24519048675758268,-0.17555481476141693,0.24792788282110342,0.2483635737728203,-0.16572449919892554,0.2499999999999999,-0.13963572206570438,-0.10202205229191948,-0.1411654768656147,0.24783896728884572,0.23343936012189423,0.24761650603850618,0.19979713018112244,0.11351111226766557,-0.24844185347558076,-0.2479098741977006,-0.07227622418585346,-0.23016570191025962,0.006290669513849498,-0.24527636579475298,-0.2447712086370535,-0.23877776002624443,-0.2104004198946993,-0.2385904478443199,-0.23561536012580714,-0.22678500402672871,-0.23902658229135837,-0.026806060812047398,-0.24495131641915324,-0.24720295468110798,-0.23334888954887575,-0.24504359973264664,-0.24649512537062154,0.008764888801745434,-0.2458300485984149,-0.009213477795703761,-0.24556861219050652,-0.23544826009357503,-0.24762958953300054,-0.06501498514610377,-0.24766144826171727
-0.048215898174929495,-0.14146494234032533,-0.12063327873575028,-0.1399330540274258,0.13997169614923688,-0.14338889641021735,0.1402793904538807,-0.1401867263681527,-0.0652896491047007,0.060992527095753424,-0.1399433436296418,-0.04424751401920949,0.07498215109469564,-0.14309511728172453,0.11333635297976989,-0.13969588274433262,-0.1399947338908757,0.09450291669179137,-0.13963572206570438,0.25,0.090664437828078,0.10943756685787333,-0.1406662597168243,-0.1252830623098251,-0.1404238675217101,-0.11886485112030545,-0.005887595596585032,0.14013303515591694,0.14010667933382243,0.07793054031549491,0.128957933959708,-0.11369737904711703,0.14350890009922201,0.14288215595631804,0.1395231114352045,0.11334012272031391,0.13957546227551926,0.13261111545372314,0.12487806871204994,0.1398123278994675,-0.03693435324182966,0.14297734008030008,0.1391741410843916,0.1318240757986701,0.14215940385408102,0.14114563736452893,-0.11714648874037185,0.1421666628623162,-0.055558130115354314,0.1431227852975536,0.1325945558212227,0.1400060424052955,0.0635567048636563,0.14087464202474032
0.0009944933337667,-0.10376400157246392,-0.0952405440004648,-0.10227335452567715,0.07931092161092496,-0.10571635063634288,0.07309559361052113,-0.10250679442686778,-0.019563407321736268,0.05488043424820392,-0.10229705099441336,-0.04647781468203154,0.059068421297836765,-0.10551696941855025,0.11285110622710648,-0.10205927701286845,-0.10230493829821007,0.0815439796912592,-0.10202205229191948,0.090664437828078,0.24999999999999983,0.10322273963809997,-0.10281693440383023,-0.08771935694256158,-0.10286078114489697,-0.08731826433947273,-0.03933030764267361,0.10248577753726663,0.10246781122714398,0.04644563268278078,0.09331868734023709,-0.02776769860391742,0.10575695685977252,0.10559857791947101,0.102851331528736,0.07654690532509062,0.1029204240321924,0.09669120607764788,0.09619563381718957,0.10309081226615856,-0.11786567774964327,0.10526961108485895,0.10174578267519886,0.09642024274682441,0.10505568808978899,0.10365953759523718,-0.02769752561708627,0.1044006195771295,-0.0968266410231262,0.10545531416044376,0.09678880524471745,0.10194313500073734,0.032049861210431546,0.10306722084705233
-0.04072580973450602,-0.14304490595791786,-0.11753566505284395,-0.14149124120194914,0.09728448397020509,-0.14500427728072252,0.08722096495166443,-0.14179167872216245,-0.05794133242101225,0.07439231723174071,-0.14157885963473354,-0.07222260866707773,0.07347899620908517,-0.14479973040744912,0.14020682885854932,-0.14127292970417202,-0.14155551974802752,0.1008386622233431,-0.1411654768656147,0.10943756685787333,0.10322273963809997,0.24999999999999978,-0.14220654480236133,-0.1272257239734004,-0.14213315854075154,-0.10974634807169147,-0.05563400535323573,0.14173489892729907,0.14169804110515394,0.04344552471698885,0.13029656783716118,-0.02458546918032587,0.14505402636138814,0.1449556772226219,0.14107454971460415,0.1163716940858668,0.14113238425463054,0.1343865959457098,0.1390933457167561,0.14137053372534733,-0.06088797568159651,0.14451007584484243,0.1409011925122338,0.13312245796769545,0.14434708613781203,0.14285080532874608,-0.024818724521736016,0.14373586682287876,-0.09452403741695843,0.14472281744727583,0.1340505337917881,0.14119427682960445,0.031125908362902698,0.14236589757199147
0.14379749172699988,0.24768189399407406,0.18015747195418078,0.2481135718980051,-0.15241186267266377,0.246543539742906,-0.13569463565894438,0.24820295400322684,0.16278320677151106,-0.11737498475334085,0.24838584617494344,0.15190232734913706,-0.12418720343748789,0.2463873669183717,-0.17656971373097635,0.2478437542982786,0.24828581307660164,-0.1667908606831125,0.24783896728884572,-0.1406662597168243,-0.10281693440383023,-0.14220654480236133,0.24999999999999978,0.2333308545646665,0.24778442007723805,0.1994913694307862,0.11311663341674369,-0.24836880057787594,-0.2478593816443082,-0.07153583725045999,-0.23001138664047838,0.00699930641215596,-0.2465273483136631,-0.24602407523726946,-0.23997504600056838,-0.21019373865180935,-0.23982888696234947,-0.2354867186412014,-0.22664868287852052,-0.2402624509053796,-0.026354672721987223,-0.24618440651687035,-0.24710331478095768,-0.23320504782686005,-0.2460968672740246,-0.24701151083886083,0.00947819786870405,-0.246710943510254,-0.00854848057167095,-0.24668498060317184,-0.23531743086215826,-0.24755305939488367,-0.06426481027681316,-0.24790103751400902
0.15847136995622457,0.2327553994876347,0.16584350227233374,0.23366328134334524,-0.13693058948584402,0.2309757895365658,-0.12023574726217552,0.23367382191654892,0.1773069703619262,-0.11644919509387971,0.23393601123326588,0.15565948958425813,-0.12480973961693059,0.23088337978436455,-0.16124814534284823,0.23340084805213215,0.2338092800028657,-0.1631836164001294,0.23343936012189423,-0.1252830623098251,-0.08771935694256158,-0.1272257239734004,0.2333308545646665,0.24999999999999967,0.233130397872736,0.18548970867951547,0.1111697060682987,-0.23387618430677598,-0.23336065939697892,-0.05730624126303061,-0.21685769781918937,-0.008398939510502242,-0.23094759812733015,-0.2305541088243007,-0.2248410602346299,-0.2247865033097819,-0.22466617872091119,-0.221501353045425,-0.21326772975280395,-0.22507670691080123,-0.04112368904295245,-0.23094029939334826,-0.23272131195953655,-0.2192543019991167,-0.23076689519115426,-0.23208418499090333,-0.005971855967742687,-0.23172681657435387,-0.023573864379595248,-0.23121994194831094,-0.22137890721290018,-0.2330732370700502,-0.050013900430422836,-0.2331496344169735
0.1436339847548958,0.24747699429876463,0.18003367508025578,0.24789164802498126,-0.15224007809584778,0.2463634306498806,-0.1354863242343437,0.24798382295583074,0.1626272193897182,-0.11723176570490748,0.24816325495852454,0.15182605162665602,-0.12403701933147883,0.2462062243785749,-0.17653940161682807,0.24762178723949405,0.24806379171822746,-0.16664766117038357,0.24761650603850618,-0.1404238675217101,-0.10286078114489697,-0.14213315854075154,0.24778442007723805,0.233130397872736,0.24999999999999994,0.19933202712872905,0.11309312974531897,-0.24814692193197907,-0.24763841690350138,-0.07154585223958669,-0.2297986381925478,0.0068315362698019,-0.24634683358952822,-0.2458460313531539,-0.23979915162327473,-0.21001107036069444,-0.23965435780641597,-0.23526038018986348,-0.22650360353787977,-0.24008745721120214,-0.026115828186182043,-0.24600394037968784,-0.2468809126705023,-0.23299316381141824,-0.24591269753288872,-0.24680854485674572,0.009292591768560645,-0.24651913083826932,-0.008463301559353228,-0.24650074947658954,-0.2351018502408047,-0.2473302023238001,-0.06429469671979841,-0.2476888971499855
0.10753266213218012,0.1988596274758755,0.1731427406590456,0.19990099306688047,-0.1368177003234079,0.19689249091644245,-0.12179556894729444,0.19987278438644038,0.1275009638082313,-0.06840147556720176,0.20021461059233325,0.11908257324999236,-0.07529182406430203,0.1968537851986482,-0.14151035877945578,0.1997328957948687,0.20007557864982722,-0.11767012958315837,0.19979713018112244,-0.11886485112030545,-0.08731826433947273,-0.10974634807169147,0.1994913694307862,0.18548970867951547,0.19933202712872905,0.25,0.08162255402904894,-0.20014422067154256,-0.19970839863582393,-0.11756477317525822,-0.18483789267673173,0.0196166639609393,-0.19696101973715502,-0.1964115990199834,-0.191703021270622,-0.16483291447059104,-0.1915286970390131,-0.1882139210896233,-0.1796842284579535,-0.19188104932393066,-0.004657158667296849,-0.19666835534086596,-0.19888285842814896,-0.1882708250983593,-0.19674900934308248,-0.1981342005297313,0.02214394590462094,-0.19748322775330407,-0.013673618493459314,-0.19726162653859533,-0.18937471951472304,-0.19952973586340336,-0.11046361910612748,-0.1993852666048455
0.06880331412511263,0.11242429240114425,0.06471282790020932,0.11361792998811908,-0.019100003658612603,0.11047624982301585,-0.00206809420257403,0.1135485237064425,0.0646419611548217,-0.07595402484391435,0.11383384815170379,0.14151127730088828,-0.07505841417093476,0.11054099807198094,-0.07784708450707585,0.1135449836554565,0.1137159600501139,-0.08370360241973136,0.11351111226766557,-0.005887595596585032,-0.03933030764267361,-0.05563400535323573,0.11311663341674369,0.1111697060682987,0.11309312974531897,0.08162255402904894,0.24999999999999994,-0.1137334335978744,-0.1133616132961309,0.01983284679256267,-0.10584613012682025,-0.1107300344708891,-0.1103851167320787,-0.11074412795454987,-0.10754839900817614,-0.10372002453370165,-0.10740873906010574,-0.11010429010943638,-0.12129781906752989,-0.10761050541376674,-0.01446741469339511,-0.11046460455532661,-0.11338344902258625,-0.10672881664318017,-0.11112203863516176,-0.11218698345922803,-0.1228920277287675,-0.11132556518416163,-0.01715482151221407,-0.11071712609475917,-0.10823845506150279,-0.11299858516953826,0.023620289265854626,-0.11280897289645925
-0.144181695820949,-0.24778848878458887,-0.18087553719928975,-0.24868406376892754,0.1518692088486468,-0.24597747220199542,0.13512403215510502,-0.24869839331103244,-0.16321613431928636,0.11675568700980027,-0.2489748869603844,-0.15246066024749372,0.12359113176797293,-0.2458684778079169,0.17614483074502216,-0.24842149703896907,-0.24885905057105612,0.16623263027961288,-0.24844185347558076,0.14013303515591694,0.10248577753726663,0.14173489892729907,-0.24836880057787594,-0.23387618430677598,-0.24814692193197907,-0.20014422067154256,-0.1137334335978744,0.2500000000000002,0.2484092306503718,0.07228507375889243,0.23061130910990715,-0.006403901667564765,0.24596254325334993,0.24545737313118665,0.23944253510109287,0.21077540744721243,0.23926094763802186,0.23608308877675546,0.2272734265868244,0.23969758930056367,0.02651594638847606,0.24563331932319996,0.24769328354816822,0.23380529475439984,0.245700649680734,0.24707501328358683,-0.008878594267961365,0.24646188406052366,0.008867621026525614,0.2462354054593864,0.23591057955758724,0.24812379637056153,0.06498141825370643,0.24820223560381727
-0.1437150328169383,-0.24730492711415591,-0.1805284751346476,-0.248154828870143,0.15171911948723635,-0.24556107640702673,0.13501614976669538,-0.24817603734909335,-0.1627282138475089,0.11658710915111392,-0.24844326102715172,-0.15202104612428194,0.12340144759869934,-0.24544804922267224,0.17595819130790294,-0.24789194341826043,-0.24832912886373246,0.165961244753777,-0.2479098741977006,0.14010667933382243,0.10246781122714398,0.14169804110515394,-0.2478593816443082,-0.23336065939697892,-0.24763841690350138,-0.19970839863582393,-0.1133616132961309,0.2484092306503718,0.2499999999999999,0.07214679964221866,0.23011146069631674,-0.00664165342878044,0.2455465227282393,0.24504278237769203,0.23903551014204907,0.21031601206424116,0.23885763669101795,0.2355761939769341,0.22681660461087136,0.23929315001519114,0.026181694114653865,0.24521546786807713,0.2471641559186822,0.2333032775461949,0.24526925032397504,0.24659680344480328,-0.009107983280557055,0.24601416655333794,0.008460273695258458,0.2458078485900929,0.2354036029992668,0.24759628630428698,0.06482360777386979,0.2476993316515186
-0.019200706718969774,-0.07092511490219505,-0.13980205721994998,-0.07208910122450403,0.11571657216163979,-0.06889626958445175,0.0995935015689115,-0.07197978353254322,-0.03981265659860125,-0.059159670427670064,-0.07238972211215823,-0.02384648929559807,-0.053119249148687174,-0.06899432730367812,0.05980193028195013,-0.07216949559884302,-0.07227496357202823,-0.010741982297048898,-0.07227622418585346,0.07793054031549491,0.04644563268278078,0.04344552471698885,-0.07153583725045999,-0.05730624126303061,-0.07154585223958669,-0.11756477317525822,0.01983284679256267,0.07228507375889243,0.07214679964221866,0.24999999999999994,0.06507514268652374,-0.07719142425101679,0.06906252019459444,0.06842979156780606,0.06719618189479455,0.03938562076870931,0.06706550476345327,0.06180965859215664,0.05453251058834333,0.06719618279617738,-0.033879938243405114,0.06884591186060462,0.07106869255004158,0.06899693877466204,0.06894577631975057,0.07015700382415822,-0.08017717266383517,0.06964080978237484,-0.008308192288410501,0.06954446389455672,0.06755519553089165,0.07220938169562205,0.21421951509184645,0.07165214215187081
-0.13472247330122,-0.22936517987939234,-0.1662585654511617,-0.23037954246467485,0.13954159193785684,-0.22742270040694687,0.1242156150454509,-0.23036270024208041,-0.1521440669210317,0.1086595435957484,-0.23065369652523857,-0.1418515464130189,0.1149332304948688,-0.2273393195019833,0.16202516603319736,-0.23013839386549767,-0.23054113526663417,0.154084655894094,-0.23016570191025962,0.128957933959708,0.09331868734023709,0.13029656783716118,-0.23001138664047838,-0.21685769781918937,-0.2297986381925478,-0.18483789267673173,-0.10584613012682025,0.23061130910990715,0.23011146069631674,0.06507514268652374,0.24999999999999994,-0.005020540397882449,0.22740745965422332,0.22694163045377444,0.22138664945865894,0.19562101453663056,0.22120450916281645,0.21881672385659454,0.21061455103612833,0.22160985071911568,0.027168675603579096,0.22711530275534633,0.22947882205557718,0.2166083457874152,0.22723350463948588,0.22869160302094702,-0.007312436259402731,0.22800285092319003,0.01005596329268826,0.22770212527306788,0.21859255309774528,0.2298615271312305,0.05857994381977641,0.2298242642874926
-0.026380781752393532,0.007736460826941509,0.034201995012608274,0.006370415632111445,-0.0997684899525241,0.009688101082094691,-0.11610808969988211,0.006482343866379939,-0.00946931721319977,0.02091790942498014,0.006205165004717255,-0.0866536015210073,0.008330346436472154,0.009523773020026433,-0.012435440694430155,0.006291935116561677,0.006354672369103237,0.004075049264155372,0.006290669513849498,-0.11369737904711703,-0.02776769860391742,-0.02458546918032587,0.00699930641215596,-0.008398939510502242,0.0068315362698019,0.0196166639609393,-0.1107300344708891,-0.006403901667564765,-0.00664165342878044,-0.07719142425101679,-0.005020540397882449,0.2499999999999999,-0.009830536439247329,-0.009383823419957893,-0.0094121034436163,0.015197207336819687,-0.00950809590394286,-0.004875963783943085,0.0018320165481774701,-0.009514992729899596,0.035169498648992,-0.0093088282550345,-0.006025040362536803,-0.00654913499451623,-0.00873415384824679,-0.0076399560562903585,0.20668317583844592,-0.008472822935002892,0.039605032013946835,-0.009480098753943074,-0.00575930261502652,-0.007101074874502526,-0.06766503990198879,-0.007360983649990735
-0.1412842880352278,-0.2474417618379193,-0.17768508627928287,-0.24570129785953349,0.15531566440641903,-0.24945129713178138,0.13857362549783458,-0.24614189175820447,-0.1602679518961511,0.12009509082069113,-0.24588776811906582,-0.14931357561927444,0.12692708503615818,-0.24907539403130352,0.17943450446069348,-0.24539662595454162,-0.24586120023058466,0.1695327475968852,-0.24527636579475298,0.14350890009922201,0.10575695685977252,0.14505402636138814,-0.2465273483136631,-0.23094759812733015,-0.24634683358952822,-0.19696101973715502,-0.1103851167320787,0.24596254325334993,0.2455465227282393,0.06906252019459444,0.22740745965422332,-0.009830536439247329,0.24999999999999983,0.2489361167181911,0.24271955306821447,0.2075919155825426,0.2427391065322136,0.23288398608957475,0.22402975502775657,0.24315869538638749,0.023379429582073317,0.24901867613073475,0.24459444073143818,0.2306433992765146,0.2482112661935355,0.24697111897518678,-0.012312302207401954,0.248130615803614,0.005717188689275768,0.24905019672067963,0.23277125155610665,0.24513527946839614,0.061767037265862544,0.24674910403560035
-0.1410096501239741,-0.24694147462985241,-0.17710537054828132,-0.24519654820473383,0.15477336896089666,-0.2489588201952503,0.1380113305463982,-0.24563762331897623,-0.15999341559727925,0.12005949234304607,-0.24538212299808027,-0.14936603009680885,0.12679587375845783,-0.24858451412485497,0.1792503254411054,-0.24489214445727014,-0.2453558523496598,0.16930998592680904,-0.2447712086370535,0.14288215595631804,0.10559857791947101,0.1449556772226219,-0.24602407523726946,-0.2305541088243007,-0.2458460313531539,-0.1964115990199834,-0.11074412795454987,0.24545737313118665,0.24504278237769203,0.06842979156780606,0.22694163045377444,-0.009383823419957893,0.2489361167181911,0.2499999999999999,0.24223982623155696,0.20733374441931082,0.24225995061367628,0.23241584237843907,0.2239299758961633,0.24267863561500252,0.023116923171786173,0.24852724017858618,0.24409348873519954,0.23016491005700188,0.2477264189979857,0.24647385991645154,-0.011706496993182831,0.24763593557223237,0.005461178940357512,0.24855571876443996,0.23229340166029802,0.24463011172451726,0.06116691628604112,0.2462460157948034
-0.1376277103991049,-0.24084281712270203,-0.17294360275768855,-0.23918850597138697,0.15106477709384286,-0.2427411597837876,0.13476483209392243,-0.2396110324217413,-0.1560985964804481,0.11686145391911691,-0.2393715901371019,-0.145419971747812,0.12351958464795605,-0.2423793008639168,0.17458388399383667,-0.23889261767959005,-0.2393444009370639,0.16498370354515474,-0.23877776002624443,0.1395231114352045,0.102851331528736,0.14107454971460415,-0.23997504600056838,-0.2248410602346299,-0.23979915162327473,-0.191703021270622,-0.10754839900817614,0.23944253510109287,0.23903551014204907,0.06719618189479455,0.22138664945865894,-0.0094121034436163,0.24271955306821447,0.24223982623155696,0.24999999999999975,0.2021103095345179,0.236208003785657,0.22671395178482381,0.218101865385541,0.23661665060903117,0.02288293564405696,0.2423216293621691,0.23811306651967426,0.22453421510524435,0.2415490189769949,0.24038123895348892,-0.011817853977244011,0.24148304706308235,0.0057052674426600405,0.24236051080967183,0.22660567249378757,0.23863701019697747,0.06010929847638614,0.24018529017724646
-0.15564670327450605,-0.20954100305845186,-0.14621220233674415,-0.2105939531572258,0.11750216216894144,-0.20761815151672913,0.10309459434172676,-0.21056353511920836,-0.17399820166850738,0.11258565621733459,-0.2108407684530542,-0.1499735908576046,0.12257551730837536,-0.20757141268111776,0.14561697523725153,-0.21033706093031154,-0.21070435427591422,0.15365761663650143,-0.2104004198946993,0.11334012272031391,0.07654690532509062,0.1163716940858668,-0.21019373865180935,-0.2247865033097819,-0.21001107036069444,-0.16483291447059104,-0.10372002453370165,0.21077540744721243,0.21031601206424116,0.03938562076870931,0.19562101453663056,0.015197207336819687,0.2075919155825426,0.20733374441931082,0.2021103095345179,0.24999999999999978,0.2019361269894608,0.19982298685812308,0.19525861779029902,0.2023069693287901,0.04219488341841663,0.20777899644575934,0.2097780095166646,0.19733201166714245,0.20755899205581677,0.20893522054286087,0.013110764230715128,0.20862865393301744,0.0213315713210443,0.20788453735666246,0.1993818752197826,0.21004340907076968,0.0321194247304116,0.20996766031012334
