x1,x2,x3,x4,x5,x6,x7,x8,x9,x10,x11,x12,x13,x14,x15,x16,x17,x18,x19,x20,x21,x22,x23,x24,x25,x26,x27,x28,x29,x30,x31,x32,x33,x34,x35,x36,x37,x38,x39,x40,x41,x42,x43,x44,x45,x46,x47,x48,x49,x50,x51,x52,x53,x54,x55,x56,x57,x58,x59,x60
0.25000000000000006,0.2498641929212447,0.24977711638453834,0.2499462683649309,0.24965882402421252,0.2499419195938572,0.24951989845064504,0.24990817920180283,0.24966866342561128,0.24991414070484827,0.24993161531579952,0.2477017063659194,0.24476125496237222,0.24386458205115333,0.24306944511557582,0.24122631185182647,0.2425855821679216,0.24393939824992095,0.24820680199357273,0.24988307541238794,0.24991334936572768,0.2458625355169065,0.24844059677916924,0.2434113476460713,0.24855937867210326,0.24525546856018698,0.2493084639811129,0.24698143177226203,0.2497812041522964,0.24987564375528254,0.2499187005963174,0.24533111112926798,0.24839397013422945,0.24321377271622935,0.24870596751529356,0.2454010472523572,0.24910862707550196,0.24718408383225535,0.2496386662027809,0.2498774537098635,0.24993639508537924,0.24745984200783935,0.24412482061067983,0.24363645682388255,0.24311306061265095,0.24136985099369168,0.24314740442382907,0.24390779911174532,0.24822475232832353,0.2498743403820745,0.24991119755348198,0.2498485584616055,0.24968133998235106,0.24994096058066897,0.2496271512969053,0.24994582286858658,0.2494900345854042,0.24990742317566955,0.24963293177467707,0.24991821857501587
0.2498641929212447,0.25000000000000017,0.24974028871158557,0.2499102690936113,0.24962286348561058,0.24990592094941716,0.24948396058284483,0.24987218541698117,0.2496327041442182,0.2498781460618176,0.24989561815298622,0.2476660290862695,0.24472599793603095,0.24382945519216043,0.24303443591364385,0.24119156848257925,0.24255064318659392,0.24390426399446458,0.24817105321223532,0.2498470852435394,0.24987735483855847,0.24582712378397575,0.2484048144784583,0.24337628948157106,0.2485235792000651,0.24522014487084703,0.24927255656237768,0.246945859488621,0.2497452286567902,0.24983965465675384,0.2498827052989313,0.24529577652149828,0.24835819440406592,0.2431787429199186,0.2486701468435066,0.24536570253232093,0.24907274843859598,0.24714848237965265,0.24960271123712982,0.24984146435085108,0.24990039723699659,0.2474242008444113,0.2440896596518598,0.24360136626460072,0.24307804538070804,0.24133508683009794,0.24311238430847004,0.24387266949431105,0.24818900099699887,0.24983835147152825,0.24987520333322377,0.24981257326437947,0.24964537886020985,0.24990496207494736,0.2495911979864314,0.24990982366255923,0.24945410102455845,0.2498714295002745,0.2495969776339212,0.2498822233447808
0.24977711638453834,0.24974028871158557,0.2500000000000002,0.24982234333280234,0.24953535999954918,0.24981799665466595,0.24939617381748913,0.24978427311703363,0.2495448707067631,0.24979023157310026,0.24980769359003457,0.24757914064244627,0.24463796800981283,0.2437443938942923,0.24294964439902136,0.24110707980387466,0.2424652881052287,0.24381849116717288,0.24808371724622308,0.24975918167264866,0.2497894413569608,0.24574111978219876,0.2483175761002985,0.24329132564103878,0.24843623762556552,0.2451340442023513,0.24918486896370684,0.24685901168589183,0.24965736147169743,0.24975175365728025,0.24979478943336178,0.24520949796046934,0.24827082122434527,0.24309320686785443,0.24858267069692366,0.2452793973461873,0.24898512619716687,0.24706153524879382,0.24951489427575407,0.24975356252502426,0.24981247469638135,0.24733716412189394,0.24400379025082838,0.24351566967824034,0.24299250714393325,0.24125019431118516,0.24302685744018557,0.24378686726863288,0.24810168270718228,0.24975045074631422,0.24978728858998656,0.24972468160556882,0.2495575479366669,0.24981703791114185,0.24950338396485694,0.24982189778830025,0.24936633543258266,0.2497835171342743,0.24950916196444747,0.24979430718114873
0.2499462683649309,0.2499102690936113,0.24982234333280234,0.2500000000000002,0.2497048601267808,0.24998801002380314,0.2495659110553709,0.24995426340988097,0.24971470347237745,0.24996022601261353,0.24997770384450435,0.2477473825930385,0.24480638686513406,0.2439095487839597,0.2431142677562341,0.241270794986609,0.2426303161773077,0.24398438166217362,0.24825257243031282,0.24992915499149976,0.2499594345289408,0.2459078730668781,0.24848641041393538,0.2434562335751914,0.2486052141725204,0.2453006947268831,0.24935443758791975,0.24702697624024714,0.2498272649465942,0.2499217219639339,0.24996478674685524,0.24537635125965046,0.24843977508612242,0.24325862228226947,0.2487518299950997,0.24544630024750524,0.2491545638323471,0.24722966569180174,0.24968470071273385,0.2499235322524858,0.24998248449692512,0.24750547472173037,0.24416983822503585,0.2436813844316437,0.2431578916636401,0.2414143605792191,0.24319224185406216,0.2439527767771537,0.24827052609853417,0.2499204183506322,0.24995728231789638,0.24989463167586082,0.24972738235292358,0.24998705083429662,0.24967318368102207,0.24999191401884227,0.24953604168532736,0.24995350724484666,0.24967896522650485,0.24996430463491406
0.24965882402421252,0.24962286348561058,0.24953535999954918,0.2497048601267808,0.2500000000000002,0.2497005148241242,0.24927890487671098,0.24966680686752987,0.24942753466561796,0.24967276314097475,0.24969022325180992,0.24746121642678137,0.24452454421582362,0.24362562532861623,0.24283375480728878,0.2409929779458916,0.2423514447941316,0.2437035950236015,0.24796704876517617,0.2496417277687509,0.24967197397811605,0.24562410834296683,0.2482006454765039,0.24317564364194255,0.24831928229485878,0.24501840486804555,0.24906764782299118,0.24674281693364777,0.24953995550630811,0.24963430325479855,0.24967732115922447,0.24509408276803704,0.24815401763768194,0.24297863455789454,0.24846570180104946,0.2451639102162472,0.2488680077144177,0.24694532046284465,0.2493975555857997,0.24963611186868284,0.24969499612292947,0.24722081211253644,0.24388887296405984,0.24340104668171197,0.24287811946912513,0.24113655864365066,0.24291247598947252,0.24367216161268704,0.24798499617951097,0.24963300160876198,0.24966982292093715,0.24960724459342892,0.2494401759533275,0.24969955746664754,0.24938604921117427,0.24970441505838809,0.2492490658252531,0.24966605245335208,0.2493918262423842,0.2496768374261609
0.2499419195938572,0.24990592094941716,0.24981799665466595,0.24998801002380314,0.2497005148241242,0.2500000000000001,0.24956201659335547,0.24994991457312832,0.2497103586972252,0.24995587700243915,0.24997335446102564,0.24774307389973949,0.2448020898793262,0.24390530857709708,0.24311004463526065,0.24126660718487863,0.24262610201167395,0.2439801414747676,0.24824825335875328,0.2499248065239714,0.24995508555199253,0.24590360098598812,0.24848209014690686,0.2434520090956317,0.24860089092562743,0.24529643164661624,0.24935009944743922,0.24702267995017269,0.2498229182620389,0.24991737362436034,0.24996043766518183,0.24537208256694676,0.24843545272995876,0.24325439036806404,0.24874750230102852,0.24544203027760897,0.24915022905002263,0.2472253643531016,0.2496803565131485,0.24991918387738,0.24997813509657038,0.2475011687559503,0.24416559015973,0.24367714488552916,0.24315366063306226,0.24141016063204132,0.2431880107648602,0.24394853227466734,0.2482662065328869,0.2499160700298336,0.24995293333179203,0.24989028380364758,0.2497230374352058,0.2499827013541036,0.24966883965589623,0.2499875644540355,0.249531700050859,0.24994915834827303,0.2496746211098161,0.24995995555047776
0.24951989845064504,0.24948396058284483,0.24939617381748913,0.2495659110553709,0.24927890487671098,0.24956201659335547,0.25000000000000017,0.24952783779563137,0.24928869116578456,0.24953384150348173,0.24955128595897144,0.2473246827627222,0.24438924062076237,0.24349550111780283,0.24271248699386375,0.24085792204197712,0.24220483249799638,0.2435633385653586,0.24782896870459584,0.24950281378979255,0.24953303829604143,0.24548837983070593,0.2480619625879783,0.24303959208379328,0.24818054187395017,0.24488049273682572,0.2489290728978545,0.24660489084438114,0.24940110107665384,0.2494953925113533,0.24953839630143762,0.24495754959844498,0.24801576428236025,0.2428427910400245,0.24832733605814886,0.24502719486766036,0.2487294953297258,0.24680785973485553,0.2492587822527646,0.24949720084663407,0.24955605180972915,0.24708322281209139,0.24375269180214837,0.2432653389005547,0.2427425084200724,0.2410019159479136,0.2427770631881511,0.24353637843035797,0.24784697831936056,0.24949409252439117,0.24953088938152668,0.24946834984351213,0.2493013450857965,0.249560611349173,0.24924727034158464,0.24956546623794948,0.249110366601904,0.24952712497967874,0.24925305206641407,0.24953790395136247
0.24990817920180283,0.24987218541698117,0.24978427311703363,0.24995426340988097,0.24966680686752987,0.24994991457312832,0.24952783779563137,0.25000000000000006,0.24967664948918492,0.24992213472438324,0.24993960979468385,0.24770963258193307,0.24476902344712875,0.24387239106759748,0.24307723146649807,0.24123403646047525,0.24259335169090146,0.24394720385212282,0.24821474077695713,0.24989106844185296,0.24992134338418948,0.24587040998477516,0.24844854759891252,0.24341914909756276,0.24856733183055635,0.24526331812211377,0.2493164389201425,0.24698933289785172,0.24978919393567925,0.24988363654660312,0.24992669476875576,0.24533895910656514,0.24840191571533166,0.24322155300864598,0.24871392320625577,0.24540889745454741,0.24911659553503504,0.24719199069447353,0.24964665142757023,0.24988544655459824,0.24994438981600997,0.24746775785073719,0.24413262972905375,0.24364425030803483,0.243120836814646,0.24137757216197822,0.24315518220810672,0.24391560103298562,0.24823269236110454,0.2498823331273023,0.24991919145463853,0.24985655038207452,0.2496893266017368,0.24994895545681436,0.24963513613106125,0.24995381790026228,0.24949801503726352,0.24991541697905265,0.2496409168007645,0.24992621272371143
0.24966866342561128,0.2496327041442182,0.2495448707067631,0.24971470347237745,0.24942753466561796,0.2497103586972252,0.24928869116578456,0.24967664948918492,0.25000000000000017,0.24968260566018902,0.24970006552370566,0.24747214645848326,0.24453527575392675,0.24363858398067273,0.2428444610783165,0.2410024383708927,0.24236034916215035,0.24371302398333217,0.24797680490511562,0.24965156884846582,0.2496818144556423,0.24563463149058098,0.2482103612019429,0.24318559296657621,0.24832903290074798,0.24502804090361105,0.24907747709617722,0.24675251225242412,0.24954979194546353,0.24964414410613703,0.24968716147253475,0.24510379062584287,0.24816382646256294,0.24298838372293446,0.2484755339621924,0.24517365529097335,0.2488778285429661,0.24695506886151264,0.24940738590889022,0.24964595255986363,0.24970483927638878,0.24723056729742118,0.24389860957094817,0.24341071159954114,0.24288780752707775,0.24114618654217324,0.24292211558204346,0.24368181577413123,0.2479947788372912,0.24964284212627194,0.24967966571794004,0.2496170840943632,0.24945001695892072,0.24970940060653712,0.24939588176050842,0.24971425838974906,0.24925889215913594,0.24967589427252526,0.2494016571138083,0.24968667967041774
0.24991414070484827,0.2498781460618176,0.24979023157310026,0.24996022601261353,0.24967276314097475,0.24995587700243915,0.24953384150348173,0.24992213472438324,0.24968260566018902,0.25000000000000017,0.2499455720939849,0.24771554235351637,0.24477489443036318,0.24387821119852346,0.24308302486191416,0.2412397844680366,0.24259914424261142,0.24395302107472508,0.24822066159374478,0.24989702953353418,0.24992730518691375,0.24587627233927117,0.24845447255223788,0.24342494973251835,0.24857326011773462,0.24526916600471316,0.24932238608123702,0.24699522364378643,0.24979515258971835,0.24988959746220224,0.24993265670396422,0.24534481127415417,0.2484078412040245,0.24322735492685363,0.24871985607630162,0.24541475139523877,0.24912253802055034,0.2471978873056229,0.2496526066768544,0.24989140751583927,0.24995035218323058,0.24747366091440332,0.24413845350761573,0.24365006233622152,0.2431266368491688,0.2413833300879456,0.24316098259574365,0.24392141966601866,0.24823861387155766,0.2498882940141076,0.2499251532396925,0.24986251065388854,0.24969528286627046,0.2499549179329273,0.24964109112788885,0.24995978049236756,0.24950396675866404,0.24992137865511233,0.24964687192626628,0.24993217465730147
0.24993161531579952,0.24989561815298622,0.24980769359003457,0.24997770384450435,0.24969022325180992,0.24997335446102564,0.24955128595897144,0.24993960979468385,0.24970006552370566,0.2499455720939849,0.2500000000000002,0.2477338628360825,0.24479239493270222,0.2438951418383395,0.24309988313938807,0.24125665844252892,0.2426162779128594,0.2439701269665837,0.2482380202407418,0.2499145029358809,0.24994478059914305,0.24589362580766497,0.2484718376380394,0.2434418984577644,0.24859063380274218,0.24528630292988007,0.24933981860527188,0.247012499958079,0.2498126187715079,0.24990707034543935,0.2499501324372416,0.24536196687962541,0.24842521212627103,0.24324437206854174,0.24873724911024572,0.24543191478699528,0.24913995699047684,0.2472151721602985,0.24967006284816454,0.24990888053967036,0.24996782933659398,0.24749096401121295,0.24415553217180452,0.24366710287098456,0.2431436467952063,0.24140021511573725,0.24317798873741978,0.2439384787407242,0.24825597158929633,0.2499057668160912,0.24994262880453383,0.2498799816533,0.24971274256281653,0.24997239539365965,0.24965854679686492,0.24997725829310097,0.2495214127613649,0.2499388537706967,0.2496643278241011,0.2499496505277679
0.2477017063659194,0.2476660290862695,0.24757914064244627,0.2477473825930385,0.24746121642678137,0.24774307389973949,0.2473246827627222,0.24770963258193307,0.24747214645848326,0.24771554235351637,0.2477338628360825,0.2500000000000002,0.24256161533858364,0.24168634008913928,0.24091565278126717,0.2390934122743143,0.24044055068824197,0.24178603281012737,0.2460246017047903,0.24768473337952585,0.24771474948456956,0.2436638860543164,0.24625182666717801,0.2412560901583916,0.24637228021617705,0.24309342724681057,0.24711450590485984,0.24480579936130858,0.24758376608547908,0.2476773640362318,0.24772013422147668,0.2431702775353149,0.24620727944301407,0.2410664431979991,0.24651579231253498,0.24323816702170217,0.24691646675590004,0.245008711064124,0.24744250308550897,0.24767917116443297,0.24773758758934586,0.24528202259203788,0.24197178897736002,0.2414898664324792,0.24096998938231964,0.23924082514535147,0.24100541533904574,0.2417599948885496,0.2460406475568572,0.24767608724996934,0.24771262057975452,0.24765053228999878,0.24748439934746386,0.2477421215022084,0.24743100522225933,0.2477469410150658,0.24729512388819022,0.24770887913743092,0.2474368049078077,0.24771957956837276
0.24476125496237222,0.24472599793603095,0.24463796800981283,0.24480638686513406,0.24452454421582362,0.2448020898793262,0.24438924062076237,0.24476902344712875,0.24453527575392675,0.24477489443036318,0.24479239493270222,0.24256161533858364,0.25000000000000033,0.2387240458122706,0.23801494113927282,0.23623867039709834,0.23760591200962353,0.2389105202226746,0.24310185832801176,0.24474446384103202,0.24477418749576602,0.2407548397996981,0.24333068204253555,0.23836615980262502,0.2434451470537159,0.2401978384065072,0.2441800305491004,0.24189757800594644,0.2446447102537239,0.24473718206464806,0.2447795120619355,0.24028102018150496,0.24328337244040812,0.23819839220291703,0.24358813061277573,0.24034719290104947,0.24398459156961164,0.24209947625896622,0.24450512292260265,0.24473898353923088,0.24479670114771046,0.24236939471619834,0.23909503231203177,0.2386204705091829,0.23810637973081358,0.23639614694094585,0.23814206175112612,0.23888849934014764,0.243119593591173,0.24473593769940744,0.24477205472648342,0.24471068626874343,0.24454618977094464,0.24480118822281635,0.2444937171365027,0.24480595052393989,0.2443594679843685,0.24476834047368012,0.24449949530038267,0.244778913883514
0.24386458205115333,0.24382945519216043,0.2437443938942923,0.2439095487839597,0.24362562532861623,0.24390530857709708,0.24349550111780283,0.24387239106759748,0.24363858398067273,0.24387821119852346,0.2438951418383395,0.24168634008913928,0.2387240458122706,0.25000000000000056,0.23703262756598298,0.23524802247631202,0.23672158245272815,0.23803809976884743,0.2422099793082315,0.24384785275909926,0.24387738368583495,0.23987125318573235,0.24242493754819588,0.23737476994508802,0.24254237725798727,0.23929122593203894,0.24328727477156772,0.24101123695142482,0.24374846171576497,0.2438405859770094,0.2438828040440333,0.2394017566884209,0.2423927342154409,0.23732367018754424,0.24269708950560348,0.239466142320871,0.24309096692358742,0.24121258609913732,0.24360943244960187,0.24384239150697484,0.24389989618616456,0.24148173504056172,0.23821750753212012,0.23774532505293397,0.2372317872687669,0.23552873574555533,0.23726889435136297,0.23801257999519795,0.2422288963428251,0.2438393577831305,0.2438752973156685,0.24381419877799612,0.24365024648296466,0.24390436918844513,0.2435979889515841,0.24390911404332938,0.24346425097185523,0.24387164177576245,0.2436037881145623,0.2438821764503182
0.24306944511557582,0.24303443591364385,0.24294964439902136,0.2431142677562341,0.24283375480728878,0.24311004463526065,0.24271248699386375,0.24307723146649807,0.2428444610783165,0.24308302486191416,0.24309988313938807,0.24091565278126717,0.23801494113927282,0.23703262756598298,0.25000000000000033,0.23439413094494863,0.2358645331227156,0.23726626104012327,0.2414298316534499,0.24305273525574392,0.24308221566917348,0.23912630303006982,0.24165465000537592,0.23666542256330877,0.24177383790117976,0.23850377885013302,0.24249317127367997,0.2402276331629537,0.24295358091406855,0.24304547022461445,0.24308752756755841,0.23861688770139913,0.24160212690550745,0.23654915925445258,0.24190409882914238,0.23868291285854376,0.24229683341784425,0.2404250603328537,0.24281497721193154,0.24304733059101674,0.2431046465889003,0.24069213854705496,0.23744137167960142,0.23696971016229162,0.23646286389982682,0.2347599006557348,0.23649500460658654,0.23723734295603424,0.24143883896119187,0.24304430513770853,0.24308032684551958,0.24301922868240636,0.2428556325624891,0.243109105053403,0.24280379229522134,0.24311383443706142,0.24267044562718434,0.24307648434659843,0.2428094799128833,0.2430869846763632
0.24122631185182647,0.24119156848257925,0.24110707980387466,0.241270794986609,0.2409929779458916,0.24126660718487863,0.24085792204197712,0.24123403646047525,0.2410024383708927,0.2412397844680366,0.24125665844252892,0.2390934122743143,0.23623867039709834,0.23524802247631202,0.23439413094494863,0.25000000000000044,0.23391436528895082,0.23534768333963452,0.239599524158119,0.24120974252096083,0.24123896333880573,0.23732843856223454,0.23982795312680946,0.23487502266802934,0.23995319140127896,0.2365820748060116,0.24065988057119508,0.23837670326275615,0.2411117087702103,0.24120260324651935,0.241244460372911,0.23681396216500872,0.23976873757900305,0.23475462811403017,0.24007546353455075,0.23687609409237212,0.2404619801950929,0.23860353446735336,0.2409740536278437,0.24120436264865538,0.2412612443321571,0.238870718164076,0.2356382977023701,0.2351724482750513,0.23466039210259615,0.2329794970765137,0.23470124983925747,0.23543633329397748,0.23960840464601804,0.2412013636804734,0.2412367715120439,0.24117647651309138,0.24101433699153577,0.24126567143220462,0.24096253032611495,0.24127036495500778,0.24083028438070397,0.24123329808535682,0.24096836246363212,0.24124371878776646
0.2425855821679216,0.24255064318659392,0.2424652881052287,0.2426303161773077,0.2423514447941316,0.24262610201167395,0.24220483249799638,0.24259335169090146,0.24236034916215035,0.24259914424261142,0.2426162779128594,0.24044055068824197,0.23760591200962353,0.23672158245272815,0.2358645331227156,0.23391436528895082,0.2500000000000002,0.23662379495470187,0.2409256019990053,0.24256890860071367,0.2425982765972098,0.23866720845848274,0.2411796161460688,0.23628498799749756,0.24129603048212717,0.23799369561752742,0.24201287992478374,0.23970289746965429,0.24247015315086662,0.24256167603885825,0.24260372045788192,0.23814316594112733,0.2411197442645146,0.23607573935507423,0.24142322584098877,0.23820775826102647,0.24181521227097358,0.23994681895154993,0.24233172462447725,0.24256351068454174,0.24262071082016934,0.2402141401470853,0.23696620241481142,0.23649700303687227,0.23598747153794938,0.23429090358922158,0.23602324367765115,0.23676375611466924,0.24095824490469173,0.24256049308678895,0.24259631327710013,0.24253546627255193,0.24237215578346527,0.24262516375221585,0.24232038788620236,0.24262988372186256,0.2421873470123804,0.2425926079825887,0.24232615139812758,0.24260308740870515
0.24393939824992095,0.24390426399446458,0.24381849116717288,0.24398438166217362,0.2437035950236015,0.2439801414747676,0.2435633385653586,0.24394720385212282,0.24371302398333217,0.24395302107472508,0.2439701269665837,0.24178603281012737,0.2389105202226746,0.23803809976884743,0.23726626104012327,0.23534768333963452,0.23662379495470187,0.2500000000000005,0.24224513999844732,0.2439226447978247,0.24395222803401873,0.24000214854349342,0.24252258959775763,0.23760396919780485,0.24264664455641033,0.23939373333349728,0.24336609299800763,0.24102057084535133,0.24382357194829796,0.24391542777874672,0.2439575540138757,0.23947938174353853,0.24246920477244363,0.23740803295776644,0.24277337620520045,0.2395461136613244,0.2431670728923142,0.241288026775521,0.24368418813220216,0.24391720663182176,0.24397473862004124,0.2415576267907229,0.23829834170303685,0.23782320684846336,0.23730978834893418,0.2356094450316099,0.23734600073701814,0.23808837991596835,0.2423038030595266,0.24391416945306613,0.2439500747670832,0.24388900239216488,0.24372561384532807,0.24397920048331775,0.24367280807832592,0.24398394679318128,0.24353899747970298,0.24394646303471362,0.24367853010624838,0.2439570009354741
0.24820680199357273,0.24817105321223532,0.24808371724622308,0.24825257243031282,0.24796704876517617,0.24824825335875328,0.24782896870459584,0.24821474077695713,0.24797680490511562,0.24822066159374478,0.2482380202407418,0.2460246017047903,0.24310185832801176,0.2422099793082315,0.2414298316534499,0.239599524158119,0.2409256019990053,0.24224513999844732,0.25000000000000033,0.24819003938692064,0.24821987755628525,0.2441985803104991,0.24675703398987864,0.2417588045621345,0.2468742744004506,0.2436021056953434,0.24761852514084456,0.2452919205048539,0.24808865762359464,0.24818242062344553,0.2482252004899161,0.24366765690808684,0.24671030652650328,0.24156388367455428,0.24701996116670139,0.2437370166616753,0.24742033648761746,0.2455088293403941,0.24794704169421627,0.24818422370500057,0.2482427641209798,0.24578258809978473,0.2424693923628769,0.2419847400034373,0.24146512137726286,0.2397329048280618,0.24149908131442652,0.24225463200329658,0.24654261319654763,0.2481811317698935,0.24821775843922245,0.24815552463803572,0.24798933243533938,0.248247300613611,0.24793560908220041,0.24825212995359872,0.24779942371512947,0.24821399046510093,0.24794135719000118,0.24822471271340824
0.24988307541238794,0.2498470852435394,0.24975918167264866,0.24992915499149976,0.2496417277687509,0.2499248065239714,0.24950281378979255,0.24989106844185296,0.24965156884846582,0.24989702953353418,0.2499145029358809,0.24768473337952585,0.24474446384103202,0.24384785275909926,0.24305273525574392,0.24120974252096083,0.24256890860071367,0.2439226447978247,0.24819003938692064,0.25000000000000056,0.24989623824068252,0.24584570586680876,0.24842358909269543,0.24339468583929727,0.24854236225139917,0.24523868007749916,0.2492913941640046,0.24696452441426894,0.24976410205249283,0.2498585351890769,0.24990158919944003,0.24531431127230136,0.2483769618211426,0.24319711383970788,0.24868893763631933,0.245384241592268,0.24909157043551494,0.24716715885095847,0.24962157390964465,0.24986034504704577,0.24991928238138889,0.24744289817212217,0.24410810123404886,0.2436197726360691,0.24309641144128818,0.24135331989348432,0.24313075396294123,0.24389109737333967,0.248207756493633,0.24985723193426088,0.24989408659710804,0.24983145177917715,0.24966424442931404,0.24992384757162803,0.24961005971372116,0.24992870952663412,0.24947295241654308,0.2498903124628719,0.24961583985862926,0.24990110712307984
0.24991334936572768,0.24987735483855847,0.2497894413569608,0.2499594345289408,0.24967197397811605,0.24995508555199253,0.24953303829604143,0.24992134338418948,0.2496818144556423,0.24992730518691375,0.24994478059914305,0.24771474948456956,0.24477418749576602,0.24387738368583495,0.24308221566917348,0.24123896333880573,0.2425982765972098,0.24395222803401873,0.24821987755628525,0.24989623824068252,0.25000000000000067,0.2458752148695701,0.24845369929197064,0.2434241934075224,0.24857247928598294,0.2452684205075224,0.24932159515076632,0.2469944418641338,0.24979436177316858,0.249888806175985,0.24993186578201326,0.24534402701529057,0.24840704987964837,0.24322654932742607,0.24871906125598994,0.2454139587926918,0.2491217478986773,0.24719710225279962,0.2496518164472008,0.2498906162382948,0.24994956069005528,0.24747287658639483,0.24413765430843087,0.2436492763350257,0.24312584031248366,0.24138254044416094,0.2431601992299627,0.24392063652045676,0.24823782647916745,0.249887502758217,0.2499243615849613,0.2498617194796051,0.24969449063216104,0.2499541264660639,0.24964030024008507,0.24995898901011063,0.24950317650427745,0.24992058729444083,0.24964608147883552,0.24993138326245531
0.2458625355169065,0.24582712378397575,0.24574111978219876,0.2459078730668781,0.24562410834296683,0.24590360098598812,0.24548837983070593,0.24587040998477516,0.24563463149058098,0.24587627233927117,0.24589362580766497,0.2436638860543164,0.2407548397996981,0.23987125318573235,0.23912630303006982,0.23732843856223454,0.23866720845848274,0.24000214854349342,0.2441985803104991,0.24584570586680876,0.2458752148695701,0.2500000000000006,0.2444041565050504,0.23942419481357619,0.2445474489046165,0.2412831092298807,0.2452808032766914,0.2429860168085982,0.24574543936269094,0.24583839934051027,0.24588077039463008,0.2413674863561532,0.24437961676672249,0.23928153743921274,0.24468357296749538,0.24143486647902318,0.245083972644231,0.24319012579205268,0.24560525148367127,0.24584016955819835,0.24589815656191244,0.24346139438424924,0.24017869107959747,0.23969901821241607,0.23918368528728876,0.23746836286107098,0.23921792095049776,0.2399663186947071,0.24421405250842088,0.24583710718425666,0.24587336712558758,0.24581174186933424,0.24564709672006746,0.24590265104071046,0.24559389043722896,0.2459074347685727,0.2454589978701358,0.24586965550042278,0.2455995997631786,0.24588027647903457
0.24844059677916924,0.2484048144784583,0.2483175761002985,0.24848641041393538,0.2482006454765039,0.24848209014690686,0.2480619625879783,0.24844854759891252,0.2482103612019429,0.24845447255223788,0.2484718376380394,0.24625182666717801,0.24333068204253555,0.24242493754819588,0.24165465000537592,0.23982795312680946,0.2411796161460688,0.24252258959775763,0.24675703398987864,0.24842358909269543,0.24845369929197064,0.2444041565050504,0.2500000000000008,0.24195080555758508,0.24715077231874524,0.24382570365321635,0.24785911493460044,0.2455378691570117,0.24832245782136458,0.24841614874865522,0.24845925666054489,0.24389495086880789,0.246934340829707,0.24178785104204553,0.2472697019732485,0.2439643333699864,0.2476544494396653,0.24573984356554737,0.24818076652350385,0.24841799567142256,0.24847658722648885,0.2460148989053029,0.24269505178267228,0.24221188773691357,0.24168968591404383,0.23995660981132633,0.2417254672901685,0.24248179529138839,0.24677473500892844,0.24841490252863754,0.24845150915847167,0.2483892712016377,0.2482227793169726,0.24848113363165927,0.24816909588048167,0.2484859675209728,0.24803280728396812,0.24844779210653192,0.2481749105393709,0.24845852445525016
0.2434113476460713,0.24337628948157106,0.24329132564103878,0.2434562335751914,0.24317564364194255,0.2434520090956317,0.24303959208379328,0.24341914909756276,0.24318559296657621,0.24342494973251835,0.2434418984577644,0.2412560901583916,0.23836615980262502,0.23737476994508802,0.23666542256330877,0.23487502266802934,0.23628498799749756,0.23760396919780485,0.2417588045621345,0.24339468583929727,0.2434241934075224,0.23942419481357619,0.24195080555758508,0.2500000000000009,0.24207061147802816,0.23882105032388212,0.24283439635261453,0.24056049825353473,0.24329533697904016,0.24338746620265658,0.24342957946180913,0.23895787893307202,0.24194095944905633,0.23687868867321904,0.24224168297215815,0.23901950241251174,0.24263959643474145,0.2407640725055698,0.24315669172630883,0.24338919986591398,0.24344659481460498,0.24103273234203376,0.23777174760339279,0.23730179557341988,0.23678804178268284,0.2350882849781398,0.2368263305539904,0.23756902066240754,0.24177852796257746,0.24338617300261062,0.24342202878573388,0.24336106078551284,0.2431972290281347,0.24345106361103633,0.2431452097544322,0.24345579964779585,0.2430117400280963,0.24341839702225815,0.24315104504426194,0.24342891211921694
0.24855937867210326,0.2485235792000651,0.24843623762556552,0.2486052141725204,0.24831928229485878,0.24860089092562743,0.24818054187395017,0.24856733183055635,0.24832903290074798,0.24857326011773462,0.24859063380274218,0.24637228021617705,0.2434451470537159,0.24254237725798727,0.24177383790117976,0.23995319140127896,0.24129603048212717,0.24264664455641033,0.2468742744004506,0.24854236225139917,0.24857247928598294,0.2445474489046165,0.24715077231874524,0.24207061147802816,0.2500000000000007,0.24391694430296235,0.24799016323804668,0.2456510039756277,0.24844196415018668,0.24853494717522773,0.24857812516560418,0.24400208451511968,0.24710888189597136,0.24190353689537308,0.2473659792498803,0.24408117284136208,0.2477701758549246,0.2458570060486169,0.24829923389647077,0.24853676638887215,0.24859538455580485,0.24613225901851235,0.24281040170747686,0.24232832809203442,0.2418046887097482,0.24006952485538144,0.2418399822195704,0.2425970271130851,0.24689258591933846,0.24853367201263468,0.2485703196282074,0.2485080285218021,0.24834135083100797,0.2485999348670649,0.24828773899263357,0.24860477106764234,0.24815138724087996,0.24856657740001833,0.24829356408962922,0.248577314881172
0.24525546856018698,0.24522014487084703,0.2451340442023513,0.2453006947268831,0.24501840486804555,0.24529643164661624,0.24488049273682572,0.24526331812211377,0.24502804090361105,0.24526916600471316,0.24528630292988007,0.24309342724681057,0.2401978384065072,0.23929122593203894,0.23850377885013302,0.2365820748060116,0.23799369561752742,0.23939373333349728,0.2436021056953434,0.24523868007749916,0.2452684205075224,0.2412831092298807,0.24382570365321635,0.23882105032388212,0.24391694430296235,0.25000000000000067,0.24466343566403478,0.24237462916524732,0.2451390523930237,0.24523145986762343,0.24527389245721087,0.2407606639614986,0.24377402828096326,0.2386795889616608,0.2440820086795581,0.2408324393402866,0.24447633507819816,0.2425882340362472,0.24499884450448894,0.24523315461206846,0.24529098795326953,0.2428594265600861,0.23957697263370809,0.23910265935153982,0.23858544645244606,0.23687261481094563,0.2386224458102768,0.2393702694219475,0.24361048851299333,0.24523010340769275,0.24526625047867992,0.24520480089384045,0.24503995571439896,0.24529548559460043,0.24498736529916637,0.24530025751186676,0.2448528608474531,0.2452625715203202,0.2449931901694484,0.24527316627943352
0.2493084639811129,0.24927255656237768,0.24918486896370684,0.24935443758791975,0.24906764782299118,0.24935009944743922,0.2489290728978545,0.2493164389201425,0.24907747709617722,0.24932238608123702,0.24933981860527188,0.24711450590485984,0.2441800305491004,0.24328727477156772,0.24249317127367997,0.24065988057119508,0.24201287992478374,0.24336609299800763,0.24761852514084456,0.2492913941640046,0.24932159515076632,0.2452808032766914,0.24785911493460044,0.24283439635261453,0.24799016323804668,0.24466343566403478,0.2500000000000007,0.24639031953193224,0.2491901736527936,0.24928415650361263,0.24932702414971195,0.24474845519456134,0.24780195029190255,0.24263454944459925,0.24811989775087423,0.24481764229128314,0.24851884715480596,0.24659827642349738,0.24904762213868037,0.24928578489304837,0.2493445833708073,0.24687359686504662,0.24354446241456523,0.2430585129306722,0.24253610037233125,0.24079607924950994,0.24257050422318657,0.24332952899992794,0.24763682032839485,0.24928267982410685,0.24931946398346963,0.2492569590504097,0.24908995185755756,0.24934914237230252,0.24903605153724376,0.24935399314737763,0.2488992678792713,0.24931568437661006,0.24904184247830033,0.2493264542161566
0.24698143177226203,0.246945859488621,0.24685901168589183,0.24702697624024714,0.24674281693364777,0.24702267995017269,0.24660489084438114,0.24698933289785172,0.24675251225242412,0.24699522364378643,0.247012499958079,0.24480579936130858,0.24189757800594644,0.24101123695142482,0.2402276331629537,0.23837670326275615,0.23970289746965429,0.24102057084535133,0.2452919205048539,0.24696452441426894,0.2469944418641338,0.2429860168085982,0.2455378691570117,0.24056049825353473,0.2456510039756277,0.24237462916524732,0.24639031953193224,0.25000000000000083,0.246863356667045,0.24695737202938284,0.24699978229839656,0.24246374399783452,0.24549020024997062,0.24037002944066221,0.24580106136317392,0.24253233597177687,0.24619721209559225,0.2442963269970772,0.24672304345541116,0.24695896435120554,0.24701721364563772,0.24456943435835155,0.2412716958998528,0.24079025334665238,0.24027253563589815,0.23854874620825858,0.24030670214164646,0.2410584340154572,0.24532544404287945,0.24695588830524473,0.24699231042738298,0.24693040755925913,0.24676498488349452,0.24702173044995607,0.2467115623701554,0.24702653594810672,0.24657605633881452,0.24698858475000804,0.2467172999970565,0.24699925406378945
0.2497812041522964,0.2497452286567902,0.24965736147169743,0.2498272649465942,0.24953995550630811,0.2498229182620389,0.24940110107665384,0.24978919393567925,0.24954979194546353,0.24979515258971835,0.2498126187715079,0.24758376608547908,0.2446447102537239,0.24374846171576497,0.24295358091406855,0.2411117087702103,0.24247015315086662,0.24382357194829796,0.24808865762359464,0.24976410205249283,0.24979436177316858,0.24574543936269094,0.24832245782136458,0.24329533697904016,0.24844196415018668,0.2451390523930237,0.2491901736527936,0.246863356667045,0.25000000000000083,0.24975676176117037,0.2497997146730862,0.24521416094849877,0.24827544534513912,0.24309859417679774,0.24858693742845975,0.24528450593386927,0.24898979741106633,0.24706641412489766,0.24951978453995605,0.2497584831857265,0.24981739686372104,0.24734218714435913,0.24400906781377052,0.24352078732656435,0.24299761569828196,0.24125518763401,0.2430318335801594,0.2437917676531876,0.24810659678067012,0.249755371226036,0.24979220931555784,0.24972960156473523,0.24956249393713406,0.24982195969047455,0.24950830364329887,0.2498268196633423,0.24937125096799678,0.24978843825343855,0.24951407780780596,0.24979922851261105
0.24987564375528254,0.24983965465675384,0.24975175365728025,0.2499217219639339,0.24963430325479855,0.24991737362436034,0.2494953925113533,0.24988363654660312,0.24964414410613703,0.24988959746220224,0.24990707034543935,0.2476773640362318,0.24473718206464806,0.2438405859770094,0.24304547022461445,0.24120260324651935,0.24256167603885825,0.24391542777874672,0.24818242062344553,0.2498585351890769,0.249888806175985,0.24583839934051027,0.24841614874865522,0.24338746620265658,0.24853494717522773,0.24523145986762343,0.24928415650361263,0.24695737202938284,0.24975676176117037,0.25000000000000067,0.24989415799244458,0.24530703728096673,0.24836933337419695,0.24318993900366137,0.24868170441796947,0.2453769199612041,0.2490840432392568,0.24715978532826677,0.24961415074668789,0.2498529140774787,0.24991184966876748,0.2474355448166171,0.24410088370778707,0.24361256271043627,0.2430892327621658,0.24134616575628648,0.24312355064925215,0.24388386140127227,0.248200377313079,0.24984980104600266,0.2498866548063717,0.24982402165735512,0.2496568212502981,0.2499164147019115,0.2496026367452635,0.24992127651231488,0.24946553327490242,0.24988288059052535,0.249608416086366,0.24989367492967257
0.2499187005963174,0.2498827052989313,0.24979478943336178,0.24996478674685524,0.24967732115922447,0.24996043766518183,0.24953839630143762,0.24992669476875576,0.24968716147253475,0.24993265670396422,0.2499501324372416,0.24772013422147668,0.2447795120619355,0.2438828040440333,0.24308752756755841,0.241244460372911,0.24260372045788192,0.2439575540138757,0.2482252004899161,0.24990158919944003,0.24993186578201326,0.24588077039463008,0.24845925666054489,0.24342957946180913,0.24857812516560418,0.24527389245721087,0.24932702414971195,0.24699978229839656,0.2497997146730862,0.24989415799244458,0.2500000000000006,0.24535140632297392,0.24841232132343719,0.2432316608706303,0.248724430611757,0.24541919936268256,0.24912708888561427,0.24720240273314892,0.249657161226639,0.24989596698705988,0.2499549128110234,0.24747810933500744,0.24414285861595159,0.2436544140434385,0.24313102234790807,0.24138769997100476,0.24316540884010515,0.2439258574126188,0.24824314319521024,0.24989285343707007,0.24992971279537193,0.24986706960513622,0.24969983877413446,0.2499594785703224,0.24964564542933118,0.24996434121848787,0.2495085190002916,0.24992593868056223,0.24965142704833887,0.24993673487972717
0.24533111112926798,0.24529577652149828,0.24520949796046934,0.24537635125965046,0.24509408276803704,0.24537208256694676,0.24495754959844498,0.24533895910656514,0.24510379062584287,0.24534481127415417,0.24536196687962541,0.2431702775353149,0.24028102018150496,0.2394017566884209,0.23861688770139913,0.23681396216500872,0.23814316594112733,0.23947938174353853,0.24366765690808684,0.24531431127230136,0.24534402701529057,0.2413674863561532,0.24389495086880789,0.23895787893307202,0.24400208451511968,0.2407606639614986,0.24474845519456134,0.24246374399783452,0.24521416094849877,0.24530703728096673,0.24535140632297392,0.25000000000000083,0.24382710003584962,0.23868817972071646,0.24417064532697885,0.2409000640280177,0.24456450902229734,0.24266464174341737,0.24507550650550222,0.24530878604876857,0.24536662226208567,0.24289275740117572,0.2396405641526078,0.23914753015828658,0.23866147322631126,0.23694250159481084,0.23869534305752363,0.23944303290304894,0.24368525390801826,0.24530573796148228,0.24534186311163456,0.24528042784639406,0.24511488352436905,0.24537114052062334,0.2450628129430637,0.24537591391006638,0.24492830996478443,0.24533821629028554,0.24506876538525646,0.24534881432170588
0.24839397013422945,0.24835819440406592,0.24827082122434527,0.24843977508612242,0.24815401763768194,0.24843545272995876,0.24801576428236025,0.24840191571533166,0.24816382646256294,0.2484078412040245,0.24842521212627103,0.24620727944301407,0.24328337244040812,0.2423927342154409,0.24160212690550745,0.23976873757900305,0.2411197442645146,0.24246920477244363,0.24671030652650328,0.2483769618211426,0.24840704987964837,0.24437961676672249,0.246934340829707,0.24194095944905633,0.24710888189597136,0.24377402828096326,0.24780195029190255,0.24549020024997062,0.24827544534513912,0.24836933337419695,0.24841232132343719,0.24382710003584962,0.2500000000000004,0.24170746788891967,0.2472319313006078,0.24391790491488716,0.24761130362084335,0.24569458514561948,0.24813521590934037,0.2483713714994693,0.248429936764589,0.2459637508854819,0.24265160281096315,0.24214713706124244,0.24165053609285878,0.2399157914097479,0.24168295948215354,0.2424372667645487,0.24672872295884607,0.24836828067809832,0.2484048399751599,0.248342654092082,0.248176218012091,0.24843449929454758,0.24812248758149144,0.2484393322762766,0.2479862619868151,0.24840116402893425,0.24812834241487955,0.24841189436074237
