x1,x2,x3,x4,x5,x6,x7,x8,x9,x10,x11,x12,x13,x14,x15,x16,x17,x18,x19,x20,x21,x22,x23,x24,x25,x26,x27,x28,x29,x30,x31,x32,x33,x34,x35,x36,x37,x38,x39,x40,x41,x42,x43,x44,x45,x46,x47,x48,x49,x50,x51,x52,x53,x54,x55,x56,x57,x58,x59,x60
0.25,0.039850932239247135,-0.07280350206604926,0.17959306275954076,0.08397117716025257,0.1272175577475015,-0.030071480531218574,0.02527288313378181,0.19024385094446056,-0.022381122350021716,0.229706214310283,-0.22937904504952725,0.22992876567293308,-0.22935889465834133,0.22894658187622244,-0.22963867654023656,0.22898976789693634,-0.2294176015375525,0.229354714836282,-0.23003759824093473,0.07366642881046116,-0.0952188934227764,0.0605029959634146,-0.0742806601397862,-0.035993363594399065,0.03552585772828417,-0.12620268069254165,0.1260799955770331,-0.22917904947786666,0.22571091695270304,-0.07398232255986457,0.056828609871210245,-0.08163229932207357,-0.00015936315944914406,-0.03474724825955188,0.01527295204763966,-0.10225827814176777,0.10224108081974934,-0.2295508737245403,0.22952876780515288,0.2298771680237883,-0.23000585278432636,0.22941006311512516,-0.22989214476068273,0.22765750261359163,-0.22897504122692966,0.22512549149855915,-0.23002847085103403,0.2287566949379015,-0.2300375921963866,0.2108813598541764,0.027834336622279486,-0.058648617108774954,0.11998752011371466,0.10111723681805727,0.11117296856402739,-0.039086135908115806,0.001306103027581134,0.20118550305486088,-0.021934236518532782
0.039850932239247135,0.25000000000000006,-0.20991704673127712,0.06291754308941615,0.1786122100569744,-0.010067744063217811,-0.14239378686217877,0.13149545670091772,0.024597949826343123,0.002033551578137519,0.03705179800267863,-0.03722862823420211,0.03771149387930244,-0.03727308319614982,0.036988743624251426,-0.03747983969777998,0.036957600827306314,-0.03788835689962531,0.037848066409008216,-0.03777411207576165,0.008949622591885597,-0.012426401201092473,0.006501329597194982,-0.009076429239949623,-0.008916076001763765,0.008831336360719375,-0.022977728054817372,0.022957524894329437,-0.03765405414613101,0.03706402662560667,-0.009010232132775397,0.006088726083674185,-0.010167586877782823,-0.003159062240050082,-0.00329667437989846,0.00033141836034527477,-0.015664832875512822,0.015661808461636624,-0.03768832530691057,0.03768470055983176,0.03774731300565016,-0.03776821574117727,0.03767417129332329,-0.037748372777085835,0.03737074269729907,-0.03758757154527044,0.036986820806753064,-0.03777252866094108,0.037568600743585936,-0.03777411113462214,0.03462030570255667,0.0045935185700539324,-0.00964372056446874,0.01970430185238836,0.01663542639986927,0.018265571419139603,-0.006436673212527731,0.00024184928030762925,0.03305411491670759,-0.0035904543737189905
-0.07280350206604926,-0.20991704673127712,0.2500000000000001,-0.07887870529275957,-0.21475888394055792,0.004410099156932866,0.16967026724086265,-0.15534480134186396,-0.042919371255175524,-0.0013669068050883506,-0.059648667165899213,0.05934725249107612,-0.05991634652013953,0.05937187082415908,-0.05901799023342414,0.05962762293718208,-0.05898860982521351,0.06007385545649564,-0.060023526321869504,0.05999223797278913,-0.015512009139476444,0.02104272012793809,-0.011770971377920308,0.015732271556694426,0.012839588234499079,-0.012708354904059624,0.035488519091333035,-0.035456440436074384,0.05979212385466867,-0.05886456126015195,0.015604722838030653,-0.011030505077796791,0.01748972357160658,0.0036807057499451965,0.006273636040903054,-0.0014681432827427319,0.025367574555055613,-0.02536285322384216,0.05985852424909927,-0.05985276490729166,-0.05994986209433982,0.059983156882617114,-0.05983215612087175,0.05995215559734191,-0.05935703167539782,0.05970118985716466,-0.058733492907156605,0.059989759700491384,-0.05966376885055018,0.05999223645111819,-0.05498695759623858,-0.007285583581803442,0.01531044639956596,-0.031293538463591286,-0.02640673880228031,-0.02900474868554624,0.010214712170425142,-0.00037226247543322056,-0.052488310168133594,0.005707208244261933
0.17959306275954076,0.06291754308941615,-0.07887870529275957,0.24999999999999997,0.05616734787837571,0.12156597101696855,-0.016242197703878285,0.015641659931019153,0.1488398456173113,-0.02068482554639256,0.18499302738298662,-0.185301014064696,0.18584272214531433,-0.18535272502733338,0.18501151755217501,-0.18558397835291085,0.1850006669024197,-0.1854093204195069,0.18535198707604114,-0.18591303720564706,0.059563651915366146,-0.0770088027727887,0.04872309863133963,-0.05985769792318288,-0.029505725488319652,0.02912755912304376,-0.10229171855660528,0.1021925569190636,-0.18522212038879493,0.18241427567369803,-0.05981884622332075,0.045842934441244175,-0.06591414237912012,-0.00036721597446078013,-0.027850834072799938,0.01213039199460196,-0.08253439475115805,0.0825204973461609,-0.18551908311796358,0.18550121867192002,0.18578337642135084,-0.18588736812307696,0.18540622856940026,-0.1857953183062284,0.18398820705689703,-0.18505308003617896,0.18194503160638278,-0.18590565331387382,0.18487824507794146,-0.18591303229499923,0.1704304144841735,0.022496820992876313,-0.047399575295271036,0.0969719392890594,0.08172403899284839,0.08984936555238668,-0.0315904120677394,0.0010581775567892904,0.1625969949098462,-0.017725827295326676
0.08397117716025257,0.1786122100569744,-0.21475888394055792,0.05616734787837571,0.25000000000000017,0.004904071161411811,-0.1919040206175443,0.17460015026605147,0.06382617260805082,0.0024313876765850837,0.08042286337186295,-0.08008082591772565,0.08069230770447362,-0.0800555425979793,0.07966505263746829,-0.08033713222516556,0.07968194922307027,-0.08080283263225971,0.08075157706326067,-0.08073866348672075,0.021933336893439515,-0.02938889819182316,0.01721252428044632,-0.022434741146766808,-0.015820504754174704,0.015646990412010234,-0.046706974969910456,0.04666386180908731,-0.08045948475710996,0.07922310645290627,-0.02205513213171331,0.016045531354360733,-0.024728351457832712,-0.003623975921614412,-0.009512619579602566,0.0029411736813884605,-0.03463662246550605,0.03463033740811019,-0.0805613384007899,0.08055358457683807,0.0806817981003219,-0.08072669344897264,0.08052179792903495,-0.08068553080606287,0.07988941914275702,-0.08035236636376127,0.07903609061535428,-0.0807353645934529,0.08029452585033738,-0.08073866145462225,0.07400613392202168,0.009795662171182945,-0.020599943729170327,0.04211520010257286,0.03552536946292736,0.03903066072885839,-0.01373921287539182,0.0004889424175971129,0.07063180882627575,-0.0076858808452281765
0.1272175577475015,-0.010067744063217811,0.004410099156932866,0.12156597101696855,0.004904071161411811,0.25000000000000017,-0.05948765498324314,0.04821460353035795,0.15674471295069753,0.02237262470641141,0.14276369445403977,-0.143112631579816,0.14364508374320506,-0.1431209058819587,0.1427538204036488,-0.14337028736821966,0.14359462301121367,-0.14319758025536397,0.14324129514563813,-0.1437252332415733,0.045602134710002795,-0.05903489309479211,0.0375422164191832,-0.04619038701377242,-0.022284734715135982,0.0219920426617498,-0.07871647713416159,0.07863982989723413,-0.14318740425690862,0.14102473532519103,-0.045800682176870604,0.03518105255122258,-0.05065541960267003,-0.0001356822907298966,-0.021758810059656988,0.009593651098366624,-0.06391442923553749,0.06390365611369193,-0.14342129486424132,0.14340748203636214,0.14362494422308186,-0.14370532579505463,0.14333301092671522,-0.14363437372323268,0.14223854685018178,-0.143061697782747,0.1406557594744979,-0.14371953089525408,0.14292491556010797,-0.14372522954601863,0.13175685467415352,0.017391290720999285,-0.03664388776543621,0.0749675974640603,0.06317713363010286,0.06945952139155429,-0.024420590152687886,0.0008155238676528684,0.1256982053205495,-0.013704552105411983
-0.030071480531218574,-0.14239378686217877,0.16967026724086265,-0.016242197703878285,-0.1919040206175443,-0.05948765498324314,0.2499999999999998,-0.21273742847159113,-0.06174597915682678,-0.03825059289983959,-0.025961171181333103,0.025614566025866536,-0.026238706258152035,0.025590004557989952,-0.025200618636117382,0.02587160127602173,-0.02604181820477048,0.026354939477646704,-0.026408356149873063,0.02627313043049141,-0.003736517720542777,0.00602489637316707,-0.0022765765509412455,0.004311114280141485,0.007399533114404956,-0.007335268932849694,0.016866945586784816,-0.01685283313278792,0.02619725450456907,-0.02578447436580226,0.0037857388732173303,-0.0019413704936891434,0.004705207708000635,0.003958342372560008,0.0010774659997517158,0.0008443679215240692,0.010341136296149852,-0.010338872874887144,0.026210583272299335,-0.026208062071984627,-0.026254143334547807,0.026268530253974864,-0.026205015484522313,0.026254256443899622,-0.02598646251068684,0.026137483611154366,-0.025735032275507264,0.02627198470058163,-0.026132725988700343,0.026273129902406916,-0.024075592937427576,-0.0032083896771515725,0.006715986171931233,-0.0137066955837141,-0.01158729606746376,-0.012709236070002237,0.0044867406678240716,-0.0001819594275300792,-0.02299878772290588,0.0024916701350935684
0.02527288313378181,0.13149545670091772,-0.15534480134186396,0.015641659931019153,0.17460015026605147,0.04821460353035795,-0.21273742847159113,0.24999999999999975,0.03241710053787572,0.025736218731994245,0.02123467179022059,-0.021114595292757277,0.02180977657327294,-0.021090104968688766,0.02069318949185531,-0.021370700252557353,0.021295882673894356,-0.021864676174472176,0.021830875693558533,-0.021770763301929816,0.0019960157852277447,-0.003834648584321354,0.0006726484242350235,-0.002470654187284852,-0.007151118925935481,0.007095075641460307,-0.014649865480463603,0.014638069096063862,-0.021713889948402194,0.021365475204729804,-0.002040022603581749,0.0004860313394124822,-0.0027432969591178915,-0.004369085880416331,-6.344805254877175e-5,-0.0014285361027755355,-0.008200999764494002,0.008199052171200911,-0.0217169207393149,0.02171483222777514,0.021754862074463116,-0.021766707640747604,0.021715360666249916,-0.02175448327229208,0.021528936256747646,-0.021654250810724213,0.02133122690642391,-0.02176978595340212,0.021656024585246583,-0.021770762870199613,0.019947059700476156,0.00266638527856393,-0.005569618720995627,0.011358299130195282,0.00961213760311118,0.010534660509961827,-0.003724143324638656,0.00015996215078605794,0.01906344471315789,-0.0020608920738147416
0.19024385094446056,0.024597949826343123,-0.042919371255175524,0.1488398456173113,0.06382617260805082,0.15674471295069753,-0.06174597915682678,0.03241710053787572,0.25000000000000006,0.018374111480317874,0.2071506695826414,-0.2068548212440732,0.20740095456090288,-0.20683026121481718,0.20643249003287598,-0.207111858662382,0.20644256069870698,-0.20683373587326961,0.2068048682338913,-0.207513423702666,0.06652202399891553,-0.08594002176928454,0.05485297952962238,-0.06727271525224603,-0.03194348349015761,0.0315223777443493,-0.11346447779505667,0.11335379960019638,-0.20673521308300508,0.20361243489571662,-0.06680679632192398,0.05144554491699911,-0.07379592900087158,0.0002040940338767228,-0.03166422762167948,0.014070948849303879,-0.09239672229840065,0.09238121343115907,-0.20707516317842942,0.20705522024632533,0.20736871921294472,-0.20748481994968246,0.20694686186408082,-0.20738244468334424,0.2053681121788927,-0.206556567310588,0.20307968401262097,-0.20750520040537695,0.20635735079876058,-0.20751341832925566,0.19023400899506732,0.02510664069990187,-0.05290498994453301,0.10823913139841339,0.09121265989881608,0.10028608294493384,-0.03525678863428403,0.0011746088249316867,0.1814839233122582,-0.019788062979062115
-0.022381122350021716,0.002033551578137519,-0.0013669068050883506,-0.02068482554639256,0.0024313876765850837,0.02237262470641141,-0.03825059289983959,0.025736218731994245,0.018374111480317874,0.2499999999999999,-0.023868197579883427,0.024207678720989154,-0.02411395068221947,0.024188549459042648,-0.02422287096988683,0.024156525664527372,-0.02384459589941031,0.024118826120303926,-0.02406035329152839,0.024111837578493528,-0.008243016482373577,0.010531056616579833,-0.007330070855763203,0.008712333954289839,0.0031312290793805266,-0.003084123409739484,0.012700181595960728,-0.01268734279768924,0.02401698241141365,-0.023658839549438405,0.008274587463921894,-0.006691418051077336,0.009308703014230571,-0.0005335873819387831,0.004030562655722921,-0.0019651759361045806,0.010918626578377695,-0.010916872012031039,0.02406174971184005,-0.024059431209086535,-0.024095128205896668,0.024108669426436226,-0.02404560399931682,0.024096896788916012,-0.023864320899661524,0.024002378106991216,-0.023593623248706803,0.02411089674032289,-0.023976720484226128,0.02411183713620519,-0.022105278877905397,-0.0029133704030571738,0.006144913683156751,-0.012576266959455261,-0.010593429941493381,-0.011651154213601253,0.004093838902388034,-0.0001323974742453947,-0.02108472713234163,0.0023009528717061805
0.229706214310283,0.03705179800267863,-0.059648667165899213,0.18499302738298662,0.08042286337186295,0.14276369445403977,-0.025961171181333103,0.02123467179022059,0.2071506695826414,-0.023868197579883427,0.25000000000000017,-0.24962080572307513,0.24884800178863226,-0.24827913136415458,0.24786242905428987,-0.2485607263316103,0.24789065514665676,-0.24828259096808913,0.24821803024297479,-0.2489622955006408,0.07952841510506134,-0.10282834247182736,0.06535447431927952,-0.08028501700196314,-0.03888731830818578,0.038381044016988074,-0.13652670793373664,0.13639392277866222,-0.24803241940582815,0.24428071720653402,-0.07987090784907962,0.061354495274552334,-0.08817810377877831,-0.0002138932728394522,-0.037605970611318984,0.016535669785123157,-0.11067488410253426,0.11065625845563112,-0.24843554743796037,0.248411622254251,0.2487886393557351,-0.24892790265953182,0.2482830930529824,-0.24880486780262964,0.24638644601500373,-0.24781236856825362,0.24364600781292525,-0.24895241684754899,0.24757603537759498,-0.24896228895664732,0.22823015593399806,0.030124627671868645,-0.06347392310363066,0.12985886840413943,0.1094361703075684,0.12031889645459694,-0.0423017830765542,0.0014135219313292692,0.2177365012828621,-0.023738750339084982
-0.22937904504952725,-0.03722862823420211,0.05934725249107612,-0.185301014064696,-0.08008082591772565,-0.143112631579816,0.025614566025866536,-0.021114595292757277,-0.2068548212440732,0.024207678720989154,-0.24962080572307513,0.25,-0.24922694782064342,0.2486581904893532,-0.2482414325671813,0.248939791148537,-0.24826970275335192,0.2486616425421862,-0.24859707481215523,0.24934136748163327,-0.07962040162048932,0.10295445987792429,-0.06542947046334402,0.0803855321894595,0.038954862104080425,-0.03844776072680651,0.13674055410101602,-0.1366075667957501,0.24841012607085897,-0.24465274659669145,0.07996349389483123,-0.0614218542353378,0.0882856264115079,0.00023107471119641903,0.03765259042962252,-0.016551658336063448,0.11083868722164997,-0.11082003135792112,0.24881379280774926,-0.24878983117164882,-0.24916744300330637,0.24930691663611232,-0.24866114207699358,0.2491836913059589,-0.2467615444161854,0.2481896395660572,-0.24401706607410484,0.24933147338820114,-0.24795301958662916,0.24934136093141093,-0.22857762816810434,-0.030170630384639827,0.0635706597562996,-0.13005661675710598,-0.10960295584120187,-0.12050213679286265,0.04236628310371238,-0.0014157942462213718,-0.21806810021384615,0.02377484695175715
0.22992876567293308,0.03771149387930244,-0.05991634652013953,0.18584272214531433,0.08069230770447362,0.14364508374320506,-0.026238706258152035,0.02180977657327294,0.20740095456090288,-0.02411395068221947,0.24884800178863226,-0.24922694782064342,0.2500000000000001,-0.24920239587182183,0.24878555435283603,-0.24948398954854653,0.24881400929976136,-0.24920584719176272,0.24914127392584895,-0.24988555639006546,0.08015200199436731,-0.10356105606962346,0.06592208426615521,-0.08087482962220169,-0.038846054838554224,0.038338655476478654,-0.136908148634561,0.136774888975253,-0.24895118648128223,0.24518614295215502,-0.08049479134085727,0.061896323409477746,-0.08883454846113292,3.475994171353581e-5,-0.037919389967773484,0.01674890193261843,-0.11116268641902531,0.11114401372264372,-0.24935726837690061,0.24933325454916314,0.24971130522047494,-0.24985110549086711,0.24920363646527685,-0.2497276832994998,0.24730102916312205,-0.2487322083059317,0.24454822627401762,-0.24987564731403145,0.24849380175077646,-0.24988554982824432,0.22907709658426553,0.030234478461317108,-0.06370814960276976,0.13034021946807522,0.10983965604185893,0.12076439128827923,-0.04245727442010423,0.0014168298678274521,0.21854275413604804,-0.023827573674622023
-0.22935889465834133,-0.03727308319614982,0.05937187082415908,-0.18535272502733338,-0.0800555425979793,-0.1431209058819587,0.025590004557989952,-0.021090104968688766,-0.20683026121481718,0.024188549459042648,-0.24827913136415458,0.2486581904893532,-0.24920239587182183,0.2499999999999999,-0.2495830115851181,0.2489152339011396,-0.24824513025841635,0.24863707654362366,-0.2485725001387685,0.24931680207447235,-0.07962840927318571,0.10292988539341315,-0.06527395297857795,0.08023281125282514,0.03943839260355909,-0.03893095665707514,0.13701823502777896,-0.136885170091048,0.24838814721171698,-0.2446259224296374,0.0799716118727129,-0.061365736118165884,0.08819651037645469,0.0005606437069450438,0.03733280778970317,-0.016270088341835756,0.11069031217985988,-0.11067165807614276,0.24878847531713513,-0.24876451707291844,-0.24914288008267207,0.2492823377847074,-0.24863708511055668,0.2491589136975017,-0.24673549554239688,0.24816354452788228,-0.24399540545684567,0.24930689976180692,-0.24792912132430167,0.24931679547011884,-0.22855397921735407,-0.030169512224439646,0.06356507531447364,-0.1300434167272592,-0.10959542921263586,-0.12049159452286223,0.042364159033954886,-0.0014190321953423777,-0.21804896461602874,0.023771071665103456
0.22894658187622244,0.036988743624251426,-0.05901799023342414,0.18501151755217501,0.07966505263746829,0.1427538204036488,-0.025200618636117382,0.02069318949185531,0.20643249003287598,-0.02422287096988683,0.24786242905428987,-0.2482414325671813,0.24878555435283603,-0.2495830115851181,0.24999999999999997,-0.24930141910548678,0.24782831354012005,-0.24822022621311368,0.24815566005399103,-0.24889994579913294,0.07929969167327759,-0.10252229683239684,0.06486881398507725,-0.07982653648872669,-0.03983701614882713,0.039329682752884655,-0.1371121809766601,0.13697938470527352,-0.24797559983588963,0.24421548241407046,-0.07964306642431847,0.061039006500053006,-0.08778979363417987,-0.0009568974690019607,-0.03692931960303823,0.01593318438054992,-0.11034703587270196,0.11032839900205735,-0.24837165270416386,0.248347735708655,0.2487262736536371,-0.24886548458822758,0.24822181214031336,-0.24874206753597147,0.2463211178786278,-0.2477468660155522,0.2435901483550315,-0.24889004883764895,0.24751522185267016,-0.24889993917499673,0.22817061802299163,0.03012160207113683,-0.06345998431582085,0.129825818072588,0.10941611956822685,0.12029158677852707,-0.04229570312903385,0.0014204353773930234,0.21768695515715067,-0.023729735198651725
-0.22963867654023656,-0.03747983969777998,0.05962762293718208,-0.18558397835291085,-0.08033713222516556,-0.14337028736821966,0.02587160127602173,-0.021370700252557353,-0.207111858662382,0.024156525664527372,-0.2485607263316103,0.248939791148537,-0.24948398954854653,0.2489152339011396,-0.24930141910548678,0.2500000000000001,-0.2485267273696274,0.2489186771420969,-0.2488540999875305,0.2495984026175097,-0.07986875652786962,0.1032114865814945,-0.06555545485055618,0.08051441388224091,0.039262305757536635,-0.03875475503132649,0.13707158147054607,-0.13693852172066623,0.24866784410654644,-0.24490296364974315,0.0802118837905381,-0.06160558560069411,0.08847810993901309,0.0003583028702970337,0.03753780602012981,-0.01642261157829365,0.11087807761005693,-0.11085941273252906,0.24906987935150643,-0.2490458943100082,-0.24942431148366626,0.2495639377947211,-0.24891770957253997,0.24944045946132795,-0.24701502367153527,0.24844464439918457,-0.24426988473942657,0.24958849382753012,-0.24820887796870839,0.24959839603288325,-0.22881264449715372,-0.03020223832495992,0.06363611190921777,-0.13019027100112837,-0.10971732901949663,-0.12062705711970406,0.04241083851563405,-0.0014189441777037407,-0.2182941635357584,0.023798614780509302
0.22898976789693634,0.036957600827306314,-0.05898860982521351,0.1850006669024197,0.07968194922307027,0.14359462301121367,-0.02604181820477048,0.021295882673894356,0.20644256069870698,-0.02384459589941031,0.24789065514665676,-0.24826970275335192,0.24881400929976136,-0.24824513025841635,0.24782831354012005,-0.2485267273696274,0.2500000000000001,-0.24824857587423152,0.24818400160894663,-0.2489282997600448,0.07995695148811216,-0.10332303734417755,0.06587140055301677,-0.08075095664728624,-0.03839491802291357,0.037889798908677365,-0.1361560902589496,0.13602341651930236,-0.24799568615511622,0.24424784260097324,-0.08029801834320671,0.06179182888011202,-0.08867023051434104,0.00029430606797643816,-0.0379956177814275,0.016891096275888896,-0.11084495464354241,0.11082636367384568,-0.24840258659271178,0.24837866369850733,0.24875474648842863,-0.24889401774983055,0.24824871696655046,-0.24877119656525312,0.2463548722692146,-0.24778051330135242,0.2436095983882567,-0.2489184362928687,0.2475414486433255,-0.24892829322157922,0.22820037557488473,0.030117058322904223,-0.06346339740248567,0.12984105286733824,0.10941633659919718,0.12030079855053089,-0.042293110551624526,0.0014089312761954552,0.2177038549204324,-0.023737346479019567
-0.2294176015375525,-0.03788835689962531,0.06007385545649564,-0.1854093204195069,-0.08080283263225971,-0.14319758025536397,0.026354939477646704,-0.021864676174472176,-0.20683373587326961,0.024118826120303926,-0.24828259096808913,0.2486616425421862,-0.24920584719176272,0.24863707654362366,-0.24822022621311368,0.2489186771420969,-0.24824857587423152,0.24999999999999997,-0.24993520337925276,0.2493202541452767,-0.07951321745894331,0.10293335411652431,-0.06527752372472559,0.08023628625784866,0.03954047417428135,-0.039032877102143655,0.13764775457433565,-0.1375152445536913,0.24839828715575857,-0.2446330135985036,0.07985609243720063,-0.06125052641820235,0.08819997854878232,0.000630563338064702,0.037259678599503736,-0.016080000623631338,0.11053503766840365,-0.11051638178602127,0.24879173075664593,-0.24876777911722628,-0.24914634870006566,0.2492857888881069,-0.24864071451322634,0.24916231062811692,-0.24673836530492818,0.24816639481500785,-0.24400116626633445,0.24931034088488735,-0.24793306442337848,0.24932024718868007,-0.2285564615062508,-0.03017115765611135,0.06356632679843269,-0.13004516900571578,-0.10959906187324012,-0.12049404969218051,0.04236559611675887,-0.0014212576215733147,-0.2180537288973717,0.023770386242592773
0.229354714836282,0.037848066409008216,-0.060023526321869504,0.18535198707604114,0.08075157706326067,0.14324129514563813,-0.026408356149873063,0.021830875693558533,0.2068048682338913,-0.02406035329152839,0.24821803024297479,-0.24859707481215523,0.24914127392584895,-0.2485725001387685,0.24815566005399103,-0.2488540999875305,0.24818400160894663,-0.24993520337925276,0.24999999999999986,-0.24925567596324982,0.07949302466942197,-0.10290703993940938,0.06526079850335499,-0.08021565772682979,-0.03953007511304087,0.03902261019281413,-0.1376117347811416,0.13747925947934417,-0.24833394395485414,0.24456964671459772,-0.07983581004849848,0.06123498198437738,-0.08817739102790464,-0.0006301470595093118,-0.03725022060821145,0.016076061115748615,-0.1105065479299585,0.11048789689781659,-0.24872728993713708,0.24870334449855352,0.24908181558911946,-0.2492212196868601,0.24857631205526867,-0.2490977735054165,0.24667445693976217,-0.24810211655002487,0.24393796351918373,-0.24924576527982537,0.24786884499384684,-0.24925566900751342,0.22849726231987394,0.03016334052536181,-0.0635498607746247,0.13001148492356254,0.10957067070840382,0.12046283868944035,-0.042354621020003,0.0014208866700816769,0.21799724735897624,-0.023764230506908682
-0.23003759824093473,-0.03777411207576165,0.05999223797278913,-0.18591303720564706,-0.08073866348672075,-0.1437252332415733,0.02627313043049141,-0.021770763301929816,-0.207513423702666,0.024111837578493528,-0.2489622955006408,0.24934136748163327,-0.24988555639006546,0.24931680207447235,-0.24889994579913294,0.2495984026175097,-0.2489282997600448,0.2493202541452767,-0.24925567596324982,0.25000000000000006,-0.08019282582878197,0.10361302917091499,-0.0659567965147035,0.0809159508749921,0.038860869134890445,-0.03835324751564328,0.1369689694854024,-0.13683564928204162,0.24906516665940234,-0.24529841262400529,0.08053575918859425,-0.06192875583930206,0.08887964783800902,-3.8364699376264306e-5,0.037939334778701914,-0.01675881386202969,0.11121471890343769,-0.11119603794817906,0.24947145572435983,-0.24944743090148136,-0.24982564916938402,0.24996551371317113,-0.24931774432308487,0.24984203610598973,-0.24741428187003242,0.24884611583897415,-0.24466018596639263,0.24999006593129966,-0.2486075824433961,0.24999997289071033,-0.2291819998724376,-0.030248297085326566,0.06373730613682123,-0.13039990007786048,-0.10988991829730581,-0.12081967912051968,0.04247669581585588,-0.0014174503925182148,-0.21864280735781058,0.023838495958239454
0.07366642881046116,0.008949622591885597,-0.015512009139476444,0.059563651915366146,0.021933336893439515,0.045602134710002795,-0.003736517720542777,0.0019960157852277447,0.06652202399891553,-0.008243016482373577,0.07952841510506134,-0.07962040162048932,0.08015200199436731,-0.07962840927318571,0.07929969167327759,-0.07986875652786962,0.07995695148811216,-0.07951321745894331,0.07949302466942197,-0.08019282582878197,0.25000000000000006,-0.22657891723052792,0.18986178149516478,-0.17664059113733813,0.0640362016605264,-0.06367822438382387,0.004354753121299342,-0.004392279059708045,-0.07925961107268864,0.07799749805862244,-0.24949291913932614,0.23108862973987465,-0.20472716252390294,0.11624965330382724,-0.08793649911245967,0.06727507581799501,-0.06555139009915009,0.06555660554157643,-0.08020000601474123,0.08019264959823418,0.08015714036266396,-0.08021915128154454,0.07986362194640108,-0.08020397409229067,0.07972599382347452,-0.08017664973944238,0.07793171567021097,-0.08019220328492074,0.07959150419046059,-0.08019282419312815,0.07371495547366742,0.008643442483098803,-0.01968007691121821,0.04160824504115055,0.034071567930555983,0.038482877931733585,-0.012927126040533187,-0.0004237624592190937,0.06964617034383609,-0.007988075156644537
-0.0952188934227764,-0.012426401201092473,0.02104272012793809,-0.0770088027727887,-0.02938889819182316,-0.05903489309479211,0.00602489637316707,-0.003834648584321354,-0.08594002176928454,0.010531056616579833,-0.10282834247182736,0.10295445987792429,-0.10356105606962346,0.10292988539341315,-0.10252229683239684,0.1032114865814945,-0.10332303734417755,0.10293335411652431,-0.10290703993940938,0.10361302917091499,-0.22657891723052792,0.25000000000000017,-0.21234281507448907,0.19926279427445523,-0.08034324080145455,0.08012682017614049,-0.008703679354836659,0.00875073434751914,0.10267960585782118,-0.10131858103515688,0.22615857192697392,-0.20774378051767262,0.22723871729267714,-0.1387099068942871,0.11067370389576575,-0.0897270444877895,0.0883218109284396,-0.08832690828474844,0.1036185202670627,-0.10360863466262672,-0.10356906366384828,0.10363890345801555,-0.103223705338796,0.10362360745682751,-0.10301570697031492,0.1035927461910826,-0.10067579840772961,0.1036123470078449,-0.10284081845100057,0.10361302689762379,-0.09529033259824934,-0.011488135481339194,0.02575263062543917,-0.053907234862211294,-0.0442410492905535,-0.0496931588156786,0.01684095071151866,0.00047023620557760655,-0.08996067217264934,0.010310639068373163
0.0605029959634146,0.006501329597194982,-0.011770971377920308,0.04872309863133963,0.01721252428044632,0.0375422164191832,-0.0022765765509412455,0.0006726484242350235,0.05485297952962238,-0.007330070855763203,0.06535447431927952,-0.06542947046334402,0.06592208426615521,-0.06527395297857795,0.06486881398507725,-0.06555545485055618,0.06587140055301677,-0.06527752372472559,0.06526079850335499,-0.0659567965147035,0.18986178149516478,-0.21234281507448907,0.2500000000000001,-0.2350396550105648,0.11615186946125731,-0.11580277168280581,0.04603165252643302,-0.046064918104979855,-0.06502647995522476,0.06467973400212254,-0.18944250345248662,0.20763483356203932,-0.22707443799369173,0.14008624495309618,-0.1045881528592869,0.08657164966403219,-0.07159426700283429,0.07160282145608698,-0.06604067360073987,0.06603440506517358,0.06594114898795574,-0.06599068694871896,0.06567453012050214,-0.0659908253820328,0.06574061854313294,-0.06610448272493463,0.06382909563456901,-0.06595764681895237,0.06539513362986059,-0.0659567953004895,0.060766664308825234,0.006940350550726126,-0.01616015990783819,0.034260295996136204,0.027703879006160118,0.031497861397305,-0.010456659620849306,-0.0006620865447207157,0.05703854429578786,-0.006712349358975856
-0.0742806601397862,-0.009076429239949623,0.015732271556694426,-0.05985769792318288,-0.022434741146766808,-0.04619038701377242,0.004311114280141485,-0.002470654187284852,-0.06727271525224603,0.008712333954289839,-0.08028501700196314,0.0803855321894595,-0.08087482962220169,0.08023281125282514,-0.07982653648872669,0.08051441388224091,-0.08075095664728624,0.08023628625784866,-0.08021565772682979,0.0809159508749921,-0.17664059113733813,0.19926279427445523,-0.2350396550105648,0.24999999999999994,-0.13022271865788743,0.12996353906005434,-0.031470003417206266,0.03151090962240849,0.07998243923908782,-0.07939006282992016,0.17642503877372182,-0.19314947548068295,0.21276698655360304,-0.12574996077319606,0.11873113790478246,-0.10068176869767718,0.08608167089509441,-0.08608031326300832,0.08099788904435279,-0.08098932951919015,-0.08088763756541856,0.08094439023732167,-0.08060587993013502,0.08093686597395035,-0.08057839277221004,0.08105922079581121,-0.0783719492797534,0.08091643813517264,-0.08029527323980756,0.0809159492209926,-0.0745416968089918,-0.009332767902352337,0.02058759842331503,-0.042323713177233276,-0.03463676891041453,-0.038665749180415564,0.013217865052379678,0.00047861107088884556,-0.07005016613726389,0.008134671580174868
-0.035993363594399065,-0.008916076001763765,0.012839588234499079,-0.029505725488319652,-0.015820504754174704,-0.022284734715135982,0.007399533114404956,-0.007151118925935481,-0.03194348349015761,0.0031312290793805266,-0.03888731830818578,0.038954862104080425,-0.038846054838554224,0.03943839260355909,-0.03983701614882713,0.039262305757536635,-0.03839491802291357,0.03954047417428135,-0.03953007511304087,0.038860869134890445,0.0640362016605264,-0.08034324080145455,0.11615186946125731,-0.13022271865788743,0.25000000000000006,-0.24949006334024404,0.15122082683706126,-0.15116543470444752,0.03979427678739466,-0.03725811235687314,-0.06379285994451671,0.0806097344886408,-0.09383146301104195,0.18037413255322607,-0.1731991584654603,0.15732102034730644,-0.06306976679155955,0.0630705047324846,0.038332544099001116,-0.038329980035564794,-0.03881558930605459,0.038832143578571135,-0.0389596727451762,0.03871559225825689,-0.03753082184429896,0.037766655814518296,-0.039380409067799556,0.03885395941747375,-0.03891669510634697,0.038860867504766514,-0.03498362292631102,-0.0053373843350833896,0.009876740788116406,-0.019929024039031053,-0.018604555631011734,-0.019534701710100574,0.007537398637840976,-0.0019198066860884328,-0.0352688426395447,0.002955775474408853
0.03552585772828417,0.008831336360719375,-0.012708354904059624,0.02912755912304376,0.015646990412010234,0.0219920426617498,-0.007335268932849694,0.007095075641460307,0.0315223777443493,-0.003084123409739484,0.038381044016988074,-0.03844776072680651,0.038338655476478654,-0.03893095665707514,0.039329682752884655,-0.03875475503132649,0.037889798908677365,-0.039032877102143655,0.03902261019281413,-0.03835324751564328,-0.06367822438382387,0.08012682017614049,-0.11580277168280581,0.12996353906005434,-0.24949006334024404,0.2500000000000001,-0.15138416375838398,0.15132913052577487,-0.0392879117700929,0.0367544603162561,0.06346875316028701,-0.08027816050753132,0.09417172470584573,-0.18069185967740667,0.17353149744990348,-0.1576382206527189,0.0634579075480726,-0.06345863698877871,-0.037825380243338834,0.03782286812247593,0.038308216620403145,-0.03832456232116332,0.038453430582792755,-0.03820808874078454,0.037026882074172665,-0.037259961077935534,0.03888598353368728,-0.03834634634079104,0.038412482014891204,-0.03835324590044414,0.03451683357290286,0.0052763185087153965,-0.009746448121639812,0.019663261414215885,0.018383527324947697,0.019290850930661425,-0.0074523181171910514,0.0019195977180138028,0.0348271985271401,-0.002906101220515798
-0.12620268069254165,-0.022977728054817372,0.035488519091333035,-0.10229171855660528,-0.046706974969910456,-0.07871647713416159,0.016866945586784816,-0.014649865480463603,-0.11346447779505667,0.012700181595960728,-0.13652670793373664,0.13674055410101602,-0.136908148634561,0.13701823502777896,-0.1371121809766601,0.13707158147054607,-0.1361560902589496,0.13764775457433565,-0.1376117347811416,0.1369689694854024,0.004354753121299342,-0.008703679354836659,0.04603165252643302,-0.031470003417206266,0.15122082683706126,-0.15138416375838398,0.25,-0.24986384200860434,0.13790239565628287,-0.13436073042214255,-0.0041173783433752645,0.022514112988209056,-0.024151152921270923,0.11142018991118535,-0.07509160812386939,0.09613479517106756,-0.001816229626588868,0.0018312594051476557,0.136440542529813,-0.136428705546888,-0.13686151508786354,0.13693479545384296,-0.13671690610446335,0.13681106675290647,-0.13501375601610002,0.1358158246227277,-0.13505560305865244,0.1369591604035879,-0.13643884726531433,0.13696896531857605,-0.12514553372244433,-0.01730810830644562,0.03519308393821967,-0.0713637256914884,-0.06143824743869515,-0.0666797886919861,0.023951673470372265,-0.002004567108260412,-0.12067997087641168,0.01252449115880482
0.1260799955770331,0.022957524894329437,-0.035456440436074384,0.1021925569190636,0.04666386180908731,0.07863982989723413,-0.01685283313278792,0.014638069096063862,0.11335379960019638,-0.01268734279768924,0.13639392277866222,-0.1366075667957501,0.136774888975253,-0.136885170091048,0.13697938470527352,-0.13693852172066623,0.13602341651930236,-0.1375152445536913,0.13747925947934417,-0.13683564928204162,-0.004392279059708045,0.00875073434751914,-0.046064918104979855,0.03151090962240849,-0.15116543470444752,0.15132913052577487,-0.24986384200860434,0.25,-0.13777023762541513,0.1342310739904863,0.004155139618042363,-0.022544152664434904,0.024195310076671757,-0.1113908399407056,0.07508896776891247,-0.09612470005351482,0.0018698648045350737,-0.0018848831571087036,-0.13630755100606734,0.1362957270622167,0.13672828770608478,-0.13680149390333254,0.13658390380979232,-0.13667785055092244,0.1348819540224208,-0.1356832413752574,0.13492499749019712,-0.13682584590941918,0.1363062301573237,-0.13683564511859572,0.12502338784906758,0.017291682609771472,-0.03515887482260723,0.07129416426666531,0.06137928836403705,0.0666152694756297,-0.02392877861138142,0.0020035078259509095,0.12056321649028887,-0.012511889930753334
-0.22917904947786666,-0.03765405414613101,0.05979212385466867,-0.18522212038879493,-0.08045948475710996,-0.14318740425690862,0.02619725450456907,-0.021713889948402194,-0.20673521308300508,0.02401698241141365,-0.24803241940582815,0.24841012607085897,-0.24895118648128223,0.24838814721171698,-0.24797559983588963,0.24866784410654644,-0.24799568615511622,0.24839828715575857,-0.24833394395485414,0.24906516665940234,-0.07925961107268864,0.10267960585782118,-0.06502647995522476,0.07998243923908782,0.03979427678739466,-0.0392879117700929,0.13790239565628287,-0.13777023762541513,0.24999999999999997,-0.2462322323354451,0.0796010854860623,-0.06099605711595399,0.08794492164485603,0.0008815843495427746,0.03700462782447874,-0.015825268795643346,0.11027997487618452,-0.11026132840368559,0.2485366439826138,-0.24851271980728837,-0.24889142120375643,0.24903070214455997,-0.24838663912437986,0.24890722364533052,-0.24648470777433043,0.24791130955271604,-0.24375384958140917,0.24905525405668744,-0.2476799316499157,0.24906516011391144,-0.22832170984998973,-0.030142208554936864,0.06350216156558568,-0.12991204566504205,-0.10948990916457814,-0.12037184762180342,0.04232390253092607,-0.0014226861825662384,-0.21783265975318694,0.02374482614902769
0.22571091695270304,0.03706402662560667,-0.05886456126015195,0.18241427567369803,0.07922310645290627,0.14102473532519103,-0.02578447436580226,0.021365475204729804,0.20361243489571662,-0.023658839549438405,0.24428071720653402,-0.24465274659669145,0.24518614295215502,-0.2446259224296374,0.24421548241407046,-0.24490296364974315,0.24424784260097324,-0.2446330135985036,0.24456964671459772,-0.24529841262400529,0.07799749805862244,-0.10131858103515688,0.06467973400212254,-0.07939006282992016,-0.03725811235687314,0.0367544603162561,-0.13436073042214255,0.1342310739904863,-0.2462322323354451,0.25,-0.0783293263890457,0.060132618074420024,-0.08695455454385086,0.0003103160966400898,-0.037562553256200025,0.016774084423886497,-0.1092960142545823,0.10927766676944861,-0.2447807181732154,0.24475714149718025,0.2451273774367414,-0.24526453957469202,0.24462873704300112,-0.2451436661256864,0.24276335638221452,-0.2441681174350088,0.24005633072026955,-0.2452886958736187,0.243931670958059,-0.24529840618290247,0.224873527751284,0.029679797969065173,-0.06254031897116344,0.12794913028493687,0.10782130419420322,0.11854583021501472,-0.04167657655430186,0.0013875768129770914,0.21452814777791748,-0.02339170506036578
-0.07398232255986457,-0.009010232132775397,0.015604722838030653,-0.05981884622332075,-0.02205513213171331,-0.045800682176870604,0.0037857388732173303,-0.002040022603581749,-0.06680679632192398,0.008274587463921894,-0.07987090784907962,0.07996349389483123,-0.08049479134085727,0.0799716118727129,-0.07964306642431847,0.0802118837905381,-0.08029801834320671,0.07985609243720063,-0.07983581004849848,0.08053575918859425,-0.24949291913932614,0.22615857192697392,-0.18944250345248662,0.17642503877372182,-0.06379285994451671,0.06346875316028701,-0.0041173783433752645,0.004155139618042363,0.0796010854860623,-0.0783293263890457,0.2500000000000003,-0.23139250670284395,0.20488837062515058,-0.11619608804476124,0.08791258054652165,-0.06719858382184564,0.06563768807682718,-0.06564288266784093,0.08054200838981387,-0.08053462161051379,-0.08049981993289629,0.0805620461080146,-0.08020562451096765,0.08054664568782324,-0.08006492298408617,0.08051755236876046,-0.07826823737843362,0.0805351189302411,-0.07993269048667488,0.08053575754261245,-0.07402883484085222,-0.00868430443361795,0.019766470436550648,-0.04178651208048447,-0.03422247424538561,-0.038649111545238854,0.012985409583685168,0.0004211301386042653,-0.06994690742388225,0.008020383367081116
0.056828609871210245,0.006088726083674185,-0.011030505077796791,0.045842934441244175,0.016045531354360733,0.03518105255122258,-0.0019413704936891434,0.0004860313394124822,0.05144554491699911,-0.006691418051077336,0.061354495274552334,-0.0614218542353378,0.061896323409477746,-0.061365736118165884,0.061039006500053006,-0.06160558560069411,0.06179182888011202,-0.06125052641820235,0.06123498198437738,-0.06192875583930206,0.23108862973987465,-0.20774378051767262,0.20763483356203932,-0.19314947548068295,0.0806097344886408,-0.08027816050753132,0.022514112988209056,-0.022544152664434904,-0.06099605711595399,0.060132618074420024,-0.23139250670284395,0.24999999999999994,-0.22304868643715883,0.13438599179017138,-0.09886840086830322,0.07817884241677271,-0.06379273694910123,0.0638005663658763,-0.062007516279587775,0.06200187092622052,0.061909657269853896,-0.061962877301260356,0.06163624616452711,-0.06196162673673441,0.06171774054773653,-0.06206332748021486,0.059951971963136834,-0.06192934830462587,0.061403621443153734,-0.06192875470740008,0.05701778755659874,0.006327110543471579,-0.01497208068117001,0.032079188160220505,0.02588810271566837,0.029600078877345875,-0.009734130665393314,-0.0006654156276550341,0.05357819874526386,-0.006305324064595112
