x1,x2,x3,x4,x5,x6,x7,x8,x9,x10,x11,x12,x13,x14,x15,x16,x17,x18,x19,x20,x21,x22,x23,x24,x25,x26,x27,x28,x29,x30,x31,x32,x33,x34,x35,x36,x37,x38,x39,x40,x41,x42,x43,x44,x45,x46,x47,x48,x49,x50,x51,x52,x53,x54,x55,x56,x57,x58,x59,x60
0.25000000000000006,0.24982689389072804,0.24903890981076163,0.24995397678822767,0.24983808169751276,0.24994084873683237,0.24987393290363588,0.24997980482021265,0.24989935814274783,0.24993166480954623,0.24977398444568857,0.24807582640235415,0.24957097589651583,0.24663800006571726,0.24938575414196865,0.24292997008250863,0.24982395546837366,0.24210451373459663,0.2496663022417765,0.24980442806381592,0.24995250533030378,0.24871273945497244,0.2482716910638787,0.2488680901880303,0.24765707227752634,0.24981304079029912,0.24670703059098173,0.24967522237628526,0.2473194447741952,0.24986745870698202,0.2499296663118816,0.2483999264224529,0.24794643750491188,0.2481646341428406,0.24881415250636868,0.2492271773498904,0.24708656005718863,0.24923297344732223,0.24663903349530367,0.24986193951165658,0.24976792290295202,0.24789715767215317,0.24877998443324018,0.24528430406931204,0.2484479756893064,0.24442315434769213,0.24960079086256817,0.24328333881745406,0.2496987096659377,0.24988368731054467,0.24996229978604292,0.24983260360559867,0.2492723899576207,0.24993761594909963,0.24984668159423654,0.24993728924267755,0.24992990407235602,0.24998087325225943,0.24992701101810622,0.2499338885290654
0.24982689389072804,0.24999999999999994,0.24890153471691157,0.24981609692421125,0.24970026576366297,0.24980297611452493,0.24973609719350776,0.24984191070891143,0.24976150840752365,0.24979379725328604,0.24963620386922925,0.2479389825655422,0.24943330730383634,0.246501949364115,0.24924818772149956,0.24279596480813403,0.24968614732684843,0.2419709637992831,0.2495285810650829,0.24966663069401718,0.24981462627797432,0.24857554428354206,0.24813473918400533,0.24873080932187225,0.24752045943428588,0.2496752386695399,0.2465709418106919,0.24953749627905805,0.24718301817337768,0.2497296265681566,0.2497917998580345,0.2482629038052619,0.24780966504173366,0.24802774131781333,0.24867690139336893,0.24908969840371087,0.24695026192047254,0.24909549130389375,0.2465029822236398,0.2497241104173355,0.24963014567016692,0.24776041239276564,0.24864275216806714,0.24514900009485688,0.24831092656713058,0.24428832540151169,0.24946310582332723,0.24314913861746265,0.24956097061262805,0.24974584621968043,0.24982441533088615,0.2496947906935793,0.249134886071217,0.24979974511006567,0.24970886091650288,0.2497994185838618,0.24979203748735523,0.2498429785515884,0.24978914602897498,0.2497960197461546
0.24903890981076163,0.24890153471691157,0.24999999999999983,0.24902805203590778,0.24891253110459352,0.24901502794534658,0.24894839463318696,0.24905387862469697,0.24897373193020866,0.24900591239568737,0.2488485961721371,0.2471610597230657,0.24864706138821116,0.24571968277550046,0.24846340623009092,0.24201989528780918,0.24889955555888602,0.24120104590655053,0.2487420214806076,0.24887915401692073,0.2490267177155271,0.2478046686780372,0.24734958524509315,0.24794649006509353,0.2467392957799219,0.2488878728621403,0.2457900256221267,0.2487499158660218,0.24640082002446217,0.24894199874784156,0.2490038944546279,0.2474798761669219,0.24702734342445792,0.24724468833521668,0.24789439931319046,0.24830374879315004,0.24616984861868954,0.24830922398460994,0.24572344190978876,0.24893645459097732,0.24884273067280419,0.24697875735287445,0.24785785860888515,0.2443743454809415,0.24752705899781818,0.24351667431327073,0.24867618783963374,0.2423812144375779,0.2487738624277345,0.24895807664977215,0.24903643904583972,0.2489072232824214,0.24834889200198568,0.2490118466649018,0.24892117804807581,0.24901152116439762,0.24900417565611394,0.24905494373866635,0.24900128101030583,0.24900813304695452
0.24995397678822767,0.24981609692421125,0.24902805203590778,0.2499999999999998,0.24982728466550214,0.24993004694813528,0.2498631340109071,0.2499690012494192,0.24988855808125673,0.24992086332524974,0.24976318986198975,0.24806507282893767,0.24956020245637303,0.2466273439946819,0.24937499591610246,0.242919480381433,0.24981315989993258,0.24209407205645267,0.24965551168672942,0.24979363206960034,0.24994170286782189,0.2487020449947706,0.24826096327183708,0.24885734107203172,0.24764637251620983,0.2498022436487258,0.24669637171691686,0.24966443250748213,0.2473087600155052,0.24985666009400034,0.24991886495043406,0.24838919294854564,0.24793571938027634,0.24815391500451234,0.24880339704024293,0.2492164042223324,0.24707588523605375,0.2492222009149442,0.24662837346583905,0.2498511411286367,0.24975712844604772,0.2478864409701778,0.2487692352756701,0.2452737017101938,0.24843723988898717,0.2444125928889903,0.24959000305809564,0.2432728275442997,0.24968791836501805,0.2498728878947011,0.24995149696767047,0.24982180639266827,0.24926161732279997,0.24992681419747265,0.24983588383132366,0.24992648750512939,0.24991910265556863,0.24997006963109486,0.24991620972474843,0.24992308693847676
0.24983808169751276,0.24970026576366297,0.24891253110459352,0.24982728466550214,0.2499999999999998,0.24981416062915038,0.24974728127005535,0.24985309916857198,0.2497726936364773,0.24980498328708783,0.2496473674305638,0.24794993433929677,0.24944450289454875,0.24651265357441476,0.24925937735951428,0.24280613323654351,0.24969738130574357,0.24198144595451304,0.2495397814337069,0.24967781146436785,0.2498258155244117,0.24858735080546118,0.24814567701974244,0.2487419903200701,0.24753153161422467,0.24968640993653599,0.24658177301364925,0.24954863606946687,0.24719392721825048,0.24974081395626904,0.24980298413260643,0.24827403157714334,0.24782069551639332,0.24803882760144916,0.2486881333385793,0.24910081455688776,0.24696123659689814,0.2491065937897026,0.2465138693967045,0.2497352944977212,0.24964132083550128,0.24777147201042796,0.2486538567558883,0.24515986738546652,0.2483220092798385,0.24429919919833507,0.24947426720997476,0.24315997635874229,0.24957214890064192,0.24975702755016096,0.24983560302568436,0.24970597258668964,0.24914603186602338,0.24981093170169802,0.2497200388205275,0.24981060516032166,0.24980322456572732,0.24985416707868022,0.24980033214532613,0.24980720617032617
0.24994084873683237,0.24980297611452493,0.24901502794534658,0.24993004694813528,0.24981416062915038,0.24999999999999983,0.24985001062722376,0.249955872403706,0.24987543343844096,0.24990773699241106,0.24975007118721065,0.24805206880318245,0.2495470807087722,0.24661437566358507,0.24936187405571184,0.24290668726261813,0.24980003919145943,0.24208132130183138,0.2496424006590479,0.24978051244301416,0.24992857559715187,0.24868893476105192,0.248247915935058,0.24884426487479933,0.24763336151087662,0.24978912376972262,0.24668340400580296,0.2496513178401845,0.2472957612393321,0.24984353716750993,0.24990573862662843,0.24837614539294708,0.2479226976341068,0.24814087420444586,0.24879033467230408,0.24920331574109708,0.24706290145678925,0.24920911078476177,0.246615415793977,0.24983801840171138,0.24974401064688462,0.24787342362955825,0.2487561656462667,0.24526081757239304,0.24842418854192605,0.24439975156194252,0.249576894426482,0.24326004558240918,0.24967480421192562,0.24985976400082296,0.24993836904639302,0.24980868528281108,0.24924852487189594,0.2499136875726723,0.24982276176338722,0.24991336089751295,0.2499059764613312,0.2499569407344733,0.24990308365695013,0.24990996050947423
0.24987393290363588,0.24973609719350776,0.24894839463318696,0.2498631340109071,0.24974728127005535,0.24985001062722376,0.24999999999999978,0.24988895257272137,0.2498085353720362,0.24984083006657756,0.24968320587198775,0.24798543630664804,0.24948034461608629,0.24654834444591275,0.24929522688090214,0.24284165878847755,0.2497331715399506,0.2420166164246572,0.24957556308019715,0.2497136395545774,0.24986166276787652,0.2486227079526245,0.24818145243319664,0.24877768461775815,0.24756708365013746,0.24972224232819154,0.24661736495440806,0.2495844802210755,0.24722956552073125,0.24977664831767682,0.24983883234061172,0.24830966028496684,0.24785630218759275,0.24807447542837086,0.24872371867551565,0.2491365814888845,0.24699677290714792,0.24914237929580504,0.24654937405732563,0.24977113076626076,0.24967714699854152,0.24780703925128544,0.24868958059790788,0.2451951361555192,0.24835768578101197,0.24433432673553818,0.2495100715124682,0.24319493265960554,0.24960796050241718,0.249792869704295,0.2498714538775511,0.24974180483560385,0.24918179587986644,0.24984677901161387,0.24975587757735296,0.2498464524236235,0.24983907003184186,0.24989002059302093,0.2498361779344742,0.24984305294588144
0.24997980482021265,0.24984191070891143,0.24905387862469697,0.2499690012494192,0.24985309916857198,0.249955872403706,0.24988895257272137,0.24999999999999978,0.24991437931738167,0.24994668792775696,0.2497889981810685,0.2480907374146799,0.2495859785099805,0.24665282739503333,0.24940074660757558,0.2429445771592767,0.24983897200751676,0.24211907005379232,0.2496813092422624,0.2498194435309301,0.249967529683383,0.24872769218235238,0.2482866155707571,0.24888304967428412,0.24767195900633587,0.2498280568361718,0.246721861333274,0.24969023032695997,0.24733431208373524,0.2498824779503221,0.24994468932213681,0.24841485756177634,0.24796134149509294,0.24817955164067465,0.24882910783114098,0.2492421582023045,0.2471014129188061,0.24924795478216064,0.24665385949725252,0.24987695843897487,0.24978293619487285,0.2479120584715781,0.2487949386898257,0.24529904833191044,0.2484629099510056,0.24443784686524805,0.24961579410339343,0.24329796280882196,0.2497137187795633,0.24989870755883473,0.24997732474333695,0.24984762076700048,0.24928737353379604,0.24995263942266396,0.24986169963213647,0.24995231269660403,0.2499449270780008,0.24999589932597197,0.24994203385421945,0.24994891177857817
0.24989935814274783,0.24976150840752365,0.24897373193020866,0.24988855808125673,0.2497726936364773,0.24987543343844096,0.2498085353720362,0.24991437931738167,0.2499999999999997,0.24986625185522995,0.24970860972496617,0.24801082607670738,0.24950566181237308,0.24657338329048561,0.24932048344302052,0.24286625254233096,0.24975857977298024,0.24204109149072345,0.2496009631118175,0.24973904848877573,0.24988708730460227,0.2486477559743211,0.24820667849273997,0.24880296682028993,0.24759225422952283,0.24974765510219196,0.2466424215178879,0.24960986975698382,0.24725468584964436,0.24980206343090947,0.2498642535730559,0.24833491723590925,0.2478815291861263,0.24809968275047084,0.24874904754378863,0.24916193939477502,0.24702187729793249,0.24916773193562894,0.2465744515749832,0.24979654508860993,0.24970255207664813,0.2478322679757536,0.24871486851599064,0.24522008449127894,0.24838294472042402,0.2443591715203266,0.2495354621164693,0.24321965781708943,0.2496333581849968,0.24981828640588374,0.24989687886384626,0.24976721662868978,0.24920714767865193,0.24987220148752673,0.24978129005928673,0.24987187486647727,0.24986449179016065,0.249915447469091,0.24986159933193178,0.24986847504288703
0.24993166480954623,0.24979379725328604,0.24900591239568737,0.24992086332524974,0.24980498328708783,0.24990773699241106,0.24984083006657756,0.24994668792775696,0.24986625185522995,0.24999999999999975,0.24974089481069703,0.24804296382972066,0.24953791247542778,0.24660532568419585,0.24935271489675614,0.24289778654768177,0.24979085916370325,0.24207243882934032,0.24963322691663498,0.24977133440254018,0.24991939205642255,0.24867978761600007,0.2482388003299868,0.24883512019837248,0.2476242628883941,0.24977994604364676,0.24667434705655258,0.2496421457979793,0.2472866800770537,0.2498343566896809,0.2498965560563424,0.24836701872073844,0.24791359012845576,0.24813175736119628,0.2487811901941608,0.24919416028671096,0.24705382622486752,0.24919995556296076,0.24660635921837515,0.24982883822563542,0.2497348340798502,0.24786431686968977,0.24874702633239992,0.2452518093190859,0.2484150616308852,0.2443907734628677,0.24956772421495196,0.24325110887939777,0.24966563000347083,0.2498505831486266,0.24992918521025514,0.24979950621172264,0.24923936675667518,0.24990450464338643,0.2498135823313873,0.2499041779802483,0.24989679378831167,0.2499477562158961,0.24989390111731907,0.2499007777171574
0.24977398444568857,0.24963620386922925,0.2488485961721371,0.24976318986198975,0.2496473674305638,0.24975007118721065,0.24968320587198775,0.2497889981810685,0.24970860972496617,0.24974089481069703,0.24999999999999967,0.2478877137500569,0.24938084993642815,0.2464494243079123,0.2491956318364407,0.24274407445442317,0.24963328327693132,0.2419196351380222,0.2494757683996668,0.24961375529249372,0.24976172041020867,0.24852358552248124,0.24808210292799798,0.24867821660826017,0.2474680585579295,0.24962234860787721,0.2465186167558549,0.2494846301753145,0.24713059742699778,0.2496767408120395,0.24973889698552262,0.2482103438978485,0.2477571242546085,0.24797524205842394,0.24862427119489383,0.249036905599804,0.2468979352251169,0.24904269510607938,0.24645067726872544,0.24967122396412253,0.2495772752993536,0.24770789590432504,0.24859009320162642,0.24509700184704053,0.24825832671098763,0.244236563315496,0.24941026277197556,0.24309763343644805,0.2495081195724939,0.24969295225229957,0.24977150641080798,0.2496419092297717,0.24908211917806938,0.24974684141547251,0.24965597409045326,0.24974651495779762,0.249739135929854,0.24979006570006868,0.2497362445783451,0.24974311683977848
0.24807582640235415,0.2479389825655422,0.2471610597230657,0.24806507282893767,0.24794993433929677,0.24805206880318245,0.24798543630664804,0.2480907374146799,0.24801082607670738,0.24804296382972066,0.2478877137500569,0.24999999999999972,0.24769113731249784,0.24477482304558695,0.24750075288277718,0.24109080632742527,0.24793705861655901,0.240273242382746,0.24777937398460437,0.24791668746069212,0.24806365178429535,0.24683781653902012,0.24639407887326858,0.24698759176329912,0.24578549622309204,0.24792505513194774,0.2448411570984778,0.24778819905863936,0.24544936813970097,0.24797927377135476,0.24804096487379707,0.2465229234277342,0.24607214635423671,0.24628928058874164,0.24693453054407966,0.2473434280741403,0.2452188490066101,0.24734910774621055,0.2447740368930801,0.24797377298854334,0.24788042692743426,0.24602345711490925,0.2468998310945181,0.2434298206258654,0.24657024912054284,0.2425756395563555,0.24771449143948435,0.24144457861279536,0.2478117870638341,0.24799532529628504,0.24807336521027756,0.2479446491602178,0.24738859647584288,0.24804886791723393,0.24795858737325607,0.24804854367427262,0.24804122061825698,0.2480917983238447,0.2480383431200167,0.24804516865846546
0.24957097589651583,0.24943330730383634,0.24864706138821116,0.24956020245637303,0.24944450289454875,0.2495470807087722,0.24948034461608629,0.2495859785099805,0.24950566181237308,0.24953791247542778,0.24938084993642815,0.24769113731249784,0.24999999999999972,0.24625324892362327,0.24899500818519849,0.24254840286223295,0.2494336318824591,0.24172400020596305,0.2492748718577224,0.24941087749022783,0.24955872975960186,0.24833500588734708,0.24788078515619408,0.24847826387985814,0.2472671682613386,0.2494195944385768,0.246318650494057,0.24928193229498813,0.246930090899568,0.2494738116508018,0.2495359210459023,0.24800867416001834,0.24755576194569054,0.2477739816034339,0.24842206722180699,0.24883446932764824,0.246697468289874,0.24884029491068085,0.24625047826614002,0.24946830180714244,0.24937442903439386,0.24750649653001094,0.24838818015079409,0.24489785518853935,0.24805664978518524,0.244038200113195,0.2492075393934442,0.2429002117357632,0.249305332972528,0.24949001273128435,0.249568499879916,0.24943900803798577,0.24887969794072945,0.24954385492864356,0.24945306858631738,0.2495435287353269,0.24953615502948734,0.249587044080551,0.2495332667029662,0.24954013337883862
0.24663800006571726,0.246501949364115,0.24571968277550046,0.2466273439946819,0.24651265357441476,0.24661437566358507,0.24654834444591275,0.24665282739503333,0.24657338329048561,0.24660532568419585,0.2464494243079123,0.24477482304558695,0.24625324892362327,0.24999999999999975,0.24607034222155405,0.239709030386339,0.24652058730253765,0.2388888445618966,0.24634896173102733,0.24647977969806958,0.24662583141876865,0.24544502478697525,0.24496428755280134,0.24554185763777756,0.24435888077691023,0.24649003085299034,0.24341785897442045,0.24635144146304863,0.24402251700887448,0.24654198248970113,0.24660330334045552,0.24509338937088335,0.244646878049449,0.24485907217281278,0.2455055215782802,0.2459108793533634,0.24379525403279712,0.24591577795318656,0.24335488948373268,0.24653650347208805,0.2464437135545302,0.24459866666199906,0.2454673619490234,0.24201862303062058,0.24514008934470882,0.2411679576242155,0.24627895172200004,0.24004330815133715,0.24637547867286863,0.24655793552965757,0.24663555308672822,0.24650758297415679,0.24595447099691328,0.24661119781147894,0.24652136716182857,0.2466108754613316,0.24660360340580306,0.2466538794153128,0.24660073403328817,0.24660752001149813
0.24938575414196865,0.24924818772149956,0.24846340623009092,0.24937499591610246,0.24925937735951428,0.24936187405571184,0.24929522688090214,0.24940074660757558,0.24932048344302052,0.24935271489675614,0.2491956318364407,0.24750075288277718,0.24899500818519849,0.24607034222155405,0.2499999999999998,0.24235315764451826,0.24926361859662127,0.24153870195941488,0.24911296255593288,0.24922577175258587,0.24937355315174728,0.2481905283725647,0.24769982222883266,0.24829179525013062,0.24708365084315592,0.24923556715147077,0.24613556077209436,0.2490968618413211,0.2467462697113952,0.24928866032910887,0.24935071761459118,0.24782453328249132,0.247372109769086,0.2475897978034324,0.24823816796380846,0.24865009828985413,0.24651393435515892,0.24865574257033501,0.24606776303893704,0.24928314936752374,0.2491893526653943,0.24732305684451603,0.24820361246689832,0.2447161139863918,0.24787239552364757,0.24385679243969058,0.24902263568727603,0.242719634222785,0.24912031664393156,0.24930484810372466,0.24938327995402051,0.2492538841977536,0.24869494775108855,0.24935865329856663,0.24926792522278093,0.2493583273500894,0.24935096044893568,0.24940181040082973,0.24934807293469777,0.2493549345143936
0.24292997008250863,0.24279596480813403,0.24201989528780918,0.242919480381433,0.24280613323654351,0.24290668726261813,0.24284165878847755,0.2429445771592767,0.24286625254233096,0.24289778654768177,0.24274407445442317,0.24109080632742527,0.24254840286223295,0.239709030386339,0.24235315764451826,0.2499999999999998,0.2427964384943836,0.23534561023723935,0.24266541629877023,0.24277412602292106,0.24291789938956765,0.2417789921831893,0.24129301249780535,0.24184486748487022,0.24068414766549961,0.24278704438586343,0.23975628886385153,0.2426474493181765,0.24035140812183486,0.24283557073859477,0.24289575594175705,0.24140861266587083,0.24096785238757307,0.24117806520117233,0.2418169994512828,0.2422114457824322,0.24012596890317736,0.24221603641828005,0.23968859131223566,0.24283004456693658,0.24273846361575233,0.24091964867836474,0.24177641761256766,0.2383763599077631,0.24145356665109027,0.23754062509920942,0.242575855977097,0.23643332465570752,0.24267149556709278,0.2428510128327615,0.24292755987570835,0.24280151386367835,0.24225641209476617,0.24290357081307823,0.24281494516857363,0.24290325328261136,0.24289611888863433,0.24294561069717913,0.2428932643188358,0.24289994827460534
0.24982395546837366,0.24968614732684843,0.24889955555888602,0.24981315989993258,0.24969738130574357,0.24980003919145943,0.2497331715399506,0.24983897200751676,0.24975857977298024,0.24979085916370325,0.24963328327693132,0.24793705861655901,0.2494336318824591,0.24652058730253765,0.24926361859662127,0.2427964384943836,0.24999999999999983,0.24196461300962538,0.24952883397225564,0.24966369461695062,0.24981171424320442,0.24864229264155707,0.24813128285134373,0.24873943590245454,0.2475177626851484,0.24969849593194618,0.24656652750955083,0.24953537357116323,0.24717892569112998,0.2497267272547344,0.24978884709626908,0.24826004930891077,0.24780647641298423,0.24802490348959552,0.24867575736551484,0.2490866812370428,0.2469475816009583,0.24909236036809884,0.24649963744639092,0.24972118294483822,0.24962718262737862,0.24775726453705793,0.24863970573974783,0.24514521432758607,0.24830780879604822,0.2442849221572992,0.24946010944593133,0.2431459528597448,0.2495580848048647,0.2497428893759616,0.24982147693078963,0.24969185384432854,0.2491318818306511,0.24979680701224494,0.24970589304042706,0.24979648048537642,0.24978910657735806,0.24984003994004933,0.24978620805060509,0.24979308168693717
0.24210451373459663,0.2419709637992831,0.24120104590655053,0.24209407205645267,0.24198144595451304,0.24208132130183138,0.2420166164246572,0.24211907005379232,0.24204109149072345,0.24207243882934032,0.2419196351380222,0.240273242382746,0.24172400020596305,0.2388888445618966,0.24153870195941488,0.23534561023723935,0.24196461300962538,0.24999999999999975,0.24180820815052434,0.2419492007548734,0.2420925727448096,0.24088388508522773,0.24048486690306461,0.24104342837537052,0.23988211477616367,0.24197561911815915,0.23894330664613464,0.24182027070541026,0.23953581888131217,0.24201034110422415,0.24207038904483708,0.2405911859608119,0.24014240566893033,0.2403641866915546,0.24098875461524855,0.24138943790512207,0.23931039433817408,0.24139390288925108,0.23887637373825907,0.24200492613282867,0.24191373283192277,0.2401007272950375,0.24095599873213552,0.23756800629533228,0.24063419777229245,0.23673509508212356,0.24175163688892742,0.23563156885092437,0.24184688644984717,0.24202588645190679,0.24210211176258956,0.2419764940506901,0.24143359516028232,0.24207820416927975,0.2419899958394762,0.242077887717804,0.24207075912331247,0.2421201012037264,0.24206793269413376,0.2420745939383634
0.2496663022417765,0.2495285810650829,0.2487420214806076,0.24965551168672942,0.2495397814337069,0.2496424006590479,0.24957556308019715,0.2496813092422624,0.2496009631118175,0.24963322691663498,0.2494757683996668,0.24777937398460437,0.2492748718577224,0.24634896173102733,0.24911296255593288,0.24266541629877023,0.24952883397225564,0.24180820815052434,0.2499999999999998,0.24950614233339727,0.24965404018467305,0.24842249785269782,0.24797758829551655,0.24857399259424307,0.24736325897612932,0.2495893206672832,0.2464135611261343,0.24939599781228877,0.24702424114446944,0.24956915363701357,0.24963122732998214,0.2481035243513373,0.24765045041771236,0.24786826633207587,0.24851870789996758,0.2489294504537062,0.2467918351477433,0.2489351359255918,0.2463438796828472,0.24956359527995778,0.24946965160584722,0.2476008380078144,0.2484828327436504,0.24499057092303042,0.24815112584275353,0.2441308272454159,0.24930267372177675,0.24299256101106548,0.24940059645539445,0.24958528692622703,0.249663825269557,0.24953428398616065,0.2489746675574459,0.24963917091856336,0.24954831435510783,0.24963884459722008,0.24963147527499183,0.2496823765632293,0.24962857864479096,0.2496354479434648
0.24980442806381592,0.24966663069401718,0.24887915401692073,0.24979363206960034,0.24967781146436785,0.24978051244301416,0.2497136395545774,0.2498194435309301,0.24973904848877573,0.24977133440254018,0.24961375529249372,0.24791668746069212,0.24941087749022783,0.24647977969806958,0.24922577175258587,0.24277412602292106,0.24966369461695062,0.2419492007548734,0.24950614233339727,0.2499999999999996,0.24979216157297338,0.24855319193218262,0.24811242389803911,0.2487084421503105,0.24749820078288917,0.24965278634489,0.24654876681396326,0.2495150561450742,0.24716078855914453,0.2497071695174776,0.24976933716848665,0.24824057863108884,0.24778738010341655,0.24800543686991397,0.24865453977435267,0.24906729857720528,0.24692805391710365,0.24907309081792128,0.24648081400278155,0.24970165383751733,0.24960769750431036,0.2477381321760456,0.24862039247574308,0.2451269540263323,0.24828859668978673,0.24426635700668384,0.24944067263968828,0.24312727276247295,0.24953852871026316,0.2497233876563237,0.24980194972684927,0.24967233674613154,0.24911248236736117,0.24977728172452746,0.24968640566201067,0.24977695522768317,0.2497695748018433,0.2498205112782543,0.24976668359656137,0.24977355669561804
0.24995250533030378,0.24981462627797432,0.2490267177155271,0.24994170286782189,0.2498258155244117,0.24992857559715187,0.24986166276787652,0.249967529683383,0.24988708730460227,0.24991939205642255,0.24976172041020867,0.24806365178429535,0.24955872975960186,0.24662583141876865,0.24937355315174728,0.24291789938956765,0.24981171424320442,0.2420925727448096,0.24965404018467305,0.24979216157297338,0.25,0.24870081371811165,0.24825946138734922,0.24885588966167524,0.2476449153033033,0.24980077028802783,0.24669487332177595,0.24966295515339262,0.24730727064841262,0.24985519024747824,0.24991739328855872,0.2483877351361797,0.2479342414735366,0.2481524557404759,0.24880195298752686,0.24921492602187434,0.2470744150537954,0.24922072026921646,0.2466268853770087,0.24984967058594534,0.2497556572077696,0.2478849700893829,0.24876776645645401,0.24527222997620202,0.24843577031972866,0.24441114062989927,0.24958853074309492,0.24327138648606908,0.24968644919447214,0.24987141625250014,0.24995002552420448,0.2498203357137014,0.24926014774097857,0.24992534289965573,0.2498344120491104,0.24992501620906396,0.2499176316008167,0.249968598078434,0.2499147384891563,0.2499216156623991
0.24871273945497244,0.24857554428354206,0.2478046686780372,0.2487020449947706,0.24858735080546118,0.24868893476105192,0.2486227079526245,0.24872769218235238,0.2486477559743211,0.24867978761600007,0.24852358552248124,0.24683781653902012,0.24833500588734708,0.24544502478697525,0.2481905283725647,0.2417789921831893,0.24864229264155707,0.24088388508522773,0.24842249785269782,0.24855319193218262,0.24870081371811165,0.24999999999999978,0.24702023864038825,0.24765610891358833,0.24641730039825277,0.24858240136946422,0.2454677973187811,0.24842468719941896,0.24607876597477524,0.2486159399190763,0.2486777813617572,0.24715669030671886,0.24670285132167522,0.24692204756848984,0.2475699033902737,0.24797915317355596,0.24584990306795887,0.24798470344179238,0.24540435072801597,0.24861042843830394,0.24851683883164474,0.24665507196711609,0.24753379269446826,0.244054583850691,0.2472033767079272,0.24319818278352856,0.24835050151141855,0.24206439249532655,0.24844807468112304,0.24863203220968055,0.24871027194229722,0.2485812254262129,0.24802374142358607,0.24868571175654355,0.24859520057271906,0.2486853866808581,0.24867804684412706,0.24872875238297884,0.2486751599375762,0.24868200299999976
0.2482716910638787,0.24813473918400533,0.24734958524509315,0.24826096327183708,0.24814567701974244,0.248247915935058,0.24818145243319664,0.2482866155707571,0.24820667849273997,0.2482388003299868,0.24808210292799798,0.24639407887326858,0.24788078515619408,0.24496428755280134,0.24769982222883266,0.24129301249780535,0.24813128285134373,0.24048486690306461,0.24797758829551655,0.24811242389803911,0.24825946138734922,0.24702023864038825,0.24999999999999986,0.24717672171756586,0.24604561479905082,0.2481259975687967,0.24506655690674364,0.24798632530820444,0.2456484191080472,0.24817507267671635,0.24823666015118315,0.2467176004817534,0.24626454612782392,0.24649731986914636,0.24712277088932233,0.24754843106094454,0.2454058335200843,0.24754587743399203,0.2449675305803053,0.24816949562698323,0.24807618134121762,0.24621807233634033,0.24709366142005368,0.24362254072524026,0.2467642720766146,0.2427639206543202,0.24791017453324324,0.24163418395921504,0.24800738889646776,0.2481911519080036,0.24826922790539951,0.24814041015402016,0.24758399979785967,0.2482447112805344,0.24815436123831178,0.24824438679235303,0.24823705483992775,0.2482876755957675,0.24823417818716056,0.24824100911461397
0.2488680901880303,0.24873080932187225,0.24794649006509353,0.24885734107203172,0.2487419903200701,0.24884426487479933,0.24877768461775815,0.24888304967428412,0.24880296682028993,0.24883512019837248,0.24867821660826017,0.24698759176329912,0.24847826387985814,0.24554185763777756,0.24829179525013062,0.24184486748487022,0.24873943590245454,0.24104342837537052,0.24857399259424307,0.2487084421503105,0.24885588966167524,0.24765610891358833,0.24717672171756586,0.25000000000000006,0.24656240258744538,0.24872976818642523,0.24562994511409814,0.24858513458393217,0.2462380579731422,0.24877113897366462,0.24883325232888612,0.24730761841654303,0.24687192826629206,0.24707231962197307,0.24772765980352587,0.2481323885906277,0.24600694187066566,0.2481395796447811,0.24555849961277035,0.24876572085461238,0.2486720967655911,0.2468102678716728,0.24768904943273756,0.2442088689455667,0.24735826554504284,0.24335213297451622,0.24850573434991483,0.24221651091946428,0.24860322746243702,0.24878735584436643,0.24886562114554409,0.24873649399361175,0.24817873196740617,0.2488410456011247,0.24875051940120005,0.24884072032802493,0.24883336782709262,0.2488841131180172,0.24883048719774833,0.24883733453447957
0.24765707227752634,0.24752045943428588,0.2467392957799219,0.24764637251620983,0.24753153161422467,0.24763336151087662,0.24756708365013746,0.24767195900633587,0.24759225422952283,0.2476242628883941,0.2474680585579295,0.24578549622309204,0.2472671682613386,0.24435888077691023,0.24708365084315592,0.24068414766549961,0.2475177626851484,0.23988211477616367,0.24736325897612932,0.24749820078288917,0.2476449153033033,0.24641730039825277,0.24604561479905082,0.24656240258744538,0.2499999999999998,0.24750859780923787,0.24446806223908166,0.24739263228916866,0.24503302368598034,0.24756076798555568,0.24762189336055662,0.2461424481788224,0.24564490640360284,0.24588850888212269,0.24651258293648748,0.24695479010730703,0.24488154571641163,0.24694589876060646,0.24439600563157382,0.24755508975402107,0.2474620194317249,0.24560650007091148,0.24647923729023857,0.24301322965679772,0.2461521910989094,0.24215607418661833,0.24729674710857374,0.24103132773204003,0.24739353205761824,0.24757666602207348,0.2476546151234536,0.24752611613502667,0.24697049997670087,0.2476301592567425,0.24753988994572249,0.24762983559239365,0.247622544017457,0.24767301723827628,0.2476196522672913,0.24762646628417256
0.24981304079029912,0.2496752386695399,0.2488878728621403,0.2498022436487258,0.24968640993653599,0.24978912376972262,0.24972224232819154,0.2498280568361718,0.24974765510219196,0.24977994604364676,0.24962234860787721,0.24792505513194774,0.2494195944385768,0.24649003085299034,0.24923556715147077,0.24278704438586343,0.24969849593194618,0.24197561911815915,0.2495893206672832,0.24965278634489,0.24980077028802783,0.24858240136946422,0.2481259975687967,0.24872976818642523,0.24750859780923787,0.25,0.2465559465181442,0.2495462323338448,0.24718217653843252,0.24971586324242329,0.2497780728287143,0.2482576204409639,0.24781851214478412,0.24802667945141346,0.2486827108470702,0.24907976777032034,0.24693997793477054,0.24908276873259813,0.24649395815502428,0.2497102646621191,0.2496162966934449,0.2477480816646649,0.2486290457794058,0.24513599265290237,0.24829710744126185,0.24427484350833736,0.24944940997345547,0.2431354015946267,0.24954729823647967,0.24973199084863348,0.24981056234887766,0.2496809448791421,0.2491209675780232,0.24978589351090386,0.24969500142509005,0.24978556700568721,0.24977819588874936,0.24982912455925269,0.2497752950216956,0.2497821683577221
0.24670703059098173,0.2465709418106919,0.2457900256221267,0.24669637171691686,0.24658177301364925,0.24668340400580296,0.24661736495440806,0.246721861333274,0.2466424215178879,0.24667434705655258,0.2465186167558549,0.2448411570984778,0.246318650494057,0.24341785897442045,0.24613556077209436,0.23975628886385153,0.24656652750955083,0.23894330664613464,0.2464135611261343,0.24654876681396326,0.24669487332177595,0.2454677973187811,0.24506655690674364,0.24562994511409814,0.24446806223908166,0.2465559465181442,0.25000000000000006,0.24642985257146036,0.24407317873106135,0.2466121495367777,0.2466718920455477,0.24518993708676742,0.2447043651503871,0.24498516701413453,0.24574433589966155,0.2460217650574705,0.24383681317548994,0.24601229067836472,0.2435548539480964,0.24660566556311647,0.2465127561401878,0.24465726909810015,0.24553701710846979,0.24206537211424817,0.24521016552845362,0.2412199629215407,0.2463469579433173,0.24011038266267104,0.24644450185717648,0.2466269630457292,0.24670458298090134,0.24657657736067895,0.24602398416815865,0.2466802209043999,0.24659031562818107,0.24667989840967672,0.24667264488851254,0.24672291438498511,0.2466697541283116,0.2466765420058219
0.24967522237628526,0.24953749627905805,0.2487499158660218,0.24966443250748213,0.24954863606946687,0.2496513178401845,0.2495844802210755,0.24969023032695997,0.24960986975698382,0.2496421457979793,0.2494846301753145,0.24778819905863936,0.24928193229498813,0.24635144146304863,0.2490968618413211,0.2426474493181765,0.24953537357116323,0.24182027070541026,0.24939599781228877,0.2495150561450742,0.24966295515339262,0.24842468719941896,0.24798632530820444,0.24858513458393217,0.24739263228916866,0.2495462323338448,0.24642985257146036,0.24999999999999986,0.24704031242558017,0.2495793556446487,0.24964011593436777,0.24812152023304726,0.2476615737734249,0.24791058016125314,0.24858499147886504,0.24897413132522922,0.2468175229934076,0.2489598860915997,0.24637726521188713,0.24957250949018384,0.24947855166530403,0.24761166485340141,0.2484910652809617,0.24499731522548626,0.24815946824083776,0.24413621500631189,0.24931165785231946,0.2429998178157211,0.24940967132054917,0.2495941783770942,0.24967274526558947,0.249543199315499,0.2489833363537529,0.24964809007713082,0.24955715567969927,0.24964776374837314,0.24964041580798843,0.2496912972720453,0.2496374974315027,0.2496443669756044
0.2473194447741952,0.24718301817337768,0.24640082002446217,0.2473087600155052,0.24719392721825048,0.2472957612393321,0.24722956552073125,0.24733431208373524,0.24725468584964436,0.2472866800770537,0.24713059742699778,0.24544936813970097,0.246930090899568,0.24402251700887448,0.2467462697113952,0.24035140812183486,0.24717892569112998,0.23953581888131217,0.24702424114446944,0.24716078855914453,0.24730727064841262,0.24607876597477524,0.2456484191080472,0.2462380579731422,0.24503302368598034,0.24718217653843252,0.24407317873106135,0.24704031242558017,0.24999999999999978,0.24722274187980328,0.2472844826326656,0.24577344163678191,0.24536813682548242,0.2455469136046208,0.2462700255133989,0.24669083326192412,0.24464675526008392,0.24661380149172868,0.24400547640231135,0.2472177396655056,0.2471245459626602,0.2452965186172071,0.2461512958797664,0.24267990243436993,0.24582155918895296,0.24181959537255188,0.246958196363148,0.24071168339071383,0.24705610258686297,0.24723901760482142,0.24731699096599905,0.2471886673859365,0.24663305335791477,0.24729256849331516,0.24720202695370977,0.24729224523063392,0.24728506170916448,0.24733536799739822,0.24728207577814912,0.24728888050557427
0.24986745870698202,0.2497296265681566,0.24894199874784156,0.24985666009400034,0.24974081395626904,0.24984353716750993,0.24977664831767682,0.2498824779503221,0.24980206343090947,0.2498343566896809,0.2496767408120395,0.24797927377135476,0.2494738116508018,0.24654198248970113,0.24928866032910887,0.24283557073859477,0.2497267272547344,0.24201034110422415,0.24956915363701357,0.2497071695174776,0.24985519024747824,0.2486159399190763,0.24817507267671635,0.24877113897366462,0.24756076798555568,0.24971586324242329,0.2466121495367777,0.2495793556446487,0.24722274187980328,0.24999999999999978,0.2498323584143451,0.2483029653108551,0.2478501273622991,0.24806782540109237,0.2487175222173025,0.24913023413752786,0.24699062802633473,0.24913595011853376,0.2465428562619028,0.24976465881632642,0.2496706773674408,0.24780063257470225,0.24868313431780534,0.2451886921718884,0.2483512462934621,0.24432784820891,0.24950360089762727,0.24318862802073787,0.24960149120593225,0.24978639680501372,0.24986497974416852,0.24973533406086165,0.249175333491358,0.24984030551844516,0.24974940327675854,0.24983997893895568,0.24983259725481907,0.24988354597953671,0.24982970471604538,0.24983657954932206
0.2499296663118816,0.2497917998580345,0.2490038944546279,0.24991886495043406,0.24980298413260643,0.24990573862662843,0.24983883234061172,0.24994468932213681,0.2498642535730559,0.2498965560563424,0.24973889698552262,0.24804096487379707,0.2495359210459023,0.24660330334045552,0.24935071761459118,0.24289575594175705,0.24978884709626908,0.24207038904483708,0.24963122732998214,0.24976933716848665,0.24991739328855872,0.2486777813617572,0.24823666015118315,0.24883325232888612,0.24762189336055662,0.2497780728287143,0.2466718920455477,0.24964011593436777,0.2472844826326656,0.2498323584143451,0.25,0.24836500240129505,0.24791172765097988,0.24812961932803745,0.2487795828784922,0.24919214528055994,0.24705216328177773,0.24919796712443015,0.24660450184340604,0.24982684205191702,0.249732834094487,0.2478623181461813,0.2487450190704389,0.2452497479852872,0.24841305530229604,0.2443887663908512,0.24956572251494816,0.24324912226899115,0.24966363646384307,0.24984858288847897,0.24992718673143563,0.24979750877176435,0.24923736247988254,0.2499025063632677,0.24981158073675377,0.2499021797024079,0.24989479632487524,0.2499457575895623,0.24989190292162022,0.24989877946647204
0.2483999264224529,0.2482629038052619,0.2474798761669219,0.24838919294854564,0.24827403157714334,0.24837614539294708,0.24830966028496684,0.24841485756177634,0.24833491723590925,0.24836701872073844,0.2482103438978485,0.2465229234277342,0.24800867416001834,0.24509338937088335,0.24782453328249132,0.24140861266587083,0.24826004930891077,0.2405911859608119,0.2481035243513373,0.24824057863108884,0.2483877351361797,0.24715669030671886,0.2467176004817534,0.24730761841654303,0.2461424481788224,0.2482576204409639,0.24518993708676742,0.24812152023304726,0.24577344163678191,0.2483029653108551,0.24836500240129505,0.2499999999999999,0.24638468135867592,0.24667483506621454,0.2472788257610709,0.24769087731830514,0.24560981065168636,0.24772981223908858,0.24522709982910607,0.24829779276532707,0.2482042367010728,0.24633874911965778,0.247223284911349,0.24376438990465435,0.24689823479522274,0.2428984619126395,0.24803928083041368,0.24175719776717508,0.2481362352830596,0.2483194025790298,0.24839746210885966,0.24826857784117984,0.24771195571431254,0.248372932698337,0.24828287421621784,0.2483726080478945,0.24836524252306894,0.24841591921054798,0.24836239416987663,0.24836922862558744
0.24794643750491188,0.24780966504173366,0.24702734342445792,0.24793571938027634,0.24782069551639332,0.2479226976341068,0.24785630218759275,0.24796134149509294,0.2478815291861263,0.24791359012845576,0.2477571242546085,0.24607214635423671,0.24755576194569054,0.244646878049449,0.247372109769086,0.24096785238757307,0.24780647641298423,0.24014240566893033,0.24765045041771236,0.24778738010341655,0.2479342414735366,0.24670285132167522,0.24626454612782392,0.24687192826629206,0.24564490640360284,0.24781851214478412,0.2447043651503871,0.2476615737734249,0.24536813682548242,0.2478501273622991,0.24791172765097988,0.24638468135867592,0.25000000000000006,0.24614782576596544,0.2468705391986192,0.24723121693819236,0.24513253444202485,0.24722977813733427,0.24466590441844915,0.24784434848356438,0.2477513069093125,0.24590150935417843,0.24677461391581976,0.24330066454491003,0.24644388114666452,0.24244722578961253,0.24758521281655194,0.241323062075563,0.24768241012605252,0.24786605225548675,0.24794397761791118,0.24781532862828073,0.24725976035643313,0.24791949306766994,0.24782930759735014,0.2479191690056839,0.24791184359215487,0.24796240109592863,0.24790897377272886,0.24791579575118186
