x1,x2,x3,x4,x5,x6,x7,x8,x9,x10,x11,x12,x13,x14,x15,x16,x17,x18,x19,x20,x21,x22,x23,x24,x25,x26,x27,x28,x29,x30,x31,x32,x33,x34,x35,x36,x37,x38,x39,x40,x41,x42,x43,x44,x45,x46,x47,x48,x49,x50,x51,x52,x53,x54,x55,x56,x57,x58,x59,x60
0.25000000000000006,0.2497500675300399,0.2497974487692488,0.24982569471119292,0.24957979778069592,0.24980054295563395,0.24937830249873275,0.2497876330838205,0.24969968943073773,0.2497772630351237,0.2496330057982024,0.23537875176095116,0.2200940759638187,0.21719847844148724,0.21816890144882753,0.20547677112421944,0.21807606479100677,0.21062355381463174,0.24460678075699424,0.24947958336197773,0.24953509209433997,0.24100253462650492,0.24558205026549793,0.22759628616450878,0.2454735640546002,0.21941036624484853,0.24668584605488786,0.22901834221502929,0.24813583517985308,0.24937808394844685,0.24974978141615012,0.23712511217623636,0.2477805931017541,0.22388246600898207,0.24587187872363125,0.22311614385964793,0.2449960934544997,0.22842219482373094,0.24540610147166778,0.2489563708743829,0.24961043511857706,0.23797155724886684,0.21503963173551782,0.21742762125005616,0.2204631424619346,0.20773480307814307,0.21797399372283596,0.20744860620474004,0.24453486030914076,0.24966816665612815,0.2497399844683601,0.24974536663308186,0.249625960060354,0.24982651976114487,0.24934012161995325,0.24979077419480777,0.24874219708334003,0.24981079908602494,0.24967914796914564,0.2497853598509368
0.2497500675300399,0.25000000000000006,0.24989230274411933,0.2499206145750527,0.24967462888266267,0.24989545212696213,0.2494730589249035,0.2498825371989324,0.24979456274056527,0.24987216329981568,0.2497278509608622,0.2354683701197536,0.2201773333203857,0.21728122943584574,0.21825186249538064,0.20555448238161558,0.2181587336128924,0.2107034961684612,0.24469970475940783,0.2495743705923481,0.24962990037484065,0.24109414818767735,0.245675328269393,0.22768284145638096,0.24556680187261512,0.21949368634332211,0.2467795636097436,0.22910534077967484,0.24823011137955603,0.2494728326847486,0.24984467155500548,0.23721520892199058,0.24787473465863888,0.2239675332713813,0.24596530021460147,0.22320091747391982,0.24508917856628248,0.22850898277682988,0.24549934174180055,0.24905095946965825,0.24970527221200522,0.23806197463275655,0.21512133703957262,0.21751023479020112,0.22054690576704836,0.20781373283546825,0.21805681033920538,0.2075274257312862,0.24462776904799652,0.24976302567548586,0.2498348707762962,0.24984025498592002,0.24972080305340744,0.24992143894733215,0.2494348560083664,0.24988567979981854,0.24883670429337584,0.24990571229929276,0.24977401116429765,0.249880263398811
0.2497974487692488,0.24989230274411933,0.25000000000000006,0.2499696774999793,0.24972300579896647,0.24994276656328215,0.24952211681146513,0.24992984163772955,0.24984194055976972,0.24991946396569995,0.24977511361168628,0.23551884977084322,0.22022900241682647,0.2173314767994385,0.2182956211650981,0.20559241449277246,0.21820086334854485,0.2107448297978505,0.24474600297603485,0.24962160668906536,0.24967715209956295,0.24113984497832988,0.2457224503470176,0.2277259640214449,0.24561340170424759,0.2195337299099748,0.24682621240493752,0.2291481418460507,0.2482770953217336,0.2495200573818667,0.2498919645458715,0.23726010752318893,0.2479216285907577,0.22400983016851037,0.24601186536743408,0.22324311306109795,0.24513549846126367,0.228552223730499,0.24554578850245273,0.24909810402799196,0.24975254070564645,0.23810702712573986,0.21516204844738374,0.21755137723609638,0.22058863800324488,0.2078530503958543,0.21809807612732074,0.20756668868500475,0.24467407482701445,0.24981030524504547,0.24988216391851276,0.24988754914725364,0.2497680744950982,0.2499687484767503,0.2494820730862271,0.24993298255993018,0.2488838078012499,0.249953018851691,0.2498212927351006,0.24992756513380288
0.24982569471119292,0.2499206145750527,0.2499696774999793,0.2500000000000001,0.2497502389077221,0.24997112306390099,0.24954861513863524,0.24995820417004164,0.2498702038015096,0.24994782715589667,0.24980347108480389,0.23553973855044905,0.22024408233480477,0.21734713567571065,0.2183179983058341,0.20561669857163306,0.2182247789734898,0.21076729601495078,0.24477380192573364,0.24964994423953615,0.24970549086824848,0.24116716074083924,0.24574972462212308,0.22775180214510923,0.24564116270816347,0.2195601378407258,0.2468542904782745,0.22917471160888325,0.24830527801101665,0.2495483756201021,0.24992032708820036,0.2372870403068371,0.24794979365785577,0.22403535266324878,0.24603978148735894,0.22326850485966926,0.24516339381430188,0.22857817762949129,0.24557368135488097,0.24912637466153728,0.2497808855366377,0.2381340623295059,0.21518647812231928,0.21757609924798443,0.2206136895802955,0.2078766610552471,0.21812284008999996,0.20759026711325407,0.2447018448461479,0.24983865648881826,0.24991052334499633,0.2499159091850135,0.24979642108127165,0.24999711772976507,0.24951038744671258,0.24996134775401307,0.2489120546029743,0.24998138631953493,0.24984964530384599,0.24995592971286443
0.24957979778069592,0.24967462888266267,0.24972300579896647,0.2497502389077221,0.25000000000000017,0.24972509648002503,0.24930396440146957,0.24971214805802483,0.24962479256264578,0.24970182395829996,0.2495575166462313,0.23531191249729252,0.22000756142976607,0.21714795544370918,0.21809229395704752,0.20540818271484612,0.2179895392405808,0.21055681925445013,0.2445320091722059,0.24940412680398935,0.24945968650733277,0.24092256788455335,0.24551286531348449,0.22751136167927724,0.24540194611471886,0.21932591912973143,0.24661067213387172,0.22894060570052155,0.24806059097329777,0.24930276715423572,0.24967429204583322,0.2370523224757068,0.24770523465530864,0.22381131350595523,0.2457963113819705,0.22304709208648163,0.24492072555882527,0.22835254357541895,0.2453314688521339,0.24888116088528187,0.24953502927603688,0.2378989227705445,0.21497383880182966,0.21736032184188875,0.22039612970609546,0.207671229509452,0.21790793474815812,0.2073851098040102,0.2444609386650782,0.24959274727716693,0.24966454270776042,0.24966992324495246,0.2495505447891516,0.24975105186087007,0.24926479275425417,0.2497153170886097,0.24866704241623386,0.249735335934624,0.24960372351859106,0.24970990438447535
0.24980054295563395,0.24989545212696213,0.24994276656328215,0.24997112306390099,0.24972509648002503,0.25000000000000017,0.24952351148444493,0.24993303832920333,0.2498450465370313,0.24992266190710202,0.24977832224756896,0.23551630335660587,0.22022222769911118,0.21732592051850846,0.21829697885106922,0.20559647004935616,0.21820305822695396,0.21074602398711687,0.24474916478884046,0.24962480962820946,0.24968035074212955,0.24114306126903268,0.24572499783577445,0.22772904930634322,0.2456164516216527,0.21953813955085227,0.2468294528403557,0.229151690392489,0.24828028248020942,0.24952325035986966,0.24989516518434332,0.23726316864315558,0.24792483598857398,0.22401283894510216,0.24601503821368248,0.22324604388153352,0.24513872337616846,0.22855517313826496,0.2455489603047016,0.24910129225130828,0.24975573723482078,0.23811009430665547,0.21516482082415744,0.21755421033015748,0.22059148254789432,0.2078557428525109,0.21810088265209504,0.20756937475516316,0.2446772084156438,0.24981350234496383,0.24988536196766642,0.24989074726543264,0.24977127129896887,0.24997194763397743,0.24948526642527474,0.2499361812596161,0.24888699387032395,0.24995621780761007,0.2498244900614639,0.24993076376394902
0.24937830249873275,0.2494730589249035,0.24952211681146513,0.24954861513863524,0.24930396440146957,0.24952351148444493,0.2500000000000002,0.2495106593253606,0.24942402885163892,0.24950030503493842,0.2493559753293882,0.23514674695016025,0.21987975078108132,0.21704395279703612,0.21787369622079328,0.20520172237383832,0.21783558270364964,0.21035538714351298,0.24433149436230214,0.24920268394383877,0.24925827970094808,0.240729560948149,0.24531240123416825,0.2273455700314967,0.2452038259282591,0.21912418100016054,0.24641099811845243,0.22873755965935227,0.247860149243084,0.24910153105370714,0.24947267929030933,0.23685861985261752,0.24750519054670325,0.2236236159937263,0.2455957669874011,0.22286418452872991,0.24472119656099003,0.22816702922913787,0.24513254579998575,0.24868023317729623,0.24933357643599244,0.237705566074619,0.2147987209069741,0.2171820497969994,0.22021746531336026,0.20750245079183208,0.21773153590065017,0.2072157845621009,0.24426347092440417,0.24939125462236372,0.24946299083964668,0.24946836702934425,0.24934906638084592,0.2495494301566873,0.24906354755941437,0.24951372422520646,0.24846626498814398,0.2495337269176638,0.24940221862706238,0.24950831589858327
0.2497876330838205,0.2498825371989324,0.24992984163772955,0.24995820417004164,0.24971214805802483,0.24993303832920333,0.2495106593253606,0.2500000000000003,0.24983214035345086,0.2499097462739988,0.2497654049704269,0.23550312328668715,0.2202095475430769,0.21731224428959411,0.21828379992765118,0.2055840241951176,0.21819143212567588,0.21073417938959116,0.24473631347656982,0.24961190719921628,0.24966744613740532,0.2411302074229786,0.24571220032301247,0.2277166134127999,0.24560357726417165,0.21952625585878627,0.24681658493633227,0.22913954131213266,0.24826741923722687,0.24951035435921828,0.2498822490667457,0.23725088900813102,0.2479119850866054,0.22400120318877265,0.246002274718952,0.22323448515666336,0.24512602437712094,0.22854335380343935,0.2455362606588286,0.24908841822939215,0.24974282948567422,0.23809776790048354,0.2151536795816185,0.21754291923899666,0.22058008028878046,0.2078449924186508,0.2180896136912537,0.20755862667751107,0.24466456230084793,0.24980059170076552,0.24987244758793453,0.24987783260734134,0.24975836258372713,0.24995902877941825,0.24947237258390562,0.24992326425339642,0.24887413086394866,0.24994329976598711,0.2498115788041362,0.24991784703782866
0.24969968943073773,0.24979456274056527,0.24984194055976972,0.2498702038015096,0.24962479256264578,0.2498450465370313,0.24942402885163892,0.24983214035345086,0.25000000000000044,0.24982176276816667,0.2496775265608483,0.2354150829095766,0.2201222207023882,0.21722547777328657,0.21820613119445287,0.20552676143863569,0.21811388959494016,0.21065633406915327,0.24465931858789244,0.24952400487620396,0.24957955224435324,0.24104298782904013,0.24562601943656112,0.22762872503872658,0.24551622162514455,0.21944770631533733,0.24672916100430164,0.2290568182022093,0.24817976773081946,0.2494224980639478,0.24979426750088096,0.23716750360946254,0.24782442492556916,0.22392233696959776,0.24591579908554106,0.22315586884250882,0.2450395579854836,0.22846295326718125,0.2454497280378251,0.24900071972063365,0.24965490274997917,0.23801370507074804,0.21507764354728906,0.21746577835034214,0.22050244640372452,0.20777185710997056,0.21801296631991762,0.20748534694923015,0.24457841836800837,0.24971264610692517,0.24978447629840028,0.24978985942110965,0.2496704299870805,0.2498710270082696,0.24938454070124116,0.2498352750716338,0.24878650889410056,0.24985530353245883,0.24972362855307853,0.24982985976542357
0.2497772630351237,0.24987216329981568,0.24991946396569995,0.24994782715589667,0.24970182395829996,0.24992266190710202,0.24950030503493842,0.2499097462739988,0.24982176276816667,0.25000000000000033,0.24975504260342787,0.23549401410699428,0.22020145602524707,0.21730489566357655,0.21827571116278027,0.20557677792478002,0.21818245422861582,0.21072633601447155,0.2447263390048359,0.2496015457308359,0.24965708162456526,0.2411204031258931,0.24570207767584717,0.2277076372817399,0.24559353281517815,0.21951756353168989,0.2468064286459149,0.22913027540287267,0.24825713815293762,0.24949999658374686,0.24987187605261826,0.23724104086496967,0.24790172300135488,0.2239919248090394,0.24599208431825645,0.2232252232589419,0.24511586599553545,0.22853386560273192,0.24552607322313694,0.24907807753389408,0.24973246153163292,0.2380878959281531,0.21514476037118174,0.21753391793221055,0.22057092112726687,0.20783636250055257,0.21808055471382243,0.2075500224755799,0.24465440554296586,0.24979022128588327,0.24986207420816955,0.2498674590040541,0.24974799406767081,0.249948651805239,0.24946201588853498,0.24991288876406118,0.24886379904797587,0.24993292344479343,0.2498012079687323,0.24990747177329203
0.2496330057982024,0.2497278509608622,0.24977511361168628,0.24980347108480389,0.2495575166462313,0.24977832224756896,0.2493559753293882,0.2497654049704269,0.2496775265608483,0.24975504260342787,0.25000000000000033,0.23535080198192335,0.22006838898508804,0.21717600531164935,0.21814349981448491,0.2054611200884628,0.21805463667773486,0.21060644415920826,0.24458363858891613,0.24945738241445187,0.24951288868524482,0.24097980521898132,0.24556061054407707,0.2275739002153605,0.2454521364915321,0.2193896036561482,0.24666393025094577,0.22899730363422302,0.24811374711581824,0.24935590511143557,0.24972755708815092,0.23710373029293472,0.24775850726664506,0.22386186687626658,0.2458496532749365,0.22309598980358492,0.24497410522038768,0.22840172807036851,0.24538420430942895,0.24893422354906466,0.2495882296425554,0.2379502553872806,0.21502035648517626,0.21740800078078512,0.2204434484654833,0.20771613800007357,0.2179545502831592,0.20743001194766114,0.244513097649474,0.2496459565753321,0.24971776793338907,0.2497231496191896,0.24960375208154872,0.24980429552819103,0.24931793940878927,0.24976855314134264,0.24872006717948927,0.24978857625155662,0.24965693672023473,0.24976313927953217
0.23537875176095116,0.2354683701197536,0.23551884977084322,0.23553973855044905,0.23531191249729252,0.23551630335660587,0.23514674695016025,0.23550312328668715,0.2354150829095766,0.23549401410699428,0.23535080198192335,0.25000000000000044,0.20582404472477986,0.2040437888044904,0.20534693662903403,0.19558531808585503,0.2063185872633618,0.20023495514505757,0.2307992765371544,0.2352115678665824,0.23526604237473434,0.226840276426496,0.23178043479587274,0.21374693227932456,0.2315339533733091,0.20690914457449583,0.23259103543431964,0.21593113927452817,0.23394570595867462,0.2351180605262136,0.23546699878441096,0.22355069819096873,0.23359979476126122,0.2110406958829298,0.23178093326339144,0.21033398444442786,0.23095837500160363,0.21535303494283997,0.2313635643003807,0.234719966555233,0.2353367006508211,0.2243500845828838,0.2027272832126545,0.20497054150906927,0.2078527039786355,0.19583790305428764,0.20551281081769862,0.19557639967058418,0.23055093738479074,0.2353912073998734,0.2354588980627155,0.23546397243315623,0.235351392190791,0.23554048496025087,0.2350818394350029,0.23550678337089123,0.2345180855857637,0.23552566325276714,0.2354015221902726,0.2355016787356722
0.2200940759638187,0.2201773333203857,0.22022900241682647,0.22024408233480477,0.22000756142976607,0.22022222769911118,0.21987975078108132,0.2202095475430769,0.2201222207023882,0.22020145602524707,0.22006838898508804,0.20582404472477986,0.2500000000000003,0.18759870509968996,0.1892771728003853,0.18270952965250586,0.19371273527071617,0.18778249031958016,0.2157774289649393,0.21993586770804668,0.2199853730728618,0.21194137415665434,0.21661248719894083,0.1988943476443106,0.2163356689653393,0.19359296027654604,0.21746208133246162,0.20197859195087844,0.21875330632935827,0.21984991795133904,0.22017658268770685,0.20904757684730482,0.21842237497351885,0.1973732853437833,0.21674679509918976,0.19668767793352457,0.21596298685044976,0.2013745442957772,0.2163436609039691,0.21947781677114403,0.22005443072743516,0.20979077576016272,0.1895724311599408,0.19167224162835908,0.19435366247919114,0.18312391506166387,0.19216311288463175,0.1828885232875153,0.21557994104795392,0.22010534352086833,0.2201686568976042,0.22017340177166245,0.22006817422728248,0.22024494568209577,0.21981613129356978,0.22021343268264176,0.21928900005814636,0.22023108646759892,0.22011502109939396,0.22020865945383805
0.21719847844148724,0.21728122943584574,0.2173314767994385,0.21734713567571065,0.21714795544370918,0.21732592051850846,0.21704395279703612,0.21731224428959411,0.21722547777328657,0.21730489566357655,0.21717600531164935,0.2040437888044904,0.18759870509968996,0.2500000000000004,0.18569072222352306,0.17679072740350074,0.19023157360856796,0.18602390543938924,0.21331306315927268,0.21703572890366576,0.21709075139171893,0.20858461467884062,0.21460977716159776,0.19521368111270085,0.21390186859208268,0.18936255109816463,0.2145990686275275,0.1990699509434869,0.21587753372461854,0.21695894210057012,0.21727746832356315,0.20626563140986467,0.2155272680121397,0.19465956891445385,0.21384712109547976,0.19402880841070377,0.21303684703031506,0.19870243756170353,0.21347023574664967,0.2165905967991096,0.2171597271703024,0.20700671698447837,0.18705000484421846,0.18910570047839706,0.19178049069466443,0.18066677493242259,0.18962943481304675,0.18045740743636648,0.21274245570845535,0.2172101260130754,0.21727257038338535,0.21727725277625967,0.21717334345526362,0.21734785572129786,0.21692440931287568,0.21731675705024933,0.21640399610738628,0.21733417880775915,0.2172195924867978,0.21731204680839286
0.21816890144882753,0.21825186249538064,0.2182956211650981,0.2183179983058341,0.21809229395704752,0.21829697885106922,0.21787369622079328,0.21828379992765118,0.21820613119445287,0.21827571116278027,0.21814349981448491,0.20534693662903403,0.1892771728003853,0.18569072222352306,0.2500000000000005,0.17394474502423418,0.18742963183421066,0.18207971195673994,0.2135548665849048,0.2180116989272665,0.21806316907185191,0.2101533161752637,0.21464668106601925,0.19716218530542284,0.21436410011947035,0.18907673413691048,0.21544656633770387,0.199500191325141,0.21684038652557372,0.21792713765193494,0.2182498916709441,0.20722939048568054,0.2164813609907526,0.1956180608256352,0.21484204617301203,0.19496972621281058,0.21404710779524352,0.1996321413075612,0.21444049712758914,0.2175587481563128,0.21813006167976934,0.20799010080896013,0.18794636613863472,0.19007859643029518,0.1926569167940383,0.18153745995742404,0.19046147337778063,0.1813006363552806,0.21369435383060875,0.21818035173933173,0.2182431403453116,0.21824784372510153,0.218143679824366,0.2183187619009961,0.2178937988179595,0.21828752462109283,0.21737100078306237,0.21830502389303677,0.2181899889310524,0.2182827930106345
0.20547677112421944,0.20555448238161558,0.20559241449277246,0.20561669857163306,0.20540818271484612,0.20559647004935616,0.20520172237383832,0.2055840241951176,0.20552676143863569,0.20557677792478002,0.2054611200884628,0.19558531808585503,0.18270952965250586,0.17679072740350074,0.17394474502423418,0.2500000000000005,0.17385720452523967,0.16860401970793285,0.20113817822933228,0.20531983650088062,0.20538285338240062,0.19822242522396633,0.2030615445147882,0.18576395936807988,0.20273236024271826,0.1752164207537626,0.20325428472890267,0.18647665281933354,0.20433118447492243,0.2052509790901175,0.20554686090770133,0.1950935462041495,0.20388147338298662,0.18392238203137148,0.20228676183964292,0.18349128492123357,0.20144731537698324,0.18798675288648264,0.20189778060521912,0.20490174987390267,0.205439732720712,0.19589301718107918,0.1770126245636375,0.1790956548569239,0.18143590539387644,0.17094448899318662,0.17935717486639574,0.17071373817842292,0.20125857223972568,0.20548718111002626,0.2055462493049093,0.20555067891817333,0.2054528749535546,0.20561747144321793,0.20521701308414295,0.20558805118998238,0.2047239878628879,0.20560453267583334,0.20549611610828844,0.20558359515178767
0.21807606479100677,0.2181587336128924,0.21820086334854485,0.2182247789734898,0.2179895392405808,0.21820305822695396,0.21783558270364964,0.21819143212567588,0.21811388959494016,0.21818245422861582,0.21805463667773486,0.2063185872633618,0.19371273527071617,0.19023157360856796,0.18742963183421066,0.17385720452523967,0.2500000000000005,0.17900372775704226,0.2130670247983575,0.21791958155380212,0.21797072838073844,0.21073370095632568,0.2145773156831901,0.19893405934597297,0.2143000139427364,0.1888398530404047,0.21532634087844166,0.19831691755180098,0.216746984676167,0.21783373795615674,0.2181561530793541,0.20714264446561256,0.2163918811362023,0.19554369333626506,0.2147203906400511,0.19490976828415557,0.2139634326609108,0.19955553656117467,0.21434528849417273,0.21746582833949774,0.21803695173629778,0.2079066742204622,0.18787035628107662,0.190022504348335,0.19258719634176702,0.18148147888976437,0.19039071075429578,0.18121799438919325,0.21360323180295282,0.2180871843229994,0.21814992702772848,0.21815462838933916,0.21805059676405447,0.21822551629474218,0.21780085979169628,0.2181942923089722,0.21727834618107245,0.21821178415470943,0.21809679618657846,0.21818956277050086
0.21062355381463174,0.2107034961684612,0.2107448297978505,0.21076729601495078,0.21055681925445013,0.21074602398711687,0.21035538714351298,0.21073417938959116,0.21065633406915327,0.21072633601447155,0.21060644415920826,0.20023495514505757,0.18778249031958016,0.18602390543938924,0.18207971195673994,0.16860401970793285,0.17900372775704226,0.25000000000000056,0.20555251511013886,0.21045743584733595,0.2105190312589718,0.20397182839886327,0.20770671278271022,0.192699638504064,0.20746140241864666,0.18346411072075147,0.2082801411959811,0.18996858094946834,0.2095148548927438,0.21039428612729932,0.21069647347477458,0.19984148132748614,0.20909193341632812,0.18835175264248485,0.20715665100488634,0.1880177122717011,0.20648783519467448,0.19257931457862631,0.20695101657558385,0.21003351542855112,0.21058554394825438,0.20071380803513722,0.18136212234242297,0.18339349205638264,0.18595744042720486,0.17514561263789155,0.1838675613012781,0.17487375634550797,0.20629507851017284,0.21063451397739313,0.21069497773945273,0.21069951825106925,0.21059825011750488,0.2107679840091325,0.2103567736764901,0.2107378264699235,0.20985164648733876,0.21075472114041438,0.21064351525557246,0.2107332591730447
0.24460678075699424,0.24469970475940783,0.24474600297603485,0.24477380192573364,0.2445320091722059,0.24474916478884046,0.24433149436230214,0.24473631347656982,0.24465931858789244,0.2447263390048359,0.24458363858891613,0.2307992765371544,0.2157774289649393,0.21331306315927268,0.2135548665849048,0.20113817822933228,0.2130670247983575,0.20555251511013886,0.25000000000000033,0.24442928617085102,0.24448895478939278,0.23610278779515675,0.2406416652352224,0.2229903457892271,0.24049874494311108,0.21488758302809693,0.24166497363313535,0.22404449341437432,0.2431131285508556,0.2443351030281658,0.2446989958347889,0.23233110163918547,0.24276155569811733,0.21935015619132842,0.2408912760045418,0.21860748426012933,0.2400340848750188,0.22380645719642853,0.2404398386847441,0.24392206493530777,0.24456290869148503,0.23316124369928487,0.21069273419688675,0.21303832745648313,0.21600764451592758,0.20353978585656246,0.2135675179702472,0.2032524567700336,0.23958991187268394,0.2446194687353821,0.24468982836191308,0.2446951016801084,0.24457814408048068,0.24477461377303011,0.24429807330184264,0.24473959101886877,0.24371221493764839,0.24475921099575318,0.24463021842431187,0.24473428618541934
0.24947958336197773,0.2495743705923481,0.24962160668906536,0.24964994423953615,0.24940412680398935,0.24962480962820946,0.24920268394383877,0.24961190719921628,0.24952400487620396,0.2496015457308359,0.24945738241445187,0.2352115678665824,0.21993586770804668,0.21703572890366576,0.2180116989272665,0.20531983650088062,0.21791958155380212,0.21045743584733595,0.24442928617085102,0.2500000000000003,0.24935953749182008,0.24082777876052655,0.24540869241066246,0.22742647637379493,0.2452986783625894,0.21925045357044126,0.24651082366954524,0.2288524413461798,0.24796087823703797,0.2492026387832425,0.24957406925338094,0.2369582862575414,0.24760577245912604,0.22372455280192874,0.24569857134212789,0.22295904461390928,0.2448233513343381,0.22826150240482118,0.24523332713172358,0.24878122884513768,0.2494348345171158,0.23780395173764168,0.21488816563336546,0.21727422780341715,0.2203080773235178,0.20758869179509942,0.217820734184162,0.20730246849295103,0.2443628238788058,0.2494925266144555,0.24956429355270407,0.24956967193042331,0.24945034788960227,0.24965076796874833,0.24916471074728982,0.2496150475475335,0.24856720591329895,0.24963505835304106,0.249503499517126,0.2496096370144349
0.24953509209433997,0.24962990037484065,0.24967715209956295,0.24970549086824848,0.24945968650733277,0.24968035074212955,0.24925827970094808,0.24966744613740532,0.24957955224435324,0.24965708162456526,0.24951288868524482,0.23526604237473434,0.2199853730728618,0.21709075139171893,0.21806316907185191,0.20538285338240062,0.21797072838073844,0.2105190312589718,0.24448895478939278,0.24935953749182008,0.2500000000000002,0.2408806582364995,0.2454660865964797,0.22748400146899267,0.245359470435017,0.2193120353805249,0.2465708912691718,0.22891357369685325,0.24801653749844346,0.24925809216663722,0.24962964518436428,0.23701127382707823,0.24766218140679883,0.22377630059519477,0.24575532260085986,0.22300931414337546,0.24487991225557135,0.22831261658099633,0.24528853768571457,0.24883658529725516,0.2494903332028539,0.2378565760126751,0.21493528250263316,0.21732155871571157,0.22035670968739035,0.20763415204339883,0.2178689007860355,0.20734890865518205,0.2444172018738763,0.24954803703634126,0.24961982111252184,0.2496252006884668,0.24950584417777272,0.24970631476790942,0.24922014864906938,0.24967058640320358,0.24862251104317878,0.24969060165686116,0.2495590142308566,0.24966517466180896
0.24100253462650492,0.24109414818767735,0.24113984497832988,0.24116716074083924,0.24092256788455335,0.24114306126903268,0.240729560948149,0.2411302074229786,0.24104298782904013,0.2411204031258931,0.24097980521898132,0.226840276426496,0.21194137415665434,0.20858461467884062,0.2101533161752637,0.19822242522396633,0.21073370095632568,0.20397182839886327,0.23610278779515675,0.24082777876052655,0.2408806582364995,0.25000000000000044,0.23693234573770755,0.21923383959053577,0.23696650813976175,0.21157447395853562,0.23816418223418728,0.22101561683894738,0.23954993804893052,0.24073570426926574,0.2410931493955045,0.22889885110281555,0.2391813196561986,0.21608632964164856,0.23732609802509977,0.21535995932977714,0.2364764079572516,0.22049518697372936,0.23689150318005517,0.24032794357807585,0.24095934375179198,0.22972703634243397,0.20759494315224197,0.20990119401167834,0.21281833849999063,0.2005313789338593,0.21041780738326105,0.20025873286618132,0.23605958260772744,0.24101509872032983,0.24108441777451772,0.24108961339044577,0.24097443770327107,0.24116795391066823,0.24069837897727112,0.24113344718634572,0.24012115421387747,0.24115277808702318,0.2410256810801121,0.24112822053513408
0.24558205026549793,0.245675328269393,0.2457224503470176,0.24574972462212308,0.24551286531348449,0.24572499783577445,0.24531240123416825,0.24571220032301247,0.24562601943656112,0.24570207767584717,0.24556061054407707,0.23178043479587274,0.21661248719894083,0.21460977716159776,0.21464668106601925,0.2030615445147882,0.2145773156831901,0.20770671278271022,0.2406416652352224,0.24540869241066246,0.2454660865964797,0.23693234573770755,0.2500000000000003,0.22351583076020065,0.24176568986797842,0.21606097535020924,0.2429735435977462,0.2255447874021656,0.24412496502034076,0.24530987145736205,0.24567427976793965,0.23319829198815528,0.2437357475597695,0.2200914601880153,0.24186703365529486,0.21935141061991079,0.2410470097345109,0.22463996556900387,0.24141382295213462,0.24489364391730736,0.2455375336551331,0.2339933342127723,0.21136433622790823,0.21363020742442224,0.2167939868238034,0.20419107579406698,0.2144036399421844,0.20396157860606579,0.2405400107373953,0.24559479605837645,0.2456654188528497,0.24567071303035568,0.2455520459121059,0.2457505424398007,0.24527086345245472,0.24571537972380408,0.24468225695096255,0.2457350782470508,0.2456054655692862,0.24571005407558852
0.22759628616450878,0.22768284145638096,0.2277259640214449,0.22775180214510923,0.22751136167927724,0.22772904930634322,0.2273455700314967,0.2277166134127999,0.22762872503872658,0.2277076372817399,0.2275739002153605,0.21374693227932456,0.1988943476443106,0.19521368111270085,0.19716218530542284,0.18576395936807988,0.19893405934597297,0.192699638504064,0.2229903457892271,0.22742647637379493,0.22748400146899267,0.21923383959053577,0.22351583076020065,0.25000000000000044,0.22340560159355474,0.19856357217318107,0.2250292197907543,0.20867444421165804,0.22627883386387193,0.22734566856456345,0.2276795868214159,0.21613179140982663,0.2258367998894299,0.20401899467700965,0.22407720420334348,0.20332275941936567,0.22323608107239656,0.20815335010824768,0.2236928420708964,0.22695844593661216,0.2275552333063107,0.21688681037014282,0.19599728547937545,0.19809061697369912,0.2009387320394149,0.1892897689160546,0.19871656853009784,0.18906564190225672,0.2229258277684219,0.22760828902069885,0.22767367269754926,0.22767857918058168,0.22756954546876598,0.22775256211226727,0.22730834315298348,0.22771997448743464,0.22676324498138448,0.22773823046806446,0.2276181111514812,0.2277150389952077
0.2454735640546002,0.24556680187261512,0.24561340170424759,0.24564116270816347,0.24540194611471886,0.2456164516216527,0.2452038259282591,0.24560357726417165,0.24551622162514455,0.24559353281517815,0.2454521364915321,0.2315339533733091,0.2163356689653393,0.21390186859208268,0.21436410011947035,0.20273236024271826,0.2143000139427364,0.20746140241864666,0.24049874494311108,0.2452986783625894,0.245359470435017,0.23696650813976175,0.24176568986797842,0.22340560159355474,0.2500000000000004,0.2152084361989466,0.24304230286808873,0.2253934211784838,0.24411306935611568,0.24520195348669227,0.24556784974769807,0.233111086092566,0.24375430782268265,0.22001271441983755,0.24172248544383998,0.21927423727968073,0.24096968599710245,0.2244956388417917,0.24130150979900644,0.244784902692338,0.24542890635845444,0.23390839146426484,0.21131850778296912,0.21363715156549778,0.21669876557319695,0.2041243284264104,0.2143233680665311,0.20386434667746403,0.24043291106223605,0.24548638943394047,0.2455568976189849,0.24556218933566992,0.2454445744871308,0.24564198372525547,0.24516234309367377,0.24560683622086912,0.24457411321669814,0.24562652636050533,0.24549690508313274,0.2456015132585039
0.21941036624484853,0.21949368634332211,0.2195337299099748,0.2195601378407258,0.21932591912973143,0.21953813955085227,0.21912418100016054,0.21952625585878627,0.21944770631533733,0.21951756353168989,0.2193896036561482,0.20690914457449583,0.19359296027654604,0.18936255109816463,0.18907673413691048,0.1752164207537626,0.1888398530404047,0.18346411072075147,0.21488758302809693,0.21925045357044126,0.2193120353805249,0.21157447395853562,0.21606097535020924,0.19856357217318107,0.2152084361989466,0.25000000000000033,0.2164243318570025,0.19994290195568426,0.21811344615766912,0.21916637321294435,0.21948706000591173,0.20832140895351,0.21766025937555644,0.1966278237972008,0.21600534267394364,0.19612197336368528,0.21516110840329156,0.20071452497456216,0.2156160907174183,0.2187950522927764,0.21937043708402107,0.20898967258762358,0.1887978676287503,0.1907484037100892,0.19368675785044492,0.18247457334242767,0.19156604576630754,0.18221175826924776,0.2149041753201312,0.21942185579229445,0.21948482497783928,0.219489554824723,0.21938350954126865,0.21956087702296656,0.2191323597268313,0.21952946112629176,0.21860607070409221,0.21954706084650388,0.21943117714677435,0.21952470353349846
0.24668584605488786,0.2467795636097436,0.24682621240493752,0.2468542904782745,0.24661067213387172,0.2468294528403557,0.24641099811845243,0.24681658493633227,0.24672916100430164,0.2468064286459149,0.24666393025094577,0.23259103543431964,0.21746208133246162,0.2145990686275275,0.21544656633770387,0.20325428472890267,0.21532634087844166,0.2082801411959811,0.24166497363313535,0.24651082366954524,0.2465708912691718,0.23816418223418728,0.2429735435977462,0.2250292197907543,0.24304230286808873,0.2164243318570025,0.2500000000000004,0.22603940807991996,0.24529220918950098,0.24641261363499645,0.2467900399469887,0.23426608269390978,0.24524237742576024,0.22105162915167775,0.24355185127433857,0.220290936545316,0.2420479301214916,0.22567350161170707,0.24248845934920435,0.2459937002826777,0.24664086240725624,0.2350938430138138,0.21228358284612842,0.21463306937002813,0.2177500887974359,0.2051354240987832,0.21538848091736876,0.2048546120699324,0.24161774374980338,0.24669874052389812,0.2467696019638117,0.24677491960522732,0.24665658478991806,0.24685510835827193,0.2463731139162883,0.24681978711745645,0.24578136431372272,0.24683957464842013,0.24670926127569953,0.24681443801898126
0.22901834221502929,0.22910534077967484,0.2291481418460507,0.22917471160888325,0.22894060570052155,0.229151690392489,0.22873755965935227,0.22913954131213266,0.2290568182022093,0.22913027540287267,0.22899730363422302,0.21593113927452817,0.20197859195087844,0.1990699509434869,0.199500191325141,0.18647665281933354,0.19831691755180098,0.18996858094946834,0.22404449341437432,0.2288524413461798,0.22891357369685325,0.22101561683894738,0.2255447874021656,0.20867444421165804,0.2253934211784838,0.19994290195568426,0.22603940807991996,0.2500000000000004,0.227496191514059,0.2287632163482528,0.2290999631138531,0.21754613382602161,0.2272550973707272,0.2051884293228427,0.2254279143955458,0.204625326054805,0.2246611495491652,0.2096144091642034,0.22505697403463767,0.22837553057545412,0.22897653229211498,0.21814443498195613,0.19707572595498468,0.1991287571186103,0.20223455621625588,0.19051653105883626,0.20003238942914484,0.19022022256040755,0.22431890198437476,0.22903046113838713,0.22909609139796194,0.22910102827000198,0.2289911858747375,0.22917547385887319,0.22872884846819147,0.22914268187354792,0.22818001023293202,0.22916105267012635,0.22904006154353446,0.22913771634990732
0.24813583517985308,0.24823011137955603,0.2482770953217336,0.24830527801101665,0.24806059097329777,0.24828028248020942,0.247860149243084,0.24826741923722687,0.24817976773081946,0.24825713815293762,0.24811374711581824,0.23394570595867462,0.21875330632935827,0.21587753372461854,0.21684038652557372,0.20433118447492243,0.216746984676167,0.2095148548927438,0.2431131285508556,0.24796087823703797,0.24801653749844346,0.23954993804893052,0.24412496502034076,0.22627883386387193,0.24411306935611568,0.21811344615766912,0.24529220918950098,0.227496191514059,0.25000000000000044,0.24785938614005232,0.24823533251026242,0.23563315414635416,0.2464344077341015,0.2223655545706647,0.2445688596928682,0.22169621860982602,0.24350216660479207,0.22701245046805507,0.2438963404566172,0.24744051292715283,0.24809100942843756,0.23650552103380643,0.21356873215501904,0.21595170554684592,0.21908004519283836,0.20634219163278847,0.21663949917259503,0.20605157005887542,0.2430369839426269,0.24814876371155117,0.24822008873100473,0.2482254378739327,0.24810594568869201,0.24830609754874938,0.24782173964103082,0.2482705690683531,0.24722655079291944,0.248290472541268,0.24815948181146819,0.24826518814669657
0.24937808394844685,0.2494728326847486,0.2495200573818667,0.2495483756201021,0.24930276715423572,0.24952325035986966,0.24910153105370714,0.24951035435921828,0.2494224980639478,0.24949999658374686,0.24935590511143557,0.2351180605262136,0.21984991795133904,0.21695894210057012,0.21792713765193494,0.2052509790901175,0.21783373795615674,0.21039428612729932,0.2443351030281658,0.2492026387832425,0.24925809216663722,0.24073570426926574,0.24530987145736205,0.22734566856456345,0.24520195348669227,0.21916637321294435,0.24641261363499645,0.2287632163482528,0.24785938614005232,0.2500000000000006,0.24947250251148734,0.23686063386806233,0.24750548779638112,0.22363036000874878,0.2455977508769584,0.22286726147451502,0.244723353981077,0.2281683105488611,0.24513332536274257,0.24868000997464929,0.2493333490894955,0.2377061958132313,0.21479958336921928,0.21718383878149877,0.22021772480452614,0.2075023632398889,0.21773152572997098,0.20721740313040443,0.24426334292409638,0.24939102204892918,0.24946275967070183,0.24946813585917368,0.24934885115749728,0.24954919890557975,0.2490633294695358,0.2495134930148292,0.2484660593408657,0.24953349568117908,0.2494019894079787,0.24950808468521077
0.24974978141615012,0.24984467155500548,0.2498919645458715,0.24992032708820036,0.24967429204583322,0.24989516518434332,0.24947267929030933,0.2498822490667457,0.24979426750088096,0.24987187605261826,0.24972755708815092,0.23546699878441096,0.22017658268770685,0.21727746832356315,0.2182498916709441,0.20554686090770133,0.2181561530793541,0.21069647347477458,0.2446989958347889,0.24957406925338094,0.24962964518436428,0.2410931493955045,0.24567427976793965,0.2276795868214159,0.24556784974769807,0.21948706000591173,0.2467900399469887,0.2290999631138531,0.24823533251026242,0.24947250251148734,0.25000000000000056,0.23721166560493503,0.24787655939288775,0.22396285332803723,0.2459688889710134,0.22320151214737252,0.24509134866579754,0.22850930742577027,0.2454991948334902,0.24905068977381742,0.24970498712299752,0.23806271105788623,0.21511958216975677,0.21751200236368404,0.22054574556847512,0.20781375508863392,0.21805507304637844,0.20752579449563166,0.24462736158281795,0.24976273607520597,0.24983458350623045,0.2498399677074445,0.24972049714312,0.2499211515770006,0.2494345603620118,0.24988539247610966,0.24883638059809898,0.2499054249469258,0.24977372383878169,0.2498799760752893
0.23712511217623636,0.23721520892199058,0.23726010752318893,0.2372870403068371,0.2370523224757068,0.23726316864315558,0.23685861985261752,0.23725088900813102,0.23716750360946254,0.23724104086496967,0.23710373029293472,0.22355069819096873,0.20904757684730482,0.20626563140986467,0.20722939048568054,0.1950935462041495,0.20714264446561256,0.19984148132748614,0.23233110163918547,0.2369582862575414,0.23701127382707823,0.22889885110281555,0.23319829198815528,0.21613179140982663,0.233111086092566,0.20832140895351,0.23426608269390978,0.21754613382602161,0.23563315414635416,0.23686063386806233,0.23721166560493503,0.25000000000000056,0.2352431453461227,0.21174379262977602,0.23342711855607806,0.2115425139577553,0.23280780959280561,0.21687850315548862,0.23332717452287147,0.23645779710433046,0.2370785495951143,0.22543580767425178,0.203006715555995,0.20504960358259472,0.20895888223716963,0.19690598635430692,0.20710170019417823,0.19687097190941127,0.23225787100232262,0.2371369512589029,0.23720563027922412,0.2372107429782901,0.23709008830817033,0.237287822393776,0.23682242316415,0.23725387190589853,0.2362568590203527,0.23727289075952648,0.23714798213334326,0.23724872824759963
0.2477805931017541,0.24787473465863888,0.2479216285907577,0.24794979365785577,0.24770523465530864,0.24792483598857398,0.24750519054670325,0.2479119850866054,0.24782442492556916,0.24790172300135488,0.24775850726664506,0.23359979476126122,0.21842237497351885,0.2155272680121397,0.2164813609907526,0.20388147338298662,0.2163918811362023,0.20909193341632812,0.24276155569811733,0.24760577245912604,0.24766218140679883,0.2391813196561986,0.2437357475597695,0.2258367998894299,0.24375430782268265,0.21766025937555644,0.24524237742576024,0.2272550973707272,0.2464344077341015,0.24750548779638112,0.24787655939288775,0.2352431453461227,0.2500000000000004,0.22199129500724693,0.24421245593246377,0.22144821166970843,0.2435116433001088,0.22670427895841122,0.24366311493086198,0.24708695220933394,0.24773608563400323,0.2364758769128411,0.21355314038732323,0.21652319754431604,0.2187629654560073,0.20619904114571697,0.2162809484290912,0.2058492806393876,0.24269590180010264,0.2477933482468985,0.24786472666183823,0.24787006809405113,0.24775375906880284,0.2479506123790317,0.24746707647263325,0.24791513524181208,0.24687228975300038,0.2479350097354018,0.24780426962376764,0.24790976150324565
