x1,x2,x3,x4,x5,x6,x7,x8,x9,x10,x11,x12,x13,x14,x15,x16,x17,x18,x19,x20,x21,x22,x23,x24,x25,x26,x27,x28,x29,x30,x31,x32,x33,x34,x35,x36,x37,x38,x39,x40,x41,x42,x43,x44,x45,x46,x47,x48,x49,x50,x51,x52,x53,x54,x55,x56,x57,x58,x59,x60
0.25,0.24821802776090804,0.2487295159384419,0.24891112061687712,0.24525983756365372,0.24831101318147228,0.2404239223979118,0.24852776700086723,0.24338394221189397,0.24900628944053874,0.24825405848780252,0.2177116763873307,-0.14432129788742484,0.23707473686565064,-0.1164963469719584,0.2290631710861151,-0.08504603826734544,0.20580267474392833,-0.11485782723177008,0.2485426323421296,0.2445455032032503,-0.1011934745190294,0.18872102608125524,-0.06506743904062212,0.15961232056653948,-0.034483729386830766,0.12895034514418777,-0.00035965826335727946,0.09728841192349376,0.2486383829303899,0.24540644529663622,0.012577254390314816,0.07119871167901817,0.06755675100243055,0.05885128887700629,0.04371638979990196,0.03118126338383806,0.07687708798521149,0.019313087977529796,0.24894782318044448,0.24858672089046657,0.1729487876492033,-0.11321668581719896,0.21339851585255626,-0.11223900732570738,0.20297727712191072,-0.06764667279683682,0.19161880299857398,-0.10741131516287966,0.24883123530576368,0.2480822201732718,0.2486385619989964,0.248677644902699,0.24894284569475875,0.2404112197820276,0.24789983019931436,0.23151259378692168,0.2483124644434887,0.24148673192914674,0.24900638889002444
0.24821802776090804,0.2500000000000001,0.2489112694864528,0.2491036372681346,0.24544297030280687,0.2485049110425204,0.24057808595340976,0.2487188304118049,0.24358898286409006,0.24919922767569802,0.2483947576029159,0.2178687779869424,-0.14453111464776303,0.23726093274650437,-0.11654769799623657,0.22924390521311605,-0.08524017519213056,0.2060879784791787,-0.1150258822979124,0.24873533694698285,0.24473175927501947,-0.10119699756490322,0.18880814340994712,-0.06503295990656124,0.1596898730493364,-0.034478871865863944,0.12903331437933416,-0.0003708752321392661,0.0973451698719042,0.24883100137331443,0.24559593678918912,0.012551709935895626,0.07129706892969309,0.06756299877240887,0.05895764859469828,0.043702016416922326,0.031244771370022552,0.07690869773875361,0.019361329904108084,0.2491407190501897,0.2487793467762878,0.1731011936493786,-0.11332362593763076,0.21357325494187326,-0.11233242585916975,0.2031407343733684,-0.06769568463366943,0.19176776102045087,-0.10749638965757469,0.2490240446021827,0.2482744409178696,0.2488312143724491,0.248870357823737,0.24913573232693287,0.24059839372743438,0.24809194537372212,0.2316936502728706,0.2485048793987504,0.2416741661492866,0.24919932600918152
0.2487295159384419,0.2489112694864528,0.24999999999999992,0.24960327467652324,0.2459481286981188,0.24901521886492722,0.24108079235879798,0.24922122837177968,0.24407397145653678,0.24969891739572503,0.24891247289689752,0.21846956076663795,-0.14521693208790237,0.23785126384734878,-0.11682253872011242,0.22968852507878937,-0.08527220438914586,0.20639614404709,-0.11518660655918161,0.2492339145480667,0.24522532340054234,-0.10162681115187715,0.1893101875465976,-0.06534154508546287,0.1600861722528873,-0.03459486110022927,0.12932857139844536,-0.00040024623441636847,0.09759304660354379,0.24933004378944518,0.24608919978546845,0.012638369021402814,0.07136755037651882,0.06777380628697004,0.05899144665099297,0.04386122577247812,0.031237303785578274,0.07711930871884126,0.01933405829751508,0.2496402837019298,0.24927813795323536,0.17341765073971666,-0.11351687038954607,0.21398612003552092,-0.11254461349349767,0.20353561777836573,-0.06783716088884316,0.19214978553084197,-0.10770468006405011,0.24952336675064035,0.24877227631217583,0.2493301650553353,0.24936932441536536,0.24963529510313104,0.24107902272659595,0.24858928735872868,0.2321542126379132,0.24900311136160258,0.2421577642126343,0.24969901530709943
0.24891112061687712,0.2491036372681346,0.24960327467652324,0.24999999999999997,0.24612674202051443,0.24919578667704786,0.24125766739053517,0.24941007064726278,0.2442566920367332,0.24989174183137597,0.24908343685676707,0.21848617128497388,-0.14496032787388935,0.23791597449428808,-0.1168121356210806,0.2298609063253308,-0.0853602845089719,0.20658437915979766,-0.11528332467688918,0.24942657853060254,0.24541369661437828,-0.1015094470875711,0.18935895907567543,-0.06524058357798683,0.1601457006118182,-0.03455235457268754,0.12936605485063055,-0.00033818961575011347,0.09760671755343935,0.24952247325897073,0.24627872576130058,0.012598239188034936,0.07147847494197228,0.06776056141925205,0.05909607741813984,0.04382943037756934,0.0313291284663772,0.0771169878504352,0.01942041261311896,0.24983307122370021,0.24947072037485465,0.17357425331521736,-0.11363140940858231,0.21416261514014379,-0.11264376410603187,0.20370597086380035,-0.06788351926211984,0.19230159252854961,-0.10779635286656289,0.24971607502939006,0.24896438696540732,0.24952270773580065,0.24956195921840038,0.24982807260716736,0.241266903634908,0.24878142258567537,0.23233813447747378,0.24919548826551643,0.24234601489421542,0.24989184233257958
0.24525983756365372,0.24544297030280687,0.2459481286981188,0.24612674202051443,0.25000000000000017,0.24552644405075644,0.237619408559128,0.24574514271992817,0.24060130506456506,0.24622233162637724,0.24542109725666128,0.21548896982101212,-0.1431089017691229,0.23483640173745152,-0.12036009568248081,0.22815285773393867,-0.08564331091943865,0.2042247771700292,-0.11413586560941748,0.24576196436841807,0.24177880598758794,-0.10003942094850136,0.1864109831037089,-0.06458853330093303,0.1579556354026079,-0.035104577290213504,0.12857577426155745,-0.0014980619873255438,0.09701734466683117,0.24586000276470893,0.2426701197851551,0.012643542046993866,0.07023647133345381,0.06723370786526427,0.057957448692703,0.04386649009128726,0.030149597335689574,0.07675869396439335,0.018260194123869165,0.24616446366877645,0.24580631660955637,0.1709295104062761,-0.11182078868785389,0.21096813784386317,-0.11087106180276457,0.20056003875576986,-0.06694091477872306,0.18942069836232492,-0.10611782944349887,0.24604905224441198,0.24530859217822068,0.2458587023200292,0.2458967743850231,0.2461595808128968,0.2377088530153038,0.24512609715944753,0.22887070117142383,0.24553508601831917,0.23877120607288413,0.246222421412739
0.24831101318147228,0.2485049110425204,0.24901521886492722,0.24919578667704786,0.24552644405075644,0.25000000000000006,0.24065717092185,0.2488110306732373,0.24368445384144474,0.24929126940541885,0.24849380321091297,0.21796911605029753,-0.14469847790761206,0.23738248566267897,-0.11668101186118736,0.2293651620355107,-0.08546293932384863,0.20635023258981677,-0.11524093161146498,0.24882736738844244,0.24481813994826,-0.1012285497489538,0.18885502402353235,-0.06504647159842002,0.159740411979927,-0.03456171419265443,0.12915507257707995,-0.0004957527206699844,0.0974551997640144,0.24892301232016947,0.24568722201961019,0.012576525046836927,0.07130664060963363,0.06761737293902173,0.05896875869539803,0.043756675861716526,0.031204762149574187,0.07699449613038474,0.019302342618651755,0.24923273472143956,0.2488711447449885,0.17315652011485,-0.11335280218344855,0.21364769369938977,-0.1123646148277709,0.20320448406425073,-0.06772448638382016,0.1918341698546353,-0.10752782783976228,0.24911600798463984,0.24836614101089824,0.2489231191928006,0.24896223069539694,0.24922774896232722,0.24068604295107907,0.2481834026077117,0.23177497192666946,0.24859656775230754,0.2417621502076464,0.249291367143032
0.2404239223979118,0.24057808595340976,0.24108079235879798,0.24125766739053517,0.237619408559128,0.24065717092185,0.24999999999999994,0.240871378213614,0.2359107627005742,0.2413513823984474,0.24056246558924838,0.2100110970202338,-0.13813177760278078,0.22939462584223994,-0.1139696745087463,0.22440088886765688,-0.09324824598986063,0.20631460483374778,-0.11735020294646482,0.24089978612827176,0.23694660746492527,-0.09786014877793826,0.18250062560181488,-0.06390557503633683,0.15528556633862398,-0.03888751562926974,0.12963581945344607,-0.0056686869846511966,0.09818487198653637,0.24099977873321893,0.23791338734784942,0.013912103348435718,0.06725632963118261,0.06783401003768652,0.054967855462937754,0.045362479209881255,0.026972212570909763,0.07771746765751074,0.015010285473719338,0.2412943314680914,0.24094064285852168,0.16681662086387575,-0.10874667353053065,0.20640672796806206,-0.10821450415640814,0.19609294553973278,-0.06578317104502193,0.18551664617137326,-0.10373166157834265,0.24118088470717874,0.24045564208915007,0.24099483069780375,0.2410300285085168,0.2412897668929387,0.23294745754644122,0.24027072384040477,0.22417803126624036,0.24067439577460017,0.23400174814013733,0.24135137013633157
0.24852776700086723,0.2487188304118049,0.24922122837177968,0.24941007064726278,0.24574514271992817,0.2488110306732373,0.240871378213614,0.25000000000000017,0.24387308315063047,0.2495057158600034,0.24870581892222055,0.2181487402732679,-0.14482312137734726,0.23759119668879453,-0.11674964525566286,0.22955087289778,-0.0854763017068933,0.20645966543703048,-0.11529657488339072,0.2490413843705146,0.2450296425808769,-0.10133213170451333,0.18903523152434903,-0.06513685821733234,0.15989717495700442,-0.034600797216873085,0.12926880567569107,-0.00047966942641800047,0.09753973450323358,0.24913714392251488,0.2458988017847794,0.012597477116789033,0.07135465404299725,0.06769005478219954,0.05899653773526412,0.04381087275655186,0.031220717976954977,0.0770667339786854,0.01931164879987403,0.24944712999292445,0.24908523360162502,0.1732998075252035,-0.11344485230452984,0.21382848224461967,-0.11245970794543088,0.2033779015422111,-0.06778354793366975,0.1919993685054462,-0.10762063606306464,0.2493303025169836,0.24857979218721712,0.24913724938533258,0.24917638784053334,0.24944214184337674,0.24089288135614742,0.24839690080802934,0.23197413710568834,0.24881042090577032,0.24197012588306085,0.24950581417187925
0.24338394221189397,0.24358898286409006,0.24407397145653678,0.2442566920367332,0.24060130506456506,0.24368445384144474,0.2359107627005742,0.24387308315063047,0.2500000000000001,0.2443486081293154,0.24355423618363573,0.2130434459182217,-0.14026963696850708,0.23241197730464955,-0.11288260150705717,0.2244281312705006,-0.08798824637900315,0.20694218367601863,-0.11949852110640982,0.2439110623238602,0.23989323341217056,-0.09887581464456326,0.18460540791799768,-0.06329951072186528,0.1564865025912656,-0.03592655143462981,0.1286044713820409,-0.004336945784952559,0.0979801738767836,0.2439908587928422,0.2408461698888523,0.013347425116580963,0.0688691325759518,0.0676525311387832,0.056667017204697405,0.04458086556485149,0.0285599588575807,0.07749981189090362,0.016526817591038526,0.24429115493829856,0.24393432710854202,0.16920247727357293,-0.1104582447112055,0.20914118672705242,-0.1097886058037751,0.19877489760522613,-0.06654495674421136,0.18790599864686358,-0.10514742348073769,0.24417644700123003,0.2434419386379486,0.2439878402783899,0.24402445921534335,0.24428643386456703,0.23586744627145756,0.24325749911119302,0.22703774070906782,0.24366491849666985,0.23692899158632877,0.24434880071619453
0.24900628944053874,0.24919922767569802,0.24969891739572503,0.24989174183137597,0.24622233162637724,0.24929126940541885,0.2413513823984474,0.2495057158600034,0.2443486081293154,0.25000000000000006,0.24917820757589876,0.21857247942532626,-0.14501608356627194,0.238008259221912,-0.1168565464126844,0.22994715455620407,-0.08537646163907486,0.2066418431025207,-0.11531199872139906,0.24952214234090114,0.2455081018462445,-0.10155577031330015,0.18943796350257597,-0.06527709555096381,0.1602136845806068,-0.0345689824352196,0.12941688931424797,-0.0003330110732562496,0.09764397428301097,0.24961809807576246,0.246373158874162,0.012605896645561417,0.07150209277602526,0.06779074692980253,0.05911214009392246,0.043850993666410126,0.031338161594167496,0.07714811633394088,0.019425962344132016,0.24992881510184492,0.24956632670766038,0.1736392342107805,-0.11367348090834217,0.2142438763029094,-0.11268652525445624,0.2037836669416871,-0.06790977623436494,0.1923753567748917,-0.10783777449910645,0.24981177395210316,0.24905979830430686,0.24961833301016464,0.2496575977163764,0.24992381509720488,0.24135931013756917,0.2488767652770032,0.2324271187480868,0.24929098940583622,0.242438893693142,0.24998760908844697
0.24825405848780252,0.2483947576029159,0.24891247289689752,0.24908343685676707,0.24542109725666128,0.24849380321091297,0.24056246558924838,0.24870581892222055,0.24355423618363573,0.24917820757589876,0.2500000000000002,0.2177969486806561,-0.1447606933382072,0.23725753277210684,-0.11647413955373183,0.22925550763356253,-0.08533311166707848,0.20624080284936402,-0.1152610488076617,0.24871471277430893,0.24470732636553297,-0.10128497787790415,0.1888332271974816,-0.06508036543301746,0.15969678098598458,-0.03458649965662786,0.12913409019567193,-0.0006043839576264022,0.09754620837147826,0.24881029380838676,0.24557906039954336,0.01267668928446253,0.07115256445488936,0.06770572890931155,0.05878516042535418,0.0438609530982812,0.031051861029171127,0.07707127216244271,0.01916150453411181,0.24911967015671163,0.24875817109719817,0.17301456866276305,-0.11323267480336771,0.2135182196752684,-0.11228576920152585,0.2030881170457,-0.06770039938193431,0.19174008569507814,-0.10746433028913911,0.24900298703259266,0.24825348651248774,0.24881021018483365,0.24884918622841518,0.24911470346087147,0.2405733029077982,0.24807059658343913,0.23166264702534395,0.24848368511676897,0.24165059854519527,0.24917829189453494
0.2177116763873307,0.2178687779869424,0.21846956076663795,0.21848617128497388,0.21548896982101212,0.21796911605029753,0.2100110970202338,0.2181487402732679,0.2130434459182217,0.21857247942532626,0.2177969486806561,0.24999999999999994,-0.1756615747218106,0.22184349806408413,-0.1066596651773716,0.19933524596346835,-0.06503811773316064,0.17579795111779276,-0.10042519418235735,0.21813439614394461,0.21525200584891452,-0.1303098305148713,0.18637973414171094,-0.08272470824108245,0.15068019882588277,-0.037898453928478244,0.11859798299859498,-0.00579046226350291,0.09223808149135249,0.2182609252481991,0.21546843614951602,0.019173466601705314,0.05297158698839865,0.06842973731677422,0.04237526341389754,0.04594706091283418,0.019167806484568988,0.07422510985304173,0.009003014461543763,0.21852036824005985,0.2181960243913168,0.14800273921330587,-0.09503189945865737,0.18544323186676426,-0.0969252083874846,0.17665731829955242,-0.060210917956845446,0.16792370259909958,-0.09323310692011574,0.21841676227232734,0.21776145545627976,0.21824964623047388,0.21827583888276972,0.2185169013059893,0.21079466985089731,0.21758329719576136,0.2026786356182977,0.21795420475770685,0.21183379528830995,0.2185725809913767
-0.14432129788742484,-0.14453111464776303,-0.14521693208790237,-0.14496032787388935,-0.1431089017691229,-0.14469847790761206,-0.13813177760278078,-0.14482312137734726,-0.14026963696850708,-0.14501608356627194,-0.1447606933382072,-0.1756615747218106,0.2500000000000003,-0.15685239594713468,0.08314690621075756,-0.1346069606810859,0.04166705383422952,-0.11397151657786937,0.06502113169664027,-0.1447107003949693,-0.1427371424915591,0.09873054462878839,-0.12901785802612284,0.06606716307041176,-0.10501716653773217,0.03192058076859222,-0.08521150546570112,0.009962028196609596,-0.06642394209005445,-0.14481870147482825,-0.14299507092871153,-0.015817519783444877,-0.031811291756020474,-0.050455484543040295,-0.02391076999396392,-0.0362888369009212,-0.007006035697396262,-0.054762520647250665,0.0003839212618861666,-0.14498099334658912,-0.14475862087569452,-0.09687072083281488,0.06137265949646422,-0.12236866609461299,0.06340492209512336,-0.11608050782060468,0.04050598272579777,-0.11112776446579886,0.061221371416546065,-0.1449112466456467,-0.14447800403079417,-0.1448018013155942,-0.14481428646191868,-0.14497917990051393,-0.13972803396678335,-0.14434511235863506,-0.13406570941890972,-0.14459807840346736,-0.14043637356092364,-0.14501610046669777
0.23707473686565064,0.23726093274650437,0.23785126384734878,0.23791597449428808,0.23483640173745152,0.23738248566267897,0.22939462584223994,0.23759119668879453,0.23241197730464955,0.238008259221912,0.23725753277210684,0.22184349806408413,-0.15685239594713468,0.2500000000000003,-0.12860710105114187,0.21863955481377587,-0.07904003704248835,0.19487940875831403,-0.10668988589950786,0.23754586608856648,0.23360598419786377,-0.11253524465612509,0.18741590258993654,-0.07604811890162018,0.15718030168412242,-0.03535275155807985,0.1263123836350829,-0.002330192118954461,0.09495658289065532,0.2376619614385897,0.2345309081955003,0.014033829512231566,0.06591812732203987,0.06732530863920966,0.055085593516422456,0.04392707363577819,0.027685479424636616,0.0757000856851777,0.01604401039675076,0.2379523063804771,0.23760337966655673,0.1647568440248389,-0.10746010073831797,0.20372846466101788,-0.10684549149277456,0.19352144265926555,-0.06484556257659886,0.1829861774876848,-0.10223732531929354,0.2378403350920648,0.23712507452496112,0.2376567982006869,0.23769186283043334,0.23794763327938526,0.22973088701883634,0.2369429613514656,0.2210955170688869,0.23734091010595004,0.2307648874773106,0.23800839686971012
-0.1164963469719584,-0.11654769799623657,-0.11682253872011242,-0.1168121356210806,-0.12036009568248081,-0.11668101186118736,-0.1139696745087463,-0.11674964525566286,-0.11288260150705717,-0.1168565464126844,-0.11647413955373183,-0.1066596651773716,0.08314690621075756,-0.12860710105114187,0.25000000000000033,-0.13644793408796577,0.06483377735334987,-0.10755964349809252,0.05383196050503865,-0.1166262086364497,-0.11362985278524455,0.04219051667075354,-0.07810507171623732,0.02545902082517939,-0.0699511490189426,0.01890413964218392,-0.06913481419266984,0.007967265832450264,-0.04529751591368907,-0.11670043970047546,-0.11495904104084033,0.003762837459112962,-0.046360240953254146,-0.023745241209975208,-0.04529121259423784,-0.014724979631620127,-0.01941788282696358,-0.03618159992056728,-0.009799696272671894,-0.11683043289730757,-0.11664745145268379,-0.08717406424954523,0.05880710409852326,-0.10334923352311373,0.05379609060459919,-0.09539023245574192,0.03177216838657708,-0.08955307164803969,0.05000505319927181,-0.11677436317388121,-0.11642310013230711,-0.11668419041896458,-0.11670551058198131,-0.11682659747884633,-0.11296058972843749,-0.11632063106137311,-0.1084522736927559,-0.11652101838862987,-0.11323021928436705,-0.11685679834997996
0.2290631710861151,0.22924390521311605,0.22968852507878937,0.2298609063253308,0.22815285773393867,0.2293651620355107,0.22440088886765688,0.22955087289778,0.2244281312705006,0.22994715455620407,0.22925550763356253,0.19933524596346835,-0.1346069606810859,0.21863955481377587,-0.13644793408796577,0.2500000000000003,-0.10480450609357048,0.19383225704656795,-0.10871612606191913,0.22950904683336984,0.22558391874422778,-0.09295877122298218,0.17305440137905723,-0.06427903400589456,0.151977845562387,-0.050113812618282225,0.1360730302229908,-0.014352950470050998,0.10190529290516781,0.22961688200364216,0.2267906768025056,0.016908848117893827,0.060048600778838696,0.0703246928001658,0.045146732349202426,0.05160972036406827,0.017887303903532548,0.08117184965158034,0.006230461937378036,0.2298921976884272,0.22954923672169358,0.15684419738008096,-0.10131607230185652,0.1954587763611891,-0.10167133923961658,0.18537000388783864,-0.06287782625521382,0.17620993343884192,-0.0981532957390486,0.2297835320599348,0.22909392899040976,0.22960755313272796,0.22963533249644397,0.2298885904309889,0.2217823134404638,0.22890323682573835,0.2131747351323272,0.2292944358921299,0.22283134812559843,0.229947283273801
-0.08504603826734544,-0.08524017519213056,-0.08527220438914586,-0.0853602845089719,-0.08564331091943865,-0.08546293932384863,-0.09324824598986063,-0.0854763017068933,-0.08798824637900315,-0.08537646163907486,-0.08533311166707848,-0.06503811773316064,0.04166705383422952,-0.07904003704248835,0.06483377735334987,-0.10480450609357048,0.2500000000000003,-0.12842088369027793,0.08447989915537461,-0.08530920109938403,-0.08268342743847612,0.01741220069116852,-0.048153065936878424,0.00347589573937449,-0.046327736576235894,0.02584555304085197,-0.059364687751704184,0.027662421010310342,-0.042475514370454076,-0.08526307740492647,-0.08406812456464957,0.0023899265587401706,-0.033725144606080996,-0.01715665010933568,-0.03387967509120258,-0.012377924039833225,-0.00972026478615336,-0.03185185005218139,-0.0003446622952230541,-0.08535707552526306,-0.08521604572823906,-0.06309375673326878,0.04197675115516635,-0.07508762499131695,0.038557665236597954,-0.06875879340523423,0.023625078273648646,-0.06509438472098675,0.03591305536844654,-0.08531551167065346,-0.08505994837372077,-0.0852506265423139,-0.08526223636110253,-0.08535457082391455,-0.08243457974851771,-0.08496943883678641,-0.07886184011899146,-0.08512280226835867,-0.08261291023707129,-0.08537676460958418
0.20580267474392833,0.2060879784791787,0.20639614404709,0.20658437915979766,0.2042247771700292,0.20635023258981677,0.20631460483374778,0.20645966543703048,0.20694218367601863,0.2066418431025207,0.20624080284936402,0.17579795111779276,-0.11397151657786937,0.19487940875831403,-0.10755964349809252,0.19383225704656795,-0.12842088369027793,0.2500000000000002,-0.1580891366375085,0.2064178802483149,0.20228106110139002,-0.07501679461672595,0.14927062993904736,-0.044023918357250266,0.12769400433735859,-0.0444307595544091,0.1203394833597814,-0.041289463458828966,0.10105672345801621,0.206352469353688,0.20386533124837122,0.016264849342365762,0.052999943821869636,0.0626818022978558,0.04448268034141375,0.04504206351025582,0.012072793808816063,0.07849042347796452,-0.0020335185385883217,0.20659229035935534,0.20627394748035055,0.14013308830237514,-0.08949132842905348,0.17526843961643881,-0.0908006052206139,0.16568383162234748,-0.057498240252284664,0.1582066421410407,-0.08729125103714708,0.20649344202792738,0.20587538439858008,0.2063368238767052,0.20635678755076398,0.2065892786704727,0.19918201279558004,0.20568296626730234,0.1910628320923258,0.20604416800367517,0.2000981733464284,0.20664216942979188
-0.11485782723177008,-0.1150258822979124,-0.11518660655918161,-0.11528332467688918,-0.11413586560941748,-0.11524093161146498,-0.11735020294646482,-0.11529657488339072,-0.11949852110640982,-0.11531199872139906,-0.1152610488076617,-0.10042519418235735,0.06502113169664027,-0.10668988589950786,0.05383196050503865,-0.10871612606191913,0.08447989915537461,-0.1580891366375085,0.2500000000000002,-0.11557222600718964,-0.11301637430610002,0.043448066133106804,-0.08412517139955751,0.026636723567743117,-0.07202922577812494,0.030560917458136973,-0.06904168544255489,0.03612936313806001,-0.06810375797436,-0.1151620362814315,-0.11398442414991088,-0.01430794133934024,-0.022932949991977578,-0.04186893600132204,-0.014769771649907927,-0.034374810408733886,0.004667770571812642,-0.053831564890802125,0.013813585673153748,-0.11528296723764897,-0.1150957744885255,-0.07448173981254595,0.045629904202874626,-0.09578512086685417,0.048902315265833426,-0.09049529443125998,0.03324823388975367,-0.08801915063028803,0.04788623602286615,-0.11522670682775997,-0.11488439385766779,-0.11514170708702086,-0.11514336994055671,-0.1152827587893118,-0.11089751319644092,-0.11475462756253309,-0.10593569701651417,-0.11496698427734361,-0.11148926039682658,-0.11531217555835999
0.2485426323421296,0.24873533694698285,0.2492339145480667,0.24942657853060254,0.24576196436841807,0.24882736738844244,0.24089978612827176,0.2490413843705146,0.2439110623238602,0.24952214234090114,0.24871471277430893,0.21813439614394461,-0.1447107003949693,0.23754586608856648,-0.1166262086364497,0.22950904683336984,-0.08530920109938403,0.2064178802483149,-0.11557222600718964,0.25000000000000006,0.24504582521121318,-0.10131392351778164,0.18904295626387999,-0.06512059751855793,0.15990245879426554,-0.034641478365902714,0.12931417713671045,-0.0006360253513311991,0.09768699448224762,0.24915368526568338,0.24591794056414157,0.01267806557026588,0.07127236886350889,0.0677875905195906,0.058893825033609154,0.043915668342840095,0.031097424350562848,0.0771831693418001,0.01917942190060166,0.24946354219171252,0.24910152213270487,0.173261782380141,-0.11339636929236414,0.21381785476057322,-0.11244423419592817,0.20336842718813591,-0.06779783371847191,0.19200589249278585,-0.10761360153936642,0.2493466930410483,0.2485961613445695,0.2491536532611643,0.24919268788550328,0.24945856711460015,0.2409055878690651,0.24841299633773,0.2319817824661954,0.2488266668328542,0.24198401786148704,0.24952224313691485
0.2445455032032503,0.24473175927501947,0.24522532340054234,0.24541369661437828,0.24177880598758794,0.24481813994826,0.23694660746492527,0.2450296425808769,0.23989323341217056,0.2455081018462445,0.24470732636553297,0.21525200584891452,-0.1427371424915591,0.23360598419786377,-0.11362985278524455,0.22558391874422778,-0.08268342743847612,0.20228106110139002,-0.11301637430610002,0.24504582521121318,0.24999999999999994,-0.10589157777798713,0.18678552176475963,-0.06446549944571446,0.15687375627671804,-0.03244436773814119,0.12567515888760472,0.0005748025947154016,0.09474277374281785,0.24514500045723103,0.24193673684591832,0.011896126976601104,0.07069137512893137,0.06553089482648243,0.059315027717670124,0.04170127237056304,0.03195412437721548,0.07474660735449527,0.0202373833041534,0.24545058934367617,0.24509519066406252,0.17077231961916248,-0.11190550995373108,0.21054709813009656,-0.11083701915919977,0.20032696957123353,-0.06665907206146247,0.18898199982974945,-0.10596279365098059,0.24533568012112822,0.244597004254272,0.24514554240375128,0.24518478565272325,0.2454455416432797,0.23705422163731582,0.24441887817285854,0.22831376227107458,0.2448249141782959,0.2381076465222791,0.24550819657063072
-0.1011934745190294,-0.10119699756490322,-0.10162681115187715,-0.1015094470875711,-0.10003942094850136,-0.1012285497489538,-0.09786014877793826,-0.10133213170451333,-0.09887581464456326,-0.10155577031330015,-0.10128497787790415,-0.1303098305148713,0.09873054462878839,-0.11253524465612509,0.04219051667075354,-0.09295877122298218,0.01741220069116852,-0.07501679461672595,0.043448066133106804,-0.10131392351778164,-0.10589157777798713,0.25000000000000006,-0.1617386065844003,0.10620998231479209,-0.09960232101157612,0.04082481007957582,-0.06563412297291385,0.012881353315113758,-0.055446399214106774,-0.10143685407770252,-0.10013310151284308,-0.036638183803201975,0.008822740474832494,-0.05897831580907102,0.009692518225170511,-0.03964068024704547,0.010920636880113159,-0.04860646470845735,0.012854776982334903,-0.10152949244168201,-0.10136578269351613,-0.056147035355531366,0.030133003584179224,-0.08002150604189306,0.04091183962030108,-0.0786662084859639,0.030554671827234096,-0.07783698333371743,0.040746456595484794,-0.10147795969971574,-0.1011791170751324,-0.10140552913145721,-0.10139617768363973,-0.10153039861782198,-0.09730136519299759,-0.10105987155346391,-0.0929302171968115,-0.10125081061190778,-0.09813493768639632,-0.10155575098725488
0.18872102608125524,0.18880814340994712,0.1893101875465976,0.18935895907567543,0.1864109831037089,0.18885502402353235,0.18250062560181488,0.18903523152434903,0.18460540791799768,0.18943796350257597,0.1888332271974816,0.18637973414171094,-0.12901785802612284,0.18741590258993654,-0.07810507171623732,0.17305440137905723,-0.048153065936878424,0.14927062993904736,-0.08412517139955751,0.18904295626387999,0.18678552176475963,-0.1617386065844003,0.25000000000000017,-0.12556944039820991,0.1615564762573388,-0.049151915387527556,0.10767280032474567,-0.0036722487908779225,0.07950266439193161,0.18916990099928946,0.1863464036464392,0.04314304347779402,0.014308025617505096,0.08264466612153297,0.015972905459718332,0.04966922142346193,0.008032174644099211,0.06846960002785801,0.0030191208674606902,0.18939225099687707,0.1891108479304248,0.11837882299686037,-0.07166528551245517,0.15612117736122264,-0.0817550997504982,0.1517498182273991,-0.053978959974007104,0.14591829028145106,-0.0792998483582001,0.18929993171838058,0.1887350977915007,0.1891579661664357,0.1891689721030438,0.1893902633270539,0.18230208320695948,0.18857194994756868,0.17515224321816406,0.18889923842504397,0.18351097956906381,0.18943796258916665
-0.06506743904062212,-0.06503295990656124,-0.06534154508546287,-0.06524058357798683,-0.06458853330093303,-0.06504647159842002,-0.06390557503633683,-0.06513685821733234,-0.06329951072186528,-0.06527709555096381,-0.06508036543301746,-0.08272470824108245,0.06606716307041176,-0.07604811890162018,0.02545902082517939,-0.06427903400589456,0.00347589573937449,-0.044023918357250266,0.026636723567743117,-0.06512059751855793,-0.06446549944571446,0.10620998231479209,-0.12556944039820991,0.25,-0.15427439650103866,0.09644823587738398,-0.08674169085928682,0.036906509942212465,-0.06350116975340817,-0.06525249479053136,-0.06505936125241012,-0.051530407872942795,0.03947133112850475,-0.08197925707946464,0.059414231422304606,-0.06748773293495217,0.045458636395877695,-0.06039327980871503,0.04368688054592231,-0.06525563883923383,-0.06513008634329968,-0.02093945629398344,0.002806404969496195,-0.04332147485515866,0.02010540125236205,-0.044382923950889296,0.023292829489505083,-0.049372278334863774,0.023872210440231217,-0.06521879698327164,-0.0650352315516068,-0.06518017748649355,-0.06514235827779984,-0.065261568817795,-0.061680817990654904,-0.06490492367750841,-0.057808900507215065,-0.06505503172746069,-0.06264741218221552,-0.06527699361785945
0.15961232056653948,0.1596898730493364,0.1600861722528873,0.1601457006118182,0.1579556354026079,0.159740411979927,0.15528556633862398,0.15989717495700442,0.1564865025912656,0.1602136845806068,0.15969678098598458,0.15068019882588277,-0.10501716653773217,0.15718030168412242,-0.0699511490189426,0.151977845562387,-0.046327736576235894,0.12769400433735859,-0.07202922577812494,0.15990245879426554,0.15687375627671804,-0.09960232101157612,0.1615564762573388,-0.15427439650103866,0.25000000000000017,-0.12377434822544203,0.1474282878459953,-0.03782684188876238,0.10226238479110931,0.16001416843878777,0.15851830494959496,0.040271086651941915,0.007651929650868829,0.0976870493819262,-0.026042724028171226,0.08006272433858239,-0.02802584598810853,0.08741142809333705,-0.033082431085843654,0.16017056718598083,0.15991104119637192,0.09352114373336506,-0.05328331788614954,0.12768464232764754,-0.06421185112991099,0.12261832580995048,-0.04753239474307204,0.12204477968636944,-0.06587161152092605,0.16009117787991026,0.15961945019783974,0.15997670649103243,0.15996205563804308,0.16017360195482142,0.153610943226177,0.15942892513286816,0.1465085295745063,0.15973063712854288,0.15479678043188702,0.16021367611745346
-0.034483729386830766,-0.034478871865863944,-0.03459486110022927,-0.03455235457268754,-0.035104577290213504,-0.03456171419265443,-0.03888751562926974,-0.034600797216873085,-0.03592655143462981,-0.0345689824352196,-0.03458649965662786,-0.037898453928478244,0.03192058076859222,-0.03535275155807985,0.01890413964218392,-0.050113812618282225,0.02584555304085197,-0.0444307595544091,0.030560917458136973,-0.034641478365902714,-0.03244436773814119,0.04082481007957582,-0.049151915387527556,0.09644823587738398,-0.12377434822544203,0.2500000000000004,-0.1544095794446126,0.09596239561775113,-0.10505415037804842,-0.03456736056887361,-0.035977450171626034,-0.03749925281546582,0.03505566629485387,-0.07362517735436329,0.08724492032885667,-0.0967298044350318,0.0845550806306417,-0.08630061864297639,0.08718117719949132,-0.034550642511825186,-0.0344358684259511,0.001940393102704739,-0.013028759662052986,-0.014735874992672404,0.0007445725170145248,-0.012730673294102197,0.014861731410267188,-0.022749256628141045,0.008981002824335818,-0.0345278859438249,-0.03444128766361949,-0.03451737891166205,-0.03445327066270333,-0.03456084600042956,-0.03156752950733196,-0.03426159004045183,-0.02747542102457569,-0.034391870342645764,-0.03232574172044391,-0.034568941360348465
0.12895034514418777,0.12903331437933416,0.12932857139844536,0.12936605485063055,0.12857577426155745,0.12915507257707995,0.12963581945344607,0.12926880567569107,0.1286044713820409,0.12941688931424797,0.12913409019567193,0.11859798299859498,-0.08521150546570112,0.1263123836350829,-0.06913481419266984,0.1360730302229908,-0.059364687751704184,0.1203394833597814,-0.06904168544255489,0.12931417713671045,0.12567515888760472,-0.06563412297291385,0.10767280032474567,-0.08674169085928682,0.1474282878459953,-0.1544095794446126,0.2500000000000001,-0.12080642338137752,0.1735883245861232,0.12926594699291138,0.1296625278396614,0.03845766654774404,0.004857768595759235,0.09160313602631104,-0.053348465694967796,0.12465837667665157,-0.0845399192819727,0.13401531216832394,-0.09577046692435039,0.12937566645456794,0.12909617900440548,0.06650613331382295,-0.032346335583280345,0.09726762091118123,-0.03957845708280031,0.08619099494761702,-0.0367780144772278,0.09184782104121039,-0.04604226860897278,0.12930892846165432,0.12893724120795086,0.12922528185200888,0.12916868170152945,0.1293831694448869,0.12288235736275979,0.1286254381261417,0.11464646333266447,0.12893682960726252,0.12385173376146308,0.12941691868530347
-0.00035965826335727946,-0.0003708752321392661,-0.00040024623441636847,-0.00033818961575011347,-0.0014980619873255438,-0.0004957527206699844,-0.0056686869846511966,-0.00047966942641800047,-0.004336945784952559,-0.0003330110732562496,-0.0006043839576264022,-0.00579046226350291,0.009962028196609596,-0.002330192118954461,0.007967265832450264,-0.014352950470050998,0.027662421010310342,-0.041289463458828966,0.03612936313806001,-0.0006360253513311991,0.0005748025947154016,0.012881353315113758,-0.0036722487908779225,0.036906509942212465,-0.03782684188876238,0.09596239561775113,-0.12080642338137752,0.2500000000000002,-0.15193242660276793,-0.00033345183863084366,-0.0026253417385281664,-0.03227626366157098,0.036140496978437346,-0.0517276488593148,0.08687808858421878,-0.10612384064694824,0.11678581084371603,-0.11113704406089635,0.12886105103569626,-0.00031947232824502454,-0.00020490886549179286,0.02634608477101863,-0.030977154369805124,0.015567255997050994,-0.02087646093479829,0.021876727021365984,0.003701926556059952,0.007814020994933826,-0.01099030257344871,-0.0003122095660171986,-0.00033261307176843266,-0.0003319604695330076,-0.00024012942617172118,-0.0003319716180246022,0.0020790415999537887,-6.753828321948317e-5,0.006602792159883837,-0.00018709283688963588,0.0016781429840759567,-0.0003330294876834547
0.09728841192349376,0.0973451698719042,0.09759304660354379,0.09760671755343935,0.09701734466683117,0.0974551997640144,0.09818487198653637,0.09753973450323358,0.0979801738767836,0.09764397428301097,0.09754620837147826,0.09223808149135249,-0.06642394209005445,0.09495658289065532,-0.04529751591368907,0.10190529290516781,-0.042475514370454076,0.10105672345801621,-0.06810375797436,0.09768699448224762,0.09474277374281785,-0.055446399214106774,0.07950266439193161,-0.06350116975340817,0.10226238479110931,-0.10505415037804842,0.1735883245861232,-0.15193242660276793,0.25000000000000017,0.09741424757712917,0.09807297029046831,0.03854327056267383,-0.009646100896900598,0.08121013207647358,-0.06914024452773851,0.12779877522330452,-0.10977869088588552,0.14528185874803115,-0.12615241947396483,0.09760721261738373,0.09734664383604123,0.03951932954714557,-0.011368871976659953,0.06686502596619878,-0.021590962756461888,0.05624720372233239,-0.03001471899270502,0.06652093311101655,-0.030210798709777307,0.09755397121836518,0.09728240756648089,0.09749911860410657,0.09741863290295805,0.09761795823069223,0.09173946865055418,0.09693487543607178,0.08357927074567897,0.0972205365770832,0.09261043429124599,0.09764395314305445
0.2486383829303899,0.24883100137331443,0.24933004378944518,0.24952247325897073,0.24586000276470893,0.24892301232016947,0.24099977873321893,0.24913714392251488,0.2439908587928422,0.24961809807576246,0.24881029380838676,0.2182609252481991,-0.14481870147482825,0.2376619614385897,-0.11670043970047546,0.22961688200364216,-0.08526307740492647,0.206352469353688,-0.1151620362814315,0.24915368526568338,0.24514500045723103,-0.10143685407770252,0.18916990099928946,-0.06525249479053136,0.16001416843878777,-0.03456736056887361,0.12926594699291138,-0.00033345183863084366,0.09741424757712917,0.24999999999999994,0.24601211449195226,0.012654666360246437,0.07134101296684899,0.06780776161402154,0.05893085263579105,0.043912010322129734,0.031172834559902395,0.0771474683343005,0.01927010576770398,0.24955947942954448,0.24919740123051287,0.17334692622140213,-0.11346415530520006,0.2139090415669394,-0.1124940933726589,0.20345771211114572,-0.06781134829459858,0.19207883209665627,-0.10765891058604518,0.24944259824084425,0.24869175996096218,0.2492494676477115,0.24928856305573144,0.24955449762099016,0.24099955285990368,0.24850867603578372,0.23207568799285178,0.2489224308757097,0.24207821558551876,0.249618198704291
0.24540644529663622,0.24559593678918912,0.24608919978546845,0.24627872576130058,0.2426701197851551,0.24568722201961019,0.23791338734784942,0.2458988017847794,0.2408461698888523,0.246373158874162,0.24557906039954336,0.21546843614951602,-0.14299507092871153,0.2345309081955003,-0.11495904104084033,0.2267906768025056,-0.08406812456464957,0.20386533124837122,-0.11398442414991088,0.24591794056414157,0.24193673684591832,-0.10013310151284308,0.1863464036464392,-0.06505936125241012,0.15851830494959496,-0.035977450171626034,0.1296625278396614,-0.0026253417385281664,0.09807297029046831,0.24601211449195226,0.25,0.009914963239291488,0.0727121497401224,0.0654457563140957,0.05630804588434692,0.04550996235227541,0.028407661121481877,0.0780995053307625,0.01658908875835315,0.24631494227553713,0.2459550493017587,0.1712269570434294,-0.11221877159430299,0.21097831704094389,-0.1106187082020133,0.20039628875294693,-0.0667764283770827,0.18935587031829698,-0.10632503673463302,0.24619978771364368,0.24545885808246526,0.24600931650540503,0.2460465090231306,0.24631035816621857,0.23785315510853206,0.2452746103728969,0.22897595150798333,0.245684426713572,0.23890619436390786,0.24637325588939749
0.012577254390314816,0.012551709935895626,0.012638369021402814,0.012598239188034936,0.012643542046993866,0.012576525046836927,0.013912103348435718,0.012597477116789033,0.013347425116580963,0.012605896645561417,0.01267668928446253,0.019173466601705314,-0.015817519783444877,0.014033829512231566,0.003762837459112962,0.016908848117893827,0.0023899265587401706,0.016264849342365762,-0.01430794133934024,0.01267806557026588,0.011896126976601104,-0.036638183803201975,0.04314304347779402,-0.051530407872942795,0.040271086651941915,-0.03749925281546582,0.03845766654774404,-0.03227626366157098,0.03854327056267383,0.012654666360246437,0.009914963239291488,0.25000000000000006,-0.16484893863790853,0.1248087426668666,-0.08251649084242271,0.05392929054686693,-0.03975963578310655,0.03611312937431524,-0.03529271588901821,0.012600531388708903,0.01266096119269681,-0.05616477629929302,0.061026175479068315,-0.017287538407934195,0.004039865228179345,0.004699015028088841,-0.01315774870451702,0.011731420651237478,0.0013784280574803546,0.012586245497959336,0.012559649255319431,0.012586718542563203,0.01255055491576598,0.012605752212144246,0.010002845165319097,0.012580553315078558,0.010318069913406497,0.012597404479905419,0.012103060787768793,0.012605813360414867
