x1,x2,x3,x4,x5,x6,x7,x8,x9,x10,x11,x12,x13,x14,x15,x16,x17,x18,x19,x20,x21,x22,x23,x24,x25,x26,x27,x28,x29,x30,x31,x32,x33,x34,x35,x36,x37,x38,x39,x40,x41,x42,x43,x44,x45,x46,x47,x48,x49,x50,x51,x52,x53,x54,x55,x56,x57,x58,x59,x60
0.25000000000000006,-0.08031366827201199,-0.12234689422066736,-0.06721231161266754,0.006414161419129607,-0.035241835685808416,0.05949436384102832,-0.020902306819065228,0.10927221875565132,-0.02402067651415953,-0.22038392904586346,0.136503645775502,-0.1348550527704275,0.135807532412038,-0.12831122594752767,0.11675093670275066,-0.07979430386667463,0.06408408399299624,-0.11512512783156192,0.11755280958744534,0.1333608871052918,-0.13313168220077434,0.1148963260617642,-0.11412718282929568,0.07981332743817907,-0.07468283652748241,-0.019418432822913737,0.0227591555011906,-0.0950021176267196,0.09932227574547839,-0.00041389060398347216,0.0028269788414165193,-0.007740349345626304,-0.019394648530012448,0.02158365058601796,-0.09548999325587257,0.09689106339405204,-0.12988212312962885,0.11914037474483065,-0.11681721518561478,-0.0010229156457253429,0.006649070551460924,-0.06468343360407271,0.07682527895265218,-0.09831462854257593,0.12024908622018834,-0.13100446842128244,0.13625836760572468,-0.1364737352522246,0.1364658281391196,0.08484572139886579,-0.04941054843346185,0.06746376396207152,-0.04415951345361838,0.02700981715458797,-0.020727031190504196,-0.0335545155994081,-0.03553629382421512,0.015308226932795842,0.03886052078309915
-0.08031366827201199,0.2500000000000001,-0.02891372245953857,-0.07319753608053126,0.009146591732305495,0.028208433634016813,-0.04314264613088285,0.0029857618542821463,0.03361361090671639,-0.02664269822235064,0.05652419151518815,0.024990201236860746,-0.02509769401178804,0.024866299631435638,-0.024830591046868224,0.026112772990275226,-0.029163581403964987,0.03582371739712275,-0.03187444413185163,0.03150588542313999,0.02522735824843416,-0.025279870058732532,0.025879120117012835,-0.025847702972348216,0.022026459466764996,-0.0219681507761723,0.011925808219289036,-0.01090897919979574,-0.013903409386323127,0.01518568306740494,-0.004696930344932958,0.005168810842760178,-0.006421018229586344,0.002621790616326391,-0.0022875742982934964,-0.012045057968116283,0.012369219534567603,-0.02236447602138556,0.01797809001589568,-0.017607671581158613,0.004242732323094958,-0.0033283830792186398,-0.009057683068589258,0.011157208210643968,-0.015595466957853743,0.01997205517159923,-0.02331525121977796,0.024939014848482967,-0.024995362413137406,0.02499341700498847,0.01355219978416803,-0.00818246047575035,0.011545048571319338,-0.007497451066901326,0.004642219496286943,-0.0037437704510855786,-0.005884808162402554,-0.0065215270554477706,0.0027741041048407176,0.006859473246534992
-0.12234689422066736,-0.02891372245953857,0.25000000000000006,0.0238929097952351,-0.043768635046070835,-0.0055476096420150394,-0.018111664268140752,-0.007211076707158916,-0.07420876853239815,0.049703071096842404,0.11515651731630942,-0.08134165238497847,0.07987703203290485,-0.0809291472215617,0.07530485982316532,-0.06818855712464077,0.04578977555437725,-0.044308063634916524,0.07605093934585826,-0.07735031815524543,-0.07993662915497075,0.07984319026577555,-0.0704369524972996,0.07001087874226783,-0.04901123218383836,0.04576287958899392,0.00762091694337067,-0.009834412459724929,0.056649402710744194,-0.05932809978306525,0.0014749646331847558,-0.002927149690260628,0.0059005869537314655,0.009743997908379917,-0.01104857284137048,0.05556455849551516,-0.05641298639300539,0.07675831978233214,-0.06923975868327333,0.06788549220465338,-0.0005814097055188664,-0.0027404854668692164,0.03773542897890752,-0.04489113343987023,0.05784390353009041,-0.07122478792248071,0.07792293786593783,-0.08119324590613063,0.0813251431108698,-0.08132029451525152,-0.05004438664951488,0.02926838118718024,-0.040007204325231346,0.02614736061763616,-0.01597224872463504,0.012342760979610934,0.019915752379683595,0.02118528738684903,-0.009110187174690863,-0.023097232546241995
-0.06721231161266754,-0.07319753608053126,0.0238929097952351,0.25000000000000006,-0.0014924103966992733,0.011775152422679873,0.0011389347960774744,-0.0012061738673119211,-0.06816279645957209,0.019860368449306137,0.0751599880599367,-0.07829157999503217,0.07762993618498466,-0.07789353993351286,0.07285614501836243,-0.06778497144796075,0.04982291327798075,-0.045162863047688004,0.07058183739376263,-0.07168136488002726,-0.07684062872911378,0.07674890041605445,-0.06791194834455572,0.06751548393261213,-0.048189727492262406,0.04546008674274879,0.005587864722419709,-0.007644913523185468,0.05339118468003375,-0.05603533839129168,0.001787239679791451,-0.0031798220003789296,0.006117207024193915,0.008952219673078498,-0.010182023274824977,0.05280390519535401,-0.0536304934898165,0.07395669577529457,-0.06687014205281099,0.06555883964675038,-0.0009150911390258715,-0.0022724480643288654,0.03613837638659988,-0.043042199974895244,0.055530037963526534,-0.06823775078732512,0.07489919129426922,-0.0781498597587847,0.07827943881953425,-0.0782747466608764,-0.04797849734634402,0.02806825483186011,-0.038433899514454584,0.02512125288818551,-0.015382213704192797,0.01187353634021953,0.01915532689965655,0.020387103863469973,-0.00876808098205717,-0.02220110957168864
0.006414161419129607,0.009146591732305495,-0.043768635046070835,-0.0014924103966992733,0.2500000000000003,-0.027475907027033338,0.013379581995470733,0.005146705223174819,-0.013407960187018546,-0.03658634878831214,0.0025790597531361328,-0.026741719842969303,0.02631214088124892,-0.02661696206967721,0.022204408405348614,-0.019670768172678148,0.00855530941190544,-0.0005035327815311103,0.016575037097526512,-0.017480577010687438,-0.025782443970221936,0.02569574427242668,-0.020419384959010203,0.02022270063017607,-0.011519808550516207,0.010021129655392674,0.009893496475610834,-0.010381956978572806,0.0199743205226282,-0.020644244599167458,-0.0018875743547314844,0.00143247563655585,-0.0006375862525697094,0.006452855106387309,-0.006904904985672746,0.020940272640340225,-0.021186321760323812,0.026009917886641722,-0.02485583422812125,0.024379870671760038,0.0020784668639800327,-0.00322958269105038,0.01387692795432376,-0.016308770560794175,0.02028979050871012,-0.02440967565201891,0.025949529333401097,-0.026705641975919705,0.026740846763525103,-0.026739525409597946,-0.017443146187721848,0.010064371519433813,-0.013592528651161296,0.008899599116936305,-0.005429183111173777,0.004087061486177118,0.006684989619899418,0.006955995647117175,-0.0030081816344066973,-0.0077226820103093894
-0.035241835685808416,0.028208433634016813,-0.0055476096420150394,0.011775152422679873,-0.027475907027033338,0.2500000000000002,-0.03020662498050486,0.04622061450230273,0.0035008035452316305,-0.04960378275318189,0.03053307986185665,-0.010958022182787547,0.011793059397642013,-0.010897481278496744,0.01354680252220443,-0.012598823384681839,0.009951619500224999,0.0023280077061234093,-0.0009709044696511701,0.0006308686125253716,-0.010070199189743001,0.009993059204953263,-0.006542201718113372,0.006442561933404449,-0.005607533663097111,0.005555570845735084,0.00631959870481351,-0.006229157032906789,0.007225257852693099,-0.007449952378771806,-0.0007736705988982144,0.0005852781229688811,-0.00021374432126321417,0.0031159103318490534,-0.0033089480721792924,0.009188478012076513,-0.009293437036593119,0.011291470315688796,-0.011953909859990015,0.011724493994807891,0.0009283512202433212,-0.001400979900893707,0.005801257858754855,-0.006906848031877441,0.00860503293239609,-0.010109210100805555,0.0106662306044385,-0.01094002847199336,0.010953603545141912,-0.010952998829424063,-0.007265501303226473,0.003979819238089603,-0.005441052147719257,0.003697192418077332,-0.002279770751722415,0.0016547525257012573,0.0027607663859242028,0.002845892243830606,-0.0012548876534659058,-0.0031651425839742367
0.05949436384102832,-0.04314264613088285,-0.018111664268140752,0.0011389347960774744,0.013379581995470733,-0.03020662498050486,0.2500000000000002,-0.03228661720970883,0.028476238518521373,-0.05017191122819744,-0.07370498908684055,0.03973033744074077,-0.03894898481359932,0.03950656960882058,-0.045774555020012375,0.05982673239306655,-0.09669888844829926,0.08111886678070791,-0.030264349687963186,0.028500960696319685,0.03905812862926026,-0.039101749734276464,0.04054057534752035,-0.040550989281001676,0.04118855057105283,-0.04454858116681153,0.03294414941258825,-0.03148975766851622,-0.013382819626239658,0.016020251000345313,-0.008608063468938758,0.009286469515255191,-0.011809569429263166,0.005513254549095786,-0.005235679001187259,-0.014291408127574751,0.01486176402715592,-0.03594669009309266,0.0298559046722134,-0.02922273096863864,0.007960369313902904,-0.006539508407928914,-0.014059366259785206,0.01749962585132073,-0.02429002911898971,0.029490278778827626,-0.0363076584641404,0.039610728083325684,-0.039718535266905934,0.03971559115666152,0.020459562225382356,-0.012659413430047884,0.018338481371676277,-0.0117017909817397,0.007582833054260058,-0.005939575597346868,-0.009323184436211765,-0.010312093100000095,0.004369486968303689,0.010726265126586589
-0.020902306819065228,0.0029857618542821463,-0.007211076707158916,-0.0012061738673119211,0.005146705223174819,0.04622061450230273,-0.03228661720970883,0.2500000000000004,-0.05244479232466058,-0.08296655570960978,0.017875086027701884,-0.0702735470044018,0.07170196627630107,-0.06992408794631322,0.06751478748426144,-0.05772826231280897,0.0317656688869551,-0.016785280616251466,0.05261909795747137,-0.054411050402131345,-0.06814546249810015,0.06796538798739118,-0.05622498549452699,0.055762058384806905,-0.037028439627792405,0.03390414917046593,0.021219950522490007,-0.022565799612854102,0.05135205944098866,-0.053203999264607546,-0.0024415731959056947,0.0012075460688600742,0.0011060504296871796,0.013731838649875976,-0.014926929246510526,0.052975682756925005,-0.05365649047146334,0.06795065487347027,-0.0642517461590711,0.0630114109931337,0.00312333532813145,-0.006088068435416055,0.0349269137384916,-0.041288480609319604,0.05214206761534844,-0.06333091977078731,0.06792195053907961,-0.07017103392463162,0.07027033000226998,-0.070266480837524,-0.0449519432508884,0.025880073371044702,-0.035114537231687205,0.023109823784074317,-0.01407969485238776,0.010691661632060492,0.017434456504887473,0.018294067338879706,-0.00791451980539461,-0.020169549503742203
0.10927221875565132,0.03361361090671639,-0.07420876853239815,-0.06816279645957209,-0.013407960187018546,0.0035008035452316305,0.028476238518521373,-0.05244479232466058,0.25000000000000017,-0.09353593572795894,-0.13101801654862744,0.22229670924506323,-0.22055334789069292,0.22117540712884642,-0.2142505873282682,0.20386420204465808,-0.17029648709361836,0.17926425035705643,-0.2289693812571695,0.22938800281293625,0.2192260654699554,-0.21913763953016907,0.20130441431251178,-0.20044193565266408,0.15526236050310846,-0.14957167262147944,0.014668947120767505,-0.008293094387218343,-0.14090931579923568,0.14957595473141463,-0.013871127143233188,0.017884282814818707,-0.02707676409239314,-0.013261084141900433,0.016604843407069757,-0.13925625752055235,0.14175663390428964,-0.20803975642799444,0.18470734589961738,-0.1810460185068211,0.011061236073521026,-0.002236970114246888,-0.09713992216244184,0.11650870663812757,-0.1531180804161031,0.18953308420891116,-0.21127769897496443,0.22187033194257733,-0.22227310745997245,0.22225877741414984,0.13252095484657672,-0.07788766041679497,0.10729415675632752,-0.07020812368700531,0.04311520246229233,-0.03358716163015246,-0.05389947956679062,-0.057900379440422346,0.024872489661420947,0.0625224692678372
-0.02402067651415953,-0.02664269822235064,0.049703071096842404,0.019860368449306137,-0.03658634878831214,-0.04960378275318189,-0.05017191122819744,-0.08296655570960978,-0.09353593572795894,0.25000000000000056,0.0448439321547423,-0.0692305930800537,0.0676201631127873,-0.06887020371214507,0.07228038577258562,-0.08098760716667042,0.10258235043977214,-0.11875026518748406,0.08839334444512248,-0.08684473783470913,-0.07000218515142154,0.07018618188307245,-0.07423864129071087,0.07423001208349773,-0.06825764383287712,0.06958213284666699,-0.04804661067983323,0.044966137618458746,0.03309263255350697,-0.03720817480469169,0.0172175729074444,-0.018541479782598253,0.022389705830319025,-0.012455685511593593,0.011629574750275616,0.028107116779667325,-0.029073272929797764,0.06103993821014482,-0.047434611051890584,0.04643658902745496,-0.015760669368788584,0.013335218207026725,0.022694058336988933,-0.028496886555384484,0.04118727088283293,-0.053213018288956186,0.06387541727864515,-0.06904809783970822,0.06922141544749055,-0.06921560237018941,-0.03568209122723588,0.021770357142874154,-0.031226873447271118,0.02024517776118638,-0.012666159229490567,0.010313403989607605,0.016080317874008206,0.018062791551008466,-0.0076592696424992125,-0.018745990387316364
-0.22038392904586346,0.05652419151518815,0.11515651731630942,0.0751599880599367,0.0025790597531361328,0.03053307986185665,-0.07370498908684055,0.017875086027701884,-0.13101801654862744,0.0448439321547423,0.2500000000000002,-0.15854792044750418,0.15678290871334008,-0.1577380063628746,0.15019091369217683,-0.1384167067183128,0.10076605319632574,-0.08493647493684592,0.1369399454036934,-0.13939695385493486,-0.15515639777346593,0.15492344535938843,-0.13521951009042407,0.13436912104211293,-0.09583553725524196,0.09038557830379006,0.015943555960065466,-0.01998556176776178,0.10861087125523415,-0.11385022888452352,0.0023452073489674606,-0.005157173130584422,0.011022034498618348,0.020066870927401188,-0.022574003730003456,0.10860942807286718,-0.11026531542269762,0.1503143431856403,-0.1369211879574347,0.13424308696397286,-0.0006005622207268481,-0.0058874884468173355,0.07402590444863381,-0.08808758850891193,0.11323481104129154,-0.13878757392381705,0.15187020663260573,-0.15825687744530725,0.15851428402522763,-0.15850490848342508,-0.0977269600522758,0.05703364912260431,-0.07804096407286158,0.051052548716049334,-0.03126150390675988,0.02405325438715475,0.03887043132615242,0.04127874952036564,-0.017767458160949358,-0.04502889984688637
0.136503645775502,0.024990201236860746,-0.08134165238497847,-0.07829157999503217,-0.026741719842969303,-0.010958022182787547,0.03973033744074077,-0.0702735470044018,0.22229670924506323,-0.0692305930800537,-0.15854792044750418,0.2500000000000002,-0.24821018859082639,0.24870797098191932,-0.2414951111261036,0.2296740911324404,-0.1918456149982993,0.17593437421606162,-0.22824423076269643,0.23066373298742385,0.24567883521367814,-0.2454449736942232,0.2203716325534609,-0.21920715871824545,0.16378520677733927,-0.15725689801200404,0.0016380245217197953,0.005330277629056478,-0.16396442073421616,0.17313390237820206,-0.011409864451556527,0.015881549862899937,-0.02577801955743352,-0.02152376646705261,0.02533625865745189,-0.16186792770002675,0.1645968424440952,-0.23485109879085192,0.21009772829201284,-0.2059544871290372,0.008333402413366433,0.0017031384172668397,-0.11215386879559838,0.13417018725441363,-0.17461550704249423,0.2152290117929561,-0.23827357101053337,0.2495075257049342,-0.24994312004027558,0.24992752972149157,0.1507324949706343,-0.08843127544168898,0.12170586072834155,-0.07951946937346942,0.048836641697428136,-0.03783625877951541,-0.06086611650905184,-0.06510236932186589,0.027966566293531375,0.07055796893381157
-0.1348550527704275,-0.02509769401178804,0.07987703203290485,0.07762993618498466,0.02631214088124892,0.011793059397642013,-0.03894898481359932,0.07170196627630107,-0.22055334789069292,0.0676201631127873,0.15678290871334008,-0.24821018859082639,0.25000000000000044,-0.2469556957798608,0.2397414008860969,-0.22792900702195554,0.1901256460616571,-0.17422373674390673,0.22649713814396985,-0.22891603727823945,-0.24393697520147395,0.2437032541064791,-0.21873866865339156,0.2175804070527221,-0.1624880605137856,0.15598231845083263,-0.001321241123370621,-0.005590962994523475,0.16289268134805218,-0.17198730193910705,0.01124487478456521,-0.01568467602307854,0.025504114137428816,0.021484193859600455,-0.025271561194231882,0.16083462960597442,-0.16354300667041666,0.23322118063312772,-0.20868311201311965,0.2045681657040179,-0.008193387309082515,-0.0017745914887676714,0.11141408811364187,-0.13327719290946252,0.17342927985735862,-0.21375412735837873,0.23660879599357373,-0.24775034490467826,0.24818253215226488,-0.2481670601837048,-0.14970827480289964,0.08782462230443187,-0.12086303762532725,0.07897024997777144,-0.048497576239265185,0.03757069773131359,0.060442056981994896,0.06464366229542004,-0.027770171396762824,-0.07006590846320267
0.135807532412038,0.024866299631435638,-0.0809291472215617,-0.07789353993351286,-0.02661696206967721,-0.010897481278496744,0.03950656960882058,-0.06992408794631322,0.22117540712884642,-0.06887020371214507,-0.1577380063628746,0.24870797098191932,-0.2469556957798608,0.2500000000000005,-0.240264470080237,0.22850524897531252,-0.19086040920956956,0.17503138235953003,-0.22709132293775008,0.22949912515427612,0.24443744292782582,-0.244204745126652,0.21925705019854808,-0.21809840028789498,0.16295176249922846,-0.1564553304959066,0.001621852874062053,0.00531106965051089,-0.16313867689519645,0.172261549143493,-0.011349655099837722,0.015798724506121912,-0.025644943913158847,-0.021418160078018778,0.02521142504501932,-0.1610527526621488,0.1637678363782835,-0.2336648435586192,0.2090372142612284,-0.20491489814189112,0.00828888085603663,0.0016970090767163663,-0.11158862159975363,0.1334936986939074,-0.17373433789441303,0.21414258924731694,-0.23706997418397824,0.24824681223269046,-0.24868019651931925,0.24866468528346503,0.14997192579249644,-0.08798500820154914,0.1210914088837229,-0.07911796688488174,0.04859000262038198,-0.037645119692129074,-0.06055870011712475,-0.06477341458811887,0.02782526111589767,0.07020159558448487
-0.12831122594752767,-0.024830591046868224,0.07530485982316532,0.07285614501836243,0.022204408405348614,0.01354680252220443,-0.045774555020012375,0.06751478748426144,-0.2142505873282682,0.07228038577258562,0.15019091369217683,-0.2414951111261036,0.2397414008860969,-0.240264470080237,0.2500000000000004,-0.23371236259123593,0.1960971530982331,-0.18018494147592243,0.22040186559140598,-0.22251491313140032,-0.23734600151047489,0.23712860298608002,-0.21328211329454547,0.21217945796474144,-0.1672540842774976,0.1619818185843943,-0.00760291781806644,0.0007028720052454124,0.15632787181054741,-0.16540701797293986,0.01594734316636541,-0.02035695028458671,0.030147330226312337,0.015769593398680018,-0.019524731715969357,0.15427896904209792,-0.15697544004094827,0.22653176236008318,-0.20203423823789582,0.19804066840323686,-0.012470206126342222,0.002888124422201143,0.10568630518743208,-0.12709296993305583,0.1670291072550193,-0.2071012383670643,0.22991967774851538,-0.24104070193511443,0.24146866221941407,-0.2414527816515562,-0.14408587899548506,0.0842138045946826,-0.11639510765546106,0.07638746516345798,-0.046900212164935444,0.03644733787476647,0.05857368896141417,0.06292799287507206,-0.027051423125915644,-0.06796024709282932
0.11675093670275066,0.026112772990275226,-0.06818855712464077,-0.06778497144796075,-0.019670768172678148,-0.012598823384681839,0.05982673239306655,-0.05772826231280897,0.20386420204465808,-0.08098760716667042,-0.1384167067183128,0.2296740911324404,-0.22792900702195554,0.22850524897531252,-0.23371236259123593,0.25000000000000044,-0.21185912247130886,0.19580292699999857,-0.21099042483795769,0.21210473953275166,0.22632728835221033,-0.22622780744872156,0.20995901573136672,-0.20924231146593833,0.1789093788174782,-0.17651501304407122,0.02175243005395272,-0.014800165098317214,-0.14372797606699655,0.15289244994719653,-0.02299903988558551,0.027331707209510708,-0.037152608772613394,-0.005053441189607832,0.00871260634398562,-0.14167586575931604,0.14436047427109103,-0.2145662940125128,0.18982913434216703,-0.18605294451659504,0.019145206995329574,-0.010222990397003681,-0.09565297067173023,0.11594117681739816,-0.1554762243427191,0.19496626568969777,-0.2180048394946108,0.22922591747512114,-0.22964974749215256,0.2296333618491935,0.13443801475890538,-0.07827291468433918,0.10861866324445435,-0.07182362074992614,0.04401096186376196,-0.03449634117680328,-0.05528638600034785,-0.059887069832441304,0.025781201914543313,0.06426375992197902
-0.07979430386667463,-0.029163581403964987,0.04578977555437725,0.04982291327798075,0.00855530941190544,0.009951619500224999,-0.09669888844829926,0.0317656688869551,-0.17029648709361836,0.10258235043977214,0.10076605319632574,-0.1918456149982993,0.1901256460616571,-0.19086040920956956,0.1960971530982331,-0.21185912247130886,0.2500000000000004,-0.23191462093322782,0.1813008813580351,-0.17941323072045143,-0.1895241871371952,0.1895301220778226,-0.18015393446842384,0.17961126881278663,-0.15210083990107492,0.15345089030905368,-0.058617566000822185,0.05243380299392155,0.10597209534556211,-0.11513719526042676,0.024199601142792317,-0.027658925435029076,0.03674089972729952,-0.003236377184923074,0.0006986843955495707,0.10426430776436856,-0.1066181738737711,0.17675333046848127,-0.1520413290053556,0.1489697502757912,-0.021194208254948225,0.013881439395798525,0.0771730421730873,-0.09391645695975052,0.1264348482545938,-0.15723518303406286,0.18024353052843442,-0.1914274394963925,0.19182715133930853,-0.19181365291566502,-0.10877022820385332,0.06470007338953071,-0.09069564150596929,0.05907613549162997,-0.036747883255838845,0.028845905062193755,0.04589695472712736,0.04996351042552856,-0.021369029683031532,-0.05321422213169777
0.06408408399299624,0.03582371739712275,-0.044308063634916524,-0.045162863047688004,-0.0005035327815311103,0.0023280077061234093,0.08111886678070791,-0.016785280616251466,0.17926425035705643,-0.11875026518748406,-0.08493647493684592,0.17593437421606162,-0.17422373674390673,0.17503138235953003,-0.18018494147592243,0.19580292699999857,-0.23191462093322782,0.25000000000000056,-0.1974560131485984,0.19357494624718724,0.17482477432209922,-0.17499539450896762,0.17237082638354542,-0.1721067346764648,0.1532560165367296,-0.15481939290822055,0.07457146793807856,-0.06859461269048885,-0.0899773922825205,0.09915336591075749,-0.02845689546459537,0.0316859095790727,-0.04061229237245331,0.012099851377972511,-0.009844926271604916,-0.08834935535365668,0.09062368726698761,-0.16083060743252958,0.1360983813610452,-0.13331715552342932,0.025495131461871337,-0.01895386063768751,-0.06668490243229108,0.08179462490501846,-0.11261642684845931,0.1413056573792999,-0.16434039688664764,0.17552810554782566,-0.17591851665303923,0.17590535935215668,0.09718843660749454,-0.058046925095614134,0.08171582911752637,-0.05336751872061611,0.033240241639125465,-0.026354176005587652,-0.04172612461414063,-0.045828732276063086,0.019593889093641962,0.048436626141370016
-0.11512512783156192,-0.03187444413185163,0.07605093934585826,0.07058183739376263,0.016575037097526512,-0.0009709044696511701,-0.030264349687963186,0.05261909795747137,-0.2289693812571695,0.08839334444512248,0.1369399454036934,-0.22824423076269643,0.22649713814396985,-0.22709132293775008,0.22040186559140598,-0.21099042483795769,0.1813008813580351,-0.1974560131485984,0.25000000000000044,-0.245898806060095,-0.22532468760863975,0.2252764184511294,-0.20874659884131908,0.20792978975343224,-0.1636650965988112,0.15830286370733124,-0.023032446475222082,0.016345474006379975,0.14225661768881545,-0.15142727178659796,0.016318931783025972,-0.02044848726218057,0.0300968147687602,0.010656808087369848,-0.0140460806888418,0.14028776692444483,-0.14289412757282874,0.21313041119463708,-0.1883853257026264,0.18463928767583437,-0.013372531272093289,0.004366157591914952,0.09846108960775243,-0.11827132975496937,0.15612744936961037,-0.19353564023906988,0.21657725473368136,-0.22779750502275653,0.22821984106711501,-0.2282049112995458,-0.13513308658198517,0.07957215179970742,-0.10976397500974129,0.07181053792138845,-0.044144327901411394,0.03445853917501581,0.05522308853754649,0.059448230572779454,-0.0255262127095321,-0.06406799405381988
0.11755280958744534,0.03150588542313999,-0.07735031815524543,-0.07168136488002726,-0.017480577010687438,0.0006308686125253716,0.028500960696319685,-0.054411050402131345,0.22938800281293625,-0.08684473783470913,-0.13939695385493486,0.23066373298742385,-0.22891603727823945,0.22949912515427612,-0.22251491313140032,0.21210473953275166,-0.17941323072045143,0.19357494624718724,-0.245898806060095,0.25000000000000067,0.22760885477011186,-0.22754244269176874,0.21008703444306434,-0.2092331307266255,0.1636774526134402,-0.1580473353753679,0.02030838468235771,-0.013595706733902268,-0.14469580581536706,0.1538633261821138,-0.01587667680275372,0.020050897908038372,-0.029721603801290165,-0.011737805231126783,0.015185378702758375,-0.14279919090225282,0.14542014365668998,-0.21555346654485186,0.1908098288823065,-0.18701935044377552,0.012902333551819566,-0.0037837555799108834,-0.0999057928745943,0.1199610425696943,-0.15815488446591672,0.19599817673422262,-0.21900875605420672,0.23021550127433832,-0.23063894753004063,0.23062391026899254,0.13686783889133888,-0.08052665421937971,0.11104072159487613,-0.07266332365554268,0.04465044158142145,-0.03483018768521415,-0.055845176128148676,-0.06007983979134803,0.025802211818097213,0.06478946209784792
0.1333608871052918,0.02522735824843416,-0.07993662915497075,-0.07684062872911378,-0.025782443970221936,-0.010070199189743001,0.03905812862926026,-0.06814546249810015,0.2192260654699554,-0.07000218515142154,-0.15515639777346593,0.24567883521367814,-0.24393697520147395,0.24443744292782582,-0.23734600151047489,0.22632728835221033,-0.1895241871371952,0.17482477432209922,-0.22532468760863975,0.22760885477011186,0.25000000000000044,-0.2493222831361598,0.2242767628144257,-0.22310581823603787,0.16781924051617433,-0.16130955650391346,0.005886428624673844,0.0010787748026088873,-0.15968414018212412,0.16885135811103463,-0.015682430320060368,0.020154584257704614,-0.03005089400644833,-0.01724408634201072,0.021056109945347984,-0.15758267884654617,0.16031112666731645,-0.23056053442661678,0.2058085892511847,-0.20174398488745343,0.012127675512563923,-0.0023664507721038257,-0.10803400962485683,0.12988798320731626,-0.17033083587612002,0.21093976529040226,-0.2339855325669634,0.2452183521824482,-0.24565165078424214,0.2456356023160065,0.14676481581184067,-0.08577362192434829,0.11863890068439376,-0.07779517972027825,0.04780317610602869,-0.03709493992813147,-0.05963238295387219,-0.06401831864258291,0.027511409265950675,0.0691717161272482
-0.13313168220077434,-0.025279870058732532,0.07984319026577555,0.07674890041605445,0.02569574427242668,0.009993059204953263,-0.039101749734276464,0.06796538798739118,-0.21913763953016907,0.07018618188307245,0.15492344535938843,-0.2454449736942232,0.2437032541064791,-0.244204745126652,0.23712860298608002,-0.22622780744872156,0.1895301220778226,-0.17499539450896762,0.2252764184511294,-0.22754244269176874,-0.2493222831361598,0.25000000000000033,-0.22486311398213227,0.22369109330606093,-0.16828117834075199,0.16175420775861057,-0.006143927904184919,-0.0008239380900267953,0.15944602523095167,-0.16861468649633798,0.015915496053401427,-0.020387631190524363,0.03028350093636544,0.017014542058099196,-0.020826404176625457,0.15734932647865665,-0.16007776192907194,0.2303265940493602,-0.20557481697021765,0.20151456840195334,-0.012334536668873155,0.0025882941439621474,0.10780988356298596,-0.1296559535246293,0.17009840498280004,-0.21070624724207834,0.2337519565341157,-0.24498466203044617,0.24541783430463884,-0.2454017608418581,-0.1465488015013023,0.08562814690435695,-0.11847168918541191,0.07770139003014874,-0.04774717651362784,0.037054525618476025,0.05956521943452675,0.0639592329099789,-0.0274866449734663,-0.06909616666797214
0.1148963260617642,0.025879120117012835,-0.0704369524972996,-0.06791194834455572,-0.020419384959010203,-0.006542201718113372,0.04054057534752035,-0.05622498549452699,0.20130441431251178,-0.07423864129071087,-0.13521951009042407,0.2203716325534609,-0.21873866865339156,0.21925705019854808,-0.21328211329454547,0.20995901573136672,-0.18015393446842384,0.17237082638354542,-0.20874659884131908,0.21008703444306434,0.2242767628144257,-0.22486311398213227,0.2500000000000006,-0.2485627117999217,0.19315869313327083,-0.186642332452806,0.03110103476458214,-0.024142744732046747,-0.13437775376007582,0.14354498920276065,-0.040932875525544817,0.04540844204201044,-0.05530292114390286,0.008016891470240645,-0.004208086889157653,-0.13228915287294848,0.13501555566945628,-0.20525651427064795,0.18050466449346753,-0.1769043357438016,0.034551249057281096,-0.02641460444275124,-0.08371621575064533,0.1046218354395913,-0.14505666767635336,0.18564002294854864,-0.20869953760641333,0.2199289126108232,-0.22034876207508303,0.22033000366192465,0.1233533483443285,-0.07008467185618056,0.10054263582508048,-0.06762464732383852,0.04170944501983053,-0.03272281640836961,-0.05235602859468883,-0.05762688454802607,0.024828226197137735,0.06099565966221091
-0.11412718282929568,-0.025847702972348216,0.07001087874226783,0.06751548393261213,0.02022270063017607,0.006442561933404449,-0.040550989281001676,0.055762058384806905,-0.20044193565266408,0.07423001208349773,0.13436912104211293,-0.21920715871824545,0.2175804070527221,-0.21809840028789498,0.21217945796474144,-0.20924231146593833,0.17961126881278663,-0.1721067346764648,0.20792978975343224,-0.2092331307266255,-0.22310581823603787,0.22369109330606093,-0.2485627117999217,0.2500000000000006,-0.19428819471044936,0.18777295822052045,-0.032222674962307234,0.025258952278262296,0.13326585790063938,-0.14242825989135025,0.04173874879544039,-0.046210599038067554,0.05610286726627515,-0.009082241911402533,0.005275715822653532,0.13116770773146103,-0.1338928367928912,0.20410074309439838,-0.17936318356686407,0.17578355264483575,-0.03529255616001587,0.02722309550035616,0.08269591763331492,-0.10350938766538917,0.14392653512872763,-0.18449239885735289,0.20754155502203225,-0.2187653987231137,0.21918446607836428,-0.21916563101973802,-0.1223890719668981,0.06946240128974866,-0.09975055998816686,0.06717443406463049,-0.04142329366936478,0.03252741561065891,0.05202987566869153,0.05732933877112122,-0.024705245860525915,-0.06063074938641805
0.07981332743817907,0.022026459466764996,-0.04901123218383836,-0.048189727492262406,-0.011519808550516207,-0.005607533663097111,0.04118855057105283,-0.037028439627792405,0.15526236050310846,-0.06825764383287712,-0.09583553725524196,0.16378520677733927,-0.1624880605137856,0.16295176249922846,-0.1672540842774976,0.1789093788174782,-0.15210083990107492,0.1532560165367296,-0.1636650965988112,0.1636774526134402,0.16781924051617433,-0.16828117834075199,0.19315869313327083,-0.19428819471044936,0.2500000000000005,-0.24319754616262376,0.08771944864879354,-0.08069447993022727,-0.07783028724269539,0.08699872445495371,-0.08106912268172753,0.08540758681185877,-0.09541607194222336,0.06420898197968081,-0.06047151511632795,-0.07569630747113189,0.0784130005646693,-0.1486733198438125,0.12391720949096299,-0.12133030565366894,0.07187330619497222,-0.06704168527997985,-0.03236237365129963,0.048323495027601686,-0.0886273049149688,0.12905269138541686,-0.15215753594852718,0.1633822614895236,-0.16377083012258375,0.16374808443279798,0.07618142768973142,-0.039723586069667825,0.06123598862042667,-0.045466846707740156,0.027425146113935102,-0.023191404987678,-0.036354580737266114,-0.04316023473872905,0.018893152412271835,0.043170242423742164
-0.07468283652748241,-0.0219681507761723,0.04576287958899392,0.04546008674274879,0.010021129655392674,0.005555570845735084,-0.04454858116681153,0.03390414917046593,-0.14957167262147944,0.06958213284666699,0.09038557830379006,-0.15725689801200404,0.15598231845083263,-0.1564553304959066,0.1619818185843943,-0.17651501304407122,0.15345089030905368,-0.15481939290822055,0.15830286370733124,-0.1580473353753679,-0.16130955650391346,0.16175420775861057,-0.186642332452806,0.18777295822052045,-0.24319754616262376,0.25000000000000044,-0.09430549111069333,0.08726610912742747,0.07129893891853135,-0.08046987141025912,0.07969088505556955,-0.08382268390887535,0.09360868237976815,-0.06313321332371048,0.05967443312701167,0.06926703944750262,-0.07189893220347188,0.14214557024007707,-0.11739099093296965,0.11492880814479732,-0.07071705716834716,0.06612000255903389,0.03042460329379631,-0.04585992076406999,0.08435963393673127,-0.1225462104369181,0.14564265065470408,-0.15685915163885988,0.15724335743381515,-0.15722150683986044,-0.07207373434131394,0.03779763791635299,-0.05881486121080865,0.04342787016530987,-0.026387200159747375,0.022263797626728123,0.03483921472681842,0.04143374816645699,-0.018090349593748428,-0.041322755492390485
-0.019418432822913737,0.011925808219289036,0.00762091694337067,0.005587864722419709,0.009893496475610834,0.00631959870481351,0.03294414941258825,0.021219950522490007,0.014668947120767505,-0.04804661067983323,0.015943555960065466,0.0016380245217197953,-0.001321241123370621,0.001621852874062053,-0.00760291781806644,0.02175243005395272,-0.058617566000822185,0.07457146793807856,-0.023032446475222082,0.02030838468235771,0.005886428624673844,-0.006143927904184919,0.03110103476458214,-0.032222674962307234,0.08771944864879354,-0.09430549111069333,0.2500000000000003,-0.2420189731897675,0.08370720718619296,-0.0735884052839399,-0.10427327888975414,0.10548015437198267,-0.1081191457957714,0.11453937383961148,-0.11474032694554298,0.08510283926037396,-0.08364490775796822,0.013462356668154915,-0.03819903781695516,0.03778274937141038,0.09706854085881271,-0.09970439565281868,0.05830830960561974,-0.0568213058898137,0.0419566533892679,-0.032838839293107165,0.009760851331685728,0.00135581266687206,-0.001644215308247609,0.001630721703481001,-0.037975329562626677,0.022646723806980615,-0.020947129316659496,0.010721551786867253,-0.005168955501184519,0.0013588052967323286,0.004823586245078919,-0.0007744966131736097,0.00020527702805486683,-0.004715391398579779
0.0227591555011906,-0.01090897919979574,-0.009834412459724929,-0.007644913523185468,-0.010381956978572806,-0.006229157032906789,-0.03148975766851622,-0.022565799612854102,-0.008293094387218343,0.044966137618458746,-0.01998556176776178,0.005330277629056478,-0.005590962994523475,0.00531106965051089,0.0007028720052454124,-0.014800165098317214,0.05243380299392155,-0.06859461269048885,0.016345474006379975,-0.013595706733902268,0.0010787748026088873,-0.0008239380900267953,-0.024142744732046747,0.025258952278262296,-0.08069447993022727,0.08726610912742747,-0.2420189731897675,0.2500000000000005,-0.09127223366357107,0.0811055677160848,0.10303394100200837,-0.10409609167253062,0.10637477135874408,-0.11455663927506092,0.11486663595821031,-0.08952311855085857,0.08816136296619616,-0.020378467260599022,0.04514026122778704,-0.04459420922892228,-0.09605715288349181,0.0989556262171539,-0.06121689280602189,0.060410512660586654,-0.04681736505988075,0.03872730052211249,-0.016366220785670064,0.005598675075574472,-0.005323374139026468,0.005336290995764318,0.04180221556817389,-0.024897100503053264,0.024222759612236886,-0.012881331267402202,0.006563341659076088,-0.002393548040295088,-0.0064952826913931005,-0.0010347538317301193,0.0005727510804070911,0.006641270980157768
-0.0950021176267196,-0.013903409386323127,0.056649402710744194,0.05339118468003375,0.0199743205226282,0.007225257852693099,-0.013382819626239658,0.05135205944098866,-0.14090931579923568,0.03309263255350697,0.10861087125523415,-0.16396442073421616,0.16289268134805218,-0.16313867689519645,0.15632787181054741,-0.14372797606699655,0.10597209534556211,-0.0899773922825205,0.14225661768881545,-0.14469580581536706,-0.15968414018212412,0.15944602523095167,-0.13437775376007582,0.13326585790063938,-0.07783028724269539,0.07129893891853135,0.08370720718619296,-0.09127223366357107,0.2500000000000005,-0.23969803667613573,-0.0410257871759817,0.03870006484998875,-0.03205771123877429,0.07374099021093856,-0.07647256189949718,0.15236340831356396,-0.15356515320130867,0.17727296701919287,-0.20339299183007686,0.19975272918143397,0.04080462783449807,-0.04872197994630158,0.10472339940465769,-0.11946726959529884,0.1375079920997033,-0.15632514670836614,0.1613265943763728,-0.163783630391218,0.16394342178905832,-0.16393866718239838,-0.11717915638636803,0.06868389216693517,-0.09145220278653231,0.05799111893578237,-0.035487604695572675,0.025625471760440437,0.04292919802376066,0.0425996459413999,-0.018377725088629792,-0.04886758692560721
0.09932227574547839,0.01518568306740494,-0.05932809978306525,-0.05603533839129168,-0.020644244599167458,-0.007449952378771806,0.016020251000345313,-0.053203999264607546,0.14957595473141463,-0.03720817480469169,-0.11385022888452352,0.17313390237820206,-0.17198730193910705,0.172261549143493,-0.16540701797293986,0.15289244994719653,-0.11513719526042676,0.09915336591075749,-0.15142727178659796,0.1538633261821138,0.16885135811103463,-0.16861468649633798,0.14354498920276065,-0.14242825989135025,0.08699872445495371,-0.08046987141025912,-0.0735884052839399,0.0811055677160848,-0.23969803667613573,0.25000000000000067,0.03366119378312776,-0.031086027806301094,0.024169326293301308,-0.06611270175800563,0.06895780237399085,-0.1518502600118875,0.15324071818527257,-0.18324323270841172,0.2034711261073467,-0.19976960734503718,-0.03383412415049264,0.04192796103579969,-0.10432472726223276,0.11987404700499192,-0.14066500452430997,0.16200871148985682,-0.16933547213849837,0.1729180352194776,-0.17311225616834577,0.17310609843485433,0.12011250240559884,-0.0703756727861333,0.09426337799203155,-0.06009215132137897,0.036793990584522394,-0.026897733248439703,-0.04474738596945253,-0.04500683040027795,0.01940053595958969,0.051095558220303317
-0.00041389060398347216,-0.004696930344932958,0.0014749646331847558,0.001787239679791451,-0.0018875743547314844,-0.0007736705988982144,-0.008608063468938758,-0.0024415731959056947,-0.013871127143233188,0.0172175729074444,0.0023452073489674606,-0.011409864451556527,0.01124487478456521,-0.011349655099837722,0.01594734316636541,-0.02299903988558551,0.024199601142792317,-0.02845689546459537,0.016318931783025972,-0.01587667680275372,-0.015682430320060368,0.015915496053401427,-0.040932875525544817,0.04173874879544039,-0.08106912268172753,0.07969088505556955,-0.10427327888975414,0.10303394100200837,-0.0410257871759817,0.03366119378312776,0.25000000000000067,-0.24486244537506333,0.23311487019961352,-0.1879057800294143,0.18267904997481,-0.07388311409733084,0.0714434073974517,-0.0032340078532758732,0.027236935832484387,-0.027020148420875717,-0.21420726515270128,0.21973524076764053,-0.11438120421362569,0.10045215250449684,-0.06141153098872705,0.02232697128410794,0.00022144348365023194,-0.011117241630991178,0.011418579539120238,-0.011381953356234924,0.06831068639617875,-0.05408490599500599,0.04455596292699696,-0.016247110145384623,0.008008766682872412,-0.002641553997918737,-0.007589567688465372,0.004533395059725955,-0.0021424982517242413,0.005913189037250859
