x1,x2,x3,x4,x5,x6,x7,x8,x9,x10,x11,x12,x13,x14,x15,x16,x17,x18,x19,x20,x21,x22,x23,x24,x25,x26,x27,x28,x29,x30,x31,x32,x33,x34,x35,x36,x37,x38,x39,x40,x41,x42,x43,x44,x45,x46,x47,x48,x49,x50,x51,x52,x53,x54,x55,x56,x57,x58,x59,x60
0.25,0.24848502753831167,0.247409704429235,0.2485998005561602,0.24614834541163547,0.24864450987504683,0.24673786752737095,0.24861720560097592,0.24733878323743475,0.2486690823304328,0.24829391322144756,0.07865978536664095,0.18454940689239235,0.08518681400165261,0.194876947386409,0.05096969871530717,0.20384140415965596,0.11645250782771611,0.11556537218196317,0.24745383744163332,0.24584553357412,0.19533118951616074,0.10881871394561277,0.18595130082105094,0.13011092321549034,0.19619677391150334,0.13654021551222667,0.20130137224820333,0.14907454452733226,0.2475295041166931,0.2472678957022281,0.1546775309833891,0.13777976629550476,0.16226284832130697,0.13910342135419493,0.20988959494326725,0.13761938036141447,0.20565718569624106,0.15849985730960095,0.24775827651660115,0.24852899773465278,0.11803609209254046,0.14955819649735,0.13193817778020567,0.1933239437809271,0.0935197447852611,0.19436629748318718,0.14294953442578265,0.10395166236277772,0.2485894556504193,0.247070772949948,0.24845013899657725,0.24722227322802157,0.24864620496944229,0.24645678363703644,0.24860974807736064,0.24694885537422379,0.2486065229553235,0.248269074121914,0.24867486204335212
0.24848502753831167,0.25000000000000006,0.24852447285061807,0.24971716811182817,0.24724767098383874,0.24976133979214277,0.24785041752545273,0.24973398109249204,0.24845135040405597,0.24978627249423682,0.24941120782452736,0.07914703481921102,0.185350419277188,0.08565082342564416,0.19575222314653118,0.05124328489991752,0.20475204764915197,0.1170086635952701,0.11607255728602814,0.248565076273219,0.24695020968130685,0.1961002465447821,0.10941039914537676,0.18673428244162066,0.13077683672115936,0.19705079563694974,0.13721602180218653,0.20217306276619057,0.1497595350839622,0.24864152983919982,0.24837879417195124,0.15537915961634596,0.13833294535703167,0.16301162294153407,0.13967452968222493,0.21083916533199576,0.1381884608917796,0.20658349528716338,0.15920541147962788,0.2488714091398698,0.2496455425383958,0.11852342158237679,0.15024599460079796,0.13249833617447665,0.1941909609913285,0.09393735506968563,0.19523315137418984,0.14359924277282504,0.10441936197877937,0.24970629194875948,0.248180776775366,0.2495663397756397,0.24833292616268557,0.24976328661005276,0.2475640233675588,0.24972666593090595,0.2480583561160826,0.24972342632078512,0.24938445016591695,0.24979207243283796
0.247409704429235,0.24852447285061807,0.25000000000000006,0.2486366180454785,0.2461813345575957,0.24868233339249124,0.2467836086072061,0.2486557353323142,0.24738686343911617,0.2487064392939969,0.24833593004656226,0.07885346531614158,0.1843369299415035,0.08539000365324531,0.19482120625384997,0.05111758281770046,0.20383313501388456,0.11655938569558359,0.11555083744159643,0.24748999413771852,0.24588254344543845,0.19513188306914878,0.10907768934392377,0.18582882522972602,0.13033041576489493,0.19614494710612507,0.13671785796805175,0.20124240217635966,0.14913933918546665,0.24756657022106704,0.24730505889563323,0.1547138692998229,0.13764930286997504,0.16233214679453078,0.1389993859982636,0.20993690804676757,0.13752081257168053,0.20569375472688853,0.15850782341701486,0.24779557024032475,0.24856629620500661,0.117956623554596,0.14961430322376792,0.1318855410673897,0.193348869205552,0.09352763271772385,0.19438136148358673,0.1429874967505524,0.1039685275429319,0.24862680903763784,0.24710787755853364,0.24848745060489813,0.24725934137740965,0.24868354603347842,0.2464937811638453,0.24864708366908314,0.2469860353747026,0.24864385806567615,0.24830633481847328,0.24871220741691624
0.2485998005561602,0.24971716811182817,0.2486366180454785,0.24999999999999994,0.2473602560043342,0.24987551227528024,0.24796272484127624,0.24984820996772716,0.24856488076455407,0.249900524041576,0.24952374476259162,0.07920795460240973,0.18540460370383338,0.08569911070577999,0.19583691906966422,0.051279129371434175,0.2048421158373774,0.11706685078342889,0.11612590040788594,0.24867880252454508,0.24706319657397127,0.19618745406653956,0.10945395261412574,0.18681786774624404,0.13083276470445765,0.19713563158906183,0.1372793475002483,0.20226274353617973,0.1498303998470152,0.248755257447899,0.24849241375449185,0.15544859795101584,0.13840392146766808,0.16308359862402333,0.1397447897698863,0.21093531540431654,0.13825431619798673,0.20667782964863254,0.15927871476453184,0.248985236045654,0.2497597333108837,0.11858387870820088,0.15031095982019507,0.13256504019136353,0.1942794157027347,0.09398094184905684,0.19532358436570094,0.14366369198917073,0.10446676515493931,0.24982050702859915,0.24829429603818054,0.24968049280459076,0.24844652972284323,0.24987752972307914,0.24767726090601525,0.2498408922932825,0.2481718077422684,0.24983765120122653,0.24949852367180667,0.24990632871243143
0.24614834541163547,0.24724767098383874,0.2461813345575957,0.2473602560043342,0.24999999999999986,0.2474041385042037,0.24553212669036853,0.24737917692085923,0.24613607400968598,0.2474290219745502,0.24708019879632584,0.07885959786151354,0.18333855136651694,0.0854138331251089,0.19340739121257247,0.05126925415799869,0.2026917226090559,0.11613624497900567,0.11489504071314946,0.24621653494493603,0.24461718731105442,0.19386407437987924,0.10888764683122257,0.184537677950628,0.13000659043114285,0.19493163816475742,0.13630317454610852,0.20001812650751355,0.14845643619781376,0.24629492745088924,0.24603505654171082,0.15397226300229666,0.13663987280631934,0.16160034000562196,0.1380516520656847,0.20889962980637772,0.1365845998997816,0.20465259947580006,0.15766435949250412,0.24652305713551062,0.24728961468045924,0.11715333194034135,0.148923499627398,0.13106898193898922,0.19234734902300782,0.0930407547004326,0.1933543058095042,0.14228947627591795,0.10343722009284216,0.24734988228462393,0.24583870560037877,0.24721119271747471,0.24598928118585328,0.2474062810011092,0.24522776249554348,0.24737000591675173,0.24571770083961314,0.2473667968863669,0.2470309703354719,0.2474347951886041
0.24864450987504683,0.24976133979214277,0.24868233339249124,0.24987551227528024,0.2474041385042037,0.2499999999999999,0.2480070537612462,0.24989304795870962,0.2486094914576104,0.24994535307292165,0.24956806972694048,0.07920182313803745,0.18544840180935226,0.08570861800012239,0.19587270773294474,0.051285081372808364,0.20487917637753048,0.11708615943814546,0.11614644496547434,0.2487234275027515,0.2471075201673825,0.19622590303260729,0.10947460446920017,0.18685314519666082,0.1308557933403748,0.19717365111345367,0.13730247264613907,0.2023006455052908,0.14985622247417615,0.24879988133537287,0.24853698557417314,0.15547666122047563,0.13842783982543244,0.16311312072034861,0.1397690629695386,0.21097303074972634,0.13827937015412595,0.206714877880551,0.15930726830378922,0.24902990177709114,0.24980453602180494,0.1186042292260399,0.15033865722850817,0.13258763738734886,0.19431442095757903,0.09399762530726614,0.19535842285312896,0.14368964912323698,0.10448560166800025,0.24986532142897505,0.24833883630344775,0.2497252817335419,0.2484910934027637,0.24992235399753934,0.24772169030033664,0.24988570999555632,0.2482163284615188,0.24988246832210456,0.24954327900766432,0.24995115815300867
0.24673786752737095,0.24785041752545273,0.2467836086072061,0.24796272484127624,0.24553212669036853,0.2480070537612462,0.24999999999999986,0.24797974142750054,0.24671365354372027,0.24803199844581553,0.24766912540548772,0.07869754784780454,0.18389794911673915,0.08506090528839484,0.1943824685437279,0.05110954630737938,0.20302429537182018,0.11608017919111431,0.11526531776299695,0.24681753475015233,0.24521136645000163,0.19475443258692227,0.10883692060543071,0.18531273851177704,0.1300707401192182,0.1955391080150079,0.13637614805377218,0.2006779518137657,0.14870732742830717,0.24689533107615902,0.24663438099789747,0.154363636030062,0.13707705406945545,0.16197547552193767,0.13846967536902313,0.20939277978323634,0.13705367557923695,0.20514802256605194,0.15806483787357783,0.24712379972994328,0.24789222126256052,0.11747563772188575,0.14930753935539254,0.13138818906992286,0.19283120072629395,0.09326293347021505,0.19382674631248684,0.14263316919606972,0.10369482689429844,0.24795262641054316,0.24643776142432808,0.24781359321466812,0.24658850548918587,0.24800915687790154,0.24582535261067964,0.2479727933974281,0.24631654394350308,0.2479695765447137,0.2476328975056094,0.24803774054299102
0.24861720560097592,0.24973398109249204,0.2486557353323142,0.24984820996772716,0.24737917692085923,0.24989304795870962,0.24797974142750054,0.24999999999999964,0.2485825636880763,0.24991804627354902,0.24953941655011083,0.07919898623682596,0.1854189832443858,0.08570604882195032,0.1958491913888167,0.051288548763202504,0.2048543302804213,0.11707762204891516,0.11613243360631631,0.2486962387874924,0.2470805584936466,0.19619525824071368,0.10947062196902001,0.18682849090990422,0.1308472100665822,0.19714903665725247,0.1372926925874412,0.20227523067751924,0.14984166491337816,0.24877269558181894,0.24850983541678914,0.15545965790328894,0.13840926673620046,0.16309618598581543,0.13975099342766525,0.21095038617216585,0.13826090628532758,0.20669242525940526,0.15928945151365143,0.24900269618218132,0.24977724406989005,0.11858936444683639,0.15032252460464635,0.13257200112478693,0.19429297602487575,0.09398728723045213,0.19533685063366837,0.14367423407039098,0.10447415132541144,0.24983802369910735,0.24831170508650457,0.2496979990416636,0.24846394666509192,0.24989504977561783,0.24769462598660022,0.24985840977708051,0.24818921119492657,0.2498551684578583,0.24951601616398586,0.24992385078435772
0.24733878323743475,0.24845135040405597,0.24738686343911617,0.24856488076455407,0.24613607400968598,0.2486094914576104,0.24671365354372027,0.2485825636880763,0.25,0.24863444172933866,0.24826031136139423,0.07891434070317985,0.18421396211170624,0.08548878699940538,0.19464971897049085,0.05121669581922519,0.20374943296652284,0.1165068846850012,0.115521269595373,0.24741703608078208,0.24580998382969943,0.19515238551307945,0.10890254984788159,0.1856502560502386,0.13018591667956628,0.19600544596049868,0.13663280159158084,0.20115192195567372,0.14910055876143288,0.24749505811893752,0.24723366180043185,0.1547267263516248,0.13761191110047383,0.16231026495084275,0.13899207591688661,0.20989660938253282,0.1374972398439041,0.20564297876970702,0.15846353593356802,0.24772386774641791,0.24849439872351325,0.11791764396825331,0.14959260120009243,0.1318584185633501,0.19329382647156323,0.09350824987787683,0.19432452235132924,0.1429517302166982,0.10393927739726551,0.2485548455759633,0.2470363433798205,0.2484155170843095,0.24718776592338204,0.2486115557453063,0.24642248328740288,0.24857510393631566,0.24691458793243024,0.2485718792665759,0.24823447049435085,0.24864020883170426
0.2486690823304328,0.24978627249423682,0.2487064392939969,0.249900524041576,0.2474290219745502,0.24994535307292165,0.24803199844581553,0.24991804627354902,0.24863444172933866,0.24999999999999983,0.2495913567812113,0.07922795534161292,0.18545860823347693,0.08572756674668264,0.19589164347836252,0.05130013428452898,0.20489822485813547,0.11710313130600057,0.11615675844475071,0.24874827813087166,0.24713229122966907,0.19623188233110045,0.10949537257567349,0.1868665577775115,0.1308762904901351,0.1971893606728715,0.13732302284959658,0.20231661816548663,0.14987356434138088,0.24882477010199888,0.24856185715663665,0.15549230542683823,0.13843711640819237,0.1631306646454178,0.13977935987325035,0.21099470680098212,0.13828881915297947,0.20673574019241672,0.15932268145515302,0.24905482011443728,0.24982952960220647,0.11861353473432439,0.15035413147965276,0.13259940146343904,0.19433356783925024,0.09400698295879577,0.1953776595278554,0.14370442421236448,0.10449600595756296,0.24989032212022091,0.24836368389910843,0.24975026804408035,0.2485159577772157,0.24994736002653145,0.24774647558984367,0.24991071235820406,0.24824116464829582,0.2499074703605054,0.24956824711865794,0.2499761670642051
0.24829391322144756,0.24941120782452736,0.24833593004656226,0.24952374476259162,0.24708019879632584,0.24956806972694048,0.24766912540548772,0.24953941655011083,0.24826031136139423,0.2495913567812113,0.24999999999999997,0.07888510389614034,0.18547234029103307,0.08548572388218477,0.19563946030435686,0.051115093047697846,0.20461454098596812,0.1168634383526104,0.11600474203167165,0.24837110874262247,0.2467570652835747,0.19601377663031264,0.10926522585639868,0.18663558855866932,0.13063052708908382,0.1969266280939533,0.13706465004499332,0.20204520558540465,0.14962376392704152,0.24844756849981714,0.24818496733046105,0.15526421956585335,0.13823715313944673,0.162883688537319,0.1395778032319787,0.21067313498425846,0.13810259957355353,0.2064219700269571,0.1590841128416075,0.24867722384335417,0.24945075063793654,0.11843383340029025,0.15013422973997834,0.1323940425274509,0.19404145841186854,0.09386483670415952,0.19508053509658135,0.14348779457721877,0.10433869671662267,0.24951144822200785,0.24798712134656406,0.2493716032221652,0.2481391216155714,0.2495683963779545,0.24737085646041865,0.24953180427375574,0.24786481417577677,0.24952856719118394,0.2491898516210362,0.24959715973853183
0.07865978536664095,0.07914703481921102,0.07885346531614158,0.07920795460240973,0.07885959786151354,0.07920182313803745,0.07869754784780454,0.07919898623682596,0.07891434070317985,0.07922795534161292,0.07888510389614034,0.25000000000000017,0.014986801657547944,0.05930261132903201,0.050434066247320865,0.04220988928720891,0.060029888975544676,0.054836504900341275,0.03021529374125723,0.07866240800370514,0.07835263403180691,0.027013501152577665,0.06285557111663607,0.03497533220258001,0.0684659324706216,0.04498160640052573,0.06710818333362432,0.04963434740331107,0.05513443731676561,0.07884884865128784,0.07879241595539063,0.050931016542918595,0.02584899009081948,0.05717728427490361,0.02947752229506305,0.06928159481372873,0.02781941631021253,0.06636439777595061,0.048395499065540644,0.07894643423601504,0.07918130390207424,0.02670340212907296,0.05075927359988574,0.0347995301197008,0.060817359701789225,0.02920418394865252,0.06045924892508218,0.04732764391037029,0.03312235847552497,0.07920503978772941,0.07871909835084198,0.07915855685422715,0.0787665093738137,0.07922102665541225,0.0785220104494626,0.07920941146002129,0.07868825253405373,0.07920838427332745,0.0790994457367352,0.07923015780375676
0.18454940689239235,0.185350419277188,0.1843369299415035,0.18540460370383338,0.18333855136651694,0.18544840180935226,0.18389794911673915,0.1854189832443858,0.18421396211170624,0.18545860823347693,0.18547234029103307,0.014986801657547944,0.24999999999999994,0.02153384007163258,0.15835112255419068,0.010778069573811852,0.16098466843087275,0.07088727454765786,0.09277648110259137,0.1845944709424847,0.1833056859282,0.16317293022301999,0.05941050248718526,0.15706876697188868,0.07869056318284465,0.16044056674735754,0.08473230446989237,0.16135854264757996,0.10478221374384526,0.18462512077441176,0.18440782469296255,0.1156167346935387,0.11226274990736537,0.11858040320758621,0.11185337122755531,0.15523738065794837,0.11298819381235675,0.15292441330681714,0.11963834441752183,0.18477741190701086,0.18535626539288766,0.09298782587267913,0.11106990486537578,0.10136279282701077,0.14476617734845604,0.07027438323948049,0.14552050256471427,0.10600702871720581,0.07762662081769758,0.18539864948037588,0.18426656558668725,0.18529531626774084,0.1843756501609211,0.18544154250874262,0.18381050651990163,0.18541435262804723,0.1841749452394443,0.1854119471179503,0.18516043473172605,0.18546291469711554
0.08518681400165261,0.08565082342564416,0.08539000365324531,0.08569911070577999,0.0854138331251089,0.08570861800012239,0.08506090528839484,0.08570604882195032,0.08548878699940538,0.08572756674668264,0.08548572388218477,0.05930261132903201,0.02153384007163258,0.24999999999999983,0.03177312570537932,0.058400214763323785,0.06298739706447314,0.06815726496348966,0.027601309848185974,0.08515059307109932,0.08459041013010574,0.04208958443554679,0.07881381732666874,0.02385993683922532,0.08180395171172054,0.03908525244392583,0.08122255139273886,0.044947675606989576,0.06367431502968514,0.08531314914729367,0.08527021137213611,0.05648052450605802,0.021115739007715552,0.0643049853641122,0.027632890492023214,0.07638449289136863,0.023755653911475917,0.072366794128766,0.05158967444801581,0.08542585954640128,0.08567749702273862,0.025119240764487797,0.056021004711221914,0.03576849415806965,0.0653894521510159,0.03170247329884559,0.06497656155968672,0.05190461699909424,0.03579965642018739,0.0857033523792651,0.08517676482985723,0.08565226503245552,0.08523097186254473,0.08571986000444057,0.08496402147040329,0.08570729208434757,0.08514574063275199,0.08570618077990477,0.08558885771584854,0.08572974051869511
0.194876947386409,0.19575222314653118,0.19482120625384997,0.19583691906966422,0.19340739121257247,0.19587270773294474,0.1943824685437279,0.1958491913888167,0.19464971897049085,0.19589164347836252,0.19563946030435686,0.050434066247320865,0.15835112255419068,0.03177312570537932,0.24999999999999983,-0.0024243359649766404,0.17011665689066974,0.0777067706009364,0.09624706904686245,0.1948916955966031,0.19364948985802274,0.16250684575963287,0.07657090217607916,0.1552384993047704,0.09443685785231229,0.16643826824400737,0.09683871537386432,0.1678189171550661,0.11204942234115788,0.19500326096852988,0.19477371255162515,0.12248532462569205,0.11049330436754685,0.12746210410077244,0.11069284856507897,0.16444689048154396,0.11350686182920632,0.1616918863156422,0.12541884055496727,0.1951770313181332,0.19578101170496803,0.09266134576866555,0.11947422496534592,0.10223658965297236,0.1528930025956037,0.07353117731045399,0.1528234128266406,0.1128533158904757,0.08214978757774759,0.19582950196213483,0.19463249036575975,0.19571910732217218,0.19474042398661595,0.19587356008957202,0.1941492254593127,0.19584484078564315,0.1945422517511754,0.19584230009874876,0.19557417873510433,0.19589613485247503
0.05096969871530717,0.05124328489991752,0.05111758281770046,0.051279129371434175,0.05126925415799869,0.051285081372808364,0.05110954630737938,0.051288548763202504,0.05121669581922519,0.05130013428452898,0.051115093047697846,0.04220988928720891,0.010778069573811852,0.058400214763323785,-0.0024243359649766404,0.24999999999999975,0.006454354439630109,0.05667957055593797,0.013578448464000924,0.050912063968071235,0.050535888333026115,0.014985302624045602,0.057302833234171076,0.009092563636029333,0.0565303833281893,-2.140426945961249e-5,0.06129195193323963,0.014422297601885969,0.043724627227528026,0.051053228342972275,0.05104971966747671,0.03808383982397798,0.0035452012025570107,0.04261367548412803,0.012094243522278727,0.04848051404783739,0.005501929181311601,0.04446320615805525,0.029917506965889715,0.05112394377505062,0.051273143515198606,0.010246477393611115,0.035486574294753805,0.019767204876471108,0.038625158668021,0.019274295605782622,0.03839821301668051,0.03206337882206834,0.0213758422052984,0.051286853074999667,0.050970474966898834,0.05125500739576645,0.051008103982782584,0.05129545738180154,0.05084608799511419,0.051287936785739785,0.05095583120888917,0.051287271954983976,0.05121867510191609,0.05130137034329732
0.20384140415965596,0.20475204764915197,0.20383313501388456,0.2048421158373774,0.2026917226090559,0.20487917637753048,0.20302429537182018,0.2048543302804213,0.20374943296652284,0.20489822485813547,0.20461454098596812,0.060029888975544676,0.16098466843087275,0.06298739706447314,0.17011665689066974,0.006454354439630109,0.24999999999999986,0.072341597376378,0.10660937949227162,0.20385832790921915,0.20255531446894162,0.16362589437713834,0.08745212151041937,0.15507030898181345,0.1055334668756198,0.16817842776319958,0.10866452047115974,0.16977729688887233,0.12025784131030146,0.20396266692332551,0.20373670240659666,0.12747467747909047,0.11342183928690841,0.13375514401725638,0.11383851551452012,0.172479818680876,0.11489865596850671,0.16928208855789215,0.13079097137337248,0.2041499730274672,0.2047822013316452,0.09622005151493798,0.12424952600339803,0.10715234528205748,0.15954965560861567,0.07691762288523883,0.15988225775146456,0.11803962728232797,0.08578741236536955,0.2048331779642285,0.20358136032127855,0.20471793251818643,0.20369983690901586,0.2048794869595245,0.20307522166534306,0.20484944722580595,0.20348435215721977,0.20484678978560544,0.20456727095169797,0.20490309979870996
0.11645250782771611,0.1170086635952701,0.11655938569558359,0.11706685078342889,0.11613624497900567,0.11708615943814546,0.11608017919111431,0.11707762204891516,0.1165068846850012,0.11710313130600057,0.1168634383526104,0.054836504900341275,0.07088727454765786,0.06815726496348966,0.0777067706009364,0.05667957055593797,0.072341597376378,0.24999999999999958,-0.01562824297025434,0.11667049222036377,0.1156121807203422,0.07677710123829852,0.0749309802136213,0.06929258952076002,0.08092273871175001,0.07215808678458605,0.0842822341510441,0.07035497606701709,0.08189166769788656,0.11654668446443288,0.11645526542442265,0.07567936413280639,0.05031648204897657,0.08149948201557615,0.05565466685055948,0.10194173894391115,0.0501498006052481,0.09812659945639342,0.07210339629728721,0.11667858350283267,0.11703701299095184,0.04782495825901813,0.07265454234922629,0.05764109768600513,0.09037441735225353,0.04334918183404916,0.09055490898929847,0.06849586430966305,0.04895922809588617,0.11706730057093517,0.11635053242515185,0.11700008700828575,0.11642504147946216,0.11709241934724361,0.1160614529848403,0.11707525130864052,0.11629871556854614,0.11707373280685901,0.1169147653426924,0.11710591508761982
0.11556537218196317,0.11607255728602814,0.11555083744159643,0.11612590040788594,0.11489504071314946,0.11614644496547434,0.11526531776299695,0.11613243360631631,0.115521269595373,0.11615675844475071,0.11600474203167165,0.03021529374125723,0.09277648110259137,0.027601309848185974,0.09624706904686245,0.013578448464000924,0.10660937949227162,-0.01562824297025434,0.24999999999999964,0.11551055659567953,0.11492909292008227,0.09449673023529329,0.04008734816814698,0.09459103395175454,0.050872172416052935,0.09890927392286163,0.055192408155183115,0.10388153950123673,0.06524028191147058,0.11563417273297387,0.11550149214197297,0.0715499648817334,0.0711046272586076,0.07369432977949883,0.07013942700150365,0.09696318526523438,0.07075692494066033,0.09559832768511078,0.07514985785608805,0.11572901597822452,0.1160923540183846,0.05892809538244233,0.06873104758938657,0.06434319708554542,0.09050186204494709,0.04422123623469718,0.09130932597211806,0.06623813124930496,0.04850394567815591,0.11611880232645434,0.1154101745153019,0.1160545022175583,0.11548183608373692,0.11614608689077052,0.11512408929795866,0.11612905726206113,0.11535002029339629,0.11612755064131346,0.11597069770571815,0.11615947276303905
0.24745383744163332,0.248565076273219,0.24748999413771852,0.24867880252454508,0.24621653494493603,0.2487234275027515,0.24681753475015233,0.2486962387874924,0.24741703608078208,0.24874827813087166,0.24837110874262247,0.07866240800370514,0.1845944709424847,0.08515059307109932,0.1948916955966031,0.050912063968071235,0.20385832790921915,0.11667049222036377,0.11551055659567953,0.2499999999999999,0.24592540966118234,0.19533376102344843,0.10872570609110627,0.1860150106908002,0.13002948998543531,0.19619957347250175,0.13653217608147666,0.20134353050985296,0.14913676603737272,0.24760835005035967,0.2473466868069791,0.1547395639655218,0.1379101482836853,0.16229681323335166,0.13923180180590367,0.2099597362557959,0.137716314966739,0.20572429636690998,0.15855366177017582,0.24783710722760818,0.24860817751652337,0.11813911074243508,0.14958337479676975,0.13203911031784912,0.19338674677766943,0.09355223990873766,0.19443872609492363,0.14298355369676227,0.10398336858394312,0.24866860809283078,0.2471494550295388,0.2485292604350365,0.2473010875966856,0.24872538883990378,0.24653529667665489,0.24868892033601447,0.24702742988644594,0.24868569418503889,0.24834816569844798,0.2487540550363696
0.24584553357412,0.24695020968130685,0.24588254344543845,0.24706319657397127,0.24461718731105442,0.2471075201673825,0.24521136645000163,0.2470805584936466,0.24580998382969943,0.24713229122966907,0.2467570652835747,0.07835263403180691,0.1833056859282,0.08459041013010574,0.19364948985802274,0.050535888333026115,0.20255531446894162,0.1156121807203422,0.11492909292008227,0.24592540966118234,0.24999999999999978,0.19343087107338675,0.10807630832640364,0.1847527116217739,0.12922241015073188,0.19492965456226097,0.1356876208155406,0.20011258458592796,0.14816800811362454,0.24599966111391808,0.24573972137891606,0.15369502192895204,0.1370685782533503,0.16120785917645028,0.13835231264345282,0.20858113789548088,0.1368417555273344,0.2043796128283927,0.15752767471447587,0.24622696299568625,0.24699308131400008,0.11742323607269406,0.1485701444712626,0.13122496933676303,0.19212663358030596,0.0929461793853583,0.1931849622852567,0.14204208084220787,0.10330406460138405,0.24705311800875596,0.24554385593751024,0.24691469748062583,0.2456946218991451,0.24710955173954227,0.2449336600179398,0.24707332015098374,0.2454224984268805,0.24707011495775438,0.24673480010732748,0.24713803170517137
0.19533118951616074,0.1961002465447821,0.19513188306914878,0.19618745406653956,0.19386407437987924,0.19622590303260729,0.19475443258692227,0.19619525824071368,0.19515238551307945,0.19623188233110045,0.19601377663031264,0.027013501152577665,0.16317293022301999,0.04208958443554679,0.16250684575963287,0.014985302624045602,0.16362589437713834,0.07677710123829852,0.09449673023529329,0.19533376102344843,0.19343087107338675,0.24999999999999978,0.05586044570301176,0.16202551711893606,0.08715750240151714,0.16648879159291344,0.09267389539476543,0.16780641501924443,0.11229251408721828,0.1953453845999217,0.19512191158622533,0.12105464097041602,0.11953287812177354,0.1249959415986704,0.11817949514893682,0.16420518218755342,0.11841943333144248,0.16181822653863262,0.12647528627555243,0.19550902314203694,0.19612266813044,0.09925452085303134,0.1165961046479871,0.10788855164068056,0.15308676326644496,0.07410268975047511,0.15412905703661361,0.11186844235407209,0.08208480716014156,0.19616786297252597,0.1949704242397102,0.1960589330938458,0.19508852742006108,0.19621365344910818,0.19448685001220342,0.19618488412081714,0.19487111564478665,0.19618233886895814,0.1959164670950911,0.19623626710948633
0.10881871394561277,0.10941039914537676,0.10907768934392377,0.10945395261412574,0.10888764683122257,0.10947460446920017,0.10883692060543071,0.10947062196902001,0.10890254984788159,0.10949537257567349,0.10926522585639868,0.06285557111663607,0.05941050248718526,0.07881381732666874,0.07657090217607916,0.057302833234171076,0.08745212151041937,0.0749309802136213,0.04008734816814698,0.10872570609110627,0.10807630832640364,0.05586044570301176,0.24999999999999978,0.04642796422739746,0.10045482222532011,0.060552607655159574,0.10209423565821084,0.07184318727607227,0.07575489810447585,0.10896447150290482,0.10889274460792324,0.08178530556077986,-4.841720680751211e-5,0.09065194562014668,0.021816973447569103,0.0998073557244237,0.023996630155791628,0.09337919113697567,0.06341130658498899,0.10913380003996632,0.10943002069828824,0.015897266196899244,0.08286623423101533,0.029674950115903664,0.08500322779106047,0.038173350367578615,0.08015762143525146,0.06952468224843734,0.04688470464777982,0.10946998404673712,0.10879163081988452,0.10939896005674973,0.10882045485261807,0.10948529662723351,0.10852132667168789,0.10946924469439745,0.10878570947236328,0.10946782557750011,0.10930833108277667,0.10949791702681946
0.18595130082105094,0.18673428244162066,0.18582882522972602,0.18681786774624404,0.184537677950628,0.18685314519666082,0.18531273851177704,0.18682849090990422,0.1856502560502386,0.1868665577775115,0.18663558855866932,0.03497533220258001,0.15706876697188868,0.02385993683922532,0.1552384993047704,0.009092563636029333,0.15507030898181345,0.06929258952076002,0.09459103395175454,0.1860150106908002,0.1847527116217739,0.16202551711893606,0.04642796422739746,0.24999999999999972,0.06787102923110087,0.1617297831829527,0.08102754650313183,0.1637018708365503,0.10526528917976563,0.1860323934881386,0.18582655993169758,0.11287197115014987,0.12434943031011259,0.11538757794684418,0.12178236840518737,0.15526215431184662,0.11910385059348311,0.1536197805001364,0.1219566555542864,0.18617087682556438,0.18676516903198326,0.10189052310664443,0.10704952168222526,0.10971820993135642,0.14541430226145932,0.07202972043750615,0.1480675339955898,0.10532547838992312,0.07776911688407023,0.18680356155138053,0.18566542899886912,0.1867019921971589,0.18579282227366728,0.1868493278695161,0.18520594703176255,0.18682193138198325,0.18555829143223343,0.1868195074540714,0.18657065311188825,0.18687086200160033
0.13011092321549034,0.13077683672115936,0.13033041576489493,0.13083276470445765,0.13000659043114285,0.1308557933403748,0.1300707401192182,0.1308472100665822,0.13018591667956628,0.1308762904901351,0.13063052708908382,0.0684659324706216,0.07869056318284465,0.08180395171172054,0.09443685785231229,0.0565303833281893,0.1055334668756198,0.08092273871175001,0.050872172416052935,0.13002948998543531,0.12922241015073188,0.08715750240151714,0.10045482222532011,0.06787102923110087,0.2499999999999998,0.07820763224466978,0.1043820136332144,0.0863279764283628,0.09077080105444513,0.13025107364560146,0.13010964224053612,0.09766416934334897,0.0265454297815574,0.10766856567120998,0.023205376012879544,0.11925607773264241,0.03949673884673678,0.11212118761345384,0.07726609094417881,0.130432603450161,0.13079549251213043,0.026341800839647826,0.09756140295849003,0.03858565960393076,0.1034504477407002,0.04135436860260535,0.09698126052873064,0.0811724021318528,0.056583214240535806,0.13084494270919772,0.13003511989782685,0.13076106558991482,0.13005472824104414,0.13086425971264776,0.12971175267260812,0.1308450730881377,0.13002736541671736,0.1308433764930158,0.13064862311079178,0.13087934369838294
0.19619677391150334,0.19705079563694974,0.19614494710612507,0.19713563158906183,0.19493163816475742,0.19717365111345367,0.1955391080150079,0.19714903665725247,0.19600544596049868,0.1971893606728715,0.1969266280939533,0.04498160640052573,0.16044056674735754,0.03908525244392583,0.16643826824400737,-2.140426945961249e-5,0.16817842776319958,0.07215808678458605,0.09890927392286163,0.19619957347250175,0.19492965456226097,0.16648879159291344,0.060552607655159574,0.1617297831829527,0.07820763224466978,0.24999999999999944,0.08464680990793068,0.17226530938464665,0.11223369548904528,0.19630554175413242,0.19609866165743536,0.11724141113344481,0.12933929577263364,0.12111234102105094,0.1267178734455704,0.16294797351823465,0.12602082400440717,0.16121134309917928,0.12869876278251208,0.19645613676217602,0.1970822832644493,0.1061394150496095,0.11197800404951654,0.11611566175112661,0.15242497559682447,0.0778504871248539,0.1559634805461148,0.11160711864313469,0.08164702740389648,0.19712248908868302,0.19592187232289288,0.19701568745122752,0.19606478446474362,0.1971711624999354,0.1954361936770479,0.19714225264617963,0.19580529972306526,0.19713969492155056,0.1968791211973281,0.19719388643096636
0.13654021551222667,0.13721602180218653,0.13671785796805175,0.1372793475002483,0.13630317454610852,0.13730247264613907,0.13637614805377218,0.1372926925874412,0.13663280159158084,0.13732302284959658,0.13706465004499332,0.06710818333362432,0.08473230446989237,0.08122255139273886,0.09683871537386432,0.06129195193323963,0.10866452047115974,0.0842822341510441,0.055192408155183115,0.13653217608147666,0.1356876208155406,0.09267389539476543,0.10209423565821084,0.08102754650313183,0.1043820136332144,0.08464680990793068,0.2499999999999996,0.08973845249020143,0.09212490381382667,0.13666174254136446,0.13653627060073967,0.1010730364289039,0.0332269115519777,0.11215836154336149,0.041473177428583245,0.1296041465343492,0.027637654997040913,0.12059026236616988,0.08049548078333439,0.136849982011356,0.13723832806336242,0.033145621677410454,0.1011086207218679,0.04479189514423495,0.10894019225459875,0.03961909573867084,0.10186219677684863,0.08299792214776727,0.05976540560675077,0.13728980805005706,0.13644044499451422,0.1372021610080993,0.13646816537152628,0.13731043763866732,0.13610392146350822,0.13729030576136708,0.13643395489748336,0.13728852535711403,0.13708202566329203,0.137326264182763
0.20130137224820333,0.20217306276619057,0.20124240217635966,0.20226274353617973,0.20001812650751355,0.2023006455052908,0.2006779518137657,0.20227523067751924,0.20115192195567372,0.20231661816548663,0.20204520558540465,0.04963434740331107,0.16135854264757996,0.044947675606989576,0.1678189171550661,0.014422297601885969,0.16977729688887233,0.07035497606701709,0.10388153950123673,0.20134353050985296,0.20011258458592796,0.16780641501924443,0.07184318727607227,0.1637018708365503,0.0863279764283628,0.17226530938464665,0.08973845249020143,0.24999999999999958,0.10239530839427226,0.20144849053751274,0.20118976832185895,0.12391346705993218,0.12297337475018476,0.12796002889832475,0.12270838744318391,0.16825111095559142,0.12438692435923264,0.1660328563739396,0.1341443415398992,0.20157670615611878,0.2022059917447256,0.10189623504663622,0.1191330500634111,0.11277580517059504,0.15703465481223033,0.07892544307367652,0.15923282349098172,0.11585706444618013,0.08423210418658472,0.20225015836125487,0.20101617961671686,0.20213843179816263,0.20114959327987947,0.20229795007840373,0.20051857742746332,0.20226828869682295,0.20090707403830171,0.20226566464947332,0.20199510244246038,0.20232126520132684
0.14907454452733226,0.1497595350839622,0.14913933918546665,0.1498303998470152,0.14845643619781376,0.14985622247417615,0.14870732742830717,0.14984166491337816,0.14910055876143288,0.14987356434138088,0.14962376392704152,0.05513443731676561,0.10478221374384526,0.06367431502968514,0.11204942234115788,0.043724627227528026,0.12025784131030146,0.08189166769788656,0.06524028191147058,0.14913676603737272,0.14816800811362454,0.11229251408721828,0.07575489810447585,0.10526528917976563,0.09077080105444513,0.11223369548904528,0.09212490381382667,0.10239530839427226,0.2499999999999995,0.14876391324397997,0.1489799542058479,0.0990687484222619,0.07501322271704636,0.1033514380789956,0.07576465052378131,0.12981883037318484,0.07354811856620179,0.12446960070313406,0.06452657777144753,0.1492877531228681,0.14978612531103577,0.06428303063286692,0.09450218025940105,0.07414037308333574,0.11592711361136156,0.053515858170434076,0.11368715468845947,0.08711723609093787,0.06244100414982091,0.14982839454872376,0.1489102795926783,0.14974164019938305,0.1489753740413252,0.14985980968419696,0.1485410831706328,0.1498378370590713,0.14886377950010302,0.1498358930530648,0.14962547523898057,0.14987708112478584
0.2475295041166931,0.24864152983919982,0.24756657022106704,0.248755257447899,0.24629492745088924,0.24879988133537287,0.24689533107615902,0.24877269558181894,0.24749505811893752,0.24882477010199888,0.24844756849981714,0.07884884865128784,0.18462512077441176,0.08531314914729367,0.19500326096852988,0.051053228342972275,0.20396266692332551,0.11654668446443288,0.11563417273297387,0.24760835005035967,0.24599966111391808,0.1953453845999217,0.10896447150290482,0.1860323934881386,0.13025107364560146,0.19630554175413242,0.13666174254136446,0.20144849053751274,0.14876391324397997,0.2499999999999995,0.24742306541115736,0.15478763752663993,0.13778685182822661,0.16239117373808057,0.1391178108029563,0.2100333517853442,0.1376605921964874,0.20578676063319798,0.1586875682429711,0.24791356288431518,0.24868460153311706,0.1180616172110527,0.14966083219378332,0.13199851975288335,0.19343862566143116,0.09358959836305991,0.19448662030488498,0.14304923079686208,0.10401588133131125,0.24874509540602693,0.24722545596619178,0.24860568542045897,0.24737714746401815,0.24880187415209706,0.2466110877156334,0.2487653944373689,0.24710344482021615,0.24876216729906242,0.24842452709472387,0.24883054917269537
0.2472678957022281,0.24837879417195124,0.24730505889563323,0.24849241375449185,0.24603505654171082,0.24853698557417314,0.24663438099789747,0.24850983541678914,0.24723366180043185,0.24856185715663665,0.24818496733046105,0.07879241595539063,0.18440782469296255,0.08527021137213611,0.19477371255162515,0.05104971966747671,0.20373670240659666,0.11645526542442265,0.11550149214197297,0.2473466868069791,0.24573972137891606,0.19512191158622533,0.10889274460792324,0.18582655993169758,0.13010964224053612,0.19609866165743536,0.13653627060073967,0.20118976832185895,0.1489799542058479,0.24742306541115736,0.24999999999999936,0.15416093748214332,0.13780712673828002,0.16189340706493577,0.13907112245522324,0.20966833516803632,0.13753020004446825,0.2054891476498189,0.1584931609128282,0.24765120465785273,0.24842171983545258,0.11825687675694119,0.14917342383885912,0.1321429169073864,0.19315147905895194,0.09362061491279802,0.19432201451469688,0.14283178801279392,0.10386542459947684,0.24848210694651185,0.24696423360673614,0.24834300414655036,0.24711700274980566,0.24853898557972678,0.24635018988620402,0.24850254440555308,0.24684139343461078,0.2484993206769701,0.24816228519030373,0.24856763030221038
0.1546775309833891,0.15537915961634596,0.1547138692998229,0.15544859795101584,0.15397226300229666,0.15547666122047563,0.154363636030062,0.15545965790328894,0.1547267263516248,0.15549230542683823,0.15526421956585335,0.050931016542918595,0.1156167346935387,0.05648052450605802,0.12248532462569205,0.03808383982397798,0.12747467747909047,0.07567936413280639,0.0715499648817334,0.1547395639655218,0.15369502192895204,0.12105464097041602,0.08178530556077986,0.11287197115014987,0.09766416934334897,0.11724141113344481,0.1010730364289039,0.12391346705993218,0.0990687484222619,0.15478763752663993,0.15416093748214332,0.24999999999999953,0.04407347451057757,0.12464882437196184,0.050451559112321256,0.14447487848639531,0.06575517962272694,0.13552693226999724,0.09094131800266446,0.15495537201228826,0.15539645439307576,0.026723123632514657,0.12538205426176527,0.04286434563515515,0.1272920987179558,0.04358731611679241,0.11572692071853365,0.09629723280086643,0.06859747244640099,0.1554577003192907,0.15449284761151819,0.1553553882034672,0.15446789968957036,0.1554779897247614,0.15413045183008342,0.15545519412710584,0.15450313990516504,0.15545317797757008,0.15521155455258773,0.15549590985738024
0.13777976629550476,0.13833294535703167,0.13764930286997504,0.13840392146766808,0.13663987280631934,0.13842783982543244,0.13707705406945545,0.13840926673620046,0.13761191110047383,0.13843711640819237,0.13823715313944673,0.02584899009081948,0.11226274990736537,0.021115739007715552,0.11049330436754685,0.0035452012025570107,0.11342183928690841,0.05031648204897657,0.0711046272586076,0.1379101482836853,0.1370685782533503,0.11953287812177354,-4.841720680751211e-5,0.12434943031011259,0.0265454297815574,0.12933929577263364,0.0332269115519777,0.12297337475018476,0.07501322271704636,0.13778685182822661,0.13780712673828002,0.04407347451057757,0.24999999999999925,0.051741829696501894,0.13072510497884426,0.10181029931627554,0.11827572033920256,0.10887584451841915,0.09681240973004303,0.13785922403631562,0.1383518985024316,0.12059505366836495,0.045794719877901985,0.1201169675753225,0.1048713542434389,0.059086781734888606,0.11797013966030193,0.06812837330010188,0.054812590027655095,0.1383729188548871,0.1375473242203352,0.1383152568896092,0.13773375424549106,0.1384244046524843,0.13719248330839615,0.1384041072581743,0.13736900864645918,0.13840231066525813,0.13823838223638787,0.13844035612346584
