x1,x2,x3,x4,x5,x6,x7,x8,x9,x10,x11,x12,x13,x14,x15,x16,x17,x18,x19,x20,x21,x22,x23,x24,x25,x26,x27,x28,x29,x30,x31,x32,x33,x34,x35,x36,x37,x38,x39,x40,x41,x42,x43,x44,x45,x46,x47,x48,x49,x50,x51,x52,x53,x54,x55,x56,x57,x58,x59,x60
0.25,0.2497776087008113,0.24996075682523003,0.2499440165217312,0.2499337256648246,0.2499702375893682,0.24985939024925055,0.24992966072782768,0.24989454000744754,0.24997271416362532,0.2499552531761026,0.24481794210762647,0.24660806545494915,0.24194244498101636,0.2444955858498872,0.23287936323758435,0.24304932647856142,0.23983328210131463,0.2492914026080717,0.24993232349589292,0.24986435813062408,0.24744228097306017,0.24671462672144379,0.24571703785581686,0.24700259807850192,0.24181480534361313,0.24652861118395653,0.24650490751012682,0.24782985815826591,0.24976947203107006,0.24989375967812913,0.24729524056719351,0.2451128426946033,0.2456210204655282,0.24673076861377724,0.24235819132070408,0.2475530560922626,0.24741434793065253,0.24872971494615814,0.24972930690327086,0.24994233762469956,0.24454358638728751,0.246689712553403,0.24163970744197033,0.24486451140911947,0.23330496548754753,0.24210786541139626,0.23957261817255715,0.24908870681666587,0.2499441654784716,0.24997290653295248,0.24981446185622108,0.2499312179423563,0.2499567890081526,0.24991884597481082,0.24997642497582556,0.24970524596724328,0.24996082317267934,0.24971360742321663,0.24997458435612036
0.2497776087008113,0.2500000000000001,0.2497732113614537,0.24975663152477465,0.24974631429654875,0.24978283011607444,0.24967206572877876,0.24974228367968207,0.24970718943831285,0.249785304842446,0.24976785699434842,0.24463441752111503,0.24642380575569423,0.2417610752181477,0.24431230446274083,0.23270479445459222,0.24286710854210536,0.239653494546807,0.24910450539415893,0.2497449445178431,0.24967703005086597,0.24725678160369532,0.24652967341649076,0.2455328356170871,0.24681742837461748,0.24163353218705325,0.24634379178958812,0.24632010834161389,0.24764405761792688,0.24958221514703605,0.24970640955963208,0.24710983548751198,0.2449290681944391,0.2454368668041457,0.24654578505441965,0.24217648629294836,0.24736745961862178,0.2472288577060131,0.24854323658429275,0.24954208011791162,0.24975495106936732,0.2443602487324964,0.24650476459782683,0.24145854766656213,0.2446809334806783,0.23313005929082778,0.2419263548605454,0.23939300794904972,0.24890196071381687,0.24975677755163156,0.2497854970583807,0.2496271711706698,0.2497438397019561,0.24976939161720138,0.24973147707518675,0.24978901286340097,0.24951803704665387,0.2497734227572284,0.2495263923600056,0.24978717362364591
0.24996075682523003,0.2497732113614537,0.2500000000000001,0.24993954207952274,0.24992940743522765,0.24996576232474524,0.24985491683730315,0.24992518613870973,0.24989006536485356,0.24996823883697777,0.24995077805413926,0.24481347520092736,0.24660387675437606,0.2419379903201228,0.2444911330236599,0.23287511581000483,0.2430449573090322,0.23982895416951053,0.24928693755798945,0.2499278488131135,0.24985988468756357,0.24743781669383136,0.24671018326069985,0.24571258446197294,0.24699815298186661,0.24181040858418545,0.2465241805865349,0.24650047296643035,0.2478254137132343,0.2497650002986737,0.24988928581141878,0.24729080876640208,0.24510845517526553,0.2456166164464649,0.24672635189033687,0.24235384114105257,0.24754862011685208,0.2474099119418877,0.24872525967492679,0.24972483583254135,0.24993786285268738,0.2445392018976485,0.24668529286976623,0.24163536871790012,0.24486012142987404,0.2333007711219193,0.2421035242190151,0.23956832265574513,0.24908424661957002,0.24993969067653038,0.24996843121650839,0.24980998937643667,0.2499267433700116,0.2499523139802605,0.24991437149592316,0.24997194959641275,0.24970077547862085,0.2499563480725748,0.24970913674328757,0.24997010900964847
0.2499440165217312,0.24975663152477465,0.24993954207952274,0.25000000000000017,0.24991272748011772,0.2499492447065217,0.24983840674928612,0.24990867126466176,0.24987355364792485,0.24995172107537972,0.2499342615733374,0.24479740343943532,0.2465874322975574,0.24192216196377783,0.24447506972073366,0.23285981948630854,0.24302891902284462,0.23981314427156403,0.24927046690574073,0.24991133380433328,0.2498433741543692,0.2474215070430707,0.2466939110512051,0.24569641378538568,0.24698185741783496,0.24179451072563582,0.2465079098144226,0.24648420871954554,0.2478090463966554,0.2497484960076225,0.2498727732079733,0.24727447427370675,0.24509225989962452,0.24560039636925007,0.24671004895887452,0.24233784163173597,0.2475322675317073,0.24739357107259805,0.24870882706030034,0.24970833426955855,0.2499213470864411,0.24452305048461173,0.24666899593427563,0.24161941677011103,0.24484394841645069,0.2332853747850592,0.24208753389945092,0.23955249958161554,0.2490677880319995,0.24992317478629386,0.24995191342704715,0.2497934820567405,0.24991022834291474,0.24993579725582168,0.24989785743065118,0.2499554315744328,0.24968427535821322,0.2499398310815523,0.24969263609279335,0.24995359110930793
0.2499337256648246,0.24974631429654875,0.24992940743522765,0.24991272748011772,0.2500000000000001,0.24993894533410882,0.24982811200334656,0.2498983735392291,0.24986325695002407,0.24994142158627708,0.24992396271719064,0.24478726131105039,0.2465766894417378,0.24191211963282006,0.24446494461167204,0.2328501709443337,0.24301889663311782,0.23980323232975403,0.24926019363915475,0.24990103589788432,0.24983307910255825,0.24741128640346177,0.2466837238154489,0.2456862522575602,0.2469716602402494,0.24178450208396846,0.246497738822625,0.24647403486632025,0.2477988302348439,0.2497382048246049,0.24986247698399114,0.2472642855969393,0.24508216762968119,0.2455902785989073,0.24669988691933467,0.24232785456267739,0.24752206697245324,0.24738337341938468,0.24869857855871078,0.24969804472853113,0.24991104886000387,0.24451297094359237,0.2466588303595572,0.24160945361415173,0.24483385550051026,0.23327574919613325,0.24207755380640436,0.2395426243893581,0.24905752430878175,0.24991287648661073,0.24994161394319636,0.24978318910117764,0.24989993059191243,0.2499254984360474,0.2498875600838499,0.24994513194563012,0.2496739870091724,0.24992953209557314,0.24968234728248176,0.24994329155633643
0.2499702375893682,0.24978283011607444,0.24996576232474524,0.2499492447065217,0.24993894533410882,0.25000000000000017,0.24986461506933363,0.2499348869238487,0.24989976567013245,0.2499779412469572,0.24996047991748913,0.244823089799784,0.24661331957608076,0.24194755218107294,0.24450072035592338,0.23288425000802573,0.2430544143976495,0.2398383009666352,0.24929661559121918,0.24993754973701796,0.24986958296408726,0.24744746345540475,0.24671979002246067,0.2457221908401252,0.24700776633876165,0.2418198787770774,0.24653376912441574,0.24651006560692312,0.2478350421428953,0.2497746948555236,0.24989898509299904,0.2473004144785936,0.24511797162965585,0.24562616176775443,0.24673592979856487,0.24236326475259043,0.24755823444157282,0.24741952330927813,0.24873491719791638,0.24973452891100023,0.24994756407184168,0.2445487015306715,0.24669487200571952,0.24164476364794912,0.24486963305685064,0.2333098471108217,0.242112929337983,0.23957762911775438,0.24909391547180676,0.24994939196334864,0.24997813361880983,0.24981968562890186,0.24993644416501587,0.24996201575698251,0.24992407195668231,0.24998165213525186,0.24971046748800999,0.24996605000586566,0.24971882908522006,0.24997981147706114
0.24985939024925055,0.24967206572877876,0.24985491683730315,0.24983840674928612,0.24982811200334656,0.24986461506933363,0.25000000000000017,0.2498240553639069,0.24978894863269516,0.2498670903604211,0.249849645321384,0.24471465894703678,0.24650351729796047,0.24184063732490566,0.24439184483350077,0.23278037613637598,0.24294351260438596,0.2397316725741395,0.24918606551226777,0.24982671890020927,0.24975878115521016,0.24733848536759126,0.24661080012417452,0.2456139829825995,0.24689853575180556,0.2417127640926468,0.24642459210013817,0.24640071432955446,0.2477251950168049,0.2496639337418071,0.24978816904016599,0.24719077378482376,0.2450091720445933,0.2455172855488357,0.2466264592336478,0.24225584666315214,0.24744850200886523,0.24730986293898496,0.2486246520989898,0.24962378650070147,0.24983672691482214,0.24444028475607255,0.24658549486494127,0.24153765196801305,0.24476107755527476,0.23320645089449588,0.24200559508990985,0.23947142360169887,0.24898345821800807,0.24983855397674665,0.2498672828867041,0.249708905159193,0.24982561208310908,0.2498511721722003,0.24981324575989386,0.24987079984280636,0.24959973619623674,0.24985520463212382,0.2496080932970387,0.24986896000090286
0.24992966072782768,0.24974228367968207,0.24992518613870973,0.24990867126466176,0.2498983735392291,0.2499348869238487,0.2498240553639069,0.2500000000000001,0.24985920022074626,0.249937363149764,0.24991990464779115,0.24478334263307727,0.2465732120275144,0.24190826879921168,0.2444610264538238,0.23284644236822657,0.24301495929856357,0.23979936680575822,0.2492561479743368,0.2498969781917266,0.24982902245379357,0.24740729394873787,0.24667973920633432,0.24568230012978443,0.2469676689669977,0.24178062101120162,0.24649374912814706,0.24647004918157378,0.2477948114865721,0.24973414974742633,0.24985841981429982,0.24726027082988936,0.24507818254691685,0.24558628981446196,0.24669587802868237,0.24232392223790683,0.24751804894589718,0.2473793601788781,0.24869454077601505,0.2496939903206409,0.24990699090641683,0.2445090044211594,0.24665482669048777,0.24160553761260578,0.24482988385720933,0.23327197375031558,0.24207362758839016,0.23953873893990354,0.2490534808342446,0.24990881850135824,0.24993755549128394,0.24977913322171602,0.24989587280506306,0.24992144024581597,0.2498835025977999,0.249941073436578,0.24966993281367283,0.2499254738398334,0.24967829304928402,0.24993923307717464
0.24989454000744754,0.24970718943831285,0.24989006536485356,0.24987355364792485,0.24986325695002407,0.24989976567013245,0.24978894863269516,0.24985920022074626,0.2500000000000002,0.24990224154548535,0.2498847885932838,0.24474881128849776,0.24653782431091278,0.24187382682979247,0.24442672533481014,0.23281394583327306,0.24298074018551102,0.2397653090951778,0.24922107083929657,0.2498618614427904,0.24979391502895895,0.24737283510837904,0.24664480675047495,0.24564762386377137,0.24693271996507626,0.24174650155409985,0.2464589009576349,0.24643523497429173,0.24775992501405683,0.24969905615943977,0.24982330936021477,0.24722555792739542,0.2450439294828985,0.24555185348109634,0.24666129754320493,0.24228989091214875,0.24748327420388624,0.2473445636661115,0.248659598133449,0.2496589020064552,0.24987187354682397,0.2444746152741884,0.24662015634115222,0.24157153303458329,0.24479544667688952,0.233239072134297,0.24203956657738168,0.2395050334009434,0.24901847699365043,0.2498737009071554,0.2499024338592604,0.2497440338513323,0.249860757187002,0.24988632087829407,0.2498483876631599,0.24990595131037474,0.24963484970945685,0.24989035390562175,0.249643207759464,0.24990411120950715
0.24997271416362532,0.249785304842446,0.24996823883697777,0.24995172107537972,0.24994142158627708,0.2499779412469572,0.2498670903604211,0.249937363149764,0.24990224154548535,0.2500000000000001,0.24996295639044583,0.24482551421887508,0.24661575074277292,0.24194994729340966,0.24450314229846792,0.23288655700680053,0.24305682729946312,0.23984067691352995,0.24929908546008597,0.24994002598768,0.24987205854334293,0.2474499141899937,0.24672223379202432,0.24572462417697316,0.24701021308024548,0.24182227387065983,0.24653621135862092,0.24651250771658195,0.24783749743385775,0.24977716949530016,0.2499014609649049,0.2473028645397631,0.2451204002336312,0.24562859520476304,0.24673837438500554,0.24236566580202054,0.24756068704843204,0.24742197449652137,0.24873738148769947,0.24973700315137798,0.2499500404242945,0.2445511243071677,0.24669731608589543,0.24164715757362598,0.24487205901142534,0.23331215838645647,0.24211532797216087,0.23958000263232068,0.24909638335765868,0.24995186833395808,0.2499806102741777,0.24982216071444807,0.24993892040720664,0.24996449225266293,0.2499265480745433,0.2499841288254798,0.24971294149123524,0.2499685265415155,0.24972130317150432,0.24998228814905266
0.2499552531761026,0.24976785699434842,0.24995077805413926,0.2499342615733374,0.24992396271719064,0.24996047991748913,0.249849645321384,0.24991990464779115,0.2498847885932838,0.24996295639044583,0.25,0.244807873940221,0.24659843350220462,0.24193303326374732,0.24448605358484235,0.2328702584140748,0.24303984300558606,0.239823914861031,0.24928167075120883,0.24992256728003767,0.24985460461666975,0.24743260877756912,0.24670499452654707,0.24570744398218347,0.2469929542124535,0.24180535900521397,0.24651898736174238,0.2464952851669704,0.24782018469160177,0.2497597221966635,0.24988400499019506,0.2472855878273165,0.24510327491778425,0.24561143310963357,0.24672113786936484,0.2423487322587696,0.24754339278140752,0.24740469050708586,0.24872000568918357,0.24971955864533674,0.24993258104280242,0.24453404104118398,0.24668008320314883,0.24163027611706137,0.24485495341713698,0.23329585971200062,0.24209841516233124,0.2395632669437088,0.24907898360276573,0.2499344088250989,0.24996314875765788,0.24980471026586729,0.24992146179543503,0.24994703186201134,0.2499090903211967,0.24996666706318574,0.24969549864444726,0.24995106586906232,0.2497038597696856,0.2499648265153309
0.24481794210762647,0.24463441752111503,0.24481347520092736,0.24479740343943532,0.24478726131105039,0.244823089799784,0.24471465894703678,0.24478334263307727,0.24474881128849776,0.24482551421887508,0.244807873940221,0.25000000000000006,0.2414620393334358,0.23689018524035493,0.2394308948914673,0.22795225484623133,0.2379900632663643,0.2348398582338132,0.24415261719422296,0.24478580965259272,0.24471938518122008,0.24229822563268955,0.24160696046220595,0.24059325209595728,0.24189205955585055,0.2367336410431413,0.241432255387643,0.24140999290307458,0.2427198710368243,0.24462651687093478,0.24474828396315063,0.24219175126165648,0.24005698945787685,0.24054080479377485,0.24164639071203067,0.2373454540194589,0.24244630238613568,0.24231208082663513,0.2436022331601572,0.24458706866213092,0.24479576136482287,0.23950178098433392,0.24160569970917709,0.2366512406992028,0.23981657754009048,0.2284899950527627,0.23711756171833148,0.23463426377570262,0.24395961196096402,0.24479755402663972,0.2448257033233269,0.24467052120027794,0.24478482953811942,0.24480991767733873,0.24477266028934574,0.24482914933266478,0.2445633828449122,0.24481386877343528,0.24457175415466073,0.24482734660081004
0.24660806545494915,0.24642380575569423,0.24660387675437606,0.2465874322975574,0.2465766894417378,0.24661331957608076,0.24650351729796047,0.2465732120275144,0.24653782431091278,0.24661575074277292,0.24659843350220462,0.2414620393334358,0.25000000000000006,0.2385858317464114,0.2411464863679503,0.22967007372887185,0.23975822724026297,0.23659126872055378,0.2459427829807406,0.24657587555810054,0.24650876045549347,0.24409277606310759,0.2433834872526898,0.2423696773200153,0.24367220564174982,0.23849970760812275,0.24320439393797008,0.24317855353450482,0.2444934808724725,0.24641527261101578,0.24653795482418928,0.24396230633125024,0.2418092748063374,0.24230148135238314,0.24341114090932348,0.23907800678939067,0.24422028717392189,0.2440830055058028,0.24538450696930408,0.24637552266653243,0.2465857843227089,0.2412512419966486,0.2433716740961669,0.23837746978855717,0.24156887050582584,0.23015469921920723,0.23884939968462532,0.23634789044284818,0.2457432571471595,0.24658759036177727,0.24661594551488422,0.24645962864728072,0.2465747775164748,0.24660004443742295,0.24656247282194857,0.24661941673063803,0.24635173686084172,0.24660402443025253,0.2463601363437032,0.24661760081243544
0.24194244498101636,0.2417610752181477,0.2419379903201228,0.24192216196377783,0.24191211963282006,0.24194755218107294,0.24184063732490566,0.24190826879921168,0.24187382682979247,0.24194994729340966,0.24193303326374732,0.23689018524035493,0.2385858317464114,0.25000000000000017,0.23647476824620953,0.22508019957635728,0.23512004241169457,0.2320771897305569,0.2412906689235324,0.24191096701521647,0.2418448700760669,0.2394261265141511,0.23875584104871428,0.23769847305137037,0.2390460287111533,0.2338578156735315,0.23859536799593786,0.23857001974567094,0.23986637584422646,0.24175342764471083,0.24187379587546828,0.23933413155625627,0.23722563520920167,0.237689172366535,0.2388095153895227,0.23453463347153872,0.23958813868534895,0.23945755661632978,0.24073450933699062,0.24171429972508177,0.2419205413881651,0.23668374834898784,0.2387635856433403,0.23386207089971295,0.23699402358794755,0.22580091521338955,0.23432828138341383,0.23187418329772003,0.24109442113906965,0.24192231608395814,0.24195013479486677,0.24179677536636857,0.24190968297414617,0.24193453456273886,0.2418976661030095,0.24195354033733837,0.24169062992218815,0.24193843924311156,0.2416991874514466,0.24195175876878797
0.2444955858498872,0.24431230446274083,0.2444911330236599,0.24447506972073366,0.24446494461167204,0.24450072035592338,0.24439184483350077,0.2444610264538238,0.24442672533481014,0.24450314229846792,0.24448605358484235,0.2394308948914673,0.2411464863679503,0.23647476824620953,0.25000000000000017,0.22740981804294724,0.23758670555046404,0.23451550995699175,0.24382791472506293,0.24446353203626173,0.24439699916218918,0.24200758074414286,0.24135003642328415,0.24031088299247147,0.24162963047369687,0.23639525731808153,0.24114288767274356,0.24108733779429942,0.2424002064574059,0.24430436679818804,0.24442614279566613,0.24185901033652066,0.23972039556874422,0.24019899977916837,0.241319077631418,0.23700504858646979,0.24211859401240357,0.24198738244016588,0.2432780254407062,0.24426493271794053,0.2444734258185896,0.23917804560410216,0.2412821895479891,0.23632179713099283,0.23949338700255415,0.22817521934606577,0.2367990662638195,0.23432012150021286,0.24363815777622894,0.24447521820867907,0.24450333049650508,0.24434835271582914,0.24446246935406427,0.2444875656368725,0.24445026187082816,0.2445067719867577,0.24424123530107328,0.24449151153312543,0.24424972290683025,0.24450497161506124
0.23287936323758435,0.23270479445459222,0.23287511581000483,0.23285981948630854,0.2328501709443337,0.23288425000802573,0.23278037613637598,0.23284644236822657,0.23281394583327306,0.23288655700680053,0.2328702584140748,0.22795225484623133,0.22967007372887185,0.22508019957635728,0.22740981804294724,0.25000000000000033,0.22596464814622688,0.2230108838438194,0.23221900992566255,0.23284835538621734,0.23278651958777105,0.23039104382363673,0.22977363284489538,0.22870215374302713,0.23001855611060645,0.22474076648965277,0.22958063236835088,0.22952796949742424,0.23085765921399878,0.23269752313013228,0.2328135734790531,0.2303412899160831,0.2283402273690561,0.2287233355876802,0.22985461708653834,0.225699194103495,0.23059294535274433,0.2304743396395312,0.2317045534927271,0.2326596398875985,0.23285824526095836,0.2278038786009195,0.229809203623499,0.22507299391182925,0.22810375320023893,0.21732276077650706,0.2255398551628989,0.2231765365783095,0.2320631209460873,0.2328599594076997,0.2328867361594779,0.2327391215777689,0.23284768082837035,0.232871720315053,0.23283602344596527,0.23289001416459232,0.2326364691504553,0.23287547872085038,0.23264522099496085,0.23288829930241955
0.24304932647856142,0.24286710854210536,0.2430449573090322,0.24302891902284462,0.24301889663311782,0.2430544143976495,0.24294351260438596,0.24301495929856357,0.24298074018551102,0.24305682729946312,0.24303984300558606,0.2379900632663643,0.23975822724026297,0.23512004241169457,0.23758670555046404,0.22596464814622688,0.25000000000000044,0.23292242568986843,0.2423842685680574,0.24301798568618466,0.24295250045303868,0.24059396305710834,0.240045089520629,0.2390567355282486,0.24026305456805583,0.23501496771645985,0.23973195170539038,0.23963785553492004,0.2409612112953207,0.24285916208229044,0.24298030772213888,0.24042064906379448,0.23827390801120524,0.238764132519281,0.23986890537887215,0.23558747994004894,0.24069284642806085,0.2405604103052676,0.24184417962008242,0.24282000345226679,0.24302728360046844,0.23776254139796493,0.23985427397997428,0.23491704745771425,0.23807809128637994,0.22682451803418027,0.23539731713583434,0.23293295499006614,0.24219686683625333,0.2430290634149692,0.24305700943408615,0.24290294840297028,0.24301638274831588,0.24304133782726986,0.24300422426552282,0.24306043057081905,0.2427964098456129,0.24304526038250543,0.24280490571504076,0.24305864084391005
0.23983328210131463,0.239653494546807,0.23982895416951053,0.23981314427156403,0.23980323232975403,0.2398383009666352,0.2397316725741395,0.23979936680575822,0.2397653090951778,0.23984067691352995,0.239823914861031,0.2348398582338132,0.23659126872055378,0.2320771897305569,0.23451550995699175,0.2230108838438194,0.23292242568986843,0.2500000000000002,0.2391608083915969,0.23980122737393741,0.23973629824818288,0.2373758119028064,0.23675317033704846,0.23571182863388582,0.2369926097345008,0.2319161224426858,0.2364734793444287,0.23639444660563788,0.23774523739379466,0.239645807946,0.239765380170696,0.23721555143695197,0.23510843186311992,0.2355602440730817,0.2366915398961695,0.23241142554844763,0.23749373400803395,0.2373591388980763,0.23863164135162887,0.239606821331401,0.23981152483723014,0.23459914610183916,0.23666860646289348,0.2317721401759473,0.2349141417287309,0.22378931979284722,0.2322689410414927,0.2298334535034841,0.23899191728705768,0.23981328511403197,0.2398408615293389,0.23968883908363736,0.2398006482529816,0.2398253972950828,0.23978846911577759,0.23984423744876326,0.2395831751575363,0.23982926794653664,0.23959212809449942,0.2398424713605764
0.2492914026080717,0.24910450539415893,0.24928693755798945,0.24927046690574073,0.24926019363915475,0.24929661559121918,0.24918606551226777,0.2492561479743368,0.24922107083929657,0.24929908546008597,0.24928167075120883,0.24415261719422296,0.2459427829807406,0.2412906689235324,0.24382791472506293,0.23221900992566255,0.2423842685680574,0.2391608083915969,0.25000000000000033,0.24925957568090612,0.24919111847077297,0.24677947854219182,0.24607449379216415,0.2450774424455747,0.24635316575026953,0.24116702449809624,0.24586674587579735,0.24583799513971744,0.24716007340486476,0.24909639884934714,0.2492203788431458,0.24662483397047485,0.2444452030054186,0.244952145726312,0.24606160422996026,0.2416962865721927,0.24688517210622815,0.24674646472160483,0.2480592070901226,0.24905631695656177,0.24926879059602455,0.24388276370466594,0.24602362273794798,0.2409838210643523,0.24420336120394812,0.23267306513481018,0.24145387192429682,0.23892534207662372,0.24841742956157145,0.24927061370990272,0.24929927733211327,0.2491412596377625,0.24925768782970983,0.24928320324127143,0.2492453333988644,0.24930278629842312,0.2490322787812821,0.24928722653421861,0.24904068094941928,0.24930095063429192
0.24993232349589292,0.2497449445178431,0.2499278488131135,0.24991133380433328,0.24990103589788432,0.24993754973701796,0.24982671890020927,0.2498969781917266,0.2498618614427904,0.24994002598768,0.24992256728003767,0.24478580965259272,0.24657587555810054,0.24191096701521647,0.24446353203626173,0.23284835538621734,0.24301798568618466,0.23980122737393741,0.24925957568090612,0.2500000000000003,0.24983168418728466,0.24740951498601643,0.246682042402518,0.24568424384788093,0.24697005066936428,0.2417830851456126,0.2464961548778907,0.24647241740651246,0.24779726462323443,0.24973681228460395,0.24986108405576204,0.247262657136972,0.24508055799380002,0.2455884730656882,0.2466983721496481,0.2423259688236076,0.24752054401910958,0.2473818203269843,0.24869709745452218,0.24969664903581704,0.24990965337134546,0.24451145677611413,0.2466573515280954,0.24160778580860887,0.24483236365915195,0.2332741546167381,0.24207607268713058,0.23954113569052166,0.24905613039726907,0.2499114810348068,0.24994021833241908,0.24978179437533216,0.24989853421356092,0.24992410291529454,0.24988616224187168,0.24994373631563147,0.24967258838242928,0.24992813655229143,0.24968095341006064,0.249941895936257
0.24986435813062408,0.24967703005086597,0.24985988468756357,0.2498433741543692,0.24983307910255825,0.24986958296408726,0.24975878115521016,0.24982902245379357,0.24979391502895895,0.24987205854334293,0.24985460461666975,0.24471938518122008,0.24650876045549347,0.2418448700760669,0.24439699916218918,0.23278651958777105,0.24295250045303868,0.23973629824818288,0.24919111847077297,0.24983168418728466,0.2500000000000004,0.2473421092499555,0.24661494610965787,0.24561708351223038,0.2469028602763766,0.24171675331767584,0.2464291790565999,0.24640560806785713,0.24773003491742104,0.24966890076593898,0.2497931373858193,0.247195482946474,0.24501396508778125,0.24552172760193552,0.2466313362593379,0.24226028963061189,0.24745322438486642,0.24731465202040992,0.24862945598877,0.24962875008464044,0.2498416942283865,0.24444507764538115,0.24659033103273298,0.24154232990141253,0.24476588222306597,0.2332110631157422,0.24201037638258105,0.23947613541992913,0.24898841734981678,0.2498435213526027,0.24987225083429163,0.2497138699583404,0.24983057805539666,0.2498561397995864,0.2498182120492489,0.24987576786036939,0.2496046934315193,0.2498601723394667,0.24961305648577026,0.24987392798173405
0.24744228097306017,0.24725678160369532,0.24743781669383136,0.2474215070430707,0.24741128640346177,0.24744746345540475,0.24733848536759126,0.24740729394873787,0.24737283510837904,0.2474499141899937,0.24743260877756912,0.24229822563268955,0.24409277606310759,0.2394261265141511,0.24200758074414286,0.23039104382363673,0.24059396305710834,0.2373758119028064,0.24677947854219182,0.24740951498601643,0.2473421092499555,0.2500000000000006,0.24419532419364803,0.2431948591392851,0.24449648795274412,0.239303195606324,0.24404217150629773,0.24401917125879505,0.24532664965360088,0.24724886201927176,0.24737199025456105,0.24479262445072952,0.24263272894889437,0.24312756840098776,0.2442497058986616,0.23988593283158197,0.2450486223963506,0.24490314106346547,0.24621690688878844,0.2472088688303962,0.24741983823520142,0.24206816929897487,0.2441947966100506,0.23918662053290327,0.24238334460208039,0.23093150243963925,0.23965436576317747,0.2371453043329102,0.2465742262788953,0.24742165421454515,0.24745010527301461,0.24729325967948845,0.24740880130168727,0.2474341504132777,0.24739646357563463,0.24745358822948466,0.2471849742738298,0.2474381438660501,0.24719343346005787,0.24745176616917006
0.24671462672144379,0.24652967341649076,0.24671018326069985,0.2466939110512051,0.2466837238154489,0.24671979002246067,0.24661080012417452,0.24667973920633432,0.24664480675047495,0.24672223379202432,0.24670499452654707,0.24160696046220595,0.2433834872526898,0.23875584104871428,0.24135003642328415,0.22977363284489538,0.240045089520629,0.23675317033704846,0.24607449379216415,0.246682042402518,0.24661494610965787,0.24419532419364803,0.2500000000000005,0.24246882030297512,0.24385828609387153,0.23865645496662402,0.24350632467944575,0.24345862048280043,0.24466506731121263,0.24652205709568584,0.246645198383853,0.2440686161641111,0.24187760734519453,0.2424091941171021,0.24374287241225703,0.23919372674055003,0.2444023421462026,0.24418161268946886,0.24553443273997308,0.24648170446510648,0.24669223107090224,0.24135042404922402,0.24347035689552363,0.23846699242739017,0.2416519713287438,0.23021490055561045,0.23892535942743934,0.23642652689282037,0.24584717647288232,0.24669405658462806,0.2467224240974545,0.24656603976250835,0.24668123155023838,0.2467065161598352,0.24666874781131332,0.246725896854789,0.2464578218416278,0.24671049787539892,0.24646652352719792,0.24672408012230299
0.24571703785581686,0.2455328356170871,0.24571258446197294,0.24569641378538568,0.2456862522575602,0.2457221908401252,0.2456139829825995,0.24568230012978443,0.24564762386377137,0.24572462417697316,0.24570744398218347,0.24059325209595728,0.2423696773200153,0.23769847305137037,0.24031088299247147,0.22870215374302713,0.2390567355282486,0.23571182863388582,0.2450774424455747,0.24568424384788093,0.24561708351223038,0.2431948591392851,0.24246882030297512,0.25000000000000067,0.24276070373599334,0.2375780932801999,0.24241854698340276,0.2423554559248867,0.24364949429278465,0.24552552535201552,0.24564798347328184,0.24310779746164451,0.24104312416832857,0.2414699936977243,0.24259693838981602,0.2382289239711902,0.24338548233550758,0.24317617779346384,0.24453267616321378,0.24548505943712487,0.24569473633626981,0.24037612966852034,0.24248936625643713,0.23751587149264625,0.24067781658273732,0.22928833118519834,0.23796061456301038,0.23546858494037687,0.24485302602899603,0.24569656130234757,0.2457248141233262,0.24556906211819282,0.24568380908992793,0.24570897050723928,0.24567131120917052,0.24572827284435908,0.24546130327765947,0.24571293612679335,0.2454699452767724,0.2457264634550569
0.24700259807850192,0.24681742837461748,0.24699815298186661,0.24698185741783496,0.2469716602402494,0.24700776633876165,0.24689853575180556,0.2469676689669977,0.24693271996507626,0.24701021308024548,0.2469929542124535,0.24189205955585055,0.24367220564174982,0.2390460287111533,0.24162963047369687,0.23001855611060645,0.24026305456805583,0.2369926097345008,0.24635316575026953,0.24697005066936428,0.2469028602763766,0.24449648795274412,0.24385828609387153,0.24276070373599334,0.2500000000000005,0.23885605104009264,0.24371296114547117,0.24370930081046155,0.24503181890162032,0.24680995102430048,0.24693364116622873,0.24446781876274512,0.24264167063442235,0.24277211003388222,0.24378230242221607,0.23951224305589822,0.24484938303912995,0.2445192561739665,0.24592185249520712,0.24676939648725582,0.24698017019103735,0.2416510235199658,0.24376771790900703,0.23877818292169803,0.24195679757710042,0.23050713110123,0.23921031677818158,0.2366991353792318,0.24613354946454885,0.24698200283510807,0.24701040350421283,0.24685383662700963,0.2469692516812445,0.24699447698809435,0.24695662700539966,0.2470138803215865,0.2467455469980953,0.24699846335928832,0.24675420044890237,0.2470120614608883
0.24181480534361313,0.24163353218705325,0.24181040858418545,0.24179451072563582,0.24178450208396846,0.2418198787770774,0.2417127640926468,0.24178062101120162,0.24174650155409985,0.24182227387065983,0.24180535900521397,0.2367336410431413,0.23849970760812275,0.2338578156735315,0.23639525731808153,0.22474076648965277,0.23501496771645985,0.2319161224426858,0.24116702449809624,0.2417830851456126,0.24171675331767584,0.239303195606324,0.23865645496662402,0.2375780932801999,0.23885605104009264,0.25000000000000033,0.23838477214675208,0.238400520929297,0.23970672346266408,0.24162599893567852,0.2417472353375652,0.23926066283493175,0.2374915544011913,0.2376567631822813,0.2387773354249829,0.23446139794988927,0.2394911910975974,0.2393085701352565,0.2406413592195452,0.24158612556861184,0.24179285098385106,0.23654049038446495,0.2386283768286833,0.23370640422742486,0.236838432641404,0.22560143501706853,0.23416175173925854,0.2317086779424706,0.24096258352682356,0.24179465594346433,0.24182246031464893,0.24166918178294164,0.24178207598396978,0.24180686829781695,0.24176937883114594,0.24182586419876234,0.24156320012153223,0.24181077098259895,0.24157162601594684,0.2418240834911719
0.24652861118395653,0.24634379178958812,0.2465241805865349,0.2465079098144226,0.246497738822625,0.24653376912441574,0.24642459210013817,0.24649374912814706,0.2464589009576349,0.24653621135862092,0.24651898736174238,0.241432255387643,0.24320439393797008,0.23859536799593786,0.24114288767274356,0.22958063236835088,0.23973195170539038,0.2364734793444287,0.24586674587579735,0.2464961548778907,0.2464291790565999,0.24404217150629773,0.24350632467944575,0.24241854698340276,0.24371296114547117,0.23838477214675208,0.25000000000000006,0.24307234078363657,0.2444319828590657,0.24633743491183396,0.2464594468027144,0.243987224520059,0.24224464999992298,0.2426287666095527,0.243813541005292,0.2390828563526025,0.24412781911071718,0.24404025318242353,0.24546398990392243,0.24629596666628104,0.2465062397866924,0.24119449885202612,0.24329498155329796,0.23833124526204355,0.24148864346810045,0.2300799384351023,0.23876458500607695,0.23625859110615743,0.24566292670735973,0.24650805513040236,0.24653640126363432,0.24638013481120588,0.2464952501571592,0.24652050531118028,0.24648281446884904,0.2465398714109746,0.2462722812315993,0.24652448403988747,0.2462806742668074,0.2465380560472675
0.24650490751012682,0.24632010834161389,0.24650047296643035,0.24648420871954554,0.24647403486632025,0.24651006560692312,0.24640071432955446,0.24647004918157378,0.24643523497429173,0.24651250771658195,0.2464952851669704,0.24140999290307458,0.24317855353450482,0.23857001974567094,0.24108733779429942,0.22952796949742424,0.23963785553492004,0.23639444660563788,0.24583799513971744,0.24647241740651246,0.24640560806785713,0.24401917125879505,0.24345862048280043,0.2423554559248867,0.24370930081046155,0.238400520929297,0.24307234078363657,0.2500000000000001,0.244378259918443,0.2463117379779146,0.24643600009320185,0.2438916329024595,0.24182493608467,0.24235963568055466,0.24356625545682753,0.23898914806676613,0.24413526932913782,0.2439778245493294,0.24529309377620012,0.24627207416819727,0.24648252983896957,0.24113547461274482,0.2432547340868906,0.23824396171033488,0.2414400306000494,0.2300119224432739,0.23871788583489886,0.2362179293241776,0.24563813888945618,0.24648435389207415,0.2465126974579814,0.24635644605871218,0.2464714332544878,0.2464968030375674,0.24645886725265567,0.24651616731964637,0.24624818985098873,0.24650078138611783,0.24625702230979335,0.24651435209220704
0.24782985815826591,0.24764405761792688,0.2478254137132343,0.2478090463966554,0.2477988302348439,0.2478350421428953,0.2477251950168049,0.2477948114865721,0.24775992501405683,0.24783749743385775,0.24782018469160177,0.2427198710368243,0.2444934808724725,0.23986637584422646,0.2424002064574059,0.23085765921399878,0.2409612112953207,0.23774523739379466,0.24716007340486476,0.24779726462323443,0.24773003491742104,0.24532664965360088,0.24466506731121263,0.24364949429278465,0.24503181890162032,0.23970672346266408,0.2444319828590657,0.244378259918443,0.2500000000000001,0.2476354329135978,0.24775970217264026,0.24524345244519136,0.24332512011251733,0.24374883647339385,0.24499472407234243,0.24047372504430786,0.24565289824262762,0.24533344332627605,0.24659653656633115,0.24759613675078143,0.24780737596490895,0.24247772779281937,0.2445925106034393,0.2396327274650317,0.2427797657361472,0.23133208144570677,0.24003619014054944,0.23751237079209353,0.24696022049747518,0.24780919255004033,0.2478376882394984,0.24768059697537517,0.2477963634258168,0.24782170838631687,0.24778393133064863,0.24784117668029892,0.2475721663659553,0.24782570810542248,0.2475806138834133,0.24783935174773145
0.24976947203107006,0.24958221514703605,0.2497650002986737,0.2497484960076225,0.2497382048246049,0.2497746948555236,0.2496639337418071,0.24973414974742633,0.24969905615943977,0.24977716949530016,0.2497597221966635,0.24462651687093478,0.24641527261101578,0.24175342764471083,0.24430436679818804,0.23269752313013228,0.24285916208229044,0.239645807946,0.24909639884934714,0.24973681228460395,0.24966890076593898,0.24724886201927176,0.24652205709568584,0.24552552535201552,0.24680995102430048,0.24162599893567852,0.24633743491183396,0.2463117379779146,0.2476354329135978,0.25,0.24969827236199735,0.24710126895921647,0.24492192347532094,0.24542816054229152,0.24653819320878378,0.24216936953020063,0.24735916000266286,0.24722174638571587,0.248535266090875,0.2495339577978551,0.24974681695730178,0.24435224675114464,0.24649662786016194,0.24145064743635905,0.24467300381228313,0.2331230128632654,0.24191877610318083,0.23938546891636928,0.24889390236614928,0.24974864314193693,0.24977736171255144,0.24961904098184848,0.2497357034171681,0.24976125679609587,0.24972334661824352,0.24978087740268304,0.24950990617219537,0.24976528780443344,0.2495182658389623,0.2497790382229576
0.24989375967812913,0.24970640955963208,0.24988928581141878,0.2498727732079733,0.24986247698399114,0.24989898509299904,0.24978816904016599,0.24985841981429982,0.24982330936021477,0.2499014609649049,0.24988400499019506,0.24474828396315063,0.24653795482418928,0.24187379587546828,0.24442614279566613,0.2328135734790531,0.24298030772213888,0.239765380170696,0.2492203788431458,0.24986108405576204,0.2497931373858193,0.24737199025456105,0.246645198383853,0.24564798347328184,0.24693364116622873,0.2417472353375652,0.2464594468027144,0.24643600009320185,0.24775970217264026,0.24969827236199735,0.24999999999999997,0.24722450072744312,0.24504268857874661,0.24555114603423897,0.24666028476219048,0.2422896005437221,0.24748334279856876,0.24734402561317223,0.2486589568452261,0.24965812190173997,0.24987109318136227,0.24447399406673906,0.24661956005272032,0.2415711527853293,0.24479503387360754,0.23323883855551714,0.24203904062051346,0.23950437929215812,0.24901772418186388,0.24987292041440556,0.24990165327737365,0.24974325376457296,0.24985997682058542,0.24988554034673138,0.24984760717302495,0.24990517071747106,0.249634066037035,0.24988957336130094,0.24964242829952138,0.24990333062221623
0.24729524056719351,0.24710983548751198,0.24729080876640208,0.24727447427370675,0.2472642855969393,0.2473004144785936,0.24719077378482376,0.24726027082988936,0.24722555792739542,0.2473028645397631,0.2472855878273165,0.24219175126165648,0.24396230633125024,0.23933413155625627,0.24185901033652066,0.2303412899160831,0.24042064906379448,0.23721555143695197,0.24662483397047485,0.247262657136972,0.247195482946474,0.24479262445072952,0.2440686161641111,0.24310779746164451,0.24446781876274512,0.23926066283493175,0.243987224520059,0.2438916329024595,0.24524345244519136,0.24710126895921647,0.24722450072744312,0.24999999999999978,0.2424450263885382,0.24295984518715041,0.24408033049253455,0.23969842037558378,0.24491613810348412,0.2447981342031697,0.24610062191111223,0.24706187648957753,0.24727278967930588,0.24188074249988992,0.24402606623854076,0.23897722092631543,0.24222797087030734,0.23073050829358802,0.23952171731895483,0.23700575788912512,0.2464304604286555,0.24727462078156529,0.24730305490565152,0.24714630253398834,0.24726155286150933,0.24728710954413577,0.24724950650250688,0.24730653578632134,0.24703792761064466,0.24729110060930024,0.24704654988733227,0.2473047148155594
0.2451128426946033,0.2449290681944391,0.24510845517526553,0.24509225989962452,0.24508216762968119,0.24511797162965585,0.2450091720445933,0.24507818254691685,0.2450439294828985,0.2451204002336312,0.24510327491778425,0.24005698945787685,0.2418092748063374,0.23722563520920167,0.23972039556874422,0.2283402273690561,0.23827390801120524,0.23510843186311992,0.2444452030054186,0.24508055799380002,0.24501396508778125,0.24263272894889437,0.24187760734519453,0.24104312416832857,0.24264167063442235,0.2374915544011913,0.24224464999992298,0.24182493608467,0.24332512011251733,0.24492192347532094,0.24504268857874661,0.2424450263885382,0.2499999999999998,0.24077259769778286,0.2420220066162584,0.23773261358330455,0.24295727153443009,0.24279645596001795,0.24402885174154693,0.24488128593610806,0.24509065182145023,0.23974691749138194,0.2418907582323817,0.2368698270037166,0.24016295094254106,0.2287332189221358,0.23747441413283416,0.23495171406103132,0.24426306074282925,0.2450924054895627,0.24512058879209506,0.24496521975611626,0.24507941826075463,0.24510478413217696,0.24506743908527429,0.24512403896674187,0.24485785451141315,0.24510873998823757,0.24486634589684136,0.2451222340504008
