x1,x2,x3,x4,x5,x6,x7,x8,x9,x10,x11,x12,x13,x14,x15,x16,x17,x18,x19,x20,x21,x22,x23,x24,x25,x26,x27,x28,x29,x30,x31,x32,x33,x34,x35,x36,x37,x38,x39,x40,x41,x42,x43,x44,x45,x46,x47,x48,x49,x50,x51,x52,x53,x54,x55,x56,x57,x58,x59,x60
0.25,-0.09780194552581,0.09496990468114247,-0.09267149481679827,0.09266154801952872,-0.09268872598496301,0.09265827512498272,-0.09269624311614098,0.09263904984774197,-0.09265858719836355,-0.22411690891167038,0.1091929365474816,-0.07958361740433109,0.06455364325589708,-0.036854963572107,0.03232224200110632,-0.018936112055248148,0.00981818991622443,0.004041790402215944,-0.003885946302144648,0.0591201091023168,-0.058627523410602574,0.04925747914900953,-0.029407426858931992,0.027066118450569075,0.0027667060409825874,-0.0013340803774191015,0.004750571235938743,-0.0029423259338518452,0.003521644379954584,-0.05625018107980793,0.04958629048194988,-0.035911977217768835,0.028523677957499008,0.002471877355497629,-0.012330396115437901,0.04626013585912349,-0.05083409127569853,0.06601796205641178,-0.06980499119471835,0.0017103636383714923,0.02079161661841579,-0.02487082320849631,0.04931766766495075,-0.05590040641998302,0.07220282810700124,-0.07468755928237639,0.08009070719057959,-0.07309971556102127,0.07108358184506745,-0.007677979008157242,-0.0852018268101593,0.08554597991978764,-0.09210030561699234,0.09210618350702962,-0.09253258548779657,0.0925831127537565,-0.09260213688628781,0.09264589337040106,-0.09265621760903063
-0.09780194552581,0.24999999999999997,-0.24711377778876228,0.24485979203457667,-0.2448489110957492,0.24476167750780708,-0.24483702699126772,0.24479804787403028,-0.2448182046018729,0.24483315763828092,0.11906787242671842,-0.2251302503159352,0.20326051112361024,-0.2043357429227755,0.15807491092981338,-0.15231616643129048,0.12292621806775003,-0.10666581294860293,0.07740687266938881,-0.07361171248752454,-0.1404020953792068,0.13571556930482878,-0.1556972897126624,0.128355209741082,-0.12600911604777337,0.06416222939026357,-0.07290888595624903,0.06736654318759759,-0.0730340209297738,0.07078216688275435,0.15487896405384205,-0.16046468675789846,0.12765989744314366,-0.11189426956341214,0.04241043255332037,-0.015345618073954608,-0.07294528503138094,0.0893948861067457,-0.1435306305610235,0.1586265376668593,-0.026294088299128868,-0.023541835193254843,0.034764462514179265,-0.10145195132025972,0.12290497612546658,-0.17306289454590693,0.18074038200083545,-0.19650969686696734,0.17127420177357489,-0.16388478616506807,0.03914064953084281,0.22286459099032724,-0.22371048612497924,0.24281235658603337,-0.24282946362174218,0.24442845920347972,-0.24455680429750584,0.24468870887213767,-0.24479758679190933,0.24484215235929535
0.09496990468114247,-0.24711377778876228,0.25,-0.24762880548891653,0.24761769030651268,-0.24752890849519119,0.24760584701605956,-0.2475655330237968,0.24758709795925032,-0.2476017766719318,-0.118507319853261,0.22769220384873637,-0.20587189417560225,0.2070038351167604,-0.16037403748756654,0.1545805353482178,-0.12495393272583302,0.10857703324346428,-0.07911740351719465,0.07527300797797049,0.1423037647977926,-0.1375753431257603,0.15797670050120838,-0.13049396742163175,0.1281348137027926,-0.065645388941059,0.07452067038581375,-0.06893501343960966,0.07467760403719899,-0.07239514958074444,-0.15703047269376078,0.162764267530521,-0.1296557002594763,0.11372107545080325,-0.04347541735686881,0.016066833802707136,0.07330066289948056,-0.0899813524127581,0.14487069373452116,-0.16018361893990002,0.026786889036067497,0.023457555244769897,-0.03481437992951914,0.10229129745952106,-0.12403288938536312,0.17484620988854996,-0.18262587363189484,0.198595647294211,-0.17301092996130504,0.16551841969113842,-0.03974067684626104,-0.22535919524945944,0.22621374314445672,-0.2455529441560421,0.24557024975320743,-0.2471918076092661,0.24732155451229695,-0.24745569172546777,0.24756573841346882,-0.2476109641243728
-0.09267149481679827,0.24485979203457667,-0.24762880548891653,0.2499999999999999,-0.24998004325866627,0.2498904529352641,-0.24996828670151552,0.24992727283144173,-0.24994954057231547,0.2499639815842874,0.11626572272644535,-0.22548056144858974,0.20355877403309494,-0.20740571905774632,0.16092135387915937,-0.15535769349282766,0.12565053026882328,-0.1092324862834056,0.07939086358912488,-0.07547273613810634,-0.14040307254573817,0.13543443265075508,-0.15769337182762883,0.1301931223018095,-0.12791705073753987,0.06536953055544625,-0.07454516309885953,0.06899393516063018,-0.07484324611200946,0.07252629699432693,0.15605448190741722,-0.16262792132504109,0.12927431738355005,-0.11332500046705499,0.042888117465229116,-0.015402803570764895,-0.07428470317483797,0.0910714354361645,-0.14634031284238722,0.16178811597326806,-0.026896841268549004,-0.02428429439297317,0.03570534572390899,-0.10358616034550737,0.1254731870348292,-0.17662150080203065,0.1844433038749527,-0.20051549665229546,0.1747223840709514,-0.16716974713291471,0.04005450730027286,0.22756923736377346,-0.2284342989017339,0.24789791183732465,-0.2479154016671237,0.24955035359154557,-0.24968136513026157,0.2498166064997081,-0.24992772441509717,0.249973349200098
0.09266154801952872,-0.2448489110957492,0.24761769030651268,-0.24998004325866627,0.24999999999999997,-0.2498941325691558,0.24997197284755696,-0.24993095189909986,0.2499532239366032,-0.2499676629875938,-0.11626054608242266,0.22548210749179953,-0.20356740496121462,0.207416984254868,-0.16093236535883657,0.1553687164065273,-0.12566084683632586,0.10924241431215749,-0.07939997673097411,0.07548168685576187,0.14040663304415935,-0.13543782093398146,0.1576998697528429,-0.13020230387406667,0.127926307901165,-0.06537776335157212,0.07455380531993927,-0.0690025945639016,0.07485211831130417,-0.07253508278733081,-0.15605935144200273,0.16263402876793268,-0.12928133801481995,0.11333199511635854,-0.04289473637731265,0.015408572158895567,0.07428143594591717,-0.09106882468069248,0.14633980774868596,-0.16178827462396436,0.026899098378585562,0.024281466477060774,-0.0357027004071812,0.1035845390597798,-0.12547235960367917,0.176622372630308,-0.1844444670782108,0.2005171622860466,-0.17472307542168472,0.16717014550970727,-0.04005661958131331,-0.2275723938560459,0.22843746060229234,-0.24790151251334944,0.24791900252077964,-0.249554021963617,0.24968503495446664,-0.2498202853152386,0.24993140427191038,-0.2499770312032458
-0.09268872598496301,0.24476167750780708,-0.24752890849519119,0.2498904529352641,-0.2498941325691558,0.24999999999999997,-0.2498823831499889,0.24984140185521256,-0.24986364284769896,0.24987807984202845,0.11626951587116356,-0.22540193130296898,0.20347809655038282,-0.20732144801124422,0.16084612087814346,-0.15528546931779177,0.12559074874365134,-0.10917755325890498,0.07934489122105978,-0.07542837816139619,-0.14035099433862577,0.13538415569110032,-0.15763000252140025,0.13013464376362746,-0.1278587644209902,0.06532852845892734,-0.07450120769503325,0.06895202171903617,-0.0747993599342431,0.07248331758027665,0.1559945527206627,-0.16256339789044905,0.12921975846306302,-0.11327541127093288,0.04286081778652571,-0.015385564296590125,-0.0742703425311106,0.09105024859532194,-0.14629680189644553,0.1617381889867541,-0.026883335881829708,-0.02428313174866795,0.03570016888784625,-0.10355732981504065,0.1254358473999893,-0.17656479128150873,0.18438360642350635,-0.20044986305914095,0.17466713667472977,-0.1671175606731095,0.04003724991143925,0.2274915226316217,-0.22835630555536848,0.24781284098868894,-0.24783032461141405,0.24946460984331928,-0.2495955775116172,0.24973075462260474,-0.2498418358293604,0.2498874411815388
0.09265827512498272,-0.24483702699126772,0.24760584701605956,-0.24996828670151552,0.24997197284755696,-0.2498823831499889,0.24999999999999986,-0.24991919780391844,0.2499414961253351,-0.24995590857048225,-0.1162563979343833,0.2254777919723365,-0.20355951442398215,0.20741281382513083,-0.16093541324339639,0.1553730275054064,-0.12567179990878433,0.10925350160804373,-0.07941132036842888,0.07549307367728368,0.14040963217616076,-0.13544125053219375,0.1577031827113936,-0.13020593882074974,0.12793040908027284,-0.06538739604425538,0.07456410541001295,-0.0690140436499072,0.07486348894838492,-0.07254648904984143,-0.1560616363245359,0.16263580324464003,-0.1292848012922753,0.1133359646693217,-0.04290114241776496,0.015415908664765911,0.07426977921893897,-0.09105719244928477,0.14632810427048745,-0.1617766256823842,0.026900617199696393,0.02427495219369098,-0.035695809367150076,0.10357521120884239,-0.12546266504568412,0.17661141167309385,-0.18443329844980372,0.20050543005806085,-0.17471144791729254,0.16715853355801621,-0.04005689393661229,-0.2275612597902805,0.2284262684882183,-0.24788976894424045,0.24790725846885353,-0.2495422732393144,0.24967327926503732,-0.2498085357970461,0.24991964849316037,-0.2499652759215858
-0.09269624311614098,0.24479804787403028,-0.2475655330237968,0.24992727283144173,-0.24993095189909986,0.24984140185521256,-0.24991919780391844,0.24999999999999997,-0.24990045638615896,0.24991489614189755,0.11627973265765311,-0.22543644924225292,0.20351340079944807,-0.20735618975024178,0.16087747501210192,-0.1553157121858287,0.12561501585178636,-0.1091994021701795,0.0793618803943794,-0.07544454300331387,-0.14037209808884976,0.13540457910991324,-0.15765396388530362,0.13015643126784282,-0.12788038047218286,0.0653430679364512,-0.0745171387391283,0.06896704291149358,-0.07481531906073197,0.0724989255739104,0.15601817404746401,-0.1625880578470334,0.12924002365222345,-0.11329358628771538,0.04286976543800452,-0.015390382105865432,-0.07427851626005412,0.09106117377678007,-0.14631673239645923,0.16176064643573074,-0.026888099191515486,-0.024285645205636613,0.03570433783156867,-0.10357126378055627,0.1254531915806482,-0.17658994973086728,0.18440995791512907,-0.2004786231722243,0.1746917095983478,-0.1671409047547667,0.04004385374715962,0.22752499232319476,-0.22838990001408493,0.24784932587482184,-0.24786681214290684,0.24950136172692777,-0.2496323484357476,0.24976754967191434,-0.24987864690559536,0.24992425986744352
0.09263904984774197,-0.2448182046018729,0.24758709795925032,-0.24994954057231547,0.2499532239366032,-0.24986364284769896,0.2499414961253351,-0.24990045638615896,0.25000000000000006,-0.24993716404065083,-0.11623833374495517,0.22546076282214997,-0.20354357409992246,0.20739542619035786,-0.1609541824609209,0.1553917154838961,-0.1256910010618829,0.1092727488695606,-0.07943123406727678,0.07551309256814406,0.14039350015463947,-0.13542556057442315,0.1576870603137784,-0.13019162436178666,0.12791940862669968,-0.0654079412153236,0.07458424345355558,-0.06903410344132473,0.07488336894577104,-0.07256651676299354,-0.15604549172819732,0.16261961768990668,-0.12926952440647374,0.1133232100767345,-0.04290045785166744,0.015418974102649695,0.07425028534817946,-0.09103783189041041,0.1463089261442717,-0.16175753315206098,0.026898917057349328,0.024272943302444623,-0.035692766120568084,0.10356549368552548,-0.12545141841007015,0.1765953963264966,-0.18441633670170954,0.20048647990029758,-0.17469244998120254,0.16713951605036578,-0.04005400469140492,-0.22754423332272333,0.22840916404139258,-0.2478710579964675,0.24788854779831346,-0.24952353702874325,0.2496545321736674,-0.24978979965227766,0.24990090243191806,-0.2499465309389637
-0.09265858719836355,0.24483315763828092,-0.2476017766719318,0.2499639815842874,-0.2499676629875938,0.24987807984202845,-0.24995590857048225,0.24991489614189755,-0.24993716404065083,0.2500000000000001,0.11625528298385109,-0.22546465028129953,0.20354342807112355,-0.2073925879888749,0.16091051540524623,-0.15534771928572483,0.12564267554144268,-0.10922560632262264,0.07938533745160356,-0.07546733498424837,-0.14039216608100138,0.13542360256148445,-0.15768273234232344,0.1301839364165924,-0.1279080573388069,0.06536390074934838,-0.07453946305139131,0.06898874446350538,-0.07483783118082163,0.07252099241704223,0.1560434238186081,-0.16261721602793577,0.12926525042912912,-0.11331685741306428,0.04288392064660048,-0.015400238915492994,-0.07428205458424308,0.09106783209698147,-0.14633360689262384,0.1617805569610414,-0.026895013845366657,-0.024284357192678612,0.03570478187966802,-0.10358190807187947,0.12546770412627573,-0.17661316336736357,0.18443451441651734,-0.20050581178663668,0.17471411015293495,-0.16716188925405426,0.04005218093743428,0.22755807774404474,-0.2284231004808375,0.2478856468921956,-0.2479031358785562,0.24953799725566053,-0.2496690024167884,0.2498042357177507,-0.24991534825417017,0.2499609704962969
-0.22411690891167038,0.11906787242671842,-0.118507319853261,0.11626572272644535,-0.11626054608242266,0.11626951587116356,-0.1162563979343833,0.11627973265765311,-0.11623833374495517,0.11625528298385109,0.2499999999999999,-0.134706297392568,0.10465352340119417,-0.08911513096319607,0.05747518712320844,-0.05220648956827137,0.03636632970812948,-0.02616692720528237,0.010396833674492869,-0.010057094529109542,-0.07492122468259822,0.07415041671715714,-0.06895851747782182,0.04788118319184528,-0.04547241441653652,0.009798351844687919,-0.012232187537351183,0.008434664477334012,-0.01082487081029312,0.009974872925106513,0.07444842833660871,-0.06945821222384492,0.05316430343310419,-0.044332341607394715,0.006747287664594039,0.00605094833626981,-0.04927385916016028,0.05580837049963443,-0.07739572634000522,0.08304252468721933,-0.006070764278803624,-0.0198502039302986,0.0250838668448414,-0.05633737832572325,0.06539879499865886,-0.08734163752557639,0.09070873834971882,-0.09784215977123703,0.08787240197903612,-0.08497678015246167,0.012933764000415442,0.10644251753714001,-0.10686017805762828,0.11545687645439462,-0.11546443697780004,0.11608433542523039,-0.11614679697831984,0.11618498664887882,-0.11623868957569544,0.11625466961221768
0.1091929365474816,-0.2251302503159352,0.22769220384873637,-0.22548056144858974,0.22548210749179953,-0.22540193130296898,0.2254777919723365,-0.22543644924225292,0.22546076282214997,-0.22546465028129953,-0.134706297392568,0.2500000000000001,-0.21853770627351843,0.20180240014844675,-0.15377017050572195,0.1452426263621414,-0.11916402613371335,0.10452111400287886,-0.08203899475537672,0.08015169954389764,0.16059911353578962,-0.15843817918281633,0.1678063426693928,-0.14035511557798921,0.1373193855655113,-0.07521868046352731,0.08138050606599062,-0.07560286343190636,0.08034440597093062,-0.07828349981693346,-0.16817998865216072,0.16764452744542388,-0.14011638144200728,0.1242348098178035,-0.05506465536379272,0.028046420534383318,0.0593460352852635,-0.07542149737330042,0.12802771064845736,-0.14260131518062016,0.026753022126124452,0.012943047713143807,-0.023574892826839132,0.08648542901109647,-0.1074044634192348,0.15618892235214302,-0.16376815064858488,0.17908079536167604,-0.1548154987735063,0.14769044076456087,-0.03733549532332627,-0.20457782576024172,0.20532223368447086,-0.22351846947523293,0.22353379772042434,-0.22508080896995464,0.22519814536599378,-0.22533015645040846,0.22542946211379553,-0.22547268271854345
-0.07958361740433109,0.20326051112361024,-0.20587189417560225,0.20355877403309494,-0.20356740496121462,0.20347809655038282,-0.20355951442398215,0.20351340079944807,-0.20354357409992246,0.20354342807112355,0.10465352340119417,-0.21853770627351843,0.2500000000000001,-0.2284197398767938,0.17952629803390605,-0.16863558615010973,0.1412989110051445,-0.12628340471037267,0.10340732669958513,-0.10136389730147491,-0.1594047871012282,0.1580755140678048,-0.17234412396152674,0.16134623892974026,-0.158323968164078,0.0966337521567111,-0.10212447091490502,0.09691661490954467,-0.10143973086242124,0.0994329210206861,0.1675495860233797,-0.16865944144779085,0.15163972218005423,-0.13775472695865537,0.07648815294097466,-0.04945136997051507,-0.0373989231938592,0.05350325502837006,-0.10595269967771397,0.12068572015103693,-0.030460074680521282,0.0013708934360892307,0.008236847950786675,-0.0648403519489664,0.085774473004551,-0.13418424400887596,0.14188917289986833,-0.15705754684247777,0.13296296101541147,-0.12585791016917106,0.03840316342865926,0.18396057481273448,-0.18459327662276784,0.20159739963008871,-0.20161037162388148,0.20317180209963523,-0.2032759073594751,0.20342030988774645,-0.20350776378610788,0.2035520724693197
0.06455364325589708,-0.2043357429227755,0.2070038351167604,-0.20740571905774632,0.207416984254868,-0.20732144801124422,0.20741281382513083,-0.20735618975024178,0.20739542619035786,-0.2073925879888749,-0.08911513096319607,0.20180240014844675,-0.2284197398767938,0.24999999999999994,-0.20074095553786214,0.1885459199506921,-0.15889853364298198,0.14307980227706724,-0.1174827491054065,0.11469080267118621,0.15618905740214226,-0.153945645532838,0.1786558496430978,-0.1726636099504205,0.17006181018067684,-0.10784445908569175,0.11438270709496365,-0.10950921612357876,0.1144341839539817,-0.11225335234786975,-0.16898408962607164,0.1747643612935325,-0.15934888801661032,0.14583869576925196,-0.0853984849699705,0.05757574301305131,0.03170313800083983,-0.04862464564666552,0.10376193396544128,-0.11948656748803992,0.03402370490616252,-0.005794996101588367,-0.0039685710942113815,0.06147674329004742,-0.08345928288266544,0.13405747998186637,-0.14213630079891335,0.157939654374946,-0.13252478636268236,0.12501820122671584,-0.04167176388819716,-0.18718723119876104,0.18782303484842236,-0.20533082017969698,0.20534398379214605,-0.2070028614473468,0.20710819565576086,-0.207266567546899,0.2073547293897376,-0.20740225340841875
-0.036854963572107,0.15807491092981338,-0.16037403748756654,0.16092135387915937,-0.16093236535883657,0.16084612087814346,-0.16093541324339639,0.16087747501210192,-0.1609541824609209,0.16091051540524623,0.05747518712320844,-0.15377017050572195,0.17952629803390605,-0.20074095553786214,0.24999999999999967,-0.23639648718930398,0.20646291980830012,-0.1903678780025041,0.16401118488475452,-0.16093724092545744,-0.11974472126788704,0.11874743054992008,-0.14324404954642864,0.1512110407932379,-0.15475076732729307,0.15310806446646602,-0.15965859224949244,0.1555508241355082,-0.16022491723982138,0.15838890234799335,0.13180470702142943,-0.13747758737029273,0.1287528038180219,-0.12169030962079723,0.09083234719408818,-0.07055652277340448,0.01428099164400587,0.002729965351903598,-0.05757271011755354,0.0733078501555469,-0.03150296339040286,0.012949974970924538,-0.005903287844719285,-0.03435580098147988,0.053103086111017474,-0.09368093378119212,0.09987850395651605,-0.1115956926505649,0.08639631310063114,-0.07893848421971625,0.03611873927529275,0.14499101309665147,-0.14543750795198748,0.15893825471062098,-0.15895072399379026,0.16054574878990832,-0.16062411546566793,0.16080624822778017,-0.16086999015337175,0.16091944299963795
0.03232224200110632,-0.15231616643129048,0.1545805353482178,-0.15535769349282766,0.1553687164065273,-0.15528546931779177,0.1553730275054064,-0.1553157121858287,0.1553917154838961,-0.15534771928572483,-0.05220648956827137,0.1452426263621414,-0.16863558615010973,0.1885459199506921,-0.23639648718930398,0.24999999999999983,-0.21956394963367803,0.20281295883101788,-0.17352819433698172,0.16960880515910345,0.11350848855223754,-0.11244357975550714,0.13705856939043506,-0.14756597392288723,0.15200323307882754,-0.15973334768958508,0.16722823530356992,-0.163404637037485,0.16853216878990754,-0.1667308666881427,-0.12574878384750166,0.13157494987377769,-0.12337225585485502,0.11729437613673599,-0.09100491166554994,0.07181402439723009,-0.020345197546224453,0.0032679279058127697,0.05171335400480334,-0.06749363303829732,0.031190792008353903,-0.0133838225430009,0.006690288515973542,0.03131087702002603,-0.04962473814123228,0.08882104305335235,-0.09474827669941384,0.1058908718040939,-0.0806299898260339,0.07315359207707593,-0.03551349801000299,-0.1399768317924964,0.14040218946480346,-0.15338213948911614,0.15339464330127325,-0.15498467542429398,0.15505978862549294,-0.1552456055502055,0.15530637041431844,-0.15535623658028475
-0.018936112055248148,0.12292621806775003,-0.12495393272583302,0.12565053026882328,-0.12566084683632586,0.12559074874365134,-0.12567179990878433,0.12561501585178636,-0.1256910010618829,0.12564267554144268,0.03636632970812948,-0.11916402613371335,0.1412989110051445,-0.15889853364298198,0.20646291980830012,-0.21956394963367803,0.25000000000000006,-0.23140604034537773,0.201739193439812,-0.1977439770562489,-0.10395970978061202,0.1038145000988642,-0.12825019923753683,0.14306533371652852,-0.14869317842301405,0.17736719949451482,-0.18963983193775377,0.19152656015434372,-0.19647523612257636,0.19484506056472997,0.11518690202968705,-0.12040992576242238,0.11671009710726982,-0.11265172837884728,0.09588168780246732,-0.0811191635794851,0.04910392320375576,-0.03203114845442831,-0.0225661055136443,0.03835657945883553,-0.03028773665448764,0.022007579334132103,-0.016654201190525908,-0.012788720252467675,0.02930838473299794,-0.06291957356666125,0.06774222459976148,-0.07645059488599595,0.05148759796637002,-0.04407624409737368,0.032080255224906776,0.1125131200310483,-0.11280109728953672,0.12373355453645961,-0.12374566562103599,0.12529577970810962,-0.12535361403317105,0.1255537268406231,-0.1255989038302668,0.12564979348615074
0.00981818991622443,-0.10666581294860293,0.10857703324346428,-0.1092324862834056,0.10924241431215749,-0.10917755325890498,0.10925350160804373,-0.1091994021701795,0.1092727488695606,-0.10922560632262264,-0.02616692720528237,0.10452111400287886,-0.12628340471037267,0.14307980227706724,-0.1903678780025041,0.20281295883101788,-0.23140604034537773,0.24999999999999997,-0.2201509301419421,0.2160537008266989,0.10216290320598201,-0.1025980917186126,0.12716240572918688,-0.14416743490554335,0.1509623044785622,-0.19102364402691965,0.2052818785977079,-0.2097572453611276,0.21465988683598616,-0.21310380362217693,-0.11291712358226319,0.11790406567889562,-0.11675838436141846,0.11381165364369868,-0.10188733138578336,0.08916039999877631,-0.06647221804363397,0.049254644986223756,0.005586506899591201,-0.021533161327694717,0.030829887119491202,-0.028869697795286173,0.024177857622361607,0.0010012312958405589,-0.016773938664060725,0.047862943275665426,-0.05219917551680883,0.05976414076430576,-0.03477593432766589,0.027340326863360968,-0.030995589897180077,-0.09716591565882733,0.09737318012021998,-0.10732910039830565,0.1073409054981213,-0.1088855171125365,0.10893361596264219,-0.10914392132402506,0.10918027346041335,-0.10923220546005977
0.004041790402215944,0.07740687266938881,-0.07911740351719465,0.07939086358912488,-0.07939997673097411,0.07934489122105978,-0.07941132036842888,0.0793618803943794,-0.07943123406727678,0.07938533745160356,0.010396833674492869,-0.08203899475537672,0.10340732669958513,-0.1174827491054065,0.16401118488475452,-0.17352819433698172,0.201739193439812,-0.2201509301419421,0.24999999999999986,-0.24496309451198864,-0.10995924477873607,0.11152107397311765,-0.13584890154687504,0.15586778792256598,-0.16373505808661082,0.21437407892622923,-0.22939350225830893,0.2359941817975651,-0.2407333133690347,0.2392808661496247,0.11941518346398382,-0.12361954578284527,0.1271224516265699,-0.12545087188658147,0.11917853284832239,-0.10833107696782279,0.09430989985290185,-0.07720000505719861,0.023075044400700375,-0.007134903669124559,-0.03448787513532306,0.04638861256282809,-0.04256315018166446,0.022957998259815354,-0.008041104920021858,-0.020206294836459176,0.024130065738256278,-0.030484766238986945,0.006029973692215145,0.001287996522949298,0.03132945433187772,0.06880123874885714,-0.06885927340752145,0.0775309056891775,-0.07754120677057125,0.0790640016639672,-0.07909452085973993,0.07931780950757143,-0.0793384525874897,0.07939106800701978
-0.003885946302144648,-0.07361171248752454,0.07527300797797049,-0.07547273613810634,0.07548168685576187,-0.07542837816139619,0.07549307367728368,-0.07544454300331387,0.07551309256814406,-0.07546733498424837,-0.010057094529109542,0.08015169954389764,-0.10136389730147491,0.11469080267118621,-0.16093724092545744,0.16960880515910345,-0.1977439770562489,0.2160537008266989,-0.24496309451198864,0.2499999999999999,0.11139591521926796,-0.11321997825605673,0.13766623637786982,-0.15792334820034717,0.16600409120288895,-0.21804286250163804,0.23340953091705835,-0.24062049026247723,0.24535508853685473,-0.24391233481289976,-0.12067750893656401,0.12488229369588047,-0.12904318784682697,0.12754039722876356,-0.12194549830078577,0.11135234971224289,-0.09861913395667754,0.08145970715720172,-0.02722968045210698,0.011223795658786787,0.03482356066610669,-0.04899627597518113,0.04527996411085102,-0.026391429004260232,0.01154709602254544,0.016382912693361822,-0.020256406352193262,0.026452467560758353,-0.00198301970047446,-0.005346223131451414,-0.031123406225510835,-0.06505644903426594,0.06509122889849729,-0.07361172199192526,0.07362186380064316,-0.07514733562714977,0.07517548271818636,-0.0754014960578228,0.07541999273017522,-0.07547291304329731
0.0591201091023168,-0.1404020953792068,0.1423037647977926,-0.14040307254573817,0.14040663304415935,-0.14035099433862577,0.14040963217616076,-0.14037209808884976,0.14039350015463947,-0.14039216608100138,-0.07492122468259822,0.16059911353578962,-0.1594047871012282,0.15618905740214226,-0.11974472126788704,0.11350848855223754,-0.10395970978061202,0.10216290320598201,-0.10995924477873607,0.11139591521926796,0.24999999999999994,-0.24452572743310896,0.22205295834121608,-0.19434162013279602,0.18973069429911843,-0.12800454775753034,0.12102842380301654,-0.11340488666229345,0.11245525191269212,-0.1109867420794427,-0.23059148141379063,0.21538675105681068,-0.19576763819704782,0.17980872479246998,-0.1130816311686011,0.08677656822237234,-0.004564953325382467,-0.01002112199916764,0.05659479410852681,-0.06951531484997486,0.04142118114153799,-0.045021441843160516,0.035829365306025096,0.017627096843391532,-0.036608150689254326,0.08005496004519584,-0.08730217875898993,0.10076216864779493,-0.08022701716494902,0.0740828279300883,-0.042195033956606474,-0.1226920839955486,0.12300871117983296,-0.13871086123171347,0.1387198993337275,-0.14009203006189663,0.14016043175959556,-0.14030221397276846,0.140358710607427,-0.1403980058922585
-0.058627523410602574,0.13571556930482878,-0.1375753431257603,0.13543443265075508,-0.13543782093398146,0.13538415569110032,-0.13544125053219375,0.13540457910991324,-0.13542556057442315,0.13542360256148445,0.07415041671715714,-0.15843817918281633,0.1580755140678048,-0.153945645532838,0.11874743054992008,-0.11244357975550714,0.1038145000988642,-0.1025980917186126,0.11152107397311765,-0.11321997825605673,-0.24452572743310896,0.2500000000000001,-0.2227954280413994,0.1951728863148005,-0.1906207102473014,0.13010051660133343,-0.12290210962992625,0.11533922476847061,-0.11430170085144234,0.11287288760316933,0.22595474082561975,-0.21180845564246725,0.19675065369793326,-0.1809683422404512,0.11502533692120673,-0.08905175650644456,0.008082425192492654,0.00636648641200111,-0.052457230305692285,0.065265790791457,-0.04125293519272784,0.04657157066261445,-0.03766100104907725,-0.014087831273948484,0.032860631520628285,-0.07575189378361093,0.08292379415535191,-0.09618412457974648,0.07587864013502812,-0.06979984658123582,0.04159290832179722,0.11814633434632653,-0.11844221472406127,0.13375991196427375,-0.13376848908759886,0.1351282228031455,-0.13519379969027162,0.13533611996031836,-0.13539013298714375,0.13542920050069715
0.04925747914900953,-0.1556972897126624,0.15797670050120838,-0.15769337182762883,0.1576998697528429,-0.15763000252140025,0.1577031827113936,-0.15765396388530362,0.1576870603137784,-0.15768273234232344,-0.06895851747782182,0.1678063426693928,-0.17234412396152674,0.1786558496430978,-0.14324404954642864,0.13705856939043506,-0.12825019923753683,0.12716240572918688,-0.13584890154687504,0.13766623637786982,0.22205295834121608,-0.2227954280413994,0.25000000000000033,-0.22121119580753892,0.2166476813990383,-0.15401949836750337,0.14744365397046827,-0.13942815793785365,0.1386670234546815,-0.13656923874309962,-0.23049452834932818,0.23340689587207208,-0.22157395865847282,0.20544173008404998,-0.13518766083096806,0.10692588809192764,-0.01801047740794209,0.000929450483667549,0.05404795528407404,-0.0702579250352611,0.052833248347805443,-0.05712992865388855,0.047111556113777965,0.011314151579535607,-0.033690762459536894,0.08433194480519932,-0.09272475973269052,0.10822532151787251,-0.08344574434383886,0.07601241389186306,-0.05319927017628177,-0.137542887102433,0.13789939211389066,-0.15561796038882833,0.1556283209542266,-0.1573186335370756,0.15739386485418302,-0.1575793125775247,0.1576406127304374,-0.1576903357001762
-0.029407426858931992,0.128355209741082,-0.13049396742163175,0.1301931223018095,-0.13020230387406667,0.13013464376362746,-0.13020593882074974,0.13015643126784282,-0.13019162436178666,0.1301839364165924,0.04788118319184528,-0.14035511557798921,0.16134623892974026,-0.1726636099504205,0.1512110407932379,-0.14756597392288723,0.14306533371652852,-0.14416743490554335,0.15586778792256598,-0.15792334820034717,-0.19434162013279602,0.1951728863148005,-0.22121119580753892,0.25000000000000033,-0.24016643448210495,0.1772136084111028,-0.1681284737845566,0.1603447365422529,-0.1591998761579738,0.15732320952590434,0.2034541270085486,-0.2078544891774708,0.210854403880866,-0.201572629965931,0.1587688111902265,-0.13064171223375537,0.042820034313916004,-0.02592921390976633,-0.028114830876503263,0.0441128543847748,-0.054290087173401703,0.06553646390179027,-0.057793519872688284,0.013163105406744334,0.008749856320257801,-0.05785143336950709,0.06630045639843328,-0.08146796543894853,0.05713114271486529,-0.04982489735581314,0.05255416235330026,0.11290878592826688,-0.11316167124522183,0.1281550552104128,-0.12816153542057657,0.1298388474383409,-0.12989788553341916,0.13009411831227335,-0.1301409975631495,0.13019110507273923
0.027066118450569075,-0.12600911604777337,0.1281348137027926,-0.12791705073753987,0.127926307901165,-0.1278587644209902,0.12793040908027284,-0.12788038047218286,0.12791940862669968,-0.1279080573388069,-0.04547241441653652,0.1373193855655113,-0.158323968164078,0.17006181018067684,-0.15475076732729307,0.15200323307882754,-0.14869317842301405,0.1509623044785622,-0.16373505808661082,0.16600409120288895,0.18973069429911843,-0.1906207102473014,0.2166476813990383,-0.24016643448210495,0.25000000000000006,-0.18582840601377582,0.17625562016888488,-0.16838642641162377,0.16721739202684727,-0.16535207444575534,-0.19894583441273983,0.20330704985669135,-0.20694262173938877,0.19971596951321624,-0.16496116140180747,0.13646946894079678,-0.04778824726791336,0.03061570062835214,0.024270445703538614,-0.040497183385322495,0.055067502683601534,-0.06679312856572657,0.05941306412314652,-0.01701594804601376,-0.005111774599999388,0.05455913128626429,-0.06313133664995364,0.07844815595332967,-0.05371807995844998,0.04629791052197209,-0.053071765201549284,-0.1109577188693993,0.11120155479927474,-0.1258509437978055,0.12585687963267794,-0.12755990747572396,0.12761732173537724,-0.12781883699672367,0.12786415835532097,-0.127915225773049
0.0027667060409825874,0.06416222939026357,-0.065645388941059,0.06536953055544625,-0.06537776335157212,0.06532852845892734,-0.06538739604425538,0.0653430679364512,-0.0654079412153236,0.06536390074934838,0.009798351844687919,-0.07521868046352731,0.0966337521567111,-0.10784445908569175,0.15310806446646602,-0.15973334768958508,0.17736719949451482,-0.19102364402691965,0.21437407892622923,-0.21804286250163804,-0.12800454775753034,0.13010051660133343,-0.15401949836750337,0.1772136084111028,-0.18582840601377582,0.25000000000000017,-0.22976090456484086,0.22180682192106416,-0.2198927180632539,0.2185722309264781,0.13695936652002863,-0.14102768145388472,0.14777697488265948,-0.1456564812010061,0.13795224972112383,-0.1254180026079196,0.10426951042659041,-0.08751749508568778,0.03470281631371995,-0.018995876080191446,-0.04332274293184011,0.06354377967253219,-0.059555044316627094,0.038939633544026776,-0.023522528156738404,-0.006187795399008883,0.010596802661893228,-0.017604031965157297,-0.006108617874559574,0.013236492447782964,0.03835483858778866,0.05460800843407228,-0.05460537938035448,0.06353383904141748,-0.0635422825956185,0.06505674926912532,-0.06507897888744968,0.065303826430101,-0.06531729658075122,0.0653692200335193
-0.0013340803774191015,-0.07290888595624903,0.07452067038581375,-0.07454516309885953,0.07455380531993927,-0.07450120769503325,0.07456410541001295,-0.0745171387391283,0.07458424345355558,-0.07453946305139131,-0.012232187537351183,0.08138050606599062,-0.10212447091490502,0.11438270709496365,-0.15965859224949244,0.16722823530356992,-0.18963983193775377,0.2052818785977079,-0.22939350225830893,0.23340953091705835,0.12102842380301654,-0.12290210962992625,0.14744365397046827,-0.1681284737845566,0.17625562016888488,-0.22976090456484086,0.25000000000000006,-0.2389618589967876,0.23579911415989088,-0.23417509874752337,-0.1305005820080985,0.13484760543291638,-0.14006564947825886,0.1380551081215394,-0.13055915978652569,0.11870777790764361,-0.10116141236873137,0.08383428133428107,-0.029102684602033975,0.01291261644020185,0.03955484452244206,-0.0557589101308195,0.05172878504405036,-0.03097047650039142,0.015489746361986394,0.014056748301880199,-0.018287690132217264,0.02507499382969006,-0.0004189293445905348,-0.006974767866907483,-0.03545541636860626,-0.06359359306193837,0.0636238961068036,-0.07265492590881624,0.07266464651911224,-0.07421751606785118,0.07424480202909403,-0.07447386753026095,0.0744915820244535,-0.07454505752860706
0.004750571235938743,0.06736654318759759,-0.06893501343960966,0.06899393516063018,-0.0690025945639016,0.06895202171903617,-0.0690140436499072,0.06896704291149358,-0.06903410344132473,0.06898874446350538,0.008434664477334012,-0.07560286343190636,0.09691661490954467,-0.10950921612357876,0.1555508241355082,-0.163404637037485,0.19152656015434372,-0.2097572453611276,0.2359941817975651,-0.24062049026247723,-0.11340488666229345,0.11533922476847061,-0.13942815793785365,0.1603447365422529,-0.16838642641162377,0.22180682192106416,-0.2389618589967876,0.2500000000000001,-0.24382292762859484,0.2418459366878954,0.12276781690537622,-0.12700993879346265,0.1320912669956713,-0.1310311248963847,0.12708962455832432,-0.11673814261991884,0.10521471941243471,-0.08801776488351622,0.03376375772421671,-0.017715987136099686,-0.03698395917221307,0.053869885646345955,-0.05027777851874481,0.03221530927578336,-0.01745103897868949,-0.010089466566589185,0.013928937364568142,-0.01995057081760682,-0.004483974362646252,0.01181069300950628,0.0326248334223694,0.05878888672517007,-0.05879528272629626,0.06713524481378347,-0.06714505484408351,0.06867189651811702,-0.06869616350176286,0.06892579694500779,-0.06894081196719433,0.06899404772146024
-0.0029423259338518452,-0.0730340209297738,0.07467760403719899,-0.07484324611200946,0.07485211831130417,-0.0747993599342431,0.07486348894838492,-0.07481531906073197,0.07488336894577104,-0.07483783118082163,-0.01082487081029312,0.08034440597093062,-0.10143973086242124,0.1144341839539817,-0.16022491723982138,0.16853216878990754,-0.19647523612257636,0.21465988683598616,-0.2407333133690347,0.24535508853685473,0.11245525191269212,-0.11430170085144234,0.1386670234546815,-0.1591998761579738,0.16721739202684727,-0.2198927180632539,0.23579911415989088,-0.24382292762859484,0.25000000000000006,-0.24662457933762433,-0.12169114897078347,0.1259260506227337,-0.1301585961435068,0.12884717165492418,-0.12403786371590489,0.11340350430622498,-0.10086377460340133,0.0835387982016353,-0.028804741183841465,0.012645884361975229,0.03534694782656733,-0.050241241234521034,0.046535826951919615,-0.02776508145027493,0.012812189827277781,0.015267730380067387,-0.019164579185743665,0.025373139129930243,-0.0006858570704395906,-0.006710095270303098,-0.03146151569943709,-0.06439999177805637,0.06442856282586837,-0.07296596056475932,0.07297611722621071,-0.07451552081761291,0.07454313794379827,-0.07477193850074244,0.07478989729303392,-0.07484336255661861
0.003521644379954584,0.07078216688275435,-0.07239514958074444,0.07252629699432693,-0.07253508278733081,0.07248331758027665,-0.07254648904984143,0.0724989255739104,-0.07256651676299354,0.07252099241704223,0.009974872925106513,-0.07828349981693346,0.0994329210206861,-0.11225335234786975,0.15838890234799335,-0.1667308666881427,0.19484506056472997,-0.21310380362217693,0.2392808661496247,-0.24391233481289976,-0.1109867420794427,0.11287288760316933,-0.13656923874309962,0.15732320952590434,-0.16535207444575534,0.2185722309264781,-0.23417509874752337,0.2418459366878954,-0.24662457933762433,0.24999999999999994,0.11987564052119402,-0.12381260445884532,0.12820962813881495,-0.12694716628739716,0.12243840269999663,-0.11198404262397484,0.0996754438976129,-0.08268423615190013,0.029038670981132053,-0.013200179970158385,-0.034564976277678315,0.04971007340637804,-0.04612526597741797,0.028013305554522763,-0.013350053027560973,-0.014157193475223567,0.017979616179450587,-0.024053897130505864,-0.0001302475909958931,0.0073755812791025215,0.030645521458792832,0.06235155763721404,-0.06237424575867505,0.07068698808357002,-0.0706968451956167,0.07220562801656946,-0.07223220034183574,0.07245683071323959,-0.07247399170605494,0.0725264149626242
-0.05625018107980793,0.15487896405384205,-0.15703047269376078,0.15605448190741722,-0.15605935144200273,0.1559945527206627,-0.1560616363245359,0.15601817404746401,-0.15604549172819732,0.1560434238186081,0.07444842833660871,-0.16817998865216072,0.1675495860233797,-0.16898408962607164,0.13180470702142943,-0.12574878384750166,0.11518690202968705,-0.11291712358226319,0.11941518346398382,-0.12067750893656401,-0.23059148141379063,0.22595474082561975,-0.23049452834932818,0.2034541270085486,-0.19894583441273983,0.13695936652002863,-0.1305005820080985,0.12276781690537622,-0.12169114897078347,0.11987564052119402,0.24999999999999997,-0.23391909571410208,0.20663147383801456,-0.1905162563837236,0.12142931978755965,-0.09386676631878417,0.0073596208112082385,0.008777646626103872,-0.0605841414345299,0.07541250337978948,-0.050144956448186256,0.05151189015695065,-0.041140487208431144,-0.019409944863552093,0.04037701092860051,-0.08809992064088233,0.09599250531348882,-0.11068199407656278,0.08757661626759793,-0.08065676101355418,0.05144434339026492,0.13609583816603113,-0.136467751357402,0.15413705569075997,-0.15414797459028282,0.15570294462161688,-0.1557786723507544,0.15594296779810152,-0.1560052594336279,0.15605040007362495
0.04958629048194988,-0.16046468675789846,0.162764267530521,-0.16262792132504109,0.16263402876793268,-0.16256339789044905,0.16263580324464003,-0.1625880578470334,0.16261961768990668,-0.16261721602793577,-0.06945821222384492,0.16764452744542388,-0.16865944144779085,0.1747643612935325,-0.13747758737029273,0.13157494987377769,-0.12040992576242238,0.11790406567889562,-0.12361954578284527,0.12488229369588047,0.21538675105681068,-0.21180845564246725,0.23340689587207208,-0.2078544891774708,0.20330704985669135,-0.14102768145388472,0.13484760543291638,-0.12700993879346265,0.1259260506227337,-0.12381260445884532,-0.23391909571410208,0.2500000000000001,-0.21664157176537194,0.20051915729560396,-0.13025339755736473,0.10203464100657493,-0.013076597304853634,-0.003988789737672819,0.05898202800692256,-0.07521372297171305,0.060716108809270385,-0.06246546505052119,0.050994807969861715,0.016228417212831362,-0.038601610802955266,0.08926591397301156,-0.09763209230523076,0.1131597347210171,-0.0883971091639836,0.08096404582071896,-0.06188493121124437,-0.14078238992107275,0.14118006991316123,-0.1605507812454276,0.16056310784440891,-0.1622505080895889,0.1623286994628348,-0.1625114769530716,0.1625754385683265,-0.16262493777218498
