x1,x2,x3,x4,x5,x6,x7,x8,x9,x10,x11,x12,x13,x14,x15,x16,x17,x18,x19,x20,x21,x22,x23,x24,x25,x26,x27,x28,x29,x30,x31,x32,x33,x34,x35,x36,x37,x38,x39,x40,x41,x42,x43,x44,x45,x46,x47,x48,x49,x50,x51,x52,x53,x54,x55,x56,x57,x58,x59,x60
0.25000000000000006,0.2494964893719229,0.24913582834982226,0.24976980576798985,0.2494689044381987,0.24966154242994726,0.2496908405107627,0.2497705169328196,0.24911765884610848,0.2497970643430628,0.2494462410361552,0.22785573954955654,0.18860208099041526,0.23918462794913656,0.16071331397705757,0.22297706691027083,0.19397107936960079,0.23278212488603275,0.19607518746089186,0.24963611907536953,0.24834126413417545,0.19897423035732767,0.21836948209931223,0.19200835086871182,0.2160769726597398,0.19003517910589873,0.20274705855315678,0.18896076217880756,0.21461307454294384,0.24922445569166046,0.24744668448337354,0.19787883255670533,0.2082874599042915,0.19135447991083424,0.2211050028580971,0.18596201602547782,0.21197163483744963,0.1899503724169601,0.21841460434290705,0.249549677664758,0.2495273164111004,0.21855350509587562,0.18949815750380705,0.23218562011028243,0.1791667854102493,0.2161549661272073,0.19946630243319224,0.22070452909819396,0.19517625232419936,0.2492414514990879,0.24956802179593138,0.24953823706524228,0.24909908324906563,0.24975651015153408,0.2493442268296393,0.24969051433283393,0.24936279075070994,0.24978529357059637,0.24927436216676693,0.2497954740393072
0.2494964893719229,0.25000000000000006,0.2490256997933314,0.24966081806358506,0.24936023003794563,0.24955270869701277,0.24958197139358118,0.24966153393305945,0.24900886113941448,0.24968806875140864,0.24933751990309774,0.22775624502874264,0.1885204091782109,0.23909078866023523,0.1606278387915103,0.22289559744909962,0.1938850056266632,0.23268922195439878,0.1959949430446634,0.24952718729406703,0.24823276509569048,0.19890708562391043,0.21826563840432658,0.19193374381646922,0.21598754904609488,0.18995540885491594,0.20266588185975512,0.18888077119834787,0.21451896718628635,0.2491157155915693,0.24733852599164582,0.19778687013038787,0.20820136269741715,0.191266991209903,0.22101082099774583,0.18588021799807675,0.2118804547242143,0.18986538458060334,0.21832260656990068,0.24944078171295353,0.24941843572524702,0.2184611732044043,0.18941315014220167,0.2320842355483588,0.17908808502071266,0.21605797552205516,0.1993791657237416,0.2206053398037819,0.1950909454254367,0.2491327197653595,0.2494591169619541,0.2494293535916825,0.2489903560977146,0.2496475314491716,0.2492354224445094,0.24958156588450212,0.2492539741024703,0.24967630227656246,0.24916556654249614,0.24968647830291876
0.24913582834982226,0.2490256997933314,0.25,0.24929897799091152,0.24899896708651603,0.24919060982898344,0.24922036544127613,0.2492997570935545,0.24864794285514594,0.24932625244143317,0.24897555786981446,0.22739207784369359,0.1881131089656786,0.23874136295540005,0.16038517897284787,0.2225442745396289,0.19356368628337672,0.2323523545501475,0.19569232255100383,0.24916556981511506,0.2478738889164169,0.1985830314964966,0.21796521242358138,0.19160899794771977,0.2156603194845965,0.18972944087264412,0.2023549196555592,0.18864841191001333,0.2142044104904417,0.24875470899778862,0.2469803680407223,0.19752120670799442,0.20787690354398117,0.19100630090503043,0.22068282909742734,0.18561224081596042,0.21157102609422054,0.18958941941074997,0.21799711181178702,0.24907936551201149,0.249057016525012,0.21813295135529734,0.18914530705575264,0.23174767363521265,0.17883072265250705,0.21575301858692633,0.19908511592236164,0.22029592459074482,0.19480691082374976,0.24877164968649138,0.2490976843873725,0.249067916738262,0.24862968428233606,0.24928577851995903,0.2488742546525255,0.24921990570810715,0.24889286639308236,0.24931450774229053,0.2488046262051362,0.24932466902435493
0.24976980576798985,0.24966081806358506,0.24929897799091152,0.24999999999999994,0.2496329952742409,0.24982575071077887,0.24985509544093593,0.24993480238305604,0.24928148217125087,0.24996136674049302,0.24961031805028333,0.22800555502701594,0.1887211431042295,0.2393476439621784,0.16081416048655373,0.22313281824408293,0.1940974168434558,0.2329409624890454,0.19620765366471185,0.24980030395835773,0.24850463871170317,0.19911778658856302,0.21850576951967093,0.19214074657358893,0.21621632939525523,0.1901681940074298,0.20287948778939277,0.18909195907518234,0.2147511376713608,0.24938840427978518,0.24760904780786747,0.19800566075572956,0.20842734735289975,0.19147766753956785,0.2212516277949196,0.18608370528644905,0.21211197637160023,0.19007265453751385,0.21856163388330702,0.24971380998486187,0.24969144127832235,0.21869975537970118,0.1896206646959238,0.2323389080345729,0.17928368968426614,0.21629656541031617,0.19959826148168433,0.2208487851290587,0.1953043721810956,0.24940540849851145,0.24973216533922074,0.24970236875980206,0.2492629065686883,0.24992078540080767,0.24950824004599353,0.24985474710760638,0.2495267953011195,0.24994958773080656,0.24943830412575593,0.2499597748954028
0.2494689044381987,0.24936023003794563,0.24899896708651603,0.2496329952742409,0.25,0.249524639891568,0.24955681370776456,0.24963370374063037,0.24899133520776362,0.24966022086590045,0.24930946017662842,0.22772039482919515,0.18853562677627048,0.23907862385879486,0.16068659593146606,0.22286157533992487,0.19381930031079764,0.2326685976539207,0.195942098211046,0.24949932110687623,0.24820496776826634,0.19883391370115822,0.2182636771684369,0.19186965939023243,0.21598591477591778,0.18993472314016613,0.20266733052054497,0.18885167091094854,0.2145145618923579,0.24908774342368525,0.24731335947139438,0.19778068041247562,0.2081532933468827,0.19126192930058147,0.22097971945077488,0.18586071838918294,0.21185416936939977,0.18985003584302976,0.21827908306663285,0.2494130124535274,0.24939060818431527,0.21842043737408606,0.18940168503725352,0.2320510149964399,0.17907514744243705,0.21602904315262214,0.1993433937435975,0.22058012599372523,0.19506943758471365,0.2491048073512384,0.24943135949950743,0.2494015355957764,0.24896265765318829,0.24961968937571163,0.24920749297471426,0.2495537279395082,0.24922629005031474,0.24964845707578628,0.24913786266810736,0.24965863196940427
0.24966154242994726,0.24955270869701277,0.24919060982898344,0.24982575071077887,0.249524639891568,0.24999999999999994,0.2497468850247114,0.2498264588384,0.24917323474454434,0.24985300924380496,0.24950215933004163,0.2279082324252402,0.18863570181802125,0.23925080336744375,0.1607276064959944,0.2230499060314846,0.19401179492414158,0.23284677947376167,0.1961236142508494,0.249692008008842,0.24839680289609595,0.19904150407244373,0.21840689947936762,0.19206139376303716,0.2161275512929346,0.19008869617766985,0.20279876092960036,0.18901104952286815,0.21465900543093303,0.2492802858697151,0.24750172914039226,0.1979168099111239,0.20833869941857588,0.19139288004248536,0.2211569339909484,0.18600249459259494,0.2120208550475134,0.1899889663237542,0.2184680037369958,0.2496055577517012,0.24958319806454868,0.21860609643740034,0.18953733645794021,0.23223771014596664,0.17920595213522142,0.21620053296892539,0.19951071968258,0.22075093486539224,0.19521956599530724,0.24929730167962758,0.24962390534692563,0.24959412339444492,0.2491548295211476,0.24981244538195352,0.2494000652479718,0.24974643676171246,0.2494186271269327,0.24984123520551227,0.24933015823680785,0.249851417953983
0.2496908405107627,0.24958197139358118,0.24922036544127613,0.24985509544093593,0.24955681370776456,0.2497468850247114,0.25,0.24985581398193835,0.2492301306506028,0.24988235894493932,0.24953131874653686,0.22793534601087287,0.18866798732707324,0.23928136306478046,0.16079644315654293,0.22306189513175653,0.19402829945924607,0.2328816861687303,0.19613864917392515,0.2497213397944756,0.24842611065271003,0.19905924104972927,0.21843556320228028,0.19207548000761548,0.21615439991458016,0.19011250241331443,0.20282642377400545,0.1890430605771675,0.21468685243500246,0.2493095443228308,0.24753114025251688,0.19794499683975533,0.20835727304428558,0.19141957587419314,0.22118110485576783,0.18602501176779063,0.21204648510581509,0.1900112381566801,0.21849078535372207,0.2496348929033695,0.2496125142580612,0.21862789534444116,0.18956206002051598,0.23226403417642066,0.17922872580818658,0.2162259416870286,0.1995310727756944,0.22077805446293564,0.19524211629900062,0.24932656191594457,0.24965324581762036,0.24962344222064048,0.24918413037020684,0.24984178991686673,0.24942933632674724,0.24977577310758847,0.24944795778634518,0.24987058314157845,0.24935947662264835,0.2498807670867269
0.2497705169328196,0.24966153393305945,0.2492997570935545,0.24993480238305604,0.24963370374063037,0.2498264588384,0.24985581398193835,0.25,0.24928219840837343,0.24996208382983576,0.24961102848366928,0.2280063482991938,0.18872360900483037,0.23934784578083704,0.16081579613651353,0.22313226775532843,0.19409838495587461,0.2329411232994248,0.1962079468056997,0.24980102089391443,0.24850535724659664,0.19911731192339657,0.21850675958037105,0.1921409241896385,0.21621639964754294,0.19016824975876886,0.2028794661264455,0.18909223164980138,0.21475173470928405,0.24938911987682175,0.24760976014297706,0.19800645907131553,0.20842773521228397,0.1914783753199327,0.2212521207625172,0.18608425226364783,0.21211246638525952,0.19007329381251503,0.21856212894486748,0.24971452649027034,0.24969215772900655,0.21870029002077618,0.18962127588304453,0.23233959508909932,0.1792841888755319,0.21629733437996002,0.19959890314171064,0.2208495597399477,0.19530494856881647,0.24940612325072528,0.2497328818551312,0.2497030850887958,0.249263622818044,0.24992150235449073,0.24950895662173966,0.24985546380502835,0.24952751100538978,0.24995030476841973,0.24943902055894282,0.24996049196224052
0.24911765884610848,0.24900886113941448,0.24864794285514594,0.24928148217125087,0.24899133520776362,0.24917323474454434,0.2492301306506028,0.24928219840837343,0.24999999999999994,0.24930869496087457,0.2489595414728454,0.22736365672960457,0.188268931903798,0.23871256775242078,0.1602372698773554,0.222743613856436,0.19369825670435648,0.232473856584535,0.19562287305226725,0.24914816777072454,0.24785495205667946,0.19867977169925713,0.21791662881628499,0.19161500107967788,0.21570385090577643,0.18966773757398905,0.20243985656328467,0.1886193132248083,0.2142093551306704,0.24873701252635538,0.24696345104833814,0.1974806149994432,0.20785595155990588,0.1909794709610668,0.22067019000190954,0.18558716724547014,0.21157101019389654,0.18955683517295932,0.21798662602761695,0.24906182843283178,0.24903943920469415,0.21812455103070616,0.18912059961903743,0.23172458128407977,0.17881728705991373,0.215710259841352,0.19905514846474193,0.22025784836526208,0.19479033765122042,0.24875422171002404,0.24908014708326023,0.2490503771295203,0.24861193619375963,0.24926822402668772,0.2488565200710281,0.2492023697629047,0.24887539137595163,0.24929695097763965,0.24878694913057633,0.2493071115444392
0.2497970643430628,0.24968806875140864,0.24932625244143317,0.24996136674049302,0.24966022086590045,0.24985300924380496,0.24988235894493932,0.24996208382983576,0.24930869496087457,0.24999999999999994,0.24963755393604406,0.22803051630480897,0.188742875924149,0.23937279970819567,0.16083353264988895,0.22315543913000796,0.19411905717316227,0.23296555894919538,0.1962286632920108,0.2498275714791036,0.24853178014507465,0.1991376763386811,0.21853030082405173,0.19216100317649276,0.2162391135168665,0.19018859181514675,0.202900603198402,0.18911242677509496,0.21477449037540763,0.24941562696079864,0.24763607772216104,0.19802775349465776,0.20844972198940992,0.19149888522470146,0.22127555823999137,0.18610407114595848,0.2121349903663738,0.19009356235334118,0.2185852697226051,0.2497410680001164,0.2497186967419072,0.2187234135359226,0.18964152958559058,0.23236431434978233,0.17930326523362472,0.21632047850309374,0.1996201487571467,0.22087318912517478,0.1953257071936089,0.2494326308532213,0.24975942536286805,0.2497296251140061,0.2492901180285413,0.24994806559320285,0.24953547667421289,0.24988201995348797,0.24955403266090673,0.2499768710700025,0.24946553386913803,0.2499870593465898
0.2494462410361552,0.24933751990309774,0.24897555786981446,0.24961031805028333,0.24930946017662842,0.24950215933004163,0.24953131874653686,0.24961102848366928,0.2489595414728454,0.24963755393604406,0.2500000000000001,0.22768364577199376,0.18848789035014343,0.2390366473690077,0.16057974860169125,0.22284713120727673,0.19384723582582,0.23263450659156198,0.1959466651036249,0.24947674049696,0.24818217782868876,0.1988476170442809,0.21823748824284034,0.1918855575841421,0.21596475087965408,0.18989238008479742,0.20264210590639747,0.18881775149545535,0.2144876933084713,0.24906522277383863,0.2472898378503284,0.197750749652723,0.2081551323991487,0.19123249978375023,0.22096528309777436,0.18584337227277967,0.2118365721479289,0.18983351617198196,0.21826994332333413,0.24939033291311627,0.24936796803686484,0.21841174490484655,0.18937930455754143,0.2320346139890866,0.17905465776317908,0.21601150306691688,0.1993347199707793,0.22055917919590678,0.19505211575182163,0.24908227129438343,0.2494086670442756,0.2493788902742177,0.24893999625274865,0.24959702408286294,0.2491849438593931,0.24953107090815208,0.24920358246738933,0.24962578911516942,0.24911517494792262,0.24963596308341898
0.22785573954955654,0.22775624502874264,0.22739207784369359,0.22800555502701594,0.22772039482919515,0.2279082324252402,0.22793534601087287,0.2280063482991938,0.22736365672960457,0.22803051630480897,0.22768364577199376,0.25000000000000017,0.16681775424546547,0.21851444748818008,0.1455378371026497,0.2028252252817225,0.17451735354804315,0.21217363456520802,0.1783259044498258,0.22788183175997193,0.2266481558812361,0.1774529049152848,0.20204666382250672,0.1739544356968616,0.19912623068638907,0.17120512982358144,0.18729768739568634,0.16941248827401792,0.1972956028116934,0.22749639637622154,0.22604206454570733,0.18078615360213293,0.18980779229938385,0.17502610878860564,0.20193409416866448,0.16955599956434028,0.19332966853235037,0.17393748296125555,0.19851082666852943,0.22780600714770774,0.2277830227617092,0.19923221717418527,0.17317868776832565,0.21166673046657253,0.16363511987033444,0.1968348576076252,0.1816167325862534,0.20111534357163496,0.17822891144418504,0.22752145518549996,0.22782279084210766,0.22779415466553432,0.2273904567732753,0.22799342103125161,0.22761047985453503,0.22793331203405265,0.22763731628401992,0.2280196947464511,0.22755233489560875,0.22802898816499118
0.18860208099041526,0.1885204091782109,0.1881131089656786,0.1887211431042295,0.18853562677627048,0.18863570181802125,0.18866798732707324,0.18872360900483037,0.188268931903798,0.188742875924149,0.18848789035014343,0.16681775424546547,0.2500000000000002,0.17819036801825103,0.11685035964871354,0.17019691538559342,0.14579362399170148,0.17843050031925994,0.1495712586850862,0.1886150063933551,0.18768959967138352,0.15248928633670517,0.1623660002342352,0.14551241066140952,0.16072038788095083,0.148022575067671,0.15177731815170117,0.14726135597962411,0.16062907303729876,0.18832085853322286,0.18678719027806445,0.14891122513225985,0.15753751834811067,0.1440306119326768,0.1671794782105863,0.14034508699400575,0.1603592090020747,0.14237076299003373,0.16621561170477142,0.18855400890357935,0.18853967708617816,0.16570258750890215,0.14258001737191026,0.1756707053273618,0.1351443970662073,0.16341412363805485,0.15101062353376493,0.16677839571249495,0.14734208676898597,0.18832833998064505,0.188567858069762,0.1885472959025763,0.18821290240403227,0.1887122127064696,0.18840530710890327,0.18866251527437716,0.18841132730168464,0.1887339568905851,0.18834542753744793,0.1887416490369876
0.23918462794913656,0.23909078866023523,0.23874136295540005,0.2393476439621784,0.23907862385879486,0.23925080336744375,0.23928136306478046,0.23934784578083704,0.23871256775242078,0.23937279970819567,0.2390366473690077,0.21851444748818008,0.17819036801825103,0.2500000000000002,0.15030536659185145,0.21550432439982292,0.18432296218608515,0.22396591248385164,0.1871118415384287,0.2392197935539634,0.2379529628994304,0.1906965280690892,0.20989860313938985,0.18227869611759762,0.20951755415592002,0.1832190488657766,0.19554733000620453,0.18150533605391636,0.20633341157641322,0.23881557413367652,0.2372245698163164,0.1897371837180333,0.1993009228912882,0.18370349073358672,0.21207512840203427,0.17816683945209671,0.2034490180695406,0.18212120795960082,0.20882324380688683,0.2391369576882338,0.23911324231230688,0.2089565606502805,0.1818471138495069,0.2221746132702284,0.17196337303182832,0.20671592882125991,0.19050402956404283,0.21121013032308172,0.18700193618043862,0.23883669092732204,0.23915519235538776,0.239124614084031,0.23870391179720357,0.23933379095561516,0.238932170831556,0.23927055609723982,0.23896069120780603,0.23936137372129665,0.23887292200462673,0.23937112941861027
0.16071331397705757,0.1606278387915103,0.16038517897284787,0.16081416048655373,0.16068659593146606,0.1607276064959944,0.16079644315654293,0.16081579613651353,0.1602372698773554,0.16083353264988895,0.16057974860169125,0.1455378371026497,0.11685035964871354,0.15030536659185145,0.2500000000000001,0.13416992599843833,0.12033344969456806,0.14980421097683616,0.125936527627991,0.16072138936986366,0.15996376568710644,0.12851070886527843,0.13804128494850604,0.12276011322037107,0.13328267988048156,0.12131894201238641,0.12594150014797278,0.126358005040533,0.13695385251658235,0.16048061207884576,0.15917402712613798,0.12825490948877963,0.13296188729332567,0.12359715316188523,0.14187300445160028,0.12019969015878451,0.136560803291414,0.1217850939701434,0.14138111076085866,0.16067436468514473,0.16066299599205092,0.14038877770783165,0.12226782750151753,0.14956806994183783,0.11572911808839287,0.13967786991709474,0.1289211484836106,0.1426460680356238,0.12573438681371044,0.16047054442362513,0.160685995577981,0.1606671035226749,0.16039383879228683,0.1608076217334643,0.1605491990161844,0.16076447523334814,0.16055156815797558,0.16082616407479364,0.16050274350949986,0.16083271884415482
0.22297706691027083,0.22289559744909962,0.2225442745396289,0.22313281824408293,0.22286157533992487,0.2230499060314846,0.22306189513175653,0.22313226775532843,0.222743613856436,0.22315543913000796,0.22284713120727673,0.2028252252817225,0.17019691538559342,0.21550432439982292,0.13416992599843833,0.2500000000000003,0.16737606193931265,0.20829343564347874,0.17540338627200489,0.22300946044538925,0.22185865429528176,0.17919069760830936,0.19355898676912525,0.17605047432357684,0.1931788489173972,0.16393125982229917,0.18212838549798613,0.17090574437268302,0.19165136169883243,0.22263817839722932,0.22107010108171413,0.17605749068288667,0.18572164221209067,0.17082050715475078,0.19757683686030936,0.1663582485271487,0.19054888080627155,0.16895028335707815,0.19537888647821694,0.22293386270059556,0.22291411625666432,0.19459434081710147,0.16946241425322914,0.20669241239267902,0.16073404924429935,0.19197087465182555,0.1773223026730526,0.19619068049906602,0.17435918911778134,0.2226509264305939,0.22295140111979983,0.22292392313275827,0.2225298830859226,0.223118926118942,0.22274177771303355,0.22305973587663563,0.2227691688582847,0.22314464182730032,0.2226865748954261,0.223153736579798
0.19397107936960079,0.1938850056266632,0.19356368628337672,0.1940974168434558,0.19381930031079764,0.19401179492414158,0.19402829945924607,0.19409838495587461,0.19369825670435648,0.19411905717316227,0.19384723582582,0.17451735354804315,0.14579362399170148,0.18432296218608515,0.12033344969456806,0.16737606193931265,0.2500000000000002,0.17719536688788617,0.14623520980624868,0.1939803226066397,0.19300090263072894,0.15575881759006985,0.1678252757338873,0.15223727890078534,0.16548490636107624,0.1469160635266864,0.15684302556031904,0.1426170656050235,0.16871496641100855,0.19366107668615468,0.1924290986451637,0.15560640835006062,0.1586430626306874,0.15048549046226883,0.1699013803738126,0.14586476900674245,0.16352293341448332,0.1484131983637022,0.16780106809992126,0.19393148146714123,0.1939112374983841,0.16777655048077494,0.14861808386608752,0.17949046778841324,0.14053398426086572,0.16744419137644126,0.1540775830825229,0.17138628315487603,0.1519446240416989,0.19366571852553766,0.1939463427567118,0.19391794387939845,0.19358725875655516,0.1940875738526074,0.19375659611385565,0.1940352033409931,0.19378919627030236,0.19410995968472375,0.1937228648372134,0.19411787120680826
0.23278212488603275,0.23268922195439878,0.2323523545501475,0.2329409624890454,0.2326685976539207,0.23284677947376167,0.2328816861687303,0.2329411232994248,0.232473856584535,0.23296555894919538,0.23263450659156198,0.21217363456520802,0.17843050031925994,0.22396591248385164,0.14980421097683616,0.20829343564347874,0.17719536688788617,0.25000000000000006,0.1796703600936382,0.23282502733185037,0.23160619630363968,0.18885863884514065,0.20255002997944246,0.18143680629164524,0.20135415657498892,0.18126663871304202,0.1903572242697698,0.17241460845043544,0.20216945645957807,0.23242113205518314,0.2308288911778034,0.18479876744139034,0.19311729388132926,0.17913969886645442,0.20554081129018156,0.17400327742410274,0.1977804874170178,0.17706438921413978,0.2029277700338221,0.23273707694388965,0.23271402786649534,0.20297630120402194,0.17727963744217837,0.2160111430270533,0.1679202582153073,0.20087287378754579,0.18519063478115388,0.20534443609714384,0.18204151836971386,0.2324374339271648,0.2327550579716011,0.2327240450177061,0.2323177656301166,0.23292762319287463,0.23253434971445855,0.2328656939899263,0.23256601954030362,0.2329544730754307,0.23248188455479538,0.23296396770342592
0.19607518746089186,0.1959949430446634,0.19569232255100383,0.19620765366471185,0.195942098211046,0.1961236142508494,0.19613864917392515,0.1962079468056997,0.19562287305226725,0.1962286632920108,0.1959466651036249,0.1783259044498258,0.1495712586850862,0.1871118415384287,0.125936527627991,0.17540338627200489,0.14623520980624868,0.1796703600936382,0.25000000000000056,0.19608257466283263,0.19506233445740356,0.15716522526374815,0.170254037189062,0.1504981874513668,0.16886237827220643,0.14945944703705608,0.15826626530907142,0.14518071484064454,0.16926923712143732,0.19577498889691297,0.19442306663089037,0.15563172055958052,0.16303869825688289,0.15076366565574362,0.17316523784039417,0.14651742869955278,0.16581992569675985,0.14977771290194208,0.1711368160381902,0.19603406161729894,0.1960175414530182,0.1713921710456413,0.14909039181194667,0.18213663377205455,0.14098873587218685,0.169683506734599,0.15676379370170662,0.1731997294164536,0.15350045389714442,0.19578747541076705,0.19604807948115488,0.19602530026204107,0.19567947664554144,0.19619675990209434,0.1958723645869447,0.1961445824530329,0.1958858548830204,0.19621937461179476,0.19581738787059763,0.19622737190185885
0.24963611907536953,0.24952718729406703,0.24916556981511506,0.24980030395835773,0.24949932110687623,0.249692008008842,0.2497213397944756,0.24980102089391443,0.24914816777072454,0.2498275714791036,0.24947674049696,0.22788183175997193,0.1886150063933551,0.2392197935539634,0.16072138936986366,0.22300946044538925,0.1939803226066397,0.23282502733185037,0.19608257466283263,0.2500000000000003,0.2483713348680171,0.1989939178800384,0.21840012091275424,0.19203390987434582,0.21612635952825673,0.19005632237933995,0.20280911574797128,0.18897576051611786,0.21465557363275567,0.24925475037238404,0.2474784869297658,0.19790120708829054,0.2083077709206991,0.19137998453415855,0.22113267350853286,0.18598507309362824,0.2119986331542975,0.18997444453801476,0.218433536407723,0.2495801776132453,0.249557775763568,0.21857421958327297,0.18952358823403323,0.2322079134562167,0.17919303384960117,0.2161709981248184,0.19947970156361874,0.22072373513284696,0.1951999733092636,0.24927184075839343,0.24959853174586122,0.2495687121429219,0.24912947497510837,0.2497870121258237,0.24937455488637292,0.2497210093765797,0.249393312785365,0.24981579904525933,0.24930480441138395,0.24982598075847565
0.24834126413417545,0.24823276509569048,0.2478738889164169,0.24850463871170317,0.24820496776826634,0.24839680289609595,0.24842611065271003,0.24850535724659664,0.24785495205667946,0.24853178014507465,0.24818217782868876,0.2266481558812361,0.18768959967138352,0.2379529628994304,0.15996376568710644,0.22185865429528176,0.19300090263072894,0.23160619630363968,0.19506233445740356,0.2483713348680171,0.2500000000000001,0.19772203066953212,0.2172540268047736,0.19111430790815143,0.21495037911345555,0.18914982728619656,0.20166040482351483,0.1881204243454249,0.21343488153607312,0.24796230316028187,0.24618491452817862,0.19682115120545499,0.2072072370614016,0.19033638843493114,0.2199817205159555,0.18497348921977405,0.2109270401144109,0.18889810913529403,0.21736953446691398,0.2482855160684294,0.24826337120168843,0.2174757617990766,0.18848870162906056,0.2310144806160383,0.17823562028112008,0.21503833970969066,0.19845706375448027,0.21956707931859687,0.1941758263447071,0.24797925968686824,0.2483037691624426,0.24827426647750422,0.2478368379651612,0.2484914338471988,0.24808126723300147,0.24842579024066672,0.2480994858887576,0.2485200710277882,0.24801136264528675,0.2485301999260685
0.19897423035732767,0.19890708562391043,0.1985830314964966,0.19911778658856302,0.19883391370115822,0.19904150407244373,0.19905924104972927,0.19911731192339657,0.19867977169925713,0.1991376763386811,0.1988476170442809,0.1774529049152848,0.15248928633670517,0.1906965280690892,0.12851070886527843,0.17919069760830936,0.15575881759006985,0.18885863884514065,0.15716522526374815,0.1989939178800384,0.19772203066953212,0.2500000000000001,0.16781651239530307,0.1546848518196035,0.17027935498522917,0.1559220282518311,0.16032751807901313,0.15741789211861715,0.1692441152718624,0.19869351998600293,0.1970758153220753,0.15694548985695073,0.16662796110220687,0.15157147897097703,0.1762810572858695,0.14846552080585143,0.16873599566666278,0.14999125363346638,0.17534008071918242,0.19893887003044947,0.19892358894174275,0.17489938792518533,0.1503102140518596,0.18510527240821298,0.1427423988841274,0.17186531928433715,0.15895506305520446,0.17554473388771752,0.15552357705879935,0.19869591941228765,0.1989534344913566,0.19893110821586182,0.19857541426484052,0.19910511093956218,0.19877783222130457,0.19905242862894632,0.19878884880792794,0.19912805429188712,0.19871818109585784,0.1991361701132307
0.21836948209931223,0.21826563840432658,0.21796521242358138,0.21850576951967093,0.2182636771684369,0.21840689947936762,0.21843556320228028,0.21850675958037105,0.21791662881628499,0.21853030082405173,0.21823748824284034,0.20204666382250672,0.1623660002342352,0.20989860313938985,0.13804128494850604,0.19355898676912525,0.1678252757338873,0.20255002997944246,0.170254037189062,0.21840012091275424,0.2172540268047736,0.16781651239530307,0.25000000000000017,0.16082566703466525,0.19259833422277114,0.16534255511785392,0.18388202674073914,0.16061907561450992,0.19103558114289035,0.2180020462346157,0.21669355309612442,0.17438501689486027,0.177322907699073,0.16915634108188102,0.19508553523931396,0.16032483504246384,0.19002480983588393,0.1654796167692599,0.19004945472213455,0.21831857876686234,0.21829014980564104,0.1894748451735265,0.16678008719559675,0.2024985469025616,0.15750730266534904,0.188331255163171,0.17225503446909515,0.19288157492028765,0.1702309712059676,0.2180349949555542,0.21833825031199483,0.2183039305167276,0.2179283519658477,0.21849492495043865,0.21811493475511576,0.2184373871100435,0.21816612155921888,0.21852010846870587,0.21808170351389686,0.21852901492631463
0.19200835086871182,0.19193374381646922,0.19160899794771977,0.19214074657358893,0.19186965939023243,0.19206139376303716,0.19207548000761548,0.1921409241896385,0.19161500107967788,0.19216100317649276,0.1918855575841421,0.1739544356968616,0.14551241066140952,0.18227869611759762,0.12276011322037107,0.17605047432357684,0.15223727890078534,0.18143680629164524,0.1504981874513668,0.19203390987434582,0.19111430790815143,0.1546848518196035,0.16082566703466525,0.2500000000000001,0.1585742810233194,0.1514326519350176,0.15722199690618868,0.1531233174475383,0.16386683323235393,0.1917402874361646,0.19015845920345803,0.15131122181210235,0.16225520142510694,0.1460116343852479,0.17090601231467972,0.1436361163129525,0.16212426199479546,0.14563216857907665,0.16898624870274565,0.19197010866936212,0.1919546305552311,0.16923814048190608,0.14524846630706092,0.17914267662073147,0.13768935620718398,0.16668820292688913,0.15405877290135794,0.1701483992038834,0.15001637686942063,0.1917397542794178,0.19198366845137232,0.19196177778422735,0.19162468120063178,0.19212967988714114,0.1918193388666354,0.19207894467323722,0.19182529267267215,0.1921518195623326,0.1917603555063191,0.1921596510342142
0.2160769726597398,0.21598754904609488,0.2156603194845965,0.21621632939525523,0.21598591477591778,0.2161275512929346,0.21615439991458016,0.21621639964754294,0.21570385090577643,0.2162391135168665,0.21596475087965408,0.19912623068638907,0.16072038788095083,0.20951755415592002,0.13328267988048156,0.1931788489173972,0.16548490636107624,0.20135415657498892,0.16886237827220643,0.21612635952825673,0.21495037911345555,0.17027935498522917,0.19259833422277114,0.1585742810233194,0.25000000000000017,0.15665160357156893,0.1813036823962861,0.15754039810479067,0.18916086851254077,0.2157234986086129,0.21438444770446977,0.1725993354163069,0.18368453714193902,0.16662023515325156,0.1880589348350664,0.16059169250129846,0.18697531502393006,0.16375182718553113,0.18811194084541039,0.21603278763311468,0.21600023193299203,0.1890249819419536,0.1645027671747605,0.20095858534354044,0.15508067700675388,0.1868191024844423,0.1699443965624787,0.19099887318052333,0.16842604916291387,0.21575928715619716,0.21605114799285255,0.21601492659949983,0.2156390377371611,0.2162039415830539,0.2158269302458754,0.21614779540048434,0.21588536872359115,0.21622885076108123,0.21579688076016237,0.2162376638873219
0.19003517910589873,0.18995540885491594,0.18972944087264412,0.1901681940074298,0.18993472314016613,0.19008869617766985,0.19011250241331443,0.19016824975876886,0.18966773757398905,0.19018859181514675,0.18989238008479742,0.17120512982358144,0.148022575067671,0.1832190488657766,0.12131894201238641,0.16393125982229917,0.1469160635266864,0.18126663871304202,0.14945944703705608,0.19005632237933995,0.18914982728619656,0.1559220282518311,0.16534255511785392,0.1514326519350176,0.15665160357156893,0.24999999999999978,0.14329730020518167,0.1465697865554994,0.1612937605234057,0.1897752613481822,0.18822920621972494,0.15112308708581546,0.15733524635609322,0.1459888651131961,0.16964682721891705,0.14196852826249443,0.16120539608169798,0.14473838196652913,0.16750947124221371,0.18999735685030367,0.18998661514429768,0.16649756969355725,0.14455819504183112,0.17696734547872633,0.13705773986543893,0.16570440129203146,0.15340237469729362,0.16887687156284317,0.14862273967327855,0.1897621784063304,0.19001156170176908,0.1899915241124922,0.189670919911705,0.19015767410861698,0.18985906327195026,0.19010649883560574,0.1898503259332749,0.19017960094438843,0.18979697270290047,0.19018735200450942
0.20274705855315678,0.20266588185975512,0.2023549196555592,0.20287948778939277,0.20266733052054497,0.20279876092960036,0.20282642377400545,0.2028794661264455,0.20243985656328467,0.202900603198402,0.20264210590639747,0.18729768739568634,0.15177731815170117,0.19554733000620453,0.12594150014797278,0.18212838549798613,0.15684302556031904,0.1903572242697698,0.15826626530907142,0.20280911574797128,0.20166040482351483,0.16032751807901313,0.18388202674073914,0.15722199690618868,0.1813036823962861,0.14329730020518167,0.24999999999999986,0.1421346184484192,0.17939859444415274,0.2023912722014014,0.20107877084945952,0.16421518508862792,0.1742134115641367,0.15655899499497336,0.18400096321697162,0.150973763736592,0.1655163896780519,0.15349070105900953,0.17361562537048578,0.20271699351866365,0.2026716490058481,0.1775645827112116,0.15399033927386505,0.19035966165202367,0.14422924568616513,0.17573427854299437,0.1580412344035524,0.18058711726939405,0.15736073989719224,0.20246903677442957,0.2027339687834675,0.2026901416279032,0.20233384155655312,0.20286755883777133,0.20250273560890528,0.20281666732808795,0.20259005468745078,0.20289091439854973,0.20249530306031777,0.20289918410066157
0.18896076217880756,0.18888077119834787,0.18864841191001333,0.18909195907518234,0.18885167091094854,0.18901104952286815,0.1890430605771675,0.18909223164980138,0.1886193132248083,0.18911242677509496,0.18881775149545535,0.16941248827401792,0.14726135597962411,0.18150533605391636,0.126358005040533,0.17090574437268302,0.1426170656050235,0.17241460845043544,0.14518071484064454,0.18897576051611786,0.1881204243454249,0.15741789211861715,0.16061907561450992,0.1531233174475383,0.15754039810479067,0.1465697865554994,0.1421346184484192,0.24999999999999994,0.154140112635112,0.18870563547695887,0.18703114687682468,0.1469035025325442,0.15750422878869724,0.14483323988822927,0.16728571186962568,0.14041420360198184,0.1601086675479922,0.1418784905520967,0.16780090982479487,0.18891535808137205,0.18891093462158826,0.16648796298730967,0.14172497036648077,0.17461643195478235,0.13551258369069236,0.16208201543712147,0.1519503386004487,0.1649905530784471,0.14820834999439733,0.18869912131296382,0.1889285739157944,0.18891650181663636,0.1885511155198875,0.1890817319114803,0.18877069744796474,0.18903212116486698,0.18876565209607374,0.18910350631156916,0.18869172316927055,0.18911121334560407
0.21461307454294384,0.21451896718628635,0.2142044104904417,0.2147511376713608,0.2145145618923579,0.21465900543093303,0.21468685243500246,0.21475173470928405,0.2142093551306704,0.21477449037540763,0.2144876933084713,0.1972956028116934,0.16062907303729876,0.20633341157641322,0.13695385251658235,0.19165136169883243,0.16871496641100855,0.20216945645957807,0.16926923712143732,0.21465557363275567,0.21343488153607312,0.1692441152718624,0.19103558114289035,0.16386683323235393,0.18916086851254077,0.1612937605234057,0.17939859444415274,0.154140112635112,0.25,0.21421996832982418,0.2130121211461769,0.1737452712547066,0.1775660123473903,0.1664957933936541,0.1904845663326556,0.16034518079040241,0.1794393769983577,0.16424914160202653,0.18388047139330793,0.21457353614903074,0.2145391510307704,0.18545417157496952,0.16535531814446414,0.20025488833047428,0.15549070196691325,0.1861614008385101,0.16918101147628364,0.1909867960468892,0.1673182525873973,0.21428076367960447,0.21459272591673434,0.21455187219702018,0.214203797153344,0.21473958962500986,0.2143676992398013,0.21468237851854488,0.2144282661164196,0.21476435600165253,0.2143537320401425,0.21477310958094217
0.24922445569166046,0.2491157155915693,0.24875470899778862,0.24938840427978518,0.24908774342368525,0.2492802858697151,0.2493095443228308,0.24938911987682175,0.24873701252635538,0.24941562696079864,0.24906522277383863,0.22749639637622154,0.18832085853322286,0.23881557413367652,0.16048061207884576,0.22263817839722932,0.19366107668615468,0.23242113205518314,0.19577498889691297,0.24925475037238404,0.24796230316028187,0.19869351998600293,0.2180020462346157,0.1917402874361646,0.2157234986086129,0.1897752613481822,0.2023912722014014,0.18870563547695887,0.21421996832982418,0.24999999999999975,0.24706706633384531,0.197565050515423,0.20795547526783367,0.19105819108796118,0.2207567027549282,0.18568146166127053,0.21164433616000267,0.18964995363567394,0.2180950544301402,0.249168567282644,0.2491463179121361,0.21821736466455788,0.18920603578940276,0.2318233962382882,0.17889990415386695,0.21581414696692885,0.19916624219117307,0.22035614902048845,0.19488125594483555,0.24886075587987405,0.24918689118967194,0.2491571947458454,0.24871863481455864,0.24937513430685163,0.24896348105829252,0.2493092306524138,0.2489819185582016,0.24940387384013668,0.24889365206177835,0.24941403876275456
0.24744668448337354,0.24733852599164582,0.2469803680407223,0.24760904780786747,0.24731335947139438,0.24750172914039226,0.24753114025251688,0.24760976014297706,0.24696345104833814,0.24763607772216104,0.2472898378503284,0.22604206454570733,0.18678719027806445,0.2372245698163164,0.15917402712613798,0.22107010108171413,0.1924290986451637,0.2308288911778034,0.19442306663089037,0.2474784869297658,0.24618491452817862,0.1970758153220753,0.21669355309612442,0.19015845920345803,0.21438444770446977,0.18822920621972494,0.20107877084945952,0.18703114687682468,0.2130121211461769,0.24706706633384531,0.25,0.19574871840976923,0.20630636672137806,0.189870388735081,0.21911317369079286,0.1844428599545593,0.2099757732265499,0.18844173014813154,0.21629137266287626,0.2473912016382366,0.24736848119481716,0.21647310953123347,0.18798608553070903,0.23006140027679703,0.17773510963808503,0.21410525840963204,0.19757677913808774,0.21866552232459305,0.19351537429846757,0.24708389317388632,0.24740958459372067,0.2473794855382011,0.2469441798810873,0.24759587392490512,0.24718496971389206,0.24753043413501127,0.24720672056511062,0.24762440883326098,0.2471181113617363,0.24763450125268513
0.19787883255670533,0.19778687013038787,0.19752120670799442,0.19800566075572956,0.19778068041247562,0.1979168099111239,0.19794499683975533,0.19800645907131553,0.1974806149994432,0.19802775349465776,0.197750749652723,0.18078615360213293,0.14891122513225985,0.1897371837180333,0.12825490948877963,0.17605749068288667,0.15560640835006062,0.18479876744139034,0.15563172055958052,0.19790120708829054,0.19682115120545499,0.15694548985695073,0.17438501689486027,0.15131122181210235,0.1725993354163069,0.15112308708581546,0.16421518508862792,0.1469035025325442,0.1737452712547066,0.197565050515423,0.19574871840976923,0.24999999999999994,0.15665012850994442,0.15511633980569367,0.17242365906569487,0.15406806041161838,0.16442419865427693,0.15723200807845747,0.16819179493520234,0.19785430525956854,0.19781463139625965,0.1679141807443152,0.15476080491306599,0.18577551684904187,0.1456970387600815,0.1771070567728502,0.15718111606751584,0.18052907016503233,0.1539465453971528,0.19754795439322093,0.1978728168726022,0.19782254459957496,0.19755017779541426,0.19799561395571752,0.19766110602266715,0.19794101122895025,0.19772441675252986,0.19801849119946105,0.1976813463527725,0.1980265625980521
0.2082874599042915,0.20820136269741715,0.20787690354398117,0.20842734735289975,0.2081532933468827,0.20833869941857588,0.20835727304428558,0.20842773521228397,0.20785595155990588,0.20844972198940992,0.2081551323991487,0.18980779229938385,0.15753751834811067,0.1993009228912882,0.13296188729332567,0.18572164221209067,0.1586430626306874,0.19311729388132926,0.16303869825688289,0.2083077709206991,0.2072072370614016,0.16662796110220687,0.177322907699073,0.16225520142510694,0.18368453714193902,0.15733524635609322,0.1742134115641367,0.15750422878869724,0.1775660123473903,0.20795547526783367,0.20630636672137806,0.15665012850994442,0.2499999999999999,0.15017889890037892,0.1896492244105922,0.1529552547338548,0.18515268188455614,0.15465820964074917,0.18746302632028947,0.20824167908396007,0.2082163879949779,0.18805011957287046,0.15355030669073136,0.19732604777931895,0.14570608412683375,0.1769831545637946,0.1654505515450896,0.18200291225944604,0.16197529733734148,0.20805775759055253,0.20825358033007724,0.20823369955171334,0.20783044251361435,0.2084159128512997,0.20806345643309207,0.20836586548673344,0.20809224561398515,0.20843985617620997,0.20798115881703444,0.2084483512255934
