x1,x2,x3,x4,x5,x6,x7,x8,x9,x10,x11,x12,x13,x14,x15,x16,x17,x18,x19,x20,x21,x22,x23,x24,x25,x26,x27,x28,x29,x30,x31,x32,x33,x34,x35,x36,x37,x38,x39,x40,x41,x42,x43,x44,x45,x46,x47,x48,x49,x50,x51,x52,x53,x54,x55,x56,x57,x58,x59,x60
0.24999999999999997,0.24880872590779493,0.22631366828751417,0.24884782211359704,0.22152496230299093,0.24812007205335507,0.2263062235948399,0.24351141312850827,0.23663557078940964,0.24904021610157331,0.24370783680278044,-0.03024680366959676,0.023959920399328625,0.07374399675596917,-0.06395782509697284,0.1931727490125812,-0.14967188796516845,0.21102087271795958,-0.19715840476286095,0.23433857375581701,0.2263983889913748,0.06313507335533491,-0.0609374363402532,0.06356429738184739,-0.044040545426296936,0.05323844891355945,-0.021509558907962082,0.059844476161305074,-0.04843410281308794,0.24560744065177778,0.24388432137805438,-0.05495419856375385,0.06308043718779635,-0.05841921526318641,0.05889841264910881,-0.04878795243046867,0.06512181256241414,-0.024781916581955284,0.047575654942412116,0.23818097146095552,0.24281041380954838,0.07199964375390118,-0.07638468374960186,0.1336115598412249,-0.1092369759581476,0.20584427780741918,-0.13722099253228487,0.19907598731758583,-0.1700647693868648,0.2204500405041414,0.24875397921355477,0.24889247184418195,0.2350339111297821,0.24830693292888112,0.21894371484192152,0.24480563383958412,0.22829738667391766,0.24004076878228062,0.22980941211296393,0.24903995175853927
0.24880872590779493,0.25,0.22694306847604823,0.2495803034864072,0.2220998325021105,0.2488429415180326,0.2270122866805016,0.24423313287681714,0.23734140182069297,0.24976368448345712,0.2443147001049643,-0.030670911448754137,0.024468809327107002,0.07354808248333072,-0.0637632368977536,0.19367319443148148,-0.15017065238517507,0.2116791364359084,-0.19782634329963572,0.2350576591949754,0.2270312646103749,0.0636578339580543,-0.06145133041505547,0.06408557031472231,-0.04449953333682036,0.05370030935254346,-0.02187337466627836,0.06023663544949907,-0.04878732183601923,0.2463138420879616,0.24460056219420212,-0.055441323937724274,0.06359847901356891,-0.05892388386797212,0.05940475322839854,-0.0492565223204891,0.0655976509565066,-0.025095250189277066,0.04792196584811538,0.2388621802251,0.24351140342037417,0.07250699139732411,-0.07689313742680375,0.13420576440452645,-0.1097229121430112,0.20650397437129006,-0.1376022026419956,0.19963030181269645,-0.17049001227006014,0.2210590547220084,0.24947664683076154,0.24961543468357414,0.2357288389319791,0.24902768462172256,0.21957795977637248,0.24551215291106596,0.22894579531337875,0.2407281781131905,0.23045908361851103,0.24976342092580076
0.22631366828751417,0.22694306847604823,0.25,0.22696296191570617,0.20186536268518973,0.2262438764879482,0.2059134095546178,0.22185856356254885,0.21500973178950492,0.22715531797913768,0.22203164056797342,-0.013067393044139992,0.004957017677094638,0.07737776863625574,-0.0665079898979691,0.17826631003185342,-0.1349501348990264,0.1912860172983223,-0.17688709044964318,0.21278827292257618,0.20735065925340562,0.0459561775049158,-0.04406130078023596,0.0464403747360091,-0.02904015082770718,0.03803547981977837,-0.009480083820431126,0.04677837892651246,-0.036577766491178665,0.22393693951392923,0.2221866935099543,-0.038914485878173054,0.046077329191405746,-0.041852189925859484,0.04228234716456584,-0.033389051695878094,0.049459277199457335,-0.014234337343440265,0.035913336550163426,0.2176169898315275,0.2216221225395925,0.05545402803365484,-0.059850415864780064,0.11480029325481923,-0.09387915624911068,0.18566804171564288,-0.12583886905845448,0.182450734000049,-0.1574912124935802,0.20213900073964478,0.22689321444260352,0.22702319407645244,0.21396361397460026,0.2265063290894887,0.19975848178081806,0.2234498757231905,0.2087454997017526,0.21928163898866138,0.2102200460524561,0.22715508096890547
0.24884782211359704,0.2495803034864072,0.22696296191570617,0.24999999999999994,0.22212921469798566,0.24888105465336344,0.22705145626587836,0.24426989859588064,0.2373810426269143,0.24980187999605794,0.24435600325205406,-0.03067804827085115,0.024478020044278764,0.07354960810990495,-0.06376466722787434,0.19370147316468503,-0.15020558857051777,0.21171863214611156,-0.19786681209887447,0.23509664024446217,0.22706614205135356,0.06366522718922524,-0.061458403369577606,0.06409292524413286,-0.04450476286621226,0.05370548617970363,-0.021874982254244797,0.06023340157002812,-0.04878313288145022,0.24635014545808231,0.24463790665175975,-0.055447411434991614,0.0636057738374586,-0.058930626780353025,0.0594115831819319,-0.04926194709898271,0.06560080118874839,-0.025092411219423995,0.04791795241736841,0.23889886953002573,0.2435486698257659,0.07251566356261255,-0.07690254316077708,0.1342243734184875,-0.10973819880292515,0.20653497435847137,-0.1376236169751768,0.19966109392505785,-0.17051657998332734,0.22109300822755698,0.24951479824161316,0.2496536080600532,0.2357648150141306,0.24906577047429315,0.21961148645135356,0.24554972001090064,0.22898091768833825,0.24076503810275518,0.23049438452030133,0.24980161656859565
0.22152496230299093,0.2220998325021105,0.20186536268518973,0.22212921469798566,0.25,0.22140275241999752,0.2005020521238375,0.21683986675115952,0.21068501893079852,0.22232261637564146,0.21738019615801135,-0.014903260483669627,0.008075672377014433,0.08934013504568203,-0.08676005257755567,0.17771975142522659,-0.13323817388781087,0.18725159550349282,-0.1723932477646063,0.20801959745624318,0.20278022760142655,0.047485601027490235,-0.04548973527220188,0.04791174453445737,-0.02980028682832658,0.03888561587084587,-0.010395183431961687,0.04826769552744697,-0.038176992009095335,0.21942576971697803,0.21751612953186253,-0.040413936659716626,0.04746560105139775,-0.04317942163419401,0.043590361521491115,-0.03460467737225709,0.05083221605170681,-0.01577175228490482,0.03754953117849049,0.21292600435454692,0.21688134219552624,0.056432084445450656,-0.060659832787327714,0.11387673398311356,-0.09300615875850066,0.18201560540151096,-0.12250618740249256,0.17804059630799227,-0.15350430920974234,0.19769672479927375,0.22206637422979034,0.22219288918976793,0.20950214817262497,0.22168488463433353,0.19553744321623426,0.21867602462580446,0.2041722157133744,0.21457386203271428,0.20566682251210688,0.22232231744406503
0.24812007205335507,0.2488429415180326,0.2262438764879482,0.24888105465336344,0.22140275241999752,0.25000000000000006,0.22631182365737135,0.24355046949037484,0.23668124578238509,0.24907428249451774,0.2436584634642793,-0.0313771401478849,0.025179695965308203,0.07282672900150176,-0.06306704322519825,0.19299335254487854,-0.14958443809019023,0.2110277295722,-0.19720343947682378,0.23438158650822621,0.2263419325633876,0.06434624727031181,-0.06213790645791098,0.06476904919798254,-0.045188464445324455,0.05436900587543556,-0.02256025917728669,0.060870441255001316,-0.04942460637544117,0.24564156306787896,0.24394519732816985,-0.05612248857696883,0.06427579411760094,-0.059609983006312275,0.06008987632680222,-0.049943558596728346,0.06625916434761565,-0.025755553765116904,0.04855245727379696,0.23817387122199893,0.2428282472532121,0.07307212294841922,-0.07741709126930532,0.1343699868901437,-0.10985476262577841,0.20609301874789432,-0.13716932464100523,0.19901426455718288,-0.16984369525566367,0.2203712802271413,0.24878812133056968,0.24892625460681436,0.2351087917373571,0.24833886785269702,0.21896904362349034,0.24482301173058227,0.22827596932231975,0.24003923446577033,0.2297792741649008,0.2490740248584626
0.2263062235948399,0.2270122866805016,0.2059134095546178,0.22705145626587836,0.2005020521238375,0.22631182365737135,0.24999999999999997,0.2216994754156019,0.21557634349578958,0.22723142238065366,0.22263053898177532,-0.044507856509521,0.0381202544447377,0.05972354341346284,-0.05409061362596366,0.18194483927027583,-0.15923096192230946,0.19837490939320737,-0.18456637293702655,0.21291567385222757,0.20518137654660817,0.07718667223147545,-0.07487168547633614,0.07735549142818787,-0.05790528347494725,0.06512092996141634,-0.035312682555184494,0.06644775337801787,-0.055729318865695716,0.22481487406547168,0.22297591157204366,-0.06892843038452008,0.0767395387751022,-0.07227716038074508,0.07271305763529651,-0.0626800354031808,0.07557477936589263,-0.035597689679194966,0.055011379581607095,0.216749742482859,0.22130446163565748,0.08282329560453836,-0.08616578317789284,0.13374438053794663,-0.10919045229721298,0.19111139381928902,-0.1232852921578953,0.1796046236300442,-0.1509309158291354,0.19947273967741994,0.2269722522353921,0.22709257703246474,0.2151598478717259,0.2265314382611323,0.1997322938219541,0.22312210839378172,0.20740487196578292,0.21849611485034262,0.20872409943373088,0.22723128059349895
0.24351141312850827,0.24423313287681714,0.22185856356254885,0.24426989859588064,0.21683986675115952,0.24355046949037484,0.2216994754156019,0.25,0.23204775246145495,0.24446176559387556,0.23923422413796644,-0.03593804372980256,0.02973194160866378,0.0682561603817024,-0.058630587818331505,0.1884285011688038,-0.14527975622411238,0.20646845455796212,-0.1926806326242772,0.22977382595608303,0.22173470369356768,0.0688901738945786,-0.06667332392284299,0.06928840319561656,-0.04973200603726749,0.058867897013547665,-0.027106993596798957,0.0653587289769075,-0.053918284834791566,0.24121630320986726,0.23955924807136106,-0.060627255349169996,0.06875363980201327,-0.06414436881622389,0.06461748926996727,-0.05448526498247142,0.07076484118656806,-0.0302667829695911,0.05299757970373048,0.2335680080208679,0.23825828963612358,0.07681135400134148,-0.08088320639283811,0.1354461529764149,-0.11071810868724762,0.20333902330320988,-0.1342752402210602,0.194897829844986,-0.16553211641701782,0.21577598339291318,0.24418145970588942,0.24431523112510056,0.23095787714591326,0.24373037718738902,0.21489665397167534,0.24021316652456057,0.22379702548013902,0.23543176868295757,0.22523527622578107,0.24446154053421265
0.23663557078940964,0.23734140182069297,0.21500973178950492,0.2373810426269143,0.21068501893079852,0.23668124578238509,0.21557634349578958,0.23204775246145495,0.25000000000000017,0.23756671542270327,0.23251594134804654,-0.040393429461573774,0.03415830732883786,0.0636771846667641,-0.05469631182299291,0.18349226831232093,-0.1426603386386741,0.20159039090024167,-0.2023850333101246,0.22595191470786394,0.2150251762417558,0.07330687209256871,-0.07108600978836556,0.07367391387421225,-0.054184519701241246,0.06318789535735297,-0.03160787576466598,0.06929813248897856,-0.057943198395352405,0.23463307742916711,0.23294915936837965,-0.06507236384300388,0.07309918590117588,-0.06856029569590054,0.06902014680447317,-0.058935712974869686,0.07493836296898664,-0.03459927751728668,0.056989726102527505,0.2267750587707148,0.23145861487120992,0.08029423257368937,-0.08403838589569426,0.13557100507749362,-0.11078754516327323,0.19874320546426588,-0.12990833682504682,0.1887739579860028,-0.1594957562061414,0.20914269812690245,0.23729490646907575,0.23742292350233135,0.224671771304692,0.2368457449231062,0.2088288889975857,0.23335738438901535,0.2171937646581556,0.22861959374825797,0.21857315485677842,0.2375664605843332
0.24904021610157331,0.24976368448345712,0.22715531797913768,0.24980187999605794,0.22232261637564146,0.24907428249451774,0.22723142238065366,0.24446176559387556,0.23756671542270327,0.25000000000000017,0.2445401005129932,-0.03050475285192521,0.024304747396221113,0.07372540667084063,-0.06393201887308358,0.19388541283774935,-0.1503650582721323,0.21189940473287183,-0.1980422222722269,0.23528749899339993,0.2272578132783576,0.0634947508392678,-0.06128824217142876,0.06392358443557952,-0.04433356618470434,0.053537917194826784,-0.021702697513800957,0.06007451937381103,-0.04862263241341005,0.24653792816522924,0.24482223006217826,-0.05527810384628486,0.0634380387959119,-0.05876045254717679,0.059241701620207685,-0.0490910451665218,0.06543627538059184,-0.024925522574087762,0.04775890337485703,0.23909115877185935,0.24373998120610213,0.07237703960081689,-0.07677470130461596,0.13419214834644838,-0.10971255884944998,0.20665446578042215,-0.13774414555374875,0.19983252296303744,-0.1706934161765386,0.22128380364231012,0.24970790981135996,0.24984689608202137,0.23593951437728666,0.24925892232297162,0.21978214765452284,0.2457426901694748,0.22916782083398138,0.24095759917095796,0.23068386119431197,0.24999497039185015
0.24370783680278044,0.2443147001049643,0.22203164056797342,0.24435600325205406,0.21738019615801135,0.2436584634642793,0.22263053898177532,0.23923422413796644,0.23251594134804654,0.2445401005129932,0.2500000000000002,-0.033367499610129595,0.02613096321089426,0.07084061745033275,-0.061757588783127454,0.18923479659702544,-0.1472007536097119,0.2074490422278606,-0.19409980189723716,0.23017209271034608,0.22213928866871638,0.06430445060470277,-0.0621214342925038,0.06470405336485563,-0.045426290050358406,0.054299937170568496,-0.02310716074350552,0.06025407565953042,-0.04901517044336706,0.24120206574276526,0.23953019753528876,-0.05618445240063876,0.06421305847320997,-0.05962612435387521,0.060097615255137675,-0.05009900308634754,0.06588673089063625,-0.0259616693189525,0.04815445941439564,0.23380514986403914,0.23839338138037847,0.07272447702045276,-0.07695161852641316,0.13259773232668906,-0.10839941574324637,0.20253240533738634,-0.13459764176172032,0.19530097296516946,-0.1665197083061591,0.21625731706413234,0.24425924299185178,0.2443945086540488,0.23086965731224604,0.24381615996644249,0.2149768056548943,0.24035110622975478,0.22407047152622483,0.23563729219442153,0.22553725405180988,0.24453984269870857
-0.03024680366959676,-0.030670911448754137,-0.013067393044139992,-0.03067804827085115,-0.014903260483669627,-0.0313771401478849,-0.044507856509521,-0.03593804372980256,-0.040393429461573774,-0.03050475285192521,-0.033367499610129595,0.25,-0.2362636361092586,0.14289968880533577,-0.11265271999604379,0.0039597799243622726,0.051876785023645365,-0.047267015972910054,0.07296464933354782,-0.044474687674974374,-0.012687183101366534,-0.21470505611499285,0.21235777453576654,-0.21311086252708478,0.2015890603447324,-0.19293051369125713,0.181003674999446,-0.1475155614810888,0.14236801323509898,-0.032200525567075124,-0.03460442822994555,0.20614665744984,-0.2115578721555998,0.21024016991880112,-0.21040072006139948,0.20287786123003215,-0.1853850821080033,0.15197821718811833,-0.14040393021107844,-0.022685661316975962,-0.02709924750352584,-0.19065687065740106,0.18415165412094794,-0.14221948930497633,0.1156687380219766,-0.06207171678225858,0.003731087722074619,-0.00821319081447674,-0.02164884629442303,-0.008279421321287105,-0.03048841544630192,-0.03044044379689348,-0.03620257794885841,-0.030065319756930064,-0.025923196022638876,-0.027218736280275355,-0.018834691003232255,-0.02349920586764335,-0.01746639288440223,-0.03050494377762971
0.023959920399328625,0.024468809327107002,0.004957017677094638,0.024478020044278764,0.008075672377014433,0.025179695965308203,0.0381202544447377,0.02973194160866378,0.03415830732883786,0.024304747396221113,0.02613096321089426,-0.2362636361092586,0.24999999999999994,-0.15111098195823636,0.12125876844158782,-0.010830549307922922,-0.04489125474105656,0.04080339074410103,-0.06650484325027191,0.03826292001548567,0.0076884478997617245,0.20419256164113886,-0.2020640476704089,0.2026758937359143,-0.19272196636107558,0.1841001663982707,-0.17354929098841718,0.13990287876366664,-0.13521319902624587,0.02594924327430851,0.028328859348950453,-0.19622038553748694,0.20124827372202936,-0.20018068346681614,0.200333121926746,-0.19349405534661399,0.17612523136519065,-0.14514911066547012,0.13331319525989396,0.017018858572243917,0.02116399100226983,0.18104506769572756,-0.1747285050766329,0.13347416418644972,-0.10862845039112176,0.05547715289305743,-0.001259843324328437,0.004214053266073583,0.023948764634178842,0.0035384852522638197,0.024294658117200885,0.024245981511139898,0.03002906545940087,0.02389741927362484,0.020483403183437224,0.021233825144273438,0.013562992870215021,0.017757199473849312,0.0121728676457643,0.024304959817541532
0.07374399675596917,0.07354808248333072,0.07737776863625574,0.07354960810990495,0.08934013504568203,0.07282672900150176,0.05972354341346284,0.0682561603817024,0.0636771846667641,0.07372540667084063,0.07084061745033275,0.14289968880533577,-0.15111098195823636,0.24999999999999967,-0.21825063211470064,0.10847290104820921,-0.05221525837813073,0.0570508807952114,-0.031209696588619763,0.05971962460917949,0.07675135312399495,-0.11251572216827119,0.1129677517022653,-0.11188205382080153,0.11997234515901288,-0.1112584399825218,0.11638526418888297,-0.07970769626484442,0.08027633866292933,0.07120343603788173,0.06918539189195407,0.11113602693234889,-0.11165192704523966,0.11376039081474908,-0.11377891052216946,0.11466349779560528,-0.0979931172122848,0.09438887289861608,-0.07883187734242783,0.07492054969662199,0.07361180006502581,-0.09487263169943651,0.08903956787612671,-0.040987619578481536,0.03413632566270579,0.0358459699052032,-0.044401750598715664,0.06608361459431943,-0.07611618737334708,0.07785566311780104,0.07362941813506368,0.07371241322414103,0.06490681675231912,0.07374468500931823,0.065670193487511,0.074342603571629,0.07316996858483522,0.07505204806476021,0.07517787146213295,0.07372480083731281
-0.06395782509697284,-0.0637632368977536,-0.0665079898979691,-0.06376466722787434,-0.08676005257755567,-0.06306704322519825,-0.05409061362596366,-0.058630587818331505,-0.05469631182299291,-0.06393201887308358,-0.061757588783127454,-0.11265271999604379,0.12125876844158782,-0.21825063211470064,0.24999999999999986,-0.11884312096621968,0.0649308801708161,-0.04821628697200421,0.022967468113352395,-0.05021994823232514,-0.06591316981027169,0.08807915644576876,-0.08946856773538903,0.08900688177539512,-0.09751046303712042,0.10391207578147937,-0.09556981124922695,0.06152213811989587,-0.06257380231643053,-0.062238553694035824,-0.06018570402263267,-0.08862386725973741,0.08892751411348016,-0.09097860461169519,0.09100674819694292,-0.0922486143600274,0.07691050379880272,-0.07536755420677711,0.06139896297633439,-0.0647320286216307,-0.06373848183071404,0.07512777501110127,-0.07033106385430657,0.030537332239721087,-0.02565573004343153,-0.03238217028449444,0.03724333112942234,-0.056147535261909125,0.06412535901814885,-0.0669030388906951,-0.06384963490368681,-0.06391917150980005,-0.056576779542120315,-0.06393749216355192,-0.05697900369187106,-0.0643784870048537,-0.06305575181470811,-0.06489317925476688,-0.06484579744230079,-0.06393141902817853
0.1931727490125812,0.19367319443148148,0.17826631003185342,0.19370147316468503,0.17771975142522659,0.19299335254487854,0.18194483927027583,0.1884285011688038,0.18349226831232093,0.19388541283774935,0.18923479659702544,0.0039597799243622726,-0.010830549307922922,0.10847290104820921,-0.11884312096621968,0.24999999999999986,-0.19131245696643226,0.17783820273505335,-0.15169948844306613,0.1798857428277366,0.17829959529929754,0.025321050902453564,-0.02249085586060803,0.024237351030286562,-0.005116413501794204,-0.0016432117586526274,0.012874597282785512,0.023080446783064243,-0.014138738183044517,0.1909814514803175,0.18929782897657113,-0.018046993768927076,0.023694953422022363,-0.019341743802637246,0.019642819167864166,-0.01122198226921196,0.02622001408325214,0.005023399103449588,0.014016796151009443,0.18648524897710597,0.18940357823550594,0.03350588954047309,-0.03782870545102383,0.08831564136274231,-0.07173313276890546,0.1546407661477304,-0.10396239359169422,0.15357335506492098,-0.13605961098515595,0.17455281919832452,0.1936611976704855,0.19377759214903412,0.1821198920538618,0.19337056693858243,0.17088250015562234,0.19103105428033496,0.17860360660921962,0.187822643253573,0.1805442620253325,0.19388509038218613
-0.14967188796516845,-0.15017065238517507,-0.1349501348990264,-0.15020558857051777,-0.13323817388781087,-0.14958443809019023,-0.15923096192230946,-0.14527975622411238,-0.1426603386386741,-0.1503650582721323,-0.1472007536097119,0.051876785023645365,-0.04489125474105656,-0.05221525837813073,0.0649308801708161,-0.19131245696643226,0.24999999999999978,-0.18202812273727964,0.15272305479385664,-0.1378969660828413,-0.13379370569479096,-0.08174368663042478,0.07876561198696301,-0.08035809838251819,0.0614121019262402,-0.05403762540969672,0.03987376201308163,-0.021620602060139497,0.01628491711449222,-0.14841133936613546,-0.14823746634596033,0.07391086489752477,-0.0795572905260199,0.07561790844021499,-0.07585549473733964,0.06660826029079407,-0.05614740223904813,0.021179130066107353,-0.018201384927825616,-0.14307097317443992,-0.14610839434938366,-0.07991331511138043,0.08110565121442624,-0.1049769317639427,0.08487273142561028,-0.12962598716753876,0.07434737488204056,-0.11232621553422399,0.0917749547468923,-0.1299200569841593,-0.15019723540622798,-0.150268204235135,-0.1435608289178567,-0.14986510487511773,-0.132250269454774,-0.14735157200630666,-0.13560610828672745,-0.14395659210484127,-0.13679886048953457,-0.15036507199008764
0.21102087271795958,0.2116791364359084,0.1912860172983223,0.21171863214611156,0.18725159550349282,0.2110277295722,0.19837490939320737,0.20646845455796212,0.20159039090024167,0.21189940473287183,0.2074490422278606,-0.047267015972910054,0.04080339074410103,0.0570508807952114,-0.04821628697200421,0.17783820273505335,-0.18202812273727964,0.24999999999999983,-0.21575495428522254,0.19894826119210396,0.19083794642305385,0.07943847570363309,-0.07722966936348656,0.0797295933494534,-0.06035490828468609,0.06910915804466905,-0.03547322995683807,0.024416212342582566,-0.0177599939272768,0.20852706287192582,0.20811631329110777,-0.07181313669716853,0.07917159381075663,-0.07471828804079145,0.07511036264009958,-0.06464319687020383,0.058560754666437766,-0.01708372586629218,0.019703066151691345,0.20233722407165897,0.20629073274429333,0.08334151931503017,-0.08614871909457528,0.1280361920706167,-0.10421172947976791,0.1782048942135826,-0.11139800835783728,0.16426397101461432,-0.1377710326956523,0.18555712558337295,0.21165878921955553,0.21176884127684753,0.20102715370767765,0.21123928373212536,0.18626997375800952,0.20800755962709855,0.1928455823658326,0.20362579242059395,0.1942576253522156,0.21189927390427274
-0.19715840476286095,-0.19782634329963572,-0.17688709044964318,-0.19786681209887447,-0.1723932477646063,-0.19720343947682378,-0.18456637293702655,-0.1926806326242772,-0.2023850333101246,-0.1980422222722269,-0.19409980189723716,0.07296464933354782,-0.06650484325027191,-0.031209696588619763,0.022967468113352395,-0.15169948844306613,0.15272305479385664,-0.21575495428522254,0.24999999999999967,-0.21171946963040825,-0.17604114571331006,-0.10572539620609292,0.10345172756808045,-0.10590531510608651,0.08658221183764657,-0.0950361196060177,0.061948324692457424,-0.055082005789163405,0.047918665377508524,-0.19537208846262194,-0.19522511620800506,0.09754153295634528,-0.10513762901288788,0.10093403329675377,-0.101320259986195,0.09086154331460673,-0.08671516214828719,0.044930106655895155,-0.049230498860456044,-0.18796968301960226,-0.19238837323764435,-0.10583278850164973,0.10738978043152382,-0.1392481290474217,0.11336423461592471,-0.17256231466678865,0.10339785080048698,-0.15215714933315316,0.12286127817233669,-0.1704403478408287,-0.1978199888200437,-0.19791279996127317,-0.18897929524923332,-0.19736911923812012,-0.17389884893325552,-0.19396092256336425,-0.17893191526237537,-0.1893626626792814,-0.1798889246010971,-0.19804212273068506
0.23433857375581701,0.2350576591949754,0.21278827292257618,0.23509664024446217,0.20801959745624318,0.23438158650822621,0.21291567385222757,0.22977382595608303,0.22595191470786394,0.23528749899339993,0.23017209271034608,-0.044474687674974374,0.03826292001548567,0.05971962460917949,-0.05021994823232514,0.1798857428277366,-0.1378969660828413,0.19894826119210396,-0.21171946963040825,0.24999999999999972,0.2126065037884714,0.07746103077277647,-0.07523244976126897,0.07781909723480855,-0.05830069338890622,0.06735629132328512,-0.03563675671860539,0.07296324521721637,-0.06158554895389681,0.23184689594348917,0.23082339024178203,-0.06913102187904858,0.07719090561715874,-0.07270059314181565,0.0731607808287189,-0.0630463033165224,0.07888041198089614,-0.03835970611458984,0.06059100588382007,0.22443401256268233,0.22917522245184216,0.08381192243127056,-0.08735571796844835,0.13726206494005852,-0.11217148478433546,0.19774843696214991,-0.1284624726048281,0.18666902976116864,-0.15701097994916316,0.20668610223292586,0.2350187393418774,0.23514399305957848,0.2226872465772875,0.23456501966868248,0.2068013844788024,0.23105178978099042,0.21490283030439786,0.2262837849976955,0.21622274006714892,0.23528727057395923
0.2263983889913748,0.2270312646103749,0.20735065925340562,0.22706614205135356,0.20278022760142655,0.2263419325633876,0.20518137654660817,0.22173470369356768,0.2150251762417558,0.2272578132783576,0.22213928866871638,-0.012687183101366534,0.0076884478997617245,0.07675135312399495,-0.06591316981027169,0.17829959529929754,-0.13379370569479096,0.19083794642305385,-0.17604114571331006,0.2126065037884714,0.2499999999999996,0.040776042640022304,-0.0389770261090678,0.04136377945472931,-0.02401846498511757,0.033167315096853764,-0.004868111025489608,0.04290386765760184,-0.032860503345680615,0.22393540495268455,0.2221693105438763,-0.033970514185582834,0.04102608764393997,-0.0367951958378492,0.037220608272980786,-0.028419220515711607,0.044848534963112266,-0.010330978659626565,0.03224641560720891,0.21788187092121997,0.221788305721368,0.050948674865876106,-0.05552215302374847,0.11170877487487885,-0.09133173477574022,0.18478855178669368,-0.1261765219328175,0.18291960633357332,-0.15861931082636116,0.20270215359184535,0.22699512859289833,0.2271267860505036,0.21387697992817947,0.2266173555535039,0.19987033894284278,0.22362051705666153,0.20906551051429537,0.21952951437616794,0.21058315301911099,0.22725756316029674
0.06313507335533491,0.0636578339580543,0.0459561775049158,0.06366522718922524,0.047485601027490235,0.06434624727031181,0.07718667223147545,0.0688901738945786,0.07330687209256871,0.0634947508392678,0.06430445060470277,-0.21470505611499285,0.20419256164113886,-0.11251572216827119,0.08807915644576876,0.025321050902453564,-0.08174368663042478,0.07943847570363309,-0.10572539620609292,0.07746103077277647,0.040776042640022304,0.24999999999999964,-0.24646961408287402,0.24769554435726968,-0.22894083505849455,0.22031595459929582,-0.2028500070948196,0.1704725868679752,-0.1635424285653257,0.06498843505273671,0.06751389629607281,-0.23866712573164037,0.24567713503340038,-0.24313455101791936,0.24332952616136733,-0.23285431263772527,0.2150349575651508,-0.17175296574124602,0.16143755313838498,0.05351589246563811,0.05894642961890945,0.22321512204454433,-0.2164142865650879,0.1758125944141162,-0.14260806895705222,0.09335795004712856,-0.018466770897319428,0.03133557412058007,0.004995780098270754,0.03536332483487737,0.06344317279864327,0.0634055250303178,0.06830016975969355,0.06291910638000206,0.05492138950630952,0.05933823110656276,0.04782789612897741,0.05463671638026887,0.04668579224513435,0.06349480477177565
-0.0609374363402532,-0.06145133041505547,-0.04406130078023596,-0.061458403369577606,-0.04548973527220188,-0.06213790645791098,-0.07487168547633614,-0.06667332392284299,-0.07108600978836556,-0.06128824217142876,-0.0621214342925038,0.21235777453576654,-0.2020640476704089,0.1129677517022653,-0.08946856773538903,-0.02249085586060803,0.07876561198696301,-0.07722966936348656,0.10345172756808045,-0.07523244976126897,-0.0389770261090678,-0.24646961408287402,0.24999999999999956,-0.24683476154169068,0.23037445341903348,-0.22170611605536208,0.20437809964681608,-0.17201723375394376,0.16511799424397236,-0.06285862797395154,-0.06539741173141074,0.24005406526320813,-0.24703455669707478,0.24452533646886918,-0.24471681414330843,0.2342779778650268,-0.21646468672015337,0.1733272636047976,-0.16299163191717642,-0.051336420212108005,-0.056770132918272154,-0.22430092465210458,0.21739608785844386,-0.17583901798821178,0.14262343413444195,-0.09189928835335995,0.01716833943933964,-0.029458401743747056,-0.0068796305073904026,-0.03323213419923073,-0.06123937263527154,-0.061199883844504366,-0.06628568256650838,-0.06071575413133041,-0.05297326717388806,-0.05714282227740741,-0.04572272161724225,-0.052453589308198205,-0.044550357835348754,-0.06128829920350671
0.06356429738184739,0.06408557031472231,0.0464403747360091,0.06409292524413286,0.04791174453445737,0.06476904919798254,0.07735549142818787,0.06928840319561656,0.07367391387421225,0.06392358443557952,0.06470405336485563,-0.21311086252708478,0.2026758937359143,-0.11188205382080153,0.08900688177539512,0.024237351030286562,-0.08035809838251819,0.0797295933494534,-0.10590531510608651,0.07781909723480855,0.04136377945472931,0.24769554435726968,-0.24683476154169068,0.2499999999999997,-0.23028219974881048,0.22163176849351068,-0.20412857407160717,0.17185919589928608,-0.1648802299349232,0.06541790832465635,0.06795719647561844,-0.23979689122309378,0.24685049165535428,-0.24434231815850088,0.24454267070569533,-0.2340751611068314,0.21632783714339965,-0.1729666379092957,0.16274351851375898,0.05387914558167417,0.05934909865993038,0.22428817542863624,-0.21745735310283054,0.17671064190170638,-0.14337011470201377,0.09396236887965752,-0.018828876207320752,0.03173812039762755,0.004857123314836395,0.03562065365913265,0.06387156487311157,0.06383379721153042,0.06874023399233427,0.06334432502606624,0.05528202985571919,0.05974126906408932,0.04818499662273844,0.05501059660322757,0.04701414519980731,0.06392363633559196
-0.044040545426296936,-0.04449953333682036,-0.02904015082770718,-0.04450476286621226,-0.02980028682832658,-0.045188464445324455,-0.05790528347494725,-0.04973200603726749,-0.054184519701241246,-0.04433356618470434,-0.045426290050358406,0.2015890603447324,-0.19272196636107558,0.11997234515901288,-0.09751046303712042,-0.005116413501794204,0.0614121019262402,-0.06035490828468609,0.08658221183764657,-0.05830069338890622,-0.02401846498511757,-0.22894083505849455,0.23037445341903348,-0.23028219974881048,0.2499999999999995,-0.23804351219507608,0.22297328574211417,-0.18547241511725202,0.17864220981854528,-0.04646371841543232,-0.048474574384788374,0.22432452701761596,-0.23077409437746718,0.23395908783272723,-0.23456515293443422,0.23129276911355698,-0.21487136134883342,0.18531726271311894,-0.17492169129538862,-0.0345830872110292,-0.040245326583989285,-0.2084846966529115,0.2015749101981634,-0.1596017911510156,0.13315667961110067,-0.0812994275802058,0.02485617160663699,-0.027973223593318733,-0.011215583989953048,-0.017091049373480473,-0.04429916919289161,-0.04425235969330415,-0.049611755796503516,-0.043784303687652626,-0.03712430148208745,-0.040274942251658015,-0.03160085433088792,-0.03568307086453709,-0.028394475271250445,-0.04433366133594799
0.05323844891355945,0.05370030935254346,0.03803547981977837,0.05370548617970363,0.03888561587084587,0.05436900587543556,0.06512092996141634,0.058867897013547665,0.06318789535735297,0.053537917194826784,0.054299937170568496,-0.19293051369125713,0.1841001663982707,-0.1112584399825218,0.10391207578147937,-0.0016432117586526274,-0.05403762540969672,0.06910915804466905,-0.0950361196060177,0.06735629132328512,0.033167315096853764,0.22031595459929582,-0.22170611605536208,0.22163176849351068,-0.23804351219507608,0.2499999999999996,-0.21501494567145926,0.17977281048229224,-0.17293554588166318,0.05522283895942552,0.05722104525427597,-0.21539195394594954,0.2220725547936255,-0.22334411478303215,0.22379281370649773,-0.22125827740325402,0.2063176315657751,-0.17785057076870125,0.1692497405690468,0.04374125661788624,0.049364642967362225,0.20112087413018406,-0.19475940579033538,0.15759234043108217,-0.13091652228593292,0.08625444678433666,-0.030903356417971366,0.03687776516329588,0.002084914571925218,0.0262646622054523,0.05349190733636578,0.05345373030057443,0.057891138627488875,0.05298068450609439,0.04519323492049004,0.04947302801215438,0.040588462228172584,0.04487513342083461,0.03747668842637339,0.053537982050485176
-0.021509558907962082,-0.02187337466627836,-0.009480083820431126,-0.021874982254244797,-0.010395183431961687,-0.02256025917728669,-0.035312682555184494,-0.027106993596798957,-0.03160787576466598,-0.021702697513800957,-0.02310716074350552,0.181003674999446,-0.17354929098841718,0.11638526418888297,-0.09556981124922695,0.012874597282785512,0.03987376201308163,-0.03547322995683807,0.061948324692457424,-0.03563675671860539,-0.004868111025489608,-0.2028500070948196,0.20437809964681608,-0.20412857407160717,0.22297328574211417,-0.21501494567145926,0.2499999999999998,-0.2084259966329632,0.20450982654307637,-0.024768593601259097,-0.025767996803636888,0.1981987822057578,-0.2046217002261711,0.2083720264414624,-0.2088101090077657,0.21426478782426978,-0.20495273561991084,0.20956823766181115,-0.19949849056523697,-0.011984078654833022,-0.018203285659678506,-0.18275567162708595,0.17597746614048282,-0.1350034524440871,0.11258915780134632,-0.06162046711760273,0.04404885260173391,-0.03748159585463317,-0.008757560659412026,0.004801134333990473,-0.021685797277513387,-0.021629611437600296,-0.02708502185055811,-0.02117567797199962,-0.014889105054199287,-0.017681300551634565,-0.013837908179801312,-0.013128991606652948,-0.006743937713093837,-0.02170280354789673
0.059844476161305074,0.06023663544949907,0.04677837892651246,0.06023340157002812,0.04826769552744697,0.060870441255001316,0.06644775337801787,0.0653587289769075,0.06929813248897856,0.06007451937381103,0.06025407565953042,-0.1475155614810888,0.13990287876366664,-0.07970769626484442,0.06152213811989587,0.023080446783064243,-0.021620602060139497,0.024416212342582566,-0.055082005789163405,0.07296324521721637,0.04290386765760184,0.1704725868679752,-0.17201723375394376,0.17185919589928608,-0.18547241511725202,0.17977281048229224,-0.2084259966329632,0.24999999999999967,-0.23697308556777424,0.06311763537289669,0.06236463872951373,-0.16564260807862452,0.1724537125565014,-0.1758874469789961,0.1764509704238004,-0.17908149242953844,0.19872922119143158,-0.20852904881228085,0.2279440156398246,0.049498376042382684,0.05615768174989182,0.15748745844591727,-0.15290923981703516,0.13157950561314105,-0.10850426297985254,0.08559313251828486,-0.07020847628317763,0.07474255069261025,-0.028388427149498185,0.03299577742094706,0.06000963659866138,0.05998786526680861,0.061668847147191896,0.059505123303940435,0.048745193020410256,0.05595842919168283,0.05115923761090551,0.05130377778781046,0.04449281188239193,0.06007441621191033
-0.04843410281308794,-0.04878732183601923,-0.036577766491178665,-0.04878313288145022,-0.038176992009095335,-0.04942460637544117,-0.055729318865695716,-0.053918284834791566,-0.057943198395352405,-0.04862263241341005,-0.04901517044336706,0.14236801323509898,-0.13521319902624587,0.08027633866292933,-0.06257380231643053,-0.014138738183044517,0.01628491711449222,-0.0177599939272768,0.047918665377508524,-0.06158554895389681,-0.032860503345680615,-0.1635424285653257,0.16511799424397236,-0.1648802299349232,0.17864220981854528,-0.17293554588166318,0.20450982654307637,-0.23697308556777424,0.24999999999999975,-0.05199847620676314,-0.051033212962475115,0.15872184797514036,-0.16546533602873204,0.1690069983914653,-0.16949304162636075,0.1763911860686348,-0.19623795159859397,0.21953546963316503,-0.23914234772077222,-0.03807254090400155,-0.044951995954488955,-0.15020186281803657,0.14549591791684938,-0.12294975901737361,0.1021689684400585,-0.07730894512196333,0.07531997660864971,-0.07476996213615887,0.025826586493683773,-0.021821105317113943,-0.04856799932100111,-0.04854001530993367,-0.05056408249902806,-0.04806394248372621,-0.037871663566834635,-0.0445224304582038,-0.041567053968075196,-0.03988468630437172,-0.033436420507656335,-0.04862254811032313
0.24560744065177778,0.2463138420879616,0.22393693951392923,0.24635014545808231,0.21942576971697803,0.24564156306787896,0.22481487406547168,0.24121630320986726,0.23463307742916711,0.24653792816522924,0.24120206574276526,-0.032200525567075124,0.02594924327430851,0.07120343603788173,-0.062238553694035824,0.1909814514803175,-0.14841133936613546,0.20852706287192582,-0.19537208846262194,0.23184689594348917,0.22393540495268455,0.06498843505273671,-0.06285862797395154,0.06541790832465635,-0.04646371841543232,0.05522283895942552,-0.024768593601259097,0.06311763537289669,-0.05199847620676314,0.24999999999999964,0.24149214910143743,-0.056863718605242995,0.06499291815438535,-0.060445154575284314,0.06092431066809676,-0.05109203276532359,0.06753392141432471,-0.028257216714007966,0.051083280845437236,0.23564040159036415,0.24032876436457284,0.07354200540008243,-0.0777893895704894,0.13388337371217643,-0.10947517381917332,0.20439601316962377,-0.13678282554574853,0.19779295118007958,-0.16829770099850255,0.21786525234916165,0.24625448748395706,0.24639065617085432,0.23274860810086903,0.24580467520718519,0.21665108576326803,0.24228856944657778,0.2259627820487164,0.23750673434389138,0.22730178943040313,0.24653759319543297
0.24388432137805438,0.24460056219420212,0.2221866935099543,0.24463790665175975,0.21751612953186253,0.24394519732816985,0.22297591157204366,0.23955924807136106,0.23294915936837965,0.24482223006217826,0.23953019753528876,-0.03460442822994555,0.028328859348950453,0.06918539189195407,-0.06018570402263267,0.18929782897657113,-0.14823746634596033,0.20811631329110777,-0.19522511620800506,0.23082339024178203,0.2221693105438763,0.06751389629607281,-0.06539741173141074,0.06795719647561844,-0.048474574384788374,0.05722104525427597,-0.025767996803636888,0.06236463872951373,-0.051033212962475115,0.24149214910143743,0.24999999999999956,-0.06025736435652385,0.06752909461674599,-0.0628861131015778,0.06335698330430438,-0.053202210592129574,0.06869286089812798,-0.028135323641227766,0.050134006768733155,0.23397419793326465,0.23861698100646514,0.07641896263037015,-0.08052461497821285,0.1347573237928705,-0.1100805716704042,0.20330828822000838,-0.13429674251211515,0.19512767821565893,-0.16585630500248189,0.2161596265820951,0.2445413007111407,0.24467560206226333,0.2314703813191141,0.24409082262812634,0.2151757922799766,0.24057717968030204,0.22414061408767383,0.23580020158963336,0.2255945952395937,0.24482197337061629
-0.05495419856375385,-0.055441323937724274,-0.038914485878173054,-0.055447411434991614,-0.040413936659716626,-0.05612248857696883,-0.06892843038452008,-0.060627255349169996,-0.06507236384300388,-0.05527810384628486,-0.05618445240063876,0.20614665744984,-0.19622038553748694,0.11113602693234889,-0.08862386725973741,-0.018046993768927076,0.07391086489752477,-0.07181313669716853,0.09754153295634528,-0.06913102187904858,-0.033970514185582834,-0.23866712573164037,0.24005406526320813,-0.23979689122309378,0.22432452701761596,-0.21539195394594954,0.1981987822057578,-0.16564260807862452,0.15872184797514036,-0.056863718605242995,-0.06025736435652385,0.24999999999999972,-0.24176473170249682,0.23860587141495637,-0.23869172258994337,0.22812515045864967,-0.21022853313618495,0.16683585927877437,-0.15650497907014851,-0.04567251014808035,-0.05076280962272978,-0.23115333873390462,0.22395406313416694,-0.17053612438365198,0.13653657288867863,-0.08542481703951588,0.009933898069188537,-0.022936742085150917,-0.01353096572895981,-0.027046789389548784,-0.055234031035463114,-0.0551912359414466,-0.06415842618004483,-0.054706975351216415,-0.046842089566301634,-0.05111052142293383,-0.0395343676408849,-0.046393586530569915,-0.038431458911021565,-0.055278161415956255
