x1,x2,x3,x4,x5,x6,x7,x8,x9,x10,x11,x12,x13,x14,x15,x16,x17,x18,x19,x20,x21,x22,x23,x24,x25,x26,x27,x28,x29,x30,x31,x32,x33,x34,x35,x36,x37,x38,x39,x40,x41,x42,x43,x44,x45,x46,x47,x48,x49,x50,x51,x52,x53,x54,x55,x56,x57,x58,x59,x60
0.25000000000000006,-0.005500666158908417,-0.049333920172988835,-0.1227532385331659,-0.14064035089983332,-0.15432085785768535,-0.13825450381741433,-0.14029698878000474,-0.14026700412664225,-0.1392449282644333,0.11884844470823344,-0.13774906002620133,0.06788461771984383,-0.13269266664821808,0.1332592086051084,-0.1419149385393001,0.1519166936599233,-0.13777913251058438,0.13749128999820773,-0.1377755578894589,-0.01679468529603962,0.016774194683191683,-0.0445805318785403,0.04408687128555605,-0.12165282575910075,0.12379342140520397,-0.13116777723569956,0.1311270865671193,-0.1376429034935597,0.1336300482956285,0.015722425549810307,-0.018505589072100564,-0.011375915893140956,-0.050825819546586895,0.024192858969209693,-0.02452660249149138,0.0085587730173599,-0.008814941419525334,-0.03451430158910798,0.033306710201075417,0.13397529006528353,-0.13736845334319742,0.002580488772581357,-0.003309358536251591,0.00043368214368835853,-0.002017021369027257,-0.014426639005567853,-0.0006823048709779881,-0.01390983804128274,-0.03173766704807588,0.008061892588644284,-0.10789006123134787,-0.08000916722738176,-0.038703089484344186,-0.018942061972302134,-0.01255529440674621,0.02131896471818776,0.00014255776922197062,-0.00471005982944311,-0.06362006508038902
-0.005500666158908417,0.25,0.061857059706063776,0.061244582390417975,0.052300397333651896,0.06679476869353097,0.05872991397978111,0.0652354147201232,0.06531920061677163,0.06506288941843036,-0.0874629616926646,0.06508179182552239,-0.13522802366067643,0.0647191613637653,-0.05887123118987646,0.06549989820957731,-0.06625057510359632,0.0650588189693659,-0.06415733180807592,0.06505842715491686,-0.022473165097555026,0.022485221634045028,-0.01512446264880997,0.0154294646301992,0.04903572779931931,-0.049208105446975264,0.05910297903797493,-0.05908862898070882,0.06493945310507526,-0.0631968960142458,0.02275177128559937,-0.02198574306506077,0.030217270791476326,0.01801994937841939,-0.00994960704324714,0.010867264073438148,-0.0037742681830104183,0.0038960998727896835,0.01669727598065511,-0.016103144688739142,-0.06308377790266492,0.06489841271979366,-0.001139087649097805,0.0014595770580241743,-7.31777601950815e-5,0.0008208138234701365,0.00683336416353909,0.0001891922099948795,0.006613897473081937,0.015192257774929833,-0.004497216760720464,0.05098684352538425,0.037791035668935546,0.01828996550932456,0.008903253409373871,0.005878290137212481,-0.009907564582509977,7.597280605551293e-5,0.002449814299581978,0.030072521581645646
-0.049333920172988835,0.061857059706063776,0.2500000000000001,0.030513314285608627,0.00748785031697624,0.0032850910511112914,-0.0124399054056405,-0.010227256707603825,-0.010463001997187733,-0.011046198044427616,-0.014394408377377292,-0.012880040904226408,-0.0688594269037934,-0.0066628267742493245,-0.009176855403648945,-0.008856060621450373,-0.001838257596332529,-0.01290238993664186,0.010609636043185352,-0.012905839249161397,-0.01806546780275074,0.018066407839513212,-0.024372328192646064,0.023477093018540677,-0.014676023968077581,0.012450907832055791,-0.014225230791725363,0.014219024588661415,-0.012931957332217392,0.012505888947606715,0.017861563484589456,-0.018472731716244608,0.012652951935395876,-0.0077456337739441865,0.001983649445839032,-0.002580271918601796,0.0009640468276909402,-0.0009874201769550625,-0.0030141795516658346,0.002914055121270673,0.012647730578865994,-0.012849571864760633,0.0002746136393276019,-0.000354736602011995,0.00010890875565003203,-0.0002572466279815776,-0.0013414747445049397,-0.00013292008284875509,-0.001281054821519581,-0.0028610737209396205,0.0003722790863699928,-0.010082337068782619,-0.007485118292055004,-0.0036169709713378905,-0.0017954325553295985,-0.0012014907554313166,0.0020846865263435205,9.039158063945418e-5,-0.00031999910317784876,-0.005943841288680994
-0.1227532385331659,0.061244582390417975,0.030513314285608627,0.25,0.15591190810398495,0.15869431543183427,0.14317131179209588,0.14495524474694743,0.14493731565034854,0.14391575511634871,-0.14506436273023404,0.14248360871176619,-0.06481405048239886,0.13783596628469297,-0.15313104337111555,0.14655076938861628,-0.1562911041221179,0.1425020470957619,-0.14208629482182208,0.14249854540142395,0.01913373505860436,-0.019112705070916523,0.04820489314162984,-0.04775877303009542,0.1260280360576333,-0.12811682734839058,0.13577731973041932,-0.1357349303791307,0.1423635866325964,-0.13820960981915112,-0.018013694993393684,0.020923771670889792,0.01033488863717833,0.05256440029711815,-0.024680933153498303,0.025052018274683868,-0.008550819873211827,0.008815155497494395,0.035898516649904316,-0.0346538255164334,-0.13858407256312322,0.1420761789867633,-0.002962785778007566,0.003718266247769286,-0.0007526586581294562,0.002387192400613577,0.01466000000304458,0.0010096840029749532,0.014119487792650088,0.0330457155577256,-0.008239706793055232,0.11162735020304329,0.08287230756710505,0.04022516653266982,0.019832140451463504,0.01323411224357603,-0.021869812082894607,-5.07540009665751e-6,0.004942322760433175,0.06590106411045041
-0.14064035089983332,0.052300397333651896,0.00748785031697624,0.15591190810398495,0.25000000000000033,0.20408740410753404,0.18747783061744533,0.1893800839688158,0.1894150292119409,0.18822476337689323,-0.1641954635970165,0.18678378576009746,-0.10051786644916848,0.181529378711677,-0.19924936913063024,0.19113834156608508,-0.20130688806238253,0.1868192339782719,-0.18576942118582865,0.1868154891515326,0.025348277593973664,-0.02531964883917739,0.06025137483105202,-0.059724142339165676,0.16402137839220512,-0.16621546623888772,0.17772692127930942,-0.177671375132025,0.1866330350500721,-0.181190297975315,-0.02389130316470697,0.027394510708482006,0.013650671729518468,0.06948219916114202,-0.03272816589108056,0.03345324187219116,-0.011830790043584524,0.012178364729257223,0.0466384999968819,-0.04500085545699291,-0.18166739301756127,0.18626087018673654,-0.003277095214359959,0.0042660817767170185,-0.00036853293577086415,0.0025178237903895804,0.01975766629897571,0.0007058899970943997,0.01906399301003329,0.04287963712165704,-0.01092347980288272,0.14626388646037336,0.10839998155443607,0.05232950677825692,0.02550356815647447,0.01683788320383736,-0.029068335642697535,-0.0003250291552214422,0.006299272953174722,0.08617843933868086
-0.15432085785768535,0.06679476869353097,0.0032850910511112914,0.15869431543183427,0.20408740410753404,0.2500000000000001,0.23329510926308059,0.23513696155135733,0.23524264772771675,0.23392019555164761,-0.20292626978220366,0.23261474388972275,-0.14244522410568067,0.22735272356756933,-0.21178385851207698,0.23696788343190991,-0.24684067497834297,0.23265129964203854,-0.23080208235719782,0.23264754614308422,0.03261909246401556,-0.032582987119560716,0.07534740025999145,-0.07480091226369004,0.20376189216161503,-0.2059102325441024,0.22132188894656993,-0.22125252504427484,0.23242017409470472,-0.22564527984543328,-0.03080590457240931,0.03509629800276433,0.01624423302548538,0.08656980237101787,-0.040424272295076814,0.04153744981569512,-0.014646643344436959,0.015079252465633596,0.05814246893913356,-0.056104728768344526,-0.22624193124674521,0.2319560686969943,-0.004153058958827748,0.005385295630445749,-0.0005366973585473412,0.0032125164766010706,0.024539785800597534,0.0009568097546907609,0.023674832379285266,0.05346855468238659,-0.013563559348059312,0.18215896903564135,0.1350267372312172,0.06521735500765423,0.03182114548309888,0.02103117487300368,-0.03616046694486823,-0.0003752650645713,0.007853931513482388,0.1073421075308362
-0.13825450381741433,0.05872991397978111,-0.0124399054056405,0.14317131179209588,0.18747783061744533,0.23329510926308059,0.2500000000000003,0.22180875788329155,0.22191646831650896,0.22062167593499474,-0.189607526466393,0.21928847220221012,-0.1553751031424638,0.24067838163201022,-0.22228128911934267,0.2236426296449063,-0.23350863845435826,0.21932493380772358,-0.21769130739588954,0.21932118959320873,0.04474612264154023,-0.04471299770968228,0.08710054806495905,-0.09081178005869352,0.19117547923415504,-0.19332926912840392,0.20826679513892682,-0.20819789361014143,0.21909920530448435,-0.2127005446768472,-0.04295833030999261,0.04720020557490138,0.004710185191580342,0.07804287814058258,-0.03154350505093753,0.03258206562769708,-0.0076716049396234505,0.008068113238000527,0.05907402285970932,-0.05722238387855411,-0.21347074658728912,0.21866742295562389,-0.009566597096397353,0.010747455850908737,-0.006319388453422179,0.008782232246241268,0.018101925208110995,0.006712312181286307,0.017171015830000393,0.05489963523612917,-0.011305458350975501,0.1725229608872691,0.12965694830869123,0.06528468963866153,0.034639824043673884,0.024610022686976426,-0.030523491374452733,0.0024640466943452416,0.008875927157655243,0.10312735316139533
-0.14029698878000474,0.0652354147201232,-0.010227256707603825,0.14495524474694743,0.1893800839688158,0.23513696155135733,0.22180875788329155,0.2500000000000001,0.24935263490430767,0.24803469675222392,-0.21709794328184437,0.24674901092046891,-0.12778134580832265,0.21595579051235683,-0.19703116213240926,0.24625049027195273,-0.23533839211553337,0.2467856011357368,-0.24473929688933913,0.24678186799780255,0.025719122674778386,-0.02568109094810991,0.06839130071592185,-0.06351660643318799,0.21561368617476803,-0.2152355905500343,0.23546764404117843,-0.2353967941830797,0.24655470526085,-0.23939811346117457,-0.023870394350971196,0.028163633408287744,0.02376573807573924,0.09472581580598598,-0.0469719378485059,0.04916683172264909,-0.02039726594190627,0.02086475541081347,0.05833299611370296,-0.05611795637500333,-0.2398472978153955,0.24604736735144628,3.572270446087769e-5,0.0012562681383680079,0.003987478027823107,-0.001102264148138709,0.029971314920866927,-0.003539367927273438,0.029151700776850753,0.053204565438932275,-0.015519423616248921,0.19259803109938742,0.14137493682406221,0.06619622342743672,0.030114406209223347,0.01855735962855479,-0.04115879948798384,-0.0026115300936685967,0.007172204058629779,0.11234453632990818
-0.14026700412664225,0.06531920061677163,-0.010463001997187733,0.14493731565034854,0.1894150292119409,0.23524264772771675,0.22191646831650896,0.24935263490430767,0.2500000000000001,0.24863994503369463,-0.21764498583736117,0.24734341660145756,-0.1277725737070518,0.21606289476340404,-0.1971093927282534,0.24676113594866417,-0.23544356397365973,0.2473800770513301,-0.24533820252537505,0.2473763214483429,0.0256119939329062,-0.02557387553194437,0.06834464202661153,-0.06338735383496495,0.21612013644596514,-0.2156988414025741,0.23604470850201187,-0.23597373634901062,0.24714880960072189,-0.23997557484861057,-0.023760257428877937,0.028059733264079692,0.02394864973655905,0.09499459032652768,-0.04714880275954301,0.04936599946995455,-0.020523486895998377,0.02099223962783155,0.058420826862846054,-0.05619957748809805,-0.24042266767181636,0.2466400636860645,0.00010631424260684976,0.0011885270491420257,0.004069472620515964,-0.0011765662677671207,0.030105999944094866,-0.0036202452624704774,0.02928600124568046,0.053277161677073276,-0.015575480221989827,0.1930520297282307,0.14168605932027073,0.06630837645093551,0.0301291832424982,0.018542522941021714,-0.041302177412731185,-0.0026527428139768326,0.0071713780136908505,0.11259111597843277
-0.1392449282644333,0.06506288941843036,-0.011046198044427616,0.14391575511634871,0.18822476337689323,0.23392019555164761,0.22062167593499474,0.24803469675222392,0.24863994503369463,0.25000000000000017,-0.21768630181497145,0.24729887554775612,-0.12673703089600874,0.21478524066898547,-0.19588168505476902,0.24614037112290288,-0.23411996329588122,0.24733454488343076,-0.2447236481709508,0.24733169175718447,0.0250970045496212,-0.025058914655490146,0.06770946888100318,-0.06254289817630743,0.2159123488200306,-0.21516190871439383,0.23603105719850775,-0.2359602445887442,0.24710480219163927,-0.2399372292085603,-0.023250016513240167,0.027537756527738724,0.02432237594844137,0.09507896194547832,-0.04726517516740549,0.04958253936214751,-0.02074545415751061,0.021214527745553328,0.05825175883112925,-0.056028401893030946,-0.24037231759009553,0.24659558086325478,0.00031758236808074265,0.0009762000751473379,0.004285285198454745,-0.0013906771232137568,0.03028835803763478,-0.0038360235527122692,0.02947269616535098,0.05310063803098829,-0.01562502972598685,0.1929874764794496,0.14157218527969834,0.06615482677540827,0.02995089633669724,0.01836093426411792,-0.0414283756515078,-0.0027578774249622864,0.007114255654437683,0.11249862156142235
0.11884844470823344,-0.0874629616926646,-0.014394408377377292,-0.14506436273023404,-0.1641954635970165,-0.20292626978220366,-0.189607526466393,-0.21709794328184437,-0.21764498583736117,-0.21768630181497145,0.2499999999999999,-0.22027328446983022,0.10419317788546749,-0.18376842319088346,0.16942241644846112,-0.21594033600313908,0.2033133146492908,-0.2202610545310176,0.21423594629465278,-0.22026467708961817,-0.019473818394069007,0.01944033401938828,-0.058019515368689815,0.05219958039690196,-0.19166435729880865,0.1890961090135896,-0.21047607280580463,0.21041381977505455,-0.22006813083869536,0.21371099526172033,0.01784673637760522,-0.021723061734083875,-0.023670116098195342,-0.08507132357827449,0.04263726314351262,-0.04522726282635412,0.019552414747017074,-0.019972127490894703,-0.05110650635683774,0.04911435053386989,0.2140337814481037,-0.21960930543408164,-0.0012870242881325902,0.00013897107140540356,-0.004846442690038397,0.0022580439858527956,-0.02786809020348112,0.004445809184585334,-0.02715947777381346,-0.04647894363649696,0.014165372087426669,-0.1717237874864819,-0.12565557088963542,-0.05824118648063144,-0.025851441525792922,-0.01550423784984846,0.03752813381110447,0.002955195426262331,-0.006073745598950821,-0.0998474232815632
-0.13774906002620133,0.06508179182552239,-0.012880040904226408,0.14248360871176619,0.18678378576009746,0.23261474388972275,0.21928847220221012,0.24674901092046891,0.24734341660145756,0.24729887554775612,-0.22027328446983022,0.2500000000000001,-0.12516320005846535,0.21345310391747283,-0.19447814129133656,0.2456393218683258,-0.23281358728218407,0.24996327284639866,-0.24341877474729978,0.2499668901813497,0.023914516356613617,-0.023876089177977743,0.06663556278174547,-0.060799704978821804,0.21714207907032484,-0.2145431010093858,0.23862720001105486,-0.23855606243672534,0.24973921814815825,-0.24251930675092426,-0.022061779287877847,0.02636129515016727,0.025651809688581797,0.09628894318480342,-0.04782155714716486,0.05067938715095876,-0.02158623124756646,0.022061427316144744,0.058418949078970585,-0.05616522606536921,-0.24291409130571778,0.2492228597363912,0.0009221879100580221,0.00038281748537590145,0.004945326770403134,-0.0020135602646377303,0.03114712267281679,-0.004490943991184467,0.030332603366620716,0.053190207638983765,-0.015925592788808226,0.1949592880135952,0.14282875715254884,0.06645764280857364,0.02977938739729135,0.018050284299925456,-0.04225428552284346,-0.0030914385930877583,0.007025004339125188,0.11349142104900946
0.06788461771984383,-0.13522802366067643,-0.0688594269037934,-0.06481405048239886,-0.10051786644916848,-0.14244522410568067,-0.1553751031424638,-0.12778134580832265,-0.1277725737070518,-0.12673703089600874,0.10419317788546749,-0.12516320005846535,0.25000000000000006,-0.16168381203360097,0.1463242301369655,-0.1294995624889328,0.13993852588468242,-0.12517567681876945,0.12518955960558034,-0.12517196258809415,0.0011503469957329635,-0.0011722980986967548,-0.01797642128879741,0.02364946012043546,-0.09950337760904322,0.10173564097334649,-0.11502991855256096,0.11499377598315218,-0.12496899985569002,0.12146881307908132,-0.001970884246277096,2.67725075534936e-5,-0.02518416949440735,-0.03504900988482471,0.012349646793126124,-0.013180303516021771,-0.00028277314789496033,6.33120479591118e-5,-0.037201753518777775,0.03616535001315163,0.12175039736727444,-0.12483662443320755,0.009359939869850615,-0.010019946693042774,0.0075535723252276145,-0.008917017763249421,-0.006806509423102934,-0.007773985381107033,-0.006219971535920155,-0.03474916929055049,0.006237199546205132,-0.0990763963826491,-0.07568205441302632,-0.03996080850293985,-0.022996636593990313,-0.01736217081179834,0.014714122113798078,-0.0035643321860960933,-0.0063715521637648116,-0.0602575821126835
-0.13269266664821808,0.0647191613637653,-0.0066628267742493245,0.13783596628469297,0.181529378711677,0.22735272356756933,0.24067838163201022,0.21595579051235683,0.21606289476340404,0.21478524066898547,-0.18376842319088346,0.21345310391747283,-0.16168381203360097,0.25000000000000017,-0.23101568634061642,0.2177794499194559,-0.22757326543831438,0.21348918036099782,-0.2119349040040795,0.21348546132092008,0.04894219502057871,-0.04890794586525463,0.09167807110707046,-0.09729333285752999,0.18475660649451695,-0.18689604975006652,0.2022215552845524,-0.20215295323967394,0.21325930286148398,-0.2070396693439062,-0.047129469036580614,0.05140852534202275,0.0005358859588819739,0.07299501111725795,-0.02645825201458372,0.027519525455279123,-0.0035839152541022063,0.00396285501680912,0.060214961765416776,-0.05845327950666036,-0.20789167360239053,0.2128510937738551,-0.012888919779975423,0.01404749481862846,-0.009823267971975485,0.012182686935553697,0.014427144863125952,0.010203575752695026,0.013452294223747595,0.05627900126625844,-0.010153130557943283,0.16843711173863768,0.1277011397230283,0.06595918983487338,0.03665739737289789,0.026984098578019977,-0.027422896804705513,0.004212808335074497,0.009613131429364402,0.10162162880072029
0.1332592086051084,-0.05887123118987646,-0.009176855403648945,-0.15313104337111555,-0.19924936913063024,-0.21178385851207698,-0.22228128911934267,-0.19703116213240926,-0.1971093927282534,-0.19588168505476902,0.16942241644846112,-0.19447814129133656,0.1463242301369655,-0.23101568634061642,0.25000000000000017,-0.19883805653454584,0.20883956595067785,-0.19451418784512217,0.19330766613063877,-0.1945104445656368,-0.0481294059392381,0.04809788199134834,-0.08842497229795551,0.09406274572774626,-0.16873591370055122,0.17091311009423432,-0.1843259370145082,0.18426268762474324,-0.19430592339172953,0.18863179053891385,0.046451910954034246,-0.05048216124033277,0.0023725766184817263,-0.06588582672707292,0.022877404737209502,-0.023745458928168206,0.001999086594475703,-0.0023419892593925145,-0.05573037907636444,0.05414010054841133,0.18945914096786942,-0.1939310986616126,0.012941014928777477,-0.0140010273500254,0.01018157409297848,-0.012318652898293954,-0.01207867272925809,-0.010527438837666356,-0.011166340458781522,-0.05219896939801755,0.008928669555764698,-0.15362982259634048,-0.11684585646191928,-0.06089851576659027,-0.03438105961674136,-0.02559816198314743,0.024229944527619045,-0.0044375280041428645,-0.00907372479501024,-0.09300265557295215
-0.1419149385393001,0.06549989820957731,-0.008856060621450373,0.14655076938861628,0.19113834156608508,0.23696788343190991,0.2236426296449063,0.24625049027195273,0.24676113594866417,0.24614037112290288,-0.21594033600313908,0.2456393218683258,-0.1294995624889328,0.2177794499194559,-0.19883805653454584,0.24999999999999994,-0.237173795365901,0.24567448044157786,-0.24273849587030571,0.24567221604177777,0.027352746805286814,-0.02731478730263163,0.0700877124276974,-0.06510816090775545,0.21676391962204192,-0.21887850267773507,0.23434403052364677,-0.2342731743118906,0.24544477040290852,-0.23829175122770485,-0.025500530965363737,0.02979994959622434,0.022211690156669222,0.09430678595304018,-0.04748972636058508,0.04863320738790269,-0.019904593006870263,0.020369447172369208,0.05828073212393195,-0.0560803797196079,-0.23878974952982535,0.24493962676742584,-0.0003818835523883738,0.0016700425546568565,0.003549596764993873,-0.0006816683428709106,0.029467639393524477,-0.003103706283058224,0.028646717682853408,0.05320155327739985,-0.015346012478488371,0.19177577984622116,0.14089486242974425,0.06616439683334237,0.030311703236524993,0.01881848228015074,-0.0407062934890939,-0.0023817456404849344,0.007265899081522952,0.111993556192515
0.1519166936599233,-0.06625057510359632,-0.001838257596332529,-0.1562911041221179,-0.20130688806238253,-0.24684067497834297,-0.23350863845435826,-0.23533839211553337,-0.23544356397365973,-0.23411996329588122,0.2033133146492908,-0.23281358728218407,0.13993852588468242,-0.22757326543831438,0.20883956595067785,-0.237173795365901,0.24999999999999992,-0.23284995479322226,0.230999062287547,-0.23284619830928438,-0.03401467966261481,0.033978438515813836,-0.07648857179546391,0.075944987969356,-0.20415134561218737,0.2063034572048492,-0.221589284178274,0.22151965643638827,-0.23262018694392095,0.22583260655048637,0.03219037662797762,-0.036455605569451224,-0.01519352934114828,-0.08702421895419178,0.040631483244386084,-0.04173176451470743,0.01479570760207189,-0.015228860982581967,-0.058088426761485276,0.056048799104829586,0.22643990389433707,-0.2321525393036921,0.004040039466991527,-0.005274097123953245,0.0004203773340725751,-0.0030997540114823694,-0.024666465993625215,-0.0008409877036884956,-0.023802599883418044,-0.05341533211150483,0.013569662540390583,-0.18229666829060315,-0.1350925952342127,-0.06519187283554041,-0.03175172806450722,-0.020949879562255747,0.036276590304742604,0.000444466441636443,-0.00781571601502385,-0.10738963675094593
-0.13777913251058438,0.0650588189693659,-0.01290238993664186,0.1425020470957619,0.1868192339782719,0.23265129964203854,0.21932493380772358,0.2467856011357368,0.2473800770513301,0.24733454488343076,-0.2202610545310176,0.24996327284639866,-0.12517567681876945,0.21348918036099782,-0.19451418784512217,0.24567448044157786,-0.23284995479322226,0.24999999999999992,-0.24345486103797478,0.2499961973837966,0.023884181793880493,-0.023845753498155205,0.06661892063849575,-0.06078426730898649,0.21716342958695967,-0.2145678668629615,0.23865269737986025,-0.23858155578015672,0.24976844939985293,-0.24254783086081955,-0.02203144174395395,0.026332320332242084,0.025680845384792327,0.0962890096752033,-0.047821611124766024,0.050679091442125165,-0.021583086220943442,0.02205832970434117,0.05843002989727841,-0.05617606784834941,-0.24294249871322218,0.24925212355541282,0.0009172765078044299,0.0003878681347301228,0.004940837032299215,-0.0020087808774292,0.031146252758416103,-0.004486405801593352,0.03033155406117482,0.05320061308131244,-0.01592717546756042,0.19498289407486083,0.14284762464834283,0.06646888295266996,0.029787018445549193,0.018056659939901992,-0.04225574513322359,-0.003088998980421516,0.007027545394057761,0.11350655812023215
0.13749128999820773,-0.06415733180807592,0.010609636043185352,-0.14208629482182208,-0.18576942118582865,-0.23080208235719782,-0.21769130739588954,-0.24473929688933913,-0.24533820252537505,-0.2447236481709508,0.21423594629465278,-0.24341877474729978,0.12518955960558034,-0.2119349040040795,0.19330766613063877,-0.24273849587030571,0.230999062287547,-0.24345486103797478,0.24999999999999994,-0.24345111312443043,-0.024890754890262597,0.024853260928972328,-0.06690191080097671,0.06190212492864917,-0.21268121429723819,0.2122129712884581,-0.23231513128160533,0.23224537086156205,-0.24322752941038966,0.23616908174135715,0.02307069348343292,-0.027297758993745685,-0.02380157808426336,-0.09354547080043636,0.04650809393370962,-0.04871281402756069,0.020321493161476533,-0.020783030646012366,-0.05740944687194946,0.05522200232550027,0.23660379403682094,-0.24272659570476704,-0.0002173879908462792,-0.0010564611780069305,-0.0041208124255328145,0.0012726220719055804,-0.029728190225484383,0.003678654643348926,-0.028923772315670768,-0.05234256518614571,0.015359342166148093,-0.1899728585979691,-0.1393907283358611,-0.06518058709053653,-0.02955870709117502,-0.018153060580984648,0.04071716891602934,0.0026661029564336476,-0.00702919573122093,-0.11076634563424875
-0.1377755578894589,0.06505842715491686,-0.012905839249161397,0.14249854540142395,0.1868154891515326,0.23264754614308422,0.21932118959320873,0.24678186799780255,0.2473763214483429,0.24733169175718447,-0.22026467708961817,0.2499668901813497,-0.12517196258809415,0.21348546132092008,-0.1945104445656368,0.24567221604177777,-0.23284619830928438,0.2499961973837966,-0.24345111312443043,0.2499999999999999,0.023881758459814478,-0.02384332974221216,0.06661647919500914,-0.060780586823956984,0.2171645745365834,-0.21456554619837695,0.2386563014914713,-0.2385851596759438,0.24977206648433345,-0.24255138843607568,-0.022029017961430458,0.02632989631825137,0.025683262554536786,0.09629076535913464,-0.04782240875290359,0.05068089208751227,-0.021584560868049395,0.02205981333946696,0.05843002563906559,-0.056176018405122145,-0.24294597757929678,0.2492557300436217,0.0009184170723664527,0.00038674162248720486,0.004942060636830139,-0.002009950211394319,0.031147708438840602,-0.0044876222059820475,0.03033301645822627,0.05320049020480901,-0.01592765881797605,0.19498555722669902,0.1428492194795327,0.06646909098036932,0.029786529530634834,0.018055971937447384,-0.04225707704804848,-0.003089613583784648,0.0070273382189249296,0.11350781475008082
-0.01679468529603962,-0.022473165097555026,-0.01806546780275074,0.01913373505860436,0.025348277593973664,0.03261909246401556,0.04474612264154023,0.025719122674778386,0.0256119939329062,0.0250970045496212,-0.019473818394069007,0.023914516356613617,0.0011503469957329635,0.04894219502057871,-0.0481294059392381,0.027352746805286814,-0.03401467966261481,0.023884181793880493,-0.024890754890262597,0.023881758459814478,0.24999999999999983,-0.2499570129393967,0.2072516250687075,-0.20140886162714147,0.05671404648089931,-0.05820635690923989,0.03520816222256276,-0.03516473473497329,0.024105925729681062,-0.02221047691160462,-0.24814474397768996,0.24391991128822005,-0.19209926172080508,0.0710736504836648,-0.02998117905812407,0.027213155083364627,-0.0208778989856849,0.020944787205838658,-0.00921401070487286,0.009404516159258582,-0.024217191837201724,0.02352804972734992,0.015395928036313632,-0.015130746938448392,0.015705936182431535,-0.015257147116453132,0.016890947014886696,-0.01564150091308772,0.017073082538613005,-0.008653030142910611,0.0005447679076148062,0.0161359769610747,0.00701775290635936,-0.004468982501941287,-0.009892501580148871,-0.011345729838705097,-0.01560082601200908,-0.009637480141648476,-0.005626075220263876,0.004985839037427549
0.016774194683191683,0.022485221634045028,0.018066407839513212,-0.019112705070916523,-0.02531964883917739,-0.032582987119560716,-0.04471299770968228,-0.02568109094810991,-0.02557387553194437,-0.025058914655490146,0.01944033401938828,-0.023876089177977743,-0.0011722980986967548,-0.04890794586525463,0.04809788199134834,-0.02731478730263163,0.033978438515813836,-0.023845753498155205,0.024853260928972328,-0.02384332974221216,-0.2499570129393967,0.24999999999999972,-0.2072263693539161,0.20138634876946776,-0.05667817638092604,0.05817082314573878,-0.03517061249510395,0.03512719939117471,-0.024067514922048738,0.022173312263211366,0.2481156845293357,-0.2438912065785903,0.19208319707984825,-0.07105014190138342,0.02996869805359056,-0.02720044399132044,0.020870183553420244,-0.020936992282679406,0.009219747142031085,-0.009409885077445009,0.024179793895347555,-0.023489768972181187,-0.015391949694945473,0.015126978830853803,-0.01570129466795079,0.015252997658047494,-0.01688271588975239,0.01563693288612406,-0.017064897231604828,0.008658009062059418,-0.0005474839407199072,-0.016106580069234478,-0.006997419101336151,0.004476559196766946,0.00989391105096187,0.011345245561851514,0.015591677900936164,0.00963488195763104,0.005625872088940287,-0.004969784144999016
-0.0445805318785403,-0.01512446264880997,-0.024372328192646064,0.04820489314162984,0.06025137483105202,0.07534740025999145,0.08710054806495905,0.06839130071592185,0.06834464202661153,0.06770946888100318,-0.058019515368689815,0.06663556278174547,-0.01797642128879741,0.09167807110707046,-0.08842497229795551,0.0700877124276974,-0.07648857179546391,0.06661892063849575,-0.06690191080097671,0.06661647919500914,0.2072516250687075,-0.2072263693539161,0.24999999999999975,-0.24415327527013828,0.0994501272882851,-0.10092783851006357,0.07794333169090173,-0.07789238645661596,0.06684060258997629,-0.06409188860192608,-0.20541234849006684,0.20954079711861817,-0.15769975921028195,0.05084108081996721,-0.007502856539550146,0.0047847486661341644,0.004419738965296098,-0.004319895201639733,0.021228993635760272,-0.020890673564034158,-0.06615104706196918,0.06622296645549501,-0.011470099751934996,0.011975872727416865,-0.010997045278311584,0.01165903981371826,-0.0019485745167863956,0.011119182685836369,-0.0024553007616173552,0.021436426346859917,0.0024268980930504374,0.05321466458441303,0.04259924910487244,0.0251709821243532,0.017414448824055975,0.014630274324184239,-0.0048903580719464905,0.0041857403421410935,0.003802988709080365,0.03407189302543171
0.04408687128555605,0.0154294646301992,0.023477093018540677,-0.04775877303009542,-0.059724142339165676,-0.07480091226369004,-0.09081178005869352,-0.06351660643318799,-0.06338735383496495,-0.06254289817630743,0.05219958039690196,-0.060799704978821804,0.02364946012043546,-0.09729333285752999,0.09406274572774626,-0.06510816090775545,0.075944987969356,-0.06078426730898649,0.06190212492864917,-0.060780586823956984,-0.20140886162714147,0.20138634876946776,-0.24415327527013828,0.24999999999999983,-0.09361566262165107,0.09595915810181714,-0.07210784362198876,0.07205701784767998,-0.0610047289359002,0.05845722613467717,0.19961003838462357,-0.20373566946366892,0.1519630210651977,-0.04507847427642508,0.002029973453276314,0.0006887120148639352,-0.00886933502148387,0.008787209187577309,-0.02287160904362183,0.02262251356343001,0.06049185371330131,-0.06042320487399438,0.014627786740407472,-0.015113505479646601,0.014334843039146204,-0.014895145568989895,0.005431976961568783,-0.014444399847596018,0.006021528680835598,-0.02321877240170864,-0.0034569820388929235,-0.0492060959951199,-0.040688506601825054,-0.025793286680079554,-0.0193148172949335,-0.016875333154199038,0.0019445480996596884,-0.00576110772023292,-0.004373438787150475,-0.03241635552286543
-0.12165282575910075,0.04903572779931931,-0.014676023968077581,0.1260280360576333,0.16402137839220512,0.20376189216161503,0.19117547923415504,0.21561368617476803,0.21612013644596514,0.2159123488200306,-0.19166435729880865,0.21714207907032484,-0.09950337760904322,0.18475660649451695,-0.16873591370055122,0.21676391962204192,-0.20415134561218737,0.21716342958695967,-0.21268121429723819,0.2171645745365834,0.05671404648089931,-0.05667817638092604,0.0994501272882851,-0.09361566262165107,0.24999999999999986,-0.24739221396100108,0.2284912337206123,-0.22842355760074587,0.21738868318624024,-0.21056901374901268,-0.054863919399127686,0.059112447308602364,-0.007151642882375107,0.12408457010739538,-0.08065101474332333,0.07830257857984349,-0.049227273217525756,0.04969276897714845,0.028865123463423355,-0.026663294393098103,-0.2106834142846575,0.2164279344208302,0.028690368930765712,-0.02754754041010254,0.032787598419266935,-0.02994222434620255,0.05221860187592246,-0.032371591394295116,0.051881950843550025,0.023792531812324807,-0.0184962251088262,0.16539643931002213,0.11242392949753843,0.03878332417498527,0.0028893243914497537,-0.007987725167370292,-0.05528636581379397,-0.017530073832593605,-0.0024272645806993317,0.08864778886417087
0.12379342140520397,-0.049208105446975264,0.012450907832055791,-0.12811682734839058,-0.16621546623888772,-0.2059102325441024,-0.19332926912840392,-0.2152355905500343,-0.2156988414025741,-0.21516190871439383,0.1890961090135896,-0.2145431010093858,0.10173564097334649,-0.18689604975006652,0.17091311009423432,-0.21887850267773507,0.2063034572048492,-0.2145678668629615,0.2122129712884581,-0.21456554619837695,-0.05820635690923989,0.05817082314573878,-0.10092783851006357,0.09595915810181714,-0.24739221396100108,0.2499999999999997,-0.22590780440869757,0.22582574500225508,-0.2147896741013586,0.20804200072211876,0.056372329056727025,-0.060618649601528685,0.008660369222127002,-0.12157739519766406,0.07815456835895213,-0.07580122378968225,0.0471122547562404,-0.04756920627252966,-0.029689980694662714,0.0275299005590171,0.20819824930987518,-0.2138391548023631,-0.026896605024466426,0.025763231375466353,-0.030905015824448892,0.02810909766103633,-0.05028859995757433,0.030494896094819687,-0.04993517224877022,-0.024723049498297296,0.01797142163628396,-0.16362968654343338,-0.11169785727620854,-0.0393034794449807,-0.0040492471387950715,0.006660964923299135,0.05368485169281984,0.016577955789587363,0.001992936895095964,-0.08808364112894199
-0.13116777723569956,0.05910297903797493,-0.014225230791725363,0.13577731973041932,0.17772692127930942,0.22132188894656993,0.20826679513892682,0.23546764404117843,0.23604470850201187,0.23603105719850775,-0.21047607280580463,0.23862720001105486,-0.11502991855256096,0.2022215552845524,-0.1843259370145082,0.23434403052364677,-0.221589284178274,0.23865269737986025,-0.23231513128160533,0.2386563014914713,0.03520816222256276,-0.03517061249510395,0.07794333169090173,-0.07210784362198876,0.2284912337206123,-0.22590780440869757,0.24999999999999972,-0.24990474662689977,0.23888009202401084,-0.23183618402853914,-0.033371432014721134,0.03764854052037679,0.014340456867230032,0.10762875269735302,-0.059165457583348346,0.062020176906538396,-0.03292767507842374,0.0334021740185397,0.047086886749956834,-0.04483521755476368,-0.23174366606777413,0.23791221826208422,0.012206384898340234,-0.010956423363288349,0.01627300079239913,-0.013353112646608474,0.03991772664042108,-0.015830778827028064,0.03930312150688388,0.04185741923179465,-0.01718968042482884,0.18454297677116485,0.1316642506494508,0.055788738798131766,0.019124732635621138,0.007646006260006354,-0.04784247838277985,-0.008948099916562422,0.003277947764414831,0.10431566069690223
0.1311270865671193,-0.05908862898070882,0.014219024588661415,-0.1357349303791307,-0.177671375132025,-0.22125252504427484,-0.20819789361014143,-0.2353967941830797,-0.23597373634901062,-0.2359602445887442,0.21041381977505455,-0.23855606243672534,0.11499377598315218,-0.20215295323967394,0.18426268762474324,-0.2342731743118906,0.22151965643638827,-0.23858155578015672,0.23224537086156205,-0.2385851596759438,-0.03516473473497329,0.03512719939117471,-0.07789238645661596,0.07205701784767998,-0.22842355760074587,0.22582574500225508,-0.24990474662689977,0.25,-0.23880925539048747,0.23177242604130124,0.033313880490248984,-0.03758944519973158,-0.014391793147437305,-0.10756850503284399,0.059139197942410696,-0.06199384907696848,0.03291314998960504,-0.03338746958215895,-0.04708980824778687,0.044838687933191027,0.23167398516061335,-0.23784141086567348,-0.012195140081847067,0.010945543343990616,-0.016260201194327827,0.01334127261279404,-0.03989850268327121,0.015818124065357098,-0.0392842083826318,-0.04186099837516671,0.01718625162078338,-0.1844904734912961,-0.13163034319431152,-0.05577819663059094,-0.01912562589635108,-0.00765044844565336,0.04782283616012908,0.008941850680421939,-0.0032785949589761777,-0.10428576734650996
-0.1376429034935597,0.06493945310507526,-0.012931957332217392,0.1423635866325964,0.1866330350500721,0.23242017409470472,0.21909920530448435,0.24655470526085,0.24714880960072189,0.24710480219163927,-0.22006813083869536,0.24973921814815825,-0.12496899985569002,0.21325930286148398,-0.19430592339172953,0.24544477040290852,-0.23262018694392095,0.24976844939985293,-0.24322752941038966,0.24977206648433345,0.024105925729681062,-0.024067514922048738,0.06684060258997629,-0.0610047289359002,0.21738868318624024,-0.2147896741013586,0.23888009202401084,-0.23880925539048747,0.24999999999999967,-0.2427648012773696,-0.02225437873476299,0.026554765585036593,0.02545764574992648,0.09651631942203841,-0.048048592989640156,0.05090699891684747,-0.021811255493929784,0.02228649131995795,0.058202937432344524,-0.05594898212688304,-0.242721145158122,0.2490279849449147,0.0011442392055187754,0.00015978111253881462,0.005168759968357683,-0.0022369030927035516,0.03132308326492552,-0.004714567225256385,0.03051244287730052,0.0529734108825461,-0.015952626564251688,0.19477604916705518,0.14262499223504577,0.06625517272667888,0.02957309379876465,0.017847605201244048,-0.04236880699135969,-0.0032069230990838006,0.006952167589939067,0.1133235040406264
0.1336300482956285,-0.0631968960142458,0.012505888947606715,-0.13820960981915112,-0.181190297975315,-0.22564527984543328,-0.2127005446768472,-0.23939811346117457,-0.23997557484861057,-0.2399372292085603,0.21371099526172033,-0.24251930675092426,0.12146881307908132,-0.2070396693439062,0.18863179053891385,-0.23829175122770485,0.22583260655048637,-0.24254783086081955,0.23616908174135715,-0.24255138843607568,-0.02221047691160462,0.022173312263211366,-0.06409188860192608,0.05845722613467717,-0.21056901374901268,0.20804200072211876,-0.23183618402853914,0.23177242604130124,-0.2427648012773696,0.24999999999999972,0.020444896681735294,-0.024710239711205433,-0.026125594319759162,-0.09215263842580779,0.04532099923305886,-0.04816841946726283,0.019945465701101738,-0.020404507519833723,-0.05771381230057476,0.05552162542402847,0.23564776417703215,-0.24183039268003598,-0.00015015831286855253,-0.0011211383442732686,-0.004062081095556632,0.0012250001735562529,-0.029607649248810826,0.003621699869339557,-0.028777658938434182,-0.052576614196840336,0.015390877187260605,-0.1893536920893314,-0.1390029916270917,-0.06499814234441645,-0.0294911371513803,-0.01812491561233553,0.0405655923450944,0.0026958177105299384,-0.006929506910058702,-0.11028635242804648
0.015722425549810307,0.02275177128559937,0.017861563484589456,-0.018013694993393684,-0.02389130316470697,-0.03080590457240931,-0.04295833030999261,-0.023870394350971196,-0.023760257428877937,-0.023250016513240167,0.01784673637760522,-0.022061779287877847,-0.001970884246277096,-0.047129469036580614,0.046451910954034246,-0.025500530965363737,0.03219037662797762,-0.02203144174395395,0.02307069348343292,-0.022029017961430458,-0.24814474397768996,0.2481156845293357,-0.20541234849006684,0.19961003838462357,-0.054863919399127686,0.056372329056727025,-0.033371432014721134,0.033313880490248984,-0.02225437873476299,0.020444896681735294,0.24999999999999978,-0.24569417263076515,0.19387672100904346,-0.0720589272454619,0.03098102561833526,-0.028209525493478434,0.021963043109132826,-0.022028533953277616,0.010551804846850482,-0.010734941664402703,0.022411016030142377,-0.021676645307648932,-0.016534050170798835,0.01627841261777983,-0.016836478422972943,0.016397133298626264,-0.017703473646262353,0.01677447668281574,-0.017898198799313904,0.009970553896933266,-0.0005147819209099889,-0.014528777261358192,-0.005479776302744791,0.005740318781602181,0.011056600161143163,0.012451567605086394,0.01606755922371223,0.010240307222941303,0.006051820233429655,-0.003730462006821652
-0.018505589072100564,-0.02198574306506077,-0.018472731716244608,0.020923771670889792,0.027394510708482006,0.03509629800276433,0.04720020557490138,0.028163633408287744,0.028059733264079692,0.027537756527738724,-0.021723061734083875,0.02636129515016727,2.67725075534936e-5,0.05140852534202275,-0.05048216124033277,0.02979994959622434,-0.036455605569451224,0.026332320332242084,-0.027297758993745685,0.02632989631825137,0.24391991128822005,-0.2438912065785903,0.20954079711861817,-0.20373566946366892,0.059112447308602364,-0.060618649601528685,0.03764854052037679,-0.03758944519973158,0.026554765585036593,-0.024710239711205433,-0.24569417263076515,0.24999999999999994,-0.19798401033668606,0.07619437552662718,-0.03289987678565738,0.030131661127590432,-0.02244355434514739,0.022518254449494946,-0.010073287260057393,0.010279787120034077,-0.026653219729024704,0.025959889163840042,0.016228438920829393,-0.015951398722392453,0.016607467931647666,-0.01612087996455749,0.017844919017846527,-0.016537714771097445,0.018122762963659972,-0.009503514912808793,0.00019031023234880782,0.01780822585738741,0.007913077366961282,-0.004435905770341209,-0.010294968416136543,-0.011873470532321738,-0.01644924219865869,-0.009936279337191253,-0.005557351133783829,0.005975113255751128
