x1,x2,x3,x4,x5,x6,x7,x8,x9,x10,x11,x12,x13,x14,x15,x16,x17,x18,x19,x20,x21,x22,x23,x24,x25,x26,x27,x28,x29,x30,x31,x32,x33,x34,x35,x36,x37,x38,x39,x40,x41,x42,x43,x44,x45,x46,x47,x48,x49,x50,x51,x52,x53,x54,x55,x56,x57,x58,x59,x60
0.25000000000000006,0.24752611255743567,0.04817330374458908,0.24736499322367175,0.04948202230342659,0.247765388928061,0.05218171943508699,0.24715686737661668,0.21910228006201687,0.24794655498609441,0.16377715818507518,-0.07380014336085028,0.0741247548601348,-0.07087038907239634,0.07532838523319975,-0.049960148878484344,0.035283705841603015,0.0743964706753734,-0.18712608802247271,0.22081792062849454,0.08281042408790185,0.07459978079519221,-0.07480442974052313,0.07461040769362261,-0.06890422836104729,0.08518338649095272,-0.07348429099699758,0.11781629103304835,-0.0886749928164709,0.1974596639064194,0.16844301922223556,-0.07053485262269088,0.07257519786042095,-0.06737043495098707,0.06854982278450981,-0.05133848480980047,0.057594529267177695,0.013831518685711667,0.017396254331316877,0.15979299127347069,0.10825413608409676,0.06535776306967721,-0.061777287805066625,0.06817164827439996,-0.05525245588574971,0.0805038449303683,-0.05296802586157955,0.12025447111383292,-0.1921730800534579,0.22004056849621212,0.24762176271629557,0.2478267573581726,0.12100507480110428,0.24789899228424628,0.13142372171434322,0.2478985014534052,0.09159762721117737,0.24793319583997842,0.1965441943388816,0.24795015931958006
0.24752611255743567,0.2500000000000001,0.04794441769632861,0.24899076279314644,0.04921971757255596,0.2493900331824407,0.05224983873775895,0.24878131694248287,0.2206013863345319,0.2495714980488871,0.1654103198752392,-0.07545031867890545,0.07577670944363757,-0.07250139924295203,0.07690375851951041,-0.0512086726682565,0.03590320389014747,0.0748262160796124,-0.1884627911781637,0.22237755621258548,0.08275861119901667,0.07624801916851215,-0.0764523929389603,0.07625847939568675,-0.07050957997755743,0.08678631515072631,-0.07500912197410747,0.11925809730811192,-0.08984925331675257,0.19896067916298504,0.1700762560658877,-0.07214945244394302,0.07420695703106481,-0.06895769065264286,0.07014827639070192,-0.05275920501519767,0.05905427235712869,0.013094541343598763,0.018194446023284547,0.1605826365032981,0.10845900061450511,0.06692481037830071,-0.0633052428245911,0.06974210291183844,-0.056620223253537126,0.08191735410935247,-0.053734489235228416,0.1211272663352009,-0.1933447990976821,0.22141150794970754,0.24924625474182074,0.24945084054875385,0.12250699029671308,0.2495235842392224,0.1328758905021247,0.24952307189808942,0.0924257059275856,0.2495580911469546,0.1976962760830583,0.24957513234988674
0.04817330374458908,0.04794441769632861,0.2500000000000001,0.04774164286221828,0.06924955341865782,0.0481684314747323,0.044335853125144396,0.047662916048110994,0.036028943089959325,0.048325822940287796,-0.03141794754049472,0.11758788530229532,-0.11748797067175265,0.1169055436909733,-0.10349260886950155,0.09180343286111052,-0.03741275607108945,0.021058194489055708,-0.024249540343654487,0.03046319841765833,0.08336060496287992,-0.11662871982531547,0.11640512177371434,-0.11659837422421986,0.11605424092324527,-0.1006392287549468,0.10273127520471825,-0.0517512675882127,0.048818099729538426,0.014070387440411407,-0.027041039683217055,0.1161141961365474,-0.11640212929062878,0.11546766290067216,-0.11562801256973848,0.11163130259048396,-0.1101902223635329,0.09555174823936675,-0.07318447056944064,0.06000297868789998,0.07774810169545782,-0.11513116250661033,0.11402878624675523,-0.1128351659082585,0.10208185519891896,-0.08367119179096173,0.03668204341883274,0.013948170246903053,-0.04729871449570559,0.05086720334618441,0.04807414734779298,0.048310875097688985,-0.056026257839972254,0.04832097245523015,-0.040689607280306954,0.04832292986566242,-0.007681883496136465,0.04831875357863824,0.05356839475808738,0.04832581612113286
0.24736499322367175,0.24899076279314644,0.04774164286221828,0.2500000000000001,0.04860735686058238,0.24922941426701606,0.0520351333038654,0.24862496388842334,0.22050342986565205,0.24941020854923215,0.16573962215183582,-0.07630807415476308,0.07663358900089659,-0.07336308531488957,0.07776240333300766,-0.05195452905119985,0.03628408638249662,0.07467012429362938,-0.18841193725309258,0.22232014165783226,0.08224111084079891,0.07710367448124911,-0.07730665393202844,0.07711394225512788,-0.07136368921772457,0.0875931643322842,-0.07581086415343893,0.11978274701206044,-0.09032744174647504,0.1990480704916872,0.1703782772627717,-0.07300179821083545,0.07506120397644848,-0.06980653882107049,0.07099957380515068,-0.05357190200565799,0.05986846707860542,0.012437649203593868,0.018748898960882342,0.16027067492378516,0.10799542047442945,0.0677695621169404,-0.06414010655322591,0.07057325076678636,-0.05736923494837945,0.08255756959098476,-0.05402831752211999,0.12111579359113352,-0.19315187404396142,0.22121308766749978,0.24908648720056506,0.24928957153256154,0.12298009751650556,0.24936229550347552,0.13325231688003425,0.24936176910065547,0.09254466161679546,0.24939684169344603,0.19746269518861378,0.249413845742762
0.04948202230342659,0.04921971757255596,0.06924955341865782,0.04860735686058238,0.2500000000000002,0.049007464320188696,0.028853627247110426,0.04849775390254875,0.03663809452933762,0.04919101980106591,-0.025835388123320254,0.10611073897269527,-0.10600148676449261,0.10991582079718515,-0.12030014695601715,0.10091983879073177,-0.03860700617772055,0.023656551437924736,-0.02604706792640618,0.03149520950546652,0.07854451448172643,-0.1061596832095232,0.1059521110822114,-0.10613597193593406,0.10879876294485251,-0.09980993605825954,0.10063958312191182,-0.05278708785576462,0.05008329211724127,0.015303340836504307,-0.021762117020411243,0.10725133351138315,-0.10673691121459941,0.10821427458086749,-0.10840881204670443,0.1051598843816591,-0.10454162698019696,0.09081086198718999,-0.0712237660955952,0.059502298073947794,0.07499641385420526,-0.1077532120701289,0.10689697060549541,-0.10571726607942797,0.0959089602457777,-0.07835999759324638,0.034201565915470605,0.014813693683270648,-0.047419905564099904,0.05119962633647675,0.04894837689480423,0.049175022018755954,-0.051095918110082045,0.049185644013385904,-0.03677256805260625,0.04918749614267121,-0.006124388157779477,0.04918403282184097,0.05341625867276252,0.049190948561443126
0.247765388928061,0.2493900331824407,0.0481684314747323,0.24922941426701606,0.049007464320188696,0.2500000000000001,0.052136406273850834,0.24902110086012305,0.22082326961848073,0.2498104457836357,0.16575126187462738,-0.07591362476676655,0.07624025652096858,-0.07296746667194885,0.07737711912229914,-0.05159810141879038,0.036104131626414133,0.07484668317538919,-0.18866628610311748,0.22262197929390407,0.08263743864933572,0.07671155144423596,-0.07691557918905781,0.07672194714663874,-0.07096917627625968,0.08724004834266082,-0.07544743684487851,0.11963330028104201,-0.09016855737112135,0.19924787622155324,0.17041713671195793,-0.0726083492840727,0.07466829316554467,-0.06941300995558856,0.07060607693366129,-0.053178771566880285,0.05948152713814785,0.012824565146151875,0.01845846666221963,0.16064569308650578,0.10839143273227841,0.067375611786156,-0.0637474189066571,0.0701906868360072,-0.057016776747785526,0.08229796415775557,-0.05392921941160899,0.12127235166928697,-0.19350027288241525,0.22159937266964738,0.2494854622792329,0.24968964783224698,0.12286480175548095,0.24976247303505408,0.1332045235271986,0.24976195393958486,0.09259210456304474,0.24979703983599139,0.1978394309652985,0.24981408597455634
0.05218171943508699,0.05224983873775895,0.044335853125144396,0.0520351333038654,0.028853627247110426,0.052136406273850834,0.2500000000000001,0.051525407808686745,0.04031136996700182,0.052314548597504486,0.009610224612675659,0.037229458217871804,-0.037168424280029366,0.04066824293998482,-0.04454428333662693,0.07894909480646627,-0.14391395018395367,0.07449275953423606,-0.036019971810368034,0.03769766372257128,0.044669834190905214,-0.03699578615109067,0.03688102435783148,-0.03698756519425054,0.04152501057670554,-0.04141921223776393,0.043078602933993175,-0.03190800855398238,0.031522329567630104,0.020788217735887453,0.011649465515883781,0.039248436485628604,-0.0381407804579583,0.04136168214679375,-0.041386888530741926,0.042229234943609806,-0.042129565318084136,0.04763875126625596,-0.041011738208963214,0.049261318112830646,0.04722117460358508,-0.041215402835525855,0.04132863198422582,-0.0401052832896624,0.037243898531783705,-0.026702212982665233,0.012091447658404145,0.018191694173035657,-0.04389325041066647,0.04973827060361483,0.05216497667004523,0.052293316313492454,-0.008528032991701356,0.05230708916884362,-0.0012171026307937719,0.05230808150937947,0.0061682347935177505,0.052310289679107176,0.04801057486296421,0.05231545182509827
0.24715686737661668,0.24878131694248287,0.047662916048110994,0.24862496388842334,0.04849775390254875,0.24902110086012305,0.051525407808686745,0.25000000000000006,0.22024132568529403,0.2492016203349143,0.16570026175433894,-0.07647904920402296,0.0768013492104461,-0.07353519423167092,0.07794022039095579,-0.05218460435947373,0.03660452353956699,0.07427027376633084,-0.18807271124773509,0.22203592865814967,0.08205064319278899,0.07727677407235044,-0.0774792495843948,0.07728698034954057,-0.07153693594396508,0.08781359349008233,-0.0760213482361324,0.12011534036416031,-0.0906598966721805,0.1991552306764854,0.17034595994524412,-0.07317494428223528,0.07523450254160545,-0.069979500336449,0.07117311551842583,-0.05374813673662565,0.06005198621422537,0.012247550802957816,0.019000276194985812,0.16005552578829055,0.10780316821020805,0.06794302676261696,-0.06431327068960158,0.07074113823708449,-0.05752879784751764,0.08267486482823455,-0.05407422714744064,0.12103582341013812,-0.19297467446194977,0.22101426390335063,0.24887852139933603,0.24908107337362023,0.12301870385567751,0.2491537426735994,0.13326507165864654,0.24915321251320635,0.0925176883117332,0.24918827552473008,0.1972709329055604,0.24920525844673028
0.21910228006201687,0.2206013863345319,0.036028943089959325,0.22050342986565205,0.03663809452933762,0.22082326961848073,0.04031136996700182,0.22024132568529403,0.24999999999999978,0.22098431924528208,0.1525431216121031,-0.07853197298839958,0.07873404761998559,-0.07551974586969791,0.07966279135948277,-0.054013557925687065,0.028199321123705583,0.08213252529400242,-0.20529469765079816,0.21083270628000889,0.06728408317426882,0.07925094773995926,-0.07941527756241593,0.07925707127360435,-0.07353648400157582,0.08968811408802128,-0.07830663089521134,0.1126520980436043,-0.08573445321344812,0.17625126978018904,0.15601590149206893,-0.07527524840659361,0.07727232152909475,-0.07210064684764798,0.07321518413231538,-0.05720629136992264,0.06315040369659392,0.004294626547541225,0.02252911160632668,0.13983715937244623,0.09115494456005961,0.07027194315226458,-0.0668989802216833,0.07258611474721481,-0.05990684560746472,0.08111155212285709,-0.0511705866140574,0.10752416284102126,-0.17020205849139938,0.19534550539820045,0.22071295094705595,0.2208770374870309,0.11532777520540424,0.22094181545379232,0.12340873789266169,0.22094121694339722,0.08370363915136188,0.2209730872149448,0.17374418314922394,0.22098784242147976
0.24794655498609441,0.2495714980488871,0.048325822940287796,0.24941020854923215,0.04919101980106591,0.2498104457836357,0.052314548597504486,0.2492016203349143,0.22098431924528208,0.24999999999999972,0.16577652997960887,-0.07575515014891379,0.07608208088035767,-0.07280431241582676,0.07720900747647358,-0.051435287964571016,0.03599554777004232,0.07496321153803791,-0.18880294969021175,0.22277373292501712,0.08280732519403222,0.07655326768290852,-0.0767577412976568,0.07656371284936979,-0.07080656644103094,0.08709133660767683,-0.07529456871042019,0.11954655965422363,-0.09007729114197524,0.19932127230028768,0.17044368981742364,-0.07244783499271754,0.07450882874599678,-0.06925078830903246,0.07044388521479399,-0.05301557700418241,0.0593205135435844,0.012989879141761581,0.018323818018102737,0.16081507553774746,0.10856387516746689,0.06721327615042563,-0.06358530185693143,0.07003312137974106,-0.056870764596181324,0.08219195444565851,-0.05388926943402321,0.12134390066694073,-0.19365684092141744,0.22177357221157093,0.24966650900921028,0.24987116959624878,0.12282288269927902,0.2499440413691653,0.1331908229428126,0.2499435253881104,0.0926162319450395,0.2499786186544451,0.19800835906687334,0.24999568341410283
0.16377715818507518,0.1654103198752392,-0.03141794754049472,0.16573962215183582,-0.025835388123320254,0.16575126187462738,0.009610224612675659,0.16570026175433894,0.1525431216121031,0.16577652997960887,0.24999999999999997,-0.15893319901574585,0.15910744689343437,-0.15540468502213972,0.14753083391659216,-0.11621183120562983,0.057720558530379294,0.04482543814498371,-0.134535205918071,0.15792515192444287,-0.0004659701848039174,0.1588670127852893,-0.15885080611295296,0.15884988196748637,-0.15314296424619034,0.15427964243443337,-0.14616914915122675,0.14054378409183815,-0.11399593065346106,0.15153200138728729,0.16239456435396804,-0.15481299436858284,0.15687136189162396,-0.15139457665708456,0.15250983155398481,-0.13489875738847273,0.13895146167224268,-0.0674492273156112,0.07491951214745081,0.08299260250235732,0.025521921908496004,0.1494761408460694,-0.14557166443808753,0.14988228283170835,-0.13027103311979854,0.13597458605831717,-0.07420876057290456,0.088176054798374,-0.12032833662829116,0.14051758394552769,0.16571520456571445,0.16568946474296806,0.14676187622503795,0.16574106143308084,0.14270722065138822,0.1657390391962541,0.08230590887689479,0.16577127037732883,0.11879007287517289,0.16577950326721463
-0.07380014336085028,-0.07545031867890545,0.11758788530229532,-0.07630807415476308,0.10611073897269527,-0.07591362476676655,0.037229458217871804,-0.07647904920402296,-0.07853197298839958,-0.07575515014891379,-0.15893319901574585,0.25000000000000006,-0.2495234613012926,0.24523635861520987,-0.22229806365514024,0.18547538107730188,-0.08140660201696108,-0.01198416857568647,0.07564574674754425,-0.08838072356022585,0.09028276428347565,-0.24842493123634346,0.24817059723985657,-0.2483779249017952,0.24266431135704764,-0.22693817529258423,0.22289298736362834,-0.16384380655685313,0.14032166749464273,-0.10085007468883017,-0.1545061940242011,0.24439034055953618,-0.2464640692152155,0.24070042682368972,-0.24173141707606996,0.2238274799735728,-0.2253962556632401,0.1545184237603128,-0.13631341172248554,0.0005331953505870247,0.06390567778440549,-0.2389029501565843,0.234680025765427,-0.23670646007300228,0.21004100655556382,-0.19461228407488734,0.09647646555050296,-0.05283801389520054,0.041831982910828444,-0.05356705184223088,-0.07597840989767582,-0.07570410054409211,-0.1732821638797022,-0.0757330028670239,-0.15364625810257382,-0.07572934655964836,-0.07158273750718579,-0.07575864688884665,-0.033932454545176356,-0.07575739553849864
0.0741247548601348,0.07577670944363757,-0.11748797067175265,0.07663358900089659,-0.10600148676449261,0.07624025652096858,-0.037168424280029366,0.0768013492104461,0.07873404761998559,0.07608208088035767,0.15910744689343437,-0.2495234613012926,0.24999999999999992,-0.24526262702054605,0.22230497838836613,-0.185471392281854,0.08144365113724351,0.012016062805487811,-0.07575053297529671,0.08863136794427542,-0.09014130439376565,0.24846062833255694,-0.24820664832394285,0.24841364373930497,-0.24268964067260082,0.2269824325380013,-0.2229248938236534,0.16396156037213208,-0.14040285407234313,0.10112654619962246,0.154698561215581,-0.24441948339911318,0.24649649044933922,-0.24072421844703257,0.2417564885811458,-0.22383320778612284,0.22540913365120732,-0.15445570647486037,0.13629820193392303,-0.0003083689241760404,-0.0637342951834504,0.2389246374740002,-0.2346977108106994,0.23673254083102302,-0.2100563853084928,0.19466770075207712,-0.09652397300273606,0.05299379222176191,-0.04209094681808933,0.05386131148613061,0.07630481584228305,0.0760308763516809,0.17340159343037467,0.07605987186460078,0.15378576079098294,0.07605621582489074,0.07169172121637736,0.07608555664004191,0.034199335243633715,0.07608432958805518
-0.07087038907239634,-0.07250139924295203,0.1169055436909733,-0.07336308531488957,0.10991582079718515,-0.07296746667194885,0.04066824293998482,-0.07353519423167092,-0.07551974586969791,-0.07280431241582676,-0.15540468502213972,0.24523635861520987,-0.24526262702054605,0.2500000000000001,-0.2269188062631311,0.19003593535244953,-0.08586706550257821,-0.00819728552897807,0.07240792277500108,-0.08536251997434673,0.09031529964488107,-0.2455280697510156,0.2452755068432628,-0.24548402697555602,0.24170018758553222,-0.22598955293852085,0.22215856614228632,-0.16339327154841657,0.1401262405244476,-0.09877883853639952,-0.151586024899404,0.24245591687152884,-0.24404952899053142,0.23972306304369975,-0.2407411006616672,0.22316541399670853,-0.22468945563932194,0.15484219257571719,-0.13655299492491466,0.0025511059311715254,0.06509021776451306,-0.2378450901096255,0.23374602905327707,-0.23572367795271626,0.20925969648159412,-0.19364851320047635,0.09602722584815741,-0.051588360637066004,0.039604045130405205,-0.05096238050672081,-0.07303102072513123,-0.07275471400481849,-0.17165289785213217,-0.07278272141548983,-0.15201383490240683,-0.07277906275228048,-0.07061758387570186,-0.07280796405469593,-0.03161042611291301,-0.07280652197004106
0.07532838523319975,0.07690375851951041,-0.10349260886950155,0.07776240333300766,-0.12030014695601715,0.07737711912229914,-0.04454428333662693,0.07794022039095579,0.07966279135948277,0.07720900747647358,0.14753083391659216,-0.22229806365514024,0.22230497838836613,-0.2269188062631311,0.25000000000000006,-0.2073985202094898,0.10458797868709513,-0.0007697342157690424,-0.07549016779732073,0.08890144310454866,-0.07685819003573317,0.22309154409473836,-0.22287942259177523,0.22305944576595535,-0.22406553035672427,0.22158251446000615,-0.21523203251543752,0.1646084581970789,-0.14112226039203982,0.10167123513152618,0.14362676060194918,-0.22241623873634628,0.22281112688718754,-0.22210649054148146,0.22320672642831849,-0.2068730411211937,0.21013751365323494,-0.1421158169432657,0.12996207175488983,0.0034576590367843265,-0.054814359060870545,0.22003684784157113,-0.21633400995810612,0.21848407457008054,-0.19398475485330832,0.181177383264144,-0.09092592817791237,0.05293169383017583,-0.044616861355297945,0.05605963694441597,0.0774024625210957,0.07715862919068303,0.16188905837411227,0.07718722386797096,0.14490877401315294,0.07718381104603365,0.06906051966516935,0.07721179806810365,0.03734766587768347,0.07721121427151373
-0.049960148878484344,-0.0512086726682565,0.09180343286111052,-0.05195452905119985,0.10091983879073177,-0.05159810141879038,0.07894909480646627,-0.05218460435947373,-0.054013557925687065,-0.051435287964571016,-0.11621183120562983,0.18547538107730188,-0.185471392281854,0.19003593535244953,-0.2073985202094898,0.25000000000000006,-0.14525106927776887,0.0371568549535264,0.0496799074916772,-0.06293402874438926,0.07062184272454441,-0.18625271702671997,0.18606072455967398,-0.18622754786336707,0.18955310522497548,-0.20105429291005467,0.19344920065100873,-0.14919457135963118,0.1289692113133123,-0.08048266190305098,-0.11274261084988453,0.18693782160552075,-0.1866477892824944,0.1878979199872,-0.1889398925205201,0.1762537671996157,-0.18079415518003353,0.12626104491729323,-0.11768867043434655,0.008568015091442643,0.0540415788448107,-0.1861006170781991,0.1831907522785547,-0.18470498127410787,0.16449352991303323,-0.15225001234160815,0.07696897596309989,-0.03994706706531444,0.027171295661561217,-0.03494541166073871,-0.05162271378048065,-0.05139891229318515,-0.13229744539414529,-0.05141902202127844,-0.11745251709743477,-0.051415984721028235,-0.05521561211224378,-0.05143823399186371,-0.020178710694655495,-0.051436695718925556
0.035283705841603015,0.03590320389014747,-0.03741275607108945,0.03628408638249662,-0.03860700617772055,0.036104131626414133,-0.14391395018395367,0.03660452353956699,0.028199321123705583,0.03599554777004232,0.057720558530379294,-0.08140660201696108,0.08144365113724351,-0.08586706550257821,0.10458797868709513,-0.14525106927776887,0.2500000000000001,-0.10400711415946719,-0.010364329322553866,0.03711688272834347,-0.024811074511606853,0.08220217101602607,-0.0821352640524047,0.08219634398280792,-0.08644329457679477,0.10264116101369114,-0.09790761974125245,0.11556732053582125,-0.10076075580456215,0.06275899028100683,0.05651183737854018,-0.08376514559862402,0.08301578142235919,-0.08553932125435666,0.08618597301171031,-0.08007655699951281,0.08404453139822785,-0.06052727919386834,0.07246185632744497,-0.00012034077847264697,-0.017502887887288574,0.08443473577760942,-0.08305354564436876,0.08417037101085731,-0.07496999937433708,0.07182235225160774,-0.04033019348765923,0.02805876491463324,-0.023617218135385754,0.02748519486105526,0.03605936884884003,0.0359725913937058,0.06383252137966675,0.035984973475096764,0.058886260632419675,0.03598333948448774,0.03188820880240076,0.035995419363702486,0.01967245209233778,0.03599572198161579
0.0743964706753734,0.0748262160796124,0.021058194489055708,0.07467012429362938,0.023656551437924736,0.07484668317538919,0.07449275953423606,0.07427027376633084,0.08213252529400242,0.07496321153803791,0.04482543814498371,-0.01198416857568647,0.012016062805487811,-0.00819728552897807,-0.0007697342157690424,0.0371568549535264,-0.10400711415946719,0.2500000000000001,-0.1178381748207047,0.08555336750252991,0.03078917661341721,0.011667589539157162,-0.01174333746338041,0.011668377789641266,-0.006204121507393785,-0.0021021238127793755,0.004647528957467453,-0.04831098206983622,0.04880072014128493,0.03292036381435261,0.04653526177297653,-0.008713826977134007,0.010176961023791972,-0.005969391172265569,0.006101718467523217,-0.0012419635912167474,0.000761203111620669,0.023773501518099524,-0.037392867096980004,0.06002515862605324,0.03893446598199094,0.005712687208151493,-0.004734768187336718,0.006517682272371331,-0.0034859912630355746,0.011419232034230217,-0.005125626719486017,0.029517371514919868,-0.0573897531210686,0.06711568185015884,0.07484320151404866,0.07492829776746929,0.028322657795678243,0.07495019376493751,0.03139481690285299,0.07495068677799176,0.02077932072835821,0.07495927976409486,0.06094051700427337,0.07496477632397698
-0.18712608802247271,-0.1884627911781637,-0.024249540343654487,-0.18841193725309258,-0.02604706792640618,-0.18866628610311748,-0.036019971810368034,-0.18807271124773509,-0.20529469765079816,-0.18880294969021175,-0.134535205918071,0.07564574674754425,-0.07575053297529671,0.07240792277500108,-0.07549016779732073,0.0496799074916772,-0.010364329322553866,-0.1178381748207047,0.2500000000000002,-0.20877267874396457,-0.05322616911401602,-0.07607577401506697,0.07620418267699448,-0.07607835976177806,0.07040372319660775,-0.08593065306918148,0.07508296193176296,-0.08036808129465808,0.05767445462615826,-0.1430249614715167,-0.13739801568632662,0.07227617827825102,-0.0741811873622387,0.06914550320516331,-0.0701477199434808,0.05604975571542043,-0.06141503956314061,-1.7110718599448059e-6,-0.014351537272344318,-0.12002606994186564,-0.0745333028490912,-0.06758707714715939,0.06458250623053838,-0.06941713801307672,0.057638488350259275,-0.07472632247938764,0.04542731513251886,-0.09136815787165552,0.14448226925009466,-0.16636547529597293,-0.18858205812112652,-0.18871094488812135,-0.10334386027493599,-0.18876662171350772,-0.10911504711054446,-0.18876606554232772,-0.07226183917765999,-0.18879382094906189,-0.14749508683034315,-0.18880619878269522
0.22081792062849454,0.22237755621258548,0.03046319841765833,0.22232014165783226,0.03149520950546652,0.22262197929390407,0.03769766372257128,0.22203592865814967,0.21083270628000889,0.22277373292501712,0.15792515192444287,-0.08838072356022585,0.08863136794427542,-0.08536251997434673,0.08890144310454866,-0.06293402874438926,0.03711688272834347,0.08555336750252991,-0.20877267874396457,0.24999999999999994,0.06310219582930833,0.08908769170441745,-0.08924053677166416,0.08909204991438623,-0.0833569294556462,0.09891233928657521,-0.08739019217611677,0.1085915595352031,-0.07970856750235775,0.17218733189765548,0.16174808793746753,-0.08506738567121296,0.08708562505311039,-0.08184577738427921,0.08300269524640223,-0.06639786969461327,0.07239746628247905,-0.0016670767368730968,0.022905916576679043,0.14012029415861635,0.08785652657983632,0.07994340785302212,-0.07642442844431732,0.08215869993968357,-0.06831173905652645,0.0886496432380066,-0.054616942291471904,0.10877672678460001,-0.17075828777969893,0.19633095974455655,0.2225131617843619,0.2226648034165785,0.12199092737151244,0.22273042749864239,0.12898983629363808,0.22272970256624133,0.08597292815150145,0.22276258912393768,0.1740304012682004,0.22277719822142383
0.08281042408790185,0.08275861119901667,0.08336060496287992,0.08224111084079891,0.07854451448172643,0.08263743864933572,0.044669834190905214,0.08205064319278899,0.06728408317426882,0.08280732519403222,-0.0004659701848039174,0.09028276428347565,-0.09014130439376565,0.09031529964488107,-0.07685819003573317,0.07062184272454441,-0.024811074511606853,0.03078917661341721,-0.05322616911401602,0.06310219582930833,0.25,-0.09062085954224826,0.09041155936197125,-0.09058702304351426,0.09087779655972045,-0.07488028967437987,0.07854663667923958,-0.02666913823362443,0.028506773812970333,0.04514084749995103,0.003305146100155674,0.09117484890534079,-0.09094257668172041,0.09101553116443085,-0.09074743636208552,0.09000832545553668,-0.08773848361171069,0.08602737164853616,-0.06138666787932137,0.07868655980935817,0.08616908319992858,-0.09106437138377502,0.09066846863380087,-0.08857485820326028,0.08109803855510007,-0.06064958770166062,0.023445666840475807,0.03211491829863628,-0.07295809084848817,0.08054657980905773,0.08253287334368038,0.08277481048337927,-0.029911295066240153,0.08279538220038433,-0.014526266188609407,0.08279700189433846,0.00831124935948105,0.08279896876934806,0.07911929093224483,0.0828079494882866
0.07459978079519221,0.07624801916851215,-0.11662871982531547,0.07710367448124911,-0.1061596832095232,0.07671155144423596,-0.03699578615109067,0.07727677407235044,0.07925094773995926,0.07655326768290852,0.1588670127852893,-0.24842493123634346,0.24846062833255694,-0.2455280697510156,0.22309154409473836,-0.18625271702671997,0.08220217101602607,0.011667589539157162,-0.07607577401506697,0.08908769170441745,-0.09062085954224826,0.2500000000000001,-0.24957820251216467,0.24978628798675978,-0.24405598306751616,0.22833219140367392,-0.22424081963384832,0.1651573531627282,-0.141446904460575,0.10178649359403535,0.15558203516817964,-0.24578199496256564,0.2478645452177891,-0.24207868540603952,0.2431177136723568,-0.22509397288843772,0.22669057388437241,-0.1553437973593905,0.1371800929031734,-0.0003089989955710128,-0.0640683300547573,0.24026705198952195,-0.2360168222560436,0.23806484101041894,-0.21124030608121502,0.19577540144186645,-0.09709071195318676,0.05333025190398463,-0.04236777083716473,0.05420428698932875,0.07677717490685372,0.07650174449056706,0.17438823419398958,0.07653091351927054,0.15467147883703425,0.07652723569485374,0.07212199970911443,0.0765567487329162,0.03442793897160857,0.07655551823404202
-0.07480442974052313,-0.0764523929389603,0.11640512177371434,-0.07730665393202844,0.1059521110822114,-0.07691557918905781,0.03688102435783148,-0.0774792495843948,-0.07941527756241593,-0.0767577412976568,-0.15885080611295296,0.24817059723985657,-0.24820664832394285,0.2452755068432628,-0.22287942259177523,0.18606072455967398,-0.0821352640524047,-0.01174333746338041,0.07620418267699448,-0.08924053677166416,0.09041155936197125,-0.24957820251216467,0.2499999999999999,-0.24953109262062864,0.24381005506420028,-0.22812838586271958,0.22402973597261178,-0.16507796820992954,0.14135888183146023,-0.10189229491656476,-0.15560329860721483,0.2455900256918047,-0.24767041341138887,0.24189159861163695,-0.24293055532199845,0.22490668243210274,-0.22650624193945754,0.15515525427758575,-0.1370334702543054,0.00011903121462991109,0.06387204708096521,-0.2400791046870231,0.23582978172508587,-0.23788309461300583,0.2110726899340849,-0.19565409014632254,0.0970450173776197,-0.05341059813262812,0.042544386765864264,-0.05440069444176086,-0.07698102312854058,-0.07670613483145582,-0.174337615162176,-0.07673535594730646,-0.15465435173495357,-0.07673168168355786,-0.07214878176546831,-0.07676120264513804,-0.034618683843685265,-0.07675999324883351
0.07461040769362261,0.07625847939568675,-0.11659837422421986,0.07711394225512788,-0.10613597193593406,0.07672194714663874,-0.03698756519425054,0.07728698034954057,0.07925707127360435,0.07656371284936979,0.15884988196748637,-0.2483779249017952,0.24841364373930497,-0.24548402697555602,0.22305944576595535,-0.18622754786336707,0.08219634398280792,0.011668377789641266,-0.07607835976177806,0.08909204991438623,-0.09058702304351426,0.24978628798675978,-0.24953109262062864,0.25000000000000033,-0.244024168875776,0.22830590487358157,-0.22421379186083976,0.16514661263018007,-0.1414367163849877,0.10178968511506925,0.15556614877055988,-0.2457424003931861,0.24782114195583232,-0.24204679323758616,0.2430857720731968,-0.22506411232478338,0.22666124030054127,-0.15531735524820972,0.13716139860265816,-0.00029463696552963853,-0.06404829721967288,0.24023443719009258,-0.23598521802468625,0.23803367375800621,-0.21121258062693998,0.19575294129086107,-0.09708026963465387,0.053332029105263114,-0.042378231653352284,0.054215643821158545,0.07678755429865156,0.07651218696036635,0.17437123306867072,0.07654135783438983,0.15465934210565987,0.07653768060288485,0.07211880609951804,0.07656719207432651,0.03444029783771044,0.07656596331792824
-0.06890422836104729,-0.07050957997755743,0.11605424092324527,-0.07136368921772457,0.10879876294485251,-0.07096917627625968,0.04152501057670554,-0.07153693594396508,-0.07353648400157582,-0.07080656644103094,-0.15314296424619034,0.24266431135704764,-0.24268964067260082,0.24170018758553222,-0.22406553035672427,0.18955310522497548,-0.08644329457679477,-0.006204121507393785,0.07040372319660775,-0.0833569294556462,0.09087779655972045,-0.24405598306751616,0.24381005506420028,-0.244024168875776,0.24999999999999994,-0.23321788855171335,0.22922104679885544,-0.17008295993599776,0.1465178172579692,-0.09969397534423538,-0.14984112818604353,0.24522587623447561,-0.24470569928817487,0.2467552436578429,-0.24778946529970572,0.23008208563190052,-0.23168104406078088,0.16050967681479442,-0.14232924990914997,0.0058494461671099295,0.0691903528167121,-0.24436145783682417,0.24056754207667128,-0.24260846217221083,0.21558057569886044,-0.1991477380420265,0.09863697503013948,-0.051213847024342146,0.03744387992957777,-0.04870935220840053,-0.07104621317964983,-0.07075743074027535,-0.17501020253841074,-0.07078500143105858,-0.15495108173490735,-0.07078123533004724,-0.07151722629156235,-0.07081050839765103,-0.029117380671431336,-0.0708087225559845
0.08518338649095272,0.08678631515072631,-0.1006392287549468,0.0875931643322842,-0.09980993605825954,0.08724004834266082,-0.04141921223776393,0.08781359349008233,0.08968811408802128,0.08709133660767683,0.15427964243443337,-0.22693817529258423,0.2269824325380013,-0.22598955293852085,0.22158251446000615,-0.20105429291005467,0.10264116101369114,-0.0021021238127793755,-0.08593065306918148,0.09891233928657521,-0.07488028967437987,0.22833219140367392,-0.22812838586271958,0.22830590487358157,-0.23321788855171335,0.25000000000000006,-0.23806313612142294,0.1863118392936892,-0.16048019802973357,0.11564554146475667,0.15127320128631883,-0.22949532757575442,0.22897649427486033,-0.2310846318858935,0.23244681478471516,-0.2154035910980963,0.221590034945612,-0.14634848271809142,0.1395951368835326,0.0072971209181009284,-0.05322675933106777,0.22866767186376613,-0.22492272115569412,0.2273746405690898,-0.20208102574936937,0.18986452288422004,-0.09553507392821574,0.058055458005559536,-0.05175898825984997,0.06444430841487563,0.0872814456543358,0.08703584057363677,0.1703312795330716,0.08706741772822375,0.1537877612008163,0.08706388065674917,0.07406200294240077,0.08709373823626833,0.04446778084602639,0.08709363522067179
-0.07348429099699758,-0.07500912197410747,0.10273127520471825,-0.07581086415343893,0.10063958312191182,-0.07544743684487851,0.043078602933993175,-0.0760213482361324,-0.07830663089521134,-0.07529456871042019,-0.14616914915122675,0.22289298736362834,-0.2229248938236534,0.22215856614228632,-0.21523203251543752,0.19344920065100873,-0.09790761974125245,0.004647528957467453,0.07508296193176296,-0.08739019217611677,0.07854663667923958,-0.22424081963384832,0.22402973597261178,-0.22421379186083976,0.22922104679885544,-0.23806313612142294,0.24999999999999997,-0.1819720489384443,0.15945433085567684,-0.10662453906592671,-0.14308431627277082,0.22554428830340495,-0.2249959481708741,0.2271540038113431,-0.22851514346205073,0.22089952270573857,-0.22703027538160983,0.1571868301028998,-0.14753787550180392,0.0035385137111698167,0.05796298399509967,-0.22487069735929624,0.22120163517168256,-0.22348994339833317,0.2006327112045754,-0.19289984607724692,0.10166616732603961,-0.05880147755590476,0.044402184108638845,-0.05402037018742168,-0.07549850436854202,-0.07524456666792351,-0.1639836800187863,-0.07527221551897827,-0.1479080038334247,-0.0752681731362908,-0.07525666207851364,-0.07529745728981031,-0.034953147840978485,-0.07529667941117987
0.11781629103304835,0.11925809730811192,-0.0517512675882127,0.11978274701206044,-0.05278708785576462,0.11963330028104201,-0.03190800855398238,0.12011534036416031,0.1126520980436043,0.11954655965422363,0.14054378409183815,-0.16384380655685313,0.16396156037213208,-0.16339327154841657,0.1646084581970789,-0.14919457135963118,0.11556732053582125,-0.04831098206983622,-0.08036808129465808,0.1085915595352031,-0.02666913823362443,0.1651573531627282,-0.16507796820992954,0.16514661263018007,-0.17008295993599776,0.1863118392936892,-0.1819720489384443,0.2500000000000002,-0.21910080225898795,0.15747629604320224,0.13949014620090108,-0.16630333207503686,0.16578373191545176,-0.16803664269734964,0.16933962020582818,-0.15469905059530203,0.16109011186924155,-0.11733480347398316,0.14848211928624525,0.03049904450461563,-0.007095060005386187,0.16559291853317712,-0.16213647470949674,0.16570489474055183,-0.14569501590331477,0.14660541262464838,-0.09157271754238128,0.08594645088629368,-0.08761948302661218,0.09848627139767104,0.11958890341336288,0.11947974416351229,0.14096586846366765,0.11951751884678598,0.13430827931790387,0.11951391063824537,0.08305890772067331,0.1195444450534836,0.07896472645455362,0.11954889986521922
-0.0886749928164709,-0.08984925331675257,0.048818099729538426,-0.09032744174647504,0.05008329211724127,-0.09016855737112135,0.031522329567630104,-0.0906598966721805,-0.08573445321344812,-0.09007729114197524,-0.11399593065346106,0.14032166749464273,-0.14040285407234313,0.1401262405244476,-0.14112226039203982,0.1289692113133123,-0.10076075580456215,0.04880072014128493,0.05767445462615826,-0.07970856750235775,0.028506773812970333,-0.141446904460575,0.14135888183146023,-0.1414367163849877,0.1465178172579692,-0.16048019802973357,0.15945433085567684,-0.21910080225898795,0.2500000000000002,-0.14050823960576525,-0.11270529021859169,0.14291988930147762,-0.14223070075201302,0.14491084882395258,-0.14620800570321,0.14075364278217029,-0.14684037172694736,0.14664819669778267,-0.17780283194215205,-0.0011483267007686892,0.012814166418804718,-0.14256676485647468,0.13934264860165613,-0.142653667407435,0.12525329020744208,-0.1308403825793989,0.10555579208679718,-0.09822041323638038,0.07382970168812662,-0.07423496043343458,-0.09013401222186568,-0.09002483220663633,-0.11652577494746057,-0.09005201611531242,-0.11090048110878446,-0.09004684697195002,-0.08765457157173351,-0.09007583053796919,-0.05737483947504027,-0.0900791406482335
0.1974596639064194,0.19896067916298504,0.014070387440411407,0.1990480704916872,0.015303340836504307,0.19924787622155324,0.020788217735887453,0.1991552306764854,0.17625126978018904,0.19932127230028768,0.15153200138728729,-0.10085007468883017,0.10112654619962246,-0.09877883853639952,0.10167123513152618,-0.08048266190305098,0.06275899028100683,0.03292036381435261,-0.1430249614715167,0.17218733189765548,0.04514084749995103,0.10178649359403535,-0.10189229491656476,0.10178968511506925,-0.09969397534423538,0.11564554146475667,-0.10662453906592671,0.15747629604320224,-0.14050823960576525,0.2500000000000001,0.15469108239316906,-0.09956748408306426,0.10069530555378817,-0.09812625556748998,0.09935558506362187,-0.08407492387006425,0.09035884878849394,-0.03741165700829999,0.06868268267702388,0.11027784666037979,0.06790486077536205,0.09595968203974978,-0.09244136705116449,0.09785075543846523,-0.08270403412053082,0.100245536609769,-0.06936212709522742,0.1118106216733444,-0.1545982959407,0.17465768463138234,0.1991243139734234,0.19922188968893195,0.12390358862732713,0.19928058349556502,0.12860164524729326,0.19927869785851712,0.09016573212196842,0.199311885895471,0.15289877922147382,0.19932440742577154
0.16844301922223556,0.1700762560658877,-0.027041039683217055,0.1703782772627717,-0.021762117020411243,0.17041713671195793,0.011649465515883781,0.17034595994524412,0.15601590149206893,0.17044368981742364,0.16239456435396804,-0.1545061940242011,0.154698561215581,-0.151586024899404,0.14362676060194918,-0.11274261084988453,0.05651183737854018,0.04653526177297653,-0.13739801568632662,0.16174808793746753,0.003305146100155674,0.15558203516817964,-0.15560329860721483,0.15556614877055988,-0.14984112818604353,0.15127320128631883,-0.14308431627277082,0.13949014620090108,-0.11270529021859169,0.15469108239316906,0.2500000000000001,-0.15192691721293977,0.1537947881695523,-0.14846157110106198,0.14935364776471735,-0.131649681921023,0.13576242566844973,-0.06391394712744299,0.07227317489256489,0.08707043060483509,0.02940642618021355,0.14653761283122996,-0.14262556844183086,0.1470576396712048,-0.12751469986250238,0.13403317465853162,-0.07351882866288695,0.09006046924255984,-0.12425038685761951,0.14491487378602602,0.17036973604534889,0.1703545777341367,0.14648519809717503,0.17040743158198324,0.14287322061593033,0.1704054808472517,0.0830896251202114,0.1704380092843443,0.12297858035951482,0.17044668994188888
-0.07053485262269088,-0.07214945244394302,0.1161141961365474,-0.07300179821083545,0.10725133351138315,-0.0726083492840727,0.039248436485628604,-0.07317494428223528,-0.07527524840659361,-0.07244783499271754,-0.15481299436858284,0.24439034055953618,-0.24441948339911318,0.24245591687152884,-0.22241623873634628,0.18693782160552075,-0.08376514559862402,-0.008713826977134007,0.07227617827825102,-0.08506738567121296,0.09117484890534079,-0.24578199496256564,0.2455900256918047,-0.2457424003931861,0.24522587623447561,-0.22949532757575442,0.22554428830340495,-0.16630333207503686,0.14291988930147762,-0.09956748408306426,-0.15192691721293977,0.2500000000000001,-0.24780890623255505,0.2457012316094309,-0.24574439475344959,0.22772365145137696,-0.2292187956288851,0.15802025638112915,-0.13957145411395494,0.0038822110135168526,0.06796828993321287,-0.243941825412785,0.23968543307430082,-0.24163932992391152,0.2140896452729891,-0.19730957738744506,0.09731008806402225,-0.051359678718463524,0.038754830585842975,-0.050248566219095944,-0.07268272380845385,-0.07239776819769017,-0.1754979182210681,-0.07242599730457264,-0.15440652616841957,-0.07242230916979571,-0.07109545879098504,-0.07245164548842538,-0.030582231205582823,-0.0724500164761981
