x1,x2,x3,x4,x5,x6,x7,x8,x9,x10,x11,x12,x13,x14,x15,x16,x17,x18,x19,x20,x21,x22,x23,x24,x25,x26,x27,x28,x29,x30,x31,x32,x33,x34,x35,x36,x37,x38,x39,x40,x41,x42,x43,x44,x45,x46,x47,x48,x49,x50,x51,x52,x53,x54,x55,x56,x57,x58,x59,x60
0.25,0.2497516467039166,0.24895895313489386,0.24996456481847965,0.24984117425715086,0.24996752527017374,0.24987717912835367,0.24995535365686256,0.24987793476028192,0.24993957173096026,0.24956136273983617,0.24690378650307876,0.24863563071675598,0.24547863703099562,0.24879354085539745,0.24371081029473304,0.24860236382220494,0.24341402409450988,0.248987263595275,0.24988612934460477,0.24993874080956807,0.24872919926514142,0.24682417620115635,0.2485253015009812,0.24702780263590693,0.2466582846527979,0.24537076266339303,0.24734432298601536,0.2471416735010458,0.24994791134855285,0.24993411460151052,0.24907365972682002,0.24609605306552454,0.2485037266094897,0.24793526822017245,0.24609897393132305,0.24811842281827776,0.24621875242776645,0.24802127387937112,0.24992713533501645,0.2495366080665828,0.24578652484900565,0.2496085343680445,0.24314442535364297,0.24954493612474582,0.24490573603032523,0.2475003976906451,0.2451473390230501,0.2487698011877213,0.24990836450157528,0.24994609306260485,0.24978617942221987,0.24917834288891308,0.24996264874689939,0.24984486392571376,0.24996024883067103,0.24993765239743554,0.24996096605420026,0.24992616762172581,0.249939281036156
0.2497516467039166,0.25000000000000006,0.2487670871277549,0.24977192381330973,0.24964862834578677,0.24977488198346287,0.2496846054689981,0.24976271975048858,0.24968536051858126,0.24974694998729452,0.2493690324717253,0.24671350435790068,0.24844401388555792,0.24528945321040183,0.24860180232707868,0.24352298889092727,0.24841077262891295,0.24322643141589145,0.24879537577002142,0.24969354878755695,0.24974611970627142,0.2485375103231655,0.24663395540950883,0.24833376969755927,0.2468374249148119,0.2464681917093302,0.2451816619786892,0.24715370133115108,0.2469512080227201,0.24975528317776677,0.24974149706350854,0.2488817053183783,0.245906393418905,0.24831221143325966,0.24774419113962057,0.24590931203367059,0.24792720458537515,0.24602899822002994,0.24783013051655733,0.24973452317574849,0.24934429687623674,0.24559710374750468,0.24941616774602143,0.24295704044756397,0.24935261851618812,0.24471699372921152,0.24730965575318048,0.24495841052497117,0.2485780809549297,0.24971576680848692,0.24975346629312342,0.24959367589390435,0.24898630780395806,0.24977000921839496,0.2496523151708209,0.24976761115171772,0.2497450321329491,0.2497683278225019,0.24973355620824875,0.24974665951652109
0.24895895313489386,0.2487670871277549,0.25,0.24897915497282944,0.24885604187600163,0.24898210792935063,0.24889210287761415,0.24896999452899032,0.2488928700709546,0.24895427089630875,0.24857702755571107,0.2459210914741065,0.24765260745730677,0.24450627018850424,0.24781493296871077,0.24274896630529938,0.2476227022171671,0.24245421344678628,0.24800464691943827,0.2489010451127254,0.24895341414077707,0.24777855278476152,0.24585306120781178,0.24754460107785925,0.246055568141388,0.2456875733269182,0.24440552287922682,0.24637187325662474,0.2461681871592084,0.24896258253151726,0.24894881264037247,0.24809183771037402,0.2451286107279097,0.24752384088011983,0.24695873423557202,0.24513088475850092,0.24713992684577601,0.24525015979128495,0.24704351647613879,0.2489418836975235,0.24855294237422992,0.24481828759919427,0.24862499533947585,0.24218790661177686,0.24856152420329608,0.24394093110726225,0.2465258366000332,0.24418119545463698,0.24778966348054782,0.24892319066254506,0.24896076690453753,0.24880148366931065,0.24819610151078314,0.24897725736552043,0.24885997020845624,0.24897486692102677,0.24895236012605926,0.24897558130720393,0.24894092480084007,0.2489539817764684
0.24996456481847965,0.24977192381330973,0.24897915497282944,0.24999999999999994,0.24986145927671385,0.24998781989173202,0.2498974664377577,0.24997564731245128,0.2498982221629774,0.2499598640989248,0.24958162444956436,0.24692380068429154,0.24865581067092626,0.24549855686363473,0.2488137342328498,0.24373059687323137,0.24862254121493038,0.24343378230500323,0.24900747848773017,0.24990641742380648,0.2499590329569533,0.24874940665125872,0.24684421052950012,0.24854547716539896,0.24704785631380635,0.24667831334963236,0.2453906776934496,0.24736440561123396,0.24716173567566055,0.24996820436085196,0.24995440646893693,0.24909388068269553,0.246116030536107,0.248523901331089,0.24795539880514192,0.2461189563664805,0.24813856545982182,0.2462387434300272,0.2480414077205851,0.24994742661028754,0.24955686752239054,0.24580647879714945,0.2496288003396789,0.24316416268461857,0.24956519670247923,0.24492561796948825,0.24752049420881916,0.24516723880771069,0.24879000033974824,0.24992865443495946,0.24996638595875678,0.24980645933494458,0.24919857318512514,0.2499829429873323,0.24986514844753396,0.24998054287602023,0.24995794458476295,0.2499812601580328,0.24994645888718256,0.2499595733794103
0.24984117425715086,0.24964862834578677,0.24885604187600163,0.24986145927671385,0.24999999999999992,0.24986441745176882,0.24977410793873853,0.2498522514679414,0.24977486411852304,0.24983647583978957,0.249458395691922,0.246801092336267,0.24853288459521938,0.24537710428433485,0.24869098699599357,0.2436102299824297,0.24849980750989686,0.24331359149752113,0.24888450425550837,0.24978305596606998,0.24983564302998504,0.24862764221978179,0.24672243719245215,0.24842272555372943,0.2469259756989405,0.24655663398022137,0.2452696255184447,0.2472424269077344,0.24703975790462349,0.24984481213257062,0.2498310195543762,0.2489709181939982,0.24599466301232345,0.2484012032686337,0.247833044401273,0.2459975697597094,0.24801605012045352,0.24611729346156822,0.2479189555722805,0.24982404425373717,0.24943368001423918,0.24568517192241948,0.2495055984317881,0.2430442186726389,0.24944201985897949,0.2448047427720053,0.2473983707994141,0.24504622002642415,0.24866722057338878,0.249805281963101,0.24984299449580477,0.2496831468165171,0.24907556297362868,0.2498595433537569,0.2497418081738951,0.24985714442717813,0.24983455725362383,0.2498578613552431,0.24982307746676227,0.24983618528201687
0.24996752527017374,0.24977488198346287,0.24898210792935063,0.24998781989173202,0.24986441745176882,0.24999999999999978,0.24990042607420979,0.24997860788790968,0.24990118177586124,0.24996282449336804,0.24958458005194514,0.24692675981526402,0.2486587623413987,0.24550147499347788,0.24881668945121266,0.24373348306508683,0.248625493874195,0.24343667068119262,0.24901042728382083,0.24990937712603484,0.24996199351693543,0.24875235057795209,0.24684714125203763,0.24854842266462793,0.24705078581104917,0.24668123229293704,0.24539359287545598,0.24736733533433686,0.2471646670613864,0.2499711648969396,0.2499573668589499,0.2490968322244361,0.2461189502272503,0.24852684592568622,0.24795833470732564,0.2461218699390723,0.24814150641535299,0.24624165983829682,0.2480443488256769,0.24995038696017155,0.2495598234086935,0.24580939186468037,0.2496317564385624,0.24316704769136585,0.2495681522737223,0.24492852120209782,0.24752342355073856,0.24517014690574052,0.24879294497105336,0.2499316143390761,0.24996934643220275,0.24980941791452976,0.24920152492326167,0.24998590365671805,0.24986810793053765,0.24998350351727838,0.24996090498764037,0.24998422080746877,0.2499494191429651,0.2499625337719892
0.24987717912835367,0.2496846054689981,0.24889210287761415,0.2498974664377577,0.24977410793873853,0.24990042607420979,0.24999999999999997,0.2498882577570361,0.24981085978383963,0.24987248200430712,0.24949445001310366,0.24683715164589762,0.24856881001693623,0.24541311951433337,0.24872679811309464,0.2436461298877681,0.24853536711645544,0.24334955862754423,0.24892070529144072,0.24981905590074005,0.24987164919361346,0.2486623561497036,0.24675781042272693,0.24845845127866004,0.24696148287768052,0.24659253048765511,0.24530502507156748,0.24727796391921605,0.24707537631994195,0.24988081797970244,0.24986702529251154,0.24900682814119524,0.24603003871981133,0.24843704829847651,0.24786876221174603,0.24603289761537636,0.24805189462011898,0.24615265105376444,0.24795477249078382,0.24986004842046314,0.24946962820964316,0.24572056320622992,0.2495415297210023,0.24307919803434808,0.24947795161829536,0.24484002249753628,0.24743393525967586,0.24508159795356818,0.24870299933719023,0.24984127958324132,0.24987899963466983,0.2497191289233149,0.24911146037451812,0.24989555087276602,0.24977780069560243,0.24989315160482345,0.24987056164838273,0.24989386863149027,0.24985907979803362,0.24987218943425307
0.24995535365686256,0.24976271975048858,0.24896999452899032,0.24997564731245128,0.2498522514679414,0.24997860788790968,0.2498882577570361,0.2499999999999999,0.24988901341539108,0.2499506531098684,0.24957242777392213,0.24691474200530802,0.24864665613416226,0.24548952313928116,0.24880456946887422,0.24372161631108727,0.24861338505133776,0.243424815874646,0.24899830357369293,0.24989720835538926,0.24994982216105793,0.24874021546806682,0.2468351175443958,0.24853632085782335,0.24703875352570898,0.24666921961202523,0.24538163932416565,0.247355287522883,0.24715262994413079,0.2499589930901055,0.24994519575057914,0.24908470258260013,0.24610696176530447,0.24851474446453323,0.24794626021112137,0.24610988372452744,0.24812942358073037,0.24622966742122673,0.2480322699682338,0.24993821615383682,0.2495476715227789,0.24579742144183303,0.24961960079932768,0.243155203609196,0.24955599979597065,0.24491659354494336,0.2475113703379953,0.24515820735458624,0.24878083050101582,0.24991944450620837,0.24995717473021148,0.2497972539998369,0.24918939044355123,0.24997373114850643,0.24985594106373943,0.24997133112583989,0.24994873368784787,0.2499720483812041,0.24993724840085718,0.2499503624017276
0.24987793476028192,0.24968536051858126,0.2488928700709546,0.2498982221629774,0.24977486411852304,0.24990118177586124,0.24981085978383963,0.24988901341539108,0.2499999999999999,0.249873235476296,0.24949513159266312,0.24683816475855752,0.24856954501623577,0.2454133200416695,0.24872748927223426,0.2436461744456605,0.24853629395766375,0.24334934060342783,0.24892083421628086,0.24981981254430263,0.24987240454236465,0.24866306473960995,0.24675849432771388,0.24845941673591052,0.24696214061933913,0.24659244410107856,0.24530562036247514,0.24727855892503178,0.24707606904143542,0.24988157250271886,0.24986778123996337,0.24900753651264043,0.24603070535674507,0.2484377571081543,0.24786944625640173,0.24603351617263508,0.24805256634958503,0.24615327249438332,0.24795543305990905,0.24986080268094527,0.24947037690359536,0.24572126119388288,0.24954226604970262,0.24307981688732416,0.2494786902553823,0.2448407147707695,0.2474346538044307,0.24508226929211477,0.24870374878307813,0.24984203660288432,0.24987975527205195,0.24971988407419649,0.24911220599407172,0.24989630656000586,0.2497785515873018,0.2498939072803686,0.24987131685275116,0.24989462431384352,0.24985983489086605,0.24987294505109273
0.24993957173096026,0.24974694998729452,0.24895427089630875,0.2499598640989248,0.24983647583978957,0.24996282449336804,0.24987248200430712,0.2499506531098684,0.249873235476296,0.24999999999999986,0.24955667038979057,0.24689913988618037,0.2486309542178949,0.24547402519968478,0.24878886314092125,0.24370623527718951,0.24859767731897908,0.2434094565270874,0.24898258045580554,0.2498814301304321,0.2499340405794647,0.24872452230949202,0.24681953374183893,0.2485206258353443,0.2470231573665833,0.24665365106660417,0.24536615033467848,0.24733967222447273,0.24713702660300996,0.2499432109503333,0.24992941446330844,0.24906897616592705,0.24609142601513995,0.2484990537414866,0.2479306062459811,0.24609434592535484,0.2481137577627141,0.24621412230787382,0.24801661074769268,0.249922435339287,0.24953191545449036,0.24578190303908426,0.24960384034634311,0.2431398538008099,0.24954024333556532,0.24490113093634852,0.24749574303734506,0.2451427298735439,0.248765122618414,0.24990366481265552,0.24994139268934532,0.24978148205627168,0.24917365703445998,0.24995794806227434,0.24984016550472488,0.249955548191241,0.2499329521891165,0.2499562654012153,0.24992146762762127,0.24993458079096773
0.24956136273983617,0.2493690324717253,0.24857702755571107,0.24958162444956436,0.249458395691922,0.24958458005194514,0.24949445001310366,0.24957242777392213,0.24949513159266312,0.24955667038979057,0.24999999999999986,0.246522406872302,0.24825449107659062,0.24510146814395067,0.2484127110359159,0.2433371163874857,0.24822173240033796,0.24304106536848874,0.2486055184556225,0.24950330976404742,0.24955583842591816,0.24835180364686063,0.24644643404540995,0.24814445162831023,0.2466496392773882,0.24628042869801534,0.24499532614804015,0.24696574650038616,0.24676325023686219,0.2495649977132879,0.24955121870931513,0.24869211049089998,0.2457195251240145,0.24812299742314503,0.24755553678753228,0.24572219280852448,0.24773828229466216,0.24584181532245009,0.24764135966538628,0.2495442541278275,0.2491543346436053,0.24541011701073984,0.2492261921449723,0.24277231010363828,0.2491626795919917,0.244530685372753,0.24712134059318275,0.2447719010649962,0.24838872695844064,0.2495255081785016,0.2495631809402645,0.24940351228877486,0.24879662176062217,0.2495797112642723,0.24946211536624815,0.24957731503197814,0.2495547538536592,0.24957803114917287,0.24954328702863643,0.2495563793521424
0.24690378650307876,0.24671350435790068,0.2459210914741065,0.24692380068429154,0.246801092336267,0.24692675981526402,0.24683715164589762,0.24691474200530802,0.24683816475855752,0.24689913988618037,0.246522406872302,0.2499999999999998,0.2456062549408463,0.24247681557407524,0.24578322211114706,0.24074181101625067,0.2455839029231967,0.2404486847772898,0.24596330275884393,0.24684631627785192,0.24689828575874034,0.24570138209107822,0.2438193646025927,0.24550457312262786,0.2440208038483006,0.24365917565153944,0.24238055283482926,0.24433447233011146,0.2441328576272119,0.2469073625024012,0.24689372970358475,0.24604318208898962,0.2430987769639419,0.2454805024148762,0.24491885797455748,0.24310589507786695,0.24509908965791935,0.2432234457263991,0.24500244076398575,0.24688680622247042,0.2465009296158287,0.2427955102747541,0.24657222631228376,0.2401835300306445,0.2465092966515912,0.24192504428760808,0.24449049272466783,0.24216275669523918,0.24574449344196642,0.24686838203583272,0.2469055852589896,0.24674761679068652,0.246146971162188,0.24692193961920048,0.24680546947580764,0.24691956873562293,0.24689723168658922,0.24692027740590725,0.24688589121734308,0.2468988561834267
0.24863563071675598,0.24844401388555792,0.24765260745730677,0.24865581067092626,0.24853288459521938,0.2486587623413987,0.24856881001693623,0.24864665613416226,0.24856954501623577,0.2486309542178949,0.24825449107659062,0.2456062549408463,0.24999999999999986,0.24419538865261115,0.2474866912377341,0.24243242370151133,0.2472994633095899,0.2421386722724089,0.2476834819089319,0.248577803094369,0.24863015993238355,0.24742240532255882,0.24552898677590446,0.2472250888993835,0.24573222108143558,0.24536341370270393,0.24408330040367793,0.24604617224441444,0.24584660908163314,0.2486392416157508,0.24862555874790213,0.24776947631134033,0.24480418829688813,0.24720302071400643,0.2466361201218141,0.24480780481339826,0.24681974373203716,0.24492690703213235,0.2467225875626157,0.24861857919899047,0.24823002009845155,0.24449862042834375,0.24830114140410273,0.2418685025452696,0.24823799491214818,0.24362245927755463,0.2462032525354302,0.24386318900326182,0.24746677320013877,0.24859992050898377,0.24863744222400452,0.24847836582981417,0.24787360548449344,0.2486539111796898,0.24853668672490345,0.24865152379091954,0.2486290432495989,0.24865223729727753,0.2486176132665494,0.2486306658146229
0.24547863703099562,0.24528945321040183,0.24450627018850424,0.24549855686363473,0.24537710428433485,0.24550147499347788,0.24541311951433337,0.24548952313928116,0.2454133200416695,0.24547402519968478,0.24510146814395067,0.24247681557407524,0.24419538865261115,0.25,0.24432966544050466,0.23935097799204313,0.24420820749933653,0.23905283170274244,0.2445640089132799,0.2454214938371037,0.24547307648757521,0.2443104249219217,0.2424163258141171,0.24406348886476725,0.24261550602237666,0.24224787912016726,0.24098557956626776,0.24292529165748036,0.24272641727432298,0.2454822105339336,0.2454686934969312,0.24462354251665183,0.24169659620618872,0.24406421077228196,0.24350340465553655,0.2416998075029181,0.24368516332519555,0.24181764354745697,0.2435897601329081,0.24546181244431545,0.2450782140540108,0.24139477084559052,0.24514840426993625,0.23879898174595898,0.2450860447735864,0.2405296355543045,0.24307709496088947,0.24076728841522468,0.2443245153288374,0.24544336767784009,0.24548042554628421,0.24532336901182236,0.2447263406312092,0.24549668538450586,0.2453809765855063,0.24549432834348947,0.24547213637176182,0.24549503275398138,0.24546085133345266,0.24547373516956442
0.24879354085539745,0.24860180232707868,0.24781493296871077,0.2488137342328498,0.24869098699599357,0.24881668945121266,0.24872679811309464,0.24880456946887422,0.24872748927223426,0.24878886314092125,0.2484127110359159,0.24578322211114706,0.2474866912377341,0.24432966544050466,0.24999999999999975,0.2425657728173859,0.2474559867910225,0.24229095713687063,0.2478369106096166,0.2487357256351592,0.24878800714740607,0.24763836381684953,0.24568529168095554,0.24738456917969406,0.2458883342367727,0.24551417347606086,0.24424104372787447,0.24620392940362842,0.2460036812303938,0.24879715330459123,0.24878345412057545,0.24792662479161726,0.24496201822439015,0.24735947907469483,0.24679255356689062,0.24496334372708448,0.24697547372933407,0.24508264768373256,0.24687872033322011,0.24877648116949772,0.2483876948924898,0.24465435166068616,0.24845893276160294,0.24202337728618495,0.24839571482246403,0.24377763420824242,0.2463598202867378,0.24401832202538348,0.24762401318825164,0.24875780459340016,0.24879535350823373,0.24863617609164373,0.2480310589419322,0.2488118329287778,0.2486945490823001,0.248809444037475,0.24878695038159854,0.24881015798279937,0.2487755138669579,0.24878857280002206
0.24371081029473304,0.24352298889092727,0.24274896630529938,0.24373059687323137,0.2436102299824297,0.24373348306508683,0.2436461298877681,0.24372161631108727,0.2436461744456605,0.24370623527718951,0.2433371163874857,0.24074181101625067,0.24243242370151133,0.23935097799204313,0.2425657728173859,0.24999999999999975,0.24237794121561093,0.23744501401131068,0.24277717595785592,0.2436544100113972,0.243705407758573,0.2424983628904413,0.24067972332265106,0.24241363736273022,0.24086747336681946,0.2404282418876831,0.23925805111045842,0.24117887539317642,0.24098761832165735,0.24371428862613936,0.2437010175712885,0.24285791074894836,0.23998198847006713,0.24229999987901268,0.24174819387396476,0.23994462568535024,0.24192262165737768,0.24006496603791624,0.24183102350162242,0.24369417652122657,0.2433133893563917,0.2396582845153825,0.24338204548125847,0.23708632668682772,0.2433204568873913,0.2388008756012795,0.24132287184291343,0.23903705959330113,0.24256261272606808,0.24367570872563213,0.24371258618335773,0.24355666087036837,0.24296403894471852,0.24372872870115447,0.24361394692698718,0.24372638883666606,0.24370437940273856,0.2437270879546253,0.24369315654403545,0.2437059437343027
0.24860236382220494,0.24841077262891295,0.2476227022171671,0.24862254121493038,0.24849980750989686,0.248625493874195,0.24853536711645544,0.24861338505133776,0.24853629395766375,0.24859767731897908,0.24822173240033796,0.2455839029231967,0.2472994633095899,0.24420820749933653,0.2474559867910225,0.24237794121561093,0.24999999999999994,0.2420759851656849,0.24765207828687016,0.24854467024549723,0.24859675860985497,0.24744623483892914,0.24549703127874783,0.24718953346895858,0.24570059102024144,0.2453172433182614,0.24405186712164084,0.24601415256788034,0.24581588159124737,0.24860596122681178,0.24859234133195451,0.24773567490576406,0.24477358906475458,0.247169182261677,0.24660169248813035,0.24477096021628292,0.2467855248923245,0.24489072730018735,0.24668894381416268,0.24858533558914525,0.24819679923564367,0.2444658910130021,0.24826746072230654,0.24183632316443276,0.24820443119816515,0.24359010404243947,0.24616865956037393,0.24383124200327183,0.2474327958255559,0.2485666450009738,0.2486041751819282,0.2484451201080402,0.24784042133076817,0.24862064184792065,0.24850343512406609,0.24861825481413688,0.24859578278690442,0.24861896818484377,0.24858434596638485,0.24859739958436444
0.24341402409450988,0.24322643141589145,0.24245421344678628,0.24343378230500323,0.24331359149752113,0.24343667068119262,0.24334955862754423,0.243424815874646,0.24334934060342783,0.2434094565270874,0.24304106536848874,0.2404486847772898,0.2421386722724089,0.23905283170274244,0.24229095713687063,0.23744501401131068,0.2420759851656849,0.24999999999999972,0.24245722397844427,0.24335806846309177,0.24340897997106112,0.24222678275117487,0.24042760486450865,0.2420715627343097,0.2406369300858254,0.24027207980614462,0.2389893356287346,0.24082060041129819,0.24068300222719705,0.24341740984138452,0.2434042482641963,0.2425624304041667,0.2396822565442472,0.24200392814364244,0.2414620991440464,0.23965145807558416,0.24162595398479586,0.23977554896785283,0.24153129232966097,0.24339729500207474,0.24301662665923845,0.23936110299720192,0.2430843501172267,0.23678889276462672,0.2430228964850134,0.23850712922303655,0.2410273126102436,0.23873864098257694,0.24226776667912714,0.2433791383864988,0.24341579770980495,0.2432600619651668,0.2426675633766484,0.24343192064956728,0.24331689824600722,0.24342958321413027,0.2434075620415744,0.24343028192451244,0.2433963523479834,0.24340916346048086
0.248987263595275,0.24879537577002142,0.24800464691943827,0.24900747848773017,0.24888450425550837,0.24901042728382083,0.24892070529144072,0.24899830357369293,0.24892083421628086,0.24898258045580554,0.2486055184556225,0.24596330275884393,0.2476834819089319,0.2445640089132799,0.2478369106096166,0.24277717595785592,0.24765207828687016,0.24245722397844427,0.2499999999999996,0.2489296476057268,0.24898178511049915,0.2477774432784042,0.2458975805986181,0.24757743944829627,0.24609369571859246,0.24573064118927865,0.24442897931792282,0.24641411999342794,0.24619707344583555,0.24899085849411534,0.24897717049029144,0.24811848718909857,0.24514799941512233,0.24755102029384535,0.24698420719915523,0.2451555803375282,0.24716563795786323,0.24527654667942483,0.24706898433297775,0.2489701424334006,0.24858100001430142,0.24484419569587812,0.24865278094662902,0.2422125788031321,0.24858934039615527,0.24396705339939892,0.2465532516268378,0.24420609868475548,0.24781807919107035,0.2489515671615915,0.24898907754870192,0.24882977607532353,0.2482240456285142,0.24900556989604866,0.2488881123030437,0.24900317900187596,0.2489806541379549,0.2490038936559682,0.2489692157672411,0.2489822916715301
0.24988612934460477,0.24969354878755695,0.2489010451127254,0.24990641742380648,0.24978305596606998,0.24990937712603484,0.24981905590074005,0.24989720835538926,0.24981981254430263,0.2498814301304321,0.24950330976404742,0.24684631627785192,0.248577803094369,0.2454214938371037,0.2487357256351592,0.2436544100113972,0.24854467024549723,0.24335806846309177,0.2489296476057268,0.24999999999999972,0.24988059905813403,0.24867130758348174,0.24676666065047317,0.24846767238721854,0.24697028246405126,0.24660094538210592,0.24531371261743118,0.24728678251071926,0.24708418831047296,0.24988976775670058,0.24987597422567567,0.2490157190610956,0.24603887499508784,0.24844591191176058,0.24787761572628675,0.24604170803337416,0.24806070836512892,0.24616145459012123,0.24796358321747924,0.24986899684882694,0.2494785608825588,0.245729354794447,0.2495504699965396,0.2430878733582519,0.24948688705951616,0.24484877308517466,0.24744281923743586,0.24509032655358134,0.24871192718890614,0.24985022981186994,0.24988794991411406,0.2497280734738963,0.24912037916997856,0.24990450174674309,0.24978674490066732,0.2499021023895765,0.24987951129241137,0.24990281944542378,0.24986802915730708,0.24988113947178134
0.24993874080956807,0.24974611970627142,0.24895341414077707,0.2499590329569533,0.24983564302998504,0.24996199351693543,0.24987164919361346,0.24994982216105793,0.24987240454236465,0.2499340405794647,0.24955583842591816,0.24689828575874034,0.24863015993238355,0.24547307648757521,0.24878800714740607,0.243705407758573,0.24859675860985497,0.24340897997106112,0.24898178511049915,0.24988059905813403,0.24999999999999978,0.24872370017525483,0.24681872237275668,0.24851997360502073,0.24702237995732262,0.24665292037260303,0.2453652438597085,0.24733911828916236,0.24713618112517374,0.24994238026762564,0.24992858326634956,0.24906816381646943,0.24609046374626872,0.24849826953509313,0.2479297943866937,0.2460936303868872,0.248112986707455,0.24621339914181006,0.2480158231945013,0.24992160389890544,0.24953108532945217,0.24578107132895324,0.24960302448656405,0.24313902065918697,0.24953942442651236,0.24490029810244404,0.24749496237715332,0.24514189015527152,0.2487643207552021,0.24990283480632483,0.24994056175967763,0.24978065165689425,0.2491728279841405,0.24995711707954604,0.24983933455847304,0.24995471721491486,0.24993212112221666,0.24995543442422466,0.24992063676926968,0.24993374988616876
0.24872919926514142,0.2485375103231655,0.24777855278476152,0.24874940665125872,0.24862764221978179,0.24875235057795209,0.2486623561497036,0.24874021546806682,0.24866306473960995,0.24872452230949202,0.24835180364686063,0.24570138209107822,0.24742240532255882,0.2443104249219217,0.24763836381684953,0.2424983628904413,0.24744623483892914,0.24222678275117487,0.2477774432784042,0.24867130758348174,0.24872370017525483,0.24999999999999958,0.24561496800729787,0.2473963291616225,0.24582031827251535,0.2454693841406266,0.24416429167637257,0.24613498371008663,0.24593430372191386,0.24873282350020304,0.24871912846511893,0.2478629633304554,0.24489771041070516,0.2472980955496634,0.24672690938582703,0.24490037787053884,0.24691370536874138,0.24501768750669123,0.24681633978371037,0.24871213080242507,0.2483233481297789,0.2445901141690172,0.24839448167285422,0.24195570643298625,0.24833130665915057,0.24371252697537057,0.24629559867176815,0.2439541864710752,0.2475599295180241,0.2486934983027306,0.24873101146546164,0.24857187516970106,0.24796677816096718,0.24874748660507404,0.24863016726510065,0.24874509825882243,0.24872260485336903,0.24874581209497942,0.24871116835492918,0.24872423249457676
0.24682417620115635,0.24663395540950883,0.24585306120781178,0.24684421052950012,0.24672243719245215,0.24684714125203763,0.24675781042272693,0.2468351175443958,0.24675849432771388,0.24681953374183893,0.24644643404540995,0.2438193646025927,0.24552898677590446,0.2424163258141171,0.24568529168095554,0.24067972332265106,0.24549703127874783,0.24042760486450865,0.2458975805986181,0.24676666065047317,0.24681872237275668,0.24561496800729787,0.24999999999999958,0.24540905381589462,0.24407806342238705,0.2436409250362911,0.24242473180021862,0.24430097788533717,0.24410566196208602,0.24682761789311086,0.24681430521680542,0.24596378938270172,0.24298963141829943,0.24539741809356644,0.24487516759557124,0.24301032536026723,0.2450176823397146,0.2431392400893811,0.24491519877780854,0.24680713868428936,0.24642120698775852,0.2427097978459867,0.24649138007056176,0.24010810797478707,0.24642889356457962,0.24184742128665773,0.24440896274328305,0.2420805423899274,0.24566473524560525,0.24678888977580474,0.24682597439539802,0.2466680566949078,0.24606721180923832,0.24684232345269957,0.2467256595749247,0.24683995310045823,0.2468176048805013,0.24684066178624642,0.24680625883300109,0.24681924747120956
0.2485253015009812,0.24833376969755927,0.24754460107785925,0.24854547716539896,0.24842272555372943,0.24854842266462793,0.24845845127866004,0.24853632085782335,0.24845941673591052,0.2485206258353443,0.24814445162831023,0.24550457312262786,0.2472250888993835,0.24406348886476725,0.24738456917969406,0.24241363736273022,0.24718953346895858,0.2420715627343097,0.24757743944829627,0.24846767238721854,0.24851997360502073,0.2473963291616225,0.24540905381589462,0.24999999999999964,0.24561004298374978,0.24525131280856535,0.24398101985942672,0.24593301815839225,0.24572973704677298,0.248528973097045,0.24851524841685982,0.2476654204317491,0.24468464339209323,0.24710439747365803,0.24652801233457428,0.2447096160793934,0.24672230070472775,0.24482747373749839,0.24662214230598326,0.2485082362419658,0.2481198213628011,0.24438704934422514,0.2481915916784737,0.2417545090419895,0.24812852201534885,0.24351116559020902,0.24609584999014744,0.2437533417116588,0.24735799435734587,0.24848963945828975,0.24852711210737158,0.2483681062425949,0.24776357550543154,0.2485435738407979,0.24842638649065854,0.24854118743161294,0.24851870879003932,0.24854190070808177,0.24850729085215828,0.2485203388019672
0.24702780263590693,0.2468374249148119,0.246055568141388,0.24704785631380635,0.2469259756989405,0.24705078581104917,0.24696148287768052,0.24703875352570898,0.24696214061933913,0.2470231573665833,0.2466496392773882,0.2440208038483006,0.24573222108143558,0.24261550602237666,0.2458883342367727,0.24086747336681946,0.24570059102024144,0.2406369300858254,0.24609369571859246,0.24697028246405126,0.24702237995732262,0.24582031827251535,0.24407806342238705,0.24561004298374978,0.24999999999999958,0.243744768827912,0.24268890477928376,0.2444782513193523,0.24433294968311287,0.24703172252125047,0.24701748204577986,0.2462207236541148,0.24328386691053222,0.24563523538486554,0.24502672575714884,0.2432447948586381,0.24520947756994643,0.24335122833295184,0.24511180504498156,0.2470108291653385,0.24662458846892282,0.2429318955566265,0.2466938442036291,0.24032509958753234,0.24663015374731503,0.24205177103756037,0.2446076807264014,0.24228247716760226,0.24586691084451895,0.24699252493121582,0.2470296023075496,0.24687155433904073,0.24627053680943922,0.24704596486552005,0.24692922211178472,0.2470435926758764,0.24702123679145313,0.24704430182394752,0.24700988017231382,0.24702286983982863
0.2466582846527979,0.2464681917093302,0.2456875733269182,0.24667831334963236,0.24655663398022137,0.24668123229293704,0.24659253048765511,0.24666921961202523,0.24659244410107856,0.24665365106660417,0.24628042869801534,0.24365917565153944,0.24536341370270393,0.24224787912016726,0.24551417347606086,0.2404282418876831,0.2453172433182614,0.24027207980614462,0.24573064118927865,0.24660094538210592,0.24665292037260303,0.2454693841406266,0.2436409250362911,0.24525131280856535,0.243744768827912,0.24999999999999933,0.24209805739178347,0.24407062712172853,0.2438887455923184,0.2466624295904056,0.24664815863851694,0.24585031894711498,0.24283616522028229,0.24530851916830232,0.2446779397328865,0.2429067505547767,0.24487332591711744,0.24300382743457194,0.24478315782441176,0.24664132341422546,0.24625562483339708,0.24254422239990486,0.24632713340554066,0.23991671243406154,0.2462646628796775,0.24167062755342883,0.2442476694735178,0.24191766187346203,0.24550077173575494,0.2466229893526308,0.2466600815104401,0.24650226999498956,0.24590214010317185,0.24667641970190138,0.24655998661686002,0.2466740510091521,0.24665172169362595,0.2466747591539081,0.2466403953741127,0.24665335923547135
0.24537076266339303,0.2451816619786892,0.24440552287922682,0.2453906776934496,0.2452696255184447,0.24539359287545598,0.24530502507156748,0.24538163932416565,0.24530562036247514,0.24536615033467848,0.24499532614804015,0.24238055283482926,0.24408330040367793,0.24098557956626776,0.24424104372787447,0.23925805111045842,0.24405186712164084,0.2389893356287346,0.24442897931792282,0.24531371261743118,0.2453652438597085,0.24416429167637257,0.24242473180021862,0.24398101985942672,0.24268890477928376,0.24209805739178347,0.24999999999999942,0.24277530361688868,0.24261796303133287,0.2453746230741124,0.24536091001755841,0.24457596035103707,0.24162711300799572,0.24411406722566784,0.24340482231701557,0.241673443428279,0.24354662733831034,0.24180307625374964,0.24352126660462853,0.2453540835504416,0.2449706406372708,0.24126891146058096,0.24503830634575394,0.23870885785289672,0.24497758496272842,0.24040982998286284,0.24296710405019015,0.2406541930277556,0.2442159377500208,0.2453355006257934,0.2453725503306493,0.24521556288176283,0.24461943864536756,0.245388803086952,0.24527331648955683,0.2453864471892279,0.24536427771900157,0.24538715118412383,0.24535299418695755,0.24536586295606017
0.24734432298601536,0.24715370133115108,0.24637187325662474,0.24736440561123396,0.2472424269077344,0.24736733533433686,0.24727796391921605,0.247355287522883,0.24727855892503178,0.24733967222447273,0.24696574650038616,0.24433447233011146,0.24604617224441444,0.24292529165748036,0.24620392940362842,0.24117887539317642,0.24601415256788034,0.24082060041129819,0.24641411999342794,0.24728678251071926,0.24733911828916236,0.24613498371008663,0.24430097788533717,0.24593301815839225,0.2444782513193523,0.24407062712172853,0.24277530361688868,0.24999999999999944,0.2445484211751179,0.24734846793134335,0.24733415662263813,0.24655492190957598,0.243525801670771,0.2460529916264164,0.24540490067984616,0.2436318683016056,0.245575472584049,0.2436990666196353,0.2454808188607751,0.24732737375240046,0.2469407957586206,0.2432137672718382,0.24701410301918791,0.24057759321577124,0.24695213209289688,0.24233805395446903,0.24493033943547318,0.24259368539545317,0.24618425334805077,0.24730884759322783,0.24734612480155285,0.24718787451727334,0.24658645280176758,0.24736250848243838,0.2472460194721709,0.24736013340081048,0.24733775966566213,0.24736084330822847,0.2473264097684046,0.2473393838694725
0.2471416735010458,0.2469512080227201,0.2461681871592084,0.24716173567566055,0.24703975790462349,0.2471646670613864,0.24707537631994195,0.24715262994413079,0.24707606904143542,0.24713702660300996,0.24676325023686219,0.2441328576272119,0.24584660908163314,0.24272641727432298,0.2460036812303938,0.24098761832165735,0.24581588159124737,0.24068300222719705,0.24619707344583555,0.24708418831047296,0.24713618112517374,0.24593430372191386,0.24410566196208602,0.24572973704677298,0.24433294968311287,0.2438887455923184,0.24261796303133287,0.2445484211751179,0.24999999999999925,0.24714517477552644,0.24713154060729295,0.24635740777244322,0.24330255737909898,0.24584396899923414,0.2451868714641501,0.2435216502977292,0.2453921504645566,0.24346678775355907,0.24522335632070608,0.24712476262932698,0.2467385489903212,0.24299022768473846,0.24680995095973166,0.2403734811875056,0.24675674067264203,0.24212201871660352,0.24472510232210645,0.2423937782893044,0.24597790057344227,0.24710602077573504,0.24714347423545002,0.24698535389200946,0.24638447323704854,0.2471598441350102,0.24704361489258803,0.2471574711765145,0.24713513743189608,0.24715818030501835,0.24712376438279776,0.24713673843112688
0.24994791134855285,0.24975528317776677,0.24896258253151726,0.24996820436085196,0.24984481213257062,0.2499711648969396,0.24988081797970244,0.2499589930901055,0.24988157250271886,0.2499432109503333,0.2495649977132879,0.2469073625024012,0.2486392416157508,0.2454822105339336,0.24879715330459123,0.24371428862613936,0.24860596122681178,0.24341740984138452,0.24899085849411534,0.24988976775670058,0.24994238026762564,0.24873282350020304,0.24682761789311086,0.248528973097045,0.24703172252125047,0.2466624295904056,0.2453746230741124,0.24734846793134335,0.24714517477552644,0.2499999999999995,0.24993775641493463,0.24907728398216883,0.24609974941682208,0.24850736238099033,0.2479390704137181,0.24610243823421432,0.24812233361503305,0.24622219537177317,0.24802499559117766,0.24993077506075823,0.24954023971195197,0.2457900763626216,0.24961214931370856,0.24314782469511564,0.24954855575698692,0.24490927753125766,0.2475039324716385,0.24515092466356433,0.24877338852970157,0.24991200294587573,0.24994973237148738,0.2497898164036176,0.2491819685228146,0.24996628829331485,0.2498485010522673,0.249963888342662,0.2499412917194215,0.2499646055759688,0.24992980642609985,0.2499429202420303
0.24993411460151052,0.24974149706350854,0.24894881264037247,0.24995440646893693,0.2498310195543762,0.2499573668589499,0.24986702529251154,0.24994519575057914,0.24986778123996337,0.24992941446330844,0.24955121870931513,0.24689372970358475,0.24862555874790213,0.2454686934969312,0.24878345412057545,0.2437010175712885,0.24859234133195451,0.2434042482641963,0.24897717049029144,0.24987597422567567,0.24992858326634956,0.24871912846511893,0.24681430521680542,0.24851524841685982,0.24701748204577986,0.24664815863851694,0.24536091001755841,0.24733415662263813,0.24713154060729295,0.24993775641493463,0.24999999999999942,0.24906375452225737,0.24608692588592826,0.2484937290761087,0.24792514733179877,0.246088980091334,0.24810816382678788,0.24620868503925314,0.24801111787494304,0.24991698044978553,0.24952647131891867,0.24577652089843363,0.24959838017183567,0.24313457213944714,0.24953478994659634,0.24489579576189313,0.24749029021141214,0.24513744448605176,0.24875965891318574,0.24989820700883997,0.2499359355229807,0.24977602838465734,0.2491682226429695,0.24995249053205024,0.2498347136811899,0.24995009071791746,0.24992749568601375,0.24995080790745133,0.24991601114700057,0.2499291237704896
0.24907365972682002,0.2488817053183783,0.24809183771037402,0.24909388068269553,0.2489709181939982,0.2490968322244361,0.24900682814119524,0.24908470258260013,0.24900753651264043,0.24906897616592705,0.24869211049089998,0.24604318208898962,0.24776947631134033,0.24462354251665183,0.24792662479161726,0.24285791074894836,0.24773567490576406,0.2425624304041667,0.24811848718909857,0.2490157190610956,0.24906816381646943,0.2478629633304554,0.24596378938270172,0.2476654204317491,0.2462207236541148,0.24585031894711498,0.24457596035103707,0.24655492190957598,0.24635740777244322,0.24907728398216883,0.24906375452225737,0.24999999999999953,0.2452319186505941,0.24767608944275704,0.2470699389024826,0.24526824711849476,0.2472915734835465,0.24540912403820797,0.24722767721799785,0.24905654074239844,0.24866741612878135,0.24492691882530354,0.24873926758873022,0.24232436464815726,0.24867597727382676,0.24405013032983078,0.24663926047166593,0.24429009605004862,0.24790487440041215,0.24903802756339127,0.24907547419128595,0.24891611741383685,0.24831038625792423,0.24909197237266043,0.2489745547559993,0.249089580670428,0.24906705176823404,0.24909029555565584,0.2490556145673593,0.24906868607786636
0.24609605306552454,0.245906393418905,0.2451286107279097,0.246116030536107,0.24599466301232345,0.2461189502272503,0.24603003871981133,0.24610696176530447,0.24603070535674507,0.24609142601513995,0.2457195251240145,0.2430987769639419,0.24480418829688813,0.24169659620618872,0.24496201822439015,0.23998198847006713,0.24477358906475458,0.2396822565442472,0.24514799941512233,0.24603887499508784,0.24609046374626872,0.24489771041070516,0.24298963141829943,0.24468464339209323,0.24328386691053222,0.24283616522028229,0.24162711300799572,0.243525801670771,0.24330255737909898,0.24609974941682208,0.24608692588592826,0.2452319186505941,0.24999999999999947,0.24466264918049782,0.2442058945607935,0.2424722354860564,0.24438174502854296,0.2425093868211536,0.24432606704455578,0.24607922967311152,0.24569463083696216,0.24197143601440071,0.24576646121678297,0.23936090348199468,0.24570730020643167,0.24110919513633103,0.243692936197055,0.24136896244587722,0.2449395417047759,0.24606059947199946,0.2460978460488787,0.24594039462290215,0.24534206492849037,0.246114146811758,0.2459984065227977,0.24611178387686128,0.24608954079819506,0.24611249002459978,0.2460782318465466,0.2460911388751676
