x1,x2,x3,x4,x5,x6,x7,x8,x9,x10,x11,x12,x13,x14,x15,x16,x17,x18,x19,x20,x21,x22,x23,x24,x25,x26,x27,x28,x29,x30,x31,x32,x33,x34,x35,x36,x37,x38,x39,x40,x41,x42,x43,x44,x45,x46,x47,x48,x49,x50,x51,x52,x53,x54,x55,x56,x57,x58,x59,x60
0.25000000000000006,0.24975611761881364,0.24945434711949466,0.2499780329054915,0.249653793886568,0.24996232239934513,0.2499396946063124,0.24996148527529038,0.24998536721378437,0.24998305168440052,0.2498834878079426,0.16048130376238665,0.12094053885071966,0.1596687387498574,0.13808288309898378,0.15624379440700228,0.1319335491399433,0.17706560156330625,0.07622400615938588,0.24992713112983905,0.24968076462298824,0.13839474732871454,0.17674110572384583,0.17315883854088787,0.17607520027768717,0.1608334926635466,0.18795409665213605,0.16071464189986936,0.170725708290468,0.24883432681961373,0.24959398725089663,0.1373163730305836,0.1817816583297322,0.17304072168269416,0.17533671884244914,0.17608416266349716,0.1583156475713934,0.19466616433317457,0.13054071556059324,0.2496580316928438,0.24955467203711273,0.1889435790173655,0.0845570085386674,0.19306614524277585,0.11002848393987973,0.1730180049607642,0.13126848625435417,0.16441538044376125,0.08038208957665849,0.24996539423724018,0.24996758583252585,0.24982206153319259,0.2495482406961624,0.24995493400054836,0.24988903532139028,0.24996543795382856,0.24997347366933234,0.24998098772905605,0.24998393276761027,0.24998425623614373
0.24975611761881364,0.25,0.24923095358200256,0.24976149482865218,0.24943068746292724,0.24973893718561826,0.24971633180792346,0.2497381015915536,0.24976196226937133,0.24975964874347437,0.24966017356056316,0.16033897526310295,0.1208324904734585,0.15952560436068638,0.13796054583339498,0.1561043793380303,0.13181568924290069,0.17690735898290139,0.0761559275197921,0.24970377807197794,0.24945763256391973,0.13827004269992427,0.17658341847448578,0.17300399487129467,0.1759178635828052,0.1606897654463973,0.18778612841915537,0.16057101032763393,0.1705731366124422,0.248611950386468,0.24937093191049425,0.13719366464481061,0.1816191623951025,0.1728860851237625,0.1751800219010084,0.1759268014309503,0.15817416486363123,0.19449219671546855,0.13042405413209163,0.2494349191391963,0.2493316518532298,0.18877472426859773,0.08448144278283119,0.1928936065055612,0.10993015474226635,0.1728633834071286,0.13115117523812947,0.1642684469105237,0.08031025430667381,0.24974200700130025,0.24974419663801783,0.2495988023897706,0.24932522625745016,0.24973155611263664,0.24966571632514653,0.24974205067882102,0.2497500792130241,0.2497575865576397,0.2497605289642935,0.249760852143752
0.24945434711949466,0.24923095358200256,0.25000000000000006,0.24945284132254392,0.24912882325224736,0.24943720176819176,0.24941486442539185,0.24943635993109198,0.24946042219191675,0.24945788681238246,0.24935856148171395,0.16037153809550514,0.12042390479673412,0.15917932664081416,0.1383055339085046,0.15576127313539676,0.131689121648782,0.17667938163301486,0.07607537309271262,0.24940207127377972,0.24915626184728032,0.1380252365390229,0.17638103452963103,0.1728344359517627,0.17569255240421536,0.16052953068154766,0.18755409854039298,0.16037921133789448,0.17036649070751642,0.2483115628003334,0.24906962626762627,0.13702796631819983,0.1813988876149466,0.17267714876295745,0.1749703646203112,0.1757140196048218,0.15798386213742724,0.19425710110849878,0.13026658211802394,0.24913353668296287,0.249030394234572,0.18854659689454636,0.08437936676076083,0.19266055175025654,0.1097973122207345,0.17265456365613885,0.1309926934936076,0.16406998748293408,0.08021320998427157,0.24944025355323632,0.2494424405423525,0.24929722196826157,0.2490239763529652,0.24942981529002178,0.24936405506729772,0.24944029717603386,0.24944831601056255,0.24945581428346067,0.24945875313492025,0.2494590759238937
0.2499780329054915,0.24976149482865218,0.24945284132254392,0.25000000000000006,0.2496523113356659,0.24996083789989998,0.24993821032783178,0.2499600008129482,0.2499838826130741,0.24998156709554836,0.2498820037956446,0.16048039565424993,0.12093981913735873,0.15966776924537382,0.13808210861283074,0.1562428735957186,0.1319327678919994,0.17706454975790328,0.07622355517414323,0.24992564686947275,0.2496792818593399,0.1383938833430831,0.17674006662705388,0.17315780691987215,0.17607415508981814,0.16083253818361748,0.18795298041318884,0.1607136872673561,0.17072469443382923,0.24883284904979106,0.2495925049688295,0.13731555784041502,0.18178057706794817,0.17303969423913493,0.17533567745636316,0.1760831169514076,0.15831470736961242,0.19466500826228042,0.1305399402815465,0.24965654903129,0.24955318998939127,0.1889424568838299,0.08455650639473755,0.1930649986357031,0.11002783051561427,0.17301697744353925,0.13126770668234414,0.16441440401875482,0.08038161220599774,0.24996390975030133,0.24996610133257158,0.2498205778974737,0.24954675868654383,0.24995344957573054,0.24988755128792278,0.24996395346663022,0.2499719891344116,0.2499795031495111,0.24998244817057547,0.24998277163718793
0.249653793886568,0.24943068746292724,0.24912882325224736,0.2496523113356659,0.24999999999999997,0.24963662369658018,0.2496139939763816,0.24963579509345754,0.24965964472470473,0.24965732267704363,0.24955805147284,0.16020014069598462,0.12088635520020981,0.15945832789721368,0.13775868935946842,0.15609118851107542,0.1317289987976544,0.17684216768208574,0.07611954985312046,0.24960147533545274,0.2493554259164032,0.1382175093272739,0.17650728374148542,0.17294633332698606,0.17584704302061288,0.16060547004399303,0.1877121746519108,0.1605030077815744,0.17050361477170695,0.24851009430635343,0.24926876615102406,0.1371374071331711,0.18154508207386663,0.17281528491213344,0.17510788205346015,0.17585483825917503,0.15810886707198818,0.1944125853267146,0.13037048406083296,0.24933272707165352,0.24922950203593017,0.18869738222381163,0.08444684256567625,0.1928145682125138,0.10988512916355896,0.17279254146888828,0.13109745282360943,0.16420113511835216,0.0802773569758093,0.24963968904890513,0.2496418777897337,0.24949654310872335,0.24922307905221827,0.2496292424431072,0.24956342962188027,0.2496397327097248,0.24964775795414523,0.249655262223578,0.2496582034247437,0.24965852647179734
0.24996232239934513,0.24973893718561826,0.24943720176819176,0.24996083789989998,0.24963662369658018,0.24999999999999994,0.24992250200952354,0.24994429143027636,0.24996817170371918,0.24996585635093263,0.24986629938008462,0.16047006388326684,0.1209322294657435,0.15965784531857485,0.13807317325234436,0.15623301845963736,0.1319244634754263,0.1770534234122251,0.0762187553377041,0.24990993965918656,0.24966358995241314,0.138385411101287,0.17672890235158104,0.17314694195849054,0.17606308670651452,0.1608224262862167,0.1879411682064898,0.16070358775109822,0.1707139645827865,0.24881721051582037,0.24957681869662374,0.1373069262857478,0.1817691617521935,0.17302881801581035,0.17532465857760965,0.1760720505005559,0.1583047576801344,0.19465277400896258,0.13053173631532736,0.24964085872945566,0.24953750618339934,0.1889305825361777,0.08455119211412707,0.19305286514416753,0.11002091548507169,0.17300610376734318,0.1312594568220665,0.16440407097609383,0.08037656041857244,0.24994820013176147,0.24995039157629612,0.24980487728698905,0.24953107528524127,0.24993774061458693,0.2498718464683616,0.24994824384534284,0.24995627900810258,0.24996379255096438,0.24996673738694136,0.24996706083322473
0.2499396946063124,0.24971633180792346,0.24941486442539185,0.24993821032783178,0.2496139939763816,0.24992250200952354,0.24999999999999992,0.2499216654098194,0.24994554353866372,0.24994322821061188,0.24984368477650878,0.16045348802973788,0.12092351039828753,0.15964268507280116,0.13805295760874686,0.1562203845892584,0.13191119428086792,0.1770376867513603,0.0762116670926689,0.24988731657516433,0.24964098951453054,0.13837239173662041,0.17671292182242004,0.17313163252812133,0.17604721356779585,0.1608071905267978,0.1879242644045836,0.16068895282990764,0.17069852516961512,0.24879468634190452,0.24955422579451972,0.13729449967112783,0.18175269278844625,0.17301315906108544,0.17530877029817254,0.17605611602979554,0.15829040892761456,0.1946351558296617,0.13051991443252986,0.24961826003998974,0.24951491684776053,0.1889134789459203,0.08454353885884798,0.1930353881694391,0.110010956466336,0.17299044158857557,0.1312475749607321,0.16438918788656195,0.08036928454530472,0.2499255736170995,0.24992776486329843,0.24978226374664553,0.24950848652964724,0.2499151150468153,0.24984922686524075,0.24992561732676813,0.24993365176212545,0.24994116462484597,0.2499441091942422,0.24994443261124571
0.24996148527529038,0.2497381015915536,0.24943635993109198,0.2499600008129482,0.24963579509345754,0.24994429143027636,0.2499216654098194,0.2499999999999998,0.24996733461260154,0.249965019227059,0.24986546254660005,0.16046972288350797,0.120931704766947,0.15965708551126107,0.13807283451490307,0.15623250399562041,0.13192400528778755,0.17705283381684947,0.07621850397279693,0.24990910270670233,0.249662753983627,0.13838473321794942,0.1767283558478811,0.17314637148339046,0.17606249583247355,0.16082188574766418,0.18794053952163187,0.160703047291696,0.1707133932191323,0.2488163772256906,0.24957598286004637,0.13730646772400712,0.1817685457339401,0.17302823943202633,0.17532407132964203,0.17607146090601752,0.15830422736701838,0.19465212217298175,0.1305312989568365,0.2496400226821586,0.24953667048220896,0.1889299496207071,0.08455090904788713,0.19305221846930093,0.11002054707001495,0.1730055243532536,0.13125901724221115,0.16440352038328604,0.08037629123946342,0.24994736305500076,0.2499495544921967,0.24980404069021725,0.24953023960516926,0.2499369035728556,0.24987100964727835,0.24994740676843624,0.24995544190428579,0.24996295542198516,0.2499659002480999,0.2499662236933
0.24998536721378437,0.24976196226937133,0.24946042219191675,0.2499838826130741,0.24965964472470473,0.24996817170371918,0.24994554353866372,0.24996733461260154,0.24999999999999978,0.24998890150715514,0.24988933528698776,0.16048513097050834,0.1209434525842624,0.159672566546484,0.1380864131448855,0.1562473706930561,0.13193669815805387,0.17706972987691671,0.07622580055802318,0.2499329796442967,0.24968660734976217,0.13839801152796202,0.17674523814803406,0.17316290090933864,0.17607931310444283,0.1608372889490511,0.1879584898397706,0.16071840649733032,0.17072970285167444,0.24884014976072116,0.24959982796723457,0.13731958613283166,0.18178591349947934,0.17304477068873292,0.1753408233054865,0.176088282955359,0.1583193531552906,0.19467071955619222,0.13054377060816913,0.2496638739071024,0.2495605118327686,0.188948000519661,0.08455898719924067,0.19307066321173447,0.11003105866882493,0.17302205377701071,0.13127155803138904,0.16441922792713842,0.08038397057758404,0.24997124364422577,0.24997343529079444,0.24982790758606654,0.24955408034147344,0.24996078316275325,0.2498948829415318,0.24997128736183502,0.2499793232653825,0.2499868375009407,0.24998978260841143,0.24999010608451433
0.24998305168440052,0.24975964874347437,0.24945788681238246,0.24998156709554836,0.24965732267704363,0.24996585635093263,0.24994322821061188,0.249965019227059,0.24998890150715514,0.24999999999999978,0.24988702065658644,0.16048357571230387,0.12094223774618872,0.15967098711074007,0.13808483830344848,0.15624600348233839,0.1319354127631344,0.17706810521352082,0.076225083635866,0.2499306645971759,0.24968429460926023,0.13839670072375765,0.17674360494890687,0.17316128704631037,0.17607768964182074,0.1608357660212734,0.18795675402777443,0.16071691398343352,0.17072812201813467,0.24883784483693835,0.24959751600832764,0.13731831441988251,0.18178422827424068,0.17304316814276763,0.1753391977389178,0.17608665214395797,0.15831788582129383,0.19466891652473065,0.13054256113498638,0.24966156135578255,0.24955820023875064,0.18894625029631712,0.08455820400690074,0.19306887480808235,0.11003003952251122,0.1730204510869282,0.13127034212738162,0.16441770494651006,0.0803832260180808,0.24996892824566175,0.24997111987193207,0.2498255935151778,0.24955176880686644,0.24995846786108317,0.24989256825024958,0.24996897196286816,0.24997700779198076,0.2499845219579382,0.24998746703812935,0.24998779051123604
0.2498834878079426,0.24966017356056316,0.24935856148171395,0.2498820037956446,0.24955805147284,0.24986629938008462,0.24984368477650878,0.24986546254660005,0.24988933528698776,0.24988702065658644,0.24999999999999972,0.16038640411256286,0.1209111123167471,0.15960344850749258,0.13803655543838836,0.15618025667313765,0.13188430865409947,0.1769973371375869,0.07619430300786645,0.24983112195215887,0.24958483766212317,0.13835571268298413,0.17666898713300036,0.17309610635161804,0.1760065390371851,0.16077354945285896,0.18788159683290678,0.16065313862923264,0.17066008948489322,0.24873873723991652,0.24949810604933642,0.13726349934028254,0.1817125805651382,0.17297414670646769,0.17526954324858737,0.17601649831647578,0.15825488781146524,0.19459137128637954,0.13049059909792324,0.24956212549745407,0.2494588055521606,0.1888710189226216,0.08452451341789442,0.19299199487290805,0.10998621040216336,0.17295154452441197,0.13121805757742958,0.16435222154254556,0.08035121011683981,0.24986936999446283,0.24987156074770667,0.24972609235155546,0.24945237673378856,0.24985891377593258,0.24979304041613057,0.24986941369411736,0.24987744632279094,0.24988495749589634,0.2498879014031136,0.24988822474738656
0.16048130376238665,0.16033897526310295,0.16037153809550514,0.16048039565424993,0.16020014069598462,0.16047006388326684,0.16045348802973788,0.16046972288350797,0.16048513097050834,0.16048357571230387,0.16038640411256286,0.24999999999999986,0.03168159700928124,0.11854425473836101,0.08006501353551917,0.10131840475264091,0.08487765651712219,0.11333420982430657,0.05090082477662494,0.16044687300676383,0.16032247491930574,0.0498136101485438,0.12551292845891004,0.10201230267946547,0.11536191955630783,0.09983451144698301,0.12120431069535353,0.10252954114237507,0.1096589644018339,0.15974548061817048,0.1602327659898342,0.08847193475202296,0.11458727283238489,0.11136434532245885,0.11214146805800244,0.11309444077677952,0.10151014014245896,0.1250038186056458,0.08370543676837133,0.16027499987172156,0.16020863011011435,0.12122568778418603,0.05432216325289236,0.1239004607215013,0.0706522150139988,0.11106322858337106,0.08427606417977211,0.10554822362977907,0.05160509760931211,0.16047223663746055,0.16047364391173177,0.16038022053742626,0.16020433936986822,0.16046552171580689,0.1604232044755926,0.16047226502128265,0.16047742354604647,0.16048224763203148,0.16048413828143981,0.16048434594106128
0.12094053885071966,0.1208324904734585,0.12042390479673412,0.12093981913735873,0.12088635520020981,0.1209322294657435,0.12092351039828753,0.120931704766947,0.1209434525842624,0.12094223774618872,0.1209111123167471,0.03168159700928124,0.24999999999999967,0.030945628839399088,0.08587398731120245,0.07013907132702224,0.0661842646542567,0.08524180811705272,0.03645331091565586,0.1209160725816852,0.1207765391781518,0.08689357910043814,0.07813061233454505,0.09849883182540638,0.0818004916205568,0.08209484447140433,0.09029703234132619,0.07801049199626378,0.08258043195942255,0.12038682259340125,0.12075467732053473,0.06622938839396171,0.08931788322600841,0.08352927020702998,0.08536568122118965,0.08513967339941776,0.076718626563016,0.09415439115257135,0.06321667479693742,0.12078494991208913,0.1207349536596451,0.09145715928786387,0.04088344974828666,0.09343513636417922,0.05322015697288776,0.0837166424259228,0.06350385286099029,0.07954722710427559,0.03888753769408995,0.12093370630639648,0.12093476630013193,0.12086436138520908,0.12073194656148073,0.12092864532151618,0.1208967720937747,0.12093372715254921,0.12093761504392872,0.12094125016163725,0.12094267497657121,0.12094283147122781
0.1596687387498574,0.15952560436068638,0.15917932664081416,0.15966776924537382,0.15945832789721368,0.15965784531857485,0.15964268507280116,0.15965708551126107,0.159672566546484,0.15967098711074007,0.15960344850749258,0.11854425473836101,0.030945628839399088,0.2499999999999999,0.04800143603760759,0.10928464350997458,0.07912321250595666,0.11351131081510937,0.04891366528690905,0.15963405418004184,0.15949544931208312,0.07593425132793946,0.12087163023798146,0.08423124348108865,0.1184264236552605,0.09641991637582749,0.12091893784178942,0.10268973260508832,0.10900347116841443,0.15893702992937733,0.1594217397029439,0.0879314871809049,0.11451747055643495,0.1107515897902622,0.11109748178143715,0.1125411316448633,0.10095006889786907,0.1243703222578364,0.08331901563845454,0.15946345834905815,0.15939743345923774,0.12062832650038642,0.0540400425037021,0.12328215171327635,0.07029269382227515,0.11049683803250795,0.0838502151034358,0.10501303056797515,0.051344133227384965,0.15965971745895613,0.15966111768332286,0.1595681673399883,0.15939319880953245,0.15965303661252322,0.15961093444930824,0.15965974577461223,0.1596648781462431,0.15966967784040653,0.15967155891688942,0.15967176552506793
0.13808288309898378,0.13796054583339498,0.1383055339085046,0.13808210861283074,0.13775868935946842,0.13807317325234436,0.13805295760874686,0.13807283451490307,0.1380864131448855,0.13808483830344848,0.13803655543838836,0.08006501353551917,0.08587398731120245,0.04800143603760759,0.24999999999999956,0.04458472720958816,0.09032006613437472,0.0931825141232925,0.04467555875107835,0.13805481402075725,0.13790722167062275,0.08370052344928952,0.09353578378992869,0.10746435058194202,0.09283030982826075,0.10242984794674052,0.10171119701077765,0.09028011223177215,0.09406741268652868,0.13745122144922625,0.13787041520447388,0.07569602525814817,0.10146891097013006,0.09539703359744547,0.09762974586396533,0.09715838393737444,0.08782098337720062,0.10746843169167426,0.0722403568207367,0.13790521331482308,0.13784816029557687,0.10441045541025638,0.046678053162633654,0.10667739577360673,0.06075992922649639,0.09559212822821668,0.07250078458220567,0.09082811380102265,0.04439702680538931,0.13807508266220828,0.13807629233606156,0.1379959080934644,0.1378447136772921,0.13806930375825094,0.13803291503617354,0.13807510589770935,0.1380795451079257,0.138083695232477,0.1380853220034161,0.1380855006799258
0.15624379440700228,0.1561043793380303,0.15576127313539676,0.1562428735957186,0.15609118851107542,0.15623301845963736,0.1562203845892584,0.15623250399562041,0.1562473706930561,0.15624600348233839,0.15618025667313765,0.10131840475264091,0.07013907132702224,0.10928464350997458,0.04458472720958816,0.2499999999999995,0.038505865852928436,0.12195248467082896,0.04098993145498913,0.15620973549951866,0.15606610612594934,0.0834935035165929,0.1130853307596674,0.10062168434395748,0.11741980117881126,0.06855053000204997,0.12272331740138345,0.09691742740520937,0.10728375537942882,0.15552600203855366,0.15600229397530083,0.08598463892126192,0.11244977197059358,0.1084257340678594,0.10821324130558205,0.11028898421213042,0.09805913002228382,0.12180795811074419,0.08131248517525348,0.15604302863883726,0.15597833132637753,0.11803444362955139,0.052899021851509555,0.12061978590911357,0.068803488228173,0.10809604899015886,0.08206566373538403,0.10274275050863597,0.05025068545177699,0.15623496485519645,0.15623633681447674,0.15614538028316685,0.1559741508703218,0.1562284290847447,0.15618721797212065,0.15623499433363774,0.15624001582235134,0.15624471335376588,0.15624655408057034,0.15624675625693885
0.1319335491399433,0.13181568924290069,0.131689121648782,0.1319327678919994,0.1317289987976544,0.1319244634754263,0.13191119428086792,0.13192400528778755,0.13193669815805387,0.1319354127631344,0.13188430865409947,0.08487765651712219,0.0661842646542567,0.07912321250595666,0.09032006613437472,0.038505865852928436,0.2499999999999995,0.05927439996460183,0.05832955082156907,0.1319067595961947,0.13177128678213507,0.07475641535570163,0.09192733821084233,0.09573013677483175,0.08946532378535069,0.09947741271440709,0.09596394825249213,0.09409446221126286,0.08873029478429409,0.1313340087677123,0.1317305341345511,0.07244423434860148,0.09680572832403782,0.09112811328484369,0.09333117628183915,0.09276202464202085,0.08418166640374955,0.1026032506599707,0.06943929191946727,0.13176358863072204,0.13170921781780395,0.09981126465316265,0.044568346074101726,0.10193917052941728,0.05804180834581406,0.09134987303767637,0.06926388374842174,0.0867945037904689,0.042414864348714026,0.1319260972112266,0.13192725188785576,0.13185044745025004,0.1317060360671123,0.13192057453701891,0.13188581363855048,0.131926118285987,0.1319303603053464,0.13193432510617265,0.13193587943107393,0.13193605015046764
0.17706560156330625,0.17690735898290139,0.17667938163301486,0.17706454975790328,0.17684216768208574,0.1770534234122251,0.1770376867513603,0.17705283381684947,0.17706972987691671,0.17706810521352082,0.1769973371375869,0.11333420982430657,0.08524180811705272,0.11351131081510937,0.0931825141232925,0.12195248467082896,0.05927439996460183,0.24999999999999975,0.003857740563774311,0.1770272440062723,0.1768569923686902,0.09681786129612543,0.12578798421414494,0.11996288604041197,0.1267837228253987,0.10533983875144087,0.13803087975104406,0.08831808857546496,0.12519319166721768,0.1762407903602195,0.17679182704817786,0.09715113071895676,0.12759706029386925,0.12287444951345207,0.12330010538394873,0.1250238452625791,0.11107861876179488,0.1381798868267018,0.09099679073607556,0.17683861825301808,0.1767649212295911,0.13362786390442913,0.060022500431083405,0.13667553528349083,0.0779907822016667,0.1224882946401833,0.09301285026653892,0.1164167787537292,0.056954931076161515,0.1770555935919592,0.1770571501355598,0.17695407229192495,0.17675989440424977,0.17704818858348761,0.17700147631390536,0.17705562874901495,0.17706131867468416,0.17706664297338062,0.17706872900438228,0.1770689581237559
0.07622400615938588,0.0761559275197921,0.07607537309271262,0.07622355517414323,0.07611954985312046,0.0762187553377041,0.0762116670926689,0.07621850397279693,0.07622580055802318,0.076225083635866,0.07619430300786645,0.05090082477662494,0.03645331091565586,0.04891366528690905,0.04467555875107835,0.04098993145498913,0.05832955082156907,0.003857740563774311,0.2499999999999993,0.076208541598168,0.07613179615804745,0.041823398068990374,0.05377771382228381,0.05392686142209175,0.05242481011050116,0.054526477515375336,0.05474178435834,0.06258245769267944,0.05005926677085779,0.0758812536944517,0.07610676526361887,0.041921473400681336,0.0559131526698991,0.05262629347366775,0.053919890231506847,0.053545848470335666,0.04881114816609121,0.059216879977869986,0.0404985585568164,0.07612563755566,0.07609435160672576,0.05770615309563324,0.025724894085867842,0.05890648839259062,0.033523510908192715,0.05278830759481898,0.040010590597413694,0.05015440935125286,0.024501071321098713,0.07621970174632224,0.07622036795084455,0.0761759945386505,0.07609260153637586,0.07621651014190686,0.07619643295228928,0.07621971301757688,0.07622216421778952,0.07622445447033507,0.07622535247445625,0.07622545110680716
0.24992713112983905,0.24970377807197794,0.24940207127377972,0.24992564686947275,0.24960147533545274,0.24990993965918656,0.24988731657516433,0.24990910270670233,0.2499329796442967,0.2499306645971759,0.24983112195215887,0.16044687300676383,0.1209160725816852,0.15963405418004184,0.13805481402075725,0.15620973549951866,0.1319067595961947,0.1770272440062723,0.076208541598168,0.2499999999999995,0.24962843661267714,0.1383690847388338,0.17670271583720537,0.17312677108802335,0.17603686377463376,0.16080431867779751,0.18791332440599146,0.16068569543231795,0.17068894885274258,0.24878218291308019,0.24954168185701892,0.13728753797304746,0.18174392143843954,0.17300437567658267,0.17530029952878773,0.17604718718093687,0.15828274551057206,0.19462530820714877,0.1305136345992208,0.2496057125905376,0.24950237469537687,0.18890400236275934,0.08453927141524345,0.1930257035136747,0.11000541407760153,0.1729817628819241,0.13124096967656637,0.16438093531075856,0.08036524015121414,0.24991301085147213,0.24991520198648567,0.24976970818359784,0.24949594475482226,0.2499025528058587,0.2498366679441537,0.24991305455790347,0.24992108858986403,0.24992860107448017,0.2499315454958646,0.24993186889661115
0.24968076462298824,0.24945763256391973,0.24915626184728032,0.2496792818593399,0.2493554259164032,0.24966358995241314,0.24964098951453054,0.249662753983627,0.24968660734976217,0.24968429460926023,0.24958483766212317,0.16032247491930574,0.1207765391781518,0.15949544931208312,0.13790722167062275,0.15606610612594934,0.13177128678213507,0.1768569923686902,0.07613179615804745,0.24962843661267714,0.24999999999999936,0.1381055358038759,0.17656952982442423,0.17292341487844512,0.1758748692247695,0.1606203756386857,0.18773341931455875,0.1605187966541113,0.17052234444884884,0.24853694106675545,0.24929569181215291,0.13715348525809815,0.18155766495096512,0.1728348496063036,0.17512542423177038,0.17587394650885865,0.15812577198793215,0.194433637072259,0.13038440439420423,0.24935966326581566,0.2492564270759912,0.188717592275854,0.08445605367222504,0.1928352593058938,0.10989704607080941,0.17281118201031295,0.13111162570879972,0.16421886965465782,0.08028603188053732,0.24966665826104406,0.2496688472388278,0.24952349685693348,0.24925000301366515,0.24965621052717116,0.24959039056261773,0.2496667019270806,0.24967472803805044,0.2496822331186269,0.2496851746375381,0.24968549771949133
0.13839474732871454,0.13827004269992427,0.1380252365390229,0.1383938833430831,0.1382175093272739,0.138385411101287,0.13837239173662041,0.13838473321794942,0.13839801152796202,0.13839670072375765,0.13835571268298413,0.0498136101485438,0.08689357910043814,0.07593425132793946,0.08370052344928952,0.0834935035165929,0.07475641535570163,0.09681786129612543,0.041823398068990374,0.1383690847388338,0.1381055358038759,0.24999999999999942,0.0653085404065493,0.10498661236355741,0.09550145147458212,0.08975003265253759,0.10389078795504197,0.08872603605649532,0.09452000069687017,0.1377606165431717,0.13818407949539158,0.07503401754406283,0.10623973966113813,0.0951319383269772,0.09743461378426971,0.09745025851837755,0.08766944055281364,0.10775319479049127,0.07233627731949574,0.1382166820697519,0.13815943461427874,0.10474502197739201,0.04674600311082841,0.10699233780227015,0.060882634484130525,0.09579719191317233,0.07266927226493448,0.09102391440403665,0.04450139124219504,0.1383869283551414,0.13838814168034777,0.13830757589050982,0.13815617657650844,0.13838113731904672,0.13834467725342284,0.1383869525622831,0.13839140148247206,0.13839556129643485,0.13839719174148374,0.1383973708215396
0.17674110572384583,0.17658341847448578,0.17638103452963103,0.17674006662705388,0.17650728374148542,0.17672890235158104,0.17671292182242004,0.1767283558478811,0.17674523814803406,0.17674360494890687,0.17666898713300036,0.12551292845891004,0.07813061233454505,0.12087163023798146,0.09353578378992869,0.1130853307596674,0.09192733821084233,0.12578798421414494,0.05377771382228381,0.17670271583720537,0.17656952982442423,0.0653085404065493,0.2499999999999996,0.10005592952325057,0.13009981074654373,0.11024502048978355,0.13387796262755466,0.11173849753130999,0.12103159934409001,0.17592990497327626,0.17645784720150734,0.10121795150883188,0.10922302726425513,0.1252052491747185,0.12272654154198201,0.12467097776827209,0.11170197477006599,0.1377586629077539,0.0918228686371719,0.17651428178257073,0.17644125395085544,0.1329401733838718,0.0600982240029686,0.13605261663296467,0.07793301966311067,0.12228232230869544,0.09283022474950771,0.11624355849101967,0.056834419571449066,0.17673111988608692,0.17673266978444094,0.1766297808275289,0.17643530415547665,0.17672372465234668,0.17667703236819868,0.17673115118660623,0.17673683176344832,0.17674214522540022,0.17674422743347767,0.17674445613296016
0.17315883854088787,0.17300399487129467,0.1728344359517627,0.17315780691987215,0.17294633332698606,0.17314694195849054,0.17313163252812133,0.17314637148339046,0.17316290090933864,0.17316128704631037,0.17309610635161804,0.10201230267946547,0.09849883182540638,0.08423124348108865,0.10746435058194202,0.10062168434395748,0.09573013677483175,0.11996288604041197,0.05392686142209175,0.17312677108802335,0.17292341487844512,0.10498661236355741,0.10005592952325057,0.24999999999999917,0.09939520784323917,0.11444467558174641,0.12989385823224373,0.11036689495485501,0.11846387532087076,0.17236515957833468,0.172893805892295,0.09441050000882724,0.1303040834826269,0.11925712277397117,0.12472133675258999,0.12183329680164089,0.1097315949941147,0.13482114109990248,0.0904777777258119,0.17293606009988033,0.1728644448077125,0.13100234614787082,0.05851098312138517,0.1338203303491593,0.07618493972135623,0.11988285264163381,0.09091877593206212,0.11389151665432365,0.05567850585060228,0.173149055787318,0.17315057358559302,0.1730497700575914,0.17286025143918635,0.1731418097625844,0.17309618733357782,0.17314908576684765,0.17315465241448824,0.17315985697336336,0.1731618969783232,0.17316212104242304
0.17607520027768717,0.1759178635828052,0.17569255240421536,0.17607415508981814,0.17584704302061288,0.17606308670651452,0.17604721356779585,0.17606249583247355,0.17607931310444283,0.17607768964182074,0.1760065390371851,0.11536191955630783,0.0818004916205568,0.1184264236552605,0.09283030982826075,0.11741980117881126,0.08946532378535069,0.1267837228253987,0.05242481011050116,0.17603686377463376,0.1758748692247695,0.09550145147458212,0.13009981074654373,0.09939520784323917,0.2499999999999996,0.08710154952971584,0.13664445563802627,0.11181897637705054,0.12054915459093014,0.17526743343048468,0.1758008072999589,0.09818670133443233,0.1209837686986008,0.12466689032512698,0.10293362441115055,0.12577996499827543,0.110582316688822,0.13734582707550397,0.09141084097592321,0.17584929987697828,0.1757764242052264,0.1326742626042318,0.05983606506797984,0.13565237488679965,0.07768750301804012,0.12153883871658183,0.09255741415933835,0.11575953441716584,0.05664218268348793,0.17606524720558586,0.1760667961212897,0.17596429481430864,0.1757708862524292,0.17605788468862738,0.17601131561125113,0.1760652832456216,0.17607093937093624,0.17607623586272322,0.176078310225689,0.17607853806350307
0.1608334926635466,0.1606897654463973,0.16052953068154766,0.16083253818361748,0.16060547004399303,0.1608224262862167,0.1608071905267978,0.16082188574766418,0.1608372889490511,0.1608357660212734,0.16077354945285896,0.09983451144698301,0.08209484447140433,0.09641991637582749,0.10242984794674052,0.06855053000204997,0.09947741271440709,0.10533983875144087,0.054526477515375336,0.16080431867779751,0.1606203756386857,0.08975003265253759,0.11024502048978355,0.11444467558174641,0.08710154952971584,0.24999999999999944,0.09896322641211396,0.10694386946420252,0.10924287747583439,0.1600994708137687,0.16058660340089,0.08789078219829898,0.11926093956832569,0.1105201945951899,0.1180379904037618,0.11235240466292323,0.10567097645540534,0.12474565558257236,0.08452271784351961,0.16062627036602914,0.16056000797873385,0.1216603543179779,0.05428675277208102,0.12437397590602726,0.07067744577938626,0.11149384519043455,0.08438131865653752,0.10586626034552425,0.051678396759080876,0.1608244144521134,0.1608258160041202,0.16073218762137229,0.16055617602913108,0.16081767598731023,0.1607753566328034,0.160824434087406,0.16082960818419384,0.16083443860458776,0.16083633340317563,0.16083654151852259
0.18795409665213605,0.18778612841915537,0.18755409854039298,0.18795298041318884,0.1877121746519108,0.1879411682064898,0.1879242644045836,0.18794053952163187,0.1879584898397706,0.18795675402777443,0.18788159683290678,0.12120431069535353,0.09029703234132619,0.12091893784178942,0.10171119701077765,0.12272331740138345,0.09596394825249213,0.13803087975104406,0.05474178435834,0.18791332440599146,0.18773341931455875,0.10389078795504197,0.13387796262755466,0.12989385823224373,0.13664445563802627,0.09896322641211396,0.24999999999999953,0.09882922163647027,0.1325440498428934,0.1870715537502577,0.18766242832078536,0.10280965069191908,0.1328328316989497,0.1320478552389604,0.12585766020212877,0.13703074984887265,0.09828840575551374,0.14947276068987625,0.09500650753001097,0.18771470541260837,0.18763491651936187,0.14214232812522776,0.06391108064140498,0.14473570025523502,0.08321545918385355,0.1292691000731086,0.09909530517241953,0.12310485415962165,0.06067401919060409,0.18794342552546986,0.18794512550551448,0.18783570893673526,0.18762981853418653,0.18793561285685859,0.1878857595922866,0.18794351056204597,0.1879495295887559,0.1879552021028165,0.18795741641247932,0.1879576596213495
0.16071464189986936,0.16057101032763393,0.16037921133789448,0.1607136872673561,0.1605030077815744,0.16070358775109822,0.16068895282990764,0.160703047291696,0.16071840649733032,0.16071691398343352,0.16065313862923264,0.10252954114237507,0.07801049199626378,0.10268973260508832,0.09028011223177215,0.09691742740520937,0.09409446221126286,0.08831808857546496,0.06258245769267944,0.16068569543231795,0.1605187966541113,0.08872603605649532,0.11173849753130999,0.11036689495485501,0.11181897637705054,0.10694386946420252,0.09882922163647027,0.24999999999999942,0.08175892435972111,0.1600550715247718,0.1604678745601273,0.08842068743272667,0.11767899438404303,0.11055307452749195,0.11500035155952314,0.11186933718188585,0.1072793602778975,0.12367271105077193,0.09211193075535502,0.16050440548281786,0.1604409421792298,0.12187821336428857,0.05402948723578352,0.12438972573078064,0.07050908586785126,0.11155036051509284,0.08422940887249196,0.10595729018234944,0.051574131410520634,0.16070558626014253,0.16070697091537514,0.1606134117283637,0.160437777269016,0.1606988369119637,0.16065660108783844,0.16070559002060963,0.1607107664225549,0.16071558714189083,0.16071748054028367,0.1607176885018401
0.170725708290468,0.1705731366124422,0.17036649070751642,0.17072469443382923,0.17050361477170695,0.1707139645827865,0.17069852516961512,0.1707133932191323,0.17072970285167444,0.17072812201813467,0.17066008948489322,0.1096589644018339,0.08258043195942255,0.10900347116841443,0.09406741268652868,0.10728375537942882,0.08873029478429409,0.12519319166721768,0.05005926677085779,0.17068894885274258,0.17052234444884884,0.09452000069687017,0.12103159934409001,0.11846387532087076,0.12054915459093014,0.10924287747583439,0.1325440498428934,0.08175892435972111,0.24999999999999922,0.16958978331105537,0.17045726788096677,0.09263297548379731,0.12215801348324354,0.11987780052956666,0.11511317101468303,0.12323973375038029,0.10020108102954842,0.13785232230540215,0.0539576064415914,0.17052140697364018,0.1704371397540412,0.12810315540331155,0.058665853849601754,0.1312490217694738,0.0757625507814848,0.1173359763182711,0.09012475163857615,0.11151704843496933,0.055215833668813774,0.1707159897864311,0.17071755945923558,0.17061817231301582,0.1704304413840781,0.17070891877922645,0.1706636342093049,0.17071609254290165,0.17072155047400014,0.17072671241250503,0.17072872375246678,0.1707289446681444
0.24883432681961373,0.248611950386468,0.2483115628003334,0.24883284904979106,0.24851009430635343,0.24881721051582037,0.24879468634190452,0.2488163772256906,0.24884014976072116,0.24883784483693835,0.24873873723991652,0.15974548061817048,0.12038682259340125,0.15893702992937733,0.13745122144922625,0.15552600203855366,0.1313340087677123,0.1762407903602195,0.0758812536944517,0.24878218291308019,0.24853694106675545,0.1377606165431717,0.17592990497327626,0.17236515957833468,0.17526743343048468,0.1600994708137687,0.1870715537502577,0.1600550715247718,0.16958978331105537,0.24999999999999942,0.24845056750162695,0.13669123767377137,0.18093618337131012,0.1722470054978323,0.17454087913647207,0.175270240755643,0.1576199408349838,0.19376095804914314,0.13003679778017307,0.248514274671334,0.24841142261600513,0.18808183596215644,0.08416695122621123,0.19218332608148955,0.10952275964699952,0.17222768024802004,0.13066580661119923,0.1636645397263812,0.08001291363753217,0.24882026850428815,0.24882244983637025,0.2486775922040418,0.2484050285949826,0.24880985596416647,0.24874426000350316,0.24882031179741076,0.24882831078758974,0.24883579033693382,0.24883872188386014,0.24883904387053965
0.24959398725089663,0.24937093191049425,0.24906962626762627,0.2495925049688295,0.24926876615102406,0.24957681869662374,0.24955422579451972,0.24957598286004637,0.24959982796723457,0.24959751600832764,0.24949810604933642,0.1602327659898342,0.12075467732053473,0.1594217397029439,0.13787041520447388,0.15600229397530083,0.1317305341345511,0.17679182704817786,0.07610676526361887,0.24954168185701892,0.24929569181215291,0.13818407949539158,0.17645784720150734,0.172893805892295,0.1758008072999589,0.16058660340089,0.18766242832078536,0.1604678745601273,0.17045726788096677,0.24845056750162695,0.24999999999999925,0.13705242682167734,0.18155776674346455,0.17276591496859836,0.17506526373883677,0.1758140781789692,0.15806870010872429,0.1943662516305056,0.1303457199008377,0.24927299682434678,0.24916980714112247,0.18864617556855268,0.08443045297144705,0.19277038505355593,0.10985847413622386,0.1727512583973618,0.13106593032878325,0.1641621282405727,0.0802580067485217,0.2495798858234749,0.24958207400867666,0.24943677414367263,0.24916336900180633,0.2495694416889626,0.24950364472658035,0.24957992944252774,0.24958795277346804,0.24959545523615462,0.24959839573273124,0.2495987187023963
0.1373163730305836,0.13719366464481061,0.13702796631819983,0.13731555784041502,0.1371374071331711,0.1373069262857478,0.13729449967112783,0.13730646772400712,0.13731958613283166,0.13731831441988251,0.13726349934028254,0.08847193475202296,0.06622938839396171,0.0879314871809049,0.07569602525814817,0.08598463892126192,0.07244423434860148,0.09715113071895676,0.041921473400681336,0.13728753797304746,0.13715348525809815,0.07503401754406283,0.10121795150883188,0.09441050000882724,0.09818670133443233,0.08789078219829898,0.10280965069191908,0.08842068743272667,0.09263297548379731,0.13669123767377137,0.13705242682167734,0.24999999999999942,0.06965569801294097,0.10200387950505697,0.09269024018241781,0.09827775952341666,0.08703122276734589,0.10776850945785373,0.07208139726937766,0.13714543879358485,0.13710260392590293,0.07849738212303087,0.055082995791939406,0.10146335084011666,0.06229097031910158,0.09470334402429491,0.07218545843537848,0.09069560904714558,0.04401732879004151,0.1373086491403096,0.13730981886135565,0.137229880359876,0.13705679022225786,0.1373028690514602,0.13726514140431673,0.13730863900319398,0.13731305453980192,0.137317180655853,0.13731879839644548,0.13731897608110644
0.1817816583297322,0.1816191623951025,0.1813988876149466,0.18178057706794817,0.18154508207386663,0.1817691617521935,0.18175269278844625,0.1817685457339401,0.18178591349947934,0.18178422827424068,0.1817125805651382,0.11458727283238489,0.08931788322600841,0.11451747055643495,0.10146891097013006,0.11244977197059358,0.09680572832403782,0.12759706029386925,0.0559131526698991,0.18174392143843954,0.18155766495096512,0.10623973966113813,0.10922302726425513,0.1303040834826269,0.1209837686986008,0.11926093956832569,0.1328328316989497,0.11767899438404303,0.12215801348324354,0.18093618337131012,0.18155776674346455,0.06965569801294097,0.2499999999999994,0.10506361901224218,0.1313130868818269,0.12733708935364663,0.11505419974672992,0.1411861095298256,0.09598555767635773,0.1815456043848361,0.18146873959928664,0.14251104632331824,0.059000144298871085,0.14413686716780486,0.07888200424688543,0.12603469502022574,0.09536145173492638,0.11948082944786459,0.058478252066765164,0.18177138138055518,0.18177298180807003,0.18166715873731093,0.18147524669286794,0.1817637816006982,0.181716667706103,0.18177141989488013,0.1817772658990159,0.18178272747726054,0.18178486906869026,0.18178510429054773
