x1,x2,x3,x4,x5,x6,x7,x8,x9,x10,x11,x12,x13,x14,x15,x16,x17,x18,x19,x20,x21,x22,x23,x24,x25,x26,x27,x28,x29,x30,x31,x32,x33,x34,x35,x36,x37,x38,x39,x40,x41,x42,x43,x44,x45,x46,x47,x48,x49,x50,x51,x52,x53,x54,x55,x56,x57,x58,x59,x60
0.25,0.2490985676709578,0.24767425337313168,0.24847983466350096,0.241690102271374,0.24554532370490528,0.2329845699078755,0.24635399459041024,0.23838377410804595,0.24928743168304116,0.2470774060524359,0.1957363147820071,-0.1761884217230805,0.23328888364011136,-0.1539358759530418,0.23623016328396754,-0.15866824349090147,0.2158884608943595,-0.18849694006295933,0.24886683659527054,0.24419056832025493,-0.10477215752921848,0.1547356654646,-0.09553590322352445,0.18255362896915417,-0.06006581622018706,0.12874388197567227,-0.013554022201335038,0.06507770018085939,0.24888290029541726,0.24586523076795538,-0.09025030206524973,0.13517922328289833,-0.04691267052424829,0.13120643330451345,-0.02762171437466997,0.10440845089065791,0.00038425408047564795,0.05423002225868642,0.2483785068674348,0.2477648240085505,0.21468343575726845,-0.19676663817119955,0.24485260010839124,-0.16281395583786862,0.21362035874026422,-0.13361940618623339,0.19963280087431012,-0.16792576833317868,0.2483944137791748,0.24901152153814385,0.24916747744841253,0.24826892121171754,0.24763323798853396,0.23843083763531034,0.24325979603906572,0.22770291269661508,0.24641073916742992,0.2231422037263566,0.24928762249296166
0.2490985676709578,0.25000000000000006,0.24818874337090102,0.24899971966865517,0.2421951617627301,0.24606201404837594,0.23349465478155315,0.2468700042706819,0.2388940976072392,0.24980754850900197,0.2474669604042173,0.19617801000262064,-0.17658429795202435,0.23377215286409006,-0.1542566989701593,0.23671982732058394,-0.158967034192123,0.21631564588443467,-0.1888585264110959,0.2493862649306851,0.24470461616075642,-0.10507186298834886,0.15512719424024854,-0.09582756379230892,0.18297321674367156,-0.060265985529059526,0.1290435317598716,-0.01358817176717305,0.06521905055340363,0.2494022652071504,0.2463795415061322,-0.09047538489884074,0.1355188928335802,-0.04705480578478791,0.13157322128753524,-0.027728613986215952,0.10468413900850204,0.00035100773763224,0.05436799783095693,0.24889678311801383,0.24828173616063598,0.2151419754313938,-0.1971905138008956,0.24536426805278122,-0.163154892980033,0.2140685383744498,-0.13389121048718902,0.2000328497534416,-0.16826165020087983,0.24891262356223004,0.24953107633640267,0.24968734273948925,0.2487874998316011,0.24815016575532048,0.23892833992359538,0.24376796988618335,0.22817828931501333,0.24692513852858425,0.22360768465306202,0.24980774030011502
0.24767425337313168,0.24818874337090102,0.24999999999999997,0.24756940665491367,0.24077033020088653,0.24463394602352315,0.23207322449762327,0.2454418531495072,0.23746676792550545,0.24837734578191964,0.24605520734516706,0.19544517145412962,-0.1781908291953383,0.2324933682845063,-0.1532567703152666,0.23545516229337085,-0.15843857146884088,0.21511688851597527,-0.1877482433243723,0.2479567997334995,0.24328331556455393,-0.10439813123561309,0.15407549709680457,-0.09507901161615918,0.18180117873957627,-0.05991749884724219,0.1283418153752776,-0.013684910311741884,0.06496963961284605,0.2479741815848358,0.24497920429337686,-0.09023505203548676,0.13502842859314826,-0.047246853798859755,0.13103859396623121,-0.027647337445737885,0.10409607087577837,0.0004088141824948689,0.05400255363887605,0.24747130957900895,0.24686014048317312,0.21392284895006336,-0.19607825531949633,0.24397556703921539,-0.16223477642419634,0.21282897844605833,-0.13311241627291873,0.19886593947180758,-0.1672764667659459,0.24748734034336825,0.24810239932295938,0.24825777960486903,0.24736303459138714,0.2467282046814805,0.23755457281736125,0.24236891091628265,0.22686310524411205,0.24550983873342105,0.22231842209142563,0.24837752511227654
0.24847983466350096,0.24899971966865517,0.24756940665491367,0.25000000000000006,0.24157078709820223,0.24544956931584797,0.23286838608244845,0.2462530217485825,0.2382774002048426,0.24918821271836863,0.2468495912123733,0.19558762844183525,-0.17606147574201028,0.2331557115538657,-0.1536913052920722,0.236105859163614,-0.15856404051558015,0.21580872269288962,-0.18840037109911426,0.24876755519590302,0.24409162821432517,-0.10464465375176689,0.15459818941336986,-0.09542794445071372,0.18241545684832208,-0.06005894449692792,0.128669618455609,-0.013633422072979968,0.06510430923924933,0.24878410628502953,0.24577516174816388,-0.09039551837648081,0.13536086058516514,-0.04715609124917318,0.13142811304188842,-0.027718699309236695,0.10445923563777675,0.00035641081727270333,0.05422564333623977,0.24827932732389094,0.24766614502993056,0.21461504437024112,-0.19671187745001287,0.24476255773264674,-0.1627628733009377,0.21353085234607921,-0.13354431840774014,0.19951307185969047,-0.167819047575478,0.24829524467974154,0.24891239976328372,0.24906829003061037,0.24817107782441045,0.247534509790645,0.23833181261927097,0.24316233323461856,0.22760551096982903,0.246312375132455,0.2230458193907257,0.24918839972490828
0.241690102271374,0.2421951617627301,0.24077033020088653,0.24157078709820223,0.25000000000000006,0.23863378201001367,0.22613860745854322,0.23946106915422125,0.2314830891666145,0.24237897737046804,0.2401238628791257,0.1888823174489324,-0.16974721484713792,0.2264290634576872,-0.16084118920383506,0.23169234720419346,-0.15605850850795502,0.21005318664627667,-0.1832530330457729,0.24196947000687674,0.23737574283033713,-0.09961584829195692,0.1485916426286024,-0.09157710484160034,0.1769598366097473,-0.059703068291560565,0.12626998258489736,-0.014808132174583356,0.06465949652938457,0.24198655781236356,0.23911637811684297,-0.08923566933176848,0.13317175888136415,-0.047322455729957386,0.12857837568710373,-0.026672383441135306,0.10097887516458923,0.0012118431097153228,0.051813565510315455,0.24149546455927046,0.2408981035213459,0.20882197552045334,-0.19144217932221005,0.23812140320779687,-0.15830291376742267,0.20753807126327478,-0.12953091773424516,0.1937359120341652,-0.16284519655992766,0.24150598623450037,0.24211049549224337,0.2422622404668347,0.24139191073418045,0.24076526749955868,0.23176035446412457,0.2364981850628655,0.22126679531268914,0.23957282187611872,0.21682293113711218,0.24237915880716382
0.24554532370490528,0.24606201404837594,0.24463394602352315,0.24544956931584797,0.23863378201001367,0.25,0.22992942322438964,0.2433207179436127,0.2353544911915299,0.2462504797117725,0.24392409508320598,0.1928733498050148,-0.1736609355407829,0.2302589598337944,-0.15141056019380889,0.23325324323753147,-0.15661931118188194,0.21324561509515846,-0.18600378179276167,0.2458329255208808,0.24119092825747418,-0.10268515159609336,0.15220263941513032,-0.09364181014079,0.17987088363726664,-0.059007246240665806,0.1268137598135507,-0.013438098191236945,0.06418885077118255,0.24585131663550835,0.24290262087146156,-0.09019458025868865,0.13474656447011013,-0.04800722743472034,0.13119354779860826,-0.02817367717012659,0.10398974445169026,-7.335697593348773e-5,0.05396511115333584,0.24535063840072885,0.24474573695039678,0.21222271722376274,-0.1945559539197649,0.24191878823608398,-0.16088446436127452,0.21102558133486415,-0.13196048599040724,0.19704445258690712,-0.16575088635692647,0.24536802504931363,0.24597792091362225,0.24613183186819282,0.24524928233643664,0.24461561845188412,0.23551642230857944,0.24029374266111303,0.2249223170876182,0.24340748628495035,0.22041373887351948,0.24625064310074174
0.2329845699078755,0.23349465478155315,0.23207322449762327,0.23286838608244845,0.22613860745854322,0.22992942322438964,0.25,0.23073751624716596,0.2227978322224325,0.2336754258863678,0.23157713191564663,0.18078087047359334,-0.16234156454537468,0.21768859720957937,-0.14452557386390338,0.2252993019651236,-0.17212372861357844,0.20581182272426563,-0.17898493809859337,0.2332656928504525,0.22865704403493456,-0.09390342123065025,0.14060223458232887,-0.08568761609038633,0.16973420996015395,-0.061696642134807675,0.12621044771664988,-0.01951362051675775,0.066802627992125,0.23328904370873646,0.23066696683605104,-0.09033761518139473,0.13278124385417198,-0.051661785123313896,0.12594131928647193,-0.02585614484757815,0.0962675252373579,0.003505204818729772,0.04738972305392074,0.23282652321843209,0.23224545073401842,0.20157678841621915,-0.1849140724681792,0.22975979233826924,-0.1526476542095542,0.1998170177912894,-0.12427196333454336,0.18612677726032448,-0.15629211772613066,0.23282799117204867,0.23341571100403033,0.23356201741986737,0.23272449083390112,0.2321046919787737,0.2233400908491763,0.22795914919148735,0.21313909179193913,0.2309481650039284,0.20884259008267592,0.2336751966230555
0.24635399459041024,0.2468700042706819,0.2454418531495072,0.2462530217485825,0.23946106915422125,0.2433207179436127,0.23073751624716596,0.24999999999999975,0.23615460412687195,0.24705780631248897,0.24473718923354673,0.19356040500940086,-0.17430449749691262,0.23104385592163756,-0.15194794820111296,0.23407551837541957,-0.1572942722629228,0.2139539550143616,-0.18664403884619107,0.24663895112065554,0.24198119026431125,-0.10310196328639758,0.15275588294977765,-0.0939966172892621,0.18050799401434708,-0.05921402937512635,0.12728434996621127,-0.013461821172332314,0.06440284216663714,0.24665708893345123,0.24369280638950022,-0.09032384389589956,0.13497095828732483,-0.0479175238353047,0.13132489222333393,-0.028115845430826823,0.10417865392428219,7.684687141962352e-6,0.05407528780471982,0.24615529741142295,0.24554821956531725,0.21289300258082205,-0.19516152139559337,0.24270524713557973,-0.16140028076917598,0.21171557562401958,-0.1324067705210263,0.19772839159175096,-0.16632830699247234,0.2461726161620834,0.24678434704014476,0.24693878486966162,0.24605212308688426,0.24541746769439265,0.2362906247500572,0.24108133511504634,0.22566210205259837,0.24420541035292054,0.22113952659274896,0.24705797133503044
0.23838377410804595,0.2388940976072392,0.23746676792550545,0.2382774002048426,0.2314830891666145,0.2353544911915299,0.2227978322224325,0.23615460412687195,0.25000000000000017,0.23907767914937902,0.23679504951864583,0.1859393813371213,-0.16682517000032354,0.22304071617774807,-0.14427759762401887,0.22606345938857897,-0.15536211385238072,0.211861304245947,-0.19865368692860638,0.23866421531831497,0.23403539634921086,-0.09824789264518245,0.145671077032566,-0.08828986467023804,0.17343492796336846,-0.05854372478087719,0.12495235003657246,-0.0171264629321616,0.06543942112786974,0.23868531079679486,0.23590807035915573,-0.08982776919978876,0.13325262564248092,-0.049821879499359845,0.12844310298491354,-0.02726088959621602,0.1000164667878708,0.0016085969694505154,0.050547244742926885,0.23820508043945152,0.23761619901265676,0.20605308018673654,-0.1889593266239418,0.2349661708595403,-0.15635159805829954,0.2047573743395681,-0.12779554350172684,0.19093591548885644,-0.16051456975975223,0.23821753426880016,0.2388125388172047,0.23896221269330417,0.23810536427522627,0.2374827960476567,0.2285988506141437,0.23327313085862975,0.21826145861119478,0.2363079490455,0.21388305253838347,0.23907770620513857
0.24928743168304116,0.24980754850900197,0.24837734578191964,0.24918821271836863,0.24237897737046804,0.2462504797117725,0.2336754258863678,0.24705780631248897,0.23907767914937902,0.2499999999999999,0.24765487423908608,0.19633393500461632,-0.17672079889462217,0.2339513730476049,-0.15436048190425997,0.23689201122659476,-0.15909758370427493,0.21649294763443944,-0.18902330761163436,0.24957489516413786,0.24488994452669546,-0.10516965499018409,0.1552548497430535,-0.0959115650154753,0.1831153273807215,-0.06032230734351833,0.12915390051198092,-0.013622292119122248,0.06529310715047544,0.24959088878831429,0.24656539914298278,-0.09050778888778961,0.13558437887115898,-0.047027481476425166,0.13160852945460177,-0.027698928718670263,0.1047078777470506,0.0003889183279721057,0.05437517596416264,0.24908502958714054,0.24846952610641096,0.2152943906267383,-0.19732816119897842,0.2455479213746566,-0.16327826016249247,0.21422761603033308,-0.1339894533848701,0.20018795166122233,-0.16838994629611473,0.24910077844115605,0.2497197597991323,0.24987615989565098,0.24897538706781822,0.24833775346805545,0.23910839372287226,0.24395212644711103,0.22834894746440612,0.2471117973824432,0.2237749991886362,0.2499966410535644
0.2470774060524359,0.2474669604042173,0.24605520734516706,0.2468495912123733,0.2401238628791257,0.24392409508320598,0.23157713191564663,0.24473718923354673,0.23679504951864583,0.24765487423908608,0.24999999999999986,0.1941086399953531,-0.17497767194102226,0.23165287065987117,-0.15292238765473037,0.23467593149022029,-0.15778878700221521,0.21452173634194707,-0.18729151922593734,0.24723645991627202,0.24258156775347245,-0.10380647912106217,0.1534632879798134,-0.0946250132731453,0.18117796490487081,-0.0595683494845389,0.1278499664632677,-0.013596897252055706,0.06474815285892507,0.24725318682329797,0.24426092115437067,-0.08972854010918602,0.13438169586648555,-0.046689790149923666,0.13032571514271402,-0.027351810640621255,0.10358594901457871,0.0005025121458967818,0.053769139656980484,0.24675148389127852,0.24614230424870373,0.21325354663448925,-0.19545364206402757,0.24325216407892242,-0.16176047127503695,0.21220418490261636,-0.1327266002430511,0.1983218316265332,-0.16681266911145584,0.24676728259632344,0.24738070488620664,0.24753570028341343,0.24664239302650698,0.246010607062364,0.23686296322085257,0.24166416137644206,0.2261988067053977,0.24479590706860924,0.22166814305962418,0.24765505372628888
0.1957363147820071,0.19617801000262064,0.19544517145412962,0.19558762844183525,0.1888823174489324,0.1928733498050148,0.18078087047359334,0.19356040500940086,0.1859393813371213,0.19633393500461632,0.1941086399953531,0.2499999999999999,-0.2285006512728502,0.2100681343107532,-0.13609643600058058,0.18643954935808846,-0.11311521472305443,0.16342054816390905,-0.13982800457113534,0.1959235407029981,0.19268296779563954,-0.15672590284057306,0.16405086474319167,-0.11937867270578544,0.1621815383875039,-0.060020631612178466,0.10738152504860266,-0.010043539905581052,0.051338231225873124,0.19600679869042237,0.19349352194266872,-0.06385856592733109,0.09829650847500646,-0.03252620517053328,0.09841535805432243,-0.020781463420309256,0.08189132884380397,-0.00022199004426987702,0.04413300002651316,0.19562699220471935,0.19513818071069708,0.1679811014882954,-0.1536711198053749,0.19287779768377888,-0.1286694771446007,0.16893596061610774,-0.10732177669001175,0.1588941044735706,-0.13439752938736735,0.1956567259317792,0.19611707223399194,0.1962396754853109,0.1955118556560026,0.19504734523654385,0.1881084602700884,0.19167505490027537,0.18001991042296037,0.19410911217592744,0.17650001017805467,0.19633413992867968
-0.1761884217230805,-0.17658429795202435,-0.1781908291953383,-0.17606147574201028,-0.16974721484713792,-0.1736609355407829,-0.16234156454537468,-0.17430449749691262,-0.16682517000032354,-0.17672079889462217,-0.17497767194102226,-0.2285006512728502,0.25000000000000006,-0.19260883268781226,0.12462560841265527,-0.1685000115467231,0.10105795337617468,-0.14592687546117766,0.1238295627673779,-0.1763401481564345,-0.17348666654480707,0.14876241223068448,-0.152041940959508,0.11216548711395251,-0.14738339934165698,0.055213511919158194,-0.0970232650115797,0.008619010999789584,-0.045789081687687846,-0.17642599978652695,-0.17418305711342572,0.05785980573107329,-0.08894174694579826,0.030697009653916352,-0.08984123690886672,0.01980352586191283,-0.07488081998115798,0.0010440213621970146,-0.040610129893797704,-0.17608307508314527,-0.1756439811866264,-0.15127470091957235,0.1384063951260257,-0.1736702206038499,0.1159143436886661,-0.15217190466711256,0.09686337468425012,-0.143079322883848,0.12113089327933477,-0.17611464728580126,-0.17652566608923392,-0.17663576262392802,-0.17598434035054253,-0.17556423782881592,-0.16935250082256126,-0.17253667091559702,-0.16212851623211022,-0.17472222582512653,-0.1589652523525162,-0.17672093751063964
0.23328888364011136,0.23377215286409006,0.2324933682845063,0.2331557115538657,0.2264290634576872,0.2302589598337944,0.21768859720957937,0.23104385592163756,0.22304071617774807,0.2339513730476049,0.23165287065987117,0.2100681343107532,-0.19260883268781226,0.24999999999999992,-0.17027444038723516,0.2241454758723221,-0.14865880602504544,0.20067044932154937,-0.17432787429825444,0.23353439349117036,0.2292163700912068,-0.12034700139097092,0.16275489814965305,-0.11077947679847176,0.18842686084160368,-0.06851754388414956,0.12783591160463892,-0.01724699485175111,0.06576959173409429,0.23356353196839982,0.2306065911554239,-0.0806398839063724,0.12196114678363015,-0.03926488462604989,0.12001319221538279,-0.022237781210800577,0.09509701508533092,0.0033612867242776485,0.04780791345268577,0.23312539069370852,0.23252245092172183,0.2014831760802535,-0.18463613455476294,0.22976256030122053,-0.15242514709876648,0.20039343920900116,-0.12492902885372532,0.1868825410468424,-0.1572063614346703,0.23311354910833618,0.23369322087042307,0.23383885792545459,0.23300384005022973,0.2324124224596449,0.22381693873017192,0.22832774016772747,0.21376090510372855,0.23126658299675615,0.20947665449079653,0.23395157626399726
-0.1539358759530418,-0.1542566989701593,-0.1532567703152666,-0.1536913052920722,-0.16084118920383506,-0.15141056019380889,-0.14452557386390338,-0.15194794820111296,-0.14427759762401887,-0.15436048190425997,-0.15292238765473037,-0.13609643600058058,0.12462560841265527,-0.17027444038723516,0.2499999999999998,-0.16729520006680812,0.10817105702119569,-0.12914723688144453,0.10807770774452573,-0.15407424857436572,-0.150963621174617,0.06913632969621014,-0.09968904413453085,0.06948937255164464,-0.12826704024920155,0.053821836631748,-0.09101738435495171,0.011003058125985565,-0.04265734007137626,-0.1540812649010526,-0.15230122458197587,0.06667548599323926,-0.09296266557034735,0.04642213137878213,-0.0959069164613898,0.026377134265375333,-0.07500817705159571,0.004177773241115273,-0.03632981942346255,-0.15383063194443497,-0.1534009368170605,-0.13673859470510982,0.12602727220730298,-0.1522613556545766,0.09966016613286884,-0.13239624311235562,0.08173883739319514,-0.12109036678053171,0.10212229099787488,-0.1538161415637077,-0.15419270334152338,-0.15428341859028374,-0.15380581590634745,-0.15334675934308728,-0.14770621098297051,-0.15062621810467192,-0.14124851721390777,-0.15257081348994336,-0.13834262159011781,-0.15436065126143197
0.23623016328396754,0.23671982732058394,0.23545516229337085,0.236105859163614,0.23169234720419346,0.23325324323753147,0.2252993019651236,0.23407551837541957,0.22606345938857897,0.23689201122659476,0.23467593149022029,0.18643954935808846,-0.1685000115467231,0.2241454758723221,-0.16729520006680812,0.24999999999999986,-0.1719825252535293,0.2065151024786536,-0.1799122944156678,0.23647911759634235,0.23183511057174194,-0.09789326626647314,0.14539875196575924,-0.0924543934507491,0.1765107318506617,-0.07023900444629379,0.13339934526560765,-0.0215802837500724,0.06990480862305333,0.23649589959461031,0.2337885919143256,-0.09030851498678324,0.13248614711500675,-0.0497932198921531,0.12394895330450274,-0.023456380342969912,0.0947466038992948,0.005650327055200746,0.04591029230652358,0.23604653525881705,0.2354420133224908,0.20442070494113201,-0.18747745183605913,0.2328943316793979,-0.15421532642601238,0.20231875685332462,-0.1255437845632375,0.18863545900022255,-0.1583053392212974,0.23603043813168453,0.23662923231757232,0.23677725971488314,0.23592065573084328,0.23529629087670775,0.22639171150713955,0.23107497450016262,0.2159922975976328,0.23411655360366462,0.21162525478521502,0.23689211208107527
-0.15866824349090147,-0.158967034192123,-0.15843857146884088,-0.15856404051558015,-0.15605850850795502,-0.15661931118188194,-0.17212372861357844,-0.1572942722629228,-0.15536211385238072,-0.15909758370427493,-0.15778878700221521,-0.11311521472305443,0.10105795337617468,-0.14865880602504544,0.10817105702119569,-0.1719825252535293,0.24999999999999972,-0.19227837875999504,0.1714896156154254,-0.15883477846294253,-0.15463993129782105,0.04607269840350165,-0.08157365260945922,0.04345672619003864,-0.11354578541362752,0.06140860881376026,-0.10838650254466786,0.04737751829838472,-0.07404985123680503,-0.15878060350572082,-0.15729239894903177,0.07407109931408849,-0.10112988981106184,0.051156340557537754,-0.08672404683580391,0.012004981803213912,-0.054543445107962545,-0.018829810307413174,-0.014197877487463524,-0.1585611084866506,-0.15811618583055326,-0.13832085116544018,0.12717061312946334,-0.15687527412127597,0.10283362263608019,-0.1343612994985591,0.0801948580970617,-0.12331320100667845,0.1021525595864119,-0.15847929344239073,-0.15891880287506627,-0.15901871734445117,-0.15842869064738102,-0.1579565492379435,-0.15150462737482737,-0.15493594958761867,-0.14388982805008035,-0.1571149381030318,-0.1408233840179289,-0.15909733368747997
0.2158884608943595,0.21631564588443467,0.21511688851597527,0.21580872269288962,0.21005318664627667,0.21324561509515846,0.20581182272426563,0.2139539550143616,0.211861304245947,0.21649294763443944,0.21452173634194707,0.16342054816390905,-0.14592687546117766,0.20067044932154937,-0.12914723688144453,0.2065151024786536,-0.19227837875999504,0.24999999999999978,-0.2218918097215218,0.21616968203395526,0.2114233112769193,-0.08064498010837082,0.12556059412937806,-0.07103762099857582,0.15391065146403074,-0.0650712710100256,0.12827155136995477,-0.04586783562022648,0.08470837178899104,0.21610740916805102,0.21379685051549416,-0.08706644887414293,0.12675300044393742,-0.050476948178293686,0.1148667164497723,-0.01729027423010946,0.0789038498723259,0.016766772075288365,0.029245920387129566,0.21573041500239054,0.21517079380074744,0.18609088918234176,-0.1707402034125305,0.2127937415050363,-0.14136117625531155,0.18412453861994194,-0.11183569690688422,0.1700317953150214,-0.1415236137390082,0.21567121210693085,0.2162508147439115,0.2163887616901901,0.2155943198229884,0.21500610086501465,0.20651663670580928,0.21106839822622314,0.19649986991396295,0.2139099150067506,0.19242865188228653,0.21649308354023064
-0.18849694006295933,-0.1888585264110959,-0.1877482433243723,-0.18840037109911426,-0.1832530330457729,-0.18600378179276167,-0.17898493809859337,-0.18664403884619107,-0.19865368692860638,-0.18902330761163436,-0.18729151922593734,-0.13982800457113534,0.1238295627673779,-0.17432787429825444,0.10807770774452573,-0.1799122944156678,0.1714896156154254,-0.2218918097215218,0.24999999999999972,-0.1892877366674893,-0.18432971003408236,0.0667019563432156,-0.10551706264492863,0.05643204629804646,-0.13126750924578937,0.05851938032422975,-0.11523875970540476,0.048682186798886785,-0.08099232908039596,-0.18867915357491416,-0.18680328260720458,0.0796071418018203,-0.11443510989387402,0.04871722793311235,-0.1009361297477058,0.013355919035713785,-0.0654901134065986,-0.01918696856909325,-0.020857656114741364,-0.1883581129852448,-0.1878686532048145,-0.16232108358004685,0.14896286609673684,-0.18591462779478807,0.12348887954097847,-0.16026578758086918,0.09658714540889768,-0.14769667141923723,0.12252122853287181,-0.1882925650574843,-0.18881068364533876,-0.18893206106843258,-0.1882285246841816,-0.18770126762150985,-0.18012846557983944,-0.18420870519807728,-0.1711766044635238,-0.18673265221498886,-0.16759577087016442,-0.18902331845457052
0.24886683659527054,0.2493862649306851,0.2479567997334995,0.24876755519590302,0.24196947000687674,0.2458329255208808,0.2332656928504525,0.24663895112065554,0.23866421531831497,0.24957489516413786,0.24723645991627202,0.1959235407029981,-0.1763401481564345,0.23353439349117036,-0.15407424857436572,0.23647911759634235,-0.15883477846294253,0.21616968203395526,-0.1892877366674893,0.24999999999999986,0.24447035000130615,-0.10489681876159641,0.1549137745066224,-0.09564645057818931,0.1827781583653346,-0.060230770461692645,0.1289632176001744,-0.013664364169120806,0.06524207321736936,0.24916984821724286,0.24615266758047374,-0.09047030361189272,0.13546985607712156,-0.04713085015737947,0.13149502591550305,-0.027699763754559494,0.10456142297040742,0.00040200474156848123,0.05426566660431693,0.24866493170563955,0.2480504699913282,0.21494540039618776,-0.19701170615105865,0.24513976910828142,-0.1630031149725447,0.21386121626508123,-0.1337522587930972,0.1998339830081208,-0.1680896159657382,0.24868064160486802,0.2492986661483048,0.24945479224432993,0.24855571465556373,0.24791861673089458,0.2387030273008248,0.24353953080419616,0.22796044112419028,0.2466945174767735,0.2233936499626281,0.24957508782547494
0.24419056832025493,0.24470461616075642,0.24328331556455393,0.24409162821432517,0.23737574283033713,0.24119092825747418,0.22865704403493456,0.24198119026431125,0.23403539634921086,0.24488994452669546,0.24258156775347245,0.19268296779563954,-0.17348666654480707,0.2292163700912068,-0.150963621174617,0.23183511057174194,-0.15463993129782105,0.2114233112769193,-0.18432971003408236,0.24447035000130615,0.24999999999999964,-0.11020662747517962,0.15491091382252992,-0.0964533214237198,0.1803528858188619,-0.0586342992258788,0.12573801805540888,-0.012053357409626042,0.06279811049952241,0.24449172833343133,0.2414861540247158,-0.08770949653688714,0.13167685505201834,-0.045269944909038774,0.12864113817855213,-0.027630858347800297,0.10339899096588868,-0.0005515863549668843,0.05423315084051321,0.2439980053888988,0.24339410411988704,0.21092737673449113,-0.19330697894474444,0.2405223574442712,-0.15994952360623055,0.21001321616275032,-0.13161636595363885,0.19635364696893035,-0.16530452319910688,0.24401759552350716,0.24461918792216503,0.24477209634803637,0.24389025852054438,0.24327036148169218,0.23428682576172394,0.238988956048315,0.2238188041322268,0.24207305076676566,0.21934723198703016,0.24489014006379412
-0.10477215752921848,-0.10507186298834886,-0.10439813123561309,-0.10464465375176689,-0.09961584829195692,-0.10268515159609336,-0.09390342123065025,-0.10310196328639758,-0.09824789264518245,-0.10516965499018409,-0.10380647912106217,-0.15672590284057306,0.14876241223068448,-0.12034700139097092,0.06913632969621014,-0.09789326626647314,0.04607269840350165,-0.08064498010837082,0.0667019563432156,-0.10489681876159641,-0.11020662747517962,0.2499999999999997,-0.1990199555140105,0.17050877843615722,-0.1257316086563595,0.0533533011623198,-0.0584759276127466,-0.008179259618537112,-0.015513242255470664,-0.10498571836338752,-0.1030770234022284,0.01110954301949404,-0.02765080397496744,0.000494713104745707,-0.04137439680559867,0.013897974540432737,-0.05041891513663822,0.011255904146150665,-0.037516657242217276,-0.10478608782529539,-0.10454041614906616,-0.08692240233300327,0.07863657036825823,-0.1031024220509226,0.07025720821057205,-0.0931140793287274,0.0650561474279251,-0.09124386791481133,0.07964290402784452,-0.104892471098082,-0.10505560952800576,-0.10512031679811139,-0.1046816456549784,-0.10455354541632425,-0.1018540994264206,-0.10301119787994349,-0.0987317488980778,-0.10413319288709035,-0.09707729973950713,-0.1051698050056451
0.1547356654646,0.15512719424024854,0.15407549709680457,0.15459818941336986,0.1485916426286024,0.15220263941513032,0.14060223458232887,0.15275588294977765,0.145671077032566,0.1552548497430535,0.1534632879798134,0.16405086474319167,-0.152041940959508,0.16275489814965305,-0.09968904413453085,0.14539875196575924,-0.08157365260945922,0.12556059412937806,-0.10551706264492863,0.1549137745066224,0.15491091382252992,-0.1990199555140105,0.2499999999999997,-0.1901998888131063,0.1637715476043186,-0.05462159385320446,0.07471939054423449,0.016065456565283395,0.020309963775790443,0.15499962116358687,0.15206899851180944,-0.01686142588280598,0.04243097637418324,0.007219176890975678,0.06131480172093041,-0.01904998300966455,0.0744336382696382,-0.016669293997585693,0.0541595220703997,0.15469470599162158,0.15432494060640164,0.12934891624299277,-0.1172527691042514,0.15176998333702654,-0.10298792484388562,0.13706478289911433,-0.09370458221389924,0.13296694855026867,-0.11532421794185897,0.154820554431971,0.15508732291636662,0.1551827404158004,0.1545678612027744,0.15436188593753877,0.15014082287767255,0.15206549920990067,0.14520270725584583,0.15372366753355565,0.14267534112126937,0.15525506277041926
-0.09553590322352445,-0.09582756379230892,-0.09507901161615918,-0.09542794445071372,-0.09157710484160034,-0.09364181014079,-0.08568761609038633,-0.0939966172892621,-0.08828986467023804,-0.0959115650154753,-0.0946250132731453,-0.11937867270578544,0.11216548711395251,-0.11077947679847176,0.06948937255164464,-0.0924543934507491,0.04345672619003864,-0.07103762099857582,0.05643204629804646,-0.09564645057818931,-0.0964533214237198,0.17050877843615722,-0.1901998888131063,0.24999999999999986,-0.16199011850595157,0.07487516882815472,-0.06213607717419987,-0.0085709391680818,-0.015509882220615768,-0.09574166513893156,-0.09377930249680462,0.00219780998983507,-0.018106313931449486,-0.012939415573495514,-0.029094512754772112,0.005807443258285161,-0.04146352243275484,0.009141104545228932,-0.03348070752158072,-0.09559545632761898,-0.09534350662803937,-0.07829673631007886,0.0707267688728378,-0.09375576063882911,0.06414742876319134,-0.08519340473305116,0.059913737397289335,-0.0836397343671448,0.07346577155416785,-0.09567131900629822,-0.09580907291017679,-0.0958678470530612,-0.09548838632227923,-0.0954045783839414,-0.09314186741528793,-0.09412550613396116,-0.09049063428164036,-0.09505269640892279,-0.08908375564844363,-0.09591173010402544
0.18255362896915417,0.18297321674367156,0.18180117873957627,0.18241545684832208,0.1769598366097473,0.17987088363726664,0.16973420996015395,0.18050799401434708,0.17343492796336846,0.1831153273807215,0.18117796490487081,0.1621815383875039,-0.14738339934165698,0.18842686084160368,-0.12826704024920155,0.1765107318506617,-0.11354578541362752,0.15391065146403074,-0.13126750924578937,0.1827781583653346,0.1803528858188619,-0.1257316086563595,0.1637715476043186,-0.16199011850595157,0.24999999999999975,-0.12683496126952148,0.13203542973988763,-0.028563080426535582,0.06920419642631435,0.18277065675453358,0.1801511370730745,-0.05104996933115722,0.08103018072881678,-0.007068007878436347,0.07019262503176514,0.006880885959187772,0.05189359384179454,0.019672635359120193,0.02081492944542512,0.18257634134014472,0.18200266887998595,0.15655354763340623,-0.14341628610950433,0.17961889875858314,-0.1184504911685256,0.15580098681838458,-0.0956208875845436,0.14499896959139252,-0.12196135131111796,0.1824544776021389,0.18291470842506408,0.1830287195010993,0.18239087619859665,0.181965566621755,0.1752513002177835,0.17887734485960846,0.16724917902866507,0.18109358623026223,0.16404907641327515,0.18311551052047462
-0.06006581622018706,-0.060265985529059526,-0.05991749884724219,-0.06005894449692792,-0.059703068291560565,-0.059007246240665806,-0.061696642134807675,-0.05921402937512635,-0.05854372478087719,-0.06032230734351833,-0.0595683494845389,-0.060020631612178466,0.055213511919158194,-0.06851754388414956,0.053821836631748,-0.07023900444629379,0.06140860881376026,-0.0650712710100256,0.05851938032422975,-0.060230770461692645,-0.0586342992258788,0.0533533011623198,-0.05462159385320446,0.07487516882815472,-0.12683496126952148,0.24999999999999967,-0.18023633572702102,0.10859916327202011,-0.1205920923862897,-0.060074509929191756,-0.0599364290029361,0.03829149443484208,-0.046873419024426294,0.013122488931396982,0.0014020109163074346,-0.05042744948619135,0.040191770083098,-0.07276371282642619,0.061096500484067735,-0.060334158271982685,-0.0599553398135499,-0.05043364916251138,0.0465519950769011,-0.05959792482423404,0.035251443231295566,-0.04446029364373473,0.014714340787843632,-0.035922363576063175,0.025246940749138108,-0.05994613839870764,-0.06025093688878393,-0.06029331796313445,-0.0600444554519072,-0.059806046292016316,-0.055972601050953336,-0.05833127616656749,-0.05088374243806902,-0.05938793656400469,-0.04948568769979578,-0.060322282942864854
0.12874388197567227,0.1290435317598716,0.1283418153752776,0.128669618455609,0.12626998258489736,0.1268137598135507,0.12621044771664988,0.12728434996621127,0.12495235003657246,0.12915390051198092,0.1278499664632677,0.10738152504860266,-0.0970232650115797,0.12783591160463892,-0.09101738435495171,0.13339934526560765,-0.10838650254466786,0.12827155136995477,-0.11523875970540476,0.1289632176001744,0.12573801805540888,-0.0584759276127466,0.07471939054423449,-0.06213607717419987,0.13203542973988763,-0.18023633572702102,0.24999999999999972,-0.134226138029316,0.15948964492345935,0.12878033268325456,0.12792074018240043,-0.06891031564118004,0.09052121385257697,-0.03443162847081249,0.03631817626944693,0.04383238342858658,-0.013385973474710528,0.0837646410138209,-0.05799724325979975,0.12893147991976714,0.1283638927794684,0.10976875351655936,-0.1007752660376774,0.12725819936561053,-0.07880656012841143,0.10235273561108414,-0.047629316303045635,0.08819780718333184,-0.0677628953003026,0.12849576345640118,0.12900531626416892,0.12909065063100622,0.12856604169473468,0.12812094981720018,0.12144096919412173,0.1252490820302444,0.11288462283193483,0.1273065761436328,0.10993293289396788,0.1291539147394802
-0.013554022201335038,-0.01358817176717305,-0.013684910311741884,-0.013633422072979968,-0.014808132174583356,-0.013438098191236945,-0.01951362051675775,-0.013461821172332314,-0.0171264629321616,-0.013622292119122248,-0.013596897252055706,-0.010043539905581052,0.008619010999789584,-0.01724699485175111,0.011003058125985565,-0.0215802837500724,0.04737751829838472,-0.04586783562022648,0.048682186798886785,-0.013664364169120806,-0.012053357409626042,-0.008179259618537112,0.016065456565283395,-0.0085709391680818,-0.028563080426535582,0.10859916327202011,-0.134226138029316,0.2499999999999997,-0.1967905627101767,-0.013370270248199213,-0.01432316964840948,0.028847397151520144,-0.027949549433189037,0.01535605271327382,0.024259814523662996,-0.07138491092889249,0.0845301724557178,-0.11899229692398564,0.1229332664530242,-0.013909523449725555,-0.013537663741253146,-0.009896610269852139,0.009619055336760437,-0.01410019507566139,0.00418102203215869,-0.001689513776958638,-0.022475790909389306,0.01177384955383456,-0.019124133176336672,-0.01329963229095431,-0.013597642719982506,-0.01361471323191774,-0.013501451966136446,-0.013286364086206802,-0.010069268151481866,-0.012239090926238868,-0.005335490268216507,-0.012988055259481705,-0.0042615136419843205,-0.01362219582452862
0.06507770018085939,0.06521905055340363,0.06496963961284605,0.06510430923924933,0.06465949652938457,0.06418885077118255,0.066802627992125,0.06440284216663714,0.06543942112786974,0.06529310715047544,0.06474815285892507,0.051338231225873124,-0.045789081687687846,0.06576959173409429,-0.04265734007137626,0.06990480862305333,-0.07404985123680503,0.08470837178899104,-0.08099232908039596,0.06524207321736936,0.06279811049952241,-0.015513242255470664,0.020309963775790443,-0.015509882220615768,0.06920419642631435,-0.1205920923862897,0.15948964492345935,-0.1967905627101767,0.24999999999999942,0.06492004831936724,0.06518020299558872,-0.043996199122595704,0.05056140922500593,-0.01668224847203471,-0.004653867553440248,0.07241899260491283,-0.071076988988738,0.12954352485020518,-0.12254397363980063,0.0654317193259559,0.06489410877663844,0.054295144010308154,-0.05046150088337973,0.06470037145610609,-0.038330416879290605,0.046031462533761454,-0.0035034667805073907,0.028005782101790132,-0.01388949601887227,0.0647807241682909,0.06521121097777696,0.06526168056418695,0.06496324413530494,0.06463328377559141,0.05950254838039667,0.0627206449599042,0.05242174732155767,0.06409312254466977,0.0504171167277973,0.06529307059864609
0.24888290029541726,0.2494022652071504,0.2479741815848358,0.24878410628502953,0.24198655781236356,0.24585131663550835,0.23328904370873646,0.24665708893345123,0.23868531079679486,0.24959088878831429,0.24725318682329797,0.19600679869042237,-0.17642599978652695,0.23356353196839982,-0.1540812649010526,0.23649589959461031,-0.15878060350572082,0.21610740916805102,-0.18867915357491416,0.24916984821724286,0.24449172833343133,-0.10498571836338752,0.15499962116358687,-0.09574166513893156,0.18277065675453358,-0.060074509929191756,0.12878033268325456,-0.013370270248199213,0.06492004831936724,0.24999999999999944,0.24616568241552472,-0.09030946896638772,0.13532890708751924,-0.04689881350791062,0.1314021885188708,-0.027692535732943318,0.10459179207449203,0.0002855980422439815,0.05440207121502724,0.24868046572368363,0.24806649454260718,0.21493547796450632,-0.196996520163202,0.24514796043148318,-0.16302165837560667,0.21388637502364088,-0.13380001367171646,0.19988942446741337,-0.16814554154160663,0.24869682303451693,0.2493146442564848,0.24947080234842953,0.24857138263414838,0.24793496786325048,0.23872192579625978,0.24355696014979342,0.2279825656961711,0.24671120378959996,0.22341685609144254,0.2495910809808314
0.24586523076795538,0.2463795415061322,0.24497920429337686,0.24577516174816388,0.23911637811684297,0.24290262087146156,0.23066696683605104,0.24369280638950022,0.23590807035915573,0.24656539914298278,0.24426092115437067,0.19349352194266872,-0.17418305711342572,0.2306065911554239,-0.15230122458197587,0.2337885919143256,-0.15729239894903177,0.21379685051549416,-0.18680328260720458,0.24615266758047374,0.2414861540247158,-0.1030770234022284,0.15206899851180944,-0.09377930249680462,0.1801511370730745,-0.0599364290029361,0.12792074018240043,-0.01432316964840948,0.06518020299558872,0.24616568241552472,0.24999999999999944,-0.09360000310727078,0.1365531446601198,-0.04847955562266435,0.13015616679432832,-0.02687152392630816,0.10240393735540135,0.001674279153369188,0.05227149209354335,0.24566872616523108,0.24505629001353194,0.21309999911927063,-0.19547239576727418,0.24219496184323833,-0.16080482503090457,0.211068317095442,-0.13156343318156827,0.19707194212511114,-0.1655798246185043,0.24567676294610502,0.24629233714548007,0.24644663748604836,0.24555955832093104,0.24492226698940925,0.2357519721161508,0.24057359653840882,0.2250538255352292,0.2437061955930018,0.22052936095317072,0.24656558501817055
-0.09025030206524973,-0.09047538489884074,-0.09023505203548676,-0.09039551837648081,-0.08923566933176848,-0.09019458025868865,-0.09033761518139473,-0.09032384389589956,-0.08982776919978876,-0.09050778888778961,-0.08972854010918602,-0.06385856592733109,0.05785980573107329,-0.0806398839063724,0.06667548599323926,-0.09030851498678324,0.07407109931408849,-0.08706644887414293,0.0796071418018203,-0.09047030361189272,-0.08770949653688714,0.01110954301949404,-0.01686142588280598,0.00219780998983507,-0.05104996933115722,0.03829149443484208,-0.06891031564118004,0.028847397151520144,-0.043996199122595704,-0.09030946896638772,-0.09360000310727078,0.24999999999999944,-0.2040547524025539,0.14196844859267727,-0.11099166345332653,0.03301858955674735,-0.050432037067844084,-0.012046068757581237,-0.0001700447103810758,-0.09019392098836167,-0.08977894754441507,-0.1218740902005713,0.11923483978961023,-0.0907998050719337,0.0471578637296259,-0.06945921574696763,0.026219043003573,-0.056034120610769775,0.04077259003513932,-0.0900050275143554,-0.09040604508965056,-0.09045217630935014,-0.09037360994474831,-0.0895991235982765,-0.08359882539271833,-0.08697768518040977,-0.07677702921864551,-0.08882108086580866,-0.07446474322997591,-0.09050775674312547
