x1,x2,x3,x4,x5,x6,x7,x8,x9,x10,x11,x12,x13,x14,x15,x16,x17,x18,x19,x20,x21,x22,x23,x24,x25,x26,x27,x28,x29,x30,x31,x32,x33,x34,x35,x36,x37,x38,x39,x40,x41,x42,x43,x44,x45,x46,x47,x48,x49,x50,x51,x52,x53,x54,x55,x56,x57,x58,x59,x60
0.25000000000000006,0.24988411768602475,0.24969474603273492,0.24995207150728077,0.2497031217561893,0.24995195108334103,0.2497205291566655,0.24992032953269347,0.24994712654608914,0.24995303574149472,0.24970208554891568,0.2493749259167678,0.24707561103286332,0.24760753356582174,0.2449316708483918,0.24203795942987733,0.24298016519128832,0.2434949081188232,0.24849148885498445,0.24988573687165283,0.24992995615101096,0.24613276444815857,0.24902610353370794,0.24394959476865247,0.24876726601804092,0.2425697409704608,0.24904239738438172,0.24524885574909527,0.24962193226368304,0.24992516901302142,0.24992628707602357,0.2461484761799284,0.2489449969650503,0.24462906307618368,0.24870810588107142,0.24326643174352552,0.2493264564325006,0.2454815786115482,0.24963117174269023,0.2499378882910986,0.24965210936638793,0.24938010412121184,0.2475155931661765,0.24767900841554827,0.24534982447232695,0.24289523343851668,0.24252958481430273,0.24481266855633088,0.24830241874605838,0.2499016678684729,0.2499214887110862,0.2498889459621282,0.2496303952038459,0.2499527287350894,0.24965619705263403,0.24994598962238937,0.24961333166497027,0.24993858425136783,0.24993101891358635,0.24995206155642727
0.24988411768602475,0.25,0.2496647953735391,0.2499220899821268,0.2496731700923331,0.24992196957263188,0.24969057540480744,0.2498903518149609,0.24991714561407885,0.24992305410068183,0.24967213400935162,0.24934501361970624,0.24704597453654456,0.2475778332658756,0.2449022915157613,0.24200892719531683,0.2429510199399979,0.24346570112458377,0.24846168252539996,0.24985576330327816,0.24989997727857405,0.24610324104543574,0.24899623307757568,0.24392033323516027,0.24873742660923512,0.24254064494918512,0.24901252497381682,0.2452194383704226,0.24959199033843357,0.2498951907147977,0.24989630864368892,0.24611895089259755,0.24891513623757783,0.24459972004108183,0.2486782735684706,0.243237252154821,0.24929654994930966,0.24545213331797802,0.2496012287091733,0.24990790846720828,0.24962216382142186,0.24935019120302895,0.24748590389439795,0.24764929954225853,0.24532039498254687,0.24286609837471354,0.24250049360972167,0.24478330349791738,0.2482726350952626,0.24987169238918974,0.24989151085431083,0.24985897200882626,0.24960045226347366,0.2499227471311014,0.24962625101735347,0.24991600882675188,0.24958339077135422,0.24990860434399778,0.24990103991367177,0.24992208003246663
0.24969474603273492,0.2496647953735391,0.25000000000000006,0.2497330158267321,0.2494851782202013,0.2497325709145613,0.24950135026713158,0.24970097543636732,0.2497277489778244,0.24973365294033706,0.24948292299376768,0.2491560505255447,0.24685875284788314,0.24739022174667216,0.2447169037275578,0.24182556367714175,0.24276692151003992,0.2432811970205475,0.24827338866306334,0.24966641314115856,0.24971059360762285,0.24591673542955625,0.24880753491737093,0.24373548918561644,0.24854892441536053,0.24235685311543553,0.2488238137264664,0.24503360403688812,0.24940284029048046,0.24970581066909642,0.2497069277621505,0.24593243278989646,0.2487264988556454,0.24441435382429186,0.24848981572955964,0.2430529185825427,0.2491076236225934,0.2452661211229845,0.24941207141647276,0.2497185187817725,0.24943299068645544,0.24916122419152764,0.24729834958767632,0.24746162172276442,0.24513448200354193,0.24268204627776518,0.24231671781666464,0.24459779755683228,0.24808448470923394,0.2496823301554842,0.2497021335981985,0.24966961941188454,0.24941129558411543,0.2497333462029545,0.24943707476337398,0.24972661300514754,0.24939424704729035,0.24971921413379097,0.24971165543607698,0.24973267960987253
0.24995207150728077,0.2499220899821268,0.2497330158267321,0.24999999999999992,0.24974108736907635,0.24998993366581754,0.2497584766014062,0.24995830733157423,0.24998510841517202,0.2499910185103178,0.24974003018450433,0.24941282081072555,0.24711315659540506,0.24764515930881723,0.244968881802809,0.2420747374578741,0.24301708752226578,0.24353190940202155,0.2485292495270786,0.24992370941362216,0.24996793541257417,0.2461701666372374,0.24906394543566665,0.2439866649467352,0.2488050686038463,0.2426066011662845,0.24908024179654778,0.2452861235701175,0.24965986470713636,0.24996314754727403,0.2499642657796077,0.2461858807985074,0.2489828265559879,0.2446662367686647,0.2487458994706375,0.24330339835868886,0.2493643439855188,0.24551888184828308,0.24966910560185665,0.24997586875837818,0.24969004640660292,0.24941799982603097,0.24755320554648555,0.24771664560857104,0.24538710772709396,0.24293214364200794,0.24256643950135476,0.24484987018691678,0.2483401506854286,0.2499396428313823,0.2499594666860752,0.2499269189919333,0.24966832894357122,0.24999071145730076,0.24969413471522361,0.2499839713205277,0.24965126281116506,0.24997656482418865,0.24996899833678143,0.24999004417725434
0.2497031217561893,0.2496731700923331,0.2494851782202013,0.24974108736907635,0.24999999999999994,0.24974101988033406,0.24950972760186388,0.2497093514139389,0.2497361237358599,0.24974202995371234,0.24949129206761572,0.2491644317352359,0.24686707634428373,0.24739798058278517,0.2447205414633583,0.24183192141006488,0.24277415963750798,0.24328917208265297,0.2482817292819758,0.24967478776263125,0.24971896981666108,0.2459249514511962,0.2488158475217525,0.24374326115092496,0.2485572360011517,0.2423642663828089,0.2488321643035196,0.2450417073867772,0.24941119529986946,0.24971418681889876,0.2497153033752443,0.24594067469642833,0.24873484541125204,0.24442251940399556,0.24849815284035914,0.24306103480294408,0.24911597729523435,0.2452743157437733,0.24942043928974442,0.24972689541930848,0.2494413576427549,0.24916958171453435,0.24730665097145424,0.24746991383810227,0.2451427008977712,0.24269013802322834,0.24232483333234459,0.24460599724397966,0.24809280547667692,0.2496907052852366,0.24971050956943613,0.24967799429245668,0.24941966194510135,0.2497417232212107,0.2494454429317408,0.24973498979753558,0.24940261132075922,0.24972759067799993,0.2497200317267381,0.24974105660576548
0.24995195108334103,0.24992196957263188,0.2497325709145613,0.24998993366581754,0.24974101988033406,0.24999999999999992,0.24975835627777615,0.24995818690467397,0.24998498797191965,0.24999089806773717,0.24973990985996286,0.24941270087516648,0.2471130375465347,0.24764503986494601,0.2449687677997724,0.24207462044758027,0.24301696946497756,0.24353179157895702,0.24852912986314962,0.2499235890034456,0.2499678149814307,0.2461700481235797,0.24906382529477222,0.24398654664506259,0.2488049485396973,0.2426064832388028,0.24908012168440827,0.2452860052667267,0.24965974441904115,0.24996302711827814,0.24996414534977368,0.24618576220266108,0.24898270659985894,0.24466611895199156,0.24874577963826663,0.24330328124209685,0.2493642238362703,0.24551876364229325,0.24966898531953594,0.24997574832247577,0.2496899261089309,0.2494178796658651,0.24755308629009973,0.24771652629317498,0.24538698954269234,0.24293202665977423,0.24256632265252923,0.24484975224494682,0.2483400310451515,0.2499395224130048,0.249959346258573,0.24992679858011263,0.24966820866137127,0.2499905910147453,0.24969401441531427,0.24998385088121955,0.2496511425315149,0.24997644438844885,0.24996887790468705,0.2499899237350203
0.2497205291566655,0.24969057540480744,0.24950135026713158,0.2497584766014062,0.24950972760186388,0.24975835627777615,0.24999999999999994,0.24972686469160538,0.24975353738365097,0.24975944454718663,0.24950868331655868,0.24918189889307943,0.2468848237228555,0.2474159437419385,0.24474334588918548,0.24184920927257136,0.24278597184451645,0.24330513109906232,0.24829843743654725,0.2496921907180994,0.2497363758340644,0.24594206782076922,0.24883298674153015,0.24375948916987528,0.24857422901889267,0.2423811872513169,0.24884930643140823,0.2450582110910661,0.2494285644842925,0.24973159318825508,0.24973271015924647,0.2459576568193027,0.24875220831750494,0.24443890227403253,0.24851545860277582,0.24307695552321365,0.2491334349758447,0.2452906037879707,0.24943782490392508,0.24974431001629713,0.24945874661022596,0.24918689540347186,0.2473238277297032,0.24748687585067092,0.24515945580973172,0.24270636885739014,0.24234155552536912,0.24462284146404503,0.24811003809992535,0.24970811465430023,0.2497279174852401,0.24969539993978943,0.24943700904191102,0.24975913331261648,0.24946284057625742,0.2497523994195474,0.24941999646902588,0.24974499978426368,0.24973744030604939,0.2497584666507712
0.24992032953269347,0.2498903518149609,0.24970097543636732,0.24995830733157423,0.2497093514139389,0.24995818690467397,0.24972686469160538,0.25,0.24995383771085114,0.24995927163805148,0.2497083150298636,0.24938114827195476,0.24708176069196644,0.24761371532653487,0.24493779059892043,0.24204400164861267,0.24298615750282138,0.24350099612894485,0.24849768515741327,0.24989197103659716,0.24993619143056883,0.24613889272879147,0.24903231675176507,0.24395567625980097,0.24877347622182686,0.24257580703451148,0.24904861502854658,0.24525498252562705,0.24962816129572896,0.24993140414265094,0.24993252232240118,0.2461546171912529,0.2489512073080872,0.24463516624567475,0.24871430952817528,0.2432724990313867,0.24933267781138324,0.24548770180375862,0.2496373990510023,0.24994412378311684,0.2496583377039571,0.2493863253310193,0.24752176685009386,0.24768518682908228,0.24535594352318912,0.24290129543055303,0.24253563598650496,0.24481877540577543,0.24830861308937954,0.24990790248146194,0.24992772377236397,0.2498951802115162,0.24963662268040263,0.24995896457573916,0.24966242539577804,0.24995222529491287,0.24961955923031412,0.24994481973914082,0.24993725421261875,0.24995829738043318
0.24994712654608914,0.24991714561407885,0.2497277489778244,0.24998510841517202,0.2497361237358599,0.24998498797191965,0.24975353738365097,0.24995383771085114,0.2499999999999999,0.2499860726692977,0.2497350899822127,0.2494078789243685,0.24710835544686033,0.24764023156191464,0.2449639582695798,0.24206988883661187,0.24301289386587818,0.24352705899428634,0.24852435072109558,0.24991876503273472,0.24996299010180453,0.24616535259205152,0.24905902057119378,0.24398186536465138,0.24880014421698632,0.24260175129203404,0.2490753082780823,0.24528124436538623,0.2496549212694787,0.24995820246270023,0.24995932033189538,0.2461810096681493,0.24897790403050635,0.24466139541699658,0.24874098515381451,0.24329859230670586,0.2493594077441931,0.24551402980079715,0.24966416964702964,0.24997092330736825,0.24968510664224935,0.2494130669429868,0.24754831371673974,0.2477117475586826,0.24538226009524783,0.24292732740761694,0.2425616374391505,0.24484502841196096,0.24833523868386306,0.24993469793741066,0.2499545215785566,0.24992197452836226,0.24966339088457612,0.24998576573167458,0.2496891953825801,0.24997902572823874,0.24964632298194522,0.24997161937843063,0.24996405304071598,0.24998509846482567
0.24995303574149472,0.24992305410068183,0.24973365294033706,0.2499910185103178,0.24974202995371234,0.24999089806773717,0.24975944454718663,0.24995927163805148,0.2499860726692977,0.25,0.24974099359596158,0.2494137833242013,0.24711411031673186,0.24764611496278408,0.2449698321490798,0.2420756693028362,0.24301800853656977,0.24353284631995908,0.24853020726441416,0.24992467353416892,0.24996889970419103,0.24617111608981987,0.24906490570957687,0.24398760372661418,0.2488060274938894,0.24260753518912043,0.24908120207588658,0.2452870684777452,0.24966082773509,0.24996411182150158,0.2499652300571955,0.2461868302384333,0.24898378706215207,0.24466717952215744,0.24874685899234858,0.24330433526038292,0.24936530606019253,0.2455198276318237,0.24967006872229658,0.24997683309214355,0.24969100962974458,0.24941896190871526,0.24755416043646042,0.24771760075079677,0.2453880538356815,0.2429330796398943,0.24256737497074635,0.2448508144173658,0.2483411086058562,0.24994060702158313,0.24996043094881804,0.24992788312911524,0.2496692920203121,0.2499916758405754,0.2496950979673988,0.24998493567780106,0.24965222588082006,0.24997752915289018,0.2499699626362939,0.24999100855795484
0.24970208554891568,0.24967213400935162,0.24948292299376768,0.24974003018450433,0.24949129206761572,0.24973990985996286,0.24950868331655868,0.2497083150298636,0.2497350899822127,0.24974099359596158,0.2499999999999999,0.24916286641500437,0.24686585054620822,0.24739757590955316,0.24472400518375603,0.24183275769629753,0.24277464773137383,0.24328841419417288,0.24828072090828193,0.2496737519753214,0.2497179338107366,0.2459246587223772,0.24881487390437051,0.24374276509813367,0.24855625796657788,0.24236403583170185,0.24883114375245674,0.24504084387963065,0.24941017320510628,0.24971315061141425,0.24971426770207347,0.24593967017110865,0.24873381066406877,0.2444215731882618,0.24849712297005608,0.2430601180974673,0.24911494219385277,0.24527337461008794,0.24941940390806977,0.24972585874809206,0.24944032251874118,0.24916855113667313,0.24730562232940353,0.24746891105775626,0.24514170502489427,0.24268921559917206,0.24232384892134437,0.24460499791839838,0.24809178010584976,0.24968966915721974,0.24970947333151292,0.24967695818956764,0.24941862896129025,0.24974068685375148,0.2494444063605193,0.24973395345802815,0.24940157775556993,0.24972655436918664,0.2497189954492926,0.24974002024107178
0.2493749259167678,0.24934501361970624,0.2491560505255447,0.24941282081072555,0.2491644317352359,0.24941270087516648,0.24918189889307943,0.24938114827195476,0.2494078789243685,0.2494137833242013,0.24916286641500437,0.25,0.24654055197919814,0.24707157613823644,0.24441413164395268,0.24151445030703095,0.24245074821951518,0.24296867734836125,0.247955244098445,0.2493466285394477,0.24939075433130128,0.24559480652642257,0.2484884884693285,0.24342173466307146,0.24823030445400038,0.24204481144685722,0.24850499317443372,0.2447194495392817,0.24908339628283582,0.24938597580425895,0.2493870925522604,0.24561739489017512,0.2484079242357039,0.24410114123284068,0.24817151310309432,0.24274134358889168,0.24878858859675032,0.24495176786676784,0.2490926053757108,0.249398669626759,0.24911350575981758,0.24884207016625537,0.24698157045686708,0.24714458842915651,0.24482040794221246,0.24237107356496262,0.24200631875942072,0.24428445345421002,0.2477667097361937,0.2493625270612754,0.24938230402004052,0.2493498314788323,0.24909182569249058,0.2494134766461498,0.24911758541794937,0.24940675207254104,0.24907481350618307,0.24939936267799406,0.24939181366179566,0.24941281090689604
0.24707561103286332,0.24704597453654456,0.24685875284788314,0.24711315659540506,0.24686707634428373,0.2471130375465347,0.2468848237228555,0.24708176069196644,0.24710835544686033,0.24711411031673186,0.24686585054620822,0.24654055197919814,0.25000000000000006,0.24476859517961808,0.24215675960820734,0.2392840251534881,0.24022353685770675,0.2407238223452468,0.24566907157723863,0.2470475710270138,0.24709128968432867,0.24332610945822739,0.24619728498533253,0.24117059697087725,0.24594083787333684,0.23980774514354383,0.24621283271422847,0.2424601213833897,0.24678644862191107,0.24708655967951612,0.2470876523510748,0.243352349590735,0.24611769068595504,0.24184888253231102,0.24588337013007142,0.2405010845085285,0.2464946601130078,0.24269152123330806,0.2467959500126846,0.24709914386183346,0.24681660139111924,0.24654759816600272,0.24470441029153409,0.24486528045070818,0.2425626599147663,0.24013433869442904,0.2397744614674873,0.2420317328038482,0.24548213809336686,0.2470633248137506,0.24708292110739136,0.24705074797110557,0.24679508365472788,0.2471138063124614,0.24682067830947693,0.2471071437412601,0.24677822924256013,0.2470998224795005,0.24709234306759467,0.24711314671152199
0.24760753356582174,0.2475778332658756,0.24739022174667216,0.24764515930881723,0.24739798058278517,0.24764503986494601,0.2474159437419385,0.24761371532653487,0.24764023156191464,0.24764611496278408,0.24739757590955316,0.24707157613823644,0.24476859517961808,0.2500000000000001,0.24262394977873475,0.23975273400206684,0.24070886804025068,0.2412342814883481,0.24619691017696468,0.24757939933150327,0.24762324077129833,0.24384334875530936,0.2467237859936189,0.24164444120762696,0.24646837620113501,0.24028966595070725,0.24674203041240678,0.24297345111045818,0.24731713397258126,0.24761849419391394,0.24761960196496322,0.2438742844252289,0.2466473703854766,0.24236151645321594,0.2464126035354561,0.24100717282321468,0.24702599623412294,0.24320476825475057,0.2473274307891707,0.24763117849121716,0.24734796522263153,0.2470778689704398,0.24523091772948644,0.24538920488256552,0.243081462864638,0.24064232297275925,0.2402883596474386,0.24255051505090347,0.24600998258270612,0.2475952397114793,0.2476148593797115,0.24758261696111725,0.2473260268265193,0.24764581107449682,0.2473521872029792,0.24763913415916006,0.2473094309977109,0.24763179713664063,0.2476243016225072,0.24764515005404802
0.2449316708483918,0.2449022915157613,0.2447169037275578,0.244968881802809,0.2447205414633583,0.2449687677997724,0.24474334588918548,0.24493779059892043,0.2449639582695798,0.2449698321490798,0.24472400518375603,0.24441413164395268,0.24215675960820734,0.24262394977873475,0.2500000000000002,0.23705408172295642,0.23803439506330185,0.23861602092643178,0.24353901198418176,0.24490384989574635,0.24494720380868917,0.24121908247465487,0.24405920682809618,0.23903773122582833,0.24380837039593586,0.23765038027197158,0.24408103759329944,0.24034048554095938,0.24464354072106725,0.2449425319604763,0.24494352867953265,0.24123957234929788,0.24398268331934939,0.23974540155227939,0.24375016732563018,0.23840887252245407,0.2443555789666656,0.24058088681166456,0.24465477922750775,0.244955022723691,0.24467491071027633,0.24440821082112127,0.24258198178364943,0.2427392580250583,0.2404572433064037,0.2380432819993349,0.23769186318784627,0.2399307445809496,0.2433518651357166,0.24491946497045705,0.24493891748775906,0.24490702352349206,0.24465360151550197,0.24496953469795466,0.2446791248883675,0.24496292993796984,0.24463665966579365,0.24495567220592743,0.24494825769484957,0.24496888082007656
0.24203795942987733,0.24200892719531683,0.24182556367714175,0.2420747374578741,0.24183192141006488,0.24207462044758027,0.24184920927257136,0.24204400164861267,0.24206988883661187,0.2420756693028362,0.24183275769629753,0.24151445030703095,0.2392840251534881,0.23975273400206684,0.23705408172295642,0.25000000000000017,0.2351067056175363,0.23571170381569986,0.2406411061592926,0.24201037988517685,0.24205331210137626,0.238355395927935,0.24115755394953817,0.23618881349670137,0.2409175380036174,0.23469266205851158,0.24121092021968296,0.23745539250890843,0.24175303578986604,0.24204865209981663,0.24204958139230184,0.23838797044696192,0.24110224866890975,0.23690705648678653,0.24087025468054266,0.23558175946063029,0.2414717597182273,0.2377294201333126,0.2417640515391908,0.24206111018993043,0.24178422827502585,0.24151973255856413,0.23971473873864346,0.23986889409869364,0.23761227251839342,0.23522641724770027,0.23488321773547693,0.2370942640089275,0.24047601942233518,0.24202595394384527,0.24204512046143403,0.24201360327928323,0.24176254420871438,0.2420753759409149,0.241788429816684,0.24206884921302493,0.24174653431469073,0.2420616772266862,0.24205435031332614,0.2420747297894867
0.24298016519128832,0.2429510199399979,0.24276692151003992,0.24301708752226578,0.24277415963750798,0.24301696946497756,0.24278597184451645,0.24298615750282138,0.24301289386587818,0.24301800853656977,0.24277464773137383,0.24245074821951518,0.24022353685770675,0.24070886804025068,0.23803439506330185,0.2351067056175363,0.25000000000000006,0.23656021586741835,0.2415682048715296,0.2429525812778897,0.2429955559499909,0.23929121335594952,0.24211233728013032,0.237168234390351,0.24186241360567107,0.23570398152037625,0.24214408182255143,0.23834961482401346,0.24269398915521864,0.242990926632305,0.2429918689345973,0.23931723991470008,0.24203893378760558,0.23783389309412425,0.24180769971796937,0.23650804523366023,0.2424093469415124,0.2386622008407686,0.24270525920109082,0.24300334624945744,0.24272545081489805,0.2424608063529093,0.24064928804417435,0.24080502605349283,0.23854067032262216,0.2361448610209245,0.23579739639236902,0.2380187007061414,0.24141279707136046,0.24296805634508528,0.24298735409262148,0.2429557142411921,0.24270423935430174,0.2430177273586391,0.24272968243532217,0.2430111752221656,0.2426874681710043,0.24300397531677498,0.2429966198811947,0.243017078690613
0.2434949081188232,0.24346570112458377,0.2432811970205475,0.24353190940202155,0.24328917208265297,0.24353179157895702,0.24330513109906232,0.24350099612894485,0.24352705899428634,0.24353284631995908,0.24328841419417288,0.24296867734836125,0.2407238223452468,0.2412342814883481,0.23861602092643178,0.23571170381569986,0.23656021586741835,0.24999999999999992,0.242072204535799,0.24346727778203547,0.2435103442606364,0.2398033560103167,0.24262316292515668,0.23765514111436842,0.24236942932309716,0.23628873751622756,0.24264696663205657,0.238829757545032,0.24320934131788227,0.24350566303828133,0.24350674852283644,0.23982359389720195,0.2425508504853042,0.23833476099737255,0.24231975665772337,0.23700214559209654,0.24292449919620665,0.23916248895719944,0.24321886959353695,0.2435181852586719,0.24323964952134744,0.24297385064121912,0.24115725143440928,0.24131299685598157,0.23904233479204853,0.23664444838581083,0.23629691846319612,0.23852118164907982,0.24192357830414987,0.24348283888092895,0.24350211225760235,0.2434704053586398,0.24321784004115543,0.2435325498585526,0.24324381100953366,0.2435259838436241,0.24320180510691272,0.24351876868502684,0.24351139766727575,0.24353189981779338
0.24849148885498445,0.24846168252539996,0.24827338866306334,0.2485292495270786,0.2482817292819758,0.24852912986314962,0.24829843743654725,0.24849768515741327,0.24852435072109558,0.24853020726441416,0.24828072090828193,0.247955244098445,0.24566907157723863,0.24619691017696468,0.24353901198418176,0.2406411061592926,0.2415682048715296,0.242072204535799,0.24999999999999997,0.24846527099816437,0.24850726023432926,0.24472689058519376,0.247607848234937,0.24256063568518058,0.24734936737944585,0.24117363950349283,0.24762490628025832,0.24382748090989784,0.2482008135891085,0.24850249813451386,0.24850360190013132,0.24474717130510243,0.2475279639810939,0.2432358371692737,0.24729226860972056,0.24188087979869033,0.2479073534240945,0.24408338127516901,0.2482101354056842,0.24851515268304947,0.24823099491798364,0.24796051687592618,0.24610668114758896,0.24626895306477561,0.24395292854491202,0.24151170375907827,0.2411487491441262,0.24341893016239016,0.2468889317321324,0.24847913241078862,0.24849884082032606,0.2484664833156035,0.24820937885020086,0.24852990301434505,0.24823507971553388,0.24852320226310787,0.24819242090577823,0.24851583904639782,0.24850831677338808,0.24852923963352588
0.24988573687165283,0.24985576330327816,0.24966641314115856,0.24992370941362216,0.24967478776263125,0.2499235890034456,0.2496921907180994,0.24989197103659716,0.24991876503273472,0.24992467353416892,0.2496737519753214,0.2493466285394477,0.2470475710270138,0.24757939933150327,0.24490384989574635,0.24201037988517685,0.2429525812778897,0.24346727778203547,0.24846527099816437,0.25000000000000017,0.2499015965256532,0.24610479367362859,0.24899783451937016,0.24392181398358184,0.24873903151893115,0.24254217118579907,0.2490141403579033,0.24522109236109454,0.24959360651654408,0.2498968099548714,0.24989792786374804,0.24612054251800938,0.24891674893584498,0.24460129231178565,0.248679884565037,0.24323881016788093,0.24929816581105987,0.24545370951199233,0.24960284631244362,0.2499095278912857,0.24962378130885357,0.2493518061581671,0.24748750734674047,0.2476508992049747,0.2453219797143488,0.24286765729511847,0.24250206110693798,0.24478488618093328,0.24827424291358108,0.24987331151170172,0.24989313008784603,0.24986059103149372,0.24960206910415056,0.24992436656703818,0.24962786875783569,0.2499176282190249,0.24958500783814658,0.24991022368829333,0.2499026592089518,0.2499236994640813
0.24992995615101096,0.24989997727857405,0.24971059360762285,0.24996793541257417,0.24971896981666108,0.2499678149814307,0.2497363758340644,0.24993619143056883,0.24996299010180453,0.24996889970419103,0.2497179338107366,0.24939075433130128,0.24709128968432867,0.24762324077129833,0.24494720380868917,0.24205331210137626,0.2429955559499909,0.2435103442606364,0.24850726023432926,0.2499015965256532,0.2500000000000003,0.24614832826960942,0.24904190767871437,0.24396508127660027,0.24878304890356362,0.24258511736412616,0.24905819794400227,0.2452644076025244,0.24963777368708664,0.2499410312159667,0.2499421492672759,0.2461640971623241,0.24896079771288204,0.2446445830129751,0.2487238915281436,0.2432818634408736,0.2493422804073687,0.2454971522537802,0.2496470156384308,0.2499537513252941,0.24966795423500607,0.24939593150061343,0.24753130303995755,0.24769472602441503,0.24536539496913587,0.24291064121380096,0.24254497564366323,0.24482820507611064,0.2483181776739838,0.24991752855973356,0.24993735067548925,0.2499048058611087,0.24964623860492713,0.24996859268223046,0.249672042338285,0.24996185314181246,0.24962917389112552,0.24995444730078942,0.24994688148285274,0.24996792546122368
0.24613276444815857,0.24610324104543574,0.24591673542955625,0.2461701666372374,0.2459249514511962,0.2461700481235797,0.24594206782076922,0.24613889272879147,0.24616535259205152,0.24617111608981987,0.2459246587223772,0.24559480652642257,0.24332610945822739,0.24384334875530936,0.24121908247465487,0.238355395927935,0.23929121335594952,0.2398033560103167,0.24472689058519376,0.24610479367362859,0.24614832826960942,0.25000000000000006,0.24524578648060147,0.24022205690672135,0.2449995487498567,0.23887553414581136,0.24527236917416192,0.2415308888843459,0.2458443234825927,0.2461436730599206,0.2461448034054205,0.24242315485224775,0.2451774637755191,0.2409235935739609,0.24494466539105952,0.23958042004689373,0.24555383287363156,0.2417631666024942,0.245854248278133,0.24615621816467895,0.2458747435031537,0.24560673497159582,0.24377074480216504,0.24393012405189307,0.24163645131712863,0.23921524970706598,0.23885873598567792,0.2411076361784826,0.24454525975231148,0.24612052209470123,0.24614004662673078,0.246107996261298,0.24585326490538964,0.24617081397366264,0.24587885355188438,0.24616417682661176,0.24583646536866394,0.24615688350332238,0.24614943263303565,0.24617015688974817
0.24902610353370794,0.24899623307757568,0.24880753491737093,0.24906394543566665,0.2488158475217525,0.24906382529477222,0.24883298674153015,0.24903231675176507,0.24905902057119378,0.24906490570957687,0.24881487390437051,0.2484884884693285,0.24619728498533253,0.2467237859936189,0.24405920682809618,0.24115755394953817,0.24211233728013032,0.24262316292515668,0.247607848234937,0.24899783451937016,0.24904190767871437,0.24524578648060147,0.2500000000000001,0.24306186636932778,0.24789912628812152,0.24168430208382197,0.24816486326278175,0.24436799248420862,0.24873507516048757,0.2490371043991621,0.2490386936560132,0.24527218805023954,0.24805728428815382,0.24375536922617363,0.24782515060863375,0.2423970000847183,0.24844038871959073,0.2446050771437393,0.24874413168959572,0.24904984102922686,0.24876504901636515,0.24849393018901691,0.24663601595399878,0.24679760379725726,0.24447631281078866,0.24202794121957416,0.24166639020292704,0.24394150636594725,0.24741982485048697,0.24901372788553006,0.2490334713171186,0.24900104419022745,0.2487432426389251,0.24906460033862926,0.2487691924539034,0.2490578851709956,0.24872636575756263,0.2490505061131121,0.2490429676563788,0.24906393553080747
0.24394959476865247,0.24392033323516027,0.24373548918561644,0.2439866649467352,0.24374326115092496,0.24398654664506259,0.24375948916987528,0.24395567625980097,0.24398186536465138,0.24398760372661418,0.24374276509813367,0.24342173466307146,0.24117059697087725,0.24164444120762696,0.23903773122582833,0.23618881349670137,0.237168234390351,0.23765514111436842,0.24256063568518058,0.24392181398358184,0.24396508127660027,0.24022205690672135,0.24306186636932778,0.2500000000000001,0.24280307341755014,0.23668088964563075,0.24309485117554655,0.23936055407517876,0.24366237493810258,0.24396044335817674,0.24396168326034115,0.24027341725466447,0.24300937899480204,0.2387815795700802,0.2427676710271333,0.2374471549988218,0.24337715475251362,0.23961187289556507,0.2436736970212687,0.24397289721817583,0.24369386149629857,0.2434280129717491,0.24160847138540742,0.2417650761104562,0.2394905360021256,0.23708718842210577,0.2367382798646155,0.23896767918174933,0.24237566392531087,0.24393747200307284,0.24395681235621233,0.24392504625963132,0.24367227275414863,0.2439873067988208,0.24369806149666431,0.243980728522076,0.2436558498513882,0.2439734998905355,0.24396611510862234,0.24398665554353044
0.24876726601804092,0.24873742660923512,0.24854892441536053,0.2488050686038463,0.2485572360011517,0.2488049485396973,0.24857422901889267,0.24877347622182686,0.24880014421698632,0.2488060274938894,0.24855625796657788,0.24823030445400038,0.24594083787333684,0.24646837620113501,0.24380837039593586,0.2409175380036174,0.24186241360567107,0.24236942932309716,0.24734936737944585,0.24873903151893115,0.24878304890356362,0.2449995487498567,0.24789912628812152,0.24280307341755014,0.24999999999999986,0.2414260441791574,0.24793864330124613,0.2441077731510364,0.24848416860772582,0.24877831959185295,0.24877955448695965,0.24502775778153005,0.24784519405659716,0.24351814089325097,0.24756996271171477,0.24215819576457884,0.24818796845882388,0.2443557101565985,0.24848695309006305,0.24879100381997313,0.24850648676513337,0.24823675161087566,0.24637965722210622,0.24654544823934466,0.24421944691612926,0.24177663612089165,0.24140971201785755,0.2436863532833829,0.24716233787802433,0.24875488448469102,0.24877462614272242,0.24874223271781973,0.24848474332897122,0.24880572280949426,0.24851069179962412,0.24879901462147944,0.24846779918814726,0.2487916432334255,0.24878411261215755,0.24880505869259584
0.2425697409704608,0.24254064494918512,0.24235685311543553,0.2426066011662845,0.2423642663828089,0.2426064832388028,0.2423811872513169,0.24257580703451148,0.24260175129203404,0.24260753518912043,0.24236403583170185,0.24204481144685722,0.23980774514354383,0.24028966595070725,0.23765038027197158,0.23469266205851158,0.23570398152037625,0.23628873751622756,0.24117363950349283,0.24254217118579907,0.24258511736412616,0.23887553414581136,0.24168430208382197,0.23668088964563075,0.2414260441791574,0.24999999999999994,0.24169895429789004,0.23796491929273628,0.24228179834283178,0.2425805779133644,0.2425811613763588,0.23891817763055892,0.24165431829174752,0.2374428505729752,0.24140839736505018,0.2361141541020167,0.2420001548306517,0.23826157475156037,0.24229582190139445,0.24259291766235536,0.24231545579846872,0.24205138458728234,0.24024269839831763,0.24040053758703794,0.23813831943314695,0.2357502601512565,0.23540048475377182,0.23761820756995278,0.2410051714566816,0.24255765929161832,0.24257691772973805,0.24254533132305706,0.24229428347105242,0.24260723969048062,0.2423196424461632,0.24260069862186734,0.24227760269967805,0.24259351087763553,0.24258616786631598,0.24260659211821844
0.24904239738438172,0.24901252497381682,0.2488238137264664,0.24908024179654778,0.2488321643035196,0.24908012168440827,0.24884930643140823,0.24904861502854658,0.2490753082780823,0.24908120207588658,0.24883114375245674,0.24850499317443372,0.24621283271422847,0.24674203041240678,0.24408103759329944,0.24121092021968296,0.24214408182255143,0.24264696663205657,0.24762490628025832,0.2490141403579033,0.24905819794400227,0.24527236917416192,0.24816486326278175,0.24309485117554655,0.24793864330124613,0.24169895429789004,0.24999999999999983,0.24437745683874365,0.24878090874591133,0.24905362945353987,0.24905456511590038,0.2453007809166475,0.24811220884635599,0.24380279800452598,0.24790329044734769,0.24243849297926182,0.24846320879590084,0.24463236381023673,0.2487908916129814,0.24906622769726344,0.248781328631383,0.24851236709084168,0.24665299927072507,0.24682395731873857,0.24449496089253028,0.24205705973131472,0.24168400244536034,0.2439622392507207,0.2474366571026149,0.24902999259113356,0.24904976564669676,0.24901733641038248,0.24875988992914005,0.24908089670887157,0.24878548118158605,0.24907418110158602,0.24874263776745398,0.24906680156045383,0.24905926261047703,0.24908023185683995
0.24524885574909527,0.2452194383704226,0.24503360403688812,0.2452861235701175,0.2450417073867772,0.2452860052667267,0.2450582110910661,0.24525498252562705,0.24528124436538623,0.2452870684777452,0.24504084387963065,0.2447194495392817,0.2424601213833897,0.24297345111045818,0.24034048554095938,0.23745539250890843,0.23834961482401346,0.238829757545032,0.24382748090989784,0.24522109236109454,0.2452644076025244,0.2415308888843459,0.24436799248420862,0.23936055407517876,0.2441077731510364,0.23796491929273628,0.24437745683874365,0.24999999999999983,0.24495749019012428,0.24525979334354447,0.2452605502679874,0.24155196336303106,0.24431445518711992,0.24006014644659798,0.24409750504689787,0.23872698156271077,0.24467798973407917,0.24089511378650436,0.24497096289188913,0.24527222481289984,0.24499176044731802,0.24472510465083605,0.24289663398756894,0.24305621862754284,0.24077257840198996,0.2383588671724151,0.23800559994297774,0.24024522131972217,0.24366751642771053,0.24523663212280053,0.24525611177198217,0.245224176512834,0.2449705601276722,0.24528676863237026,0.2449959450281244,0.24528015531928316,0.2449535003455719,0.24527288818823034,0.24526546407540953,0.24528611390744784
0.24962193226368304,0.24959199033843357,0.24940284029048046,0.24965986470713636,0.24941119529986946,0.24965974441904115,0.2494285644842925,0.24962816129572896,0.2496549212694787,0.24966082773509,0.24941017320510628,0.24908339628283582,0.24678644862191107,0.24731713397258126,0.24464354072106725,0.24175303578986604,0.24269398915521864,0.24320934131788227,0.2482008135891085,0.24959360651654408,0.24963777368708664,0.2458443234825927,0.24873507516048757,0.24366237493810258,0.24848416860772582,0.24228179834283178,0.24878090874591133,0.24495749019012428,0.2499999999999998,0.24963296972036356,0.24963408261088466,0.24586369199669086,0.248658814797174,0.24434885473911666,0.24842979260150982,0.24299875728632117,0.24907029992149282,0.24519827998653818,0.2493402606008017,0.2496457126028422,0.24936025582994675,0.24909015549401556,0.24722674732402286,0.24739539986092332,0.24506204137392373,0.24261288716566431,0.24224280873229997,0.2445248554903512,0.24801177471279523,0.2496095003904967,0.24962931767281918,0.24959681296344774,0.249338629193209,0.2496605211778657,0.2493644861730111,0.24965378994265738,0.24932140501694883,0.24964639322956825,0.24963883673605472,0.249659854778967
0.24992516901302142,0.2498951907147977,0.24970581066909642,0.24996314754727403,0.24971418681889876,0.24996302711827814,0.24973159318825508,0.24993140414265094,0.24995820246270023,0.24996411182150158,0.24971315061141425,0.24938597580425895,0.24708655967951612,0.24761849419391394,0.2449425319604763,0.24204865209981663,0.242990926632305,0.24350566303828133,0.24850249813451386,0.2498968099548714,0.2499410312159667,0.2461436730599206,0.2490371043991621,0.24396044335817674,0.24877831959185295,0.2425805779133644,0.24905362945353987,0.24525979334354447,0.24963296972036356,0.2499999999999999,0.2499373629165391,0.2461593546424977,0.24895608333334485,0.2446398087672972,0.24871911309647746,0.24327708819514107,0.24933753938295636,0.24549236942573965,0.24964225546892227,0.2499489642980498,0.24966317208037253,0.24939114517794866,0.2475265631497896,0.24768996543940333,0.24536069110909492,0.24290594883904543,0.2425403515099875,0.24482351934725427,0.24831341863951187,0.24991274185618403,0.24993256339587908,0.24990001920473703,0.24964145380819444,0.24996380480419683,0.24966726107673265,0.24995706539286372,0.24962439202680967,0.24994965969369895,0.24994209402067735,0.24996313759597358
0.24992628707602357,0.24989630864368892,0.2497069277621505,0.2499642657796077,0.2497153033752443,0.24996414534977368,0.24973271015924647,0.24993252232240118,0.24995932033189538,0.2499652300571955,0.24971426770207347,0.2493870925522604,0.2470876523510748,0.24761960196496322,0.24494352867953265,0.24204958139230184,0.2429918689345973,0.24350674852283644,0.24850360190013132,0.24989792786374804,0.2499421492672759,0.2461448034054205,0.2490386936560132,0.24396168326034115,0.24877955448695965,0.2425811613763588,0.24905456511590038,0.2452605502679874,0.24963408261088466,0.2499373629165391,0.2499999999999998,0.24616044907673953,0.24895731250435996,0.24464098826895375,0.24872035044849736,0.24327833356454248,0.2493386916465862,0.24549357621743112,0.24964340530953005,0.2499500820125881,0.24966428899915383,0.2493922601560841,0.24752769741637848,0.24769112697065776,0.24536187302458462,0.24290712844575332,0.24254149175313003,0.24482466837487807,0.24831454177414025,0.24991385913316355,0.24993368149186487,0.2499011371554376,0.24964257866036513,0.24996492304005788,0.24966837845155618,0.24995818359855565,0.2496255070308848,0.24995077786626205,0.24994321215939472,0.24996425582883133
0.2461484761799284,0.24611895089259755,0.24593243278989646,0.2461858807985074,0.24594067469642833,0.24618576220266108,0.2459576568193027,0.2461546171912529,0.2461810096681493,0.2461868302384333,0.24593967017110865,0.24561739489017512,0.243352349590735,0.2438742844252289,0.24123957234929788,0.23838797044696192,0.23931723991470008,0.23982359389720195,0.24474717130510243,0.24612054251800938,0.2461640971623241,0.24242315485224775,0.24527218805023954,0.24027341725466447,0.24502775778153005,0.23891817763055892,0.2453007809166475,0.24155196336303106,0.24586369199669086,0.2461593546424977,0.24616044907673953,0.2499999999999996,0.24518386873286,0.24091443029901524,0.2449437600254007,0.23956615849158677,0.24556177877399074,0.241765769305962,0.24587001146042217,0.24617190582954782,0.24589041991703073,0.2456236990932141,0.24378340548987615,0.2439367885176453,0.24164487591894698,0.23921195694890618,0.23886551100723788,0.24111577647908752,0.2445599022239407,0.24613625806895084,0.2461557588258223,0.24612370639692854,0.24586858808109577,0.24618652813352565,0.24589460501541402,0.24617989056259718,0.24585207618250987,0.24617259677471706,0.24616514542880866,0.24618587100844122
0.2489449969650503,0.24891513623757783,0.2487264988556454,0.2489828265559879,0.24873484541125204,0.24898270659985894,0.24875220831750494,0.2489512073080872,0.24897790403050635,0.24898378706215207,0.24873381066406877,0.2484079242357039,0.24611769068595504,0.2466473703854766,0.24398268331934939,0.24110224866890975,0.24203893378760558,0.2425508504853042,0.2475279639810939,0.24891674893584498,0.24896079771288204,0.2451774637755191,0.24805728428815382,0.24300937899480204,0.24784519405659716,0.24165431829174752,0.24811220884635599,0.24431445518711992,0.248658814797174,0.24895608333334485,0.24895731250435996,0.24518386873286,0.24999999999999986,0.24366033397350617,0.24775240892732964,0.24229901339449733,0.24836682297557555,0.2445165857932433,0.2486678505433504,0.24896867821442484,0.2486840307752945,0.24841542223777807,0.2465547261730378,0.24671272686674303,0.24439496996897828,0.241938701777091,0.24158636240623707,0.243858375678153,0.2473387874612961,0.24893266876421652,0.24895236235180448,0.2489199457758745,0.24866194524790627,0.2489834812309947,0.24868811832363497,0.2489767682505692,0.24864535352427514,0.24896939159665513,0.2489618555951598,0.24898281664045566
