x1,x2,x3,x4,x5,x6,x7,x8,x9,x10,x11,x12,x13,x14,x15,x16,x17,x18,x19,x20,x21,x22,x23,x24,x25,x26,x27,x28,x29,x30,x31,x32,x33,x34,x35,x36,x37,x38,x39,x40,x41,x42,x43,x44,x45,x46,x47,x48,x49,x50,x51,x52,x53,x54,x55,x56,x57,x58,x59,x60
0.25,0.2495097605042787,0.249526190089985,0.24976042839080592,0.2496742577138294,0.24980515645518725,0.24973354904828188,0.24978889839316915,0.24971542724529763,0.2498067677538312,0.2493680839052303,0.22709760218535457,0.24212612193934616,0.20655804406697145,0.24858611106046874,0.203705264517807,0.24297905210442908,0.21204325561794918,0.2429926314142057,0.24884892379374973,0.24954085833539877,0.23724961963161917,0.20787388494683484,0.23093078837285436,0.2097537454695113,0.23148943656079374,0.18855779058324543,0.2287220918308664,0.21814302381762857,0.24872944551939993,0.24902124138061849,0.23694145509173126,0.19704041409055983,0.22380112524471885,0.2104853358635121,0.23523133312244496,0.20701506851457638,0.23721559655646862,0.23025439035352024,0.24942417360958688,0.24947112196083365,0.22268625029023414,0.24589453442764997,0.20165442240624176,0.24841120612029696,0.20998802537882172,0.2427406582808224,0.21223506320790117,0.24466255501211984,0.2493192028295687,0.24941714611839855,0.24960402835447365,0.2494868247453399,0.24976858421360104,0.24963030458037994,0.24980144488573383,0.24978918928190616,0.24975531483383256,0.24961905585392444,0.24980767398713402
0.2495097605042787,0.24999999999999994,0.24941779637929018,0.24965451855099177,0.2495683835416428,0.24969922841137018,0.24962764807153157,0.2496829764648584,0.24960953588017906,0.24970083899187348,0.24926234607057277,0.22700158148324945,0.2420233493845072,0.2064703298487693,0.2484806925564303,0.20361863091998114,0.2428760747408696,0.211953175272116,0.2428895393015017,0.24874340279776855,0.24943504059042892,0.2371489944791983,0.2077854135776998,0.23083281579592002,0.20966474716778288,0.2313914069488371,0.188477660399855,0.22862517242653896,0.21805042629849358,0.24862397752344384,0.2489156403749761,0.23684098818132454,0.19695696234518556,0.22370607186157482,0.21039597264229862,0.2351314688747443,0.20692734176962804,0.2371149263836369,0.230156809961142,0.24931840695072574,0.24936533468799818,0.2225919321297007,0.24579027944470608,0.2015689778469735,0.24830586785966724,0.20989895435635889,0.24263775537205604,0.21214510441375822,0.24455881826196332,0.2492134797876952,0.2493113823671875,0.24949818555971615,0.24938103173792112,0.249662671649166,0.24952444997471732,0.24969551838699194,0.24968326795160217,0.24964940789620638,0.24951320670490307,0.249701744846987
0.249526190089985,0.24941779637929018,0.24999999999999986,0.24966861146695574,0.2495830884042439,0.24971337440243763,0.2496426434459721,0.24969712466114172,0.2496238890792541,0.24971498547665608,0.2492768767812721,0.2270115076592594,0.24203242511014875,0.206463281358298,0.24849494486885781,0.2036092617268062,0.24289091927373482,0.21195206465075367,0.2429008531901393,0.2487575494167896,0.24944918842938218,0.2371718214364423,0.20778018110038618,0.23085816663160397,0.20966825088049915,0.23142297116358326,0.1884587186063489,0.22864656791048418,0.21804817160175027,0.2486387979733215,0.2489297510923332,0.23685397657043258,0.19699458219610919,0.22371573183928875,0.21043646995449986,0.23514027371368967,0.20697087301579487,0.23712547555464805,0.23018334824853212,0.2493324895427609,0.24937939254341193,0.22261752257118766,0.24580440399509815,0.20160331910722568,0.24831995620093217,0.20991426950030823,0.2426561650410987,0.21216177395135408,0.2445739932169951,0.24922749927529278,0.2493255009502214,0.24951231936007928,0.24939516105352064,0.2496768158851576,0.24953853721275937,0.24970966448470272,0.2496974119699416,0.24966355138162108,0.24952734337459903,0.24971589129748376
0.24976042839080592,0.24965451855099177,0.24966861146695574,0.24999999999999994,0.24981911556128344,0.24995009103851534,0.24987843708737625,0.24993382269667982,0.24986030796988642,0.24995170322823312,0.24951276990988167,0.22722974130477838,0.24226651573845273,0.20667781205970287,0.24873032939460307,0.20382323686346843,0.2431201014407488,0.21216614265435668,0.24313356733368663,0.24899330457864383,0.24968563732522425,0.2373871831012596,0.20799416444890287,0.23106463707679278,0.20987545948724332,0.23162381170038504,0.18866720198264988,0.228854840703448,0.21826957042290543,0.24887375578422044,0.24916571446683355,0.23707893669516847,0.19715465764608436,0.22393080885446467,0.21060716736180343,0.23536770599482132,0.2071350523358816,0.23735314707363486,0.23038797399671374,0.24956888758727322,0.24961586216307044,0.2228154903039773,0.24603721872114043,0.2017713339012733,0.2485553314454137,0.2101097925964851,0.24288150013382262,0.21235821206412728,0.24480451067449863,0.24946385494207457,0.2495618553148078,0.24974884620702875,0.24963157475450756,0.2499134975422844,0.24977513724678016,0.24994637727988914,0.24993411454063016,0.2499002204637759,0.24976388243168166,0.24995260999535407
0.2496742577138294,0.2495683835416428,0.2495830884042439,0.24981911556128344,0.24999999999999994,0.24986385474710235,0.24979301883647623,0.2498475949613149,0.2497742851188078,0.2498654659864382,0.24942711070543913,0.2271593220361344,0.24218122534179334,0.20659181475320454,0.248644620907793,0.20373577985312732,0.24304006742831943,0.21208271646939256,0.2430484515158786,0.24890735103657952,0.2495994646625164,0.2373072178277516,0.20790470586856086,0.23098734801398593,0.20980474173286043,0.23155558262852355,0.18859691030967093,0.228782266524854,0.21818954599280546,0.2487881175088244,0.2490796319250699,0.23699719804806985,0.19709019580336404,0.2238501447393351,0.21054370111103327,0.23528409306566542,0.20707455549822035,0.23726892857796886,0.23031455109843943,0.24948283282160996,0.2495297133902227,0.22274218978438437,0.2459530148627193,0.20170561909824122,0.2484697639035746,0.21003581106934785,0.24279948363636708,0.21228616732213076,0.2447206496686591,0.24937776279945012,0.2494757452522849,0.24966267887046445,0.24954546098211766,0.24982727361819465,0.2496889479351245,0.24986014201290102,0.24984788274181613,0.24981400112159527,0.2496777103365249,0.24986637257799713
0.24980515645518725,0.24969922841137018,0.24971337440243763,0.24995009103851534,0.24986385474710235,0.2499999999999999,0.24992318706042077,0.24997858194716158,0.24990505421357068,0.24999646569909773,0.24955745426797996,0.22727044210462874,0.24230989549147317,0.20671480683135385,0.24877487304758755,0.20385971484887558,0.24316364341425714,0.21220412341203393,0.24317710548743748,0.24903789548732036,0.249730352103284,0.23742970115239745,0.20803138971059396,0.23110602403883237,0.20991303830007033,0.23166530946386088,0.18870096451933502,0.22889583350712348,0.21830864620749993,0.2489183258312121,0.24921033601029413,0.23712139375065375,0.19718998532041707,0.2239709044741128,0.21064490053333224,0.2354098500563901,0.20717217079152275,0.2373956487656446,0.23042924420312874,0.24961358147952137,0.2496605644167585,0.2228554051544689,0.24608128083428116,0.20180748516354047,0.24859984385662703,0.2101474211382492,0.2429250005658836,0.21239624638986235,0.24484835261305427,0.24950852994993297,0.24960654795905768,0.2497935723484727,0.24967627990057478,0.24995825317123704,0.24981986804443038,0.24999113879709406,0.24997887385993497,0.24994497371501131,0.2498086112677593,0.2499973726287416
0.24973354904828188,0.24962764807153157,0.2496426434459721,0.24987843708737625,0.24979301883647623,0.24992318706042077,0.24999999999999994,0.249906918262279,0.2498337021393457,0.2499247979007997,0.24948592925649435,0.22720116413686475,0.24225217128518414,0.2066443496437534,0.24870387678337047,0.20379052973814216,0.24309572030473256,0.21213686528259795,0.24310688467204813,0.2489664841240976,0.24965877286921911,0.23736465242227767,0.20796309742617883,0.2310437303694851,0.20985147558738965,0.23160804598665732,0.18863787068702667,0.22883465267283218,0.21824102992051944,0.24884723344574858,0.24913889403832323,0.2370533188271543,0.19714148939272275,0.22390578587081306,0.21059625508650734,0.23534104773525627,0.20712513355839704,0.23732652839256954,0.23036874206562172,0.2495420304158938,0.24958896876241263,0.22279554300579946,0.24601092826954982,0.2017566873230429,0.24852867859816594,0.2100875288695511,0.24285714524005728,0.21233673193895808,0.24477870974267352,0.249436973928731,0.24953498770550453,0.24972196248290143,0.24960471111949453,0.24988659640204006,0.24974823699067936,0.24991947260108832,0.24990721061289806,0.24987332075338636,0.24973699765212654,0.2499257046456648
0.24978889839316915,0.2496829764648584,0.24969712466114172,0.24993382269667982,0.2498475949613149,0.24997858194716158,0.249906918262279,0.2499999999999999,0.24988878816334067,0.2499801943458674,0.2495412099999075,0.2272557367775408,0.24229416758188707,0.2067015059544823,0.24875868029900158,0.2038466196541863,0.243147830248099,0.2121904249884135,0.2431613086990329,0.24902168501261063,0.2497140977628584,0.237414128735715,0.20801796577708404,0.23109082974940962,0.20989952347915106,0.23165005382213946,0.18868909285702265,0.22888086439266214,0.21829461917474516,0.2489021153572233,0.2491941151624266,0.23710596536252596,0.19717677320037272,0.22395635597217978,0.21063086922495858,0.2353945860271464,0.20715831259464867,0.2373802269626269,0.23041409757160772,0.24959733619448587,0.2496443158018914,0.222840727126792,0.24606526598520473,0.20179403655961264,0.24858366513949492,0.21013368033332783,0.242909133485774,0.21238235994680155,0.24483240115743013,0.24949229174240464,0.24959030202471824,0.2497773142179341,0.24966002948919055,0.2499419843065312,0.24980360887812914,0.24997486779197878,0.24996260366988854,0.24992870571461157,0.24979235213013265,0.2499811012178888
0.24971542724529763,0.24960953588017906,0.2496238890792541,0.24986030796988642,0.2497742851188078,0.24990505421357068,0.2498337021393457,0.24988878816334067,0.24999999999999986,0.24990666594898725,0.24946847150314905,0.22720037105129745,0.24223706409018697,0.20664095224306667,0.24868612697288256,0.20377890853826955,0.24308114567601508,0.21212514092331314,0.24309125512086752,0.24894840427452902,0.24964061351838973,0.23735285075584758,0.20794773127481953,0.2310254970672366,0.20984387579717162,0.23158927773639662,0.18862935923294707,0.22881292041470175,0.21822728040418263,0.2488289331423516,0.24912074817228722,0.23703623254591283,0.197117099396304,0.22388943269433684,0.21057279061248704,0.23532484001188456,0.20710043661922678,0.2373092602684571,0.23034816500582364,0.24952396530628576,0.2495708798506644,0.2227752144011909,0.24599325859096824,0.20173383631878822,0.24851069942091578,0.21007044466952438,0.24283810017699747,0.21232010235877707,0.24476056333253626,0.24941890972132244,0.24951688451417106,0.24970384547130908,0.2495866040953427,0.24986846706937244,0.2497301332697146,0.24990134088314422,0.24988908014253455,0.2498551923837648,0.24971887888375813,0.24990757247557324
0.2498067677538312,0.24970083899187348,0.24971498547665608,0.24995170322823312,0.2498654659864382,0.24999646569909773,0.2499247979007997,0.2499801943458674,0.24990666594898725,0.2499999999999999,0.24955906322220184,0.22727191032683453,0.2423114732612539,0.20671617915379298,0.24877647748019643,0.20386107708520598,0.24316521111750122,0.2122055221804711,0.24317868152039016,0.24903950150455653,0.24973196286387864,0.23743120924200536,0.2080327690876543,0.23110748525050873,0.20991441948914133,0.2316667610131174,0.18870226441200094,0.22889729134022488,0.21831009271902124,0.24891992941953348,0.2492119434642912,0.23712292387671716,0.19719118243111675,0.2239723590618481,0.21064619555386283,0.2354113827127154,0.20717342939774633,0.2373971882388676,0.230430697872971,0.24961519168260804,0.24966217493184756,0.22285680599841112,0.2460828676794208,0.2018087245529084,0.24860144757260527,0.21014876611774835,0.24292655537534336,0.2123976032957037,0.24484992851401055,0.24951013958147966,0.24960815794652824,0.24979518353061297,0.24967789033340052,0.2499598654123445,0.24982147954145043,0.24999275125031312,0.24998048623808639,0.2499465858704637,0.24981022254104,0.24999898512216914
0.2493680839052303,0.24926234607057277,0.2492768767812721,0.24951276990988167,0.24942711070543913,0.24955745426797996,0.24948592925649435,0.2495412099999075,0.24946847150314905,0.24955906322220184,0.25,0.22683399639562715,0.24189365463232157,0.20635077127751306,0.2483391019325397,0.2035076611218043,0.2427419993045274,0.2118395203452255,0.24275513742396673,0.24860194868732766,0.24929335113993553,0.23699781879445384,0.20766750553130145,0.23068526850063847,0.20956342598696756,0.23124543241173098,0.18841595288408536,0.228490048040603,0.21794403104435944,0.2484818795062194,0.2487741349781944,0.236706919618799,0.1968039261742493,0.22357934688653147,0.2102434227168013,0.23500244720212007,0.20677207865939096,0.23698180136070598,0.2300120747294219,0.24917699822065606,0.2492238291094179,0.22244804245975108,0.24565126629175155,0.20142085898365866,0.24816517117015255,0.20977142734716386,0.24249459918029923,0.2120182712218548,0.2444185848015507,0.24907212018488872,0.2491698263080521,0.24935652649804607,0.24923945644535708,0.24952091756394812,0.2493828413226963,0.24955374565222754,0.24954150344663983,0.24950766134215094,0.249371536214751,0.24955996857690294
0.22709760218535457,0.22700158148324945,0.2270115076592594,0.22722974130477838,0.2271593220361344,0.22727044210462874,0.22720116413686475,0.2272557367775408,0.22720037105129745,0.22727191032683453,0.22683399639562715,0.25000000000000006,0.2196781126068062,0.18675360966228302,0.22614518816089968,0.18488466392591363,0.221399367239025,0.1932046452299268,0.2213068861684311,0.22638088835322306,0.2270253134873699,0.21474795900324936,0.18843482301602693,0.20891023306830195,0.19188268262846506,0.20990154844457526,0.17429930602327967,0.20785713500274794,0.1994062528777415,0.22623458295505386,0.22653633940407886,0.2155628380046727,0.1764713600549997,0.2033608636511051,0.1892792882339155,0.21412997248624735,0.18596185926941058,0.2157647666592194,0.20866230166917413,0.22693491628412085,0.2269705868000876,0.20153532699577265,0.22376560010417265,0.18122061318831756,0.22602776141615075,0.19037360322874028,0.22053239519763787,0.19269300044715346,0.22252082803463694,0.22683661308405717,0.22691680770795272,0.2270875709383654,0.2269827619686597,0.22723717955583012,0.22711503248875065,0.2272670759827083,0.22725595774882218,0.22722510728157874,0.22710106414877795,0.2272727431598718
0.24212612193934616,0.2420233493845072,0.24203242511014875,0.24226651573845273,0.24218122534179334,0.24230989549147317,0.24225217128518414,0.24229416758188707,0.24223706409018697,0.2423114732612539,0.24189365463232157,0.2196781126068062,0.25,0.19907115880323867,0.24125761994652967,0.19649380938569233,0.23576743868859965,0.2050143321021057,0.23574539277130396,0.24137857123025963,0.24205441071260267,0.23032953242699175,0.20056663683124762,0.22426308537174822,0.2034439856869111,0.22543362032820227,0.18205000391159595,0.22220511097487586,0.21106686976825115,0.24128834519086878,0.2415437806329247,0.22978755225942965,0.19163823408212924,0.21685942940652425,0.20513411456948516,0.22798804353892932,0.20185017338165356,0.2299342051511332,0.2238435222793268,0.24194045913499243,0.24198322969429284,0.21635647554437212,0.23853391872593438,0.1961058309458309,0.24096703034155473,0.20364516651658493,0.2356159083325528,0.2059905463516439,0.23737552082071123,0.24183570475232358,0.24193282648851694,0.2421147902314896,0.2420020777217018,0.2422744352968254,0.24213864615651579,0.2423063101045302,0.2422943404713359,0.24226156415674657,0.24212941842220506,0.24231235230693407
0.20655804406697145,0.2064703298487693,0.206463281358298,0.20667781205970287,0.20659181475320454,0.20671480683135385,0.2066443496437534,0.2067015059544823,0.20664095224306667,0.20671617915379298,0.20635077127751306,0.18675360966228302,0.19907115880323867,0.24999999999999978,0.20554264461187546,0.16690122281151257,0.201045859751357,0.17662454317442638,0.20123468562566257,0.20588048334795858,0.20648866505260782,0.19451451519076518,0.17060237808205253,0.18792597568888958,0.1744435170081836,0.18949003431511288,0.1615233257495673,0.18808383942637005,0.18267854980417178,0.20567170287524741,0.2060406400781315,0.19592565751054258,0.15611738031947972,0.18525766342235683,0.16929144122366635,0.19549899185362518,0.16533284316505414,0.19655989346015806,0.18821082376608766,0.20642642535245523,0.20645212704926577,0.18129940974354525,0.2035225424540911,0.1614180338640297,0.20561846668117914,0.17247290632324652,0.1999827196885096,0.17458739112294058,0.2022266407692319,0.20633652310432293,0.2063938360175583,0.20654868469935025,0.20645446191275327,0.2066845819782131,0.20658190624724637,0.20671177433706742,0.20670187857159467,0.20667360151656178,0.2065606327242273,0.20671692893766797
0.24858611106046874,0.2484806925564303,0.24849494486885781,0.24873032939460307,0.248644620907793,0.24877487304758755,0.24870387678337047,0.24875868029900158,0.24868612697288256,0.24877647748019643,0.2483391019325397,0.22614518816089968,0.24125761994652967,0.20554264461187546,0.24999999999999986,0.2026921792910383,0.2421608370384301,0.2112272533267186,0.24208291332023119,0.24782199416067066,0.24851244459107916,0.23634541090220237,0.20710878806481225,0.2301073680586769,0.20906682428168522,0.2306882781251788,0.18805766903321777,0.22781246511353018,0.21726859842790533,0.2477018634725566,0.24799422075634467,0.23598280418364434,0.1961403000270138,0.2229209739877273,0.20962462625160388,0.23429378775186427,0.20617335361790837,0.23624607295427658,0.2293108372993996,0.2483965977130463,0.24844245615658173,0.2217132758532204,0.24488482889476476,0.20073477265884224,0.24739047013869722,0.20908639888169508,0.24173107215129225,0.21134741474648122,0.24365211618666338,0.24829146843201205,0.24838844379691305,0.24857458028042445,0.24845803795176902,0.2487384514930216,0.24860104277460215,0.2487711766417573,0.2487589766660572,0.24872523684623085,0.24858953503290745,0.24877738005202948
0.203705264517807,0.20361863091998114,0.2036092617268062,0.20382323686346843,0.20373577985312732,0.20385971484887558,0.20379052973814216,0.2038466196541863,0.20377890853826955,0.20386107708520598,0.2035076611218043,0.18488466392591363,0.19649380938569233,0.16690122281151257,0.2026921792910383,0.24999999999999994,0.19707926814164148,0.17336548544484132,0.1981357593682381,0.20305210937930812,0.20363667428648588,0.19211636548652247,0.17026705520545404,0.18641195578707406,0.17003428563800663,0.185910229539073,0.150474781347161,0.1855173184714675,0.17797490620477105,0.2028887509219956,0.2032145944186506,0.19279599347819926,0.156991086806457,0.18237512494303235,0.16884183710535086,0.19195181930850966,0.16506970864249063,0.19346103568421513,0.1861861474416765,0.20355215889258824,0.20359751307540278,0.1800587352662418,0.2004650003191588,0.16186123861795448,0.20272637528587517,0.1709892601280053,0.19749845314887804,0.17275226630931478,0.19947016848100194,0.2034748018807666,0.203545382032005,0.20369574312186695,0.2035968910412581,0.20382991567582698,0.20372339903447548,0.20385673212601096,0.2038470105075791,0.20381908653706707,0.20370778644251195,0.2038618155353946
0.24297905210442908,0.2428760747408696,0.24289091927373482,0.2431201014407488,0.24304006742831943,0.24316364341425714,0.24309572030473256,0.243147830248099,0.24308114567601508,0.24316521111750122,0.2427419993045274,0.221399367239025,0.23576743868859965,0.201045859751357,0.2421608370384301,0.19707926814164148,0.2499999999999999,0.20546600798120132,0.2366738193639434,0.2422285429477138,0.24290539209905415,0.2307714569059971,0.20237330769574544,0.22453300401085088,0.20435392501329802,0.22561819569809707,0.185046997268193,0.22272446536613993,0.21304809313331996,0.24209774598828768,0.2423943308626082,0.23083592114979729,0.19096306226447238,0.21791888714256616,0.20431688327791714,0.22902590286894856,0.2008794558594772,0.23089451248112963,0.2238907573141891,0.2428031562343309,0.24284013537950233,0.2163484700004497,0.2394173774465871,0.19549278633960637,0.24182604080114736,0.20420476170908763,0.2361854611549488,0.20650067583714396,0.23812937859810648,0.2426946187882424,0.242785757013319,0.24296790843423843,0.2428549912146153,0.2431280435566719,0.24299551343829345,0.24316003061036542,0.24314813085479348,0.24311512700735552,0.24298245811640268,0.24316609409897721
0.21204325561794918,0.211953175272116,0.21195206465075367,0.21216614265435668,0.21208271646939256,0.21220412341203393,0.21213686528259795,0.2121904249884135,0.21212514092331314,0.2122055221804711,0.2118395203452255,0.1932046452299268,0.2050143321021057,0.17662454317442638,0.2112272533267186,0.17336548544484132,0.20546600798120132,0.2500000000000003,0.20545825348048227,0.21136769413931478,0.21197311422214213,0.2007527918272357,0.17656231784519544,0.19459502268068074,0.17760252732803025,0.19588224765222367,0.1555277692402639,0.19129047332193166,0.1828070920603213,0.21125452214810167,0.2115388303449634,0.20080982561372668,0.16619405865594208,0.19029017215210425,0.17793595286787695,0.19959606081290038,0.17431261308086657,0.20105048378803864,0.19473943545355912,0.21187953355860445,0.21192568933271022,0.18847154653450968,0.20868103390771225,0.1707109109555196,0.21102020992458304,0.17838036220666692,0.20595285144991032,0.1802955025619813,0.2077229855814914,0.2117943954744856,0.21187754547667112,0.21203330952730412,0.21192861771378654,0.21217308643821833,0.21205823985402392,0.21220100045541218,0.2121908435000578,0.2121618139571844,0.21204603828949758,0.21220629194177126
0.2429926314142057,0.2428895393015017,0.2429008531901393,0.24313356733368663,0.2430484515158786,0.24317710548743748,0.24310688467204813,0.2431613086990329,0.24309125512086752,0.24317868152039016,0.24275513742396673,0.2213068861684311,0.23574539277130396,0.20123468562566257,0.24208291332023119,0.1981357593682381,0.2366738193639434,0.20545825348048227,0.2499999999999999,0.24225042301857064,0.24292020201318557,0.2308725590716638,0.20246766187009885,0.22473458564583199,0.20425907234876364,0.225419078101688,0.1846396973736532,0.22280906439763226,0.21289334367291396,0.24211617487829076,0.24240928531994616,0.23075530081166074,0.19120161558593643,0.21787625488400073,0.20447897350973157,0.2290411551300776,0.20107782071272465,0.23094102762907104,0.22396098758619126,0.24281125060960912,0.2428527736360807,0.21650139717414743,0.23940204329098516,0.19575218528283245,0.24182941558635418,0.2042884554706484,0.23622507177466706,0.2065324471412298,0.2381534105916913,0.24270647357915284,0.24279907508903859,0.24298135155847034,0.2428681780240008,0.24314151091260972,0.24300799037832682,0.24317349974635122,0.24316156999319108,0.24312859365629458,0.24299592995763603,0.24317956357131
0.24884892379374973,0.24874340279776855,0.2487575494167896,0.24899330457864383,0.24890735103657952,0.24903789548732036,0.2489664841240976,0.24902168501261063,0.24894840427452902,0.24903950150455653,0.24860194868732766,0.22638088835322306,0.24137857123025963,0.20588048334795858,0.24782199416067066,0.20305210937930812,0.2422285429477138,0.21136769413931478,0.24225042301857064,0.24999999999999994,0.24877434439647422,0.23651516200896788,0.20718339172620082,0.23022112268961747,0.20908110783101838,0.23079093886298369,0.18791457636021142,0.22802532227509478,0.21743541114031767,0.24796650062971842,0.2482560579623681,0.236206291994612,0.19646633119169485,0.22309378200196947,0.20986182239153553,0.23449327812959775,0.20641559904109708,0.2364769137008704,0.22956291636578446,0.24865780657594347,0.2487047537065785,0.22202491599636304,0.2451376229427729,0.2010694742105525,0.24764768994888353,0.20934912060079494,0.24200138540438298,0.21159196049442533,0.24391279614107958,0.24855320650878726,0.2486510724230568,0.2488373823714738,0.2487204955865603,0.24900143524968876,0.24886345482988215,0.24903419499197343,0.24902197412818133,0.24898820662574242,0.24885236813214104,0.24904040496113672
0.24954085833539877,0.24943504059042892,0.24944918842938218,0.24968563732522425,0.2495994646625164,0.249730352103284,0.24965877286921911,0.2497140977628584,0.24964061351838973,0.24973196286387864,0.24929335113993553,0.2270253134873699,0.24205441071260267,0.20648866505260782,0.24851244459107916,0.20363667428648588,0.24290539209905415,0.21197311422214213,0.24292020201318557,0.24877434439647422,0.25,0.23717133217289948,0.20780435008163667,0.2308760773024513,0.2096892379595428,0.23142110205080857,0.188488505362974,0.22864996058221834,0.21807147250030093,0.24865512761121117,0.24894690007301462,0.23686897454178768,0.19698803643090923,0.2237393730195512,0.21044546119634433,0.23516312165753647,0.20696549321436092,0.23714503865267808,0.23018887048358688,0.24934946899236715,0.24939642192431663,0.22262061055849167,0.24581998932550558,0.20160307153632367,0.24833692530971463,0.20992768062624687,0.24266886378856506,0.2121722726151825,0.24458938404464553,0.24924453966623542,0.2493424670618048,0.24952928398814342,0.2494121072953926,0.2496937907536865,0.2495555585349483,0.249726641584625,0.2497143904064655,0.24968052534641028,0.24954430723774673,0.2497328688207141
0.23724961963161917,0.2371489944791983,0.2371718214364423,0.2373871831012596,0.2373072178277516,0.23742970115239745,0.23736465242227767,0.237414128735715,0.23735285075584758,0.23743120924200536,0.23699781879445384,0.21474795900324936,0.23032953242699175,0.19451451519076518,0.23634541090220237,0.19211636548652247,0.2307714569059971,0.2007527918272357,0.2308725590716638,0.23651516200896788,0.23717133217289948,0.2500000000000003,0.19551423698171932,0.21980461677994523,0.19981823086016584,0.22122364211946158,0.1788313143437063,0.21816947347120294,0.2067173717249183,0.23644009939418487,0.23668301532282032,0.22515586212887811,0.18777654493513224,0.21264995098604006,0.20212955281783584,0.22355611045095905,0.1986913888688712,0.2253110573797964,0.21973916371352334,0.23707409950823902,0.2371095969175617,0.21204379049753863,0.23377392074812717,0.19237808030822434,0.23613511183242739,0.1994937708849975,0.23095867411842647,0.20185702138578784,0.2326186585122515,0.23696580231570816,0.23706039444071034,0.23723848866967248,0.2371286095973478,0.2373949163895795,0.2372627581791038,0.23742614922054142,0.2374144548770649,0.23738230447670947,0.23725281401654905,0.2374320697301158
0.20787388494683484,0.2077854135776998,0.20778018110038618,0.20799416444890287,0.20790470586856086,0.20803138971059396,0.20796309742617883,0.20801796577708404,0.20794773127481953,0.2080327690876543,0.20766750553130145,0.18843482301602693,0.20056663683124762,0.17060237808205253,0.20710878806481225,0.17026705520545404,0.20237330769574544,0.17656231784519544,0.20246766187009885,0.20718339172620082,0.20780435008163667,0.19551423698171932,0.2500000000000001,0.18915953832003374,0.17666241537488295,0.19179455113982483,0.16626943773714936,0.1913558988619167,0.185820036935136,0.2069690698806332,0.20737195268987157,0.1973579382683734,0.15552795331186042,0.18746458968630833,0.1707607659217789,0.1984584866565604,0.16798488701122366,0.19893774327245894,0.19004326256759937,0.20776065721130416,0.20777074055430328,0.1817272710112099,0.20503184718041398,0.1615449028738241,0.20696116527194922,0.17368836360196044,0.20121480611622583,0.17559175208048153,0.2035223910300504,0.20766026083837946,0.20770906639017386,0.20786429522925687,0.20777195420358677,0.20800096974766208,0.20790393899894016,0.20802833528315157,0.2080185593434997,0.20798991933609573,0.2078761414854058,0.20803352271112202
0.23093078837285436,0.23083281579592002,0.23085816663160397,0.23106463707679278,0.23098734801398593,0.23110602403883237,0.2310437303694851,0.23109082974940962,0.2310254970672366,0.23110748525050873,0.23068526850063847,0.20891023306830195,0.22426308537174822,0.18792597568888958,0.2301073680586769,0.18641195578707406,0.22453300401085088,0.19459502268068074,0.22473458564583199,0.23022112268961747,0.2308760773024513,0.21980461677994523,0.18915953832003374,0.2500000000000001,0.19106791580512308,0.21451440969666988,0.17486849798452905,0.21345512165940905,0.20155370975104672,0.2301402217887554,0.2303885726316621,0.21924696728671522,0.18282755762957786,0.20825701000803004,0.19704903001551585,0.21854942928606289,0.1944734911016595,0.21970757707220873,0.21426969297198972,0.23077365827841265,0.23079720812819415,0.20638116935423909,0.22766636026857795,0.18778566587711543,0.2298554668231224,0.19441410067194645,0.2248049649409716,0.1965360797483562,0.22639138978398962,0.23065755561953086,0.23074871468932628,0.23091990382828959,0.230811076560232,0.23107215873208234,0.23094673353272258,0.23110255945670197,0.23109139086327804,0.23105988246856016,0.2309338194049893,0.23110832227838665
0.2097537454695113,0.20966474716778288,0.20966825088049915,0.20987545948724332,0.20980474173286043,0.20991303830007033,0.20985147558738965,0.20989952347915106,0.20984387579717162,0.20991441948914133,0.20956342598696756,0.19188268262846506,0.2034439856869111,0.1744435170081836,0.20906682428168522,0.17003428563800663,0.20435392501329802,0.17760252732803025,0.20425907234876364,0.20908110783101838,0.2096892379595428,0.19981823086016584,0.17666241537488295,0.19106791580512308,0.2499999999999999,0.19161146857432726,0.16179912249920583,0.19223479879205496,0.18870742299850848,0.20887524177321637,0.20927268704087482,0.19993668460671396,0.16121124484610463,0.18972539791773363,0.1706612864287999,0.1987521750447814,0.17016286093852243,0.20119625259183876,0.19258176761105517,0.20965264792152644,0.2096514967417095,0.18374360097598438,0.20694821721027817,0.16404095806288788,0.20882715149878525,0.17547484883538017,0.2031817178091614,0.17716850845616242,0.20535339439229977,0.2095366476573704,0.20958926704467568,0.20974438186380573,0.20964968654451294,0.20988233561779204,0.2097847717629367,0.20990994850606823,0.2099001908365993,0.20987118508674535,0.20975641207887954,0.20991518285463373
0.23148943656079374,0.2313914069488371,0.23142297116358326,0.23162381170038504,0.23155558262852355,0.23166530946386088,0.23160804598665732,0.23165005382213946,0.23158927773639662,0.2316667610131174,0.23124543241173098,0.20990154844457526,0.22543362032820227,0.18949003431511288,0.2306882781251788,0.185910229539073,0.22561819569809707,0.19588224765222367,0.225419078101688,0.23079093886298369,0.23142110205080857,0.22122364211946158,0.19179455113982483,0.21451440969666988,0.19161146857432726,0.2500000000000001,0.1704352403553648,0.2121540773411186,0.20144922414388772,0.2306740199883442,0.2309479949177,0.22007205317166387,0.18567014969367596,0.20883213067344422,0.19631135136121328,0.2182319065149676,0.1921998904382737,0.21972858832790557,0.21389216087740964,0.2313298143359079,0.23135828432741073,0.20675262320054888,0.22808383208408367,0.1883005973464723,0.23038998256190363,0.1950463055853042,0.2251311768666376,0.197131383736519,0.22682980359587432,0.231215841584367,0.23130917782925833,0.23147871482065951,0.23136527563433779,0.23163135075662583,0.23150613289486763,0.2316618247418327,0.23165077407198703,0.2316190444740989,0.23149268373349635,0.2316676015082786
0.18855779058324543,0.188477660399855,0.1884587186063489,0.18866720198264988,0.18859691030967093,0.18870096451933502,0.18863787068702667,0.18868909285702265,0.18862935923294707,0.18870226441200094,0.18841595288408536,0.17429930602327967,0.18205000391159595,0.1615233257495673,0.18805766903321777,0.150474781347161,0.185046997268193,0.1555277692402639,0.1846396973736532,0.18791457636021142,0.188488505362974,0.1788313143437063,0.16626943773714936,0.17486849798452905,0.16179912249920583,0.1704352403553648,0.25,0.16761838327332648,0.16333018143031627,0.187649260445967,0.1880770386649404,0.18106300933937652,0.1412672897903927,0.17275103364382247,0.1549567521543438,0.17801676964434834,0.14602642729849102,0.17820496557929885,0.16932546989723934,0.18849551745187682,0.1884768956461808,0.16272194246028768,0.186167136332817,0.14349398293546606,0.18780666693625384,0.1561893645739491,0.18191469206603966,0.15938941125186265,0.18440836542966632,0.18838224804348405,0.18841156952098342,0.1885496188737145,0.18846462767039948,0.18867342457533595,0.18859630988359122,0.1886982469526408,0.18868980109130032,0.18866340062886322,0.18856005077211868,0.1887029523558982
0.2287220918308664,0.22862517242653896,0.22864656791048418,0.228854840703448,0.228782266524854,0.22889583350712348,0.22883465267283218,0.22888086439266214,0.22881292041470175,0.22889729134022488,0.228490048040603,0.20785713500274794,0.22220511097487586,0.18808383942637005,0.22781246511353018,0.1855173184714675,0.22272446536613993,0.19129047332193166,0.22280906439763226,0.22802532227509478,0.22864996058221834,0.21816947347120294,0.1913558988619167,0.21345512165940905,0.19223479879205496,0.2121540773411186,0.16761838327332648,0.2500000000000004,0.1972497586837439,0.22787360096960085,0.22817435601440597,0.21777400686845058,0.18353318434340715,0.2060534017823549,0.19555584851970448,0.2148459634682146,0.18826047102659527,0.2168225101764167,0.21040758032199808,0.22857136276414472,0.228595356030288,0.20351185549148318,0.22535390091245536,0.1847722046476418,0.22768878786716468,0.1921449679647467,0.22222196052547943,0.1945946334463371,0.2240799641899626,0.22845822749549943,0.22854359734837604,0.22871156877052912,0.22860135286237535,0.22886230464561683,0.22874181439062022,0.2288924143999852,0.22888153763342958,0.22885014555021185,0.22872523548982673,0.2288981221060693
0.21814302381762857,0.21805042629849358,0.21804817160175027,0.21826957042290543,0.21818954599280546,0.21830864620749993,0.21824102992051944,0.21829461917474516,0.21822728040418263,0.21831009271902124,0.21794403104435944,0.1994062528777415,0.21106686976825115,0.18267854980417178,0.21726859842790533,0.17797490620477105,0.21304809313331996,0.1828070920603213,0.21289334367291396,0.21743541114031767,0.21807147250030093,0.2067173717249183,0.185820036935136,0.20155370975104672,0.18870742299850848,0.20144922414388772,0.16333018143031627,0.1972497586837439,0.2500000000000004,0.217239263076607,0.21759685828242228,0.20795240461742795,0.16776601463466495,0.19720532751901293,0.182252916609579,0.20582751007960465,0.17588685654228692,0.20663402354643276,0.19887601266714833,0.21802457635150718,0.21802993482346633,0.1917291546528491,0.2152161724123406,0.17146943338624993,0.2171829868067432,0.18252796761007276,0.21137953503345772,0.18528981746361037,0.21361163969764116,0.21791002010313168,0.21797112569239396,0.21813318889712568,0.2180334993727176,0.21827672495481373,0.21817048219851473,0.21830544229407778,0.21829513887572144,0.21826512850631902,0.21814582286151543,0.21831088599616225
0.24872944551939993,0.24862397752344384,0.2486387979733215,0.24887375578422044,0.2487881175088244,0.2489183258312121,0.24884723344574858,0.2489021153572233,0.2488289331423516,0.24891992941953348,0.2484818795062194,0.22623458295505386,0.24128834519086878,0.20567170287524741,0.2477018634725566,0.2028887509219956,0.24209774598828768,0.21125452214810167,0.24211617487829076,0.24796650062971842,0.24865512761121117,0.23644009939418487,0.2069690698806332,0.2301402217887554,0.20887524177321637,0.2306740199883442,0.187649260445967,0.22787360096960085,0.217239263076607,0.2500000000000004,0.24813600970672967,0.2360699137116915,0.19643459721586426,0.22294559161384836,0.20984471759077933,0.2343477966494814,0.2063764102956303,0.2363366965189556,0.22947543916812657,0.24853762786376896,0.24858499813151586,0.22195493679032224,0.24501281757553645,0.2010296298264587,0.24752800682975284,0.20925167717868562,0.24189833057596027,0.21151008769554133,0.24380039169646023,0.24843342623489906,0.24853157936392198,0.2487179036621445,0.2486011251352076,0.24888188138784728,0.24874366290541933,0.2489146254132534,0.24890239676594925,0.24886865912769557,0.24873288994514348,0.24892083240097077
0.24902124138061849,0.2489156403749761,0.2489297510923332,0.24916571446683355,0.2490796319250699,0.24921033601029413,0.24913889403832323,0.2491941151624266,0.24912074817228722,0.2492119434642912,0.2487741349781944,0.22653633940407886,0.2415437806329247,0.2060406400781315,0.24799422075634467,0.2032145944186506,0.2423943308626082,0.2115388303449634,0.24240928531994616,0.2482560579623681,0.24894690007301462,0.23668301532282032,0.20737195268987157,0.2303885726316621,0.20927268704087482,0.2309479949177,0.1880770386649404,0.22817435601440597,0.21759685828242228,0.24813600970672967,0.25000000000000044,0.23634414581977983,0.19646820086978656,0.22325936121931106,0.2099526205645631,0.23467049270642565,0.20647621891504944,0.23663578015473574,0.2297017803399787,0.24883043321428047,0.24887712393954733,0.22212401665904133,0.24530882055402523,0.2010935487571925,0.247820867994318,0.209457362789991,0.24215630437033095,0.2117217931828085,0.24407995570873847,0.24872573393189779,0.2488231773946926,0.24900968986855793,0.24889288226834888,0.2491738508098699,0.24903594926771744,0.24920663324545786,0.24919440295164333,0.24916061303558915,0.24902467645072632,0.24921284751446904
0.23694145509173126,0.23684098818132454,0.23685397657043258,0.23707893669516847,0.23699719804806985,0.23712139375065375,0.2370533188271543,0.23710596536252596,0.23703623254591283,0.23712292387671716,0.236706919618799,0.2155628380046727,0.22978755225942965,0.19592565751054258,0.23598280418364434,0.19279599347819926,0.23083592114979729,0.20080982561372668,0.23075530081166074,0.236206291994612,0.23686897454178768,0.22515586212887811,0.1973579382683734,0.21924696728671522,0.19993668460671396,0.22007205317166387,0.18106300933937652,0.21777400686845058,0.20795240461742795,0.2360699137116915,0.23634414581977983,0.2500000000000003,0.18435103166138397,0.21258288123113614,0.19891149529049895,0.22416399716668775,0.1975946894330584,0.22577600639734902,0.21928113518283796,0.23677891137228246,0.23680940870643974,0.21023651026220566,0.23351611982453033,0.1894850173248829,0.2358395830455857,0.1988863451207566,0.23016907678212586,0.20133743777879612,0.23215908528951334,0.23666855350332328,0.2367540251846321,0.23693056472449864,0.23681917303118866,0.2370866795753838,0.2369602143987859,0.23711787164997336,0.23710640062204394,0.23707408383202594,0.23694466947213802,0.23712378446812282
0.19704041409055983,0.19695696234518556,0.19699458219610919,0.19715465764608436,0.19709019580336404,0.19718998532041707,0.19714148939272275,0.19717677320037272,0.197117099396304,0.19719118243111675,0.1968039261742493,0.1764713600549997,0.19163823408212924,0.15611738031947972,0.1961403000270138,0.156991086806457,0.19096306226447238,0.16619405865594208,0.19120161558593643,0.19646633119169485,0.19698803643090923,0.18777654493513224,0.15552795331186042,0.18282755762957786,0.16121124484610463,0.18567014969367596,0.1412672897903927,0.18353318434340715,0.16776601463466495,0.19643459721586426,0.19646820086978656,0.18435103166138397,0.2500000000000005,0.17120223804549722,0.16665195535520388,0.18480682531802,0.17567782702445253,0.18674465399140536,0.18668069832715506,0.19685101109766348,0.19691196269477662,0.17469116555796646,0.1934629272944192,0.15717981014722204,0.19611781662463296,0.16584691129693355,0.19182024663961345,0.1691667860109227,0.19319264083542903,0.19678545059144031,0.1968818271636237,0.1970309573206074,0.1969328053184065,0.19716103915106512,0.19703766228293645,0.197186978585358,0.19717687865905198,0.1971505646856039,0.197043179508306,0.1971918956869054
