x1,x2,x3,x4,x5,x6,x7,x8,x9,x10,x11,x12,x13,x14,x15,x16,x17,x18,x19,x20,x21,x22,x23,x24,x25,x26,x27,x28,x29,x30,x31,x32,x33,x34,x35,x36,x37,x38,x39,x40,x41,x42,x43,x44,x45,x46,x47,x48,x49,x50,x51,x52,x53,x54,x55,x56,x57,x58,x59,x60
0.25000000000000006,0.24782307593173575,-0.13211343813215418,0.24722902059955323,-0.14552746082669563,0.24845392572588512,-0.20663390999819825,0.24833846042226776,-0.1955993505964287,0.24913839093581147,0.07257333553520187,-0.07770727121356587,0.08734992029546405,-0.09088913269745923,0.12662109620652057,-0.13167055112331538,0.18611554532189714,-0.17647614243627482,0.18057906652191313,-0.17570347091151192,-0.04205215665044701,0.05553399502295336,-0.06449288660404617,0.07090843719177678,-0.05957404028593871,0.08925461624617058,-0.08944392341116217,0.1306532031516182,-0.13298158511335303,0.17746238211468696,0.07836585001361558,-0.06639396517616893,0.06263061314809715,-0.04496207071718797,0.03838107711318335,-0.01798418785449414,0.035030333745963003,0.029517075966998024,-0.03182006485374582,0.1482696977845779,-0.04486911364488317,0.04276634512382729,-0.03037265128661077,0.023711505979895773,0.0295354273363786,-0.041436481569272925,0.10170154091036884,-0.09666328315856683,0.13867071821999133,-0.13397263357891706,0.24610550850664156,0.2441842906646694,-0.05187541749386179,0.24634276020455712,-0.08112530666919038,0.24519314205918205,-0.12628929177893508,0.24845643055183783,-0.16224888469282817,0.24913940861545109
0.24782307593173575,0.25,-0.13404652568324113,0.24680877964498577,-0.14614632773277864,0.24799454264182474,-0.2062471493997839,0.24788129933320124,-0.19528383076524788,0.248680714560135,0.07462497589600836,-0.07976354092589119,0.08940564446475885,-0.09285716877817297,0.1274561861790892,-0.13226344345159227,0.18586554207372402,-0.17629612830305944,0.1803032592305142,-0.1754878787144908,-0.043928516799920006,0.05748485073848314,-0.06640953357278231,0.07281767925545846,-0.061370974603709716,0.09044442355682367,-0.09057680196753146,0.13109887335621434,-0.1334120883016523,0.1772472561975558,0.08007310125813599,-0.06825061897585613,0.06453799607389027,-0.046756000710525436,0.04013760874530489,-0.019637021534266618,0.036457577624165426,0.02839112271528905,-0.03073271100024761,0.14768765015022173,-0.04660134860221371,0.044515989712750934,-0.03208539780578291,0.025414751761694988,0.028081631742467392,-0.040038173110727215,0.10062586865997034,-0.0958148128734781,0.1380362621658536,-0.133332349483022,0.24567780911972045,0.24370469274043333,-0.050537320087251016,0.24587237407809714,-0.07990484573222449,0.24471757097856753,-0.125315337402652,0.24799581451233338,-0.1616977249512927,0.24868171753903473
-0.13211343813215418,-0.13404652568324113,0.24999999999999992,-0.1348342430964568,0.1583166647031292,-0.13269337029796677,0.12127816623057863,-0.1326363429400508,0.11672991395990334,-0.13292409955224116,-0.18954408841649814,0.19492743783222094,-0.20461198988806592,0.2019863204233976,-0.16416999908593988,0.1479209760655981,-0.12026018419287025,0.11688033251857713,-0.11212701049957044,0.11312065408245255,0.1583558427564493,-0.17271551459550644,0.17858077408591577,-0.18350170576359998,0.170825223937448,-0.15342242593371064,0.14903432242104117,-0.1299144112465321,0.13041819572894106,-0.11448426623545715,-0.17471598581174708,0.17602746116174503,-0.17673358873637074,0.1586695744448748,-0.15244372024928432,0.13141667418876624,-0.12912815385655704,0.06432767107829102,-0.06022528940689672,-0.05396893855234221,0.15311629839760912,-0.1529406400007105,0.14271830030512583,-0.13797538095629355,0.08506605729183134,-0.07331409623501489,0.010257184868606963,0.0006356925225370477,-0.04389884440549583,0.040237773158091523,-0.13306546424417118,-0.12807275972495896,-0.0610364959972085,-0.1301469441968743,-0.03389172774198184,-0.12900482574484382,0.01351037451515465,-0.13225628546386495,0.06581121959681822,-0.13292361804413408
0.24722902059955323,0.24680877964498577,-0.1348342430964568,0.24999999999999986,-0.14819699544084905,0.24740995827391446,-0.2064003148249661,0.24729496595754816,-0.1953339993006752,0.24808670772233593,0.07530406171842191,-0.0804446096376976,0.09009023682601397,-0.09362804938692511,0.12926386008826987,-0.13380654121085597,0.18626540005340175,-0.17663089405259597,0.1805078632176112,-0.17573665556357404,-0.04458835908901234,0.05816109328451177,-0.06713095858401198,0.07356261834725782,-0.06211763681646722,0.09147609824838462,-0.0915800312731743,0.13183741472955834,-0.13414052306037594,0.17749420632559676,0.0808435803823828,-0.06898669576376874,0.06525916419523586,-0.047469670946284244,0.0408516370245143,-0.020344648040487176,0.03725934159716872,0.027620728347143245,-0.02995843713022927,0.14696651036185282,-0.04731798750971653,0.045241516778944404,-0.03280001630205171,0.0261213133663583,0.02739767563365306,-0.03935875022443343,0.09996113191960648,-0.09507897727282569,0.13731585552092782,-0.13260788365674958,0.24510294982382128,0.24310850259171735,-0.04985704564094893,0.24527719574804804,-0.07924180032669821,0.24412192516841935,-0.12466082680273986,0.24740146114067904,-0.16099318886671923,0.24808769002483108
-0.14552746082669563,-0.14614632773277864,0.1583166647031292,-0.14819699544084905,0.24999999999999992,-0.1469888128574357,0.15057014255438664,-0.14621582902732003,0.1430596523515365,-0.14629972921891157,-0.16655405199016288,0.17176056728054231,-0.18145345599192955,0.18494499265209605,-0.2306925906437769,0.2111313937809717,-0.15961626385266284,0.15121203530724528,-0.1435409309978753,0.14451852415611383,0.1350731554460505,-0.14957019240952396,0.15849694926487953,-0.16509461610811024,0.16172849195030642,-0.17626095632701788,0.1723527730670852,-0.16220757023565346,0.16288057736542355,-0.14590383889407973,-0.16341035530542697,0.15826740152174848,-0.15680425653860652,0.14516800377685932,-0.1416367733112642,0.12149563031405235,-0.13065129748387547,0.06517651068029946,-0.06194849202238918,-0.05431075387281285,0.13677295952951543,-0.1362784054786695,0.12808407408343128,-0.1243450278748162,0.07333169179488652,-0.06222081669368651,0.0001798492671274784,0.0014912477118555285,-0.044542727128274354,0.04035622484103763,-0.14608865563616602,-0.14151128858846662,-0.04610198467312432,-0.14350206199922813,-0.021716457830353218,-0.1423369512440968,0.024106754797231858,-0.1456178062740985,0.0675646043488117,-0.1462988191097185
0.24845392572588512,0.24799454264182474,-0.13269337029796677,0.24740995827391446,-0.1469888128574357,0.24999999999999992,-0.20807298783413428,0.2485300789072615,-0.19669846070510105,0.24930772436902918,0.07356912071062727,-0.07870137478494475,0.08834647946763545,-0.09188634030417454,0.12803838351950578,-0.13306703025014993,0.187516109691723,-0.17785776766282568,0.18195530220403613,-0.17707376472185674,-0.04285308654188749,0.05641894153582665,-0.065388979749507,0.07182821030601644,-0.060838431919466265,0.0905880648800139,-0.09076461273060595,0.1319956798134422,-0.1343292168413201,0.1788381745456263,0.07927225688051989,-0.06728578641227151,0.0635248264464565,-0.04607311960039298,0.039593256858176176,-0.019131290845456738,0.03619987043307699,0.028667826100485204,-0.030987905474763565,0.14800878696296987,-0.045714366139030994,0.04361650540737523,-0.031321749250253834,0.024730265872413382,0.028658323993746827,-0.040579597907363,0.10115425622199997,-0.0961404355499923,0.13836211042311664,-0.1336443868129894,0.24628638709623876,0.24433664177975714,-0.051302858371617306,0.24649879214486642,-0.080496219973246,0.24534296056311283,-0.1258600178027674,0.24862240872679092,-0.16205212684253326,0.24930873065669198
-0.20663390999819825,-0.2062471493997839,0.12127816623057863,-0.2064003148249661,0.15057014255438664,-0.20807298783413428,0.25,-0.2081754582613187,0.2204772815258375,-0.20738544022881444,-0.08803069570441133,0.09297799540145296,-0.10265220377538863,0.1061682558219282,-0.15320638286340668,0.17256973505784307,-0.22880668088271827,0.21911471180313535,-0.22326314561843066,0.2183595547161662,0.05763966572773755,-0.0719980298259687,0.08092091375335149,-0.08772267636968235,0.0975971778831306,-0.13075549733337508,0.1316387706887394,-0.17332706922075503,0.17560829945694448,-0.22012883150085158,-0.09464720946420237,0.08282039792044951,-0.07945426312519989,0.0781006709737052,-0.07861066985320687,0.06053891297854629,-0.0776160415893133,0.012860376057589775,-0.010554026531703571,-0.10625353133745674,0.06462046952609161,-0.06308093114829827,0.058901332070768725,-0.05741274090793351,0.010747657725049244,-0.0009445075053837882,-0.05961285260302884,0.05448218794633919,-0.09671818533188999,0.09203057321333985,-0.2053735792320731,-0.2028150421173501,0.021940025924955444,-0.20460992502120323,0.04062368950443401,-0.20342748890162407,0.08418500861215845,-0.20670065030743537,0.12037181068155495,-0.20738580397084064
0.24833846042226776,0.24788129933320124,-0.1326363429400508,0.24729496595754816,-0.14621582902732003,0.2485300789072615,-0.2081754582613187,0.2500000000000002,-0.19709489148085282,0.24919365032647178,0.07336924870994628,-0.07850054954745335,0.08814545732337296,-0.09168496198910256,0.1275487257680943,-0.1331111772009791,0.1876262356230208,-0.1779677898647012,0.18206556588910375,-0.17718394640326657,-0.042697203028212116,0.05626247914331312,-0.0652321588887033,0.07167462836223709,-0.06086989863716045,0.09065387510307114,-0.09087359011756885,0.13210560710454494,-0.1344390490593111,0.17894835429525582,0.07911588207655329,-0.06712905969402651,0.06337180710371311,-0.04607847978023898,0.03966447022082409,-0.019241353285489572,0.0363099319492911,0.028556807798041,-0.03087681254120491,0.14789597171150715,-0.04559563094674509,0.04349861081906643,-0.03128342214005487,0.02474173246216899,0.028571137558315866,-0.040468792930031514,0.10104268439286597,-0.09602841772529475,0.13824950105395703,-0.1335318779526974,0.24617338166927122,0.24422679898120708,-0.0513215246834936,0.2463850917378642,-0.08040423797645709,0.24522895381260215,-0.1257478480958601,0.248508351080299,-0.16193921524651925,0.24919466315657843
-0.1955993505964287,-0.19528383076524788,0.11672991395990334,-0.1953339993006752,0.1430596523515365,-0.19669846070510105,0.2204772815258375,-0.19709489148085282,0.25000000000000006,-0.1963270369366617,-0.08915420105390663,0.09385718785270898,-0.10355517302805888,0.10704330889734606,-0.14620950528294333,0.16566162690790642,-0.2218566837382053,0.2265737314867075,-0.23472799942704684,0.2297211196546287,0.058868435681657186,-0.07342197581863201,0.08234683416270366,-0.0891731621467569,0.09985536689559667,-0.13305832190534908,0.13961425134877242,-0.1814174365535338,0.18389684551356206,-0.22837842161375405,-0.09601395984611218,0.08424923009516448,-0.08097343411683791,0.08299359510589574,-0.08432896379323804,0.06902029522673386,-0.08606980618465507,0.02211923875914692,-0.01984630489422863,-0.09595331154892243,0.06699482077106632,-0.06558086915085355,0.06316011771379786,-0.06273072507790468,0.01899636803156686,-0.010061644582608859,-0.049891225538730884,0.04464397204311449,-0.08652465694733129,0.08187741770939533,-0.19454065853172087,-0.19191986136162395,0.016342550700271373,-0.19358830037899524,0.03176191056515384,-0.19240553258770132,0.07423016222882549,-0.19564822122886108,0.10998260351821637,-0.1963274958046944
0.24913839093581147,0.248680714560135,-0.13292409955224116,0.24808670772233593,-0.14629972921891157,0.24930772436902918,-0.20738544022881444,0.24919365032647178,-0.1963270369366617,0.24999999999999986,0.07339940909409642,-0.07853644669781779,0.08818077905680595,-0.09172048033944429,0.12736403347128292,-0.1323799095892139,0.18682628380747204,-0.1771690769343794,0.18126592503683617,-0.17638482391404492,-0.04269817334432331,0.05625169396959208,-0.06522233507072232,0.0716537059551856,-0.060219701363712075,0.08990009896369867,-0.09008256923788588,0.13130652716376717,-0.1336408677741567,0.17814896773279737,0.07910758848191632,-0.06711904656923139,0.063350091866448,-0.04556674950208675,0.03894250799398134,-0.018443064449206,0.03551120887384051,0.029356336061798747,-0.0316765500388023,0.14869739480521685,-0.045476891372770986,0.043370073401910986,-0.030908713747051807,0.024212277695549875,0.029305731641772782,-0.04126786959220661,0.10184094693630778,-0.09682904895055132,0.13904926283539817,-0.13433118014707668,0.24695893941570668,0.245017336327599,-0.051747917634939807,0.2471867436917083,-0.08115081096388672,0.24603147323380498,-0.12654817243461078,0.24931092526199725,-0.16273916509419523,0.24999724562868672
0.07257333553520187,0.07462497589600836,-0.18954408841649814,0.07530406171842191,-0.16655405199016288,0.07356912071062727,-0.08803069570441133,0.07336924870994628,-0.08915420105390663,0.07339940909409642,0.24999999999999978,-0.24435937714264366,0.23462544692059223,-0.23119777260535335,0.1818578832104128,-0.15829052114713693,0.10081162111279704,-0.10013129279545308,0.09226627338444594,-0.09521206748481954,-0.20798795751488194,0.22249644783009404,-0.2176022239738407,0.21742222576332168,-0.2044760505463277,0.17574852246183348,-0.16980366403205496,0.13238147642907547,-0.13224705085032298,0.0963768004466522,0.2080220704334002,-0.2138827634411434,0.21580666191213746,-0.19823693639843956,0.1923685696957007,-0.1726946927490095,0.1636715610954081,-0.10337207062858139,0.0989092952038007,0.007232072146766446,-0.19179319109151108,0.19246397616682973,-0.18328512311577544,0.17924764904067514,-0.12991691195252025,0.11898025676257157,-0.05906746873649572,0.04331130242045131,-0.002331130757721937,0.005394108696960519,0.07494519209681212,0.068893208671461,0.10706360564287834,0.07080839940332666,0.08220461967843241,0.0697416162600836,0.037125874799674656,0.07277874489245457,-0.017598765587852436,0.07339814899448055
-0.07770727121356587,-0.07976354092589119,0.19492743783222094,-0.0804446096376976,0.17176056728054231,-0.07870137478494475,0.09297799540145296,-0.07850054954745335,0.09385718785270898,-0.07853644669781779,-0.24435937714264366,0.2499999999999999,-0.2401478567128531,0.23670698412129332,-0.1870621950826997,0.16334891131387558,-0.1057236142255181,0.10484315001995685,-0.09686771604452113,0.09979280643644951,0.21216656005757253,-0.22714271184477627,0.22226064264680484,-0.22247434640518868,0.20934727747605722,-0.18053570889965495,0.17446978941650715,-0.13698151713817197,0.13687783710442464,-0.10103470154652476,-0.21276958259392373,0.21850474057632593,-0.22041118870201873,0.20241602710605683,-0.19641255346616254,0.17609546524976724,-0.16726224102014775,0.10488575737650689,-0.10031312195287496,-0.009534591137212322,0.19573151016702311,-0.1963804918205258,0.18692696931661587,-0.18276502228763258,0.1317934034004746,-0.12049733260708538,0.05859344899508959,-0.04270412384125143,0.0003453664004827086,-0.003538852935176086,-0.08006227774996784,-0.07387689936828609,-0.10808584573817152,-0.07585617657179197,-0.08243304179174879,-0.07475224607231495,-0.035877272899751726,-0.07789413235149147,0.020312348893733474,-0.07853523133587015
0.08734992029546405,0.08940564446475885,-0.20461198988806592,0.09009023682601397,-0.18145345599192955,0.08834647946763545,-0.10265220377538863,0.08814545732337296,-0.10355517302805888,0.08818077905680595,0.23462544692059223,-0.2401478567128531,0.24999999999999967,-0.24642895300587997,0.19666897627588334,-0.17306199427099636,0.11540561283953032,-0.11455134035165197,0.10657409275229048,-0.10940885576106142,-0.20271160481714381,0.21768656026426422,-0.2232201016064038,0.22799456288514863,-0.2150072344863544,0.188130389226553,-0.18220927572185971,0.14583687759461159,-0.14578075590367418,0.11065366541725333,0.21523502630454366,-0.2196666617389745,0.22138126915251372,-0.2031644237544442,0.19707997655846593,-0.1758716394852605,0.16951264550140016,-0.10450849540683467,0.09999540017732352,0.013842613839065633,-0.196135018403251,0.19667608335249218,-0.18693599981590814,0.18262374691592387,-0.12970971086125557,0.11798643909907887,-0.054203209083725494,0.0399402180244689,0.00370945586488698,-0.0002892854324629999,0.0895808858118221,0.08334765666109852,0.1052688351624448,0.0854039435686978,0.07857306310579298,0.08426212277294302,0.030626930535504405,0.08751482002694048,-0.025291272931761557,0.08817959833611232
-0.09088913269745923,-0.09285716877817297,0.2019863204233976,-0.09362804938692511,0.18494499265209605,-0.09188634030417454,0.1061682558219282,-0.09168496198910256,0.10704330889734606,-0.09172048033944429,-0.23119777260535335,0.23670698412129332,-0.24642895300587997,0.24999999999999997,-0.20011778013707174,0.17655522180080585,-0.11890729962142485,0.11803427057766505,-0.11005592602901598,0.11285292116403357,0.19952082621142642,-0.21451224345969358,0.2234226355757685,-0.22988104366310982,0.21696365035294282,-0.1907602174146133,0.18489115843040452,-0.14896351802753763,0.1489263760550694,-0.11409961923462562,-0.21598920574611782,0.21994081647597905,-0.22158767004158025,0.20330420378593664,-0.19719575737127257,0.1756853600225152,-0.1702282159411927,0.10429997220004668,-0.09980950833348055,-0.015456146536527274,0.19615023917383406,-0.19665092675749718,0.18681470192226726,-0.1824521960424776,0.12886052274341223,-0.1169889592034333,0.0525418047741629,-0.03887688094132162,-0.00523289876063056,0.0017308562105944666,-0.09307266474011339,-0.0868261443363044,-0.10414319306269555,-0.08890929044685612,-0.07709150073164321,-0.08775387354889244,-0.028657646139724408,-0.09104605537637718,0.02714637155436644,-0.09171930772787204
0.12662109620652057,0.1274561861790892,-0.16416999908593988,0.12926386008826987,-0.2306925906437769,0.12803838351950578,-0.15320638286340668,0.1275487257680943,-0.14620950528294333,0.12736403347128292,0.1818578832104128,-0.1870621950826997,0.19666897627588334,-0.20011778013707174,0.24999999999999986,-0.225785509480543,0.16807321383671886,-0.15979608181218397,0.15144364835550508,-0.15278556808978982,-0.1500788250285496,0.16491457586755648,-0.1738413041099568,0.18050141422114163,-0.18015873008194333,0.19242754417720992,-0.18806908480193738,0.17445541090068215,-0.17500132147561603,0.15414713028891797,0.17765967316634054,-0.17334935059696777,0.17220825657561742,-0.1628443906516259,0.16036886604243492,-0.14042745972202017,0.14847447024977609,-0.08293376258667437,0.0796011698731854,0.036594666008550526,-0.15214259989419207,0.15193642483295075,-0.14503446481173154,0.14214365603931253,-0.0920155019252018,0.0811953665139845,-0.018922800984520746,0.016356300283722508,0.02682478589132667,-0.02270322960380693,0.12766695197582867,0.12263379355738407,0.06325511787359732,0.1245695084164216,0.04044670414503009,0.1234002385071686,-0.005304144890933512,0.12668233629346148,-0.049764668349237776,0.1273628608473887
-0.13167055112331538,-0.13226344345159227,0.1479209760655981,-0.13380654121085597,0.2111313937809717,-0.13306703025014993,0.17256973505784307,-0.1331111772009791,0.16566162690790642,-0.1323799095892139,-0.15829052114713693,0.16334891131387558,-0.17306199427099636,0.17655522180080585,-0.225785509480543,0.24999999999999992,-0.19218737309185804,0.1836229366089252,-0.17525826320831908,0.17588802931643313,0.12782979533544211,-0.14269614724384044,0.1516097014435962,-0.15852790505910488,0.17349510857004635,-0.2074543446855618,0.20455049598265218,-0.19489375918194415,0.19553167699622448,-0.17729159450710338,-0.16107345912814544,0.15258896283815998,-0.1502389730139099,0.1520322219719384,-0.15430012207559646,0.13593080928126897,-0.1517101030393585,0.0862169332466147,-0.08348130556150975,-0.0333701173743906,0.13412040719720145,-0.13371603351050687,0.1316481043394932,-0.13161709972682253,0.08580197122250323,-0.07632721669248173,0.01517549807901256,-0.01891102400138945,-0.023860106990401964,0.01942050901859967,-0.13244251887077887,-0.12788559222962512,-0.050877845026189125,-0.12960232534384641,-0.034422723256515936,-0.12841342411183831,0.009240075625327625,-0.13169348738363673,0.04740567495990367,-0.13237892569598256
0.18611554532189714,0.18586554207372402,-0.12026018419287025,0.18626540005340175,-0.15961626385266284,0.187516109691723,-0.22880668088271827,0.1876262356230208,-0.2218566837382053,0.18682628380747204,0.10081162111279704,-0.1057236142255181,0.11540561283953032,-0.11890729962142485,0.16807321383671886,-0.19218737309185804,0.24999999999999978,-0.23783751725255353,0.22911186163319014,-0.22529381288552627,-0.07051792873805313,0.08515786693034445,-0.09405925111191182,0.10095650573664626,-0.11644196014413224,0.1504957286807489,-0.15162083591483558,0.19279425362692942,-0.1949494121732614,0.22689704366033478,0.10745766456717994,-0.09594468987910425,0.09270440775478671,-0.09572975133762794,0.09816179186076592,-0.08078323983191209,0.09783764525597932,-0.033143580303018325,0.030838427307077816,0.08583554523304734,-0.07854590113714448,0.07729711245077808,-0.07534868979259485,0.075264125313216,-0.030473531791008097,0.021264308216945867,0.039277690359147854,-0.03411751051913742,0.07635982775656562,-0.07169144686733195,0.18535277739287626,0.18236967722266748,-0.004956611760360608,0.18406166375556202,-0.020733461972953157,0.1828726307782251,-0.06377822825839914,0.18614202285271408,-0.09998729746742753,0.18682643109239042
-0.17647614243627482,-0.17629612830305944,0.11688033251857713,-0.17663089405259597,0.15121203530724528,-0.17785776766282568,0.21911471180313535,-0.1779677898647012,0.2265737314867075,-0.1771690769343794,-0.10013129279545308,0.10484315001995685,-0.11455134035165197,0.11803427057766505,-0.15979608181218397,0.1836229366089252,-0.23783751725255353,0.2499999999999999,-0.2411576561976133,0.2372057375450093,0.06975725043460841,-0.08459215743882575,0.09350657607783691,-0.10048074942651676,0.11821269230493206,-0.15261755574116484,0.16199824065885113,-0.20410940298683453,0.20627567041257786,-0.2388100851460829,-0.10695466860398618,0.09540416415047463,-0.09227981008229218,0.10085687754654556,-0.10478716745427803,0.09122632080186342,-0.10833351504420734,0.04345342076569696,-0.04114675623524616,-0.07587270789671421,0.07927116127377686,-0.0781332131657512,0.07900645836403145,-0.0806541016969657,0.03956335878297805,-0.031528263630796145,-0.029212218683442273,0.024004751558523236,-0.06638786924110238,0.061708976547968586,-0.17589351531787964,-0.1728863265417219,0.0006131101600961891,-0.1744125724742075,0.011587040310884526,-0.17320347707116754,0.053763460256404445,-0.17648241184013178,0.09008744251884768,-0.17716886547202199
0.18057906652191313,0.1803032592305142,-0.11212701049957044,0.1805078632176112,-0.1435409309978753,0.18195530220403613,-0.22326314561843066,0.18206556588910375,-0.23472799942704684,0.18126592503683617,0.09226627338444594,-0.09686771604452113,0.10657409275229048,-0.11005592602901598,0.15144364835550508,-0.17525826320831908,0.22911186163319014,-0.2411576561976133,0.24999999999999972,-0.24467037648225187,-0.06214170633802309,0.07696137041688016,-0.08587332848075721,0.09283456611325865,-0.11063109208995074,0.1449981587013997,-0.1545106267132626,0.19655088314771307,-0.19901435726997463,0.24306686700524163,0.09949863150921874,-0.08777866394489818,0.08466394211370998,-0.09343920114357372,0.09739921523072302,-0.08408563147172007,0.10115398427162085,-0.037201280766354324,0.034931946687500874,0.0808751140732199,-0.07199456347336551,0.07077279191712725,-0.07176504919593966,0.07346752683683705,-0.0330236561498558,0.025125736938302657,0.03486143526735153,-0.029563854139270724,0.07147780558007939,-0.06683770128424654,0.17982387116947615,0.17703968794432712,-0.006937115159406094,0.1785406867796422,-0.017555247103448492,0.17734360408310076,-0.05916973884117431,0.1805863283138726,-0.09494015536578307,0.18126567722335402
-0.17570347091151192,-0.1754878787144908,0.11312065408245255,-0.17573665556357404,0.14451852415611383,-0.17707376472185674,0.2183595547161662,-0.17718394640326657,0.2297211196546287,-0.17638482391404492,-0.09521206748481954,0.09979280643644951,-0.10940885576106142,0.11285292116403357,-0.15278556808978982,0.17588802931643313,-0.22529381288552627,0.2372057375450093,-0.24467037648225187,0.24999999999999983,0.06554923690882845,-0.08049356959280711,0.08939703187568669,-0.0963634837711305,0.1144877490431123,-0.14879151158450324,0.1587867797673747,-0.20069804829293644,0.2032135745511079,-0.24738025502170058,-0.10296007325198574,0.09129231029974691,-0.08820259115861662,0.09748880691165361,-0.10161205987490009,0.08857412162552368,-0.1056040058232501,0.041793819090673485,-0.039525939664790885,-0.07614018740357219,0.07560166945617082,-0.07444899494213322,0.07571631486436595,-0.07758785006105888,0.03751150201242405,-0.029722937315609946,-0.030184152383960373,0.024887739056915964,-0.06676520593111877,0.062134658140571515,-0.175071547308614,-0.17218119411772553,0.002806809144805378,-0.17366464783771815,0.01297950111222441,-0.17246769517509083,0.054452220556302,-0.1757059905293919,0.09019803938220541,-0.17638451875063085
-0.04205215665044701,-0.043928516799920006,0.1583558427564493,-0.04458835908901234,0.1350731554460505,-0.04285308654188749,0.05763966572773755,-0.042697203028212116,0.058868435681657186,-0.04269817334432331,-0.20798795751488194,0.21216656005757253,-0.20271160481714381,0.19952082621142642,-0.1500788250285496,0.12782979533544211,-0.07051792873805313,0.06975725043460841,-0.06214170633802309,0.06554923690882845,0.2499999999999999,-0.23486675309185562,0.22554688672256257,-0.21384399051139935,0.20030469845883778,-0.162254215094299,0.15549473999721647,-0.10983595308660019,0.1094348742192557,-0.06653971979052406,-0.21166141477742548,0.2216915828625759,-0.22408432708278006,0.20719353832083012,-0.20164391242600155,0.18536525712483867,-0.16821983613704328,0.11395448379037135,-0.10904494638319738,0.010071738074557548,0.2016505530972896,-0.20274290329006647,0.1943182784453045,-0.19067609887389678,0.14631037705070482,-0.13654457962044841,0.07979745842885763,-0.058334469454357704,0.019319856018009757,-0.021814397196929132,-0.04480339518019385,-0.038570429207648256,-0.12354504582270198,-0.04029134278269658,-0.10194174932688972,-0.039285014619294664,-0.05946398214013303,-0.04212067594103345,-0.0012827253021777038,-0.04269703746071331
0.05553399502295336,0.05748485073848314,-0.17271551459550644,0.05816109328451177,-0.14957019240952396,0.05641894153582665,-0.0719980298259687,0.05626247914331312,-0.07342197581863201,0.05625169396959208,0.22249644783009404,-0.22714271184477627,0.21768656026426422,-0.21451224345969358,0.16491457586755648,-0.14269614724384044,0.08515786693034445,-0.08459215743882575,0.07696137041688016,-0.08049356959280711,-0.23486675309185562,0.24999999999999967,-0.24042993485896663,0.22871540166117357,-0.21523454373234496,0.17715800982485777,-0.17052803714318548,0.1247840159397555,-0.12443023889075142,0.08148724464275163,0.2257959171946838,-0.2361163889466658,0.23848020641223439,-0.22063951959087752,0.21477920635699596,-0.19479449662872045,0.17775359217114883,-0.1162801161563101,0.11110001323138595,-0.0031102205799279736,-0.21335620425685523,0.2144045187532332,-0.2053336124959951,0.20147767509838518,-0.15141195712751662,0.1403443937475823,-0.0779620293440401,0.055534385821750236,-0.013141485697491028,0.015943550853678944,0.05831732145775534,0.05167027383675981,0.12750648228319952,0.05360558099428532,0.10267960229251118,0.05251314425755076,0.055725137895839494,0.055621409046730866,-0.006647366342003478,0.05625050658608881
-0.06449288660404617,-0.06640953357278231,0.17858077408591577,-0.06713095858401198,0.15849694926487953,-0.065388979749507,0.08092091375335149,-0.0652321588887033,0.08234683416270366,-0.06522233507072232,-0.2176022239738407,0.22226064264680484,-0.2232201016064038,0.2234226355757685,-0.1738413041099568,0.1516097014435962,-0.09405925111191182,0.09350657607783691,-0.08587332848075721,0.08939703187568669,0.22554688672256257,-0.24042993485896663,0.25000000000000006,-0.23815347336139153,0.22468355610217655,-0.18602494439312084,0.17947217662218834,-0.1336454540453124,0.13331783468262107,-0.09037325363327159,-0.2346539092105202,0.24515191876242867,-0.24789422542837,0.22951946746681257,-0.2234928999234195,0.20151454260922155,-0.18440543904351714,0.11835322788974795,-0.11296636841979445,-0.0013727492666566455,0.2208398380710176,-0.22185960424651224,0.2125926028856636,-0.20876804650787598,0.15519783378728338,-0.1433482821040726,0.07714077080798569,-0.053999924335256216,0.009216181434248304,-0.012229266242243768,-0.06726806965913383,-0.06035010423432835,-0.12997800064591705,-0.062413051186042984,-0.10347501581147386,-0.0612583244542899,-0.05357002239047538,-0.06455495358360425,0.011796771036596697,-0.06522116417453035
0.07090843719177678,0.07281767925545846,-0.18350170576359998,0.07356261834725782,-0.16509461610811024,0.07182821030601644,-0.08772267636968235,0.07167462836223709,-0.0891731621467569,0.0716537059551856,0.21742222576332168,-0.22247434640518868,0.22799456288514863,-0.22988104366310982,0.18050141422114163,-0.15852790505910488,0.10095650573664626,-0.10048074942651676,0.09283456611325865,-0.0963634837711305,-0.21384399051139935,0.22871540166117357,-0.23815347336139153,0.25000000000000006,-0.231643050509031,0.19303293532249194,-0.18647546094414738,0.1406646132989876,-0.14032557423854577,0.09735703096994264,0.22666589230566686,-0.23367386391515987,0.23635779752463787,-0.21843614742184395,0.2125287008705977,-0.19110134892573322,0.18084641101670354,-0.11588963477582975,0.1110411679617236,0.001957330220757303,-0.21004462817354944,0.21086341050271873,-0.20177375465138686,0.19798691467404542,-0.145266252361561,0.13359859830596368,-0.06943775239747312,0.051981938376718,-0.008253731030869781,0.01146227721335284,0.07348299561314006,0.066857573338045,0.12047208858842462,0.06888906423934499,0.09436256111657788,0.0677526892694891,0.04608990565547449,0.07099317323624268,-0.012920089189701738,0.07165253225274577
-0.05957404028593871,-0.061370974603709716,0.170825223937448,-0.06211763681646722,0.16172849195030642,-0.060838431919466265,0.0975971778831306,-0.06086989863716045,0.09985536689559667,-0.060219701363712075,-0.2044760505463277,0.20934727747605722,-0.2150072344863544,0.21696365035294282,-0.18015873008194333,0.17349510857004635,-0.11644196014413224,0.11821269230493206,-0.11063109208995074,0.1144877490431123,0.20030469845883778,-0.21523454373234496,0.22468355610217655,-0.231643050509031,0.25000000000000017,-0.21101129605712374,0.20446200886900803,-0.1587089624049309,0.15837813962739136,-0.11552492254522434,-0.21364208492317996,0.22027238786841905,-0.22338417636271488,0.22714711682405453,-0.2286985588611576,0.20701760037842634,-0.1974036311107663,0.13132793875487936,-0.126461538491464,0.011505932829017294,0.2012797162365085,-0.20222534580169957,0.20382218272195823,-0.2068047290580907,0.15864346989276715,-0.14848852887583702,0.0833328557198479,-0.06627645880983787,0.02184897717098491,-0.025138491566251732,-0.062235002998188876,-0.05574558257381618,-0.12255635630915604,-0.05743186953007938,-0.10717519318685433,-0.056252832263435595,-0.05960280628694925,-0.05954741616661463,-0.0002543909724524274,-0.06021833682155062
0.08925461624617058,0.09044442355682367,-0.15342242593371064,0.09147609824838462,-0.17626095632701788,0.0905880648800139,-0.13075549733337508,0.09065387510307114,-0.13305832190534908,0.08990009896369867,0.17574852246183348,-0.18053570889965495,0.188130389226553,-0.1907602174146133,0.19242754417720992,-0.2074543446855618,0.1504957286807489,-0.15261755574116484,0.1449981587013997,-0.14879151158450324,-0.162254215094299,0.17715800982485777,-0.18602494439312084,0.19303293532249194,-0.21101129605712374,0.2499999999999998,-0.23912876899361085,0.19329534289152825,-0.1929679476507939,0.15001420666587426,0.19233991684829252,-0.18625483824911523,0.18474366310811824,-0.18897271638262875,0.19240194497744814,-0.1743544421853327,0.1884305635469483,-0.12345514484651429,0.12036667005654451,-0.005411431095587954,-0.16813664588436855,0.1683464871501421,-0.1679486449893889,0.16904368795182892,-0.1247566866948887,0.11571673766242238,-0.05508184425206445,0.05730193363876933,-0.01482705200627291,0.01898469485190915,0.09104697467857406,0.08554077972845876,0.0885797780966345,0.08716723226696582,0.0742020765190629,0.08599210115830085,0.031153575878050815,0.0892246281824128,-0.008220388373914912,0.08989891348808253
-0.08944392341116217,-0.09057680196753146,0.14903432242104117,-0.0915800312731743,0.1723527730670852,-0.09076461273060595,0.1316387706887394,-0.09087359011756885,0.13961425134877242,-0.09008256923788588,-0.16980366403205496,0.17446978941650715,-0.18220927572185971,0.18489115843040452,-0.18806908480193738,0.20455049598265218,-0.15162083591483558,0.16199824065885113,-0.1545106267132626,0.1587867797673747,0.15549473999721647,-0.17052803714318548,0.17947217662218834,-0.18647546094414738,0.20446200886900803,-0.23912876899361085,0.2499999999999999,-0.20333051682379483,0.20302008238695238,-0.1600882034288041,-0.18740600252977527,0.18019700347509088,-0.17828368451607418,0.18717575107076734,-0.19157882314343,0.17825335228394107,-0.19541544694486457,0.12951728503984142,-0.126607841274018,0.009707767757356803,0.16306506905457333,-0.1632304082337824,0.16494807538390277,-0.16727636138063212,0.12648678431640692,-0.11860830927213442,0.057497899160977244,-0.06212099862367458,0.01916189569855372,-0.02349219533945457,-0.09119031614237262,-0.08583935135355159,-0.0853801711353496,-0.08732655826899652,-0.07539513790559516,-0.08611588333020197,-0.03315349528171784,-0.0893951164481868,0.004451518875089826,-0.0900811661034739
0.1306532031516182,0.13109887335621434,-0.1299144112465321,0.13183741472955834,-0.16220757023565346,0.1319956798134422,-0.17332706922075503,0.13210560710454494,-0.1814174365535338,0.13130652716376717,0.13238147642907547,-0.13698151713817197,0.14583687759461159,-0.14896351802753763,0.17445541090068215,-0.19489375918194415,0.19279425362692942,-0.20410940298683453,0.19655088314771307,-0.20069804829293644,-0.10983595308660019,0.1247840159397555,-0.1336454540453124,0.1406646132989876,-0.1587089624049309,0.19329534289152825,-0.20333051682379483,0.24999999999999956,-0.24667042242688755,0.20236319891240173,0.14565828532544584,-0.13553569083983757,0.13246158883096396,-0.14165844249581508,0.1459617344014855,-0.13297155775437286,0.15010392384707186,-0.08663525825801421,0.08439528584897951,0.03111693968193678,-0.11924717789190394,0.11877962686698368,-0.12013270397303241,0.12202909861495384,-0.0821170656022822,0.07440167151779731,-0.014547185901624985,0.020060000803220936,0.02188447090440093,-0.017284941420410475,0.131308298776057,0.1271200119169662,0.04175397224332283,0.1285917214065693,0.03174943139527265,0.12739606924228727,-0.009591437765028231,0.13062796713711256,-0.04529494681067128,0.13130569265998068
-0.13298158511335303,-0.1334120883016523,0.13041819572894106,-0.13414052306037594,0.16288057736542355,-0.1343292168413201,0.17560829945694448,-0.1344390490593111,0.18389684551356206,-0.1336408677741567,-0.13224705085032298,0.13687783710442464,-0.14578075590367418,0.1489263760550694,-0.17500132147561603,0.19553167699622448,-0.1949494121732614,0.20627567041257786,-0.19901435726997463,0.2032135745511079,0.1094348742192557,-0.12443023889075142,0.13331783468262107,-0.14032557423854577,0.15837813962739136,-0.1929679476507939,0.20302008238695238,-0.24667042242688755,0.2499999999999998,-0.20507053806287825,-0.14542163308280848,0.13520706485689443,-0.132122628749209,0.14127234477920614,-0.14559485952546308,0.1326879654265282,-0.14985423916787774,0.08696236420098963,-0.08467672386537708,-0.03234376499720633,0.11888772130197318,-0.1183944988213346,0.11970481118324823,-0.12158850630257204,0.08173381636144882,-0.07403056589494182,0.013850421637403696,-0.01952398283766081,-0.022978819798449544,0.01832490845701006,-0.13360088785730942,-0.12943387643608995,-0.040611555509941444,-0.1309022248938761,-0.030902168071477915,-0.12969005479671888,0.01059121696914302,-0.13295349907874207,0.046682483712632165,-0.13364003929122936
0.17746238211468696,0.1772472561975558,-0.11448426623545715,0.17749420632559676,-0.14590383889407973,0.1788381745456263,-0.22012883150085158,0.17894835429525582,-0.22837842161375405,0.17814896773279737,0.0963768004466522,-0.10103470154652476,0.11065366541725333,-0.11409961923462562,0.15414713028891797,-0.17729159450710338,0.22689704366033478,-0.2388100851460829,0.24306686700524163,-0.24738025502170058,-0.06653971979052406,0.08148724464275163,-0.09037325363327159,0.09735703096994264,-0.11552492254522434,0.15001420666587426,-0.1600882034288041,0.20236319891240173,-0.20507053806287825,0.24999999999999994,0.10400236929972129,-0.0922747937698564,0.08916774607918214,-0.0984728463671243,0.1026431053188325,-0.08956580147931688,0.10667162076843763,-0.04225087411148062,0.03995089637617613,0.07694614771184691,-0.07641257681333517,0.07524925881772393,-0.07650619242419837,0.07838252442311436,-0.0379732479068816,0.030128529491536674,0.030411943675514034,-0.025134307780446053,0.06746660891554403,-0.06279113303433274,0.1768229974952759,0.17390411666441724,-0.0028265583689381377,0.17540069830732674,-0.013044851260734245,0.17419059634553352,-0.05493683150924655,0.17746307093103442,-0.09114217137469949,0.17814880513496892
0.07836585001361558,0.08007310125813599,-0.17471598581174708,0.0808435803823828,-0.16341035530542697,0.07927225688051989,-0.09464720946420237,0.07911588207655329,-0.09601395984611218,0.07910758848191632,0.2080220704334002,-0.21276958259392373,0.21523502630454366,-0.21598920574611782,0.17765967316634054,-0.16107345912814544,0.10745766456717994,-0.10695466860398618,0.09949863150921874,-0.10296007325198574,-0.21166141477742548,0.2257959171946838,-0.2346539092105202,0.22666589230566686,-0.21364208492317996,0.19233991684829252,-0.18740600252977527,0.14565828532544584,-0.14542163308280848,0.10400236929972129,0.25,-0.23695868125436081,0.23324442203951304,-0.21497339162466853,0.20892219006336682,-0.18707060379651197,0.1699667464974073,-0.10434849651969949,0.09911379799845117,0.015046499812098591,-0.2119664497267135,0.21279989342840275,-0.20057558872016573,0.1942651148843472,-0.14086753593060475,0.12904955052589484,-0.06305608590877412,0.04009315566857599,0.004493960200551671,-0.0014048396810657031,0.08074405969237304,0.07416837541025202,0.11808414765940667,0.07630423324874151,0.0892436909472353,0.0751513268933516,0.03949304177775425,0.07844138251509318,-0.025488255310879847,0.079106522251055
-0.06639396517616893,-0.06825061897585613,0.17602746116174503,-0.06898669576376874,0.15826740152174848,-0.06728578641227151,0.08282039792044951,-0.06712905969402651,0.08424923009516448,-0.06711904656923139,-0.2138827634411434,0.21850474057632593,-0.2196666617389745,0.21994081647597905,-0.17334935059696777,0.15258896283815998,-0.09594468987910425,0.09540416415047463,-0.08777866394489818,0.09129231029974691,0.2216915828625759,-0.2361163889466658,0.24515191876242867,-0.23367386391515987,0.22027238786841905,-0.18625483824911523,0.18019700347509088,-0.13553569083983757,0.13520706485689443,-0.0922747937698564,-0.23695868125436081,0.24999999999999994,-0.24622257030478248,0.22784893863316247,-0.22181529703391506,0.19976554680743208,-0.18144872868134945,0.11528181084705359,-0.10984208847015468,-0.0044842456796409065,0.22461399780931462,-0.22564800934835966,0.21340266332487565,-0.2070815459357852,0.15346262048955397,-0.14160149195410657,0.07516455983501111,-0.05098909274360477,0.006136385873260895,-0.009128446515817366,-0.06906736429787246,-0.062164758024849116,-0.13067050949304893,-0.06430772569349116,-0.10170128792987135,-0.06315224980904813,-0.051599321791970215,-0.06645195122739395,0.014797901904515747,-0.0671179040022765
