x1,x2,x3,x4,x5,x6,x7,x8,x9,x10,x11,x12,x13,x14,x15,x16,x17,x18,x19,x20,x21,x22,x23,x24,x25,x26,x27,x28,x29,x30,x31,x32,x33,x34,x35,x36,x37,x38,x39,x40,x41,x42,x43,x44,x45,x46,x47,x48,x49,x50,x51,x52,x53,x54,x55,x56,x57,x58,x59,x60
0.25000000000000006,0.24991154437164032,0.24965596019288594,0.24997277618144464,0.24986240671907278,0.24998357131966903,0.2499292117421553,0.24998588328573465,0.2499497038785785,0.24998253753723454,0.24973361358064472,0.2490258063324361,0.24828626469456075,0.2465039562982588,0.24667207221662477,0.23990675956820298,0.24544576684460442,0.24192589542724782,0.24946320424482815,0.24991918527376292,0.24998203792864604,0.2477674546657201,0.24838964121127757,0.24613546069384104,0.24794419325495742,0.24530839030951448,0.2484043076303784,0.24739907054543944,0.24931344362608762,0.24998671573250422,0.24995863759337722,0.2477784998852469,0.24786904199318463,0.24627372357328564,0.24757836625053464,0.24526777513074333,0.24854957785831766,0.2474824425312198,0.24947294471832498,0.24998406833203682,0.2496691642539887,0.2490724916596271,0.24845241982400146,0.2465815810540138,0.2471181668556446,0.2413485866060638,0.2450643704888112,0.24334467192763182,0.2493397903130505,0.24994769849705548,0.24997728471154976,0.24993128645022855,0.24962140024204885,0.2499782754888397,0.24986265024380033,0.24998068805636803,0.2499473638571458,0.2499881230944578,0.24992938596655884,0.24998046604364674
0.24991154437164032,0.25000000000000017,0.24958854777666148,0.24990527821816877,0.24979493855789786,0.24991607044147635,0.2498617255422041,0.24991838178326195,0.2498822121453149,0.24991503693818504,0.24966618019635492,0.24895856407114905,0.24821922212523673,0.2464373949900886,0.24660546551358292,0.2398419796433873,0.2453794912700806,0.24186057029282926,0.2493958438768072,0.24985170178117122,0.2499145374645019,0.24770055218613232,0.2483225707280966,0.24606899888731754,0.24787724305219375,0.24524215182957554,0.24833723318695233,0.24733226753739504,0.2492461236966173,0.2499192140052533,0.24989114344782065,0.247711594423215,0.2478021120828589,0.2462072244328449,0.2475115148288382,0.245201547617766,0.24848246418884204,0.24741561701096695,0.24940558172016916,0.24991656731964035,0.24960174827238704,0.24900523679230943,0.24838533238926036,0.24651499878550925,0.24705143969756738,0.24128341735729864,0.24499819789941094,0.2432789636933989,0.24927246326941446,0.2498802073052873,0.24990978553087495,0.2498637996900619,0.24955399715774582,0.24991077604063372,0.24979518201686843,0.24991318795671763,0.2498798727557376,0.24992062098718912,0.2498618997195632,0.24991296600394453
0.24965596019288594,0.24958854777666148,0.2500000000000001,0.24964970044780058,0.24954084959188694,0.24966049281895056,0.24960617439039132,0.2496627914720676,0.24962666310051979,0.24965944899739015,0.24941094838378233,0.24870385744516174,0.24796327152518588,0.24618558469269158,0.24635454178847174,0.2395975111273609,0.24512962118634588,0.24161367040334678,0.2491408153267982,0.24959617895705424,0.24965895020696277,0.24744765420215337,0.24806857366849405,0.24581729566341184,0.247623749561284,0.2449915088430776,0.24808326736018094,0.24707941927103028,0.2489912221070412,0.24966362204335693,0.24963558050260318,0.2474582651078751,0.24754868804561553,0.24595544373376896,0.24725838348405582,0.24495079698083733,0.24822834500352386,0.24716259587013004,0.2491505197813,0.24966097800241507,0.2493464808392659,0.24875058030764302,0.2481313109478522,0.24626289558983835,0.2467987876972613,0.24103667353346134,0.24474764916905975,0.24303017611258398,0.24901753340400903,0.24962465517654564,0.2496542031819983,0.2496082643408603,0.24929877896438368,0.2496551926478607,0.24953971683539306,0.24965760209708135,0.24962432103252993,0.2496650275257929,0.24960636633081337,0.24965738037128865
0.24997277618144464,0.24990527821816877,0.24964970044780058,0.25000000000000006,0.24985614179765367,0.24997730336023108,0.24992294514570132,0.24997961526832757,0.24994343676831549,0.24997626960371697,0.2497273518885184,0.24901956238750445,0.2482800392925158,0.2464977755848976,0.2466658872880113,0.23990074426955793,0.24543961266374087,0.2419198295018293,0.24945694933280657,0.2499129189287076,0.2499757700076558,0.24776124227205093,0.2483834132172228,0.24612928921994892,0.24793797642983578,0.24530223957315941,0.24839807926858537,0.24739286738844388,0.24930719246908645,0.249980447694225,0.24995237025911454,0.24777228721463523,0.2478628270523669,0.2462675486326607,0.24757215859797088,0.24526162541275248,0.248543345854094,0.24747623728379822,0.24946668956207577,0.2499778003601372,0.24966290417783174,0.24906624654413193,0.2484461902558682,0.24657539839432913,0.24711197074188376,0.24134253515578918,0.24505822587088355,0.24333857042854104,0.24933353849544598,0.24994143143707373,0.24997101690973875,0.2499250198017542,0.24961514136350188,0.24997200766218639,0.24985638531627488,0.24997442016922325,0.24994109680555487,0.24998185502089074,0.2499231193657363,0.2499741981620686
0.24986240671907278,0.24979493855789786,0.24954084959188694,0.24985614179765367,0.2499999999999999,0.2498669734890498,0.24981259249959073,0.2498692458748464,0.2498330882607555,0.2498658974761059,0.24961698286688697,0.2489093714156796,0.24817485710064555,0.24639151184121405,0.24655564807506178,0.23979449330809469,0.24533058939554267,0.24181296926725956,0.24934679241795188,0.24980257555130841,0.24986539916657557,0.24765287614043302,0.2482737840410929,0.24602087393254818,0.24782854802512744,0.245193983732843,0.24828844053965185,0.24728366837192622,0.24919712183497625,0.2498700748001233,0.24984200957126979,0.24766288942343812,0.24775337993623162,0.2461588215454406,0.24746284296537893,0.24515334298430497,0.24843360095486228,0.2473669705024814,0.2493565361466985,0.2498674286612215,0.2495526716856733,0.24895627789928523,0.24833649363516455,0.24646652977271566,0.24700286155230192,0.2412359848241352,0.24495001904092753,0.24323112608308475,0.2492234513171731,0.24983107581511257,0.24986064822424556,0.24981467142148886,0.24950492996677132,0.24986163853878976,0.24974606683904366,0.24986404998099293,0.24983074131142546,0.24987148154997627,0.24981277182890524,0.2498638280718558
0.24998357131966903,0.24991607044147635,0.24966049281895056,0.24997730336023108,0.2498669734890498,0.24999999999999986,0.24993373802142022,0.24999041074656086,0.2499542307604789,0.24998706487183553,0.24973813376788764,0.24903031147187452,0.24829081445023926,0.2465084601453696,0.2466765068811402,0.23991109668845093,0.24545019677517982,0.24193027503525538,0.24946772186194469,0.24992371147558803,0.24998656527420898,0.24777195710865144,0.24839414049233915,0.24613992304688784,0.24794868444171167,0.24531283359440476,0.24840880701878623,0.24740355146210924,0.24931795894958267,0.24999124316284535,0.24996316451131953,0.24778298731965587,0.24787353090069947,0.24627818385548023,0.24758284995785937,0.24527221720189543,0.24855407913975935,0.24748692460158095,0.2494774627038158,0.24998859571500393,0.24967368593702807,0.24907700254273113,0.24845691944429985,0.24658604682096036,0.2471226422748875,0.2413529577295568,0.24506880862831648,0.24334907897637378,0.24934430602789417,0.24995222522168167,0.24998181197195002,0.24993581287754157,0.24962592105965523,0.24998280276721574,0.24986717542082704,0.24998521537844404,0.24995189057527115,0.24999265055118755,0.24993391235950915,0.24998499336170196
0.2499292117421553,0.2498617255422041,0.24960617439039132,0.24992294514570132,0.24981259249959073,0.24993373802142022,0.24999999999999994,0.24993604949062226,0.24989987521250018,0.24993270483073207,0.24968385498950385,0.24897622657583882,0.24823707719612093,0.2464544712027137,0.2466230255708033,0.23985837192745613,0.24539661911056232,0.24187728058448768,0.24941345025367392,0.24986936481836264,0.24993220504512098,0.24771788007455495,0.24834010761380573,0.24608633643145356,0.24789472457505798,0.24525930129361603,0.248354770672732,0.2473496353659001,0.2492637384698907,0.24993688190154384,0.24990880918499386,0.24772910025106723,0.2478196325895264,0.24622460730091833,0.2475290161720502,0.24521885892536463,0.24850003101973878,0.24743309598352695,0.24942321482210258,0.24993423506429205,0.24961939368965533,0.24902283860108987,0.2484028908419042,0.24653241661394726,0.24706889926778927,0.24130044812285326,0.24501551244503197,0.2432961505570203,0.24929008457522428,0.24989787245770834,0.24992745274160388,0.2498814636873647,0.2495716387319061,0.24992844335691697,0.2498128415585089,0.24993085544340884,0.2498975378309302,0.24993828899937096,0.24987956355844004,0.24993063347496114
0.24998588328573465,0.24991838178326195,0.2496627914720676,0.24997961526832757,0.2498692458748464,0.24999041074656086,0.24993604949062226,0.24999999999999997,0.24995654237003434,0.2499893768871094,0.24974044604529655,0.24903261824132844,0.2482930497271832,0.24651070568801295,0.24667882016982107,0.23991332545785332,0.24545248408119064,0.2419325159241396,0.2494700294580027,0.24992602289418916,0.24998887726872085,0.24777423683188654,0.2483964369392779,0.24614219525347494,0.2479509769881931,0.24531510253992916,0.24841110392500568,0.24740583966421237,0.24932026469474042,0.24999355520089372,0.24996547629433255,0.24778527895894656,0.24787582351104756,0.24628046153460548,0.24758513980599012,0.24527448557779183,0.24855637800537053,0.24748921352803024,0.24947977013059106,0.24999090772781246,0.24967599503430302,0.24907930612010715,0.248459217319686,0.24658832739219735,0.24712492786445853,0.24135518982999582,0.2450710753100164,0.24335132971902174,0.2493466120849582,0.2499545368978385,0.24998412392191047,0.24993812440197558,0.24962822971725093,0.2499851147261796,0.24986948631665545,0.24998752735971433,0.24995420224898318,0.24999496260122173,0.2499362238663924,0.24998730534091884
0.2499497038785785,0.2498822121453149,0.24962666310051979,0.24994343676831549,0.2498330882607555,0.2499542307604789,0.24989987521250018,0.24995654237003434,0.24999999999999983,0.2499531968877897,0.2497042996158132,0.24899655594568637,0.24825700728833294,0.24647514606864174,0.24664317167636912,0.239878850842472,0.2454169852949331,0.24189766028192808,0.24943393132300543,0.2498898519876988,0.24995269740203077,0.24773846201383942,0.24836049689747347,0.24610659386702063,0.24791512407198438,0.24527970944421898,0.2483751729317024,0.24737010067817847,0.24928418557499332,0.2499573746549433,0.2499292997506218,0.24774941889486168,0.24783994474101767,0.24624482529491815,0.24754930303075723,0.24523899485544232,0.2485204009525109,0.2474533975630604,0.24944365943731434,0.24995472757942008,0.2496398605766577,0.2490432584563016,0.24842325831858134,0.24655264183289155,0.2470891617660126,0.2413202689171462,0.2450356037475056,0.24331611003474723,0.24931052537558504,0.24991836202832035,0.24994794477562526,0.24990195190424366,0.24959210225818454,0.24994893543002977,0.2498333234442296,0.24995134771462385,0.24991802742504485,0.24995878188005458,0.24990005165043966,0.24995112572795478
0.24998253753723454,0.24991503693818504,0.24965944899739015,0.24997626960371697,0.2498658974761059,0.24998706487183553,0.24993270483073207,0.2499893768871094,0.2499531968877897,0.2499999999999999,0.24973710378430244,0.24902928620052803,0.2482897284896477,0.24650740173205893,0.24667552092901734,0.23991011386775477,0.24544920275365653,0.24192927725199678,0.24946669063477347,0.24992267794914394,0.249985531480542,0.24777091804814233,0.2483931123933945,0.2461389003954336,0.24794765818951758,0.24531181851133002,0.2484077790280862,0.2474025279907197,0.2493169278185663,0.24999020935005237,0.24996213082021354,0.24778196266076163,0.247872506058584,0.24627716533141777,0.24758182624147385,0.24527120283548717,0.24855305143863313,0.2474859011854945,0.24947643120417937,0.24998756191219343,0.24967265343229253,0.24907597250106525,0.24845589201037624,0.24658502710465233,0.24712162042043107,0.24135195952378768,0.24506779538236445,0.24334807278330037,0.24934327489141908,0.24995119156886297,0.24998077819693154,0.2499347792926924,0.24962488875412403,0.249981768987968,0.24986614212880284,0.24998418158921032,0.24995085692457333,0.24999161673120635,0.24993287878250142,0.2499839595733863
0.24973361358064472,0.24966618019635492,0.24941094838378233,0.2497273518885184,0.24961698286688697,0.24973813376788764,0.24968385498950385,0.24974044604529655,0.2497042996158132,0.24973710378430244,0.24999999999999986,0.2487803608022693,0.24804276050589852,0.24626177310056427,0.24642987712741427,0.23967127355796783,0.24520476899838733,0.24168833160709083,0.24921827261886126,0.24967381353843962,0.2497366044967109,0.24752610916587767,0.24814580554795265,0.2458940042703919,0.24770080014127907,0.2450676124443043,0.2481604526154377,0.24715618525208302,0.24906867185506237,0.24974127777645264,0.2497132272337005,0.24753523494683397,0.24762567629334117,0.24603195133666836,0.2473352905115672,0.24502699203561515,0.24830555047181188,0.2472394724140686,0.24922800853459284,0.24973863293484674,0.24942403812419162,0.24882795261145477,0.2482084886772327,0.24633949303536726,0.2468755485455194,0.24111165149093194,0.24482376759897018,0.24310576244682228,0.24909498811639028,0.24970229882759973,0.24973185601693773,0.24968590288984563,0.2493763213298011,0.2497328457965337,0.24961733370910982,0.24973525599554278,0.24970196454932758,0.24974268373386974,0.24968400428993381,0.24973503420078227
0.2490258063324361,0.24895856407114905,0.24870385744516174,0.24901956238750445,0.2489093714156796,0.24903031147187452,0.24897622657583882,0.24903261824132844,0.24899655594568637,0.24902928620052803,0.2487803608022693,0.24999999999999986,0.24733729868286353,0.24555943531799557,0.24573929188634722,0.23898529223152207,0.24450115818572368,0.24100005376801437,0.24851171258215493,0.24896617314678982,0.2490287890434422,0.24681471186294215,0.24744225096681993,0.24519424056749584,0.24699817623577397,0.24437094023040823,0.2474567486347776,0.2464547483391815,0.24836267141700055,0.24903344765741192,0.24900547206722312,0.2468335248538278,0.2469238765944884,0.24533418181345618,0.24663429762618966,0.2443320340253612,0.2476017225153102,0.2465384785108311,0.24852159405781038,0.24903081167700075,0.24871710868448144,0.24812268452429073,0.2475049709731251,0.24564112156596904,0.24617569857203303,0.2404277951943203,0.24412969137925494,0.24241645939180032,0.24838897318824452,0.24899458028591817,0.249024053020654,0.24897823087264928,0.24866951763136258,0.2490250407227194,0.24890986011882407,0.24902744409203365,0.2489942456502101,0.24903485077858756,0.2489763372002056,0.249027222926182
0.24828626469456075,0.24821922212523673,0.24796327152518588,0.2482800392925158,0.24817485710064555,0.24829081445023926,0.24823707719612093,0.2482930497271832,0.24825700728833294,0.2482897284896477,0.24804276050589852,0.24733729868286353,0.2499999999999999,0.2448124661249175,0.24502910907762226,0.23827662573967,0.2437788227366811,0.24028174726472776,0.24777359851816336,0.24822681017149448,0.24828923847992576,0.2460833660013186,0.24670743468306688,0.24446556975104536,0.24626459301920758,0.2436446023146983,0.24672182617938748,0.24572203374318324,0.2476250962913124,0.24829388374392888,0.24826599188084642,0.24610052263641585,0.2461905701332786,0.2446056863849937,0.2459019018099653,0.24360652317018552,0.24686645504872262,0.2458063674994163,0.2477835732181384,0.24829125517988052,0.24797848343506015,0.24738582973980128,0.24676995364870535,0.24491165902359796,0.24544465038096328,0.23971385502228224,0.24340473710927552,0.2416965996372719,0.247651325466829,0.24825513138647462,0.2482845167009091,0.24823883052864423,0.2479310351082417,0.24828550135956723,0.24817066310289326,0.2482878975904742,0.24825479799247002,0.24829528228106842,0.24823694254125192,0.2482876770813935
0.2465039562982588,0.2464373949900886,0.24618558469269158,0.2464977755848976,0.24639151184121405,0.2465084601453696,0.2464544712027137,0.24651070568801295,0.24647514606864174,0.24650740173205893,0.24626177310056427,0.24555943531799557,0.2448124661249175,0.25,0.24320029724071415,0.23651378800552034,0.24201207586881218,0.23855239502615178,0.24599408816710597,0.24644490373329664,0.24650689985142266,0.24431023316173436,0.24493168218447933,0.2426607351920086,0.24448503511597255,0.24186600805704775,0.24494289316329743,0.24395101933123045,0.2458461372505056,0.24651150237472833,0.24648371444796335,0.2443313325909518,0.2444237519074947,0.2428415003640985,0.24413833654727496,0.24184840051499554,0.24509303533868118,0.2440368800894672,0.24600407698920362,0.2465089145942104,0.24619840234021723,0.24560947633910854,0.24499779710507666,0.24315001840217312,0.24367977867754104,0.23798397428796725,0.24165347197534862,0.23995579671518386,0.2458732247171958,0.24647304556977823,0.24650220643129941,0.24645686257144128,0.24615110307932245,0.24650319838819895,0.246389249263197,0.24650557746694438,0.24647268735101097,0.24651290915254725,0.2464549792599673,0.24650535854635544
0.24667207221662477,0.24660546551358292,0.24635454178847174,0.2466658872880113,0.24655564807506178,0.2466765068811402,0.2466230255708033,0.24667882016982107,0.24664317167636912,0.24667552092901734,0.24642987712741427,0.24573929188634722,0.24502910907762226,0.24320029724071415,0.2500000000000001,0.2366001051222793,0.24214316227245888,0.23870158930232954,0.24616003522032093,0.24661299574338094,0.24667501344954162,0.24449445291763325,0.24509832620193112,0.24285617727883774,0.24465183923587933,0.24201763483390792,0.24511151763279146,0.24411290381650247,0.2460135453234883,0.24667962631939855,0.2466518098113264,0.24449773330716265,0.24459034793676185,0.24300620462921327,0.24430526898687474,0.2420125351083072,0.24526052950029664,0.24420278017693117,0.24617213133567156,0.2466770351158577,0.2463663068955155,0.24577692332717183,0.2451648401723342,0.24331535388164133,0.2438457021646993,0.23814496068900431,0.24181806478081996,0.24011886606932847,0.24604086188992608,0.24664114024682693,0.2466703192853191,0.24662494650981526,0.24631894884263122,0.2466713137964399,0.24655731356860963,0.24667369449000454,0.24664077904263013,0.24668103117676493,0.246623060562461,0.246673475421056
0.23990675956820298,0.2398419796433873,0.2395975111273609,0.23990074426955793,0.23979449330809469,0.23991109668845093,0.23985837192745613,0.23991332545785332,0.239878850842472,0.23991011386775477,0.23967127355796783,0.23898529223152207,0.23827662573967,0.23651378800552034,0.2366001051222793,0.25000000000000006,0.23537472443224883,0.23205029209952957,0.2393974246255186,0.23984913006815617,0.23990960962525382,0.23776642569807568,0.2383632949608693,0.23616538914003615,0.23790750116688716,0.23523740534366297,0.2383993310427155,0.23737926927349196,0.23926410146378876,0.2399141023842433,0.23988693274892406,0.23779344007035125,0.23788701355053257,0.23634355571628465,0.23761424611364057,0.23537443176115855,0.23854077789737968,0.23750413908656998,0.23941970039277735,0.23991158372237478,0.2396094347711751,0.23903657876598133,0.23844035526494609,0.23664211176270927,0.23715667216618383,0.23161415589990292,0.2351838063787511,0.2335307272222265,0.23929277555754186,0.2398766758077826,0.23990504937184448,0.23986092558296826,0.23956328957729145,0.23990602185737725,0.23979508482500198,0.23990833734749442,0.23987631066387577,0.23991547281684922,0.23985908947632315,0.2399081242878693
0.24544576684460442,0.2453794912700806,0.24512962118634588,0.24543961266374087,0.24533058939554267,0.24545019677517982,0.24539661911056232,0.24545248408119064,0.2454169852949331,0.24544920275365653,0.24520476899838733,0.24450115818572368,0.2437788227366811,0.24201207586881218,0.24214316227245888,0.23537472443224883,0.2500000000000003,0.23739332723337583,0.2449302321574585,0.2453868428226358,0.24544869040833067,0.24326629534460703,0.243876849958714,0.24166578627633545,0.24343459198083592,0.2407939647783061,0.2438982087808006,0.24287277970927107,0.24479002937881933,0.24545328970473715,0.24542557295825818,0.24328107343117095,0.24337385934441838,0.24179418769651187,0.2430895295184912,0.24080614322654106,0.24404104488138834,0.24298661696727766,0.24494875565060867,0.24545070901793026,0.2451415103730077,0.24455477477412702,0.24394583342943846,0.24210377861213375,0.24263229202215497,0.23695594818057159,0.24061473207701953,0.23892281526368941,0.24481751019210962,0.24541498808359213,0.24544401561215107,0.24539887585080264,0.2450942936085976,0.24544501221268433,0.2453316653462234,0.2454473810496621,0.24541461802877387,0.24545468126616668,0.24539699433308215,0.24544716307314632
0.24192589542724782,0.24186057029282926,0.24161367040334678,0.2419198295018293,0.24181296926725956,0.24193027503525538,0.24187728058448768,0.2419325159241396,0.24189766028192808,0.24192927725199678,0.24168833160709083,0.24100005376801437,0.24028174726472776,0.23855239502615178,0.23870158930232954,0.23205029209952957,0.23739332723337583,0.25000000000000006,0.24141033713325244,0.24186758806912695,0.24192878213090283,0.23980111451297026,0.24039362794490715,0.23821078579438276,0.23995818011395242,0.23736744054325978,0.24040294890259853,0.2393470635496477,0.24128342125414615,0.2419332982562015,0.2419059930362806,0.23979652822276834,0.23988153612998886,0.2383430421864828,0.2395987461547378,0.23736901867529347,0.24054037604070355,0.2395089637275662,0.24143217429489588,0.24193074894911043,0.24162609479416117,0.24104890241654864,0.24044759791491532,0.23863772707993236,0.2391548604325316,0.23357671266951702,0.23716459973699217,0.2355014165919333,0.24130716070014097,0.24189555990067554,0.2419241884675938,0.24187967439348163,0.2415798072081293,0.2419251514399296,0.2418130532092438,0.24192748649405071,0.24189521684255852,0.24193468200954774,0.24187783490285805,0.24192727163285357
0.24946320424482815,0.2493958438768072,0.2491408153267982,0.24945694933280657,0.24934679241795188,0.24946772186194469,0.24941345025367392,0.2494700294580027,0.24943393132300543,0.24946669063477347,0.24921827261886126,0.24851171258215493,0.24777359851816336,0.24599408816710597,0.24616003522032093,0.2393974246255186,0.2449302321574585,0.24141033713325244,0.2500000000000001,0.2494060522920858,0.24946619152678398,0.24725880096750988,0.24787670650516694,0.24562922219303937,0.24743140290812754,0.24479601475090623,0.24789113674635632,0.24688518417806318,0.24879882141710483,0.2494708599055467,0.2494428310741591,0.24726690125545644,0.24735755627195607,0.2457645094350386,0.24706717147900112,0.24476069358131988,0.2480365811861618,0.24697120780191173,0.24895817566593875,0.24946821896622,0.2491539625956179,0.24855845196989854,0.24793967174816803,0.24607230041850314,0.24660792900808057,0.24084935755876613,0.2445583301003735,0.24284192182558134,0.24882522618513805,0.24943192326994926,0.24946144685660027,0.2494155452869438,0.2491062745724331,0.24946243729324352,0.24934706722560562,0.2494648448805628,0.24943158655095476,0.2494722645769705,0.24941364757817025,0.24946462332673122
0.24991918527376292,0.24985170178117122,0.24959617895705424,0.2499129189287076,0.24980257555130841,0.24992371147558803,0.24986936481836264,0.24992602289418916,0.2498898519876988,0.24992267794914394,0.24967381353843962,0.24896617314678982,0.24822681017149448,0.24644490373329664,0.24661299574338094,0.23984913006815617,0.2453868428226358,0.24186758806912695,0.2494060522920858,0.2500000000000001,0.24992217850098072,0.2477081492932349,0.24833015590362387,0.24607652780451078,0.24788480163582305,0.24524958723603366,0.24834480447711388,0.24733967726175224,0.24925373957803468,0.2499268552164987,0.24989878386277675,0.24771916621869655,0.24780969302741374,0.24621474199441062,0.24751908667903852,0.24520903546677647,0.24849006576930932,0.2474231777168804,0.2494132144885468,0.24992420839799015,0.24960937956438578,0.249012849074594,0.2483929271779705,0.2465225314145366,0.2470589932314292,0.2412907786503264,0.245005692202356,0.24328640055249648,0.24928008423515977,0.24988784724744448,0.2499174263656785,0.24987143913607146,0.24956162679333732,0.24991841691957029,0.2498028198641666,0.24992082890908232,0.24988751268240253,0.24992826216682482,0.2498695390942284,0.2499206069495335
0.24998203792864604,0.2499145374645019,0.24965895020696277,0.2499757700076558,0.24986539916657557,0.24998656527420898,0.24993220504512098,0.24998887726872085,0.24995269740203077,0.249985531480542,0.2497366044967109,0.2490287890434422,0.24828923847992576,0.24650689985142266,0.24667501344954162,0.23990960962525382,0.24544869040833067,0.24192878213090283,0.24946619152678398,0.24992217850098072,0.25000000000000006,0.247770409202705,0.2483926162332439,0.24613840593330977,0.24794716137892375,0.24531132182047535,0.24840728190865435,0.24740203010232426,0.24931642936121223,0.2499897097243719,0.24996163124107093,0.24778146719828634,0.24787201069982817,0.24627667225038027,0.24758133155722553,0.24527071171197246,0.24855255461532424,0.24748540606586455,0.24947593255596787,0.24998706229407358,0.24967215444315144,0.24907547464972263,0.24845539539269676,0.2465845339135938,0.24712112625753316,0.24135147617763536,0.24506730526439077,0.243347585894964,0.24934277652493703,0.24995069202282377,0.2499802785904,0.24993427977958424,0.24962438984137145,0.24998126938091428,0.24986564276289883,0.24998368197733584,0.24995035737669746,0.24999111710447278,0.24993237927226786,0.24998345996195623
0.2477674546657201,0.24770055218613232,0.24744765420215337,0.24776124227205093,0.24765287614043302,0.24777195710865144,0.24771788007455495,0.24777423683188654,0.24773846201383942,0.24777091804814233,0.24752610916587767,0.24681471186294215,0.2460833660013186,0.24431023316173436,0.24449445291763325,0.23776642569807568,0.24326629534460703,0.23980111451297026,0.24725880096750988,0.2477081492932349,0.247770409202705,0.25,0.24617834517574555,0.2439431890925448,0.2457493482224239,0.24313300075810163,0.24620575684515722,0.24520988791864026,0.24710758208499087,0.24777505539091216,0.24774721688053453,0.24558600610275078,0.24567591009933343,0.2440936811854959,0.24538731356300827,0.2430966567286694,0.2463502176518062,0.2452922885347256,0.24726573459193688,0.24777243510146202,0.24746031743973312,0.2468688549596387,0.24625425650063806,0.24439956391265782,0.24493152722549236,0.23921211133101591,0.24289579428190897,0.2411910561328447,0.2471338104245742,0.2477363863283034,0.2477657090300259,0.2477201196277265,0.24741295130266427,0.24776669292258105,0.2476521019767589,0.24776908414907955,0.24773605129694934,0.24777645340940344,0.24771823477379404,0.2477688641012801
0.24838964121127757,0.2483225707280966,0.24806857366849405,0.2483834132172228,0.2482737840410929,0.24839414049233915,0.24834010761380573,0.2483964369392779,0.24836049689747347,0.2483931123933945,0.24814580554795265,0.24744225096681993,0.24670743468306688,0.24493168218447933,0.24509832620193112,0.2383632949608693,0.243876849958714,0.24039362794490715,0.24787670650516694,0.24833015590362387,0.2483926162332439,0.24617834517574555,0.25000000000000006,0.24454637035408092,0.24637096810193998,0.24372985634960803,0.24683336741597253,0.24582472029193278,0.24772964733705802,0.248397375175998,0.24836930202145932,0.24620095961270813,0.24628205542419918,0.244707306770428,0.2460290729321935,0.24371250794829918,0.24696638738931803,0.2459079294696573,0.2478868540395098,0.24839463563747335,0.24808172745891988,0.24748860220916097,0.24687256942622146,0.24501108113344486,0.24554616671159052,0.23981154242694558,0.24350535945536245,0.2417958092441254,0.24775432382079007,0.2483584946213623,0.24838788846233126,0.2483421875124579,0.24803420763407275,0.24838887756552644,0.24827403859343647,0.2483912747851585,0.24835815478945905,0.24839866255234405,0.2483402958613965,0.2483910541861723
0.24613546069384104,0.24606899888731754,0.24581729566341184,0.24612928921994892,0.24602087393254818,0.24613992304688784,0.24608633643145356,0.24614219525347494,0.24610659386702063,0.2461389003954336,0.2458940042703919,0.24519424056749584,0.24446556975104536,0.2426607351920086,0.24285617727883774,0.23616538914003615,0.24166578627633545,0.23821078579438276,0.24562922219303937,0.24607652780451078,0.24613840593330977,0.2439431890925448,0.24454637035408092,0.25,0.24410115232895388,0.24149214602964442,0.2445764320206401,0.24357736272863392,0.24547836016667407,0.24614299341920462,0.24611526646214008,0.2439665217780164,0.24406274874750541,0.2424785020691582,0.24377023968921877,0.24148663040912308,0.24472744675706049,0.2436721634702202,0.24563651297169847,0.24614041195906855,0.2458303613540424,0.24524239191638533,0.24463160501600736,0.24278684711810813,0.2433156214140257,0.2376282944439885,0.2412924707086633,0.23959725636061055,0.2455056743607696,0.24610459615313246,0.2461337134814108,0.246088437463149,0.24578313113883876,0.24613470392629788,0.24602093548464202,0.24613707943896523,0.24610423913979607,0.24614440016462147,0.24608655692864498,0.24613686084573558
0.24794419325495742,0.24787724305219375,0.247623749561284,0.24793797642983578,0.24782854802512744,0.24794868444171167,0.24789472457505798,0.2479509769881931,0.24791512407198438,0.24794765818951758,0.24770080014127907,0.24699817623577397,0.24626459301920758,0.24448503511597255,0.24465183923587933,0.23790750116688716,0.24343459198083592,0.23995818011395242,0.24743140290812754,0.24788480163582305,0.24794716137892375,0.2457493482224239,0.24637096810193998,0.24410115232895388,0.24999999999999986,0.24327580164959736,0.246410992497409,0.24537518527566238,0.2472980346392978,0.24795192234084815,0.24792384392216746,0.24577191899701153,0.24593110359306014,0.24429077075376915,0.24554754017116423,0.24329861872616568,0.24655154872943405,0.24546876213309285,0.24744408235884965,0.24794917920610926,0.2476368530723812,0.2470466451093452,0.2464298198594591,0.24457444367328648,0.24510458757199483,0.2393860072930736,0.24306754930814484,0.24136065982391097,0.2473098500849467,0.2479131019557976,0.24794243687667297,0.24789682503058044,0.2475892933984204,0.24794343099000143,0.2478288850017347,0.2479458238959141,0.24791275336208551,0.24795319841764807,0.247894932818455,0.24794560369590235
0.24530839030951448,0.24524215182957554,0.2449915088430776,0.24530223957315941,0.245193983732843,0.24531283359440476,0.24525930129361603,0.24531510253992916,0.24527970944421898,0.24531181851133002,0.2450676124443043,0.24437094023040823,0.2436446023146983,0.24186600805704775,0.24201763483390792,0.23523740534366297,0.2407939647783061,0.23736744054325978,0.24479601475090623,0.24524958723603366,0.24531132182047535,0.24313300075810163,0.24372985634960803,0.24149214602964442,0.24327580164959736,0.25,0.2437341518277155,0.24274336009542805,0.24465155742811853,0.24531593094893034,0.24528823933950678,0.2431505579850554,0.24325566133026721,0.24167337266756003,0.2429734993479687,0.24068175243229803,0.24391285219502618,0.24285525209619135,0.24481288415139407,0.24531332515275792,0.24500431826121752,0.2444187018506385,0.2438096430895338,0.24197229741190096,0.2424982326491399,0.23683347002854774,0.24048251493779116,0.2387928441277037,0.24468073454987543,0.24527762937735567,0.24530664831954144,0.2452615252976146,0.24495722547952273,0.24530763610259018,0.2451942792040215,0.2453100036147193,0.24527727439365898,0.24531729974166194,0.24525965120565635,0.24530978575658427
0.2484043076303784,0.24833723318695233,0.24808326736018094,0.24839807926858537,0.24828844053965185,0.24840880701878623,0.248354770672732,0.24841110392500568,0.2483751729317024,0.2484077790280862,0.2481604526154377,0.2474567486347776,0.24672182617938748,0.24494289316329743,0.24511151763279146,0.2383993310427155,0.2438982087808006,0.24040294890259853,0.24789113674635632,0.24834480447711388,0.24840728190865435,0.24620575684515722,0.24683336741597253,0.2445764320206401,0.246410992497409,0.2437341518277155,0.2499999999999999,0.24582566222408594,0.2477555595333323,0.24841196610801874,0.2483840228835801,0.24622552289582755,0.24632272983620612,0.24475138402439137,0.24606830328755636,0.24373367967290427,0.2469805639593136,0.24592299658013206,0.24791469970902774,0.24840930562570182,0.248096378704742,0.2475032795569182,0.2468866793128747,0.24502559159991996,0.24555737001880426,0.23982640883737158,0.2435160768325911,0.24180479321917328,0.24776850584730445,0.2483731577491785,0.24840253583142383,0.24835685152991996,0.24804859477334473,0.24840354390685124,0.24828887666359245,0.24840594129190616,0.24837278666288065,0.2484133295040992,0.24835494888939927,0.24840572068870334
0.24739907054543944,0.24733226753739504,0.24707941927103028,0.24739286738844388,0.24728366837192622,0.24740355146210924,0.2473496353659001,0.24740583966421237,0.24737010067817847,0.2474025279907197,0.24715618525208302,0.2464547483391815,0.24572203374318324,0.24395101933123045,0.24411290381650247,0.23737926927349196,0.24287277970927107,0.2393470635496477,0.24688518417806318,0.24733967726175224,0.24740203010232426,0.24520988791864026,0.24582472029193278,0.24357736272863392,0.24537518527566238,0.24274336009542805,0.24582566222408594,0.2500000000000001,0.24673610520182476,0.24740668481843267,0.24737883874616345,0.2452230439344911,0.24531177017842926,0.24373530712131308,0.24505765699615978,0.24273371122722223,0.24599103692499244,0.2449260010206323,0.24690298612493633,0.2474040483645129,0.24709240390079967,0.24650172498204906,0.24588771613458527,0.24403446737091342,0.24456612521598237,0.23885461331368862,0.24253410845999537,0.24082928894435213,0.24676613737839245,0.24736804747156713,0.24739731515663416,0.24735180632313264,0.24704492259150593,0.2473983099342135,0.24728400768175068,0.24740069760048516,0.24736769330278818,0.24740805590965415,0.2473499172922848,0.24740047788543126
0.24931344362608762,0.2492461236966173,0.2489912221070412,0.24930719246908645,0.24919712183497625,0.24931795894958267,0.2492637384698907,0.24932026469474042,0.24928418557499332,0.2493169278185663,0.24906867185506237,0.24836267141700055,0.2476250962913124,0.2458461372505056,0.2460135453234883,0.23926410146378876,0.24479002937881933,0.24128342125414615,0.24879882141710483,0.24925373957803468,0.24931642936121223,0.24710758208499087,0.24772964733705802,0.24547836016667407,0.2472980346392978,0.24465155742811853,0.2477555595333323,0.24673610520182476,0.2500000000000001,0.24932174287708636,0.249293119998329,0.24711860649166115,0.24720764961538177,0.2456213809921055,0.2469239570192335,0.24463111862571038,0.24792160596504545,0.2468278662018701,0.24881166695116064,0.24931846705879795,0.2490042945713466,0.24840902035704268,0.24779162805555227,0.24592348479024959,0.24646231242277258,0.24070403566315088,0.2444162948821964,0.24270043284665863,0.2486759030436409,0.2492821812349897,0.24931169678333512,0.2492658151643568,0.24895672719852832,0.24931267733102216,0.249197636825727,0.24931508327615426,0.24928186856936888,0.24932249851899543,0.24926391874147666,0.2493148618560716
0.24998671573250422,0.2499192140052533,0.24966362204335693,0.249980447694225,0.2498700748001233,0.24999124316284535,0.24993688190154384,0.24999355520089372,0.2499573746549433,0.24999020935005237,0.24974127777645264,0.24903344765741192,0.24829388374392888,0.24651150237472833,0.24667962631939855,0.2399141023842433,0.24545328970473715,0.2419332982562015,0.2494708599055467,0.2499268552164987,0.2499897097243719,0.24777505539091216,0.248397375175998,0.24614299341920462,0.24795192234084815,0.24531593094893034,0.24841196610801874,0.24740668481843267,0.24932174287708636,0.25000000000000006,0.24996630862080116,0.24778610165210985,0.24787674216389086,0.24628127618939682,0.24758614952107694,0.24527532061881616,0.24855728522437834,0.2474900270365896,0.24948059975535233,0.24999174021344192,0.24967682631967375,0.24908013506038376,0.2484600445811985,0.2465891398963153,0.24712574658342443,0.24135596624089217,0.24507188680876787,0.24335213235644246,0.24934744169626122,0.24995536923805425,0.24998495634306073,0.24993895669227473,0.24962906059477188,0.24998594717055772,0.24987031884071267,0.24998835981194623,0.2499550345601852,0.24999579507822556,0.24993705613049644,0.24998813779242424
0.24995863759337722,0.24989114344782065,0.24963558050260318,0.24995237025911454,0.24984200957126979,0.24996316451131953,0.24990880918499386,0.24996547629433255,0.2499292997506218,0.24996213082021354,0.2497132272337005,0.24900547206722312,0.24826599188084642,0.24648371444796335,0.2466518098113264,0.23988693274892406,0.24542557295825818,0.2419059930362806,0.2494428310741591,0.24989878386277675,0.24996163124107093,0.24774721688053453,0.24836930202145932,0.24611526646214008,0.24792384392216746,0.24528823933950678,0.2483840228835801,0.24737883874616345,0.249293119998329,0.24996630862080116,0.2500000000000001,0.24775985506285259,0.24784923085788693,0.24625376831981605,0.24755817446475334,0.24524781991683592,0.24852932141905199,0.24746224912732637,0.24945262930904114,0.2499636615372243,0.24964878324465364,0.24905217034569793,0.2484321414746068,0.24656148019343077,0.247098004071109,0.24132892094975372,0.2450443943236612,0.24332481565557046,0.24931943575748786,0.24992729461606603,0.24995687837630493,0.24991088392487923,0.24960102195654146,0.24995786911838816,0.24984225478476435,0.2499602814881381,0.24992695998576922,0.24996771591931932,0.24990898356989666,0.24996005949357314
0.2477784998852469,0.247711594423215,0.2474582651078751,0.24777228721463523,0.24766288942343812,0.24778298731965587,0.24772910025106723,0.24778527895894656,0.24774941889486168,0.24778196266076163,0.24753523494683397,0.2468335248538278,0.24610052263641585,0.2443313325909518,0.24449773330716265,0.23779344007035125,0.24328107343117095,0.23979652822276834,0.24726690125545644,0.24771916621869655,0.24778146719828634,0.24558600610275078,0.24620095961270813,0.2439665217780164,0.24577191899701153,0.2431505579850554,0.24622552289582755,0.2452230439344911,0.24711860649166115,0.24778610165210985,0.24775985506285259,0.25000000000000017,0.24567252422722305,0.2440863408734064,0.24537953263704596,0.243086423248979,0.24635734550564994,0.24529664640612706,0.24727629737365542,0.2477834846686065,0.2474710888738198,0.24687208008545689,0.24626371219908622,0.24440560982759932,0.24494027703176946,0.23921120282446273,0.24290327020380093,0.2411968024837101,0.2471445952335497,0.24774742958610865,0.2477767436448857,0.24773116231268,0.24742386103364056,0.24777773803135797,0.247663147312373,0.24778012943762304,0.24774707128099974,0.24778749903009284,0.24772927075943527,0.2477799093836382
0.24786904199318463,0.2478021120828589,0.24754868804561553,0.2478628270523669,0.24775337993623162,0.24787353090069947,0.2478196325895264,0.24787582351104756,0.24783994474101767,0.247872506058584,0.24762567629334117,0.2469238765944884,0.2461905701332786,0.2444237519074947,0.24459034793676185,0.23788701355053257,0.24337385934441838,0.23988153612998886,0.24735755627195607,0.24780969302741374,0.24787201069982817,0.24567591009933343,0.24628205542419918,0.24406274874750541,0.24593110359306014,0.24325566133026721,0.24632272983620612,0.24531177017842926,0.24720764961538177,0.24787674216389086,0.24784923085788693,0.24567252422722305,0.24999999999999994,0.2441645586023951,0.24550933643741582,0.24317363617138854,0.24646866510164503,0.24538890648001888,0.24737155468508382,0.24787402220832677,0.24756178066482215,0.24696789622623178,0.2463539186494946,0.2444962339855059,0.24503110078188187,0.23930372054975593,0.24299158830308873,0.24128455382375122,0.24723502783557358,0.24783796091141855,0.24786728861170967,0.2478216853475063,0.2475144038767806,0.24786827969512942,0.24775345642458116,0.2478706721439882,0.24783759778140715,0.24787804442649017,0.2478197969081706,0.2478704520066287
