x1,x2,x3,x4,x5,x6,x7,x8,x9,x10,x11,x12,x13,x14,x15,x16,x17,x18,x19,x20,x21,x22,x23,x24,x25,x26,x27,x28,x29,x30,x31,x32,x33,x34,x35,x36,x37,x38,x39,x40,x41,x42,x43,x44,x45,x46,x47,x48,x49,x50,x51,x52,x53,x54,x55,x56,x57,x58,x59,x60
0.24999999999999997,-0.14157599368754334,-0.02695388215908196,-0.06176789059360407,0.02388018812965685,-0.0650516027222249,0.04405772060749219,-0.10340868125945789,0.08896416269586635,-0.013493673667932636,-0.20057882488409903,0.16301240708129178,-0.16207159396193072,0.1619479740965577,-0.16271674317964405,0.15773376194148053,-0.1319650134798827,0.07894607522018138,-0.10245462932537541,0.09043855073776129,0.15844778389221473,-0.15884907312300175,0.12816987662757465,-0.12847668651671987,0.0959586140487527,-0.09241484491615586,-0.01578213999618303,0.016067397158917196,-0.10700040631530333,0.10693871437187388,-0.011980598693477701,0.01309469932372647,-0.0192853243225041,-0.00039237135973775594,0.000728707240307337,-0.09659095232555683,0.09793806515341273,-0.14745570318027773,0.13556898926959793,-0.13264906460980563,0.009382188571590672,-0.00939441552528001,-0.037586860573207155,0.039552768880119916,-0.10088126935328025,0.13162029421999658,-0.15326215325291026,0.16277422674530698,-0.1630260647413555,0.16303438954692293,0.11484502945865191,-0.09061269293837636,0.014825198403986056,-0.06610999047453311,0.04636776274418204,-0.03142210400477813,-0.03789001070142142,-0.033584305816822736,0.027712408051040055,0.025372220607973874
-0.14157599368754334,0.25000000000000017,-0.06626745384691585,-0.03418286244247508,-0.0017290718158480985,0.037936970656904184,-0.029730173823788286,0.05105433697448555,-0.04885366422049562,0.028281711904171628,0.10548734259021739,-0.07412663859254894,0.07331623199826655,-0.07363609281544653,0.07383658718280973,-0.07201102121660685,0.061526269040045774,-0.04497681632027987,0.05434699946640753,-0.05078527627783967,-0.07248168644409048,0.07269117629972653,-0.060692082543658356,0.060853567155898236,-0.046867896901673235,0.04560874309876581,-0.002402463294817321,0.0023345306267685798,0.04665921883473785,-0.0467150608252445,0.0097865069974939,-0.010276887345272608,0.013200364229441004,-0.005699790449215036,0.0055526714415302875,0.03769741821957717,-0.03836865894658429,0.06554436239297678,-0.05961295293685484,0.058420982223367904,-0.008126716326022444,0.008375108645862826,0.011600664152263225,-0.012474710538320692,0.04241441769964261,-0.05691886127122686,0.06879569872012675,-0.07401770383507952,0.07413301605411537,-0.07413664968859518,-0.05250620987836155,0.04053308411292341,-0.0029038538410762274,0.029973066032258588,-0.020429346056422965,0.01362512641912499,0.016955380358249623,0.015299568093114698,-0.01242687883371808,-0.011287000765175312
-0.02695388215908196,-0.06626745384691585,0.2500000000000002,-0.026857307927070345,0.04476399915485567,0.007474940461566658,0.0011835109493448564,0.03954052113474696,-0.040253753718562345,-0.01844175046753903,0.04798801680692185,-0.07168536422477034,0.07086706963679076,-0.07121437460069815,0.07143336169257007,-0.06889482992809265,0.055085070815689884,-0.03429915584494722,0.046726885415801896,-0.041438643333664205,-0.06972012994012662,0.06988543097205845,-0.057081112452820174,0.0572165966908787,-0.04364654057613217,0.04185587320918661,0.010202162095339131,-0.010407184034389342,0.04776175790411831,-0.047655094400528425,0.005581609818731667,-0.006089247067243449,0.008795432822689561,5.304782723966617e-5,-0.000210053150000151,0.043860207529923506,-0.044447700163969,0.06515277543579562,-0.05992092989196057,0.05863379393506605,-0.004500782037349903,0.004475502257552742,0.01678483865499606,-0.017671771514161553,0.04475594817544672,-0.05853603027496633,0.06759671305110163,-0.07158080677039019,0.07169112155701095,-0.07169478962191803,-0.05009148758500132,0.0398015172003005,-0.006891184012480678,0.029101448258704036,-0.020381786460974386,0.013835211823002375,0.016631941263143147,0.014748423358311162,-0.012180931299833171,-0.01116504919763594
-0.06176789059360407,-0.03418286244247508,-0.026857307927070345,0.25000000000000033,-0.06536176517627056,0.022645825308308214,-0.027235354080353904,0.043463418843789556,-0.05273123496358697,0.0025819336165099085,0.07359298960283425,-0.08652645272950046,0.08711833354277634,-0.08597716549091008,0.0867672114081229,-0.08524158326797103,0.07917227039181997,-0.051648181141304324,0.05734974242621575,-0.051242009415348205,-0.08439757549913811,0.08463795032263349,-0.07009770309708274,0.07028594033465695,-0.05409607609208117,0.05282769142679297,0.0012145620196115001,-0.001375672218484661,0.05417752725861773,-0.054099750035069866,0.0084040844216587,-0.008996443851615004,0.012527490376596777,-0.0031385762968238196,0.0029943020350024626,0.047617814236968994,-0.04835839720112408,0.0773299973332835,-0.07045057873619591,0.06902835639247684,-0.006697293274740859,0.0068415240080617395,0.016997868512545262,-0.018019406860315872,0.05160497582275767,-0.06814944451862841,0.08082619022046397,-0.08639917962182142,0.08653335850234854,-0.08653769737055625,-0.06131103679722247,0.04779450585114113,-0.005777984937731747,0.03505525613401946,-0.024282371779407775,0.01634229496702694,0.019995528924842923,0.01784542421008363,-0.014637309340036354,-0.013329795062490934
0.02388018812965685,-0.0017290718158480985,0.04476399915485567,-0.06536176517627056,0.2500000000000004,-0.0628885719793336,-0.0028723358858359594,-0.020902211054942645,0.03821550773542072,-0.024306164998017556,-0.023597033881505084,0.028746125425605857,-0.029469522293731332,0.02855957568911882,-0.029002914567353624,0.027217658160951015,-0.02055049293325678,0.031946162098101236,-0.03865726866775282,0.040818248397914696,0.028992927979971328,-0.0291234015897723,0.029872464551427298,-0.02998470740433802,0.028094914008919725,-0.027670961328738034,0.012948794079283855,-0.012766618337204782,-0.015142084515407979,0.015113301362122153,-0.011677913384763068,0.01188584914854068,-0.013402581625674138,0.012799454406185691,-0.012761902353387285,-0.006644141766745281,0.006988477548124988,-0.023309434055430563,0.020309534377531593,-0.02012823819350376,0.01026980816396168,-0.010717741774054993,0.0044380491350608274,-0.004100294126550699,-0.01125650204748844,0.018342859314435883,-0.025533631165947493,0.028703199166295955,-0.028748427951267683,0.028749591776216474,0.020121940290238553,-0.014509513034217502,-0.004727589400961059,-0.011556287820589588,0.006792005027435384,-0.004191793807479896,-0.0060596643521589316,-0.005939965229875907,0.004524863710038965,0.003954121029365408
-0.0650516027222249,0.037936970656904184,0.007474940461566658,0.022645825308308214,-0.0628885719793336,0.2500000000000001,-0.05239073673160679,0.07484853297201813,-0.04617781256724705,-0.028710444813931372,0.06943067205523239,-0.07692410560919422,0.07622697482821837,-0.07640786819756402,0.0766910257351125,-0.07337492545321472,0.05835230353921853,-0.032990902128622455,0.04874335847127401,-0.044131076447868,-0.07473788929793278,0.07493010059883434,-0.060377706437066345,0.060521174975617376,-0.04513820425906927,0.043162152263501924,0.009312202495152222,-0.009491910194534436,0.05172649184578188,-0.05173357414206683,0.005222813941424015,-0.005751468422374298,0.008670255742640527,0.0008228353497345964,-0.0009875335510990241,0.046559498888981775,-0.04718795008939077,0.06977657062673608,-0.06465858441721314,0.063258033698597,-0.004063738463030066,0.00403149274383725,0.018364696555325608,-0.01929473937284379,0.04805605781033667,-0.06257966956550479,0.07246556871834628,-0.0768114154894259,0.07693009486021397,-0.07693404048172363,-0.05406996207381514,0.042817609140790434,-0.007464700406569478,0.03122041243786185,-0.021949165654198795,0.014899198301768507,0.017898615911998903,0.015841148656733164,-0.013094235590456622,-0.011997342026062188
0.04405772060749219,-0.029730173823788286,0.0011835109493448564,-0.027235354080353904,-0.0028723358858359594,-0.05239073673160679,0.2500000000000002,-0.07984830102662176,0.00404544246213406,0.019042749080460344,-0.05365672382070756,0.0538708441547873,-0.052957312504250426,0.05351649335345523,-0.053540710333404185,0.059373253461006414,-0.084614503048855,0.03292368294014875,-0.008456649475707886,-0.0016136106650336327,0.05160296962618427,-0.051772405667779194,0.03617491296788745,-0.03627530937546477,0.019779811660074163,-0.02098688460821783,-0.005869621374766699,0.00565724949348947,-0.033601687121169316,0.03371523287197405,0.009962129537728792,-0.009641382002549766,0.0072315296398326855,-0.014746550419297521,0.014742220812541746,-0.03811942217012939,0.03844440372534393,-0.05032499329406851,0.04719282669955349,-0.045997057736241714,-0.010195188061881568,0.010593484750172504,-0.024369159704719985,0.02489492723122624,-0.03927554953031676,0.046403855278750746,-0.051546264028338645,0.05379050523579723,-0.053874596055343275,0.05387768277490356,0.0406616118305442,-0.032083208811549566,0.011927303120199568,-0.02197703735959764,0.01715033739949875,-0.012009952438197795,-0.013495451309350197,-0.011182755483755585,0.00972683421694355,0.008914889689157891
-0.10340868125945789,0.05105433697448555,0.03954052113474696,0.043463418843789556,-0.020902211054942645,0.07484853297201813,-0.07984830102662176,0.25000000000000006,-0.09584082578723649,-0.08442076964607376,0.11421001447061868,-0.14170506817196152,0.14095310471197836,-0.14078027475270055,0.14147056063860483,-0.13624213731696025,0.11312351094590795,-0.0621550820924163,0.08629266689004884,-0.07790421828372068,-0.13757522876884404,0.1379109420942918,-0.10993878878297571,0.11019348845161626,-0.08103117071969433,0.07778699364998523,0.01737415038368089,-0.0175979618347353,0.09557950440789817,-0.09562257024511468,0.010021738129046928,-0.01097760092641864,0.01615715355282369,0.001351055536038287,-0.0016716383321064938,0.08476466977173433,-0.08593319070678387,0.12840266511559242,-0.11861891411249743,0.11601750173369771,-0.007879329328020717,0.00785780910958052,0.0333429259614669,-0.03505695051484115,0.08813642764322274,-0.1147895115841308,0.13334310849409503,-0.14149738152593738,0.14171622938768247,-0.14172348260133305,-0.09968161988935342,0.07880309666863272,-0.013331004641592517,0.05746166754113802,-0.04036817342213049,0.02737655588283787,0.03294855541324652,0.029190613135589488,-0.024091929486844344,-0.022090573224898522
0.08896416269586635,-0.04885366422049562,-0.040253753718562345,-0.05273123496358697,0.03821550773542072,-0.04617781256724705,0.00404544246213406,-0.09584082578723649,0.25000000000000017,-0.05785221636950262,-0.12198781508371563,0.17082474426011382,-0.16980274862245218,0.16969602429584205,-0.17050602281011878,0.16532360727437295,-0.14606133417948794,0.18653624107777264,-0.21232012021300964,0.19467698431061736,0.17052866348393864,-0.171161598233382,0.16479119832011863,-0.16531357647739528,0.1450406257934916,-0.14169434567320752,0.05178762191409757,-0.051598204720551634,-0.08855629825081267,0.08849166381400342,-0.04086412440770398,0.04207012410255488,-0.050500039924181284,0.040401009873046956,-0.04017250563659261,-0.06679604001333646,0.06856584915215863,-0.1461884101447206,0.128464573970398,-0.12634259964305572,0.0350002987983422,-0.03644001002409657,-0.004504623150664829,0.0065099704731838015,-0.08480817438867101,0.12170315959763527,-0.15563934654055553,0.17057184878459153,-0.17083883020449522,0.1708466023461034,0.12154239697263121,-0.09075762195446642,-0.00793801541439636,-0.06904104109897985,0.04453629927749318,-0.028827018733029137,-0.03793144708898494,-0.03531457849486701,0.028049863505180565,0.02488862507366445
-0.013493673667932636,0.028281711904171628,-0.01844175046753903,0.0025819336165099085,-0.024306164998017556,-0.028710444813931372,0.019042749080460344,-0.08442076964607376,-0.05785221636950262,0.25000000000000017,0.011607058375192807,-0.009190095789863168,0.00849645202559626,-0.009121163487406981,0.008926709698960276,-0.013840153494096102,0.03302169508016395,-0.08779979823701778,0.0669420922981521,-0.07515524939509503,-0.012498697927285848,0.012716768002301497,-0.030883420059818797,0.031106995789870622,-0.041054013087396146,0.04376247486415219,-0.0674364311522422,0.06740752692126209,-0.014142612639604521,0.0142704516395693,0.03472134404693227,-0.034779092600949704,0.03652620388038126,-0.04637011985948976,0.046471568208134265,-0.037460477231402126,0.0369783036101866,-0.002363743366820296,0.00884331392065923,-0.007758493407564749,-0.030915596050559033,0.03268341777906634,-0.03894786158525795,0.03891904347409991,-0.019469273557468292,0.012759388959808366,0.00246061949321838,-0.009172856328082247,0.009191509989537654,-0.009190849863255468,-0.007392005535612964,-6.35547619416148e-5,0.02706083949635814,0.0031795008684600496,0.0024223836461920354,-0.0031954436358019424,-5.397934070199527e-6,0.002024245917147055,-0.0002502242903324617,0.00045374802082342775
-0.20057882488409903,0.10548734259021739,0.04798801680692185,0.07359298960283425,-0.023597033881505084,0.06943067205523239,-0.05365672382070756,0.11421001447061868,-0.12198781508371563,0.011607058375192807,0.25,-0.1989326885423461,0.19790529813230606,-0.19763538703945538,0.19862203733806047,-0.19342972518078774,0.16664952483477752,-0.11187024310775225,0.13630660710277592,-0.12388285160976217,-0.1940373054329132,0.19457223862571105,-0.1608670643528665,0.1612843516119521,-0.12354162160035413,0.11982920164542459,0.00798779611630069,-0.008368012425721619,0.12767647441859092,-0.12760641492969732,0.019735993250582493,-0.0210952655819236,0.028987022429018378,-0.006972029466995211,0.006591445834024077,0.11098756831391075,-0.1126949282706016,0.1781862429061541,-0.16304499427394167,0.15968977887478314,-0.015954129151211062,0.016245509656928107,0.03934076309246321,-0.04171623142249838,0.11909044616889641,-0.15739224996356685,0.1860439233990539,-0.19864100123677567,0.19894907800024453,-0.19895905860605806,-0.14045948463882754,0.1097919124007331,-0.01362195370481771,0.0806165586893393,-0.05581846880874501,0.03757465123695431,0.04591681783257125,0.041011136737802344,-0.03363078244207341,-0.030652130088926602
0.16301240708129178,-0.07412663859254894,-0.07168536422477034,-0.08652645272950046,0.028746125425605857,-0.07692410560919422,0.0538708441547873,-0.14170506817196152,0.17082474426011382,-0.009190095789863168,-0.1989326885423461,0.25000000000000006,-0.248781225637352,0.2482383679666862,-0.24955629882084293,0.24421644561068873,-0.21686768459361994,0.16081052059321552,-0.18579096730736683,0.17308156156079216,0.244599784432809,-0.24532134194607458,0.20782416222470954,-0.2084010579652735,0.16379173843778824,-0.15992638582510396,0.006695449196248739,-0.006224817519103495,-0.15589896359683414,0.1558113814869409,-0.033039760309245866,0.03474180480930328,-0.0449902518278521,0.020078090771873114,-0.019628815748132883,-0.1287044052373177,0.1309492457287642,-0.22114904431151894,0.20085551101356788,-0.1969420054849903,0.027388816837273882,-0.028190520845511505,-0.03931565424044959,0.04227386677855638,-0.14336374897219897,0.19265731554966617,-0.2321365744346233,0.24949898325769815,-0.24988709877847567,0.24989935698593277,0.17671836528771034,-0.13664396857533834,0.010212954785561874,-0.10112285877262506,0.0688815787396449,-0.04597672053033426,-0.05715320535423821,-0.05154722565357482,0.04192250946778948,0.038035327586801865
-0.16207159396193072,0.07331623199826655,0.07086706963679076,0.08711833354277634,-0.029469522293731332,0.07622697482821837,-0.052957312504250426,0.14095310471197836,-0.16980274862245218,0.00849645202559626,0.19790529813230606,-0.248781225637352,0.25000000000000006,-0.24716033947666635,0.24847596201992006,-0.2431362794697246,0.21581084578346227,-0.1597974659425061,0.18475645048206374,-0.17205724993361682,-0.24352349626278694,0.24424111424275025,-0.20683313601475456,0.20740671429208363,-0.16295098072633277,0.1590901230985541,-0.006401745329937611,0.005932996632238121,0.155293303310649,-0.15520601811781654,0.03276745784428306,-0.034462212669472164,0.04466084519546107,-0.019813966369108982,0.019366179491545243,0.12831432709006121,-0.13054783706481354,0.22023039148609885,-0.2000450764667828,0.19614382783128104,-0.027155246399801637,0.027946615079234606,0.03930301183834499,-0.04224878922605013,0.14283860553137265,-0.19189981559496505,0.23115239777932567,-0.24841504859610686,0.24880145925848687,-0.24881366856202067,-0.17594551925297883,0.13607000454087131,-0.010276846687371497,0.1006856842959173,-0.06860153490464053,0.0457960486903354,0.056913003020523545,0.051322694276332265,-0.041745367993590146,-0.037877348033460406
0.1619479740965577,-0.07363609281544653,-0.07121437460069815,-0.08597716549091008,0.02855957568911882,-0.07640786819756402,0.05351649335345523,-0.14078027475270055,0.16969602429584205,-0.009121163487406981,-0.19763538703945538,0.2482383679666862,-0.24716033947666635,0.24999999999999994,-0.2479300861172782,0.2426250934837348,-0.21545574552702362,0.1597482606495183,-0.18456482390785708,0.17193660857470258,0.2430049902050201,-0.24372178934618155,0.20646367142445185,-0.20703672283281055,0.16271486816250438,-0.1588745591909999,0.006643596361718853,-0.006176289190954283,-0.1548850480270361,0.15479806182713846,-0.03282052720280762,0.034511444082168774,-0.044692451567721996,0.019940924445053507,-0.01949453414135375,-0.12786887710347045,0.13009904814063603,-0.21970884282675043,0.1995472520965879,-0.195659069603433,0.027206890044124882,-0.028003219301083793,-0.039064144611101796,0.04200308630620692,-0.14243198550653766,0.191403236900162,-0.23062417835393084,0.2478729755755328,-0.24825856176240857,0.24827074020782225,0.1755667520506789,-0.13575402597239294,0.010149358141042158,-0.10046376230776914,0.06843320719966049,-0.04567762048949786,-0.0567809926884566,-0.051211288646230674,0.04164940388778453,0.03778770854869886
-0.16271674317964405,0.07383658718280973,0.07143336169257007,0.0867672114081229,-0.029002914567353624,0.0766910257351125,-0.053540710333404185,0.14147056063860483,-0.17050602281011878,0.008926709698960276,0.19862203733806047,-0.24955629882084293,0.24847596201992006,-0.2479300861172782,0.25,-0.24390566561896407,0.21655434072379134,-0.16049084941637115,0.18547358000348896,-0.17276278415532306,-0.2442903300476908,0.24501068125043615,-0.2075310070038808,0.20810687809233708,-0.16353580962945477,0.15967054194155972,-0.006582795741262377,0.00611265041591433,0.15573394356120385,-0.15564647282992872,0.03294545910245002,-0.03464541868778363,0.04487919925497013,-0.01998147628499987,0.019532604078556098,0.12861139838643085,-0.1308528142971331,0.22089090665224675,-0.20063095010715282,0.19672042957262997,-0.02730716281608766,0.02810511791382867,0.03933072702683344,-0.04228539509118258,0.14322478660052157,-0.19244939714679232,0.23185776842315542,-0.2491889720030951,0.24957659822588807,-0.24958884296302436,-0.1764975796880772,0.13648227463644494,-0.010243732430905851,0.1009981038676221,-0.06880387842569358,0.045927361511446926,0.05708555467412678,0.05148297444204909,-0.041872497725665106,-0.03799098435652886
0.15773376194148053,-0.07201102121660685,-0.06889482992809265,-0.08524158326797103,0.027217658160951015,-0.07337492545321472,0.059373253461006414,-0.13624213731696025,0.16532360727437295,-0.013840153494096102,-0.19342972518078774,0.24421644561068873,-0.2431362794697246,0.2426250934837348,-0.24390566561896407,0.2500000000000003,-0.2222933605709884,0.16607420245221022,-0.18036507170624919,0.16765933629542093,0.23960389825395373,-0.24033301521644165,0.2060638814493241,-0.20665563920200403,0.1648198076562788,-0.1651556058377609,0.012215877734186522,-0.011746148472867042,-0.1502946348009918,0.15021011806309778,-0.03280096079466378,0.0344546378489019,-0.04470427107176595,0.02122227021467775,-0.020815466964128372,-0.1231489530611154,0.12535877211921959,-0.21551292798893473,0.19522872328885985,-0.1914712411554504,0.027047527852357665,-0.0279160617234802,-0.03692231168627073,0.03978455116827429,-0.1389649242973771,0.18705315877392678,-0.22650665416918397,0.24385645409078327,-0.24423631749312658,0.24424825910901862,0.1733062027476078,-0.13350964916443184,0.008784547027784228,-0.09882039465657438,0.06721385234244785,-0.044793407385948295,-0.05585134900945801,-0.05040775647735628,0.040966649064852756,0.03709887422818845
-0.1319650134798827,0.061526269040045774,0.055085070815689884,0.07917227039181997,-0.02055049293325678,0.05835230353921853,-0.084614503048855,0.11312351094590795,-0.14606133417948794,0.03302169508016395,0.16664952483477752,-0.21686768459361994,0.21581084578346227,-0.21545574552702362,0.21655434072379134,-0.2222933605709884,0.24999999999999986,-0.18943853223772064,0.16508241509410024,-0.15193839445629234,-0.21328474863702684,0.2140160031296827,-0.18544070045548558,0.1860149775949077,-0.1488888223018231,0.14936101835206356,-0.03735806338413404,0.03718594384766319,0.12361563227445696,-0.12353948748861068,0.034626435088894,-0.036063105685253574,0.045827777029247965,-0.02790596940448363,0.027648876988046373,0.09696527017428333,-0.09901223266204322,0.1884006324777323,-0.1682894881705597,0.1652766392853256,-0.028516899609945634,0.02973262247393528,0.02417114659300201,-0.02662942807262915,0.11738834846726272,-0.16025875422479288,0.1993551517428806,-0.21654600323745998,0.21688537828967822,-0.21689574799799952,-0.15542847614990435,0.11779939586533106,-0.0014263133648905646,0.08756888405552365,-0.058764894363786416,0.03880349689628154,0.04931529113288302,0.04484609104627994,-0.03617218931049134,-0.03256195748894252
0.07894607522018138,-0.04497681632027987,-0.03429915584494722,-0.051648181141304324,0.031946162098101236,-0.032990902128622455,0.03292368294014875,-0.0621550820924163,0.18653624107777264,-0.08779979823701778,-0.11187024310775225,0.16081052059321552,-0.1597974659425061,0.1597482606495183,-0.16049084941637115,0.16607420245221022,-0.18943853223772064,0.24999999999999986,-0.22153873981077232,0.20196835462806,0.16215977374655616,-0.16290691199079876,0.1643881715188392,-0.16498601726197876,0.15189424210212432,-0.15277170853521785,0.0950644030680694,-0.09514450874533953,-0.0668736908147975,0.06680444612479232,-0.049416932266824073,0.050505324342326456,-0.05966741381164113,0.056092235878678294,-0.05605034353451309,-0.040142538215074366,0.04197429381027806,-0.13210019793921185,0.11180789802682814,-0.11042006555138179,0.04201893256575369,-0.04420395200004478,0.012543244271782593,-0.010801141276936769,-0.06842012046269268,0.10385055693503491,-0.14324020635576162,0.16056906023047288,-0.16082393699723282,0.16083079860800673,0.1171024444436259,-0.08393357316667811,-0.019685359063834965,-0.06471629137527224,0.04013935460909582,-0.025248612858988002,-0.03512665196366836,-0.03339067880200891,0.026014772460448702,0.022656910093379817
-0.10245462932537541,0.05434699946640753,0.046726885415801896,0.05734974242621575,-0.03865726866775282,0.04874335847127401,-0.008456649475707886,0.08629266689004884,-0.21232012021300964,0.0669420922981521,0.13630660710277592,-0.18579096730736683,0.18475645048206374,-0.18456482390785708,0.18547358000348896,-0.18036507170624919,0.16508241509410024,-0.22153873981077232,0.2500000000000001,-0.22858354069177939,-0.1860352236315187,0.18676894929327656,-0.182907736378898,0.18350705576090004,-0.16559282908683354,0.16225629425823526,-0.07028887610236273,0.07010570974226606,0.09182775283118197,-0.0917503136481804,0.05036949090873054,-0.05168403208256777,0.0612290783856177,-0.05203246003288543,0.051820135937643196,0.06491776185080997,-0.06691274010775525,0.15707194497359567,-0.13677082000889368,0.13468712126954704,-0.04330455466580394,0.045186986436855134,-0.002226567310914685,6.450925174901327e-5,0.08781136701007794,-0.1287304785763277,0.1681621021153295,-0.18551518870008582,0.18580640023743566,-0.18581465875366415,-0.1323869846171172,0.09791305654827251,0.013458224943458115,0.07498451050489446,-0.047562484797777874,0.030494966200232378,0.0409037165987096,0.03843007112446583,-0.030285177654671536,-0.026747400151700254
0.09043855073776129,-0.05078527627783967,-0.041438643333664205,-0.051242009415348205,0.040818248397914696,-0.044131076447868,-0.0016136106650336327,-0.07790421828372068,0.19467698431061736,-0.07515524939509503,-0.12388285160976217,0.17308156156079216,-0.17205724993361682,0.17193660857470258,-0.17276278415532306,0.16765933629542093,-0.15193839445629234,0.20196835462806,-0.22858354069177939,0.24999999999999986,0.17443789692373393,-0.17517968019714686,0.17811459610342695,-0.17873534229442684,0.1644723720169526,-0.16108998365371197,0.07375614748994688,-0.07357170445800487,-0.07908596726565212,0.07901095036960966,-0.04993468073836946,0.05115304722602617,-0.060502973562471536,0.054328315248618475,-0.05418896754811574,-0.05331658108623388,0.05521763994700457,-0.14435764165707776,0.12404757418587323,-0.12232397695440798,0.04279259391807723,-0.044794856639733226,0.007290278564251736,-0.005322757980685967,-0.07821951572731294,0.1165900402910779,-0.15563783642243678,0.17282352323006048,-0.1730959745921358,0.1731035281669153,0.12435565275404553,-0.09064234926965727,-0.016372387626598837,-0.06981173615980496,0.0437776526840754,-0.0278389920254421,-0.037929755549346536,-0.035851430660848324,0.028105773600922507,0.024667460410868848
0.15844778389221473,-0.07248168644409048,-0.06972012994012662,-0.08439757549913811,0.028992927979971328,-0.07473788929793278,0.05160296962618427,-0.13757522876884404,0.17052866348393864,-0.012498697927285848,-0.1940373054329132,0.244599784432809,-0.24352349626278694,0.2430049902050201,-0.2442903300476908,0.23960389825395373,-0.21328474863702684,0.16215977374655616,-0.1860352236315187,0.17443789692373393,0.2499999999999998,-0.24903408162495297,0.21163611115097086,-0.2122040012852669,0.1679207049786851,-0.16403021404905974,0.011594222943300949,-0.011127949004887472,-0.15065110031202045,0.15056434645669284,-0.03821462769320222,0.03992087611335933,-0.05016102550929391,0.02527713446990748,-0.024827783301348466,-0.12347007237147757,0.12571419303396417,-0.2158888317256797,0.19559749079073194,-0.19184129707911396,0.03234228340796569,-0.03329128222485163,-0.03410401204041184,0.037054805405517414,-0.13812235886714594,0.18740720237869726,-0.22687667370113085,0.24424014085478624,-0.244619748150416,0.24463162656642454,0.1716640649932443,-0.13315655253820532,0.00758367713119692,-0.09888769144944018,0.0666806967823718,-0.04438140645908884,-0.05559269135830641,-0.05040979111365151,0.0408012601966375,0.037068010440655635
-0.15884907312300175,0.07269117629972653,0.06988543097205845,0.08463795032263349,-0.0291234015897723,0.07493010059883434,-0.051772405667779194,0.1379109420942918,-0.171161598233382,0.012716768002301497,0.19457223862571105,-0.24532134194607458,0.24424111424275025,-0.24372178934618155,0.24501068125043615,-0.24033301521644165,0.2140160031296827,-0.16290691199079876,0.18676894929327656,-0.17517968019714686,-0.24903408162495297,0.24999999999999986,-0.21240648857111477,0.21297713298595344,-0.16836618928915062,0.16447225413975647,-0.01125359808273187,0.01078314344921137,0.15134723532824787,-0.15126036678696722,0.0375953391005199,-0.03930223550106168,0.04954839315045808,-0.024636560461222243,0.024187170657158166,0.12415417737918139,-0.12639918039523806,0.21660248482753547,-0.19630746120730339,0.19253057195719858,-0.0317479534778382,0.0326791129923656,0.03476711154608051,-0.03772024915605112,0.1388144350373009,-0.18811087301551413,0.22759246645915665,-0.24496058764522263,0.24534135512708236,-0.24535328426517067,-0.17233274872372462,0.13363231724329108,-0.007921581602629273,0.09919164415401613,-0.06697178934892051,0.04459219826392889,0.055802545178677554,0.05056446961544538,-0.040951552423396556,-0.0371992772244976
0.12816987662757465,-0.060692082543658356,-0.057081112452820174,-0.07009770309708274,0.029872464551427298,-0.060377706437066345,0.03617491296788745,-0.10993878878297571,0.16479119832011863,-0.030883420059818797,-0.1608670643528665,0.20782416222470954,-0.20683313601475456,0.20646367142445185,-0.2075310070038808,0.2060638814493241,-0.18544070045548558,0.1643881715188392,-0.182907736378898,0.17811459610342695,0.21163611115097086,-0.21240648857111477,0.2500000000000001,-0.2487092212799868,0.2045409745850699,-0.20040807520626322,0.04828031575013336,-0.047818992941086734,-0.11391856190552462,0.11383752998863625,-0.07466308931471569,0.07640601989304521,-0.08661575736639544,0.06177623184486389,-0.061327608350557034,-0.08675485188645839,0.08899671867173892,-0.17912726774484067,0.15884372578163247,-0.15618951476519463,0.06722012519237643,-0.06920793881694562,0.0024089348887804405,0.0004960900288753839,-0.10144578092576954,0.15066991806749705,-0.19012624648432636,0.2075214071965186,-0.20784160520310688,0.20785082937455274,0.1362882484571156,-0.10884014873860173,-0.010802030891649498,-0.08326781300784927,0.05127928329536826,-0.03322195306969772,-0.04469207003291868,-0.042462476363884526,0.03296236673651572,0.030315513106160565
-0.12847668651671987,0.060853567155898236,0.0572165966908787,0.07028594033465695,-0.02998470740433802,0.060521174975617376,-0.03627530937546477,0.11019348845161626,-0.16531357647739528,0.031106995789870622,0.1612843516119521,-0.2084010579652735,0.20740671429208363,-0.20703672283281055,0.20810687809233708,-0.20665563920200403,0.1860149775949077,-0.16498601726197876,0.18350705576090004,-0.17873534229442684,-0.2122040012852669,0.21297713298595344,-0.2487092212799868,0.2500000000000001,-0.20530397508185627,0.2011664566755477,-0.048193951092072126,0.04772490311372179,0.11441856749817032,-0.11433748431903956,0.07449758172208648,-0.07624284206259013,0.0864647862075226,-0.06157917507981234,0.06112890280867137,0.08721655447758307,-0.08946224434367533,0.17967795593586477,-0.15937715881356265,0.15670917996286568,-0.06705964039418845,0.06904011819838991,-0.002118906155105671,-0.0007917475546245062,0.10188989699017383,-0.15119259639046054,0.19068612306239893,-0.20809745120890843,0.20841854442011695,-0.2084278023142083,-0.13674086787932488,0.10917715102285652,0.01066280767129462,0.08350731109930574,-0.05147172025237253,0.03335573302999801,0.04483741822653675,0.042583352605082794,-0.033068990542152725,-0.030410267839894572
0.0959586140487527,-0.046867896901673235,-0.04364654057613217,-0.05409607609208117,0.028094914008919725,-0.04513820425906927,0.019779811660074163,-0.08103117071969433,0.1450406257934916,-0.041054013087396146,-0.12354162160035413,0.16379173843778824,-0.16295098072633277,0.16271486816250438,-0.16353580962945477,0.1648198076562788,-0.1488888223018231,0.15189424210212432,-0.16559282908683354,0.1644723720169526,0.1679207049786851,-0.16836618928915062,0.2045409745850699,-0.20530397508185627,0.25000000000000033,-0.244994217446654,0.09251975319589942,-0.09196842995482005,-0.06982686980681832,0.06975878339425415,-0.10980447490723542,0.1114866417562986,-0.12174200452832243,0.10621372995317574,-0.10576182716139002,-0.042577165119021695,0.04482497766277803,-0.13506058039173274,0.11478017394363882,-0.11344593006118041,0.10057938539607662,-0.10371395144243709,0.046514882515380586,-0.043822921762368,-0.05727412677916762,0.10658074172618992,-0.14609754819820286,0.16355666466363694,-0.16380614162924498,0.16381218054013558,0.09898375407002152,-0.07933427085045822,-0.034591617295257365,-0.0652067668062288,0.03392266935533411,-0.020341222631150076,-0.03196430366612918,-0.03318642336820711,0.024100303738418795,0.021866483043444063
-0.09241484491615586,0.04560874309876581,0.04185587320918661,0.05282769142679297,-0.027670961328738034,0.043162152263501924,-0.02098688460821783,0.07778699364998523,-0.14169434567320752,0.04376247486415219,0.11982920164542459,-0.15992638582510396,0.1590901230985541,-0.1588745591909999,0.15967054194155972,-0.1651556058377609,0.14936101835206356,-0.15277170853521785,0.16225629425823526,-0.16108998365371197,-0.16403021404905974,0.16447225413975647,-0.20040807520626322,0.2011664566755477,-0.244994217446654,0.25000000000000067,-0.0966524507029422,0.0960818224963198,0.06595200502861086,-0.06589923661071043,0.10634785931600942,-0.10796601078080617,0.1179587198915596,-0.10257623889338507,0.10217202783929019,0.038805593038592115,-0.0409945009823906,0.13120275883590618,-0.11090477054179278,0.10966799717142849,-0.0971861866972143,0.10030962413949775,-0.045207861804206335,0.042626487969689396,0.055398424999746745,-0.10275950942168902,0.14225264681513802,-0.15969585953911564,0.15994043198373298,-0.1599463365670441,-0.09729994121166721,0.07779969209736746,0.033956988600946834,0.06356506949117643,-0.03315073083881312,0.01988933624505057,0.031329327198441656,0.03242632410846243,-0.023543658762182517,-0.021401060492371046
-0.01578213999618303,-0.002402463294817321,0.010202162095339131,0.0012145620196115001,0.012948794079283855,0.009312202495152222,-0.005869621374766699,0.01737415038368089,0.05178762191409757,-0.0674364311522422,0.00798779611630069,0.006695449196248739,-0.006401745329937611,0.006643596361718853,-0.006582795741262377,0.012215877734186522,-0.03735806338413404,0.0950644030680694,-0.07028887610236273,0.07375614748994688,0.011594222943300949,-0.01125359808273187,0.04828031575013336,-0.048193951092072126,0.09251975319589942,-0.0966524507029422,0.25000000000000033,-0.2439992131326304,0.08282839822820005,-0.07884956105076435,-0.11016469874017401,0.11022920479983492,-0.11059460390623654,0.12352657936908053,-0.12343224180933764,0.11311816441533597,-0.11196096708219769,0.022008931798305355,-0.040509136976784516,0.037494380950566966,0.10073544386841883,-0.10573966883185973,0.11178862715085398,-0.11158999200720027,0.06478231667689806,-0.049857836892945304,0.010628697778841397,0.00667546296744976,-0.006697398339533338,0.006694580724386747,-0.0019901818794877428,0.011489931858804628,-0.07452710178973418,9.882938844564342e-5,-0.01402316002728328,0.013500513733739195,0.005281612175066218,-0.001384394374603951,-0.0036122154457888032,-0.003540256764750796
0.016067397158917196,0.0023345306267685798,-0.010407184034389342,-0.001375672218484661,-0.012766618337204782,-0.009491910194534436,0.00565724949348947,-0.0175979618347353,-0.051598204720551634,0.06740752692126209,-0.008368012425721619,-0.006224817519103495,0.005932996632238121,-0.006176289190954283,0.00611265041591433,-0.011746148472867042,0.03718594384766319,-0.09514450874533953,0.07010570974226606,-0.07357170445800487,-0.011127949004887472,0.01078314344921137,-0.047818992941086734,0.04772490311372179,-0.09196842995482005,0.0960818224963198,-0.2439992131326304,0.25000000000000056,-0.08760653013808424,0.08344588720850696,0.10806320506040787,-0.1080953855630622,0.10818297894764076,-0.12127163061967586,0.12116984491000803,-0.11268988135740142,0.1115616185819735,-0.022502783083023163,0.04278743219744048,-0.039743340039446566,-0.09875976834665304,0.1037212870799267,-0.11041152011141174,0.11024988585170797,-0.06436926685135023,0.049862864353829923,-0.010957765194999048,-0.006205333020093753,0.006226702723984683,-0.0062239037266106495,0.001895119859505567,-0.011468282312274779,0.0737345029348131,-0.0002566151123251808,0.01391733638721851,-0.013375552257849912,-0.005253425892799829,0.0013010948224030624,0.003604536003803393,0.003551540962635028
-0.10700040631530333,0.04665921883473785,0.04776175790411831,0.05417752725861773,-0.015142084515407979,0.05172649184578188,-0.033601687121169316,0.09557950440789817,-0.08855629825081267,-0.014142612639604521,0.12767647441859092,-0.15589896359683414,0.155293303310649,-0.1548850480270361,0.15573394356120385,-0.1502946348009918,0.12361563227445696,-0.0668736908147975,0.09182775283118197,-0.07908596726565212,-0.15065110031202045,0.15134723532824787,-0.11391856190552462,0.11441856749817032,-0.06982686980681832,0.06595200502861086,0.08282839822820005,-0.08760653013808424,0.25000000000000044,-0.24336190625551263,-0.007008562704635693,0.0058123615417402935,0.0020070037401440297,0.020015990342532847,-0.02036490225390804,0.14073586290371765,-0.14179853582903987,0.18364386247303133,-0.20468495854874455,0.19686298210682074,0.007614503712989647,-0.008720786514201289,0.058831980308190555,-0.060792458347700466,0.11568978838264118,-0.14256988430853085,0.15196834119230537,-0.1556824434676886,0.15591126609270067,-0.1559197813023178,-0.108310714863693,0.09163124126050413,-0.030303728431464026,0.06364319722544043,-0.04855864010053192,0.03291640901525226,0.03721801794548364,0.03207553408161945,-0.027544204028567148,-0.024639620748074763
0.10693871437187388,-0.0467150608252445,-0.047655094400528425,-0.054099750035069866,0.015113301362122153,-0.05173357414206683,0.03371523287197405,-0.09562257024511468,0.08849166381400342,0.0142704516395693,-0.12760641492969732,0.1558113814869409,-0.15520601811781654,0.15479806182713846,-0.15564647282992872,0.15021011806309778,-0.12353948748861068,0.06680444612479232,-0.0917503136481804,0.07901095036960966,0.15056434645669284,-0.15126036678696722,0.11383752998863625,-0.11433748431903956,0.06975878339425415,-0.06589923661071043,-0.07884956105076435,0.08344588720850696,-0.24336190625551263,0.2500000000000005,0.0049473541631674806,-0.0037290305719304903,-0.0041884226954891565,-0.018288259085081388,0.018628447325755533,-0.1388194183422496,0.139902040856438,-0.1828316382491568,0.20322088106252345,-0.1954678650677719,-0.005716272460878231,0.006745883682456496,-0.057380296200526676,0.05936485890853634,-0.11469405599282538,0.14167956595673192,-0.15163263507609664,0.15559482060604257,-0.15582370139847052,0.15583217484210077,0.10795732546881942,-0.09145204494271315,0.02948857016770173,-0.06353263488870547,0.04826161665251546,-0.0326965336846217,-0.03711302817016082,-0.03204316723746234,0.02744621905506066,0.024598736809359457
-0.011980598693477701,0.0097865069974939,0.005581609818731667,0.0084040844216587,-0.011677913384763068,0.005222813941424015,0.009962129537728792,0.010021738129046928,-0.04086412440770398,0.03472134404693227,0.019735993250582493,-0.033039760309245866,0.03276745784428306,-0.03282052720280762,0.03294545910245002,-0.03280096079466378,0.034626435088894,-0.049416932266824073,0.05036949090873054,-0.04993468073836946,-0.03821462769320222,0.0375953391005199,-0.07466308931471569,0.07449758172208648,-0.10980447490723542,0.10634785931600942,-0.11016469874017401,0.10806320506040787,-0.007008562704635693,0.0049473541631674806,0.25000000000000044,-0.248001454298175,0.23731392825608197,-0.2147914647622906,0.21267114667103587,-0.08717714761041316,0.08499394299202301,0.004513633241815085,-0.007689499462057384,0.010143002948304024,-0.23216980537174683,0.23891422708389742,-0.17531733428035598,0.17261430666649025,-0.07251579608199672,0.023713880913787854,0.015527846094760838,-0.03300443226342975,0.03304522510886443,-0.033041669606337816,0.032319161413677244,-0.015192906676332336,0.10308840039951184,0.008144737814541472,0.022389904878063985,-0.020587194609684396,-0.008523203646949447,0.005009755800141692,0.005237313831488641,0.0015816736193862428
0.01309469932372647,-0.010276887345272608,-0.006089247067243449,-0.008996443851615004,0.01188584914854068,-0.005751468422374298,-0.009641382002549766,-0.01097760092641864,0.04207012410255488,-0.034779092600949704,-0.0210952655819236,0.03474180480930328,-0.034462212669472164,0.034511444082168774,-0.03464541868778363,0.0344546378489019,-0.036063105685253574,0.050505324342326456,-0.05168403208256777,0.05115304722602617,0.03992087611335933,-0.03930223550106168,0.07640601989304521,-0.07624284206259013,0.1114866417562986,-0.10796601078080617,0.11022920479983492,-0.1080953855630622,0.0058123615417402935,-0.0037290305719304903,-0.248001454298175,0.25000000000000033,-0.23918373155670064,0.2156848709252771,-0.21354223902535516,0.08638415245292211,-0.08417797772768282,-0.006036234672645739,0.009205885535196707,-0.011632804591445972,0.2338280206894071,-0.2406021035197849,0.17560087817254919,-0.17285277758261094,0.07175948755009169,-0.0224467068601563,-0.017094707402346688,0.0347041351562576,-0.03474742132716738,0.03474393292374035,-0.031742706831909995,0.014358578173999235,-0.10318916374584394,-0.00877357658617635,-0.022105108330474153,0.020398065573619274,0.008219561086154566,-0.005334585539947019,-0.005028259512888152,-0.0013193652094518735
