x1,x2,x3,x4,x5,x6,x7,x8,x9,x10,x11,x12,x13,x14,x15,x16,x17,x18,x19,x20,x21,x22,x23,x24,x25,x26,x27,x28,x29,x30,x31,x32,x33,x34,x35,x36,x37,x38,x39,x40,x41,x42,x43,x44,x45,x46,x47,x48,x49,x50,x51,x52,x53,x54,x55,x56,x57,x58,x59,x60
0.25000000000000006,0.24916078490062896,-0.07019225263098096,0.2481557159505219,-0.07784504303378398,0.24887960425800001,-0.10575891695667823,0.24917055650137104,-0.15734150951118483,0.24935967404763304,0.05559204788869293,-0.05942101665989697,0.06288087650236157,-0.0705199072230292,0.07433387630086338,-0.08516304254196198,0.10280207909118658,-0.1493609999169146,0.14692780787181609,-0.12502441970994996,-0.02935287524225519,0.051433772728975015,-0.05857909125555369,0.05829034948366291,-0.04738856582921626,0.057858443619463906,-0.053698803349226706,0.10764029244715238,-0.11028604312720426,0.14652448896789602,0.06732917459222908,-0.05991173012457994,0.05837337249611449,-0.05097110701810014,0.04469052676305777,-0.03690728718676963,0.040691029514578626,0.043791687527456775,-0.04875556184409065,0.13580695275377386,-0.05323204554285768,0.05109693961671968,-0.043311078887721365,0.040085740091464574,-0.01912964227138399,0.01244691408086675,0.02311309727286966,-0.0710518704050253,0.11730966898111775,-0.11629134338961444,0.2487710274738092,0.24916271463355277,0.03389568137942353,0.24814523759003682,0.010274636114362481,0.24864932740186033,-0.028564484759055944,0.2485437570333359,-0.12356508418922857,0.24936119689691083
0.24916078490062896,0.24999999999999992,-0.07096589509725577,0.2486006008479292,-0.07831770632872587,0.2493176778434901,-0.10619089615684164,0.24960729488502875,-0.1577247295456075,0.24979624624701435,0.05608878562390666,-0.05991499076521614,0.06337180046911088,-0.07101022285954783,0.0748195595436978,-0.08563779871381484,0.10325623094312332,-0.14978267930171896,0.1473200217287633,-0.12541537088273075,-0.029744604287914166,0.05189578992030658,-0.059039282914221454,0.05875067584625663,-0.04783804206648275,0.05830682104048561,-0.05412439475626127,0.10805849448853898,-0.11070563405747678,0.14694292965735606,0.06778855538651342,-0.060372121095988704,0.0588339511652677,-0.05142128308683597,0.04513464953671736,-0.037309701125028225,0.04109031686326143,0.04365090251834445,-0.04862996643897671,0.13594660444350007,-0.05366476575518003,0.05153431297284931,-0.043736159537859566,0.040507044885351236,-0.019495116649006442,0.012775759025888959,0.02290683918161661,-0.07099418346443553,0.11740346869889005,-0.11638598584358419,0.2492074681779914,0.24959881376758852,0.03429121187018731,0.2485782150724906,0.010611742116652683,0.24908372948188173,-0.028376218923086116,0.24897783849742508,-0.1236779840686735,0.24979776961746553
-0.07019225263098096,-0.07096589509725577,0.24999999999999994,-0.07203134027789684,0.21112674806921267,-0.07107082498914555,0.16141639373967215,-0.07089900883810697,0.08174163886812609,-0.07082836140835279,-0.2317342480824681,0.23740051241904883,-0.24091490634653112,0.23327616538865492,-0.2156102968775011,0.19825111390842212,-0.16541688259485152,0.10958905255393352,-0.08819499151224972,0.10394123163335824,0.202661932387033,-0.2250031518584853,0.2210787637114864,-0.22132824718550265,0.2098537934683956,-0.20154033591492354,0.18039918887822248,-0.13754400566803585,0.13640740129921347,-0.1103326567529576,-0.21433556597588224,0.22023156285625048,-0.22137213082861268,0.2128729843611098,-0.2077092390830617,0.18148286521607956,-0.17540722511900014,0.09544985013976144,-0.09074594116323932,0.008987329279296961,0.20704520406699314,-0.21116941399038702,0.20535054434870115,-0.20357001426060134,0.18342422466775168,-0.15891532896288801,0.11706655072185364,-0.06986071381730535,0.020715028695380746,-0.019718947709874198,-0.07116866203737535,-0.07070117104234189,-0.19569425345298716,-0.06967633439446164,-0.17426299895045394,-0.0701551888037644,-0.11122748096335723,-0.07005954681111551,-0.014843886842206633,-0.07082774086354808
0.2481557159505219,0.2486006008479292,-0.07203134027789684,0.25000000000000006,-0.0796599656403305,0.2483129005227232,-0.10692074131899094,0.2486021087470145,-0.1575342931629236,0.24879120608853078,0.05740316170098966,-0.061245513310837454,0.06470568269199911,-0.07234312257428645,0.07614036457302381,-0.08677693041216732,0.10406476968635558,-0.149849900656925,0.14725472288647243,-0.12558792257632642,-0.031038504572693047,0.053215458092363194,-0.0603565367063089,0.06007152254999328,-0.04914291824640653,0.05952598494159575,-0.0552199785332886,0.10854658229667238,-0.11117031945095211,0.14702531827821078,0.06899881943450861,-0.06167425274993281,0.060154754075432595,-0.05272538190468733,0.04643989378821577,-0.03849016208035643,0.04221417119675135,0.04261432759361836,-0.04759850324916142,0.13500088617500783,-0.05490870938707226,0.05282290517909247,-0.04503030926465464,0.041808369714189074,-0.02077445341935361,0.013935412307390673,0.02183609562088586,-0.06998430613642974,0.11648292533274288,-0.11547961750046827,0.24820871026510338,0.24859403155850285,0.03557003947914206,0.24757193001117264,0.011875938163537363,0.24807795070689032,-0.027316500645800698,0.24797197714341385,-0.12276370031512311,0.24879271731529748
-0.07784504303378398,-0.07831770632872587,0.21112674806921267,-0.0796599656403305,0.25000000000000006,-0.07894469853831415,0.19191768803819048,-0.07852751684279423,0.10052303228975641,-0.07846553810508582,-0.21103440742788257,0.2161563328483628,-0.2196140538426872,0.22726223258437891,-0.2439306483961649,0.2271853985559369,-0.19554704858911762,0.1304464656763592,-0.10808039118970562,0.12313426187169786,0.18588385469469906,-0.20819190305460641,0.21483234164551146,-0.21507240584157516,0.2170541430047381,-0.2142119744584238,0.19350208513119135,-0.1533086304776566,0.15221383641813993,-0.12913808426409276,-0.20866112338402446,0.2140393283591936,-0.21518326462103146,0.2139101905386571,-0.21485714981121834,0.19106328791816152,-0.18634059237726516,0.10179075450989851,-0.09681982240242115,0.010287112138070697,0.20257435125597106,-0.2065062540715003,0.20440364948020806,-0.2042910805287561,0.18550618526328935,-0.16716505166507098,0.12424718683586554,-0.07470956526232668,0.023024899586204083,-0.021970541887690192,-0.07877584207138415,-0.07833330204479902,-0.19439117132327813,-0.07727967356816816,-0.17587387157898135,-0.07775396619073158,-0.11807775578111658,-0.07765188761403177,-0.016785627304700807,-0.0784649942773607
0.24887960425800001,0.2493176778434901,-0.07107082498914555,0.2483129005227232,-0.07894469853831415,0.2499999999999999,-0.10679692383844606,0.24933880497810193,-0.1582830283096235,0.24951485549987507,0.05654307598828367,-0.06037436597643995,0.06383458860729307,-0.07147428286648276,0.07542665225006609,-0.0862413373471828,0.10385404029703454,-0.1503538911515507,0.14790790464728013,-0.1259983437498201,-0.030169134210292176,0.05234428628199633,-0.05948889286334038,0.05920170195240221,-0.048431453251952104,0.05890497644918499,-0.054708498083904,0.10865060447572245,-0.11129851368320172,0.14752736121649365,0.06820083633134519,-0.06081653222712349,0.05928551347700199,-0.05194527769903917,0.045726438705087254,-0.037883875852777166,0.04166480149809878,0.043166340365829864,-0.04815041151697904,0.13555916081017735,-0.05410369825140819,0.05198833026453215,-0.04423234610265015,0.041024107025073815,-0.02001445926514266,0.013325335122824392,0.022399532473603104,-0.07053826593787599,0.11701352306997437,-0.11600214552674064,0.2489281628266659,0.24931745140543735,0.034776670364105686,0.24829584702640797,0.011119329285954493,0.24880158144556203,-0.027877301130270083,0.2486955796020822,-0.1232950232229651,0.2495163765403849
-0.10575891695667823,-0.10619089615684164,0.16141639373967215,-0.10692074131899094,0.19191768803819048,-0.10679692383844606,0.25,-0.10650864800230883,0.15026499845962302,-0.10632581291636159,-0.15949093423693456,0.16366625763422918,-0.16710858381307667,0.1747278223596447,-0.1921804868718733,0.20879231453487768,-0.2424808944016269,0.17445565522227585,-0.1539191738093246,0.1500623773860179,0.1337655819995683,-0.15577980337056743,0.16250866177891468,-0.16264645757118518,0.17201085564879734,-0.18290017189451455,0.18246508282355528,-0.16419419687468365,0.163936101355832,-0.15935567153268781,-0.1597758847455997,0.16211974636176252,-0.16277242192057856,0.16691714449760459,-0.1711668145855368,0.1683422411341372,-0.17038497836330677,0.08616807600235518,-0.08123196859924034,-0.005226056552117519,0.15481618392704646,-0.15720382595426954,0.15799969427720056,-0.1589535185164039,0.14518180266781683,-0.1445483365965321,0.106456598185995,-0.05906688401221547,0.008732303094862445,-0.007933874600763634,-0.1064379312525132,-0.10619202017209059,-0.14856246388376257,-0.10521741225781457,-0.13588230048443842,-0.10562115879830844,-0.10041390401691593,-0.10551361724417,-0.002453973620832305,-0.10632573402748823
0.24917055650137104,0.24960729488502875,-0.07089900883810697,0.2486021087470145,-0.07852751684279423,0.24933880497810193,-0.10650864800230883,0.2499999999999999,-0.15804761451307894,0.249805929197895,0.056372349919930426,-0.06020406913917647,0.06366427601642843,-0.07130350239568997,0.07511483113833693,-0.08593638614239743,0.10356534005675451,-0.15009379178646834,0.1476406187898803,-0.12572716886101776,-0.02999977784017791,0.052174750572326775,-0.05932003083377174,0.059031886243980626,-0.0481217821469479,0.05859448632302891,-0.054414231647219966,0.10836650908609374,-0.11101496069687339,0.1472597020221703,0.06805521458099444,-0.06065097481465831,0.05911525505853678,-0.051702134947144096,0.0454173546938521,-0.03758683080201277,0.041369850369585494,0.043459014049214685,-0.04844312105906733,0.13584975455915346,-0.05393021773001641,0.05180626583751356,-0.04400794233675919,0.04077979803995969,-0.019751490612113943,0.013028417825121886,0.022693675748326907,-0.07083043651737506,0.11729591561960355,-0.11628057104559321,0.24921786866776618,0.24960839461631829,0.0345525315854773,0.24858671765062068,0.01085786313910127,0.2490926783062833,-0.028169882532117593,0.24898667617159645,-0.12357701444348654,0.24980745259161888
-0.15734150951118483,-0.1577247295456075,0.08174163886812609,-0.1575342931629236,0.10052303228975641,-0.1582830283096235,0.15026499845962302,-0.15804761451307894,0.25000000000000006,-0.15786254224697352,-0.07347138625901235,0.07654340823053936,-0.08000467274889854,0.0875878310335016,-0.09807918416335663,0.11459781865893287,-0.14793360097207858,0.21194545629183892,-0.23860980907451387,0.21656437777429033,0.05074996355137278,-0.07107907646267178,0.07799856511782868,-0.07793114797485536,0.08851011868247456,-0.09910390593379571,0.12232544431813583,-0.17593617006937423,0.17852678629670626,-0.21212702291401658,-0.08109604398735203,0.07851791011355734,-0.07805288605830903,0.08420823694108501,-0.08874027081843812,0.1026917576902614,-0.11030204018592338,0.03245984277539737,-0.0279245247230148,-0.052339335402463015,0.07571929419703864,-0.07544300953415357,0.0768042957191117,-0.07767032312439036,0.06784545110503541,-0.08057175015367375,0.04954171632734884,-0.007271145803263126,-0.0371785132050502,0.03724110050955151,-0.15761559798628044,-0.15772200679822385,-0.0685920731549896,-0.1568815119277613,-0.059638001556221766,-0.1572140714725571,-0.044206518397660294,-0.1571099648697586,0.04302233580518709,-0.15786334628240806
0.24935967404763304,0.24979624624701435,-0.07082836140835279,0.24879120608853078,-0.07846553810508582,0.24951485549987507,-0.10632581291636159,0.249805929197895,-0.15786254224697352,0.25000000000000006,0.056222242590770584,-0.06005305726517263,0.06351330324988051,-0.0711525257427394,0.07495481199402082,-0.0857735673164875,0.10339012448224154,-0.14992617616551332,0.14745306871875202,-0.12553996297358208,-0.029847675210730746,0.05202298556565148,-0.05916875498479371,0.05888005128373853,-0.047954655150172706,0.058426847968440776,-0.05423234842850197,0.10818528273574285,-0.11083376224248952,0.1470848783428355,0.06792128621150599,-0.060502162767843204,0.058963397224664815,-0.05154182783311991,0.04524849777255693,-0.03740697044559546,0.04118752055320687,0.043643341978438506,-0.04862767622955094,0.13603642430060292,-0.05378479409191338,0.051654548758314864,-0.04384849315704887,0.04061635338331606,-0.01958178331173469,0.012847301023745449,0.02287644541750458,-0.07101546042499594,0.11747597833922609,-0.11645818983339071,0.249406108295949,0.24979753290772283,0.034393235948945354,0.24877582641341422,0.010688694620403059,0.24928188024794082,-0.02835187920686711,0.2491758791728343,-0.12375710861389992,0.2499966754249607
0.05559204788869293,0.05608878562390666,-0.2317342480824681,0.05740316170098966,-0.21103440742788257,0.05654307598828367,-0.15949093423693456,0.056372349919930426,-0.07347138625901235,0.056222242590770584,0.2500000000000001,-0.24410138251787178,0.24048573142041096,-0.23310899937416366,0.2158218394147123,-0.19792254645440285,0.16387034980239734,-0.10296298281698886,0.08098937634111866,-0.09820536341341102,-0.20994507006025567,0.23169825871549213,-0.22474301569270147,0.2250225217407973,-0.21394866516327807,0.20456543888155124,-0.18310004268346813,0.13478018501943878,-0.1334150999095625,0.1035091877574429,0.21717258588437138,-0.22377516255229846,0.22506050644875414,-0.21679900714626246,0.2119106366606312,-0.1853144664175929,0.178803855206546,-0.10185437249717047,0.09732783319947226,-0.018686195688489674,-0.21058599964401536,0.2149998017198457,-0.20952315696678392,0.2079073392098152,-0.1884914969795245,0.1636349835755217,-0.12279614697928802,0.07724164678918602,-0.02955416742164627,0.02845327419479244,0.05661479843788684,0.05610415296277932,0.20017563234388613,0.05511329767513598,0.17961818912029243,0.05557435331825298,0.11712688678106513,0.055482596145771085,0.023906918234961015,0.056221528247197165
-0.05942101665989697,-0.05991499076521614,0.23740051241904883,-0.061245513310837454,0.2161563328483628,-0.06037436597643995,0.16366625763422918,-0.06020406913917647,0.07654340823053936,-0.06005305726517263,-0.24410138251787178,0.25,-0.24629442052024272,0.23879106149643897,-0.2210075538350152,0.20279090530333474,-0.16810787450846315,0.10651016608168024,-0.08408549378563268,0.10143794623638692,0.21480132059864404,-0.23728835506648605,0.23028778504789268,-0.23057093648997165,0.21903388876534818,-0.20948454515814774,0.18746953771926816,-0.13864404748676104,0.13727786714753135,-0.10705922065074537,-0.22264348981499474,0.2293130938761564,-0.2306094656637852,0.22202900169729292,-0.21691828411901126,0.1896029929602808,-0.18297038842243,0.10349809157356168,-0.09882302720073508,0.01759704730378819,0.2157503185008839,-0.22023825833577587,0.21452709467829284,-0.21282731105640845,0.19274756358471828,-0.16720580994682574,0.12510972815249838,-0.07807650280384687,0.02888857171510898,-0.02777569301149638,-0.0604480300937031,-0.059930350175160664,-0.20487967105490404,-0.05890737461184,-0.18359199887880653,-0.05938393955420998,-0.11926290378535806,-0.05928914570645367,-0.023055969162726824,-0.06005235724481947
0.06288087650236157,0.06337180046911088,-0.24091490634653112,0.06470568269199911,-0.2196140538426872,0.06383458860729307,-0.16710858381307667,0.06366427601642843,-0.08000467274889854,0.06351330324988051,0.24048573142041096,-0.24629442052024272,0.24999999999999983,-0.2422433862857121,0.2244770171679181,-0.20613600136962,0.1715777766573711,-0.10997512211927003,0.08755031140410077,-0.10486568286808473,-0.21137488625075765,0.23385663820132546,-0.22998382412693674,0.23025843263429957,-0.21874529354752884,0.20996391802983852,-0.18801174308776183,0.14069989367859673,-0.13938062616121644,0.11052164975225873,0.2224945033645238,-0.2290298283098472,0.2303021043123358,-0.2217325847089617,0.21661134791130615,-0.1896273268424758,0.18318803207372386,-0.10275109494760061,0.09801901202409125,-0.015794132042074336,-0.2154667165133347,0.21990046002670444,-0.2141514655909647,0.21243375252834684,-0.1921899982888715,0.16695214319158258,-0.12456435578690338,0.07701685552272838,-0.027321890754621526,0.026225698826603524,0.0638977485851383,0.06338824668378829,0.2044048729552398,0.06235480467709202,0.18293766857627883,0.06283610003860653,0.11865678808314828,0.06274001657177371,0.021416226066604913,0.06351261780503059
-0.0705199072230292,-0.07101022285954783,0.23327616538865492,-0.07234312257428645,0.22726223258437891,-0.07147428286648276,0.1747278223596447,-0.07130350239568997,0.0875878310335016,-0.0711525257427394,-0.23310899937416366,0.23879106149643897,-0.2422433862857121,0.24999999999999994,-0.23211635092155788,0.21378084174930387,-0.17923701444530277,0.11760525632708443,-0.09517349661789509,0.1123952974226098,0.20822268562928126,-0.23077039232934432,0.23736642792791665,-0.2376287896843728,0.22618502636717042,-0.2173442262370033,0.19549683565714962,-0.14823349705169367,0.14694800796903018,-0.11814301625295322,-0.22989931736447083,0.23642530728774874,-0.2376960408406291,0.22913064578876788,-0.22402954489611432,0.19683062079845892,-0.1903833651025028,0.10535682270702777,-0.10035110706369842,0.01342142942211711,0.2224974544135322,-0.2269988418917154,0.22114813628927765,-0.21940976559514283,0.19836672908673741,-0.17286183237672656,0.12831460675405357,-0.07814793900766319,0.025773436367751087,-0.024659526615446164,-0.07153322114031735,-0.07101941439568724,-0.2108917618938923,-0.06993299191223873,-0.1886151899627359,-0.07043691735852363,-0.12208826783986917,-0.07033506103052505,-0.01952783518437372,-0.07115189064371105
0.07433387630086338,0.0748195595436978,-0.2156102968775011,0.07614036457302381,-0.2439306483961649,0.07542665225006609,-0.1921804868718733,0.07511483113833693,-0.09807918416335663,0.07495481199402082,0.2158218394147123,-0.2210075538350152,0.2244770171679181,-0.23211635092155788,0.24999999999999994,-0.23126504011244825,0.19675992570311115,-0.12918833562973625,0.10632607773627009,-0.12286480804076129,-0.19054903579686774,0.21298684915697233,-0.21962314148034792,0.2198768846417646,-0.22226839250165437,0.21927686854357,-0.1977360560145556,0.15463916705330827,-0.1534376717322458,0.1285895776671531,0.213080422508612,-0.21877647567587663,0.21998933958244632,-0.21889419902261337,0.22005667536071016,-0.19561391933070577,0.19062080018736943,-0.10560944576056133,0.10061087801818469,-0.013621332372001166,-0.20714092954380992,0.21123452574128346,-0.2092711692164239,0.2092391946928932,-0.1903891581709104,0.1715974981049636,-0.12824387116623595,0.07838584007028163,-0.02629617310534894,0.025188949177819567,0.07528742720504561,0.0748232896773845,0.1991892041285354,0.07376288756475989,0.18068577977439,0.07423928980654909,0.12202472080460612,0.0741367784317627,0.020023759363151743,0.0749541939625952
-0.08516304254196198,-0.08563779871381484,0.19825111390842212,-0.08677693041216732,0.2271853985559369,-0.0862413373471828,0.20879231453487768,-0.08593638614239743,0.11459781865893287,-0.0857735673164875,-0.19792254645440285,0.20279090530333474,-0.20613600136962,0.21378084174930387,-0.23126504011244825,0.25000000000000006,-0.2139674028400692,0.14609073072039663,-0.12317793308604016,0.13771504918408267,0.17241455713996925,-0.19477400295113145,0.2014550695861129,-0.2016767589723124,0.211380612187762,-0.2220943433027644,0.2026843920089029,-0.1640316921049704,0.1630031129057825,-0.14353180864352796,-0.1960369810728888,0.2006668711023046,-0.2018132270305026,0.204638602379148,-0.20897520768759995,0.19171718546261216,-0.19067154390694205,0.10571131440620941,-0.10072573528716061,0.01359147370577667,0.19056378725367207,-0.1941306304023242,0.19415528992428355,-0.19497658174600682,0.17730256109715498,-0.16763906416109456,0.1275116473766689,-0.07845218562695516,0.026683351519304847,-0.025637195246542857,-0.08604350261495966,-0.08564063242355324,-0.18419669437198766,-0.08459667076635786,-0.1676543406823686,-0.08505833151358984,-0.12129203207007212,-0.08495420393581374,-0.020363119337038754,-0.08577311325988478
0.10280207909118658,0.10325623094312332,-0.16541688259485152,0.10406476968635558,-0.19554704858911762,0.10385404029703454,-0.2424808944016269,0.10356534005675451,-0.14793360097207858,0.10339012448224154,0.16387034980239734,-0.16810787450846315,0.1715777766573711,-0.17923701444530277,0.19675992570311115,-0.2139674028400692,0.25,-0.17935695076251415,0.15634183853434244,-0.15259142759032082,-0.13795837072910538,0.16015068209553093,-0.166907985608285,0.16705858105887367,-0.1770644910273917,0.18807614982445497,-0.1877895215146211,0.16960679060118775,-0.16874164356041876,0.15839390025652098,0.16387040069126332,-0.16648851859534003,0.16718699840763698,-0.17165519807236235,0.17622624165523385,-0.17348773452354582,0.17560262359150142,-0.09071983432305841,0.0857472898610414,0.0013944505673587906,-0.1590666590676248,0.1616024145339819,-0.1626020961264007,0.1636647062595567,-0.1498903198708954,0.14951680439086454,-0.11115542658464224,0.06340592091565897,-0.01254672963575727,0.011691555498292176,0.10352316421693701,0.10325681141167005,0.15308048563153961,0.10227431417181372,0.1405000340680099,0.10267983931514385,0.10504561783003176,0.10257141572783772,0.006215922389870477,0.10338995906350883
-0.1493609999169146,-0.14978267930171896,0.10958905255393352,-0.149849900656925,0.1304464656763592,-0.1503538911515507,0.17445565522227585,-0.15009379178646834,0.21194545629183892,-0.14992617616551332,-0.10296298281698886,0.10651016608168024,-0.10997512211927003,0.11760525632708443,-0.12918833562973625,0.14609073072039663,-0.17935695076251415,0.2499999999999998,-0.222270933191774,0.2010600911097087,0.07727995813943073,-0.09928409147300785,0.10620943345338854,-0.10620453495118772,0.11805239870153102,-0.12901750431243758,0.15400502038478592,-0.2080695731020937,0.20714687381026142,-0.2070398436841598,-0.10787699111950481,0.10660676779534746,-0.10633499244762581,0.11312278563383939,-0.11837659622579673,0.13314580840125512,-0.1411801941949358,0.05633249298423171,-0.051405916794600354,-0.03599915468837432,0.10274700190453737,-0.10325683125861532,0.10503596974627877,-0.10618979775521484,0.09563537364110469,-0.10911588581141327,0.07500670362255214,-0.028908821675472623,-0.020264614820408387,0.020612230974375662,-0.14977904120326171,-0.14978143202872576,-0.09599906160694538,-0.14885928944729965,-0.08658716514141851,-0.1492195248249235,-0.06908941753218205,-0.14910631787042383,0.02663669148382863,-0.14992669509445028
0.14692780787181609,0.1473200217287633,-0.08819499151224972,0.14725472288647243,-0.10808039118970562,0.14790790464728013,-0.1539191738093246,0.1476406187898803,-0.23860980907451387,0.14745306871875202,0.08098937634111866,-0.08408549378563268,0.08755031140410077,-0.09517349661789509,0.10632607773627009,-0.12317793308604016,0.15634183853434244,-0.222270933191774,0.25000000000000006,-0.2274332333022528,-0.058374752542467934,0.07871859305762895,-0.08564003924264503,0.08560367567470423,-0.0974727330635695,0.10816606061994043,-0.13303366823393173,0.18687609311918396,-0.1882599566961877,0.20982131250712124,0.08796039378105414,-0.0860745842454234,0.08572780407073456,-0.09265516774178544,0.0978753090467174,-0.11310535349635613,0.12099432624065148,-0.043084756846085835,0.03855205385051653,0.041778880036804196,-0.08322541160685541,0.08328314438077125,-0.0852176144078475,0.08636486652806159,-0.07711237445174994,0.09101139666962549,-0.0600609210074025,0.017874483906196406,0.026943295580016336,-0.02714690913715212,0.1472588011260589,0.14731717787519882,0.07699793495548005,0.14647958212862044,0.06886364082972786,0.1468042853167362,0.05467071987789539,0.14669968774808625,-0.03279993106243583,0.1474536849052969
-0.12502441970994996,-0.12541537088273075,0.10394123163335824,-0.12558792257632642,0.12313426187169786,-0.1259983437498201,0.1500623773860179,-0.12572716886101776,0.21656437777429033,-0.12553996297358208,-0.09820536341341102,0.10143794623638692,-0.10486568286808473,0.1123952974226098,-0.12286480804076129,0.13771504918408267,-0.15259142759032082,0.2010600911097087,-0.2274332333022528,0.24999999999999997,0.07724259927405358,-0.09751484155349975,0.10429296609185683,-0.10431938608151059,0.11618808894587015,-0.12676920963026664,0.15192833370245906,-0.2051191761958583,0.20659074963895474,-0.22790207504966287,-0.10455449999147504,0.10443707956603417,-0.10444027603674534,0.1112936922067355,-0.11667171417196084,0.1321133067979471,-0.14004546354576272,0.06293075241421962,-0.0584535241293144,-0.021027278972780002,0.10086390673484412,-0.10166812114644068,0.10391548719066032,-0.10527079437357817,0.09627995492559109,-0.11032768470484207,0.07970252618249189,-0.03799467200352637,-0.007069413602083326,0.007536369561587574,-0.12546113306597065,-0.12541340365669562,-0.09569999998436093,-0.12457904870591562,-0.08801911742190727,-0.12489779536367548,-0.0742657168452723,-0.12479419486091613,0.012875622181617545,-0.12554027101736823
-0.02935287524225519,-0.029744604287914166,0.202661932387033,-0.031038504572693047,0.18588385469469906,-0.030169134210292176,0.1337655819995683,-0.02999977784017791,0.05074996355137278,-0.029847675210730746,-0.20994507006025567,0.21480132059864404,-0.21137488625075765,0.20822268562928126,-0.19054903579686774,0.17241455713996925,-0.13795837072910538,0.07727995813943073,-0.058374752542467934,0.07724259927405358,0.2500000000000001,-0.22734278204223415,0.22008386696592855,-0.21948867085615434,0.20799334315952595,-0.1937259204433735,0.17136611116725772,-0.11709559932704378,0.1155464954950111,-0.07997602507970936,-0.21152114165673383,0.21891708936190227,-0.2203262707566166,0.21185260063283343,-0.20689097668768525,0.1786264059151454,-0.1706536517759795,0.10335357378791137,-0.0994209578816827,0.03032878961749164,0.20606336818318013,-0.2107233099016525,0.20545479881614956,-0.20391369531392017,0.18626025283455003,-0.15960904150243024,0.12207853286280833,-0.08172501578660211,0.03916236759440149,-0.0379831583241292,-0.030301874143554154,-0.029750134729931165,-0.19711707925156124,-0.028866038744203956,-0.17836969977804878,-0.029278317081925218,-0.11702372733914566,-0.02919818745832803,-0.034215716851208264,-0.02984693826314652
0.051433772728975015,0.05189578992030658,-0.2250031518584853,0.053215458092363194,-0.20819190305460641,0.05234428628199633,-0.15577980337056743,0.052174750572326775,-0.07107907646267178,0.05202298556565148,0.23169825871549213,-0.23728835506648605,0.23385663820132546,-0.23077039232934432,0.21298684915697233,-0.19477400295113145,0.16015068209553093,-0.09928409147300785,0.07871859305762895,-0.09751484155349975,-0.22734278204223415,0.25000000000000017,-0.24261453041159933,0.24191961500652856,-0.23034037665262225,0.21569629474623148,-0.19350771894187088,0.1390664511882517,-0.13760370682728296,0.10198245136387694,0.23402895778713845,-0.24144649975218657,0.242857226293762,-0.23420020087046747,0.2291531090093139,-0.1990882864600618,0.190994547305742,-0.11023636223509971,0.10548218646231296,-0.023010855731781545,-0.22736906654664452,0.2322479592797709,-0.2265800656805212,0.22493814842604645,-0.20462146291523642,0.17636721819592593,-0.1324619256645639,0.08442139546658005,-0.034196373368798445,0.03297367384764938,0.05246868946905306,0.051901518021204976,0.21674879725358992,0.05086032530530665,0.19528409481259218,0.051343225869341216,0.12649807895524504,0.05124739039038701,0.02828246362797823,0.052022281230376714
-0.05857909125555369,-0.059039282914221454,0.2210787637114864,-0.0603565367063089,0.21483234164551146,-0.05948889286334038,0.16250866177891468,-0.05932003083377174,0.07799856511782868,-0.05916875498479371,-0.22474301569270147,0.23028778504789268,-0.22998382412693674,0.23736642792791665,-0.21962314148034792,0.2014550695861129,-0.166907985608285,0.10620943345338854,-0.08564003924264503,0.10429296609185683,0.22008386696592855,-0.24261453041159933,0.2499999999999999,-0.24848659106563586,0.2369192368745002,-0.22221792190560913,0.20015210873921072,-0.1458559535131795,0.14442742230203454,-0.10889936186575458,-0.24064000378387518,0.24803590445833903,-0.24944211301217648,0.24076598603654004,-0.23571298657208134,0.20552237046760896,-0.197421323179215,0.11246433996486781,-0.10745765882260086,0.020692185993290806,0.23363818602871084,-0.2385725171202216,0.23279986189627655,-0.2311324848207271,0.21009164890447082,-0.1816230379344389,0.13574442653474025,-0.08530387996811978,0.03263700114918578,-0.031400082829239985,-0.05961012879796656,-0.059039867329034164,-0.2225037116983964,-0.0579503906447299,-0.20029848929539107,-0.05845389020914264,-0.12949022321610051,-0.05835280826110133,-0.02641260136118929,-0.059168095245481826
0.05829034948366291,0.05875067584625663,-0.22132824718550265,0.06007152254999328,-0.21507240584157516,0.05920170195240221,-0.16264645757118518,0.059031886243980626,-0.07793114797485536,0.05888005128373853,0.2250225217407973,-0.23057093648997165,0.23025843263429957,-0.2376287896843728,0.2198768846417646,-0.2016767589723124,0.16705858105887367,-0.10620453495118772,0.08560367567470423,-0.10431938608151059,-0.21948867085615434,0.24191961500652856,-0.24848659106563586,0.24999999999999994,-0.23724759854863958,0.22252129993504224,-0.20044192101132505,0.14597910722998397,-0.14454253732259054,0.10890297399503385,0.24005280928163392,-0.2474397531642664,0.24885076542661502,-0.24020079667908012,0.23516636773774616,-0.20535260766794847,0.19744778820535575,-0.11273985788400888,0.10774825038936875,-0.021228927308866836,-0.23307576600028235,0.23800160376294685,-0.2322518893667971,0.2305935843969743,-0.20960951932638566,0.18152223410832558,-0.1359181401079855,0.08565716456119478,-0.033130668357779655,0.03189269383881418,0.05932153934975617,0.058751626877700025,0.22198398959880664,0.057665152048291306,0.19984303616370866,0.058167252132828466,0.12967870535478862,0.058066402093683384,0.026922174255432342,0.05887938768740199
-0.04738856582921626,-0.04783804206648275,0.2098537934683956,-0.04914291824640653,0.2170541430047381,-0.048431453251952104,0.17201085564879734,-0.0481217821469479,0.08851011868247456,-0.047954655150172706,-0.21394866516327807,0.21903388876534818,-0.21874529354752884,0.22618502636717042,-0.22226839250165437,0.211380612187762,-0.1770644910273917,0.11805239870153102,-0.0974727330635695,0.11618808894587015,0.20799334315952595,-0.23034037665262225,0.2369192368745002,-0.23724759854863958,0.25000000000000006,-0.23429897108631795,0.21220724931063034,-0.15783125537048126,0.1563975837043754,-0.12057473642705535,-0.22850759174946567,0.23586950625470454,-0.2373956423872296,0.2408998106180055,-0.24626542585970135,0.21685407948161647,-0.20907390192354008,0.12422447548628707,-0.11923140102981936,0.03256768149778446,0.22456543267222906,-0.2294615821820574,0.23023963660590552,-0.2315030671577121,0.21408909189022993,-0.1929700004196605,0.1473779194525376,-0.09710036021120305,0.044447201233063977,-0.04303516735168331,-0.04840641235324186,-0.0478344240223427,-0.22016988593845638,-0.04678315325873365,-0.20431038458732204,-0.04724060670519774,-0.14108791203710608,-0.04713941147230841,-0.03820367189032973,-0.047953766770121295
0.057858443619463906,0.05830682104048561,-0.20154033591492354,0.05952598494159575,-0.2142119744584238,0.05890497644918499,-0.18290017189451455,0.05859448632302891,-0.09910390593379571,0.058426847968440776,0.20456543888155124,-0.20948454515814774,0.20996391802983852,-0.2173442262370033,0.21927686854357,-0.2220943433027644,0.18807614982445497,-0.12901750431243758,0.10816606061994043,-0.12676920963026664,-0.1937259204433735,0.21569629474623148,-0.22221792190560913,0.22252129993504224,-0.23429897108631795,0.24999999999999997,-0.22333083091383757,0.1688667255476134,-0.16742208873750053,0.13154007403108464,0.21467013176755517,-0.22112512477267796,0.2226566537823346,-0.22645483574241076,0.23191929944113512,-0.21327176477547607,0.2115252895918695,-0.12791697220061565,0.12301094012587475,-0.037316990303486265,-0.21043169353019148,0.2148738871346661,-0.21579025713070832,0.21709083165641713,-0.1999623720424351,0.18965350246677226,-0.14953665857736298,0.10111379797496506,-0.04930770303886817,0.047952019039924215,0.05883228914409736,0.05830596039193634,0.20589015921787515,0.05727189504679957,0.19034231991592887,0.05772268755928394,0.14329601511429418,0.057620585524315766,0.043082719636978455,0.058426087829307964
-0.053698803349226706,-0.05412439475626127,0.18039918887822248,-0.0552199785332886,0.19350208513119135,-0.054708498083904,0.18246508282355528,-0.054414231647219966,0.12232544431813583,-0.05423234842850197,-0.18310004268346813,0.18746953771926816,-0.18801174308776183,0.19549683565714962,-0.1977360560145556,0.2026843920089029,-0.1877895215146211,0.15400502038478592,-0.13303366823393173,0.15192833370245906,0.17136611116725772,-0.19350771894187088,0.20015210873921072,-0.20044192101132505,0.21220724931063034,-0.22333083091383757,0.24999999999999994,-0.19441056767548537,0.1929774287462955,-0.1568263262360647,-0.1932276241080389,0.19903722221878695,-0.2005615763050475,0.20679009924593977,-0.21270365909299105,0.22753100407812668,-0.23591306203134682,0.15131016875471506,-0.14635477742213693,0.059346936879944176,0.19139309888287007,-0.19545123353853544,0.19849303339947189,-0.20056519616182675,0.19016831934846934,-0.20387648756192173,0.16987435939453874,-0.12401925961852944,0.07160534330127498,-0.07002053515083154,-0.05462302843034447,-0.054124276359304786,-0.18904867688948926,-0.053170718667481735,-0.1806678330246624,-0.053526805985542325,-0.16348777161125647,-0.05341382885087464,-0.0652034150826016,-0.054231558002798164
0.10764029244715238,0.10805849448853898,-0.13754400566803585,0.10854658229667238,-0.1533086304776566,0.10865060447572245,-0.16419419687468365,0.10836650908609374,-0.17593617006937423,0.10818528273574285,0.13478018501943878,-0.13864404748676104,0.14069989367859673,-0.14823349705169367,0.15463916705330827,-0.1640316921049704,0.16960679060118775,-0.2080695731020937,0.18687609311918396,-0.2051191761958583,-0.11709559932704378,0.1390664511882517,-0.1458559535131795,0.14597910722998397,-0.15783125537048126,0.1688667255476134,-0.19441056767548537,0.24999999999999994,-0.24694262437169218,0.21081765270450561,0.14376157619367588,-0.14577634578833953,0.1461031178093926,-0.1527092281466359,0.15827264563020882,-0.17341786415212557,0.1816553757850837,-0.09717644501321929,0.09229263874474845,-0.005288705798878601,-0.14032417907631609,0.1423554407842376,-0.1446327145605192,0.1461566128201291,-0.1358237927596408,0.1496287609676587,-0.1157111086647363,0.06989339951015529,-0.019480284530165565,0.018599226892376988,0.10826974215421745,0.1080570182002779,0.135458281728888,0.10712583167895856,0.12661304049627367,0.10748143909027136,0.10961031626840703,0.10736856731018454,0.013114504988426859,0.1081852645066945
-0.11028604312720426,-0.11070563405747678,0.13640740129921347,-0.11117031945095211,0.15221383641813993,-0.11129851368320172,0.163936101355832,-0.11101496069687339,0.17852678629670626,-0.11083376224248952,-0.1334150999095625,0.13727786714753135,-0.13938062616121644,0.14694800796903018,-0.1534376717322458,0.1630031129057825,-0.16874164356041876,0.20714687381026142,-0.1882599566961877,0.20659074963895474,0.1155464954950111,-0.13760370682728296,0.14442742230203454,-0.14454253732259054,0.1563975837043754,-0.16742208873750053,0.1929774287462955,-0.24694262437169218,0.24999999999999986,-0.2136557191223795,-0.1425163061027411,0.14438559790908478,-0.1446690964989469,0.1512854357248951,-0.15683438025517596,0.17197478535461602,-0.18020812069576506,0.09540544077806715,-0.09051383528043286,0.0030977315771698885,0.1389840353291969,-0.1409447360776177,0.1431823180327408,-0.14468318384967546,0.13428624011121015,-0.1480960354114836,0.11401403610273644,-0.06799121949742438,0.01742772689142006,-0.01657181160137357,-0.11090642723252268,-0.1107040915439231,-0.1339762782502719,-0.1097694793150813,-0.12504555076375437,-0.11012676516044931,-0.10789660540329137,-0.11001334760870349,-0.011034464804794074,-0.11083377446607945
0.14652448896789602,0.14694292965735606,-0.1103326567529576,0.14702531827821078,-0.12913808426409276,0.14752736121649365,-0.15935567153268781,0.1472597020221703,-0.21212702291401658,0.1470848783428355,0.1035091877574429,-0.10705922065074537,0.11052164975225873,-0.11814301625295322,0.1285895776671531,-0.14353180864352796,0.15839390025652098,-0.2070398436841598,0.20982131250712124,-0.22790207504966287,-0.07997602507970936,0.10198245136387694,-0.10889936186575458,0.10890297399503385,-0.12057473642705535,0.13154007403108464,-0.1568263262360647,0.21081765270450561,-0.2136557191223795,0.24999999999999975,0.10984961130089389,-0.10912200467079455,0.10903236656311163,-0.11573339779367084,0.12093110664517631,-0.1359261792601905,0.14401115026484237,-0.05917304047279584,0.05425120645252619,0.03315476983639159,-0.10515430622606624,0.10576468912733189,-0.10764459594351121,0.10885104089363568,-0.09834159243147793,0.11191729991128653,-0.0778250023547204,0.03174882807344281,0.017519488235264176,-0.017904200159281895,0.14695310890564345,0.14694130043367118,0.09859933704541471,0.14601881230914793,0.08928170843196603,0.1463782853816139,0.07189361397780518,0.14626501297123679,-0.02389305550688971,0.14708537153296977
0.06732917459222908,0.06778855538651342,-0.21433556597588224,0.06899881943450861,-0.20866112338402446,0.06820083633134519,-0.1597758847455997,0.06805521458099444,-0.08109604398735203,0.06792128621150599,0.21717258588437138,-0.22264348981499474,0.2224945033645238,-0.22989931736447083,0.213080422508612,-0.1960369810728888,0.16387040069126332,-0.10787699111950481,0.08796039378105414,-0.10455449999147504,-0.21152114165673383,0.23402895778713845,-0.24064000378387518,0.24005280928163392,-0.22850759174946567,0.21467013176755517,-0.1932276241080389,0.14376157619367588,-0.1425163061027411,0.10984961130089389,0.24999999999999983,-0.24253466399600473,0.2409837895727169,-0.23236173250465733,0.22725099353487438,-0.19782670849920303,0.19012795390290338,-0.10509336478247333,0.10008152566730075,-0.01320867395372144,-0.2281836302669802,0.23284791738634167,-0.22517801779276053,0.2226628332491682,-0.20160518208343983,0.17387488876715756,-0.12830783090007508,0.07789794226592123,-0.02542261060796173,0.024293314916330903,0.06832253142263484,0.06778913841590826,0.21490535184335524,0.06670175582377227,0.19184258604020799,0.06720580513239358,0.12208516117055,0.06710445050893755,0.01919272180212246,0.06792072328020178
-0.05991173012457994,-0.060372121095988704,0.22023156285625048,-0.06167425274993281,0.2140393283591936,-0.06081653222712349,0.16211974636176252,-0.06065097481465831,0.07851791011355734,-0.060502162767843204,-0.22377516255229846,0.2293130938761564,-0.2290298283098472,0.23642530728774874,-0.21877647567587663,0.2006668711023046,-0.16648851859534003,0.10660676779534746,-0.0860745842454234,0.10443707956603417,0.21891708936190227,-0.24144649975218657,0.24803590445833903,-0.2474397531642664,0.23586950625470454,-0.22112512477267796,0.19903722221878695,-0.14577634578833953,0.14438559790908478,-0.10912200467079455,-0.24253466399600473,0.2499999999999998,-0.24842564342912016,0.23975406355251433,-0.23469121786615776,0.20445877677807975,-0.19633298634194177,0.11128328196507942,-0.1062702552048742,0.019409878177019738,0.23533390080365207,-0.24027346938588467,0.2326060457296274,-0.2301046151566935,0.20904469819427032,-0.1805295130041643,0.13459093458159024,-0.08409233391745398,0.031364818041995694,-0.030147163658756353,-0.060944040805171004,-0.060372686859423694,-0.22229903612204888,-0.05928252728310732,-0.19924554357505775,-0.05978653126112874,-0.12833658856923924,-0.05968534048593103,-0.02513597801159925,-0.06050151693562404
