x1,x2,x3,x4,x5,x6,x7,x8,x9,x10,x11,x12,x13,x14,x15,x16,x17,x18,x19,x20,x21,x22,x23,x24,x25,x26,x27,x28,x29,x30,x31,x32,x33,x34,x35,x36,x37,x38,x39,x40,x41,x42,x43,x44,x45,x46,x47,x48,x49,x50,x51,x52,x53,x54,x55,x56,x57,x58,x59,x60
0.25000000000000006,0.241887875027786,-0.09717527127011993,0.24334999493495055,-0.16141349982022438,0.24356259575838296,-0.14823543189529634,0.24262931907053448,0.009415903488657876,0.243949520796493,0.2359400497239928,-0.06897039225038354,0.11906491041740032,-0.09999033894422096,0.1955978485989442,-0.1644497194946676,0.18662700986292838,-0.05311200329905859,0.0452077174654535,0.24148857706923382,0.2416290885680403,0.05933389528230203,0.004666859626597069,0.10007741062890217,-0.008325764763552774,0.16617917673389804,-0.03575678969439958,0.14699790400459395,-0.07560585052724578,0.2398773755921318,0.2426816512472671,0.06281980070933432,-0.00980255606966301,0.08077643083093641,0.00234737179135059,0.12662056700310712,0.02114042342283259,0.05771586237518599,0.05595696835454881,0.2389532425795445,0.23845822975625708,-0.06821321977310671,0.1033070332354162,-0.0848745062720966,0.16397634426329483,-0.12051479931292026,0.1445778033067868,-0.000795509139083349,0.004144808535312708,0.24150886635289592,0.2424222514423483,0.24354084650230368,-0.07587770801461932,0.2436352718656376,-0.12254122751955332,0.24298207831830293,-0.10649960795657794,0.242214971514032,0.03454540690896459,0.2439489359941459
0.241887875027786,0.25000000000000006,-0.10212403029644315,0.24734320884867456,-0.1650762744248241,0.24755508756832634,-0.1517824135328584,0.24663898330114775,0.00946420939468294,0.24793314614717113,0.23992501933473043,-0.07265867039195098,0.12378877823434337,-0.10434633739219748,0.20014317896874825,-0.16856159728751316,0.1907884427458597,-0.05431658706590806,0.04619639808192563,0.24544508793791894,0.24555588262090247,0.06279071532771291,0.0027745130151981654,0.10433640609911884,-0.010413282553507512,0.1704237232401746,-0.03777812453392179,0.1505136786078854,-0.07808624848904266,0.2438137829438275,0.24664130574258464,0.06237327377193321,-0.008048883980230868,0.08077360849952044,0.004288358841529805,0.12775777634351743,0.022879824175925278,0.057640043003610704,0.058079338845283816,0.24284353195467998,0.24230866791527342,-0.06790269757795411,0.10385653776689781,-0.08498093384372003,0.16600655708798906,-0.12162080997460253,0.14627889744677183,-0.0001921629651856006,0.0037048740645987425,0.24545274213059093,0.24638211467164362,0.24751581961977,-0.07610147963902095,0.24761125291261785,-0.12398779718792219,0.24694210289161825,-0.1076738177389759,0.24615638724446423,0.03550752720086738,0.2479325513266926
-0.09717527127011993,-0.10212403029644315,0.25000000000000017,-0.10067180489237318,0.09604514852472566,-0.10036020109610537,0.09723626008339102,-0.10096209551779847,-0.014374104497895463,-0.10006766840795457,-0.10374254108653393,0.17974626340483146,-0.2201585452091722,0.20367733260166432,-0.13208809617905706,0.12974829494702464,-0.11667403881050557,0.01653617634729305,-0.008306307237982698,-0.10026038181884471,-0.09801124771911766,-0.1709930417367571,0.11389854892670154,-0.19679562782775958,0.11956541024650284,-0.13665009957596064,0.09047332390634208,-0.10118652984518253,0.08893802257925405,-0.09922160181720013,-0.0993558810600713,0.061342295983000394,-0.10844115848241516,0.04543616296121129,-0.11410762689925667,0.0032590805306769687,-0.08297897244480743,0.03125599452094885,-0.08022448399598721,-0.09766122739612439,-0.09523821227793211,-0.05640185266151342,0.025245719543396515,-0.04125043904082319,-0.028787415537435194,-0.0007904264595291253,-0.02112213506975292,-0.03288560719911339,0.02519914286255342,-0.09905479739964515,-0.09951003342285633,-0.09978124578164575,-0.029294314556319496,-0.09978942604734527,0.017336706097784566,-0.09920716975368876,0.011026093882211001,-0.09853133049182346,-0.03512660409589119,-0.10006740237521063
0.24334999493495055,0.24734320884867456,-0.10067180489237318,0.2500000000000001,-0.16647983542462189,0.24900575617237541,-0.1528881759302757,0.24807720132589464,0.009001870778224874,0.2493917193103701,0.24127602715281016,-0.07215897933045491,0.12346051838293694,-0.10402293447639138,0.20157990457914282,-0.16966062738543755,0.1921484266054927,-0.05514952251601723,0.04700462211223276,0.24687397351320142,0.247007214105407,0.06226818416396411,0.003495004068261315,0.10407639042654414,-0.009807369505482182,0.17146681827726643,-0.03776296581123951,0.15162936208031896,-0.07852284633873245,0.24524967698911984,0.24809343511530882,0.06326612189204299,-0.008777546100200838,0.0817224990637293,0.0036626161617702695,0.12883583125999515,0.022764812662901653,0.05818029409563673,0.058374907778896694,0.24426729910303951,0.24374971363944414,-0.0688116703985778,0.10487543222452701,-0.08593969503780298,0.16721510210132076,-0.1226149846153376,0.14734543096672267,-0.0003110333040411329,0.0038096407183598694,0.24689742926942007,0.24783117412787553,0.24897267828171543,-0.07691485151591426,0.24906883237978625,-0.12491518566248144,0.2483976403903247,-0.1084827930466159,0.24760947415331253,0.035655814947266856,0.24939112019803286
-0.16141349982022438,-0.1650762744248241,0.09604514852472566,-0.16647983542462189,0.24999999999999994,-0.1662756418354437,0.13980377094693552,-0.16685372940040527,0.022663319854412296,-0.1658844680326246,-0.16364382290896964,0.08617947347664857,-0.1176468828004848,0.11466559012503849,-0.20039879564138222,0.17187869895349764,-0.17546749165008488,0.07345646616505162,-0.06624543719291388,-0.1638700601377311,-0.16399528289770313,-0.08064466038909181,0.028888071809817225,-0.11445269932269728,0.03915631398407606,-0.1721861215118955,0.06361961662264003,-0.15021321746284885,0.09402085711112007,-0.1638758989895664,-0.1649683230630784,-0.018711451777269378,-0.024678862257845498,-0.03346843740110682,-0.03422406502716621,-0.07059854493111672,-0.05132566931942776,-0.013366147203493944,-0.0782941210303207,-0.16181249418923419,-0.16144188275250668,0.02320177752497576,-0.05179892049755223,0.03695789125677613,-0.10098589552543707,0.06622874697661611,-0.0858574193036459,-0.015382740331575074,0.011099772419519947,-0.16426908140098903,-0.16486688210414296,-0.16557619618201574,0.03521999742114005,-0.16562989429516692,0.0742828126524392,-0.16509977276784957,0.06171246919308999,-0.16447894268955016,-0.034658790078844814,-0.1658839444903797
0.24356259575838296,0.24755508756832634,-0.10036020109610537,0.24900575617237541,-0.1662756418354437,0.2500000000000001,-0.15290953986723083,0.24825849631227032,0.009187246440203169,0.2496027140733287,0.24147621581414255,-0.07194249236920928,0.12325917511761122,-0.10380632019116806,0.20139480694961806,-0.16947465031948794,0.1921344202456784,-0.05502650169839851,0.04688805097247226,0.2470837801160196,0.2472182107314528,0.06205276322582537,0.0037097366711191368,0.10386092577062901,-0.00959237521367706,0.17128424300481035,-0.03756022204983865,0.15150444561432924,-0.07835585612773356,0.24545311612351584,0.2483036878983423,0.06347997450170909,-0.008991635453983649,0.08193621272229591,0.0034482307445505185,0.12904859658874215,0.022562241957130393,0.0583860364265749,0.05820143601883101,0.24447737502131622,0.24396067740478514,-0.06902509185534422,0.10508850126330867,-0.08615228035769122,0.16742738952493932,-0.1228213551274718,0.14755068325514506,-0.00040771168446274343,0.0038962467269228838,0.24710607248530206,0.24804071318860363,0.24918352897342924,-0.07709048704100306,0.24927983138359205,-0.12508170668823249,0.24860865015318986,-0.1086437658115438,0.24782048421799266,0.035619307403924605,0.24960211734396776
-0.14823543189529634,-0.1517824135328584,0.09723626008339102,-0.1528881759302757,0.13980377094693552,-0.15290953986723083,0.24999999999999997,-0.1538259076673084,0.03285867377250579,-0.15253611094761016,-0.15019910391545396,0.07797440948401352,-0.11459675544629482,0.10453194122467085,-0.18099949162684925,0.1826671621725664,-0.20305924831699446,0.09293230218296732,-0.0854953445779003,-0.15052780358015097,-0.1509551326472614,-0.07158482094777427,0.022987464997966275,-0.10555553471874309,0.045020731837493895,-0.1690311870876756,0.06763328241135268,-0.15727200589162135,0.099803212035314,-0.1509350610124032,-0.15170358165995934,-0.014611250142624864,-0.018968398540026594,-0.02527449407144943,-0.04025208813498143,-0.06104869018011192,-0.05596953694866523,-0.006063418334429706,-0.08414736953412022,-0.14857282273821462,-0.1483565795540639,0.017980771769411808,-0.04287846019547493,0.028654983976689526,-0.0902508472559733,0.057005673900471995,-0.07588056628708495,-0.01860027016766558,0.014236412297246285,-0.15113368382942002,-0.15160552892958812,-0.1522439369942486,0.028087478521432178,-0.15229187410822242,0.06604292430867424,-0.15178331435807343,0.05410548750378347,-0.15118799426964144,-0.03524621344720662,-0.1525355679580578
0.24262931907053448,0.24663898330114775,-0.10096209551779847,0.24807720132589464,-0.16685372940040527,0.24825849631227032,-0.1538259076673084,0.25000000000000017,0.00824282748028402,0.24864501345170315,0.24053968845683416,-0.07282921642181132,0.12382152808183447,-0.10471781870468591,0.20228800582966336,-0.17043555870382743,0.19302316201481365,-0.055992748669461655,0.04782981269263124,0.2461261137965759,0.24626126561623624,0.06296262755879149,0.002790726607120068,0.10477160895264244,-0.010533793556729948,0.17220664281442527,-0.038503479527750836,0.15244154073478258,-0.07929748167458048,0.24453348414804707,0.24734946667197819,0.06254190112420449,-0.008073997841774018,0.08099028718693059,0.004388132696110853,0.1280993283484791,0.02350318737037773,0.05743833142981766,0.059143254384968626,0.2435199412986797,0.24300406805825558,-0.06808666598690644,0.10414221708076299,-0.0852108078324317,0.16647577951458356,-0.12189479826602842,0.14662536633343165,3.9314867689859975e-5,0.003493587150337591,0.24615931294927146,0.24708961658927392,0.24822653523367147,-0.07631198381940175,0.24832217044529706,-0.1243359647774385,0.2476510382081988,-0.10791817066089816,0.24686298191539224,0.03579358685759423,0.24864441831579676
0.009415903488657876,0.00946420939468294,-0.014374104497895463,0.009001870778224874,0.022663319854412296,0.009187246440203169,0.03285867377250579,0.00824282748028402,0.24999999999999986,0.00955220787052399,0.009601046692982887,-0.033739145603119,0.013512807062430356,-0.015967604322783775,-0.028264295621334888,0.048202151151916076,-0.04181990271109716,0.1772381069573504,-0.1855185321415385,0.011040420603088696,0.008702222102119746,0.03486982898512373,-0.020679159153438556,0.012392644913515511,0.008743095527184795,-0.04026603616090068,0.03728762801497958,-0.07917772061615887,0.05341987043974232,0.008283568975251825,0.009466166757317212,-0.0030397310144374026,0.017706260859229748,0.0027870245787424658,-0.008644137741425518,0.00594426045654601,-0.03475175084394841,0.025589557591981702,-0.04977420855837402,0.010587544156352291,0.009202685478687522,0.0014376488448676924,0.003743337184720586,-0.0029405200127820227,0.006031328215841202,-0.00874653659955649,0.009747359536958,-0.015826850214005653,0.015507410675782204,0.00923841206462836,0.009488645608033808,0.009532730730963751,-0.002583823158395872,0.00953874372553509,-0.0045873999713563944,0.009509466512376528,-0.007776258439800914,0.009476345447163815,-0.011563506805779713,0.009552753482144915
0.243949520796493,0.24793314614717113,-0.10006766840795457,0.2493917193103701,-0.1658844680326246,0.2496027140733287,-0.15253611094761016,0.24864501345170315,0.00955220787052399,0.24999999999999992,0.24184447017480717,-0.07157934910429765,0.1229751830925372,-0.10343769534637155,0.20103635095940542,-0.16910503011708625,0.19178854242180213,-0.054651078119824725,0.04652179041836658,0.24747586694957452,0.24761021337729594,0.06168238431392371,0.00408519736307846,0.10349346679121804,-0.009216686820181052,0.17092127920240718,-0.03718519566522245,0.15113703363887884,-0.07798326770459311,0.2458299958921939,0.24869449756079243,0.06385988647137392,-0.00936666434983711,0.0823176552623194,0.003072897849076827,0.1294330912986113,0.02218754820615989,0.05876670489146312,0.0578279329771369,0.24486928546101083,0.2443523257878869,-0.06940472403029654,0.10547091257765283,-0.08653208907518536,0.1678142611189516,-0.12319644483147467,0.1479261673951229,-0.0005857365407837999,0.004056613981121525,0.2474938885558698,0.24843024799149319,0.249575464260191,-0.07740471298721248,0.24967203772923582,-0.12538464976305516,0.24900081314679423,-0.10893793975990344,0.24821257534197622,0.035551682781227716,0.2499943503840616
0.2359400497239928,0.23992501933473043,-0.10374254108653393,0.24127602715281016,-0.16364382290896964,0.24147621581414255,-0.15019910391545396,0.24053968845683416,0.009601046692982887,0.24184447017480717,0.25000000000000006,-0.07960960500106805,0.1263198997125158,-0.10750069235260867,0.1983398138614798,-0.1676657608952341,0.1886702590492879,-0.05258721338256382,0.044381810339802846,0.2394703452408901,0.23946413297661628,0.06930162903366423,-0.003613260082620026,0.1074115166373069,-0.01527947183439574,0.16974778060946544,-0.04007637478263517,0.1490956693602781,-0.07872391857787894,0.2378594572617276,0.2405741813784721,0.056140912749409515,-0.0017517646553344023,0.07456220580631213,0.00926527183089436,0.12179018460555933,0.025446422711679854,0.05385541921005659,0.059124873944433415,0.23687484153957333,0.2362191071855116,-0.061684186459663025,0.09766678560412333,-0.0788003253127764,0.15985966909753524,-0.11606185506214572,0.14074736410610625,0.0012051414278352068,0.0025458246288408387,0.2394211128723104,0.24033511160921522,0.2414308882559421,-0.07097577981857005,0.24152244887238697,-0.11917332240798621,0.24085281795988092,-0.10337227530415528,0.2400669876503214,0.035447931052480466,0.2418438949485328
-0.06897039225038354,-0.07265867039195098,0.17974626340483146,-0.07215897933045491,0.08617947347664857,-0.07194249236920928,0.07797440948401352,-0.07282921642181132,-0.033739145603119,-0.07157934910429765,-0.07960960500106805,0.24999999999999975,-0.19825924111640622,0.19897259631362665,-0.11651329564216235,0.11579787136547105,-0.09548457683068835,-0.016997741076933956,0.026424329049605896,-0.0727402284962709,-0.06924312733307283,-0.2369623323246174,0.17172940350982438,-0.19414721657565956,0.1476926428530534,-0.12432276458538763,0.09339054868833487,-0.0799438159168373,0.07840167842748506,-0.07101446297223171,-0.07092775278611255,0.11083225488993562,-0.16432317022067294,0.09279879853320691,-0.1443400698729964,0.04122707937099639,-0.08744723009808984,0.04515205537713222,-0.07216082664379386,-0.07026542028072466,-0.06614357356442772,-0.10520804637391987,0.06998142406854127,-0.0879094440278912,0.00892160182172544,-0.03502853962399017,0.010447786749946916,-0.0362956869666612,0.026454357565814,-0.07074779727692194,-0.07122920037584467,-0.0712794411387741,-0.06752451259437359,-0.07126569182801958,-0.012786679657107095,-0.07060808088440233,-0.013907607717019021,-0.06984838997541123,-0.031070425886476096,-0.07157919107975629
0.11906491041740032,0.12378877823434337,-0.2201585452091722,0.12346051838293694,-0.1176468828004848,0.12325917511761122,-0.11459675544629482,0.12382152808183447,0.013512807062430356,0.1229751830925372,0.1263198997125158,-0.19825924111640622,0.24999999999999986,-0.22897203523361087,0.15622784697561035,-0.15354584691041961,0.1387219121649124,-0.024000096216286883,0.014580075787379623,0.12298986382273693,0.12061282816493835,0.1880095119121645,-0.12250380990369555,0.22142814222878893,-0.13064438018393434,0.16105972504041752,-0.1020375915941729,0.12131218194367765,-0.10329247094840173,0.12186575544823647,0.12212899194887784,-0.0622527362051407,0.11634736499101285,-0.043973575401212626,0.12426566934525587,0.004157498627839524,0.09291941148942628,-0.031550172874659096,0.09254341893894065,0.12001086768078581,0.11742881980450784,0.056584940889060284,-0.020811900026002413,0.03920561885421575,0.04118541858412393,-0.006326023986071027,0.03144957886574453,0.03632182351927245,-0.027791513530033743,0.12173874921601217,0.12227977826637912,0.12264139646718285,0.02686126675818558,0.12265577198975208,-0.026270834143483208,0.12198766993200147,-0.018242118575847892,0.12121157644949973,0.04073743413801313,0.12297483536937974
-0.09999033894422096,-0.10434633739219748,0.20367733260166432,-0.10402293447639138,0.11466559012503849,-0.10380632019116806,0.10453194122467085,-0.10471781870468591,-0.015967604322783775,-0.10343769534637155,-0.10750069235260867,0.19897259631362665,-0.22897203523361087,0.2500000000000001,-0.15236004295897806,0.15251440641445127,-0.12863995088188318,0.017095459499985415,-0.007570812207348751,-0.10374941354028154,-0.10119788541992306,-0.19453658653478012,0.1399511746428066,-0.23962124770049772,0.14853957776213988,-0.1591248844902431,0.10820182561589829,-0.11394701313525728,0.10202345481574761,-0.10270068785564213,-0.10266427320014997,0.08017379748359361,-0.13379181990596817,0.06205006774103872,-0.14208048872528828,0.014281563687051756,-0.10003294269188497,0.042912505293211084,-0.09304202941305646,-0.1009025458636084,-0.09794983244252678,-0.07453206828593174,0.039077191013174126,-0.05724240810849992,-0.02236719482098902,-0.010531116290065897,-0.014474909758046254,-0.04042732862943404,0.03126693710811458,-0.10238803668500412,-0.10287448332477249,-0.10311881563106778,-0.04187905601051102,-0.10312136337401481,0.011597246877496182,-0.10245912867808138,0.005105153223646672,-0.10169115790086143,-0.040376997707379396,-0.10343737614852402
0.1955978485989442,0.20014317896874825,-0.13208809617905706,0.20157990457914282,-0.20039879564138222,0.20139480694961806,-0.18099949162684925,0.20228800582966336,-0.028264295621334888,0.20103635095940542,0.1983398138614798,-0.11651329564216235,0.15622784697561035,-0.15236004295897806,0.24999999999999994,-0.21712111310502968,0.22111943350044716,-0.09259221676214877,0.0833546875590708,0.19864515311358974,0.1986647918554592,0.10969563069772055,-0.04436269058993532,0.15164451412320729,-0.05762235466802837,0.2170380962841797,-0.08481807994434458,0.18908068539893355,-0.12111500206286868,0.19871666539267716,0.19991082931696866,0.01531908845574034,0.038982775833023835,0.033736496575553526,0.051386808595671886,0.08075071964120739,0.06967897887396368,0.010754013366272614,0.10177212817990709,0.19602548712316162,0.1954337058381702,-0.020942454194918633,0.05690216452408659,-0.0381837367345845,0.11904860522536898,-0.07578221846495922,0.1006130915216189,0.02198576445701446,-0.016234540038616074,0.1990851405058287,0.19980925449193837,0.2006525331074159,-0.03743746484982384,0.20071489713032212,-0.08716402701811443,0.2000451920142694,-0.07184496200291095,0.19926146103370265,0.04420129203916529,0.20103572636549266
-0.1644497194946676,-0.16856159728751316,0.12974829494702464,-0.16966062738543755,0.17187869895349764,-0.16947465031948794,0.1826671621725664,-0.17043555870382743,0.048202151151916076,-0.16910503011708625,-0.1676657608952341,0.11579787136547105,-0.15354584691041961,0.15251440641445127,-0.21712111310502968,0.2500000000000001,-0.22435586975850313,0.11222167084820504,-0.10261604866916874,-0.16684561227839312,-0.16709985703914793,-0.11207668112422897,0.051370082301580404,-0.15407954678359642,0.07718525506085205,-0.23237572640667783,0.10516849484816015,-0.19581044498580885,0.1352514105793103,-0.16774858501796358,-0.16813858646485708,0.0033976918037442023,-0.0462518950072587,-0.010327184337385576,-0.07119899046830594,-0.05495160687966865,-0.09032777038185659,0.013082059518422447,-0.11749319468793402,-0.16436490288019037,-0.16389221254379002,0.0009574154376786404,-0.03232149853038427,0.014648728257670487,-0.09137426467081962,0.050498472779117225,-0.07411822864606146,-0.032935674948172726,0.02648206705859444,-0.16758427739600712,-0.16809029053264543,-0.16875569233505933,0.01761895807967645,-0.16880043071778786,0.06575585394215443,-0.16816567614463873,0.05139860592567915,-0.16742386325857697,-0.047646401884909866,-0.1691042472384288
0.18662700986292838,0.1907884427458597,-0.11667403881050557,0.1921484266054927,-0.17546749165008488,0.1921344202456784,-0.20305924831699446,0.19302316201481365,-0.04181990271109716,0.19178854242180213,0.1886702590492879,-0.09548457683068835,0.1387219121649124,-0.12863995088188318,0.22111943350044716,-0.22435586975850313,0.2500000000000004,-0.11281959761507074,0.10351280956750906,0.18927279220558935,0.18979361950686616,0.08811224579789081,-0.02761821238575389,0.12996021052404944,-0.05337130761349034,0.2093042040864752,-0.08218885474572994,0.19414669903464113,-0.12240100849922853,0.1897221217404596,0.19074338442088826,0.020107940094595038,0.02261895180789985,0.0337960319077477,0.047466394520655944,0.07819580301865453,0.06763037133745721,0.009584933164293966,0.10289290446783886,0.18684867266651933,0.18658735792690911,-0.024409978417716725,0.05565116131717606,-0.03798235381971346,0.11445157190164865,-0.07306001702379748,0.096484254639147,0.02209149297786409,-0.016769972483705656,0.19001251234036798,0.19061662173585733,0.19142423231443054,-0.03687415612452659,0.191485233416793,-0.08387854796063672,0.19085375057646883,-0.06895298376471512,0.19011440356842998,0.04339537435893316,0.1917878552349355
-0.05311200329905859,-0.05431658706590806,0.01653617634729305,-0.05514952251601723,0.07345646616505162,-0.05502650169839851,0.09293230218296732,-0.055992748669461655,0.1772381069573504,-0.054651078119824725,-0.05258721338256382,-0.016997741076933956,-0.024000096216286883,0.017095459499985415,-0.09259221676214877,0.11222167084820504,-0.11281959761507074,0.2500000000000002,-0.2396128625601244,-0.05214320113094499,-0.05502548441870122,0.020658132557497554,-0.020223291796291756,-0.021389856858398143,0.021495436344515624,-0.10294981218063898,0.06282028102159715,-0.15089945079053285,0.09570762820865968,-0.05526759108065551,-0.05440153781997153,-0.01517474499861335,0.017940005959470623,-0.013122454299971392,-0.019545711337195237,-0.023292565696937464,-0.05544463443531145,0.02078486910223425,-0.08512476244989974,-0.051882197266692714,-0.05341678535368624,0.01476215591168009,-0.018833378584408346,0.014223786961570452,-0.03457321293342542,0.01836447790781441,-0.024514048195403985,-0.02234586219494922,0.020584312605393156,-0.05438511377774745,-0.05431864794469318,-0.05455583747932186,0.013294767448268643,-0.054571986374324706,0.025445353836045948,-0.054408683785292546,0.01697681354279763,-0.05421582772009736,-0.02573324669346296,-0.05465036287779641
0.0452077174654535,0.04619639808192563,-0.008306307237982698,0.04700462211223276,-0.06624543719291388,0.04688805097247226,-0.0854953445779003,0.04782981269263124,-0.1855185321415385,0.04652179041836658,0.044381810339802846,0.026424329049605896,0.014580075787379623,-0.007570812207348751,0.0833546875590708,-0.10261604866916874,0.10351280956750906,-0.2396128625601244,0.25000000000000006,0.04401541960460078,0.04702011004404311,-0.030101592823568394,0.026801929292492626,0.011862619034017871,-0.013998814060755649,0.09333342911340747,-0.05663660096785227,0.14111402941100804,-0.08885016009625711,0.04721167334803427,0.04632495236418883,0.018891348148031492,-0.024289188154784057,0.01601733076421375,0.012311465844387161,0.022846403055831282,0.049923087107345145,-0.019125408980050548,0.07910174188608152,0.04394754218513461,0.045644591913572445,-0.01821280757039703,0.020204224498162428,-0.016805853782058507,0.03182653499122996,-0.017822311118296238,0.022331989759368707,0.02016665647442797,-0.01894746872834028,0.04633172634916068,0.04623543939507685,0.04644875970302601,-0.0150778274357645,0.046463699040993456,-0.023688805256401883,0.04634432035837788,-0.015682222267148323,0.046202489801291345,0.023192932703489894,0.04652108143868029
0.24148857706923382,0.24544508793791894,-0.10026038181884471,0.24687397351320142,-0.1638700601377311,0.2470837801160196,-0.15052780358015097,0.2461261137965759,0.011040420603088696,0.24747586694957452,0.2394703452408901,-0.0727402284962709,0.12298986382273693,-0.10374941354028154,0.19864515311358974,-0.16684561227839312,0.18927279220558935,-0.05214320113094499,0.04401541960460078,0.25000000000000006,0.24509846380239372,0.06300210653889844,0.002493951945928816,0.10376879203466823,-0.010260523379959077,0.16876338777763034,-0.036907267179424,0.14864582867715265,-0.07678308826367518,0.24334052396307015,0.24618602006509316,0.06210526137760505,-0.007787899416624895,0.08050574792979,0.004168848491278174,0.12748365491046454,0.022101675694898126,0.05800934657436581,0.05689936457701216,0.24242230300273684,0.24185733074764584,-0.06763354745379277,0.1035620223595076,-0.08470828718619398,0.16564152042833005,-0.12142711348853097,0.14605589414010456,-0.0005029261473251054,0.00400491692591322,0.24499688800603353,0.24592769022205724,0.24705903028642273,-0.07586430680852883,0.24715434133416864,-0.12371106963579459,0.2464859429668934,-0.10751776888109213,0.2457011457251886,0.0351846169009792,0.24747527905812258
0.2416290885680403,0.24555588262090247,-0.09801124771911766,0.247007214105407,-0.16399528289770313,0.2472182107314528,-0.1509551326472614,0.24626126561623624,0.008702222102119746,0.24761021337729594,0.23946413297661628,-0.06924312733307283,0.12061282816493835,-0.10119788541992306,0.1986647918554592,-0.16709985703914793,0.18979361950686616,-0.05502548441870122,0.04702011004404311,0.24509846380239372,0.2500000000000002,0.059340801351647474,0.004547123615996659,0.1013126177677269,-0.008821455102634811,0.16883748650564187,-0.036822271337496236,0.14993817435560958,-0.07733802818096243,0.24349082030603517,0.2463223762221456,0.06343909192965741,-0.009723194713406333,0.08158837384060107,0.002770021509294729,0.12814089095063996,0.02196489431589685,0.058206706592332576,0.05736515300795164,0.24253284253403523,0.24202820256075797,-0.0688999852741706,0.10453357045789591,-0.08576601039540199,0.16617121621595932,-0.12197441284399024,0.1464683785140198,-0.0005345670000652658,0.003975742172453497,0.2451354551431206,0.2460604648942642,0.24719483189769137,-0.07672468434903038,0.24729017501413147,-0.12415031663489948,0.24662482294291868,-0.10785665267695316,0.24584352947001453,0.03525855543665699,0.24760961881496124
0.05933389528230203,0.06279071532771291,-0.1709930417367571,0.06226818416396411,-0.08064466038909181,0.06205276322582537,-0.07158482094777427,0.06296262755879149,0.03486982898512373,0.06168238431392371,0.06930162903366423,-0.2369623323246174,0.1880095119121645,-0.19453658653478012,0.10969563069772055,-0.11207668112422897,0.08811224579789081,0.020658132557497554,-0.030101592823568394,0.06300210653889844,0.059340801351647474,0.25000000000000006,-0.18364710303654252,0.1927221494529407,-0.15421364966873538,0.12124367575177138,-0.0952352785232853,0.07533657391944085,-0.07677191203716444,0.06127952529629425,0.061064095093113994,-0.12206843167714819,0.1758973437765664,-0.10393468340021132,0.15135015836718885,-0.05130621485837937,0.08970575913508994,-0.05008215127548026,0.07131053369360862,0.06063621287745366,0.056212358721187135,0.11640146412159386,-0.08093739568902024,0.09896442154374598,-0.01943047746380577,0.04432681313476929,-0.019577043785287487,0.03774775159739106,-0.027485591203944986,0.060934695239834885,0.06140046949296835,0.061386583866861535,0.0766743905107218,0.061366483556403416,0.021048649047461804,0.06070383795786462,0.021010663997776995,0.05993915899635474,0.0302504056617594,0.06168224915582997
0.004666859626597069,0.0027745130151981654,0.11389854892670154,0.003495004068261315,0.028888071809817225,0.0037097366711191368,0.022987464997966275,0.002790726607120068,-0.020679159153438556,0.00408519736307846,-0.003613260082620026,0.17172940350982438,-0.12250380990369555,0.1399511746428066,-0.04436269058993532,0.051370082301580404,-0.02761821238575389,-0.020223291796291756,0.026801929292492626,0.002493951945928816,0.004547123615996659,-0.18364710303654252,0.25000000000000033,-0.14235790874748533,0.17941033892132713,-0.060565398389824894,0.08780212538682422,-0.0414671529468985,0.05260196404101382,0.0036401768519455065,0.004470085816283836,0.18566582872838033,-0.2386134769953675,0.16789346618441495,-0.18121053487380906,0.11076239129418224,-0.08608153250899064,0.06992471473432305,-0.051923337669340736,0.003156669261624878,0.009456233448390238,-0.1800538001524605,0.1451170854128276,-0.16271433933375448,0.08430595540644605,-0.09852516965560873,0.07420743966267639,-0.039229041507795034,0.02713611351944828,0.004304674372188855,0.003923803695818199,0.004339739594938474,-0.1298297548819717,0.00439677715884091,-0.0716815333925626,0.005052265690708532,-0.0630329495203352,0.005803201331413464,-0.01899482685920822,0.004085182620053573
0.10007741062890217,0.10433640609911884,-0.19679562782775958,0.10407639042654414,-0.11445269932269728,0.10386092577062901,-0.10555553471874309,0.10477160895264244,0.012392644913515511,0.10349346679121804,0.1074115166373069,-0.19414721657565956,0.22142814222878893,-0.23962124770049772,0.15164451412320729,-0.15407954678359642,0.12996021052404944,-0.021389856858398143,0.011862619034017871,0.10376879203466823,0.1013126177677269,0.1927221494529407,-0.14235790874748533,0.25000000000000033,-0.1554079354853452,0.16155374819716886,-0.11323484152402577,0.11810945704738333,-0.1062720925772723,0.10283268582576578,0.10271471424278682,-0.08217203736080478,0.13627488615451755,-0.06389363516440381,0.14857104221075587,-0.016093183074823388,0.10500260195255558,-0.0463773292425353,0.09731014174767169,0.10088123187110988,0.09794470249146298,0.07647513212637351,-0.040652907430621325,0.05902267119227423,0.021490321513560437,0.0121803610455907,0.013174097672916643,0.04266460719760989,-0.033297886921978874,0.10245491774117688,0.1029319967036651,0.10317210339137775,0.04327209514797812,0.10317351686754993,-0.010834944717848394,0.10250366537907217,-0.00398209364738163,0.10172684695907734,0.04204058179405788,0.10349313469405437
-0.008325764763552774,-0.010413282553507512,0.11956541024650284,-0.009807369505482182,0.03915631398407606,-0.00959237521367706,0.045020731837493895,-0.010533793556729948,0.008743095527184795,-0.009216686820181052,-0.01527947183439574,0.1476926428530534,-0.13064438018393434,0.14853957776213988,-0.05762235466802837,0.07718525506085205,-0.05337130761349034,0.021495436344515624,-0.013998814060755649,-0.010260523379959077,-0.008821455102634811,-0.15421364966873538,0.17941033892132713,-0.1554079354853452,0.25000000000000017,-0.08823571830319862,0.15111762854427244,-0.09625174289415753,0.1167740711759508,-0.0107053953361919,-0.008856639621256122,0.1574261670213944,-0.17932710639738575,0.15671287505442222,-0.24081104869291498,0.10938727725831161,-0.14991130559752897,0.10866661464851769,-0.11669314096845448,-0.008355074386237222,-0.004224002171976508,-0.15602623805967947,0.13349410333590703,-0.1514535348572389,0.07237168702739381,-0.09821001694204039,0.0725847292779523,-0.07067068840709309,0.05801005202204173,-0.009462878898092305,-0.0092989026889295,-0.008955896293211847,-0.12028803974858158,-0.008899452640252022,-0.06271901631487051,-0.008232077025283738,-0.06274729228248375,-0.007464477273147891,-0.04750177246626014,-0.009216503450847765
0.16617917673389804,0.1704237232401746,-0.13665009957596064,0.17146681827726643,-0.1721861215118955,0.17128424300481035,-0.1690311870876756,0.17220664281442527,-0.04026603616090068,0.17092127920240718,0.16974778060946544,-0.12432276458538763,0.16105972504041752,-0.1591248844902431,0.2170380962841797,-0.23237572640667783,0.2093042040864752,-0.10294981218063898,0.09333342911340747,0.16876338777763034,0.16883748650564187,0.12124367575177138,-0.060565398389824894,0.16155374819716886,-0.08823571830319862,0.25000000000000017,-0.11620041792480465,0.19895968162420133,-0.14253958971574782,0.16964769966811322,0.16992796691464787,-0.010666073376275126,0.05543870533179431,0.0034635031899424187,0.08170710260991931,0.050371313154092524,0.10065020162144589,-0.019864493861541377,0.12493745489122968,0.1660774205169288,0.1654408912133242,0.006134328270343685,0.026714268523131756,-0.008066545445856768,0.08878008851703989,-0.04608035064864296,0.07103573644477694,0.03756867560598211,-0.030426660308858433,0.1694020564047638,0.1699024146587506,0.17055810534749866,-0.012494717908164985,0.17059955957925516,-0.06338799231816838,0.16992835118683847,-0.04862548313908049,0.16914452296047103,0.05110542584448772,0.17092060315515956
-0.03575678969439958,-0.03777812453392179,0.09047332390634208,-0.03776296581123951,0.06361961662264003,-0.03756022204983865,0.06763328241135268,-0.038503479527750836,0.03728762801497958,-0.03718519566522245,-0.04007637478263517,0.09339054868833487,-0.1020375915941729,0.10820182561589829,-0.08481807994434458,0.10516849484816015,-0.08218885474572994,0.06282028102159715,-0.05663660096785227,-0.036907267179424,-0.036822271337496236,-0.0952352785232853,0.08780212538682422,-0.11323484152402577,0.15111762854427244,-0.11620041792480465,0.25000000000000006,-0.13597797517032562,0.19471974733449568,-0.040990408685135885,-0.03662439881696451,0.07417451710982319,-0.08736022605207369,0.0789846288881842,-0.14848503539542926,0.08276922797251098,-0.23185635160104903,0.1513581618114935,-0.20185176528351467,-0.03364932285582088,-0.03430184140011351,-0.07321853002635886,0.0569478042481289,-0.07388162201864724,0.039350088448304885,-0.08031510699460069,0.0593496346276873,-0.1110766631475176,0.0984354406721613,-0.03754438954990631,-0.03707267472163901,-0.03701129362763347,-0.0530269628287626,-0.03687626077973241,-0.03721699655074761,-0.036198945445920276,-0.054197524110211844,-0.03542467998998228,-0.0880135278493141,-0.037184879697857366
0.14699790400459395,0.1505136786078854,-0.10118652984518253,0.15162936208031896,-0.15021321746284885,0.15150444561432924,-0.15727200589162135,0.15244154073478258,-0.07917772061615887,0.15113703363887884,0.1490956693602781,-0.0799438159168373,0.12131218194367765,-0.11394701313525728,0.18908068539893355,-0.19581044498580885,0.19414669903464113,-0.15089945079053285,0.14111402941100804,0.14864582867715265,0.14993817435560958,0.07533657391944085,-0.0414671529468985,0.11810945704738333,-0.09625174289415753,0.19895968162420133,-0.13597797517032562,0.2500000000000003,-0.17675366321658967,0.1512329043186402,0.15024699459778382,-0.014321833859930353,0.04041585030086873,-0.008568213247428576,0.09143097441314162,0.03057910777844354,0.12073884507301538,-0.040089194933104186,0.15640982808697387,0.14601871163484895,0.14618678229722046,0.011874537199812758,0.01452711804207119,0.003879828907053987,0.06979674535389152,-0.027186008756215546,0.051537958613090636,0.04967666127500455,-0.04180923849585373,0.15000939553968687,0.1502521653947232,0.1508010269623522,-0.0028483714182830355,0.15081693503635246,-0.04844495734392839,0.15014428521736034,-0.03319024471644885,0.14936118452667702,0.05788455129145468,0.15113635259005045
-0.07560585052724578,-0.07808624848904266,0.08893802257925405,-0.07852284633873245,0.09402085711112007,-0.07835585612773356,0.099803212035314,-0.07929748167458048,0.05341987043974232,-0.07798326770459311,-0.07872391857787894,0.07840167842748506,-0.10329247094840173,0.10202345481574761,-0.12111500206286868,0.1352514105793103,-0.12240100849922853,0.09570762820865968,-0.08885016009625711,-0.07678308826367518,-0.07733802818096243,-0.07677191203716444,0.05260196404101382,-0.1062720925772723,0.1167740711759508,-0.14253958971574782,0.19471974733449568,-0.17675366321658967,0.24999999999999992,-0.08203555845043958,-0.07731657089147728,0.040415268486257115,-0.05205811021925542,0.04468294875912435,-0.11338070327598984,0.04237807781047421,-0.1899461272941012,0.11265092080594656,-0.22820064249161723,-0.07288967406201445,-0.07480410536655671,-0.03965750745799279,0.02253783624953699,-0.03982110578044823,-0.0005386429620585509,-0.041523212404673826,0.020082256424520262,-0.09089255687462991,0.08007855829196368,-0.07787087852484903,-0.07759130266856971,-0.07776769820184398,-0.02519090484692798,-0.0776714004586288,-0.005944418181472946,-0.07699284692071227,-0.02347425985588025,-0.07621371067506699,-0.07932986894290187,-0.07798282764667089
0.2398773755921318,0.2438137829438275,-0.09922160181720013,0.24524967698911984,-0.1638758989895664,0.24545311612351584,-0.1509350610124032,0.24453348414804707,0.008283568975251825,0.2458299958921939,0.2378594572617276,-0.07101446297223171,0.12186575544823647,-0.10270068785564213,0.19871666539267716,-0.16774858501796358,0.1897221217404596,-0.05526759108065551,0.04721167334803427,0.24334052396307015,0.24349082030603517,0.06127952529629425,0.0036401768519455065,0.10283268582576578,-0.0107053953361919,0.16964769966811322,-0.040990408685135885,0.1512329043186402,-0.08203555845043958,0.25,0.2445426737482524,0.062250117549876235,-0.008826981953061678,0.0801039299879935,0.004642452604038129,0.12527377769492204,0.026269888139007942,0.05461577480653134,0.06194271686541168,0.24070518836751847,0.24028269268667898,-0.06768242030839053,0.1032117702368782,-0.08433288798922971,0.16385310476286016,-0.11926884235569311,0.1438461193942654,0.0017561533316318933,0.0018841113973499962,0.24338734830480033,0.2442934065888526,0.24541707020018744,-0.07567422591675574,0.2455075085576666,-0.12227359384180872,0.2448359525583269,-0.10571144676566116,0.24404791756075006,0.036762038357004256,0.2458294032898926
0.2426816512472671,0.24664130574258464,-0.0993558810600713,0.24809343511530882,-0.1649683230630784,0.2483036878983423,-0.15170358165995934,0.24734946667197819,0.009466166757317212,0.24869449756079243,0.2405741813784721,-0.07092775278611255,0.12212899194887784,-0.10266427320014997,0.19991082931696866,-0.16813858646485708,0.19074338442088826,-0.05440153781997153,0.04632495236418883,0.24618602006509316,0.2463223762221456,0.061064095093113994,0.004470085816283836,0.10271471424278682,-0.008856639621256122,0.16992796691464787,-0.03662439881696451,0.15024699459778382,-0.07731657089147728,0.2445426737482524,0.25000000000000006,0.06261794580839383,-0.009500890101882606,0.08108610609565894,0.0028198414310905877,0.12836022928823504,0.02172401461094144,0.0586214965804206,0.05727784678226845,0.24361201721247694,0.2430541203318772,-0.06815244485144528,0.10420483112069719,-0.08527394809896693,0.1665292352258358,-0.12218565077048181,0.14689389213639065,-0.0007222553053265941,0.0042230949859666704,0.24620269108901094,0.2471385102486686,0.24827578272536321,-0.07635414923017866,0.2483716594269121,-0.12438213643826185,0.24770054676224562,-0.10814833310959393,0.24691255924865413,0.03519717392937618,0.24869390274287764
0.06281980070933432,0.06237327377193321,0.061342295983000394,0.06326612189204299,-0.018711451777269378,0.06347997450170909,-0.014611250142624864,0.06254190112420449,-0.0030397310144374026,0.06385988647137392,0.056140912749409515,0.11083225488993562,-0.0622527362051407,0.08017379748359361,0.01531908845574034,0.0033976918037442023,0.020107940094595038,-0.01517474499861335,0.018891348148031492,0.06210526137760505,0.06343909192965741,-0.12206843167714819,0.18566582872838033,-0.08217203736080478,0.1574261670213944,-0.010666073376275126,0.07417451710982319,-0.014321833859930353,0.040415268486257115,0.062250117549876235,0.06261794580839383,0.2500000000000001,-0.1953852600412428,0.22932094908465478,-0.1639458411031788,0.1632262460379912,-0.07624672211432389,0.08501958525366235,-0.04439707975292229,0.06130218158278032,0.06931821580372662,-0.24364237200150565,0.20799491178321045,-0.22576285009972547,0.14581685244336337,-0.14899479616708886,0.12494435472925682,-0.03792612662787479,0.023922797859491408,0.06364082344234663,0.06329259536712678,0.06408638805124112,-0.1822391124644583,0.06417755236771124,-0.11986771051748873,0.06484737468699407,-0.10216607422430111,0.06560947551384554,-0.006253424353221565,0.0638597922851993
