x1,x2,x3,x4,x5,x6,x7,x8,x9,x10,x11,x12,x13,x14,x15,x16,x17,x18,x19,x20,x21,x22,x23,x24,x25,x26,x27,x28,x29,x30,x31,x32,x33,x34,x35,x36,x37,x38,x39,x40,x41,x42,x43,x44,x45,x46,x47,x48,x49,x50,x51,x52,x53,x54,x55,x56,x57,x58,x59,x60
0.25,0.24961960052690568,0.24981702087915425,0.2498843748930298,0.24989940123638493,0.2499429276655033,0.24991637214483337,0.2499022461270671,0.24995380076780385,0.24996707907009658,0.2497601058057574,0.2396669046152773,0.2459406020681377,0.23729444243540712,0.2470558784726136,0.23358544229070774,0.24454093013368958,0.23926270915161352,0.2477096057221592,0.24995572539144228,0.2498910197088942,0.24519521002015474,0.23546884065743384,0.24072542890618567,0.23495900480247903,0.23753062789383292,0.23281806243213476,0.2359805664321402,0.23901177116260378,0.24934393290093831,0.24987266854124612,0.24381141688649868,0.23709300190461488,0.23699129728271073,0.23420734996997017,0.2388828818941076,0.23615992327661803,0.2421410940472472,0.24005350412755921,0.2495326478171451,0.24975775793739496,0.23647308991762092,0.24445659195200709,0.2322758407289524,0.24674142340342597,0.2323303643693687,0.24494200548743714,0.24152095021562936,0.24848941490441073,0.24996764500091145,0.24995942764365622,0.24964804399458118,0.24973579733441514,0.24993464924281478,0.24988354328462442,0.24994285183004478,0.24994246751826155,0.24987241809282065,0.24994892978242916,0.24996112195061054
0.24961960052690568,0.25000000000000006,0.2494929345439126,0.24956020117977268,0.24957520802952993,0.24961867799203585,0.24959215692170617,0.24957804922955007,0.24962953698871673,0.24964279806513645,0.24943609330614766,0.23935598597361665,0.2456215445910657,0.23698660157672008,0.246735374153203,0.23328241309881642,0.24422368844381315,0.2389523148706471,0.24738825332575298,0.24963145911555082,0.24956683737535199,0.24487711953634958,0.23516336814253622,0.24041313704641143,0.2346541936950118,0.2372224806329665,0.2325160287581836,0.2356744300580294,0.23870170242219924,0.24902046030029598,0.24954851001457923,0.2434951215904028,0.23678542237369146,0.23668384969266995,0.23390351398044748,0.2385729803610876,0.23585355422379542,0.24182696565237233,0.2397420839523411,0.24920893039761302,0.24943374848366218,0.2361663145953269,0.24413945967361952,0.2319745104764251,0.2464213270249572,0.23202896338360307,0.24462424348456815,0.24120762633015483,0.24816705086556562,0.24964336326177142,0.24963515656485155,0.24932417687218153,0.24941181637005938,0.24961041030890174,0.24955937065020806,0.24961860225495763,0.2496182184417401,0.2495482598910584,0.24962467232244573,0.2496368486737901
0.24981702087915425,0.2494929345439126,0.2500000000000001,0.24975757455397946,0.2497726196957249,0.24981609753032377,0.2497895786269833,0.24977543752874845,0.2498269678391025,0.24984023684039355,0.249633379381538,0.23954608014081213,0.2458174505498538,0.23717453812144704,0.2469308026175153,0.2334674435215443,0.2444171482892484,0.23914164532021603,0.24758400602917968,0.2498288895837394,0.2497642152251134,0.2450711117328126,0.23534965842902472,0.24060387395410948,0.2348398925454833,0.2374114518954928,0.2327003352520868,0.2358617864818503,0.2388906321147959,0.2492174136658031,0.2497458770472487,0.24368781354139601,0.23697307300999176,0.2368713025656782,0.2340890051974167,0.2387615675481791,0.23604045830039805,0.24201833697861252,0.23993200213186433,0.24940602635666673,0.24963102207752075,0.23635323417667506,0.24433265207937288,0.232158085792466,0.2466162188068418,0.23221250734827403,0.24481768588343963,0.24139837413186713,0.24836331819763105,0.2498408024211822,0.24983258922024443,0.2495213635828732,0.24960907252632683,0.24980782339345325,0.24975674331519174,0.2498160218177181,0.24981563763529224,0.24974562382107623,0.24982209668491523,0.24983428266733745
0.2498843748930298,0.24956020117977268,0.24975757455397946,0.25000000000000006,0.24983993530802426,0.24988345137961673,0.2498569021780844,0.24984277952173778,0.24989432189455965,0.24990759703715484,0.24970067302406326,0.23960987360636024,0.24588207817351787,0.23723797597632643,0.24699708918741464,0.23352985842332508,0.24448273930425773,0.23920577432483356,0.24765066087637264,0.24989624606021585,0.24983155577499772,0.24513686349862934,0.23541280861757963,0.24066814601139253,0.23490309408289323,0.23747410523218626,0.23276266117005456,0.23592441262229347,0.2389548960488942,0.24928459915152706,0.24981320897418363,0.24375339965164988,0.23703658338021558,0.23693490295988895,0.23415161811376745,0.23882603745081973,0.23610372678711156,0.2420834742815313,0.2399963811236285,0.24947326916123233,0.2496983257143981,0.23641681890714755,0.24439842119164354,0.23222056849365902,0.24668270894578725,0.2322750791596591,0.24488371921832694,0.24146347801900875,0.2484302844956459,0.24990816283330042,0.24989994743144323,0.24958863787905539,0.24967637033715132,0.24987517492685682,0.2498240811298132,0.2498833755622037,0.24988299134187103,0.24981295858535404,0.24988945206828161,0.24990164133522122
0.24989940123638493,0.24957520802952993,0.2497726196957249,0.24983993530802426,0.25000000000000006,0.2498984781280023,0.24987197257483,0.24985780004732422,0.24990934534237794,0.2499226244533287,0.24971565096106635,0.23962212130806337,0.24590002799024452,0.23725101016311104,0.24701192769004718,0.23354259025274715,0.2444964902300447,0.23921904171190903,0.24766541549593768,0.24991127082210404,0.24984659432245213,0.24515116321066452,0.23542576385105995,0.2406821382218967,0.2349176932673369,0.23748636482911384,0.23277621987812352,0.23593709918530684,0.23896884822278447,0.24929954989461164,0.2498282198358001,0.24376746086871345,0.2370494201253033,0.23694795354452974,0.23416397338747347,0.2388406351553529,0.236116817413537,0.2420975580243954,0.2400096852024101,0.2494882674101277,0.2497133402132916,0.23643029235394894,0.2444126296118483,0.2322338663232973,0.24669750116381375,0.232288734414413,0.2448985586283419,0.24147798969885875,0.24844524415229846,0.24992319047338613,0.24991497471003063,0.2496036464161642,0.24969138175741906,0.2498902007122095,0.24983910377820892,0.24989840184525308,0.24989801772141623,0.24982798063425304,0.2499044787441333,0.2499166687168632
0.2499429276655033,0.24961867799203585,0.24981609753032377,0.24988345137961673,0.2498984781280023,0.25000000000000006,0.24991544894776727,0.24990132256963968,0.24995287705082217,0.24996615525284713,0.24975918298693353,0.23966603514670848,0.2459397257764918,0.23729357293833117,0.24705496968787952,0.23358458597810275,0.2445400337358615,0.23926183056749037,0.24770869291617678,0.2499548016283231,0.24989009612388968,0.24519430905608205,0.23546797558808108,0.24072454892806616,0.23495813474781274,0.23752977645620754,0.23281720665047387,0.23597971418550914,0.2390108893711776,0.24934301152394203,0.24987174513329,0.24381051857393823,0.23709213248091768,0.23699042667633483,0.23420649500861732,0.23888199618292774,0.2361590583737238,0.2421402009793629,0.24005262360162039,0.249531725612834,0.24975683490024217,0.23647221870987634,0.24445569083341204,0.2322749844556213,0.24674051150794662,0.2323295067897817,0.24494109955293605,0.24152005714914127,0.24848849643026893,0.24996672118000732,0.2499585038528693,0.24964712135474076,0.24973487437341138,0.24993372554362234,0.24988261977224618,0.2499419281005157,0.24994154378737868,0.24987149462359687,0.24994800603050749,0.24996019815355858
0.24991637214483337,0.24959215692170617,0.2497895786269833,0.2498569021780844,0.24987197257483,0.24991544894776727,0.25000000000000006,0.24987477202770247,0.24992631950787833,0.24993959718180675,0.24973263425107964,0.23963958804684268,0.2459127444364331,0.23726642840765916,0.24702820179680252,0.23355735731573202,0.24451406446026647,0.23923514432413578,0.24768266897041882,0.24992824314798393,0.2498635433066232,0.24516753641430097,0.23544175224641506,0.24069791545010139,0.2349317671206037,0.23750350877965926,0.23279070117171652,0.23595432653064857,0.23898462161419143,0.24931649234933986,0.24984519187432533,0.2437844077065095,0.23706565100282173,0.2369644116624171,0.2341807733574117,0.23885629823820953,0.23613350087074775,0.24211394460196117,0.240026601776764,0.2495052117878745,0.24973030057752776,0.2364465416332928,0.24442947630178996,0.23224979192485862,0.24671425210502412,0.23230474929240744,0.24491508462503286,0.2414943407388365,0.2484620948299085,0.24994016302113306,0.2499319466769354,0.24962059727533256,0.24970833929442712,0.24990717100134097,0.2498560700843437,0.24991537268605787,0.24991498776020515,0.24984494669240742,0.24992145003635766,0.24993364079796254
0.2499022461270671,0.24957804922955007,0.24977543752874845,0.24984277952173778,0.24985780004732422,0.24990132256963968,0.24987477202770247,0.25000000000000006,0.24991219386984953,0.24992546993578205,0.24971853133819252,0.23962701589552549,0.24589972210670732,0.2372548968383996,0.2470147339978921,0.2335464967656805,0.24450024362387443,0.23922285768625057,0.24766838582124356,0.24991411812581657,0.24984942280587116,0.2451543769874085,0.235429625311705,0.24068532760258257,0.23491983166326172,0.23749108836947483,0.2327792507312265,0.23594130306680083,0.23897196184791245,0.24930242731944005,0.24983107515284242,0.24377083737488345,0.23705351766475946,0.2369518430218275,0.2341683701292285,0.23884310183094667,0.23612061872316328,0.24210077805539884,0.24001354981156212,0.24949111099342125,0.24971618370613935,0.23643372262996318,0.24441590168788557,0.2322371722109582,0.24670035058311868,0.23229169493520432,0.2449012307676491,0.2414807453091164,0.2484480512802041,0.2499260357674379,0.24991781977921004,0.24960648796349053,0.24969422668624006,0.24989304550305386,0.24984194803289037,0.24990124672477582,0.2499008624513679,0.2498308247118379,0.24990732366721594,0.2499195138041205
0.24995380076780385,0.24962953698871673,0.2498269678391025,0.24989432189455965,0.24990934534237794,0.24995287705082217,0.24992631950787833,0.24991219386984953,0.2500000000000001,0.24997702934887855,0.249770045286315,0.2396762617137149,0.24595076722106515,0.23730370117215585,0.24706563071234003,0.23359451126821948,0.24455062172947048,0.23927210684788291,0.2477194699863431,0.2499656750240634,0.2499009667499467,0.24520487511699177,0.23547809647179677,0.2407348479934955,0.23496823378036863,0.23753980598108373,0.23282714813371774,0.23598979332829959,0.23902120805969634,0.24935385611995722,0.24988261441501872,0.24382109580448502,0.23710231357477451,0.23700065070511173,0.2342165631431439,0.23889238122091588,0.23616924647838722,0.24215068516256572,0.24006299074138043,0.24954258068446325,0.2497676999382006,0.23648245756646447,0.24446629763649988,0.23228504750122944,0.24675124294049058,0.2323396048777534,0.24495175896515892,0.24153056405631027,0.2484993067326937,0.24997759531003236,0.24996937763273974,0.2496579815887366,0.24974573832861083,0.2499445982455437,0.249893490231818,0.24995280115932925,0.2499524168073574,0.24988236461839264,0.24995887935691635,0.24997107200716542
0.24996707907009658,0.24964279806513645,0.24984023684039355,0.24990759703715484,0.2499226244533287,0.24996615525284713,0.24993959718180675,0.24992546993578205,0.24997702934887855,0.2500000000000001,0.24978331637427895,0.23968917483015778,0.24596345634505426,0.23731649284966821,0.24707883692254454,0.2336071480098217,0.24456365492755403,0.239284943097021,0.24773262558029685,0.24997895416415217,0.2499142424724306,0.24521799551336096,0.2354907221294501,0.24074779829061188,0.23498083955131174,0.23755269846697027,0.2328396973680628,0.23600249403855778,0.23903398239732904,0.2493671047965772,0.24989588958895118,0.2438340742968176,0.23711503407360063,0.2370133203506806,0.23422911373664715,0.23890508183123665,0.23618186893491128,0.24216359619661945,0.24007581175561127,0.2495558372731605,0.24978096831459912,0.23649506522734037,0.24447930933794199,0.23229742605471548,0.24676435345064823,0.23235195507693443,0.24496476840258918,0.24154339516537768,0.24851250742350475,0.24999087488339405,0.24998265676255016,0.2496712441760998,0.2497590056702127,0.24995787605901193,0.24990676535145182,0.24996607940852283,0.24996569506102204,0.24989563912578186,0.24997215792575955,0.24998435122695942
0.2497601058057574,0.24943609330614766,0.249633379381538,0.24970067302406326,0.24971565096106635,0.24975918298693353,0.24973263425107964,0.24971853133819252,0.249770045286315,0.24978331637427895,0.2500000000000002,0.2394902597751158,0.24575934731238963,0.2371204842671034,0.24687447969731907,0.23341444357106023,0.24436097333663465,0.23908710932539268,0.24752734669005894,0.24977197152371672,0.24970731506367558,0.2450151515992363,0.23529603156971546,0.24054878090240142,0.23478682358243486,0.23735637057537476,0.23264746231939745,0.2358069872872024,0.2388363384686359,0.24916063144241676,0.24968897578560154,0.24363217298922513,0.23691896240865107,0.23681713145338787,0.23403505042047418,0.23870739537316454,0.23598621546528548,0.24196320916743436,0.23987701093622604,0.24934920449998577,0.24957414896999966,0.23629928389466293,0.2442768573715203,0.2321050972069446,0.24656003352751246,0.23215956479960267,0.24476195718744498,0.24134340627060474,0.24830674237652117,0.24978388192997703,0.24977567059986802,0.24946451586100357,0.24955220486929425,0.2497509104145375,0.24969984211459956,0.2497591069718983,0.2497587230501555,0.2496887250138713,0.24976518044950297,0.2497773636612382
0.2396669046152773,0.23935598597361665,0.23954608014081213,0.23960987360636024,0.23962212130806337,0.23966603514670848,0.23963958804684268,0.23962701589552549,0.2396762617137149,0.23968917483015778,0.2394902597751158,0.25000000000000006,0.23569553967244675,0.22708217440065592,0.23682086976707345,0.22351651001312547,0.23457758299988543,0.22924235684301508,0.2375834782073329,0.23967791064112717,0.23961611539573183,0.23493000420348592,0.2254738614914132,0.2307443426045066,0.22503299652025666,0.22763914618531392,0.22294392067009297,0.22631373539198874,0.2289575035381203,0.23908600676791059,0.23959802384142193,0.2337131691656214,0.2271143544635776,0.22707884641168452,0.2245370039362781,0.22889942048474532,0.22639519138598793,0.23204211338640732,0.23010602363745877,0.23927229392956983,0.2394885504076416,0.22666213035104177,0.23437149061405854,0.22263354077580583,0.23658034969794972,0.22272490442310994,0.23486107846419194,0.2315579481390853,0.23827083743864702,0.2396896934734155,0.23968184026078324,0.23938326020730333,0.23946694441317093,0.23965808056053806,0.2396089812458519,0.23966594613040135,0.23966548712941388,0.23959840843365263,0.23967178035156408,0.23968346505350233
0.2459406020681377,0.2456215445910657,0.2458174505498538,0.24588207817351787,0.24590002799024452,0.2459397257764918,0.2459127444364331,0.24589972210670732,0.24595076722106515,0.24596345634505426,0.24575934731238963,0.23569553967244675,0.2500000000000002,0.23329074703886082,0.24312281546766504,0.22963093733992207,0.24062212470926897,0.23529833544000903,0.24381315618133093,0.2459521024270755,0.24589052981679155,0.24136651262617526,0.23161466697563157,0.23710983582900752,0.23136739001675802,0.2340133654252911,0.22916953463034428,0.2324532574329252,0.23511663081410306,0.2453452286144762,0.24586986705015415,0.2398589219979383,0.23317750747745544,0.23312022125378318,0.23048109142007006,0.23503975035014232,0.23241462116595873,0.23820764036189154,0.23617387755037747,0.2455355921832445,0.24575757507410761,0.23261280806989876,0.24051619258792795,0.22849481466244773,0.24278412343898315,0.22857374552834014,0.24101851211073333,0.2376369761870174,0.24450964316386767,0.24596399190323834,0.24595592867941163,0.24564953220216257,0.24573547012372796,0.24593154696444552,0.24588118049116592,0.24593961849113888,0.24593917577700167,0.24587031288089448,0.2459456066005609,0.24595759600459338
0.23729444243540712,0.23698660157672008,0.23717453812144704,0.23723797597632643,0.23725101016311104,0.23729357293833117,0.23726642840765916,0.2372548968383996,0.23730370117215585,0.23731649284966821,0.2371204842671034,0.22708217440065592,0.23329074703886082,0.24999999999999997,0.23440832455035868,0.2210676286343146,0.2321500798395997,0.226817210016854,0.23528888217888144,0.23730533646044272,0.23724436141443006,0.23283020120316578,0.22318398732632913,0.2280928746316674,0.22257501890322692,0.2254301046311452,0.220852486162894,0.22475113101880004,0.22663621739971576,0.2367138499468208,0.23722573162335683,0.23135002514406314,0.22480450448091469,0.2247442792216793,0.22223503805262068,0.2265991639362789,0.22429057398697094,0.22970084865983992,0.22788533344971557,0.23690331128249592,0.2371180940326346,0.22435837101038153,0.2320390693147768,0.22038316592425786,0.23423650281769268,0.22050772282456318,0.2325282120788428,0.22925444642745282,0.2359102643832909,0.23731697678833885,0.2373092300654145,0.23701360728465748,0.23709600726611024,0.23728570555557366,0.23723695858161686,0.23729349342519931,0.23729291335355243,0.23722662429424723,0.23729928237241218,0.23731083894188978
0.2470558784726136,0.246735374153203,0.2469308026175153,0.24699708918741464,0.24701192769004718,0.24705496968787952,0.24702820179680252,0.2470147339978921,0.24706563071234003,0.24707883692254454,0.24687447969731907,0.23682086976707345,0.24312281546766504,0.23440832455035868,0.25,0.23071562277067592,0.2417698649257496,0.2364085731500184,0.24499793871703798,0.24706759469013326,0.24700434379458783,0.24240919712588152,0.23268232937168948,0.23803635598189182,0.23220381521004987,0.23489584173678907,0.230054856064933,0.23337852257842548,0.23617565409401128,0.24646056240331835,0.24698542362664339,0.24095421372806286,0.23427444260480715,0.23418133390759815,0.23150850030253275,0.23606773975582002,0.233421563197581,0.23929358570792125,0.23725404893355945,0.24664926306240528,0.24687200563873207,0.23369861388658605,0.24161597615328806,0.229548628469133,0.2438829155009696,0.22962630468376177,0.24210791509287843,0.23871632743490534,0.24561764614803577,0.24707938501622753,0.24707127466940546,0.24676348921379948,0.2468499977168962,0.2470467825283275,0.24699621939714933,0.2470548904464478,0.2470544661356362,0.24698527054152095,0.24706090152454668,0.24707294947213368
0.23358544229070774,0.23328241309881642,0.2334674435215443,0.23352985842332508,0.23354259025274715,0.23358458597810275,0.23355735731573202,0.2335464967656805,0.23359451126821948,0.2336071480098217,0.23341444357106023,0.22351651001312547,0.22963093733992207,0.2210676286343146,0.23071562277067592,0.25000000000000006,0.22819633338570192,0.2231813114655256,0.23137461967659198,0.23359628657383263,0.2335372656710067,0.22938774748351068,0.21979257104480085,0.22473014026952626,0.2191292708899374,0.2211972681968994,0.21712666655203677,0.2203067535725052,0.2231397253491621,0.2330219414219075,0.23351914862799414,0.22770068191242662,0.2214818746601989,0.22121292640641219,0.2187025480243132,0.22310830997148376,0.2205355888610863,0.22614066199237123,0.2242401562837546,0.2332009877439298,0.23341159633020145,0.22092262871828294,0.22842192576480472,0.21699093423726748,0.23057002264051402,0.21710185241396213,0.22890148803990415,0.2256851880532014,0.23222479866449613,0.23360765873719755,0.23359999897804284,0.23330899456894216,0.23339058536703297,0.23357684213181903,0.23352902399823933,0.2335845081279125,0.23358409370722544,0.23351868417654223,0.23359018884643107,0.23360158251371296
0.24454093013368958,0.24422368844381315,0.2444171482892484,0.24448273930425773,0.2444964902300447,0.2445400337358615,0.24451406446026647,0.24450024362387443,0.24455062172947048,0.24456365492755403,0.24436097333663465,0.23457758299988543,0.24062212470926897,0.2321500798395997,0.2417698649257496,0.22819633338570192,0.2500000000000001,0.2338711158272851,0.242354391600244,0.24455277541114984,0.2444887899511955,0.24000042258364554,0.23058384007058763,0.23559561134500226,0.22990145592718383,0.23248763557410557,0.22775613722334423,0.23088324499779278,0.2338381255863835,0.24395199541596524,0.24447114768797087,0.2385489573526188,0.23196007988684017,0.23183055895512272,0.2290699872137052,0.23369498573140327,0.2310348094444444,0.23688591965468947,0.2348332106072677,0.24413843071854044,0.24435895641323174,0.231301864575418,0.23914019405926168,0.2271815393449734,0.24139903040105132,0.22729472774067744,0.23964625795735997,0.23629827769433775,0.24311725544144097,0.24456420113630567,0.24455616963592025,0.24425151736855388,0.24433725414588656,0.24453192685236227,0.24448189393344338,0.2445399521689679,0.24453954323948232,0.2444710409678819,0.24454590157133513,0.24455782735599724
0.23926270915161352,0.2389523148706471,0.23914164532021603,0.23920577432483356,0.23921904171190903,0.23926183056749037,0.23923514432413578,0.23922285768625057,0.23927210684788291,0.239284943097021,0.23908710932539268,0.22924235684301508,0.23529833544000903,0.226817210016854,0.2364085731500184,0.2231813114655256,0.2338711158272851,0.24999999999999975,0.23704179318979976,0.23927417675437068,0.23921193055548692,0.2348363428035206,0.22522777798506916,0.23037350482382635,0.2247712443515308,0.22698590468354868,0.22265046521004864,0.22537052537614433,0.22874164569312744,0.23869064526346195,0.23919587847601473,0.23332806271630252,0.2271298017489279,0.22685299940575798,0.22447548536084452,0.22851656654944635,0.22597756170214553,0.23176618463746398,0.22977238152439877,0.23886920627017033,0.23908435300281977,0.22634304170330247,0.234009534367812,0.222253414920077,0.23617402930789844,0.22235630606642218,0.23446828616035284,0.23118611843433648,0.23787000610504203,0.23928549283719314,0.2392776197097088,0.23897953935107455,0.23906330449172314,0.2392538997895515,0.2392050512504925,0.2392617522804412,0.2392614859542146,0.23919432849277947,0.2392675615149869,0.23927924166085116
0.2477096057221592,0.24738825332575298,0.24758400602917968,0.24765066087637264,0.24766541549593768,0.24770869291617678,0.24768266897041882,0.24766838582124356,0.2477194699863431,0.24773262558029685,0.24752734669005894,0.2375834782073329,0.24381315618133093,0.23528888217888144,0.24499793871703798,0.23137461967659198,0.242354391600244,0.23704179318979976,0.24999999999999994,0.2477214740852586,0.24765741378150238,0.24306843984935897,0.2335165360164839,0.23868824134667427,0.23294795091109388,0.23556199525142815,0.2307491524692911,0.2339151154982732,0.23687396517067236,0.2471139851671364,0.24763900080521728,0.24163578472399846,0.2349790446914585,0.2348687140135892,0.2320873147520212,0.23674156191980578,0.23404014617417754,0.23996844466250317,0.23789786885080216,0.24730198050283989,0.24752522531665616,0.23433790974937557,0.24225882260279819,0.2301738093003125,0.24453307964497759,0.23024675997339467,0.24275239292957107,0.23935966944532172,0.24626795710183025,0.24773318196081642,0.24772504270790022,0.2474164427891716,0.24750334661984524,0.24770048580442303,0.24764981617568815,0.2477086150869446,0.24770821373641416,0.24763881095744947,0.247714640625521,0.24772672189274583
0.24995572539144228,0.24963145911555082,0.2498288895837394,0.24989624606021585,0.24991127082210404,0.2499548016283231,0.24992824314798393,0.24991411812581657,0.2499656750240634,0.24997895416415217,0.24977197152371672,0.23967791064112717,0.2459521024270755,0.23730533646044272,0.24706759469013326,0.23359628657383263,0.24455277541114984,0.23927417675437068,0.2477214740852586,0.24999999999999997,0.24990289108652483,0.2452079248018572,0.23548068572534228,0.24073726899241704,0.23497262809328684,0.23754402584103565,0.23283067864691637,0.23599157763146725,0.23902341699847834,0.24935577180716506,0.2498845428153171,0.243823050765623,0.23710516871879847,0.23700285406409374,0.23421947435021462,0.2388939565618844,0.2361714135901138,0.24215255150803053,0.24006495690405993,0.24954450021922855,0.2497696226554017,0.23648415711988494,0.24446821032427982,0.23228656952090038,0.246753060905242,0.2323410213296579,0.24495366142362238,0.24153222449694625,0.24850123406341382,0.2499795200549088,0.24997130237553938,0.24965990392398177,0.2497476593983432,0.2499465227956929,0.24989541427175882,0.24995472577515127,0.24995434147451573,0.2498842886920073,0.24996080400818027,0.24997299676379137
0.2498910197088942,0.24956683737535199,0.2497642152251134,0.24983155577499772,0.24984659432245213,0.24989009612388968,0.2498635433066232,0.24984942280587116,0.2499009667499467,0.2499142424724306,0.24970731506367558,0.23961611539573183,0.24589052981679155,0.23724436141443006,0.24700434379458783,0.2335372656710067,0.2444887899511955,0.23921193055548692,0.24765741378150238,0.24990289108652483,0.25,0.2451462620578038,0.2354213425931868,0.24068192276962594,0.23491869746431865,0.23749432731431752,0.2327821027583173,0.2359339212343285,0.23896493727377102,0.2492911965193426,0.24981984452958483,0.24376013360784285,0.23704605127022427,0.23694276671014705,0.23415938782228032,0.23883566659709032,0.23611299836996696,0.24209190587018828,0.24000348166648275,0.24947989762661565,0.24970496536202455,0.2364228700900591,0.2444048747413694,0.2322269733364032,0.24668946094602623,0.2322811641367768,0.24489042665977687,0.24147013224504574,0.24843693027417724,0.24991480816798206,0.24990659265944415,0.24959527480131083,0.24968300673142613,0.24988181949103727,0.2498307241432898,0.24989002035117044,0.24988963648136314,0.24981960150219099,0.249896097092093,0.24990828661022793
0.24519521002015474,0.24487711953634958,0.2450711117328126,0.24513686349862934,0.24515116321066452,0.24519430905608205,0.24516753641430097,0.2451543769874085,0.24520487511699177,0.24521799551336096,0.2450151515992363,0.23493000420348592,0.24136651262617526,0.23283020120316578,0.24240919712588152,0.22938774748351068,0.24000042258364554,0.2348363428035206,0.24306843984935897,0.2452079248018572,0.2451462620578038,0.24999999999999992,0.23073383832051514,0.23644303100150493,0.23129865626147406,0.2340067043617317,0.22933489995909523,0.23209605184290769,0.23466729987546822,0.24460228680840285,0.24512618882920478,0.23907759495103809,0.2325029747273215,0.2324012553011559,0.23004795736201195,0.23428788634938286,0.23191826571070837,0.23758664083440315,0.23554802514767745,0.2447912683014826,0.24501271925030135,0.2319106626593288,0.23977530426132648,0.2277525499439886,0.24202670160241585,0.2278254361384221,0.24028387871371362,0.2368718090624759,0.24376903813007253,0.24521852219554102,0.24521049012066054,0.24490502236524617,0.2449904994210835,0.24518618225496897,0.2451359374122682,0.24519422941872923,0.24519376440807047,0.24512513386648546,0.24520019463468198,0.2452121524517149
0.23546884065743384,0.23516336814253622,0.23534965842902472,0.23541280861757963,0.23542576385105995,0.23546797558808108,0.23544175224641506,0.235429625311705,0.23547809647179677,0.2354907221294501,0.23529603156971546,0.2254738614914132,0.23161466697563157,0.22318398732632913,0.23268232937168948,0.21979257104480085,0.23058384007058763,0.22522777798506916,0.2335165360164839,0.23548068572534228,0.2354213425931868,0.23073383832051514,0.2499999999999998,0.226258398756884,0.22180282892100142,0.2251917657501538,0.22318535859804436,0.22499313092285236,0.22655227403441236,0.23487969170810266,0.23540172339851193,0.22953493952298376,0.22262357529632967,0.22304936082395077,0.2217138710796535,0.22557644426631304,0.22496384219549656,0.22877702234417877,0.22701027532580328,0.23507802914849657,0.23529413578423017,0.2223770152244091,0.23024115588724378,0.21843724514710844,0.23242142364220514,0.21868572160285055,0.23079000307056374,0.22748614423837735,0.2341076838513406,0.23549112716831577,0.23548351384713642,0.23519016172838894,0.23527036206000934,0.23546016920808205,0.23541155424355856,0.23546789886019887,0.23546719471723807,0.2354015442793472,0.2354736663587459,0.23548511101898348
0.24072542890618567,0.24041313704641143,0.24060387395410948,0.24066814601139253,0.2406821382218967,0.24072454892806616,0.24069791545010139,0.24068532760258257,0.2407348479934955,0.24074779829061188,0.24054878090240142,0.2307443426045066,0.23710983582900752,0.2280928746316674,0.23803635598189182,0.22473014026952626,0.23559561134500226,0.23037350482382635,0.23868824134667427,0.24073726899241704,0.24068192276962594,0.23644303100150493,0.226258398756884,0.25000000000000006,0.22575275967049177,0.22924259104572367,0.22716710137204105,0.22974221880677959,0.2312759902782795,0.24013327654401304,0.24065724205389935,0.2347106452753167,0.2284587120713449,0.22827681348813172,0.2255761719216751,0.2302279476507181,0.22876940930788855,0.23368900653628247,0.23174234990656054,0.24032760996701877,0.240546476894031,0.22759634113223476,0.2354299863192658,0.22357475772013097,0.23762271186461287,0.22361902634927414,0.23590134763730838,0.23253875141338617,0.23932599795308368,0.24074826419402404,0.2407404300370069,0.24044052987653453,0.24052350875776782,0.2407165647384475,0.24066704530927815,0.240724466129065,0.24072387860674,0.24065663020684358,0.24073033440514033,0.2407420624860327
0.23495900480247903,0.2346541936950118,0.2348398925454833,0.23490309408289323,0.2349176932673369,0.23495813474781274,0.2349317671206037,0.23491983166326172,0.23496823378036863,0.23498083955131174,0.23478682358243486,0.22503299652025666,0.23136739001675802,0.22257501890322692,0.23220381521004987,0.2191292708899374,0.22990145592718383,0.2247712443515308,0.23294795091109388,0.23497262809328684,0.23491869746431865,0.23129865626147406,0.22180282892100142,0.22575275967049177,0.24999999999999972,0.22254934027190285,0.22047935977508515,0.22473801797433846,0.22680576717887632,0.23437419179040916,0.23489254525797482,0.2295317723454008,0.224069391186778,0.22276721457416696,0.21924932055288773,0.22457266671170792,0.2241813457684916,0.22842818371082627,0.22717983132150837,0.23456897877073096,0.23478436089761298,0.22231874532982018,0.2299297428763136,0.21832867568063008,0.23199284884801305,0.21829714122223118,0.23029952642330923,0.227057204081962,0.2336011486237205,0.2349812504006984,0.23497364622623565,0.23468092777300678,0.2347613456997698,0.23495035195951505,0.2349018879719949,0.23495806503730868,0.23495742417734714,0.23489185413344862,0.23496382010816685,0.23497523993553085
0.23753062789383292,0.2372224806329665,0.2374114518954928,0.23747410523218626,0.23748636482911384,0.23752977645620754,0.23750350877965926,0.23749108836947483,0.23753980598108373,0.23755269846697027,0.23735637057537476,0.22763914618531392,0.2340133654252911,0.2254301046311452,0.23489584173678907,0.2211972681968994,0.23248763557410557,0.22698590468354868,0.23556199525142815,0.23754402584103565,0.23749432731431752,0.2340067043617317,0.2251917657501538,0.22924259104572367,0.22254934027190285,0.24999999999999978,0.22041999648451385,0.22408321333893597,0.22712694606896544,0.23694904610593484,0.23746597726201138,0.2318687940046428,0.2270838460316327,0.22570148408831214,0.22258225878133042,0.22669628911582496,0.2242619425733203,0.22992180627204536,0.2282639150402511,0.2371382386322945,0.23735416970375006,0.22455381113786493,0.23229282685987437,0.22048479705261081,0.23442486036245166,0.22062000581107258,0.23273275460276835,0.22941744666969285,0.2361421979247353,0.23755314856598678,0.23754542980384027,0.237249506566334,0.23733070961110442,0.2375218807800151,0.237473037328508,0.2375296778667011,0.23752913487025237,0.23746274226160907,0.23753545912146004,0.23754704072019345
0.23281806243213476,0.2325160287581836,0.2327003352520868,0.23276266117005456,0.23277621987812352,0.23281720665047387,0.23279070117171652,0.2327792507312265,0.23282714813371774,0.2328396973680628,0.23264746231939745,0.22294392067009297,0.22916953463034428,0.220852486162894,0.230054856064933,0.21712666655203677,0.22775613722334423,0.22265046521004864,0.2307491524692911,0.23283067864691637,0.2327821027583173,0.22933489995909523,0.22318535859804436,0.22716710137204105,0.22047935977508515,0.22041999648451385,0.2499999999999998,0.21886134790121525,0.22241467596005624,0.23224193042216162,0.2327536136334296,0.2278366268925787,0.22389941573455532,0.2238806504959728,0.22101011164877207,0.22239163481356872,0.21906505687592537,0.22524840433798848,0.22347148093222136,0.2324325141460866,0.23264476869113573,0.22027373919168206,0.2277688713724885,0.21674958334336006,0.22986281892749202,0.21610474157244666,0.22822476796000032,0.22480135404976306,0.23148456203213577,0.23284013047187285,0.23283257053224574,0.23254251897139266,0.23262177842819828,0.23280948864082443,0.2327615363396052,0.23281713124747627,0.232816573417281,0.23275152365114166,0.23282282789076006,0.23283414963093604
0.2359805664321402,0.2356744300580294,0.2358617864818503,0.23592441262229347,0.23593709918530684,0.23597971418550914,0.23595432653064857,0.23594130306680083,0.23598979332829959,0.23600249403855778,0.2358069872872024,0.22631373539198874,0.2324532574329252,0.22475113101880004,0.23337852257842548,0.2203067535725052,0.23088324499779278,0.22537052537614433,0.2339151154982732,0.23599157763146725,0.2359339212343285,0.23209605184290769,0.22499313092285236,0.22974221880677959,0.22473801797433846,0.22408321333893597,0.21886134790121525,0.2499999999999998,0.22505555485432502,0.2353923160129063,0.23591566404700903,0.2305313415427236,0.22539727163619683,0.22580003851755265,0.22287863713800907,0.2254543919263806,0.22245671259643773,0.22822853711750296,0.2263452441775201,0.23558942091793397,0.23580539989439162,0.22280654424529542,0.23064187381827556,0.21879467699399835,0.23286831489171814,0.21898904112872156,0.2312569556352765,0.227886920966169,0.23460893434174646,0.23600290810122104,0.23599527149727464,0.23570127873612512,0.2357813372564672,0.23597187579737494,0.23592323413314226,0.235979622574944,0.2359790089001908,0.23591312380729254,0.23598538788915355,0.23599687215277812
0.23901177116260378,0.23870170242219924,0.2388906321147959,0.2389548960488942,0.23896884822278447,0.2390108893711776,0.23898462161419143,0.23897196184791245,0.23902120805969634,0.23903398239732904,0.2388363384686359,0.2289575035381203,0.23511663081410306,0.22663621739971576,0.23617565409401128,0.2231397253491621,0.2338381255863835,0.22874164569312744,0.23687396517067236,0.23902341699847834,0.23896493727377102,0.23466729987546822,0.22655227403441236,0.2312759902782795,0.22680576717887632,0.22712694606896544,0.22241467596005624,0.22505555485432502,0.24999999999999975,0.23842074643823774,0.2389448708206274,0.23339707675159924,0.22811294423079495,0.22854165452609443,0.22663785287391533,0.2289795060850922,0.22578266140145567,0.2314032412589596,0.22914677117561036,0.23861669957704312,0.23883397944562648,0.22602602495744675,0.2337941039939786,0.22231541465563068,0.2359528154619592,0.22198235493474677,0.23426239206028343,0.2308604623390938,0.237633446678801,0.23903444264229176,0.2390266654311982,0.23872889829187482,0.2388109440797853,0.23900296976272625,0.23895381907550162,0.23901081522793985,0.23901027379777637,0.23894346223053312,0.23901664909775955,0.23902828633259715
0.24934393290093831,0.24902046030029598,0.2492174136658031,0.24928459915152706,0.24929954989461164,0.24934301152394203,0.24931649234933986,0.24930242731944005,0.24935385611995722,0.2493671047965772,0.24916063144241676,0.23908600676791059,0.2453452286144762,0.2367138499468208,0.24646056240331835,0.2330219414219075,0.24395199541596524,0.23869064526346195,0.2471139851671364,0.24935577180716506,0.2492911965193426,0.24460228680840285,0.23487969170810266,0.24013327654401304,0.23437419179040916,0.23694904610593484,0.23224193042216162,0.2353923160129063,0.23842074643823774,0.24999999999999964,0.24927295451475187,0.24321770201685075,0.23652390835877413,0.23641455902462852,0.23364948794656007,0.23829633093528158,0.23558484260313056,0.2415506276977438,0.23947532038134914,0.24893372123077645,0.2491582788385433,0.23590328312145453,0.24386886740392677,0.23171412154248544,0.24614801119480711,0.23177002526632848,0.24435296819847152,0.24093979931640205,0.2478927482666737,0.24936766830800983,0.24935947174974132,0.24904883533046898,0.24913634905684653,0.24933475279559617,0.24928376858706733,0.24934293572967542,0.24934255272038794,0.2492726710502555,0.24934899898419005,0.24936116199981778
0.24987266854124612,0.24954851001457923,0.2497458770472487,0.24981320897418363,0.2498282198358001,0.24987174513329,0.24984519187432533,0.24983107515284242,0.24988261441501872,0.24989588958895118,0.24968897578560154,0.23959802384142193,0.24586986705015415,0.23722573162335683,0.24698542362664339,0.23351914862799414,0.24447114768797087,0.23919587847601473,0.24763900080521728,0.2498845428153171,0.24981984452958483,0.24512618882920478,0.23540172339851193,0.24065724205389935,0.23489254525797482,0.23746597726201138,0.2327536136334296,0.23591566404700903,0.2389448708206274,0.24927295451475187,0.24999999999999967,0.24374112175667803,0.23702974019210368,0.2369273525364207,0.23415389624995334,0.238814625740099,0.23609835064888532,0.24207202842188968,0.23999120519795192,0.24946157811525688,0.2496866267031858,0.2364065620901824,0.2443876307685875,0.23220972222630962,0.2466706521603134,0.23226334340148205,0.24487165021800605,0.2414516383631872,0.2484185639271061,0.24989645482771594,0.24988824034506132,0.24957694533323868,0.24966466329396078,0.24986346899090497,0.24981237619498012,0.24987166925646867,0.24987128448148585,0.2498012555792773,0.2498777453048955,0.24988993417455588
0.24381141688649868,0.2434951215904028,0.24368781354139601,0.24375339965164988,0.24376746086871345,0.24381051857393823,0.2437844077065095,0.24377083737488345,0.24382109580448502,0.2438340742968176,0.24363217298922513,0.2337131691656214,0.2398589219979383,0.23135002514406314,0.24095421372806286,0.22770068191242662,0.2385489573526188,0.23332806271630252,0.24163578472399846,0.243823050765623,0.24376013360784285,0.23907759495103809,0.22953493952298376,0.2347106452753167,0.2295317723454008,0.2318687940046428,0.2278366268925787,0.2305313415427236,0.23339707675159924,0.24321770201685075,0.24374112175667803,0.24999999999999967,0.23096582643324162,0.23125833449192543,0.22918986051720627,0.23399179368708617,0.23146219205146917,0.23697536563795712,0.23457902807106487,0.2434079269812599,0.24363063623609466,0.2303466004167238,0.23850219570254577,0.22649084701553002,0.2406960021337607,0.22659578025305346,0.2390130901727325,0.23562370878637012,0.24241041797641277,0.24383457385287255,0.24382661054672064,0.24352286650326108,0.2436072688324991,0.24380243962087106,0.24375237837704625,0.24381044179737807,0.24380992037098623,0.2437417362205428,0.2438164013638615,0.24382826370109936
0.23709300190461488,0.23678542237369146,0.23697307300999176,0.23703658338021558,0.2370494201253033,0.23709213248091768,0.23706565100282173,0.23705351766475946,0.23710231357477451,0.23711503407360063,0.23691896240865107,0.2271143544635776,0.23317750747745544,0.22480450448091469,0.23427444260480715,0.2214818746601989,0.23196007988684017,0.2271298017489279,0.2349790446914585,0.23710516871879847,0.23704605127022427,0.2325029747273215,0.22262357529632967,0.2284587120713449,0.224069391186778,0.2270838460316327,0.22389941573455532,0.22539727163619683,0.22811294423079495,0.23652390835877413,0.23702974019210368,0.23096582643324162,0.24999999999999972,0.22414165005353495,0.22300478553769015,0.2275875742565792,0.22686357295994863,0.23126101805473612,0.22902248823757562,0.23669871929081102,0.23691674099550591,0.22391177196813192,0.2317646663656847,0.2197961490370061,0.23398195083382906,0.22003440967111842,0.23243771206680902,0.22894268725061206,0.235741276671629,0.23711546511485743,0.23710777644125164,0.23681240128100117,0.23689327749956654,0.23708427098763177,0.23703538980920394,0.23709205363550612,0.23709140263932524,0.2370252413621439,0.23709783056793662,0.23710938449201435
