x1,x2,x3,x4,x5,x6,x7,x8,x9,x10,x11,x12,x13,x14,x15,x16,x17,x18,x19,x20,x21,x22,x23,x24,x25,x26,x27,x28,x29,x30,x31,x32,x33,x34,x35,x36,x37,x38,x39,x40,x41,x42,x43,x44,x45,x46,x47,x48,x49,x50,x51,x52,x53,x54
0.25,0.22043440447624066,0.1926869760932748,0.22043413267505238,-0.17405735607587036,0.22043425614690773,-0.21218525363155943,0.2204352191699876,0.2477147892213206,-0.17040576152127895,0.22035684374992526,0.19008187360043532,-0.2069935131441298,0.22043556980241621,-0.2202467545121624,0.22043761251473146,0.2204371543901876,-0.21536907415519355,0.22043752119878446,-0.21820903266414185,-0.21378721395906378,-0.2102174173999381,0.2204359110940206,0.22160724897431391,0.22043567113148677,0.19844168456885394,0.19303294784642686,-0.212255162672996,-0.21164303452015984,0.18440062133297344,-0.17988811257113207,0.18690690207319577,-0.20686461023282873,-0.20646491136232986,-0.21575214064931011,-0.2357558591542354,-0.21614596309337697,-0.19241530112433067,-0.18608191976257313,-0.21616580104288988,0.219558092564407,-0.21015268192457504,-0.21514300509728043,-0.1752830268566288,-0.21228332067160083,-0.2179715181428348,0.21759765770485004,-0.21057548992546912,0.215016380779017,-0.21390747468373214,-0.1819200718217917,-0.21721631150654477,0.21261738686587958,-0.2173942270953452
0.22043440447624066,0.24999999999999994,0.22199949809768982,0.2499928010885793,-0.20270503885319505,0.24999291859181025,-0.2410183318873737,0.24999419308945964,0.22063540385681613,-0.19926774680875883,0.24990856368225,0.21942700307550084,-0.23592640570264076,0.24999433585127384,-0.24958947418934613,0.2499966425963448,0.24999621525928317,-0.24481658992647576,0.24999655309730162,-0.24771180872618115,-0.24228129898583625,-0.2387558733051212,0.2499946966563289,0.24876332443465043,0.2499944634373557,0.227759228303478,0.2222878371080115,-0.23810655161130354,-0.23751165924757464,0.21379589088799192,-0.20290408116803973,0.21629918144651292,-0.23591522923989613,-0.23571207377846812,-0.2447087289283274,-0.2077503179485854,-0.24513505888303588,-0.22007059280575011,-0.21338018342281076,-0.24515623213148333,0.24911324917206298,-0.23875409150446394,-0.2441913955908652,-0.20431608860480105,-0.24179172928376483,-0.2471451157342572,0.2471278521137148,-0.23932275515043658,0.24455437422728576,-0.2432339727675192,-0.21102703896499936,-0.24652416545423858,0.24214458689310944,-0.24661642606983392
0.1926869760932748,0.22199949809768982,0.2500000000000002,0.22199870290967874,-0.17626387640053032,0.22199902538269534,-0.21369870418381862,0.22200020106190957,0.19292813437481943,-0.17216927097766976,0.22196342496344096,0.19157127452383,-0.20885792032733008,0.2220003170284582,-0.22174072253591076,0.22200236358474856,0.22200198876569682,-0.21700424596419235,0.22200227336696096,-0.21980903428506443,-0.21489864293353098,-0.21129813586640878,0.22200064717824378,0.22077729288296458,0.22200042955796445,0.23876246027272208,0.19444032824253094,-0.21124530914476627,-0.2108593879667455,0.18580553613232126,-0.17812904624770423,0.18924258120112125,-0.20980333570530565,-0.20934036298340616,-0.2172591197306503,-0.18239171981765945,-0.21769768271809914,-0.2428636078536209,-0.18590238770098721,-0.21767579181113927,0.2211442829814947,-0.21217186118695056,-0.2247692207706736,-0.18274944853774697,-0.2150353438935767,-0.2192117540367937,0.21922222241918723,-0.2125668790416542,0.21662241670561005,-0.21623273517435784,-0.1852143005311762,-0.218915431276783,0.21418376905934502,-0.218940928405895
0.22043413267505238,0.2499928010885793,0.22199870290967874,0.2500000000000002,-0.20270424526960193,0.24999232300961016,-0.2410177659087685,0.2499935975141146,0.22063535409601226,-0.1992669157535787,0.24990796776367624,0.21942990118366976,-0.2359257466162774,0.24999374027452814,-0.24958889283522612,0.2499960470148458,0.24999561967802217,-0.24481596635676078,0.24999595751522913,-0.24771120852801243,-0.24228071256632364,-0.23875525747991388,0.2499941010796568,0.2487627535824173,0.24999386786086308,0.22775847967094992,0.2222900945672487,-0.23810601360103442,-0.23751110859342422,0.21379502429370362,-0.20290353549533663,0.21629834450716817,-0.23591466951051746,-0.2357115101650178,-0.24470814987320805,-0.20775035776841538,-0.24513447255973891,-0.2200698343058788,-0.21338320962482393,-0.24515564977326398,0.24911264886814305,-0.23875353756723114,-0.24419079495415025,-0.20431539870842802,-0.241791125914285,-0.24714452913542947,0.24712724350684712,-0.23932220569733278,0.24455374038033748,-0.24323339439898548,-0.21102651713403245,-0.24652378221728685,0.24214392921976866,-0.24661590135254208
-0.17405735607587036,-0.20270503885319505,-0.17626387640053032,-0.20270424526960193,0.25000000000000033,-0.20270444293883386,0.19769689878952867,-0.20270566290444758,-0.17420441684551707,0.16894084859869565,-0.20265381585216888,-0.17610797736098074,0.1908163676441051,-0.20270576972103685,0.20240348437187855,-0.20270762619137644,-0.20270728719162917,0.19811882454636434,-0.20270755622448836,0.20449326252857755,0.19655945747605874,0.19327261907391602,-0.20270604365633288,-0.2015093682370508,-0.20270586085635967,-0.1811668692212448,-0.17859824229042662,0.1928000307052973,0.1923580853882803,-0.1794157426894614,0.16492309105561467,-0.2350742474369913,0.19087273331458213,0.1910468402377574,0.1984173266182411,0.16394232928452285,0.19877364897779357,0.17490566231553484,0.17370168422828966,0.1987837414144077,-0.2018941368796183,0.19261485660791636,0.19753291113075053,0.16624119192862055,0.19468575492455237,0.20041157061972262,-0.20347441627396753,0.19303080058433972,-0.19751059212009978,0.19653816257865395,0.17172555990284663,0.19976448828797877,-0.19556404544067033,0.19992818918518662
0.22043425614690773,0.24999291859181025,0.22199902538269534,0.24999232300961016,-0.20270444293883386,0.2500000000000002,-0.24101786215416268,0.249993715018259,0.22063518498600337,-0.1992673145065287,0.2499080856915299,0.21942659206728618,-0.23592594863279354,0.24999385778098904,-0.24958899735709048,0.2499961645217082,0.24999573718514667,-0.24481611868199635,0.24999607502278587,-0.24771132523735204,-0.24228083670362535,-0.2387554173520376,0.2499942185854605,0.24876285729608283,0.24999398536681347,0.22775876035862272,0.22228741913315667,-0.2381061047668203,-0.23751121291287944,0.21379544320920138,-0.2029036969694192,0.2162986022876045,-0.2359147754094328,-0.23571161950537603,-0.24470826100229645,-0.20775011263298118,-0.24513459006175833,-0.22007013135485784,-0.21337978140825753,-0.24515576334319328,0.24911277285915828,-0.23875363658989482,-0.24419092196833364,-0.20431567751881938,-0.24179126778480087,-0.24714464348874893,0.24712737052438952,-0.23932229924016485,0.24455390679127423,-0.24323350758999346,-0.21102662155108165,-0.24652369458552814,0.2421441201075772,-0.24661595462662939
-0.21218525363155943,-0.2410183318873737,-0.21369870418381862,-0.2410177659087685,0.19769689878952867,-0.24101786215416268,0.2500000000000003,-0.2410190974896412,-0.21237946988273346,0.1913545795635714,-0.24093572667090438,-0.21161248038276387,0.2272232318742311,-0.24101923417832014,0.24062802855995877,-0.24102145696867905,-0.24102104554400144,0.23592160252845382,-0.2410213708352428,0.2407871404920182,0.23345425909284281,0.22997700511618824,-0.2410195804102389,-0.2398177905149606,-0.2410193561750381,-0.21926427317741748,-0.21427378242036463,0.22953578121674353,0.2289789688860381,-0.20541495434150556,0.19563428894956023,-0.2101368627798746,0.22744468550552785,0.22687631333131836,0.23592277835089256,0.1999607351497718,0.23633499241012504,0.21178395156113694,0.20589771008014726,0.2363555944721198,-0.24015150367416002,0.23012518037221633,0.2353577459122221,0.19699196208974162,0.23291411736827497,0.23827383908586802,-0.24222366828000416,0.23072872866953695,-0.23564730859012642,0.23531254452070346,0.20351690970161307,0.23767411771541783,-0.2332913281631222,0.2377599894219251
0.2204352191699876,0.24999419308945964,0.22200020106190957,0.2499935975141146,-0.20270566290444758,0.249993715018259,-0.2410190974896412,0.2500000000000003,0.22063614974726498,-0.19926835609874344,0.24990935983328094,0.21942770575194853,-0.23592715308518739,0.24999513228244896,-0.24959026944115825,0.24999743903487237,0.24999701169637473,-0.24481736719299135,0.2499973495355275,-0.24771259674901924,-0.24228207105334992,-0.2387566334064635,0.2499954930886695,0.24876411865566006,0.24999525986892773,0.22775995063076926,0.2222885483409943,-0.23810731147182349,-0.23751241710227858,0.21379655263725544,-0.2029047276823236,0.21629985152558093,-0.23591598024859328,-0.23571282454427786,-0.24470950853303014,-0.20775102313519786,-0.24513583983537793,-0.2200712901286481,-0.2133808664984289,-0.24515701314598418,0.24911404278973173,-0.2387548522935743,-0.2441921730464198,-0.2043167345617939,-0.24179249946361478,-0.24714590315693105,0.24712863821945188,-0.239323517882581,0.2445551525188585,-0.24323474747243423,-0.21102770726333,-0.2465249510928428,0.24214535479504118,-0.2466172118169032
0.2477147892213206,0.22063540385681613,0.19292813437481943,0.22063535409601226,-0.17420441684551707,0.22063518498600337,-0.21237946988273346,0.22063614974726498,0.2500000000000002,-0.1705711613108578,0.220557602987283,0.1902332257497589,-0.20718606221980582,0.2206364984959046,-0.22044777354334108,0.2206385430508073,0.220638084495858,-0.21555284153948776,0.22063845165505253,-0.21841808397532442,-0.21397685778911033,-0.21040148142975795,0.2206368400923188,0.22181113335759675,0.22063659988585527,0.19865940113781885,0.1931893786895397,-0.21245102879252567,-0.21183843979414035,0.18449906906934688,-0.18005196607190352,0.18707441466932054,-0.20705258584116026,-0.20663794648797348,-0.21594870950454606,-0.23598581266762877,-0.21634297924867724,-0.1926378707597013,-0.1862304014151721,-0.21636282491245007,0.21975754394242286,-0.21034309621071784,-0.21534597111671383,-0.17544386331154885,-0.2124723901476909,-0.21816993688391495,0.2178159423075134,-0.2107673282539461,0.21520625102229055,-0.21411051728314467,-0.1820858054633434,-0.21741323429260756,0.2128046537324599,-0.2175919467337718
-0.17040576152127895,-0.19926774680875883,-0.17216927097766976,-0.1992669157535787,0.16894084859869565,-0.1992673145065287,0.1913545795635714,-0.19926835609874344,-0.1705711613108578,0.25000000000000006,-0.1992243918506781,-0.17389140316419005,0.1948112136147704,-0.19926844093072943,0.19892952145529527,-0.19927028241219086,-0.19926995021667926,0.20320630795693784,-0.1992702136939383,0.19718620915434978,0.19299364084299842,0.19166312591773527,-0.19926872966781545,-0.19806663590725015,-0.19926854719116252,-0.1779872102576233,-0.1756554858599241,0.18951999787665713,0.18905972095520415,-0.23379729880200956,0.16276511082579576,-0.1782982830071761,0.18783403090315687,0.1864661878824816,0.1950739751401666,0.1606096454843458,0.1953925874920128,0.172457161559304,0.17027637415672617,0.19541825412819222,-0.19847207938005743,0.19004564614516972,0.19430672063067383,0.16350440696705043,0.19222379562196446,0.19701212450424557,-0.1965796961443879,0.1896687877157468,-0.19677968098367057,0.19265440191763902,0.16890403345351518,0.19638342902699846,-0.20083094389082537,0.1965359000650918
0.22035684374992526,0.24990856368225,0.22196342496344096,0.24990796776367624,-0.20265381585216888,0.2499080856915299,-0.24093572667090438,0.24990935983328094,0.220557602987283,-0.1992243918506781,0.25000000000000033,0.21934458701506548,-0.23584577371760326,0.24990950253960748,-0.24950484967908004,0.24991180849901667,0.2499113813113772,-0.24473387219156484,0.24991171902355191,-0.2476277573109328,-0.2421992716850566,-0.23867452574858525,0.24990986323049827,0.24867878444126804,0.24990963008050926,0.22771177586439356,0.22220584200519677,-0.23802557766303165,-0.23743099462202075,0.21374271124558963,-0.20283410269359492,0.21624163465612573,-0.23583529424478003,-0.2356318669777277,-0.24462565301019681,-0.20767764143114267,-0.24505188473492073,-0.22003482671282049,-0.21330041211698914,-0.24507301121772535,0.24902867614726537,-0.23867291457153916,-0.24411480757493895,-0.20424805092908938,-0.24170976705920547,-0.2470610574997311,0.24704364467039372,-0.23924117593055122,0.2444709096415197,-0.2431512756888516,-0.21095421357768018,-0.2464402390713207,0.242062071625449,-0.24653260479054193
0.19008187360043532,0.21942700307550084,0.19157127452383,0.21942990118366976,-0.17610797736098074,0.21942659206728618,-0.21161248038276387,0.21942770575194853,0.1902332257497589,-0.17389140316419005,0.21934458701506548,0.2500000000000003,-0.20620433716426456,0.21942780700118947,-0.2192416788719774,0.2194298424335345,0.21942947240510893,-0.21448598420644271,0.2194297548688627,-0.21729553688100767,-0.21252211104100457,-0.2090085718720332,0.21942813377426942,0.21819917455704033,0.21942793104202266,0.19741546391480522,0.2390089860999864,-0.2089848762899291,-0.20825644722779071,0.18385438237740556,-0.1770170955736491,0.18573341859980358,-0.20733240949446022,-0.20719305909684552,-0.21485677951313548,-0.1803596349983195,-0.21513028427788142,-0.19007116772061733,-0.24185379703317547,-0.2152109286163932,0.21857031955250691,-0.20986981409518346,-0.21410722990790385,-0.17715469858676364,-0.21201277611139463,-0.21694641906855167,0.21656693348552208,-0.21045633356362742,0.21406701849013413,-0.21357509043663844,-0.18579210110319472,-0.21955334712465974,0.2117439518857037,-0.2174037302379475
-0.2069935131441298,-0.23592640570264076,-0.20885792032733008,-0.2359257466162774,0.1908163676441051,-0.23592594863279354,0.2272232318742311,-0.23592715308518739,-0.20718606221980582,0.1948112136147704,-0.23584577371760326,-0.20620433716426456,0.2500000000000003,-0.23592728274049968,0.23553932090172064,-0.23592945959634645,-0.2359290579734096,0.2394104005455852,-0.2359293757259181,0.2336859650712574,0.2284589956512647,0.22498608111178617,-0.235927622599201,-0.2347217912640405,-0.2359274034210388,-0.21433028191258344,-0.20895411201358693,0.22465527287059292,0.2240974096002821,-0.20886344673367843,0.19154696412484137,-0.20300383043996562,0.2219668329446953,0.2223660940480013,0.2309408599840444,0.19508083879085947,0.23134090207114189,0.207179792682314,0.20048491478599587,0.2313639788688467,-0.23506973440226545,0.22523479932642654,0.23036420272132407,0.19293362904629902,0.22837222468308388,0.2332397583124325,-0.2331213820747155,0.22579638722566425,-0.23055027198536512,0.22955967506737224,0.1992854203014784,0.2325879101503678,-0.24215518609768544,0.23271910929662346
0.22043556980241621,0.24999433585127384,0.2220003170284582,0.24999374027452814,-0.20270576972103685,0.24999385778098904,-0.24101923417832014,0.24999513228244896,0.2206364984959046,-0.19926844093072943,0.24990950253960748,0.21942780700118947,-0.23592728274049968,0.25000000000000044,-0.24959041266662496,0.2499975818000581,0.2499971544609768,-0.24481750440496602,0.2499974923006109,-0.24771273805259794,-0.2422822101194908,-0.23875676847338123,0.24999563585280168,0.24876427019462388,0.24999540263278588,0.227760072247822,0.22228865474248063,-0.23810745702991193,-0.23751256198848272,0.213796653884182,-0.20290484836010675,0.21629997450002864,-0.23591611015910297,-0.2357129538203087,-0.2447096481857085,-0.20775135801929334,-0.24513597981870827,-0.2200714106722919,-0.21338097104753476,-0.2451571531358619,0.24911418465063104,-0.2387549869325302,-0.24419231195600005,-0.20431683197731948,-0.2417926336374341,-0.24714604448894115,0.2471287785181793,-0.23932365254879617,0.24455528946465577,-0.24323488390312004,-0.21102781091117975,-0.24652509071235545,0.2421454887403911,-0.24661735225809606
-0.2202467545121624,-0.24958947418934613,-0.22174072253591076,-0.24958889283522612,0.20240348437187855,-0.24958899735709048,0.24062802855995877,-0.24959026944115825,-0.22044777354334108,0.19892952145529527,-0.24950484967908004,-0.2192416788719774,0.23553932090172064,-0.24959041266662496,0.25000000000000067,-0.24959271572931926,-0.24959228882062126,0.24441945431394604,-0.24959262627415962,0.2473123783129321,0.24188952056885266,0.23836527704887328,-0.24959077301039437,-0.24836857859967618,-0.24959054002753275,-0.2274594286060144,-0.22206182285746426,0.2377294335891814,0.23713487782410536,-0.21342808906156635,0.2025715080654417,-0.21596988129930894,0.2355309995629949,0.23532706337642012,0.24431337201462724,0.20759301829340285,0.24473889702456844,0.2198109866250183,0.21321022248961746,0.24476014665311555,-0.2487098342890482,0.23836756247657565,0.24381448352710985,0.20396440559963216,0.24139664324259985,0.24674542237012426,-0.24672741152783276,0.23893488921427253,-0.24415335405507646,0.24283911120715804,0.21066753038596175,0.2461362030234276,-0.24174825844917672,0.246220841584729
0.22043761251473146,0.2499966425963448,0.22200236358474856,0.2499960470148458,-0.20270762619137644,0.2499961645217082,-0.24102145696867905,0.24999743903487237,0.2206385430508073,-0.19927028241219086,0.24991180849901667,0.2194298424335345,-0.23592945959634645,0.2499975818000581,-0.24959271572931926,0.25000000000000056,0.24999946123208172,-0.24481976353390614,0.24999979907484368,-0.24771502285537755,-0.242284445691187,-0.23875897142996935,0.24999794260991445,0.24876656594653665,0.24999770938773838,0.22776217222961,0.22229071468732042,-0.23810965444472856,-0.23751475386325424,0.21379862768292543,-0.20290671987920178,0.21630195241859462,-0.23591828687262523,-0.2357151283361566,-0.24471190616786395,-0.20775328572915672,-0.24513824172074855,-0.22007343968010976,-0.21338294953132367,-0.24515941524234205,0.24911648325415003,-0.2387571901430657,-0.24419456501826123,-0.2043187153173862,-0.24179486474644096,-0.2471483249676372,0.24713105807954244,-0.2393258609880807,0.2445575460038935,-0.2432371283154297,-0.2110297568938053,-0.24652736600636552,0.24214772305373494,-0.24661962799100484
0.2204371543901876,0.24999621525928317,0.22200198876569682,0.24999561967802217,-0.20270728719162917,0.24999573718514667,-0.24102104554400144,0.24999701169637473,0.220638084495858,-0.19926995021667926,0.2499113813113772,0.21942947240510893,-0.2359290579734096,0.2499971544609768,-0.24959228882062126,0.24999946123208172,0.2500000000000005,-0.24481934586484938,0.24999937173197617,-0.24771459976748977,-0.2422840313009279,-0.23875856378090576,0.24999751527017927,0.2487661372594119,0.24999728204845434,0.22776178658928237,0.2222903391341337,-0.23810924391691693,-0.23751434448716194,0.2137982688922836,-0.20290637156113273,0.21630158888575207,-0.23591788536243657,-0.23571472749891703,-0.24471148789815728,-0.20775285007195252,-0.24513782269542503,-0.22007306605090132,-0.2133825878341969,-0.24515899617919398,0.24911605757344576,-0.23875678257639507,-0.2441941478749482,-0.20431837355125723,-0.24179445282293813,-0.24714790242451745,0.2471306361389869,-0.23932545256518464,0.24455712892417564,-0.24323671339418307,-0.21102940254125266,-0.24652694483447848,0.24214731057282743,-0.2466192065193551
-0.21536907415519355,-0.24481658992647576,-0.21700424596419235,-0.24481596635676078,0.19811882454636434,-0.24481611868199635,0.23592160252845382,-0.24481736719299135,-0.21555284153948776,0.20320630795693784,-0.24473387219156484,-0.21448598420644271,0.2394104005455852,-0.24481750440496602,0.24441945431394604,-0.24481976353390614,-0.24481934586484938,0.25000000000000067,-0.24481967617023964,0.24254053364945774,0.23726551714421235,0.2337302087408795,-0.24481785778841694,-0.24359043642228417,-0.24481762967183107,-0.22271013464269276,-0.217266538536295,0.23314761295976483,0.23256811267921146,-0.21839143403293518,0.1987572608099317,-0.21124924029318587,0.23075880562441847,0.2306782665127602,0.2396429352013803,0.2029238970467715,0.24005871133405768,0.21523194604260037,0.20863810832229357,0.24007993827328072,-0.24394737055628718,0.23370902060170673,0.2391119807729564,0.2001648782924587,0.23664297752677094,0.24202821982115175,-0.24196136524765877,0.23426506987920792,-0.23938320413313532,0.23807761579531556,0.20672170529080236,0.24138955572839801,-0.24661178315264426,0.24150039967636291
0.22043752119878446,0.24999655309730162,0.22200227336696096,0.24999595751522913,-0.20270755622448836,0.24999607502278587,-0.2410213708352428,0.2499973495355275,0.22063845165505253,-0.1992702136939383,0.24991171902355191,0.2194297548688627,-0.2359293757259181,0.2499974923006109,-0.24959262627415962,0.24999979907484368,0.24999937173197617,-0.24481967617023964,0.2500000000000005,-0.24771493429786437,-0.2422843589807901,-0.23875888627282835,0.2499978531103273,0.24876647636969884,0.24999761988824543,0.2277620828370537,0.22229062817671308,-0.23810956866361888,-0.23751466832295637,0.21379855381845753,-0.2029066475552503,0.2163018775330767,-0.23591820257802354,-0.2357150442167625,-0.2447118185627608,-0.20775319827440553,-0.24513815396285354,-0.22007335033171682,-0.21338286417857766,-0.2451593274751118,0.2491163941281687,-0.23875710465432412,-0.2441944757597521,-0.2043186434864333,-0.24179477836856825,-0.24714823653435644,0.2471309698199556,-0.23932577532781973,0.24455745883024366,-0.24323704130699114,-0.2110296828284928,-0.2465272771752178,0.24214763693300773,-0.24661953955921811
-0.21820903266414185,-0.24771180872618115,-0.21980903428506443,-0.24771120852801243,0.20449326252857755,-0.24771132523735204,0.2407871404920182,-0.24771259674901924,-0.21841808397532442,0.19718620915434978,-0.2476277573109328,-0.21729553688100767,0.2336859650712574,-0.24771273805259794,0.2473123783129321,-0.24771502285537755,-0.24771459976748977,0.24254053364945774,-0.24771493429786437,0.2500000000000007,0.2400506027063078,0.23653465562936413,-0.24771309447387213,-0.24648369864217265,-0.24771286365834408,-0.2255297175055862,-0.22013223924699327,0.2359209995099272,0.2353328542852577,-0.21160686467549758,0.2010670404307542,-0.21824326259803986,0.2337454514534645,0.2334633746361414,0.24247546759121033,0.2056334374358092,0.24289822211956175,0.21791367738997194,0.21141403603591424,0.24291878924746577,-0.24683476858725376,0.23652843850321334,0.24194443796855428,0.20247948496065188,0.23951734228842284,0.244890171465642,-0.24812778645498182,0.23709262985442836,-0.24227846655823734,0.24097979834791863,0.20913044414835824,0.24426611060692602,-0.2398697426826067,0.2443627887903042
-0.21378721395906378,-0.24228129898583625,-0.21489864293353098,-0.24228071256632364,0.19655945747605874,-0.24228083670362535,0.23345425909284281,-0.24228207105334992,-0.21397685778911033,0.19299364084299842,-0.2421992716850566,-0.21252211104100457,0.2284589956512647,-0.2422822101194908,0.24188952056885266,-0.242284445691187,-0.2422840313009279,0.23726551714421235,-0.2422843589807901,0.2400506027063078,0.25000000000000033,0.2314662315388909,-0.24228255962455494,-0.24109557243361568,-0.24228233370509425,-0.22053646838154384,-0.21540415696446655,0.23080141766731757,0.23019254413778306,-0.20713730215521897,0.1965375670540646,-0.20983342919937475,0.2286259125346812,0.22852743048365529,0.2371588495094345,0.2017504945439881,0.23757264362824487,0.21304931732269033,0.20671720312811817,0.23759456503467857,-0.24283167775113088,0.23148001903451507,0.23660595586406172,0.19799407556502197,0.23572943525325304,0.23952193287403398,-0.23945865463346527,0.23170018915846652,-0.23706843803451264,0.23691168077647362,0.20453099213448578,0.23890937911722707,-0.23459694483306975,0.23900219800704797
-0.2102174173999381,-0.2387558733051212,-0.21129813586640878,-0.23875525747991388,0.19327261907391602,-0.2387554173520376,0.22997700511618824,-0.2387566334064635,-0.21040148142975795,0.19166312591773527,-0.23867452574858525,-0.2090085718720332,0.22498608111178617,-0.23875676847338123,0.23836527704887328,-0.23875897142996935,-0.23875856378090576,0.2337302087408795,-0.23875888627282835,0.23653465562936413,0.2314662315388909,0.2500000000000007,-0.23875711251150142,-0.23756781430648052,-0.23875689034560696,-0.21696854117633602,-0.21186853667543967,0.22739198256691034,0.22694452642001947,-0.20579399433451206,0.1938400211511934,-0.206257204500482,0.22531458799994034,0.22509524398885108,0.23370734740342236,0.1984805975085083,0.23411641603919153,0.20955550100068923,0.20330737611707708,0.23413694070221258,-0.2379066520940011,0.22760336122500124,0.23308795752313505,0.19515586902257512,0.23191312698517003,0.23603869620297319,-0.23594621721013007,0.22843730350566097,-0.244021176504801,0.23304591846919284,0.20161612437731216,0.23540322452150142,-0.2310843872134297,0.23551611169386258
0.2204359110940206,0.2499946966563289,0.22200064717824378,0.2499941010796568,-0.20270604365633288,0.2499942185854605,-0.2410195804102389,0.2499954930886695,0.2206368400923188,-0.19926872966781545,0.24990986323049827,0.21942813377426942,-0.235927622599201,0.24999563585280168,-0.24959077301039437,0.24999794260991445,0.24999751527017927,-0.24481785778841694,0.2499978531103273,-0.24771309447387213,-0.24228255962455494,-0.23875711251150142,0.25000000000000044,0.24876463021595566,0.249995763439488,0.2277604081785775,0.22228898379979323,-0.23810780159182576,-0.23751290573371212,0.213796962274352,-0.20290513989899567,0.21630026492667737,-0.2359164501860155,-0.23571329309372993,-0.24471000130979004,-0.20775168075940856,-0.2451363335977537,-0.22007173950476996,-0.21338128829318853,-0.2451575069104994,0.24911454412391076,-0.23875533155565923,-0.2441926661747174,-0.20431712414982042,-0.2417929824054861,-0.2471464011932814,0.2471291342142066,-0.2393239979350198,0.2445556420657656,-0.2432352348080462,-0.21102811265874025,-0.2465254471279708,0.24214583782900007,-0.246617708322192
0.22160724897431391,0.24876332443465043,0.22077729288296458,0.2487627535824173,-0.2015093682370508,0.24876285729608283,-0.2398177905149606,0.24876411865566006,0.22181113335759675,-0.19806663590725015,0.24867878444126804,0.21819917455704033,-0.2347217912640405,0.24876427019462388,-0.24836857859967618,0.24876656594653665,0.2487661372594119,-0.24359043642228417,0.24876647636969884,-0.24648369864217265,-0.24109557243361568,-0.23756781430648052,0.24876463021595566,0.25000000000000044,0.24876439666939634,0.2265360909571162,0.22106475797446762,-0.2370335014618866,-0.23643778668531776,0.21256708863467555,-0.20194762804256117,0.21507019490833082,-0.23470488964024602,-0.2344930180467197,-0.243503687468349,-0.20897907319871395,-0.24392869152898025,-0.21891728180581294,-0.21223903554138726,-0.24394981392187098,0.2478832004876224,-0.2375633902712767,-0.2429822001885092,-0.2031022389416222,-0.24056258083442478,-0.24593113215835744,0.24589814149356173,-0.23812589626986652,0.24332436916645037,-0.2420128299672096,-0.20981098433356155,-0.24530419137082263,0.24091495677186703,-0.24540024556345116
0.22043567113148677,0.2499944634373557,0.22200042955796445,0.24999386786086308,-0.20270586085635967,0.24999398536681347,-0.2410193561750381,0.24999525986892773,0.22063659988585527,-0.19926854719116252,0.24990963008050926,0.21942793104202266,-0.2359274034210388,0.24999540263278588,-0.24959054002753275,0.24999770938773838,0.24999728204845434,-0.24481762967183107,0.24999761988824543,-0.24771286365834408,-0.24228233370509425,-0.23875689034560696,0.249995763439488,0.24876439666939634,0.25000000000000044,0.227760187752257,0.22228877819025122,-0.23810757803560037,-0.23751268267184894,0.21379676547979157,-0.20290495082075705,0.21630006829127063,-0.23591623086654415,-0.23571307418975246,-0.2447097730832835,-0.2077514551328026,-0.24513610491299728,-0.22007152193243948,-0.2133810903391428,-0.24515727824956116,0.2491143118047462,-0.23875510909766595,-0.24419243649538183,-0.20431693613761026,-0.24179275742829284,-0.24714617061881472,0.2471289040163566,-0.23932377501661617,0.2445554144868414,-0.24323500829295822,-0.21102791895113576,-0.24652521715074488,0.24214561262720688,-0.24661747829305602
0.19844168456885394,0.227759228303478,0.23876246027272208,0.22775847967094992,-0.1811668692212448,0.22775876035862272,-0.21926427317741748,0.22775995063076926,0.19865940113781885,-0.1779872102576233,0.22771177586439356,0.19741546391480522,-0.21433028191258344,0.227760072247822,-0.2274594286060144,0.22776217222961,0.22776178658928237,-0.22271013464269276,0.2277620828370537,-0.2255297175055862,-0.22053646838154384,-0.21696854117633602,0.2277604081785775,0.2265360909571162,0.227760187752257,0.2500000000000006,0.20028958494096558,-0.21677341665557376,-0.21633889005487972,0.19182146238781106,-0.1833130962406795,0.19435646610756885,-0.21516522657781448,-0.2147635725326097,-0.22290850837609835,-0.187538468678889,-0.2233419489344964,-0.2371485394986146,-0.19164002855396248,-0.22331011559836975,0.22690604039972706,-0.2176369954320634,-0.22317647029361837,-0.18711444768169547,-0.22049010290384483,-0.22498559612093882,0.22493380413182332,-0.21807965146966732,0.2223989358529654,-0.2217516926351479,-0.19022865347128043,-0.224579986253567,0.21991177554101704,-0.22463784632252995
0.19303294784642686,0.2222878371080115,0.19444032824253094,0.2222900945672487,-0.17859824229042662,0.22228741913315667,-0.21427378242036463,0.2222885483409943,0.1931893786895397,-0.1756554858599241,0.22220584200519677,0.2390089860999864,-0.20895411201358693,0.22228865474248063,-0.22206182285746426,0.22229071468732042,0.2222903391341337,-0.217266538536295,0.22229062817671308,-0.22013223924699327,-0.21540415696446655,-0.21186853667543967,0.22228898379979323,0.22106475797446762,0.22228877819025122,0.20028958494096558,0.2500000000000003,-0.2117036282183078,-0.21093289900873488,0.18646103143896978,-0.17851842592269843,0.18891710252107438,-0.20998676568565078,-0.20986290610447683,-0.21764221958264096,-0.18284144255474233,-0.2179071404869239,-0.19288341675103768,-0.23375478963919563,-0.21801187616512016,0.22145116591307423,-0.21254142655473146,-0.21688177651516236,-0.17894086943347448,-0.21483395160141444,-0.2197724647472457,0.21942827332708545,-0.21312845052745605,0.2169808316506215,-0.2163507463348128,-0.18813481852173622,-0.2221804227571982,0.21454060500555422,-0.2202681737845171
-0.212255162672996,-0.23810655161130354,-0.21124530914476627,-0.23810601360103442,0.1928000307052973,-0.2381061047668203,0.22953578121674353,-0.23810731147182349,-0.21245102879252567,0.18951999787665713,-0.23802557766303165,-0.2089848762899291,0.22465527287059292,-0.23810745702991193,0.2377294335891814,-0.23810965444472856,-0.23810924391691693,0.23314761295976483,-0.23810956866361888,0.2359209995099272,0.23080141766731757,0.22739198256691034,-0.23810780159182576,-0.2370335014618866,-0.23810757803560037,-0.21677341665557376,-0.2117036282183078,0.2500000000000004,0.22631549946508775,-0.20340285391762702,0.19331118165492553,-0.205788964261334,0.22465162407620828,0.22444961801684624,0.2330729749742341,0.20009271571830764,0.23347901605209073,0.20946046382699493,0.20327231927985212,0.23349982124654536,-0.2372703923968016,0.22738853716089577,0.23256001795191164,0.1943900055140555,0.2302638440695926,0.23539613378449306,-0.23535905284287634,0.2279275358207725,-0.23289771274271373,0.23165116634450342,0.20083279252091565,0.23480350665986355,-0.2305846038267042,0.23488955394955813
-0.21164303452015984,-0.23751165924757464,-0.2108593879667455,-0.23751110859342422,0.1923580853882803,-0.23751121291287944,0.2289789688860381,-0.23751241710227858,-0.21183843979414035,0.18905972095520415,-0.23743099462202075,-0.20825644722779071,0.2240974096002821,-0.23751256198848272,0.23713487782410536,-0.23751475386325424,-0.23751434448716194,0.23256811267921146,-0.23751466832295637,0.2353328542852577,0.23019254413778306,0.22694452642001947,-0.23751290573371212,-0.23643778668531776,-0.23751268267184894,-0.21633889005487972,-0.21093289900873488,0.22631549946508775,0.25000000000000067,-0.20291799114593081,0.19283836691526726,-0.20530854161795764,0.22409035895553497,0.2238869574928955,0.23248979579212115,0.1994972782732564,0.2328966059398833,0.20907836106813185,0.20254392424196904,0.2329159445689982,-0.2366712123112258,0.22681559518073627,0.23200147731397563,0.193947391276619,0.2296919847750336,0.23480726537274768,-0.23477595039235571,0.22735520308415674,-0.2323977772424472,0.2310766817232988,0.2003236109703217,0.23420051289622904,-0.23001160588810915,0.23429500529612282
0.18440062133297344,0.21379589088799192,0.18580553613232126,0.21379502429370362,-0.1794157426894614,0.21379544320920138,-0.20541495434150556,0.21379655263725544,0.18449906906934688,-0.23379729880200956,0.21374271124558963,0.18385438237740556,-0.20886344673367843,0.213796653884182,-0.21342808906156635,0.21379862768292543,0.2137982688922836,-0.21839143403293518,0.21379855381845753,-0.21160686467549758,-0.20713730215521897,-0.20579399433451206,0.213796962274352,0.21256708863467555,0.21379676547979157,0.19182146238781106,0.18646103143896978,-0.20340285391762702,-0.20291799114593081,0.2500000000000007,-0.1743572846374061,0.1906147858291079,-0.20150179636636759,-0.20045493035675818,-0.2092867356062987,-0.1734678390628365,-0.20964029356743444,-0.1856519549834237,-0.1797243222936182,-0.20966139158931715,0.21297734268062768,-0.2038768032165798,-0.208526426262649,-0.17536901829724388,-0.20633638272415494,-0.21137157533228962,0.2110081461234509,-0.20381610857725777,0.21110596472611076,-0.2070834743833423,-0.1810233322456309,-0.21055743517632125,0.21588754603978538,-0.21082528626296249
-0.17988811257113207,-0.20290408116803973,-0.17812904624770423,-0.20290353549533663,0.16492309105561467,-0.2029036969694192,0.19563428894956023,-0.2029047276823236,-0.18005196607190352,0.16276511082579576,-0.20283410269359492,-0.1770170955736491,0.19154696412484137,-0.20290484836010675,0.2025715080654417,-0.20290671987920178,-0.20290637156113273,0.1987572608099317,-0.2029066475552503,0.2010670404307542,0.1965375670540646,0.1938400211511934,-0.20290513989899567,-0.20194762804256117,-0.20290495082075705,-0.1833130962406795,-0.17851842592269843,0.19331118165492553,0.19283836691526726,-0.1743572846374061,0.25000000000000056,-0.1759338631429308,0.19146346097928638,0.1912801771499744,0.19862069086704429,0.1695007630633958,0.19897175533275663,0.17672741488538185,0.17207724121225088,0.19898323772935397,-0.2021690646441532,0.1937787025283306,0.19786846480976308,0.16602543928384156,0.19619997644327783,0.20060092364288848,-0.20059530757471705,0.19422912642896348,-0.1985338707090699,0.19738535029715992,0.17134293800102418,0.19992898570913092,-0.19659829496521553,0.20008188610401853
0.18690690207319577,0.21629918144651292,0.18924258120112125,0.21629834450716817,-0.2350742474369913,0.2162986022876045,-0.2101368627798746,0.21629985152558093,0.18707441466932054,-0.1782982830071761,0.21624163465612573,0.18573341859980358,-0.20300383043996562,0.21629997450002864,-0.21596988129930894,0.21630195241859462,0.21630158888575207,-0.21124924029318587,0.2163018775330767,-0.21824326259803986,-0.20983342919937475,-0.206257204500482,0.21630026492667737,0.21507019490833082,0.21630006829127063,0.19435646610756885,0.18891710252107438,-0.205788964261334,-0.20530854161795764,0.1906147858291079,-0.1759338631429308,0.2500000000000005,-0.20380471267472072,-0.20384772122467823,-0.21172281648586458,-0.175896563656757,-0.21210350836626676,-0.1877509408490416,-0.18278428498906513,-0.21211332917251985,0.21546881994025613,-0.205782453406476,-0.21090696100834802,-0.17734658492949765,-0.20812669874526316,-0.21384664706800027,0.21692488193922618,-0.20621694403819593,0.21089806840068534,-0.20979105887577854,-0.18309526980355853,-0.21304557570645838,0.208528619711114,-0.21329755432864494
-0.20686461023282873,-0.23591522923989613,-0.20980333570530565,-0.23591466951051746,0.19087273331458213,-0.2359147754094328,0.22744468550552785,-0.23591598024859328,-0.20705258584116026,0.18783403090315687,-0.23583529424478003,-0.20733240949446022,0.2219668329446953,-0.23591611015910297,0.2355309995629949,-0.23591828687262523,-0.23591788536243657,0.23075880562441847,-0.23591820257802354,0.2337454514534645,0.2286259125346812,0.22531458799994034,-0.2359164501860155,-0.23470488964024602,-0.23591623086654415,-0.21516522657781448,-0.20998676568565078,0.22465162407620828,0.22409035895553497,-0.20150179636636759,0.19146346097928638,-0.20380471267472072,0.25000000000000044,0.2224761022159134,0.2309292788421594,0.19491757406527419,0.23133084337166246,0.2079100929996218,0.20154360379148725,0.23135085400874664,-0.2350876004221255,0.22532760631277038,0.23047674224622455,0.19291392299399768,0.2281958652810576,0.23322522045813016,-0.2332013635850138,0.22586502076615667,-0.2307970978959001,0.2295516679701857,0.1992366725586727,0.23265773196200878,-0.22808343004893744,0.23273073051459628
-0.20646491136232986,-0.23571207377846812,-0.20934036298340616,-0.2357115101650178,0.1910468402377574,-0.23571161950537603,0.22687631333131836,-0.23571282454427786,-0.20663794648797348,0.1864661878824816,-0.2356318669777277,-0.20719305909684552,0.2223660940480013,-0.2357129538203087,0.23532706337642012,-0.2357151283361566,-0.23571472749891703,0.2306782665127602,-0.2357150442167625,0.2334633746361414,0.22852743048365529,0.22509524398885108,-0.23571329309372993,-0.2344930180467197,-0.23571307418975246,-0.2147635725326097,-0.20986290610447683,0.22444961801684624,0.2238869574928955,-0.20045493035675818,0.1912801771499744,-0.20384772122467823,0.2224761022159134,0.2500000000000008,0.23073067519053683,0.1945109227394515,0.23113147920366353,0.2074421299915402,0.2013932165465562,0.23115192248586697,-0.2349031428866863,0.22513377324028874,0.23022652677172148,0.19275811714513175,0.22803752019380927,0.23302562553441114,-0.2328650770858737,0.22568613504165946,-0.23056725045478954,0.22935340226139875,0.19909577613392465,0.23245859358789772,-0.22819231217645644,0.23253150725670838
-0.21575214064931011,-0.2447087289283274,-0.2172591197306503,-0.24470814987320805,0.1984173266182411,-0.24470826100229645,0.23592277835089256,-0.24470950853303014,-0.21594870950454606,0.1950739751401666,-0.24462565301019681,-0.21485677951313548,0.2309408599840444,-0.2447096481857085,0.24431337201462724,-0.24471190616786395,-0.24471148789815728,0.2396429352013803,-0.2447118185627608,0.24247546759121033,0.2371588495094345,0.23370734740342236,-0.24471000130979004,-0.243503687468349,-0.2447097730832835,-0.22290850837609835,-0.21764221958264096,0.2330729749742341,0.23248979579212115,-0.2092867356062987,0.19862069086704429,-0.21172281648586458,0.2309292788421594,0.23073067519053683,0.25000000000000056,0.20333936991264934,0.23995303991441883,0.21536928840079725,0.2089433619408972,0.23997404937253228,-0.24384703571728214,0.23370809294146558,0.23902158138346624,0.19999557598350812,0.23668056683178967,0.24192088377810195,-0.24190351992636505,0.23426474416051232,-0.23938409241214137,0.2380922192989753,0.20657441298240886,0.24131655812988456,-0.2370278549494268,0.24140466308591058
-0.2357558591542354,-0.2077503179485854,-0.18239171981765945,-0.20775035776841538,0.16394232928452285,-0.20775011263298118,0.1999607351497718,-0.20775102313519786,-0.23598581266762877,0.1606096454843458,-0.20767764143114267,-0.1803596349983195,0.19508083879085947,-0.20775135801929334,0.20759301829340285,-0.20775328572915672,-0.20775285007195252,0.2029238970467715,-0.20775319827440553,0.2056334374358092,0.2017504945439881,0.1984805975085083,-0.20775168075940856,-0.20897907319871395,-0.2077514551328026,-0.187538468678889,-0.18284144255474233,0.20009271571830764,0.1994972782732564,-0.1734678390628365,0.1695007630633958,-0.175896563656757,0.19491757406527419,0.1945109227394515,0.20333936991264934,0.25000000000000056,0.2037095515466802,0.18210694710388045,0.17670001767558272,0.20372671465114428,-0.20696285179886678,0.1980434962908445,0.20291102970268862,0.16486746422241083,0.20008321940832735,0.20542973381872837,-0.20504986210266482,0.1984426961623256,-0.20284490798305177,0.2016529371227267,0.17113058366342113,0.20479363249791965,-0.20032711013329965,0.20491062005325392
