x1,x2,x3,x4,x5,x6,x7,x8,x9,x10,x11,x12,x13,x14,x15,x16,x17,x18,x19,x20,x21,x22,x23,x24,x25,x26,x27,x28,x29,x30,x31,x32,x33,x34,x35,x36,x37,x38,x39,x40,x41,x42,x43,x44,x45,x46,x47,x48,x49,x50,x51,x52,x53,x54
0.25,0.12974899889249597,0.0077272091788391055,0.126015078530023,-0.0893807558731493,0.13356840880574217,-0.09151902855673893,0.12975953028513545,0.13167096621118815,-0.12424696040174706,0.13668327098795227,0.12408072070269004,-0.118820446860817,0.13370993744443252,-0.12463497368108467,0.13621092633521495,0.136369356433635,-0.1275101687309995,0.1359758416579405,-0.09329871194356573,-0.11641145676666641,-0.11885955739333941,0.129691177939889,0.13530294790805725,0.13678081513139684,0.027215662536910025,0.11585879942035156,-0.13179608827568487,-0.13134120484337233,0.05068802673386498,-0.1315874107315882,-0.1180175781786766,-0.12961859190826613,-0.12980984490137337,-0.12640213643906179,-0.13568857985345856,-0.12635135570517286,-0.13477566910141195,-0.10799474236875477,-0.1267240980170159,-0.12922300320932653,-0.13000835906890637,-0.13008621252549105,-0.13154787876132312,-0.1310650387176166,-0.13681186453649485,-0.1077550358662555,-0.12985720071501958,-0.07982420393660998,-0.12970879156147888,-0.13065141702713776,-0.13646237177614493,0.0397419202830647,-0.13683661510322973
0.12974899889249597,0.25000000000000006,0.10890776643785952,0.23146271082548409,-0.20788167003516572,0.24584516784107913,-0.20868179539568707,0.24976982314722287,0.16379668636850162,-0.24264793459145914,0.24214609260066322,0.1557775438723851,-0.23839336635349023,0.24527104247561785,-0.24361565603913538,0.24223636653716918,0.24204999183366066,-0.247429976956877,0.241778488964113,-0.21272454887732917,-0.2358507333199861,-0.23818024454110082,0.2498363193685767,0.2410473697249339,0.24238070497300965,0.08115550196600804,0.11087408886794284,-0.24756812270899708,-0.24796434747445256,0.04387393862688416,-0.2311991931223344,-0.07772344622514246,-0.2494485210879957,-0.24935483862582558,-0.2436243652588686,-0.2401661899824857,-0.24358584012669085,-0.2389403392895315,-0.21308896673773262,-0.24386377613304142,-0.013236919936867481,-0.2494660204084516,-0.2489025712313165,-0.23210095499331435,-0.24778678528474793,-0.2425617870159513,-0.061627308241913745,-0.24960884666149255,-0.010054567820900797,-0.2496258833299392,-0.23124662645858227,-0.24238491142261104,0.08064576698253463,-0.24238280717561111
0.0077272091788391055,0.10890776643785952,0.25000000000000006,0.11569598184234035,-0.10559082515033454,0.11277867348899814,-0.10898503347580972,0.10890969542915886,0.03973988970499904,-0.10205669847832748,0.11572023014395848,0.05786450620459184,-0.09983540961947901,0.11307722661357462,-0.10569324852594186,0.11554687507005887,0.11576838975333123,-0.10680041140413786,0.11543354555853956,-0.10743927025631671,-0.09978883575058092,-0.10379457409679764,0.10885780243646563,0.11470618813536548,0.1161455669948125,0.09669983817324088,0.02198415879364267,-0.11103565858608949,-0.11058005618915967,-0.09077337106722623,-0.11056424662897495,0.006177590283728248,-0.10872022488480776,-0.1089232910513972,-0.10607126888941336,-0.1147755671672673,-0.10602628476429084,-0.11519435660207462,-0.11153509830395662,-0.10635943501170828,0.03867941030730122,-0.10919794984688565,-0.10890378464240975,-0.1105320278044877,-0.11032251490322789,-0.11602279203202587,0.019436761232985704,-0.1089470059776103,0.04739555259095956,-0.10887048697076665,-0.1102471425311265,-0.11584974325355275,0.005535586169296875,-0.11615500470061943
0.126015078530023,0.23146271082548409,0.11569598184234035,0.2500000000000001,-0.1895290650631316,0.23527623394612676,-0.1903414613501144,0.231454484268569,0.15993410588824825,-0.2242686244485485,0.23812154997859544,0.1732453786712379,-0.22007531342567435,0.23546939717420515,-0.22649824456889367,0.23773274559533716,0.237946135200488,-0.22914705431108262,0.23745710510846255,-0.19449739856473414,-0.21919003405146678,-0.22035060230681183,0.23139630050450863,0.23686935033594328,0.23859105614107978,0.07766979105015749,0.1286315928346636,-0.2335104215224892,-0.23302343212137763,0.026471091553125926,-0.22738816256075292,-0.09544488611054765,-0.2311242884295422,-0.23143812449198317,-0.22554953963095814,-0.23668989512831226,-0.22547784680849095,-0.23515959502340616,-0.22915722585690962,-0.22601484938824395,-0.01161688604391434,-0.23171731181239266,-0.23140582118654138,-0.22798072063818767,-0.23275008441864395,-0.23849626622231726,-0.07938166374569545,-0.23148247075804557,-0.009570874342173998,-0.2313555812073694,-0.22751199714236942,-0.2381420490452488,0.07239326285481748,-0.23860902841046747
-0.0893807558731493,-0.20788167003516572,-0.10559082515033454,-0.1895290650631316,0.2500000000000001,-0.20388377393703433,0.17567078878529724,-0.207843884285791,-0.1243109259811936,0.20184024850427498,-0.20018701984184278,-0.11417711237771364,0.1983876133131795,-0.20333746140359832,0.202700137667416,-0.20034482632006795,-0.20015547388623173,0.20586262743054692,-0.19993662342621338,0.18347728174671663,0.19624257291933966,0.1994135342082066,-0.20791369183807765,-0.19932857088616046,-0.20038906651643984,-0.08149734705042909,-0.07245778169518066,0.20563611144802985,0.20604703251223042,-0.025365748619321574,0.19111691846114792,0.03750775638716739,0.2075676715889183,0.20743222383061857,0.20275040696827348,0.19842910323523094,0.20272122440088808,0.19771288038492585,0.17139953272260675,0.20292777109894986,-0.0065232561188262195,0.2075439759834103,0.2070151960827349,0.19189969470238888,0.20587369259013613,0.20056116186987297,0.024937172336536566,0.20768531762787845,-0.011806182069857134,0.20771970886805904,0.1910990784938244,0.20045045116132892,-0.062180274996252206,0.2003797854996905
0.13356840880574217,0.24584516784107913,0.11277867348899814,0.23527623394612676,-0.20388377393703433,0.24999999999999994,-0.2046676525632201,0.24582143723416655,0.167631745496366,-0.23865235823382824,0.245950711909572,0.15959610416416192,-0.2343737290518847,0.2459059610814269,-0.23967074882250064,0.24577036485870726,0.24578902634589192,-0.24349202825770114,0.245359328231144,-0.2087943183719694,-0.23183767566073205,-0.23417052246605208,0.24582082799601015,0.24473916620744945,0.2462820697311088,0.08508461615738845,0.11479325747603807,-0.24592761931228885,-0.24584414245490532,0.039972711811922176,-0.23510661813994785,-0.08160530407974331,-0.24548675161066155,-0.24558309528214664,-0.2396582182182886,-0.2440451388506506,-0.2395990698663297,-0.2428326044516235,-0.21697421199229427,-0.24003162630587263,-0.017214134202173433,-0.24582388623368157,-0.2453995785197268,-0.23582551958389034,-0.24556094784417726,-0.246345615199945,-0.06558599455161078,-0.245762419665332,-0.014026996336837915,-0.24569871855283273,-0.23492847706804648,-0.24606219377004718,0.07665999566069498,-0.24629631821935233
-0.09151902855673893,-0.20868179539568707,-0.10898503347580972,-0.1903414613501144,0.17567078878529724,-0.2046676525632201,0.24999999999999994,-0.20864462222667887,-0.1257504995937732,0.20242406371192795,-0.20095347542517372,-0.12026751214019474,0.19883219047537876,-0.2041200103715741,0.20338256069286342,-0.20111257193562135,-0.20092542749315764,0.2066637693464513,-0.2007016874943857,0.1839958195245653,0.19663426367256778,0.20011470846625767,-0.20871358714420482,-0.20005132090594505,-0.20115611005639328,-0.08619662518824989,-0.07167308767553997,0.20642708985659097,0.20684102023418954,-0.023478220110630565,0.1918523772856472,0.04646071661300367,0.20836804927526106,0.20822983285395355,0.20353090672657656,0.19919323902254182,0.20350162743294936,0.19851814297146497,0.17224428346465145,0.2037088224720739,-0.0054456559204494066,0.20834301341086045,0.20781372472702517,0.19261484275193994,0.20666537975273444,0.2013303041217487,0.02395744881880635,0.2084853539612009,-0.010231712994633343,0.2085193693471217,0.19181309806718883,0.20121782986533734,-0.05761111780428462,0.20114848475688424
0.12975953028513545,0.24976982314722287,0.10890969542915886,0.231454484268569,-0.207843884285791,0.24582143723416655,-0.20864462222667887,0.25,0.16380005646577797,-0.24260816174566202,0.24213623315169297,0.15578516331999717,-0.23835364444653834,0.2452488100631791,-0.24357610591263928,0.24222545539300586,0.24203988024130488,-0.24739004673990905,0.2417678105394757,-0.21268643881192215,-0.23581137833058974,-0.23814060049843622,0.24979595061594814,0.2410371288149,0.2423711835734958,0.08115867309156244,0.1108898651703641,-0.24753700829682193,-0.24793136740358718,0.04385547744307738,-0.23119086598053137,-0.07774377835554691,-0.2494084044304266,-0.24931545967759072,-0.24358480891303427,-0.24015681986906195,-0.24354620947084993,-0.23893112082647416,-0.21308363831159033,-0.24382470477577237,-0.013259952286977322,-0.2494271074799468,-0.2488642588378039,-0.23209179519182624,-0.24775343082317025,-0.24255180520734707,-0.06164876042364244,-0.24956915123089085,-0.010077766537819615,-0.24958587299243382,-0.2312374179826127,-0.2423745280569286,0.08062293639371423,-0.2423733375902172
0.13167096621118815,0.16379668636850162,0.03973988970499904,0.15993410588824825,-0.1243109259811936,0.167631745496366,-0.1257504995937732,0.16380005646577797,0.24999999999999978,-0.1590331746490408,0.1706856084834135,0.13895082999723374,-0.15759527185024935,0.16777296503482758,-0.15846171542513365,0.17022813888172877,0.17040137197061933,-0.16293561790391273,0.16996140143378644,-0.12881599055974519,-0.1521088316982372,-0.15323420371790816,0.16373461284168236,0.16961741153153448,0.17087838359189514,0.04175349192070171,0.11914553223543536,-0.16585449629161034,-0.16536579353435318,0.059833152390996805,-0.1638576389949052,-0.1050546316456458,-0.16358652087786743,-0.16380172827903047,-0.15959036303222837,-0.16935091889978135,-0.1595315895039881,-0.1685010842893078,-0.1418406700702112,-0.15996271080049368,-0.06388811826854052,-0.16405318984537023,-0.16402525501918616,-0.16401064760291437,-0.165055756832894,-0.1708860418770561,-0.08900683511781553,-0.16388026805723782,-0.08706173627044933,-0.16373070979842924,-0.16318119431524386,-0.17052806369503798,0.06505991851654687,-0.1709201982808739
-0.12424696040174706,-0.24264793459145914,-0.10205669847832748,-0.2242686244485485,0.20184024850427498,-0.23865235823382824,0.20242406371192795,-0.24260816174566202,-0.1590331746490408,0.24999999999999994,-0.23494397150587248,-0.1493467273050844,0.23213624833999677,-0.23808024349196225,0.2367493809205208,-0.2350367659931268,-0.2348472748413616,0.24050062433685154,-0.23458740692922536,0.20676533865185506,0.2294505306587982,0.23162125763313923,-0.24267520599111905,-0.2339580469715721,-0.23516033897699007,-0.07821170583869431,-0.1053116243424019,0.24039098510424545,0.24079167177425265,-0.048657890860844,0.22431463905927915,0.07305257987762469,0.24229535787797538,0.24219632600625193,0.23664326425464827,0.23303256878209122,0.23660649815612603,0.23183197614352577,0.20594868834705937,0.2368712203180259,0.0107526738991987,0.24230270988373098,0.24175843999997457,0.2252262649554166,0.24062135905575316,0.235340971646639,0.05739083303315725,0.2424478010562178,0.010552438564395642,0.2424677663154966,0.22438946370589405,0.23517513936191298,-0.07957326143834172,0.23516098683042388
0.13668327098795227,0.24214609260066322,0.11572023014395848,0.23812154997859544,-0.20018701984184278,0.245950711909572,-0.20095347542517372,0.24213623315169297,0.1706856084834135,-0.23494397150587248,0.25,0.1625990300001241,-0.23065203495497663,0.24607488896744434,-0.23599728735814865,0.24837764832971018,0.24856864610268034,-0.2398211176255923,0.24800650932188245,-0.2051533492840889,-0.2281185190090837,-0.2304479869378835,0.24207918079129792,0.2474812351153783,0.2491974386859946,0.08817429342265361,0.11798614289870163,-0.24418307014207205,-0.24369628895395382,0.0367857161658613,-0.2380452112418843,-0.08484259875153172,-0.2417908395510152,-0.24204680732971035,-0.23596722694438618,-0.24694518910782842,-0.23589081939727377,-0.24574523559047903,-0.2198880959814211,-0.23645277465321302,-0.020633711672769405,-0.2423961983162836,-0.24208995390999213,-0.2386091662997806,-0.24332464048505456,-0.24916219990869184,-0.06891452822226736,-0.2421631003117463,-0.017477234687556357,-0.2420315433458812,-0.23767692925070574,-0.24878947835707485,0.0732505119967843,-0.24922193957896996
0.12408072070269004,0.1557775438723851,0.05786450620459184,0.1732453786712379,-0.11417711237771364,0.15959610416416192,-0.12026751214019474,0.15578516331999717,0.13895082999723374,-0.1493467273050844,0.1625990300001241,0.25000000000000006,-0.14491137225189832,0.1599105639161687,-0.15354176076587775,0.16218162351890933,0.16242947792650309,-0.15353349898573737,0.16216797719804574,-0.11889076370695706,-0.14731791414767903,-0.1461429776433476,0.15571589850430717,0.1613846211228279,0.16300394045051594,0.008188667829686996,0.18583296707391153,-0.15783728210583758,-0.15734849768898668,0.011207994585548173,-0.15492536886708452,-0.16951929388825482,-0.15559911379921865,-0.1559845237937257,-0.151765307953799,-0.162165837246126,-0.15171497852663804,-0.16054996697735138,-0.1900498286773487,-0.1521112915265557,-0.04485752935103378,-0.15603808309661774,-0.15593565123616418,-0.15508961522906578,-0.15729233244483734,-0.16286087022169177,-0.1469951673536958,-0.15587287177921014,-0.044497613073918314,-0.15572072406701154,-0.15551191769300549,-0.16250454313709164,0.06413202510902583,-0.16304162466471714
-0.118820446860817,-0.23839336635349023,-0.09983540961947901,-0.22007531342567435,0.1983876133131795,-0.2343737290518847,0.19883219047537876,-0.23835364444653834,-0.15759527185024935,0.23213624833999677,-0.23065203495497663,-0.14491137225189832,0.2500000000000002,-0.23380320865737983,0.23238087223296833,-0.23074991129454375,-0.23055801924516744,0.236601716140884,-0.23030832627950334,0.20255740201399192,0.22492966560906671,0.22700030683053732,-0.23842181514302363,-0.2296155891013864,-0.23086172506334496,-0.07056260389847423,-0.10085682009943903,0.2361250918043609,0.23652639292302996,-0.049174541533375235,0.2201978562916552,0.0677555358941392,0.2380426042226309,0.23794244011957158,0.2324962139666065,0.2287013658909547,0.23246051361218203,0.2275714072037715,0.20194454026298064,0.23271709292124734,0.006798536670917464,0.23804705797869616,0.23750691856109513,0.2210393732614239,0.23636143824460393,0.23104059664168558,0.05223598111018217,0.2381927977795318,0.012421205568475882,0.2382152522983644,0.2202206937256722,0.23088241912304097,-0.08944782921337353,0.23086011006950516
0.13370993744443252,0.24527104247561785,0.11307722661357462,0.23546939717420515,-0.20333746140359832,0.2459059610814269,-0.2041200103715741,0.2452488100631791,0.16777296503482758,-0.23808024349196225,0.24607488896744434,0.1599105639161687,-0.23380320865737983,0.25,-0.23911178665864083,0.24587054651285029,0.24590781322803054,-0.24292229330710408,0.2454647182669162,-0.20825020596200794,-0.23128261341427178,-0.23360521994788153,0.2452421685693529,0.24485446310957784,0.24641530197831907,0.08532761833828802,0.1151230723506134,-0.24556243808551273,-0.24543590176868013,0.03950931898179228,-0.2352454276060385,-0.08194663616979973,-0.24491319047627833,-0.2450270364061589,-0.23908942789997464,-0.24418042894450087,-0.23902849613267677,-0.24296699365577468,-0.2172871863258546,-0.23947451421517651,-0.01744626274913498,-0.24527881718743771,-0.24486712030798877,-0.23594795011749656,-0.24514417029564795,-0.24646771326093547,-0.06594155079559473,-0.24519896654366607,-0.014273631551319315,-0.24512811242629062,-0.23505143552132363,-0.2461750903380501,0.07624900026703049,-0.24643055231455732
-0.12463497368108467,-0.24361565603913538,-0.10569324852594186,-0.22649824456889367,0.202700137667416,-0.23967074882250064,0.20338256069286342,-0.24357610591263928,-0.15846171542513365,0.2367493809205208,-0.23599728735814865,-0.15354176076587775,0.23238087223296833,-0.23911178665864083,0.2500000000000002,-0.23609223177635402,-0.23590833300306252,0.24137241749489372,-0.23565370976802893,0.20844406748052752,0.23104496189268273,0.23460082121253528,-0.2436425122339139,-0.23491586439446457,-0.23623295438913827,-0.07614354361700379,-0.10907770357471014,0.2413871173619593,0.24178185780941477,-0.04382130111835256,0.22525294431324094,0.07617391394118044,0.24326259045626022,0.24317543054263083,0.23758494429408644,0.23411509660402896,0.2375480658544627,0.23286870217274744,0.21009160485345496,0.23781520542299445,0.009636022292940485,0.2432744993796453,0.24272124800310582,0.22612903112759292,0.24162180614409118,0.23640319673061785,0.060285964484741,0.24341669444276082,0.005750737413816835,0.24343546305700128,0.22535925774418913,0.23623478539010956,-0.08137029878682774,0.23623267855891583
0.13621092633521495,0.24223636653716918,0.11554687507005887,0.23773274559533716,-0.20034482632006795,0.24577036485870726,-0.20111257193562135,0.24222545539300586,0.17022813888172877,-0.2350367659931268,0.24837764832971018,0.16218162351890933,-0.23074991129454375,0.24587054651285029,-0.23609223177635402,0.25,0.24816542063115904,-0.23991019229166208,0.24761373111970994,-0.20529973704592733,-0.2282241583641724,-0.23055273573057122,0.24217271925603254,0.24708161061851924,0.24878348971194214,0.08796782480262073,0.11753665448933667,-0.2441243887096476,-0.24366842767065194,0.03686749971060936,-0.23763634818762078,-0.08439067909330378,-0.2418810577307437,-0.2421248277272419,-0.2360616936300264,-0.24653410358122116,-0.23598665038241123,-0.2453342202837519,-0.21952693764310252,-0.23653839952769729,-0.02022895541663684,-0.24246583407652494,-0.24215048971148895,-0.23821207066068908,-0.24330378835935568,-0.24875553743033635,-0.068467102149404,-0.24224574228495643,-0.017053553851642842,-0.24211948933055052,-0.23728380823365253,-0.24839003040957378,0.07339936053726197,-0.24880711660761085
0.136369356433635,0.24204999183366066,0.11576838975333123,0.237946135200488,-0.20015547388623173,0.24578902634589192,-0.20092542749315764,0.24203988024130488,0.17040137197061933,-0.2348472748413616,0.24856864610268034,0.16242947792650309,-0.23055801924516744,0.24590781322803054,-0.23590833300306252,0.24816542063115904,0.25,-0.23972428734506993,0.24779414953206483,-0.20511082725439556,-0.22803859009334565,-0.23036470989076185,0.24198388276939645,0.24726706689942585,0.24897944893971202,0.08815092742934501,0.11777526836879285,-0.24405094411039913,-0.24357166879331243,0.03663403215619204,-0.2378306265503002,-0.08462225058672,-0.24169482391119732,-0.24194800796240148,-0.235875088599267,-0.2467296108164156,-0.2357990489493349,-0.24552944893016462,-0.21977973128156914,-0.23635829901058256,-0.020384318536386312,-0.24229514251418222,-0.24198643262104846,-0.23839761213725172,-0.24320214204115226,-0.2489456112442751,-0.06869193233385622,-0.2420651124408966,-0.017211241479450124,-0.24193494202206023,-0.23746859314450414,-0.2485749439111001,0.07320691191171481,-0.24900364660033913
-0.1275101687309995,-0.247429976956877,-0.10680041140413786,-0.22914705431108262,0.20586262743054692,-0.24349202825770114,0.2066637693464513,-0.24739004673990905,-0.16293561790391273,0.24050062433685154,-0.2398211176255923,-0.15353349898573737,0.236601716140884,-0.24292229330710408,0.24137241749489372,-0.23991019229166208,-0.23972428734506993,0.24999999999999994,-0.23945576358426565,0.21061563770432717,0.23360384842507168,0.23591452184471529,-0.24745632143324137,-0.23872994351989898,-0.24005059956738098,-0.07895763979351395,-0.108793502985317,0.24520366093196433,0.24559692636731553,-0.04571186836912869,0.22897682928082863,0.07576925927201568,0.2470705714860319,0.24697737686858987,0.24130358797947277,0.2378470131574769,0.24126545070907263,0.2366417666218622,0.2108046646811785,0.24154040744440627,0.012001695211616351,0.24708844411573092,0.24653233874076888,0.22986253949474122,0.24542070294960772,0.24023023628183485,0.059734210523795586,0.24723000095445966,0.011046275627948413,0.2472474716715207,0.22901569166680275,0.2400562803036684,-0.08249243959686786,0.24005213571377482
0.1359758416579405,0.241778488964113,0.11543354555853956,0.23745710510846255,-0.19993662342621338,0.245359328231144,-0.2007016874943857,0.2417678105394757,0.16996140143378644,-0.23458740692922536,0.24800650932188245,0.16216797719804574,-0.23030832627950334,0.2454647182669162,-0.23565370976802893,0.24761373111970994,0.24779414953206483,-0.23945576358426565,0.2500000000000002,-0.20488107734176766,-0.2278017069235388,-0.2301168514092741,0.24171431088223147,0.2467109265499035,0.24841362728501318,0.08777361073418394,0.1175985999888807,-0.2436924403943374,-0.2432312177631396,0.03665906701496634,-0.23727994454075005,-0.0844838670893826,-0.24142385884428408,-0.2416702709997563,-0.23561417822264633,-0.24617028667931223,-0.23553902774894547,-0.24496865537706514,-0.21940951784999926,-0.23609170641559207,-0.020161774678801165,-0.24201162775938379,-0.24169828303361174,-0.23785261350940645,-0.24286684095458053,-0.24838365841079216,-0.06858272191127687,-0.2417893362352001,-0.017013381738488226,-0.24166229986466028,-0.23693005928312763,-0.24801746557089957,0.0732641020765107,-0.24843734134042533
-0.09329871194356573,-0.21272454887732917,-0.10743927025631671,-0.19449739856473414,0.18347728174671663,-0.2087943183719694,0.1839958195245653,-0.21268643881192215,-0.12881599055974519,0.20676533865185506,-0.2051533492840889,-0.11889076370695706,0.20255740201399192,-0.20825020596200794,0.20844406748052752,-0.20529973704592733,-0.20511082725439556,0.21061563770432717,-0.20488107734176766,0.2500000000000002,0.20074703416588024,0.20467357790340435,-0.21275545956418768,-0.2041852549702701,-0.20535781680966364,-0.08300311125027168,-0.07418792520469784,0.2105150531561495,0.21091762775230213,-0.029332606092365796,0.1958593980106439,0.0414742186949188,0.2124035202664082,0.21227540183579688,0.2074699902233539,0.2033506373708371,0.2074393760967268,0.2026233752244569,0.17632730358488186,0.20765661398237437,-0.006988749325312977,0.21239161106054186,0.21186099269792158,0.19661756400250383,0.21073975350348856,0.20552777817335138,0.025781360783969347,0.21252923012553665,-0.013392754639493144,0.21256044669011356,0.19581818735095072,0.20540834340403213,-0.06494870465647197,0.2053487274649629
-0.11641145676666641,-0.2358507333199861,-0.09978883575058092,-0.21919003405146678,0.19624257291933966,-0.23183767566073205,0.19663426367256778,-0.23581137833058974,-0.1521088316982372,0.2294505306587982,-0.2281185190090837,-0.14731791414767903,0.22492966560906671,-0.23128261341427178,0.23104496189268273,-0.2282241583641724,-0.22803859009334565,0.23360384842507168,-0.2278017069235388,0.20074703416588024,0.2500000000000001,0.2260481956670154,-0.235878770769538,-0.22715606973314584,-0.22834438198825824,-0.07276552933488736,-0.10426255917704001,0.23358821686056186,0.23399133801469926,-0.04482479000292991,0.21768086739176642,0.07222887595088401,0.2355068169868403,0.23541716025793957,0.23001672633619558,0.22632541139857668,0.22998208495962155,0.2250746116505064,0.20374507615522566,0.23023305759457946,0.002526422029467817,0.23550574774715197,0.23496366562744725,0.21858485525521917,0.23384634892793907,0.22851027694688789,0.057452149598524356,0.23565098414452473,0.0037387363209461983,0.23567439225444403,0.21786142554558272,0.22835630532269718,-0.07880297569998444,0.22834156823002985
-0.11885955739333941,-0.23818024454110082,-0.10379457409679764,-0.22035060230681183,0.1994135342082066,-0.23417052246605208,0.20011470846625767,-0.23814060049843622,-0.15323420371790816,0.23162125763313923,-0.2304479869378835,-0.1461429776433476,0.22700030683053732,-0.23360521994788153,0.23460082121253528,-0.23055273573057122,-0.23036470989076185,0.23591452184471529,-0.2301168514092741,0.20467357790340435,0.2260481956670154,0.24999999999999994,-0.23820873566468978,-0.2293813296985705,-0.23067165436681372,-0.07663587575672483,-0.10189891183489311,0.23591763917078354,0.23632116584743826,-0.04347434566854298,0.21998327330781017,0.06907683389332593,0.2378329039791527,0.23773190762157226,0.2322879021951998,0.2285634830664875,0.23225234509260267,0.22742716856909603,0.20298791329469162,0.23250851105888626,0.006076976357243578,0.23783523420525862,0.23728663867184221,0.2208239187009795,0.23615598107702315,0.23084606947533093,0.053383132388383804,0.23797984997620159,0.0009147202031756903,0.23800235587115173,0.2200334099307266,0.23068831872863924,-0.07904644977986709,0.23066961441448328
0.129691177939889,0.2498363193685767,0.10885780243646563,0.23139630050450863,-0.20791369183807765,0.24582082799601015,-0.20871358714420482,0.24979595061594814,0.16373461284168236,-0.24267520599111905,0.24207918079129792,0.15571589850430717,-0.23842181514302363,0.2452421685693529,-0.2436425122339139,0.24217271925603254,0.24198388276939645,-0.24745632143324137,0.24171431088223147,-0.21275545956418768,-0.235878770769538,-0.23820873566468978,0.2500000000000001,0.24098183511094975,0.24231260544890137,0.08110035260130162,0.11081419511602052,-0.24756655115380255,-0.2479685434238898,0.04391581007095477,-0.2311319694773986,-0.07766375455679568,-0.24947483489340655,-0.24937885978860222,-0.24365123889816506,-0.24009853920305047,-0.2436129662418153,-0.23887273930624742,-0.21302286724797126,-0.24388900986120354,-0.013186123540138355,-0.2494884738186917,-0.24892339265970642,-0.23203583978115142,-0.24779225922867096,-0.2424950949534186,-0.06156925542026264,-0.24963375549346753,-0.00999931654276436,-0.24965176629261404,-0.2311820719776198,-0.24231952352603625,0.08069118104240408,-0.24231455784346945
0.13530294790805725,0.2410473697249339,0.11470618813536548,0.23686935033594328,-0.19932857088616046,0.24473916620744945,-0.20005132090594505,0.2410371288149,0.16961741153153448,-0.2339580469715721,0.2474812351153783,0.1613846211228279,-0.2296155891013864,0.24485446310957784,-0.23491586439446457,0.24708161061851924,0.24726706689942585,-0.23872994351989898,0.2467109265499035,-0.2041852549702701,-0.22715606973314584,-0.2293813296985705,0.24098183511094975,0.25,0.24788870941284907,0.08726527519565214,0.11680117199971157,-0.2430225733519612,-0.24254864807661586,0.03707232913396699,-0.23678749178244277,-0.08369496097642425,-0.2406934514086152,-0.2409438181715118,-0.23489882152752334,-0.24639551164106321,-0.23482324774868754,-0.2444632016118902,-0.21872538730187258,-0.2353790000559903,-0.019740924575613154,-0.24128907894242327,-0.24098092295265092,-0.23796032056778652,-0.2421813846498139,-0.24785579273666958,-0.06777999865799156,-0.2410613518409654,-0.0174589426464801,-0.24093251744643998,-0.23714485091279452,-0.2474880031406196,0.07313402044513971,-0.24791256598667746
0.13678081513139684,0.24238070497300965,0.1161455669948125,0.23859105614107978,-0.20038906651643984,0.2462820697311088,-0.20115611005639328,0.2423711835734958,0.17087838359189514,-0.23516033897699007,0.2491974386859946,0.16300394045051594,-0.23086172506334496,0.24641530197831907,-0.23623295438913827,0.24878348971194214,0.24897944893971202,-0.24005059956738098,0.24841362728501318,-0.20535781680966364,-0.22834438198825824,-0.23067165436681372,0.24231260544890137,0.24788870941284907,0.2499999999999999,0.08840960164587061,0.11827051255081147,-0.24447095239893749,-0.2439731067042408,0.036520399112794574,-0.23843988538572072,-0.08503857773254113,-0.24202498316398108,-0.2422859653240598,-0.23619358995370782,-0.2473591292031624,-0.23611665517383337,-0.24615515286075432,-0.22045165032668637,-0.23668264714235018,-0.02055816610920128,-0.2426381928579412,-0.2423339152938121,-0.2390012829628402,-0.24359942082083497,-0.24957445965575362,-0.06908017622368036,-0.2424002236804213,-0.017374429016778773,-0.2422668183994172,-0.23807105818448995,-0.24919912819182458,0.07323081275908569,-0.2496376146407739
0.027215662536910025,0.08115550196600804,0.09669983817324088,0.07766979105015749,-0.08149734705042909,0.08508461615738845,-0.08619662518824989,0.08115867309156244,0.04175349192070171,-0.07821170583869431,0.08817429342265361,0.008188667829686996,-0.07056260389847423,0.08532761833828802,-0.07614354361700379,0.08796782480262073,0.08815092742934501,-0.07895763979351395,0.08777361073418394,-0.08300311125027168,-0.07276552933488736,-0.07663587575672483,0.08110035260130162,0.08726527519565214,0.08840960164587061,0.25,-0.02134718143109157,-0.08330809759998915,-0.0828588716455669,-0.029745785681789195,-0.08489159239095503,0.030834037909375608,-0.0810182586525446,-0.08112271366472094,-0.07902100966106913,-0.08692425249538463,-0.07897944180803286,-0.08775086409500456,-0.06032320390917118,-0.07927674914954466,0.00019029749747417806,-0.08145440286958076,-0.0813197271926064,-0.08477840150175205,-0.08253911970771158,-0.08834903579583353,0.04266825738274188,-0.08120505013530226,0.007157407307762887,-0.08113837457987882,-0.08393383669082435,-0.0882115934639185,-0.08363918462301732,-0.08843290299419909
0.11585879942035156,0.11087408886794284,0.02198415879364267,0.1286315928346636,-0.07245778169518066,0.11479325747603807,-0.07167308767553997,0.1108898651703641,0.11914553223543536,-0.1053116243424019,0.11798614289870163,0.18583296707391153,-0.10085682009943903,0.1151230723506134,-0.10907770357471014,0.11753665448933667,0.11777526836879285,-0.108793502985317,0.1175985999888807,-0.07418792520469784,-0.10426255917704001,-0.10189891183489311,0.11081419511602052,0.11680117199971157,0.11827051255081147,-0.02134718143109157,0.24999999999999994,-0.11299359181790052,-0.11250168860963859,0.01000273866412407,-0.11281495345346366,-0.19517475119398106,-0.11079663085401438,-0.1111705525538214,-0.10799056335493255,-0.11765058942903017,-0.10794948162394863,-0.11654042524718815,-0.14549759328887316,-0.10827435687882134,-0.0676241266149601,-0.11114704228338092,-0.11116747709075944,-0.11249484931690365,-0.11251343574100439,-0.1181552170727675,-0.1985578491157323,-0.11100920269459597,-0.06472995249499872,-0.11085535273521799,-0.11296523083931272,-0.11780103014593335,0.049043260912351894,-0.11834910572494828
-0.13179608827568487,-0.24756812270899708,-0.11103565858608949,-0.2335104215224892,0.20563611144802985,-0.24592761931228885,0.20642708985659097,-0.24753700829682193,-0.16585449629161034,0.24039098510424545,-0.24418307014207205,-0.15783728210583758,0.2361250918043609,-0.24556243808551273,0.2413871173619593,-0.2441243887096476,-0.24405094411039913,0.24520366093196433,-0.2436924403943374,0.2105150531561495,0.23358821686056186,0.23591763917078354,-0.24756655115380255,-0.2430225733519612,-0.24447095239893749,-0.08330809759998915,-0.11299359181790052,0.25,0.2467383828426902,-0.04170098803433767,0.23329501041306483,0.0798241579059641,0.24720840048058898,0.2472193742497137,0.2413832301420939,0.2422447050007625,0.24133336199890104,0.24102642588537201,0.2151864959582331,0.24169634716439162,0.015387973370996698,0.2474018753505332,0.24691510546177406,0.23409596553941392,0.2465027436053554,0.2445872446157878,0.06377484971751286,0.24743218535873074,0.012215613023545124,0.24740478531317978,0.23321855268483344,0.24435178958071965,-0.07843321312367665,0.24447972955530392
-0.13134120484337233,-0.24796434747445256,-0.11058005618915967,-0.23302343212137763,0.20604703251223042,-0.24584414245490532,0.20684102023418954,-0.24793136740358718,-0.16536579353435318,0.24079167177425265,-0.24369628895395382,-0.15734849768898668,0.23652639292302996,-0.24543590176868013,0.24178185780941477,-0.24366842767065194,-0.24357166879331243,0.24559692636731553,-0.2432312177631396,0.21091762775230213,0.23399133801469926,0.23632116584743826,-0.2479685434238898,-0.24254864807661586,-0.2439731067042408,-0.0828588716455669,-0.11250168860963859,0.2467383828426902,0.25000000000000017,-0.04213146290480593,0.23279893077410768,0.07934594673402094,0.24760435161829628,0.24759368688535724,0.24178097379031824,0.24174990078123998,0.24173346185248232,0.24053070192585663,0.21469276078469118,0.24207878080948075,0.014948077427610477,0.24776143486373162,0.2472589425620906,0.23362039266845944,0.24670139975335684,0.24410274989669406,0.0632960493003736,0.2478149590613112,0.011727960228985897,0.24779676249781954,0.23274790563507747,0.24387948549049712,-0.07886122493685685,0.24398049626807716
0.05068802673386498,0.04387393862688416,-0.09077337106722623,0.026471091553125926,-0.025365748619321574,0.039972711811922176,-0.023478220110630565,0.04385547744307738,0.059833152390996805,-0.048657890860844,0.0367857161658613,0.011207994585548173,-0.049174541533375235,0.03950931898179228,-0.04382130111835256,0.03686749971060936,0.03663403215619204,-0.04571186836912869,0.03665906701496634,-0.029332606092365796,-0.04482479000292991,-0.04347434566854298,0.04391581007095477,0.03707232913396699,0.036520399112794574,-0.029745785681789195,0.01000273866412407,-0.04170098803433767,-0.04213146290480593,0.2500000000000001,-0.035259729241217126,-0.012131044274551445,-0.04381042642406992,-0.04361292278523998,-0.042871432776341596,-0.03633952835411734,-0.04287885178218182,-0.03575917525525229,-0.0095645078504916,-0.04281227954462838,-0.022238117721688995,-0.04355884022198383,-0.04361762115459285,-0.03582370629807871,-0.04213140663455487,-0.0367097869460816,-0.016962853469644185,-0.043762541489353615,-0.04415961329160548,-0.04381198101878758,-0.03528172654758865,-0.03674229529732888,0.0513352814207113,-0.03650147556110329
-0.1315874107315882,-0.2311991931223344,-0.11056424662897495,-0.22738816256075292,0.19111691846114792,-0.23510661813994785,0.1918523772856472,-0.23119086598053137,-0.1638576389949052,0.22431463905927915,-0.2380452112418843,-0.15492536886708452,0.2201978562916552,-0.2352454276060385,0.22525294431324094,-0.23763634818762078,-0.2378306265503002,0.22897682928082863,-0.23727994454075005,0.1958593980106439,0.21768086739176642,0.21998327330781017,-0.2311319694773986,-0.23678749178244277,-0.23843988538572072,-0.08489159239095503,-0.11281495345346366,0.23329501041306483,0.23279893077410768,-0.035259729241217126,0.25000000000000006,0.08123390623664313,0.23086042514786978,0.2311132781527924,0.22529327861577297,0.23626680896483426,0.22521877227129974,0.23514935512845403,0.2092040398106383,0.22576627953120773,0.02110137968982693,0.2314587882765384,0.23117675656144132,0.22834126854744902,0.2324316301089533,0.2384028917171403,0.06609554263599611,0.2312235827202508,0.017911532512793347,0.23109224094256126,0.2274198280302309,0.23803842545426337,-0.0694677194382051,0.2384652672082449
-0.1180175781786766,-0.07772344622514246,0.006177590283728248,-0.09544488611054765,0.03750775638716739,-0.08160530407974331,0.04646071661300367,-0.07774377835554691,-0.1050546316456458,0.07305257987762469,-0.08484259875153172,-0.16951929388825482,0.0677555358941392,-0.08194663616979973,0.07617391394118044,-0.08439067909330378,-0.08462225058672,0.07576925927201568,-0.0844838670893826,0.0414742186949188,0.07222887595088401,0.06907683389332593,-0.07766375455679568,-0.08369496097642425,-0.08503857773254113,0.030834037909375608,-0.19517475119398106,0.0798241579059641,0.07934594673402094,-0.012131044274551445,0.08123390623664313,0.2499999999999999,0.0777013108293139,0.07804965981159552,0.07567554884256238,0.08472960806824477,0.07564230306823307,0.08361230263161362,0.11232841766995416,0.07590997672843498,0.08584995864563644,0.07799761817282577,0.07810283903445416,0.08082810712755145,0.0793858187126915,0.08492989417497498,0.1884534431649222,0.07787273088214089,0.07930754113548787,0.07772488577385388,0.08130823158080557,0.08460429635823871,-0.032975935847374925,0.08511765815310393
-0.12961859190826613,-0.2494485210879957,-0.10872022488480776,-0.2311242884295422,0.2075676715889183,-0.24548675161066155,0.20836804927526106,-0.2494084044304266,-0.16358652087786743,0.24229535787797538,-0.2417908395510152,-0.15559911379921865,0.2380426042226309,-0.24491319047627833,0.24326259045626022,-0.2418810577307437,-0.24169482391119732,0.2470705714860319,-0.24142385884428408,0.2124035202664082,0.2355068169868403,0.2378329039791527,-0.24947483489340655,-0.2406934514086152,-0.24202498316398108,-0.0810182586525446,-0.11079663085401438,0.24720840048058898,0.24760435161829628,-0.04381042642406992,0.23086042514786978,0.0777013108293139,0.24999999999999994,0.24899399492919796,0.24327190748634045,0.23981378756562544,0.24323345219690282,0.23858959273818162,0.21277930230981743,0.24351088186668685,0.013288245272905471,0.24910483262873617,0.24854219606711536,0.23176056079614046,0.24742717209554743,0.24220592616904965,0.06163122656268536,0.24924763766745764,0.010091648347075493,0.24926466627365143,0.23090755818805497,0.24202927850949527,-0.08051766129217992,0.24202714065095915
-0.12980984490137337,-0.24935483862582558,-0.1089232910513972,-0.23143812449198317,0.20743222383061857,-0.24558309528214664,0.20822983285395355,-0.24931545967759072,-0.16380172827903047,0.24219632600625193,-0.24204680732971035,-0.1559845237937257,0.23794244011957158,-0.2450270364061589,0.24317543054263083,-0.2421248277272419,-0.24194800796240148,0.24697737686858987,-0.2416702709997563,0.21227540183579688,0.23541716025793957,0.23773190762157226,-0.24937885978860222,-0.2409438181715118,-0.2422859653240598,-0.08112271366472094,-0.1111705525538214,0.2472193742497137,0.24759368688535724,-0.04361292278523998,0.2311132781527924,0.07804965981159552,0.24899399492919796,0.24999999999999994,0.24317601169164382,0.2400752210486809,0.24313662755156318,0.2388475957591581,0.21319039559531247,0.24342110426249874,0.013416673141623694,0.24902567893706784,0.2484690409119149,0.23200593329777142,0.2474124525670815,0.24246116652104804,0.061983029275413146,0.24915925396282906,0.01024181725940263,0.24917263874967183,0.23115439736513713,0.24227966364444167,-0.08042144685647286,0.2422886276106312
-0.12640213643906179,-0.2436243652588686,-0.10607126888941336,-0.22554953963095814,0.20275040696827348,-0.2396582182182886,0.20353090672657656,-0.24358480891303427,-0.15959036303222837,0.23664326425464827,-0.23596722694438618,-0.151765307953799,0.2324962139666065,-0.23908942789997464,0.23758494429408644,-0.2360616936300264,-0.235875088599267,0.24130358797947277,-0.23561417822264633,0.2074699902233539,0.23001672633619558,0.2322879021951998,-0.24365123889816506,-0.23489882152752334,-0.23619358995370782,-0.07902100966106913,-0.10799056335493255,0.2413832301420939,0.24178097379031824,-0.042871432776341596,0.22529327861577297,0.07567554884256238,0.24327190748634045,0.24317601169164382,0.24999999999999983,0.23403521334127736,0.23755721718960998,0.23283997182920596,0.20763170236494144,0.23782446794074547,0.012816872806163268,0.24328131386362822,0.24272872040156884,0.22617671606004258,0.24161037521102327,0.2363729559014129,0.05998284121050785,0.24342544231128574,0.009712881023086546,0.24344398027160769,0.2253447280126253,0.23620306942329317,-0.07871369713201284,0.23619535290309032
-0.13568857985345856,-0.2401661899824857,-0.1147755671672673,-0.23668989512831226,0.19842910323523094,-0.2440451388506506,0.19919323902254182,-0.24015681986906195,-0.16935091889978135,0.23303256878209122,-0.24694518910782842,-0.162165837246126,0.2287013658909547,-0.24418042894450087,0.23411509660402896,-0.24653410358122116,-0.2467296108164156,0.2378470131574769,-0.24617028667931223,0.2033506373708371,0.22632541139857668,0.2285634830664875,-0.24009853920305047,-0.24639551164106321,-0.2473591292031624,-0.08692425249538463,-0.11765058942903017,0.2422447050007625,0.24174990078123998,-0.03633952835411734,0.23626680896483426,0.08472960806824477,0.23981378756562544,0.2400752210486809,0.23403521334127736,0.24999999999999994,0.23395899957591904,0.2439292351775719,0.21913367333158112,0.2345200708391645,0.02026568157706129,0.2404223808570635,0.24012151775159574,0.23698779713623208,0.2413825216103978,0.2473186084269053,0.06884161622407849,0.24018586599635094,0.01708516544692833,0.24005345880702197,0.23611667843149597,0.24694661713593005,-0.07290200796914546,0.24738322735686555
