x1,x2,x3,x4,x5,x6,x7,x8,x9,x10,x11,x12,x13,x14,x15,x16,x17,x18,x19,x20,x21,x22,x23,x24,x25,x26,x27,x28,x29,x30,x31,x32,x33,x34,x35,x36,x37,x38,x39,x40,x41,x42,x43,x44,x45,x46,x47,x48,x49,x50,x51,x52,x53,x54,x55,x56,x57,x58,x59,x60
0.25000000000000006,-0.05888631861118909,0.005234789273537224,-0.013013554727667662,-0.06688212238830346,-0.19049713122503548,-0.13457268671863837,-0.16767117688144606,-0.14298711772769443,-0.18161012197992193,0.17837002996268833,-0.18178038541308023,0.036569687227122165,-0.09865448786990554,0.0148272665641396,-0.18178147685006021,0.181935133327279,-0.1817814481150625,0.169173921952734,-0.18177709761906638,-0.05477943585517209,0.05434993235560938,-0.07595476181944234,0.05639167088552215,-0.16454101346360656,0.16416183301526402,-0.1817811795722652,0.1808670515464302,-0.18178128381896394,0.17533480580724353,0.05432009126246019,-0.05859217076212532,0.0061731124666648,-0.07907072611901927,0.061992900951147935,-0.09097392687340762,0.07634159372167702,-0.07667114123574004,0.06478597129406992,-0.06571796881696977,0.17498727154513888,-0.17935808036370665,0.00405145058472804,-0.004973876916212701,-0.07537103937414281,0.0715869277605734,-0.10678558725567754,0.0665429853940396,-0.07387398880335702,0.06308667087851612,0.028742349898634365,-0.06826166565711729,-0.08552216501039975,-0.014283143623006754,0.009475254816770688,0.022325906246015572,0.06673639597954566,0.019942610588598045,0.03354443296873062,-0.051921837730547454
-0.05888631861118909,0.25,-0.05496243191220045,0.012441653490589004,0.0032226365575793777,0.06452083708054615,0.05027934703831715,0.06217051113255045,0.05723184907526227,0.06647562684884195,-0.06622118534050865,0.06654104252776358,-0.07699661922312138,0.039795035712569246,0.036416575421869816,0.06654090225024187,-0.06313400232005181,0.06654096780393876,-0.061966821676857145,0.0665390055661794,0.010875056082715008,-0.010724040670173124,0.023540906735133746,-0.017264941005372073,0.05782915958770474,-0.05770001359018903,0.06654088132861964,-0.06621311856279274,0.06654091815302349,-0.06415279278260765,-0.010724277856364603,0.013205583069521892,0.003998719289056919,0.02636501521906498,-0.02024088088607737,0.03393486267700461,-0.028062615067319406,0.02818469096604864,-0.02378166761961157,0.02412071236560763,-0.06407130140342572,0.06560253012060718,-0.002741913106094255,0.0031002941180441235,0.027798723415733716,-0.026477469077998812,0.03935314052981219,-0.024372167553268428,0.027048481091051922,-0.02316652390695846,-0.010910848303280922,0.024636931016461548,0.03322896765240109,0.005372429828966607,-0.003477905429032409,-0.008365310275037273,-0.02471937989721315,-0.007737658872186769,-0.01263384598162277,0.018683213153088723
0.005234789273537224,-0.05496243191220045,0.24999999999999994,0.013807780447423468,0.010250500296592196,-0.04794232532531038,-0.03387983478264426,-0.05908112219450309,-0.054680220882713036,-0.06624121366604341,0.06549963170260355,-0.06628913900232547,0.004193576728100268,-0.012409035913592513,-0.06744446323983941,-0.0662890357845785,0.05387107925447938,-0.06628919454203218,0.06232717086286068,-0.06628929889212815,-0.0039042315924160765,0.0037861696546036905,-0.011696746694447037,-0.0009451962952885531,-0.057216921596496675,0.05710557972101451,-0.0662891173326776,0.06595099779463372,-0.06628914718997402,0.06375763024912648,0.003732819696392191,-0.005320373133307754,-0.008739639445196625,-0.02665213567773074,0.0209541211191578,-0.035647603536941526,0.029050208849348474,-0.029174580962714896,0.024527286016653698,-0.024867979824019,0.06375051609573443,-0.06525654745398049,0.0017798370813028872,-0.0021431077242135615,-0.028861311708909543,0.027588522046477205,-0.04030251469014165,0.025096387475488494,-0.027710632992845936,0.02391719598822502,0.011724653190785795,-0.024034344158271333,-0.03403862202785638,-0.004942834893717484,0.00406396224717846,0.008916330620442382,0.025107163747473897,0.008401870536528482,0.012609565804465777,-0.018252482504112683
-0.013013554727667662,0.012441653490589004,0.013807780447423468,0.24999999999999994,0.15058030312713663,0.02293655883009077,0.013009698506893442,-0.004155382487275926,-0.007687028003262411,-0.007458618419880873,0.007846353725456308,-0.007449744280476074,-0.008645275966445381,0.02058679923612357,-0.10469388603471229,-0.007449930157711387,-0.002672424373860838,-0.007450124796414813,0.00743843314824721,-0.00745222226511719,0.03015181481667422,-0.030104542746332758,0.024998422707545313,-0.031515771235927616,-0.001034153864311844,0.0010641668657827093,-0.00745015530869305,0.007407434387686804,-0.0074501473799924904,0.0069006613316993735,-0.03015223865650326,0.029152044993619914,-0.022326361977908916,0.00136450347448063,-0.001052307737713386,-0.008059346089090962,0.0051290384072078385,-0.005151603392264263,0.0041972883204855005,-0.0042367561094641985,0.007052428011806214,-0.0070467372656020395,0.0005497227277572885,-0.0006440910238154542,-0.005451966611599368,0.005512901294167498,-0.006756944183878227,0.004119585824642747,-0.004319475793651185,0.004145244805778464,0.00338220044793135,-0.0012904701026973384,-0.009139592536327146,-0.0002592090522200885,0.0013800201043703928,0.0022806973275055755,0.00413066662071245,0.0028976068395584432,0.00218328302157023,-0.0008264576982905719
-0.06688212238830346,0.0032226365575793777,0.010250500296592196,0.15058030312713663,0.2499999999999999,0.07994736988196888,0.03579221604729959,0.04283000166868378,0.024893387679281245,0.04895955035504163,-0.04748025270813815,0.04900026721596854,0.0029509086885052224,0.015641686947691993,-0.09912062809715896,0.04900052572012153,-0.05531580182593349,0.0490003407302743,-0.0456517791540736,0.048996754515936006,0.030447706823574318,-0.030311704653892543,0.028149139357379824,-0.020218267873359678,0.04921909371473113,-0.049100588568068926,0.04900025086191571,-0.04874302155225942,0.04900027813950906,-0.047313133176919084,-0.030288677533361966,0.029945749945076622,-0.012683889912120307,0.025595235416523816,-0.02070479554700572,0.022838390208982897,-0.019699706191162618,0.01978558774751654,-0.016637126919315844,0.016890249929512078,-0.04714872468203568,0.048445282825037315,0.0006713312484597169,-0.0004616578729863527,0.01928402873803623,-0.0181595963161497,0.027850920696293982,-0.01720809049504298,0.01922480569863101,-0.0161704768180436,-0.006461571237074746,0.019348898666195206,0.01988412453654532,0.004065055581664428,-0.0020003025782752847,-0.005259789564864818,-0.017319904106395147,-0.00444467516278883,-0.008646865924434538,0.01458067231360113
-0.19049713122503548,0.06452083708054615,-0.04794232532531038,0.02293655883009077,0.07994736988196888,0.24999999999999986,0.17755449217809838,0.20863451988777754,0.18333046532583908,0.21774537165234487,-0.21361140850842728,0.21795867066974614,-0.06676890875797026,0.13305227815281964,-0.028581627465972533,0.2179597306874814,-0.21797050810299914,0.21795971209897586,-0.20299592778837164,0.21795402852346288,0.07326197581098226,-0.07272617029004885,0.10014744529334532,-0.08000821403618878,0.19765176605087278,-0.19718418415875993,0.21795937941948756,-0.21687093027934445,0.21795950978753253,-0.2103328965814593,-0.07271650096288743,0.07810702055491926,-0.012715407674926533,0.09492545202820354,-0.07411852896644043,0.10788542246363197,-0.09101961645237107,0.09141186265775754,-0.07733412457461408,0.07845009579335523,-0.2098786587389329,0.215149531763031,-0.005556500093904978,0.006654464324502162,0.089757263285679,-0.08516953651344697,0.12737651857662025,-0.07946578091937996,0.08828339383016576,-0.07529269348800323,-0.03403630643437521,0.08210089587578238,0.10144495085213678,0.017186552106650158,-0.01114952383548214,-0.026484548805748583,-0.07969016148169711,-0.02339230945302512,-0.04004153089871578,0.0625782897290829
-0.13457268671863837,0.05027934703831715,-0.03387983478264426,0.013009698506893442,0.03579221604729959,0.17755449217809838,0.24999999999999986,0.1676211056973803,0.14024128432042796,0.1633195355362242,-0.15936988067572633,0.1635323136983654,-0.12186047056741593,0.1878643906296093,-0.08365774368321391,0.1635326141708293,-0.17513304604632268,0.16353250503358063,-0.1522798530147947,0.1635269392155874,0.10293504717018657,-0.10241024470853241,0.1298660885814645,-0.13497831399956875,0.15161166469833331,-0.15118068648288932,0.1635321880319929,-0.16275442474359383,0.16353231898553586,-0.15842647960024428,-0.1025555460680099,0.10779728637773794,-0.04282117427365982,0.07335448625082878,-0.055790718471836837,0.07381534002630408,-0.06534793363378931,0.06562546382946602,-0.05612640750786702,0.05695656855471842,-0.1578251009777079,0.16198697343561602,-0.007217960433958918,0.00798571253657245,0.06380502631389437,-0.060041210590990546,0.09170232522437331,-0.057891043224203124,0.06466506029743493,-0.05456784116827531,-0.022969306806460327,0.06321072737084087,0.06877655227782518,0.013108449708886243,-0.007225923806853451,-0.018201031808154845,-0.057772513742716816,-0.0143648975568092,-0.02879815825746381,0.04896614828052073
-0.16767117688144606,0.06217051113255045,-0.05908112219450309,-0.004155382487275926,0.04283000166868378,0.20863451988777754,0.1676211056973803,0.24999999999999994,0.21526563076898247,0.22821981798811555,-0.22406910178454367,0.22843286906436797,-0.0564155862448937,0.12262641386645468,-0.018310487810492184,0.22843391661535165,-0.21665042120444716,0.22843402951065078,-0.21381460085869367,0.22842830938231845,0.06872718433975067,-0.06818903637074834,0.09560624207936388,-0.06955223525597683,0.20588544636545544,-0.20541082785732667,0.22843369188701604,-0.22728961414895435,0.22843382257010814,-0.2203247587349641,-0.06814302155854772,0.07356115740245489,-0.008054643009169029,0.09890544364207314,-0.07738953031061888,0.11462715118732342,-0.09621828205439771,0.09663160582737737,-0.08164437135042804,0.08281538759171476,-0.21992043275266374,0.2254063066749389,-0.0056842663653638185,0.006847363661126593,0.0949709436417695,-0.09021492646617309,0.13436152060135245,-0.08385354703434017,0.09305590190860637,-0.07950843991725225,-0.03640862518944662,0.08556357977039188,0.10764778851693989,0.01777684486393126,-0.012104781177395003,-0.028229611839673638,-0.08396089686683739,-0.025157249141985107,-0.04210830155265515,0.0652205892407488
-0.14298711772769443,0.05723184907526227,-0.054680220882713036,-0.007687028003262411,0.024893387679281245,0.18333046532583908,0.14024128432042796,0.21526563076898247,0.24999999999999983,0.20443042452974627,-0.20031614968495046,0.20464319580765641,-0.08069432544503634,0.14689124617618737,-0.042509544927690095,0.20464386775735188,-0.1894534300960709,0.20464397510785454,-0.19005360977289582,0.20463830518608167,0.08159076737751635,-0.08105703217624642,0.10851593424937107,-0.09383184039983353,0.18576830405755118,-0.1853091617052704,0.20464364463091594,-0.2036352553452731,0.20464377580246554,-0.19763879526107955,-0.08108086310905453,0.08643879293905316,-0.02106905648242462,0.08935551117211327,-0.06928581675686138,0.09967763442379088,-0.08495644446846966,0.08531965061884747,-0.0723476426692158,0.07339357259492199,-0.19716891280503238,0.20216895168558788,-0.0064463235844491465,0.007465200960597077,0.08358861100121165,-0.07919358006377487,0.11873916300128783,-0.0743936925327687,0.08270436120816699,-0.07042312885687094,-0.03154924494324738,0.0773172569021379,0.09339773893879573,0.016015944417348844,-0.010367041257271465,-0.024593165749922985,-0.07437273711723397,-0.021201966416717077,-0.03720566743572853,0.05927171697998096
-0.18161012197992193,0.06647562684884195,-0.06624121366604341,-0.007458618419880873,0.04895955035504163,0.21774537165234487,0.1633195355362242,0.22821981798811555,0.20443042452974627,0.24999999999999978,-0.2454049538725873,0.24978266600346646,-0.03530035905795179,0.10165162597332401,0.002841464483717722,0.24978400456498304,-0.2281744556688733,0.2497841369568422,-0.23352120500099596,0.24977836035280404,0.05634664676780424,-0.055803431062086725,0.0832465558463765,-0.04844088659017019,0.22419479225784372,-0.22370486977640314,0.2497837944267792,-0.24851576493161073,0.249783925182019,-0.24068959303137294,-0.05570391541876629,0.06118818455109751,0.004561590309871814,0.10718866330493108,-0.08448774853712517,0.12779829611251808,-0.10609885851619998,0.10655767574251913,-0.08981635458325704,0.09109914444209812,-0.24033099122036272,0.24624872447516566,-0.004913896961833831,0.006206172819108072,0.10498302687656363,-0.09990995438846217,0.14824840781127227,-0.09216042733420701,0.10217106263908918,-0.08749242320110011,-0.04060683508654013,0.09306548893108235,0.12056505046687502,0.01950149691922999,-0.013515521967320676,-0.031386000333039586,-0.09252173286384544,-0.028670068065806166,-0.04658426326973045,0.07055109446145322
0.17837002996268833,-0.06622118534050865,0.06549963170260355,0.007846353725456308,-0.04748025270813815,-0.21361140850842728,-0.15936988067572633,-0.22406910178454367,-0.20031614968495046,-0.2454049538725873,0.24999999999999978,-0.2456137450782326,0.032590725457205386,-0.09778262316649315,-0.006010766749166102,-0.2456150782701949,0.22411275135127182,-0.2456152127294791,0.22965052830055915,-0.2456095730262339,-0.05389846281481335,0.053368067112327194,-0.08028109837664096,0.04554663687917685,-0.22028449387751103,0.21980514282515307,-0.24561487796090886,0.24436713904205418,-0.2456150056671725,0.23665512043636613,0.05326613447192013,-0.05864784151766288,-0.0055326310932272285,-0.10528381563760054,0.08301780944431485,-0.12588814181359967,0.10442723360967222,-0.10487888484612551,0.08838735823796152,-0.08964892075089102,0.23631058910053954,-0.2421223005384732,0.004773537112346353,-0.006046346641290278,-0.10334799863442301,0.09836964641770354,-0.14589649357068762,0.09068651222579065,-0.10052493397727262,0.08610301721601082,0.04002307279196727,-0.09145150716711978,-0.1187936702877752,-0.0191622265387027,0.013334149398326244,0.030922347021624906,0.09104319163898737,0.028292390159430407,0.04584356698237882,-0.06931083102415565
-0.18178038541308023,0.06654104252776358,-0.06628913900232547,-0.007449744280476074,0.04900026721596854,0.21795867066974614,0.1635323136983654,0.22843286906436797,0.20464319580765641,0.24978266600346646,-0.2456137450782326,0.24999999999999983,-0.03543440481203197,0.10186343900849207,0.0027551203554381635,0.24999795178887735,-0.22838263302034847,0.24999808414894173,-0.23371945147883513,0.2499923006929479,0.05646298896243386,-0.055919132533024066,0.08339536321558451,-0.048589189378369174,0.2243919450932591,-0.22390148824493963,0.2499977412305234,-0.24872867901178516,0.24999787214476674,-0.24089662865806558,-0.05581975221126285,0.06131038696178963,0.004518424884222592,0.10728355243940652,-0.08456046286457557,0.12789741782318695,-0.10618535214563321,0.10664453879898389,-0.08989041293766889,0.09117429115052557,-0.24053733952670114,0.2464604376251661,-0.004922294402020677,0.006215595717729178,0.1050677300119581,-0.09998985689300496,0.14836976294536078,-0.09223672620701369,0.10225616838752759,-0.08756445376352018,-0.04063778354324623,0.09314761223988234,0.12065787297964481,0.019518630384702182,-0.013525335407805726,-0.03141039231404555,-0.09259805627571188,-0.028690040384613712,-0.046622444591552875,0.07061439732246669
0.036569687227122165,-0.07699661922312138,0.004193576728100268,-0.008645275966445381,0.0029509086885052224,-0.06676890875797026,-0.12186047056741593,-0.0564155862448937,-0.08069432544503634,-0.03530035905795179,0.032590725457205386,-0.03543440481203197,0.24999999999999992,-0.18356802895653665,0.0953208371656124,-0.03543288113867056,0.049347088432049144,-0.03543274120533905,0.030719263097663443,-0.03542759028425532,-0.08780009474389243,0.08749474224743226,-0.10994380152500688,0.1447049708565308,-0.036283766784438544,0.036072620422500874,-0.03543258121088804,0.035331175015604704,-0.03543265945512743,0.03527823917660503,0.08778772886853137,-0.09186619052328908,0.05471059000284678,-0.016453117213901306,0.009735271865997146,-0.00487168275057378,0.00907756972027221,-0.009113080037937222,0.008707297446209709,-0.008872619127153376,0.03476941457818741,-0.03592486466601937,0.007665111806352041,-0.0077622022676191735,-0.007922963502755351,0.006674152514989861,-0.01366936318126106,0.009292831670072665,-0.01102497760720376,0.008336989123050469,0.0008400834952486157,-0.016172597032645123,-0.005437357968515353,-0.0037001558701590218,-0.0006416068078443402,0.001179869073735749,0.009495591106450851,-0.0015987612274739786,0.0048155735031697134,-0.01346839579024925
-0.09865448786990554,0.039795035712569246,-0.012409035913592513,0.02058679923612357,0.015641686947691993,0.13305227815281964,0.1878643906296093,0.12262641386645468,0.14689124617618737,0.10165162597332401,-0.09778262316649315,0.10186343900849207,-0.18356802895653665,0.2499999999999998,-0.1453786151272468,0.10186289427766486,-0.11397493723372851,0.10186271108014681,-0.09227050296030201,0.1018572993263137,0.1351638182767407,-0.1346524675742407,0.1621008938768885,-0.19669178067553786,0.09977618501022859,-0.09938666686731211,0.10186241468246915,-0.10143381562195723,0.10186254603295439,-0.09960761272410681,-0.13497844784132668,0.14004454068676425,-0.0756807624191548,0.04876784196352435,-0.03500230149318037,0.03509210916392343,-0.036078770529674294,0.03622709084104267,-0.03194133136539629,0.03244742262020972,-0.09882932789835859,0.10172951074353583,-0.008888110133148476,0.00928164996020262,0.03424957925921761,-0.031429878791445216,0.05120719403375221,-0.033280085971489584,0.037744285323243844,-0.03093173681338218,-0.010284378833681742,0.04190286769851294,0.03194413726465868,0.008632148226696161,-0.0026407845826494675,-0.008721785365864957,-0.03291820820907545,-0.004140998981351277,-0.0161482670362784,0.03350855752058523
0.0148272665641396,0.036416575421869816,-0.06744446323983941,-0.10469388603471229,-0.09912062809715896,-0.028581627465972533,-0.08365774368321391,-0.018310487810492184,-0.042509544927690095,0.002841464483717722,-0.006010766749166102,0.0027551203554381635,0.0953208371656124,-0.1453786151272468,0.24999999999999983,0.0027554781887383357,0.012416586055420682,0.002755822086440263,-0.004655026417000091,0.0027608176951099753,-0.09993456292937043,0.09970344611361076,-0.10330979535730128,0.13807224432740636,-0.009419779741488667,0.009263667332411971,0.0027559537257902983,-0.0026878878755581454,0.002755897536021097,-0.0015044084708217048,0.09996516013658306,-0.10047681404625954,0.0696373264769506,-0.007360865679529155,0.00397963257166093,0.016203385212531344,-0.007736792728590545,0.007773627420797593,-0.005604700040170009,0.005629577264388125,-0.0020692385432626577,0.0016418340499999328,0.0029360128034452595,-0.00277864098387979,0.008902141932487334,-0.00951799881134142,0.009718806309731277,-0.005237379900972526,0.005009176173155717,-0.005634444983712131,-0.006756938504601801,-0.0031103145704848684,0.017676254370529994,-0.0006818828703654049,-0.0030705865630020713,-0.004359784384399497,-0.005415567971559771,-0.007041044966820348,-0.003013400337623888,-0.0034105381203091934
-0.18178147685006021,0.06654090225024187,-0.0662890357845785,-0.007449930157711387,0.04900052572012153,0.2179597306874814,0.1635326141708293,0.22843391661535165,0.20464386775735188,0.24978400456498304,-0.2456150782701949,0.24999795178887735,-0.03543288113867056,0.10186289427766486,0.0027554781887383357,0.24999999999999983,-0.22838390631635036,0.24999942320777904,-0.23372071611108222,0.24999363974664407,0.05646206733035734,-0.055918210607992805,0.08339465349267536,-0.04858803717602593,0.2243930235365746,-0.22390256571423378,0.24999908028916779,-0.24873001067879794,0.24999921120351662,-0.24089790733821234,-0.05581882763777727,0.0613095055902038,0.004519311095240578,0.10728403362052001,-0.08456086685108548,0.12789825691182397,-0.10618598013382514,0.10664516966951931,-0.08989093484490847,0.09117482006565798,-0.24053862026173942,0.2464617440667892,-0.004922261211779561,0.006215571161524966,0.10506836779300704,-0.09999047567037361,0.14837064070237074,-0.09223725598436151,0.10225674853929444,-0.08756496383007309,-0.04063806026669915,0.09314807393322005,0.1206587094431054,0.019518735457570595,-0.013525430334592565,-0.031410598213657166,-0.09259859836944138,-0.028690267547432438,-0.046622727670359625,0.0706147273355881
0.181935133327279,-0.06313400232005181,0.05387107925447938,-0.002672424373860838,-0.05531580182593349,-0.21797050810299914,-0.17513304604632268,-0.21665042120444716,-0.1894534300960709,-0.2281744556688733,0.22411275135127182,-0.22838263302034847,0.049347088432049144,-0.11397493723372851,0.012416586055420682,-0.22838390631635036,0.24999999999999983,-0.2283838745088868,0.21280154902729653,-0.22837827800046367,-0.0641493760911655,0.06362328950979725,-0.09035128849096104,0.06221641886981527,-0.20592906408834083,0.20546292628879043,-0.22838354320187057,0.22723417483328076,-0.2283836700638485,0.22021455873330434,0.06356181940056149,-0.06886013072140727,0.0049044192378173155,-0.09914565958826696,0.07778325375825886,-0.11527872938052727,0.09641774190803802,-0.0968329529400693,0.08173293532142654,-0.08290475466794103,0.21982381068047163,-0.22529281350972222,0.005046717984746641,-0.006213119004963601,-0.09523941298625452,0.09051561924459178,-0.1346817167159409,0.08393111011748979,-0.09311822075163759,0.07959969342415137,0.03654293687878064,-0.08547721805614009,-0.10822439564522078,-0.01780706844813244,0.012148084986005003,0.028324190858806327,0.08410941128106354,0.025439142072062926,0.042230147770412216,-0.06501519503102485
-0.1817814481150625,0.06654096780393876,-0.06628919454203218,-0.007450124796414813,0.0490003407302743,0.21795971209897586,0.16353250503358063,0.22843402951065078,0.20464397510785454,0.2497841369568422,-0.2456152127294791,0.24999808414894173,-0.03543274120533905,0.10186271108014681,0.002755822086440263,0.24999942320777904,-0.2283838745088868,0.24999999999999983,-0.23372084539063734,0.24999377211306487,0.056461940163338345,-0.055918083524083576,0.08339453291647177,-0.04858784201308945,0.22439312457309718,-0.22390266674230042,0.24999921265164216,-0.2487301422848064,0.24999934356596795,-0.2408980330562195,-0.05581870008122141,0.06130937968912996,0.0045194219108756215,0.10728407712777016,-0.08456090429288562,0.12789834769235223,-0.10618604650241771,0.10664523633057436,-0.0898909894641946,0.09117487538152534,-0.2405387467003744,0.24646187287957147,-0.004922259125739385,0.006215569980391034,0.10506843539502089,-0.09999054163139601,0.14837073181797936,-0.0922373112448454,0.10225680857990664,-0.08756501730528485,-0.04063809146891316,0.09314811688579562,0.1206587987811836,0.019518744486451158,-0.013525441934145267,-0.03141062100221652,-0.09259865422686787,-0.028690293211764216,-0.04662275629670782,0.07061475818662387
0.169173921952734,-0.061966821676857145,0.06232717086286068,0.00743843314824721,-0.0456517791540736,-0.20299592778837164,-0.1522798530147947,-0.21381460085869367,-0.19005360977289582,-0.23352120500099596,0.22965052830055915,-0.23371945147883513,0.030719263097663443,-0.09227050296030201,-0.004655026417000091,-0.23372071611108222,0.21280154902729653,-0.23372084539063734,0.24999999999999942,-0.233724711990874,-0.05115916434510223,0.050655272852625555,-0.0761169086034134,0.04290748192562809,-0.209674394726064,0.20921924195092922,-0.23372052414457775,0.23253326169128216,-0.2337206473605153,0.22518563518901255,0.050556805019602996,-0.055650877600057005,-0.00534795006262065,-0.10023338990979891,0.0790483718885744,-0.1198080578582747,0.09935107906195514,-0.09978093014862702,0.0840818062858417,-0.08528217625876074,0.22486407441880452,-0.2303944747550872,0.004514787001293879,-0.005725847477314314,-0.09833048825166772,0.0935945926882257,-0.1388263988088691,0.08627037396419779,-0.09563306873950574,0.08190848538152928,0.03806360289418113,-0.08703516465349394,-0.1130632038118352,-0.01825305600764001,0.012668956445587022,0.029411092106752527,0.08663332718138676,0.026925505406717433,0.043635934729247115,-0.06594878429389407
-0.18177709761906638,0.0665390055661794,-0.06628929889212815,-0.00745222226511719,0.048996754515936006,0.21795402852346288,0.1635269392155874,0.22842830938231845,0.20463830518608167,0.24977836035280404,-0.2456095730262339,0.2499923006929479,-0.03542759028425532,0.1018572993263137,0.0027608176951099753,0.24999363974664407,-0.22837827800046367,0.24999377211306487,-0.233724711990874,0.24999999999999956,0.05645670951539583,-0.05591287402459928,0.08338918870754213,-0.048582585832030914,0.22438740960239761,-0.22389697373161652,0.24999342921578793,-0.2487243887326688,0.24999356011748522,-0.24089250143759627,-0.05581348458361967,0.061304135682374805,0.0045222694396456495,0.1072808960308845,-0.08455830782058166,0.12789554241291742,-0.10618334961906763,0.10664252976553777,-0.0898885853631001,0.09117243969678228,-0.24053316930042368,0.24645613425488783,-0.004922495072164235,0.0062157822710845355,0.10506582883052305,-0.0999880871976481,0.1483672331707358,-0.09223485725845529,0.10225413160669847,-0.0875626726592412,-0.040637020629256865,0.09314598998403988,0.12065692371731929,0.01951857797040304,-0.013524880638176367,-0.03140977953940046,-0.09259657004514547,-0.028689763369776477,-0.04662194410706014,0.07061297807125355
-0.05477943585517209,0.010875056082715008,-0.0039042315924160765,0.03015181481667422,0.030447706823574318,0.07326197581098226,0.10293504717018657,0.06872718433975067,0.08159076737751635,0.05634664676780424,-0.05389846281481335,0.05646298896243386,-0.08780009474389243,0.1351638182767407,-0.09993456292937043,0.05646206733035734,-0.0641493760911655,0.056461940163338345,-0.05115916434510223,0.05645670951539583,0.24999999999999964,-0.24944933653886606,0.22302795462715083,-0.18826149747163898,0.07981846550439954,-0.07948473150353318,0.05646162798162202,-0.05627657958868122,0.05646171251350902,-0.0558246830062096,-0.24934701977878712,0.24425428077112055,-0.17907693767637706,0.06859557476723101,-0.053394796682363695,0.014741814835505542,-0.023070379931958748,0.02309893478753842,-0.01972709422674941,0.020037356165368208,-0.05525065365743733,0.057963276511087146,0.0011571094158805233,-0.001217990881126522,0.019628413382560102,-0.016823261875707655,0.025934571011103573,-0.021714518954074283,0.024177519914044206,-0.0190124838854046,-0.0036273375038127246,0.025555053621601792,-0.01454452488994436,-0.0008616320627218292,-0.0045210362698454975,-0.004107514668217966,-0.01452148357517933,0.004365631304375367,-0.0016419654522478932,0.02428793500227035
0.05434993235560938,-0.010724040670173124,0.0037861696546036905,-0.030104542746332758,-0.030311704653892543,-0.07272617029004885,-0.10241024470853241,-0.06818903637074834,-0.08105703217624642,-0.055803431062086725,0.053368067112327194,-0.055919132533024066,0.08749474224743226,-0.1346524675742407,0.09970344611361076,-0.055918210607992805,0.06362328950979725,-0.055918083524083576,0.050655272852625555,-0.05591287402459928,-0.24944933653886606,0.24999999999999958,-0.22252222428889262,0.18776259996082856,-0.07928089797418335,0.0789488188290863,-0.05591777228122957,0.05573539210755935,-0.05591785658558809,0.05529538439100103,0.24884304808455965,-0.24374961516482735,0.178819308894995,-0.06831527707017429,0.0531746217085543,-0.014504877327221926,0.022848639517555374,-0.022876305760430506,0.019534518501930397,-0.01984196502183656,0.05472574337665689,-0.057423355406075766,-0.0011641871055293764,0.0012272815155078317,-0.019414262868147323,0.01662289384160161,-0.025630125600539448,0.021515561682986437,-0.023956183916978544,0.01882525086320732,0.0035513987865062554,-0.025342779846483917,0.01473852802161318,0.0008979807991435571,0.0044918801574301845,0.004046174561496517,0.01433276324751974,-0.004407221142964299,0.0015546035820798165,-0.024119444228522774
-0.07595476181944234,0.023540906735133746,-0.011696746694447037,0.024998422707545313,0.028149139357379824,0.10014744529334532,0.1298660885814645,0.09560624207936388,0.10851593424937107,0.0832465558463765,-0.08028109837664096,0.08339536321558451,-0.10994380152500688,0.1621008938768885,-0.10330979535730128,0.08339465349267536,-0.09035128849096104,0.08339453291647177,-0.0761169086034134,0.08338918870754213,0.22302795462715083,-0.22252222428889262,0.2499999999999996,-0.21517773370047297,0.10675369201746268,-0.10639590749383337,0.08339423887485045,-0.08314464306339082,0.0833943145765669,-0.0819437601723623,-0.22242008071396566,0.2273855471707656,-0.1620821035834635,0.0665622270789188,-0.047066287018381225,0.019312838891002142,-0.02232320792935037,0.02239676114916745,-0.01684952717742572,0.017254585840959034,-0.08152534748556971,0.08458349035951616,-0.012780645484986995,0.012897387343587441,0.01923577878884693,-0.0162029353560774,0.033587990584935494,-0.0190110021852393,0.023066739658536378,-0.01596060287284123,0.0015656088618917145,0.040465684123019756,0.007992073338637662,0.01007473897879832,0.0036510994171532227,-0.0005302868052270844,-0.02228277436201537,0.0032920393364238784,-0.011733317339917207,0.03147720378501389
0.05639167088552215,-0.017264941005372073,-0.0009451962952885531,-0.031515771235927616,-0.020218267873359678,-0.08000821403618878,-0.13497831399956875,-0.06955223525597683,-0.09383184039983353,-0.04844088659017019,0.04554663687917685,-0.048589189378369174,0.1447049708565308,-0.19669178067553786,0.13807224432740636,-0.04858803717602593,0.06221641886981527,-0.04858784201308945,0.04290748192562809,-0.048582585832030914,-0.18826149747163898,0.18776259996082856,-0.21517773370047297,0.24999999999999942,-0.07419437504478037,0.07384649807158276,-0.04858754884473751,0.04846104965836663,-0.048587644836134466,0.04878881587009099,0.18808893792355846,-0.1929938737031473,0.1288012352681004,-0.03303186915461184,0.020223932435426584,0.008041902326585986,0.00039697679321246484,-0.00041941726612201174,-0.00013886828754256303,-6.275114709532183e-5,0.0480302419495755,-0.05003453265060526,0.014923108093057826,-0.014886362393053807,0.0018850783400746584,-0.003981175962000927,-0.00833737263667824,0.0011204962194123831,-0.004038475585078642,-0.000639869775596153,-0.011035803175133864,-0.02952540974660033,0.002606420298376617,-0.01140917422540658,-0.009562149873629227,-0.006496210565073003,0.008195686287295103,-0.008463029999784563,0.007609522143056713,-0.021433250557748453
-0.16454101346360656,0.05782915958770474,-0.057216921596496675,-0.001034153864311844,0.04921909371473113,0.19765176605087278,0.15161166469833331,0.20588544636545544,0.18576830405755118,0.22419479225784372,-0.22028449387751103,0.2243919450932591,-0.036283766784438544,0.09977618501022859,-0.009419779741488667,0.2243930235365746,-0.20592906408834083,0.22439312457309718,-0.209674394726064,0.22438740960239761,0.07981846550439954,-0.07928089797418335,0.10675369201746268,-0.07419437504478037,0.24999999999999964,-0.24949873339245954,0.22439282214016154,-0.2231477091282111,0.22439290598663975,-0.21632232210848978,-0.07919163965607291,0.08463139562277426,-0.019366232522243555,0.12995183591539733,-0.11016383128742575,0.10567555263797333,-0.08416018635449346,0.0845875820114129,-0.06888895011079765,0.07005680389239129,-0.21504267569402247,0.22085738205609864,0.019056518600645878,-0.01810774698564396,0.08370150073383145,-0.07897316339333887,0.1258610281368571,-0.07162275382316782,0.08105616185087307,-0.06677961672274532,-0.022462965360100843,0.09388266946496919,0.09544777110527586,0.02485438081708173,-0.0029660232017053993,-0.019610541071576688,-0.0785032881363912,-0.020946197304181697,-0.043197072086245625,0.06516716779290413
0.16416183301526402,-0.05770001359018903,0.05710557972101451,0.0010641668657827093,-0.049100588568068926,-0.19718418415875993,-0.15118068648288932,-0.20541082785732667,-0.1853091617052704,-0.22370486977640314,0.21980514282515307,-0.22390148824493963,0.036072620422500874,-0.09938666686731211,0.009263667332411971,-0.22390256571423378,0.20546292628879043,-0.22390266674230042,0.20921924195092922,-0.22389697373161652,-0.07948473150353318,0.0789488188290863,-0.10639590749383337,0.07384649807158276,-0.24949873339245954,0.2499999999999999,-0.22390236504274805,0.22266151668025483,-0.22390244864155617,0.2158455846649418,0.07886030766049089,-0.08429445562146182,0.01911371480505206,-0.1295738049194015,0.10981654057395498,-0.10530431079560486,0.08385150722959982,-0.0842780508679841,0.06863741283990499,-0.06980239050488896,0.21457208586250454,-0.22037274247930874,-0.01897797215923833,0.018031535304678506,-0.0834002455129684,0.07868451445193722,-0.1255051703861907,0.0713580171276183,-0.08077549823932144,0.06653307012155901,0.022321727132169632,-0.09372970754878031,-0.09529563779531054,-0.024877673089484915,0.0028748468050838185,0.01950431991189672,0.07830557783943151,0.02087420586066352,0.043141604765147834,-0.06502583416241928
-0.1817811795722652,0.06654088132861964,-0.0662891173326776,-0.00745015530869305,0.04900025086191571,0.21795937941948756,0.1635321880319929,0.22843369188701604,0.20464364463091594,0.2497837944267792,-0.24561487796090886,0.2499977412305234,-0.03543258121088804,0.10186241468246915,0.0027559537257902983,0.24999908028916779,-0.22838354320187057,0.24999921265164216,-0.23372052414457775,0.24999342921578793,0.05646162798162202,-0.05591777228122957,0.08339423887485045,-0.04858754884473751,0.22439282214016154,-0.22390236504274805,0.24999999999999972,-0.24872980088664587,0.24999900064871775,-0.24089771134451857,-0.055818853311892576,0.06130951601663576,0.004519178182947268,0.10728425761277036,-0.08456116417788387,0.12789850954698917,-0.10618624255921898,0.10664543191325657,-0.08989119386729313,0.09117507913088002,-0.24053840898483084,0.2464615311501223,-0.004921959690014184,0.006215269109395064,0.10506862770474182,-0.09999073566110435,0.1483707720687244,-0.09223751729446351,0.10225698673333213,-0.08756522271869421,-0.04063830630569625,0.09314784620855622,0.12065846805509664,0.01951849237397299,-0.013525676558539913,-0.03141076930290127,-0.09259860276461208,-0.02869033396352115,-0.04662257691029387,0.07061465389846652
0.1808670515464302,-0.06621311856279274,0.06595099779463372,0.007407434387686804,-0.04874302155225942,-0.21687093027934445,-0.16275442474359383,-0.22728961414895435,-0.2036352553452731,-0.24851576493161073,0.24436713904205418,-0.24872867901178516,0.035331175015604704,-0.10143381562195723,-0.0026878878755581454,-0.24873001067879794,0.22723417483328076,-0.2487301422848064,0.23253326169128216,-0.2487243887326688,-0.05627657958868122,0.05573539210755935,-0.08314464306339082,0.04846104965836663,-0.2231477091282111,0.22266151668025483,-0.24872980088664587,0.24999999999999983,-0.24872993255114936,0.2396954891440716,0.0556402245102125,-0.061126238480307016,-0.004513726572929575,-0.10637272773359059,0.0837314230467331,-0.12688749374638283,0.10532469994258112,-0.10578123662223089,0.08913953123467286,-0.09041567767550185,0.23932807146629065,-0.2452186959369097,0.005241182320010651,-0.006527348122050176,-0.10421161959876915,0.09916203507576646,-0.14737161341173022,0.09146759637034499,-0.10144986149892485,0.08682677747883837,0.04018882585325175,-0.09279829384282365,-0.12016999920008589,-0.019615779601837066,0.013230665326764281,0.03107722202685914,0.09205113253915029,0.028453070891600842,0.046480510916586795,-0.07027660548213827
-0.18178128381896394,0.06654091815302349,-0.06628914718997402,-0.0074501473799924904,0.04900027813950906,0.21795950978753253,0.16353231898553586,0.22843382257010814,0.20464377580246554,0.249783925182019,-0.2456150056671725,0.24999787214476674,-0.03543265945512743,0.10186254603295439,0.002755897536021097,0.24999921120351662,-0.2283836700638485,0.24999934356596795,-0.2337206473605153,0.24999356011748522,0.05646171251350902,-0.05591785658558809,0.0833943145765669,-0.048587644836134466,0.22439290598663975,-0.22390244864155617,0.24999900064871775,-0.24872993255114936,0.2500000000000001,-0.2408978407390204,-0.05581847309819661,0.06130915414046696,0.0045193929964389016,0.10728414419796112,-0.08456117125067515,0.12789861434289723,-0.10618635122408912,0.10664554085972985,-0.08989129477872015,0.09117518080787947,-0.24053853507404016,0.24646165969239314,-0.00492197034697518,0.006215280977706387,0.10506873242260936,-0.09999083783390644,0.14837088627697181,-0.09223761832959047,0.10225709072557512,-0.08756532199264602,-0.040638380781062584,0.09314786249964663,0.12065854705654713,0.019518469005362617,-0.013525724501026229,-0.03141082065552845,-0.09259866761346218,-0.028690366751717787,-0.04662258947993229,0.07061468560304322
0.17533480580724353,-0.06415279278260765,0.06375763024912648,0.0069006613316993735,-0.047313133176919084,-0.2103328965814593,-0.15842647960024428,-0.2203247587349641,-0.19763879526107955,-0.24068959303137294,0.23665512043636613,-0.24089662865806558,0.03527823917660503,-0.09960761272410681,-0.0015044084708217048,-0.24089790733821234,0.22021455873330434,-0.2408980330562195,0.22518563518901255,-0.24089250143759627,-0.0558246830062096,0.05529538439100103,-0.0819437601723623,0.04878881587009099,-0.21632232210848978,0.2158455846649418,-0.24089771134451857,0.2396954891440716,-0.2408978407390204,0.25,0.055207845818423286,-0.06066289284654465,-0.0043773121896799475,-0.10187815775437742,0.08026126472021426,-0.1215138693122218,0.10123523302366387,-0.10167672071258925,0.08555851216161223,-0.08679205702705994,0.2318068783333614,-0.23751926779186944,0.00554836382983595,-0.006788643296468304,-0.10005486022551326,0.09515771048980591,-0.14197965340507204,0.0879120492672915,-0.0976126405909357,0.0833171845489261,0.038346964355990915,-0.090216812658568,-0.11635515555938702,-0.019413199399074422,0.012311732508419314,0.029687728876834397,0.08888410496564295,0.027196833803347708,0.04516393714969234,-0.06820295598217714
0.05432009126246019,-0.010724277856364603,0.003732819696392191,-0.03015223865650326,-0.030288677533361966,-0.07271650096288743,-0.1025555460680099,-0.06814302155854772,-0.08108086310905453,-0.05570391541876629,0.05326613447192013,-0.05581975221126285,0.08778772886853137,-0.13497844784132668,0.09996516013658306,-0.05581882763777727,0.06356181940056149,-0.05581870008122141,0.050556805019602996,-0.05581348458361967,-0.24934701977878712,0.24884304808455965,-0.22242008071396566,0.18808893792355846,-0.07919163965607291,0.07886030766049089,-0.055818853311892576,0.0556402245102125,-0.05581847309819661,0.055207845818423286,0.2500000000000001,-0.24449842490392137,0.17934109122913514,-0.06828587324840789,0.05312327010122687,-0.014354302444977231,0.02277021857930155,-0.022797375901139314,0.019471802793989582,-0.019778585230237306,0.054635545649286556,-0.05733433404510414,-0.0010995358666025291,0.0011644758965891607,-0.01932496110821417,0.016530744722484194,-0.025517850690712614,0.021457216473470476,-0.02389594046241567,0.018763946408013446,0.0035027773962672086,-0.025321364619561675,0.01488923515584685,0.0009084746372509867,0.0044747211468861734,0.004012991809351248,0.014268945890599356,-0.004463316739973062,0.0015167829558562613,-0.024120694012901744
-0.05859217076212532,0.013205583069521892,-0.005320373133307754,0.029152044993619914,0.029945749945076622,0.07810702055491926,0.10779728637773794,0.07356115740245489,0.08643879293905316,0.06118818455109751,-0.05864784151766288,0.06131038696178963,-0.09186619052328908,0.14004454068676425,-0.10047681404625954,0.0613095055902038,-0.06886013072140727,0.06130937968912996,-0.055650877600057005,0.061304135682374805,0.24425428077112055,-0.24374961516482735,0.2273855471707656,-0.1929938737031473,0.08463139562277426,-0.08429445562146182,0.06130951601663576,-0.061126238480307016,0.06130915414046696,-0.06066289284654465,-0.24449842490392137,0.2499999999999999,-0.1841613071366603,0.07326038114691447,-0.05401978296672338,0.015541729288957858,-0.020153132599910778,0.020184987918874037,-0.015562754394235916,0.01587866600702229,-0.059998130457918526,0.0627903327589422,-0.003081463572327921,0.0030325309381609017,0.017015613088760526,-0.01420033483563909,0.025414309305949064,-0.01776266427612134,0.02064845379289058,-0.014849011423729734,0.00038997469239710945,0.02996984309479492,-0.010113959526053928,0.0033235529486083984,-0.00042404652226942196,-0.0013399221408935858,-0.015200836192026002,0.004847240400712142,-0.004505498756209607,0.025639662969108294
