x1,x2,x3,x4,x5,x6,x7,x8,x9,x10,x11,x12,x13,x14,x15,x16,x17,x18,x19,x20,x21,x22,x23,x24,x25,x26,x27,x28,x29,x30,x31,x32,x33,x34,x35,x36,x37,x38,x39,x40,x41,x42,x43,x44,x45,x46,x47,x48,x49,x50,x51,x52,x53,x54,x55,x56,x57,x58,x59,x60
0.25000000000000006,-0.0887912402121593,0.08721725638373173,-0.08468396033307402,0.08465763529199741,-0.08453224447463699,0.08447092285580736,-0.08463938915381389,0.08453039270428288,-0.08465925031119195,-0.17081781441040486,0.12315234729339117,-0.10616974153822,0.09575439590849992,-0.08149888482132525,0.06511633465913541,-0.055801148203437276,0.049670559702770636,-0.046006304311352365,0.04237733365650718,0.05595411410283071,-0.06105546314377058,0.05702679325073595,-0.054598950848229966,0.04654813027506772,-0.045491630169210824,0.04521453046711583,-0.045071390904454584,0.04544203023904736,-0.04559481673175621,-0.05565372899127392,0.04542488641772291,-0.03361601574508575,0.021501651901571762,-0.015145197143408139,0.0012629685827204383,0.005877438001697782,-0.027083632781781223,0.0367554216294031,-0.05148857751411998,-0.005718904667285453,0.012837288887948104,-0.02516078731726135,0.038016434101408036,-0.0536949470123945,0.058192742418290436,-0.06260021192318867,0.06124816251299383,-0.058027701939255986,0.05247499962581554,-0.006041986811910631,-0.07760217982478809,0.07760691626513205,-0.08438526933539596,0.08433985438364096,-0.0845792655211345,0.08460103036507793,-0.08460526505013438,0.0846297586282735,-0.08466001561354285
-0.0887912402121593,0.2499999999999999,-0.24823019160545132,0.24588825074637535,-0.24584336065386456,0.24566592273433355,-0.24561167034530992,0.24578949208377493,-0.24557803641024392,0.24585707906580734,0.16506934962548542,-0.20517125943686731,0.20800737835262467,-0.2115582016154274,0.20744565383509336,-0.1862431051307679,0.18395414371715307,-0.1759084463973289,0.1644674499577764,-0.15591228758740358,-0.11099441830296754,0.12314089560980163,-0.13932420590541938,0.13387527937997606,-0.11807858806137421,0.11222214537359072,-0.11716474358696626,0.13779112282034145,-0.15040818783376675,0.16250396173526072,0.12747912079953588,-0.10656555979764362,0.0833887566229456,-0.05489687597798229,0.038846426070859225,0.0008833705129307344,-0.021837533977955233,0.08274389621429534,-0.11051984800934223,0.15223723717436213,0.025990991341686955,-0.04868855482905097,0.08087802907498638,-0.11348457311963862,0.15781449278446175,-0.17046336874800963,0.18308921535480419,-0.17939137009122713,0.1704117830471443,-0.1549970537024302,0.013945253883606255,0.22665036034573055,-0.22667724387761487,0.2450815290854877,-0.24495212952690662,0.24563155704484088,-0.24569596930198564,0.2457056987314375,-0.24577823663686513,0.24586428877955288
0.08721725638373173,-0.24823019160545132,0.24999999999999983,-0.24738238935033868,0.24733718332116678,-0.2471588438485468,0.24710474661603996,-0.24728283226199915,0.2470705913237663,-0.24735084877959734,-0.16584195386448664,0.20662513474465857,-0.20961976837540366,0.21317097836473137,-0.20895960113318762,0.18757266303598646,-0.18519042539448397,0.17710566521792526,-0.16560979510303148,0.1570317383440565,0.11209130366740061,-0.12433921619109407,0.1406788287123139,-0.1351893060009375,0.11928699810946786,-0.11336703868070813,0.11830346072495465,-0.13893451500174092,0.1515641031226788,-0.16367632306140073,-0.12871319853763508,0.10766947411572396,-0.08435054474149915,0.05566016063097097,-0.0394958827194579,-0.0005354308657387968,0.021653469163942955,-0.08302347897992468,0.11101075623056895,-0.15303831012036084,-0.02591762218240239,0.04871924003626029,-0.0811435251315573,0.11398368100797031,-0.1586463863628497,0.1713898641710621,-0.1841139468467538,0.1803880378191687,-0.17134411159746574,0.1558193073695786,-0.014173202577385073,-0.22800242318341363,0.22802919615919456,-0.2465694670792008,0.2464390954044473,-0.2471238344911269,0.24718854779981786,-0.24719852856685562,0.24727142406668612,-0.24735811266862165
-0.08468396033307402,0.24588825074637535,-0.24738238935033868,0.25000000000000006,-0.24995094781213822,0.24977330777297058,-0.24971978926684335,0.2498970522853444,-0.24968567567613062,0.2499659471128607,0.1633165757246984,-0.20407071744597285,0.20703010405333627,-0.2113779417885269,0.2085867233365429,-0.18809674226907416,0.1870565389046763,-0.1791404330163515,0.16738975787858526,-0.15854514419050414,-0.10953224465674832,0.12175708187387593,-0.13822402545552875,0.13274694005987794,-0.11687604291340742,0.11101261000193532,-0.1164021341612494,0.13865285704714272,-0.15216889741979397,0.1651146873959399,0.12626195876142332,-0.10519281543043771,0.08186736672550336,-0.05317505157987886,0.036997095492036766,0.003036442794486728,-0.024130021050383355,0.08549504271458949,-0.1134806611684935,0.15554753955289022,0.027954632470572484,-0.05126068468556616,0.08369201667915595,-0.1165478219738181,0.16122656222736803,-0.17397577762465635,0.18668330905417627,-0.18295960753334142,0.17389241114628584,-0.1583260124429215,0.013255325860822167,0.23060814353642736,-0.23063728838755174,0.24918436380919773,-0.24905393112271335,0.2497375232814099,-0.24980356049228708,0.2498122848752714,-0.24988654383104944,0.24997334004806518
0.08465763529199741,-0.24584336065386456,0.24733718332116678,-0.24995094781213822,0.24999999999999986,-0.2497731475925814,0.24971929472937066,-0.24989635744979843,0.24968504306504816,-0.24996525733097924,-0.16328808313266288,0.20404349097032917,-0.20700663002949357,0.2113658017836195,-0.2085981429597363,0.18811621487344363,-0.18708684969930447,0.17917217983884365,-0.16741959489631247,0.15857301922599149,0.10951607997116354,-0.12174063056737051,0.13820834497953816,-0.13273389382537867,0.11686959526688322,-0.11101031978131626,0.11640319607955876,-0.13866673815118377,0.15218962581700665,-0.16514194625672243,-0.12624646232651662,0.10518124273809597,-0.08185953636142342,0.0531708552940879,-0.03699422164784995,-0.0030384469125997195,0.024131314313611135,-0.08549547501129533,0.11348069498159169,-0.15554731210677034,-0.02795960481361814,0.05126640938071972,-0.0836957344831934,0.11654895473317042,-0.16122694235637233,0.1739758866747272,-0.18668321539425223,0.18295948533571446,-0.17389225627526023,0.1583257682412458,-0.013252773547247859,-0.23060817885521356,0.2306373288565621,-0.24918368293914184,0.24905325161512193,-0.2497368355130474,0.24980287301800352,-0.24981159635195704,0.24988585541561714,-0.24997265091410675
-0.08453224447463699,0.24566592273433355,-0.2471588438485468,0.24977330777297058,-0.2497731475925814,0.24999999999999986,-0.2495417878896021,0.24971878612949924,-0.24950755062452068,0.24978763128421097,0.16311751233475458,-0.20385633716688148,0.20681666413160504,-0.21116997620702158,0.20839609360240793,-0.1879274000454453,0.18690199937822163,-0.17898994998860193,0.16724826346673774,-0.15840820220963167,-0.10938879587938727,0.12160094401051412,-0.1380580078709576,0.13258397086781495,-0.11672223526502636,0.11086128750286325,-0.11625258124915486,0.13850613130539152,-0.15202263242420422,0.16496851600012824,0.12610709109273463,-0.10505345328460124,0.08174604239502535,-0.05307703654676716,0.03691265783822649,0.0030841140232661254,-0.02415800407779779,0.08546638062782726,-0.11342618273812745,0.15545481644554185,0.027966530108956566,-0.05126066909753853,0.08366367674572028,-0.11649149730138096,0.1611294759204732,-0.173867127523381,0.18656262390897282,-0.18284247408136944,0.17378329471733206,-0.1582306556479554,0.013226128663832796,0.230447058075647,-0.23047622058613135,0.24900676354950835,-0.24887645022484922,0.2495593872014773,-0.24962539009208434,0.2496340810358947,-0.2497082989846096,0.2497950170012117
0.08447092285580736,-0.24561167034530992,0.24710474661603996,-0.24971978926684335,0.24971929472937066,-0.2495417878896021,0.2499999999999997,-0.2496652508789964,0.24945513482030562,-0.2497341156503361,-0.16308390688232272,0.20381203968216974,-0.2068089702206869,0.21128578535141226,-0.20873904623770426,0.18829831258114568,-0.18727471702025325,0.1793631339783556,-0.16761402730161282,0.15876784156487853,0.10945737135850477,-0.12168259066710518,0.13814777008463353,-0.13272407168459124,0.11698693828228666,-0.11120292421085444,0.11659407854476603,-0.13885953657466862,0.15238164714847524,-0.16533424951966108,-0.12618985485841813,0.10520128081783711,-0.08195248764342888,0.053333659611678304,-0.037182813941701934,-0.002837867782087716,0.02392384097240032,-0.08528161779301043,0.11326379735897801,-0.15532607077123292,-0.02786560650610362,0.051143899176274946,-0.08353645642512791,0.11634042725839924,-0.16100801824578112,0.1737527271130694,-0.18645983629788687,0.18273536154212033,-0.1736693395867994,0.1581046870897295,-0.01329747935611071,-0.2303898556312916,0.23041889408999122,-0.24895262163086568,0.24882220491443846,-0.2495058317624631,0.2495717565375012,-0.2495805816096097,0.2496547226254914,-0.2497415045990426
-0.08463938915381389,0.24578949208377493,-0.24728283226199915,0.2498970522853444,-0.24989635744979843,0.24971878612949924,-0.2496652508789964,0.2499999999999998,-0.24963117871235585,0.2499113677662152,0.1632418419208216,-0.20398525414541757,0.20694339550030563,-0.21129553881537644,0.2085151640300192,-0.188033325330892,0.18700337019877544,-0.1790890111286634,0.16733944758252658,-0.1584954642519142,-0.10947281364115548,0.12169273499947929,-0.13815535076054897,0.13267827212744346,-0.11680808889573192,0.11094422588449912,-0.11633600476230223,0.13859384796266896,-0.15211338387963236,0.16506232405746585,0.12619776200193877,-0.10513261316269995,0.0818121425062546,-0.0531270156223329,0.03695357322869082,0.003066403893440478,-0.02415263425307707,0.08549629523419806,-0.11347218468733615,0.15552479923243187,0.027967149822177483,-0.05127079982537935,0.08369231291335512,-0.11653874379720118,0.16120235263740873,-0.1739473124952692,0.18665023884987583,-0.18292790046022822,0.17386363532907143,-0.15830226530226113,0.013240594241571186,0.2305597536398315,-0.23058891451933533,0.24913005309967554,-0.24899966510197052,0.2496830048026482,-0.24974903547367006,0.24975774118539038,-0.24983199129632788,0.24991875853403125
0.08453039270428288,-0.24557803641024392,0.2470705913237663,-0.24968567567613062,0.24968504306504816,-0.24950755062452068,0.24945513482030562,-0.24963117871235585,0.24999999999999983,-0.24970000104879614,-0.16305216419518972,0.2037769344560565,-0.20676994814248698,0.21120617506450814,-0.2086591598462138,0.18828442953379754,-0.1872931490956313,0.17941267863793103,-0.16768693796728795,0.158840158537715,0.10944339963727093,-0.12167031660847469,0.13813617030646352,-0.1327255221046009,0.11702041231375226,-0.1112557783025934,0.11664905998094742,-0.1389161782066726,0.1524390113598307,-0.16539238080268842,-0.1261780443055702,0.10520757911645376,-0.08197700425520298,0.05337451785312675,-0.03722894679104358,-0.002790523441916279,0.023875610573175828,-0.08523716634268362,0.11322103369369782,-0.1552859849691194,-0.027848599807805723,0.051122491488594594,-0.0835076065712334,0.11630086507463927,-0.1609693674354741,0.17371393527317774,-0.1864220787532446,0.182697076922221,-0.17363052022179434,0.15806488363382745,-0.013307806145686702,-0.23035760487887502,0.23038662197799128,-0.24891846086098937,0.24878803633729013,-0.2494717330086538,0.2495376362804799,-0.24954648670198262,0.24962060560511373,-0.24970739190376037
-0.08465925031119195,0.24585707906580734,-0.24735084877959734,0.2499659471128607,-0.24996525733097924,0.24978763128421097,-0.2497341156503361,0.2499113677662152,-0.24970000104879614,0.25000000000000006,0.16328862083290266,-0.20404137160555605,0.20700054451872738,-0.21135515214370723,0.20857633161753322,-0.18809438955474936,0.18706585851173368,-0.1791512869888741,0.16739878496769967,-0.158552125434712,-0.10950566648837987,0.12172981862223248,-0.13819726002481333,0.13272034665800622,-0.11684993163626063,0.11098702076369579,-0.11638036556367139,0.13864463221818854,-0.15216803799360135,0.16512073796494575,0.1262356977656853,-0.10516687516245829,0.08184199130717036,-0.0531505200337724,0.03697297498563552,0.0030590863330065845,-0.024151654971239955,0.08551430489745501,-0.1134988473844136,0.15556448522576247,0.027971875574409766,-0.051281585051856364,0.08371186243368786,-0.11656671520099879,0.1612439235959862,-0.17399271609128847,0.18669961514721248,-0.18297607591729612,0.17390901331465444,-0.15834282964190804,0.013246551479549442,0.23062307763068798,-0.2306522426718405,0.24919871148924835,-0.249068283197978,0.2497518389682409,-0.24981788572578678,0.24982659833905949,-0.24990086689086025,0.2499876607914495
-0.17081781441040486,0.16506934962548542,-0.16584195386448664,0.1633165757246984,-0.16328808313266288,0.16311751233475458,-0.16308390688232272,0.1632418419208216,-0.16305216419518972,0.16328862083290266,0.2499999999999996,-0.20188583479455516,0.18471496246054128,-0.1736518439796138,0.1558055329258916,-0.1316997322449487,0.12003369826646139,-0.11239458157437317,0.10542529766173199,-0.10018747627985024,-0.11485952488979852,0.12598904266683736,-0.1286936625807073,0.1236432319213807,-0.11014019667353643,0.10524581875052608,-0.10453051704664103,0.10428330260944454,-0.10515919421297026,0.10611682506289172,0.12103204058045734,-0.10404002833570906,0.08512856514729635,-0.06281051806771093,0.05051943147416265,-0.020529196450361355,0.00450275852787701,0.0414308515700398,-0.06238297746840546,0.09351004230989882,0.0012493879775336426,-0.013877996423062413,0.03857089008892065,-0.06367405866113579,0.09707273395818267,-0.10660562738767357,0.1162839028876997,-0.11347558048067796,0.10689595737583046,-0.09561559050695809,0.01870477082876621,0.14872551349419333,-0.14872429885685792,0.1627044672728286,-0.1626072749735283,0.1631301425670359,-0.1631674611571046,0.16318555185827965,-0.16322867295484653,0.16329272729404548
0.12315234729339117,-0.20517125943686731,0.20662513474465857,-0.20407071744597285,0.20404349097032917,-0.20385633716688148,0.20381203968216974,-0.20398525414541757,0.2037769344560565,-0.20404137160555605,-0.20188583479455516,0.24999999999999978,-0.2327507267621699,0.22075168975234208,-0.19979191594414394,0.17021286645078432,-0.15555483919439983,0.14676727445783952,-0.13824221219744318,0.1322417969103171,0.1527016667773785,-0.1664892320670976,0.17223280672025548,-0.1653366894925673,0.14863797895626274,-0.14131212377116845,0.13998001558929457,-0.13849102317019626,0.13899490144395932,-0.13981560463210574,-0.16155610823815736,0.14079474450073132,-0.1178507735076885,0.08974575194222291,-0.07411651755277293,0.03504768707296707,-0.01392486593904086,-0.04605921268168065,0.07342492764881073,-0.1137479283562144,0.004355274590787167,0.010727882435584575,-0.042418854801988364,0.07443969904153504,-0.11786488793338035,0.13024218613671268,-0.1429516113666355,0.13933072887283438,-0.1309051742294251,0.11648852242109292,-0.027483451158871443,-0.18523478732507098,0.1852270257948404,-0.2032809774905828,0.20315447361213368,-0.203840019958728,0.2038841982575496,-0.20391202979476283,0.20396372997495607,-0.20404678254503358
-0.10616974153822,0.20800737835262467,-0.20961976837540366,0.20703010405333627,-0.20700663002949357,0.20681666413160504,-0.2068089702206869,0.20694339550030563,-0.20676994814248698,0.20700054451872738,0.18471496246054128,-0.2327507267621699,0.24999999999999972,-0.23226623597706614,0.21023875036517714,-0.17897812554775155,0.1628062965727959,-0.15323500105991955,0.1446915537791671,-0.1389506328417943,-0.14578486844896443,0.15859961291825375,-0.17040836939246815,0.16447346001620214,-0.1482059674562147,0.14158466309430892,-0.14103765152702677,0.1422730507398002,-0.1442281641043444,0.14633687070915602,0.15886053744460335,-0.13839169660177322,0.11547232178229114,-0.08731463530380293,0.07164926031693232,-0.03256873350665738,0.011640035888209851,0.04832859405632134,-0.07567173872859455,0.11621375391527522,-0.0018569618798974846,-0.013664388176974594,0.045342289254300776,-0.07734663878705209,0.12078637529285266,-0.13316838644317625,0.14581619464663756,-0.14214091218588995,0.1336030518680928,-0.11896589388384991,0.0259844733651647,0.1881918968977612,-0.18818618865610554,0.2062399687056181,-0.20611339491562294,0.20679764420059524,-0.20684331735779285,0.20686973033888445,-0.20692286337082305,0.20700614774678308
0.09575439590849992,-0.2115582016154274,0.21317097836473137,-0.2113779417885269,0.2113658017836195,-0.21116997620702158,0.21128578535141226,-0.21129553881537644,0.21120617506450814,-0.21135515214370723,-0.1736518439796138,0.22075168975234208,-0.23226623597706614,0.24999999999999986,-0.22760446489599898,0.19500218585733625,-0.1772575909073438,0.16711145011910936,-0.15836086632603363,0.15263872176033352,0.14803203385450972,-0.16036746343413555,0.1767790129240213,-0.17135675522140464,0.15515011681579713,-0.14875213941519577,0.14893437736518503,-0.15302491569338544,0.15651766864466823,-0.1600744393325233,-0.1643515504171715,0.14379603840563746,-0.12047840424993075,0.09166608126439242,-0.07560861875004324,0.03539831514281916,-0.013986718209442452,-0.04771056303999772,0.07583150091527562,-0.117668109427124,0.0029177040456761466,0.012666166215871558,-0.04515827226475902,0.0779358656075036,-0.12262928314541019,0.13536417841786583,-0.1483631177332111,0.1445337894067694,-0.13569187154897275,0.12051419868554841,-0.026933412393121626,-0.1920354486038048,0.19202772631426968,-0.21057258064909265,0.21044231205396902,-0.2111475225795084,0.2111936528957609,-0.21122169059025983,0.21127539197696932,-0.21136114703195802
-0.08149888482132525,0.20744565383509336,-0.20895960113318762,0.2085867233365429,-0.2085981429597363,0.20839609360240793,-0.20873904623770426,0.2085151640300192,-0.2086591598462138,0.20857633161753322,0.1558055329258916,-0.19979191594414394,0.21023875036517714,-0.22760446489599898,0.24999999999999972,-0.2152266413928482,0.19660612886830214,-0.18501112750018378,0.17544601860070994,-0.16919036452901373,-0.13018127342791938,0.1425861074280857,-0.15887520617925607,0.15720660937690953,-0.15058857265495565,0.15016373295223223,-0.15201681179130297,0.16259347657750406,-0.16953281855865684,0.17639048079784278,0.14686154929478698,-0.13175011891175084,0.11375535872803058,-0.09008754727420153,0.07586097422914517,-0.036505303499780775,0.015687998578953075,0.045529123721252854,-0.07342650626952417,0.1151255400100558,0.0012296563430841737,-0.017494146358427658,0.047317745140138305,-0.07655453622480712,0.12056773490683022,-0.13302205040616208,0.14592150132262924,-0.1420609051244161,0.13319929521021023,-0.11796659100403023,0.02532716384680977,0.19014977644243036,-0.190146952399796,0.20779860718212423,-0.20766909564038896,0.20837113689187922,-0.2084161832434657,0.20844485583522593,-0.2084973173438902,0.2085826328362479
0.06511633465913541,-0.1862431051307679,0.18757266303598646,-0.18809674226907416,0.18811621487344363,-0.1879274000454453,0.18829831258114568,-0.188033325330892,0.18828442953379754,-0.18809438955474936,-0.1316997322449487,0.17021286645078432,-0.17897812554775155,0.19500218585733625,-0.2152266413928482,0.24999999999999997,-0.23110342168468687,0.2182709084180707,-0.20796499162275076,0.20095358907973046,0.10699773467713333,-0.11976089014071534,0.13586092362254285,-0.1432635017566514,0.1595594560700204,-0.17288151042832595,0.17553160265744466,-0.19017004669194892,0.19911806564670062,-0.20801235738712184,-0.12458097358932717,0.12264201233150408,-0.1173386772612737,0.10573753113266908,-0.09576563871819121,0.05762078704912711,-0.0375562206549139,-0.0239530281806173,0.051968732386967045,-0.0939613050426848,0.002967047383215648,0.011832519989864523,-0.03574685920136891,0.05686471998566929,-0.10009566403019846,0.11210425123352442,-0.12518070541785734,0.12115685016317745,-0.11223585558349868,0.09686801471920801,-0.02858750283215008,-0.1715036853966032,0.17149635139441471,-0.18731240998562562,0.18718224960973054,-0.1879004943537695,0.187934592390452,-0.1879743076800492,0.18801535887409282,-0.18810074121749817
-0.055801148203437276,0.18395414371715307,-0.18519042539448397,0.1870565389046763,-0.18708684969930447,0.18690199937822163,-0.18727471702025325,0.18700337019877544,-0.1872931490956313,0.18706585851173368,0.12003369826646139,-0.15555483919439983,0.1628062965727959,-0.1772575909073438,0.19660612886830214,-0.23110342168468687,0.24999999999999994,-0.23392098888324894,0.2222385060191131,-0.21377225928713986,-0.09464486666219236,0.10739632428231763,-0.1233896701875086,0.13290917423371443,-0.15451420084627937,0.17087118794772804,-0.1755809070348091,0.19630034411243405,-0.20848216695899008,0.22045917163959566,0.11237107096331773,-0.1135452036357531,0.11155377300488356,-0.10306144033101873,0.09416772540336178,-0.05667649188569308,0.037057027285752615,0.02390097287904539,-0.05166296767404972,0.09341639348695606,0.0006352859942858139,-0.01603409135567884,0.038261667672273965,-0.05718371224297615,0.09984534422139241,-0.11164437295492143,0.12459653311915848,-0.12057227085854365,0.1116645959082592,-0.09630624974154736,0.026969969658174327,0.1710713094630087,-0.17106813947200997,0.18629001632076628,-0.1861608292028215,0.18687349227640654,-0.1869075228117585,0.18694675985853162,-0.1869876424266837,0.1870724575037097
0.049670559702770636,-0.1759084463973289,0.17710566521792526,-0.1791404330163515,0.17917217983884365,-0.17898994998860193,0.1793631339783556,-0.1790890111286634,0.17941267863793103,-0.1791512869888741,-0.11239458157437317,0.14676727445783952,-0.15323500105991955,0.16711145011910936,-0.18501112750018378,0.2182709084180707,-0.23392098888324894,0.25000000000000017,-0.2381852203250962,0.2293185297308655,0.09478922958715055,-0.10769612774552267,0.12368889319158831,-0.13514378875749047,0.16161954441336732,-0.18078512266837535,0.18648147817867256,-0.20948155674083485,0.222803991323937,-0.2359249698487059,-0.11266156308465095,0.11670613436799822,-0.1176630161317662,0.11177281775700479,-0.10372558814270998,0.0662434772256323,-0.04668273263895142,-0.014711485709468446,0.04266620394655839,-0.08475063804865178,0.0038735219006415054,0.010322736527011505,-0.03138774812019484,0.04861394358564777,-0.0913834881001468,0.10316211281942639,-0.11625757346875212,0.11214468596334713,-0.10317097436748292,0.08768470525489139,-0.02928393951666715,-0.16346672711832258,0.16345787702476364,-0.17836966511087873,0.1782395461300946,-0.17896279630189796,0.1789922693713636,-0.17903647260169034,0.17907263401404558,-0.17915789972842797
-0.046006304311352365,0.1644674499577764,-0.16560979510303148,0.16738975787858526,-0.16741959489631247,0.16724826346673774,-0.16761402730161282,0.16733944758252658,-0.16768693796728795,0.16739878496769967,0.10542529766173199,-0.13824221219744318,0.1446915537791671,-0.15836086632603363,0.17544601860070994,-0.20796499162275076,0.2222385060191131,-0.2381852203250962,0.2500000000000002,-0.24023263041966772,-0.08999622828020083,0.10277169161603839,-0.11860710467695545,0.13067237039911916,-0.1583299951876933,0.1782630502406023,-0.18470915762593465,0.20761600029532767,-0.22095345591916263,0.23394820846772127,0.10768064074975142,-0.11288468677125964,0.11534996913998907,-0.11093192268921,0.10354077236452823,-0.06888368607203203,0.050926809341450004,0.008367016758017608,-0.03535832737574232,0.07607263177161384,-0.005830580038838796,-0.007048082301571688,0.02641181957871363,-0.041884166768234816,0.08280797024773656,-0.09399022190191854,0.10665682596217392,-0.10263251292444353,0.09393950021179057,-0.0789229964479411,0.028928455464705453,0.15258068765931534,-0.1525686615882875,0.16664361922910667,-0.16651794797836847,0.16721980808170764,-0.16724535135054272,0.16729089554744872,-0.1673227408046409,0.16740502660139692
0.04237733365650718,-0.15591228758740358,0.1570317383440565,-0.15854514419050414,0.15857301922599149,-0.15840820220963167,0.15876784156487853,-0.1584954642519142,0.158840158537715,-0.158552125434712,-0.10018747627985024,0.1322417969103171,-0.1389506328417943,0.15263872176033352,-0.16919036452901373,0.20095358907973046,-0.21377225928713986,0.2293185297308655,-0.24023263041966772,0.2500000000000002,0.0900431798802454,-0.10284909778631475,0.11868037010086865,-0.1313812634731403,0.16046769951359474,-0.18122279629573473,0.18977461011251634,-0.2130831375375516,0.2267552937660533,-0.23982792529667973,-0.10773026477685364,0.11395527928277133,-0.11851084359772011,0.11562125059635585,-0.10861659584110152,0.07535310966791846,-0.05806525803353045,-0.0007453270233372178,0.02751046123093552,-0.06791799962438928,0.00914513262189257,0.002403928129365764,-0.020577390061282334,0.034581341226332364,-0.07481651047122721,0.08573680821493658,-0.09833662772183004,0.09429647316058276,-0.08567198331661353,0.07076234924680584,-0.029772805366997432,-0.1442149601680132,0.14419777626246752,-0.1578029169453887,0.1576782934562999,-0.15837867897213992,0.1584001441002811,-0.15844907710283013,0.15847662015621788,-0.15855809222709732
0.05595411410283071,-0.11099441830296754,0.11209130366740061,-0.10953224465674832,0.10951607997116354,-0.10938879587938727,0.10945737135850477,-0.10947281364115548,0.10944339963727093,-0.10950566648837987,-0.11485952488979852,0.1527016667773785,-0.14578486844896443,0.14803203385450972,-0.13018127342791938,0.10699773467713333,-0.09464486666219236,0.09478922958715055,-0.08999622828020083,0.0900431798802454,0.25000000000000006,-0.23298966445608685,0.21666046319006352,-0.19940669065428374,0.17533762781458598,-0.1519480074773707,0.1435374061416651,-0.11968190854481095,0.1079605007934961,-0.09856056598691518,-0.22902507511134426,0.20547902355354478,-0.18457689736320526,0.15891376216351813,-0.14512690368923029,0.10836164534851396,-0.08483513824964162,0.027669513851818622,-0.001320090858609859,-0.03288870615761933,0.07323330092899037,-0.07254945179189624,0.04258671354042287,-0.012551308793126926,-0.028372799978851528,0.039997126739669556,-0.05338214137614296,0.05079413344663575,-0.044919772547527693,0.03535678673091369,-0.0649834962057587,-0.0918535171351595,0.09178170270045341,-0.10878862000274528,0.10866984080696132,-0.10936179765989368,0.1093608473261606,-0.10942835134412944,0.10943505540371924,-0.1095090229269407
-0.06105546314377058,0.12314089560980163,-0.12433921619109407,0.12175708187387593,-0.12174063056737051,0.12160094401051412,-0.12168259066710518,0.12169273499947929,-0.12167031660847469,0.12172981862223248,0.12598904266683736,-0.1664892320670976,0.15859961291825375,-0.16036746343413555,0.1425861074280857,-0.11976089014071534,0.10739632428231763,-0.10769612774552267,0.10277169161603839,-0.10284909778631475,-0.23298966445608685,0.2500000000000003,-0.23127694185231082,0.21363747263881464,-0.18974415740379352,0.1661520178133533,-0.15748876437890477,0.13296787129053883,-0.12097605606162729,0.111492761902678,0.21987728302087037,-0.20157392042228056,0.18512063657600933,-0.1583106544049883,0.14375964130842733,-0.10572063746039505,0.08260915411175657,-0.023363756183937417,-0.003771781755454091,0.0403907732688494,-0.0658369268403799,0.0647102943585634,-0.03405417052167526,0.0033295203827405054,0.03859781556196599,-0.05051084752693327,0.06383892218403635,-0.06079884986238714,0.05411730261989602,-0.04300029192178334,0.05835223065226058,0.10365472993274687,-0.10358381779082267,0.12099537406646402,-0.12087362325592654,0.12157728089264626,-0.12158119246460239,0.1216456183220446,-0.12165675827424215,0.12173360579205843
0.05702679325073595,-0.13932420590541938,0.1406788287123139,-0.13822402545552875,0.13820834497953816,-0.1380580078709576,0.13814777008463353,-0.13815535076054897,0.13813617030646352,-0.13819726002481333,-0.1286936625807073,0.17223280672025548,-0.17040836939246815,0.1767790129240213,-0.15887520617925607,0.13586092362254285,-0.1233896701875086,0.12368889319158831,-0.11860710467695545,0.11868037010086865,0.21666046319006352,-0.23127694185231082,0.2500000000000001,-0.23172395024887987,0.20740993602972688,-0.18316514759913025,0.17422090555310057,-0.14906059000149785,0.13684132988654893,-0.12736624732898386,-0.22231691078478955,0.20764252249530754,-0.19363482503296642,0.1645990466103841,-0.1487716836676451,0.10782588995319116,-0.08368008594062196,0.01973507875308363,0.009418021597621855,-0.04959172802547297,0.06245080426195794,-0.060443708059131865,0.027843161272046703,0.004775060587720186,-0.049496836343184164,0.06220461841985307,-0.07616307918926657,0.0726793861689616,-0.06512595216680116,0.05242299906445066,-0.05631895854774911,-0.1189467120233187,0.11887531109514218,-0.13741381912095094,0.13728386685556204,-0.1380300445000278,0.13803848394578935,-0.13810308997393345,0.13811888980966658,-0.1382016225446372
-0.054598950848229966,0.13387527937997606,-0.1351893060009375,0.13274694005987794,-0.13273389382537867,0.13258397086781495,-0.13272407168459124,0.13267827212744346,-0.1327255221046009,0.13272034665800622,0.1236432319213807,-0.1653366894925673,0.16447346001620214,-0.17135675522140464,0.15720660937690953,-0.1432635017566514,0.13290917423371443,-0.13514378875749047,0.13067237039911916,-0.1313812634731403,-0.19940669065428374,0.21363747263881464,-0.23172395024887987,0.24999999999999997,-0.22028760426274185,0.19603890599405627,-0.18698795252919728,0.16183700608297358,-0.14954589229033366,0.1400105755956977,0.20734841139638108,-0.19747103217662013,0.18713665529912699,-0.16338305729662156,0.14956639794736118,-0.1093963654460249,0.08639039103387768,-0.02405679240269318,-0.004344285215680291,0.04428931924103632,-0.0589050897817716,0.05689473671875345,-0.027056736955019856,-0.0019297399957724929,0.045633109390030895,-0.05799408923826381,0.071593502440358,-0.06795768343405399,0.06022935729600957,-0.047128188809370704,0.053806245010666116,0.11448587436226919,-0.11441678544901406,0.1319500455904943,-0.13182227258302864,0.1325577985118477,-0.1325644422653238,0.13262957843729,-0.1326430335504694,0.13272469088382108
0.04654813027506772,-0.11807858806137421,0.11928699810946786,-0.11687604291340742,0.11686959526688322,-0.11672223526502636,0.11698693828228666,-0.11680808889573192,0.11702041231375226,-0.11684993163626063,-0.11014019667353643,0.14863797895626274,-0.1482059674562147,0.15515011681579713,-0.15058857265495565,0.1595594560700204,-0.15451420084627937,0.16161954441336732,-0.1583299951876933,0.16046769951359474,0.17533762781458598,-0.18974415740379352,0.20740993602972688,-0.22028760426274185,0.25000000000000006,-0.2254643465050921,0.21613671796644307,-0.19106511355411746,0.178683326266277,-0.1692376402894728,-0.18513809316816968,0.1889870347955511,-0.19094940103918304,0.1794803323902938,-0.17010535127411647,0.12935337947487094,-0.10655340132746606,0.04357653621357017,-0.014901093487805772,-0.02601860656835017,0.06178106587173287,-0.06075135136209681,0.036299703714372085,-0.015039249297217845,-0.028660714891273826,0.040858217019499356,-0.05468768222528868,0.05075710804273067,-0.04270818495657105,0.028977079807228263,-0.05664851763251175,-0.10016278930670391,0.10009052137656217,-0.11606659310479465,0.11593673928597392,-0.11669487478147185,0.1166922596852712,-0.11676759360764695,0.11677126676143036,-0.11685417429046381
-0.045491630169210824,0.11222214537359072,-0.11336703868070813,0.11101261000193532,-0.11101031978131626,0.11086128750286325,-0.11120292421085444,0.11094422588449912,-0.1112557783025934,0.11098702076369579,0.10524581875052608,-0.14131212377116845,0.14158466309430892,-0.14875213941519577,0.15016373295223223,-0.17288151042832595,0.17087118794772804,-0.18078512266837535,0.1782630502406023,-0.18122279629573473,-0.1519480074773707,0.1661520178133533,-0.18316514759913025,0.19603890599405627,-0.2254643465050921,0.2500000000000001,-0.23785481692482088,0.2127348525033274,-0.19966324405221628,0.18994792310333036,0.16396905140118906,-0.17317798636465123,0.18051222209120674,-0.17565475305107667,0.16844632072320387,-0.13164351715461484,0.11194198106092045,-0.050417434542942036,0.022430154015084487,0.01883911430652671,-0.05517938017587721,0.05427614512066274,-0.03405065765915956,0.018043726717351244,0.024127229778788947,-0.03565458957537628,0.0491585775655553,-0.044924291055645445,0.03645613459668421,-0.02185554737742375,0.051438118932931556,0.09575401005564499,-0.09568371394198115,0.11021059522729472,-0.11008188646862258,0.11083617226506429,-0.11083104198755589,0.1109081869000069,-0.11090861640290715,0.11099129834551134
0.04521453046711583,-0.11716474358696626,0.11830346072495465,-0.1164021341612494,0.11640319607955876,-0.11625258124915486,0.11659407854476603,-0.11633600476230223,0.11664905998094742,-0.11638036556367139,-0.10453051704664103,0.13998001558929457,-0.14103765152702677,0.14893437736518503,-0.15201681179130297,0.17553160265744466,-0.1755809070348091,0.18648147817867256,-0.18470915762593465,0.18977461011251634,0.1435374061416651,-0.15748876437890477,0.17422090555310057,-0.18698795252919728,0.21613671796644307,-0.23785481692482088,0.25000000000000006,-0.22280670473344658,0.2089289088111459,-0.19870184266503685,-0.15697774698948014,0.16532061596723197,-0.17355350672755582,0.1697624721553552,-0.16242295495998446,0.1275119098196367,-0.10945879752277447,0.04803677572326391,-0.020108403922601544,-0.02199243969427331,0.048729569929006754,-0.04721952102331509,0.02793884535034203,-0.013055914874719205,-0.028995166257337893,0.04038861752475929,-0.053828942415159564,0.04937051888710041,-0.040485119089361074,0.02507501118371009,-0.04685843364239107,-0.10138693175874837,0.10131957722465205,-0.11559725008245585,0.11546739281234879,-0.116225810657958,0.11622289607523607,-0.11629852385806994,0.11630092750406464,-0.11638483464194165
-0.045071390904454584,0.13779112282034145,-0.13893451500174092,0.13865285704714272,-0.13866673815118377,0.13850613130539152,-0.13885953657466862,0.13859384796266896,-0.1389161782066726,0.13864463221818854,0.10428330260944454,-0.13849102317019626,0.1422730507398002,-0.15302491569338544,0.16259347657750406,-0.19017004669194892,0.19630034411243405,-0.20948155674083485,0.20761600029532767,-0.2130831375375516,-0.11968190854481095,0.13296787129053883,-0.14906059000149785,0.16183700608297358,-0.19106511355411746,0.2127348525033274,-0.22280670473344658,0.24999999999999994,-0.2331387558679178,0.22204269135455643,0.13607552132121195,-0.1429578978326748,0.14855559622222253,-0.14516415095471277,0.137889838930474,-0.10317742297628764,0.08517404742053047,-0.024330074063956413,-0.003348062429510886,0.04507505707790776,-0.029842547681041862,0.023291666725538656,-0.004310248019331957,-0.010340532325873016,0.05203499547172503,-0.06334970493219631,0.07653398710983181,-0.07223860905475325,0.06339136232059937,-0.048074043798813144,0.039188402128492006,0.1237851148891203,-0.12374192379106884,0.13786927830624768,-0.13774051321115557,0.13847891728170336,-0.138488062891575,0.13855132295432507,-0.13856623806582122,0.1386498939074091
0.04544203023904736,-0.15040818783376675,0.1515641031226788,-0.15216889741979397,0.15218962581700665,-0.15202263242420422,0.15238164714847524,-0.15211338387963236,0.1524390113598307,-0.15216803799360135,-0.10515919421297026,0.13899490144395932,-0.1442281641043444,0.15651766864466823,-0.16953281855865684,0.19911806564670062,-0.20848216695899008,0.222803991323937,-0.22095345591916263,0.2267552937660533,0.1079605007934961,-0.12097605606162729,0.13684132988654893,-0.14954589229033366,0.178683326266277,-0.19966324405221628,0.2089289088111459,-0.2331387558679178,0.24999999999999986,-0.2362095730447918,-0.12571107602825196,0.1317930760423094,-0.1362698230418668,0.1330862848665718,-0.1264880321979536,0.09176632681120096,-0.07367106291311662,0.012263784298788835,0.015679710675110124,-0.057771722021563304,0.019854587912453755,-0.010509240459448165,-0.008395046549896729,0.022972073180746396,-0.06484861906599272,0.07617674877247003,-0.08942054178858634,0.08515919375744714,-0.07622151290405539,0.06076601066270343,-0.035394400493338196,-0.13725176297395353,0.13722100305584917,-0.15138580263364812,0.1512557951825277,-0.151994176936792,0.15200971927361562,-0.15206744086390955,0.15208908826125123,-0.15217377074060637
-0.04559481673175621,0.16250396173526072,-0.16367632306140073,0.1651146873959399,-0.16514194625672243,0.16496851600012824,-0.16533424951966108,0.16506232405746585,-0.16539238080268842,0.16512073796494575,0.10611682506289172,-0.13981560463210574,0.14633687070915602,-0.1600744393325233,0.17639048079784278,-0.20801235738712184,0.22045917163959566,-0.2359249698487059,0.23394820846772127,-0.23982792529667973,-0.09856056598691518,0.111492761902678,-0.12736624732898386,0.1400105755956977,-0.1692376402894728,0.18994792310333036,-0.19870184266503685,0.22204269135455643,-0.2362095730447918,0.2500000000000001,0.1163320462470567,-0.12231082390584368,0.12660554025416088,-0.12319498480665579,0.1158503610987125,-0.07955355119491832,0.060617478506774916,0.0007670747480234563,-0.028709314867163226,0.07077457902945775,-0.011407115698379365,-0.00046423803544252983,0.01999823612390129,-0.035214618498001365,0.07757834553989428,-0.08915410131589668,0.10232488668525892,-0.09813990143176245,0.08919265921190377,-0.0737375618321188,0.032323328390796685,0.14995129900381904,-0.14993223747521053,0.16433907643872503,-0.16420905602079797,0.16493991888924536,-0.16496216703830047,0.1650133588734847,-0.1650419981895685,0.165126928816132
-0.05565372899127392,0.12747912079953588,-0.12871319853763508,0.12626195876142332,-0.12624646232651662,0.12610709109273463,-0.12618985485841813,0.12619776200193877,-0.1261780443055702,0.1262356977656853,0.12103204058045734,-0.16155610823815736,0.15886053744460335,-0.1643515504171715,0.14686154929478698,-0.12458097358932717,0.11237107096331773,-0.11266156308465095,0.10768064074975142,-0.10773026477685364,-0.22902507511134426,0.21987728302087037,-0.22231691078478955,0.20734841139638108,-0.18513809316816968,0.16396905140118906,-0.15697774698948014,0.13607552132121195,-0.12571107602825196,0.1163320462470567,0.24999999999999983,-0.2208383730363418,0.19212956525187114,-0.16376518597529588,0.14883526837999034,-0.10909914888782375,0.08365321717300907,-0.021821485226671055,-0.006642906119447372,0.043625750895283394,-0.07265455590772889,0.06944895851709347,-0.037324474423972985,0.0052065914590638486,0.03887801491862392,-0.05140980641949523,0.06575561934574796,-0.06299361680777063,0.05663282317839817,-0.04627372345091632,0.06916267138518696,0.10726270236747314,-0.10719585518413151,0.12546401840954,-0.12533611887084634,0.126076334424313,-0.12607962350392252,0.12614810791147268,-0.12615977118724148,0.12623962375374007
0.04542488641772291,-0.10656555979764362,0.10766947411572396,-0.10519281543043771,0.10518124273809597,-0.10505345328460124,0.10520128081783711,-0.10513261316269995,0.10520757911645376,-0.10516687516245829,-0.10404002833570906,0.14079474450073132,-0.13839169660177322,0.14379603840563746,-0.13175011891175084,0.12264201233150408,-0.1135452036357531,0.11670613436799822,-0.11288468677125964,0.11395527928277133,0.20547902355354478,-0.20157392042228056,0.20764252249530754,-0.19747103217662013,0.1889870347955511,-0.17317798636465123,0.16532061596723197,-0.1429578978326748,0.1317930760423094,-0.12231082390584368,-0.2208383730363418,0.2499999999999999,-0.2208873758670178,0.19140214578514816,-0.17600817864433474,0.1350457249029407,-0.1075903737766216,0.04284790240978422,-0.013102813980931764,-0.02385975411805325,0.09478526457984386,-0.09342345322244391,0.06078476992967618,-0.028255936973693347,-0.016478868833073042,0.02917441921377131,-0.044123086271288206,0.04154504689087583,-0.03574472163641546,0.02650852570911937,-0.08702886463315256,-0.08592755515277292,0.08585082177153275,-0.10438292713447013,0.10425314780944035,-0.10501778708242056,0.10500928760168074,-0.10509032493382912,0.10509044417703527,-0.1051703822702141
