x1,x2,x3,x4,x5,x6,x7,x8,x9,x10,x11,x12,x13,x14,x15,x16,x17,x18,x19,x20,x21,x22,x23,x24,x25,x26,x27,x28,x29,x30,x31,x32,x33,x34,x35,x36,x37,x38,x39,x40,x41,x42,x43,x44,x45,x46,x47,x48,x49,x50,x51,x52,x53,x54,x55,x56,x57,x58,x59,x60
0.25000000000000006,0.24525870411469766,0.14483354470760054,0.24521321894251014,0.13771178565665437,0.24522346442408738,0.16407500600929237,0.2452846381213667,0.23788344065110456,0.2454556937256874,0.24412495930701023,0.0569428467043587,0.007688532452935248,0.06324745404808604,0.028679151831606586,0.08573255885814293,-0.006320851170059452,0.1818675131805157,-0.1799596727425031,0.24448305173743676,0.2413690667657119,-0.048408659322106,0.10346407270180086,0.02679578438738666,0.00020601584715376604,0.08424157488358591,-0.06766824403663893,0.10537284914020983,-0.0991665120463135,0.24439043500181235,0.241208870540322,0.11513632033438179,-0.06372263416936584,0.0965729674809429,0.043233333591621126,-0.018879005626208683,0.11420974585468922,-0.10622269793622593,0.11648642748998511,0.24358277466762066,0.24493264860558958,-0.07698360462369919,0.08450600064259176,-0.00442484905952045,0.03774989844154081,0.11460188156366322,-0.05932830803645026,0.2256573528416559,-0.20579921736574208,0.24503212755538503,0.2437309522711954,0.24524190610933377,0.12037334557397872,0.24537603232592448,0.12699202483027228,0.24515053340756707,0.15952362477280183,0.24500368967680378,0.22420458257515796,0.24545426150587957
0.24525870411469766,0.24999999999999997,0.1475495374503855,0.2495520911416057,0.13980104160157644,0.24956242950807278,0.1670506711866932,0.24962476538878264,0.24207566141646922,0.24979896800808774,0.24845773494769857,0.05750011708808368,0.008267039771409062,0.063837260468418,0.029492193008823976,0.08708684319676663,-0.006631919288983836,0.18516210585951254,-0.18321501988518848,0.2488075729988125,0.24563049411815063,-0.04880885356417577,0.10496005732707572,0.027728176577390434,-0.00020753978199122415,0.08604447879799329,-0.0691495470993859,0.10740091952000048,-0.10109545097608151,0.24871621580945932,0.2454798505715777,0.11694925829074547,-0.06454021090224545,0.09802751530450261,0.044315791955441136,-0.019504453507555076,0.11641165032231085,-0.10827129409275836,0.11871440794903267,0.2478921465033042,0.24926637066680848,-0.07814262099815855,0.08580349548325375,-0.004293693328293911,0.0382389725028611,0.1167932289200711,-0.06046821737181875,0.22966821611931656,-0.20943519579204384,0.24936794566715248,0.2480436849421328,0.2495813599896612,0.12257315912016732,0.24971789694441077,0.1293138504232553,0.24948807073329538,0.1623608865905359,0.24933847966141687,0.2281598635892703,0.24979750862352468
0.14483354470760054,0.1475495374503855,0.2499999999999999,0.1474833664239131,0.0845501952162235,0.14756074128659427,0.09492392466956132,0.1476149305708959,0.14556244718512276,0.14772619497078232,0.14665959362514447,0.09718893656497192,-0.09267254150217792,0.09896155450150049,-0.008603916832829833,0.07043585481246847,0.0062301561756646405,0.10348511407646642,-0.10239235174003689,0.14729988592434462,0.14644806001676672,-0.08630312099918712,0.10329008192576243,-0.03814132208323568,0.04777356449359592,0.025397768777754483,-0.018718005046835625,0.05536692828345941,-0.04979905034979246,0.14700400361738575,0.14488676411522983,0.0948983104723117,-0.07400020746624275,0.08673715443875807,-0.005560025253430677,0.017516180618666027,0.057204810917623305,-0.053714140203256815,0.06011043371774493,0.14663883513124587,0.14744531677885822,-0.06959237180825852,0.07349432758430655,-0.025746950260209456,0.042379670772782374,0.052466719063218245,-0.02742089948947427,0.1349566993059624,-0.12558598319371533,0.1474811468875918,0.14669082007126205,0.1476016909114155,0.06429163694952308,0.14767814563819742,0.06816714225531892,0.1475801002832408,0.09524986424157554,0.14750842314366563,0.13669513129880256,0.14772535861743963
0.24521321894251014,0.2495520911416057,0.1474833664239131,0.24999999999999983,0.13966066194733529,0.24951234273718811,0.1670404350175128,0.24957474160769944,0.24202368269062777,0.24974894265315248,0.24840836174081204,0.05743358349616785,0.008310027651069356,0.06372585738313696,0.029498768836053485,0.08708300774049227,-0.006692759302168191,0.18513222549306618,-0.1831839543509624,0.24875745463308324,0.2455799958236197,-0.04873818873186363,0.10489287161676314,0.027797415287961664,-0.0002759800107821174,0.0860806958202572,-0.06918449526832336,0.10741958173192186,-0.10111539250907418,0.24866671419660288,0.2454311696941994,0.11689295421804856,-0.06448178865147786,0.09796990241955494,0.044362156200369096,-0.01955076476468886,0.11642737068648243,-0.10828687802654177,0.11872839849439268,0.2478423224336232,0.24921640980325685,-0.07809743036281853,0.08575750087884694,-0.004260707486081278,0.038203702572482845,0.11679711426451521,-0.06047233561233465,0.22962662153505062,-0.20939404774528095,0.24931803388047624,0.24799400832646534,0.24953137299767897,0.12255849453287607,0.2496678880587306,0.12929944065084345,0.2494380569520785,0.1623318682932762,0.24928847351554104,0.22811299675598098,0.24974748342676328
0.13771178565665437,0.13980104160157644,0.0845501952162235,0.13966066194733529,0.25,0.13967134848645416,0.08482463132135253,0.13978958082438248,0.13817965822172212,0.1399040605092893,0.13876382283461042,0.06838824134293858,-0.030406943048072666,0.0995340948534627,-0.07921590176200453,0.10259082459424931,-0.02690000196115461,0.1013365777754753,-0.10006635138295747,0.1395532299412578,0.1383252548343304,-0.06320891990575392,0.08566544183394265,-0.0335574291652319,0.04540045393941035,0.011895660091987423,-0.005081813193099895,0.041741239601734655,-0.03622561339804462,0.1391397361477407,0.13720391021654857,0.08629230456636076,-0.0646510416656816,0.07910694833044321,-0.010836886946617342,0.021448092858453272,0.04415228389223435,-0.04071391993665129,0.04709938196830171,0.13892672384639623,0.13963234428026508,-0.0625106107064476,0.06634166768924468,-0.023417692645020048,0.039651145616092585,0.04723690127698179,-0.022730567134773772,0.12644022015717793,-0.11739280138529612,0.13965317523266865,0.13892249680689614,0.13978527252020206,0.06234417171311078,0.1398583830729919,0.06476371900351367,0.13976251421862293,0.08844388738703657,0.13969297528125352,0.12876243003979748,0.13990323849274702
0.24522346442408738,0.24956242950807278,0.14756074128659427,0.24951234273718811,0.13967134848645416,0.25,0.16695058802205753,0.24958534447224254,0.24203471293926168,0.24975942484634403,0.24841886647275477,0.05744484855568618,0.008293828721354996,0.06375106399660498,0.029527625616793663,0.08706051827128228,-0.0065968104075275,0.18511059875421806,-0.18316416201003072,0.2487677944634969,0.24559060798327098,-0.04875408856857028,0.10490780812785586,0.02778305426518853,-0.0002619383612342285,0.08607127490827947,-0.06917522760212753,0.10743076486762494,-0.10112592685850084,0.24867719418051512,0.245441429926466,0.11690477557871634,-0.06449406053801945,0.09798171540138062,0.04435637109106545,-0.01954466783486944,0.11643541407284203,-0.10829497490993453,0.11873871464871202,0.2478526931387899,0.24922687924407735,-0.07810716079046438,0.08576737857477207,-0.004267656155485192,0.03821122627825394,0.1167969709838662,-0.06047204009893964,0.22963708257988927,-0.20940433013796872,0.24932851406022452,0.2480044173382457,0.2495418469307179,0.12256126405170344,0.24967836665790671,0.1293022888628468,0.24944853653382565,0.16233835717858267,0.24929895140541125,0.2281234382342313,0.24975796542314335
0.16407500600929237,0.1670506711866932,0.09492392466956132,0.1670404350175128,0.08482463132135253,0.16695058802205753,0.24999999999999992,0.16701387390265449,0.16414877290327282,0.16718295771102606,0.16624642871399814,0.04717873659911217,0.012710209126060813,0.05776029661982115,0.009962708369525577,0.10106774423763953,-0.0838102498400124,0.14694438323095368,-0.14506749358682755,0.16688365947263756,0.16455789884357822,-0.04036825559019935,0.07745900590416108,0.023380100521031996,-0.0022549533031197117,0.05707924311634352,-0.04583646086326072,0.06013005394283632,-0.05645998795030866,0.16637687879899474,0.16421657206354826,0.08201058076248395,-0.04744920536525763,0.06945940163307845,0.027856677419278213,-0.010710569751544172,0.06917834341023206,-0.06392871222667501,0.06952577489964805,0.16595706251920742,0.16683195860828592,-0.05564899649968662,0.06064560467487862,-0.004800843285413949,0.026848438116967945,0.07771739178459369,-0.041088735004044516,0.15250161211781207,-0.13931954754520842,0.16688148859777435,0.16600894002367525,0.16703818898472592,0.08091159279229893,0.1671287616372571,0.0861659470450863,0.16697901898952824,0.10915856810719542,0.16688105718553822,0.15252078747332548,0.16718198547384547
0.2452846381213667,0.24962476538878264,0.1476149305708959,0.24957474160769944,0.13978958082438248,0.24958534447224254,0.16701387390265449,0.24999999999999994,0.24209810416303423,0.2498218496763565,0.24848034563178192,0.057517781632992905,0.008250171935858135,0.06385429290544695,0.029442658622427037,0.08712712196262433,-0.006637747781124223,0.18516918220457618,-0.1832217008124449,0.2488303070743435,0.2456532103656309,-0.0488240432802973,0.10497704353795664,0.027717406217024357,-0.0001956367568521421,0.08604141382294461,-0.06914549152246223,0.10741542786220576,-0.10110767520472067,0.2487390170617659,0.2455022931139883,0.11696571990130004,-0.06455408671710093,0.09804305784573232,0.044312239548834245,-0.019499294850453985,0.11642310296166251,-0.10828232254862999,0.11872762236757493,0.24791483831656047,0.24928921128704926,-0.07815509852005834,0.0858165332662271,-0.004299949672123594,0.038247632560384,0.1167992416110611,-0.06047095825645181,0.22968966331208054,-0.20945537239953482,0.2493907979049258,0.24806640616787798,0.249604222438129,0.12258247739528252,0.2497407710229084,0.1293234601743148,0.24951093283242026,0.1623752878442314,0.24936133193860716,0.2281813948379479,0.24982039005877635
0.23788344065110456,0.24207566141646922,0.14556244718512276,0.24202368269062777,0.13817965822172212,0.24203471293926168,0.16414877290327282,0.24209810416303423,0.2500000000000001,0.24226799435737464,0.240934531585919,0.06447575458042624,0.0011095899009060802,0.070825508690996,0.02212136902681632,0.09419320796487426,-0.013873170685634774,0.19179117721384722,-0.190046392747635,0.2416765860809179,0.23840237247330925,-0.055804719114116115,0.10820690822796569,0.02054282482028407,0.006610249064816784,0.07876165660688347,-0.06194689418001647,0.10011412007257546,-0.09383019631965746,0.2411873946612819,0.23802597078234328,0.11772118974963279,-0.06806509790481433,0.09991333288075382,0.03747590283811762,-0.013626736995824692,0.10912154608066182,-0.1014532779371397,0.11148870031463198,0.24043563545556454,0.24175728290862794,-0.07969568952946177,0.08701223340234239,-0.008057807198808546,0.040379268871282056,0.11029915707848471,-0.05706128814728741,0.22236711801166753,-0.2031902082183986,0.24184871601963617,0.2405660809983547,0.2420576676881254,0.1175309838874434,0.24218935778671843,0.12404939474460183,0.24197279084637588,0.15724113993619865,0.24183053842077357,0.2214940681638638,0.24226659622638036
0.2454556937256874,0.24979896800808774,0.14772619497078232,0.24974894265315248,0.1399040605092893,0.24975942484634403,0.16718295771102606,0.2498218496763565,0.24226799435737464,0.2500000000000001,0.24865372070901728,0.0575808302619492,0.008217951013854481,0.06391702430711874,0.029478899205777162,0.08717947627377828,-0.006644077832398784,0.18530440622281086,-0.18335548817190003,0.24900410068013518,0.24582506217765046,-0.04887783299706513,0.10506451602158311,0.027721167504730554,-0.00018234844038574494,0.08610081960437886,-0.06919419752296072,0.10748666206898089,-0.10117459855659726,0.24891258867816735,0.2456735481944611,0.11705501944976275,-0.06460982440278588,0.09811984925434755,0.044335415929422944,-0.019505827040547857,0.11650127159698934,-0.1083551685577417,0.11880696873878274,0.24808787785497893,0.24946320524766902,-0.07821656231568959,0.08588315376489443,-0.00430916407263424,0.03827949105951627,0.11687711154115445,-0.06051190464804058,0.2298496474564951,-0.2096019760236429,0.24956485446354457,0.24823953763438805,0.2497784275589037,0.12266559031637782,0.2499150701105058,0.1294115782857061,0.24968508214120977,0.1624888534785165,0.24953538166126774,0.2283411265570883,0.2499947447099372
0.24412495930701023,0.24845773494769857,0.14665959362514447,0.24840836174081204,0.13876382283461042,0.24841886647275477,0.16624642871399814,0.24848034563178192,0.240934531585919,0.24865372070901728,0.2500000000000002,0.05642348511871153,0.008942704077194883,0.06301841064032744,0.02996081470955915,0.08627283068791383,-0.0063892206272466254,0.18428055714414213,-0.18234640863660725,0.24766391107522395,0.24448908608360664,-0.047847987894070715,0.1039468060849131,0.02812860754063579,-0.0006793106763034064,0.08594815161748134,-0.06909917422434285,0.10704351534262188,-0.10078830466997689,0.24757717546720318,0.2443580942452836,0.11609129024285385,-0.0637992704178933,0.09722333334586306,0.044454277166622314,-0.019737395631810054,0.11604429455377885,-0.10792442467254525,0.11832180813606734,0.2467550028149811,0.24812312896436245,-0.07749115837715881,0.08512539305259399,-0.003999802704352139,0.03783390294781202,0.11644023269299768,-0.0602722843591354,0.22862901155752496,-0.20845697502538932,0.24822459913415307,0.24690644906180198,0.24843705704186184,0.12211453718673299,0.24857302329980702,0.12881646616885387,0.2483437939975864,0.16161737489036856,0.24819468268311512,0.22709338046515756,0.24865226929909656
0.0569428467043587,0.05750011708808368,0.09718893656497192,0.05743358349616785,0.06838824134293858,0.05744484855568618,0.04717873659911217,0.057517781632992905,0.06447575458042624,0.0575808302619492,0.05642348511871153,0.25000000000000006,-0.1838095219768087,0.1718875201447996,-0.08147256401786279,0.08298324849618674,-0.007322358386550824,0.048188866091691,-0.04801227519015685,0.05814733343803041,0.061229157723374734,-0.23113135641512417,0.18457961771947282,-0.15297259071596597,0.141927387267167,-0.07912084382528595,0.07300927968390024,-0.03673445527401731,0.042120543700142114,0.05682174629098836,0.05538747596005796,0.12448729114097391,-0.15013658741944796,0.1304383338515469,-0.09836943509467196,0.09789609389552226,-0.03891437173341321,0.03563952213554237,-0.03499044916070454,0.0574204855911822,0.05759028229704548,-0.10669391316072296,0.10590604356697021,-0.08430091605310883,0.0784915179413497,-0.02984946550366817,0.012034597653636887,0.04660646650050377,-0.05169224910063125,0.05747758860301665,0.057187406183806876,0.05754727532482757,-0.00275832034322427,0.057561891724121614,0.000999240823827228,0.057647591685521415,0.03642197733152172,0.057675776274392965,0.058026374703032756,0.057580489925738616
0.007688532452935248,0.008267039771409062,-0.09267254150217792,0.008310027651069356,-0.030406943048072666,0.008293828721354996,0.012710209126060813,0.008250171935858135,0.0011095899009060802,0.008217951013854481,0.008942704077194883,-0.1838095219768087,0.25000000000000006,-0.17685165716921308,0.09134138644274045,-0.059110004641663626,-0.010479939843423918,0.015786071652333523,-0.01554761799352987,0.007636145957534991,0.004513460383194948,0.1698855167436025,-0.12064078890011332,0.160498790244072,-0.14104987200093666,0.08769467625250418,-0.07741335882648682,0.04350166893396022,-0.04798185051206002,0.008536268671142782,0.009005570820710698,-0.07461081079751555,0.10695848201819087,-0.08466859801616158,0.10093391370343695,-0.09209973124917065,0.05132624247279801,-0.04697517775571985,0.04741524837634075,0.007966107806106475,0.008096541570748525,0.06860779597604268,-0.06643051652801318,0.07056261213783617,-0.058804925674812436,0.05529604423810259,-0.028184530310792908,0.011853617665620314,-0.0031976087888725513,0.00819476447616176,0.008152212606646971,0.008198065742855844,0.028810929129140687,0.008215738136173906,0.02936835641014841,0.008092796161958182,0.008149636516985827,0.008036588395270489,0.0027160883135299643,0.008217936518773228
0.06324745404808604,0.063837260468418,0.09896155450150049,0.06372585738313696,0.0995340948534627,0.06375106399660498,0.05776029661982115,0.06385429290544695,0.070825508690996,0.06391702430711874,0.06301841064032744,0.1718875201447996,-0.17685165716921308,0.2500000000000002,-0.1557289282630015,0.12875445037206462,-0.05399545483624094,0.05434475721953689,-0.053915942946814094,0.0644709694594377,0.06601535912887324,-0.1632378465825152,0.1385157982847625,-0.15454743676201968,0.14649234597154198,-0.0849117510627149,0.07942101234853652,-0.04267941296574996,0.0481771093624014,0.06306957226579618,0.061783305627825136,0.10617266020017038,-0.1216563752708411,0.11201331117823107,-0.10268100419472025,0.09940824662461392,-0.04346048110972653,0.04149395407700298,-0.03968453578489363,0.06375695737853211,0.06387985669712372,-0.08879525214145949,0.08896639577858392,-0.07290398156173086,0.0711363970204526,-0.027435021033413977,0.01670771720370173,0.050910706398917885,-0.053839790487848795,0.06377103311136059,0.06347470669443046,0.063873345833044,0.007962430959155175,0.06389553640325596,0.007543578556459612,0.06395202244475658,0.03581174511106381,0.0639646429062385,0.06183992017173441,0.06391655767674174
0.028679151831606586,0.029492193008823976,-0.008603916832829833,0.029498768836053485,-0.07921590176200453,0.029527625616793663,0.009962708369525577,0.029442658622427037,0.02212136902681632,0.029478899205777162,0.02996081470955915,-0.08147256401786279,0.09134138644274045,-0.1557289282630015,0.25000000000000017,-0.13276251009309006,0.0645835703893123,0.026649244711871207,-0.026971155483752077,0.028839011002029416,0.027187290022780863,0.07995871436840903,-0.05200210474186957,0.11663463176884498,-0.10526809492751345,0.09857841391410375,-0.09028378477433986,0.05603360730975615,-0.060362232364026984,0.029726310523936293,0.029636564617727346,-0.035627131568941366,0.059898711158365946,-0.045828901631922415,0.08868887888984472,-0.07826884953688708,0.06396940444460826,-0.06032218128804221,0.06004266863463394,0.0290387375050392,0.02935247210453505,0.03538997150261266,-0.0333763786058141,0.04913162299495426,-0.038487400507358105,0.05654020922637488,-0.03321104374117922,0.03229517497187423,-0.02449286948267217,0.02945062165678351,0.02926810282453635,0.029445856026565707,0.029495862617445166,0.029469985656324492,0.03330673050807832,0.02936511029486546,0.024918090299515586,0.02931366967101558,0.02460810001736572,0.02947876296185608
0.08573255885814293,0.08708684319676663,0.07043585481246847,0.08708300774049227,0.10259082459424931,0.08706051827128228,0.10106774423763953,0.08712712196262433,0.09419320796487426,0.08717947627377828,0.08627283068791383,0.08298324849618674,-0.059110004641663626,0.12875445037206462,-0.13276251009309006,0.24999999999999994,-0.16790089000022887,0.08909261469810555,-0.08770759718310066,0.08780146039750854,0.08706812545753123,-0.08097093117631368,0.08753242512978732,-0.08407554256476552,0.09330507436304035,-0.07314887307550245,0.07388778760532665,-0.037322222594711914,0.04276125111848162,0.08621166417220938,0.08493330839439443,0.08550140355604025,-0.08192111541777808,0.08714480881379294,-0.07249885489479437,0.07385834092952943,-0.03432922913850512,0.03463137036627673,-0.030841896670662613,0.08686800879673025,0.08705043377014594,-0.06730749384144587,0.06900401990326409,-0.048012530260679205,0.05361004314868301,-0.0030113362336985387,0.007186671584443875,0.07144270205792415,-0.06956179883004515,0.0869592336690809,0.08656976497263809,0.0871102083189726,0.029796550112063194,0.08715052378283879,0.02844838143824623,0.08714226847694859,0.04920957745352672,0.08712133100793515,0.08035388687026038,0.08717902387341532
-0.006320851170059452,-0.006631919288983836,0.0062301561756646405,-0.006692759302168191,-0.02690000196115461,-0.0065968104075275,-0.0838102498400124,-0.006637747781124223,-0.013873170685634774,-0.006644077832398784,-0.0063892206272466254,-0.007322358386550824,-0.010479939843423918,-0.05399545483624094,0.0645835703893123,-0.16790089000022887,0.25000000000000006,-0.07025619748200915,0.06847012818686864,-0.007602942230928796,-0.006642520961256111,0.0069355193973897585,-0.01064949440156061,0.018434725141970306,-0.025269744185229787,0.0405430578738424,-0.039816016553277635,0.057584341065101435,-0.05732885831790313,-0.0061715690243879205,-0.006177060835305815,-0.015306351388177942,0.01620737206609255,-0.01805306877948225,0.03546863956415527,-0.03344122339297445,0.04931603123083538,-0.048786823652091194,0.05118956333658647,-0.006870408501092108,-0.006644218281872558,0.012569673895288751,-0.012543604013208007,0.013926785511674556,-0.01284573149103408,0.01308251696417105,-0.009965134916305188,0.000807928164223317,0.00035366386453388734,-0.006557355770948152,-0.006597905546551004,-0.00664026557920005,-0.00043083766486679036,-0.0066417492050957,0.001199239366492824,-0.006656507369332786,-0.000313697719636891,-0.0066616784772262705,-0.0046959600852107385,-0.006644191464605133
0.1818675131805157,0.18516210585951254,0.10348511407646642,0.18513222549306618,0.1013365777754753,0.18511059875421806,0.14694438323095368,0.18516918220457618,0.19179117721384722,0.18530440622281086,0.18428055714414213,0.048188866091691,0.015786071652333523,0.05434475721953689,0.026649244711871207,0.08909261469810555,-0.07025619748200915,0.2499999999999999,-0.2458675937813023,0.18622384191954855,0.18231793438170746,-0.04122340742831157,0.08246899685248336,0.027136859067428177,-0.0017131547229518134,0.0654897430507041,-0.04942615133706614,0.0431767294067235,-0.042095976502402835,0.18426794898133086,0.18195093975849871,0.09032019327559966,-0.05106576883696615,0.07696951158899158,0.02537662818738101,-0.006278937257845267,0.06160616522863547,-0.055736545993664996,0.059818842193791535,0.18403575591648164,0.1849138125683525,-0.060914865557657565,0.06648480203855686,-0.005491981892538337,0.029888102419312324,0.08431164588906213,-0.04374096056708252,0.166837143950693,-0.15231263012086324,0.18494267735784603,0.18400290494251173,0.185143901716183,0.09024056600681678,0.18524433125144862,0.09557284782936093,0.1850782323003396,0.12000297158338329,0.1849695861191159,0.1682512483700612,0.18530338973662297
-0.1799596727425031,-0.18321501988518848,-0.10239235174003689,-0.1831839543509624,-0.10006635138295747,-0.18316416201003072,-0.14506749358682755,-0.1832217008124449,-0.190046392747635,-0.18335548817190003,-0.18234640863660725,-0.04801227519015685,-0.01554761799352987,-0.053915942946814094,-0.026971155483752077,-0.08770759718310066,0.06847012818686864,-0.2458675937813023,0.25,-0.18430282975421428,-0.18040709722639206,0.04111230505085161,-0.08182935596424469,-0.02716606576872702,0.0019648138504132417,-0.06591671841773801,0.04995919903410555,-0.04310263508906942,0.04212242146954747,-0.1823336480474953,-0.18003987449719586,-0.08935214215689491,0.05048446821327675,-0.07609978631642991,-0.025562071975689955,0.006611513797264991,-0.061486589287591195,0.055672722393084434,-0.05964774098819886,-0.182097822897657,-0.18296899244472917,0.06025989322799253,-0.06576990085741051,0.005314211349932663,-0.029457167614734343,-0.0836563800061766,0.0434913672669111,-0.1651443688894807,0.15076263730205602,-0.18299826669088406,-0.18206769927844224,-0.18319667921770239,-0.08928600498753529,-0.18329605088820178,-0.09461654151731184,-0.18313157242907038,-0.11882724223577609,-0.1830240262885333,-0.16649863699111864,-0.18335448100633364
0.24448305173743676,0.2488075729988125,0.14729988592434462,0.24875745463308324,0.1395532299412578,0.2487677944634969,0.16688365947263756,0.2488303070743435,0.2416765860809179,0.24900410068013518,0.24766391107522395,0.05814733343803041,0.007636145957534991,0.0644709694594377,0.028839011002029416,0.08780146039750854,-0.007602942230928796,0.18622384191954855,-0.18430282975421428,0.25000000000000006,0.24486630442789825,-0.04948610513587174,0.10525960653796027,0.027088135454421465,0.00040926455339873694,0.0853724008022128,-0.0684754475761644,0.10651713180112235,-0.10023568333927294,0.24792092737943702,0.2446930971678206,0.11699593601102044,-0.06486215492418582,0.09818666611556609,0.04364138006557438,-0.01892405935866438,0.11558388113880279,-0.1074913070639621,0.11787276420701552,0.24710556815681248,0.2484737645290055,-0.0782735512894285,0.08589883291284348,-0.00465027502658005,0.038427567808929634,0.11614189771402011,-0.06013111052942609,0.22888683247644698,-0.20876190223142196,0.24857414823488314,0.24725444825290507,0.2487872565269838,0.12205355221137835,0.24892328634151373,0.12877512486678863,0.2486947996196372,0.1618246819695353,0.24854595878999716,0.22744935008220316,0.2490026469001338
0.2413690667657119,0.24563049411815063,0.14644806001676672,0.2455799958236197,0.1383252548343304,0.24559060798327098,0.16455789884357822,0.2456532103656309,0.23840237247330925,0.24582506217765046,0.24448908608360664,0.061229157723374734,0.004513460383194948,0.06601535912887324,0.027187290022780863,0.08706812545753123,-0.006642520961256111,0.18231793438170746,-0.18040709722639206,0.24486630442789825,0.24999999999999997,-0.05301911659998334,0.10692114026735867,0.023675677272115076,0.0030127253924190486,0.08243240033375417,-0.06603123320900481,0.1042854505990882,-0.09799251514832819,0.2447478966510175,0.24154745122029753,0.11729698461776604,-0.06657820040834087,0.09890997050700871,0.041145274214481053,-0.016869042456233725,0.11305954028337135,-0.10516532080507034,0.11540146445341595,0.2439549615022012,0.2453039296061563,-0.07890715449349213,0.08638839052958436,-0.00611279367261215,0.03920933046495345,0.1136466316687978,-0.05891524921913708,0.22586955676019738,-0.2061793103049551,0.245400789261347,0.2440979553556254,0.24561129145770544,0.11992135863176183,0.24574527471396845,0.12660398260798433,0.24552224599390154,0.15975393196029214,0.24537645408122563,0.22465270944754862,0.24582362561038895
-0.048408659322106,-0.04880885356417577,-0.08630312099918712,-0.04873818873186363,-0.06320891990575392,-0.04875408856857028,-0.04036825559019935,-0.0488240432802973,-0.055804719114116115,-0.04887783299706513,-0.047847987894070715,-0.23113135641512417,0.1698855167436025,-0.1632378465825152,0.07995871436840903,-0.08097093117631368,0.0069355193973897585,-0.04122340742831157,0.04111230505085161,-0.04948610513587174,-0.05301911659998334,0.2500000000000003,-0.19361513983772596,0.16340787273801205,-0.1503066711543206,0.08782594981152436,-0.08062214685290332,0.04462646221223605,-0.04995681449443028,-0.04812286206653038,-0.04673572764190514,-0.12901635144706552,0.1596081680611211,-0.13647388307856026,0.10656770560110392,-0.10529299313274032,0.047207102053214094,-0.04319597832275996,0.043198089498010926,-0.04880123014841727,-0.04891801110655059,0.11187223262970403,-0.1105682561354105,0.09096961684959248,-0.08274368741247676,0.0376782193309982,-0.015274561746175435,-0.03825314424994282,0.04486017832340735,-0.048791461484804406,-0.04854672694019501,-0.04885341447235706,0.009840073761106927,-0.04886173523408459,0.0057887005599850504,-0.048967017972598954,-0.031157735636300993,-0.04900574317894005,-0.05060669397190041,-0.048877531217624025
0.10346407270180086,0.10496005732707572,0.10329008192576243,0.10489287161676314,0.08566544183394265,0.10490780812785586,0.07745900590416108,0.10497704353795664,0.10820690822796569,0.10506451602158311,0.1039468060849131,0.18457961771947282,-0.12064078890011332,0.1385157982847625,-0.05200210474186957,0.08753242512978732,-0.01064949440156061,0.08246899685248336,-0.08182935596424469,0.10525960653796027,0.10692114026735867,-0.19361513983772596,0.2500000000000002,-0.11717527769658061,0.12884978278853174,-0.05016230095964175,0.051189191887916395,-0.013989037349989039,0.019929856045377444,0.1041192565339436,0.10172642043086612,0.18267357278060067,-0.20721587924850302,0.18878913659744692,-0.08248397897336177,0.0949754890179771,-0.013325111211526788,0.009728549856428698,-0.009335547054976997,0.10451086415609631,0.10503049700466122,-0.15572889152729502,0.15506627097863562,-0.10857663731597769,0.10371853169879965,-0.00938833319318407,-0.007723659443776029,0.09176094733114266,-0.09589779897895442,0.10492003416852787,0.10434447967644739,0.10499729551612944,0.007818438240841205,0.10503087504149368,0.018527369313276938,0.10511416619258358,0.07443092701388998,0.10513387293474653,0.10440830704484852,0.10506388987403605
0.02679578438738666,0.027728176577390434,-0.03814132208323568,0.027797415287961664,-0.0335574291652319,0.02778305426518853,0.023380100521031996,0.027717406217024357,0.02054282482028407,0.027721167504730554,0.02812860754063579,-0.15297259071596597,0.160498790244072,-0.15454743676201968,0.11663463176884498,-0.08407554256476552,0.018434725141970306,0.027136859067428177,-0.02716606576872702,0.027088135454421465,0.023675677272115076,0.16340787273801205,-0.11717527769658061,0.25000000000000006,-0.22117422717469065,0.16847851251747128,-0.1535136530444635,0.11807746600565278,-0.1231324350176591,0.02846150070359852,0.028660210365957787,-0.08691844710690974,0.1316092995484616,-0.10579342109682628,0.18013310452896983,-0.16094710046641655,0.12332163448830286,-0.11714280778558071,0.11900485983423051,0.027008096100396926,0.02753634259637487,0.08099321258939661,-0.07798758642244606,0.10025188731516071,-0.0831024127019685,0.10016425597976283,-0.0599879403224286,0.03769644001517587,-0.024406128809473127,0.027740359100135198,0.02751915790412288,0.027682153166865304,0.04352867600863725,0.02771352250765825,0.0509382387057615,0.027530308127745498,0.030081683957696646,0.027445301656877846,0.02123131267276302,0.027721071510938913
0.00020601584715376604,-0.00020753978199122415,0.04777356449359592,-0.0002759800107821174,0.04540045393941035,-0.0002619383612342285,-0.0022549533031197117,-0.0001956367568521421,0.006610249064816784,-0.00018234844038574494,-0.0006793106763034064,0.141927387267167,-0.14104987200093666,0.14649234597154198,-0.10526809492751345,0.09330507436304035,-0.025269744185229787,-0.0017131547229518134,0.0019648138504132417,0.00040926455339873694,0.0030127253924190486,-0.1503066711543206,0.12884978278853174,-0.22117422717469065,0.25000000000000017,-0.1640273600605642,0.15896104557503232,-0.12238170220199604,0.1280433620144422,-0.0011629239106409402,-0.001710333736128873,0.11217439130681278,-0.1418500469106395,0.1314362333333332,-0.20131466096480416,0.18440946170595954,-0.12564045772057264,0.11981726362159534,-0.12137962103575944,0.0003947807104426593,-4.244430774801421e-5,-0.10050726281140882,0.09800415285677479,-0.11445066008397779,0.09961916423229727,-0.10171200784750585,0.06338331512888144,-0.014152464654304135,0.0016104312138571705,-0.00025941071842674535,-0.0001734190587193896,-0.00016582545551142372,-0.03352192311884449,-0.00018396891177991346,-0.04192936569635587,-4.9592169629877025e-6,-0.015109598777660379,7.251008758017061e-5,0.004404145352102185,-0.0001824037448446364
0.08424157488358591,0.08604447879799329,0.025397768777754483,0.0860806958202572,0.011895660091987423,0.08607127490827947,0.05707924311634352,0.08604141382294461,0.07876165660688347,0.08610081960437886,0.08594815161748134,-0.07912084382528595,0.08769467625250418,-0.0849117510627149,0.09857841391410375,-0.07314887307550245,0.0405430578738424,0.0654897430507041,-0.06591671841773801,0.0853724008022128,0.08243240033375417,0.08782594981152436,-0.05016230095964175,0.16847851251747128,-0.1640273600605642,0.25000000000000017,-0.23171021070682968,0.19787196629550333,-0.20221544160837066,0.08699729307072566,0.08605731030419118,-0.04073652795448729,0.08180059776453227,-0.06267773712608338,0.18348202484809453,-0.16098962947535714,0.20169907530818848,-0.19409134929940458,0.1968672312470205,0.08467237122720059,0.08581369640855009,0.04563393022697601,-0.04121354370798468,0.0837165216877735,-0.06038016369643604,0.12320581794027563,-0.07548151300073562,0.0982944719886943,-0.08171663005197573,0.08612041602859141,0.08549100762692077,0.08601380846334705,0.06542590383712932,0.08607432347126226,0.07483021190581679,0.08586380892100694,0.07111212423721493,0.08575501935690862,0.07848094758755544,0.08610037393572952
-0.06766824403663893,-0.0691495470993859,-0.018718005046835625,-0.06918449526832336,-0.005081813193099895,-0.06917522760212753,-0.04583646086326072,-0.06914549152246223,-0.06194689418001647,-0.06919419752296072,-0.06909917422434285,0.07300927968390024,-0.07741335882648682,0.07942101234853652,-0.09028378477433986,0.07388778760532665,-0.039816016553277635,-0.04942615133706614,0.04995919903410555,-0.0684754475761644,-0.06603123320900481,-0.08062214685290332,0.051189191887916395,-0.1535136530444635,0.15896104557503232,-0.23171021070682968,0.25,-0.21152105882183625,0.21623249984355414,-0.0702598059255315,-0.06940297465737885,0.04689496015187432,-0.07973751067237539,0.06846362426647187,-0.178346289912373,0.16330981473840867,-0.20196754319589055,0.19498069258714734,-0.19711406904373105,-0.06785070742644787,-0.06894168762238917,-0.0499396413177288,0.04596151251942752,-0.08519759552122944,0.06421940563883338,-0.11974481108717712,0.07616228162886177,-0.0830333265636604,0.06786398232103062,-0.06924654794483519,-0.06870389660955757,-0.06912243250971276,-0.05671928191612861,-0.06917331875091351,-0.06662939990045555,-0.06897882579823923,-0.062122693476230444,-0.06888060004325651,-0.06319911041129103,-0.06919384538576262
0.10537284914020983,0.10740091952000048,0.05536692828345941,0.10741958173192186,0.041741239601734655,0.10743076486762494,0.06013005394283632,0.10741542786220576,0.10011412007257546,0.10748666206898089,0.10704351534262188,-0.03673445527401731,0.04350166893396022,-0.04267941296574996,0.05603360730975615,-0.037322222594711914,0.057584341065101435,0.0431767294067235,-0.04310263508906942,0.10651713180112235,0.1042854505990882,0.04462646221223605,-0.013989037349989039,0.11807746600565278,-0.12238170220199604,0.19787196629550333,-0.21152105882183625,0.2500000000000004,-0.24353587514597835,0.10846243097153409,0.10692086688908504,-0.012209787796693067,0.04707839409200044,-0.034208573352560036,0.16080100482549606,-0.14430231324056145,0.22244762332107268,-0.2152443129682984,0.2247682603116418,0.10579281537274912,0.10717611865907417,0.022270254721527508,-0.017519997641370168,0.06638304779560572,-0.04224010175578405,0.12190483326321483,-0.07526442107493633,0.11977447269596674,-0.10323773460248939,0.10750740598646429,0.10672830159528207,0.10738373782740179,0.06984231026655369,0.10745308212812926,0.07942196906580103,0.10725077986333782,0.08489742693666141,0.10714122790401742,0.10017361962926279,0.10748606496265577
-0.0991665120463135,-0.10109545097608151,-0.04979905034979246,-0.10111539250907418,-0.03622561339804462,-0.10112592685850084,-0.05645998795030866,-0.10110767520472067,-0.09383019631965746,-0.10117459855659726,-0.10078830466997689,0.042120543700142114,-0.04798185051206002,0.0481771093624014,-0.060362232364026984,0.04276125111848162,-0.05732885831790313,-0.042095976502402835,0.04212242146954747,-0.10023568333927294,-0.09799251514832819,-0.04995681449443028,0.019929856045377444,-0.1231324350176591,0.1280433620144422,-0.20221544160837066,0.21623249984355414,-0.24353587514597835,0.2500000000000004,-0.10223904670179852,-0.10077612845100328,0.018207272932405604,-0.05275739857485571,0.040300942496937206,-0.16608915082617173,0.14979560841879996,-0.22655943633990824,0.21999504817240215,-0.22939108202531275,-0.09948961600872856,-0.10087314324440015,-0.027035723593683485,0.022378836549847157,-0.06975591105855622,0.04599620392050984,-0.12230545514912418,0.07602399763193517,-0.11483572401496393,0.09844364909387379,-0.10121439352977825,-0.10046042169891367,-0.10107671040083037,-0.06762259553397526,-0.101143121161126,-0.07728605345256491,-0.10094169206694745,-0.08146997483867031,-0.10083374969549651,-0.09445556853823425,-0.10117403906096784
0.24439043500181235,0.24871621580945932,0.14700400361738575,0.24866671419660288,0.1391397361477407,0.24867719418051512,0.16637687879899474,0.2487390170617659,0.2411873946612819,0.24891258867816735,0.24757717546720318,0.05682174629098836,0.008536268671142782,0.06306957226579618,0.029726310523936293,0.08621166417220938,-0.0061715690243879205,0.18426794898133086,-0.1823336480474953,0.24792092737943702,0.2447478966510175,-0.04812286206653038,0.1041192565339436,0.02846150070359852,-0.0011629239106409402,0.08699729307072566,-0.0702598059255315,0.10846243097153409,-0.10223904670179852,0.2500000000000002,0.24461921446537518,0.11602361264023635,-0.06370697682055194,0.09706341566837472,0.04526938336627524,-0.02050144019074944,0.11734545520395999,-0.10920580837788521,0.119651934818952,0.24700570869329083,0.24838121401111235,-0.07740789337910818,0.08505327629271639,-0.003732220507968679,0.0376349512034133,0.11694143750627954,-0.060634972949890384,0.22901672864309708,-0.2087924245160705,0.24848468972289173,0.24716350607231735,0.2486956756446112,0.12227971640640053,0.24883181516805433,0.12904461921779783,0.24860196954319025,0.16189867354414317,0.24845254289122531,0.22736422268872583,0.24891113470926526
0.241208870540322,0.2454798505715777,0.14488676411522983,0.2454311696941994,0.13720391021654857,0.245441429926466,0.16421657206354826,0.2455022931139883,0.23802597078234328,0.2456735481944611,0.2443580942452836,0.05538747596005796,0.009005570820710698,0.061783305627825136,0.029636564617727346,0.08493330839439443,-0.006177060835305815,0.18195093975849871,-0.18003987449719586,0.2446930971678206,0.24154745122029753,-0.04673572764190514,0.10172642043086612,0.028660210365957787,-0.001710333736128873,0.08605731030419118,-0.06940297465737885,0.10692086688908504,-0.10077612845100328,0.24461921446537518,0.2500000000000003,0.11275514778101972,-0.06156932141929068,0.09441650679509796,0.04512519235862197,-0.020818867578625118,0.11584413658121168,-0.10771762495291472,0.11807702944390355,0.24379229888699352,0.24514653663006872,-0.0747769848268694,0.08240584717560973,-0.0026687708181329117,0.03637545170310415,0.11575671458041838,-0.059700475090831734,0.22600161728511237,-0.20589203136000117,0.24524962230232977,0.24394694720751112,0.2454591273423382,0.12128283210265163,0.24559381175170195,0.12767736292701085,0.2453648386515639,0.15956578370322422,0.24521631602805963,0.2242696054973526,0.24567211320526794
0.11513632033438179,0.11694925829074547,0.0948983104723117,0.11689295421804856,0.08629230456636076,0.11690477557871634,0.08201058076248395,0.11696571990130004,0.11772118974963279,0.11705501944976275,0.11609129024285385,0.12448729114097391,-0.07461081079751555,0.10617266020017038,-0.035627131568941366,0.08550140355604025,-0.015306351388177942,0.09032019327559966,-0.08935214215689491,0.11699593601102044,0.11729698461776604,-0.12901635144706552,0.18267357278060067,-0.08691844710690974,0.11217439130681278,-0.04073652795448729,0.04689496015187432,-0.012209787796693067,0.018207272932405604,0.11602361264023635,0.11275514778101972,0.25000000000000033,-0.19740477493123393,0.2154047863414397,-0.08190900175790868,0.10353241357930236,-0.014065990605056733,0.0078991839968204,-0.009698181145361725,0.11641935594112623,0.11706288000059026,-0.2091235765453237,0.20473748373196032,-0.12925271816862652,0.11849123186738536,-0.008375721434604338,-0.01975321381114189,0.1031269242530017,-0.1106164894985388,0.11692668051631956,0.11625870777415755,0.11698726282488077,-0.0042052359806122,0.11701791441531394,0.0196739465642438,0.117151878610438,0.0903993366085313,0.11719668927625952,0.11902514091411537,0.11705431967759908
