x1,x2,x3,x4,x5,x6,x7,x8,x9,x10,x11,x12,x13,x14,x15,x16,x17,x18,x19,x20,x21,x22,x23,x24,x25,x26,x27,x28,x29,x30,x31,x32,x33,x34,x35,x36,x37,x38,x39,x40,x41,x42,x43,x44,x45,x46,x47,x48,x49,x50,x51,x52,x53,x54,x55,x56,x57,x58,x59,x60
0.25,0.24791028553286612,-0.06465848740404145,0.24843440112392262,-0.0763516996435067,0.2485464185515782,-0.10563042579363992,0.24806413015740608,0.0016047961930545185,0.24864940415944192,0.06050986627964609,-0.060593841168663745,0.061531135518070185,-0.07142085961135088,0.07629369468981717,-0.08154686225611607,0.10122701529867217,-0.1312240039595723,-0.0030530592823973537,0.014816482223470848,-0.05332371820414696,0.06156315814764802,-0.07046695986159171,0.07030741084211489,-0.06854761511519072,0.07341273777030127,-0.07345741574195289,0.1161551160352679,-0.11137705068869178,0.1439565742957457,0.07923264222364765,-0.07440767196532218,0.07064337357293124,-0.06878363872769734,0.06800800804222266,-0.055048088851347154,0.05463049188016495,0.017705371272629694,-0.01604125539941647,0.09118901995656056,-0.07114523917505611,0.07212142783523509,-0.07076092007509935,0.06574396076476957,-0.05175390791668232,0.04708616148686247,-0.022791368861743953,-0.030189532171789536,-0.013038076260523394,0.004489535688072501,0.24845941913668518,0.24844445304814736,0.06404466352724975,0.24787998038372866,0.04631027210844698,0.2482471908034392,0.013803013335445697,0.24843395541721536,0.0025889934208659787,0.2486499884509436
0.24791028553286612,0.25000000000000006,-0.06662118330352285,0.24904654582578542,-0.07815476479887085,0.24915405792289771,-0.10712520295716163,0.24867508382032397,0.0014218223660114894,0.24925658825190816,0.06236875153387096,-0.062456521554132526,0.06339879326848362,-0.07326461278913574,0.07812420096418535,-0.08323777909333883,0.10276223596062448,-0.13252783913562274,-0.0027311563665015034,0.014507438271502922,-0.05510009428654598,0.0634027980372643,-0.0723001994876584,0.07213972870260259,-0.07037055147647221,0.07512309406338555,-0.07516153261562572,0.11757841820289638,-0.11277974795631647,0.14516006653139799,0.08100332296142447,-0.07621236893864025,0.07247551891043776,-0.07060263736214699,0.06982663331859254,-0.05669752616364431,0.056275687687720635,0.016618385445007173,-0.014955239002680844,0.09067139131803259,-0.07292800447617466,0.07391146529168191,-0.07255001759758009,0.06754269308651678,-0.053455831131276915,0.04867282881943028,-0.024161631118344223,-0.02925535988633674,-0.013434738630114866,0.004765684599753599,0.24906770523883887,0.2490500666918793,0.0657146355290376,0.2484812509119132,0.04793368137209334,0.24885125550985165,0.015089582349271356,0.24903959430610018,0.0028585378036021106,0.2492571758386309
-0.06465848740404145,-0.06662118330352285,0.25000000000000006,-0.06612914827000516,0.21341279413175762,-0.06597582222337414,0.17295039737121487,-0.06641326346760575,-0.012847501415260025,-0.06591319742399813,-0.2325432206585712,0.23331481981983979,-0.23577939264145598,0.2260710341993019,-0.22104168466891633,0.19927475139670234,-0.17813662014637185,0.14848547998469486,0.000922946844904563,-0.0005613787136790787,0.22116348560923302,-0.22864038259230796,0.22453702202770237,-0.22436335136332916,0.22238314842922546,-0.20281329835709352,0.20145884335401282,-0.16445860429963363,0.16136261456194237,-0.13483745453602236,-0.21669462919564358,0.2209706545965956,-0.22432745293506998,0.22211989814916322,-0.22170142532253706,0.1969127104854317,-0.19615491649444472,0.13028387233650013,-0.130047340038008,0.06374501443448877,0.2181929367474435,-0.2190780375169008,0.2188861404487503,-0.21974624123951056,0.20677944746885912,-0.18957404793290372,0.1639774100131737,-0.11216983596375839,0.04482407584637752,-0.03050425623183056,-0.06605601821851216,-0.06572837437538642,-0.20455472510498193,-0.06521942427385313,-0.1974023786797008,-0.06554850430266514,-0.1541499720709976,-0.06573454141996748,-0.029792506182055534,-0.06591364107521654
0.24843440112392262,0.24904654582578542,-0.06612914827000516,0.24999999999999994,-0.07786373894799777,0.24967774939484305,-0.10701166597590582,0.24919557406985085,0.0014777884695781436,0.24978054611972336,0.06202794792866653,-0.06211391857599362,0.06305643103120562,-0.07294613675690978,0.07781668683853889,-0.08299476911666476,0.10262471038900457,-0.1324965682554271,-0.0028116563345784995,0.014618355658403913,-0.05475800379167925,0.06306607034266705,-0.07198203263093171,0.07182118766418469,-0.07005171958864413,0.07485362989362647,-0.07489471099233666,0.11746895903402164,-0.112664603039703,0.14516035690495763,0.08073331986339241,-0.07591661414962432,0.07215816484006492,-0.07028511365355924,0.06950777362901392,-0.056395479519395546,0.055973976769099924,0.016966630661112165,-0.015299397961010637,0.09106761821847277,-0.07262933914284485,0.07361348902976922,-0.07224812171042468,0.06722243624520766,-0.05312697690391193,0.04836572243852031,-0.023846711542093026,-0.02959628445433579,-0.013364122432228207,0.00470447807625218,0.24959082500368293,0.24957388819226786,0.06542712278546538,0.24900469915399434,0.047611366760387346,0.2493749520379052,0.014772649516830603,0.24956337894774963,0.002793808337754037,0.24978113448253586
-0.0763516996435067,-0.07815476479887085,0.21341279413175762,-0.07786373894799777,0.2500000000000001,-0.0777527181715707,0.18829642016483486,-0.07821077476457855,0.0016397764971862914,-0.07764888215392278,-0.22512789265013705,0.22593335358044722,-0.22684580130352167,0.23654004256949993,-0.2401686288920517,0.2171241242633333,-0.19478367974664001,0.164071193975842,-0.013948102229509393,0.014170656246284604,0.21881043111768184,-0.22684801610939404,0.23537986927871016,-0.23547532903915674,0.23351453553879606,-0.21847988865840162,0.21731665328482383,-0.17984040530150366,0.17673212094620264,-0.15098383410456095,-0.2274988411541543,0.23190886112672113,-0.23543944238517567,0.23320555787860212,-0.23287312254547066,0.20958947727118027,-0.2089577875064432,0.13786111630400188,-0.13772325645751543,0.06578177844294267,0.2289570837182825,-0.22989974702033347,0.22969951984509107,-0.23061926241083425,0.21695055158259188,-0.2017256446899317,0.17422125798565347,-0.11846989891065235,0.04925401228605177,-0.033964317698976565,-0.07779145007415623,-0.0774490588993217,-0.2144891889498024,-0.07689816405593224,-0.20697617341406585,-0.07725392421148564,-0.16362957472100456,-0.07745221776349785,-0.033151783306710335,-0.0776493797947311
0.2485464185515782,0.24915405792289771,-0.06597582222337414,0.24967774939484305,-0.0777527181715707,0.25000000000000006,-0.10698013296508585,0.24930880844092632,0.0013606151713662568,0.249892728529519,0.06192286842210054,-0.06200895339242204,0.06295142761521724,-0.0728415129301214,0.07771361292589807,-0.08291352839292354,0.1025793762857465,-0.13255184222438782,-0.0027080612647406217,0.014537018641891624,-0.05465288782979521,0.06296118558219149,-0.07187753052620771,0.07171652104958413,-0.06994720359135478,0.07476511887234201,-0.07480755410067394,0.11750479219449853,-0.11269737654400132,0.14522542611868636,0.08063322152289179,-0.0758132593948001,0.07205356894222677,-0.07018087661696858,0.06940336526369606,-0.05629931123007507,0.055878044412194176,0.01706426437216138,-0.015394378426650871,0.09116708949109681,-0.07252608352193154,0.07351022473600691,-0.07214471659081045,0.06711776823992066,-0.05302205245629596,0.048269443979522327,-0.023752236772990782,-0.029689629774986754,-0.01334358234664876,0.004688123017176706,0.249702790532174,0.24968606500985074,0.06532906075284362,0.249116859594029,0.04750927130387878,0.24948712410334736,0.014679072836243432,0.24967554423070268,0.0027767214175994006,0.24989331640087878
-0.10563042579363992,-0.10712520295716163,0.17295039737121487,-0.10701166597590582,0.18829642016483486,-0.10698013296508585,0.24999999999999994,-0.1074598256177636,0.024042408791978807,-0.10688356202622626,-0.1804197918773814,0.18074314035287226,-0.18166493289875044,0.19138828565745583,-0.19644368571503557,0.21855795152613752,-0.2372440218276784,0.18479499513201444,-0.03293333775063789,0.030000722702940495,0.1736814302198168,-0.1816490604202792,0.1902533541639257,-0.19029234163899109,0.19245925913889994,-0.21173769056518887,0.21355119795528227,-0.18794319436298318,0.1844889613881944,-0.17615403023598955,-0.18444101411088124,0.1874744365694111,-0.19034777072992132,0.19122842948394214,-0.1926970307784904,0.19462199902979085,-0.19530886478303622,0.12307930373414319,-0.12342594049394226,0.04978554219899832,0.18547587870340035,-0.18627411745458342,0.1864487267593188,-0.18861199985674545,0.18229715089839985,-0.1866460726667087,0.15987966573352055,-0.10478654578307002,0.057022938990647316,-0.042694766315601894,-0.10695869072810299,-0.10668581807613758,-0.17285766404346598,-0.10612987078421798,-0.1730941353457965,-0.10648213427808349,-0.1493675112518243,-0.10667173481649404,-0.04156904276753141,-0.10688397929770414
0.24806413015740608,0.24867508382032397,-0.06641326346760575,0.24919557406985085,-0.07821077476457855,0.24930880844092632,-0.1074598256177636,0.25,0.0008712668892423073,0.2494102228144867,0.06239255105385764,-0.06247982586807415,0.06342173453569967,-0.07331204703311803,0.0781847032443528,-0.08339239641601391,0.10305959129204931,-0.1329684770253917,-0.0022157491339316365,0.014109131714284592,-0.055124091953781165,0.06343205472523818,-0.07234744556089531,0.07218715231587482,-0.07041851526094664,0.07524578370267847,-0.07528891844273543,0.11799167397148655,-0.11317794995116866,0.1454605953714098,0.08103430751109654,-0.07624862850391922,0.07252252587259006,-0.07065009862059869,0.0698754013723832,-0.05677764816590184,0.05635786756891763,0.01658355019842686,-0.01491327208306137,0.09068529961449046,-0.07296379579830373,0.07394760315216845,-0.0725877789721023,0.06758782456265032,-0.0534951614189289,0.04874882493962497,-0.02422212453168265,-0.029229586971123933,-0.013476218928753511,0.00480051836247106,0.2492212353834872,0.24920356851150827,0.0657470015057052,0.248634380779749,0.04796910267151206,0.24900462052008554,0.0151438186093472,0.24919304694199668,0.002892142710284225,0.2494108078197661
0.0016047961930545185,0.0014218223660114894,-0.012847501415260025,0.0014777884695781436,0.0016397764971862914,0.0013606151713662568,0.024042408791978807,0.0008712668892423073,0.25000000000000006,0.0014376654406029125,0.01439150342743989,-0.014277566269858287,0.013387058967332579,-0.0036203865113116377,-0.0014349209274255438,0.024130891395994898,-0.027236729100960477,0.0677232597869881,-0.23505429640643424,0.2202447450440203,-0.011426269583361924,0.011607419828624848,-0.0029789666065220496,0.0027852620311263716,-0.0007525825217268748,-0.01948444181556758,0.0213239157226502,-0.06276053063769421,0.06518603049606671,-0.0790750905024291,0.008211764301592055,-0.005936660008999118,0.002919442826205688,-0.0013276606241390328,0.00025967588270727496,0.013797646740434584,-0.014613730571138444,0.0152085145965269,-0.016232992798803827,0.012995066714221543,-0.005225807432989355,0.005326577893902454,-0.004571723309830378,0.0014356642163383883,0.002213311496942798,-0.013725391412203034,0.013494165290428073,-0.014479919841786804,0.012301921639542551,-0.011690779944272846,0.0014369739868410783,0.0014400723504282204,0.004844112939154807,0.0014526270404310426,-0.0019917569210761515,0.0014496935791450405,-0.013089641101792011,0.0014512505206574894,-0.0116168791848138,0.0014382854923701443
0.24864940415944192,0.24925658825190816,-0.06591319742399813,0.24978054611972336,-0.07764888215392278,0.249892728529519,-0.10688356202622626,0.2494102228144867,0.0014376654406029125,0.25000000000000006,0.06181985443394723,-0.06190496244022914,0.06284740418541095,-0.07273797956959004,0.07761044466181477,-0.08281639836899138,0.10248931961828667,-0.13248145724655602,-0.0027881373518564363,0.014607806743652075,-0.05454905274058962,0.06285736421769499,-0.07177415328065792,0.07161299525573493,-0.06984378375962527,0.07466558339153687,-0.07470824834813161,0.1174179561000151,-0.11261154708260587,0.14520412927073248,0.08054206131688174,-0.07571569764396047,0.0719503270533347,-0.07007782121090218,0.06929989769671253,-0.056198051046703903,0.05577666478780695,0.017165418362920525,-0.015495282227957994,0.09126807685426952,-0.07242824690846542,0.07341242275532324,-0.07204599667118991,0.06701450778782833,-0.05291868236326915,0.04816807926682043,-0.023653139328588937,-0.029786243703087963,-0.013317494883453011,0.004666433871085245,0.2498056043752637,0.249789084091726,0.06523580804415649,0.24921987807426213,0.04740881116731283,0.24959014507350996,0.01458112361291042,0.24977855998436502,0.0027543783276874783,0.24999633624623907
0.06050986627964609,0.06236875153387096,-0.2325432206585712,0.06202794792866653,-0.22512789265013705,0.06192286842210054,-0.1804197918773814,0.06239255105385764,0.01439150342743989,0.06181985443394723,0.24999999999999994,-0.24876020339600502,0.24607407382820265,-0.23823248017612955,0.2331811033045685,-0.21009247689263413,0.18701057593575884,-0.15367929771775968,-0.000819805659063458,-6.84418030373369e-5,-0.23630462444597206,0.24406249711442063,-0.23677396662364553,0.23653493742316642,-0.2345889866504742,0.2140808672504283,-0.21269228296493736,0.17115632982982637,-0.16803728600414314,0.13768764493546456,0.22820436998356075,-0.23286941983675793,0.2364918870061582,-0.23427564485373475,0.2338989034133822,-0.20835597993937238,0.20758695613159106,-0.13976437232265881,0.1394452061393257,-0.07126368305305945,-0.23003321281453462,0.23094178693065995,-0.23078021915024705,0.23185133762817675,-0.21868022687677066,0.20079170859694553,-0.17431632176445064,0.12086419147146277,-0.04760997058012357,0.03262180508848522,0.06197848880971626,0.06162976514129044,0.2157262747417767,0.061106023064849496,0.20886236961305885,0.06144443016636788,0.16413474177558288,0.06163649262506583,0.031924406748355505,0.061820341625149225
-0.060593841168663745,-0.062456521554132526,0.23331481981983979,-0.06211391857599362,0.22593335358044722,-0.06200895339242204,0.18074314035287226,-0.06247982586807415,-0.014277566269858287,-0.06190496244022914,-0.24876020339600502,0.2500000000000001,-0.24704969660648315,0.23908951599083103,-0.2340172997838527,0.2105904520887827,-0.18736952442333088,0.15389906111384488,0.0006754764113123195,0.00021984443902078573,0.23724976937873596,-0.24502805242229814,0.2376281414684664,-0.23738669651686384,0.23537854878358938,-0.2145951654591147,0.21317002872610685,-0.17144735490994792,0.16832949101775171,-0.1378444095227569,-0.22901980528741336,0.2337050424456889,-0.23734242975791442,0.23507840745929148,-0.23467755968013493,0.20884943180315657,-0.208066974825821,0.14010197553872894,-0.1397798527996969,0.07145253476930097,0.23084950279826189,-0.23176183991036278,0.2315943291613552,-0.23264747901521127,0.21934159813629459,-0.2012727842441472,0.17473277228876463,-0.12115322338760437,0.04761748684882217,-0.03259175809850656,-0.06206429374820215,-0.06171438594779903,-0.21649702023167117,-0.06118945117992747,-0.20949859101344806,-0.06152872066651557,-0.1645285667072095,-0.061721220154891954,-0.03189507527437254,-0.061905450058385166
0.061531135518070185,0.06339879326848362,-0.23577939264145598,0.06305643103120562,-0.22684580130352167,0.06295142761521724,-0.18166493289875044,0.06342173453569967,0.013387058967332579,0.06284740418541095,0.24607407382820265,-0.24704969660648315,0.25000000000000006,-0.24007974817497307,0.23495993833221113,-0.21153233852801934,0.18831100782973562,-0.1548400892844526,0.00022550917916678838,-0.001110474016223753,-0.23473000478026088,0.2424830877027425,-0.23848986671557088,0.23832406839304565,-0.23631582250093683,0.2155294920097644,-0.21410991544296076,0.17238614846980563,-0.1692656518002579,0.13878518089339476,0.22995768323853755,-0.23464254490037495,0.23827979767385893,-0.23601221805683645,0.23561301316039462,-0.20972696045928607,0.20894366816572607,-0.14055045455696366,0.14023263558167576,-0.07144470869375294,-0.23177063165748668,0.23268842949987475,-0.23251769284369672,0.23356436808641684,-0.22020329202114242,0.20209995847786943,-0.17540019199539408,0.12149928597804904,-0.04786059489721039,0.03275789995464102,0.06300664316940736,0.06265558011087666,0.21735154374315196,0.06212718371721491,0.2103112945027694,0.062468663030628785,0.16513372635555593,0.06266237755442366,0.032052656264345496,0.06284788940643582
-0.07142085961135088,-0.07326461278913574,0.2260710341993019,-0.07294613675690978,0.23654004256949993,-0.0728415129301214,0.19138828565745583,-0.07331204703311803,-0.0036203865113116377,-0.07273797956959004,-0.23823248017612955,0.23908951599083103,-0.24007974817497307,0.25000000000000006,-0.2447895596320139,0.22136869246984087,-0.19815387660344422,0.16469619727817503,-0.010075965666085419,0.010497967444989294,0.23169655010382703,-0.23993961588247023,0.24797679820429466,-0.2480691755454582,0.24606884560632322,-0.22528824631239452,0.22391109701035813,-0.18220551723550166,0.179059213606923,-0.1486387724601304,-0.2397181513122825,0.24439726356573227,-0.24803199201220655,0.24572881269873495,-0.2453475323759042,0.21877213630408707,-0.21797998213510777,0.14511305216682202,-0.1448406063284017,0.07127111195820318,0.24135494446947003,-0.24233009661417018,0.24212528686212736,-0.24310378852847078,0.22912202750200067,-0.21062327799091024,0.18226153970187392,-0.12500190131540462,0.05032216021103604,-0.034423609865015484,-0.07289621753230338,-0.07253320985148966,-0.2262447293023114,-0.07196883673941515,-0.21872252421817764,-0.07233332974190819,-0.17135010391041308,-0.07253963997059384,-0.03362952027085217,-0.0727384796008479
0.07629369468981717,0.07812420096418535,-0.22104168466891633,0.07781668683853889,-0.2401686288920517,0.07771361292589807,-0.19644368571503557,0.0781847032443528,-0.0014349209274255438,0.07761044466181477,0.2331811033045685,-0.2340172997838527,0.23495993833221113,-0.2447895596320139,0.2500000000000002,-0.22646733254115867,0.20327616225321468,-0.16980945350076485,0.015174429237930113,-0.015426889113847738,-0.22666645445274228,0.23491848421374484,-0.24358966834083515,0.24368874897191342,-0.24173357460898026,0.227453315865749,-0.22630987802843736,0.18604370190735192,-0.1828522425318274,0.15371922695959764,0.2354456742348236,-0.24002280890039393,0.2436526737348756,-0.2413963332327681,0.24109920329411316,-0.21788486997817877,0.21728106094171032,-0.14425569189201015,0.14409095237373384,-0.0702174728197096,-0.23700143459470108,0.2379665017146125,-0.2377666324642403,0.23874906040791657,-0.22482413343161983,0.20982526252892078,-0.18154023961220703,0.12423600207576342,-0.05154968433006918,0.03574509636489451,0.07776128287908393,0.07740527827375522,0.22202501128359617,0.07683957545799314,0.21451888011891931,0.0772047468277238,0.17063469392791056,0.07740796144782343,0.03492383224759371,0.0776109485915071
-0.08154686225611607,-0.08323777909333883,0.19927475139670234,-0.08299476911666476,0.2171241242633333,-0.08291352839292354,0.21855795152613752,-0.08339239641601391,0.024130891395994898,-0.08281639836899138,-0.21009247689263413,0.2105904520887827,-0.21153233852801934,0.22136869246984087,-0.22646733254115867,0.25000000000000017,-0.2258215688451532,0.19223377210945033,-0.037633966077327254,0.03744027123779676,0.20344209083879933,-0.2115127141455827,0.22020063481440047,-0.22028055444730132,0.22189347230975645,-0.2393430311504079,0.24080570058831754,-0.20456402459922582,0.2012788995802105,-0.1759355310610062,-0.21243549938739678,0.21667254643692438,-0.2202929426170683,0.22070799719816905,-0.22207148251985792,0.22187256492365592,-0.2225168315961617,0.14951792673548248,-0.14967074941535738,0.07542924333546962,0.21452896056023354,-0.21534964738625165,0.21556688212075845,-0.2181225095854837,0.21075628605497781,-0.2138998711395331,0.1862432923509971,-0.12985003077534227,0.0630940077770981,-0.047497579009847454,-0.08294592484716885,-0.08261591196849527,-0.2003986583590304,-0.08205402005296598,-0.20071813143390724,-0.08241050740400194,-0.17533972008684554,-0.08260289989454107,-0.04654298512311835,-0.08281677731686524
0.10122701529867217,0.10276223596062448,-0.17813662014637185,0.10262471038900457,-0.19478367974664001,0.1025793762857465,-0.2372440218276784,0.10305959129204931,-0.027236729100960477,0.10248931961828667,0.18701057593575884,-0.18736952442333088,0.18831100782973562,-0.19815387660344422,0.20327616225321468,-0.2258215688451532,0.2500000000000001,-0.19298965991592537,0.037347383382961535,-0.03452696225074366,-0.1802684205884646,0.18829666351256308,-0.1970137174014508,0.19706217116910887,-0.19922210851563074,0.21880816952563104,-0.22064014731013987,0.19640922013793036,-0.19273857505936168,0.1745907836808119,0.19076378792127283,-0.19403418763853272,0.19710878886688402,-0.19796998730712992,0.19946698790386688,-0.2014428588784653,0.20215031935088232,-0.12937050712285134,0.12975683700384164,-0.05550575371006815,-0.19202059824178444,0.192824139766216,-0.19302509424406358,0.1953467155192166,-0.1889558823611897,0.1934210268602359,-0.16633580484450328,0.1106986856634194,-0.05886427819177279,0.04419696619187885,0.10257569538374,0.10229001440655244,0.17904455893619828,0.1017298602069065,0.17953327915828804,0.10208471312695494,0.15568366077870582,0.1022758016124301,0.043097350270877924,0.10248969617694957
-0.1312240039595723,-0.13252783913562274,0.14848547998469486,-0.1324965682554271,0.164071193975842,-0.13255184222438782,0.18479499513201444,-0.1329684770253917,0.0677232597869881,-0.13248145724655602,-0.15367929771775968,0.15389906111384488,-0.1548400892844526,0.16469619727817503,-0.16980945350076485,0.19223377210945033,-0.19298965991592537,0.25000000000000017,-0.08131352768945264,0.07114288516005897,0.1472575898330563,-0.1552108092793655,0.16397356060207005,-0.16397649970599004,0.16620255469633272,-0.1858388589696769,0.18812482249707238,-0.2304410289294032,0.2250879564853765,-0.20905375928813705,-0.15860919578236468,0.16112496994519934,-0.16402935294455454,0.1650287768125572,-0.16642530121909113,0.1687483450086909,-0.16939309009033762,0.09736613146907298,-0.09907872670099016,0.024204360460710686,0.1592043450652653,-0.1599947285840257,0.16020125492851559,-0.16232093337450365,0.15606985324174186,-0.1607417398438953,0.13460032225530097,-0.08027339612415563,0.050869256789216395,-0.037677453796218875,-0.13250329354140405,-0.13228393120798052,-0.1480294035171,-0.13172829618252466,-0.14761646490520552,-0.13208060183328793,-0.12438878169862666,-0.13226895544175737,-0.03638115211133191,-0.13248166703733372
-0.0030530592823973537,-0.0027311563665015034,0.000922946844904563,-0.0028116563345784995,-0.013948102229509393,-0.0027080612647406217,-0.03293333775063789,-0.0022157491339316365,-0.23505429640643424,-0.0027881373518564363,-0.000819805659063458,0.0006754764113123195,0.00022550917916678838,-0.010075965666085419,0.015174429237930113,-0.037633966077327254,0.037347383382961535,-0.08131352768945264,0.25,-0.2330657164455749,-0.0018104758186527877,0.0019438376128019588,-0.01067979988387456,0.01087867407423292,-0.012933460651012708,0.033331489026757005,-0.03520581017723493,0.07687346315998661,-0.0792358782073718,0.09013743706399757,0.0045117125441689115,-0.007278320355844093,0.010729576113343095,-0.012302811974314137,0.013426665285836633,-0.02712216714685747,0.02795626505353942,-0.02570393750621329,0.026766088158786432,-0.020500654376408745,-0.00790989204029071,0.007841420486497828,-0.0086478043697637,0.012098112218006047,-0.01539045709179911,0.026734802750547446,-0.02529413742110111,0.02397380348380052,-0.015919115954802224,0.014481474328556107,-0.0027728118262161775,-0.0027985219855527154,0.007521285864769976,-0.002833639760566458,0.014635383475391218,-0.0028164578532276475,0.024398891151059046,-0.0028099134577620867,0.014399601916426464,-0.0027886664921793094
0.014816482223470848,0.014507438271502922,-0.0005613787136790787,0.014618355658403913,0.014170656246284604,0.014537018641891624,0.030000722702940495,0.014109131714284592,0.2202447450440203,0.014607806743652075,-6.84418030373369e-5,0.00021984443902078573,-0.001110474016223753,0.010497967444989294,-0.015426889113847738,0.03744027123779676,-0.03452696225074366,0.07114288516005897,-0.2330657164455749,0.25000000000000006,0.0028720155809083855,-0.0027009229057600426,0.011113758289721215,-0.011323130677041788,0.0133637990330432,-0.033380098039708817,0.035209577138938374,-0.07401381956085153,0.0782532823741576,-0.09005556309107893,-0.004537633318292911,0.007561167957823184,-0.011159808249551423,0.012735881722101538,-0.013868248320342917,0.027771684049731703,-0.028615973496002155,0.02916762379768282,-0.03017511181786366,0.02663041960376275,0.008288456822172791,-0.008186456396925872,0.009033290569770532,-0.012649529999396088,0.016317989536710934,-0.02769257783663278,0.027086207292689672,-0.027751201382232166,0.016065093342539576,-0.014812836348837243,0.014579610235968158,0.014610745395023937,-0.008000492349160122,0.014625239637156003,-0.01568452109066084,0.014621443644647687,-0.026485460357921986,0.014621643666813311,-0.014821288941010733,0.014608298675609295
-0.05332371820414696,-0.05510009428654598,0.22116348560923302,-0.05475800379167925,0.21881043111768184,-0.05465288782979521,0.1736814302198168,-0.055124091953781165,-0.011426269583361924,-0.05454905274058962,-0.23630462444597206,0.23724976937873596,-0.23473000478026088,0.23169655010382703,-0.22666645445274228,0.20344209083879933,-0.1802684205884646,0.1472575898330563,-0.0018104758186527877,0.0028720155809083855,0.2500000000000001,-0.24166563522931025,0.23271664463423997,-0.23244983186794907,0.23047597327364322,-0.20948805296222747,0.20805650801508732,-0.1655342222961088,0.16282502405920657,-0.13201797149548136,-0.22400054132090308,0.22872043717244564,-0.23239732118584577,0.2301832342864942,-0.22978919440161047,0.2043858064810881,-0.20361187737370404,0.1386144203154295,-0.13824620651013678,0.0727999118915581,0.22597866813901965,-0.22685437673967054,0.2267186143654043,-0.22786352163473603,0.2150335034109979,-0.19712318070775445,0.17158515707936375,-0.12023585116735953,0.046540155154856426,-0.03193783163310719,-0.05471124066893075,-0.054366352520675114,-0.2120051379966097,-0.053863251080378476,-0.20546819512883632,-0.05418836439534683,-0.16175163497792686,-0.05437352868203978,-0.03130117849762078,-0.0545495105389325
0.06156315814764802,0.0634027980372643,-0.22864038259230796,0.06306607034266705,-0.22684801610939404,0.06296118558219149,-0.1816490604202792,0.06343205472523818,0.011607419828624848,0.06285736421769499,0.24406249711442063,-0.24502805242229814,0.2424830877027425,-0.23993961588247023,0.23491848421374484,-0.2115127141455827,0.18829666351256308,-0.1552108092793655,0.0019438376128019588,-0.0027009229057600426,-0.24166563522931025,0.24999999999999994,-0.24096481010296233,0.2406902395895736,-0.2386847193105108,0.21750634734168908,-0.21607629390297173,0.17357183472097654,-0.1704870872106447,0.13973630897298733,0.23225709371395836,-0.23697266314162502,0.24064683699003062,-0.23837249986943593,0.23797545014401747,-0.21177796662066997,0.2109842414672782,-0.14204443696084168,0.14171245335085206,-0.07237530780687726,-0.23408075996066965,0.2350060306524809,-0.2348368138375892,0.23590644792991639,-0.2224600272541302,0.20408343652158567,-0.17715610589510936,0.12281939745697494,-0.048305940617060825,0.03306242278076242,0.06301875738787296,0.06266399164484049,0.2195265264190869,0.06213131291715421,0.21247492467664422,0.06247553404047324,0.16680117790026333,0.06267099599665124,0.032353907446235404,0.06285784977471918
-0.07046695986159171,-0.0723001994876584,0.22453702202770237,-0.07198203263093171,0.23537986927871016,-0.07187753052620771,0.1902533541639257,-0.07234744556089531,-0.0029789666065220496,-0.07177415328065792,-0.23677396662364553,0.2376281414684664,-0.23848986671557088,0.24797679820429466,-0.24358966834083515,0.22020063481440047,-0.1970137174014508,0.16397356060207005,-0.01067979988387456,0.011113758289721215,0.23271664463423997,-0.24096481010296233,0.2500000000000001,-0.24936952584569472,0.24734657562677112,-0.22613287440874846,0.2247439842623159,-0.18228978495145157,0.17918618830950378,-0.14851840114013737,-0.24093553656749997,0.24564138387247467,-0.24930916828486588,0.24700223271885266,-0.24662005413591745,0.21981153117992333,-0.21900878488457529,0.14606941248189312,-0.14577837976331234,0.07215301981845802,0.24259639437046093,-0.24357299956532422,0.24337261184278725,-0.24437754018595664,0.23038624585561165,-0.21164831373763976,0.18323348980974605,-0.12589646978042082,0.05050001847766308,-0.03454555615486185,-0.0719345042611719,-0.07156917711184857,-0.22742627726424766,-0.0710042485972091,-0.21994811278255627,-0.07136908870398252,-0.1723007399844755,-0.07157586368120365,-0.033756855748568876,-0.07177464898323191
0.07030741084211489,0.07213972870260259,-0.22436335136332916,0.07182118766418469,-0.23547532903915674,0.07171652104958413,-0.19029234163899109,0.07218715231587482,0.0027852620311263716,0.07161299525573493,0.23653493742316642,-0.23738669651686384,0.23832406839304565,-0.2480691755454582,0.24368874897191342,-0.22028055444730132,0.19706217116910887,-0.16397649970599004,0.01087867407423292,-0.011323130677041788,-0.23244983186794907,0.2406902395895736,-0.24936952584569472,0.24999999999999986,-0.24745495076176863,0.22622361368356045,-0.22483416526691208,0.18231509273714766,-0.17921819231271252,0.14850217752911038,0.2410304361958913,-0.24574349013911656,0.24941689102294723,-0.24711011815586,0.24672842609315404,-0.21991512300558325,0.2191122850220307,-0.14618778806861735,0.14589517121253362,-0.072281858332847,-0.24269921764989205,0.24367564310505743,-0.24347629068465415,0.24448618752629542,-0.23049839539059966,0.2117530304619692,-0.18333950746362387,0.1260111676151829,-0.05052680331908703,0.034568431303129595,0.07177361328390763,0.07140805075223801,0.22752486167099106,0.07084320898370476,0.22005774786459664,0.07120798826633126,0.17240669213531998,0.07141474927269777,0.033780769117235786,0.0716134903742248
-0.06854761511519072,-0.07037055147647221,0.22238314842922546,-0.07005171958864413,0.23351453553879606,-0.06994720359135478,0.19245925913889994,-0.07041851526094664,-0.0007525825217268748,-0.06984378375962527,-0.2345889866504742,0.23537854878358938,-0.23631582250093683,0.24606884560632322,-0.24173357460898026,0.22189347230975645,-0.19922210851563074,0.16620255469633272,-0.012933460651012708,0.0133637990330432,0.23047597327364322,-0.2386847193105108,0.24734657562677112,-0.24745495076176863,0.25000000000000006,-0.228369254032143,0.2269900166736709,-0.18452029719355229,0.18142411773579853,-0.1507134299403569,-0.23904090467740707,0.2437492679488467,-0.24745224636147933,0.24747889865857253,-0.24860184071074398,0.22203270692244398,-0.22124880052000123,0.14823494312492627,-0.14794527140203076,0.0742405284606645,0.24135804819022008,-0.24230548531647766,0.24243442341983532,-0.2448304851675072,0.23163030929834044,-0.21382745098966568,0.18540260290443347,-0.12802575047835,0.05228911437642589,-0.036269332642957806,-0.07000523501577617,-0.06963946554386274,-0.22644451099839918,-0.06907404484157609,-0.2211486652939002,-0.06943827298446739,-0.17443678717177885,-0.06964526996545947,-0.03547122335517102,-0.06984426609230948
0.07341273777030127,0.07512309406338555,-0.20281329835709352,0.07485362989362647,-0.21847988865840162,0.07476511887234201,-0.21173769056518887,0.07524578370267847,-0.01948444181556758,0.07466558339153687,0.2140808672504283,-0.2145951654591147,0.2155294920097644,-0.22528824631239452,0.227453315865749,-0.2393430311504079,0.21880816952563104,-0.1858388589696769,0.033331489026757005,-0.033380098039708817,-0.20948805296222747,0.21750634734168908,-0.22613287440874846,0.22622361368356045,-0.228369254032143,0.25000000000000017,-0.24616763965394603,0.20405853363587195,-0.2009829577083681,0.17022148392984227,0.21808886355002824,-0.22252498452478076,0.2262362755540832,-0.22694558723092137,0.22850178507565222,-0.2275612166625817,0.2281762976994518,-0.15557739984809846,0.1556115029817698,-0.08190461932335402,-0.22047352687569066,0.22128817957147523,-0.22156219239541697,0.22439568556860473,-0.2171617547139712,0.219616631059842,-0.19194668031424653,0.13570004212967407,-0.06432933308164154,0.04850948812790689,0.07480923038029888,0.0744663467712384,0.20609336656840185,0.07390775395695319,0.20696856336565922,0.07426196490378804,0.18102364475267263,0.07445425847643836,0.047606635893983444,0.07466597188312014
-0.07345741574195289,-0.07516153261562572,0.20145884335401282,-0.07489471099233666,0.21731665328482383,-0.07480755410067394,0.21355119795528227,-0.07528891844273543,0.0213239157226502,-0.07470824834813161,-0.21269228296493736,0.21317002872610685,-0.21410991544296076,0.22391109701035813,-0.22630987802843736,0.24080570058831754,-0.22064014731013987,0.18812482249707238,-0.03520581017723493,0.035209577138938374,0.20805650801508732,-0.21607629390297173,0.2247439842623159,-0.22483416526691208,0.2269900166736709,-0.24616763965394603,0.2500000000000002,-0.2064450787536345,0.20335396887795312,-0.17248203092175707,-0.21671790850813458,0.22113820869442954,-0.22484893634102687,0.22564490121004063,-0.22726187724080016,0.22977938017274105,-0.2305628895187655,0.15762624001534462,-0.157672819625736,0.083604325617649,0.21911915245728594,-0.21991847934444314,0.22021166535314504,-0.22310508475423094,0.21697266416066405,-0.22178899804657742,0.19406000041028815,-0.1376739726596204,0.06633105642227169,-0.050434999178521185,-0.07485113706279424,-0.07450882656167034,-0.20471894094319437,-0.0739483426631578,-0.20674574621359018,-0.07430273611032091,-0.18307734857439864,-0.07449488237181257,-0.04951259529915604,-0.07470862851356536
0.1161551160352679,0.11757841820289638,-0.16445860429963363,0.11746895903402164,-0.17984040530150366,0.11750479219449853,-0.18794319436298318,0.11799167397148655,-0.06276053063769421,0.1174179561000151,0.17115632982982637,-0.17144735490994792,0.17238614846980563,-0.18220551723550166,0.18604370190735192,-0.20456402459922582,0.19640922013793036,-0.2304410289294032,0.07687346315998661,-0.07401381956085153,-0.1655342222961088,0.17357183472097654,-0.18228978495145157,0.18231509273714766,-0.18452029719355229,0.20405853363587195,-0.2064450787536345,0.2499999999999999,-0.24303315907175665,0.21328813819453804,0.17531103663540448,-0.17872112553989375,0.18233405686338996,-0.18328558231468073,0.1847535305097378,-0.1869092674598655,0.1875896102821724,-0.11475058614329203,0.11647719528983452,-0.04081942385002056,-0.1767976376699246,0.1775930721472996,-0.1779043096784295,0.1805892192624514,-0.1742358148382789,0.17884999200287158,-0.1520741444825606,0.09674942453519429,-0.0555903131291309,0.041554209718287535,0.11747335929539779,0.11721846081047455,0.16472054968631517,0.11665727806202332,0.16522779706161914,0.11701284894799184,0.14157463976383658,0.1172036614482126,0.04035168106535046,0.11741817623872072
-0.11137705068869178,-0.11277974795631647,0.16136261456194237,-0.112664603039703,0.17673212094620264,-0.11269737654400132,0.1844889613881944,-0.11317794995116866,0.06518603049606671,-0.11261154708260587,-0.16803728600414314,0.16832949101775171,-0.1692656518002579,0.179059213606923,-0.1828522425318274,0.2012788995802105,-0.19273857505936168,0.2250879564853765,-0.0792358782073718,0.0782532823741576,0.16282502405920657,-0.1704870872106447,0.17918618830950378,-0.17921819231271252,0.18142411773579853,-0.2009829577083681,0.20335396887795312,-0.24303315907175665,0.25000000000000017,-0.2167039413157659,-0.17215811676654852,0.17561443268962137,-0.17923184265708733,0.18018900236153176,-0.18165929000676298,0.18423043807240064,-0.18499495415891942,0.11995201618788415,-0.1216833658252488,0.045890677695490725,0.17371844928190333,-0.1744818200734478,0.17481398219208724,-0.17751741157195278,0.1716879450292711,-0.17653862304993712,0.15053964141879664,-0.10145803356271767,0.0587650875452526,-0.04454994285144262,-0.1126690226676172,-0.11241395238449847,-0.1619178206612635,-0.11185816915548182,-0.16283141666314319,-0.1122075519078644,-0.13994592854855467,-0.11239820000854565,-0.0433640700619293,-0.11261175547683847
0.1439565742957457,0.14516006653139799,-0.13483745453602236,0.14516035690495763,-0.15098383410456095,0.14522542611868636,-0.17615403023598955,0.1454605953714098,-0.0790750905024291,0.14520412927073248,0.13768764493546456,-0.1378444095227569,0.13878518089339476,-0.1486387724601304,0.15371922695959764,-0.1759355310610062,0.1745907836808119,-0.20905375928813705,0.09013743706399757,-0.09005556309107893,-0.13201797149548136,0.13973630897298733,-0.14851840114013737,0.14850217752911038,-0.1507134299403569,0.17022148392984227,-0.17248203092175707,0.21328813819453804,-0.2167039413157659,0.2500000000000003,0.14251044197397852,-0.14504498464414112,0.1485225357630097,-0.14956753676271772,0.15091219319110133,-0.15298824254886811,0.15363616925863127,-0.0869090302042781,0.08862404067557068,-0.013009217888328657,-0.1432082859500817,0.14397745931380282,-0.14430196508818785,0.14677774220990575,-0.140616165121504,0.14516515010986464,-0.11970576115139288,0.06997959739228388,-0.04985996084060941,0.03707365776888202,0.14519668756797618,0.14500626806093847,0.13305155901168805,0.14444917345215086,0.1326313256425705,0.14480063905261503,0.10950126411424706,0.14499020817333055,0.035678904168201665,0.14520433372625116
0.07923264222364765,0.08100332296142447,-0.21669462919564358,0.08073331986339241,-0.2274988411541543,0.08063322152289179,-0.18444101411088124,0.08103430751109654,0.008211764301592055,0.08054206131688174,0.22820436998356075,-0.22901980528741336,0.22995768323853755,-0.2397181513122825,0.2354456742348236,-0.21243549938739678,0.19076378792127283,-0.15860919578236468,0.0045117125441689115,-0.004537633318292911,-0.22400054132090308,0.23225709371395836,-0.24093553656749997,0.2410304361958913,-0.23904090467740707,0.21808886355002824,-0.21671790850813458,0.17531103663540448,-0.17215811676654852,0.14251044197397852,0.25000000000000033,-0.24515902368603304,0.24135402933803632,-0.23884952383375146,0.23831426615691606,-0.21162362922730066,0.21080792456518738,-0.13777106880401077,0.1374912970184695,-0.0637439426194517,-0.241416133835737,0.24246920710155898,-0.2409562207146842,0.2364131983060547,-0.22232831134710873,0.2034453316153975,-0.17509452580351267,0.11780301278737408,-0.04616598292168723,0.03049012767845096,0.08069083513512534,0.08033518136532561,0.2253482012769066,0.07977057755940316,0.21208632978556005,0.08013645002806274,0.16423837683512674,0.08034325850536,0.029678761774323794,0.08054258210825721
-0.07440767196532218,-0.07621236893864025,0.2209706545965956,-0.07591661414962432,0.23190886112672113,-0.0758132593948001,0.1874744365694111,-0.07624862850391922,-0.005936660008999118,-0.07571569764396047,-0.23286941983675793,0.2337050424456889,-0.23464254490037495,0.24439726356573227,-0.24002280890039393,0.21667254643692438,-0.19403418763853272,0.16112496994519934,-0.007278320355844093,0.007561167957823184,0.22872043717244564,-0.23697266314162502,0.24564138387247467,-0.24574349013911656,0.2437492679488467,-0.22252498452478076,0.22113820869442954,-0.17872112553989375,0.17561443268962137,-0.14504498464414112,-0.24515902368603304,0.2500000000000001,-0.24606799582955827,0.24354647004817817,-0.24302429545837811,0.21619733691298026,-0.21538489334616615,0.14237046259971137,-0.14207672029146032,0.06836900089242505,0.2460252147942058,-0.24707695200627192,0.24557825301739816,-0.2411253240531892,0.2270461851230947,-0.20802647401599858,0.17958043331594983,-0.12219755935777947,0.04727568409041426,-0.03140158757769766,-0.07587408636580596,-0.07550889585157093,-0.22972145529539625,-0.07494460117197012,-0.21667286058932111,-0.07531020632233092,-0.16867596087952014,-0.0755172086016805,-0.03062176785511089,-0.07571620720410316
