x1,x2,x3,x4,x5,x6,x7,x8,x9,x10,x11,x12,x13,x14,x15,x16,x17,x18,x19,x20,x21,x22,x23,x24,x25,x26,x27,x28,x29,x30,x31,x32,x33,x34,x35,x36,x37,x38,x39,x40,x41,x42,x43,x44,x45,x46,x47,x48,x49,x50,x51,x52,x53,x54,x55,x56,x57,x58,x59,x60
0.25000000000000006,0.24856588064535626,0.2419656107314617,0.24756834750329093,0.24815508750893084,0.24535885338744529,0.2449076676318734,0.24331923957922494,0.22549619815026917,0.24872982013003436,0.24850158888420246,0.08370121536053966,-0.07506895585902441,0.17495031527290456,-0.14257038244993667,0.20524879279695268,-0.1524543033179884,0.23015530902537204,-0.20403693390546307,0.24834420563514048,0.24184611136026193,0.006725699201234386,0.007918837706408,0.027047103577964443,0.014703023826688928,0.017878227896518148,0.023805239008492088,0.02219547643471516,-0.010895209621853148,0.24852840022096584,0.24573632192548842,-0.0745106690365682,0.08653206766764393,-0.07324595114884792,0.08356637618308385,-0.04896754396326117,0.09612376429698487,-0.046586352343726836,0.05769982864329905,0.24593813467076972,0.2484492489026305,0.1369845821686117,-0.12978029025131582,0.2067934849812304,-0.17743159746694,0.2208008168259894,-0.16030787113008305,0.229485931473513,-0.18549801410323302,0.2444087644908285,0.24810258401147556,0.24865742613464747,0.24330892992787448,0.24553540733795093,0.24786493758261705,0.23827095951936828,0.2353477483871465,0.24049688677939277,0.20601159234058083,0.2487342174955339
0.24856588064535626,0.25000000000000006,0.24303973558986297,0.24866327073530362,0.2492110234919164,0.24645454396614205,0.2460019437257091,0.24441560124522393,0.226596409676954,0.24982645960299402,0.24948419757423723,0.0838385994692148,-0.07511279235846746,0.17558101141553561,-0.14304542998127617,0.20609931607560303,-0.15305273698433092,0.2311273589778465,-0.20499383633056764,0.24943908844881926,0.24290668893940076,0.006982411808375615,0.007738691672184814,0.027378216415415962,0.014569650924287528,0.018151582493851,0.023738715515269418,0.022472848260711997,-0.011115901928787884,0.24962401343312426,0.24682277026718338,-0.07501511848607093,0.08709728074568,-0.07376768735498024,0.0841308405778041,-0.04936980059582811,0.09673043741798465,-0.04695425929380122,0.05812122761896672,0.24702070308228993,0.24954480430023715,0.1376972343360631,-0.13046061106038412,0.2077519158940498,-0.1782570402802076,0.22178828207343176,-0.16100182630612558,0.23050007282092827,-0.18629072071775374,0.2454837598447961,0.249196535247261,0.24975371148159195,0.24438316454233475,0.2466159257641731,0.2489577358372349,0.2393148390296847,0.23637752535053902,0.24155205524543685,0.20689303166274586,0.24983087754506073
0.2419656107314617,0.24303973558986297,0.25,0.24203934789129178,0.2426231463657879,0.23983755628706302,0.23945880250228171,0.23786151052021715,0.22005818814687506,0.2432029861463555,0.24289135284991784,0.08432441809249738,-0.08036112521022301,0.17168458968031355,-0.13931449704564786,0.2003046678513243,-0.14816860193743098,0.22499471634092127,-0.19923728548680306,0.24281778934269319,0.23645894952345917,0.006808892490717965,0.007395221685945724,0.027466844065778304,0.013701460659495734,0.018750489746717572,0.02221454899607618,0.023532267796758058,-0.012469908019175236,0.2430044812455896,0.24030183363517543,-0.07424481576106136,0.08606418882175983,-0.07331746713118678,0.08350847404258065,-0.0495275052231158,0.09620045329977826,-0.04754917520025159,0.05859055065382619,0.24045700425324712,0.24293006771079773,0.13482856305995314,-0.12779077742988515,0.20257320093672118,-0.17384371753332692,0.21606777350786602,-0.15669970435992975,0.224421208445003,-0.18118830574538825,0.23895675387907722,0.24259029195881432,0.24313189442804328,0.23791116984947314,0.24006314155023226,0.24235681387219543,0.232922780017652,0.2300574717671832,0.23511108821473903,0.2012173987855694,0.24320728153553156
0.24756834750329093,0.24866327073530362,0.24203934789129178,0.24999999999999997,0.24821167283418297,0.2454569878375458,0.24502465621945674,0.24342179185615434,0.2255871629315493,0.24882676446515078,0.24848676417214002,0.08273547733708207,-0.07403450297245578,0.17454280271510603,-0.14203777834022768,0.20509902489052867,-0.1521977470862939,0.23013402477643727,-0.20403818865395607,0.2484395459603866,0.24190547113796518,0.008045393130403443,0.006676433944205765,0.028420977413381746,0.013517172021800524,0.019168803819468214,0.022699466147084582,0.023480620784403453,-0.01213623525158229,0.24862471037820805,0.24585397269493367,-0.07579866614240452,0.08787860545592077,-0.07472631185969984,0.08504946536569612,-0.05035214282836076,0.0976195706082835,-0.04788165725643997,0.05903893586917122,0.246021284028378,0.2485472296520307,0.13781886622995773,-0.13061110663624673,0.20720842282443613,-0.17781324933620266,0.22099948863322968,-0.1602886318505829,0.22958974426438175,-0.1853899757729111,0.24448555460568064,0.2481998412330177,0.24875410283693192,0.24341404771982067,0.24561670157499424,0.2479613567127284,0.23831678631943848,0.23538459993017474,0.240554007960347,0.2059016950945508,0.2488311799045402
0.24815508750893084,0.2492110234919164,0.2426231463657879,0.24821167283418297,0.2500000000000001,0.24599928568591062,0.24559052439184578,0.2439842084242063,0.226157351507146,0.24937463920847322,0.2490630458483913,0.0836126551770801,-0.07501433452920986,0.1753262974480483,-0.14312394457343378,0.20596550736286204,-0.15299454475656163,0.23071756405423033,-0.20463552515616087,0.24898751941058547,0.24246150353524779,0.007151841483196011,0.007558845304740963,0.0274774276935585,0.014451104879939135,0.018157441454215453,0.02362490042202421,0.022551612477828803,-0.011214706475943212,0.24917244616959933,0.2463789219337229,-0.07502148433585366,0.087087400502866,-0.073800449109397,0.084146183471288,-0.04942480093603281,0.09672731058280039,-0.04701418177858247,0.058168575744920854,0.24657266039010112,0.24909363556317332,0.13753686733646844,-0.13031358196028406,0.20741384334665303,-0.17796782425442537,0.2213988143371292,-0.16069913023021948,0.23008173897028972,-0.18593275869125125,0.24503788634691465,0.2487459144363746,0.24930200106209247,0.24394244019159347,0.24616847035518782,0.2485074688168954,0.23887731742866447,0.2359447074301851,0.24111152783904105,0.20649971289367677,0.24937905250023001
0.24535885338744529,0.24645454396614205,0.23983755628706302,0.2454569878375458,0.24599928568591062,0.2500000000000002,0.2427891365993087,0.24121771655652743,0.22337617939221857,0.24661299152177396,0.24628125207777374,0.08057016226222156,-0.0719091367551821,0.17234878427301817,-0.13988515176547497,0.20289592297206574,-0.150494044329251,0.2279657237456529,-0.20196360363043192,0.246226867093695,0.23970053117598367,0.009948467833109587,0.004745596582361608,0.030256622320317228,0.011585312168759358,0.02098497375931027,0.020776832081937993,0.025232323388692787,-0.013940770161265843,0.24641212242535496,0.24370117416916026,-0.07710780112523438,0.08916423702432441,-0.07635794979047059,0.08660106852682897,-0.052059059083687576,0.09909339445335973,-0.04949984720369929,0.060611108233484985,0.2438126112743054,0.24633776115028583,0.13782374559900237,-0.13067997748404883,0.20589102906634998,-0.17672124982510232,0.21921205624431328,-0.1587326688954495,0.22756588516189816,-0.1834550710663067,0.24228147295271624,0.24599252091053003,0.24654060358861568,0.24126450610997113,0.24340899229414648,0.24575498944644256,0.23612300903319153,0.23320500198746508,0.2383566013661034,0.20377256170073116,0.24661739537050126
0.2449076676318734,0.2460019437257091,0.23945880250228171,0.24502465621945674,0.24559052439184578,0.2427891365993087,0.25000000000000017,0.24075253662332455,0.22321923765602106,0.2461654927449918,0.24586635921362948,0.08041349189351915,-0.07177613324170656,0.17219054084914884,-0.13992471661521294,0.2027677137367295,-0.1560469947781942,0.22850655401533115,-0.20284354096709695,0.2457874686993479,0.23926041972042883,0.010117770265947654,0.004525467768429978,0.030435652804878727,0.011457085151593716,0.020852435828242352,0.020816679960360393,0.024347108272955553,-0.013080584055399823,0.2459647562787497,0.2432599935220943,-0.07716183735789338,0.08919064542388466,-0.07631262546426433,0.08642185639281008,-0.05191907740856669,0.09828909013380033,-0.04874104058830691,0.05959290458416662,0.24337283415747887,0.24589067218167673,0.1376569397722842,-0.13051707310833444,0.20555608329497474,-0.17641459364055964,0.21874759337563615,-0.15834495573559462,0.2271050829241935,-0.18307044914430967,0.2418411809206447,0.24554615715780806,0.24609322248084994,0.2408325739490013,0.24296698382198315,0.2453094013712146,0.23569374706288385,0.23277929177247125,0.23792350313334604,0.2033979673858143,0.24616986372845148
0.24331923957922494,0.24441560124522393,0.23786151052021715,0.24342179185615434,0.2439842084242063,0.24121771655652743,0.24075253662332455,0.25000000000000033,0.22134750014835042,0.24457601708549867,0.24424787474469975,0.07861271713618267,-0.06998750095314771,0.1703466638060786,-0.13793945339366873,0.20088909850737577,-0.1489081831690171,0.22595481811721102,-0.2000336319789646,0.24419057373854142,0.23767164244552372,0.011690100411739813,0.002972654763693544,0.03195353890866352,0.009804614987874695,0.02267174368780199,0.018997645220712317,0.026893406381902366,-0.015647163922699853,0.24437636501335197,0.24172060847359095,-0.07832524160814802,0.09036081370402739,-0.077881271934987,0.08805026750067987,-0.05365792020392115,0.10050240653286402,-0.051037541657741194,0.062114015376369444,0.24177997825014433,0.24430476546373656,0.13783660998605013,-0.13075255488757595,0.2046828109455559,-0.17572297034433562,0.2175734760922194,-0.15730591386676718,0.22570658759769935,-0.18167402033971472,0.2402530894001276,0.2439614897152631,0.24450387356865927,0.23928655738755142,0.2413773241267953,0.24372481872380997,0.234103560519141,0.23119850304561515,0.23633401240783572,0.20180997626646582,0.24458040777470433
0.22549619815026917,0.226596409676954,0.22005818814687506,0.2255871629315493,0.226157351507146,0.22337617939221857,0.22321923765602106,0.22134750014835042,0.24999999999999986,0.22674546976579296,0.22642771148646967,0.061255499513071646,-0.05286129876537325,0.15277451378291382,-0.12095660158096612,0.18347140801815112,-0.13286803616165263,0.20859838452981413,-0.22270786460971484,0.2263636060005683,0.21984738715163712,0.029129218836410415,-0.014715395154211122,0.04946518329909273,-0.007814321463282673,0.03981784118505115,0.001467367880588974,0.04388764374464789,-0.032858550623445754,0.22655881389164095,0.22442594305136118,-0.0914300831214201,0.10337738281117373,-0.09407630185407719,0.10343411285157311,-0.07041494546027592,0.1157067656532302,-0.06693140805549865,0.0777273122734941,0.22396165257123052,0.22651113653260035,0.13943952856053238,-0.13288886245963155,0.19475866262139824,-0.16765030073227802,0.20349110146775334,-0.1447213544961668,0.2094821755600498,-0.16573861190324887,0.22246031006981845,0.22618396990659026,0.22667488066270836,0.22199286822436862,0.22356367721961493,0.22595366728091604,0.21633084966669308,0.2135224406292287,0.21855522051226428,0.18424342096131738,0.22674966472644642
0.24872982013003436,0.24982645960299402,0.2432029861463555,0.24882676446515078,0.24937463920847322,0.24661299152177396,0.2461654927449918,0.24457601708549867,0.22674546976579296,0.24999999999999986,0.24964719904825014,0.08387742054263783,-0.07514757634231739,0.1756909292148347,-0.14312845236580332,0.20623096734065022,-0.1531694991574068,0.23128031159116227,-0.20512674655224838,0.24960292364554526,0.24306655164760027,0.006975199352935146,0.007756657186129001,0.027376013216551115,0.014593269096171362,0.01814304791943494,0.02377081015664291,0.022458140040544416,-0.011094922097624867,0.2497878207754742,0.24698436236701868,-0.07504186919846305,0.08713102374615844,-0.07378794493621998,0.08415793169147799,-0.049373980901530924,0.0967566699268394,-0.04695256069095989,0.058124739866999266,0.247183114137853,0.24970857422428627,0.1377735869046771,-0.13053194739501472,0.2078821874112931,-0.17836758650549622,0.2219304656341737,-0.16110743513163253,0.2306505689807653,-0.18641598469210907,0.24564524523208858,0.2493600892836938,0.2499176464332914,0.24454343111213026,0.2467780773176335,0.24912114732294496,0.23947283101007763,0.23653371551317123,0.24171131174427093,0.2070325219621374,0.2499948581696873
0.24850158888420246,0.24948419757423723,0.24289135284991784,0.24848676417214002,0.2490630458483913,0.24628125207777374,0.24586635921362948,0.24424787474469975,0.22642771148646967,0.24964719904825014,0.24999999999999986,0.08360816135002776,-0.07496064771994171,0.17538599437784325,-0.14285164291641908,0.20591727411927652,-0.15292575221331794,0.2309618958775511,-0.20485583925260434,0.24926001350189328,0.24272829965738352,0.007127852917816721,0.0075871183646629425,0.027521847366536373,0.014411374797071188,0.01829644941969749,0.023583632556484116,0.02259719114746013,-0.011246721807084753,0.24944486100621246,0.24664838943272452,-0.0751205998709384,0.08720076806409205,-0.07389848640134736,0.08425554584199842,-0.04950570250053537,0.0968430660276931,-0.04707961398384246,0.058237632937489146,0.24684189210676755,0.24936587298886534,0.13769673948045094,-0.13046522381486195,0.20764485849543804,-0.17816778914788592,0.22164256417722097,-0.16087477560242944,0.23033572498329447,-0.18613384345433723,0.24530529425156836,0.24901778129611926,0.24957445827556946,0.24420909307486385,0.24643716279446395,0.24877906139672498,0.23913724715442647,0.23620107573252724,0.241374153395321,0.20672086438680218,0.24965160107662862
0.08370121536053966,0.0838385994692148,0.08432441809249738,0.08273547733708207,0.0836126551770801,0.08057016226222156,0.08041349189351915,0.07861271713618267,0.061255499513071646,0.08387742054263783,0.08360816135002776,0.25,-0.23703407474952243,0.15101475587052302,-0.11986054887523152,0.08181185849035391,-0.03430954018114228,0.08385912494244437,-0.05983847960582472,0.08351025160207881,0.08553262643291534,-0.15657119236380113,0.15016202307721566,-0.11806800119982402,0.12418534753088066,-0.09575976471019075,0.09778059036938802,-0.06241989863999295,0.06212643614149193,0.08379629361887969,0.08130218748332377,0.0701316744250996,-0.06974645520096093,0.08024878389319023,-0.07166586958183782,0.07896307381382645,-0.0465149576266395,0.048955214888521045,-0.040713107451816145,0.08375482463696862,0.08370547392426166,-0.01155030429335448,0.013590635855607346,0.04478146163455334,-0.036828989998345954,0.06859045351182608,-0.06279460587022899,0.0776972905051019,-0.07695179705301605,0.08375963145046961,0.08362522553718223,0.08387017892137516,0.08111739736689233,0.08384595556237565,0.0835837622495665,0.08375442130290044,0.08341572894009186,0.08374784235298788,0.0832770816822132,0.08387817345658986
-0.07506895585902441,-0.07511279235846746,-0.08036112521022301,-0.07403450297245578,-0.07501433452920986,-0.0719091367551821,-0.07177613324170656,-0.06998750095314771,-0.05286129876537325,-0.07514757634231739,-0.07496064771994171,-0.23703407474952243,0.2499999999999999,-0.1488494386121419,0.11820505622827251,-0.07386678751985508,0.02768310924802985,-0.07531679087904876,0.05222342419226522,-0.0747889283833167,-0.0768516088901823,0.15075044867736734,-0.1439465073904675,0.11779120678909455,-0.12323006439256524,0.0954751146116732,-0.09691934358239764,0.06259438697292065,-0.06211084444331974,-0.07507400993269674,-0.07270467383290813,-0.07127352757869704,0.0712922603375415,-0.08106134642570098,0.07279876004200309,-0.07910864731918305,0.04784112018554852,-0.04950278970570745,0.0415750236768966,-0.07511638041859522,-0.07498710312227148,0.01541975766507298,-0.01719004254671007,-0.03790757182425002,0.03099263027477596,-0.06100831062857352,0.05706758049053212,-0.06950317410402812,0.07017084442981963,-0.07516636826552443,-0.07491789888283448,-0.07514272143016608,-0.072595716799382,-0.07521836063421042,-0.07488532304023283,-0.07536001730072121,-0.07512782355325558,-0.07528221204237662,-0.07591545804126049,-0.07514812974607919
0.17495031527290456,0.17558101141553561,0.17168458968031355,0.17454280271510603,0.1753262974480483,0.17234878427301817,0.17219054084914884,0.1703466638060786,0.15277451378291382,0.1756909292148347,0.17538599437784325,0.15101475587052302,-0.1488494386121419,0.2500000000000002,-0.21617463355206218,0.17335503216016224,-0.12271032701281182,0.17471390667286063,-0.1497822017194916,0.17531372703247958,0.17221720852215264,-0.06130994161480311,0.07474202209738878,-0.04661503427610837,0.08506927377770217,-0.05318266178641694,0.07158723944078829,-0.027442516337839368,0.032851057920997996,0.17552617476157703,0.17282663460340428,-0.006694671116540735,0.013147701408809942,-0.0004656927731602062,0.010243716736865319,0.01574942632396499,0.02548042775599682,0.004786447152260409,0.005260256495718723,0.17418323852351783,0.17545705783582383,0.06904861717739952,-0.06411549269716552,0.1339266342353877,-0.11340540313814101,0.15223593839434355,-0.11613822386579266,0.1610122272077989,-0.13756927405770542,0.1733469561504445,0.1752269745395224,0.17564955696766005,0.17147163933131102,0.17400213435108278,0.1750822252828649,0.17015158671731923,0.16847182414585488,0.1713116553131857,0.15297700242664836,0.17569373811669461
-0.14257038244993667,-0.14304542998127617,-0.13931449704564786,-0.14203777834022768,-0.14312394457343378,-0.13988515176547497,-0.13992471661521294,-0.13793945339366873,-0.12095660158096612,-0.14312845236580332,-0.14285164291641908,-0.11986054887523152,0.11820505622827251,-0.21617463355206218,0.2500000000000003,-0.18601105943450802,0.13904091693064,-0.1455828111192086,0.12299334866545555,-0.14277757180536407,-0.14004343167892858,0.04631801773084071,-0.05925824113304856,0.04596608165902442,-0.08292617080531471,0.0731029550402196,-0.07652331077122271,0.03492377548111523,-0.038749997821685714,-0.14298803702952478,-0.14064455325210343,-0.003989807691068131,-0.000783543161728989,-0.010171706722108376,0.0023322770801332687,-0.024967793152080087,-0.010560322452497913,-0.01398294915589943,0.005042915102508699,-0.14201776091547952,-0.14293156340991917,-0.05049335012260399,0.046537498700352016,-0.1066124009099593,0.08975689441890765,-0.1230082531340375,0.09488046655795329,-0.13053850412842444,0.11331946245534472,-0.1413883701933121,-0.14274561100400596,-0.14309724250878153,-0.13963581640483563,-0.14189219570871617,-0.1426348048165339,-0.13907288559312936,-0.13780956474545888,-0.1399163330455291,-0.1264555790986461,-0.14313056632865634
0.20524879279695268,0.20609931607560303,0.2003046678513243,0.20509902489052867,0.20596550736286204,0.20289592297206574,0.2027677137367295,0.20088909850737577,0.18347140801815112,0.20623096734065022,0.20591727411927652,0.08181185849035391,-0.07386678751985508,0.17335503216016224,-0.18601105943450802,0.2500000000000001,-0.19594714346005498,0.20775053617256894,-0.1821572652739702,0.2058599681983496,0.20053039545020254,-0.001637976354883646,0.016002563692087288,0.006853599358596418,0.03440947445665164,-0.023208800477929087,0.04767262086327234,-0.002864011538303915,0.01203249962672703,0.20604826649563907,0.20350155937651146,-0.04638973620845846,0.055487235119865086,-0.043250320481350815,0.0519275473739204,-0.021441162790967333,0.06280025439305996,-0.02037219030292792,0.030598884343554927,0.20412558088124058,0.20598787966453158,0.10427871568221214,-0.09839052567839635,0.16736739080782614,-0.14298244400159926,0.18150695484966403,-0.13339116969770745,0.18899269973503732,-0.15569318557357256,0.20293126072566084,0.20570316788011145,0.20617537968195607,0.20165791613009137,0.20381729091472006,0.20552121030010062,0.19832851089827455,0.19609191675450705,0.20000271141969,0.1738954084465357,0.20623446232515083
-0.1524543033179884,-0.15305273698433092,-0.14816860193743098,-0.1521977470862939,-0.15299454475656163,-0.150494044329251,-0.1560469947781942,-0.1489081831690171,-0.13286803616165263,-0.1531694991574068,-0.15292575221331794,-0.03430954018114228,0.02768310924802985,-0.12271032701281182,0.13904091693064,-0.19594714346005498,0.2500000000000001,-0.1710452048427484,0.1492609313967608,-0.15294532180421075,-0.14779152935224338,-0.04067940267101053,0.027768784040426,-0.047142895838268646,0.009589930555793763,-0.008728511482289855,-0.011769269979406069,-0.01710796331123507,0.009186956168783317,-0.15301802644867057,-0.1517210838213998,0.06959495692236663,-0.07764481933805237,0.07107842178335647,-0.07537692697568477,0.05028338994574083,-0.07586290632224382,0.03887422221362174,-0.0440111099665734,-0.15131460533912944,-0.15301741368324934,-0.09860398479640026,0.09413638401367813,-0.13346549090490106,0.11450964064674561,-0.13684111248102687,0.09567165001961035,-0.1400669329443594,0.11028805296777214,-0.15023573578207147,-0.15279176032593209,-0.15312178507233926,-0.15012119968105367,-0.15100257302096715,-0.15264290953443133,-0.14608369857362424,-0.14419838989460063,-0.14759789382589572,-0.12420750901092104,-0.1531720176075027
0.23015530902537204,0.2311273589778465,0.22499471634092127,0.23013402477643727,0.23071756405423033,0.2279657237456529,0.22850655401533115,0.22595481811721102,0.20859838452981413,0.23128031159116227,0.2309618958775511,0.08385912494244437,-0.07531679087904876,0.17471390667286063,-0.1455828111192086,0.20775053617256894,-0.1710452048427484,0.2500000000000003,-0.22290583129850533,0.2310079997629792,0.22487493214078344,0.004500197258646364,0.00997766893413135,0.02471069255383848,0.0170648320338705,0.012381305405093926,0.029152352866717995,0.004592204771730141,0.00620675916175752,0.23108069025508315,0.22852253718433732,-0.07220401399295402,0.08317182219686854,-0.07001794375188293,0.07862873084455019,-0.04523993062753749,0.08312392354482642,-0.033863933126906005,0.04067896644346697,0.22874917758012936,0.23101986902824898,0.12878189087132969,-0.12202164642177682,0.1928419767193527,-0.16523995905198555,0.2045333112187896,-0.1476071032672013,0.212154722415278,-0.17151989496419537,0.22727431559624456,0.23069721911837887,0.23121367237958607,0.22633728571583883,0.22832951396475218,0.2304852476141339,0.22162173353159795,0.21892889241278707,0.2236764384705869,0.1917950986593927,0.23128433476806637
-0.20403693390546307,-0.20499383633056764,-0.19923728548680306,-0.20403818865395607,-0.20463552515616087,-0.20196360363043192,-0.20284354096709695,-0.2000336319789646,-0.22270786460971484,-0.20512674655224838,-0.20485583925260434,-0.05983847960582472,0.05222342419226522,-0.1497822017194916,0.12299334866545555,-0.1821572652739702,0.1492609313967608,-0.22290583129850533,0.25000000000000033,-0.20519619725471733,-0.1987921001049385,-0.027623629625760912,0.013744462347962172,-0.04786133875527453,0.007151780349295343,-0.035378795531722004,-0.005217429914507549,-0.02719854504012377,0.01684278255645562,-0.20494756001798595,-0.2031041843006672,0.08853793948978841,-0.09928054482434134,0.09041211085182045,-0.09786957759639207,0.06667326992266817,-0.10192395588960156,0.05437680645278585,-0.06070308548359294,-0.2026399721982122,-0.20491768452935663,-0.12935232076984027,0.12336454579385442,-0.17752740769170056,0.1526633486149383,-0.1835932130913407,0.12931584656432063,-0.18837330225732,0.14857874821470957,-0.20121641252406278,-0.20462017641099825,-0.2050628531324357,-0.20094553829434492,-0.20223156205528384,-0.20441869140045713,-0.19565333072359084,-0.19311578022572168,-0.1976768137452608,-0.16643671945448016,-0.2051304259897679
0.24834420563514048,0.24943908844881926,0.24281778934269319,0.2484395459603866,0.24898751941058547,0.246226867093695,0.2457874686993479,0.24419057373854142,0.2263636060005683,0.24960292364554526,0.24926001350189328,0.08351025160207881,-0.0747889283833167,0.17531372703247958,-0.14277757180536407,0.2058599681983496,-0.15294532180421075,0.2310079997629792,-0.20519619725471733,0.2500000000000001,0.24267990164503916,0.007327964819409829,0.007398835709593002,0.027724837748910658,0.014236288567616148,0.018460261069677936,0.023436622277387242,0.0226815316531664,-0.011328914695999044,0.2494005431139436,0.24660784414876394,-0.07530453281610945,0.08738960487910613,-0.0741010703077172,0.08444529496132101,-0.049687531718149394,0.09697467839763674,-0.04719092980033076,0.05832478910933665,0.2467965782224173,0.24932181075916043,0.137790628255174,-0.13055953072976298,0.20765902497943256,-0.17818179861881533,0.221612863661511,-0.16082514996296762,0.23029252397820785,-0.18607029318592608,0.24525910281525887,0.24897370946292802,0.2495301721400892,0.24416778190243496,0.2463913811613792,0.2487349580766844,0.2390880519995959,0.23615110444656753,0.24132607126976727,0.20665658263038017,0.24960733697435356
0.24184611136026193,0.24290668893940076,0.23645894952345917,0.24190547113796518,0.24246150353524779,0.23970053117598367,0.23926041972042883,0.23767164244552372,0.21984738715163712,0.24306655164760027,0.24272829965738352,0.08553262643291534,-0.0768516088901823,0.17221720852215264,-0.14004343167892858,0.20053039545020254,-0.14779152935224338,0.22487493214078344,-0.1987921001049385,0.24267990164503916,0.25,0.0001611184691967158,0.013867905356046428,0.021134925873283333,0.019531753537723465,0.013057573900450162,0.02716270033207474,0.018640809735109537,-0.007749747419070571,0.2428686141867812,0.24007776895039762,-0.06894174473061138,0.08053231561104798,-0.06729710186615043,0.07759608011554998,-0.04390243647587654,0.09066470779648626,-0.042732076664858766,0.053783710770310904,0.2403737695795633,0.2427892894235198,0.13152377265343707,-0.12449935188336092,0.20106822507716127,-0.17244701556278322,0.2155231190112784,-0.1569929570551198,0.22423917623162767,-0.1818480545573614,0.23889998742749552,0.24245193210689991,0.24299655916472987,0.2377328774040685,0.23998905763837464,0.24222149852454997,0.23298968946878332,0.2301617593912929,0.23513290791536398,0.2019036395391402,0.24307083243970545
0.006725699201234386,0.006982411808375615,0.006808892490717965,0.008045393130403443,0.007151841483196011,0.009948467833109587,0.010117770265947654,0.011690100411739813,0.029129218836410415,0.006975199352935146,0.007127852917816721,-0.15657119236380113,0.15075044867736734,-0.06130994161480311,0.04631801773084071,-0.001637976354883646,-0.04067940267101053,0.004500197258646364,-0.027623629625760912,0.007327964819409829,0.0001611184691967158,0.25000000000000033,-0.23199219793915127,0.2016775877708501,-0.16328796392679817,0.1365335500879476,-0.12375770065443475,0.09634078585595164,-0.09161000077714264,0.006961745934072926,0.009390376898312533,-0.15373286876131778,0.15950509444125915,-0.16843607773467562,0.16067939002552187,-0.1472526380999428,0.12202665579291551,-0.0948479342072364,0.08797471507282514,0.005692174844203536,0.007092080416489781,0.09598024217847283,-0.09514435277393796,0.04538888873858374,-0.040417897534440354,0.014257781737604728,0.01129947389772585,0.0041637724647851215,0.01830643724698439,0.004809857141241059,0.0070199614422851294,0.006947415694755128,0.008391893564331664,0.00531080972782321,0.006958103397668018,0.001558386214987481,0.0005512601261452157,0.002758957328174941,-0.015053603934551211,0.006976024216796142
0.007918837706408,0.007738691672184814,0.007395221685945724,0.006676433944205765,0.007558845304740963,0.004745596582361608,0.004525467768429978,0.002972654763693544,-0.014715395154211122,0.007756657186129001,0.0075871183646629425,0.15016202307721566,-0.1439465073904675,0.07474202209738878,-0.05925824113304856,0.016002563692087288,0.027768784040426,0.00997766893413135,0.013744462347962172,0.007398835709593002,0.013867905356046428,-0.23199219793915127,0.2500000000000003,-0.21430066379642831,0.1771394535765887,-0.14731788973511212,0.13586418136717515,-0.10444497362781119,0.1000210432139419,0.007743050043564942,0.0051748275434880826,0.14902438301814247,-0.15436871529400117,0.16467451977837955,-0.15623230237866215,0.14794859629595794,-0.1199698606826449,0.0989648725432153,-0.09130755470620978,0.00895138419663341,0.007625244161966372,-0.08752550642523446,0.08716438603275485,-0.03319589142082113,0.030528114599232204,-0.0019391529884438248,-0.019603705369160413,0.008057014307464245,-0.028793092987157022,0.00973009935142934,0.007673693029444147,0.007781759762462028,0.006087092320041342,0.009296817901536449,0.0077282379316138934,0.012766659637525298,0.013683871973990895,0.011649271398755953,0.028086635030687104,0.00775614701686706
0.027047103577964443,0.027378216415415962,0.027466844065778304,0.028420977413381746,0.0274774276935585,0.030256622320317228,0.030435652804878727,0.03195353890866352,0.04946518329909273,0.027376013216551115,0.027521847366536373,-0.11806800119982402,0.11779120678909455,-0.04661503427610837,0.04596608165902442,0.006853599358596418,-0.047142895838268646,0.02471069255383848,-0.04786133875527453,0.027724837748910658,0.021134925873283333,0.2016775877708501,-0.21430066379642831,0.25,-0.20731874945987708,0.17841508632482328,-0.15876156271127395,0.12866993336887866,-0.12242099491862553,0.027373792388673827,0.02985948827207844,-0.1795334799225388,0.18757630897845673,-0.19746481720342746,0.18939653249022703,-0.17680881866570114,0.15214355037926205,-0.12425385507706542,0.11721580889242582,0.0255578510645694,0.027482678261364857,0.11888576054955134,-0.11742139147014348,0.06771191170178086,-0.060655112007550215,0.0346908524589577,-0.001794680705751877,0.02527521764930521,0.005257217275197786,0.02446558512510108,0.027379538078437633,0.027335831236575552,0.028428221071425962,0.025119036146035854,0.027276511596547016,0.020022347708319573,0.018492995727434864,0.02164755446338234,-0.002479537608618791,0.027377208897613036
0.014703023826688928,0.014569650924287528,0.013701460659495734,0.013517172021800524,0.014451104879939135,0.011585312168759358,0.011457085151593716,0.009804614987874695,-0.007814321463282673,0.014593269096171362,0.014411374797071188,0.12418534753088066,-0.12323006439256524,0.08506927377770217,-0.08292617080531471,0.03440947445665164,0.009589930555793763,0.0170648320338705,0.007151780349295343,0.014236288567616148,0.019531753537723465,-0.16328796392679817,0.1771394535765887,-0.20731874945987708,0.25000000000000017,-0.2163924777802168,0.198431544429189,-0.1583281129342885,0.1531506894506762,0.014479395847218395,0.012047593551246077,0.14153375202451346,-0.14810848059805537,0.1595026101163236,-0.15093192775778336,0.15922609229568008,-0.1320968662209219,0.13420594757986415,-0.12667971086748714,0.0161070718705546,0.014467982654456429,-0.07961993261279851,0.0794268677261191,-0.026614906303428162,0.027071767250677874,0.0010573528878887453,-0.017948987753601698,0.006700701504840568,-0.030373048999722103,0.016732939212081258,0.014489001768561294,0.014624373917033627,0.013198189678543444,0.016353554063120217,0.014580824855898183,0.020332188973530944,0.021618520431816404,0.019044519155203856,0.03767993968694686,0.014592877142347523
0.017878227896518148,0.018151582493851,0.018750489746717572,0.019168803819468214,0.018157441454215453,0.02098497375931027,0.020852435828242352,0.02267174368780199,0.03981784118505115,0.01814304791943494,0.01829644941969749,-0.09575976471019075,0.0954751146116732,-0.05318266178641694,0.0731029550402196,-0.023208800477929087,-0.008728511482289855,0.012381305405093926,-0.035378795531722004,0.018460261069677936,0.013057573900450162,0.1365335500879476,-0.14731788973511212,0.17841508632482328,-0.2163924777802168,0.25000000000000017,-0.20692241251794802,0.16919643121401648,-0.16269604989610767,0.018242608029288978,0.0201703125103537,-0.14324009278856414,0.1514928597938078,-0.16122427501792608,0.15757572726703772,-0.16339859819522182,0.14696158720114783,-0.14579757006712554,0.13918897167565555,0.016267074523471793,0.018223022221842966,0.09315780687228915,-0.09201535884867747,0.05174042392252543,-0.04882096131733909,0.028366558987226467,-0.004794230425701783,0.02457613443881329,0.004492692378047942,0.01548279819395954,0.018162555602137784,0.018102294401743168,0.018655529852063948,0.01599347805469639,0.01803363554398947,0.011117919569824483,0.009456088653223584,0.012676137287379879,-0.010154617367347414,0.018144076885951953
0.023805239008492088,0.023738715515269418,0.02221454899607618,0.022699466147084582,0.02362490042202421,0.020776832081937993,0.020816679960360393,0.018997645220712317,0.001467367880588974,0.02377081015664291,0.023583632556484116,0.09778059036938802,-0.09691934358239764,0.07158723944078829,-0.07652331077122271,0.04767262086327234,-0.011769269979406069,0.029152352866717995,-0.005217429914507549,0.023436622277387242,0.02716270033207474,-0.12375770065443475,0.13586418136717515,-0.15876156271127395,0.198431544429189,-0.20692241251794802,0.2500000000000001,-0.20273057286699148,0.1971561154537945,0.023590718903843958,0.021417524777893448,0.1205404035961877,-0.12765005982142252,0.1392174840193963,-0.13468126468369107,0.14855561759244096,-0.1291947796257674,0.15706652399756116,-0.14966878493937655,0.02539893802186701,0.02365705572544517,-0.06350335631905417,0.06341649336959294,-0.014501309497409146,0.015906260443581233,0.009201104494850634,-0.020483450756664957,0.009411347108951484,-0.03247177788980797,0.025771350520026912,0.02364835616010698,0.023803500074871965,0.022692271810488766,0.025476608944461382,0.023780247271158673,0.02935918431764193,0.030803119987824593,0.028101522312425194,0.04611823298607147,0.02377061638120245
0.02219547643471516,0.022472848260711997,0.023532267796758058,0.023480620784403453,0.022551612477828803,0.025232323388692787,0.024347108272955553,0.026893406381902366,0.04388764374464789,0.022458140040544416,0.02259719114746013,-0.06241989863999295,0.06259438697292065,-0.027442516337839368,0.03492377548111523,-0.002864011538303915,-0.01710796331123507,0.004592204771730141,-0.02719854504012377,0.0226815316531664,0.018640809735109537,0.09634078585595164,-0.10444497362781119,0.12866993336887866,-0.1583281129342885,0.16919643121401648,-0.20273057286699148,0.2500000000000002,-0.23721469094527087,0.022626307881087698,0.023943601685346563,-0.11017800419780242,0.11925901868158012,-0.13029339518245747,0.13073539213345692,-0.1411099984063998,0.15624193573357292,-0.1831530969374743,0.19100793370167807,0.02029219635174015,0.022509784953456957,0.07593005307887912,-0.07483906217489024,0.04733337963586385,-0.04448793347459962,0.03333997509628953,-0.015120541000122419,0.03617872453109396,-0.0071230007405493415,0.0198838174000084,0.022456896897297296,0.022414269604403736,0.0221292168619878,0.020318579193905926,0.02226598209392151,0.015443610258693952,0.013573615373012219,0.017000456009503888,-0.005630047359261551,0.02245921146363552
-0.010895209621853148,-0.011115901928787884,-0.012469908019175236,-0.01213623525158229,-0.011214706475943212,-0.013940770161265843,-0.013080584055399823,-0.015647163922699853,-0.032858550623445754,-0.011094922097624867,-0.011246721807084753,0.06212643614149193,-0.06211084444331974,0.032851057920997996,-0.038749997821685714,0.01203249962672703,0.009186956168783317,0.00620675916175752,0.01684278255645562,-0.011328914695999044,-0.007749747419070571,-0.09161000077714264,0.1000210432139419,-0.12242099491862553,0.1531506894506762,-0.16269604989610767,0.1971561154537945,-0.23721469094527087,0.25000000000000017,-0.011290230808420966,-0.01264473341810912,0.10258656353909441,-0.11151420008156172,0.1228885735307256,-0.1232008990218659,0.1343533123598623,-0.14944407332412818,0.19339506238809667,-0.20112044655511874,-0.008952014360857569,-0.011153237259381773,-0.06691790935152263,0.0660739861096774,-0.0368849221114493,0.03455218616669511,-0.02256839483362276,0.008567221333562854,-0.028432204364269655,0.0005443126729236295,-0.008678811930977647,-0.011121397610980908,-0.011052287515439161,-0.010857330861732425,-0.00904522736676415,-0.010915152203831444,-0.004369876280550859,-0.0025129648166460194,-0.005869249160229113,0.01577668272612778,-0.011095765340369265
0.24852840022096584,0.24962401343312426,0.2430044812455896,0.24862471037820805,0.24917244616959933,0.24641212242535496,0.2459647562787497,0.24437636501335197,0.22655881389164095,0.2497878207754742,0.24944486100621246,0.08379629361887969,-0.07507400993269674,0.17552617476157703,-0.14298803702952478,0.20604826649563907,-0.15301802644867057,0.23108069025508315,-0.20494756001798595,0.2494005431139436,0.2428686141867812,0.006961745934072926,0.007743050043564942,0.027373792388673827,0.014479395847218395,0.018242608029288978,0.023590718903843958,0.022626307881087698,-0.011290230808420966,0.24999999999999992,0.24678407281479006,-0.07498695274770067,0.08707063309147185,-0.07373810048414255,0.08409021168646198,-0.049348761695036464,0.09668086811386795,-0.04698179482586712,0.058138666118161694,0.2469816129875465,0.24950616347473567,0.13766347355140313,-0.1304270805183116,0.20771677605274477,-0.17822359511675154,0.22175006474154438,-0.16097710802270526,0.2304803358921398,-0.1862698046104852,0.2454452417086036,0.2491579909454235,0.2497150664211164,0.24434453796973457,0.246577227081455,0.24891907382661574,0.23927599393826904,0.2363378413059471,0.24151329574076083,0.20685367659760923,0.2497922372852887
0.24573632192548842,0.24682277026718338,0.24030183363517543,0.24585397269493367,0.2463789219337229,0.24370117416916026,0.2432599935220943,0.24172060847359095,0.22442594305136118,0.24698436236701868,0.24664838943272452,0.08130218748332377,-0.07270467383290813,0.17282663460340428,-0.14064455325210343,0.20350155937651146,-0.1517210838213998,0.22852253718433732,-0.2031041843006672,0.24660784414876394,0.24007776895039762,0.009390376898312533,0.0051748275434880826,0.02985948827207844,0.012047593551246077,0.0201703125103537,0.021417524777893448,0.023943601685346563,-0.01264473341810912,0.24678407281479006,0.2500000000000001,-0.07802387335655904,0.089527945662032,-0.07624769778812203,0.08632016383330392,-0.051639706316263564,0.09796849659408759,-0.04822291199486664,0.05913597752915937,0.24418258329034567,0.2467085930129312,0.13861165616065751,-0.13140378609950729,0.2062163161291352,-0.17688065193097469,0.21933602777257194,-0.158646737849649,0.22777916747167512,-0.18357514924697765,0.24264280479931094,0.24636306899717236,0.24691183790893334,0.24164549244358152,0.2437736199517294,0.24612459743037374,0.23647261771209016,0.23354586395181323,0.23871088283862205,0.20405121502358423,0.24698874090557962
-0.0745106690365682,-0.07501511848607093,-0.07424481576106136,-0.07579866614240452,-0.07502148433585366,-0.07710780112523438,-0.07716183735789338,-0.07832524160814802,-0.0914300831214201,-0.07504186919846305,-0.0751205998709384,0.0701316744250996,-0.07127352757869704,-0.006694671116540735,-0.003989807691068131,-0.04638973620845846,0.06959495692236663,-0.07220401399295402,0.08853793948978841,-0.07530453281610945,-0.06894174473061138,-0.15373286876131778,0.14902438301814247,-0.1795334799225388,0.14153375202451346,-0.14324009278856414,0.1205404035961877,-0.11017800419780242,0.10258656353909441,-0.07498695274770067,-0.07802387335655904,0.2500000000000001,-0.23698909990321615,0.22594245176777444,-0.21771245105677967,0.18885896742989397,-0.1677980218248775,0.12171006977825706,-0.11531960030307126,-0.07256985529198995,-0.07512221186753765,-0.18582043886456887,0.18023501300757253,-0.11343620871912893,0.09418503554157502,-0.070902701376081,0.017506163054562564,-0.06345234837362936,0.020768392372735832,-0.07088718700056969,-0.07493943933741835,-0.07498431990704472,-0.07600386627177697,-0.0719060619463583,-0.07474064050062335,-0.06480760329807297,-0.06257645615519565,-0.0670462301225099,-0.03330240067880413,-0.07504383880145131
