x1,x2,x3,x4,x5,x6,x7,x8,x9,x10,x11,x12,x13,x14,x15,x16,x17,x18,x19,x20,x21,x22,x23,x24,x25,x26,x27,x28,x29,x30,x31,x32,x33,x34,x35,x36,x37,x38,x39,x40,x41,x42,x43,x44,x45,x46,x47,x48,x49,x50,x51,x52,x53,x54,x55,x56,x57,x58,x59,x60
0.25000000000000006,-0.08730895860415526,0.10834481933123505,-0.06059901781511093,0.0745533915264701,-0.04952354016421169,0.05019918598387196,-0.04895815011618525,0.04882542344842622,-0.049218023835871254,-0.15120062209753615,0.1499904921237464,-0.1318830414076873,0.12907529247643593,-0.10825608407654692,0.10524975978574369,-0.05988759325218471,0.05956007036221171,-0.050423776888581205,0.06982657700119542,0.1356143296449658,-0.14685379188950476,0.14672919437696347,-0.1416365130368752,0.1367618886425342,-0.12823184684605274,0.125661715349728,-0.09922887671540648,0.0987921665918534,-0.07075342092605827,-0.13458282530463817,0.11167445873006801,-0.11176088758285418,0.0869182093765291,-0.08855387756886046,0.06263475110170433,-0.06519195577250883,0.044106073016088404,-0.044555337296684615,0.008347657403670704,0.05682805092767488,-0.05697800033609326,0.044303588407697304,-0.04425587889663924,0.032095164045168066,-0.03200189558505985,-0.0036533794385849236,-0.0006127354312081938,-0.01362135061096495,-0.011635428352222074,-0.07833549662437168,-0.013124110660553167,-0.013780320958955768,-0.0337621727310451,0.009224392625968771,-0.042787924865422274,0.029098243359515656,-0.04608036338290775,0.03538932565533669,-0.049216492128968406
-0.08730895860415526,0.25,-0.21856299891459277,0.21232414394859606,-0.20808886010427646,0.21162332834916806,-0.20556345306850116,0.21077162967854168,-0.2035001557939071,0.21189985651012855,0.17434848949087872,-0.17206626242085632,0.19078650160861052,-0.18749230955375745,0.19482858486231566,-0.1857300572647966,0.19225681837576863,-0.1807427815435459,0.18194900145107912,-0.16882153663883592,-0.09378851138704129,0.13028021082277214,-0.1326657037110368,0.15572873216416389,-0.14155973461615148,0.15573301551990648,-0.1478874478009504,0.16238973862561812,-0.16234884845984826,0.1728064751563188,0.10024124756724132,-0.057005131069658044,0.057141176679670565,-0.011614528173056193,0.014491406293185972,0.027603787515153036,-0.015540333843674889,0.050153749444840856,-0.04761162688749089,0.10969858626906372,0.03640545068952087,-0.03625973791765943,0.05816571497709527,-0.05857050915152157,0.07846666065073105,-0.0786544301661352,0.13681647091143698,-0.12806025763017317,0.15137966915751044,-0.1034899900515584,0.05987899317336074,0.1526407796897014,-0.10851511799979709,0.18654648323843454,-0.1462894622566771,0.20135192400640375,-0.1788898493419305,0.20675818910924512,-0.1889840962047849,0.2119040612721511
0.10834481933123505,-0.21856299891459277,0.25000000000000006,-0.20024376648131523,0.20467323023798323,-0.18874023636597692,0.1842556961832091,-0.1876523507955011,0.18191041373648864,-0.18878034956181095,-0.2011359319406374,0.2010314189877848,-0.22111277778147315,0.21562809207904438,-0.212307442649734,0.20312437936422825,-0.18015160743010766,0.17071813779114195,-0.16598439985710317,0.16566978011541897,0.1216861240407839,-0.1584595836391852,0.160757981629964,-0.1838873729192,0.16968146112724403,-0.1827480220453825,0.17483763606839425,-0.17608075712618343,0.1758455914218066,-0.1694535342114057,-0.12780204691721364,0.08433313011446643,-0.08447802731212395,0.03828011269023979,-0.04129474479355939,-0.0015196513547585913,-0.010553545092385952,-0.02462741855070372,0.02210162897270693,-0.0851212984323852,-0.010595114285154271,0.010426823704183928,-0.03260364915673234,0.03295019628773685,-0.053177272021593114,0.05336101870361684,-0.11253736005845984,0.10362806938731554,-0.12733037496554797,0.07897536403751987,-0.07715135181628628,-0.12856484483195785,0.08371764827795482,-0.16301267995184918,0.12209910618537964,-0.17806002933496393,0.15523196360286712,-0.18355356806074274,0.16549647317161412,-0.18878326529796782
-0.06059901781511093,0.21232414394859606,-0.20024376648131523,0.2500000000000001,-0.23466333721356747,0.23823138159531884,-0.23130279658463118,0.23739596351578132,-0.22950266189624458,0.23852967962328425,0.15894428347745085,-0.15562485661134653,0.17286747058799445,-0.17230090942831874,0.1933160036424267,-0.18424564427816517,0.21210925271628764,-0.1983599470985831,0.2038551961407553,-0.18013079504281998,-0.07749786336277964,0.11462358429215029,-0.11711028495429882,0.14027974322440878,-0.12608932828253627,0.1417403295100113,-0.13392075729602432,0.16010274132727007,-0.16021229698039646,0.18432622438008073,0.08444545896742073,-0.039699724251508126,0.03983419735898415,0.006880805736008314,-0.004011021640386445,0.04761257261055999,-0.035198944505291783,0.07105424522586433,-0.06842733229569305,0.13272584275663016,0.05668410835851139,-0.05654827627303386,0.07921890498234727,-0.07968373637998163,0.10029276863836512,-0.10049236433078146,0.1606997778960738,-0.1516964974406567,0.1758534093621843,-0.12617749618237925,0.04974816487998445,0.17713152117508202,-0.13141978913231087,0.21226498587049528,-0.17056007671984832,0.2276026109260114,-0.20433249193122066,0.23320394215061666,-0.21479240373354888,0.23853494499631253
0.0745533915264701,-0.20808886010427646,0.20467323023798323,-0.23466333721356747,0.25000000000000006,-0.22366728815932047,0.21794009331581,-0.2221068688849389,0.21588306790473766,-0.22323765195957596,-0.17178697490737505,0.17054957492516684,-0.18779163146388833,0.1872295369351919,-0.20824341072237149,0.19912777316887867,-0.20574655082932353,0.19263339183492964,-0.19384977336732034,0.1778191217754195,0.09249514405244351,-0.12959328543279078,0.13204609392874223,-0.15523170223730154,0.14104177921204675,-0.1566876984646146,0.14884295391343327,-0.16805536213661432,0.16805027451364338,-0.18184305180728522,-0.0992412413454199,0.05472844040474529,-0.05486691212685632,0.008132114237593219,-0.011059447537155369,-0.032515571504623426,0.020096851387920257,-0.055920477606900824,0.053301297608159805,-0.11753405993244623,-0.0416440347350936,0.04149684210051966,-0.0641138046579751,0.06454158526469074,-0.08513450854992359,0.08532989487007224,-0.1455176847930866,0.13648551309088133,-0.16062076347935514,0.11108469608230782,-0.0591649198887178,-0.16190306079492264,0.11623340314883136,-0.19699717877985512,0.15533156426332184,-0.2123206036833511,0.18907259156415468,-0.2179161517286875,0.19952236575397317,-0.22324207851437874
-0.04952354016421169,0.21162332834916806,-0.18874023636597692,0.23823138159531884,-0.22366728815932047,0.25000000000000017,-0.24272322881159553,0.24837661528808258,-0.24027005662172757,0.2495110410471501,0.14803858180605162,-0.14458609324940508,0.16182771583915154,-0.1612655096342283,0.1823059942050625,-0.17327247734665294,0.21907661342535947,-0.2047973444057178,0.2139043382991184,-0.18368297224928473,-0.06646880511180353,0.10358815335038392,-0.10609891025045363,0.12924382024221942,-0.1150582338565142,0.13070853461676474,-0.12291325949758118,0.1549829495525845,-0.1551878695846518,0.1879436464884214,0.07355735054022218,-0.028676026645125873,0.02880748305004828,0.01785792062805469,-0.015032419347470828,0.05861557215270514,-0.04621387262917944,0.08206138665669604,-0.07942976522981489,0.14372231881616568,0.06763691417172933,-0.0675094961048608,0.0902007393034623,-0.0906922835210402,0.11129532686099361,-0.11149783000103677,0.17166777623366855,-0.16269272919779956,0.186844691136823,-0.13710719708527805,0.04282321679333842,0.18811931457512937,-0.14241615115813105,0.22325131688745684,-0.18155355331350928,0.23858613021016048,-0.21531986392312868,0.24418687191521105,-0.22577811897613645,0.24951700058378523
0.05019918598387196,-0.20556345306850116,0.1842556961832091,-0.23130279658463118,0.21794009331581,-0.24272322881159553,0.25,-0.24341367270477257,0.23915862741439564,-0.24228856199140014,-0.14501862305907967,0.1435700236705713,-0.16082772833888687,0.1630194777267286,-0.18417872420991543,0.1799460555747341,-0.22574938454423557,0.21149082578735967,-0.22059742655359876,0.19039127474404474,0.06853246791921341,-0.10560317677913295,0.10809362185977617,-0.1312740003043525,0.12174290766243033,-0.13742566094540998,0.129636356563711,-0.161695539053698,0.16189404018935158,-0.19447048435330164,-0.07556186310703494,0.03282769098772295,-0.032962549427892264,-0.010965103455684092,0.008116425371790026,-0.05164909748954356,0.03925836134702869,-0.07505992367591902,0.07243152788288106,-0.13663921412580807,-0.06116690569400093,0.06103960680025718,-0.0832076939633585,0.08367706750461458,-0.10425475110308163,0.10445516123863752,-0.16456371148664747,0.15558383062767994,-0.17970484918968913,0.13007878435032105,-0.0453509359993284,-0.18097982240785704,0.13533556912751404,-0.21606306411216264,0.1744196186087968,-0.23137801645605244,0.20814214159175667,-0.2369712308117901,0.218586709241863,-0.2422943917487228
-0.04895815011618525,0.21077162967854168,-0.1876523507955011,0.23739596351578132,-0.2221068688849389,0.24837661528808258,-0.24341367270477257,0.24999999999999992,-0.24153220947191106,0.24885095038415864,0.1468445839209311,-0.14330039082717563,0.16054826493932087,-0.16068874739548952,0.1817578064265881,-0.17392513322255315,0.21972658687079405,-0.2054489335385857,0.2145557273598437,-0.18433648150574575,-0.06594675439495275,0.10306407359929998,-0.1055724758621317,0.12872977592081977,-0.11570429267437711,0.13136521030145104,-0.12356943843635158,0.15563786836307156,-0.1558420770023285,0.18859297522133817,0.07303589399552052,-0.028662728096806204,0.028794785023151304,0.017197317901101655,-0.01436936268398196,0.057953696604005074,-0.045552264665911085,0.08140030760812363,-0.07876881844624554,0.14306183018968283,0.06709759994410702,-0.06697098057069663,0.08954136599219509,-0.09003011226999626,0.1106335711209399,-0.11083590281600848,0.17100827913122876,-0.1620317571329821,0.1861840921508579,-0.13645160015174768,0.04280252443298608,0.18745870745746462,-0.1417548523387016,0.22259086624586416,-0.18089255186767084,0.2379258932610471,-0.21465932794982864,0.2435266866147147,-0.22511774075453297,0.24885688327972041
0.04882542344842622,-0.2035001557939071,0.18191041373648864,-0.22950266189624458,0.21588306790473766,-0.24027005662172757,0.23915862741439564,-0.24153220947191106,0.24999999999999994,-0.24045470827818413,-0.142460207765509,0.140589051088285,-0.1578657510882751,0.15935513924709613,-0.18051969056426354,0.17760500238280835,-0.2234258687083842,0.21312099698309445,-0.22263885139091735,0.19248452402888705,0.06509596617801079,-0.10218934735942459,0.10467538949614139,-0.12791389994877583,0.1214437406153582,-0.1371573139327239,0.13141215202457773,-0.16347815746456282,0.16367339909372547,-0.19623623623610623,-0.07211320058644198,0.031591628109108184,-0.031728887219788164,-0.009182273671659566,0.006324348406994235,-0.049848914271469855,0.037448159929401835,-0.07324257168325297,0.0706119561557057,-0.13481050509675893,-0.059904484684426954,0.05978159423847254,-0.08141175308834571,0.08187142917740087,-0.10244511199873116,0.10264501572469811,-0.16274538248488046,0.15375976765600935,-0.1778758539600678,0.12826636503813843,-0.04455435052047763,-0.1791545952786135,0.13351958241946638,-0.2142295941263981,0.17259485041230188,-0.22954137582004092,0.2063103748298208,-0.2351333621512035,0.2167523786082528,-0.24045540515689667
-0.049218023835871254,0.21189985651012855,-0.18878034956181095,0.23852967962328425,-0.22323765195957596,0.2495110410471501,-0.24228856199140014,0.24885095038415864,-0.24045470827818413,0.24999999999999986,0.14787302134455943,-0.14417569484543086,0.1614163298270314,-0.1608539229727291,0.18189407706626382,-0.1728613882019006,0.21866760288449202,-0.2043877910504159,0.21349547520477352,-0.1832725426880896,-0.06605185481295243,0.10317488919518111,-0.10568668407389982,0.12883131955616892,-0.11464550479523385,0.13029583079198165,-0.1225003395642961,0.15457116700121412,-0.15477645870938422,0.1875499643707912,0.07314724034322564,-0.028253096024464196,0.028384455026256743,0.018286431184859675,-0.015462263689064927,0.05905345108220375,-0.046650949182015594,0.08250529754917574,-0.07987345744597253,0.1441780218274767,0.06807480716910089,-0.06794769301337743,0.0906439323223658,-0.09113660575153006,0.11174352715381787,-0.11194618323595903,0.17212666047984587,-0.1631512445048549,0.18730782693681042,-0.13755899794959053,0.04256077261708739,0.188582236476957,-0.1428703038698854,0.22372117888446197,-0.182015390307939,0.2390589364123717,-0.21578818749770454,0.24466077027702465,-0.22624849624490417,0.24999192620917937
-0.15120062209753615,0.17434848949087872,-0.2011359319406374,0.15894428347745085,-0.17178697490737505,0.14803858180605162,-0.14501862305907967,0.1468445839209311,-0.142460207765509,0.14787302134455943,0.24999999999999997,-0.2439078792222608,0.2232941839135943,-0.22036256826408673,0.20040758415477833,-0.19145744846769555,0.14745933168785602,-0.14110310194588635,0.13211948205479812,-0.1439520218753102,-0.16422828521377378,0.20109770108362496,-0.20297428748469992,0.21389020976283213,-0.19971255653362266,0.19976610341443096,-0.1917741845079757,0.17155239753859575,-0.17110063055600838,0.14740404205726013,0.1695645238085351,-0.12651861935453415,0.1266736857168198,-0.08020364580953532,0.08338907948893917,-0.04027627666377372,0.04982648690955447,-0.014461851095970297,0.016418428608228567,0.04611565639007949,-0.03100826501558051,0.03121241117377848,-0.009008638263496268,0.008761444504644085,0.011579873339143598,-0.011753496170674997,0.07134115716771282,-0.06293075101260547,0.08676636612691309,-0.04019529974278594,0.10053059696779525,0.08736329339274579,-0.0422812748217141,0.121971994922541,-0.08084692871732,0.13709783660725525,-0.11415228321276585,0.1426183645473409,-0.12454070467466641,0.14787494479074992
0.1499904921237464,-0.17206626242085632,0.2010314189877848,-0.15562485661134653,0.17054957492516684,-0.14458609324940508,0.1435700236705713,-0.14330039082717563,0.140589051088285,-0.14417569484543086,-0.2439078792222608,0.25000000000000006,-0.22896649726287072,0.22598934471426524,-0.2046977170577055,0.195725301760306,-0.15030791017953105,0.14408855459550363,-0.13481326115161654,0.14740311074496285,0.16966913925091062,-0.20669989663863883,0.20857184396459474,-0.21953750926597143,0.20531123458411185,-0.2052307285005911,0.19718880947686435,-0.1760331917156866,0.17556595704217792,-0.15073993764325155,-0.17498783541584131,0.13176770102621035,-0.13192478850618594,0.08518756845973778,-0.0884058596141693,0.04504134781559402,-0.054625902225058025,0.01905875021401734,-0.021020484694520964,-0.04186156838177851,0.03570116186174027,-0.03590995382429724,0.013591777582629822,-0.013354238194579541,-0.0071044731018369625,0.007277876982347206,-0.06721748631486249,0.058754503003866795,-0.08272681824228613,0.035935383116206684,-0.10391208471454959,-0.08332186769027493,0.037981752398813226,-0.11812660661535747,0.07676638586150461,-0.13333901454982253,0.11026231569688258,-0.1388909558501461,0.12071080068392338,-0.14417757662636876
-0.1318830414076873,0.19078650160861052,-0.22111277778147315,0.17286747058799445,-0.18779163146388833,0.16182771583915154,-0.16082772833888687,0.16054826493932087,-0.1578657510882751,0.1614163298270314,0.2232941839135943,-0.22896649726287072,0.25000000000000006,-0.2432898059114248,0.22200969670197424,-0.212855829605404,0.16750071334653127,-0.1608376808294328,0.15158564688234616,-0.1630275538693376,-0.14932336735971066,0.18615861252265617,-0.188346652810358,0.21157912966486717,-0.1974119737449726,0.20864533474889732,-0.20070653481858494,0.188578711596974,-0.18816443963227927,0.1664467218218521,0.15497948913778106,-0.11186918649794009,0.11202168365270894,-0.06573727757095152,0.06886749680217,-0.025985346553169465,0.03792022340308081,-0.002703492239389281,0.0051829459481295016,0.057830382666020086,-0.01677042026599088,0.016959946280563624,0.0051674287967682685,-0.005447327087690712,0.0256986075028144,-0.025875178248815592,0.08517247979594786,-0.07623064660542031,0.09995671335269166,-0.051848565087019044,0.09425038671201907,0.10115772630725722,-0.05626851894710367,0.13562501595407117,-0.09467479575967933,0.15068630282034037,-0.12783812271582717,0.15618383805652414,-0.13811613892575525,0.16141812219314
0.12907529247643593,-0.18749230955375745,0.21562809207904438,-0.17230090942831874,0.1872295369351919,-0.1612655096342283,0.1630194777267286,-0.16068874739548952,0.15935513924709613,-0.1608539229727291,-0.22036256826408673,0.22598934471426524,-0.2432898059114248,0.24999999999999986,-0.22820541635877134,0.21901150382064463,-0.17245438762202653,0.16581711178118902,-0.15631765671802253,0.1682165756387476,0.15500073218663926,-0.1921412731834781,0.19447361579596098,-0.21779806120940284,0.20357699641630123,-0.21483493324044206,0.20687055985879532,-0.1943825886979716,0.1939566689981782,-0.17154131253940805,-0.1609388729679036,0.11721994699170421,-0.11737519808023889,0.07037388752184538,-0.07355097115168546,0.029888423551213537,-0.04192735924060408,0.006078475232228678,-0.008576742772994042,-0.05552565185037221,0.020489771969958884,-0.02068521643712227,-0.001809157834044758,0.002085409574424493,-0.022701826849792106,0.022880645199235244,-0.0832507885575035,0.07417149866779153,-0.09832389633196087,0.049458076573001344,-0.09786216438923491,-0.09951527672807406,0.053820139236036235,-0.13459991761679702,0.09291487414078672,-0.14993153139960055,0.12667343713492193,-0.15552759067510893,0.13713928803405326,-0.16085577926745234
-0.10825608407654692,0.19482858486231566,-0.212307442649734,0.1933160036424267,-0.20824341072237149,0.1823059942050625,-0.18417872420991543,0.1817578064265881,-0.18051969056426354,0.18189407706626382,0.20040758415477833,-0.2046977170577055,0.22200969670197424,-0.22820541635877134,0.25,-0.23998288347942784,0.19342810530280805,-0.18200920517038918,0.17257239112261036,-0.17585271753194268,-0.13352787871734897,0.17065327663761623,-0.17301630130055565,0.19630889807034282,-0.18234055042235067,0.19800800561909823,-0.19008781595788218,0.1917916372688796,-0.19149646044709326,0.1793092275664658,0.13973771185659425,-0.09586716805982315,0.09601696585063955,-0.04926478683086476,0.05235758163535768,-0.008750594684900775,0.02121507803686742,0.014607880296946187,-0.012001680276202582,0.07620986236792071,0.0005832423702227334,-0.00040488002549911306,0.02290267542878884,-0.0232297490882419,0.04382781980381464,-0.044012146096976304,0.10428993264937046,-0.09515636908431913,0.11928992083511948,-0.0700163728070397,0.08500038099725382,0.12058743502976044,-0.07492391440116783,0.15565762454029325,-0.11400012259718534,0.17097875441795451,-0.14773577011769906,0.17657182636710517,-0.15818265640264467,0.18189656966858375
0.10524975978574369,-0.1857300572647966,0.20312437936422825,-0.18424564427816517,0.19912777316887867,-0.17327247734665294,0.1799460555747341,-0.17392513322255315,0.17760500238280835,-0.1728613882019006,-0.19145744846769555,0.195725301760306,-0.212855829605404,0.21901150382064463,-0.23998288347942784,0.25,-0.20308362779314346,0.19157720165020803,-0.1820141413986448,0.1852671091149091,0.1255525709787329,-0.16270505088890672,0.1650388414264882,-0.1885553546389258,0.19153453040652368,-0.2073898408237447,0.19945882763477288,-0.20124800067610366,0.2009420948174011,-0.1886808786409363,-0.13178169209186474,0.09529729405237362,-0.09545593379586272,0.05851049252359614,-0.06164145722632015,0.01797945145333249,-0.03045855370678835,-0.005403850357378646,0.002795420733825965,-0.06707005872025479,0.006845655336116502,-0.007012130864795086,-0.013739024840250646,0.014026587994201829,-0.03464881155440947,0.03483091627433038,-0.09519641468747886,0.08603215358028893,-0.11019245220932493,0.060939790449605534,-0.0844952188119955,-0.11149306944463365,0.06577907796968581,-0.14659674723285324,0.10489434020612867,-0.16193454729317217,0.1386666221354674,-0.16753333800808792,0.14912482443730296,-0.17286378795709675
-0.05988759325218471,0.19225681837576863,-0.18015160743010766,0.21210925271628764,-0.20574655082932353,0.21907661342535947,-0.22574938454423557,0.21972658687079405,-0.2234258687083842,0.21866760288449202,0.14745933168785602,-0.15030791017953105,0.16750071334653127,-0.17245438762202653,0.19342810530280805,-0.20308362779314346,0.2499999999999997,-0.23436384482763148,0.22461104313154479,-0.19962547838457528,-0.07890696156680994,0.11598828165672462,-0.11841902730137649,0.14180818916752566,-0.1448368923615569,0.16065571444107107,-0.15288376168068388,0.1849232368491578,-0.18493375488843714,0.20319301840470708,0.08570256492509368,-0.04874330488657355,0.04888904162199067,-0.012260041014068829,0.015201063997692197,0.02829616291894055,-0.01588388528251112,0.05164222854788176,-0.04901217107782236,0.11314011984572012,0.039205073087855494,-0.03907439909728733,0.05986471867310967,-0.06026390581536195,0.08081976548573035,-0.08101372598957378,0.14110129926705275,-0.13207158622127907,0.15616284478644274,-0.10674153438746485,0.05521728582958043,0.15744866199016064,-0.11186189822200379,0.19247613354670848,-0.1508869649840625,0.20777151337643834,-0.18456620401239165,0.2133566558345711,-0.1949963132274774,0.21867279660052127
0.05956007036221171,-0.1807427815435459,0.17071813779114195,-0.1983599470985831,0.19263339183492964,-0.2047973444057178,0.21149082578735967,-0.2054489335385857,0.21312099698309445,-0.2043877910504159,-0.14110310194588635,0.14408855459550363,-0.1608376808294328,0.16581711178118902,-0.18200920517038918,0.19157720165020803,-0.23436384482763148,0.25000000000000006,-0.23985445845215256,0.21479243983177623,0.07313366016012295,-0.11028316410366831,0.11267754410451306,-0.13623197941572487,0.14862667203690155,-0.16448429593143057,0.16791508747694772,-0.20013770855928148,0.2001319252650077,-0.21818951757649657,-0.07990898478419287,0.051807994208810354,-0.051965591387925565,0.02711402101257057,-0.030118975470672094,-0.013510897209366072,0.0010658803060433074,-0.03692357521297216,0.03428837588915874,-0.09858593627795445,-0.026624471362096874,0.02650515588072526,-0.04520758412294903,0.04555066555046422,-0.06616606136649392,0.06635663416606977,-0.12664559148854448,0.11755857359878763,-0.14171705306302054,0.09227716087494944,-0.05700600901793592,-0.14300786062075013,0.09729437424199223,-0.1781246049760145,0.13642142323006046,-0.19346216482437048,0.17019342326682899,-0.19906211831931872,0.18065233068935163,-0.20439277947509982
-0.050423776888581205,0.18194900145107912,-0.16598439985710317,0.2038551961407553,-0.19384977336732034,0.2139043382991184,-0.22059742655359876,0.2145557273598437,-0.22263885139091735,0.21349547520477352,0.13211948205479812,-0.13481326115161654,0.15158564688234616,-0.15631765671802253,0.17257239112261036,-0.1820141413986448,0.22461104313154479,-0.23985445845215256,0.24999999999999983,-0.21966422945314318,-0.06354363625889828,0.10066137141199027,-0.10307585455262015,0.12660615411706946,-0.13902518758792765,0.15487371229130903,-0.15832563407754233,0.19052105340006678,-0.1906880256791802,0.22249167107586607,0.07041157188346372,-0.042256425936122215,0.04241133810862174,-0.017730419048006513,0.020696010545597943,0.022865372447710315,-0.010436852743279407,0.04624480484632398,-0.04361146064111473,0.10782667186127043,0.035934358608425386,-0.03582239400214969,0.05450763083416469,-0.0548729611572634,0.07545836863286155,-0.07565118841860768,0.1358355423977648,-0.12678108647023556,0.1509062093663675,-0.10146864283884205,0.051003129340381495,0.1521949816816273,-0.10654389904564245,0.18726813984952007,-0.1456213104909666,0.20258481758312444,-0.1793474011908468,0.2081775198782798,-0.18979202307210905,0.21350101191308993
0.06982657700119542,-0.16882153663883592,0.16566978011541897,-0.18013079504281998,0.1778191217754195,-0.18368297224928473,0.19039127474404474,-0.18433648150574575,0.19248452402888705,-0.1832725426880896,-0.1439520218753102,0.14740311074496285,-0.1630275538693376,0.1682165756387476,-0.17585271753194268,0.1852671091149091,-0.19962547838457528,0.21479243983177623,-0.21966422945314318,0.2500000000000002,0.08022067924338563,-0.11671095537705226,0.11904383534999187,-0.14222119722502177,0.1570560665054626,-0.1726795467367663,0.18146005438085494,-0.21361129396657147,0.21376536573017757,-0.24543485937990303,-0.08668261973973032,0.06272497064522352,-0.06288652810326291,0.04414973476699441,-0.04717753741489875,0.004288860036654525,-0.0165357827402097,-0.018702389568506304,0.016111122904598197,-0.07929664395840996,-0.009572213960427537,0.009449031134551577,-0.026891674376807916,0.027177345951789916,-0.047440115860473794,0.0476227359306061,-0.10691468892209237,0.09794147793391929,-0.12168447975817916,0.07321203084486076,-0.06363616461789506,-0.12295916349579465,0.0780330567935341,-0.1574622732432736,0.11647861142587511,-0.17253549848171673,0.14966840264897727,-0.17803825108164645,0.15994661884273656,-0.18327688532788605
0.1356143296449658,-0.09378851138704129,0.1216861240407839,-0.07749786336277964,0.09249514405244351,-0.06646880511180353,0.06853246791921341,-0.06594675439495275,0.06509596617801079,-0.06605185481295243,-0.16422828521377378,0.16966913925091062,-0.14932336735971066,0.15500073218663926,-0.13352787871734897,0.1255525709787329,-0.07890696156680994,0.07313366016012295,-0.06354363625889828,0.08022067924338563,0.25,-0.21271743788026476,0.21024746470951583,-0.18568343177779018,0.17169319717445483,-0.15457645533632008,0.14643329282665915,-0.11440059211034881,0.11388623254988167,-0.08207596856421315,-0.24203429806985893,0.19931486781227065,-0.19939463072421568,0.15400993364736776,-0.15417766553613133,0.11217081286249972,-0.10763145635504662,0.07382876369580199,-0.07255149774767758,0.017574805996992987,0.10630782962181706,-0.1065961028789972,0.08492561483427209,-0.08486840635118582,0.06518427555768043,-0.06503730467844764,0.007438355561104809,-0.011829156029070632,-0.011173453154026357,-0.02280420745941928,-0.12598729589921506,-0.007788194081900452,-0.03564630718402845,-0.0411104795094187,0.0015059143221516774,-0.055678754028375126,0.033585482689511004,-0.060991887930604574,0.044017321969195736,-0.06605315809053035
-0.14685379188950476,0.13028021082277214,-0.1584595836391852,0.11462358429215029,-0.12959328543279078,0.10358815335038392,-0.10560317677913295,0.10306407359929998,-0.10218934735942459,0.10317488919518111,0.20109770108362496,-0.20669989663863883,0.18615861252265617,-0.1921412731834781,0.17065327663761623,-0.16270505088890672,0.11598828165672462,-0.11028316410366831,0.10066137141199027,-0.11671095537705226,-0.21271743788026476,0.2499999999999998,-0.24713944164995408,0.2225994952430918,-0.2084070979528859,0.19146247444716466,-0.18328107100669697,0.15143247692700504,-0.1508685658792374,0.11922587266288986,0.21344671852107552,-0.17104611054106802,0.17120932048641807,-0.12453123433781275,0.12783425439712726,-0.08465610442776134,0.08844751911857489,-0.05312846172447403,0.053839245458858126,0.006871130902155865,-0.07537255002723511,0.07561764363137827,-0.05347155782775739,0.05333104992149496,-0.03299711988496057,0.03283533344778024,0.026819253259270318,-0.019739469171137832,0.04357645629315568,-0.0012263702705498437,0.12194545918842847,0.04273268700194573,0.0023162138907778045,0.07729523906189877,-0.036202984093858734,0.09240977002483089,-0.0694830022905051,0.09792441135823213,-0.08002072143120237,0.10317665338937963
0.14672919437696347,-0.1326657037110368,0.160757981629964,-0.11711028495429882,0.13204609392874223,-0.10609891025045363,0.10809362185977617,-0.1055724758621317,0.10467538949614139,-0.10568668407389982,-0.20297428748469992,0.20857184396459474,-0.188346652810358,0.19447361579596098,-0.17301630130055565,0.1650388414264882,-0.11841902730137649,0.11267754410451306,-0.10307585455262015,0.11904383534999187,0.21024746470951583,-0.24713944164995408,0.2500000000000001,-0.22510129259725453,0.21086416711488695,-0.1937922484038578,0.18559151718560704,-0.1537372357884831,0.15317097400509877,-0.12157796203208943,-0.21503828664292368,0.17243464609405953,-0.17259924645213298,0.12538834711400126,-0.12873307778722848,0.08490646116192045,-0.08886831333537404,0.053026466688422494,-0.05377263647419464,-0.007864525777526794,0.07546199488335988,-0.07570953193486485,0.05326044677014214,-0.05311575557811841,0.032482537948823734,-0.03231811586747692,-0.028208956097081222,0.020999628887025994,-0.04518569823237577,0.002131391986231316,-0.1230685528717944,-0.0443573538773223,-0.0013523625142497005,-0.07942751715604845,0.0377326746573974,-0.09476368120480998,0.07150075584189118,-0.1003592101227005,0.08218987905323892,-0.10568846249854108
-0.1416365130368752,0.15572873216416389,-0.1838873729192,0.14027974322440878,-0.15523170223730154,0.12924382024221942,-0.1312740003043525,0.12872977592081977,-0.12791389994877583,0.12883131955616892,0.21389020976283213,-0.21953750926597143,0.21157912966486717,-0.21779806120940284,0.19630889807034282,-0.1885553546389258,0.14180818916752566,-0.13623197941572487,0.12660615411706946,-0.14222119722502177,-0.18568343177779018,0.2225994952430918,-0.22510129259725453,0.25000000000000006,-0.2344680407001892,0.2174908137000973,-0.2092988470623596,0.17741103928560747,-0.17677790716371053,0.14519389493082674,0.19116527105776404,-0.14810231354838277,0.1482637933067799,-0.10147376192789753,0.10476449976750744,-0.06118687416799884,0.07034933098346467,-0.03462459797010183,0.0364829148178783,0.02651995126074378,-0.0517132520364201,0.05193538216183772,-0.029586304176164955,0.029386817485584093,-0.008834779864877776,0.008664858008182064,0.05157665144606245,-0.04315653539828579,0.06723625371127356,-0.020666564738134285,0.11362693702588693,0.06771818102926813,-0.022178634245657823,0.1026685819302783,-0.061127506283989164,0.11794777826887808,-0.09477037797333308,0.1235234572700221,-0.10527743985698729,0.128833135362388
0.1367618886425342,-0.14155973461615148,0.16968146112724403,-0.12608932828253627,0.14104177921204675,-0.1150582338565142,0.12174290766243033,-0.11570429267437711,0.1214437406153582,-0.11464550479523385,-0.19971255653362266,0.20531123458411185,-0.1974119737449726,0.20357699641630123,-0.18234055042235067,0.19153453040652368,-0.1448368923615569,0.14862667203690155,-0.13902518758792765,0.1570560665054626,0.17169319717445483,-0.2084070979528859,0.21086416711488695,-0.2344680407001892,0.25,-0.23253943541227018,0.22433120322254657,-0.19230712765278862,0.19165636602383712,-0.1600077856380781,-0.17723226390990504,0.14657519027111315,-0.14675199422038365,0.11649912788621106,-0.11985427786709132,0.07609444090776148,-0.0852796471623508,0.049415484308067865,-0.051276830706443115,-0.011961448149004617,0.06356838281038606,-0.06377035626141955,0.04432317822835867,-0.04418798917908911,0.0235528902578566,-0.023386156057841737,-0.03712622644216211,0.028644197089964983,-0.05281894439096927,0.006197692587750983,-0.11247808614912651,-0.05330140123545948,0.007582419711956772,-0.08838101892446047,0.046678108158903095,-0.10371998561336207,0.08045247005481627,-0.10931689301289407,0.09100100408769088,-0.11464720424570828
-0.12823184684605274,0.15573301551990648,-0.1827480220453825,0.1417403295100113,-0.1566876984646146,0.13070853461676474,-0.13742566094540998,0.13136521030145104,-0.1371573139327239,0.13029583079198165,0.19976610341443096,-0.2052307285005911,0.20864533474889732,-0.21483493324044206,0.19800800561909823,-0.2073898408237447,0.16065571444107107,-0.16448429593143057,0.15487371229130903,-0.1726795467367663,-0.15457645533632008,0.19146247444716466,-0.1937922484038578,0.2174908137000973,-0.23253943541227018,0.24999999999999978,-0.24016864393443324,0.2081841248041689,-0.20748589603357798,0.17587112534368105,0.16033966786392503,-0.12953401160048092,0.1297074176774236,-0.09948964959438891,0.10277216765557032,-0.05919908541092968,0.07166291824646653,-0.036039932610166886,0.038610093428127254,0.02521149273973124,-0.04684449556109854,0.04702810144994879,-0.027639752475162992,0.027466806859513245,-0.006952842942803967,0.006783008971126812,0.053268285939023816,-0.044056471555972726,0.06805320651272598,-0.019387465294950224,0.10570730039443663,0.06936138084959546,-0.023954478314954585,0.1042124301044179,-0.06279745104104828,0.11944520698543168,-0.09633815544182511,0.12500401965253854,-0.10672260792440459,0.1302975833631415
0.125661715349728,-0.1478874478009504,0.17483763606839425,-0.13392075729602432,0.14884295391343327,-0.12291325949758118,0.129636356563711,-0.12356943843635158,0.13141215202457773,-0.1225003395642961,-0.1917741845079757,0.19718880947686435,-0.20070653481858494,0.20687055985879532,-0.19008781595788218,0.19945882763477288,-0.15288376168068388,0.16791508747694772,-0.15832563407754233,0.18146005438085494,0.14643329282665915,-0.18328107100669697,0.18559151718560704,-0.2092988470623596,0.22433120322254657,-0.24016864393443324,0.2499999999999999,-0.21739272222095898,0.21665622849775618,-0.18468222589884845,-0.15223223454215945,0.1286794423478939,-0.12886183390915176,0.10833961490366552,-0.11166962999579802,0.06809175089653313,-0.08061451889636212,0.04478306153808068,-0.0473627015035062,-0.016823353300210685,0.053790991520460095,-0.053963707900252254,0.03628530484428459,-0.03614896965213838,0.01555362786556064,-0.015385032813322723,-0.04504073955757068,0.03576052834392418,-0.059899224647263834,0.011030183272248067,-0.10519951707317922,-0.06122274921836266,0.015555434501573805,-0.09626358434551985,0.054604892691699096,-0.11158614301109294,0.08834321466991966,-0.11717738080603382,0.09878939961255843,-0.12250206579608511
-0.09922887671540648,0.16238973862561812,-0.17608075712618343,0.16010274132727007,-0.16805536213661432,0.1549829495525845,-0.161695539053698,0.15563786836307156,-0.16347815746456282,0.15457116700121412,0.17155239753859575,-0.1760331917156866,0.188578711596974,-0.1943825886979716,0.1917916372688796,-0.20124800067610366,0.1849232368491578,-0.20013770855928148,0.19052105340006678,-0.21361129396657147,-0.11440059211034881,0.15143247692700504,-0.1537372357884831,0.17741103928560747,-0.19230712765278862,0.2081841248041689,-0.21739272222095898,0.25000000000000006,-0.24885367593812896,0.21698782070148423,0.12061122108155611,-0.09671831750376046,0.09689223064841497,-0.07652992404962358,0.07972983970470936,-0.03606403819582885,0.04855405435019177,-0.012725447196081595,0.015362584420052233,0.04886799781088933,-0.02194308339978922,0.02209118655583147,-0.004322589384597819,0.004108610041095389,0.016501397292657215,-0.016678556383625698,0.0770287294141224,-0.06782700044392523,0.09196465622391532,-0.042877660072017126,0.08511603791539477,0.0932717378793929,-0.04760000214405294,0.12833343838638406,-0.08667242686970064,0.1436563163997351,-0.12041170728422064,0.1492489414030818,-0.13085901556045373,0.15457403601609038
0.0987921665918534,-0.16234884845984826,0.1758455914218066,-0.16021229698039646,0.16805027451364338,-0.1551878695846518,0.16189404018935158,-0.1558420770023285,0.16367339909372547,-0.15477645870938422,-0.17110063055600838,0.17556595704217792,-0.18816443963227927,0.1939566689981782,-0.19149646044709326,0.2009420948174011,-0.18493375488843714,0.2001319252650077,-0.1906880256791802,0.21376536573017757,0.11388623254988167,-0.1508685658792374,0.15317097400509877,-0.17677790716371053,0.19165636602383712,-0.20748589603357798,0.21665622849775618,-0.24885367593812896,0.25,-0.21715076853741072,-0.12009768828546288,0.09623634834783537,-0.09640990239903618,0.07628438126881605,-0.07948637790185305,0.03595585286250477,-0.04845346521707679,0.012661488652355604,-0.015299431312278735,-0.048986012693188,0.02176257407200834,-0.021910401753041674,0.004230122687970215,-0.00401682305728448,-0.016582480983730382,0.016759826092646077,-0.07716339053614184,0.06795601311772148,-0.09211563392362616,0.04299009643311533,-0.08493287101711966,-0.09342989117967619,0.047722759676385146,-0.12851503604310913,0.08681649589925791,-0.14385169346604693,0.12058595292582996,-0.14944940467275347,0.1310430418776535,-0.1547793404329106
-0.07075342092605827,0.1728064751563188,-0.1694535342114057,0.18432622438008073,-0.18184305180728522,0.1879436464884214,-0.19447048435330164,0.18859297522133817,-0.19623623623610623,0.1875499643707912,0.14740404205726013,-0.15073993764325155,0.1664467218218521,-0.17154131253940805,0.1793092275664658,-0.1886808786409363,0.20319301840470708,-0.21818951757649657,0.22249167107586607,-0.24543485937990303,-0.08207596856421315,0.11922587266288986,-0.12157796203208943,0.14519389493082674,-0.1600077856380781,0.17587112534368105,-0.18468222589884845,0.21698782070148423,-0.21715076853741072,0.2500000000000002,0.08869085761821077,-0.06412373613390052,0.06428874651814845,-0.04389848388810206,0.04697005862467876,-0.0033213833840644302,0.01578185197529943,0.020080029874036037,-0.017443901522930086,0.08174334427736261,0.010668118475823208,-0.010544627730084051,0.028409594420542604,-0.028703748591411785,0.04932420486540955,-0.04951031108592367,0.10984438736304575,-0.10071590194370783,0.12487707858135093,-0.07554401533269701,0.0646624570146555,0.12617326775649448,-0.08045561519466655,0.1612849647261281,-0.1195792830579663,0.17662372531864862,-0.15335379494285836,0.18222344842639923,-0.16381311047190703,0.18755436902074307
-0.13458282530463817,0.10024124756724132,-0.12780204691721364,0.08444545896742073,-0.0992412413454199,0.07355735054022218,-0.07556186310703494,0.07303589399552052,-0.07211320058644198,0.07314724034322564,0.1695645238085351,-0.17498783541584131,0.15497948913778106,-0.1609388729679036,0.13973771185659425,-0.13178169209186474,0.08570256492509368,-0.07990898478419287,0.07041157188346372,-0.08668261973973032,-0.24203429806985893,0.21344671852107552,-0.21503828664292368,0.19116527105776404,-0.17723226390990504,0.16033966786392503,-0.15223223454215945,0.12061122108155611,-0.12009768828546288,0.08869085761821077,0.25000000000000006,-0.20423782084294131,0.20417951319863314,-0.1570246949281012,0.15719417639354527,-0.11341558118351362,0.1090319137289182,-0.0737993974434392,0.07254131361782473,-0.014861616725113781,-0.10726898839644515,0.10756474010325609,-0.08510972342489963,0.0850414567248371,-0.0644545256884055,0.06429937568060339,-0.00392488938694165,0.008606020426447014,0.015513349484910274,0.02036970304015257,0.12948315541815913,0.012069863917262093,0.03346127751664629,0.04699512889682456,-0.0054692559125058965,0.06226983945478211,-0.03910266282503102,0.06784135249020826,-0.050032064282711605,0.07314864393899369
0.11167445873006801,-0.057005131069658044,0.08433313011446643,-0.039699724251508126,0.05472844040474529,-0.028676026645125873,0.03282769098772295,-0.028662728096806204,0.031591628109108184,-0.028253096024464196,-0.12651861935453415,0.13176770102621035,-0.11186918649794009,0.11721994699170421,-0.09586716805982315,0.09529729405237362,-0.04874330488657355,0.051807994208810354,-0.042256425936122215,0.06272497064522352,0.19931486781227065,-0.17104611054106802,0.17243464609405953,-0.14810231354838277,0.14657519027111315,-0.12953401160048092,0.1286794423478939,-0.09671831750376046,0.09623634834783537,-0.06412373613390052,-0.20423782084294131,0.25,-0.2489778471472649,0.20187095442059194,-0.1979484438343125,0.15416142704495198,-0.14218123019276474,0.1077441547647426,-0.10464305446926152,0.05075107175523395,0.15271708755722677,-0.15308748031851654,0.1305530103663855,-0.13059030026616186,0.10993524327472602,-0.10979145735762015,0.049038573701107646,-0.051249403978622,0.026990230601145797,-0.05597204770572569,-0.13530364368964545,0.03306366955900348,-0.0787894267749003,-0.0019865999207873794,-0.03972017510753753,-0.017328506334578393,-0.0059402273678036506,-0.022923056362348572,0.005323947490294102,-0.028253578282235663
