x1,x2,x3,x4,x5,x6,x7,x8,x9,x10,x11,x12,x13,x14,x15,x16,x17,x18,x19,x20,x21,x22,x23,x24,x25,x26,x27,x28,x29,x30,x31,x32,x33,x34,x35,x36,x37,x38,x39,x40,x41,x42,x43,x44,x45,x46,x47,x48,x49,x50,x51,x52,x53,x54,x55,x56,x57,x58,x59,x60
0.25000000000000006,0.24985169724004774,0.2491234045281483,0.24974267482792423,0.24575039331291834,0.2487671868899909,0.23746950864826372,0.24958697598656562,0.24127180882196073,0.2499706068388968,0.24867277314155806,0.1470655839473182,0.01897460490998561,0.18047155404966037,0.07805313696500103,0.17580491245111626,0.012439638530949293,0.1559640897396674,-0.01948310696834509,0.24979669380797043,0.2497774705143674,0.011193534619630189,0.14102352595670584,0.07202029542025506,0.13036539376808226,0.10574263797488555,0.12516089051352855,0.08887364367990017,0.12689918394669628,0.24871084310648786,0.2497786517621225,0.05872775436325724,0.09824427840602051,0.12416997407722755,0.027936880407132474,0.14777643445468056,0.07195014447515935,0.11437414189884836,0.09345577346929332,0.2492252891241241,0.2496035946328033,0.1267191492049516,0.03663466833509107,0.15741466770555998,0.07291208161275982,0.14413122609818563,0.03742137802765327,0.14340490428970737,-0.014130998962689292,0.24945469608276713,0.24990607864214656,0.24996842782369344,0.24830003816164556,0.24972866546018752,0.2383274508746397,0.24815484938084115,0.23040768068045325,0.24931343153323132,0.23097237247365213,0.2499639840768311
0.24985169724004774,0.2500000000000001,0.24902989110305593,0.249649181116857,0.24565973690084075,0.24867368514306576,0.23738061171572342,0.249493585345775,0.24118240833013807,0.24987704730504365,0.2485808025899551,0.14705198937502822,0.01893559149470897,0.1804160346241174,0.0780117914178101,0.17573773358220526,0.012446503030271597,0.15589283842879179,-0.019460021578270897,0.24970319036015629,0.24968397965050093,0.01117531553765822,0.14097112752601323,0.07198362063745038,0.13031451213143078,0.1057043844032013,0.1251096886318732,0.08884647781405812,0.12684717378327526,0.24861772918076921,0.24968515859732623,0.05870193701550359,0.09821059466566931,0.12411933512343504,0.027931255295553403,0.14771803560364422,0.0719285278097151,0.11432771847488607,0.09342561299745009,0.24913201855945727,0.24951016958687136,0.1266738644837474,0.0366199420866275,0.1573574699220535,0.07288433284477179,0.14407910435096333,0.03740533539659832,0.14335339975628447,-0.01412794082308053,0.24936133976346236,0.24981254235347997,0.24987486820824364,0.24820710543628954,0.24963519990426233,0.2382385150398884,0.24806199648573618,0.23032186141452765,0.24922012402204932,0.23088635024306708,0.2498704261239507
0.2491234045281483,0.24902989110305593,0.2500000000000001,0.24892076363614463,0.24493359237694828,0.24794616843395928,0.23671675672515088,0.24876606721078146,0.24047771532049042,0.24914868670691204,0.24785951581566698,0.14693655998486016,0.018362470160778663,0.1799669392940545,0.07781004212581406,0.17526212753015682,0.01217380769734207,0.1555537530909809,-0.019513930631675135,0.24897567824854397,0.24895606388769653,0.010734837391619038,0.14083532486495648,0.07148033734093111,0.13015670882480343,0.10523528209863575,0.12492271808470852,0.08846367742806267,0.1265898644800838,0.24789413346445402,0.24895733807101697,0.058644994195546044,0.09779468905323067,0.12387348053571241,0.027659226761762662,0.1473863470904273,0.07159143762762069,0.1140862795780654,0.09305829243993743,0.2484058591766852,0.2487829472425322,0.12622659123058017,0.036550857454818474,0.1568539579059957,0.07267215303394786,0.14362450069759125,0.03733265207673126,0.14289161895745037,-0.01404598358305198,0.24863425719098847,0.24908436953884053,0.24914651357219592,0.24748317448426624,0.248907456900265,0.23753794388124577,0.24733832061458608,0.2296417108299073,0.24849351222116112,0.23020453810954727,0.2491420844434049
0.24974267482792423,0.249649181116857,0.24892076363614463,0.24999999999999994,0.24554645637368372,0.24856572169962907,0.23727030226349424,0.2493845890203186,0.24107031781277008,0.24976800603686972,0.24847299369394896,0.1470543122821642,0.01888478407989949,0.18034685991175994,0.07795623777330919,0.17568406201261652,0.0123971352269666,0.15585853559524396,-0.01947608943453418,0.24959425069131655,0.2495749974312999,0.01108154422467911,0.14096967421451373,0.07190102275933541,0.13030475117167545,0.10562045249428306,0.12509234056156462,0.08877959961322998,0.12681523517673332,0.24850945887310127,0.24957619723881347,0.05869864162024254,0.09814264279455316,0.12408795901258315,0.027881843499623544,0.14767328454837733,0.07187167836970897,0.1142960944929416,0.09336621251426681,0.24902330744445153,0.24940130143872155,0.12660339439107662,0.036611297160987946,0.15728001087433796,0.07285252527378254,0.14400939145981242,0.037396253951816484,0.14328222384743478,-0.01411379392081605,0.24925247929743574,0.24970352882192348,0.24976582745038886,0.24809870499385706,0.2495262470153182,0.23813335648937578,0.24795362976595725,0.23021963807726661,0.24911133699433827,0.23078388386821147,0.24976138730596986
0.24575039331291834,0.24565973690084075,0.24493359237694828,0.24554645637368372,0.24999999999999986,0.2445717750335902,0.23333766914570256,0.24539839939361685,0.23708024696846355,0.24577424294710892,0.24459272119514464,0.14440819300984725,0.01894665972101876,0.17776922742373677,0.0741747540909698,0.17582384600412693,0.009689265276264656,0.15460204162645602,-0.020043915446138996,0.24560442042604277,0.24558400809687972,0.009813666040447259,0.1395978993028718,0.07021437705160342,0.12893671190705452,0.10277741786040942,0.12374280866439619,0.0868876836580593,0.12522020407809606,0.2445394795560038,0.24558552651474536,0.058206186492701095,0.09609234834417305,0.12253686255864407,0.026779712672846186,0.14566657075112976,0.07025464301249529,0.11280734560192601,0.09149700130981146,0.2450411988210347,0.24541362639839043,0.1243002560553256,0.03615918333785668,0.1545983599117441,0.07168954940446083,0.14157387904502697,0.03693706275053698,0.14082460419032944,-0.013727068603787682,0.24526604162229454,0.24571077325853904,0.2457720750942865,0.24413023435585562,0.2455359771555873,0.2343022226630505,0.24398647184018618,0.22650413403337216,0.24512741417625897,0.22705913053627305,0.24576770598198464
0.2487671868899909,0.24867368514306576,0.24794616843395928,0.24856572169962907,0.2445717750335902,0.24999999999999992,0.23629048714548986,0.24841030559891475,0.24012421018673014,0.24879235639711092,0.24751065667481903,0.1469242190973028,0.01851096649292678,0.17974918562579822,0.07754786828046203,0.17503475312135963,0.012326755583464402,0.15523187097765115,-0.01933431543119904,0.24861928996989918,0.24860003851922322,0.01076775874574007,0.14055004209516686,0.07145217779948601,0.12988157067639375,0.10513571189412169,0.12465428898954008,0.08840951310811722,0.12634068866972906,0.247539029418808,0.2486012514574082,0.058490958310261146,0.0977260780586615,0.12362439918296979,0.02772478200649821,0.1471181381488332,0.07157088143835842,0.11386520850002903,0.09299297893914721,0.24805064556233242,0.24842709288094736,0.1260905577402377,0.03647714782549949,0.15665813109741425,0.07256515247504322,0.1434440362672971,0.03725263473683392,0.14271806179590832,-0.014055974285303752,0.24827881503322802,0.24872812410140985,0.24879017937736428,0.24712940106016157,0.24855152731255686,0.2372023302956403,0.24698499387805894,0.2293194080591883,0.24813822287610451,0.22988150708165056,0.24878575657604854
0.23746950864826372,0.23738061171572342,0.23671675672515088,0.23727030226349424,0.23333766914570256,0.23629048714548986,0.25,0.23711087002936967,0.22903037846239646,0.23749402232574135,0.23626531677663415,0.144418402671778,0.017231671834203495,0.1723381804268861,0.07292813419192128,0.17176717069108682,0.0006550824741388279,0.152457619293639,-0.021720655998419,0.23733244136213577,0.23730621092865933,0.0006178086312756232,0.14131817103191507,0.06218501760213321,0.1295356395215913,0.09705409843680667,0.12327651311902983,0.08144603196013543,0.12330506313349157,0.23632386359565818,0.23731099186091192,0.058890478177983936,0.08968446291043872,0.12102213516242576,0.02152872830796729,0.14298503723333797,0.06506353677224412,0.11104930587008233,0.0863091932262427,0.23678663726098884,0.2371472157130967,0.11825851955461833,0.03584891954257288,0.14836891832667434,0.06928502633588526,0.13603463237594446,0.036468264174229506,0.13510471563131699,-0.012374105941282569,0.23699785702747972,0.23743270561918914,0.2374919389403984,0.23589456173252446,0.23726180933436278,0.22626823119770756,0.23575242923254966,0.21867400149969932,0.23686508683193416,0.2192098673408258,0.23748771717241704
0.24958697598656562,0.249493585345775,0.24876606721078146,0.2493845890203186,0.24539839939361685,0.24841030559891475,0.23711087002936967,0.2500000000000001,0.24091433199879336,0.24961230310762184,0.24831809231571228,0.14700104643963013,0.018841476226224275,0.18024589417036666,0.07792126037596474,0.1755589256704838,0.012407158815315854,0.15572822885990698,-0.01942241165264403,0.24943864406485008,0.24941942349972357,0.011089124502944046,0.14086045058081625,0.07185742851615738,0.1302022807916571,0.10557416310818775,0.12499283386470647,0.08874410844545146,0.1267197370831355,0.24835441394426983,0.24942060509575883,0.05864659597018044,0.09809636646221517,0.12399455776252293,0.027886732158866813,0.14756837496323502,0.07184580821500355,0.11421163858313389,0.0933236666197078,0.24886808817815068,0.24924581785858682,0.12653396401633873,0.03658389388088948,0.15718834654267272,0.0728062683275723,0.14392547128872987,0.03736659043751905,0.14319999381568535,-0.014111981733253396,0.24909713349058657,0.24954786540190294,0.24961012522202022,0.24794407811114627,0.24937070823574398,0.23798583136213772,0.24779915186053048,0.23007751922495728,0.2489560673244514,0.23064142631562431,0.2496056878438057
0.24127180882196073,0.24118240833013807,0.24047771532049042,0.24107031781277008,0.23708024696846355,0.24012421018673014,0.22903037846239646,0.24091433199879336,0.2499999999999999,0.24129659445162166,0.24006472758736305,0.14209168998030453,0.019710897231132677,0.1728810625221213,0.07666777990671848,0.169041366390385,0.007838140001268767,0.15544747605369744,-0.02680517069734029,0.24114274643665035,0.2411067427610534,0.0035882405251254214,0.1425444279173159,0.06462214151740496,0.13174944134783143,0.09799238048099224,0.1262750988177421,0.0812903965281844,0.12634992347563714,0.24011272348051937,0.24111194633732055,0.060432590497911866,0.09109614110176914,0.12357510762803739,0.02146109063485604,0.14572095453858,0.06536078461984271,0.1133487553290574,0.08697412099832506,0.2405751667388551,0.2409444409376755,0.12001501751485422,0.036472849332860637,0.15052786026528434,0.07040165924023009,0.13796865433807823,0.03734728075773834,0.1369805915738995,-0.012242506591225772,0.24079096786024298,0.2412343652252074,0.24129454541704023,0.23967257301072273,0.24106013802057516,0.22985744821952045,0.239523632858304,0.22211821219055347,0.24065689039650734,0.22266200668238387,0.241290256171536
0.2499706068388968,0.24987704730504365,0.24914868670691204,0.24976800603686972,0.24577424294710892,0.24879235639711092,0.23749402232574135,0.24961230310762184,0.24129659445162166,0.2499999999999998,0.24869774117826876,0.1470819401132108,0.01897477794102617,0.18049104180554407,0.07805970020690128,0.17582118660122684,0.012446269106296412,0.15597569031655775,-0.019480584406221923,0.2498220239720711,0.24980280511659442,0.011198665542777708,0.14103391356720613,0.07203012248729898,0.13037509526687058,0.10575603504741489,0.12517035685885672,0.08888546688796797,0.12690977334498615,0.24873604867036186,0.24980398413395397,0.05873154074278079,0.0982564917918346,0.1241803641666961,0.027943033431422758,0.14778959163399516,0.07195995881903455,0.11438395004657709,0.09346723293340721,0.24925056678929094,0.2496289083182696,0.12673339455449475,0.036637714206913766,0.157431495768879,0.07291942872504525,0.1441465694502672,0.037424399426594666,0.14342034932966324,-0.014133297983731676,0.2494800005613074,0.24993142424934608,0.24999377975772324,0.24832522766704174,0.24975399487275365,0.23835174420218877,0.24818002964380356,0.23043122832196916,0.24933872030001333,0.23099597843241287,0.24998933555998457
0.24867277314155806,0.2485808025899551,0.24785951581566698,0.24847299369394896,0.24459272119514464,0.24751065667481903,0.23626531677663415,0.24831809231571228,0.24006472758736305,0.24869774117826876,0.24999999999999964,0.14583951077773785,0.019047664084533136,0.1795203319877083,0.07755108395986401,0.17499583737540123,0.012188702380464827,0.155178607579495,-0.019370625692445603,0.24852485278987424,0.248505678055636,0.011234834588600733,0.14025911974730704,0.07163565788135096,0.12965563240692315,0.10525836054142637,0.12447185886865343,0.0884868653335008,0.1262154989576226,0.24744408969467055,0.2485067668733358,0.058400850201398104,0.09777396762732796,0.12350368497900738,0.027848229376794917,0.14699473702101679,0.07163208764851968,0.11375898564352699,0.09301632570694748,0.247956232581533,0.24833258408656586,0.12609506589524502,0.03643859856487432,0.1566274843366222,0.07253751587984945,0.1434117324748203,0.03721410395997358,0.14269263773859694,-0.014076198023321213,0.2481845420497864,0.2486335463115143,0.24869557807054346,0.24703576874551306,0.24845706720488694,0.23711602252309624,0.2468914375753713,0.22923762452211124,0.24804397028731784,0.22979948675826445,0.24869115694745103
0.1470655839473182,0.14705198937502822,0.14693655998486016,0.1470543122821642,0.14440819300984725,0.1469242190973028,0.144418402671778,0.14700104643963013,0.14209168998030453,0.1470819401132108,0.14583951077773785,0.24999999999999992,-0.08351626091586486,0.13702552631912532,0.04363521640607728,0.10021876382955688,0.018118832206694857,0.09622573236930426,-0.012003697658379655,0.14697421403394612,0.14694300942380406,-0.0893931412441169,0.13706677273754123,-0.01358354611641415,0.11647208784109146,0.03286091844682799,0.10178294661167009,0.031258682807154596,0.09066958554462674,0.1465085102807059,0.14695901640203582,0.05017945139530524,0.03784656892087469,0.08902426652921619,-0.012646592271520526,0.10137326047987749,0.024594636445554582,0.08012337012549589,0.043038676490898084,0.14666236804647634,0.14687586271215125,0.0627821876096329,0.027252813854068553,0.08640581227494445,0.042686031662698735,0.08037362448657275,0.026640913605182382,0.07867663098168157,-0.0033087827089672206,0.1467497848741684,0.14704354392332886,0.1470802142743347,0.14602001150648938,0.14692850569290775,0.13941517743499127,0.1459360661131651,0.13444622168272558,0.14667294205044015,0.1347876732135061,0.14707760019585528
0.01897460490998561,0.01893559149470897,0.018362470160778663,0.01888478407989949,0.01894665972101876,0.01851096649292678,0.017231671834203495,0.018841476226224275,0.019710897231132677,0.01897477794102617,0.019047664084533136,-0.08351626091586486,0.25,-0.04996102598094194,0.02082841871513753,0.017586725277525504,-0.018146499949517225,0.01888384468797452,-0.011996265357651506,0.01898127926976029,0.018991084223310903,0.06813124281135283,-0.02269661806538007,0.05964911336758481,-0.01710220485278734,0.02614566810440275,-0.00848225276537866,0.017005352075191035,6.931235176638279e-5,0.01877305121892383,0.01896594335619923,-0.004433736598594559,0.01811913579465671,-1.497944806611189e-5,0.019323353882238808,0.0025706391249773713,0.015730771775223203,0.0013036515475660225,0.013588423543322488,0.018906734498514252,0.018941364190762252,0.016327405058325008,-0.0005191843309579201,0.015520416668216474,0.005788049826200129,0.013411478210902824,0.00023952651119227015,0.01403058523292855,-0.0037834235880059427,0.018951457610177615,0.01897021730053276,0.018974958059737625,0.018895542782287462,0.018962464808405542,0.01854348964855103,0.01887947615053441,0.018112698142796504,0.01893726908589549,0.01814239793019011,0.018974620459831684
0.18047155404966037,0.1804160346241174,0.1799669392940545,0.18034685991175994,0.17776922742373677,0.17974918562579822,0.1723381804268861,0.18024589417036666,0.1728810625221213,0.18049104180554407,0.1795203319877083,0.13702552631912532,-0.04996102598094194,0.24999999999999986,0.009033551906125929,0.1248756997283744,0.020860522878959578,0.10962647859643751,-0.007273270285275374,0.18035338939020062,0.18032862229923333,-0.022463834391905604,0.12243022545136231,0.006236585132197935,0.11469941514308847,0.06211981713732623,0.1056039905966991,0.05481785760959019,0.10124668096898455,0.17967225771801573,0.18035281571781203,0.05111316155399119,0.0618091932887616,0.09929427189745642,0.004742655475252738,0.11483784642440525,0.04102438470215518,0.09021901087472166,0.059495570863012354,0.1799513721205294,0.18023145856655592,0.08534693925596458,0.029490852034248168,0.10990855085819079,0.052894718438497565,0.10098141113438099,0.030379432837705632,0.09975975337435995,-0.006661547179070212,0.18009949518663482,0.18044436464508137,0.1804893708998081,0.179252232185738,0.18030904615361437,0.17157471341315916,0.1791297342579595,0.16562015154175133,0.18000294912370968,0.16603234167855532,0.1804861630090248
0.07805313696500103,0.0780117914178101,0.07781004212581406,0.07795623777330919,0.0741747540909698,0.07754786828046203,0.07292813419192128,0.07792126037596474,0.07666777990671848,0.07805970020690128,0.07755108395986401,0.04363521640607728,0.02082841871513753,0.009033551906125929,0.24999999999999978,0.004769239787985657,0.02743614470114785,0.04781994681476909,-0.009094690539762428,0.07801139871057804,0.07802231283504663,-0.0022047469325569146,0.04768861306266199,0.02382576434011656,0.040415479701366275,0.04384679057596256,0.03680184912505164,0.026014074346141516,0.037231957931407454,0.07765655016655724,0.0779932032028287,0.015787741373478575,0.031112141777096737,0.035966109253337715,0.010047232414332943,0.044417933592638764,0.025365559165840528,0.0337447730397449,0.03231115728051875,0.07784397422042284,0.07794455354005939,0.0401871469558455,0.011121544129556443,0.050099716996802435,0.02256020341579595,0.046148144327257896,0.010465364694500474,0.046063951384600565,-0.005851241534082889,0.0779064501955148,0.07803969294799276,0.07805917043795446,0.07753216661412438,0.07798733268321836,0.0745826258287957,0.07751221671009897,0.07222834802562415,0.07785915486100016,0.07240893278334919,0.07805778222660059
0.17580491245111626,0.17573773358220526,0.17526212753015682,0.17568406201261652,0.17582384600412693,0.17503475312135963,0.17176717069108682,0.1755589256704838,0.169041366390385,0.17582118660122684,0.17499583737540123,0.10021876382955688,0.017586725277525504,0.1248756997283744,0.004769239787985657,0.2500000000000001,-0.061014172539082506,0.12771818710144434,-0.027025438610722673,0.17571316312476082,0.17565620039991256,-0.0009022917169710278,0.10620410392989559,0.05083462023916942,0.0992989172224146,0.036367555861232956,0.09931147268307722,0.05755022282714482,0.09659264286593996,0.1749855549820162,0.1756893868685067,0.048739318004690925,0.0632267344541614,0.09426159552268701,0.011496435445282269,0.10937353868458245,0.04335239694268842,0.0858555871339919,0.05948537080434205,0.17528368772046216,0.17556612335202015,0.08556451727550789,0.02738866980335356,0.10828048118652699,0.05104006605854483,0.09936146039383316,0.028403322973948767,0.0982864310653743,-0.007287733958685193,0.17544309112566206,0.17577567208863476,0.1758195146665696,0.17463219709369535,0.1756449520999811,0.16726621290526877,0.17450441810547962,0.16150022895668395,0.1753486598748936,0.1618916876830175,0.1758163897626831
0.012439638530949293,0.012446503030271597,0.01217380769734207,0.0123971352269666,0.009689265276264656,0.012326755583464402,0.0006550824741388279,0.012407158815315854,0.007838140001268767,0.012446269106296412,0.012188702380464827,0.018118832206694857,-0.018146499949517225,0.020860522878959578,0.02743614470114785,-0.061014172539082506,0.25000000000000017,-0.08089892628845587,0.06758887292382719,0.01234864557066234,0.012480493307268662,0.011379854219756392,-0.006286380037466072,-0.002023250922991509,-0.011608368253067757,0.04717501625460703,-0.020245801949898078,0.03853460685064369,-0.016356544826477762,0.012257102865694305,0.012428193884742995,-0.01825726850271129,0.024139932704724337,-0.013808173187409926,0.02708546326465677,-0.00820946663427989,0.025805612266237565,-0.01055577459776458,0.024341796001378386,0.012443834084090999,0.012417806338806897,0.01781423046077304,-0.0035047517910026813,0.015520359215198247,0.0033500517569845273,0.013944615986817559,-0.0051709350856853995,0.015631173896990713,-0.009328761821802086,0.012468212614156442,0.012443203148217903,0.012446344613552077,0.012407944382345238,0.01245309065362758,0.01304055087140152,0.01248095441426989,0.013249587873039915,0.012446143115248203,0.01330742465756952,0.012446121168845648
0.1559640897396674,0.15589283842879179,0.1555537530909809,0.15585853559524396,0.15460204162645602,0.15523187097765115,0.152457619293639,0.15572822885990698,0.15544747605369744,0.15597569031655775,0.155178607579495,0.09622573236930426,0.01888384468797452,0.10962647859643751,0.04781994681476909,0.12771818710144434,-0.08089892628845587,0.24999999999999978,-0.1128314368080269,0.15601902688752833,0.15581561276814163,-0.01952227834053111,0.11805986868472627,0.026900608692143082,0.11740999021178297,0.03787703860617692,0.12084088648036792,-0.0021358661514651284,0.11503020784884278,0.15541466845715363,0.15586367575595944,0.06815799789062439,0.03137246686959828,0.10805582844935432,-0.02526017069493881,0.11689044105209787,0.010221159258447693,0.09652890251235946,0.029192929948969416,0.15547693642171984,0.1557630603129,0.060682039924796455,0.03144890169871896,0.08632802158721482,0.045908166939539585,0.07970365709071534,0.0341599357817454,0.07661284726615218,0.0039823744941011345,0.1555843070281049,0.15593537928792203,0.15597423140505004,0.15485128342147272,0.15579757144571443,0.1469464554051081,0.15466058127490617,0.1411395325364457,0.1555178256831718,0.14145807079814676,0.15597146164303538
-0.01948310696834509,-0.019460021578270897,-0.019513930631675135,-0.01947608943453418,-0.020043915446138996,-0.01933431543119904,-0.021720655998419,-0.01942241165264403,-0.02680517069734029,-0.019480584406221923,-0.019370625692445603,-0.012003697658379655,-0.011996265357651506,-0.007273270285275374,-0.009094690539762428,-0.027025438610722673,0.06758887292382719,-0.1128314368080269,0.2499999999999998,-0.01960813570955919,-0.01942120509912442,0.02306361471590288,-0.03524122937120423,0.007216194957522698,-0.04003079110221666,0.02001156357663539,-0.04618597937387328,0.04428482796607741,-0.040839256781776745,-0.019565778562907497,-0.01947246206383048,-0.03117246752482549,0.01761177926972363,-0.0355685446795589,0.033900906983266324,-0.03232605781886568,0.02401527731555732,-0.030381455507812696,0.017778569025423404,-0.019390820151348836,-0.01946587861358561,0.0056781750479349136,-0.010075097792351816,-0.0021473202550451927,-0.00612252095731962,-0.002423457575381207,-0.01225746851118016,-0.00011213739799311377,-0.00995342849406787,-0.01938064782372734,-0.019475582758107804,-0.019480396489503133,-0.019282130077869115,-0.019438439904138554,-0.017060729948193798,-0.01918268334080466,-0.015695212202509065,-0.0193885002054165,-0.01570912988640377,-0.01948005282663236
0.24979669380797043,0.24970319036015629,0.24897567824854397,0.24959425069131655,0.24560442042604277,0.24861928996989918,0.23733244136213577,0.24943864406485008,0.24114274643665035,0.2498220239720711,0.24852485278987424,0.14697421403394612,0.01898127926976029,0.18035338939020062,0.07801139871057804,0.17571316312476082,0.01234864557066234,0.15601902688752833,-0.01960813570955919,0.24999999999999953,0.24962893257264931,0.011171418512762005,0.14096310759150896,0.07196189684258682,0.1303190743650555,0.10565266582721732,0.12512656978784237,0.08876738443767637,0.126855418835062,0.24856321299828635,0.24963018566151474,0.05872395321375084,0.09815727189482705,0.12412400098355038,0.02788202266798751,0.14771119234580615,0.07187791792681536,0.11432820508870706,0.09337545739046314,0.24907712206727398,0.24945524513125752,0.12662671480472462,0.0366208806742857,0.15731061056877643,0.07286799915267789,0.14403733404088898,0.037407390691799505,0.14330910497279306,-0.014112083003275499,0.24930635889260555,0.24975753405466067,0.24981984613214722,0.24815235922326706,0.24958020251145546,0.2381842445103227,0.24800718366618626,0.23026845303297536,0.24916519622272404,0.23083278408311977,0.2498154050289719
0.2497774705143674,0.24968397965050093,0.24895606388769653,0.2495749974312999,0.24558400809687972,0.24860003851922322,0.23730621092865933,0.24941942349972357,0.2411067427610534,0.24980280511659442,0.248505678055636,0.14694300942380406,0.018991084223310903,0.18032862229923333,0.07802231283504663,0.17565620039991256,0.012480493307268662,0.15581561276814163,-0.01942120509912442,0.24962893257264931,0.24999999999999978,0.011067710895412329,0.1408896425126663,0.07196865052259946,0.1302320687639765,0.10572461849607358,0.1250239532658725,0.08888188094931666,0.12677379498981006,0.24854360241257958,0.2496109674016626,0.05867108360665734,0.09819229455287125,0.12406176720898056,0.02795631514020459,0.1476553325873155,0.0719393243989174,0.11427224961279718,0.09342070634003816,0.24905799914103088,0.24943602805049156,0.12664702663372018,0.036604455491171604,0.15731944577212134,0.07286070027986255,0.144045468630993,0.03738230379778697,0.14332206761565744,-0.014134797580324371,0.24928729638266509,0.24973832022444514,0.24980062759943902,0.2481333920683018,0.2495610466227903,0.23816894335415478,0.24798839483152385,0.23025526494141052,0.2491461021687936,0.2308195879317113,0.2497961868320872
0.011193534619630189,0.01117531553765822,0.010734837391619038,0.01108154422467911,0.009813666040447259,0.01076775874574007,0.0006178086312756232,0.011089124502944046,0.0035882405251254214,0.011198665542777708,0.011234834588600733,-0.0893931412441169,0.06813124281135283,-0.022463834391905604,-0.0022047469325569146,-0.0009022917169710278,0.011379854219756392,-0.01952227834053111,0.02306361471590288,0.011171418512762005,0.011067710895412329,0.24999999999999953,-0.09732257255187046,0.09877319374433419,-0.07339369470514873,0.06742624632827074,-0.05690414487562615,0.052448644125303666,-0.03354652652657594,0.010761528617024336,0.011199897988151384,-0.03403280965333647,0.0472469110228074,-0.03301959519397947,0.06563217518791256,-0.026832299232208912,0.0472572038285815,-0.026295283652697787,0.0359516034183383,0.011149363561928983,0.011159690458629652,0.03173606839270205,-0.01081858475418611,0.02204620293433018,0.0030033983546088835,0.018237423888558663,-0.01098396051933152,0.02138939039282554,-0.014398919505303559,0.011250055228651397,0.0111961605357758,0.011199002326943668,0.01127334658170786,0.01121664690247638,0.012724397152911805,0.011315940762923391,0.013250983371418508,0.011223989523706202,0.01327370932729773,0.011198800822522035
0.14102352595670584,0.14097112752601323,0.14083532486495648,0.14096967421451373,0.1395978993028718,0.14055004209516686,0.14131817103191507,0.14086045058081625,0.1425444279173159,0.14103391356720613,0.14025911974730704,0.13706677273754123,-0.02269661806538007,0.12243022545136231,0.04768861306266199,0.10620410392989559,-0.006286380037466072,0.11805986868472627,-0.03524122937120423,0.14096310759150896,0.1408896425126663,-0.09732257255187046,0.24999999999999986,-0.03680361640078133,0.16303419539310202,0.004908509782003474,0.14035639174961934,-0.004082236904397445,0.11937733080058406,0.140753968623627,0.14092783667897468,0.08531765836072196,-0.006645307746747613,0.12118508068706958,-0.058564784425541944,0.12437888448642506,-0.01143955002888565,0.1020267105081244,0.01275376393616612,0.14059126760706875,0.14085736003839233,0.03710739878753941,0.03763604871836409,0.0696482460429616,0.04062214669101701,0.06737050896768185,0.035121447031961996,0.0634687317754262,0.008357776053632372,0.14064464908072463,0.14099731264775464,0.14103242441447522,0.13991141801286344,0.14085880344066168,0.13186713769758063,0.13973932233786093,0.1262019218849358,0.14058943417630043,0.12654772987333662,0.1410299204359364
0.07202029542025506,0.07198362063745038,0.07148033734093111,0.07190102275933541,0.07021437705160342,0.07145217779948601,0.06218501760213321,0.07185742851615738,0.06462214151740496,0.07203012248729898,0.07163565788135096,-0.01358354611641415,0.05964911336758481,0.006236585132197935,0.02382576434011656,0.05083462023916942,-0.002023250922991509,0.026900608692143082,0.007216194957522698,0.07196189684258682,0.07196865052259946,0.09877319374433419,-0.03680361640078133,0.24999999999999978,-0.047403220602414135,0.0926415589572865,-0.023938672561963865,0.0728037327313914,-0.0004199718853497277,0.07130941760114283,0.07198199594704166,-0.012986429048789477,0.06225080586379878,0.003056303997297403,0.0659319071737668,0.013463797441699543,0.05886127416522583,0.006127203281431792,0.0537477080507867,0.07179845419837155,0.07190547765887385,0.0583000368736868,7.008834053565162e-5,0.05830110048273425,0.020398812064987223,0.05197804377521612,-0.0008679490998046036,0.054291712022736326,-0.016033898021420842,0.07194353405827678,0.07201175904904532,0.07202976454651058,0.07167911968364486,0.07198365690247473,0.07039294703886757,0.07166810575630937,0.06884799420723786,0.07188475638167428,0.06899652666513806,0.0720284819889175
0.13036539376808226,0.13031451213143078,0.13015670882480343,0.13030475117167545,0.12893671190705452,0.12988157067639375,0.1295356395215913,0.1302022807916571,0.13174944134783143,0.13037509526687058,0.12965563240692315,0.11647208784109146,-0.01710220485278734,0.11469941514308847,0.040415479701366275,0.0992989172224146,-0.011608368253067757,0.11740999021178297,-0.04003079110221666,0.1303190743650555,0.1302320687639765,-0.07339369470514873,0.16303419539310202,-0.047403220602414135,0.2499999999999997,-0.013643069613945496,0.1513357591769074,-0.017695919055067528,0.12445793594514891,0.13026440900269856,0.13027818917313952,0.09042243726446067,-0.010539787343709157,0.1296093009057769,-0.08665102133163673,0.1303068386966666,-0.02847995934094115,0.10662790133145844,-0.0020758262584131115,0.12992593724325588,0.13021848045536605,0.027193549000132402,0.03846519334082787,0.05795346791321749,0.03948388495999317,0.054725282978370045,0.04035576306365621,0.04993720324115197,0.01592523481264089,0.12996909070485466,0.1303413308270047,0.13037376460454456,0.1292641763973731,0.13019678177517663,0.12077833339178838,0.12905265190263532,0.11493937607527599,0.1299297961184668,0.11527420828141226,0.13037145114133403
0.10574263797488555,0.1057043844032013,0.10523528209863575,0.10562045249428306,0.10277741786040942,0.10513571189412169,0.09705409843680667,0.10557416310818775,0.09799238048099224,0.10575603504741489,0.10525836054142637,0.03286091844682799,0.02614566810440275,0.06211981713732623,0.04384679057596256,0.036367555861232956,0.04717501625460703,0.03787703860617692,0.02001156357663539,0.10565266582721732,0.10572461849607358,0.06742624632827074,0.004908509782003474,0.0926415589572865,-0.013643069613945496,0.24999999999999958,-0.01872122806359369,0.09123382919086666,0.010113343949845732,0.10488360144231475,0.10568017198824319,-0.010702165912648448,0.07732912282154371,0.014908472770220468,0.0738433875484909,0.029539238795987428,0.07615211699938321,0.015639972442809735,0.07442969142383303,0.10545186476266621,0.10557976897970034,0.07757069826677984,0.004251099335295194,0.0817164758421391,0.029604646673690366,0.07447928868729907,0.0010848588180964393,0.07735986111803898,-0.021870576216960744,0.10562111242165895,0.10572885149982629,0.10575528499607208,0.10519121217655464,0.1056848789264324,0.1030355143578768,0.1052043595768124,0.10069670606592293,0.1055361144933863,0.10094446138739942,0.10575340181544186
0.12516089051352855,0.1251096886318732,0.12492271808470852,0.12509234056156462,0.12374280866439619,0.12465428898954008,0.12327651311902983,0.12499283386470647,0.1262750988177421,0.12517035685885672,0.12447185886865343,0.10178294661167009,-0.00848225276537866,0.1056039905966991,0.03680184912505164,0.09931147268307722,-0.020245801949898078,0.12084088648036792,-0.04618597937387328,0.12512656978784237,0.1250239532658725,-0.05690414487562615,0.14035639174961934,-0.023938672561963865,0.1513357591769074,-0.01872122806359369,0.24999999999999983,-0.035726500812261745,0.14179057328634104,0.12505203863778294,0.1250764965037839,0.10146132847570316,-0.010279204915399794,0.1344999379126356,-0.08216315267279807,0.13411698479999817,-0.04793082462687228,0.12021046440319653,-0.019688446492533065,0.12471029221137613,0.12502627008386855,0.019344651049191478,0.039369859930882774,0.051417452315273435,0.035947801394578434,0.048378383941319984,0.043055652709657714,0.041972433935884235,0.021529541883862198,0.1247434006161289,0.12513801382910456,0.125169122291621,0.12408182512261626,0.12498510206845868,0.11504479257700541,0.12380708341206488,0.10897133430244428,0.12471911140562476,0.10931996986159251,0.12516690346559686
0.08887364367990017,0.08884647781405812,0.08846367742806267,0.08877959961322998,0.0868876836580593,0.08840951310811722,0.08144603196013543,0.08874410844545146,0.0812903965281844,0.08888546688796797,0.0884868653335008,0.031258682807154596,0.017005352075191035,0.05481785760959019,0.026014074346141516,0.05755022282714482,0.03853460685064369,-0.0021358661514651284,0.04428482796607741,0.08876738443767637,0.08888188094931666,0.052448644125303666,-0.004082236904397445,0.0728037327313914,-0.017695919055067528,0.09123382919086666,-0.035726500812261745,0.24999999999999967,-0.03376055283108453,0.08817082051820979,0.08881080185055694,-0.02512416674827832,0.08009730864179218,-0.003244644833942439,0.08149905004335413,0.012200298604598684,0.0887684004729575,-0.0047467604517054205,0.08670212399142134,0.08866929206861797,0.08872772497442315,0.07585835117954767,-0.001146172375742259,0.07630229799048577,0.02303311175755037,0.07063070417577401,-0.00782082086427889,0.07509005275636771,-0.029042649749973833,0.08882449745674402,0.08886252579168985,0.08888478788905568,0.08843193740145379,0.08884625788286855,0.08790952228833318,0.08855459822023196,0.08659932523756106,0.0887342149617587,0.08687580555157456,0.08888320195087444
0.12689918394669628,0.12684717378327526,0.1265898644800838,0.12681523517673332,0.12522020407809606,0.12634068866972906,0.12330506313349157,0.1267197370831355,0.12634992347563714,0.12690977334498615,0.1262154989576226,0.09066958554462674,6.931235176638279e-5,0.10124668096898455,0.037231957931407454,0.09659264286593996,-0.016356544826477762,0.11503020784884278,-0.040839256781776745,0.126855418835062,0.12677379498981006,-0.03354652652657594,0.11937733080058406,-0.0004199718853497277,0.12445793594514891,0.010113343949845732,0.14179057328634104,-0.03376055283108453,0.2499999999999996,0.12567467056788367,0.12681967832086433,0.0834657551335201,0.0022016027100745703,0.11970560521812419,-0.05979291501993053,0.11991046029877933,-0.03692685582726729,0.1149967248193609,-0.023465233279724385,0.12641646104728355,0.1267532678179734,0.03069992704617427,0.03358330885104725,0.056959663342555755,0.038725129911975555,0.05043720051847234,0.04294854697341326,0.0438474429387883,0.02197125422335159,0.12648820630518,0.12687705009614422,0.12690858172780148,0.12593140294299016,0.12672522949265477,0.11701694187209734,0.1255694696940691,0.11095108503853196,0.12646687107617496,0.11120992524222323,0.12690633366902132
0.24871084310648786,0.24861772918076921,0.24789413346445402,0.24850945887310127,0.2445394795560038,0.247539029418808,0.23632386359565818,0.24835441394426983,0.24011272348051937,0.24873604867036186,0.24744408969467055,0.1465085102807059,0.01877305121892383,0.17967225771801573,0.07765655016655724,0.1749855549820162,0.012257102865694305,0.15541466845715363,-0.019565778562907497,0.24856321299828635,0.24854360241257958,0.010761528617024336,0.140753968623627,0.07130941760114283,0.13026440900269856,0.10488360144231475,0.12505203863778294,0.08817082051820979,0.12567467056788367,0.24999999999999933,0.24854507260695824,0.05906456327906592,0.097309557700541,0.12412566402761376,0.027158563344506392,0.1474612788399099,0.07107745127950785,0.11416659677811797,0.09265820542434304,0.24799351910447018,0.24837113701865635,0.12577935352969755,0.03659682989120918,0.156449401844638,0.07252211829715148,0.1432897413728169,0.037370137339288095,0.14252709604833577,-0.013891301220535647,0.24822155810022123,0.24867183907664736,0.24873387948258568,0.24707220336259633,0.24849484227573804,0.23712276141379918,0.24692612378682696,0.22922741744558323,0.24808130006030646,0.22979032047405845,0.24872945772221183
0.2497786517621225,0.24968515859732623,0.24895733807101697,0.24957619723881347,0.24558552651474536,0.2486012514574082,0.23731099186091192,0.24942060509575883,0.24111194633732055,0.24980398413395397,0.2485067668733358,0.14695901640203582,0.01896594335619923,0.18035281571781203,0.0779932032028287,0.1756893868685067,0.012428193884742995,0.15586367575595944,-0.01947246206383048,0.24963018566151474,0.2496109674016626,0.011199897988151384,0.14092783667897468,0.07198199594704166,0.13027818917313952,0.10568017198824319,0.1250764965037839,0.08881080185055694,0.12681967832086433,0.24854507260695824,0.24999999999999944,0.05867457049768444,0.09812690308962212,0.12410214022674239,0.027850131105107853,0.1476932106804079,0.07187318664572878,0.11430235154196225,0.09337601094242372,0.24905923969457178,0.24943722593155607,0.12662652183196957,0.03661860180863544,0.1572913317634358,0.0728900386356901,0.14400653615215175,0.03743449335925981,0.14327344680712595,-0.014089958976372876,0.24928834308771064,0.2497394989526887,0.24980180652719264,0.2481344568542924,0.24956217114056548,0.23816629502379405,0.24798922632686132,0.23025061416612327,0.24914717977557524,0.2308142113146756,0.24979736574145645
0.05872775436325724,0.05870193701550359,0.058644994195546044,0.05869864162024254,0.058206186492701095,0.058490958310261146,0.058890478177983936,0.05864659597018044,0.060432590497911866,0.05873154074278079,0.058400850201398104,0.05017945139530524,-0.004433736598594559,0.05111316155399119,0.015787741373478575,0.048739318004690925,-0.01825726850271129,0.06815799789062439,-0.03117246752482549,0.05872395321375084,0.05867108360665734,-0.03403280965333647,0.08531765836072196,-0.012986429048789477,0.09042243726446067,-0.010702165912648448,0.10146132847570316,-0.02512416674827832,0.0834657551335201,0.05906456327906592,0.05867457049768444,0.24999999999999953,-0.09229179464859051,0.12306571272909429,-0.08875881042411199,0.09640586937275486,-0.052806077856519,0.08257780949753012,-0.03371738308189673,0.05831765922570005,0.05873114956644109,-0.060746499820406655,0.057242547866240286,2.0657650339257353e-5,0.008293539912224,0.017873520802155124,0.015729934411057644,0.01475095884192688,0.011999428973395052,0.058399640655773376,0.058716420073281185,0.05873095376848826,0.057793266067189174,0.05858621027744479,0.050640502061549936,0.05760771775576249,0.04608906260607539,0.05837948182735279,0.04685895404893699,0.058729912093340865
