x1,x2,x3,x4,x5,x6,x7,x8,x9,x10,x11,x12,x13,x14,x15,x16,x17,x18,x19,x20,x21,x22,x23,x24,x25,x26,x27,x28,x29,x30,x31,x32,x33,x34,x35,x36,x37,x38,x39,x40,x41,x42,x43,x44,x45,x46,x47,x48,x49,x50,x51,x52,x53,x54,x55,x56,x57,x58,x59,x60
0.25000000000000006,0.24948924763880362,0.24954040273428188,0.24984878696347101,0.2497818660289405,0.24982133189373978,0.2495577834232461,0.24974754836720525,0.24967677447531192,0.2498618871686656,0.24941242916619788,0.23089041837394791,0.24601144784713055,0.21132969995834272,0.2464622257377315,0.22275459851530696,0.24115202325237833,0.22634167278586606,0.24415004366923596,0.24905516830219684,0.2494272544026853,0.2448472002719385,0.2202358931992186,0.23921960753418445,0.22639011853049534,0.23491329237683253,0.21064943615261272,0.2296558803047303,0.22896359698210164,0.24769172672793818,0.24946591086882589,0.2372567029943569,0.20339609005100162,0.22872559213203858,0.22333769421161195,0.2387118279149407,0.21316782717969185,0.2412377698854774,0.2327583898834321,0.2494213847834579,0.2495109201136801,0.22700330516706269,0.2466323316671026,0.21507345975716252,0.24400268908091113,0.22307102942590512,0.2438495182822308,0.21949031562345261,0.24625700737800496,0.24926160274977402,0.24966198302072165,0.24974275560335477,0.24973074902019887,0.24983672124378173,0.2498116109389794,0.24980004147133597,0.2498187565373757,0.24977900315664586,0.24981786177808052,0.2498577176123093
0.24948924763880362,0.25000000000000006,0.24928161303919327,0.249591366562906,0.24952451566280368,0.24956394030997775,0.2493006610145547,0.24949023289758157,0.24941953156050228,0.2496044538568289,0.24915545710980008,0.23065243552993164,0.24575784018529415,0.21111180027108586,0.24620827895403685,0.22252509958147906,0.24090358569845524,0.2261084931921987,0.243898481477324,0.24879856469774742,0.2491702686474361,0.24459483891265493,0.22000896551704793,0.2389730217806488,0.226156948238583,0.23467103079469573,0.21043263438475676,0.22941918321000138,0.22872785011827992,0.24743650870450457,0.24920888684402545,0.2370122693272177,0.20318634875063657,0.22849000523898255,0.223107374827544,0.23846595918205962,0.21294790099953673,0.24098925305830327,0.2325184646076802,0.24916440717338145,0.249253848964905,0.2267693941078381,0.24637821776457097,0.21485176594269373,0.24375129609007415,0.22284120758565906,0.2435982656603885,0.21926412049806218,0.24600328968362417,0.24900478889973493,0.24940475517960306,0.24948544503721926,0.24947345098146892,0.24957931386461618,0.24955422948584685,0.24954267188342963,0.24956136766854756,0.2495216552445702,0.24956047384187613,0.24960028860053596
0.24954040273428188,0.24928161303919327,0.2500000000000001,0.24964134864850498,0.24957449418934755,0.24961393222863146,0.24935052173636876,0.24954021920948208,0.24946951658515598,0.24965445414804807,0.24920526727905906,0.23069410841776813,0.24580433637452118,0.21114374328039012,0.24625752174898577,0.22256663563539664,0.24095107016229178,0.22614893776785921,0.24394686510165017,0.2488484925142448,0.24922018717797761,0.24464356566439188,0.2200510902697093,0.23901905392105297,0.22619860919314966,0.23471468197209744,0.21047617880716835,0.22946400500281056,0.22877770487975177,0.24748609594766355,0.2492589103551095,0.2370605613050546,0.20323343452939774,0.22853842732640797,0.2231559382728841,0.2385160924349191,0.21299342948847558,0.24103949773076921,0.23256541073295414,0.24921433816320165,0.2493037796484849,0.22681663652258455,0.24642721557079728,0.21489845719118533,0.2437994865299486,0.22288768942968995,0.24364733904767485,0.21930699134986378,0.24605264296002985,0.24905467437097115,0.24945471687036924,0.2495354214272712,0.2495234234027776,0.24962930905837666,0.24960421972901667,0.2495926597371695,0.24961135935227405,0.2495716388882688,0.24961046534201892,0.24965028799594366
0.24984878696347101,0.249591366562906,0.24964134864850498,0.2500000000000001,0.2498841086522421,0.24992359037217193,0.24965993322368837,0.2498497766641845,0.24977897360582238,0.24996416227235727,0.24951451975140768,0.23098489604012104,0.24611209753354238,0.2114161534167522,0.24656310252144853,0.22284578544600292,0.24125074543434943,0.22643434269220405,0.24424997563861997,0.24915711230097898,0.24952935145593672,0.24494738371763067,0.22032603615301893,0.23931748002573136,0.22648283321342075,0.23500935986791902,0.2107357648575324,0.22974985323886588,0.22905737901538795,0.24779310447493913,0.24956802424248797,0.23735382274716954,0.20347924827294048,0.22881923990918596,0.22342901008146496,0.2388095671863764,0.21325494517277482,0.24133652355512422,0.23285361371856672,0.24952348032787627,0.2496130517946907,0.227096205540742,0.24673328246322468,0.21516143960700762,0.2441025695319539,0.22316233648961137,0.24394932587185628,0.21958013700876408,0.24635780753204542,0.24936363255726818,0.2497641760788709,0.24984498194543217,0.2498329705216416,0.24993898604848927,0.24991386548799563,0.2499022912620391,0.24992101398897387,0.2498812443358099,0.2499201188681988,0.24995999101138877
0.2497818660289405,0.24952451566280368,0.24957449418934755,0.2498841086522421,0.2500000000000002,0.24985665040130484,0.2495948566590241,0.2497828544530518,0.24971215788968065,0.2498972107126311,0.24944763442113058,0.2309186201083564,0.24606844720135043,0.21135028049238497,0.24649676743661084,0.22278205446352553,0.2411906310305707,0.22637456932207992,0.2441841501093408,0.24909030458637232,0.24946247943513827,0.2448808835825247,0.22026349201768133,0.23925023738501833,0.22642720382397702,0.23494361068771094,0.21069270091716624,0.22968825867367665,0.2290041191455489,0.24772621197477446,0.24950125811461554,0.23729169199341768,0.20341882022900054,0.228760670273003,0.22336469854722169,0.23874837066004576,0.21319060183862676,0.24127279219758668,0.23278876213249533,0.24945668468889806,0.24954620244409528,0.2270337807623707,0.24666724443883686,0.21510003617726847,0.24403782608725647,0.22310169629515433,0.243883945087482,0.21951881477996407,0.24629203293353572,0.2492968658056008,0.24969726386288163,0.24977806250889054,0.2497660599375798,0.24987204143340574,0.24984692775479903,0.2498353564755197,0.24985407420187825,0.2498143151867208,0.24985317967160892,0.24989304077033775
0.24982133189373978,0.24956394030997775,0.24961393222863146,0.24992359037217193,0.24985665040130484,0.2500000000000001,0.24963249806979143,0.249822321617401,0.24975152596803618,0.24993669469090088,0.24948710111575215,0.23095947944007064,0.24608501402414606,0.21139288101243983,0.24653599988692568,0.2228213109874095,0.2412242569460721,0.22640951186266006,0.24422312960895298,0.24912973173957176,0.24950193136468513,0.2449204193888862,0.22030181709929164,0.23929112487752716,0.2264580339099091,0.23498343409364472,0.2107127689692222,0.22972457284865277,0.22903229046333523,0.24776586287146543,0.24954060043611515,0.23732774662138612,0.20345672604204892,0.22879412199201177,0.2234043060091641,0.23878335801933923,0.21323131223065817,0.24131000912738365,0.23282795598621658,0.24949606211314898,0.24958562310533944,0.22707121661148413,0.24670616863051253,0.21513770284942846,0.24407575498301476,0.22313780182534962,0.24392251003725315,0.21955597861570997,0.24633073731120378,0.24933623151977485,0.24973673015897857,0.2498175274638841,0.24980551747273552,0.2499115212371977,0.24988640346478844,0.24987483048299372,0.24989355115265682,0.24985378586953128,0.24989265613707765,0.24993252389194542
0.2495577834232461,0.2493006610145547,0.24935052173636876,0.24965993322368837,0.2495948566590241,0.24963249806979143,0.25000000000000006,0.249558782941638,0.24948822644493865,0.24967302426129806,0.24922380623318624,0.23069357077161415,0.24587761868357957,0.2111373837445817,0.24627470471136917,0.22257840670389323,0.24099521966283324,0.22616599997352085,0.24396690177077604,0.24886686715792786,0.24923867078586437,0.2446580250178358,0.22006480524333177,0.2390341617130349,0.22622015323547792,0.2347267576503303,0.21050080321024214,0.22947914822417978,0.22879873674425702,0.24750383657291528,0.24927743830342045,0.23707842998138215,0.20323789667044354,0.22855577101092647,0.22316357293930308,0.23853482663535863,0.21299834248155067,0.24105715649642354,0.23257910239242396,0.24923290362283018,0.24932233384953745,0.2268309380856294,0.24644556892913452,0.21490800343036032,0.24381843576560897,0.22290272646296003,0.24366507987032354,0.21932158080018177,0.246071049294713,0.24907322096786452,0.2494732566622463,0.24955398223923678,0.2495419896536307,0.24964787685375503,0.24962278673732863,0.24961122480656642,0.24962992593128552,0.24959020239428362,0.2496290320558076,0.24966885735184938
0.24974754836720525,0.24949023289758157,0.24954021920948208,0.2498497766641845,0.2497828544530518,0.249822321617401,0.249558782941638,0.2500000000000002,0.24967776338503736,0.24986287710615793,0.2494134176583388,0.23089164263194045,0.24601206032989537,0.21133070838347512,0.24646319902944658,0.22275554863596417,0.2411528829522836,0.2263425905336821,0.24415098563141452,0.24905615412157406,0.2494282426204427,0.24484815716090824,0.22023677669650465,0.2392204980581366,0.226391045115655,0.234914144047636,0.21065034716199604,0.22965673865352457,0.22896455698764567,0.24769269768455576,0.24946689939196837,0.2372576371821144,0.20339676352207434,0.22872650899310798,0.22333846241108032,0.23871280012996202,0.21316852667909425,0.24123873329289905,0.23275925126990735,0.24942237366922135,0.2495119088853883,0.22700418164724434,0.24663330467293618,0.2150742440528764,0.2440036581633164,0.22307191035068433,0.2438504760864641,0.21949116123300738,0.24625798347735864,0.24926259073398535,0.2496629719394087,0.2497437450782258,0.24973173852351632,0.24983771109094113,0.24981260070884206,0.24980103117317148,0.2498197463141934,0.24977999277513,0.24981885155582145,0.24985870754265666
0.24967677447531192,0.24941953156050228,0.24946951658515598,0.24977897360582238,0.24971215788968065,0.24975152596803618,0.24948822644493865,0.24967776338503736,0.2500000000000001,0.24979207060363048,0.24934272263850898,0.23082923269548505,0.24594149093320192,0.21127360916689913,0.24639322609864028,0.22268987304016594,0.24108122113418295,0.2262743396298409,0.2440796483238596,0.24898547419856978,0.24935753633510963,0.24477844887703654,0.22017141410043928,0.2391501161676964,0.22632398574637524,0.23484646744397744,0.21058409024669744,0.22958780251644825,0.22889704239060946,0.24762215758144307,0.24939615863798079,0.23718829525883423,0.20333186296246386,0.22865882565443602,0.22327087345198227,0.2386443162209043,0.21310406300070148,0.24116957805245087,0.23269091149240506,0.24935168424424167,0.24944120025967445,0.22693875723596119,0.24656297931739868,0.21501062757981626,0.24393431590879253,0.22300824903733157,0.24378087590455932,0.21942853399549117,0.24618815067195968,0.24919195853920068,0.24959221645165458,0.2496729720618062,0.24966096985107314,0.24976691144626137,0.24974180801253762,0.24973024192296947,0.24974895187058171,0.2497092094868863,0.2497480573493195,0.2497879019480053
0.2498618871686656,0.2496044538568289,0.24965445414804807,0.24996416227235727,0.2498972107126311,0.24993669469090088,0.24967302426129806,0.24986287710615793,0.24979207060363048,0.25000000000000017,0.2495276029452276,0.23099698684780132,0.24612501275948265,0.21142721289836208,0.246576030920524,0.22285746305545545,0.24126341495108705,0.2264462077730277,0.24426278455664857,0.249170176637606,0.24954243513184418,0.2449602242113382,0.22033758773127485,0.2393300282723542,0.22649470159011922,0.23502167889781983,0.21074681124235273,0.22976189924815912,0.22906939058118442,0.24780609750388974,0.24958111001913463,0.23736626911397443,0.20348993154660755,0.2288312404960747,0.22344073373058146,0.23882209049816802,0.2132661355627746,0.24134917999078598,0.23286582563319674,0.24953656366755772,0.24962613982746193,0.227108116528928,0.24674621913708988,0.2151727288672763,0.24411536750158652,0.22317404043550115,0.24396211754499547,0.21959165030513228,0.24637072488951425,0.2493767075076126,0.24977727205593003,0.24985808214621055,0.2498460700868475,0.2499520911782148,0.24992696930030334,0.24991539446773517,0.24993411817645858,0.2498943464379457,0.24993322300849455,0.24997309724247402
0.24941242916619788,0.24915545710980008,0.24920526727905906,0.24951451975140768,0.24944763442113058,0.24948710111575215,0.24922380623318624,0.2494134176583388,0.24934272263850898,0.2495276029452276,0.24999999999999997,0.23054747341329446,0.24570044085958279,0.2110512760307934,0.24613173501813745,0.22245212261888758,0.24083108470577855,0.22604482990292132,0.24382197665827546,0.24872170214565634,0.24909347593993147,0.24452169842710747,0.21993599594100832,0.23889915360545289,0.22609855745894272,0.2346030547911847,0.21037953818914779,0.22935201482667292,0.22865899991465197,0.24735998269121642,0.24913207787226593,0.23693900314666377,0.20310963773177262,0.2284171803695357,0.22303081241395528,0.23839105116186907,0.21287370281005935,0.24091258405020755,0.23244504296607196,0.24908768273963466,0.24917710852732375,0.22669548041949214,0.24630298729669511,0.21477736368005487,0.24367789683108415,0.2227687240878553,0.24352294896929771,0.2191960557803844,0.24592767443647304,0.24892812931307937,0.24932795306553673,0.24940863047978198,0.2493966466805626,0.24950247040551105,0.24947739321565504,0.2494658397061523,0.24948452969776308,0.24944482953833563,0.24948363634500675,0.2495234386835301
0.23089041837394791,0.23065243552993164,0.23069410841776813,0.23098489604012104,0.2309186201083564,0.23095947944007064,0.23069357077161415,0.23089164263194045,0.23082923269548505,0.23099698684780132,0.23054747341329446,0.24999999999999997,0.22718031290396742,0.1944565133971949,0.22804066926083078,0.20582003805638213,0.22312719581155652,0.20992821001318634,0.22556662473767816,0.23023860015662753,0.23059160846633237,0.2260091480108028,0.20351116123998825,0.22098376089239075,0.2102264875920221,0.21682781632256462,0.19605439030857416,0.2121187005914384,0.21218810183123613,0.2289178744831613,0.2306307468485878,0.21937892154590344,0.18675978715985767,0.21150761723861936,0.20551275172369024,0.22084288776923824,0.1958382237858665,0.22300516867332051,0.21475360564808393,0.23059275196446524,0.23067352736185737,0.20956612110915232,0.2280186922609963,0.19811779841425814,0.22566898915773412,0.2060344247236731,0.2253922209093912,0.20270320113056425,0.22767708689154934,0.2304445019611554,0.2308103909565015,0.23088687166525257,0.2308764899457166,0.23097374276891078,0.23095058623053893,0.23093983237189067,0.23095713522859257,0.23092038249305946,0.23095634418525723,0.23099315389331096
0.24601144784713055,0.24575784018529415,0.24580433637452118,0.24611209753354238,0.24606844720135043,0.24608501402414606,0.24587761868357957,0.24601206032989537,0.24594149093320192,0.24612501275948265,0.24570044085958279,0.22718031290396742,0.25000000000000017,0.20760068389112013,0.24281650719757636,0.21911808102974006,0.2375415489081045,0.2229637041222291,0.24051203971666968,0.2453310536810131,0.24569599104049358,0.24134367162928827,0.21675082769591228,0.23577997233183562,0.2229681642914775,0.23191757296299256,0.20742104940983233,0.22637551919695956,0.22549808933292942,0.24402159020428782,0.2457350239022585,0.23374607350360702,0.20055996162368486,0.22523474223344497,0.22042705603114637,0.2350622236162211,0.21053611337314607,0.23758806744394112,0.22950400738109547,0.24568707360016992,0.2457777987703728,0.22359987436898374,0.24296782524558078,0.21194285699146256,0.24037601503634795,0.2196535218476075,0.24025002874433582,0.2162260632698544,0.24258200119017104,0.24553181090662032,0.2459288827725548,0.24600765409321573,0.2459956481330258,0.24610021440554564,0.2460753027972308,0.24606408321200474,0.246082515620549,0.24604335953616954,0.2460816187131677,0.246120896756869
0.21132969995834272,0.21111180027108586,0.21114374328039012,0.2114161534167522,0.21135028049238497,0.21139288101243983,0.2111373837445817,0.21133070838347512,0.21127360916689913,0.21142721289836208,0.2110512760307934,0.1944565133971949,0.20760068389112013,0.25000000000000006,0.2080518083895516,0.18765835729788943,0.2038295866814457,0.19250592440533523,0.2063229909761802,0.21070924578590397,0.21104845700164507,0.2068703753190815,0.1850187511039158,0.20082912722594423,0.19210043104864105,0.1973332684490609,0.18133443866711269,0.19326683169174053,0.19561052240667928,0.20935650305110723,0.21110546647601125,0.20090074683587222,0.16898956303220136,0.19405133259121451,0.18642188203664162,0.20274847334889262,0.17687894843634647,0.2043099200486088,0.19557360396754023,0.2110689270140949,0.2111341271443424,0.19140366337782877,0.20866228674986212,0.1802471051698163,0.20664315392265162,0.1884865751975483,0.20620568262001393,0.18497294068809036,0.2084188783361959,0.2109288659248105,0.2112522156435223,0.2113264353841798,0.21131838677650747,0.2114059468640918,0.21138500512333563,0.21137490932948128,0.21139077345230756,0.21135710725847603,0.2113901240189679,0.21142371352702172
0.2464622257377315,0.24620827895403685,0.24625752174898577,0.24656310252144853,0.24649676743661084,0.24653599988692568,0.24627470471136917,0.24646319902944658,0.24639322609864028,0.246576030920524,0.24613173501813745,0.22804066926083078,0.24281650719757636,0.2080518083895516,0.2500000000000001,0.21952016829463947,0.23801408824576936,0.2232444336155676,0.2409914874249695,0.24578235710345572,0.24614846560950226,0.24167827694978566,0.21748874529644263,0.23620030813683018,0.22346482244807161,0.23200074106707802,0.20791109313874687,0.22667171325706795,0.225919905970017,0.24445062222740624,0.24618551782793535,0.23424658666427928,0.20087938851073747,0.22578262148007142,0.22055251924070945,0.23553990013290058,0.2105497764609835,0.2380529961419881,0.22980288309875102,0.24613940728635883,0.24622890213399592,0.22400581111986062,0.24341309125170874,0.21226786060943237,0.24081937033809828,0.22008566987654052,0.24067362980416912,0.21660678981991752,0.24302290626206813,0.24598263926647376,0.2463791853932562,0.24645846579059152,0.2464465718074442,0.24655119571683892,0.24652633761714685,0.2465149983107057,0.2465334623048336,0.24649423666034084,0.24653257367663006,0.2465719159672761
0.22275459851530696,0.22252509958147906,0.22256663563539664,0.22284578544600292,0.22278205446352553,0.2228213109874095,0.22257840670389323,0.22275554863596417,0.22268987304016594,0.22285746305545545,0.22245212261888758,0.20582003805638213,0.21911808102974006,0.18765835729788943,0.21952016829463947,0.25000000000000006,0.21416164607399826,0.20187389205564718,0.2178471529821374,0.2221160715501379,0.2224511005291141,0.21812610221169054,0.19617822218580433,0.21273644365539035,0.20139581615623228,0.207972886032528,0.18702693679587348,0.2040973877813305,0.20459034756254077,0.2208091679236999,0.22252080056837764,0.21177218572160716,0.18098815500834922,0.20466886815647437,0.19829654043813089,0.21329688166306815,0.18839017938665845,0.21518394914965272,0.20693355318674445,0.2224790935792902,0.22254872548806112,0.20234343543668,0.21991696418453852,0.1914772813627007,0.21766338849872124,0.19914325207177805,0.21740833739240886,0.19549369660325616,0.21965352747127387,0.22232963206675077,0.2226756212931191,0.22275121445159102,0.2227415272501618,0.22283502450483975,0.22281293393656285,0.22280230899051362,0.22281899712318662,0.22278354447431012,0.2228182913865771,0.22285375165065152
0.24115202325237833,0.24090358569845524,0.24095107016229178,0.24125074543434943,0.2411906310305707,0.2412242569460721,0.24099521966283324,0.2411528829522836,0.24108122113418295,0.24126341495108705,0.24083108470577855,0.22312719581155652,0.2375415489081045,0.2038295866814457,0.23801408824576936,0.21416164607399826,0.25000000000000017,0.2177842668489258,0.23579887630565477,0.24047343393589754,0.24084499873315454,0.23631250425258188,0.2129548470914619,0.23093501288958804,0.21941733541110423,0.22679262954488918,0.2045062947720008,0.2216845396421018,0.22138778291102681,0.2391522176418129,0.24088321102715898,0.22945934235771592,0.19572996321493108,0.2211350390096625,0.21547170232888296,0.23054525387531963,0.2052358161188336,0.23286460688431765,0.22454398232528347,0.24083493583010804,0.24092296219714723,0.21887255596351987,0.2382240579193698,0.2070937081196704,0.23575365117985778,0.21509591065731176,0.23549937349450273,0.21173789808073185,0.23780595423294018,0.24068324713591252,0.24106983944368746,0.24114836353155952,0.24113731528391194,0.24123909551555797,0.24121466040268594,0.24120367801712875,0.24122173043735068,0.24118336369581192,0.2412208896011809,0.2412593693387414
0.22634167278586606,0.2261084931921987,0.22614893776785921,0.22643434269220405,0.22637456932207992,0.22640951186266006,0.22616599997352085,0.2263425905336821,0.2262743396298409,0.2264462077730277,0.22604482990292132,0.20992821001318634,0.2229637041222291,0.19250592440533523,0.2232444336155676,0.20187389205564718,0.2177842668489258,0.25,0.22077691841206165,0.2256819631211924,0.22603745597447628,0.221887181072277,0.2000139078406466,0.21626683518072212,0.20505021327720147,0.21232745752729532,0.1887101234172325,0.20633579371494054,0.20689551055472175,0.22437394980656283,0.22610136582470763,0.21529110089728756,0.1838663519500773,0.20797469786876005,0.20199426466437964,0.21639957389129832,0.19171284615239634,0.21839862882915345,0.21041645806773399,0.22605973716274394,0.22613206129868474,0.20559747530475522,0.22346090352690517,0.19472873284374428,0.22118677911005488,0.20231285548430217,0.22092648545690985,0.19873342161192606,0.22318968320845442,0.22590845096226148,0.22626216635910965,0.2263382500236541,0.2263281970374044,0.22642340971278907,0.22640089649044917,0.22639016736828654,0.22640713614540728,0.2263711006811518,0.22640639102234864,0.22644243843007544
0.24415004366923596,0.243898481477324,0.24394686510165017,0.24424997563861997,0.2441841501093408,0.24422312960895298,0.24396690177077604,0.24415098563141452,0.2440796483238596,0.24426278455664857,0.24382197665827546,0.22556662473767816,0.24051203971666968,0.2063229909761802,0.2409914874249695,0.2178471529821374,0.23579887630565477,0.22077691841206165,0.25,0.24346368902977292,0.24383810679130724,0.23928950023850942,0.2153106400452943,0.2338025590430974,0.22178106839740386,0.2296133900893272,0.20678042219929865,0.22459519184867002,0.22406548629399678,0.24212719300862814,0.24387544761088903,0.2320428726731223,0.19844221077522403,0.22365218048793245,0.21813177403337516,0.233394171105986,0.20803922393969282,0.2358126950939197,0.2274267308675862,0.24383100133599547,0.24391923264877483,0.22177564294409324,0.24113168555791462,0.20996455947134712,0.23859439892103798,0.2179339190501759,0.23839199223336488,0.2144771550879862,0.24074832204385713,0.24367589217860508,0.24406702914791772,0.24414632061991698,0.2441348305959526,0.24423818059814728,0.24421357918872988,0.24420232278062748,0.24422061724711092,0.24418175591261684,0.24421974861214327,0.24425870646597297
0.24905516830219684,0.24879856469774742,0.2488484925142448,0.24915711230097898,0.24909030458637232,0.24912973173957176,0.24886686715792786,0.24905615412157406,0.24898547419856978,0.249170176637606,0.24872170214565634,0.23023860015662753,0.2453310536810131,0.21070924578590397,0.24578235710345572,0.2221160715501379,0.24047343393589754,0.2256819631211924,0.24346368902977292,0.24999999999999994,0.24873675217547106,0.24417990381449434,0.21959888289691193,0.23856510084564983,0.22573856544684728,0.2342825399270817,0.21002416771328034,0.2290471521119408,0.2283078304675566,0.24700968340735277,0.24877534604182763,0.23659811581693727,0.2028981995799054,0.2280859194419032,0.22276996102102994,0.23804155650379882,0.21263105967831517,0.24056894230058945,0.23213212688550772,0.2487306659639048,0.24882011061426584,0.22638927510901183,0.24594942197688785,0.21451556413433504,0.24332320394512452,0.22245972123293206,0.24317616418614538,0.21889094687828226,0.24557479137710234,0.2485714147523579,0.24897091522186462,0.24905137463430385,0.24903936421752518,0.2491450801439237,0.2491200320113083,0.24910850191454262,0.24912716546432265,0.24908752184095112,0.2491262711226714,0.24916601838652402
0.2494272544026853,0.2491702686474361,0.24922018717797761,0.24952935145593672,0.24946247943513827,0.24950193136468513,0.24923867078586437,0.2494282426204427,0.24935753633510963,0.24954243513184418,0.24909347593993147,0.23059160846633237,0.24569599104049358,0.21104845700164507,0.24614846560950226,0.2224511005291141,0.24084499873315454,0.22603745597447628,0.24383810679130724,0.24873675217547106,0.2500000000000002,0.24452791968892806,0.21993240751665558,0.23890220255477126,0.22610000252413467,0.23460173737879372,0.21039254753982217,0.22935306919058918,0.22868894449736066,0.24737439991761467,0.24914740246000483,0.23695953889807275,0.2031553544250244,0.22844709973661637,0.2230589931643746,0.2384145281440222,0.2128839508530567,0.24093336314017505,0.23245783744760715,0.24910265811106672,0.2491919566283622,0.22671731824854366,0.24631640937248678,0.21480781781411815,0.2436903806407494,0.22278982773389255,0.2435383588527823,0.21920415810457633,0.2459426681567835,0.24894298337758444,0.24934276767523225,0.24942345584901773,0.2494114687619384,0.2495173013531722,0.24949222516075234,0.24948066847645387,0.24949936017297847,0.24945965705989226,0.24949846690153274,0.2495382708778164
0.2448472002719385,0.24459483891265493,0.24464356566439188,0.24494738371763067,0.2448808835825247,0.2449204193888862,0.2446580250178358,0.24484815716090824,0.24477844887703654,0.2449602242113382,0.24452169842710747,0.2260091480108028,0.24134367162928827,0.2068703753190815,0.24167827694978566,0.21812610221169054,0.23631250425258188,0.221887181072277,0.23928950023850942,0.24417990381449434,0.24452791968892806,0.2500000000000001,0.21535160774811318,0.23459980216657536,0.2221229436388367,0.2310074208308344,0.2067209289034265,0.2254888345822629,0.22460984007829946,0.24289019108188845,0.24457689673069022,0.232633252799596,0.19995971601378357,0.22421952853121685,0.21986975216395216,0.23401517174432274,0.2099641699888492,0.236497680221861,0.22855363215064853,0.2445239243650129,0.24461446927666877,0.22261746095340465,0.24180419042304202,0.21114486014580447,0.23922103668266562,0.21867233544615033,0.23914718015460493,0.2151881137310007,0.24144311278079444,0.244369541364537,0.24476531175900362,0.2448434330016344,0.24483133889524378,0.24493555528102814,0.2449107094242234,0.24489959507767586,0.24491794357670624,0.24487896947498905,0.24491704607626208,0.2449561397557284
0.2202358931992186,0.22000896551704793,0.2200510902697093,0.22032603615301893,0.22026349201768133,0.22030181709929164,0.22006480524333177,0.22023677669650465,0.22017141410043928,0.22033758773127485,0.21993599594100832,0.20351116123998825,0.21675082769591228,0.1850187511039158,0.21748874529644263,0.19617822218580433,0.2129548470914619,0.2000139078406466,0.2153106400452943,0.21959888289691193,0.21993240751665558,0.21535160774811318,0.2500000000000001,0.2097159472441453,0.20194385279562527,0.20686704117732554,0.19350827103029827,0.20275756576668857,0.20655530675215597,0.21820416755106187,0.22001666739627204,0.20940285462329147,0.1740247733186968,0.20230921158105383,0.19466785888186913,0.2123168182677839,0.18595921530071682,0.21367293220614972,0.20440433919110923,0.2199509947209193,0.22002622675917455,0.19920030262786517,0.21747608449118944,0.18738428459813433,0.21540549192060068,0.19621599941183968,0.21504640216934096,0.1922711512441556,0.21727015284998688,0.2198136284803145,0.2201564539070546,0.22023253397260578,0.22022398789876535,0.22031539647505025,0.2202931999924754,0.2202830509389479,0.2202997125739887,0.22026449861115607,0.2202988945966538,0.22033391193724516
0.23921960753418445,0.2389730217806488,0.23901905392105297,0.23931748002573136,0.23925023738501833,0.23929112487752716,0.2390341617130349,0.2392204980581366,0.2391501161676964,0.2393300282723542,0.23889915360545289,0.22098376089239075,0.23577997233183562,0.20082912722594423,0.23620030813683018,0.21273644365539035,0.23093501288958804,0.21626683518072212,0.2338025590430974,0.23856510084564983,0.23890220255477126,0.23459980216657536,0.2097159472441453,0.25,0.21586959290997307,0.22546062866514488,0.20374202114545364,0.22037581643261572,0.22023419078277248,0.23732010326729186,0.23897269454565023,0.22733456495998097,0.19542316697364429,0.2194889865266228,0.21485008321312274,0.22918433765020982,0.20586098472199416,0.23125745091705308,0.22339522236010304,0.23890338757335608,0.2389914613004254,0.21755996588086812,0.23623384265069078,0.20649805212358355,0.2337080925126171,0.2137322137820387,0.23368764730652505,0.21005723129551002,0.23591153775056492,0.23875283886946527,0.2391394600399216,0.23921591879697465,0.23920402277936886,0.23930592372585832,0.2392814749639419,0.23927079004495938,0.23928869256372584,0.23925063849459327,0.23928784741033268,0.23932603508304334
0.22639011853049534,0.226156948238583,0.22619860919314966,0.22648283321342075,0.22642720382397702,0.2264580339099091,0.22622015323547792,0.226391045115655,0.22632398574637524,0.22649470159011922,0.22609855745894272,0.2102264875920221,0.2229681642914775,0.19210043104864105,0.22346482244807161,0.20139581615623228,0.21941733541110423,0.20505021327720147,0.22178106839740386,0.22573856544684728,0.22610000252413467,0.2221229436388367,0.20194385279562527,0.21586959290997307,0.2500000000000002,0.21155895400757346,0.19508691617679444,0.2077568436291137,0.21075371959978426,0.22437724861655658,0.22618035488278088,0.21634600872350548,0.1834900176911767,0.20875483429045313,0.2001126215924544,0.21705217918220132,0.1907968556230707,0.21899066795761157,0.2099402529721814,0.22610774738216705,0.2261771516902371,0.20491562926113185,0.2236564050987661,0.19314021857356725,0.22153332685972826,0.2017757863866994,0.2211310995063359,0.19796872657899214,0.22332769538160188,0.2259588570074724,0.22630797770431016,0.22638671997398474,0.22637844464520937,0.22647189784355726,0.2264490816726856,0.22643864842245692,0.2264555971083053,0.22641957766827484,0.22645493235226832,0.22649093065295373
0.23491329237683253,0.23467103079469573,0.23471468197209744,0.23500935986791902,0.23494361068771094,0.23498343409364472,0.2347267576503303,0.234914144047636,0.23484646744397744,0.23502167889781983,0.2346030547911847,0.21682781632256462,0.23191757296299256,0.1973332684490609,0.23200074106707802,0.207972886032528,0.22679262954488918,0.21232745752729532,0.2296133900893272,0.2342825399270817,0.23460173737879372,0.2310074208308344,0.20686704117732554,0.22546062866514488,0.21155895400757346,0.24999999999999997,0.19583002216033982,0.21603271191791174,0.2147803813346112,0.23306615290413132,0.23467094087807075,0.22378175060329353,0.19542055430223615,0.21639883340877444,0.2117180769692623,0.22446224909141727,0.20085877443028888,0.22665439146598282,0.2192128752516482,0.23460675872252867,0.23469130308286273,0.21412362747399502,0.23201204401714842,0.20409092162383202,0.22943509522981406,0.21003371259537967,0.22949685982475876,0.20645818284659662,0.23164503498007363,0.2344547283881156,0.23483583571260058,0.2349096279758116,0.23489739518517036,0.23499801268369103,0.2349741209915216,0.23496351145310632,0.2349811269623238,0.23494372267413807,0.23498025020353194,0.23501776200524746
0.21064943615261272,0.21043263438475676,0.21047617880716835,0.2107357648575324,0.21069270091716624,0.2107127689692222,0.21050080321024214,0.21065034716199604,0.21058409024669744,0.21074681124235273,0.21037953818914779,0.19605439030857416,0.20742104940983233,0.18133443866711269,0.20791109313874687,0.18702693679587348,0.2045062947720008,0.1887101234172325,0.20678042219929865,0.21002416771328034,0.21039254753982217,0.2067209289034265,0.19350827103029827,0.20374202114545364,0.19508691617679444,0.19583002216033982,0.25000000000000006,0.19054536887487933,0.19158047752187937,0.2086044980202474,0.21043503169934888,0.20224901298810727,0.16867722755075942,0.19717496294711037,0.18814335759453757,0.20277741427874793,0.17410480700579126,0.2030787355986755,0.194642009326013,0.21039524902453346,0.21045195543794984,0.18986315082380856,0.20849225127314538,0.17852025799624802,0.20644005444239757,0.1873750915894723,0.2056651494419243,0.18423336328048753,0.20778088200560854,0.21025146363371833,0.21057041148437552,0.210646333522115,0.21064004019900157,0.21072558896350785,0.2107042282957262,0.21069465135016438,0.21071019573167316,0.21067690652514062,0.21070981120225687,0.21074329838935532
0.2296558803047303,0.22941918321000138,0.22946400500281056,0.22974985323886588,0.22968825867367665,0.22972457284865277,0.22947914822417978,0.22965673865352457,0.22958780251644825,0.22976189924815912,0.22935201482667292,0.2121187005914384,0.22637551919695956,0.19326683169174053,0.22667171325706795,0.2040973877813305,0.2216845396421018,0.20633579371494054,0.22459519184867002,0.2290471521119408,0.22935306919058918,0.2254888345822629,0.20275756576668857,0.22037581643261572,0.2077568436291137,0.21603271191791174,0.19054536887487933,0.24999999999999992,0.20888385061290132,0.2278152317431828,0.2294337953333563,0.22016956434704346,0.19250077337762878,0.21337662877109964,0.2102597203269359,0.21928669206617593,0.1957436315623846,0.22126732194017668,0.21424198111040058,0.22936410538258112,0.22944003596174767,0.20935603085602822,0.22700682129490485,0.2001755376448825,0.22447278521597655,0.20519302090302258,0.22446692869909146,0.20176298048396546,0.22648624563091627,0.22921009994594052,0.22957969312817647,0.22965235239955303,0.22964099692264547,0.2297387590152764,0.22971532976013076,0.22970502992881336,0.22972220998741938,0.22968568403118278,0.2297214125377473,0.22975806634102144
0.22896359698210164,0.22872785011827992,0.22877770487975177,0.22905737901538795,0.2290041191455489,0.22903229046333523,0.22879873674425702,0.22896455698764567,0.22889704239060946,0.22906939058118442,0.22865899991465197,0.21218810183123613,0.22549808933292942,0.19561052240667928,0.225919905970017,0.20459034756254077,0.22138778291102681,0.20689551055472175,0.22406548629399678,0.2283078304675566,0.22868894449736066,0.22460984007829946,0.20655530675215597,0.22023419078277248,0.21075371959978426,0.2147803813346112,0.19158047752187937,0.20888385061290132,0.25,0.22690939414957265,0.22871623116133805,0.2191414103077485,0.1843243564313098,0.21213655598592918,0.2040267698008985,0.21965075492500488,0.19302719727233686,0.22102713174872196,0.2120099038386272,0.22866891363076644,0.22874498992179093,0.2069887794932094,0.22649223381390582,0.1951860201380824,0.22410352318218976,0.20388779848923455,0.22357090064637575,0.20072691219971955,0.2257933839219667,0.2285234567613585,0.22888178114100186,0.22896017084169562,0.2289516718804821,0.2290463168614783,0.22902286978063738,0.22901268947430467,0.2290295825409282,0.22899340185263523,0.22902906888436458,0.22906556594755056
0.24769172672793818,0.24743650870450457,0.24748609594766355,0.24779310447493913,0.24772621197477446,0.24776586287146543,0.24750383657291528,0.24769269768455576,0.24762215758144307,0.24780609750388974,0.24735998269121642,0.2289178744831613,0.24402159020428782,0.20935650305110723,0.24445062222740624,0.2208091679236999,0.2391522176418129,0.22437394980656283,0.24212719300862814,0.24700968340735277,0.24737439991761467,0.24289019108188845,0.21820416755106187,0.23732010326729186,0.22437724861655658,0.23306615290413132,0.2086044980202474,0.2278152317431828,0.22690939414957265,0.24999999999999997,0.24741202039764557,0.2352529513855861,0.2018356389222585,0.226745280589293,0.2217642500401247,0.23666318716822798,0.21151597613830364,0.23920454583766523,0.23093291601585272,0.2473669214390677,0.24745734338250489,0.2251566516306943,0.24459562557529377,0.21340309389591725,0.24198190768079011,0.2212122449442301,0.24186388538719344,0.21769911319429128,0.2442326933233757,0.24720969413164415,0.24760830426371166,0.2476879456973091,0.24767586823912904,0.24778113821863984,0.24775613718159328,0.24774476023702802,0.24776332138808996,0.2477238950167841,0.24776242402086268,0.2478019618354986
0.24946591086882589,0.24920888684402545,0.2492589103551095,0.24956802424248797,0.24950125811461554,0.24954060043611515,0.24927743830342045,0.24946689939196837,0.24939615863798079,0.24958111001913463,0.24913207787226593,0.2306307468485878,0.2457350239022585,0.21110546647601125,0.24618551782793535,0.22252080056837764,0.24088321102715898,0.22610136582470763,0.24387544761088903,0.24877534604182763,0.24914740246000483,0.24457689673069022,0.22001666739627204,0.23897269454565023,0.22618035488278088,0.23467094087807075,0.21043503169934888,0.2294337953333563,0.22871623116133805,0.24741202039764557,0.2499999999999999,0.23697873554475646,0.2031094521402757,0.22846819587045836,0.22307712125293394,0.23844879682272455,0.21290744982246504,0.24096190047760607,0.2324972269558412,0.249140889379692,0.24923043339686168,0.226731789687378,0.2463561334759766,0.2148008760853228,0.24373275022667928,0.2228041568030164,0.2435782593709709,0.21923204055022028,0.24598179749217264,0.24898147489446004,0.2493813966813304,0.24946211220127673,0.24945013920962616,0.24955597224945764,0.2495308755621518,0.2495193336960935,0.2495380281156211,0.2494983190231826,0.24953713451354229,0.24957694502440733
0.2372567029943569,0.2370122693272177,0.2370605613050546,0.23735382274716954,0.23729169199341768,0.23732774662138612,0.23707842998138215,0.2372576371821144,0.23718829525883423,0.23736626911397443,0.23693900314666377,0.21937892154590344,0.23374607350360702,0.20090074683587222,0.23424658666427928,0.21177218572160716,0.22945934235771592,0.21529110089728756,0.2320428726731223,0.23659811581693727,0.23695953889807275,0.232633252799596,0.20940285462329147,0.22733456495998097,0.21634600872350548,0.22378175060329353,0.20224901298810727,0.22016956434704346,0.2191414103077485,0.2352529513855861,0.23697873554475646,0.2499999999999999,0.1909072819778247,0.2172366902399203,0.2113133833055655,0.22740359160693463,0.2044451356574791,0.2298296351750548,0.2227450713149004,0.236942703620602,0.23702944854615166,0.21458379331815078,0.23428409951659998,0.20295984192423513,0.2319813014195038,0.21144101324604012,0.2318707342379021,0.2080449623804522,0.2340366704821807,0.23679614926377357,0.23717477769435924,0.2372530941700488,0.23724265777728026,0.2373423605019525,0.23731790066888148,0.237307515124185,0.23732520866697612,0.23728752893937408,0.23732447253419933,0.2373623068394831
0.20339609005100162,0.20318634875063657,0.20323343452939774,0.20347924827294048,0.20341882022900054,0.20345672604204892,0.20323789667044354,0.20339676352207434,0.20333186296246386,0.20348993154660755,0.20310963773177262,0.18675978715985767,0.20055996162368486,0.16898956303220136,0.20087938851073747,0.18098815500834922,0.19572996321493108,0.1838663519500773,0.19844221077522403,0.2028981995799054,0.2031553544250244,0.19995971601378357,0.1740247733186968,0.19542316697364429,0.1834900176911767,0.19542055430223615,0.16867722755075942,0.19250077337762878,0.1843243564313098,0.2018356389222585,0.2031094521402757,0.1909072819778247,0.24999999999999983,0.18236620543315257,0.18163945554774258,0.1928337155224822,0.1815412556614638,0.19562439529534686,0.19422493386757184,0.20308996840937396,0.20319425767721785,0.18400486226105336,0.20044127198710726,0.17331448324208373,0.19884089989172604,0.18062066144471478,0.19880327353041605,0.17935720824721185,0.20060254889112636,0.20298767400225776,0.20333038101696171,0.20339289316589704,0.20338206634853667,0.20346941955019446,0.2034471388398236,0.20343954720005492,0.2034545068513663,0.20342241335488553,0.20345392717555147,0.2034865191342844
