x1,x2,x3,x4,x5,x6,x7,x8,x9,x10,x11,x12,x13,x14,x15,x16,x17,x18,x19,x20,x21,x22,x23,x24,x25,x26,x27,x28,x29,x30,x31,x32,x33,x34,x35,x36,x37,x38,x39,x40,x41,x42,x43,x44,x45,x46,x47,x48,x49,x50,x51,x52,x53,x54,x55,x56,x57,x58,x59,x60
0.25000000000000006,0.24937625024294904,0.24757153095908407,0.24965290058874867,0.24878364386537535,0.24945237238837917,0.24824384057091575,0.24959904618826015,0.2483773974560503,0.24965616059520382,0.2480661225230055,0.21219649692928405,0.14769088777029746,0.2158596439019975,0.10183096069569594,0.22023845234210623,0.1194431730821469,0.23565648112013526,0.1348940313146856,0.24946111033111318,0.2472497549775097,0.167784628611618,0.1991956363076673,0.13529343290502754,0.19258335402450855,0.10911361121887181,0.2095202673357177,0.15559146577633323,0.20280348988590308,0.24914668129289214,0.2473021233785267,0.17153844473504096,0.21534286173023437,0.14250498081345336,0.21062853744539672,0.10717219383172834,0.21344251422955424,0.13636108318859316,0.2102877073601101,0.24842949212825036,0.2493630710256976,0.2249905645516449,0.12953528548457308,0.22506475628357187,0.10980521406591162,0.23014095672542711,0.11081646083128131,0.23198062761048577,0.130718195383841,0.24833731010212468,0.2495631089112335,0.24946427962469372,0.24848608781996523,0.2496425647780036,0.24858766399814858,0.24951592459775285,0.24747437279390141,0.2495993161945979,0.24860078702185354,0.2496551594387949
0.24937625024294904,0.2500000000000001,0.24763348602161214,0.24971571980460577,0.24884650667877908,0.24951521770036306,0.24830506125434607,0.24966186380621105,0.2484396828626058,0.24971898114094773,0.24812852039338476,0.21224785967172288,0.1476955457783375,0.21590552989008518,0.10184787953358877,0.22027693197582024,0.11947227985633843,0.23571704596119594,0.13492642572822877,0.2495238508945407,0.24731225628150252,0.16780172611244265,0.19925677657644997,0.1353183500986081,0.19264684332196078,0.10912308095470029,0.20958142684316294,0.15561626671164722,0.20286132298077877,0.24920922607146562,0.2473640193508384,0.171587101314276,0.21538528293740786,0.14254783750831648,0.21066829005144255,0.10720592724459306,0.213485023110346,0.1364030079288392,0.21033415125369204,0.24849196509793003,0.249425810511091,0.22504430923824828,0.12957302295556244,0.2251165039661391,0.10984160922492262,0.23019278323562914,0.11085470575345897,0.23204044945585456,0.13075409367837748,0.24839957127179801,0.24962590445063837,0.24952705201993117,0.24854834124273673,0.2497053817264337,0.2486501188551187,0.24957870508647406,0.24753656687086426,0.24966212126492984,0.2486631696114964,0.24971797929871578
0.24757153095908407,0.24763348602161214,0.25000000000000017,0.24790991023983885,0.2470481627441119,0.2477094750648463,0.24650739729438384,0.24785621356998486,0.24664343624208648,0.24791313760020592,0.24633055809255824,0.2106093899500041,0.14596734843370868,0.21448251671804378,0.1009879660657194,0.21896472801661693,0.11855053646785732,0.23400886593583758,0.13391498217098582,0.24771950236278464,0.2455200385172485,0.16667758962031537,0.1978091128900244,0.1342953184970439,0.19121587368209184,0.10832999446088624,0.20807135536360083,0.1545133415357566,0.20134710572154685,0.24740805867754453,0.24557666920560065,0.17028260947483392,0.21390835390261645,0.14143308687272033,0.20923326836458572,0.10633843493942449,0.21202280593058503,0.13534910803069772,0.20886342290334325,0.24669512880299085,0.24762216845506224,0.22343840895898998,0.1285937730879633,0.2235310865277116,0.10901396301551276,0.22857915129489986,0.1099913402502575,0.23036443357725153,0.1297748497713495,0.24660458950391073,0.24782072998011256,0.24772259485197748,0.24675393429246467,0.24789963619632366,0.246852867148031,0.24777388850064644,0.2457468157113413,0.24785669804740224,0.24686625514966307,0.24791214565615374
0.24965290058874867,0.24971571980460577,0.24790991023983885,0.25000000000000017,0.24912250699777663,0.24979169605384877,0.24858058167024888,0.2499384738684023,0.248715216449508,0.24999565419280623,0.24840492495837443,0.21250676994967813,0.14782944464105793,0.21616584469515693,0.10195984258620708,0.22054385415536973,0.11960976727017454,0.23597739545508922,0.13507007652877612,0.24980027838403054,0.24758650380255504,0.1679838453582932,0.19948992894881684,0.13545941527661315,0.19286855159403343,0.10925263814731699,0.20982229254023024,0.15578777385672385,0.20308229804021746,0.2494854042681567,0.2476380939143028,0.17177204028869825,0.21562567806693325,0.1427085522517838,0.21090192694294155,0.1073247784020715,0.21372281713176883,0.13654163757874588,0.21057243260356986,0.248767115428492,0.2497021124752083,0.22529580325947707,0.12971224221779237,0.22536907334555964,0.10995952157814606,0.23044897456320768,0.11096394456262404,0.23229567668497494,0.13089258867620338,0.2486746311962493,0.2499024706013302,0.24980351186157324,0.24882365144219007,0.2499820390084914,0.24892541876044746,0.24985521868513505,0.24781047483020244,0.24993873162801142,0.2489384766489547,0.24999465116586927
0.24878364386537535,0.24884650667877908,0.2470481627441119,0.24912250699777663,0.2500000000000002,0.24892186255496562,0.24771358838763297,0.2490687649294709,0.247845913716644,0.24912577260787921,0.24753768820549982,0.2116953263507357,0.14753809774713317,0.2154822069274428,0.10118995785316912,0.21982204544121015,0.11918626647922846,0.23515101677191133,0.13455807191637387,0.24893113800944947,0.2467244849731304,0.1674198601454916,0.1987739047008045,0.1349356267043523,0.19217020970533905,0.10887069306978688,0.209063077138078,0.1552724070070869,0.2023716179639431,0.2486174036327501,0.24677690213918355,0.17117117285233263,0.21489869094945288,0.1421754354772366,0.2102052224385083,0.10691985618105346,0.21300357433319278,0.13608383765614734,0.20984050312211552,0.2479020884574581,0.2488334350149228,0.22451294879482958,0.12925923886212712,0.2245915279711188,0.10957893969372336,0.22966352024042633,0.11060165914374703,0.23149495112468846,0.1304454033471469,0.24781032857101482,0.2490329182589758,0.24893429506779186,0.24795922030229822,0.249112201841465,0.24806022515350093,0.24898583697735058,0.24694947501101258,0.2490690454014264,0.24807340792297863,0.24912476920081597
0.24945237238837917,0.24951521770036306,0.2477094750648463,0.24979169605384877,0.24892186255496562,0.25000000000000017,0.24838058740762212,0.24973781958917046,0.2485151621490334,0.2497949584410583,0.24820464665327657,0.21231362008383786,0.14773089944784654,0.2159698022673576,0.10186764287168057,0.22035313458274128,0.11948978631710344,0.23578829703056628,0.13496106128348473,0.24959976036887038,0.24738730951366797,0.16783729663606325,0.19932723410536482,0.1353400438847262,0.19271705101189623,0.10913059191455361,0.20965399134073262,0.1556494552695954,0.2029262451591629,0.24928497777945993,0.24743907862368533,0.17163942038063648,0.2154462715268641,0.14258819267879874,0.21072775145282274,0.10723495566834175,0.2135466082213192,0.1364490045512459,0.2103952642052015,0.24856759490188132,0.2495017156366461,0.2251114332990305,0.12961452540108545,0.22518377364077988,0.10988213894967586,0.23026189448554568,0.11089707607150025,0.2321135632159316,0.13079522845939093,0.24847510089134148,0.249701852326735,0.24960297103217985,0.2486240425982242,0.24978135484095146,0.24872582949125152,0.24965463710125227,0.24761194435986186,0.24973808092244812,0.2487388535985936,0.2497939561159984
0.24824384057091575,0.24830506125434607,0.24650739729438384,0.24858058167024888,0.24771358838763297,0.24838058740762212,0.2500000000000002,0.24852684443516984,0.24734610688650702,0.2485838241137316,0.2470044881360499,0.2111562222179046,0.14690104614903696,0.21479484087544926,0.1014122647188717,0.2192228689837506,0.11826652400074558,0.23465999477540897,0.134094835616853,0.24838996771190816,0.24618076040382406,0.1670016228901936,0.19832852848039867,0.13463844175338016,0.19171319613125942,0.10832260328384888,0.20855455844546833,0.1548571338801605,0.20188749710921636,0.24807761817457671,0.2462403764529901,0.1707045194125372,0.2145733768286981,0.14165899817577476,0.20993456314920456,0.10647282834737148,0.21269455062918752,0.1357216553578144,0.2094398716013165,0.24736326224734728,0.2482924669276048,0.22405044425327833,0.12892253818865074,0.22415923850125988,0.10937286976063476,0.2292446968101689,0.11035636493900601,0.23103184526821594,0.1301127389330935,0.247273288389709,0.2484911480611377,0.2483927628700052,0.24742631185754452,0.24857028291002103,0.24752298798132127,0.2484441821583074,0.2464137304131624,0.24852723569716342,0.24753665140315784,0.24858282738893203
0.24959904618826015,0.24966186380621105,0.24785621356998486,0.2499384738684023,0.2490687649294709,0.24973781958917046,0.24852684443516984,0.25000000000000017,0.24866148714670666,0.2499417364768894,0.24835127773397322,0.21245770377941395,0.14779601404837087,0.21611522376713413,0.10193199365812598,0.22049410982640857,0.11957805319892328,0.23592668188620786,0.13503972218964955,0.24974640051380517,0.24753304953638283,0.16794116308452667,0.19944914790865356,0.13542507471122667,0.19283067228934625,0.10921882824818255,0.2097791679898257,0.1557487941203738,0.2030406196528096,0.24943155208843965,0.24758459104513486,0.17173626878017037,0.2155764859819639,0.1426771795776574,0.2108537929762297,0.10730122053080736,0.21367449567054594,0.13651594224795408,0.21052483044149561,0.24871348846404373,0.24964826861670883,0.22524624700978477,0.1296859657200932,0.22531919764232597,0.10993928045782511,0.23039824806141376,0.11094541017432943,0.2322467160548969,0.13086590690195157,0.2486209829424349,0.24984857300687194,0.2497496357082941,0.24876999257591337,0.24992812429395597,0.24887176525189594,0.24980133056212073,0.24775708662297136,0.24988482593427042,0.2488848049066799,0.24994073358348748
0.2483773974560503,0.2484396828626058,0.24664343624208648,0.248715216449508,0.247845913716644,0.2485151621490334,0.24734610688650702,0.24866148714670666,0.2500000000000001,0.24871847044693668,0.2471342217365019,0.21142680512223755,0.14707848158771897,0.2151360760671732,0.10141803604894938,0.21938760276965016,0.11884970387155017,0.23472871339142634,0.13418546414531435,0.24852461832692596,0.2463200947286961,0.16690687147476263,0.1985483566375306,0.13455577021387316,0.1919749594838235,0.10846426789923255,0.2088183636699524,0.1548577734801349,0.2020761941622063,0.24821011010698926,0.24637194340464616,0.1709141918797563,0.21447174951889475,0.14197935029967004,0.209772644794497,0.10678037009624024,0.21258539043022256,0.13589521075001598,0.20946309761607967,0.24749643777275274,0.24842651451481657,0.22412961387672553,0.12907557302746328,0.2241985430198399,0.10943466377991376,0.22925151282805498,0.11046112903743263,0.23111780824998845,0.13024766238765392,0.24740380500942136,0.24862576872607497,0.24852731346777376,0.24755184452946893,0.2487049279190696,0.24765381964936137,0.24857874913571612,0.24654494700566715,0.24866183654230808,0.24766659804265131,0.24871747344986908
0.24965616059520382,0.24971898114094773,0.24791313760020592,0.24999565419280623,0.24912577260787921,0.2497949584410583,0.2485838241137316,0.2499417364768894,0.24871847044693668,0.24999999999999997,0.24840817587172526,0.21251006449108753,0.14783055471542908,0.2161690542341935,0.10196157357640155,0.22054675266783397,0.11961189527493586,0.23598048662506427,0.13507185767751775,0.2498035379304155,0.24758974965563318,0.1679860122421586,0.1994927178789855,0.13546134741292493,0.19287117336172277,0.10925465619172564,0.20982512522305205,0.15578994285284872,0.2030848773951184,0.24948866181100135,0.24764132672695166,0.17177423956829124,0.21562848084709657,0.1427106565073943,0.21090461533210908,0.10732637014276215,0.21372556092751566,0.13654312633246712,0.21057528245566925,0.24877035732579444,0.24970536994181222,0.22529878683700638,0.129713855734198,0.2253720486508708,0.10996081213931902,0.23045194538420832,0.11096500701870671,0.2322986217617425,0.13089415916194638,0.2486778713127235,0.24990573220790588,0.2498067722437215,0.24882689154942866,0.24998530171715122,0.24892866045879986,0.24985847966213096,0.24781369847951032,0.24994199378793255,0.24894171805395574,0.2499979140531988
0.2480661225230055,0.24812852039338476,0.24633055809255824,0.24840492495837443,0.24753768820549982,0.24820464665327657,0.2470044881360499,0.24835127773397322,0.2471342217365019,0.24840817587172526,0.24999999999999997,0.21092952122222497,0.14719130303120795,0.21462510344377475,0.10115884189885845,0.21909564730122952,0.11868176615523124,0.23448741898615372,0.1342131372674793,0.2482143438010914,0.24600891403890923,0.1669645173551414,0.1981259805953871,0.13456795628672114,0.19158393448113056,0.10834115364299945,0.20843244200250857,0.1547634228380149,0.2018215405390231,0.24790065103777909,0.24606533988942084,0.17070104285940899,0.21426711302318682,0.14170191925334027,0.2095989673609332,0.10656494658167152,0.21238781875314847,0.135795837486931,0.2091938202578583,0.2471895070959313,0.24811716616909424,0.22384807483301905,0.12892057099904267,0.2239240959442823,0.10932091643851063,0.22900192199384925,0.11041900148590282,0.2308568030589595,0.13011819787112833,0.24709788459599355,0.2483156160207609,0.24821725799254069,0.2472467779739255,0.24839465299215027,0.24734776982266152,0.24826866967576428,0.24624136115592743,0.2483516139563585,0.24736094579973966,0.2484071792884212
0.21219649692928405,0.21224785967172288,0.2106093899500041,0.21250676994967813,0.2116953263507357,0.21231362008383786,0.2111562222179046,0.21245770377941395,0.21142680512223755,0.21251006449108753,0.21092952122222497,0.2500000000000002,0.11068983768576525,0.18852415505260345,0.08278172382447975,0.1918564453019694,0.09753601672123348,0.19982977852827735,0.11081119274386694,0.21233250440011198,0.21050710630738406,0.13117450952735651,0.17594099032932708,0.10855840477881604,0.17109843744130315,0.08622601627791378,0.18332252068571195,0.12748720788770662,0.17366653959125097,0.2120522571478922,0.2104192082728299,0.14581090178943823,0.18124161343913772,0.12117704359451804,0.17687875685945867,0.09041426158382285,0.18005803585245778,0.11671696944821698,0.17823016777557998,0.2114570438620351,0.21226172700635668,0.19109086714643952,0.11080343435508963,0.19120495802199028,0.09597392257148372,0.19537596421374506,0.09644566585756023,0.19824496043619927,0.11121618107681798,0.21134441568080353,0.21243012487814705,0.2123468446122524,0.21152230284305112,0.2124985187836785,0.21159729147308234,0.21238924355803068,0.2106363315181534,0.21246165534310382,0.21159311365223077,0.21250924538834812
0.14769088777029746,0.1476955457783375,0.14596734843370868,0.14782944464105793,0.14753809774713317,0.14773089944784654,0.14690104614903696,0.14779601404837087,0.14707848158771897,0.14783055471542908,0.14719130303120795,0.11068983768576525,0.2500000000000001,0.1141276604081717,0.06052440702896736,0.12150698123677503,0.07359079026809073,0.13924016862895866,0.08454448129542191,0.14773797086070414,0.14628318808966823,0.10765616205434402,0.10969209086301275,0.0897993971679359,0.10616433232863644,0.06803713555297322,0.11840042362134437,0.09725665151648212,0.11950586446227801,0.14754597614287884,0.14654286151187107,0.10263686391207245,0.12954533342433824,0.08397221862949626,0.1271608007460023,0.06412108318485234,0.12832813929683293,0.08256351122450496,0.12445710862276142,0.14715322259774422,0.1476665804416743,0.13323040060925986,0.07693191855274432,0.13314399220647935,0.06264983596461873,0.13678943887083297,0.06585194479938394,0.13689439433600192,0.07876964988915144,0.1471407604599635,0.14777725761603883,0.14771697234007072,0.14715303455360768,0.14782268109347615,0.14724737602952473,0.1477503253705339,0.14663822240582908,0.14779693631402638,0.14727767576096382,0.14782999833478735
0.2158596439019975,0.21590552989008518,0.21448251671804378,0.21616584469515693,0.2154822069274428,0.2159698022673576,0.21479484087544926,0.21611522376713413,0.2151360760671732,0.2161690542341935,0.21462510344377475,0.18852415505260345,0.1141276604081717,0.25000000000000033,0.06834027160016048,0.2037199541923451,0.09944553517016343,0.2030618739230358,0.1133235164548814,0.21599566752711347,0.21406762383096758,0.13829032109303954,0.17959033086996537,0.10230166339602002,0.17345585050828932,0.08501424876615274,0.18720176871315183,0.12763177281489688,0.17663998949318674,0.21570201529591576,0.21402958788952706,0.14776087303232258,0.18425362696418401,0.12221650249702297,0.1802840969647603,0.09086491326980715,0.18307637548202957,0.11826363912639411,0.1814771061679322,0.21509389371739582,0.21591703966439432,0.1945216523231381,0.11245038300669177,0.19488392608954805,0.0982064635756242,0.19910668850041197,0.09822643755177478,0.20184896355253917,0.11280347677056868,0.21497862004266485,0.21608740902073648,0.2160030243958009,0.21519304130640446,0.21615729003311593,0.21524519117086915,0.21604570283624577,0.2142571538870284,0.21611986022933033,0.21523849375214593,0.21616823369129656
0.10183096069569594,0.10184787953358877,0.1009879660657194,0.10195984258620708,0.10118995785316912,0.10186764287168057,0.1014122647188717,0.10193199365812598,0.10141803604894938,0.10196157357640155,0.10115884189885845,0.08278172382447975,0.06052440702896736,0.06834027160016048,0.2500000000000001,0.0726370366760856,0.05189023239031776,0.09576141996141806,0.058020716982616856,0.10190100118855994,0.10090110144404005,0.07536596702304539,0.07752945343010136,0.05555250239509241,0.07470873077921647,0.048752890015266004,0.08177839058456808,0.06979899761228878,0.07977685094387327,0.10180927183501046,0.10109827676874736,0.06806138995357372,0.09123284936398536,0.05834188098099277,0.08927413308780584,0.04368367347625089,0.09013208022520106,0.05038136803736432,0.08892284473196564,0.10141533959260551,0.10182705639520334,0.09324261143763886,0.05047061628611647,0.0938258351000902,0.04129007775313351,0.09550785524073864,0.038400948233222626,0.09357278872932369,0.05090219817842297,0.10143024735015925,0.1019229405071551,0.10188298448781177,0.10149930396492199,0.10195583878644733,0.1014802107220665,0.10190441432130748,0.10097823694197582,0.10193868516120742,0.10150247815987688,0.1019612250158113
0.22023845234210623,0.22027693197582024,0.21896472801661693,0.22054385415536973,0.21982204544121015,0.22035313458274128,0.2192228689837506,0.22049410982640857,0.21938760276965016,0.22054675266783397,0.21909564730122952,0.1918564453019694,0.12150698123677503,0.2037199541923451,0.0726370366760856,0.2500000000000003,0.09037310679907261,0.20758864855137474,0.11691474951090787,0.22037397051202065,0.2183058532323349,0.14006946160994455,0.18438195714385833,0.10901433637829831,0.17597539972780804,0.08078428197129527,0.1905735935425996,0.13034125793741058,0.18032036182761155,0.220065654326026,0.21839513864939367,0.1512886257609423,0.18793699294726787,0.12472053654781565,0.18396655168373535,0.09345236625739052,0.1864405977010203,0.12165248918782183,0.1846233944647669,0.21945896187051983,0.22028929639217812,0.19826002289486988,0.11514156308675313,0.19848135779027923,0.09910162180136957,0.202775032143378,0.10025382829311863,0.20545619078473376,0.11589713581342635,0.2193458877714424,0.22046417027009385,0.22037735372522227,0.21950795198173811,0.22053478890663095,0.21959944585514612,0.2204218970826542,0.21861100523014598,0.22049647913491968,0.21959802862881217,0.22054589052810947
0.1194431730821469,0.11947227985633843,0.11855053646785732,0.11960976727017454,0.11918626647922846,0.11948978631710344,0.11826652400074558,0.11957805319892328,0.11884970387155017,0.11961189527493586,0.11868176615523124,0.09753601672123348,0.07359079026809073,0.09944553517016343,0.05189023239031776,0.09037310679907261,0.25000000000000006,0.10587097784225559,0.06195670341298166,0.11950012085402768,0.11824572848910042,0.08643919006931505,0.08386098418541331,0.07038091655922621,0.07941138616710741,0.0654734213229313,0.09149446124013472,0.07865718614356094,0.0908739157557304,0.11949584845059828,0.11868964925909559,0.07639705355544238,0.11210836960365343,0.064353923065147,0.11032005956708922,0.04699110519805545,0.11056597096100124,0.05348784317749158,0.10766299089934829,0.11894261160704847,0.11944660228069057,0.11091623863424219,0.056436885598604075,0.11213798308520274,0.045790472563303895,0.11423102578839227,0.03917037617436877,0.10928658184275805,0.05700812469012219,0.11902424018732671,0.11956572162965814,0.11951939924529266,0.11916875562170112,0.11960491174500218,0.11904314260179917,0.11954486333034041,0.1184034477979796,0.11958540715690084,0.11909135822493372,0.11961148140292666
0.23565648112013526,0.23571704596119594,0.23400886593583758,0.23597739545508922,0.23515101677191133,0.23578829703056628,0.23465999477540897,0.23592668188620786,0.23472871339142634,0.23598048662506427,0.23448741898615372,0.19982977852827735,0.13924016862895866,0.2030618739230358,0.09576141996141806,0.20758864855137474,0.10587097784225559,0.24999999999999994,0.12148402062690555,0.23588656754190412,0.23363311880609927,0.15869342102103573,0.1877097307804171,0.12833242092439673,0.1818697609444565,0.10099058705349745,0.1995574819395406,0.14240407147909204,0.19159526709186717,0.23551340074643543,0.23377909535852487,0.16061390131474126,0.20662169717081116,0.1323887907322064,0.20170218369565363,0.09910689644499804,0.20347627315729616,0.1268116017575544,0.19946577925756837,0.23480528595157685,0.23569937207367517,0.21313299654558276,0.12154579698184638,0.21322232965277946,0.10293981973454198,0.21795827024748915,0.10279725388070333,0.21912533802004136,0.12261044565865752,0.234730521559786,0.23589213378235446,0.23579902049993948,0.2348877695067518,0.23596754139853846,0.23495800775281164,0.23584771395808943,0.2338856689638865,0.23592685122841636,0.23497553397320692,0.2359795335861459
0.1348940313146856,0.13492642572822877,0.13391498217098582,0.13507007652877612,0.13455807191637387,0.13496106128348473,0.134094835616853,0.13503972218964955,0.13418546414531435,0.13507185767751775,0.1342131372674793,0.11081119274386694,0.08454448129542191,0.1133235164548814,0.058020716982616856,0.11691474951090787,0.06195670341298166,0.12148402062690555,0.24999999999999967,0.13489895598666346,0.1336103082770533,0.09615748735612,0.09973932286799993,0.07991827983746731,0.09686917320613384,0.060266483688258085,0.10914199177756549,0.0814303618296997,0.10898771533994359,0.13482597113639153,0.13392021738297263,0.09277034988620196,0.11918192725250333,0.07598005747429702,0.11639428975399475,0.057877305610728104,0.11808990442839815,0.07377851192762229,0.11456844525153603,0.13443752060057743,0.13491709247359185,0.12212768030678917,0.06966368924304947,0.12210707243108021,0.05634076780849749,0.1252786993144438,0.05818259875949746,0.12478727651200013,0.07121130440761288,0.13443852665400838,0.1350229059775963,0.1349679772564304,0.13445366847366727,0.13506457178028178,0.134522377198533,0.13499851070716334,0.133949949729309,0.135041195220259,0.13455487656266216,0.13507132827245574
0.24946111033111318,0.2495238508945407,0.24771950236278464,0.24980027838403054,0.24893113800944947,0.24959976036887038,0.24838996771190816,0.24974640051380517,0.24852461832692596,0.2498035379304155,0.2482143438010914,0.21233250440011198,0.14773797086070414,0.21599566752711347,0.10190100118855994,0.22037397051202065,0.11950012085402768,0.23588656754190412,0.13489895598666346,0.2500000000000001,0.24739623695771185,0.16785682206026944,0.19933526900455986,0.13534023554892502,0.19271653798198476,0.10915301992071923,0.20966035994548857,0.15566707064293397,0.20292428443449576,0.24929376666071393,0.24744795021692143,0.1716362526218502,0.21546747547439296,0.1425943933209638,0.21074812829590836,0.10723779326567777,0.21356572314436909,0.13643103064651488,0.2104147896138661,0.24857593824389349,0.24951022198191544,0.22512478361364513,0.12960870672102645,0.22519966049760481,0.10987087902602778,0.23027618970455302,0.11087199967964068,0.2321169521423714,0.1307889782257955,0.24848363806405172,0.24971042542953167,0.2496115428730134,0.24863263577056402,0.2497899329393924,0.24873417043651314,0.24966321131563152,0.247620039810165,0.24974665967552606,0.2487472591639693,0.24980253569189084
0.2472497549775097,0.24731225628150252,0.2455200385172485,0.24758650380255504,0.2467244849731304,0.24738730951366797,0.24618076040382406,0.24753304953638283,0.2463200947286961,0.24758974965563318,0.24600891403890923,0.21050710630738406,0.14628318808966823,0.21406762383096758,0.10090110144404005,0.2183058532323349,0.11824572848910042,0.23363311880609927,0.1336103082770533,0.24739623695771185,0.25000000000000017,0.1656009823553424,0.1978778020009301,0.13357644633485408,0.1913476858822283,0.10757889896422154,0.20798539538572305,0.15395256902943086,0.20128071810279566,0.2470815071366992,0.24525083430721084,0.17024547162532563,0.2133693118063275,0.14133199477993133,0.20869460974540305,0.10631350380334564,0.21153015316002494,0.13554187222247596,0.20838729675974654,0.24637593910927655,0.24729997256053932,0.223055426380403,0.1285954707334028,0.22311284221774855,0.10908409933475849,0.22816899856236691,0.11027716421109451,0.230127383334234,0.1297760717367833,0.24628227562437618,0.24749751398959824,0.2473994720343918,0.24642929469394087,0.2475762802074336,0.24653307927423038,0.24745068774978377,0.24543185074727597,0.24753336283957877,0.24654540426250993,0.247588757102998
0.167784628611618,0.16780172611244265,0.16667758962031537,0.1679838453582932,0.1674198601454916,0.16783729663606325,0.1670016228901936,0.16794116308452667,0.16690687147476263,0.1679860122421586,0.1669645173551414,0.13117450952735651,0.10765616205434402,0.13829032109303954,0.07536596702304539,0.14006946160994455,0.08643919006931505,0.15869342102103573,0.09615748735612,0.16785682206026944,0.1656009823553424,0.2500000000000003,0.11758827156883908,0.09488031299302824,0.12125877919824941,0.0768344520659413,0.13457667180652372,0.11119750494766709,0.135244881797995,0.16767202876768475,0.16652417727082322,0.11591141234272082,0.14721986416201568,0.09505400933294286,0.14479651510735386,0.07242781248953907,0.14661869554361467,0.09232562900870386,0.1422142142109766,0.16719868848906436,0.16779460695319548,0.15170350696416887,0.08678111736274344,0.1518499308472398,0.07067279977347894,0.15577214234314643,0.07312144895921831,0.15536835238375882,0.08873437446965433,0.16719204927749592,0.16792503301055742,0.16785688079852515,0.16721979964034991,0.16797699329242455,0.1673059177397808,0.16789447672132193,0.166594959648148,0.16794788957423135,0.1673420839282985,0.16798539021177586
0.1991956363076673,0.19925677657644997,0.1978091128900244,0.19948992894881684,0.1987739047008045,0.19932723410536482,0.19832852848039867,0.19944914790865356,0.1985483566375306,0.1994927178789855,0.1981259805953871,0.17594099032932708,0.10969209086301275,0.17959033086996537,0.07752945343010136,0.18438195714385833,0.08386098418541331,0.1877097307804171,0.09973932286799993,0.19933526900455986,0.1978778020009301,0.11758827156883908,0.2500000000000001,0.08516193578174339,0.16761947488178514,0.07284291063379207,0.17797502181993938,0.1124192415192764,0.16603397995684097,0.19901281502883372,0.19745255909274595,0.13916279904067372,0.16601494958427102,0.11378677859092277,0.16329480724828765,0.08508532195124373,0.1669001139657447,0.11488819598435529,0.16466633070489775,0.19855679284514213,0.1992756934715328,0.17797026446013242,0.10649086511113796,0.17790261998860474,0.09302471234409306,0.1822578892452635,0.0969425851209788,0.1873289257020223,0.10692014029035488,0.19841376121394513,0.19941854622057012,0.19933969303778065,0.19856626885264075,0.19948206789755105,0.1986905306732653,0.19937973019768318,0.19784143620142625,0.19944700328567921,0.19867880107460603,0.19949189662293493
0.13529343290502754,0.1353183500986081,0.1342953184970439,0.13545941527661315,0.1349356267043523,0.1353400438847262,0.13463844175338016,0.13542507471122667,0.13455577021387316,0.13546134741292493,0.13456795628672114,0.10855840477881604,0.0897993971679359,0.10230166339602002,0.05555250239509241,0.10901433637829831,0.07038091655922621,0.12833242092439673,0.07991827983746731,0.13534023554892502,0.13357644633485408,0.09488031299302824,0.08516193578174339,0.25,0.07877707623917811,0.0561367065724798,0.10624996218412988,0.08919946901540456,0.11017730204567552,0.13517137707479976,0.13424582263591386,0.09549341560721038,0.11625277436522019,0.07888896646673248,0.11307885064946237,0.06083076910800128,0.11524832829444215,0.07751246967240634,0.11236205119392514,0.13484039165718548,0.13530850293661695,0.12133809497018419,0.07188123049253546,0.12021069675059214,0.058072239691733314,0.12336598135485291,0.06205655627635442,0.12516092413396748,0.07335295405303918,0.1347877099680405,0.13541303318149164,0.1353574341188766,0.13473099646515477,0.13545427678098387,0.13489552833585583,0.1353879737999434,0.13435932620918234,0.13543032786775663,0.13491125755343572,0.13546085563917384
0.19258335402450855,0.19264684332196078,0.19121587368209184,0.19286855159403343,0.19217020970533905,0.19271705101189623,0.19171319613125942,0.19283067228934625,0.1919749594838235,0.19287117336172277,0.19158393448113056,0.17109843744130315,0.10616433232863644,0.17345585050828932,0.07470873077921647,0.17597539972780804,0.07941138616710741,0.1818697609444565,0.09686917320613384,0.19271653798198476,0.1913476858822283,0.12125877919824941,0.16761947488178514,0.07877707623917811,0.25,0.052709207380917694,0.17428227786815803,0.10885423935516365,0.16054733314735223,0.19240440728719366,0.19089541123167314,0.13368838375616518,0.1625818815095246,0.10969612876231255,0.1551783482650476,0.08285835740182407,0.160686320347373,0.11204682267577218,0.15860389207941183,0.19197461304157168,0.19266070306400127,0.17208474077407282,0.10312992267669814,0.17121480494344765,0.08868789803368515,0.1756482050784986,0.09384357644992104,0.18072919603825408,0.1041900187577434,0.19183406344733978,0.19280004958045158,0.19272321676067858,0.19193190975720825,0.19286090331279063,0.1920874694299482,0.1927627398538787,0.19127785667364955,0.19282692369565635,0.19208264972437142,0.19287036309765077
0.10911361121887181,0.10912308095470029,0.10832999446088624,0.10925263814731699,0.10887069306978688,0.10913059191455361,0.10832260328384888,0.10921882824818255,0.10846426789923255,0.10925465619172564,0.10834115364299945,0.08622601627791378,0.06803713555297322,0.08501424876615274,0.048752890015266004,0.08078428197129527,0.0654734213229313,0.10099058705349745,0.060266483688258085,0.10915301992071923,0.10757889896422154,0.0768344520659413,0.07284291063379207,0.0561367065724798,0.052709207380917694,0.24999999999999986,0.06953603175140985,0.0660750532700274,0.08783699827503147,0.10903498751691196,0.10833824946134359,0.07566512824128988,0.09514834021198368,0.06374557204751483,0.09208334571157101,0.0496969137886291,0.09231176023172558,0.05787344678918729,0.09227966851719956,0.10867599986283276,0.10910971687727343,0.09905089037591211,0.05618951997609805,0.09831926674760917,0.04540219002481444,0.09972043984623141,0.04456391406032458,0.09967488289615639,0.05675697811860872,0.10864615244851585,0.10921451147430505,0.10917074088891716,0.10860484466200601,0.10924880067998068,0.10870900877517703,0.1091942370775923,0.10821976167407818,0.10922981296479382,0.10871639709497005,0.10925433241311973
0.2095202673357177,0.20958142684316294,0.20807135536360083,0.20982229254023024,0.209063077138078,0.20965399134073262,0.20855455844546833,0.2097791679898257,0.2088183636699524,0.20982512522305205,0.20843244200250857,0.18332252068571195,0.11840042362134437,0.18720176871315183,0.08177839058456808,0.1905735935425996,0.09149446124013472,0.1995574819395406,0.10914199177756549,0.20966035994548857,0.20798539538572305,0.13457667180652372,0.17797502181993938,0.10624996218412988,0.17428227786815803,0.06953603175140985,0.2499999999999996,0.11581191231351236,0.1736133388791112,0.20934782118901854,0.20770927500703498,0.14609563592421826,0.17788286721921603,0.12240967857924231,0.17457596975656417,0.0889460574223408,0.17445058840631542,0.11930931506834495,0.17349588219994677,0.2088789821496771,0.20960324446638545,0.18690325418090592,0.11198092918848329,0.18635729093983167,0.09461330213202783,0.19197840376662323,0.10035777779067458,0.19691309421057276,0.1127703652542949,0.2087342934781611,0.20974799942127384,0.20966414572891434,0.2088609860429561,0.209813971066011,0.2090050477859331,0.20970769848744883,0.208133792886491,0.20977707120612232,0.2090058964599513,0.2098242638301108
0.15559146577633323,0.15561626671164722,0.1545133415357566,0.15578777385672385,0.1552724070070869,0.1556494552695954,0.1548571338801605,0.1557487941203738,0.1548577734801349,0.15578994285284872,0.1547634228380149,0.12748720788770662,0.09725665151648212,0.12763177281489688,0.06979899761228878,0.13034125793741058,0.07865718614356094,0.14240407147909204,0.0814303618296997,0.15566707064293397,0.15395256902943086,0.11119750494766709,0.1124192415192764,0.08919946901540456,0.10885423935516365,0.0660750532700274,0.11581191231351236,0.24999999999999986,0.10921761269036527,0.15555578181853502,0.15459882954179138,0.10497332815777441,0.14265903376677214,0.08641793119169874,0.1399136188793199,0.06560223598535696,0.1380195673376134,0.08156356148129434,0.13470011317212893,0.1550460388494996,0.1556056950591102,0.1421681957365963,0.0784682480192749,0.1426612048709264,0.061316521462056246,0.14624456060766844,0.061979133841482674,0.14296489714265975,0.0806549341881532,0.15511359849383818,0.1557337095589182,0.15566994490227007,0.1551256976040449,0.1557814522344899,0.15515489008780575,0.15570667896284512,0.1544786955661398,0.15575486875667746,0.15521646782698217,0.1557893768777794
0.20280348988590308,0.20286132298077877,0.20134710572154685,0.20308229804021746,0.2023716179639431,0.2029262451591629,0.20188749710921636,0.2030406196528096,0.2020761941622063,0.2030848773951184,0.2018215405390231,0.17366653959125097,0.11950586446227801,0.17663998949318674,0.07977685094387327,0.18032036182761155,0.0908739157557304,0.19159526709186717,0.10898771533994359,0.20292428443449576,0.20128071810279566,0.135244881797995,0.16603397995684097,0.11017730204567552,0.16054733314735223,0.08783699827503147,0.1736133388791112,0.10921761269036527,0.24999999999999947,0.20258918524391148,0.20096539552347356,0.14161571024604921,0.1713139875212292,0.1156779082253216,0.1674845592536544,0.0862121307932841,0.1701519960380377,0.11148418866871304,0.16504976874611502,0.20206863320478644,0.202843234568036,0.18115259381278673,0.10641057943020328,0.18080381321819444,0.09293041162490187,0.18519411563080884,0.09186380388356924,0.1884422375849236,0.10578465837293702,0.2018983478707309,0.20300748417653652,0.20292887550526156,0.20205950433867037,0.20307372046527417,0.2021653807624017,0.20296740004715566,0.2012190025841652,0.2030384409477079,0.20213612148428897,0.20308404076828712
0.24914668129289214,0.24920922607146562,0.24740805867754453,0.2494854042681567,0.2486174036327501,0.24928497777945993,0.24807761817457671,0.24943155208843965,0.24821011010698926,0.24948866181100135,0.24790065103777909,0.2120522571478922,0.14754597614287884,0.21570201529591576,0.10180927183501046,0.220065654326026,0.11949584845059828,0.23551340074643543,0.13482597113639153,0.24929376666071393,0.2470815071366992,0.16767202876768475,0.19901281502883372,0.13517137707479976,0.19240440728719366,0.10903498751691196,0.20934782118901854,0.15555578181853502,0.20258918524391148,0.24999999999999983,0.24713715042550077,0.17138610106604835,0.21525100344572048,0.14238848194720366,0.210534839421763,0.10708295246914902,0.21334202641794797,0.13619402765879482,0.2101882295802918,0.24826214174430253,0.2491955503227415,0.22485938670484465,0.12941435542883659,0.22494118664095655,0.10968504643354754,0.23000777957924173,0.11064729837593237,0.23181098816971457,0.13059460628652816,0.24817069565305247,0.24939566021081933,0.24929690546567293,0.2483196598139485,0.2494750714290852,0.24842021623504873,0.24934851727369856,0.24730693653252414,0.2494318594241468,0.2484335680537875,0.24948766126615463
0.2473021233785267,0.2473640193508384,0.24557666920560065,0.2476380939143028,0.24677690213918355,0.24743907862368533,0.2462403764529901,0.24758459104513486,0.24637194340464616,0.24764132672695166,0.24606533988942084,0.2104192082728299,0.14654286151187107,0.21402958788952706,0.10109827676874736,0.21839513864939367,0.11868964925909559,0.23377909535852487,0.13392021738297263,0.24744795021692143,0.24525083430721084,0.16652417727082322,0.19745255909274595,0.13424582263591386,0.19089541123167314,0.10833824946134359,0.20770927500703498,0.15459882954179138,0.20096539552347356,0.24713715042550077,0.24999999999999972,0.16948660125535678,0.2137777003755557,0.1412604897330347,0.20898824745058017,0.10622126088283657,0.21172975355303786,0.13498398015091564,0.20868711358606917,0.2464206206070974,0.2473495524146152,0.2232235717625269,0.12839070327795085,0.2232925195412443,0.10889058083488405,0.22829044542319435,0.10967725970683348,0.23007337343208478,0.1295282022946912,0.24632888400965364,0.24754893438451497,0.2474509857765981,0.24647904108586954,0.2476278276907954,0.24657709891670587,0.24750211487622367,0.24546905233614003,0.24758494892719826,0.24658968394444797,0.24764033415228076
0.17153844473504096,0.171587101314276,0.17028260947483392,0.17177204028869825,0.17117117285233263,0.17163942038063648,0.1707045194125372,0.17173626878017037,0.1709141918797563,0.17177423956829124,0.17070104285940899,0.14581090178943823,0.10263686391207245,0.14776087303232258,0.06806138995357372,0.1512886257609423,0.07639705355544238,0.16061390131474126,0.09277034988620196,0.1716362526218502,0.17024547162532563,0.11591141234272082,0.13916279904067372,0.09549341560721038,0.13368838375616518,0.07566512824128988,0.14609563592421826,0.10497332815777441,0.14161571024604921,0.17138610106604835,0.16948660125535678,0.24999999999999983,0.137706688528065,0.098332386187517,0.13844148344659257,0.07683201555659758,0.14137425080686847,0.09915963797460117,0.14057838489375787,0.17099040164789378,0.17159647235856312,0.14804818554315557,0.09493329737190029,0.15065750302322797,0.07880879385914398,0.15467270594557572,0.08403815284787407,0.16052706088951904,0.0935128786096574,0.1708506831724427,0.1717119689627433,0.1716426683751201,0.1708493109926385,0.1717653066500296,0.17107450093385942,0.17167848999922053,0.1703965229019048,0.17173456624031824,0.17105325385657255,0.171773539630921
0.21534286173023437,0.21538528293740786,0.21390835390261645,0.21562567806693325,0.21489869094945288,0.2154462715268641,0.2145733768286981,0.2155764859819639,0.21447174951889475,0.21562848084709657,0.21426711302318682,0.18124161343913772,0.12954533342433824,0.18425362696418401,0.09123284936398536,0.18793699294726787,0.11210836960365343,0.20662169717081116,0.11918192725250333,0.21546747547439296,0.2133693118063275,0.14721986416201568,0.16601494958427102,0.11625277436522019,0.1625818815095246,0.09514834021198368,0.17788286721921603,0.14265903376677214,0.1713139875212292,0.21525100344572048,0.2137777003755557,0.137706688528065,0.2499999999999999,0.10872443482355167,0.1945600374759034,0.08315285465751081,0.19234826165503166,0.10763616710203303,0.1864080273269116,0.21447747632351713,0.21535538572110363,0.19774809752488698,0.10699468281465455,0.19914742219702702,0.09358291415585254,0.20293122344954384,0.08762988458270823,0.19984221180884887,0.10797010051357266,0.21447475540890426,0.21554497216139165,0.21546231071286612,0.21477528163514148,0.21561621522778326,0.21466864889472814,0.21550436312421628,0.2135903330938896,0.21557999272305903,0.21468595350160816,0.21562763953573488
