x1,x2,x3,x4,x5,x6,x7,x8,x9,x10,x11,x12,x13,x14,x15,x16,x17,x18,x19,x20,x21,x22,x23,x24,x25,x26,x27,x28,x29,x30,x31,x32,x33,x34,x35,x36,x37,x38,x39,x40,x41,x42,x43,x44,x45,x46,x47,x48,x49,x50,x51,x52,x53,x54,x55,x56,x57,x58,x59,x60
0.25000000000000006,0.24986949669403152,0.24975115206386336,0.24986788120572584,0.24990900530912225,0.24988706355045257,0.24993508185247285,0.24992397079379408,0.24984740574469594,0.24991959194296415,0.24994174757548113,0.2433793178599936,0.24634115743987933,0.23839807384829856,0.2455050842962914,0.2302749120582568,0.2434987249328553,0.23731462435111256,0.24904138367936035,0.2499056399917238,0.2498699810784151,0.24788708329556886,0.24645288574864327,0.2472792327173874,0.24751724378144493,0.24534282266594487,0.24798283269750046,0.24750595906024078,0.24910802636466328,0.24975276004598498,0.24990700318193163,0.2479725334097355,0.24632227797433665,0.24783722407200873,0.2475000915466169,0.2451968909956871,0.24828671899751198,0.24749635285593252,0.24926370274369297,0.24972877052863474,0.24994200549843243,0.2431243898546949,0.24671924878107931,0.23852460509001658,0.24591629683962107,0.2315205775309741,0.24279893033064148,0.23694092661423777,0.24894776705635685,0.2499295394596503,0.24989972660395712,0.249897993034776,0.24980033667219234,0.24989593467086013,0.24990079417473857,0.2498559720560657,0.24986035663096176,0.24993328475158455,0.2498272109810875,0.24992565885768447
0.24986949669403152,0.25000000000000006,0.24971841109621057,0.24983594641716214,0.24987707666800502,0.24985515060525024,0.24990316312694072,0.24989205341703039,0.24981549808457018,0.24988767512451263,0.24990982782447943,0.2433482160886006,0.24630952379530519,0.23836757332140912,0.24547374306987774,0.23024546750288827,0.24346762609686023,0.2372843102165232,0.24900957867705203,0.24987372496609042,0.2498380706189698,0.24785542505307806,0.2464214100527937,0.2472476466402219,0.24748563178035454,0.24531147821373356,0.24795116195265163,0.24747434901155682,0.2490762129284626,0.24972086454315595,0.24987508797825614,0.2479408652625916,0.24629082009415507,0.24780557319112936,0.2474684840139877,0.24516557700107344,0.2482550106035969,0.2474647448933935,0.24923186982008477,0.2496968780786498,0.249910085816665,0.2430933408201424,0.24668774043572944,0.23849414251791162,0.245884890538538,0.23149100825611366,0.24276792197422206,0.2369106661459357,0.2489159742081625,0.24989762136967344,0.24986781232086314,0.24986607897355262,0.24976843507669164,0.249864020872506,0.24986887975211647,0.24982406336126825,0.24982844738074148,0.24990136618331382,0.2497953059588205,0.24989374126330408
0.24975115206386336,0.24971841109621057,0.25,0.24971709090525224,0.24975943766919098,0.2497360354913972,0.24978402858795418,0.24977292294533202,0.24969640464665757,0.24976854670208842,0.24979068748855499,0.24323213130131804,0.24619029976389764,0.23825346380338017,0.245356410176228,0.2301352315869288,0.24335150176757836,0.2371711083557332,0.24889085961522178,0.24975460340982064,0.24971896634849008,0.2477373270415101,0.24630393840414833,0.24712980104244328,0.24736764927305718,0.24519443706353194,0.247832959813765,0.24735636114804613,0.24895747147268216,0.24960181567085002,0.24975596566984298,0.2478226627372281,0.24617339335664748,0.24768742720875409,0.24735050195706335,0.2450486791277261,0.24813665124713363,0.24734675953972113,0.24911305189664817,0.24957784063775207,0.24979094669721594,0.24297744853113398,0.24657013077509923,0.23838042579074184,0.24576765781990467,0.2313806166532048,0.24265217260844477,0.23679771122513701,0.24879730750254553,0.24977848820631784,0.24974869335870925,0.249746960847193,0.24964936339303906,0.24974490372731004,0.24974976016363737,0.24970496526503547,0.24970934714063173,0.24978223123454504,0.24967622158460176,0.24977460994954792
0.24986788120572584,0.24983594641716214,0.24971709090525224,0.25000000000000006,0.2498756387534427,0.2498537060650071,0.24990171821302046,0.24989060857838877,0.24981405373333435,0.24988623031072638,0.24990838289869446,0.24334681751748347,0.2463081240004705,0.23836621114235046,0.24547230859210792,0.23024414322425885,0.24346621787216796,0.23728293991896512,0.24900813887533507,0.24987228023249963,0.24983662609225307,0.24785399398241761,0.24641998622313122,0.2472462209027009,0.24748420189300077,0.24531006367539876,0.2479497290628687,0.24747291866228294,0.249074772945218,0.24971942068929898,0.24987364323633102,0.2479394316415243,0.2462893959962064,0.24780414015678157,0.24746705285288798,0.24516415912977393,0.24825357504922288,0.24746331410907477,0.24923042867077091,0.24969543436914224,0.24990864087344605,0.2430919352277738,0.24668631407928904,0.238492763601963,0.24588346894185156,0.2314896701141578,0.24276651842356634,0.23690929663641896,0.24891453504829114,0.2498961764989954,0.2498663676225432,0.24986463428523845,0.24976699095332972,0.24986257619609217,0.24986743504634606,0.24982261891588683,0.24982700290624177,0.24989992129097394,0.24979386168029008,0.24989229641505042
0.24990900530912225,0.24987707666800502,0.24975943766919098,0.2498756387534427,0.25000000000000006,0.24989481407644454,0.24994283573688394,0.24993172352522638,0.24985515383540424,0.2499273445810056,0.24994950192096416,0.2433865870738854,0.24635356200914177,0.2384052472082118,0.2455138882108549,0.23028211837093668,0.24350637775223816,0.2373219655561355,0.24904912049373845,0.24991339209470742,0.24987773186904683,0.24789465422651222,0.24646048520245503,0.2472867477366335,0.24752487724843716,0.24535035468000818,0.24799049218939603,0.2475136218208012,0.24911574751533383,0.24976050772241867,0.24991475540705624,0.2479802300878436,0.24632993131571634,0.24784493171149438,0.24750779074210633,0.24520452828057648,0.24829443645526425,0.24750403713371896,0.24927144334701468,0.24973651717958265,0.24994975883536066,0.2431319365328931,0.24672690861921404,0.2385320156545846,0.2459239297703256,0.231527765520661,0.2428064670152752,0.23694827139261426,0.24895548877754545,0.2499372923774219,0.24990747860251433,0.24990574497453397,0.249808085629893,0.24990368654671635,0.24990854634537327,0.24986372269199503,0.24986810762583223,0.24994103778611976,0.24983496068858455,0.2499334116556606
0.24988706355045257,0.24985515060525024,0.2497360354913972,0.2498537060650071,0.24989481407644454,0.25000000000000017,0.24992092265814161,0.2499098122212137,0.24983325144283205,0.24990543361929582,0.2499275879783409,0.24336551823852162,0.24632716613258412,0.23838454717140395,0.24549119863755817,0.23026185877072877,0.24348493131084661,0.23730117815246818,0.24902727523944995,0.24989148245805481,0.24985582556243957,0.2478730369502468,0.24643892245093055,0.24726521834159337,0.24750322006028613,0.24532891854800928,0.24796878303553724,0.24749193678570958,0.24909391381828117,0.24973861117991702,0.24989284557218633,0.24795848549081737,0.24630832362096777,0.24782318413371168,0.24748607079898946,0.24518300083007394,0.24827265347808802,0.24748233184048554,0.2492495817670308,0.24971462301358363,0.2499278459048586,0.24311061659243838,0.24670527185677202,0.2385110923738802,0.24590236526378534,0.23150746126566213,0.24278517533637944,0.23692750322564662,0.24893366374453682,0.24991538057155763,0.2498855694048449,0.2498838359338508,0.2497861851036084,0.24988177768654304,0.24988663691752463,0.24984181733568478,0.24984620166780164,0.24991912565132995,0.2498130578891799,0.24991150018944833
0.24993508185247285,0.24990316312694072,0.24978402858795418,0.24990171821302046,0.24994283573688394,0.24992092265814161,0.2500000000000002,0.24995783505019187,0.2498812570889465,0.24995345566426003,0.24997561431954252,0.24341255483564592,0.2463761122911628,0.23842999066344614,0.24554219683781447,0.23030535576051273,0.24353146821690785,0.2373466708578963,0.24907515544542463,0.2499395023866846,0.24990383768614832,0.24792073108872553,0.2464862337289607,0.24731264609604064,0.24755073693174173,0.24537585652005578,0.2480164062127073,0.2475394677344679,0.24914177489094907,0.2497866014307973,0.24994086534053056,0.24800613546518793,0.24635565650777774,0.2478708116986105,0.24753364170513056,0.24523011751085316,0.248320361887889,0.24752987970794596,0.2492974826002146,0.24976260838153905,0.24997587223462472,0.24315733378876117,0.2467526756464,0.23855691034163892,0.24594960630272836,0.23155191298025582,0.24283181368208726,0.23697301208089655,0.24898149653383644,0.24996340449866034,0.24993358759510736,0.24993185379953792,0.2498341841039007,0.2499297951566921,0.24993465526538614,0.24988982712696228,0.24989421239390738,0.2499671502983098,0.24986106214382603,0.24995952337111413
0.24992397079379408,0.24989205341703039,0.24977292294533202,0.24989060857838877,0.24993172352522638,0.2499098122212137,0.24995783505019187,0.2500000000000002,0.24987015091024062,0.24994234373761479,0.24996450135908246,0.24340146274404395,0.24636353069396608,0.23841975378359526,0.24552745315248029,0.2302958649190706,0.24352089262907287,0.23733622622683603,0.24906405556043054,0.24992839051730775,0.2498927283576915,0.24790964761052162,0.24647532072069758,0.24730173910703354,0.24753977549406364,0.24536515243058818,0.2480054072144652,0.24752849041136615,0.24913070409278393,0.24977549665883764,0.24992975383200666,0.2479951080279547,0.24634470235211237,0.2478597866047035,0.24752262349457177,0.24521921326642515,0.2483093223507373,0.24751888398853022,0.24928639498711597,0.24975150495017223,0.24996475933330933,0.2431465231119248,0.24674170926775071,0.2385463194440035,0.24593868405895258,0.23154165385763958,0.2428210337177931,0.2369624964860446,0.24897043032878902,0.24995229215908277,0.2499224765892993,0.24992074286234633,0.24982307760868394,0.2499186843110432,0.24992354425862356,0.24987871805818856,0.2498831030370174,0.24995603779198766,0.24984995436417853,0.2499484112038533
0.24984740574469594,0.24981549808457018,0.24969640464665757,0.24981405373333435,0.24985515383540424,0.24983325144283205,0.2498812570889465,0.24987015091024062,0.25000000000000017,0.24986577295785628,0.24988792310654134,0.2433269824815282,0.24628781696819582,0.2383466540190336,0.24545093210351698,0.2302243675759489,0.24344599471399736,0.2372633955513465,0.24898773593834148,0.24985182566641498,0.24981617500814693,0.24783396948661426,0.24639981054036886,0.2472261559668189,0.24746397679384988,0.2452900954879862,0.24792945464815921,0.2474527020166379,0.24905437387369286,0.24969897787306827,0.24985318751426885,0.2479190973992366,0.2462691540553989,0.24778370199724944,0.24744668660540597,0.24514382095764428,0.24823313174240816,0.2474429556682327,0.24920998864178973,0.24967499314889505,0.2498881814683038,0.24307198965451554,0.24666604196990327,0.238473047927207,0.24586323712567681,0.2314704550010398,0.24274651542327058,0.23688983557159404,0.24889414816250083,0.24987571836533248,0.24984591181402735,0.2498441787298435,0.2497465422388421,0.24984212080952342,0.24984697749627105,0.24980216680273376,0.24980654893626017,0.2498794628465745,0.24977341220588992,0.2498718385948815
0.24991959194296415,0.24988767512451263,0.24976854670208842,0.24988623031072638,0.2499273445810056,0.24990543361929582,0.24995345566426003,0.24994234373761479,0.24986577295785628,0.2500000000000002,0.2499601217906511,0.24339719569283727,0.24635920358670643,0.23841556553889315,0.24552317301141285,0.2302918205561059,0.24351662320446935,0.23733206621303055,0.249059691820789,0.24992401159292965,0.24988835004999307,0.24790530367946786,0.24647100132706762,0.2472974029243255,0.24753543720238214,0.24536084869567698,0.24800106112947293,0.24752415286037602,0.2491263389859619,0.249771120415081,0.2499253748818026,0.24799076304040948,0.24634038634363747,0.24785544418237193,0.24751828706532078,0.24521491720899447,0.24830497195902224,0.24751454726620203,0.24928202743244085,0.2497471291212299,0.2499603797688207,0.24314226306930858,0.24673738621626137,0.238542139926136,0.24593437496808776,0.23153759680109612,0.24281677922377543,0.23695834447743383,0.2489660681515794,0.249947912812583,0.249918097765179,0.24991636406862228,0.24981870052572372,0.24991430555338567,0.24991916541694237,0.2498743400007651,0.24987872490626206,0.2499516583798708,0.24984557681017702,0.24994403192535974
0.24994174757548113,0.24990982782447943,0.24979068748855499,0.24990838289869446,0.24994950192096416,0.2499275879783409,0.24997561431954252,0.24996450135908246,0.24988792310654134,0.2499601217906511,0.25000000000000017,0.2434224519030377,0.24638131854211778,0.23843644825093704,0.2455447798159567,0.23031207944635726,0.24353822623563967,0.23735302795513435,0.2490817748044889,0.24994616758960328,0.24991050286658187,0.2479272515989227,0.24649283369933023,0.24731928683410295,0.2475573615198908,0.2453825497601389,0.24802303357257635,0.24754608388973856,0.24914842050643707,0.24979326299477003,0.24994753107127848,0.2480127468435176,0.2463622184554916,0.24787741665776017,0.24754023391935703,0.2452366520709605,0.24832698584658067,0.24753648122003,0.2493041306599064,0.2497692693928762,0.24998253898837303,0.2431638166460629,0.2467592572708335,0.23856327126601506,0.24595616728380754,0.23155808817316745,0.24283829367872178,0.23697933169784638,0.24898813700147812,0.24997007091683687,0.24994025321958613,0.24993851937635822,0.24984084708931448,0.24993646067860203,0.24994132094977206,0.2498964915828979,0.24990087700783015,0.24997381681647632,0.24986772582755667,0.2499661896858735
0.2433793178599936,0.2433482160886006,0.24323213130131804,0.24334681751748347,0.2433865870738854,0.24336551823852162,0.24341255483564592,0.24340146274404395,0.2433269824815282,0.24339719569283727,0.2434224519030377,0.25000000000000017,0.23982120155363246,0.2321057308514696,0.23919354282754468,0.22428359477051424,0.23714785478935016,0.23109032603497665,0.24254763504858662,0.2433836285360624,0.24334897381181333,0.24136712459957213,0.24001354826224108,0.24080154998294634,0.24104974610788338,0.23891685482150418,0.241505165426142,0.24104026913167026,0.24260533037252338,0.2432347781793287,0.24338495122076043,0.24150042960998017,0.23989265798354825,0.2413673650228173,0.2410407393217992,0.23879419509889993,0.24180585737073942,0.24103473622883945,0.2427586544393174,0.24321135468791685,0.2434190220719317,0.23677865834151707,0.24027908128417738,0.23229483449071325,0.23949550223621188,0.22546936908474738,0.23645886135195968,0.23075319584592371,0.2424502082796224,0.243406882739603,0.24337784526755382,0.2433761596153976,0.24328102207608987,0.24337415496984716,0.24337885938213796,0.24333523531020385,0.24333950721967335,0.24341053028684564,0.24330722578142655,0.24340310341355115
0.24634115743987933,0.24630952379530519,0.24619029976389764,0.2463081240004705,0.24635356200914177,0.24632716613258412,0.2463761122911628,0.24636353069396608,0.24628781696819582,0.24635920358670643,0.24638131854211778,0.23982120155363246,0.2500000000000001,0.2348395033390753,0.2419747387475939,0.22691835695135637,0.24011958088127944,0.23390700374829101,0.24549605314093326,0.24634544757162277,0.24631048741782974,0.24434458606198148,0.24293327921230212,0.24373363768604753,0.24398449614413076,0.24181986698558813,0.24444570022134193,0.24397684341082054,0.24555809612247065,0.24619480914342387,0.24634682694692894,0.24444023527375966,0.24281124957237135,0.24430849438528557,0.2439774388523722,0.24170551217987388,0.24475114497710246,0.24396840686244617,0.24571437524040343,0.2461710881055027,0.24638129638285605,0.23966112570964151,0.24320408874950045,0.23512308359450548,0.2424101250422586,0.22821298212921748,0.23933655119716488,0.23355962062126992,0.245400535815469,0.24636900314560609,0.24633961354722256,0.24633790625391183,0.24624162036582312,0.24633587720229894,0.24634066927437584,0.2462964838566305,0.246300854229626,0.24637269519938373,0.2462681262048074,0.2463651779452464
0.23839807384829856,0.23836757332140912,0.23825346380338017,0.23836621114235046,0.2384052472082118,0.23838454717140395,0.23842999066344614,0.23841975378359526,0.2383466540190336,0.23841556553889315,0.23843644825093704,0.2321057308514696,0.2348395033390753,0.2500000000000001,0.23400010968018695,0.21918065781862028,0.23228086124025774,0.2263262510772644,0.23758225015937434,0.23840254172834624,0.23836840761115322,0.23646540823350054,0.2350551170045693,0.23577713118267046,0.23608952272251885,0.23392268405988575,0.23654381887844395,0.23610284130838843,0.23763450996514485,0.23825687486685201,0.23840373327060493,0.23655711674118615,0.23498153486547518,0.23642200941433186,0.2361113704899168,0.23389276881682686,0.23685016063260642,0.23609052015107176,0.23779145425110845,0.2382336007499764,0.2384369369774033,0.23193092308429727,0.23535422822466712,0.2275202932659269,0.23457993355539222,0.22081725050297019,0.23160074135496853,0.22601484786052517,0.23748574630608654,0.23842505865567304,0.23839660196484086,0.23839496418631206,0.23830162986137765,0.23839300058087234,0.23839744492364354,0.2383548776227675,0.2383590052912912,0.23842863137380588,0.23832745585047888,0.23842135650767826
0.2455050842962914,0.24547374306987774,0.245356410176228,0.24547230859210792,0.2455138882108549,0.24549119863755817,0.24554219683781447,0.24552745315248029,0.24545093210351698,0.24552317301141285,0.2455447798159567,0.23919354282754468,0.2419747387475939,0.23400010968018695,0.2500000000000001,0.22587541242962894,0.23911759881428163,0.23306687008484558,0.24468080018613714,0.24550992459329368,0.24547430240528792,0.24355255264318357,0.24209393755914,0.2429185210503819,0.2431494784768173,0.2409866310954993,0.24361378017507754,0.24313931432509395,0.24472395987847254,0.245359466271138,0.24551092582941458,0.24361143974582053,0.24198887592432455,0.24348015892117253,0.24315550736027502,0.2408822153330388,0.24391836153597446,0.24313544819290642,0.2448824122023145,0.24533571176182287,0.2455451762907011,0.2388476463261074,0.24237588650323164,0.2343162660892381,0.24158092772388243,0.227420591506456,0.2385154904824538,0.23275869660033263,0.24456664177456716,0.24553292735809285,0.24550363186316823,0.24550193598292008,0.24540591461671366,0.24549991381635475,0.24550463017982643,0.24546065418637691,0.2454650086215891,0.2455366068623756,0.24543239579515538,0.24552911511908634
0.2302749120582568,0.23024546750288827,0.2301352315869288,0.23024414322425885,0.23028211837093668,0.23026185877072877,0.23030535576051273,0.2302958649190706,0.2302243675759489,0.2302918205561059,0.23031207944635726,0.22428359477051424,0.22691835695135637,0.21918065781862028,0.22587541242962894,0.2500000000000001,0.223871447874059,0.21810254594912779,0.22946726198020315,0.2302803364133166,0.2302450263958908,0.22839284348752678,0.22699957906314466,0.2277822559384248,0.22797770317412527,0.22571906224567018,0.22844135817784636,0.22799046843816248,0.22952377541267385,0.2301394785269755,0.23028075635728334,0.2285049072820979,0.22698598637952078,0.22838609600523171,0.22810061851432276,0.22593776752104505,0.22878788459857757,0.22803541443739134,0.2297026778001989,0.2301162772773192,0.2303124653773515,0.22403317709204662,0.22732765477315217,0.21975077143007277,0.22656793665548391,0.21324812613939206,0.22368034655495114,0.21829027979758897,0.22938993146078238,0.23030099209477353,0.2302734878619407,0.23027192305326463,0.2301815839144688,0.2302700263502595,0.23027414390705292,0.23023320246960097,0.23023719128479472,0.23030444304806186,0.23020672095206218,0.2302974160658998
0.2434987249328553,0.24346762609686023,0.24335150176757836,0.24346621787216796,0.24350637775223816,0.24348493131084661,0.24353146821690785,0.24352089262907287,0.24344599471399736,0.24351662320446935,0.24353822623563967,0.23714785478935016,0.24011958088127944,0.23228086124025774,0.23911759881428163,0.223871447874059,0.2500000000000001,0.2309154445409488,0.24266109282233034,0.2435035662078102,0.24346771151517999,0.24153768851150959,0.2401208971530693,0.2409433192717473,0.24116370738500792,0.239011215792443,0.24162682309370562,0.24112432174573478,0.2427253710194028,0.24335414607570063,0.24350450646602065,0.24162083782093238,0.24001238624951582,0.24148978860917322,0.24116279147359726,0.23891163359844073,0.24192392910609994,0.24114779635624328,0.2428802118278357,0.2433307239811724,0.24353846488850614,0.23689545419999722,0.24039464223374452,0.23240135673314047,0.23960653147251199,0.22556383897887358,0.23656633371256644,0.23085790396870784,0.2425682158635401,0.2435263185370317,0.24349726338172098,0.24349558039544472,0.24340035336876414,0.2434935747583412,0.243498256425959,0.24345463598839343,0.24345893988378606,0.24352996792883203,0.24342661084650075,0.2435225374115146
0.23731462435111256,0.2372843102165232,0.2371711083557332,0.23728293991896512,0.2373219655561355,0.23730117815246818,0.2373466708578963,0.23733622622683603,0.2372633955513465,0.23733206621303055,0.23735302795513435,0.23109032603497665,0.23390700374829101,0.2263262510772644,0.23306687008484558,0.21810254594912779,0.2309154445409488,0.25000000000000006,0.23645416847695813,0.23731897185361114,0.23728468111174436,0.23541797017559568,0.23400639159376893,0.23479312502833163,0.23500162156869622,0.23290909077356864,0.23544882506237258,0.23492685033666744,0.2365463771733872,0.23717463084252335,0.2373203379663687,0.23548582686940467,0.2339261600525137,0.23535656459495385,0.2350417029029569,0.23284098855427654,0.23578663778024453,0.23501910847436133,0.2367175952976088,0.23715105177173193,0.23735333926677837,0.2308800499292232,0.2342842691253139,0.22648965744110797,0.23351238968051438,0.21981454194282102,0.23054407627138856,0.22498719277259469,0.23640595427507352,0.23734151378380122,0.237313183593914,0.2373115560259812,0.237218620929145,0.23730960134894916,0.23731399167625428,0.23727165168249453,0.23727573704423344,0.23734507020493778,0.2372443582370949,0.23733782840029446
0.24904138367936035,0.24900957867705203,0.24889085961522178,0.24900813887533507,0.24904912049373845,0.24902727523944995,0.24907515544542463,0.24906405556043054,0.24898773593834148,0.249059691820789,0.2490817748044889,0.24254763504858662,0.24549605314093326,0.23758225015937434,0.24468080018613714,0.22946726198020315,0.24266109282233034,0.23645416847695813,0.2500000000000003,0.24905257332754052,0.24901025004537033,0.24703844144289314,0.24560614873981693,0.2464306688444558,0.24666827169883576,0.2445256544423827,0.24713072123448104,0.24666235427521,0.24825091937007973,0.24889343907484537,0.24904714894965613,0.2471193550493999,0.24547491141192668,0.24698457395162962,0.24664740871491594,0.24435319889398763,0.24743298848609163,0.24664479004469567,0.2484062173712025,0.248869532705051,0.24908202797881143,0.24228789957512767,0.24587029380143274,0.23770399000712797,0.24507018172026448,0.2307243541625921,0.24196353027669934,0.23612590978447756,0.24809125183219877,0.24906960508187553,0.24903989484079816,0.24903816719099064,0.24894084750697273,0.24903611590994282,0.2490409590863671,0.24899629079786212,0.2490006583936686,0.24907333747923338,0.24896762919907628,0.24906573782380417
0.2499056399917238,0.24987372496609042,0.24975460340982064,0.24987228023249963,0.24991339209470742,0.24989148245805481,0.2499395023866846,0.24992839051730775,0.24985182566641498,0.24992401159292965,0.24994616758960328,0.2433836285360624,0.24634544757162277,0.23840254172834624,0.24550992459329368,0.2302803364133166,0.2435035662078102,0.23731897185361114,0.24905257332754052,0.2500000000000002,0.24987439701054245,0.24789146823230399,0.2464572409105974,0.2472839853160313,0.24752184885473263,0.24534774554399144,0.24798742712220387,0.2475103551957016,0.24911246763990041,0.24975717698900018,0.24991142369450026,0.24797692882414696,0.2463266302028385,0.24784160928626225,0.2475044548963286,0.2452011858530843,0.2482910872439897,0.2475006948594669,0.24926811756092598,0.24973318740501962,0.2499464254629646,0.24312869167806897,0.2467235836248419,0.23852877742448958,0.24592060545835015,0.2315246109435685,0.2428031651349081,0.23694510413923953,0.24895216837043474,0.24993395928404855,0.2499041458710506,0.2499024122996806,0.24980475391746643,0.24990035389948873,0.2499052130148882,0.24986039057878393,0.24986477469392693,0.24993770464053663,0.24983162910510867,0.24993007861178074
0.2498699810784151,0.2498380706189698,0.24971896634849008,0.24983662609225307,0.24987773186904683,0.24985582556243957,0.24990383768614832,0.2498927283576915,0.24981617500814693,0.24988835004999307,0.24991050286658187,0.24334897381181333,0.24631048741782974,0.23836840761115322,0.24547430240528792,0.2302450263958908,0.24346771151517999,0.23728468111174436,0.24901025004537033,0.24987439701054245,0.25000000000000006,0.24785570750182717,0.24642202698469767,0.24724821415562193,0.2474862396329542,0.2453119891252574,0.24795178362528908,0.24747498277160368,0.2490768684965032,0.24972153989398022,0.24987576318255472,0.24794151735099698,0.24629144980934134,0.24780617024028576,0.2474691092937907,0.24516611075969338,0.248255627155979,0.24746535824496227,0.24923252945541574,0.2496975527049174,0.24991076070254742,0.24309397575622382,0.24668836808828715,0.23849468091280696,0.2458854954449551,0.23149147053363808,0.2427685037446991,0.23691125340472313,0.24891663926742003,0.24989829633032562,0.24986848713751103,0.24986675384745624,0.24976910903139102,0.2498646957409795,0.2498695537370495,0.24982473812278733,0.24982912156301373,0.2499020411524368,0.24979598076069956,0.24989441621183692
0.24788708329556886,0.24785542505307806,0.2477373270415101,0.24785399398241761,0.24789465422651222,0.2478730369502468,0.24792073108872553,0.24790964761052162,0.24783396948661426,0.24790530367946786,0.2479272515989227,0.24136712459957213,0.24434458606198148,0.23646540823350054,0.24355255264318357,0.22839284348752678,0.24153768851150959,0.23541797017559568,0.24703844144289314,0.24789146823230399,0.24785570750182717,0.24999999999999994,0.24443929741760498,0.24527720517715593,0.24551601340141005,0.24334902051800353,0.24597938960410515,0.24551664749039828,0.24709887326678912,0.24773987554607582,0.24789283604224138,0.24597387098760048,0.2443347790747998,0.24583900209128323,0.24550648555879773,0.24321818917679372,0.2462849183184913,0.24549937194668386,0.24725533518007173,0.24771603129158778,0.24792753488526317,0.24116447157653043,0.2447294706246673,0.23659807573582398,0.24393148334131176,0.2296466450538999,0.24083841333048953,0.23502769734472953,0.24694083853917523,0.24791517083586176,0.24788559570445023,0.2478838786563945,0.24778698136505733,0.24788183688266704,0.24788662920915064,0.24784219637281918,0.24784654285466562,0.24791888592797912,0.2478136687732306,0.24791132149700856
0.24645288574864327,0.2464214100527937,0.24630393840414833,0.24641998622313122,0.24646048520245503,0.24643892245093055,0.2464862337289607,0.24647532072069758,0.24639981054036886,0.24647100132706762,0.24649283369933023,0.24001354826224108,0.24293327921230212,0.2350551170045693,0.24209393755914,0.22699957906314466,0.2401208971530693,0.23400639159376893,0.24560614873981693,0.2464572409105974,0.24642202698469767,0.24443929741760498,0.25000000000000017,0.24383032679215416,0.24406924562074436,0.24190411510768575,0.24453816067909923,0.24409589367638315,0.24566367433476521,0.24630691823526066,0.24645871267591973,0.24455203833795675,0.2428745763153095,0.2444448946432963,0.24416567375566697,0.24184051204560647,0.24487379431196965,0.24408094414438436,0.2458309951813007,0.24628286887575548,0.24649311014631178,0.2397756261697571,0.24331347339873022,0.23523306861721782,0.242516932244293,0.22831574454770778,0.23943767392973178,0.2336651255298436,0.2455115613215934,0.24648081224236426,0.24645140670439183,0.24644970109535713,0.2463533477877521,0.24644767113349295,0.24645242149719138,0.24640825997974966,0.2464125787648858,0.24648450582286463,0.24637989835591803,0.24647698515742772
0.2472792327173874,0.2472476466402219,0.24712980104244328,0.2472462209027009,0.2472867477366335,0.24726521834159337,0.24731264609604064,0.24730173910703354,0.2472261559668189,0.2472974029243255,0.24731928683410295,0.24080154998294634,0.24373363768604753,0.23577713118267046,0.2429185210503819,0.2277822559384248,0.2409433192717473,0.23479312502833163,0.2464306688444558,0.2472839853160313,0.24724821415562193,0.24527720517715593,0.24383032679215416,0.2500000000000001,0.24489985560847088,0.24274908352947938,0.24536850457532206,0.24490191333789207,0.24648787604733297,0.2471328212260246,0.24728505279030968,0.24537346929679085,0.2437447531388749,0.24524258994944348,0.2449127450393398,0.2426266992875166,0.24568875639212365,0.24489453523393387,0.24665687500229697,0.24710869140172417,0.24731958283726388,0.2405743797093593,0.24412721964373663,0.23601243669641978,0.2433275802244586,0.22906860764105694,0.24023907688055385,0.23444348871465834,0.24633398124403783,0.2473072480047484,0.2472777389510363,0.2472760325667856,0.24717930529106763,0.24727399579754353,0.24727871614029784,0.24723445251894557,0.2472387959082142,0.24731095398798336,0.24720599653682498,0.24730340810643658
0.24751724378144493,0.24748563178035454,0.24736764927305718,0.24748420189300077,0.24752487724843716,0.24750322006028613,0.24755073693174173,0.24753977549406364,0.24746397679384988,0.24753543720238214,0.2475573615198908,0.24104974610788338,0.24398449614413076,0.23608952272251885,0.2431494784768173,0.22797770317412527,0.24116370738500792,0.23500162156869622,0.24666827169883576,0.24752184885473263,0.2474862396329542,0.24551601340141005,0.24406924562074436,0.24489985560847088,0.2500000000000001,0.2429598879753228,0.24563292015407254,0.245127904503487,0.24673766895970187,0.24737126615907623,0.24752307467364046,0.2456179315674489,0.24406420794121705,0.24549420228818525,0.24511855102330188,0.24288489116278078,0.24601846995000806,0.245138760994797,0.24691951000984688,0.24734680597014097,0.24755764509807635,0.2408100910965677,0.24436507032813481,0.23625751086025096,0.24356825942353102,0.22931752815495926,0.24047722927067833,0.23467950141995522,0.24657189733099213,0.24754529063618166,0.24751575864232994,0.24751404518697853,0.24741728908608315,0.24751200645591767,0.24751679868170187,0.24747242507740388,0.24747677957193476,0.2475490002267349,0.24744393682769023,0.24754144708162748
0.24534282266594487,0.24531147821373356,0.24519443706353194,0.24531006367539876,0.24535035468000818,0.24532891854800928,0.24537585652005578,0.24536515243058818,0.2452900954879862,0.24536084869567698,0.2453825497601389,0.23891685482150418,0.24181986698558813,0.23392268405988575,0.2409866310954993,0.22571906224567018,0.239011215792443,0.23290909077356864,0.2445256544423827,0.24534774554399144,0.2453119891252574,0.24334902051800353,0.24190411510768575,0.24274908352947938,0.2429598879753228,0.25000000000000033,0.24342771772449195,0.24298060601749097,0.24455083480234557,0.24519875687719048,0.24534885063894463,0.2434609408094566,0.24188937812360267,0.2433540047792594,0.24303706085800722,0.24076246844770052,0.24377720183385557,0.24298278280418514,0.24474797583274446,0.24517375911683062,0.24538287969048886,0.2386975550213237,0.24221869882224376,0.23417148340822758,0.24142172904269452,0.2272697763915528,0.23835344961977672,0.23259892267770968,0.24440300558512273,0.24537061744539904,0.24534133518339973,0.24533964678942324,0.2452436316113765,0.24533762593969471,0.24534232129073727,0.24529839219944952,0.2453028306471203,0.24537429474391362,0.24527013924593152,0.2453668079532457
0.24798283269750046,0.24795116195265163,0.247832959813765,0.2479497290628687,0.24799049218939603,0.24796878303553724,0.2480164062127073,0.2480054072144652,0.24792945464815921,0.24800106112947293,0.24802303357257635,0.241505165426142,0.24444570022134193,0.23654381887844395,0.24361378017507754,0.22844135817784636,0.24162682309370562,0.23544882506237258,0.24713072123448104,0.24798742712220387,0.24795178362528908,0.24597938960410515,0.24453816067909923,0.24536850457532206,0.24563292015407254,0.24342771772449195,0.2500000000000003,0.24558982442697538,0.24721766224103842,0.24783728008665462,0.24798899364007973,0.24608604422924338,0.24447921038019504,0.24601336524451295,0.24579800785618436,0.24336382135501008,0.24636862840516088,0.24561130343611481,0.24740078311392122,0.2478119533149641,0.2480233289428906,0.24126830058024343,0.24483101035484542,0.2367097335002838,0.2440346769659836,0.22975075133193154,0.24093689086524622,0.23512135086057614,0.24703513828528328,0.2480109326588297,0.24798134338981265,0.24797962863030473,0.24788267939902892,0.24797758605000897,0.24798240061473797,0.24793793015095988,0.24794236487077717,0.2480146494221962,0.2479093764127485,0.24800708206925856
0.24750595906024078,0.24747434901155682,0.24735636114804613,0.24747291866228294,0.2475136218208012,0.24749193678570958,0.2475394677344679,0.24752849041136615,0.2474527020166379,0.24752415286037602,0.24754608388973856,0.24104026913167026,0.24397684341082054,0.23610284130838843,0.24313931432509395,0.22799046843816248,0.24112432174573478,0.23492685033666744,0.24666235427521,0.2475103551957016,0.24747498277160368,0.24551664749039828,0.24409589367638315,0.24490191333789207,0.245127904503487,0.24298060601749097,0.24558982442697538,0.25000000000000006,0.24671372271554948,0.24735979034146496,0.2475119872235442,0.2456025106968263,0.2439798685972393,0.24548594906090382,0.2452430902977159,0.24286885670328257,0.24591012708729848,0.2451211316179066,0.24688679795690197,0.24733518524161682,0.24754636335881586,0.24079864494052922,0.24435276177843673,0.2362288667780883,0.24354885574107726,0.22926840247636154,0.2404543559353839,0.23465049179561068,0.24655882186842815,0.2475340053587312,0.24750446626330422,0.24750276144402064,0.24740591116917407,0.2475007227924646,0.2475054466890803,0.24746114320612306,0.24746555865049885,0.2475377148829181,0.24743265363591416,0.24753016208264703
0.24910802636466328,0.2490762129284626,0.24895747147268216,0.249074772945218,0.24911574751533383,0.24909391381828117,0.24914177489094907,0.24913070409278393,0.24905437387369286,0.2491263389859619,0.24914842050643707,0.24260533037252338,0.24555809612247065,0.23763450996514485,0.24472395987847254,0.22952377541267385,0.2427253710194028,0.2365463771733872,0.24825091937007973,0.24911246763990041,0.2490768684965032,0.24709887326678912,0.24566367433476521,0.24648787604733297,0.24673766895970187,0.24455083480234557,0.24721766224103842,0.24671372271554948,0.24999999999999997,0.24895975162552836,0.24911378186203678,0.24719264788182446,0.2455763406215014,0.2470786264412413,0.24683649532179275,0.24448469647479967,0.24757548318168873,0.2467245427083052,0.24847513401996485,0.2489360031097658,0.24914868462998407,0.24235640355393862,0.24593915021685323,0.23778164730500193,0.24514055627439751,0.230805454300189,0.2420278458561021,0.23619453087285658,0.24815800734380256,0.24913625512075804,0.2491065385792004,0.24910480874047272,0.24900748934880337,0.24910275691583111,0.24910762899995154,0.24906292116769477,0.24906728167889097,0.2491399884390059,0.24903425555256017,0.24913238674988936
0.24975276004598498,0.24972086454315595,0.24960181567085002,0.24971942068929898,0.24976050772241867,0.24973861117991702,0.2497866014307973,0.24977549665883764,0.24969897787306827,0.249771120415081,0.24979326299477003,0.2432347781793287,0.24619480914342387,0.23825687486685201,0.245359466271138,0.2301394785269755,0.24335414607570063,0.23717463084252335,0.24889343907484537,0.24975717698900018,0.24972153989398022,0.24773987554607582,0.24630691823526066,0.2471328212260246,0.24737126615907623,0.24519875687719048,0.24783728008665462,0.24735979034146496,0.24895975162552836,0.2500000000000003,0.24975854673264222,0.2478253866606212,0.24617687651086004,0.2476902294052461,0.24735336529047072,0.2450512777078349,0.2481387901180804,0.24734941634644284,0.24911576393089774,0.24958042002692823,0.24979352021721368,0.242980036508999,0.24657260166583433,0.23838307967390288,0.24577019227852695,0.2313833353771374,0.24265452054502545,0.23680039881428944,0.24879987023162028,0.249781062030874,0.2497512667044686,0.2497495343345373,0.24965193470966382,0.2497474771945696,0.24975233032720506,0.24970753832696188,0.2497119152785288,0.2497848050848974,0.24967879509631136,0.2497771837213806
0.24990700318193163,0.24987508797825614,0.24975596566984298,0.24987364323633102,0.24991475540705624,0.24989284557218633,0.24994086534053056,0.24992975383200666,0.24985318751426885,0.2499253748818026,0.24994753107127848,0.24338495122076043,0.24634682694692894,0.23840373327060493,0.24551092582941458,0.23028075635728334,0.24350450646602065,0.2373203379663687,0.24904714894965613,0.24991142369450026,0.24987576318255472,0.24789283604224138,0.24645871267591973,0.24728505279030968,0.24752307467364046,0.24534885063894463,0.24798899364007973,0.2475119872235442,0.24911378186203678,0.24975854673264222,0.25000000000000017,0.24797834074383152,0.24632796174791372,0.2478432384304884,0.24750665703843527,0.24520279119313457,0.24829234238304423,0.24750210023994773,0.24926957339312114,0.24973454925034125,0.2499477891250667,0.24313005984611202,0.24672497752425313,0.23853014086205612,0.24592196715745654,0.2315258351308346,0.24280449686783664,0.23694632369670132,0.24895351311719163,0.24993532262450024,0.2499055090530907,0.24990377547238418,0.24980611652831258,0.24990171706058437,0.24990657684812875,0.24986175352004406,0.24986613929047263,0.24993906800581472,0.2498329916226684,0.24993144193545802
0.2479725334097355,0.2479408652625916,0.2478226627372281,0.2479394316415243,0.2479802300878436,0.24795848549081737,0.24800613546518793,0.2479951080279547,0.2479190973992366,0.24799076304040948,0.2480127468435176,0.24150042960998017,0.24444023527375966,0.23655711674118615,0.24361143974582053,0.2285049072820979,0.24162083782093238,0.23548582686940467,0.2471193550493999,0.24797692882414696,0.24794151735099698,0.24597387098760048,0.24455203833795675,0.24537346929679085,0.2456179315674489,0.2434609408094566,0.24608604422924338,0.2456025106968263,0.24719264788182446,0.2478253866606212,0.24797834074383152,0.2500000000000001,0.24439388490797795,0.24591847367286732,0.2455757489863114,0.24329709430684665,0.24636904501864718,0.2455749275190078,0.24733584732298244,0.24780129836444628,0.24801295988797306,0.24120782565313187,0.24480480404699173,0.23665177259008613,0.24400624496934692,0.22970075489841119,0.2409092690964642,0.2350949869145057,0.24702529115403146,0.24800063393043592,0.24797104218001292,0.24796933078782996,0.2478723251627578,0.24796728831897338,0.24797199658989166,0.24792763423438827,0.2479319414928745,0.2480043501174284,0.24789911069315382,0.2479967830793421
0.24632227797433665,0.24629082009415507,0.24617339335664748,0.2462893959962064,0.24632993131571634,0.24630832362096777,0.24635565650777774,0.24634470235211237,0.2462691540553989,0.24634038634363747,0.2463622184554916,0.23989265798354825,0.24281124957237135,0.23498153486547518,0.24198887592432455,0.22698598637952078,0.24001238624951582,0.2339261600525137,0.24547491141192668,0.2463266302028385,0.24629144980934134,0.2443347790747998,0.2428745763153095,0.2437447531388749,0.24406420794121705,0.24188937812360267,0.24447921038019504,0.2439798685972393,0.2455763406215014,0.24617687651086004,0.24632796174791372,0.24439388490797795,0.24999999999999972,0.24425925900132495,0.2439268272187148,0.24162924687945408,0.24470859085755764,0.2439404583516274,0.24569263698235785,0.24615207991848323,0.24636242003580056,0.23958802040028074,0.24317510512338983,0.2350593240559779,0.24239041414486703,0.22815332842076252,0.23932317970721637,0.233531481597072,0.24538116699673587,0.24635019155516863,0.2463207858643053,0.24631909663614018,0.24622263671882563,0.2463170677795581,0.24632162956627235,0.2462776777159611,0.24628193341301138,0.2463538829044315,0.24624935701463377,0.24634636622538225
