x1,x2,x3,x4,x5,x6,x7,x8,x9,x10,x11,x12,x13,x14,x15,x16,x17,x18,x19,x20,x21,x22,x23,x24,x25,x26,x27,x28,x29,x30,x31,x32,x33,x34,x35,x36,x37,x38,x39,x40,x41,x42,x43,x44,x45,x46,x47,x48,x49,x50,x51,x52,x53,x54,x55,x56,x57,x58,x59,x60
0.24999999999999997,-0.05556621548466826,-0.08464333031400836,-0.011655654621385266,0.05662136733781921,0.014108754872356542,0.03304174780910913,0.01941795657868457,0.09698863532401159,-0.01811571536249176,-0.17310340011024639,0.12344043759226443,-0.11670719020678753,0.1230969184562994,-0.11402414721127269,0.0881103912072369,-0.055885095213357064,0.042341852897781924,-0.09297662195039645,0.09357746220767298,0.11864722860575182,-0.1166785969651414,0.082170881313424,-0.07631812399936391,0.03385889055478611,-0.024991011527942003,-0.033161490978118026,0.037590953232610996,-0.08603723715345761,0.09570109335784781,0.057703358576946265,-0.04626713499028168,0.03881538630754298,-0.05133857416903206,0.0528223325604675,-0.09281814759735382,0.08646112553405222,-0.10576790237313499,0.09488066836223935,-0.06301896556636803,-0.022327732411642293,0.04315427249828251,-0.068832623370491,0.08786117637412234,-0.09324805210319793,0.10836169200846554,-0.11949521311820027,0.12306685507517122,-0.12330956828250575,0.12343854637477804,0.10214042334071823,-0.0004158594532128563,0.05639504747465355,-0.014018963602294498,0.019017158142494123,0.004982342114579025,0.0019252960272472535,0.03265614433485489,0.02401094585014833,0.03768227379054494
-0.05556621548466826,0.24999999999999994,0.016820634815418425,-0.005668354240706286,-0.014896484936250867,0.04568149318706004,0.005869515467518828,0.013009920456082976,0.058307649337790785,-0.0031521553774683953,0.026917366353474213,0.06240312236638616,-0.06049476360572394,0.062228835457630916,-0.06097051085551386,0.05610509145208534,-0.05228461109828875,0.0510409706195067,-0.057980496028798116,0.05798225517913542,0.06063404906127458,-0.05993602457871016,0.045553266626834114,-0.042959129711160934,0.022849261671802318,-0.019799051357542955,-0.0039058575851168816,0.006999265927966939,-0.037868105608364934,0.04436807001335289,0.030328905326886455,-0.02482332057474177,0.020960564243754334,-0.026297822217332466,0.026760111313966377,-0.04334223019798095,0.03855384041037069,-0.05063076715277952,0.04305691242207054,-0.0275582649590288,-0.012774352331235111,0.023351453192237238,-0.03451413358056166,0.043447529224957655,-0.04595636461798384,0.05292642575364631,-0.05995070001718038,0.06217445649723876,-0.062336870232721726,0.06240216090684026,0.05213308875031237,-0.0002091055120426183,0.028250747973427456,-0.007248965053218879,0.00949122303319244,0.002551443497654778,0.0009618270066473931,0.0165516636997649,0.012054429983028327,0.01904026047637368
-0.08464333031400836,0.016820634815418425,0.24999999999999986,0.03889408406384747,-0.007234112870486061,-0.007851401557390406,0.006404448463830991,-0.006929141885022523,-0.020993883256267023,0.0004657826021832393,0.06078692482381641,-0.03207097961877303,0.025933841248081412,-0.03198289887684343,0.027781427498962775,-0.016184270464211933,0.0013773381935590957,0.0046814021952419765,0.018749879478032243,-0.018746372879056557,-0.030475643613556543,0.029802616016594747,-0.01881311008610389,0.01696117624243025,-0.0049633273206935455,0.0018566484046488702,0.016724268241098697,-0.017389078136160984,0.02548643960220031,-0.02722516415898162,-0.01476368442290314,0.011697169615286924,-0.009893873213044864,0.013914585757326892,-0.014468084205746242,0.0268868460535263,-0.026048597074818304,0.029179805492441077,-0.027436445187912002,0.018805208560879243,0.005324823290486194,-0.010760732185487967,0.018479237194352377,-0.02390562694300899,0.025384438688576642,-0.029593894240364967,0.031402317043896996,-0.03200490206330429,0.03203711293586008,-0.03207048867978984,-0.026368782745253498,0.00023070605578839429,-0.015056168524080983,0.0035479275132803976,-0.005083960084578814,-0.0012761588039274625,-0.0005574401533422827,-0.008459898763481646,-0.0063145116552439425,-0.009778692291290495
-0.011655654621385266,-0.005668354240706286,0.03889408406384747,0.25000000000000006,0.07393561896774088,-0.009015872429462744,0.000101275112942997,0.0063453503166650055,0.027001808571037702,-0.004715444590952064,0.002822710374993075,0.024700271391469093,-0.02808966663329167,0.024630223503023674,-0.023815867550212613,0.01972573087668835,-0.017469233214343616,0.022191727378813145,-0.027127465244967414,0.02803759998741244,0.023991255838776794,-0.023708731783374265,0.01743156547546245,-0.016367140389994678,0.008058418286765113,-0.006751308027012694,-0.001400742550226682,0.0030437847547588924,-0.015188149379947865,0.01773405711086113,0.012847339965594933,-0.01081293876559303,0.009332477100482902,-0.011306602693035737,0.011445899514552405,-0.017341761679387106,0.015286750817191622,-0.019924110078563765,0.01673923598385725,-0.01062907709433381,-0.005800153920322551,0.01007016764980958,-0.014070813661461954,0.017585937691447357,-0.01850026261057288,0.021043792547548474,-0.023753081478953778,0.0246118185281821,-0.02467411268159432,0.024699886491786834,0.020875776147201406,-0.0001866462354928755,0.011360122229779007,-0.0029038929370782257,0.0038259233008905635,0.001015291356573408,0.00043324417854590663,0.0065627761871591824,0.004782085305948577,0.007516802392054293
0.05662136733781921,-0.014896484936250867,-0.007234112870486061,0.07393561896774088,0.25,-0.026689163691477568,0.008339442632878748,0.025234405968589804,0.06175582890698838,-0.0008854697635509652,-0.052444097457913307,0.07282642851742543,-0.07029187982291323,0.07262388033137847,-0.06741361104797708,0.053705156361782865,-0.03355783149808451,0.028508589393571693,-0.05941791727209225,0.05976749551350462,0.07014956199918077,-0.06905028238607655,0.049205949824377704,-0.04592002131389743,0.021429917126020402,-0.01644453336316965,-0.017980920415588325,0.020847677098019556,-0.05042309188908218,0.056260977576884544,0.033210063080621154,-0.02632714784174274,0.021775409393439776,-0.02907838633893636,0.029962266121983386,-0.054021242195247066,0.050256213310753174,-0.06219744521798246,0.05571069379499794,-0.03694505961341966,-0.012558470215359926,0.024743097052042817,-0.04009987297535875,0.051164012417036844,-0.054427620430668164,0.06356281208452903,-0.07040750276788167,0.07259805519864486,-0.07274911596877827,0.07282531702169083,0.060057364124349234,-0.00011677168451226044,0.03308133975946793,-0.008263206528230626,0.01105700478801785,0.0029464687260203812,0.0010951347797665339,0.01927110681967638,0.014124983398481051,0.022254908095813288
0.014108754872356542,0.04568149318706004,-0.007851401557390406,-0.009015872429462744,-0.026689163691477568,0.2499999999999999,0.03688732414443197,0.006243008061871776,0.07915933886939076,0.006753177090548407,-0.023043457099680913,0.08825612007397071,-0.08491098392052332,0.08800901845091848,-0.08573463989115239,0.07855532600072963,-0.0701309344109826,0.06505527594613093,-0.07836153225127901,0.0781935312859134,0.08569569449342233,-0.08468673353229071,0.06482456764429753,-0.06122634810936665,0.03319326220217502,-0.028720310945364834,-0.006092474027160887,0.010068318273198993,-0.0538262195463987,0.06266901715398471,0.042215087374091693,-0.03431737710317118,0.02882333172813802,-0.036384121053073204,0.03707685348119491,-0.061075901045329936,0.05445956403745297,-0.07169644585837195,0.06118258086251868,-0.03924341804358807,-0.01742619923923118,0.03231519354265672,-0.04842729755863421,0.06106457203640921,-0.06468141801991893,0.07472515349918982,-0.08475590216306607,0.08792995600086541,-0.0881623557362486,0.08825476372965864,0.07352091972040167,-0.0001822321631324704,0.039747032703629455,-0.010225226857327789,0.013378007709810373,0.003601142521827974,0.0013059598638431177,0.023400195349186834,0.01703485025531891,0.02694562432000379
0.03304174780910913,0.005869515467518828,0.006404448463830991,0.000101275112942997,0.008339442632878748,0.03688732414443197,0.24999999999999994,0.01555198141138118,0.06558917437217118,-0.07661201071935014,-0.04073725443901278,0.07730690853492898,-0.06995320142134769,0.07708905996286843,-0.08678712834623224,0.11323559781488092,-0.14617539102938337,0.12432889942051337,-0.06910958746996618,0.06653586886423658,0.07661396952463129,-0.07645476759479995,0.06770160956296152,-0.06533657485094639,0.04429916945280815,-0.044744087052546906,0.023984269437875502,-0.019714206229678725,-0.03456345570635828,0.04610893604771095,0.037060104987374394,-0.030330892844664867,0.025178234127297264,-0.030023297704518136,0.030096198082673307,-0.044474956959385074,0.0358797255706621,-0.057027849985327596,0.044074956550614254,-0.026078410511908713,-0.01634068334681193,0.029237625653949394,-0.0403624084076211,0.05001802622177029,-0.05291755620328553,0.060777256021828006,-0.07308463026806807,0.07692066984737247,-0.0772243556215614,0.07730572303977454,0.0648137197978811,0.00013930781816121814,0.0335972741408493,-0.009236542802560076,0.01120732957917772,0.003217109295231636,0.0009486606025578134,0.020557597800906394,0.014699935443682692,0.02364732516537351
0.01941795657868457,0.013009920456082976,-0.006929141885022523,0.0063453503166650055,0.025234405968589804,0.006243008061871776,0.01555198141138118,0.24999999999999994,0.09004458339713184,-0.04556593280217219,-0.022786496053007678,0.07345402144330641,-0.07095198454450548,0.07324906838092851,-0.07217982742632731,0.07486023059933218,-0.06501509054469264,0.07553405350705164,-0.08747172596558567,0.08362688008651774,0.07214247129753885,-0.07167778438122058,0.06031748849193008,-0.05805110734489544,0.03889944938032017,-0.03647111327358909,0.008820425585868175,-0.00556243633459537,-0.03813131964046928,0.04719143772810448,0.03222287041228954,-0.0252255480086308,0.020150393739374058,-0.025930348907112186,0.02639636850122856,-0.0460916647247299,0.03933445485720938,-0.056797972155563044,0.04625624039034225,-0.028604352656781313,-0.012628118892834599,0.024635821311251048,-0.03814471895875796,0.04777862448217584,-0.05098006518560086,0.059773219819526574,-0.06994223405764909,0.07313044408122013,-0.07337554917646787,0.07345290694953233,0.06056905017968789,0.0003810883099316617,0.032115007611214,-0.008518198274868015,0.010547864615983029,0.003019497236076814,0.000869503455742521,0.019494039412235025,0.01399892239205657,0.022511281878789143
0.09698863532401159,0.058307649337790785,-0.020993883256267023,0.027001808571037702,0.06175582890698838,0.07915933886939076,0.06558917437217118,0.09004458339713184,0.25,-0.0723337246131388,-0.09001034810587938,0.22192875691669295,-0.21451543150582764,0.22130826762538824,-0.2129439929732551,0.1936639596061639,-0.1618207298874078,0.1810486269204049,-0.23652518005923645,0.23203294240341346,0.21597311263038768,-0.21363941385371465,0.16507437632887706,-0.15632970067995375,0.08828215869918372,-0.07686747829026595,-0.010857105258184842,0.021227362418504207,-0.13304905207616605,0.15639710563304787,0.1040103100415753,-0.0837811569679846,0.06962495113020209,-0.08888495309263396,0.09065883691512966,-0.15236544928732276,0.1354582102393804,-0.1796437340689956,0.15272944197569094,-0.09768873619517221,-0.042337867160133075,0.07952826169581317,-0.12082583963224133,0.15226755352757074,-0.16155997018518797,0.18733843387401955,-0.21298663093691023,0.22109629454359295,-0.2216927806120598,0.22192535632671134,0.18437276299870922,-0.00020818866553208026,0.0997271497548446,-0.025656646942070434,0.03325533401834609,0.009070958743770143,0.0032209444557910203,0.05885250091135102,0.042754247770504246,0.06780736028555778
-0.01811571536249176,-0.0031521553774683953,0.0004657826021832393,-0.004715444590952064,-0.0008854697635509652,0.006753177090548407,-0.07661201071935014,-0.04556593280217219,-0.0723337246131388,0.2499999999999999,0.01777488330945183,-0.04512543170010904,0.03782176516508917,-0.04499868261927051,0.04926108980064591,-0.0691054704058832,0.08468788145444588,-0.10524695116880649,0.07494307423647605,-0.07483685850159381,-0.0456011549413218,0.0459076553418721,-0.04447677603117835,0.043856093421722815,-0.033759271159813684,0.035096408839586195,-0.030997771934785767,0.02641393705908331,0.013347729279745466,-0.02190713032012753,-0.022457772364984998,0.01876899703546357,-0.01539020639374812,0.016716881996939433,-0.016402378318974,0.021020830997623804,-0.01377028726930387,0.02932158263853736,-0.01876665294825214,0.009097165802413725,0.01106177539315124,-0.018558262863111494,0.02294853539887946,-0.02740171692627655,0.028929233630941898,-0.03295055061797433,0.042036071992424776,-0.04484563131479038,0.04507703500454103,-0.045124734752867,-0.03831426851588035,-0.00020981091564389214,-0.019271026075798278,0.0055908881563796935,-0.0061933802282523685,-0.0019324027450593393,-0.0005440111414620267,-0.012076948227792862,-0.008418124901042422,-0.013807166272495229
-0.17310340011024639,0.026917366353474213,0.06078692482381641,0.002822710374993075,-0.052444097457913307,-0.023043457099680913,-0.04073725443901278,-0.022786496053007678,-0.09001034810587938,0.01777488330945183,0.24999999999999972,-0.11089133037197323,0.105321318598673,-0.11058244254754805,0.10365902193277776,-0.08373566282710262,0.05903826169215642,-0.048470190248341906,0.08728639115681684,-0.08769546396123663,-0.10683043957645588,0.10517637949012282,-0.07541416364479828,0.07029388720722461,-0.03275087257903851,0.025344629575996036,0.02493434764846216,-0.029187202158467304,0.07518483396287652,-0.0844575721306234,-0.05210225441827626,0.04190293403646995,-0.035160814724271364,0.046068726247450564,-0.047301301395850294,0.08199168312942555,-0.07571106090043013,0.09395791277271628,-0.08342402643884109,0.055027528812647754,0.02047155714542771,-0.03918087227022627,0.061648992748556446,-0.07848353625128456,0.08325777912524977,-0.09662546120234529,0.10716927314589228,-0.11054026051695556,0.11077371692686469,-0.11088963028035224,-0.0918962664644795,0.000353373548150635,-0.0505345730258943,0.012648155413053546,-0.017019704135994955,-0.004487607105648434,-0.001716441963235144,-0.029351061289276732,-0.021535202947998208,-0.033851901352587956
0.12344043759226443,0.06240312236638616,-0.03207097961877303,0.024700271391469093,0.07282642851742543,0.08825612007397071,0.07730690853492898,0.07345402144330641,0.22192875691669295,-0.04512543170010904,-0.11089133037197323,0.25000000000000006,-0.242569720904892,0.24929754871358456,-0.24029985973471119,0.21374434375070814,-0.18089847936123696,0.16685987335562297,-0.21855365599078438,0.21905951221018252,0.2422497389042422,-0.23916094002785954,0.17903390661809754,-0.16843132058833635,0.08736164210650903,-0.07370177073538554,-0.02915840069745646,0.04045752946005459,-0.1581737242368832,0.1822150922356989,0.1182829275773837,-0.09559479243485758,0.08000313717458776,-0.10254508347105994,0.10478656757222342,-0.17662582966405022,0.15946710511514325,-0.20603859675516914,0.17829065213123912,-0.11549564586429253,-0.04790415905667234,0.09000835909838513,-0.13750634420226127,0.1739214886796393,-0.18440470141748283,0.21358661239801824,-0.24055440327914068,0.2491128772589663,-0.24973014521579795,0.2499918165481224,0.2077704285084238,-0.0005554819194688246,0.11301089131449946,-0.028807150818074088,0.03790298091699407,0.010184377180989053,0.0037542009727691986,0.06625291456569449,0.048325377338494305,0.07633910214606222
-0.11670719020678753,-0.06049476360572394,0.025933841248081412,-0.02808966663329167,-0.07029187982291323,-0.08491098392052332,-0.06995320142134769,-0.07095198454450548,-0.21451543150582764,0.03782176516508917,0.105321318598673,-0.242569720904892,0.24999999999999986,-0.24189079122848672,0.23288284837852766,-0.20634061170487245,0.17350627798446203,-0.15946970904303143,0.21114118917624383,-0.21165041133554466,-0.23499611448736224,0.23197248016757094,-0.1733389254391593,0.16301295571992197,-0.08420682478111875,0.0708237454023669,0.02943712996131593,-0.040329934030512014,0.1539577521678187,-0.1771518984138695,-0.1147252479697296,0.09269646952018856,-0.07758324035013926,0.09954285384863111,-0.10174088128987228,0.17172364764431455,-0.15520358086020564,0.20016478345099936,-0.17341261239290554,0.11243063374838701,0.04639923204865816,-0.08725487383441548,0.13347948335044096,-0.16887741698784509,0.17906210430562663,-0.20742030899263936,0.23345294901676425,-0.24171699673728636,0.2423121149531651,-0.2425659995012705,-0.20157092420054493,0.0005479044321664276,-0.10969097496579189,0.027938781090385476,-0.03679546318464636,-0.009879025134367057,-0.0036471465858528016,-0.06428138195513752,-0.04689910211243922,-0.07407079237516906
0.1230969184562994,0.062228835457630916,-0.03198289887684343,0.024630223503023674,0.07262388033137847,0.08800901845091848,0.07708905996286843,0.07324906838092851,0.22130826762538824,-0.04499868261927051,-0.11058244254754805,0.24929754871358456,-0.24189079122848672,0.24999999999999964,-0.23962811630137165,0.2131464472176709,-0.18039217254320145,0.16639233269470716,-0.21794261155109396,0.21844714652828773,0.24157314391716225,-0.2384929235224559,0.17853339177900834,-0.1679603743115843,0.08711675846023893,-0.0734949495415453,-0.02907749270964382,0.04034501363485291,-0.15773227362908923,0.18170643540568024,0.11795273702158954,-0.0953279762907302,0.07977987324974145,-0.10225883905414102,0.10449406585651133,-0.17613270108663304,0.15902195850557105,-0.20546335532970236,0.1777929881634411,-0.11517331011437595,-0.04777045188736244,0.08975709414225683,-0.13712240234007286,0.1734358858095334,-0.18388981898181708,0.2129902260490132,-0.239882675627025,0.24841724002116566,-0.24903278329967277,0.24929372391573154,0.20719026020365977,-0.0005539326050145809,0.11269530636591749,-0.02872670873728286,0.037797164292661826,0.01015593556164477,0.0037437174176187674,0.06606790416405775,0.04819043542029772,0.07612592605548728
-0.11402414721127269,-0.06097051085551386,0.027781427498962775,-0.023815867550212613,-0.06741361104797708,-0.08573463989115239,-0.08678712834623224,-0.07217982742632731,-0.2129439929732551,0.04926108980064591,0.10365902193277776,-0.24029985973471119,0.23288284837852766,-0.23962811630137165,0.24999999999999964,-0.22294885221040284,0.19024838437469924,-0.17514947720576,0.210505285167145,-0.21051689044822333,-0.23355943907157112,0.23090436371458845,-0.17770545365825316,0.1681679054123448,-0.09437980116590981,0.08278132571373918,0.019663065989540793,-0.03094147659644251,0.14855885948189912,-0.17257849990076402,-0.11097328801752601,0.08873808172537968,-0.07331693446858883,0.09483932533096673,-0.09698937106602737,0.16705283110283484,-0.14985479995592868,0.19638431279164895,-0.1686580552460314,0.10864190141679063,0.04416673008688478,-0.08428339963382545,0.13059477815297582,-0.16498015529206705,0.1752882079217787,-0.20392757546599308,0.23088433210495515,-0.2394216509178821,0.24004432905608758,-0.24029618611769535,-0.199082232914097,0.0002082502583931499,-0.10811933013983578,0.027682081789880065,-0.0359004014439402,-0.009817243558451469,-0.003482436075032098,-0.06369881998826964,-0.04632272211911048,-0.07344695205690094
0.0881103912072369,0.05610509145208534,-0.016184270464211933,0.01972573087668835,0.053705156361782865,0.07855532600072963,0.11323559781488092,0.07486023059933218,0.1936639596061639,-0.0691054704058832,-0.08373566282710262,0.21374434375070814,-0.20634061170487245,0.2131464472176709,-0.22294885221040284,0.24999999999999967,-0.21663656853549002,0.19893002861479517,-0.19403456807334107,0.19214006741427483,0.20984825720736835,-0.20842226047451357,0.17477878037450367,-0.16819380363134295,0.11419085007404561,-0.10775569135965775,0.00675721593028661,0.004466690762336607,-0.1220423007194624,0.14605019291328722,0.0905960427988806,-0.06953969581845228,0.05454252865346538,-0.07332760994516377,0.07523659906919226,-0.14068708442501668,0.12334967899941716,-0.16985501652783314,0.14213200690192496,-0.0897443751165876,-0.03365843733000183,0.06829034895307316,-0.11150987481012971,0.1402985727469677,-0.1501596562423971,0.1774015254196569,-0.20438160638612796,0.21287709690438236,-0.21351610635596918,0.2137411151976989,0.17519444543847104,0.0007828987541216189,0.09467907983340801,-0.024589203637530137,0.0303640005950848,0.008812578340894881,0.0027243530517640367,0.0567031778438022,0.04082722977190085,0.06553367323478365
-0.055885095213357064,-0.05228461109828875,0.0013773381935590957,-0.017469233214343616,-0.03355783149808451,-0.0701309344109826,-0.14617539102938337,-0.06501509054469264,-0.1618207298874078,0.08468788145444588,0.05903826169215642,-0.18089847936123696,0.17350627798446203,-0.18039217254320145,0.19024838437469924,-0.21663656853549002,0.2499999999999998,-0.21923858569340715,0.16427883543072747,-0.1611018401039214,-0.17775720550555693,0.176644780755858,-0.1479022203966854,0.14199720495885418,-0.09294626266865935,0.08956679029699795,-0.031068460376746966,0.021861138928374563,0.09210636145986308,-0.11534347907633934,-0.0836579526387294,0.06724059321861042,-0.0550870433571479,0.06801236965498703,-0.06877052931503919,0.11078764449236173,-0.09337038091160955,0.13841865152782604,-0.11159052032682928,0.06841214796963146,0.03482509937136303,-0.06479437520933759,0.09472780263993474,-0.11828675586198881,0.12563340137588724,-0.14572431891386523,0.1718838118201685,-0.180069862929387,0.18070538308701992,-0.18089571800046356,-0.15047851556812666,-0.0004730241397162238,-0.07910985840406232,0.02128624524140154,-0.02627011264086247,-0.007475032560664755,-0.002236669332009098,-0.04804109104375283,-0.03450309963712397,-0.05536898879190377
0.042341852897781924,0.0510409706195067,0.0046814021952419765,0.022191727378813145,0.028508589393571693,0.06505527594613093,0.12432889942051337,0.07553405350705164,0.1810486269204049,-0.10524695116880649,-0.048470190248341906,0.16685987335562297,-0.15946970904303143,0.16639233269470716,-0.17514947720576,0.19893002861479517,-0.21923858569340715,0.24999999999999972,-0.19287592745164894,0.18530729331501852,0.1647296830292725,-0.16406388659548768,0.1420930957478051,-0.1374333554724081,0.09793163484265333,-0.09575127134567346,0.0512148005048735,-0.04250324395955996,-0.07512006284326048,0.09913634445372588,0.07580039134342208,-0.060569574426442244,0.04891895013848,-0.05942667782653978,0.059776771232838574,-0.09481166662780839,0.07654201604662439,-0.1229870856480358,0.09524404966926416,-0.056406497286775395,-0.03179361549584071,0.05918188976702732,-0.08514260549348311,0.10560583705344931,-0.11233971218886171,0.1305982253833568,-0.15760090969225365,0.1660134589957189,-0.1666812986122225,0.16685733403489306,0.13871277937649254,0.0009429678563646246,0.07171621737585542,-0.019783934284726808,0.023701162259162738,0.00693093374660441,0.00182462649217767,0.04435446949380193,0.03160765697933652,0.05113838089322028
-0.09297662195039645,-0.057980496028798116,0.018749879478032243,-0.027127465244967414,-0.05941791727209225,-0.07836153225127901,-0.06910958746996618,-0.08747172596558567,-0.23652518005923645,0.07494307423647605,0.08728639115681684,-0.21855365599078438,0.21114118917624383,-0.21794261155109396,0.210505285167145,-0.19403456807334107,0.16427883543072747,-0.19287592745164894,0.24999999999999994,-0.2410040771183159,-0.2130081056022996,0.21087184433396583,-0.16541269264386016,0.15712924265217723,-0.09238395014615126,0.08181003675327515,0.0014238159458595386,-0.011681601933472703,0.12689944111983956,-0.15089334984437333,-0.10197758375042495,0.08204151731086036,-0.06794226936001213,0.08631044286235842,-0.08791333025572573,0.14709560481150813,-0.1294793421255689,0.17491660548799778,-0.1471093179252152,0.09333053830793492,0.04165446453164081,-0.07818300067819348,0.1181484916806466,-0.14858727048917034,0.15770988746081754,-0.18295694629636608,0.20936875476300526,-0.2177009122464245,0.21832109003413977,-0.21855030945816342,-0.1815602919689208,1.686132741938585e-5,-0.09773242919539604,0.025331789056526825,-0.03254737003969621,-0.008947775990192605,-0.0030824299481271864,-0.05797643593483397,-0.042016738828435256,-0.0667996263475062
0.09357746220767298,0.05798225517913542,-0.018746372879056557,0.02803759998741244,0.05976749551350462,0.0781935312859134,0.06653586886423658,0.08362688008651774,0.23203294240341346,-0.07483685850159381,-0.08769546396123663,0.21905951221018252,-0.21165041133554466,0.21844714652828773,-0.21051689044822333,0.19214006741427483,-0.1611018401039214,0.18530729331501852,-0.2410040771183159,0.24999999999999978,0.21348548048143642,-0.21133504319935628,0.16487664109267322,-0.15644007348911765,0.09097663433641894,-0.08011626471939945,-0.004014061981761395,0.014095605900944736,-0.12733791173699413,0.15133727059083565,0.10301282168171316,-0.08314905805363905,0.0691422460845206,-0.08771203228329708,0.08934004793701344,-0.14877680499716858,0.1310620217245639,-0.17559986578087486,0.14768427582080257,-0.09374564732791679,-0.04238024130540233,0.07909358342555513,-0.11915647503959152,0.14981655375762545,-0.15890293245653353,0.18408200078321685,-0.21002728033631124,0.21821992798317885,-0.21882653930695298,0.21905615287441035,0.1821711797670108,-0.0001867043052829508,0.0983389667834603,-0.025385108396297543,0.03277672666844197,0.00896429781067871,0.003165325263681449,0.0581092718599414,0.042161395244348324,0.066925153692081
0.11864722860575182,0.06063404906127458,-0.030475643613556543,0.023991255838776794,0.07014956199918077,0.08569569449342233,0.07661396952463129,0.07214247129753885,0.21597311263038768,-0.0456011549413218,-0.10683043957645588,0.2422497389042422,-0.23499611448736224,0.24157314391716225,-0.23355943907157112,0.20984825720736835,-0.17775720550555693,0.1647296830292725,-0.2130081056022996,0.21348548048143642,0.2499999999999998,-0.24679358425707484,0.18671032760971887,-0.17608285234907645,0.09503938316071688,-0.08137498432777925,-0.021436032831038457,0.03274880098956743,-0.15043820612544845,0.17447784571026745,0.1105513686746958,-0.08786259789213789,0.0722715330608643,-0.0948118200560261,0.09705013613507271,-0.16888594023556883,0.15172690289806545,-0.19829830906667842,0.17055109616168487,-0.10997890009334307,-0.043401160138351526,0.08371059678113783,-0.131388636297777,0.16618107732197152,-0.17667528079182682,0.2058431345690643,-0.23282212769777788,0.24136998436589288,-0.2419921016601368,0.2422460413834619,0.2003119709512718,-9.416877695459481e-5,0.10901348636272315,-0.027798185699848293,0.03607932001876314,0.009887269500953892,0.0034873340345603224,0.06420620054694318,0.04669263267993356,0.07406743463372428
-0.1166785969651414,-0.05993602457871016,0.029802616016594747,-0.023708731783374265,-0.06905028238607655,-0.08468673353229071,-0.07645476759479995,-0.07167778438122058,-0.21363941385371465,0.0459076553418721,0.10517637949012282,-0.23916094002785954,0.23197248016757094,-0.2384929235224559,0.23090436371458845,-0.20842226047451357,0.176644780755858,-0.16406388659548768,0.21087184433396583,-0.21133504319935628,-0.24679358425707484,0.24999999999999997,-0.18982824784913818,0.17918530011586492,-0.09813123790285477,0.08445775480011238,0.018361800102206605,-0.029684662036524236,0.14735277680511052,-0.171392493325614,-0.10746350268458872,0.08477348314029041,-0.06918282965340276,0.09172657462948709,-0.09396370092351047,0.16579902889913747,-0.1486396999279974,0.195211212241871,-0.1674640148393652,0.10777836839744032,0.04160142160174185,-0.08119463787116189,0.12894766874397187,-0.1630938039389653,0.17359249080569258,-0.20275502297558567,0.22973869747427428,-0.23828238385557415,0.2389064408035896,-0.23915729755579232,-0.19733646430429164,-9.011819017744358e-5,-0.10741921211834657,0.027395434659416466,-0.03535175917146174,-0.009768748071788232,-0.0033807425677384187,-0.06338997914266892,-0.0460415563378828,-0.07316167271062647
0.082170881313424,0.045553266626834114,-0.01881311008610389,0.01743156547546245,0.049205949824377704,0.06482456764429753,0.06770160956296152,0.06031748849193008,0.16507437632887706,-0.04447677603117835,-0.07541416364479828,0.17903390661809754,-0.1733389254391593,0.17853339177900834,-0.17770545365825316,0.17477878037450367,-0.1479022203966854,0.1420930957478051,-0.16541269264386016,0.16487664109267322,0.18671032760971887,-0.18982824784913818,0.24999999999999992,-0.23889266304622636,0.15811080863015844,-0.14429041690766212,0.041606624010283415,-0.030157508102688614,-0.08728913358827237,0.11132369050230546,0.04736494710877276,-0.024654780360958348,0.009062839815963725,-0.031623694427615645,0.033838231191366454,-0.10569062602484734,0.08852725354063465,-0.13511588746853923,0.10736974947280238,-0.06494107110352838,-0.006581659698406323,0.03223334248368146,-0.08142595101936029,0.10297379972162957,-0.11356362691466439,0.1426327484294987,-0.16971401991053509,0.17817848927168442,-0.17884048894774937,0.17903133565411192,0.13941881598450595,0.00367906077540069,0.07638167721157679,-0.019559696559874735,0.021184488796000107,0.007462533762782663,0.0013064511316369656,0.047502390213920845,0.03336556018171962,0.055529910125832735
-0.07631812399936391,-0.042959129711160934,0.01696117624243025,-0.016367140389994678,-0.04592002131389743,-0.06122634810936665,-0.06533657485094639,-0.05805110734489544,-0.15632970067995375,0.043856093421722815,0.07029388720722461,-0.16843132058833635,0.16301295571992197,-0.1679603743115843,0.1681679054123448,-0.16819380363134295,0.14199720495885418,-0.1374333554724081,0.15712924265217723,-0.15644007348911765,-0.17608285234907645,0.17918530011586492,-0.23889266304622636,0.24999999999999978,-0.16875076276454076,0.1548427557541153,-0.05214634285734902,0.04068339232394443,0.0766914043593681,-0.10072519826828256,-0.037341000219349586,0.014759087241787351,0.000861271774165032,0.0210811963355689,-0.02328942285257569,0.09511821101285935,-0.07794865764189121,0.12452002415892709,-0.09676881888644731,0.05738417286884084,0.0008588373903894392,-0.02411754550043358,0.0731542266648224,-0.09240137755542153,0.10300302500534517,-0.13204464220518428,0.15913289966976119,-0.16758026779885624,0.16824867985746972,-0.1684289362028114,-0.12936576496180752,-0.004232423925547895,-0.07090765949552014,0.0182466489111523,-0.018743687652739767,-0.007062956731934941,-0.0009468269791212405,-0.04469866007898575,-0.031140989708714043,-0.05240797098030252
0.03385889055478611,0.022849261671802318,-0.0049633273206935455,0.008058418286765113,0.021429917126020402,0.03319326220217502,0.04429916945280815,0.03889944938032017,0.08828215869918372,-0.033759271159813684,-0.03275087257903851,0.08736164210650903,-0.08420682478111875,0.08711675846023893,-0.09437980116590981,0.11419085007404561,-0.09294626266865935,0.09793163484265333,-0.09238395014615126,0.09097663433641894,0.09503938316071688,-0.09813123790285477,0.15811080863015844,-0.16875076276454076,0.24999999999999978,-0.2358251844990526,0.13316738525213906,-0.12165683662410733,0.0043385636687337395,0.019692071862662173,-0.03586818474412678,0.05663861157488116,-0.072763927818978,0.05997657369354403,-0.05781529099073305,-0.014053585897070415,-0.003131250158030223,-0.043477235316822335,0.015715548004174858,0.000394142696260921,0.04013670015882722,-0.03481276218110762,-0.010332731269587635,0.01132139269179945,-0.02204785191226344,0.05097064157834757,-0.07819899468585073,0.08654139701237172,-0.08726137213657642,0.08736067023714514,0.053477095474339306,0.008040913203110686,0.028896854349387723,-0.008677896318044232,0.0003575778412240345,0.004060565082318542,-0.0017750482558607926,0.023261220441498493,0.014162874778171951,0.028465601804158396
-0.024991011527942003,-0.019799051357542955,0.0018566484046488702,-0.006751308027012694,-0.01644453336316965,-0.028720310945364834,-0.044744087052546906,-0.03647111327358909,-0.07686747829026595,0.035096408839586195,0.025344629575996036,-0.07370177073538554,0.0708237454023669,-0.0734949495415453,0.08278132571373918,-0.10775569135965775,0.08956679029699795,-0.09575127134567346,0.08181003675327515,-0.08011626471939945,-0.08137498432777925,0.08445775480011238,-0.14429041690766212,0.1548427557541153,-0.2358251844990526,0.24999999999999967,-0.1469712052881113,0.1354183870457528,-0.018050421852266903,-0.005972462940906241,0.03968338801055921,-0.05867837423029346,0.0737348873941943,-0.06326757399596941,0.06158953358988427,0.0007488858971186464,0.01674307752251414,0.029817412871731785,-0.0020315864653980957,-0.010136948331944697,-0.04021263703670245,0.03694770865145478,0.0029384982960392637,-0.0015085396027972474,0.011251671336530635,-0.037356908779848506,0.06457503206496917,-0.07288811691959102,0.0736160169451996,-0.07370099614889922,-0.04298491018011552,-0.008096371649371915,-0.02229266885439686,0.007264828317977555,0.0015389738578174819,-0.0035078924268658216,0.001999057732827027,-0.019682220856052677,-0.011468012970051495,-0.024261937106465205
-0.033161490978118026,-0.0039058575851168816,0.016724268241098697,-0.001400742550226682,-0.017980920415588325,-0.006092474027160887,0.023984269437875502,0.008820425585868175,-0.010857105258184842,-0.030997771934785767,0.02493434764846216,-0.02915840069745646,0.02943712996131593,-0.02907749270964382,0.019663065989540793,0.00675721593028661,-0.031068460376746966,0.0512148005048735,0.0014238159458595386,-0.004014061981761395,-0.021436032831038457,0.018361800102206605,0.041606624010283415,-0.05214634285734902,0.13316738525213906,-0.1469712052881113,0.24999999999999983,-0.23450305969694618,0.11790533528333197,-0.09449165944183846,-0.06199842625580125,0.06635156252508344,-0.0727115505570662,0.08223481897015912,-0.08444051142394379,0.09933188675060645,-0.11917922148752118,0.07290318268518167,-0.1006832286883713,0.08312197801780123,0.03650693963409585,-0.04780615339067782,0.051578547785845794,-0.07022918919532795,0.06846969359712633,-0.06519882847456765,0.03802459976530953,-0.029923260363785002,0.02913449829276832,-0.029157708975209185,-0.034350773507640195,0.008050336210626183,-0.028434677275911178,0.00308143916258628,-0.014192724880865502,-0.0007558484140391214,-0.003977911660471596,-0.007493364356092633,-0.008454778807353245,-0.007525653676979633
0.037590953232610996,0.006999265927966939,-0.017389078136160984,0.0030437847547588924,0.020847677098019556,0.010068318273198993,-0.019714206229678725,-0.00556243633459537,0.021227362418504207,0.02641393705908331,-0.029187202158467304,0.04045752946005459,-0.040329934030512014,0.04034501363485291,-0.03094147659644251,0.004466690762336607,0.021861138928374563,-0.04250324395955996,-0.011681601933472703,0.014095605900944736,0.03274880098956743,-0.029684662036524236,-0.030157508102688614,0.04068339232394443,-0.12165683662410733,0.1354183870457528,-0.23450305969694618,0.24999999999999953,-0.1319850811497198,0.10795663821656462,0.06340186337904948,-0.0659884619146172,0.07103161101952309,-0.08246888858060855,0.08506404806667774,-0.10855012806209888,0.1288035000801917,-0.08389538941522155,0.11181172559495058,-0.09098664623245924,-0.035360950568535464,0.04812038934067965,-0.056621141984329826,0.07683246007404378,-0.07606033543886888,0.07556143563845877,-0.049071147675469225,0.04119755185816322,-0.04042138209320164,0.040456682721242115,0.04261863308660282,-0.007660120160594567,0.033478657913638875,-0.0042000088200113365,0.015289635231938263,0.0012289136818044095,0.0041278201464833375,0.010513772341275398,0.010531218592557838,0.011064750799085048
-0.08603723715345761,-0.037868105608364934,0.02548643960220031,-0.015188149379947865,-0.05042309188908218,-0.0538262195463987,-0.03456345570635828,-0.03813131964046928,-0.13304905207616605,0.013347729279745466,0.07518483396287652,-0.1581737242368832,0.1539577521678187,-0.15773227362908923,0.14855885948189912,-0.1220423007194624,0.09210636145986308,-0.07512006284326048,0.12689944111983956,-0.12733791173699413,-0.15043820612544845,0.14735277680511052,-0.08728913358827237,0.0766914043593681,0.0043385636687337395,-0.018050421852266903,0.11790533528333197,-0.1319850811497198,0.24999999999999967,-0.2256541721488566,-0.06336004760745913,0.04627020584894736,-0.03779206484946225,0.05884789761273643,-0.06285392045046531,0.12904545136505002,-0.15732944874290117,0.18496629117348756,-0.21957643168707716,0.16657164176502984,0.010325366004929474,-0.03586917410838448,0.07761329087930033,-0.11059933746576876,0.11916625594941167,-0.14294038202413156,0.15410046887372159,-0.15778111790997187,0.15800512069235906,-0.15817142275502893,-0.12593357447680278,-0.0016152759185840164,-0.06592788813280437,0.017372529467099027,-0.0231820857583282,-0.006285859505246855,-0.0018941780163044407,-0.041799825949032754,-0.030672331186598976,-0.048924204244611934
0.09570109335784781,0.04436807001335289,-0.02722516415898162,0.01773405711086113,0.056260977576884544,0.06266901715398471,0.04610893604771095,0.04719143772810448,0.15639710563304787,-0.02190713032012753,-0.0844575721306234,0.1822150922356989,-0.1771518984138695,0.18170643540568024,-0.17257849990076402,0.14605019291328722,-0.11534347907633934,0.09913634445372588,-0.15089334984437333,0.15133727059083565,0.17447784571026745,-0.171392493325614,0.11132369050230546,-0.10072519826828256,0.019692071862662173,-0.005972462940906241,-0.09449165944183846,0.10795663821656462,-0.2256541721488566,0.2499999999999996,0.07361632409165825,-0.05418422842885994,0.04403563236953916,-0.0656323733875021,0.06931506028184499,-0.13769439369157824,0.15717049728021326,-0.19471447455528146,0.21716411296742255,-0.1600454635386402,-0.016573489711905212,0.04597008796156298,-0.09053717221269364,0.12449992710329574,-0.13388631137192344,0.15973508231926725,-0.1763047088348602,0.18165648362185507,-0.1820206389017389,0.1822124160617323,0.14623788173294752,0.0017640589416299914,0.07706164192620338,-0.020207847179137466,0.026436265184853924,0.007315401349956185,0.0021322700866378973,0.04818945153351891,0.03514878501223818,0.05622745945417001
0.057703358576946265,0.030328905326886455,-0.01476368442290314,0.012847339965594933,0.033210063080621154,0.042215087374091693,0.037060104987374394,0.03222287041228954,0.1040103100415753,-0.022457772364984998,-0.05210225441827626,0.1182829275773837,-0.1147252479697296,0.11795273702158954,-0.11097328801752601,0.0905960427988806,-0.0836579526387294,0.07580039134342208,-0.10197758375042495,0.10301282168171316,0.1105513686746958,-0.10746350268458872,0.04736494710877276,-0.037341000219349586,-0.03586818474412678,0.03968338801055921,-0.06199842625580125,0.06340186337904948,-0.06336004760745913,0.07361632409165825,0.24999999999999978,-0.2269590533590609,0.20926684660784367,-0.19769382690502715,0.19475007603917166,-0.15996481575689842,0.13275197288886123,-0.10123724186448346,0.06757102932919623,-0.0389505096285222,-0.1536285917890185,0.19118281505533316,-0.15398851114057244,0.17327689332479507,-0.16529308515626748,0.14479785616915355,-0.12465324444879823,0.11881222941367332,-0.11817212235447346,0.11828034398610313,0.1397723618609655,-0.013249933676751889,0.09028249405347155,-0.015227940504091318,0.03395693827885798,0.004802650319895147,0.011547799462558456,0.03284790370555401,0.025971265401265774,0.03250056528825458
-0.04626713499028168,-0.02482332057474177,0.011697169615286924,-0.01081293876559303,-0.02632714784174274,-0.03431737710317118,-0.030330892844664867,-0.0252255480086308,-0.0837811569679846,0.01876899703546357,0.04190293403646995,-0.09559479243485758,0.09269646952018856,-0.0953279762907302,0.08873808172537968,-0.06953969581845228,0.06724059321861042,-0.060569574426442244,0.08204151731086036,-0.08314905805363905,-0.08786259789213789,0.08477348314029041,-0.024654780360958348,0.014759087241787351,0.05663861157488116,-0.05867837423029346,0.06635156252508344,-0.0659884619146172,0.04627020584894736,-0.05418422842885994,-0.2269590533590609,0.24999999999999972,-0.23160153237570552,0.21190643686602476,-0.2080842805051979,0.15540603584996185,-0.12652535422953684,0.0826049968281559,-0.04796830328308889,0.025320956881998723,0.1720162016650814,-0.208615387626532,0.1558284288406986,-0.17154625483170974,0.1605596797080218,-0.13197064861518368,0.10444720366487964,-0.09634623043349425,0.09551038691745699,-0.09559242694139172,-0.1281142744347333,0.015444372835794739,-0.08572462485859624,0.013147499070967383,-0.03315071128947778,-0.003911821521927863,-0.012776628154661785,-0.027089309688082014,-0.022069176185646838,-0.024960888626376725
