x1,x2,x3,x4,x5,x6,x7,x8,x9,x10,x11,x12,x13,x14,x15,x16,x17,x18,x19,x20,x21,x22,x23,x24,x25,x26,x27,x28,x29,x30,x31,x32,x33,x34,x35,x36,x37,x38,x39,x40,x41,x42,x43,x44,x45,x46,x47,x48,x49,x50,x51,x52,x53,x54,x55,x56,x57,x58,x59,x60
0.25,-0.005093243710191158,-0.014005666952588851,0.11496918350446464,0.06186108727563187,0.14242986434073593,-0.02709927843884833,0.02161343360227912,0.1761357384038006,0.15186873819008337,0.21491583964845945,-0.1796141443176441,0.18365824379199802,-0.1794555653096692,0.17816307945676854,-0.18072419628484723,0.18150136992436777,-0.1809593975742659,0.17695129010188002,-0.18149386602901163,-0.010377672522643197,0.01010547720363393,-0.034874819074610444,0.034554864347841885,-0.08140289082927732,0.08025316972955157,-0.12476330852521138,0.12378860701286745,-0.18096399067586325,0.17958204499700264,0.007993994643340135,-0.014194845619876315,-0.045006413757839314,0.023689352710901015,-0.07406223216664894,0.07147444603574618,-0.12013065272495582,0.11907648705583768,-0.17720620257962313,0.1769687598028165,0.14013946770832192,-0.17765583556540013,0.17816971417755997,-0.17602147290576875,0.17107111083255552,-0.178621597746462,0.17396315090942527,-0.1818284508143902,0.18133707812726363,-0.1818263362095798,0.134169596981157,0.09451486957479614,-0.09003526133113424,0.09440176648876444,0.13163660988793568,0.15403121772174191,-0.13179381798229695,0.11460000624127027,0.18106718377824557,0.16759848399045393
-0.005093243710191158,0.25000000000000006,-0.22344892054663124,0.09905668989478549,0.15563598408605983,0.030451411270555402,-0.1420739228778275,0.13564966715256424,0.049916853863687445,0.06371110851149064,0.009823842930987153,-0.04569030728475039,0.051155660815816587,-0.044365642558932515,0.04276179775707986,-0.044121236526034946,0.04520050561163463,-0.04520784699361651,0.04839786333299724,-0.04508091827499407,-0.0075079454081881415,0.007556879425040842,-0.013224007317052729,0.013142935785395153,-0.023757007353590532,0.0234716323212152,-0.032847314536898056,0.03260002176652731,-0.0447396436414574,0.044398922357519646,0.006886250371274907,-0.008301145542836532,-0.007817063775761291,0.002976790876492573,-0.016630566760178378,0.016042676517507473,-0.02884688559461444,0.028606409512680474,-0.043770702440411716,0.043713766457754856,0.03467521436047541,-0.04376755334901228,0.04400386551762178,-0.04334129006115649,0.042071460846578417,-0.0440608351945062,0.04301118904580805,-0.04490283914770064,0.04478099279670796,-0.04490231718622209,0.033301445775771835,0.023323966154166507,-0.022211850148163185,0.023264013347588916,0.0324780252360574,0.03802665847539558,-0.03251496162860569,0.028259821891272678,0.04471424034260672,0.04138607224623712
-0.014005666952588851,-0.22344892054663124,0.2499999999999999,-0.11277692272936496,-0.15776238919613014,-0.02389493375077373,0.13539448602250093,-0.1290090739878684,-0.05312949062633026,-0.06554175398297472,-0.013272798195245069,0.048922100836207814,-0.0637112607774325,0.047572018569324546,-0.045732251148748355,0.04733637504518799,-0.048445537446374164,0.04844856063645653,-0.0515977361075238,0.04832402121659168,0.004682646771475434,-0.004729686292762193,0.01040949462502692,-0.010322097600340446,0.022788328314768055,-0.022483188626941184,0.033702224688878915,-0.033445974903527756,0.047956456309578364,-0.0475924833572178,-0.00405103402078311,0.0054906997599579906,0.010776807642248736,-0.0051303197035390685,0.01890019424448615,-0.018241843074641856,0.03143002520450503,-0.031159804204148534,0.04691529405879263,-0.04685315373573575,-0.037132978597181086,0.04700148639644844,-0.04717858505904037,0.04656090950651741,-0.04522919999178272,0.04727521456202533,-0.04608251138971477,0.04814565987610429,-0.04801533517491969,0.04814510009753963,-0.035590553917967026,-0.025019716651059887,0.023832198259719446,-0.02497678221423532,-0.034843837814039706,-0.04078079795981103,0.034885130111437956,-0.030328658688199978,-0.04794385721461272,-0.04437671066163046
0.11496918350446464,0.09905668989478549,-0.11277692272936496,0.2499999999999998,0.02582955631302891,0.15126362500222304,-0.011033206242151216,0.008354367235816555,0.16545776523182468,0.14221594703469526,0.13730733177962076,-0.1691796943721379,0.15648945530770325,-0.16841578361328746,0.1669651447077775,-0.16971169451822848,0.17056251044918574,-0.1700116952208272,0.16622842533340446,-0.17055134352946283,-0.01928093977172718,0.019008157301228235,-0.04134894635320137,0.041051196676899576,-0.08303192227607539,0.08196041792391104,-0.12114530906661196,0.12022655603645226,-0.17010754311825213,0.1688062161199408,0.016967418449557056,-0.02254804448368479,-0.035973331054134916,0.016867229867974905,-0.06654297083334632,0.06420231552213576,-0.11139329392752224,0.11043875733915809,-0.16656814376926654,0.1663481708804384,0.13183600680346313,-0.16676377061823347,0.1674570283773201,-0.16518610681539142,0.16044621654283164,-0.16777956647524575,0.16359087646098053,-0.17088647358844833,0.17042374415080844,-0.1708844866499853,0.12641704151440245,0.08879581881478832,-0.0845729407150222,0.08862850855658795,0.12365835677072898,0.14473992953205275,-0.12380226822858115,0.10762610185179483,0.17016987031995315,0.15750781563674313
0.06186108727563187,0.15563598408605983,-0.15776238919613014,0.02582955631302891,0.24999999999999978,0.06234591271728267,-0.21030944573239926,0.19844394914408453,0.1056676973193318,0.1175207973377631,0.06499533279543465,-0.10095305310529305,0.10926235286495861,-0.09959094686117387,0.09838564592621604,-0.09954171439607896,0.10099010572652614,-0.10088379535226007,0.10397175562392418,-0.10084109555270657,-0.010189881598129565,0.010181929376841745,-0.02366793476272651,0.023487358193401267,-0.04823955190119089,0.047599326585159835,-0.07067061804814129,0.07012303920532842,-0.10026753102952522,0.09950527087811287,0.00884167895063906,-0.012212749411463365,-0.02191643569539526,0.010627247514847234,-0.03962636950917882,0.03823995342059715,-0.06586405046851553,0.0652974978250336,-0.0981541623502439,0.09802411925171306,0.0776679346628311,-0.09828827997611302,0.0986717552426662,-0.09736375544498165,0.09458318646501276,-0.09887575859180048,0.09638291571593949,-0.10069376348201003,0.10042123173995426,-0.10069259261207415,0.07445166416114055,0.05232607690790813,-0.049838829301725056,0.052235446688794686,0.07287192384215288,0.08528980366890646,-0.0729569839004259,0.06342754797326892,0.10027164860942261,0.09281110771476572
0.14242986434073593,0.030451411270555402,-0.02389493375077373,0.15126362500222304,0.06234591271728267,0.24999999999999967,-0.10186674734429697,0.09346334724798402,0.2020276031197914,0.17865978506804694,0.17317596093290377,-0.2051066850353861,0.1827864257136688,-0.20432042316495444,0.20353456356308813,-0.20583142890157438,0.20703128634025006,-0.20635682468810385,0.20262035993377114,-0.20699170019220517,-0.022594938499060344,0.022279806074947422,-0.04970685292640524,0.04934389142648832,-0.10025004223669087,0.09894662921842048,-0.14650111208357383,0.14538420931039805,-0.20642075776112973,0.20484324796919065,0.01976505444904976,-0.02661315506206914,-0.04414818787138536,0.020966199835578292,-0.0810586937889212,0.07821356401028227,-0.13534520666388816,0.13418350078703717,-0.2021320744066366,0.20186482631496727,0.15996864307792508,-0.20238060429511615,0.2032042275185348,-0.20046971802092453,0.19472727845780974,-0.20360585088239377,0.19850503223507107,-0.20736655684795194,0.20680514374396572,-0.20736414568602884,0.15337633435776027,0.10775442693327934,-0.10263058780128258,0.10755709019899283,0.15006154431255445,0.17564036965022778,-0.15023630669263058,0.1306085932385299,0.206497076823889,0.1911323439556345
-0.02709927843884833,-0.1420739228778275,0.13539448602250093,-0.011033206242151216,-0.21030944573239926,-0.10186674734429697,0.24999999999999978,-0.23800902404537772,-0.06900473416622828,-0.0847081623201077,-0.029589879116691236,0.06379848128158312,-0.07214603586656385,0.06244561892280695,-0.06136574964278662,0.06239711102926167,-0.0638493127566198,0.06374023369872085,-0.0672453315846651,0.06369794234164292,0.0046899216483974465,-0.0047191239001540645,0.013259511129013836,-0.013143081975585582,0.029782292617217238,-0.029373137832549173,0.0441685503139851,-0.04382209590167861,0.06329078121085967,-0.06280842547367406,-0.0038119060449272775,0.0059523154796612375,0.015047952035471438,-0.0074788585577883725,0.02533430295980538,-0.024450888675491764,0.04169625833742677,-0.041333899695634155,0.06192226689860884,-0.06183977888824128,-0.048993825221494286,0.06207015094397389,-0.062272253323513015,0.06149126278801568,-0.05974518026371211,0.06241373121749785,-0.06081369759448743,0.06355032682293779,-0.06337842737779024,0.06354958790656536,-0.046930268905271334,-0.03302984649892034,0.03146537214531983,-0.03298241622672052,-0.04600089419953341,-0.05383234846926989,0.046055862350821326,-0.04004385009507323,-0.06328412131637591,-0.058576175963008535
0.02161343360227912,0.13564966715256424,-0.1290090739878684,0.008354367235816555,0.19844394914408453,0.09346334724798402,-0.23800902404537772,0.25,0.05740015593840845,0.07323808203623755,0.023105411291077554,-0.055431135824615674,0.06392635534335156,-0.05411441455273538,0.053133258105814575,-0.05403881801126556,0.05544185519760728,-0.05534589441532443,0.059178204633329894,-0.05529411812813555,-0.0038479765274956855,0.0038858731823194666,-0.01132350541073993,0.011221914631352938,-0.02579802948251703,0.02544162322843524,-0.038282502955405896,0.037981149725308964,-0.05492063801970764,0.054501977039793585,0.003082419836558145,-0.004946735889458154,-0.013206490232618884,0.006577050757110521,-0.022014646906152645,0.02124727384456938,-0.03619134203527295,0.03587640714696959,-0.05372592188032082,0.05365430065521556,0.042508599207140896,-0.053862672958722956,0.054033023248405504,-0.05336077616258935,0.0518465824139981,-0.05415718442783819,0.05276578877076993,-0.05514226377912209,0.054993117969411094,-0.05514162263528502,0.0407139409431179,0.02866048338619761,-0.027303769467745615,0.02862052132099586,0.03991588555599173,0.04671049760874724,-0.039963752591530656,0.03474741520436805,0.054911303312127936,0.05082631411291045
0.1761357384038006,0.049916853863687445,-0.05312949062633026,0.16545776523182468,0.1056676973193318,0.2020276031197914,-0.06900473416622828,0.05740015593840845,0.24999999999999975,0.21457959076516891,0.20786529373509374,-0.24188711731345997,0.21910214438366304,-0.24108581785351024,0.23918968519679254,-0.24260491734805514,0.24381609030700768,-0.24313901441041555,0.24659367254314904,-0.2437807070659285,-0.028376060426254304,0.028023779007814997,-0.06034065228130546,0.059914409850713835,-0.11890259750346403,0.11737065769071645,-0.17300483249195853,0.17168758054966085,-0.24304550231165048,0.24118992470831302,0.025078204615881533,-0.033141663569751664,-0.0507234119348353,0.023837031605302282,-0.09505000813478658,0.09171003682123774,-0.1591937401497979,0.15783140105526824,-0.23801303911405736,0.23769884254966023,0.1883726986574876,-0.238244666780701,0.23925532786755427,-0.23598909267704463,0.22921729869615487,-0.23971380753370006,0.23373747522337288,-0.2441541925722703,0.24349306180039806,-0.24415135363601065,0.18064608406138669,0.12686460343296133,-0.12082702447335471,0.1266219573280085,0.176672909360359,0.20679562820889294,-0.17687744833867372,0.15376518820379456,0.24313025213487552,0.22503912154395445
0.15186873819008337,0.06371110851149064,-0.06554175398297472,0.14221594703469526,0.1175207973377631,0.17865978506804694,-0.0847081623201077,0.07323808203623755,0.21457959076516891,0.24999999999999942,0.1818161225767617,-0.2145993828219635,0.1941304396427069,-0.21377925644842424,0.2119552170997637,-0.21510442860089898,0.21629011874677792,-0.21569163660201313,0.21165890272901614,-0.21624283564010918,-0.02596198975230178,0.02566357620993645,-0.05444965975033421,0.05407109780550008,-0.10620161082492544,0.10484123456299987,-0.15387140300819946,0.15270049428466434,-0.21558716769016037,0.21394058321621087,0.022985621862169292,-0.030163340762589266,-0.04444977040819065,0.02067978489090372,-0.08403989066350061,0.08108499658332578,-0.1410746908177945,0.13986948908253521,-0.21111544373494517,0.2108370201000228,0.16709364015946304,-0.21130261839978096,0.21221613299627756,-0.20929780035754636,0.20328383978535014,-0.21261414982001417,0.20732929471661007,-0.21656067885314528,0.21597418671103194,-0.21655816080493206,0.16025613411750733,0.11252418610725713,-0.1071681842368965,0.11230401481804432,0.15670124053731177,0.18342244908050861,-0.156882334656496,0.13638070813018113,0.21565236560464718,0.19960551159040188
0.21491583964845945,0.009823842930987153,-0.013272798195245069,0.13730733177962076,0.06499533279543465,0.17317596093290377,-0.029589879116691236,0.023105411291077554,0.20786529373509374,0.1818161225767617,0.24999999999999975,-0.2134594642709537,0.1894594513004686,-0.2111349232117178,0.2096072147961313,-0.2124793021476533,0.21337312527452257,-0.21279006287136618,0.20865223063612087,-0.21335772066437167,-0.02246765406076845,0.022161168693562328,-0.05066686232208556,0.050292946286918314,-0.10230435295222495,0.100961962589204,-0.15037486162592506,0.14922323407457458,-0.21272373483324442,0.21110039998851907,0.019580572756319886,-0.02669649646311366,-0.045991083329018995,0.02228391252952875,-0.08402833489472646,0.08108103347276285,-0.13975835561028652,0.13855658945586397,-0.20833009163729493,0.2080542357767222,0.16484886927690887,-0.20858470218540043,0.2094166599337117,-0.20662201236297242,0.20071853526009248,-0.20984525480953967,0.20456434493167983,-0.2137068519963069,0.21312841772926172,-0.21370436695387438,0.15803708689221024,0.11105181123229874,-0.1057696199038727,0.11085513295369416,0.15465530374989192,0.18101270243255854,-0.15483517908004227,0.1346096587038803,0.2128108939688625,0.19697683083459241
-0.1796141443176441,-0.04569030728475039,0.048922100836207814,-0.1691796943721379,-0.10095305310529305,-0.2051066850353861,0.06379848128158312,-0.055431135824615674,-0.24188711731345997,-0.2145993828219635,-0.2134594642709537,0.24999999999999972,-0.22519316176193893,0.24466434778734034,-0.24276651282514639,0.24618345722624183,-0.2473942768922835,0.2467174987659538,-0.24254018708852515,0.24735599274374057,0.03119013846152395,-0.030833775574047664,0.06293180694652828,-0.06249935858834957,0.12168949841392343,-0.12014001733202376,0.17608587892734606,-0.1747548309447783,0.24661217280084716,-0.24473137610141557,-0.027818616815456623,0.03583628343439557,0.04998422819987526,-0.023017728535908687,0.09582995714109227,-0.09246661489655852,0.16123213550521162,-0.1598582754870215,0.24151809290375778,-0.2411999921578942,-0.1911656868032528,0.24168752339366634,-0.24276457070634938,0.23939199445829418,-0.2325033841129254,0.2432081699976121,-0.2371854924674819,0.24773281251266727,-0.24706180437608258,0.2477299320053094,-0.18337108743744185,-0.12871665518653214,0.1225857225532151,-0.12845616277524574,-0.1792491635041353,-0.20982145126357954,0.17945560835536212,-0.15600092208567345,-0.24669359461198004,-0.22833643270855938
0.18365824379199802,0.051155660815816587,-0.0637112607774325,0.15648945530770325,0.10926235286495861,0.1827864257136688,-0.07214603586656385,0.06392635534335156,0.21910214438366304,0.1941304396427069,0.1894594513004686,-0.22519316176193893,0.25,-0.2238407302983305,0.2200187157378218,-0.2233963584473987,0.22460757172920073,-0.22393057137512057,0.21975640907515326,-0.22456885006483804,-0.017678276607836774,0.017345878513424146,-0.046498276497187414,0.04610297780792752,-0.1033831716949298,0.10197195540189641,-0.15589645002567568,0.15470021462124034,-0.22389546008817687,0.222187251173274,0.014699418147585325,-0.022017742944586277,-0.05268829782339539,0.026665621295813083,-0.09010608864997112,0.08696019638706762,-0.14784443900823108,0.14655901706227636,-0.21923639758836092,0.21894426826981292,0.17343589490500827,-0.2196841353135783,0.22042387469675545,-0.21764419203251506,0.21147587132017928,-0.22093184996585924,0.21526234504819114,-0.22494549787469365,0.22433714612909691,-0.22494288205335194,0.16614468981571937,0.11691181049364788,-0.11136333688462458,0.11674106224260382,0.16282358466966584,0.19054576478378557,-0.16301645937285306,0.1417369808711014,0.22400314924137432,0.2073386994111305
-0.1794555653096692,-0.044365642558932515,0.047572018569324546,-0.16841578361328746,-0.09959094686117387,-0.20432042316495444,0.06244561892280695,-0.05411441455273538,-0.24108581785351024,-0.21377925644842424,-0.2111349232117178,0.24466434778734034,-0.2238407302983305,0.25,-0.24613872012792876,0.24538899006835707,-0.24659300715395244,0.24591609967533015,-0.24173889143881458,0.24655459858364734,0.03199063683683322,-0.03163540928540165,0.06469960588164715,-0.06427096457289591,0.12317803826643899,-0.12165780885232375,0.17656825949623914,-0.17522679215832127,0.24582374180743669,-0.2439447466151703,-0.02862037484208753,0.0368486938218658,0.048961157162776145,-0.022067827329924107,0.09494075484037448,-0.0915955717959236,0.16042828719356028,-0.15906352553452655,0.2407254915845366,-0.24040889281463512,-0.19056099380667268,0.24088324923029636,-0.24197982661893377,0.2385837859311578,-0.2317014552631253,0.24240502308475487,-0.23643168132776254,0.24693141757295775,-0.24626241225334355,0.24692854653729623,-0.18281582344909542,-0.12829648989116282,0.12218710115634406,-0.1280292580426599,-0.17866214994915866,-0.20914002194512227,0.17886766123350908,-0.1554861166780457,-0.2458954146321589,-0.2275970720424906
0.17816307945676854,0.04276179775707986,-0.045732251148748355,0.1669651447077775,0.09838564592621604,0.20353456356308813,-0.06136574964278662,0.053133258105814575,0.23918968519679254,0.2119552170997637,0.2096072147961313,-0.24276651282514639,0.2200187157378218,-0.24613872012792876,0.25000000000000006,-0.24618709633335262,0.24474600196714505,-0.24401811892816802,0.23984215631010417,-0.2446561427870631,-0.03233313482594939,0.03197983296604291,-0.06479425498571285,0.06436981799407207,-0.12347439692237708,0.12197682241468706,-0.17595590305473274,0.17462081425552195,-0.24394038562919054,0.2420722279549138,0.028980304808737062,-0.03714189376095073,-0.04818251229523242,0.021209497139836678,-0.09366963326809835,0.09036336609676163,-0.1588874305979571,0.15753761067224947,-0.2388480293684148,0.23853430962193764,0.18910410650834633,-0.23901851414877787,0.24011947436037578,-0.23672880892027998,0.22988341509722843,-0.24052595559176793,0.23462303709714002,-0.24503271781417846,0.24436869838878472,-0.24502986905394197,0.18143402034053785,0.12730757688879976,-0.12124840916893587,0.12703629819921688,0.17728337201966998,0.20753009190226676,-0.17748776546301115,0.15428360970721366,0.24400458728335372,0.22584650241844934
-0.18072419628484723,-0.044121236526034946,0.04733637504518799,-0.16971169451822848,-0.09954171439607896,-0.20583142890157438,0.06239711102926167,-0.05403881801126556,-0.24260491734805514,-0.21510442860089898,-0.2124793021476533,0.24618345722624183,-0.2233963584473987,0.24538899006835707,-0.24618709633335262,0.25000000000000006,-0.24850760984145076,0.2474352725089533,-0.2432578393217975,0.24807374130429694,0.03047270557807573,-0.030116157522164386,0.06318414949972886,-0.06275180641136588,0.12300515218980684,-0.12145529686228491,0.17718081500863017,-0.17583366022662225,0.24733258443712255,-0.24544083697851463,-0.027101126074770415,0.0353398526422599,0.05048037454640529,-0.02301190511994946,0.09589087660288381,-0.0925137023692268,0.16155937638954226,-0.16018100077080333,0.24218322853483143,-0.2418642524986957,-0.19170987170383882,0.24240236255049652,-0.24346674540100438,0.24009451123617767,-0.2331796127084711,0.2439079974777383,-0.2378701470541387,0.24845056510850763,-0.2477775554059355,0.248447676435497,-0.18388354195611875,-0.1290912609227433,0.122948831808221,-0.12883204936026338,-0.1797708303058958,-0.21043045211127864,0.17997883260177025,-0.15645579645946137,-0.24740838886035782,-0.22899807065558084
0.18150136992436777,0.04520050561163463,-0.048445537446374164,0.17056251044918574,0.10099010572652614,0.20703128634025006,-0.0638493127566198,0.05544185519760728,0.24381609030700768,0.21629011874677792,0.21337312527452257,-0.2473942768922835,0.22460757172920073,-0.24659300715395244,0.24474600196714505,-0.24850760984145076,0.25,-0.24882542330478616,0.2444690233339585,-0.24928469790696395,-0.029203599950739345,0.02884608739911594,-0.06191521740092977,0.061479438235772274,-0.12174469675476329,0.12017999261322623,-0.17704166392410628,0.17569432581386973,-0.24852930354805808,0.2466315622903975,0.025831589341491754,-0.034081539563161276,-0.051732285658812605,0.024260815057673114,-0.09712916404174364,0.09371425993520219,-0.16275227284507487,0.16135993557620293,-0.24338168752391728,0.24306046890167646,0.1926242305997844,-0.24361437349981635,0.24465212845738973,-0.24130692329692408,0.23438053368456668,-0.24511879956468707,0.23901165327813692,-0.24966131830511185,0.2489852547713961,-0.24965841534233474,0.1847273029738808,0.12972546568226226,-0.12355148621277974,0.12947610484916264,0.18065673483063283,0.21145962853899472,-0.18086580369990693,0.15723186684375606,0.24861425769903872,0.23011498325641905
-0.1809593975742659,-0.04520784699361651,0.04844856063645653,-0.1700116952208272,-0.10088379535226007,-0.20635682468810385,0.06374023369872085,-0.05534589441532443,-0.24313901441041555,-0.21569163660201313,-0.21279006287136618,0.2467174987659538,-0.22393057137512057,0.24591609967533015,-0.24401811892816802,0.2474352725089533,-0.24882542330478616,0.25000000000000006,-0.24564267237733434,0.24860778210851073,0.02993912055579752,-0.02958211130872672,0.06265157281860533,-0.06221777019720974,0.12247692749213254,-0.12092150107652848,0.17795897502738078,-0.17661145816910243,0.2478694450260863,-0.2459703527062565,-0.02656708018879486,0.03481056191874893,0.05101441731027226,-0.023543683554503113,0.09642491831585864,-0.0930087321139957,0.16205536556837544,-0.16067088690198267,0.242702191138379,-0.242382239624918,-0.1921131626559221,0.2429363957671047,-0.24398961488165008,0.24062852991085124,-0.2337075827464166,0.2444411472304128,-0.23837396859392984,0.24898460670786576,-0.24831022992746768,0.24898171172267472,-0.18425633822030288,-0.12937022233811749,0.12321398732634826,-0.12911496033184244,-0.18016084764663198,-0.2108840561913408,0.18036936958315689,-0.15679727904528692,-0.24794026497951643,-0.22949067536696902
0.17695129010188002,0.04839786333299724,-0.0515977361075238,0.16622842533340446,0.10397175562392418,0.20262035993377114,-0.0672453315846651,0.059178204633329894,0.24659367254314904,0.21165890272901614,0.20865223063612087,-0.24254018708852515,0.21975640907515326,-0.24173889143881458,0.23984215631010417,-0.2432578393217975,0.2444690233339585,-0.24564267237733434,0.2500000000000002,-0.24518188635484592,-0.029656066222597463,0.029303039080797247,-0.061861412925935694,0.061435240057620605,-0.12080595757234408,0.1192770481385602,-0.17526912747821932,0.17394251348592085,-0.24373707486519886,0.24186966134628146,0.02633783398790307,-0.034451449319493246,-0.04999885060777222,0.022934151317398926,-0.09465038142525224,0.09129322035495585,-0.15924878759176803,0.1578888643032832,-0.23862332063055886,0.2383088701652405,0.18889285693315136,-0.2388554566133351,0.23989594631494765,-0.23658391206193446,0.22977447585930338,-0.2403352772128687,0.23437749908284733,-0.2448069915959611,0.24414388258423111,-0.24480414523438043,0.18117331443025736,0.12719865467088762,-0.1211463960564161,0.12694568679012233,0.1771362517873561,0.2073450630415462,-0.17734134160669293,0.15416402979793578,0.24378013898233736,0.22563996595897534
-0.18149386602901163,-0.04508091827499407,0.04832402121659168,-0.17055134352946283,-0.10084109555270657,-0.20699170019220517,0.06369794234164292,-0.05529411812813555,-0.2437807070659285,-0.21624283564010918,-0.21335772066437167,0.24735599274374057,-0.22456885006483804,0.24655459858364734,-0.2446561427870631,0.24807374130429694,-0.24928469790696395,0.24860778210851073,-0.24518188635484592,0.2500000000000002,0.028996329600839865,-0.028638805107231158,0.06169344298581937,-0.061257565271120445,0.12149776220570162,-0.11993214103849117,0.17689168125641058,-0.17554527021119087,0.24851440468956354,-0.24661847569534193,-0.02562680990178305,0.03387431750169477,0.05186555336327954,-0.024405920128930128,0.09721158470791583,-0.09379441233079262,0.16277788975057075,-0.16138480443120629,0.24334610242507082,-0.24302484339337474,-0.1925919148820061,0.2435814385757752,-0.2446145086995842,0.24127578769202893,-0.23435325582486974,0.2450841044592368,-0.2389726712237329,0.24962309805477545,-0.24894716660262806,0.24962019551203837,-0.18469171803293757,-0.12970631391355536,0.12353319298167811,-0.12945849662527123,-0.18063042370527166,-0.21142776675280278,0.18083948960703372,-0.15720965523607963,-0.24857622450695524,-0.2300798832045057
-0.010377672522643197,-0.0075079454081881415,0.004682646771475434,-0.01928093977172718,-0.010189881598129565,-0.022594938499060344,0.0046899216483974465,-0.0038479765274956855,-0.028376060426254304,-0.02596198975230178,-0.02246765406076845,0.03119013846152395,-0.017678276607836774,0.03199063683683322,-0.03233313482594939,0.03047270557807573,-0.029203599950739345,0.02993912055579752,-0.029656066222597463,0.028996329600839865,0.2500000000000002,-0.2496406540748501,0.21702899666799153,-0.21704716438102872,0.15709600590118938,-0.15725166811046565,0.1011464125755949,-0.10110661165663125,0.029435877347591535,-0.029273667635971588,-0.24661743764253974,0.2385131633897029,-0.1541544411383245,0.12686765926205054,-0.05911374585151838,0.05709895959201134,-0.01499062257372653,0.014259267369420106,0.029516300050715764,-0.02955533349419003,-0.025638185408206737,0.023075307539086983,-0.028586391259512265,0.0218963947350716,-0.019093142369631493,0.02623271784863649,-0.030076428500970462,0.028924814972525206,-0.028825140075147658,0.028924485451135944,-0.0295414337559101,-0.014240038920136845,0.013099049153520347,-0.012696198114678668,-0.01951475140345372,-0.02394470297061512,0.019427539986273976,-0.016283859198687814,-0.02877473327812853,-0.02653721377246433
0.01010547720363393,0.007556879425040842,-0.004729686292762193,0.019008157301228235,0.010181929376841745,0.022279806074947422,-0.0047191239001540645,0.0038858731823194666,0.028023779007814997,0.02566357620993645,0.022161168693562328,-0.030833775574047664,0.017345878513424146,-0.03163540928540165,0.03197983296604291,-0.030116157522164386,0.02884608739911594,-0.02958211130872672,0.029303039080797247,-0.028638805107231158,-0.2496406540748501,0.2500000000000001,-0.21692724661284568,0.21694607218844503,-0.15689651568098745,0.15705399496565386,-0.10085084559683899,0.10081265876516099,-0.02907925528786124,0.028925996252642482,0.24643938014287073,-0.23833431187392204,0.15415925980942946,-0.12684557734019064,0.05922228472374374,-0.057204158538782926,0.015208867303606877,-0.014476008800266267,-0.02916669822741521,0.02920614976042921,0.0253603371641197,-0.022729097999980314,0.028235440128268733,-0.021553157071185908,0.01876072605249961,-0.02588229722225169,0.02973257694009493,-0.028566930068561168,0.028468236158068504,-0.028566604716455023,0.029272311872247294,0.014054707047970245,-0.012923087472722413,0.012512149331214122,0.01925672613944393,0.023641970913186244,-0.019169261303761946,0.01605965067289733,0.02841836690399051,0.026207416223528908
-0.034874819074610444,-0.013224007317052729,0.01040949462502692,-0.04134894635320137,-0.02366793476272651,-0.04970685292640524,0.013259511129013836,-0.01132350541073993,-0.06034065228130546,-0.05444965975033421,-0.05066686232208556,0.06293180694652828,-0.046498276497187414,0.06469960588164715,-0.06479425498571285,0.06318414949972886,-0.06191521740092977,0.06265157281860533,-0.061861412925935694,0.06169344298581937,0.21702899666799153,-0.21692724661284568,0.24999999999999997,-0.24955124049162908,0.18960569681116166,-0.18919136798270836,0.1332913556033931,-0.13244653276515034,0.06209471104682996,-0.061570091767103145,-0.21383096126093049,0.22065777696968375,-0.13633080809858455,0.11156540305870721,-0.039412774262178964,0.0385645001748576,0.010995766433887229,-0.01140160950764162,0.061374562989678756,-0.06136102369461956,-0.05044577412562775,0.05559815419375139,-0.06060336499574735,0.05404668234343879,-0.05057472909050932,0.058587029565574086,-0.061152316584837316,0.061639295005727256,-0.06145330725128233,0.061638584360259596,-0.05278557338107914,-0.03132927373630394,0.029463423343287762,-0.029959818572023088,-0.04335401025416999,-0.05172005115583614,0.04329410252082325,-0.0370995441916975,-0.06135507492492055,-0.05670385775343816
0.034554864347841885,0.013142935785395153,-0.010322097600340446,0.041051196676899576,0.023487358193401267,0.04934389142648832,-0.013143081975585582,0.011221914631352938,0.059914409850713835,0.05407109780550008,0.050292946286918314,-0.06249935858834957,0.04610297780792752,-0.06427096457289591,0.06436981799407207,-0.06275180641136588,0.061479438235772274,-0.06221777019720974,0.061435240057620605,-0.061257565271120445,-0.21704716438102872,0.21694607218844503,-0.24955124049162908,0.24999999999999983,-0.1897258323831897,0.1893143015869997,-0.13306912032734358,0.1322260473445665,-0.061660861674878026,0.0611498010574859,0.2138760542899674,-0.220694717204857,0.13656050030006958,-0.11173543079873328,0.03965240293051532,-0.03879716421125322,-0.01067525714716684,0.011083936556919619,-0.06094835239023676,0.06093541391871377,0.05011174782620533,-0.05517133458946302,0.06017544185416776,-0.053618968526792335,0.05015714501864952,-0.05815618980648834,0.06073569908820696,-0.06120260375138455,0.061017783919040905,-0.061201898232360635,0.05246704442307246,0.03110265080310989,-0.029248525837834757,0.02973320716223428,0.04303780467052951,0.05135016129260651,-0.04297748495170474,0.03682393466945091,0.060920207027406206,0.05630129394254212
-0.08140289082927732,-0.023757007353590532,0.022788328314768055,-0.08303192227607539,-0.04823955190119089,-0.10025004223669087,0.029782292617217238,-0.02579802948251703,-0.11890259750346403,-0.10620161082492544,-0.10230435295222495,0.12168949841392343,-0.1033831716949298,0.12317803826643899,-0.12347439692237708,0.12300515218980684,-0.12174469675476329,0.12247692749213254,-0.12080595757234408,0.12149776220570162,0.15709600590118938,-0.15689651568098745,0.18960569681116166,-0.1897258323831897,0.25000000000000017,-0.24839652726280415,0.1923968945889993,-0.19112401893855957,0.12188012914853047,-0.12060912228841993,-0.15386010434279193,0.1608966615760945,-0.07649488290534172,0.1035018543088373,-0.03108451826943527,0.030712844051550413,0.03781813520829984,-0.03787403124952926,0.11648954096971337,-0.11640300871030825,-0.09573189060299861,0.11543686898432505,-0.11914657981087409,0.11312129836258711,-0.1074910238645525,0.11700854168712561,-0.11808332474311116,0.12147510488521288,-0.12112314505298415,0.12147371413932143,-0.09516774640898082,-0.0626004189582088,0.059768106181331576,-0.061354587714740026,-0.08690349895822828,-0.10251263137040845,0.08700100695637758,-0.07512266743624317,-0.12094597796546426,-0.11186778011553201
0.08025316972955157,0.0234716323212152,-0.022483188626941184,0.08196041792391104,0.047599326585159835,0.09894662921842048,-0.029373137832549173,0.02544162322843524,0.11737065769071645,0.10484123456299987,0.100961962589204,-0.12014001733202376,0.10197195540189641,-0.12165780885232375,0.12197682241468706,-0.12145529686228491,0.12017999261322623,-0.12092150107652848,0.1192770481385602,-0.11993214103849117,-0.15725166811046565,0.15705399496565386,-0.18919136798270836,0.1893143015869997,-0.24839652726280415,0.25000000000000017,-0.1929598568140552,0.19169046665729558,-0.1203818304955235,0.1191483410931518,0.15415535467601707,-0.16111648597868225,0.077007733204641,-0.10383078960363848,0.0318691212055202,-0.03148331730304539,-0.036701348522009875,0.03676978354123141,-0.11495304124534739,0.11486870434977943,0.09452036794671949,-0.11389399811159406,0.11761010052578251,-0.11159924333070734,0.10600805529602213,-0.11546339325637645,0.11658870037236835,-0.11990638244627305,0.1195586908886886,-0.11990501002471014,0.0940176226723063,0.06178775756300511,-0.05899314682055124,0.06053859622877816,0.08576901208301571,0.10118463937536028,-0.08586456061991746,0.0741336108593595,0.11938381230230015,0.11042167603697824
-0.12476330852521138,-0.032847314536898056,0.033702224688878915,-0.12114530906661196,-0.07067061804814129,-0.14650111208357383,0.0441685503139851,-0.038282502955405896,-0.17300483249195853,-0.15387140300819946,-0.15037486162592506,0.17608587892734606,-0.15589645002567568,0.17656825949623914,-0.17595590305473274,0.17718081500863017,-0.17704166392410628,0.17795897502738078,-0.17526912747821932,0.17689168125641058,0.1011464125755949,-0.10085084559683899,0.1332913556033931,-0.13306912032734358,0.1923968945889993,-0.1929598568140552,0.2500000000000001,-0.24863286397547382,0.17741499855817566,-0.17552382905846212,-0.09794536134142878,0.10548646468922541,-0.02060702090569226,0.04784100314582496,0.024414723366973853,-0.021379623743536372,0.09001481035546263,-0.08943665765946561,0.17066175576003248,-0.170473712375803,-0.13761854698124923,0.17091027650224244,-0.17345556422173786,0.16861060114204604,-0.1623699482039386,0.17240089082263516,-0.17041188026184517,0.17694400673707722,-0.1764506518960942,0.17694196082627334,-0.13388027952272888,-0.09160164097640139,0.08733146707693178,-0.09077197590161512,-0.12743586204388233,-0.14963791578190266,0.127585719646394,-0.11061507205359805,-0.17619027719167202,-0.16303394642772107
0.12378860701286745,0.03260002176652731,-0.033445974903527756,0.12022655603645226,0.07012303920532842,0.14538420931039805,-0.04382209590167861,0.037981149725308964,0.17168758054966085,0.15270049428466434,0.14922323407457458,-0.1747548309447783,0.15470021462124034,-0.17522679215832127,0.17462081425552195,-0.17583366022662225,0.17569432581386973,-0.17661145816910243,0.17394251348592085,-0.17554527021119087,-0.10110661165663125,0.10081265876516099,-0.13244653276515034,0.1322260473445665,-0.19112401893855957,0.19169046665729558,-0.24863286397547382,0.25000000000000017,-0.17673031553152488,0.1748534559317864,0.09808182424761552,-0.10558219306320679,0.02129255519712929,-0.04846951818894771,-0.02357912103054817,0.02056500652934669,-0.08892245957238311,0.0883545526077838,-0.16933478913390315,0.16914871062869224,0.13658562569683214,-0.16959345400857237,0.17213442369353793,-0.1672862556770858,0.1610728498944353,-0.17106759689831905,0.16912814159606088,-0.17559642062494846,0.175106711061599,-0.1755943907593612,0.1328969366548474,0.09090762282175278,-0.08667615840374794,0.09007614399823351,0.12646418960777908,0.14849866685992977,-0.12661274983544535,0.10976790886538763,0.1748483677520984,0.1617917031958918
-0.18096399067586325,-0.0447396436414574,0.047956456309578364,-0.17010754311825213,-0.10026753102952522,-0.20642075776112973,0.06329078121085967,-0.05492063801970764,-0.24304550231165048,-0.21558716769016037,-0.21272373483324442,0.24661217280084716,-0.22389546008817687,0.24582374180743669,-0.24394038562919054,0.24733258443712255,-0.24852930354805808,0.2478694450260863,-0.24373707486519886,0.24851440468956354,0.029435877347591535,-0.02907925528786124,0.06209471104682996,-0.061660861674878026,0.12188012914853047,-0.1203818304955235,0.17741499855817566,-0.17673031553152488,0.2500000000000002,-0.24806988754099912,-0.0260788239775855,0.03432409864983174,0.051052973340226404,-0.02358165964059738,0.09631815629992349,-0.09290171600892738,0.16193414764512037,-0.16054874320972562,0.24258083445121414,-0.24226090836437403,-0.19202136811772563,0.24283368664445018,-0.24387064137612963,0.24051555219565285,-0.23359583318008842,0.2443198646416269,-0.23825657755540908,0.24886323755374232,-0.24818926303167063,0.24886034419821385,-0.18415805555868753,-0.1293137643619998,0.12316497700000097,-0.1290616559927739,-0.18007933405409032,-0.2107842316282841,0.1802877457636238,-0.15672725591578657,-0.2478194995979374,-0.22937906195027766
0.17958204499700264,0.044398922357519646,-0.0475924833572178,0.1688062161199408,0.09950527087811287,0.20484324796919065,-0.06280842547367406,0.054501977039793585,0.24118992470831302,0.21394058321621087,0.21110039998851907,-0.24473137610141557,0.222187251173274,-0.2439447466151703,0.2420722279549138,-0.24544083697851463,0.2466315622903975,-0.2459703527062565,0.24186966134628146,-0.24661847569534193,-0.029273667635971588,0.028925996252642482,-0.061570091767103145,0.0611498010574859,-0.12060912228841993,0.1191483410931518,-0.17552382905846212,0.1748534559317864,-0.24806988754099912,0.2500000000000002,0.02595201807474401,-0.03408544680475113,-0.05068936058074276,0.023575044308485463,-0.09578807632684333,0.09241086759744258,-0.16081453956724537,0.1594410861847978,-0.2407489582989566,0.24043138188557342,0.19055451847435861,-0.2409792179757954,0.24200978005137702,-0.2386811847564476,0.23182029526965123,-0.24246111734491055,0.23643655758658022,-0.24696429077455007,0.2462955160976737,-0.24696141943309496,0.18275026262769006,0.12832807549840808,-0.12222378247310485,0.12807839588064726,0.17870636368746068,0.20917625860869593,-0.17891288933726768,0.15553284455620833,0.24592853535699746,0.22762891720977368
0.007993994643340135,0.006886250371274907,-0.00405103402078311,0.016967418449557056,0.00884167895063906,0.01976505444904976,-0.0038119060449272775,0.003082419836558145,0.025078204615881533,0.022985621862169292,0.019580572756319886,-0.027818616815456623,0.014699418147585325,-0.02862037484208753,0.028980304808737062,-0.027101126074770415,0.025831589341491754,-0.02656708018879486,0.02633783398790307,-0.02562680990178305,-0.24661743764253974,0.24643938014287073,-0.21383096126093049,0.2138760542899674,-0.15386010434279193,0.15415535467601707,-0.09794536134142878,0.09808182424761552,-0.0260788239775855,0.02595201807474401,0.2500000000000001,-0.24174035377762337,0.15739060063903,-0.12996272531087694,0.06228998534567874,-0.06020449199049366,0.01820812042571368,-0.017423153662097835,-0.02618562058173881,0.026230716397406262,0.023149830816247288,-0.01970444935919278,0.025285873601977066,-0.01853481611062006,0.01577088787705924,-0.022866211999109296,0.0268947785304588,-0.025551897618184688,0.025460815095648685,-0.025551607492395764,0.027241825632929418,0.012464029568413804,-0.011408166121391,0.010899351648308962,0.017042894535968488,0.0210753085701176,-0.016952133216780654,0.014118144429873133,0.02541535933895605,0.02342566521020707
-0.014194845619876315,-0.008301145542836532,0.0054906997599579906,-0.02254804448368479,-0.012212749411463365,-0.02661315506206914,0.0059523154796612375,-0.004946735889458154,-0.033141663569751664,-0.030163340762589266,-0.02669649646311366,0.03583628343439557,-0.022017742944586277,0.0368486938218658,-0.03714189376095073,0.0353398526422599,-0.034081539563161276,0.03481056191874893,-0.034451449319493246,0.03387431750169477,0.2385131633897029,-0.23833431187392204,0.22065777696968375,-0.220694717204857,0.1608966615760945,-0.16111648597868225,0.10548646468922541,-0.10558219306320679,0.03432409864983174,-0.03408544680475113,-0.24174035377762337,0.25000000000000017,-0.1641636402312147,0.13675064069866497,-0.0648940263086347,0.06285106897674753,-0.014433478465710286,0.013664978224863775,0.03424394212010811,-0.03427996544507173,-0.029852969421437645,0.027761723536801185,-0.033407879051263085,0.026307172618373877,-0.02319170788822204,0.030834751923892872,-0.03491751715073678,0.03380532846750784,-0.033690352184473665,0.033804941877314615,-0.03374854367778785,-0.016683553107334416,0.015461248142861081,-0.015107344578045728,-0.022939629673580184,-0.028033155675417417,0.02284900057605347,-0.019215031494587653,-0.03363265480703637,-0.03102684780762788
