x1,x2,x3,x4,x5,x6,x7,x8,x9,x10,x11,x12,x13,x14,x15,x16,x17,x18,x19,x20,x21,x22,x23,x24,x25,x26,x27,x28,x29,x30,x31,x32,x33,x34,x35,x36,x37,x38,x39,x40,x41,x42,x43,x44,x45,x46,x47,x48,x49,x50,x51,x52,x53,x54,x55,x56,x57,x58,x59,x60
0.25000000000000006,0.2495546617285045,0.24974998413449961,0.24990319628208038,0.24952536257319233,0.24989390157254462,0.24961157118901242,0.2499168193167798,0.2496841451228611,0.24991637968229602,0.2498982191253428,0.23359941314616742,0.2361570226880461,0.2172153001841945,0.23793605318900254,0.227807371576877,0.23482684356778447,0.23134116034310231,0.23900260091281214,0.24896261617432097,0.24945651785269488,0.23160162182927604,0.19776256740569872,0.20919310737234845,0.19705762313890238,0.22057781769869975,0.18556599647140787,0.21614566013112105,0.22143971346262317,0.24948315385793637,0.24935741486529853,0.23199165389294749,0.20738192904254163,0.21658612515749995,0.20330013664934407,0.22207468030705751,0.20217905450974072,0.22546090054036935,0.228242816611073,0.24964606706206655,0.24978620069316942,0.2332990703744615,0.23254983129171297,0.22053989547363656,0.23896407544567017,0.23491536421726306,0.235470830111603,0.24004091421231502,0.24053561553074074,0.24961223189908113,0.24966597160769202,0.24972076248421324,0.24968484418595738,0.2498966234791701,0.24968630819328397,0.24991166068791332,0.24981630101605132,0.24991464064667107,0.2498815234323878,0.24991568708476364
0.2495546617285045,0.25,0.2494652321209192,0.2496182695839342,0.2492408666614975,0.24960898547174545,0.249326976986713,0.24963187708635412,0.24939946817551636,0.24963143795311887,0.2496132981018935,0.2333330751782391,0.2358877686660103,0.21696764253439613,0.23766477080841,0.22754763739515219,0.23455910614717815,0.23107739711821168,0.23873010250967228,0.24867876187696225,0.24917210043418947,0.23133756163967123,0.19753708875562076,0.20895459621184578,0.19683294822981415,0.22032632628035773,0.1853544237206408,0.21589922202958395,0.22118723935531248,0.24919870607043526,0.24907311043889302,0.2317271490089579,0.2071454828938871,0.21633918486052278,0.20306834434924567,0.22182148224339443,0.2019485404095095,0.22520384168354896,0.22798258595744375,0.2493614335293568,0.24950140738734197,0.23303307484182567,0.23228469000272528,0.22028844729225402,0.23869162096727528,0.23464752586999085,0.2352023584508492,0.23976723197805766,0.24026136926362826,0.249327636943474,0.2493813153808487,0.24943604378764658,0.24940016644157662,0.2496117042749934,0.24940162877971764,0.249626724339089,0.24953147339139234,0.24962970090025188,0.2495966214445033,0.24963074614524988
0.24974998413449961,0.2494652321209192,0.25000000000000006,0.24981364177477122,0.24943727456423123,0.24980435124771622,0.2495219792808017,0.24982726599425056,0.24959460667833164,0.24982682050124533,0.2498086940921101,0.23351264502065097,0.23606456642422277,0.21712215494947015,0.23785193567179663,0.22771847094060574,0.23474312214469945,0.231252858157094,0.2389161779351169,0.24887341636367857,0.24936707807442843,0.2315138007669077,0.19767275028838516,0.2091131301872984,0.1969698026441544,0.22050139439904515,0.18547810583157698,0.2160653808406735,0.22135334010170157,0.24939379535377063,0.24926799634988406,0.23190457938697134,0.2073128836340421,0.21649771886982788,0.20323201316425257,0.22198710542800482,0.2021131238294069,0.22537463921919834,0.22816291205200445,0.2495565445626891,0.24969666134514937,0.23321901033148054,0.23246605173428161,0.2204676954323866,0.23887852254030004,0.23483300516932423,0.23538651977302597,0.2399550873776745,0.2404488669399712,0.24952273620863671,0.2495764703176288,0.24963127344520974,0.24959538182762636,0.24980707133356012,0.2495968016212266,0.2498221031486689,0.24972675770456604,0.24982508203823361,0.2497919775108252,0.2498261281012903
0.24990319628208038,0.2496182695839342,0.24981364177477122,0.2500000000000001,0.2495889629606933,0.24995759589527894,0.2496751935498362,0.24998051948091402,0.24974778598172576,0.24998007973437372,0.24996191454855857,0.2336589542406795,0.23621721568004947,0.21727066520649277,0.23799669963001852,0.22786543636419346,0.23488669751646737,0.23140012584180364,0.23906351920133814,0.24902607312594555,0.2495201006926773,0.23166065371582356,0.19781297420920116,0.20924642765431942,0.19710785026235908,0.22063403977783036,0.18561329454628406,0.2162007525177192,0.22149615522645438,0.24954674348704883,0.2494209724453698,0.2320507851929976,0.20743478768148568,0.2166413298122302,0.20335195489874583,0.2221312839147068,0.202230587011602,0.22551836724632973,0.22830099238699844,0.2497096982153869,0.2498498675645149,0.23335853491596667,0.23260910486306796,0.22059610788694325,0.2390249839146145,0.2349752407285722,0.2355308482030937,0.24010209715180633,0.24059692456240636,0.24967585442830975,0.24972960783439116,0.24978441267631024,0.2497484852230024,0.2499603184956783,0.2497499496034832,0.24997535953718744,0.24987997555953134,0.24997834025549331,0.24994521460011357,0.24997938696030783
0.24952536257319233,0.2492408666614975,0.24943727456423123,0.2495889629606933,0.2500000000000001,0.2495796816203253,0.2492977029257444,0.24960257843278436,0.24937041115505448,0.24960212893689512,0.24958408796597378,0.23331733520873327,0.23585033969157182,0.21693370096594625,0.2376226947482137,0.22752398448448904,0.2345247094825223,0.23105797292484842,0.2386971307240651,0.24864933330306935,0.24914257258424527,0.23129001714757327,0.19749092444154723,0.2088876966636594,0.19680251391227402,0.2202842930522394,0.1853431560888785,0.21586126909537773,0.2211629229961864,0.24916929013539654,0.2490434747147753,0.23170264974188307,0.20709433817937078,0.2163130495510788,0.20301728318454068,0.22179931469711509,0.2019133655605133,0.22517898468892827,0.22795189418220174,0.2493322779291506,0.24947215931253175,0.2330043006022503,0.23226298793572295,0.2202487716339991,0.23866604734093008,0.23461111465424125,0.23517621620516138,0.23973612581809875,0.24023456289240983,0.2492984545619487,0.2493520917067967,0.2494067584382512,0.24937088886951364,0.2495823984125473,0.24937243278693416,0.24959741672117253,0.2495022287155909,0.24960039293487218,0.24956731605170218,0.24960143805718887
0.24989390157254462,0.24960898547174545,0.24980435124771622,0.24995759589527894,0.2495796816203253,0.2500000000000001,0.2496659071556418,0.24997122189344445,0.24973849716167437,0.24997078216413796,0.24995261768076105,0.23365027691181997,0.23620841445632587,0.21726257545548103,0.23798782890596917,0.2278569679146443,0.23487794811295623,0.231391526533072,0.2390546204190372,0.2490168110643359,0.2495108199164784,0.23165202063683948,0.1978056043410836,0.20923860810522651,0.19710051249013014,0.22062580940670862,0.1856063874614602,0.21619268824814128,0.22148791426459088,0.24953746193931714,0.24941169537933705,0.23204215613090023,0.20742705570471526,0.21663326703835575,0.2033443637701664,0.22212302068794576,0.20222305271643712,0.22550997896125366,0.22829249321700149,0.24970041080189564,0.24984057487995304,0.23334985621411267,0.23260045930304832,0.22058789748532326,0.2390160952749629,0.23496649629827018,0.2355220877773069,0.24009316459721178,0.24058797671018664,0.24966656824525435,0.2497203196241727,0.24977512238463065,0.24973919627254876,0.2499510216615749,0.2497406606624482,0.24996606214366454,0.2498706817570539,0.24996904275110937,0.2499359183268421,0.24997008941699353
0.24961157118901242,0.249326976986713,0.2495219792808017,0.2496751935498362,0.2492977029257444,0.2496659071556418,0.2500000000000001,0.24968883550179757,0.24945612941189113,0.24968836408095882,0.24967024916052824,0.23337572636839352,0.23593046245841262,0.2169978635696347,0.23771820850893563,0.22758840774733466,0.23462463845580925,0.23112404683672094,0.23878260120236583,0.24873547580110592,0.24922878852377436,0.23138138829661956,0.19756786538655363,0.20898722730099425,0.19686627731822498,0.2203685422549465,0.18538516383404605,0.21593969874119817,0.22123360434711473,0.2492555213092537,0.24912977930141517,0.23177871858505134,0.20718902998134414,0.2163818775299003,0.20310725751794512,0.22186782758976778,0.20199285433906086,0.22525251649849726,0.22803258539132054,0.24941830214241445,0.24955830443875016,0.23308822639633955,0.2323394250852981,0.2203400199837416,0.23874658823496045,0.2347000920834225,0.23525592790583452,0.23982098116091968,0.24031611876207623,0.24938449364909263,0.24943818292078657,0.24949292621410737,0.24945704902061352,0.24966862674469456,0.24945850981614764,0.24968365023325453,0.24958838119606624,0.24968662747300635,0.24965354064491813,0.2496876729563578
0.2499168193167798,0.24963187708635412,0.24982726599425056,0.24998051948091402,0.24960257843278436,0.24997122189344445,0.24968883550179757,0.2500000000000002,0.24976140222146057,0.24999370696053946,0.24997554081894258,0.23367177678363543,0.2362301438675674,0.21728257970428314,0.2380096506339267,0.22787791755820247,0.23489965899215526,0.23141278010591076,0.2390765501877942,0.24903964777651344,0.24953370277897394,0.2316732728352462,0.1978237634881887,0.2092578016649495,0.19711861588908194,0.2206460522198686,0.18562346576018343,0.21621253387604975,0.22150824358570162,0.24956034677407204,0.24943456879288922,0.23206344476677612,0.20744604466803565,0.21665316047136815,0.2033630008749461,0.22214341338476037,0.20224157980991672,0.22553067069279614,0.22831343093163836,0.24972331093253047,0.2498634877926846,0.233371240937645,0.23262178961764454,0.22060809300830056,0.23903801720508888,0.23498803402545934,0.2355436905672093,0.24011518349155586,0.24061004341648506,0.2496894652681738,0.2497432215404923,0.24979802923535685,0.2497620997758758,0.24997394464426828,0.2497635644194319,0.2499889865057347,0.24989359741846062,0.2499919673865347,0.2499588399218396,0.2499930141484086
0.2496841451228611,0.24939946817551636,0.24959460667833164,0.24974778598172576,0.24937041115505448,0.24973849716167437,0.24945612941189113,0.24976140222146057,0.2500000000000002,0.24976096080813914,0.24974284961125356,0.23345712264656537,0.23600495245571484,0.2170771180253568,0.23777946109153877,0.2276661462448538,0.23467873631304653,0.23120082295464447,0.2388521751902235,0.2488076614204742,0.24930124149406202,0.2314477231379782,0.19763214309179492,0.20904208686083536,0.19693419478836352,0.2204314809286633,0.18545931426260406,0.21600493358047618,0.2213034988223725,0.24932791947038696,0.24920214208027666,0.23184897012343914,0.2072378883571051,0.21645196884553244,0.20315792893484716,0.2219390991709966,0.20204719184486858,0.22532211717128794,0.22809892392342826,0.24949088390449992,0.2496308860964274,0.23315318660168605,0.23240787307368999,0.2203953017219736,0.23881669849367515,0.2347643883233749,0.23532525367135051,0.23988979052843662,0.24038679727615248,0.24945704935800264,0.24951073653664488,0.2495654655808937,0.24952957357089384,0.249741217261073,0.24953107817258402,0.24975624512266775,0.24966097109269145,0.24975922322926092,0.2497261258187577,0.24976026901660306
0.24991637968229602,0.24963143795311887,0.24982682050124533,0.24998007973437372,0.24960212893689512,0.24997078216413796,0.24968836408095882,0.24999370696053946,0.24976096080813914,0.25000000000000017,0.24997510102987713,0.23367125211268808,0.2362296778983707,0.21728210724578606,0.23800927328392463,0.2278774344249986,0.23489908336832566,0.23141231496719486,0.2390761361248826,0.24903921039193566,0.24953326409346432,0.23167288626871577,0.19782340655051356,0.2092574976789319,0.19711823819608934,0.22064569979732016,0.185623063542877,0.21621217202598103,0.2215078343013515,0.24955990824966726,0.24943413067338982,0.23206302109179827,0.20744575710228175,0.21665275083991006,0.20336271283533172,0.22214299343899604,0.20224127374593426,0.22553025890196216,0.22831304352829518,0.24972287124797857,0.24986304808412285,0.23337085019693454,0.2326213704032948,0.22060776231273216,0.23903759162021349,0.23498764500492572,0.23554327279328746,0.24011476589897213,0.24060961542404863,0.24968902571285914,0.2497427819980211,0.24979758981040978,0.24976166047433737,0.2499735049093362,0.24976312481927468,0.24998854674430906,0.24989315767087947,0.24999152761985685,0.2499584002189365,0.2499925743798891
0.2498982191253428,0.2496132981018935,0.2498086940921101,0.24996191454855857,0.24958408796597378,0.24995261768076105,0.24967024916052824,0.24997554081894258,0.24974284961125356,0.24997510102987713,0.2500000000000001,0.2336535760831182,0.23621191718261356,0.2172660143081287,0.23799113990331122,0.22786102899499702,0.2348820349695562,0.23139614848475956,0.23905858657740073,0.2490210889793139,0.24951511842981453,0.23165489289244062,0.19780827024512115,0.20923977262790253,0.19710446930445635,0.22062878999433358,0.1856120446242456,0.21619616093534685,0.22149242042919393,0.24954175872489692,0.2494159800848282,0.23204660162864313,0.20742835126175568,0.21663773639143358,0.20334595087840662,0.22212774207222488,0.2022255319077098,0.22551436458704907,0.22829624734951598,0.2497047366962769,0.24984489592369447,0.23335353750488083,0.2326048410000407,0.22059019105296682,0.23902040785066994,0.23496976472455086,0.23552630777629985,0.240097098720059,0.24059227596437455,0.24967089072478613,0.24972463984029805,0.24977943787143686,0.2497435105432622,0.24995534020019788,0.24974498317369767,0.24997038094300056,0.24987500357693182,0.24997336160215874,0.24994023646697577,0.24997440828613157
0.23359941314616742,0.2333330751782391,0.23351264502065097,0.2336589542406795,0.23331733520873327,0.23365027691181997,0.23337572636839352,0.23367177678363543,0.23345712264656537,0.23367125211268808,0.2336535760831182,0.2500000000000001,0.21994518607870336,0.2018529365275349,0.22216193601387985,0.21275789835475842,0.21948102911065664,0.21629378686294273,0.223373439081638,0.2327595705956615,0.23323196462132437,0.21537913332005712,0.1828857603464926,0.19358600337927728,0.183588560203885,0.20613399833569276,0.17370060564580167,0.20188575891439928,0.20700521606046687,0.2332586309059235,0.23312671136437166,0.21694184287381874,0.19264996850935984,0.2022867387293071,0.18916283397963402,0.2077312671285424,0.18880292076921484,0.2107393045920873,0.2134786544472261,0.23342238370674678,0.23355069215113738,0.21809283437845403,0.21761341329844647,0.20551962847025773,0.22357250436273485,0.21918205418293388,0.22030310370370043,0.22431246226172682,0.2249706799984825,0.23339007213626872,0.2334389948250785,0.2334883754367216,0.23345521875530864,0.23365280833805346,0.23345942825019633,0.2336668683748521,0.23357957956064002,0.23366965469616924,0.23363864474920792,0.2336706331144835
0.2361570226880461,0.2358877686660103,0.23606456642422277,0.23621721568004947,0.23585033969157182,0.23620841445632587,0.23593046245841262,0.2362301438675674,0.23600495245571484,0.2362296778983707,0.23621191718261356,0.21994518607870336,0.25,0.20353090119171685,0.22509925756724522,0.2144269951095047,0.22298172620592852,0.2180088397398519,0.22624679521715438,0.23531894619580107,0.23580359185284233,0.21904099070541636,0.18556863330803244,0.19845399771660538,0.18540613211320442,0.21001186755317044,0.17428975475796543,0.2054637318273468,0.20901517846174486,0.23582541613553148,0.23570434872957297,0.2189294188821012,0.19681538296620102,0.20424298543599884,0.1938106072641372,0.20954702627448998,0.19219501472073564,0.21277126870418725,0.2163810767804524,0.23596673908765056,0.2361030959920936,0.22071755967777323,0.2195098370296914,0.20895001362735774,0.2258541970542341,0.22225106890662907,0.22266289282043694,0.22699153913281772,0.22731942589430537,0.23593684385736932,0.23598927945732287,0.2360447833137439,0.23601197708809937,0.23621100347909868,0.2360082150589423,0.23622521667542015,0.2361322519209016,0.23622803329724817,0.23619679714785202,0.23622902242232152
0.2172153001841945,0.21696764253439613,0.21712215494947015,0.21727066520649277,0.21693370096594625,0.21726257545548103,0.2169978635696347,0.21728257970428314,0.2170771180253568,0.21728210724578606,0.2172660143081287,0.2018529365275349,0.20353090119171685,0.24999999999999986,0.2053134079456826,0.19695886326215153,0.2041413951900816,0.2016380007693698,0.20776501554532237,0.2164033323830022,0.21686415069539416,0.19947507184771593,0.1680698818451439,0.17676483661766304,0.16911554969197748,0.19092532907969137,0.16472534209148235,0.1887671815992726,0.1931291641097621,0.2168829190819179,0.21675201417557852,0.20209093806586714,0.1765186851188864,0.1889431638970556,0.17434024771471734,0.19426961017559896,0.17454212581144865,0.19628672461766952,0.19821086719068026,0.21706078840063756,0.21717419393352672,0.202263993145172,0.2026369772386294,0.1894037614459874,0.20808864329137527,0.20299010348328836,0.20501161872148774,0.2083910466660138,0.2093423325824647,0.2170295009619703,0.2170722835503461,0.2171120326108066,0.2170791845526658,0.21726494923301734,0.21709156107292413,0.21727802401427213,0.2172013081023238,0.21728061514844488,0.2172516699618413,0.21728152495157887
0.23793605318900254,0.23766477080841,0.23785193567179663,0.23799669963001852,0.2376226947482137,0.23798782890596917,0.23771820850893563,0.2380096506339267,0.23777946109153877,0.23800927328392463,0.23799113990331122,0.22216193601387985,0.22509925756724522,0.2053134079456826,0.25,0.21592614314687003,0.22368675708527752,0.2204089678300099,0.22772823591269792,0.2370948786667154,0.2375799518434343,0.22126432902567236,0.18873820067521246,0.200271613016527,0.1887290072161862,0.2107138610535746,0.17745698724619458,0.2067120456389002,0.21109241706855617,0.23759767949206456,0.23748058700452032,0.22089548908614418,0.19786451412395045,0.20645186284385073,0.1945002254975233,0.21169019148730883,0.19318226117200432,0.2148454955379861,0.21780031132276545,0.2377509746038192,0.23788452582732622,0.22221051418119206,0.22135352378992093,0.21004999387857137,0.22758299342474392,0.22374104133808137,0.224331223974842,0.22865982325166093,0.2290846959370822,0.23771895302247978,0.23777009468775204,0.23782296088044133,0.23778943393461713,0.23799044005077827,0.23779008042844663,0.2380047607792071,0.2379135345809848,0.238007598736811,0.23797604421464486,0.23800859531546162
0.227807371576877,0.22754763739515219,0.22771847094060574,0.22786543636419346,0.22752398448448904,0.2278569679146443,0.22758840774733466,0.22787791755820247,0.2276661462448538,0.2278774344249986,0.22786102899499702,0.21275789835475842,0.2144269951095047,0.19695886326215153,0.21592614314687003,0.25000000000000006,0.21280391668319876,0.21117065268158836,0.21790281662712,0.22698147201104518,0.2274413302100357,0.20987615940478005,0.18109194593880973,0.18827892876791438,0.17779744064860284,0.19861787710715909,0.16660236084816377,0.1964133894187591,0.20128810528606034,0.22746947352045943,0.22733672308246713,0.21145856537829244,0.18588573489227492,0.19727720102628524,0.182298389796784,0.2024500473117398,0.18211683412785432,0.20505479165609447,0.2072894452349403,0.2276372514033261,0.22776133280647495,0.21182221405914295,0.21173427981368326,0.19917572261094818,0.21793250401667222,0.21347837836649938,0.21481618118674659,0.21869254773369354,0.21943708612053592,0.22760652104373133,0.22765286878515564,0.22769908207309736,0.2276647292575963,0.22785944211517314,0.22767058982763141,0.22787315413969017,0.22778789112566114,0.2278758715060314,0.22784543568235197,0.22787682566311526
0.23482684356778447,0.23455910614717815,0.23474312214469945,0.23488669751646737,0.2345247094825223,0.23487794811295623,0.23462463845580925,0.23489965899215526,0.23467873631304653,0.23489908336832566,0.2348820349695562,0.21948102911065664,0.22298172620592852,0.2041413951900816,0.22368675708527752,0.21280391668319876,0.2500000000000001,0.2163883710733999,0.22471344303450613,0.23399893790666904,0.23447493197587355,0.21846623833451514,0.18591267621601615,0.198058148110932,0.185714965797307,0.20796868974772156,0.17625796230399848,0.20369846097563993,0.20864379513331294,0.23449085247041287,0.23437404273491386,0.21818099507954702,0.19515957021526587,0.20369472942180575,0.19147677455015633,0.2088686193668165,0.1903594123310725,0.21217378399486606,0.2147021701321339,0.23464456072684134,0.23477692395415214,0.21934618275379722,0.2188823045354192,0.2072668780736114,0.22471864868694058,0.22076664247060804,0.22134480437215068,0.22566852328935472,0.22608606667117567,0.2346130350062917,0.23466416354173733,0.23471522243622062,0.23468080013187215,0.2348805197598009,0.2346827228597827,0.23489465329869139,0.23480542009083955,0.2348974541928652,0.23486640785152316,0.2348984377560283
0.23134116034310231,0.23107739711821168,0.231252858157094,0.23140012584180364,0.23105797292484842,0.231391526533072,0.23112404683672094,0.23141278010591076,0.23120082295464447,0.23141231496719486,0.23139614848475956,0.21629378686294273,0.2180088397398519,0.2016380007693698,0.2204089678300099,0.21117065268158836,0.2163883710733999,0.25,0.22051153101931603,0.2305044055170892,0.23097123785249993,0.21335404945070804,0.18308631494630398,0.19143700889874746,0.18214084244842232,0.20332908071479686,0.16793180740647978,0.1978782379189975,0.20336301287064948,0.23100742047551545,0.2308692117236166,0.21433837390411375,0.1896568832759938,0.19943127620443996,0.1854943463021541,0.20459816335023298,0.1854953435058457,0.20768023636876173,0.2107421508220753,0.2311594740011655,0.23129109185231764,0.2153076421413912,0.21487956736381403,0.20307806753570762,0.22127073936229122,0.2172079436953367,0.21808680006091996,0.2222100121792292,0.2227501173438773,0.23113064075184267,0.2311801555715897,0.23123120054473886,0.23119664019615044,0.23139403940652936,0.23119653619260427,0.23140796349747667,0.23131797471550666,0.23141072285808076,0.23137993086577152,0.23141169181357032
0.23900260091281214,0.23873010250967228,0.2389161779351169,0.23906351920133814,0.2386971307240651,0.2390546204190372,0.23878260120236583,0.2390765501877942,0.2388521751902235,0.2390761361248826,0.23905858657740073,0.223373439081638,0.22624679521715438,0.20776501554532237,0.22772823591269792,0.21790281662712,0.22471344303450613,0.22051153101931603,0.2500000000000003,0.2381379271157236,0.2386408242288647,0.22189126275343263,0.18900520978198765,0.20114359141434862,0.18850406914719028,0.21143683093616192,0.17811207944629373,0.2070852011515853,0.21201526260597978,0.23866221019483388,0.23854230070425086,0.2219306990967907,0.19873312948606398,0.20711843732969676,0.19488294006669102,0.21240316396718126,0.1936804441699551,0.21574470154241812,0.21846224615845977,0.23881627644131773,0.238951236251258,0.22327661465596868,0.22258802421918034,0.21111985916664527,0.22864347790556525,0.2247680659761348,0.22526285224912304,0.22966809557703532,0.23009240321974803,0.23878427446526163,0.2388362259520555,0.2388889984773667,0.2388545414808909,0.23905723164997095,0.23885543728946498,0.23907161648112119,0.23898020951596433,0.23907446715928343,0.2390428383162249,0.23907546820915926
0.24896261617432097,0.24867876187696225,0.24887341636367857,0.24902607312594555,0.24864933330306935,0.2490168110643359,0.24873547580110592,0.24903964777651344,0.2488076614204742,0.24903921039193566,0.2490210889793139,0.2327595705956615,0.23531894619580107,0.2164033323830022,0.2370948786667154,0.22698147201104518,0.23399893790666904,0.2305044055170892,0.2381379271157236,0.2500000000000003,0.24858089172876519,0.23077826682816746,0.19701285243908756,0.20845761935832172,0.1963059717439097,0.21981167245411956,0.18482493473729883,0.21537301478984325,0.22063205459419274,0.24860774313070008,0.2484821980212887,0.23116152999443043,0.20667809666677833,0.21578788010065308,0.2026046013748737,0.221262457243372,0.20148650549399796,0.22464672559817128,0.22744449714286408,0.24876955080842664,0.248909363620182,0.2324901914075793,0.23172657839414196,0.21979433145867594,0.2381234157234032,0.2341018681537464,0.23464282816115378,0.2391994898535737,0.2396883852614634,0.2487359030592975,0.24878953161558628,0.24884428002802306,0.2488085202606921,0.2490195234211038,0.24880976246604233,0.24903450782892034,0.2489393678874838,0.2490374773226544,0.24900448006755144,0.24903852008776356
0.24945651785269488,0.24917210043418947,0.24936707807442843,0.2495201006926773,0.24914257258424527,0.2495108199164784,0.24922878852377436,0.24953370277897394,0.24930124149406202,0.24953326409346432,0.24951511842981453,0.23323196462132437,0.23580359185284233,0.21686415069539416,0.2375799518434343,0.2274413302100357,0.23447493197587355,0.23097123785249993,0.2386408242288647,0.24858089172876519,0.25000000000000006,0.23122101188585553,0.19744282534606156,0.20892057320144122,0.1967515097019616,0.22026282157886204,0.1852832434545038,0.21583433528497722,0.22110216793203377,0.24910078756020282,0.2489753212948465,0.23163285874946374,0.20707566622504006,0.2162532201862418,0.2030118036833034,0.22173291437503312,0.20188311168052106,0.22511385123304403,0.22790172825197927,0.24926324578665154,0.24940323324310212,0.23294156615456343,0.23218824162675736,0.2202069815948429,0.2385970203923726,0.23455907527623795,0.2351105540235093,0.2396747664837776,0.24016609725203683,0.24922949614648318,0.24928318807741826,0.24933794666739884,0.2493020806494375,0.249513537975349,0.24930346532130207,0.24952855212470956,0.24943329008898843,0.24953152751334964,0.24949846259846994,0.24953257234726028
0.23160162182927604,0.23133756163967123,0.2315138007669077,0.23166065371582356,0.23129001714757327,0.23165202063683948,0.23138138829661956,0.2316732728352462,0.2314477231379782,0.23167288626871577,0.23165489289244062,0.21537913332005712,0.21904099070541636,0.19947507184771593,0.22126432902567236,0.20987615940478005,0.21846623833451514,0.21335404945070804,0.22189126275343263,0.23077826682816746,0.23122101188585553,0.2500000000000002,0.1795285316047974,0.19445897014050284,0.181357297485135,0.20689204310980625,0.17163624731829985,0.20240131218549778,0.20497379217423004,0.23127706047616262,0.23115387589444925,0.2149241757548356,0.19188437591117058,0.20049281306845768,0.19029676103506615,0.20546136085518973,0.1886553062839591,0.20855548636953478,0.212309628808653,0.23141282311183656,0.23154783626247888,0.21648681027442296,0.21531789380560262,0.20489103526219166,0.22154984220710439,0.2178913602230145,0.2184060060650373,0.22257665914612063,0.22293223762232472,0.23138419257801368,0.23143654836263886,0.23149154689901386,0.23145879915937248,0.2316545615391572,0.23145417650820818,0.23166850040024653,0.23157668136258516,0.23167126266159918,0.23164069933860856,0.23167223270944154
0.19776256740569872,0.19753708875562076,0.19767275028838516,0.19781297420920116,0.19749092444154723,0.1978056043410836,0.19756786538655363,0.1978237634881887,0.19763214309179492,0.19782340655051356,0.19780827024512115,0.1828857603464926,0.18556863330803244,0.1680698818451439,0.18873820067521246,0.18109194593880973,0.18591267621601615,0.18308631494630398,0.18900520978198765,0.19701285243908756,0.19744282534606156,0.1795285316047974,0.25000000000000017,0.15716793052276615,0.15294657469499284,0.17404726193679926,0.15391464181065623,0.17205610652733314,0.17638624691606367,0.19744989569266427,0.1973067207257251,0.18340050517368892,0.15568980834046456,0.1707940329920819,0.15692755232379904,0.17786544303680746,0.15814119893726178,0.17883632757432083,0.18009990343600552,0.1976303203300363,0.19772912801688408,0.1838238768594764,0.18510520138816242,0.1710206458510064,0.18976222364684145,0.18392495946591464,0.18681135375943725,0.18950159948516349,0.19075306893773136,0.1976021520074245,0.19763931595086456,0.1976685237658708,0.19763478260747405,0.19780776904897804,0.1976562973274208,0.19781967373099305,0.19775469613831853,0.19782203306679122,0.19779568123680608,0.19782286140898772
0.20919310737234845,0.20895459621184578,0.2091131301872984,0.20924642765431942,0.2088876966636594,0.20923860810522651,0.20898722730099425,0.2092578016649495,0.20904208686083536,0.2092574976789319,0.20923977262790253,0.19358600337927728,0.19845399771660538,0.17676483661766304,0.200271613016527,0.18827892876791438,0.198058148110932,0.19143700889874746,0.20114359141434862,0.20845761935832172,0.20892057320144122,0.19445897014050284,0.15716793052276615,0.25000000000000006,0.15641437361356125,0.18595020983780888,0.1559294456810752,0.18528611330004457,0.1853400437430897,0.20890991250269422,0.2087963199739437,0.19407772207910876,0.17341791992327957,0.18234529259472712,0.17104133195129512,0.18622828172898645,0.17310541491157339,0.18817867456112244,0.19243074230030774,0.2090080737405481,0.20913901447766106,0.19594872996715265,0.19473232056410886,0.18623067904462298,0.20026805972474318,0.19707449754550252,0.19728812892026173,0.20098178232674832,0.20126472204302379,0.2089860645739243,0.20903933427877766,0.20909368359799477,0.20906211725690074,0.20924092645408943,0.20905059452078462,0.209253515366264,0.2091666732991535,0.20925601012212816,0.20922888337963713,0.20925688632743383
0.19705762313890238,0.19683294822981415,0.1969698026441544,0.19710785026235908,0.19680251391227402,0.19710051249013014,0.19686627731822498,0.19711861588908194,0.19693419478836352,0.19711823819608934,0.19710446930445635,0.183588560203885,0.18540613211320442,0.16911554969197748,0.1887290072161862,0.17779744064860284,0.185714965797307,0.18214084244842232,0.18850406914719028,0.1963059717439097,0.1967515097019616,0.181357297485135,0.15294657469499284,0.15641437361356125,0.2499999999999999,0.16781094831290647,0.14657532448602023,0.1724660198018134,0.17808063107036382,0.1967458600434484,0.19662431208006143,0.18475840942897462,0.16090011591879672,0.1711137772967312,0.1507159163701706,0.17556465235760826,0.15946146424153468,0.18002730893678812,0.1806750707310493,0.19693119567016154,0.19702603804401123,0.18363285461451526,0.18505035788701188,0.17123069875543792,0.1891864635728781,0.18342637110436172,0.18622304059326494,0.18881436006724428,0.1900975313914728,0.1968994754051654,0.19693560896839216,0.19696391585387807,0.19693367928527164,0.19710266388258368,0.1969568051835914,0.1971145259381025,0.19705289825034747,0.19711687682830772,0.19709071302027495,0.19711770221824307
0.22057781769869975,0.22032632628035773,0.22050139439904515,0.22063403977783036,0.2202842930522394,0.22062580940670862,0.2203685422549465,0.2206460522198686,0.2204314809286633,0.22064569979732016,0.22062878999433358,0.20613399833569276,0.21001186755317044,0.19092532907969137,0.2107138610535746,0.19861787710715909,0.20796868974772156,0.20332908071479686,0.21143683093616192,0.21981167245411956,0.22026282157886204,0.20689204310980625,0.17404726193679926,0.18595020983780888,0.16781094831290647,0.25,0.15630476215375144,0.19104287153766342,0.19516452263223627,0.22026729904701672,0.2201611978970873,0.20467342568021038,0.18569188873578302,0.19250038886511917,0.17967093471298834,0.19700656415209428,0.17772240497235506,0.19867091089427658,0.2021342245817492,0.22039198674359367,0.22052522979504294,0.2061304158222973,0.20522217681940125,0.19572124504686533,0.21107213565601543,0.2075744605747931,0.2079334939104174,0.21185447509786595,0.21228337686883744,0.22036671815297698,0.22042005968674172,0.22047297293665666,0.2204378313807065,0.2206282380548735,0.22043135890319063,0.22064151300330864,0.2205522225142198,0.2206441437430351,0.22061529332261062,0.22064506763300423
0.18556599647140787,0.1853544237206408,0.18547810583157698,0.18561329454628406,0.1853431560888785,0.1856063874614602,0.18538516383404605,0.18562346576018343,0.18545931426260406,0.185623063542877,0.1856120446242456,0.17370060564580167,0.17428975475796543,0.16472534209148235,0.17745698724619458,0.16660236084816377,0.17625796230399848,0.16793180740647978,0.17811207944629373,0.18482493473729883,0.1852832434545038,0.17163624731829985,0.15391464181065623,0.1559294456810752,0.14657532448602023,0.15630476215375144,0.2499999999999999,0.1518809335683948,0.16082173911444494,0.1852450302715571,0.1851178924022428,0.17331106483386563,0.14759483426452713,0.1620766842075392,0.14602475735452342,0.16348489521542164,0.13802754114658808,0.16420404692901322,0.16615605043888973,0.1854213534183723,0.1855319933922341,0.1701733199731525,0.17350329827081085,0.1576513206310048,0.17842530724020983,0.17183428372873866,0.1750865318981727,0.17788276640587222,0.17897167163627087,0.18540617753775726,0.18544983238077534,0.18547772597296786,0.18543146758315288,0.18560841068108477,0.18544303967254552,0.18561958079994953,0.1855493574730075,0.18562179468893716,0.18559733267691525,0.1856225719747927
0.21614566013112105,0.21589922202958395,0.2160653808406735,0.2162007525177192,0.21586126909537773,0.21619268824814128,0.21593969874119817,0.21621253387604975,0.21600493358047618,0.21621217202598103,0.21619616093534685,0.20188575891439928,0.2054637318273468,0.1887671815992726,0.2067120456389002,0.1964133894187591,0.20369846097563993,0.1978782379189975,0.2070852011515853,0.21537301478984325,0.21583433528497722,0.20240131218549778,0.17205610652733314,0.18528611330004457,0.1724660198018134,0.19104287153766342,0.1518809335683948,0.2499999999999999,0.18777075512992566,0.21582449342981264,0.215720586825071,0.20027858465959353,0.1804833156651026,0.1867955125790382,0.17884326645253423,0.19165075181984279,0.1733975659734443,0.19470451261969737,0.19711274530834347,0.21596827832824858,0.2160950644596179,0.201437944115693,0.20069686722600702,0.19017884658699413,0.20688682719214327,0.20284778419620722,0.20396318079927792,0.20759233229623308,0.20810717267784182,0.21594271387614158,0.21599223516457938,0.21604292503711958,0.2160100560578934,0.21619506671336397,0.2160049444935097,0.2162080754999144,0.21612147445009572,0.21621065346881044,0.21618214152920945,0.21621155878582599
0.22143971346262317,0.22118723935531248,0.22135334010170157,0.22149615522645438,0.2211629229961864,0.22148791426459088,0.22123360434711473,0.22150824358570162,0.2213034988223725,0.2215078343013515,0.22149242042919393,0.20700521606046687,0.20901517846174486,0.1931291641097621,0.21109241706855617,0.20128810528606034,0.20864379513331294,0.20336301287064948,0.21201526260597978,0.22063205459419274,0.22110216793203377,0.20497379217423004,0.17638624691606367,0.1853400437430897,0.17808063107036382,0.19516452263223627,0.16082173911444494,0.18777075512992566,0.24999999999999986,0.2210837135070976,0.22098037796917416,0.2062444116493587,0.18193662102999406,0.192358511689071,0.17867289226933758,0.19711700074419894,0.17620197382306524,0.19933648146294627,0.1999320625817013,0.2212708142336512,0.22139601651673887,0.20587538263042737,0.20705266724619842,0.19343793143172308,0.2123575945350785,0.20714848253812432,0.20877278390834778,0.21254485487771052,0.21332716640947338,0.22124332576236405,0.22129280829618475,0.22133442297946243,0.22129400603064697,0.22149032886026326,0.22130153250070808,0.22150365718799941,0.22142166118305012,0.22150629865311847,0.22147716528271924,0.2215072261723695
0.24948315385793637,0.24919870607043526,0.24939379535377063,0.24954674348704883,0.24916929013539654,0.24953746193931714,0.2492555213092537,0.24956034677407204,0.24932791947038696,0.24955990824966726,0.24954175872489692,0.2332586309059235,0.23582541613553148,0.2168829190819179,0.23759767949206456,0.22746947352045943,0.23449085247041287,0.23100742047551545,0.23866221019483388,0.24860774313070008,0.24910078756020282,0.23127706047616262,0.19744989569266427,0.20890991250269422,0.1967458600434484,0.22026729904701672,0.1852450302715571,0.21582449342981264,0.2210837135070976,0.2499999999999999,0.24900169970675096,0.23164819075405543,0.2070927614212048,0.2162519254191802,0.20301439157401982,0.22173722181156905,0.20189113139072082,0.22512527188143047,0.22792133476234977,0.24928976073293865,0.24942982391548504,0.23296774247507596,0.23220935053692068,0.22023595971213358,0.23862146975239884,0.23458640924669158,0.2351346389420648,0.23970005894843868,0.24019066301730704,0.2492560344718681,0.24930975483603596,0.24936457014874738,0.24932870712921554,0.24954018007696294,0.2493300141553609,0.24955519582329358,0.24945987916648746,0.2495581715279037,0.2495251036113931,0.24955921647330714
0.24935741486529853,0.24907311043889302,0.24926799634988406,0.2494209724453698,0.2490434747147753,0.24941169537933705,0.24912977930141517,0.24943456879288922,0.24920214208027666,0.24943413067338982,0.2494159800848282,0.23312671136437166,0.23570434872957297,0.21675201417557852,0.23748058700452032,0.22733672308246713,0.23437404273491386,0.2308692117236166,0.23854230070425086,0.2484821980212887,0.2489753212948465,0.23115387589444925,0.1973067207257251,0.2087963199739437,0.19662431208006143,0.2201611978970873,0.1851178924022428,0.215720586825071,0.22098037796917416,0.24900169970675096,0.2500000000000001,0.23150997989008434,0.20697467127597383,0.21613153890696116,0.20290854086155977,0.22161905331669435,0.20178712046388766,0.22500335467427995,0.2277986177068284,0.2491640713715572,0.24930410184818544,0.23285149895202456,0.23210138060599517,0.22011780411763096,0.23850590933930452,0.23446033369321448,0.2350172236941952,0.23957560869685154,0.2400699386948437,0.24913038839945453,0.24918411154685866,0.2492388907900944,0.24920301406934242,0.2494144123477879,0.2492043155852509,0.24942942052167877,0.2493341540842765,0.24943239472632642,0.24939934672861058,0.24943343914526897
0.23199165389294749,0.2317271490089579,0.23190457938697134,0.2320507851929976,0.23170264974188307,0.23204215613090023,0.23177871858505134,0.23206344476677612,0.23184897012343914,0.23206302109179827,0.23204660162864313,0.21694184287381874,0.2189294188821012,0.20209093806586714,0.22089548908614418,0.21145856537829244,0.21818099507954702,0.21433837390411375,0.2219306990967907,0.23116152999443043,0.23163285874946374,0.2149241757548356,0.18340050517368892,0.19407772207910876,0.18475840942897462,0.20467342568021038,0.17331106483386563,0.20027858465959353,0.2062444116493587,0.23164819075405543,0.23150997989008434,0.24999999999999983,0.189550212127259,0.20119211349758315,0.1876140622074112,0.20809126778381654,0.18682773812952233,0.2104805240377472,0.21141308053630234,0.23181861205738866,0.2319460337109517,0.21554254369488965,0.21669442722285914,0.20362736930420947,0.22224376463710524,0.2174252453393501,0.21864983406039193,0.22264298235824992,0.22345647929677,0.23178725225471158,0.23183746608678235,0.23188135319065215,0.2318418149314,0.232044681170528,0.23185239799955487,0.2320586446697629,0.2319743070636318,0.23206141197687577,0.23203083090483245,0.23206238368638832
0.20738192904254163,0.2071454828938871,0.2073128836340421,0.20743478768148568,0.20709433817937078,0.20742705570471526,0.20718902998134414,0.20744604466803565,0.2072378883571051,0.20744575710228175,0.20742835126175568,0.19264996850935984,0.19681538296620102,0.1765186851188864,0.19786451412395045,0.18588573489227492,0.19515957021526587,0.1896568832759938,0.19873312948606398,0.20667809666677833,0.20707566622504006,0.19188437591117058,0.15568980834046456,0.17341791992327957,0.16090011591879672,0.18569188873578302,0.14759483426452713,0.1804833156651026,0.18193662102999406,0.2070927614212048,0.20697467127597383,0.189550212127259,0.25000000000000033,0.17420801979086076,0.1689788937868131,0.18291398079213236,0.1740802821477143,0.18638065694666042,0.19036379424071967,0.2071867181438948,0.20732469747793866,0.19351126542843133,0.19320671105695328,0.18357353709900703,0.19856773405410155,0.19551306582426828,0.19538202878189442,0.1992883042946686,0.19938225151611028,0.20716770326906855,0.2072251908796679,0.20728336896524222,0.20724923417864485,0.20742933513438042,0.20723087819119568,0.20744181419170674,0.20735089072095764,0.20744428717845584,0.20741765049089375,0.2074451558041874
