x1,x2,x3,x4,x5,x6,x7,x8,x9,x10,x11,x12,x13,x14,x15,x16,x17,x18,x19,x20,x21,x22,x23,x24,x25,x26,x27,x28,x29,x30,x31,x32,x33,x34,x35,x36,x37,x38,x39,x40,x41,x42,x43,x44,x45,x46,x47,x48,x49,x50,x51,x52,x53,x54,x55,x56,x57,x58,x59,x60
0.25000000000000006,0.24959803134824382,-0.049530696290592084,0.24831232947658144,-0.06870448101555164,0.2496134610354965,-0.09379213325991394,0.24979383007710942,-0.16491359984439172,0.24993948455012593,0.03504566081059092,-0.04146890820099535,0.04259141021633909,-0.06347831120574393,0.06368925733264519,-0.0784390215883413,0.08704373615646184,-0.14623255597410106,0.15109547820096808,-0.14238547322551032,-0.030665372145141607,0.04304947147461911,-0.05982870008012077,0.058701840594305596,-0.05398311996577971,0.05880564694242,-0.05976390363458086,0.11164464418779674,-0.11658513580813099,0.15798306100381246,0.07757176844327539,-0.07041550488348032,0.05899629235179822,-0.056192698590062054,0.05214891087992988,-0.04748102937520513,0.048900958299090795,0.022452506816019204,-0.03127343663262287,0.12177692327104686,-0.0743402817931939,0.06978462060364189,-0.06622302065812785,0.052131216570063886,-0.045833773116403194,0.03561897202770372,-0.01973524122884467,-0.04638912330985069,0.09001515329997017,-0.10161853249419882,0.24983408848108632,0.2497884202698671,0.05961060445715142,0.24921232238182134,0.0400015590928053,0.2491109587869335,0.008936282742033171,0.24973119278778766,-0.10567634098441754,0.24994667933145026
0.24959803134824382,0.25000000000000017,-0.0498546263761587,0.24803066832062898,-0.06879614937368446,0.2493195042278831,-0.09388033172054593,0.24949780977267355,-0.1647471443426018,0.24964330190747452,0.035306843825363865,-0.04172538376057993,0.04284840621097274,-0.0636143642248882,0.06382386735298466,-0.07854847701242366,0.08713916883590048,-0.14613609455210058,0.15097131262817057,-0.14228396776471874,-0.030893237646957578,0.04327600224425327,-0.0599665508282945,0.058840407147823987,-0.05412393978015506,0.05893488736713501,-0.059884103578187596,0.1116202954142239,-0.1165498385721603,0.15784815433123764,0.07766905865953369,-0.07052831137372446,0.05913483790978012,-0.05633160255395604,0.05229068294370665,-0.04761316478593231,0.04903035652038907,0.0222871021463599,-0.031103178448127294,0.1215602904079231,-0.07443962028248081,0.06989476542985953,-0.06633840147504418,0.052273161957659374,-0.04597887671457218,0.035758010791791334,-0.019879380701874453,-0.046211081363724656,0.08981602888074522,-0.10141345528300302,0.24953813144221723,0.24949233645901264,0.05972395903387534,0.24891650949506292,0.04014954724835003,0.24881519820098602,0.00908599077692308,0.24943512981056654,-0.1054689357999599,0.24965049081442164
-0.049530696290592084,-0.0498546263761587,0.2500000000000003,-0.05121280238675882,0.21403997695187543,-0.04987184329057274,0.17852829482439767,-0.04951537147444317,0.09099338480010506,-0.04957578628901957,-0.23155091852872425,0.23810570612595716,-0.23966235839236788,0.21923323059116256,-0.21878824454422766,0.1928149811955232,-0.17891834014848357,0.11576043042108279,-0.10393975157472538,0.11078478174147513,0.21693776344966706,-0.2292079540528168,0.21569960203136007,-0.2150155552161522,0.2101103375437395,-0.1960062954004867,0.18936489393441358,-0.14224170498218588,0.13888732809193732,-0.10324408793887399,-0.20024392413603578,0.20544407512331417,-0.2152770572347822,0.2115572206223435,-0.20850083644569137,0.1880820409824007,-0.1863288232195622,0.1250781996410792,-0.11789304769561548,0.0409227541542049,0.19811858438848118,-0.202426787981258,0.2026759850006399,-0.20903000403158403,0.20346070108499137,-0.17881570441804956,0.16128359799095707,-0.10506923225730973,0.06675100682937118,-0.056890046859334596,-0.049651623305261586,-0.04946639628685015,-0.1918536388715637,-0.04894931869432552,-0.19838238466731756,-0.04886810911513488,-0.15216059852938948,-0.04941595681530294,-0.05377550199600551,-0.049579071774818795
0.24831232947658144,0.24803066832062898,-0.05121280238675882,0.25,-0.07038120927244203,0.24804599930490137,-0.09497218940025093,0.24821237601448293,-0.1642326040614701,0.24835765563979184,0.03671052725631384,-0.0431377264889828,0.04426015280634075,-0.06514483927775101,0.06535437211760287,-0.07982413918257215,0.08827657019149113,-0.14605459190592196,0.15069009386023677,-0.1421710451155184,-0.032328636862079804,0.04471669799585667,-0.06149076797085118,0.060367375312806254,-0.05564697240423058,0.060341773637502705,-0.06122092566532437,0.11202273923861915,-0.11688277761546267,0.1575287569834956,0.07893278267501402,-0.07188983759687188,0.060661508743633005,-0.05784794253834598,0.0538125561315921,-0.04900830467342069,0.050403552290786295,0.020974949350698775,-0.02979502740516944,0.12032320456078524,-0.07570524700400887,0.0712308241414191,-0.06770166622229142,0.05379479557664438,-0.04749562019599071,0.037151210203525756,-0.021227608751678253,-0.044914493101963784,0.08856475763609693,-0.10017123259431424,0.24825389970245615,0.2482067541477668,0.06103490154271125,0.24763028258688144,0.041660762625216285,0.2475288728556198,0.010426177297023565,0.24814945584062378,-0.10422719715746266,0.24836482351882114
-0.06870448101555164,-0.06879614937368446,0.21403997695187543,-0.07038120927244203,0.2500000000000002,-0.06908409124152225,0.20307776759892973,-0.06870086922430405,0.11499844781117016,-0.06875027391145588,-0.21521057800850726,0.22198344013615623,-0.22310329207045065,0.24392634477853614,-0.2439236234682843,0.217205869468886,-0.20330474940894633,0.13961090352068498,-0.1279835794050708,0.13449861665145918,0.2111839953244679,-0.22356102619460796,0.23988376915371984,-0.2391740832525276,0.23436211255580192,-0.2202945815440756,0.2137505426984805,-0.1665544579054752,0.16317387288371615,-0.12672418809595445,-0.22393553935877783,0.2292409862512519,-0.23940953141616095,0.23558502208370977,-0.2325578723387683,0.21138437337895058,-0.2096254123657105,0.13782465939196875,-0.12937738983446062,0.03909198716031774,0.22153211542614606,-0.22600545637443722,0.2261298937005185,-0.23256649731233348,0.2262729615783495,-0.20045673835077454,0.18026087657191245,-0.11433165250144052,0.06947137381587762,-0.057904023135994,-0.0688267584244037,-0.06862100467317092,-0.21381815660976122,-0.06802259525158486,-0.2203343475070758,-0.06791971545862949,-0.16955108218167114,-0.06856043067545406,-0.054220019641808954,-0.06875359850235162
0.2496134610354965,0.2493195042278831,-0.04987184329057274,0.24804599930490137,-0.06908409124152225,0.24999999999999997,-0.09417013045248426,0.2495138970861512,-0.16506588285977028,0.24965880960048917,0.035426234669688764,-0.04185119022991395,0.04297366211868863,-0.06386057869574073,0.06407129383891705,-0.0788170827160374,0.08742185511949162,-0.14642199869849087,0.15128816818421278,-0.14255332569054044,-0.03104192551732346,0.04343050362807636,-0.060209133446047725,0.05908273181530335,-0.054363113899600655,0.059184158555465397,-0.060134088178123296,0.11190722405310709,-0.11683547496299045,0.15812349267642833,0.07788730832150452,-0.07075429596291401,0.05937726300844422,-0.05657103423483062,0.05252848712365752,-0.04785013718080255,0.04927007089969707,0.02210792995410058,-0.030931030436514934,0.12146449047381293,-0.07465833019941914,0.07012008832101281,-0.06656503259301434,0.052510291832953804,-0.04621095379459002,0.03598586146305637,-0.02009446594438113,-0.04605168400499854,0.08969495502939138,-0.10130215352874594,0.24955374448437156,0.24950773618605968,0.05993849089157911,0.24893140354075585,0.040376647945245085,0.2488299970142645,0.009291913341997173,0.24945044833835311,-0.10536113254350864,0.24966599449174187
-0.09379213325991394,-0.09388033172054593,0.17852829482439767,-0.09497218940025093,0.20307776759892973,-0.09417013045248426,0.2500000000000001,-0.09398593658858827,0.139647787436602,-0.09383713216454287,-0.178307825578301,0.18461979031266829,-0.18574435048611956,0.20656390027244156,-0.20687341586519178,0.22770202936253098,-0.24244294772392572,0.16165879775787578,-0.1493249388181969,0.1481991528042268,0.17411436161237373,-0.18650598157929338,0.20289822897886017,-0.2021958019045785,0.2010333815832247,-0.20937242305837828,0.2090824091240406,-0.16854230912691998,0.1664039189857446,-0.14347061544738227,-0.1920893466972872,0.19566945717680928,-0.202438484413792,0.20056856546766397,-0.19976945367891336,0.19796786350136,-0.19898282400593367,0.1272770256138315,-0.1187870158546498,0.028373017664111308,0.18997757932016154,-0.19312883938665018,0.19293018334286816,-0.19742039680154477,0.19236681625423768,-0.18683841167819346,0.16968345425869136,-0.10371214766520528,0.05897497845450258,-0.0473901103174166,-0.09388484307459585,-0.09371040506236172,-0.1814837433879658,-0.09314891155484095,-0.1865151621997242,-0.09300601808559911,-0.15888025400929498,-0.09363196597563586,-0.04343578690891638,-0.09384085922931643
0.24979383007710942,0.24949780977267355,-0.04951537147444317,0.24821237601448293,-0.06870086922430405,0.2495138970861512,-0.09398593658858827,0.25,-0.1651019203536586,0.24983915736000425,0.03505505653292469,-0.04147306265165322,0.0425955611155683,-0.06348261788102105,0.06369564955767826,-0.07854478502955345,0.08724303034210505,-0.1464136743400357,0.15128331770401743,-0.14256381510061603,-0.0306684505576268,0.04305699848472631,-0.05983633049882199,0.05871052190423169,-0.05404540791335637,0.058921034755912004,-0.059960749749164335,0.11183572113451072,-0.11677488530901622,0.15816082410528737,0.07756792348041423,-0.0704152450025836,0.05900431700738959,-0.05622686949978615,0.05221893572201077,-0.04767489098183631,0.049096145399301024,0.022281295893093363,-0.03110475516918347,0.12163811232919153,-0.07434206808392727,0.06978930145831728,-0.06623249041363999,0.05216535471068885,-0.04588533764490457,0.035809492433338974,-0.019919903582666824,-0.04622542952929392,0.08986654261355843,-0.10147376198603325,0.24973382372556618,0.24968814785891771,0.05961624609819018,0.24911239068528881,0.04005191609438059,0.24901035870668586,0.00911716076207245,0.2496307979755519,-0.105532821039733,0.2498463514095848
-0.16491359984439172,-0.1647471443426018,0.09099338480010506,-0.1642326040614701,0.11499844781117016,-0.16506588285977028,0.139647787436602,-0.1651019203536586,0.2500000000000002,-0.1649526899437307,-0.0838965046905794,0.0891060138018215,-0.09022782057367194,0.11110438713130318,-0.11146231915711577,0.1384460084601295,-0.14057787527534868,0.2118560757822103,-0.23524080295107763,0.21311783389378042,0.08114738882435561,-0.09324693049252251,0.10985275279169104,-0.10914905811594641,0.11549357062258588,-0.12975659797886663,0.1374638262402891,-0.18953362942652618,0.19275471797252675,-0.22010316498014215,-0.11277022939042593,0.1103417166439746,-0.10928409085612882,0.11136038937169535,-0.11464429450804894,0.1251073193045078,-0.12699505117814572,0.05716623917467195,-0.04871799262918981,-0.039621419542547956,0.11185348251208281,-0.11087812603682269,0.10978487423880584,-0.10792026618604872,0.10436100473643642,-0.11385246392661368,0.09840441137290816,-0.03396786052387471,-0.009128172473332629,0.020451371307167204,-0.16491656174098054,-0.16482524920150715,-0.10130544027583274,-0.1643249562642603,-0.09874284561203565,-0.1641412713007689,-0.08782107337259742,-0.1647460908388554,0.02441824614208866,-0.16495664204975977
0.24993948455012593,0.24964330190747452,-0.04957578628901957,0.24835765563979184,-0.06875027391145588,0.24965880960048917,-0.09383713216454287,0.24983915736000425,-0.1649526899437307,0.2500000000000002,0.03509111630338976,-0.04151524914151766,0.04263771455444206,-0.06352467212836226,0.06373559195999319,-0.07848433637459185,0.08708840231202619,-0.1462767590209356,0.15113918959446032,-0.14242865305030794,-0.030706574669853395,0.0430946675019887,-0.0598740612095132,0.05874692994998096,-0.05402738474353299,0.058849023103098835,-0.05980679128097279,0.11168797816540703,-0.11662866811316294,0.15802703790116318,0.07761707890756277,-0.07046063618401177,0.05904146182586127,-0.05623714957920001,0.052192682597516186,-0.047521733040793,0.04894162212885777,0.02243318485984607,-0.03125668414584917,0.12178711479406505,-0.07438482902457874,0.06982922981106413,-0.06626719438541498,0.05217462859124075,-0.045875446467629075,0.03565628704339634,-0.019767175426863688,-0.04637686552516006,0.09001609459499603,-0.10162292711114221,0.24987942993897272,0.2498337236090529,0.0596519186901075,0.24925745427474774,0.04004148281946041,0.24915605573801713,0.00896500959434586,0.2497764776732197,-0.10568188895515036,0.2499920250981325
0.03504566081059092,0.035306843825363865,-0.23155091852872425,0.03671052725631384,-0.21521057800850726,0.035426234669688764,-0.178307825578301,0.03505505653292469,-0.0838965046905794,0.03509111630338976,0.2500000000000001,-0.2430592684598477,0.24148915410716099,-0.22117857550196388,0.22073094257958695,-0.19377742574078954,0.17924380026734865,-0.11027346125414716,0.09789862038716382,-0.10542678582071438,-0.22167841672110244,0.23359322608757127,-0.2178092194678653,0.21717823276131645,-0.2126228496330357,0.19821199641843362,-0.19142175059631752,0.13954823497082655,-0.13578843939372193,0.09657678336929185,0.20078381109792268,-0.20658432533680396,0.21742829665260896,-0.2138685935855067,0.21109778506335294,-0.19076550546319215,0.18890853940156868,-0.13040005005725974,0.12356536754092615,-0.050092925764180694,-0.19882077295123718,0.203538897577236,-0.20403415799166577,0.21152708890229097,-0.20623787512048364,0.18198058175441298,-0.16498362493919705,0.11132673090609482,-0.07465954914352234,0.06524722312164635,0.03517578855555023,0.0349883763169108,0.19332062642616749,0.0344939571145756,0.20138364654169946,0.03441541934163027,0.156278425550105,0.03493969146905416,0.0622960129920018,0.03509408435643393
-0.04146890820099535,-0.04172538376057993,0.23810570612595716,-0.0431377264889828,0.22198344013615623,-0.04185119022991395,0.18461979031266829,-0.04147306265165322,0.0891060138018215,-0.04151524914151766,-0.2430592684598477,0.25000000000000017,-0.2482999364547302,0.22798256065448796,-0.22752624570013114,0.2001026957104721,-0.18534687325381885,0.11584742687228222,-0.10315342079598869,0.1106709376695548,0.22778903359436942,-0.24023364808908648,0.2244170148146433,-0.22374314033663756,0.21882239837667836,-0.20404603302236338,0.1970318404192143,-0.14505234253087235,0.14131049514046687,-0.10206471955518927,-0.20737757434303497,0.2131595013109462,-0.22400771359699462,0.22023016705906476,-0.2172097989144874,0.19609660533767728,-0.19422421018824623,0.13279462470282521,-0.12560777815590796,0.04844661937560893,0.2052826769955242,-0.21001316001024728,0.21043179927552152,-0.21774348559828252,0.21215857982508288,-0.18684778551478143,0.1691061719240219,-0.11275376623704016,0.07427918321595756,-0.06439414358616728,-0.04159951942185934,-0.04140655212004435,-0.19932105914166487,-0.040887063454000686,-0.20706249584207675,-0.04080561828613789,-0.1599626981846426,-0.04135566442051435,-0.06128561180786928,-0.04151835443820893
0.04259141021633909,0.04284840621097274,-0.23966235839236788,0.04426015280634075,-0.22310329207045065,0.04297366211868863,-0.18574435048611956,0.0425955611155683,-0.09022782057367194,0.04263771455444206,0.24148915410716099,-0.2482999364547302,0.2500000000000002,-0.22910460381113257,0.2286482805969646,-0.20122667684133153,0.18647143238061867,-0.116973191621748,0.10427970852976476,-0.11179531178631112,-0.22686866567535763,0.2392855930780285,-0.22552508835191679,0.22485115003117973,-0.2199340004569929,0.20516241962692558,-0.19815327987152132,0.14617177626283984,-0.142434338473468,0.10319011755644472,0.20848708948829378,-0.2142652895250392,0.22511340269311286,-0.22133109600754702,0.21831123993549637,-0.19716088154941327,0.19528817433195003,-0.13331658819551903,0.12606459237845194,-0.04821890200349932,-0.20637630885220032,0.21110805515733622,-0.21151742451493485,0.21881837312979996,-0.21319604521355462,0.1878260211828764,-0.16994817896184597,0.11309633063635899,-0.0742864775574301,0.06431370317813286,0.04272188092043858,0.04252798052272583,0.2003346039322214,0.04200432349692722,0.2080557887816447,0.04192177169937435,0.16072314026880338,0.042476588497304,0.06117584716931485,0.04264082696205592
-0.06347831120574393,-0.0636143642248882,0.21923323059116256,-0.06514483927775101,0.24392634477853614,-0.06386057869574073,0.20656390027244156,-0.06348261788102105,0.11110438713130318,-0.06352467212836226,-0.22117857550196388,0.22798256065448796,-0.22910460381113257,0.25000000000000033,-0.24951333471699633,0.2220928375665808,-0.20732864556152536,0.13785007081999529,-0.12515587232085285,0.13261644256401042,0.2171409960639741,-0.22954432120696533,0.2457803427984765,-0.2450806095469105,0.2402190012460134,-0.22564593329724594,0.21871541306930167,-0.1667984333789766,0.16314640228664148,-0.12404012250369985,-0.22878930753207347,0.23448452218478114,-0.24531582204021363,0.24143461052815302,-0.23840693892392034,0.21661052482160234,-0.21475061395039555,0.14280162166861074,-0.1343496897479118,0.04390241967941302,0.22638062356369323,-0.23112793120955935,0.23136217515864543,-0.23844106003797477,0.23212317683097294,-0.20569035014829312,0.18532565096690293,-0.11927839503305204,0.07429750060959261,-0.06270959636411594,-0.06360677234314678,-0.06339582436436379,-0.2188567272806267,-0.0627952624562797,-0.22616975636665965,-0.06269255689954593,-0.17459868549153057,-0.06333509533461149,-0.0590300435845901,-0.06352794712982457
0.06368925733264519,0.06382386735298466,-0.21878824454422766,0.06535437211760287,-0.2439236234682843,0.06407129383891705,-0.20687341586519178,0.06369564955767826,-0.11146231915711577,0.06373559195999319,0.22073094257958695,-0.22752624570013114,0.2286482805969646,-0.24951333471699633,0.2500000000000001,-0.22233596585035587,0.20759269872746325,-0.138138747958152,0.12544437264375574,-0.13290644816847422,-0.21671165075330803,0.22911518264825623,-0.24545881772800118,0.2447608148295706,-0.24000099598100133,0.225697338145782,-0.21878559839429104,0.16697048623501362,-0.1633267727991201,0.12433384731348314,0.22850382422329962,-0.23418444304641547,0.24499501943721677,-0.2411614909705062,0.23819353596009893,-0.21659396969847486,0.21476120306195132,-0.14279260831956325,0.1343379695337333,-0.04386369866223151,-0.22610466116425765,0.23084099087035462,-0.23107791685545456,0.23816672910783526,-0.2318651750925323,0.2056688650176404,-0.18532839692723826,0.11926208295969284,-0.07426949887058404,0.06267812154578177,0.06381744777333997,0.06360677141439793,0.21857733421229017,0.06300655511323042,0.22591113489608067,0.06290323283094511,0.17459738986449955,0.06354580783668767,0.05899486663230035,0.06373886947356919
-0.0784390215883413,-0.07854847701242366,0.1928149811955232,-0.07982413918257215,0.217205869468886,-0.0788170827160374,0.22770202936253098,-0.07854478502955345,0.1384460084601295,-0.07848433637459185,-0.19377742574078954,0.2001026957104721,-0.20122667684133153,0.2220928375665808,-0.22233596585035587,0.2500000000000003,-0.23474159735187877,0.16519130159049772,-0.15248573767966767,0.15711799701167417,0.18983184799570338,-0.202236587784822,0.21862899674405234,-0.2180241833112478,0.21968287499404685,-0.2302278430738223,0.22453876706150788,-0.1798759307603725,0.1769424189185428,-0.14844305825779083,-0.20394257488897247,0.20861646022608066,-0.2182268222708459,0.21741478593155797,-0.21817835474573413,0.21340575250312474,-0.21443195464515402,0.14261380527756223,-0.13414701344465554,0.04363557785085536,0.20228421864559043,-0.2062346203677858,0.20666993749501067,-0.21438320390361953,0.20917264687993592,-0.20233846332650282,0.18510928193450266,-0.11905728789490315,0.0741538116218733,-0.06255749705597559,-0.07854768883223938,-0.07835945056640763,-0.19469442472133744,-0.07779023217754563,-0.20330161861889137,-0.07765191233173342,-0.17429438819117818,-0.07827885414217536,-0.058601962094703176,-0.07848772517323545
0.08704373615646184,0.08713916883590048,-0.17891834014848357,0.08827657019149113,-0.20330474940894633,0.08742185511949162,-0.24244294772392572,0.08724303034210505,-0.14057787527534868,0.08708840231202619,0.17924380026734865,-0.18534687325381885,0.18647143238061867,-0.20732864556152536,0.20759269872746325,-0.23474159735187877,0.25000000000000044,-0.16824366096956514,0.15415027637641246,-0.15284866129824848,-0.17512049641519561,0.18752006536738167,-0.20393115408995244,0.20330514472751912,-0.2051791786113874,0.2163526584516125,-0.2160967978211176,0.1753285712099516,-0.17253259770934679,0.14444386605501688,0.19229220404513753,-0.19614527411023724,0.2035060731157735,-0.20300410743412153,0.20405266342790954,-0.20490319770226753,0.20597663575805172,-0.13421018148582672,0.12572908338276548,-0.03525517711442866,-0.19046292588834643,0.19382358568140412,-0.1939246271496521,0.1999160907561727,-0.1953823332737052,0.19378998125552724,-0.17663917901302847,0.11064414201646836,-0.06584603637028709,0.05425332801480669,0.08714043349731457,0.08696487377084022,0.18237018085353296,0.0864167521948569,0.18954555003163612,0.08625669557662839,0.16582185692743567,0.08688292241200642,0.0502957945883826,0.08709200778028853
-0.14623255597410106,-0.14613609455210058,0.11576043042108279,-0.14605459190592196,0.13961090352068498,-0.14642199869849087,0.16165879775787578,-0.1464136743400357,0.2118560757822103,-0.1462767590209356,-0.11027346125414716,0.11584742687228222,-0.116973191621748,0.13785007081999529,-0.138138747958152,0.16519130159049772,-0.16824366096956514,0.2500000000000003,-0.22573010211478461,0.2049321962971485,0.10696069567074841,-0.11936061055715354,0.1359240915101773,-0.1352518988915683,0.14159092711000051,-0.1558711137749927,0.16322661065749278,-0.2152345565485048,0.21280030366906183,-0.19641745271514416,-0.13534210837576896,0.1344683838050784,-0.1353914831925339,0.13730664660191638,-0.14069851443220371,0.150647529411083,-0.15263082232816946,0.08104464617478663,-0.0724386487082279,-0.018096879255408586,0.13406087198529862,-0.13431883487770108,0.13354693428174752,-0.1339113249522517,0.13019792291511278,-0.13922195665970444,0.12333035709739368,-0.057318188675750996,0.012974093456842941,-0.0013717274553620988,-0.14626402172672182,-0.14614907391412194,-0.12408123925750444,-0.1456315204159797,-0.12442908878256208,-0.14544529681263033,-0.11248223075419915,-0.14606535251836864,0.0026907013389693333,-0.14628083430840352
0.15109547820096808,0.15097131262817057,-0.10393975157472538,0.15069009386023677,-0.1279835794050708,0.15128816818421278,-0.1493249388181969,0.15128331770401743,-0.23524080295107763,0.15113918959446032,0.09789862038716382,-0.10315342079598869,0.10427970852976476,-0.12515587232085285,0.12544437264375574,-0.15248573767966767,0.15415027637641246,-0.22573010211478461,0.25000000000000033,-0.22674057874350734,-0.09518175094848776,0.10729955326008901,-0.12388217912965542,0.12321044217811505,-0.12960167055588717,0.1439205996389326,-0.15163924212850277,0.20378058664121948,-0.2044096528825827,0.21079719453124546,0.124323864555723,-0.12286888759781507,0.12334490694291365,-0.12536425485206965,0.1287613215712857,-0.13923731969595926,0.14119081242209905,-0.07123998220889716,0.06280976406379662,0.025648448009325305,-0.12334438631436971,0.12312537779598685,-0.12229672732049118,0.12200010880571656,-0.11844777975076741,0.12803186627237337,-0.11255745570354447,0.04804008882100044,-0.004777448399235683,-0.0065598439875029346,0.15111763047443372,0.1510135983533746,0.11333926087885884,0.15051105353930375,0.11281713009220505,0.1503266385813893,0.10195731691537127,0.1509322810877491,-0.010532978098914726,0.15114309931926007
-0.14238547322551032,-0.14228396776471874,0.11078478174147513,-0.1421710451155184,0.13449861665145918,-0.14255332569054044,0.1481991528042268,-0.14256381510061603,0.21311783389378042,-0.14242865305030794,-0.10542678582071438,0.1106709376695548,-0.11179531178631112,0.13261644256401042,-0.13290644816847422,0.15711799701167417,-0.15284866129824848,0.2049321962971485,-0.22674057874350734,0.2500000000000002,0.10352408972205117,-0.1156276722996792,0.13215602022275372,-0.13150476780780695,0.13789505015904083,-0.15217760985445833,0.15988303875378315,-0.2117288942782473,0.2139860777230862,-0.23309526538770936,-0.1318225726077406,0.13103459436169657,-0.13163907081919654,0.13361232840952,-0.13706188402430883,0.14749509610984482,-0.14947785432550204,0.07960145511729637,-0.07120007173779067,-0.017141508979953174,0.13117311453188474,-0.13144075082427312,0.1306256786735835,-0.13030208272653312,0.1267595555337865,-0.13634362612652282,0.12087921610617891,-0.056450018703506716,0.013173545926770487,-0.0018520687796490913,-0.14241685564262177,-0.14230420804528784,-0.1213771399059456,-0.14180176960948748,-0.12113315079427403,-0.14161737841356614,-0.11029154467120612,-0.14222226491186346,0.002115996369055297,-0.14243276014464737
-0.030665372145141607,-0.030893237646957578,0.21693776344966706,-0.032328636862079804,0.2111839953244679,-0.03104192551732346,0.17411436161237373,-0.0306684505576268,0.08114738882435561,-0.030706574669853395,-0.22167841672110244,0.22778903359436942,-0.22686866567535763,0.2171409960639741,-0.21671165075330803,0.18983184799570338,-0.17512049641519561,0.10696069567074841,-0.09518175094848776,0.10352408972205117,0.2500000000000003,-0.23744182479004292,0.22076753985766662,-0.22014045739197424,0.21517873067419394,-0.19999088968519557,0.19293557354179763,-0.13980976679924864,0.13594495799166711,-0.09459966857120687,-0.20306098831581101,0.2090165827777508,-0.22039380067891495,0.21663036705967514,-0.21363223541103607,0.19253129068636368,-0.19062115739757843,0.1326881726621609,-0.12592828594709393,0.05319198966659159,0.20100197489836352,-0.20590222644952863,0.20646991381105662,-0.21433223919864527,0.2089908705006278,-0.18385623731048006,0.16693465856259854,-0.11381434690019249,0.07748006465622632,-0.06816221616837312,-0.030794653698755305,-0.03060465109110258,-0.195712931374419,-0.030111649845963758,-0.20417841487201951,-0.030037274120649375,-0.1583190977103584,-0.030556780026872725,-0.06524827675517199,-0.030709156243925922
0.04304947147461911,0.04327600224425327,-0.2292079540528168,0.04471669799585667,-0.22356102619460796,0.04343050362807636,-0.18650598157929338,0.04305699848472631,-0.09324693049252251,0.0430946675019887,0.23359322608757127,-0.24023364808908648,0.2392855930780285,-0.22954432120696533,0.22911518264825623,-0.202236587784822,0.18752006536738167,-0.11936061055715354,0.10729955326008901,-0.1156276722996792,-0.23744182479004292,0.2500000000000002,-0.23317092465611922,0.23247328930837774,-0.2275831732219545,0.21235313584596208,-0.20533969184604167,0.15215443009523158,-0.14833890152538856,0.1069906797635398,0.21536080883886147,-0.22136603877071093,0.2327464732185685,-0.22892429137910128,0.225923737267549,-0.2043464452928607,0.20242071391060415,-0.13847140001324648,0.1309899111892862,-0.050663006733809704,-0.21321191230792214,0.21812876500511577,-0.2185936012498996,0.22633777676450068,-0.22057837733061075,0.1947175103559725,-0.17627105651382258,0.11760841945551335,-0.0775564544012484,0.06726581357651776,0.04318204432722434,0.04298161689943717,0.2070354485044999,0.0424423034546627,0.2152756333571718,0.04235574178084336,0.16675135988116244,0.042928233025406805,0.06402786698481427,0.04309771141847198
-0.05982870008012077,-0.0599665508282945,0.21569960203136007,-0.06149076797085118,0.23988376915371984,-0.060209133446047725,0.20289822897886017,-0.05983633049882199,0.10985275279169104,-0.0598740612095132,-0.2178092194678653,0.2244170148146433,-0.22552508835191679,0.2457803427984765,-0.24545881772800118,0.21862899674405234,-0.20393115408995244,0.1359240915101773,-0.12388217912965542,0.13215602022275372,0.22076753985766662,-0.23317092465611922,0.2500000000000001,-0.24878055746251648,0.24391414300368616,-0.22864843885175462,0.2216980983078073,-0.16856140628543445,0.16482217601284688,-0.12357106177685423,-0.23171334485896655,0.23765507459936644,-0.24901247813881547,0.24510991307047178,-0.24210192511849984,0.21989653968547435,-0.21795408725705886,0.14598117532345334,-0.13753490814045183,0.047073972640472604,0.22932864889306043,-0.23425604790203952,0.2345785113373264,-0.24213680092494785,0.2358176023129744,-0.2089934192303118,0.18851833484263872,-0.12246189235678621,0.0774478128103382,-0.06585831926356514,-0.059959789084036236,-0.059745646822212194,-0.22195824304685602,-0.05914448866494399,-0.22986062967243864,-0.05904173293305002,-0.17779149907219385,-0.05968490969832844,-0.06218730477348655,-0.059877251199401085
0.058701840594305596,0.058840407147823987,-0.2150155552161522,0.060367375312806254,-0.2391740832525276,0.05908273181530335,-0.2021958019045785,0.05871052190423169,-0.10914905811594641,0.05874692994998096,0.21717823276131645,-0.22374314033663756,0.22485115003117973,-0.2450806095469105,0.2447608148295706,-0.2180241833112478,0.20330514472751912,-0.1352518988915683,0.12321044217811505,-0.13150476780780695,-0.22014045739197424,0.23247328930837774,-0.24878055746251648,0.2500000000000003,-0.24346794287605503,0.22818679948993864,-0.22122517705573772,0.16797176061541286,-0.16421935659090994,0.12287303183458229,0.2309815235693945,-0.2369416195263935,0.24832677124312344,-0.24453164691061846,0.24166489149524023,-0.2194730747770961,0.2175282560565468,-0.1459343517241959,0.1375344448887534,-0.04755321717043834,-0.2286313732138778,0.2335688981690818,-0.23391778551592687,0.24158099496884805,-0.23530485441957993,0.20863165195216984,-0.18824760436586582,0.12254152065749505,-0.07776069026127455,0.0662326718095318,0.05883294514535976,0.058619356751475026,0.22134182171956887,0.05802153134018284,0.22937932634488672,0.05791899757089197,0.1775777912428927,0.05855885287200369,0.06258261320358095,0.05875008642068393
-0.05398311996577971,-0.05412393978015506,0.2101103375437395,-0.05564697240423058,0.23436211255580192,-0.054363113899600655,0.2010333815832247,-0.05404540791335637,0.11549357062258588,-0.05402738474353299,-0.2126228496330357,0.21882239837667836,-0.2199340004569929,0.2402190012460134,-0.24000099598100133,0.21968287499404685,-0.2051791786113874,0.14159092711000051,-0.12960167055588717,0.13789505015904083,0.21517873067419394,-0.2275831732219545,0.24391414300368616,-0.24346794287605503,0.25000000000000033,-0.2345540014002153,0.2275882774830308,-0.17436329190665087,0.17061307894785352,-0.12926806181608508,-0.22617597259456124,0.2321294748533941,-0.24359861433270302,0.2445465514964541,-0.24798521613683408,0.22577272852309663,-0.22385541568810396,0.1518539354481094,-0.14341829502215692,0.05293672710569299,0.22478396265348463,-0.22973281848891683,0.23077432224788205,-0.24171123107893921,0.23613786293999603,-0.21488300841070954,0.19440534160689701,-0.12834186684948887,0.08331117225446125,-0.07171819586564271,-0.05411432096474707,-0.053904020888101006,-0.2181720050784698,-0.05332215221399421,-0.2302068558099373,-0.053194884453851385,-0.18366721707599648,-0.05383819110799476,-0.06804775459482329,-0.054030564819212
0.05880564694242,0.05893488736713501,-0.1960062954004867,0.060341773637502705,-0.2202945815440756,0.059184158555465397,-0.20937242305837828,0.058921034755912004,-0.12975659797886663,0.058849023103098835,0.19821199641843362,-0.20404603302236338,0.20516241962692558,-0.22564593329724594,0.225697338145782,-0.2302278430738223,0.2163526584516125,-0.1558711137749927,0.1439205996389326,-0.15217760985445833,-0.19999088968519557,0.21235313584596208,-0.22864843885175462,0.22818679948993864,-0.2345540014002153,0.25000000000000017,-0.24191197264495853,0.1886893698611541,-0.18493636808187733,0.14355767553890095,0.2113307099394691,-0.21706038110411788,0.22832281818774655,-0.22957506212379622,0.233238770399964,-0.23110429153201467,0.232041986852488,-0.1604321018815401,0.1520356962208244,-0.061853915397593266,-0.2100952778805124,0.21481088727358075,-0.21584845807539466,0.22670284745607583,-0.22224610082734272,0.22015931137710573,-0.20278662945115156,0.13700327746361793,-0.09214609612422084,0.08059213986716535,0.05892826726979887,0.05873056961533659,0.20346398418594586,0.058181479056532065,0.21641627399541058,0.05801956482235245,0.19200446244917085,0.058645194064606776,0.07666915342572053,0.0588522412541539
-0.05976390363458086,-0.059884103578187596,0.18936489393441358,-0.06122092566532437,0.2137505426984805,-0.060134088178123296,0.2090824091240406,-0.059960749749164335,0.1374638262402891,-0.05980679128097279,-0.19142175059631752,0.1970318404192143,-0.19815327987152132,0.21871541306930167,-0.21878559839429104,0.22453876706150788,-0.2160967978211176,0.16322661065749278,-0.15163924212850277,0.15988303875378315,0.19293557354179763,-0.20533969184604167,0.2216980983078073,-0.22122517705573772,0.2275882774830308,-0.24191197264495853,0.2500000000000003,-0.19635385890622098,0.192612634230286,-0.15131738681221177,-0.20459191499239004,0.2102239986460488,-0.22136285781831272,0.22281459221182992,-0.22675652332564128,0.23664640855672053,-0.2390290550411705,0.16724664523666793,-0.1588271360445864,0.06834011427821633,0.20344912842515137,-0.20809503589762415,0.20912190246821083,-0.21991497603828616,0.21625104221137978,-0.22562258916277375,0.20970879407038323,-0.1437437260478883,0.09873950738736953,-0.08714617796963639,-0.059883455630526355,-0.05969133291067778,-0.1967747010975742,-0.05916310275826337,-0.21045196738663413,-0.05897469068159268,-0.19884690092572105,-0.059594650111222586,-0.0830778964063371,-0.05981004349016307
0.11164464418779674,0.1116202954142239,-0.14224170498218588,0.11202273923861915,-0.1665544579054752,0.11190722405310709,-0.16854230912691998,0.11183572113451072,-0.18953362942652618,0.11168797816540703,0.13954823497082655,-0.14505234253087235,0.14617177626283984,-0.1667984333789766,0.16697048623501362,-0.1798759307603725,0.1753285712099516,-0.2152345565485048,0.20378058664121948,-0.2117288942782473,-0.13980976679924864,0.15215443009523158,-0.16856140628543445,0.16797176061541286,-0.17436329190665087,0.1886893698611541,-0.19635385890622098,0.25000000000000017,-0.24477356940426792,0.20342913629778492,0.16271314111421584,-0.16428632484441655,0.16810924572703087,-0.16987456233821124,0.17351874148103172,-0.18373051369121826,0.18587284622563396,-0.1145532556243932,0.10605808490609214,-0.015943877538693058,-0.16169075750117998,0.1638009440121311,-0.16352767829788617,0.16668988280710942,-0.16305262241019666,0.17251328447325348,-0.15669767606128737,0.09100855128570955,-0.04660404792582904,0.0350585816008583,0.11171077021615779,0.11156505039620937,0.15296396596415943,0.11104742473713107,0.15730014204930948,0.11085992497416687,0.14589303946116017,0.11147703394205838,0.031011321712256675,0.11169154994512893
-0.11658513580813099,-0.1165498385721603,0.13888732809193732,-0.11688277761546267,0.16317387288371615,-0.11683547496299045,0.1664039189857446,-0.11677488530901622,0.19275471797252675,-0.11662866811316294,-0.13578843939372193,0.14131049514046687,-0.142434338473468,0.16314640228664148,-0.1633267727991201,0.1769424189185428,-0.17253259770934679,0.21280030366906183,-0.2044096528825827,0.2139860777230862,0.13594495799166711,-0.14833890152538856,0.16482217601284688,-0.16421935659090994,0.17061307894785352,-0.18493636808187733,0.192612634230286,-0.24477356940426792,0.2500000000000002,-0.20835134251945628,-0.15972343282966556,0.1609805384612257,-0.16435736943860685,0.16614305295262674,-0.1697604816216344,0.17997273611057749,-0.18209516634588288,0.11059515557693685,-0.10210222554987591,0.011561695199475744,0.15872511890503602,-0.16059914285795907,0.16024280564606816,-0.16291911893547653,0.159264496446378,-0.16869371620787,0.1528238117382702,-0.08693380544899011,0.04238438075483358,-0.03078868092731373,-0.1166469279554844,-0.11650469121811609,-0.14978728363751717,-0.11598539878749578,-0.1534929064306611,-0.11579744479904552,-0.14197236647171724,-0.11641687876084819,-0.026723063188169655,-0.11663232127141794
0.15798306100381246,0.15784815433123764,-0.10324408793887399,0.1575287569834956,-0.12672418809595445,0.15812349267642833,-0.14347061544738227,0.15816082410528737,-0.22010316498014215,0.15802703790116318,0.09657678336929185,-0.10206471955518927,0.10319011755644472,-0.12404012250369985,0.12433384731348314,-0.14844305825779083,0.14444386605501688,-0.19641745271514416,0.21079719453124546,-0.23309526538770936,-0.09459966857120687,0.1069906797635398,-0.12357106177685423,0.12287303183458229,-0.12926806181608508,0.14355767553890095,-0.15131738681221177,0.20342913629778492,-0.20835134251945628,0.24999999999999997,0.12517553150569977,-0.12352145060610491,0.12301193260543869,-0.12502968591122485,0.12839679907446216,-0.13876951619568265,0.1407021639539186,-0.0691856594299092,0.060564260799782534,0.02991390205331279,-0.12459246897657444,0.12420360404968027,-0.12316266988166069,0.12156897697998785,-0.11790588325558887,0.12729580806336088,-0.11142176662561439,0.04544926058100932,-0.001225784783467313,-0.01036971898416658,0.1580022503254922,0.15789775144233406,0.11409642412178209,0.15738382093911357,0.11214735710611928,0.15719625785574406,0.1005821506803684,0.1578158811014853,-0.014429009177138028,0.15803124402752372
0.07757176844327539,0.07766905865953369,-0.20024392413603578,0.07893278267501402,-0.22393553935877783,0.07788730832150452,-0.1920893466972872,0.07756792348041423,-0.11277022939042593,0.07761707890756277,0.20078381109792268,-0.20737757434303497,0.20848708948829378,-0.22878930753207347,0.22850382422329962,-0.20394257488897247,0.19229220404513753,-0.13534210837576896,0.124323864555723,-0.1318225726077406,-0.20306098831581101,0.21536080883886147,-0.23171334485896655,0.2309815235693945,-0.22617597259456124,0.2113307099394691,-0.20459191499239004,0.16271314111421584,-0.15972343282966556,0.12517553150569977,0.25,-0.24251307899689323,0.23128044730389175,-0.22747318823407628,0.2243628407952007,-0.20232848558157365,0.2003277592977065,-0.12839938401550652,0.11991532509070565,-0.02945209640584189,-0.2337121356903576,0.2383391520705001,-0.23496062796977218,0.2244105918836475,-0.21808186344350414,0.19134336955115647,-0.1708992490583381,0.1048402597804916,-0.05988462340784283,0.04829623518509804,0.07769462371831087,0.07747882668031247,0.22260290006560807,0.07688729254663101,0.2121317147756772,0.07678517156332236,0.16017272753518694,0.07742820086527659,0.04462081514024132,0.07762068301403573
-0.07041550488348032,-0.07052831137372446,0.20544407512331417,-0.07188983759687188,0.2292409862512519,-0.07075429596291401,0.19566945717680928,-0.0704152450025836,0.1103417166439746,-0.07046063618401177,-0.20658432533680396,0.2131595013109462,-0.2142652895250392,0.23448452218478114,-0.23418444304641547,0.20861646022608066,-0.19614527411023724,0.1344683838050784,-0.12286888759781507,0.13103459436169657,0.2090165827777508,-0.22136603877071093,0.23765507459936644,-0.2369416195263935,0.2321294748533941,-0.21706038110411788,0.2102239986460488,-0.16428632484441655,0.1609805384612257,-0.12352145060610491,-0.24251307899689323,0.25000000000000017,-0.23842659401256977,0.2346937592973347,-0.23148357977399497,0.20873065509450664,-0.20636039837269923,0.13436108861123647,-0.12588787323480405,0.0353903946900657,0.2405841193108988,-0.2456004498593319,0.24222393119450825,-0.23167264210879973,0.22534165564889802,-0.19777525714013217,0.1768957366805747,-0.11080842795793172,0.06578032164071287,-0.0541879859537848,-0.0705458393202474,-0.0703227678138142,-0.22962605455243454,-0.06973048888489047,-0.21938289981942738,-0.06962822801420666,-0.16616983496446844,-0.07027289483072455,-0.05053425989565002,-0.07046407983571536
