x1,x2,x3,x4,x5,x6,x7,x8,x9,x10,x11,x12,x13,x14,x15,x16,x17,x18,x19,x20,x21,x22,x23,x24,x25,x26,x27,x28,x29,x30,x31,x32,x33,x34,x35,x36,x37,x38,x39,x40,x41,x42,x43,x44,x45,x46,x47,x48,x49,x50,x51,x52,x53,x54,x55,x56,x57,x58,x59,x60
0.25000000000000006,0.2494091932170445,0.2486155279944068,0.2497582096999132,0.2493022247388693,0.24954445663007713,0.24875091364437862,0.2496493892402032,0.24821247036464264,0.24975773858633016,0.24767127535318653,0.23666269838779092,0.1666688147505906,0.22593898554624764,0.15493383149517123,0.22232046242480275,0.1720778442477287,0.21129290838158427,0.17508126795731507,0.2495602977613282,0.24813148955689324,0.17660818058867248,0.23363380826847926,0.14692808381986847,0.22201852522264037,0.13310287050367586,0.23814230049103596,0.17177510045826597,0.22696579234907227,0.24860781036722482,0.2484115959160167,0.18171591801904338,0.23332804715801547,0.1569189862139141,0.2186488608820357,0.12881354988257757,0.22409943488867146,0.1704787053108851,0.22223403401403163,0.24786985079533447,0.24897999895125741,0.24174986534499449,0.15999170537167873,0.23106456836201,0.16335681810219246,0.21235501885611147,0.1617420182353237,0.20869222551371147,0.18166745604398812,0.24869417228421006,0.24961912344927886,0.24930696445414494,0.24937985380469513,0.24975318558411308,0.24884405861216166,0.2496402161153357,0.24886501150575097,0.2496823654146437,0.24945551951843387,0.2497573075717719
0.2494091932170445,0.24999999999999994,0.24850632160422476,0.24964931705594498,0.2491936059100952,0.24943571045651103,0.2486423980305986,0.2495405679785137,0.24810415430292257,0.24964884691988581,0.2475635657879238,0.23655790517173944,0.1666032119052102,0.22582745340679938,0.1548630880457488,0.2222108663682543,0.17199825504558242,0.21120082880451838,0.17500409556790264,0.24945149035115655,0.24802348720686526,0.1765316478726182,0.2335292031970323,0.14687372785893832,0.2219197351865464,0.13305809612165087,0.23803765988571118,0.17169862988968887,0.2268669266127463,0.24849938763212484,0.2483031899128976,0.18163662077387216,0.2332234614573967,0.1568526528947803,0.21854928283398536,0.1287592773665363,0.22399918198615526,0.1704018020485492,0.22213752746411347,0.24776157383690398,0.24887136671473223,0.2416439719843513,0.15992259372305698,0.230960686786065,0.1632867582367622,0.21225738403748595,0.16166637008645188,0.20860156721976586,0.1815858848767316,0.24858554941950506,0.24951027185355784,0.24919826919348426,0.249271055414125,0.24964429577981168,0.24873534535704775,0.24953137556325122,0.24875640361714046,0.24957350648707388,0.24934672687748105,0.24964841597038942
0.2486155279944068,0.24850632160422476,0.25,0.24885525601500857,0.2484003503484978,0.24864146510746302,0.24784917594259556,0.2487465012962497,0.24732116308549362,0.24885474007802255,0.24677168987428466,0.23591370034233813,0.16583356364947188,0.2253790606680496,0.15435775244063768,0.22179813575585067,0.1714489159084598,0.21051212076600673,0.17445628362641052,0.2486578575692723,0.24723183562700607,0.1758509574386966,0.23290113620011982,0.14620409835182305,0.22127446920561208,0.13240612693392223,0.23731716573085973,0.17114012343535867,0.22613660400731955,0.24770944418635793,0.24751329122952237,0.18102212654050293,0.23252064446544882,0.1562829152466173,0.21791344737037519,0.1282560301279606,0.22332393337997425,0.16985440521781028,0.22143720969341035,0.2469747053688145,0.24808052831582555,0.24088144311243478,0.15940284935732124,0.23025906692900003,0.16280364632264208,0.21161641190370134,0.16123047706952817,0.20793479652172048,0.1810123610652885,0.24779632408074098,0.24871673738643324,0.24840559867590942,0.2484794650818713,0.2488502067117314,0.24794667187793515,0.24873764564487608,0.24796568512721512,0.2487796425737576,0.24855380018275086,0.24885431379726644
0.2497582096999132,0.24964931705594498,0.24885525601500857,0.25,0.24954204331497207,0.24978437984285357,0.24898976749943574,0.24988941835469494,0.24845126686678748,0.24999787878158222,0.24790905404801805,0.2368916181463354,0.166832246974121,0.22615455194680278,0.15509030959604203,0.22253488588903586,0.17224419039431846,0.21150004023163455,0.17525341964324392,0.24980024484537408,0.24837031018461683,0.17677466532484387,0.23386083546186934,0.14708426496519197,0.2222344191934332,0.13324461696416148,0.238372950801802,0.171944950856698,0.2271836644463615,0.2488469400024329,0.24865044973662156,0.1818902105813143,0.23354959920654786,0.15707627439146107,0.21885294392893906,0.1289422861319867,0.224310869637752,0.17063665908306117,0.22244735202184343,0.24810787180516114,0.2492192537346518,0.2419815164678604,0.16014554664883734,0.23128583894237084,0.16351307942293986,0.2125537592541638,0.161884351473399,0.2088898511119796,0.18183771948233862,0.2489331006166763,0.24985910951968468,0.2495466714765028,0.24961960065122418,0.24999332162020155,0.24908311515973391,0.24988024353108923,0.24910416318291925,0.2499224333593016,0.2496953727257289,0.24999744757129044
0.2493022247388693,0.2491936059100952,0.2484003503484978,0.24954204331497207,0.25000000000000006,0.24932812016889733,0.24853664293095604,0.24943331398200902,0.24799634974363396,0.24954157245763992,0.24745509646350672,0.236505407996156,0.1665237920471312,0.2258250034693511,0.15464610632711484,0.22223658544460773,0.17193384810411952,0.2110837575347131,0.17493370175261286,0.24934414301988173,0.24791509339576462,0.17639617492543808,0.23348346580567977,0.14665457330683646,0.22184641123575524,0.13287505942187297,0.23794912438885327,0.17161210874758878,0.22675959803735668,0.24839286330508875,0.2481958225831201,0.18152286707507526,0.23315581919954595,0.15671646509977594,0.21850769684302807,0.1286113076251038,0.22393982574924448,0.17031732242127934,0.22205381926957515,0.2476555875502361,0.2487649690721823,0.2415451615112038,0.15984560273076756,0.2308777673228236,0.16326103061374017,0.2121796902667075,0.16166583680789845,0.20851701589925156,0.18150315803503722,0.24847941833671358,0.24940310069724636,0.24909118922997261,0.2491649609852877,0.2495370244409763,0.24863014625432012,0.24942415270002233,0.24864963637022156,0.24946626554435,0.24923961983144455,0.24954114286218607
0.24954445663007713,0.24943571045651103,0.24864146510746302,0.24978437984285357,0.24932812016889733,0.24999999999999994,0.24877706061473273,0.24967558231927303,0.24823854589756572,0.24978390947692872,0.2476977269550826,0.23668880906016185,0.16668566961223638,0.22594844170521583,0.1549407294133369,0.22232751281935154,0.17208436393907234,0.21131063766108707,0.17509568436307735,0.24958643454508278,0.24815761059434804,0.17662073037567,0.233657209121114,0.14694484727508808,0.22203904365340657,0.13312643181043823,0.23816643665773776,0.1717843526638951,0.22698942042381118,0.24863373731038188,0.24843733058244227,0.18173218865915639,0.2333499868848674,0.156930528998364,0.21866970047344822,0.12882097999887435,0.22412219166238703,0.17049366201123545,0.2222592608880548,0.24789557800807444,0.24900603727084084,0.2417749561492117,0.16000934471631342,0.2310833930444309,0.16338072580445986,0.21237017242120138,0.16176126700020094,0.20871719492004506,0.18168362272653635,0.2487199549547612,0.24964524956302112,0.24933308773050916,0.2494059160468768,0.24977935566562828,0.24886988427746704,0.24966637435357134,0.24889093942719628,0.24970852807221344,0.2494815818116471,0.2497834780853184
0.24875091364437862,0.2486423980305986,0.24784917594259556,0.24898976749943574,0.24853664293095604,0.24877706061473273,0.24999999999999994,0.2488809520479956,0.24746415847294798,0.24898929193113195,0.24690288841323904,0.2359052331480249,0.1660710238445798,0.22520626608848518,0.1543106963950317,0.22160931586004115,0.17132139329308088,0.21059665392010185,0.1744635747619933,0.24879252093063572,0.24736555574537566,0.17602433181168972,0.2329392674953808,0.14635101794726693,0.2213524223935789,0.1325894897388402,0.2374229630755636,0.17113173762414596,0.22626194253454734,0.24784172846613492,0.24764432271879563,0.18109505231828324,0.23266940205881978,0.156271155525602,0.21807294823910522,0.12822888566178542,0.2234819591098134,0.16996223902796867,0.22157771999914927,0.24710804319600396,0.24821513634957823,0.24101661283976694,0.1594957394915146,0.23034548965781912,0.1629639920005025,0.2117034272286963,0.16143344544350094,0.20809385744742012,0.18111368652495052,0.2479291456506027,0.2488510891147138,0.24853990744590293,0.24861357760328895,0.24898475649539142,0.2480800850328397,0.24887213451626883,0.24809927962447323,0.24891415416341647,0.2486875001904971,0.24898886580169938
0.2496493892402032,0.2495405679785137,0.2487465012962497,0.24988941835469494,0.24943331398200902,0.24967558231927303,0.2488809520479956,0.25000000000000006,0.24834290747640855,0.24988894724847638,0.24780116301802943,0.23678785881933434,0.16675816677117278,0.22604945970599813,0.15501654546562893,0.22242988173131265,0.17216126146203437,0.2114048914259557,0.1751736877316407,0.24969139889574407,0.2482620976887612,0.17669684541778605,0.23375755180792895,0.14701931149302325,0.22213580746167375,0.1331885666047649,0.238268250396497,0.17186498937174896,0.22708473309375357,0.24873841859223345,0.2485419539291422,0.18180974089111723,0.23344746977645423,0.15700353920409987,0.2187583828427977,0.12888171989069688,0.22421401438568886,0.17056267285973892,0.22235149175623203,0.2479997293586996,0.2491106760547255,0.24187619731036428,0.16007619861814681,0.23118260290416587,0.16344549308276485,0.21245914592834353,0.16181887276749085,0.20880126380566652,0.18175836107374435,0.24882454933666107,0.24975022949955472,0.24943793643478707,0.2495108082014502,0.24988439199118537,0.2489745168374617,0.24977136317092266,0.2489955842816792,0.24981353461636843,0.2495865333915839,0.24988851614448143
0.24821247036464264,0.24810415430292257,0.24732116308549362,0.24845126686678748,0.24799634974363396,0.24823854589756572,0.24746415847294798,0.24834290747640855,0.2499999999999999,0.24845079685166674,0.24637735512294298,0.23537138823303705,0.1660161776217537,0.22468328733471107,0.15431011854042337,0.22123956088576227,0.17104981647682194,0.21023139609264407,0.17405348470741275,0.24825389846765364,0.24682892016660848,0.17595018357898526,0.23249749217231927,0.14587556301325927,0.2208928266602909,0.1322224463346325,0.2369301773549603,0.1707458951595813,0.22578076390199905,0.24730725025395753,0.24711176736731652,0.18075976717831105,0.2320985898356197,0.15611246441067578,0.21748522175750776,0.12814920582092115,0.2229059673565331,0.169570126350265,0.22106594991544573,0.246572236307303,0.24767684955527533,0.2404822933460899,0.15915864885320322,0.22985918237303832,0.16249775727429105,0.2112389143063763,0.1608631982788346,0.2075942858270569,0.1807100182428549,0.24739249089140117,0.24831287712240574,0.24800238342612457,0.2480747642770995,0.24844626945566617,0.24754145284354945,0.24833389114162358,0.24756255060210997,0.24837581988236201,0.24815019243644088,0.24845036987374658
0.24975773858633016,0.24964884691988581,0.24885474007802255,0.24999787878158222,0.24954157245763992,0.24978390947692872,0.24898929193113195,0.24988894724847638,0.24845079685166674,0.2499999999999998,0.24790858577202562,0.23689112903078074,0.1668320593186254,0.22615395759824902,0.15508999872667717,0.22253425808125898,0.17224376678151457,0.2114996319452175,0.1752530610701193,0.24979977392579897,0.24836984438830922,0.17677437278766975,0.2338603346990556,0.14708415569587602,0.22223396239627619,0.13324455110975175,0.2383724803918496,0.17194460148291313,0.22718324069461676,0.24884646965121332,0.2486499791813396,0.18188987259690106,0.23354912805840972,0.15707598291283392,0.21885249516784724,0.1289420555166945,0.22431042814348945,0.17063633103615483,0.2224469402484553,0.24810740218328758,0.24921878319313637,0.24198105652385965,0.16014525522147574,0.23128535559270325,0.16351279186843262,0.21255330508299394,0.16188403183033423,0.20888947900418353,0.18183736281266316,0.24893262902160426,0.24985863813072404,0.24954620089320984,0.24961912889223054,0.24999285019482745,0.2490826429203557,0.24987977231893838,0.24910369242753447,0.2499219620675948,0.24969490131304592,0.24999697613813576
0.24767127535318653,0.2475635657879238,0.24677168987428466,0.24790905404801805,0.24745509646350672,0.2476977269550826,0.24690288841323904,0.24780116301802943,0.24637735512294298,0.24790858577202562,0.24999999999999986,0.23480500534661802,0.16532506111751896,0.22426174837786453,0.15350774119801538,0.22064577787354975,0.1707076685245599,0.20964188786402835,0.17377485894048955,0.2477126183489344,0.24629049409627415,0.17526122962069704,0.23187430823075922,0.1455811042274959,0.2203336686138236,0.13192264380797267,0.23635479573446622,0.17039453758061202,0.225287669402979,0.24676504600905222,0.24657048722157407,0.18034827386634306,0.23165143838058508,0.1555943733838371,0.217149146389841,0.12771061829460087,0.22252297161837892,0.16930139795467886,0.22060972618011812,0.24603879593901912,0.24713890268900052,0.23997459476804645,0.15880791589785037,0.22934952696441552,0.162213801187185,0.21084544932456184,0.16081023257902116,0.2072163947487638,0.18038158262373133,0.24685505054850648,0.24777122587051428,0.24746114885307058,0.24753413984320569,0.24790406703711354,0.24700469105880962,0.2477919339364753,0.24702399701433977,0.2478337711515706,0.24760819687499205,0.24790815850472891
0.23666269838779092,0.23655790517173944,0.23591370034233813,0.2368916181463354,0.236505407996156,0.23668880906016185,0.2359052331480249,0.23678785881933434,0.23537138823303705,0.23689112903078074,0.23480500534661802,0.24999999999999994,0.15379865063506973,0.21734184559063707,0.147425796572429,0.21342029722092715,0.16427247362242395,0.20159654379309658,0.16670882193067293,0.2367035869192214,0.23532651625481704,0.1642054417344269,0.2238080951253663,0.13732265242122033,0.211918167053816,0.12426755579947976,0.2268609954827726,0.16218001783598343,0.2153033958934186,0.23580836506556438,0.23561808936423337,0.17203060404816134,0.2214535680802369,0.14850732178234788,0.20748023700174678,0.12163370082090588,0.21256545253521392,0.16145480032140488,0.21072673454193902,0.23510401023018168,0.23615552564691977,0.22930994096230686,0.15166465187473008,0.21952761521532071,0.1550457703429283,0.20164359720565686,0.15347025166026354,0.1976925566099736,0.17227468310411653,0.2358924337144575,0.2367605510242193,0.23646358992306404,0.23654190085737486,0.23688682273381406,0.2360400877407338,0.236779672920573,0.2360473527959368,0.23681965097141935,0.2366076989953507,0.2368907323785255
0.1666688147505906,0.1666032119052102,0.16583356364947188,0.166832246974121,0.1665237920471312,0.16668566961223638,0.1660710238445798,0.16675816677117278,0.1660161776217537,0.1668320593186254,0.16532506111751896,0.15379865063506973,0.24999999999999986,0.14310275032087405,0.0945824673536315,0.14468693432475604,0.11597284768815787,0.1389514678977015,0.11719921677740165,0.16669502557780558,0.16571833498133484,0.11699206009904028,0.15436354908493516,0.09152904264746349,0.14706518746341643,0.08674409204131764,0.15828846130737922,0.11474793252621329,0.1516815479149692,0.16605900799876488,0.16596001836617985,0.12194818322951924,0.15606638436607012,0.10500449969391666,0.14648725456494113,0.08677983574650938,0.149824213686658,0.11488383439484252,0.14821729100011702,0.16562141351566909,0.1663278098213514,0.16153375496176808,0.1069006742297164,0.15463639802242699,0.10830024416536808,0.14286893126029931,0.10880253081228332,0.13949063197733483,0.12214074994737575,0.16615836031518916,0.1667438530957495,0.16653098723623508,0.1665779241365307,0.16682904876215213,0.16624825191381126,0.16675358890807757,0.1662614075725811,0.16678174285137848,0.16663506621249075,0.16683180211002568
0.22593898554624764,0.22582745340679938,0.2253790606680496,0.22615455194680278,0.2258250034693511,0.22594844170521583,0.22520626608848518,0.22604945970599813,0.22468328733471107,0.22615395759824902,0.22426174837786453,0.21734184559063707,0.14310275032087405,0.2500000000000001,0.1312905152814158,0.20503782145376367,0.1549992872552545,0.19008397121307816,0.15830581764350354,0.2259658923026582,0.2245661337655784,0.15572747435857653,0.2147075854133087,0.12351969244724732,0.20231720692471672,0.11278836686994419,0.21644096557781317,0.15235118143956855,0.2054410581600592,0.2250884538131393,0.22489945262233277,0.16356510503621308,0.2122428621068314,0.13854470853888995,0.20027813011510093,0.11289214518671617,0.20457046920053365,0.15539255648276348,0.2016517108995054,0.22451796661564852,0.22549376883180175,0.2191968072214281,0.1447007975425217,0.20968250144451928,0.14949732882327596,0.19364441984606517,0.15143767426469867,0.18991801595372754,0.16533936838638283,0.22524187429944417,0.22603337218535363,0.225745832798839,0.2258417607201392,0.2261498980309706,0.22540813461648632,0.22604760375401564,0.22537390692326928,0.22608576975180636,0.22587731890334706,0.22615363045556333
0.15493383149517123,0.1548630880457488,0.15435775244063768,0.15509030959604203,0.15464610632711484,0.1549407294133369,0.1543106963950317,0.15501654546562893,0.15431011854042337,0.15508999872667717,0.15350774119801538,0.147425796572429,0.0945824673536315,0.1312905152814158,0.25000000000000006,0.1277003422396787,0.10642549115934495,0.12907318757044367,0.1094013157856212,0.15496189969179877,0.1541846357564263,0.10940520034321154,0.144726918044887,0.0920828739623544,0.13775936999290658,0.08629579382914557,0.14766571450812616,0.11176249711657815,0.14028953416625356,0.15446607406582405,0.15431701436109402,0.11269899130107303,0.1447446192121304,0.10112665575464373,0.13371882550197053,0.0826583887435805,0.1375872518193447,0.10270266498181695,0.13758796010020222,0.15379853404114915,0.1545462820074696,0.14978260924292988,0.09900790822830106,0.14429192187942033,0.1002924829753957,0.13026578469735536,0.09329540260534146,0.12721797236564844,0.11068067520177977,0.15438544896675696,0.15499841617621746,0.15481020866934347,0.15486808511348693,0.1550872753981559,0.15447860392958343,0.155017125530975,0.15449107337729426,0.15504330001746536,0.15492030260769246,0.15508983508738478
0.22232046242480275,0.2222108663682543,0.22179813575585067,0.22253488588903586,0.22223658544460773,0.22232751281935154,0.22160931586004115,0.22242988173131265,0.22123956088576227,0.22253425808125898,0.22064577787354975,0.21342029722092715,0.14468693432475604,0.20503782145376367,0.1277003422396787,0.24999999999999994,0.14494460860623948,0.18613497058811737,0.15769999577026217,0.22235936786803534,0.2209589839483219,0.1534911854701338,0.2106236791455167,0.12185013974250715,0.20016248156684888,0.10644079045720736,0.2135271488329086,0.15100069810877034,0.20232906106324272,0.2214700681105864,0.2212947269233327,0.16126851218653698,0.20828749744116054,0.13717892989218974,0.19635853542145074,0.11243533323146537,0.20056389126769297,0.15318881511229357,0.19811495514484578,0.22091103333908155,0.2218745123516085,0.2155774533421026,0.14269930922244,0.20575336393634316,0.14675117759804382,0.19006632474266383,0.14825402127005946,0.1868918104970041,0.16287379476956806,0.22161726321753705,0.2224142941752255,0.22213269978293385,0.22220428033232792,0.22253029395870405,0.22176208151961752,0.22242963772098864,0.22176210413286992,0.22246719237895834,0.22225843690184838,0.22253396662008032
0.1720778442477287,0.17199825504558242,0.1714489159084598,0.17224419039431846,0.17193384810411952,0.17208436393907234,0.17132139329308088,0.17216126146203437,0.17104981647682194,0.17224376678151457,0.1707076685245599,0.16427247362242395,0.11597284768815787,0.1549992872552545,0.10642549115934495,0.14494460860623948,0.24999999999999975,0.13386627592013517,0.11333239389322297,0.1721051272439728,0.17108081419285498,0.11927879661665271,0.1620390180459301,0.09822181754820047,0.15483806359316588,0.08491540154144064,0.16503489316228787,0.1162719270297025,0.15613007376509394,0.1715911193297757,0.17145959097762556,0.12512848392507328,0.16266386561401266,0.11116188224290105,0.1509283613679428,0.0902503863587061,0.15469331590002647,0.11530975970902156,0.15251871143934725,0.17093661264517646,0.17168471717660477,0.166666119119811,0.10947902180204451,0.16281238545338886,0.11016884004723321,0.14812016776730588,0.1058453593185848,0.14068828923114923,0.12424789065560854,0.17159266820307112,0.17215557619538036,0.17193304747971833,0.17204987494767168,0.17224075190352034,0.17171598051141773,0.17216284410927696,0.17164671207488666,0.17219191298516148,0.17208212335541254,0.17224359467642403
0.21129290838158427,0.21120082880451838,0.21051212076600673,0.21150004023163455,0.2110837575347131,0.21131063766108707,0.21059665392010185,0.2114048914259557,0.21023139609264407,0.2114996319452175,0.20964188786402835,0.20159654379309658,0.1389514678977015,0.19008397121307816,0.12907318757044367,0.18613497058811737,0.13386627592013517,0.24999999999999986,0.13695902027117418,0.2113548737706809,0.20999874869523427,0.14595990208010734,0.1986197253874126,0.12511288807365498,0.189181825170214,0.10925333345310523,0.20390685426432897,0.13433045384916023,0.19285794507863604,0.21057132801127346,0.21039498595761702,0.15372931213847285,0.1969881419002345,0.13425421712969837,0.18346683413923648,0.11006758100541227,0.1886650774670628,0.14338817622228942,0.18786011330371358,0.20987429738957855,0.21081875764837488,0.2045530114567713,0.13564135313251022,0.19649288016279864,0.13687958499243041,0.1800040964499168,0.13360834351208858,0.17585377025302654,0.15350535076041363,0.21059646703731558,0.21138225529704716,0.21111796738247762,0.21117342512408183,0.21149582173361298,0.21070773762558717,0.21140015813820268,0.21074036399050067,0.21143585078687688,0.21125414769551396,0.2114993123095268
0.17508126795731507,0.17500409556790264,0.17445628362641052,0.17525341964324392,0.17493370175261286,0.17509568436307735,0.1744635747619933,0.1751736877316407,0.17405348470741275,0.1752530610701193,0.17377485894048955,0.16670882193067293,0.11719921677740165,0.15830581764350354,0.1094013157856212,0.15769999577026217,0.11333239389322297,0.13695902027117418,0.2499999999999999,0.175081524693658,0.17403161279704896,0.12312526004908257,0.16397046500725945,0.09986757266547334,0.15610808660731115,0.08618323342029209,0.16704977942478683,0.11583444376286103,0.15938733861554893,0.1744630664604739,0.17436378127896215,0.12818456652549748,0.164230144614372,0.11044139342282969,0.1540096222013944,0.0910599964338662,0.15767933386731312,0.12079954379338272,0.15557378162603377,0.17400941483539817,0.1747320370886397,0.16975381549336035,0.11212430313039011,0.16334852376452866,0.11330240150661414,0.1510238936938333,0.1142906208292853,0.1461645456655821,0.12848837216204223,0.17457975853914545,0.17516381922959273,0.17493681962464233,0.17500316811813033,0.17524992266468714,0.174680596971015,0.1751706541461451,0.17466973268901578,0.175200229128999,0.17505521936066692,0.175252814989526
0.2495602977613282,0.24945149035115655,0.2486578575692723,0.24980024484537408,0.24934414301988173,0.24958643454508278,0.24879252093063572,0.24969139889574407,0.24825389846765364,0.24979977392579897,0.2477126183489344,0.2367035869192214,0.16669502557780558,0.2259658923026582,0.15496189969179877,0.22235936786803534,0.1721051272439728,0.2113548737706809,0.175081524693658,0.24999999999999958,0.24817336871257806,0.1766180543147764,0.2336770166030867,0.14695273537682446,0.2220582191272273,0.1331321525999384,0.2381870654966222,0.1718040241078992,0.22699959945055695,0.24865018204487627,0.2484535065065588,0.18173968777677152,0.2333682060644313,0.15695772891363963,0.21867597806381825,0.1288398272698326,0.22412960795003375,0.17048578448256022,0.22227088409731377,0.2479107046020198,0.24902153310759884,0.24178860725646045,0.1600175905668444,0.2311062723430912,0.16338567126981168,0.21237753983924848,0.1617329017987378,0.20871601405479764,0.18168329416551235,0.24873562494933335,0.24966108477753648,0.24934892417513124,0.24942192727797338,0.2497952203351498,0.24888562755198645,0.24968223184548408,0.24890653721999226,0.24972438825044851,0.24949756494920614,0.24979934301724607
0.24813148955689324,0.24802348720686526,0.24723183562700607,0.24837031018461683,0.24791509339576462,0.24815761059434804,0.24736555574537566,0.2482620976887612,0.24682892016660848,0.24836984438830922,0.24629049409627415,0.23532651625481704,0.16571833498133484,0.2245661337655784,0.1541846357564263,0.2209589839483219,0.17108081419285498,0.20999874869523427,0.17403161279704896,0.24817336871257806,0.2499999999999999,0.17517229129052356,0.2324010159036045,0.14587167957004402,0.22080916051191102,0.1320985185422816,0.23682059964073485,0.1707012208768821,0.2257048759220148,0.2472237102906078,0.2470282349770496,0.1806901236103022,0.23204273573955847,0.15591358115688353,0.2174943671307167,0.12797496627391683,0.22290231326837398,0.1695901819617629,0.22101793521969382,0.24649461884556048,0.24759799676184507,0.2404157760490447,0.15910900221766905,0.22974611085140711,0.16252800354315142,0.21118784219737163,0.16105861933859136,0.20760018752414153,0.18069524114181532,0.24731238171713582,0.2482320283866513,0.2479215749923019,0.2479939161434,0.24836531731913636,0.24746195972291024,0.24825297557382664,0.24748258971879925,0.24829489063944224,0.24806853545548055,0.24836941639974502
0.17660818058867248,0.1765316478726182,0.1758509574386966,0.17677466532484387,0.17639617492543808,0.17662073037567,0.17602433181168972,0.17669684541778605,0.17595018357898526,0.17677437278766975,0.17526122962069704,0.1642054417344269,0.11699206009904028,0.15572747435857653,0.10940520034321154,0.1534911854701338,0.11927879661665271,0.14595990208010734,0.12312526004908257,0.1766180543147764,0.17517229129052356,0.24999999999999967,0.1607820785063581,0.10223407884890928,0.15621432300050714,0.09141232086926351,0.16767497122355465,0.11895911422140441,0.1608095873289999,0.17594469518151173,0.1758283497600397,0.1291642889133126,0.16514025087037937,0.11113223966477233,0.15484739806998013,0.09177266546012502,0.15858440465035192,0.1215469816922586,0.15719608191088882,0.17547001045889102,0.1762347584617391,0.171129954953114,0.11337388241573418,0.1633516651807754,0.11519980301822542,0.15075564412381953,0.11531551079755696,0.1481214960533674,0.12918317116212755,0.17603434384764063,0.17667814754844402,0.17645533335808058,0.1764962071527017,0.17677116146153796,0.17612930676791633,0.17669120420849224,0.17615647186870553,0.176721036140504,0.17655849152513073,0.17677407890005745
0.23363380826847926,0.2335292031970323,0.23290113620011982,0.23386083546186934,0.23348346580567977,0.233657209121114,0.2329392674953808,0.23375755180792895,0.23249749217231927,0.2338603346990556,0.23187430823075922,0.2238080951253663,0.15436354908493516,0.2147075854133087,0.144726918044887,0.2106236791455167,0.1620390180459301,0.1986197253874126,0.16397046500725945,0.2336770166030867,0.2324010159036045,0.1607820785063581,0.2499999999999997,0.13112817072334154,0.2106132714179643,0.12246827494797224,0.22485342187582028,0.16014561312932676,0.21236353940401553,0.23278929383289643,0.2325815175560737,0.16967968321813495,0.21795300795282244,0.14651353618736085,0.2050272422128031,0.11928084378841085,0.2099759887738783,0.15913572009847074,0.20819867771846243,0.23208780912852628,0.2331334168388832,0.2263794565218576,0.14969506953860415,0.21670116691065497,0.15344972261324255,0.1989618671340064,0.15176564625914943,0.19525067332738655,0.16989850610764468,0.232871024138624,0.23373074825502696,0.23343826786447575,0.23351975949778692,0.23385608803600083,0.23302586247716714,0.23375030863162113,0.2330233433793326,0.2337897755017082,0.23357984277912305,0.2338599476755837
0.14692808381986847,0.14687372785893832,0.14620409835182305,0.14708426496519197,0.14665457330683646,0.14694484727508808,0.14635101794726693,0.14701931149302325,0.14587556301325927,0.14708415569587602,0.1455811042274959,0.13732265242122033,0.09152904264746349,0.12351969244724732,0.0920828739623544,0.12185013974250715,0.09822181754820047,0.12511288807365498,0.09986757266547334,0.14695273537682446,0.14587167957004402,0.10223407884890928,0.13112817072334154,0.2499999999999998,0.11955847591039628,0.07806151463256777,0.1392384150968027,0.09655392807282297,0.13468741821211616,0.14631405045922782,0.1462045969394697,0.10772097037745311,0.13543600266876962,0.0910337335546978,0.12777114406016507,0.07590670249938589,0.1315178704391147,0.10218298744584638,0.13117930297842206,0.14596006031895,0.14662971397219268,0.14231221383115877,0.09485403815499767,0.13353992671053436,0.09729133400836493,0.12354712528193972,0.09768417275810443,0.12486529727967788,0.10745812237486069,0.1463885799735108,0.14699620617591924,0.1468187125548144,0.1468082492501014,0.14708151150234686,0.14645748189765553,0.14701498261823379,0.14653894823112684,0.1470398040553185,0.1468754278553103,0.14708393892834684
0.22201852522264037,0.2219197351865464,0.22127446920561208,0.2222344191934332,0.22184641123575524,0.22203904365340657,0.2213524223935789,0.22213580746167375,0.2208928266602909,0.22223396239627619,0.2203336686138236,0.211918167053816,0.14706518746341643,0.20231720692471672,0.13775936999290658,0.20016248156684888,0.15483806359316588,0.189181825170214,0.15610808660731115,0.2220582191272273,0.22080916051191102,0.15621432300050714,0.2106132714179643,0.11955847591039628,0.2499999999999999,0.10563434572489344,0.2136298619914501,0.15311626801931993,0.2012843406795334,0.22125020454014224,0.2209859488257624,0.15992498492151427,0.20956233231410493,0.13717293031219716,0.1915579096019353,0.1106034961461035,0.2026950535132316,0.1499175577722865,0.19806748165104937,0.22051808750169877,0.22153547700398366,0.21528485422821086,0.14229131871691955,0.20700405983516504,0.146641509938573,0.18940518008347093,0.14381358606861458,0.18565524822265425,0.16075721439421536,0.2212885945675078,0.2221092721242903,0.2218328841633528,0.2219375547131766,0.22222993342863082,0.22146952997382957,0.22212941166590117,0.22142577430921567,0.2221669174070836,0.22197089516200985,0.2222336012312077
0.13310287050367586,0.13305809612165087,0.13240612693392223,0.13324461696416148,0.13287505942187297,0.13312643181043823,0.1325894897388402,0.1331885666047649,0.1322224463346325,0.13324455110975175,0.13192264380797267,0.12426755579947976,0.08674409204131764,0.11278836686994419,0.08629579382914557,0.10644079045720736,0.08491540154144064,0.10925333345310523,0.08618323342029209,0.1331321525999384,0.1320985185422816,0.09141232086926351,0.12246827494797224,0.07806151463256777,0.10563434572489344,0.2499999999999997,0.1218801559406377,0.08311948032860436,0.12238901524531681,0.13257222784487568,0.1324866489268646,0.09824593347347632,0.12196774336609742,0.08679010829525123,0.1139392045332521,0.07275389130546284,0.11738824196805545,0.09166004308606135,0.11808755968804892,0.13217240465731558,0.13279889201938555,0.12861059593971824,0.0856500872412971,0.12072969507824435,0.08728950935348495,0.1105441590724032,0.08446320490651212,0.11102163398366602,0.09659279394864834,0.13259212459750444,0.13316273240061166,0.1330040712426412,0.13298646477620799,0.13324212794485818,0.13263686291285956,0.1331818598209462,0.13273214256143584,0.1332043458993801,0.13306535051999946,0.1332443269896158
0.23814230049103596,0.23803765988571118,0.23731716573085973,0.238372950801802,0.23794912438885327,0.23816643665773776,0.2374229630755636,0.238268250396497,0.2369301773549603,0.2383724803918496,0.23635479573446622,0.2268609954827726,0.15828846130737922,0.21644096557781317,0.14766571450812616,0.2135271488329086,0.16503489316228787,0.20390685426432897,0.16704977942478683,0.2381870654966222,0.23682059964073485,0.16767497122355465,0.22485342187582028,0.1392384150968027,0.2136298619914501,0.1218801559406377,0.24999999999999964,0.1604074650870329,0.21662927916592487,0.23727488496094457,0.2370733726073869,0.17298196149163814,0.2227448233362508,0.14952678118109922,0.20988850582581148,0.12133623741072898,0.21311718449352837,0.16157676197593407,0.21226765379110643,0.23655218380493223,0.23762703268454147,0.23072690732281967,0.15240583623310439,0.22058174800584243,0.1559371627151142,0.20281220920027282,0.15379391106741513,0.19943382546174993,0.17280927726846773,0.23735201769886882,0.23823911778467655,0.23794226452410616,0.23801721485874044,0.2383681462904234,0.23750705828673555,0.2382603258700811,0.23751244626345763,0.2383005543181288,0.23808496461540848,0.23837208040478383
0.17177510045826597,0.17169862988968887,0.17114012343535867,0.171944950856698,0.17161210874758878,0.1717843526638951,0.17113173762414596,0.17186498937174896,0.1707458951595813,0.17194460148291313,0.17039453758061202,0.16218001783598343,0.11474793252621329,0.15235118143956855,0.11176249711657815,0.15100069810877034,0.1162719270297025,0.13433045384916023,0.11583444376286103,0.1718040241078992,0.1707012208768821,0.11895911422140441,0.16014561312932676,0.09655392807282297,0.15311626801931993,0.08311948032860436,0.1604074650870329,0.24999999999999958,0.14928146715394386,0.17122582441312534,0.17113536253503756,0.12544546177549154,0.16186996766094924,0.11000520579667167,0.15139083939657394,0.09103279406947956,0.1548730368424132,0.11812875029681301,0.15267677233352722,0.17072210853149447,0.17142451333152553,0.16642897013314165,0.10959938523210969,0.16071561102364823,0.11044420791906691,0.1480593907933174,0.1105687357046413,0.14197794286263227,0.1258298426905952,0.17131544881403424,0.17186023919015483,0.17163436485673153,0.1717199061337818,0.17194154589582245,0.17141759796752362,0.17186377431669023,0.1713796264418752,0.17189279118890094,0.17176776060459567,0.17194438364132036
0.22696579234907227,0.2268669266127463,0.22613660400731955,0.2271836644463615,0.22675959803735668,0.22698942042381118,0.22626194253454734,0.22708473309375357,0.22578076390199905,0.22718324069461676,0.225287669402979,0.2153033958934186,0.1516815479149692,0.2054410581600592,0.14028953416625356,0.20232906106324272,0.15613007376509394,0.19285794507863604,0.15938733861554893,0.22699959945055695,0.2257048759220148,0.1608095873289999,0.21236353940401553,0.13468741821211616,0.2012843406795334,0.12238901524531681,0.21662927916592487,0.14928146715394386,0.24999999999999967,0.22604709467639778,0.22592386896960664,0.16522834764472807,0.2119892106798007,0.14228788069826456,0.19847828005141885,0.11543747887527894,0.2030851455013465,0.15325793185131925,0.20011990748480601,0.22539792104423725,0.22644868570880647,0.21987991351591754,0.144831985007295,0.20936031443364977,0.14937666108027028,0.19095328344926976,0.14449073215634278,0.18819990994238267,0.1638327163647548,0.22615578097030192,0.22705088046770028,0.2267732093255866,0.22682822592300664,0.22717909788679502,0.22628950753891489,0.22707633853551354,0.22633041985283806,0.2271146789228195,0.22690292204148302,0.22718284735263336
0.24860781036722482,0.24849938763212484,0.24770944418635793,0.2488469400024329,0.24839286330508875,0.24863373731038188,0.24784172846613492,0.24873841859223345,0.24730725025395753,0.24884646965121332,0.24676504600905222,0.23580836506556438,0.16605900799876488,0.2250884538131393,0.15446607406582405,0.2214700681105864,0.1715911193297757,0.21057132801127346,0.1744630664604739,0.24865018204487627,0.2472237102906078,0.17594469518151173,0.23278929383289643,0.14631405045922782,0.22125020454014224,0.13257222784487568,0.23727488496094457,0.17122582441312534,0.22604709467639778,0.2499999999999997,0.24750728697221874,0.18104762829016724,0.2325052312185885,0.15638681275269325,0.2178571284463954,0.12836850746725395,0.223271671097322,0.16982250935958715,0.2214139578741268,0.2469654482719568,0.24807127949865637,0.24086585079009068,0.15939945863008678,0.23026479647393097,0.16272720350397551,0.21160236223687354,0.16107569249743217,0.20788906782762465,0.18099248980630014,0.24778789742392324,0.2487084645525706,0.24839734232714394,0.24847075486528836,0.24884193496311469,0.2479373586304618,0.24872937769162823,0.24795728023812663,0.24877137321324824,0.24854597172380868,0.24884604191198736
0.2484115959160167,0.2483031899128976,0.24751329122952237,0.24865044973662156,0.2481958225831201,0.24843733058244227,0.24764432271879563,0.2485419539291422,0.24711176736731652,0.2486499791813396,0.24657048722157407,0.23561808936423337,0.16596001836617985,0.22489945262233277,0.15431701436109402,0.2212947269233327,0.17145959097762556,0.21039498595761702,0.17436378127896215,0.2484535065065588,0.2470282349770496,0.1758283497600397,0.2325815175560737,0.1462045969394697,0.2209859488257624,0.1324866489268646,0.2370733726073869,0.17113536253503756,0.22592386896960664,0.24750728697221874,0.24999999999999947,0.18058999626761024,0.23236860094352388,0.15634470246116533,0.21758651083800604,0.12822111368644468,0.22301892765025907,0.16958495792414713,0.221203576261962,0.24676463033598683,0.24787343615401064,0.24065489589332137,0.1592865900361614,0.2299926227454525,0.16268119477704648,0.2112779448358861,0.16081455568997405,0.20768314396920698,0.1807640986729966,0.24758728832452714,0.24851155513466408,0.24820120707643942,0.24827310759163448,0.248645448778162,0.24773658943228946,0.2485329803194165,0.24775851128570803,0.24857494273438355,0.2483489795010653,0.2486495524866967
0.18171591801904338,0.18163662077387216,0.18102212654050293,0.1818902105813143,0.18152286707507526,0.18173218865915639,0.18109505231828324,0.18180974089111723,0.18075976717831105,0.18188987259690106,0.18034827386634306,0.17203060404816134,0.12194818322951924,0.16356510503621308,0.11269899130107303,0.16126851218653698,0.12512848392507328,0.15372931213847285,0.12818456652549748,0.18173968777677152,0.1806901236103022,0.1291642889133126,0.16967968321813495,0.10772097037745311,0.15992498492151427,0.09824593347347632,0.17298196149163814,0.12544546177549154,0.16522834764472807,0.18104762829016724,0.18058999626761024,0.24999999999999975,0.1656641902583474,0.11338571165133936,0.1563871189699115,0.0914363893337518,0.16171179260369883,0.12261137123156524,0.1614455335570441,0.18042375826397408,0.1813045653587264,0.17449893114123421,0.11713410173400128,0.16525140193063217,0.12163698291171682,0.1510785418052159,0.11724056780008116,0.15109355500565555,0.13141158018880258,0.18101338141785206,0.18177861332160694,0.18156159836991423,0.18156890304203077,0.18188657609516318,0.18110444024223196,0.1818043035714064,0.1811902150940129,0.18183499971295014,0.1816438485920927,0.1818895780065553
0.23332804715801547,0.2332234614573967,0.23252064446544882,0.23354959920654786,0.23315581919954595,0.2333499868848674,0.23266940205881978,0.23344746977645423,0.2320985898356197,0.23354912805840972,0.23165143838058508,0.2214535680802369,0.15606638436607012,0.2122428621068314,0.1447446192121304,0.20828749744116054,0.16266386561401266,0.1969881419002345,0.164230144614372,0.2333682060644313,0.23204273573955847,0.16514025087037937,0.21795300795282244,0.13543600266876962,0.20956233231410493,0.12196774336609742,0.2227448233362508,0.16186996766094924,0.2119892106798007,0.2325052312185885,0.23236860094352388,0.1656641902583474,0.2499999999999995,0.140894918958567,0.2103715660172957,0.11653790684481949,0.21145733491007843,0.15847945719151432,0.20800600067059308,0.2318020882398859,0.23284969206809603,0.2264476401689769,0.14899550740658946,0.21706026663666483,0.1553022749870543,0.19904285079380155,0.15419840074901528,0.194948483167273,0.16948028278511162,0.23257139661867826,0.23341994720756357,0.23312758591984856,0.23324864888857902,0.23354486482600476,0.23275438660994707,0.23343922435994888,0.23271217772162717,0.23347863949291112,0.23326352544684273,0.23354871936032817
