x1,x2,x3,x4,x5,x6,x7,x8,x9,x10,x11,x12,x13,x14,x15,x16,x17,x18,x19,x20,x21,x22,x23,x24,x25,x26,x27,x28,x29,x30,x31,x32,x33,x34,x35,x36,x37,x38,x39,x40,x41,x42,x43,x44,x45,x46,x47,x48,x49,x50,x51,x52,x53,x54,x55,x56,x57,x58,x59,x60
0.25,0.24671762287266183,-0.07487008323869422,0.24654665151471536,-0.10935813526680094,0.2467944243147583,-0.14298109202183873,0.2467299524693028,-0.17687927832297565,0.24708287809885582,0.07144372633645026,-0.06921964663028503,0.07580883536419593,-0.0830201018647761,0.10868440238257943,-0.11957537224749658,0.14209528258602075,-0.1636744945840286,0.16454840320760952,-0.1491463037186874,-0.05039703393627813,0.058935652510243824,-0.06883434669366084,0.07138051996706597,-0.0725965088976877,0.08494561775361009,-0.07446792061404692,0.12780158616213116,-0.13044493184982103,0.17362626905455134,0.0734248140653566,-0.06782910692154488,0.06706435783387717,-0.060938817930257044,0.0676162192202639,-0.05239338048537907,0.054552142994240424,0.04288880496915316,-0.04550344660894948,0.12096793698697872,-0.0478869793889372,0.05237692698895472,-0.04568897757461074,0.04358194501519744,-0.007169684441264167,0.010822329279693298,0.042097128943114834,-0.0736624631708092,0.10812708012108069,-0.102202672680303,0.24653317631032953,0.24663753186126344,0.033353559302464184,0.24591941948430948,-0.002977639525823958,0.24636617353193463,-0.04683188232107046,0.24640725466532915,-0.1121864299182614,0.2470837754195535
0.24671762287266183,0.25,-0.07806262708006918,0.24910616806017444,-0.11233160505824759,0.24934742423619743,-0.14565195242195597,0.24927949332975685,-0.17906349790124743,0.24963175088641312,0.07453320013475273,-0.07231741259455683,0.07891306179693329,-0.08610945908529677,0.11172776264662823,-0.12256410138291621,0.1448001747442452,-0.16621591207053468,0.16678367888002915,-0.15134921413816974,-0.05311273287570122,0.06180329694051495,-0.07170682531765875,0.07428033895248853,-0.07545041365617408,0.08779432803525568,-0.07706427620406595,0.1303067255188236,-0.1329413637672765,0.17606585480619547,0.07626749559929118,-0.07067394096576851,0.06990733729583845,-0.06366781223824956,0.070388061297195,-0.05480146407657392,0.05694676330903832,0.042160778992927715,-0.04483688065954457,0.1215863739861996,-0.050387039555436754,0.05495754167807856,-0.048157009223301045,0.04601562115536681,-0.008976636124412836,0.012522759940999566,0.041352573301605855,-0.07346162860475254,0.10867874058965829,-0.10266462740257598,0.24908139506051927,0.24917909449460995,0.035568900620732515,0.24844835545327654,-0.001371645663447038,0.24890276276345405,-0.04619297163362762,0.2489450254463759,-0.11281702690602068,0.249632652580104
-0.07487008323869422,-0.07806262708006918,0.25000000000000006,-0.078298156528476,0.19391683969379717,-0.07795380933469344,0.14134758075976545,-0.07791644047643019,0.08597574419533491,-0.07776179616249132,-0.22197606297157962,0.22651122223382622,-0.23316664607557244,0.22589120212752672,-0.20050846155432583,0.18768563445961628,-0.1451530343391517,0.12281468540098098,-0.09788816169189489,0.1053901540196312,0.20403916741635503,-0.21230462730849967,0.21319807117842485,-0.21494628456321024,0.20960697825972036,-0.2001899695781674,0.18415671194723626,-0.14378257580283574,0.14172419339965392,-0.11213284303026422,-0.20778425061765704,0.21134913628332597,-0.2116449705558238,0.2052382894790768,-0.20508353522476114,0.18167669845612455,-0.1790161118614541,0.08971050524218697,-0.0858121898679365,0.01722075507369812,0.1927618063298527,-0.19720726014996096,0.19125198924731857,-0.1894760618963173,0.1557732881366033,-0.14389402620023675,0.0907346580484748,-0.06145474245197563,0.01547162337598578,-0.01985958894688453,-0.07803309380808982,-0.07738105156603141,-0.17625698071514143,-0.07669286389225767,-0.14405126310473038,-0.07710320301219825,-0.084217476360347,-0.07718419387702695,-0.010916291834991768,-0.07776167000231453
0.24654665151471536,0.24910616806017444,-0.078298156528476,0.24999999999999986,-0.11276284703698415,0.24917387412263756,-0.14581486207958402,0.24911214198749407,-0.17877771813126364,0.24946094453708956,0.07484965200081428,-0.0726432669657225,0.07924044910124922,-0.0864515235458292,0.11212089910193421,-0.12289211060786541,0.14499149935865538,-0.1661462159350069,0.16656852948023024,-0.1511702222792129,-0.053432604726932544,0.062127541114362805,-0.07203988705674566,0.07461567209588049,-0.07577888039499228,0.0881054453850351,-0.07734896786798924,0.13031890038255478,-0.13293333288120446,0.17581724837335888,0.07658775095214179,-0.07100678432145231,0.0702398765277224,-0.06399703957500594,0.0707143685486337,-0.05510086920535985,0.05723661241517132,0.04192162983895554,-0.04460355912544444,0.12139058564455774,-0.05070934884047375,0.05528280335320725,-0.04847913526202079,0.04633688966191478,-0.009279489029653523,0.01280123048727461,0.041112309965771913,-0.0732385302579438,0.10850275809356072,-0.10248831998783071,0.24891185887582656,0.2490081197472604,0.03587724701816797,0.24827694512268708,-0.0010788976019874552,0.24873158442961008,-0.04595955166796557,0.24877395079117293,-0.1126448535910651,0.24946184775999056
-0.10935813526680094,-0.11233160505824759,0.19391683969379717,-0.11276284703698415,0.24999999999999997,-0.11251772521373993,0.18412370594708496,-0.11240200489588824,0.11961654001477565,-0.11223094297070071,-0.20054914860772963,0.20354902198706393,-0.21001313015732054,0.21714433124803093,-0.24235121360103257,0.22813046312403631,-0.18826151890313594,0.15790368982710135,-0.12998463814671965,0.1282876056627402,0.18465335903081123,-0.1932488198383057,0.20251066288992117,-0.20524647118578254,0.20286999786410614,-0.20390146809427745,0.18725856927963389,-0.1584667801065982,0.15600190500429398,-0.13521626483608642,-0.19845485115323838,0.2007239226443316,-0.20089798822229027,0.19440238651816266,-0.19792234089141497,0.17596040218008657,-0.17463569193910594,0.07759412363748637,-0.07371680542081697,-0.0009290221811808523,0.18085073296235984,-0.18560541031497327,0.17929402322768243,-0.17741155553414029,0.14110866518337464,-0.13485913509560674,0.07861676468503244,-0.0469240417238657,-0.00047638413404846525,-0.004504505008020447,-0.11238028631513326,-0.11181310917014187,-0.16371888282885166,-0.11107090055886842,-0.12883440223336093,-0.1115160383466774,-0.07191378933911889,-0.1115865137737944,0.005304769858960156,-0.11223086605746874
0.2467944243147583,0.24934742423619743,-0.07795380933469344,0.24917387412263756,-0.11251772521373993,0.25,-0.1459027660204415,0.24935666185866992,-0.17931509812548624,0.24970875247167434,0.07461303478363067,-0.07239704865939967,0.07899434963781704,-0.0862056173232344,0.11187729709653328,-0.12273711588117521,0.14503851015024277,-0.16646161819168018,0.16703265211434937,-0.15157270274449428,-0.053186490873686196,0.06188133705278058,-0.07179524848182248,0.07437073571879671,-0.07554664350421562,0.0879135971744881,-0.07718224756880011,0.1304986051378096,-0.13313437418710405,0.17629479162517475,0.0763528286316521,-0.07076052419025677,0.06999505621426924,-0.06375289155629481,0.0704819159085803,-0.0548941015291709,0.05704397117775957,0.04211539984873545,-0.04479204193833608,0.12158200893300276,-0.050464067892168306,0.05503703349925931,-0.048234013829316025,0.04609199570755833,-0.009034260609498405,0.012593393542919143,0.04130700352429283,-0.0734326058722718,0.10867385922543847,-0.10265642341492193,0.2491583861568567,0.24925586958264082,0.03563811053669062,0.24852473710225229,-0.001320288014598478,0.24897938088254049,-0.04615087429396929,0.24902163532902685,-0.11281478930212827,0.249709651843167
-0.14298109202183873,-0.14565195242195597,0.14134758075976545,-0.14581486207958402,0.18412370594708496,-0.1459027660204415,0.2499999999999999,-0.14596483610924546,0.17764440762898395,-0.14561528060866236,-0.14482465196951258,0.1458231413356402,-0.152329693035973,0.15939434906336788,-0.18457385004972263,0.19783068309914362,-0.2422336454425944,0.2083896296390026,-0.18106379189538932,0.17029101709904523,0.1271228999927062,-0.13542135516964635,0.14501355815403932,-0.14781045907426188,0.15127396994740408,-0.1636931405319685,0.17387941290982165,-0.1850672039907572,0.18328286615186598,-0.179572920410568,-0.143677555283157,0.14340401293060873,-0.14353289872003935,0.14571453793523517,-0.15248998238517003,0.15192428823510093,-0.15424545190601274,0.05644501305583896,-0.05322480842193482,-0.02232735254943167,0.13060268740649789,-0.1349202158978898,0.1333691936651333,-0.1333070184020591,0.10391210933853964,-0.11038971225391178,0.056928210445105855,-0.025519146790892584,-0.018252816690665478,0.013015506615348713,-0.14556065556437262,-0.1452146751033478,-0.11912458873017757,-0.14445725894696426,-0.09225942329030301,-0.14489518788825467,-0.050621827154627014,-0.1449424663335658,0.02306976940371428,-0.14561506931037793
0.2467299524693028,0.24927949332975685,-0.07791644047643019,0.24911214198749407,-0.11240200489588824,0.24935666185866992,-0.14596483610924546,0.24999999999999994,-0.17956320812140503,0.24964315712130475,0.0745419148439882,-0.07232490529948257,0.07892221051765172,-0.08613348014107655,0.11180525729562993,-0.12267991067916702,0.14510082526233697,-0.16661978147697437,0.16724279349404025,-0.15177404965808267,-0.05311615995248948,0.061809257097134515,-0.07172316442984553,0.07429916004867007,-0.0754872065356365,0.08785587541194774,-0.07725129953829515,0.13063913974236405,-0.13328119619273832,0.17651960840855532,0.07627851559884713,-0.07068721367348997,0.06992371800158712,-0.06372557298511387,0.07045457876290351,-0.05495592359239294,0.05711283208947231,0.042045893739578316,-0.0447215309673625,0.12151145818036004,-0.050428141925971406,0.05499911257901028,-0.048221620930278264,0.04608950085209888,-0.009068814035303057,0.01265545779521339,0.041239540280065115,-0.07336303083680887,0.10860483605114443,-0.10258801857705595,0.2490929377530237,0.24919042620956294,0.0356275798987016,0.24845920310160266,-0.001285714116320072,0.24891378977106726,-0.04608429699272041,0.2489560309185653,-0.11274662253571434,0.24964405389425823
-0.17687927832297565,-0.17906349790124743,0.08597574419533491,-0.17877771813126364,0.11961654001477565,-0.17931509812548624,0.17764440762898395,-0.17956320812140503,0.25000000000000006,-0.17922353829303433,-0.08099474924112934,0.08008020184083939,-0.0865465440924689,0.09362002385132555,-0.11880361521760717,0.13243623366996626,-0.17615760614065384,0.20304021398020008,-0.2319636800715073,0.21549095443936797,0.06276998364768692,-0.07044422201129867,0.08009364589706114,-0.08287233038374221,0.08766276993800348,-0.10020964309925971,0.11580931370679562,-0.16851054250921785,0.17054967903790433,-0.211279443480879,-0.08142682200501222,0.07856861516172535,-0.07864546949199491,0.08297693606209648,-0.08961523474545785,0.09365647949062925,-0.0970004811514603,0.008380355240054174,-0.006059504024314891,-0.06289181102428575,0.06839553562378105,-0.07214369398774739,0.07188026388398736,-0.07228763615272722,0.0466200819918487,-0.05582170130405445,0.008583969026721289,0.01975302042201487,-0.05470397413647819,0.04957633983692604,-0.17892325667618975,-0.17885459912266635,-0.06020179551169338,-0.17817259384339787,-0.03682195904055692,-0.17856875345524112,-0.0035551407842143523,-0.17860327680085789,0.0588181154373883,-0.17922332223130757
0.24708287809885582,0.24963175088641312,-0.07776179616249132,0.24946094453708956,-0.11223094297070071,0.24970875247167434,-0.14561528060866236,0.24964315712130475,-0.17922353829303433,0.24999999999999978,0.07433582080831028,-0.07210867320529357,0.0787059887240794,-0.0859172828791269,0.11158901828007592,-0.12245018411876207,0.14475930032376227,-0.16628209327556015,0.16690286880030594,-0.1514361136673755,-0.052898314790625005,0.06159300518795771,-0.07150745479961648,0.0740824259202657,-0.07525853634886714,0.08762580692167111,-0.07689982548747636,0.13029358884705805,-0.13293833736741248,0.1761950570857546,0.07608614736190233,-0.07047564223840735,0.06970677699245371,-0.06346526062726746,0.07019381561356522,-0.05460969419585633,0.05676091071881714,0.04239851382186128,-0.04507409088804158,0.12186449471160368,-0.05017853193299127,0.05475090223730459,-0.04794642664829411,0.04580361960942361,-0.008745778072471755,0.012308347141316074,0.04159021866784879,-0.07371569961022767,0.10892805912063337,-0.10290932342317242,0.24944547928347155,0.24954441328159357,0.03535753965803162,0.24881333826363397,-0.0016040963393827573,0.24926798234839506,-0.046429622972616914,0.24931022479202397,-0.11306709871090558,0.24999825372395518
0.07144372633645026,0.07453320013475273,-0.22197606297157962,0.07484965200081428,-0.20054914860772963,0.07461303478363067,-0.14482465196951258,0.0745419148439882,-0.08099474924112934,0.07433582080831028,0.24999999999999994,-0.24452695580590772,0.23830815094251562,-0.23134059706972732,0.2071966403131519,-0.19346559304763905,0.14894378219109025,-0.12196789818867329,0.09405004063808377,-0.10203268851916263,-0.22104445364272168,0.22959739665365922,-0.22117246407803465,0.22171891594382492,-0.21625385114110537,0.20620311044132728,-0.18964482644439248,0.14434524081838163,-0.14193345454325945,0.10812975026612424,0.21545443272841802,-0.21928351365203919,0.21958014748725785,-0.2130422362056495,0.21201960406577736,-0.18786863088338063,0.18495633257973382,-0.0943413246111303,0.09031128323042592,-0.020663180034062686,-0.20039197147953225,0.20491596834604156,-0.19885633254561697,0.19704889929262728,-0.16282408244663393,0.1495145099876132,-0.09536064638300529,0.06563367480945398,-0.01851110379131403,0.022926373897521692,0.07463527500650989,0.07395012674120847,0.1835154113665784,0.07325013349368137,0.15084572847208075,0.07366680001697067,0.08867946098693334,0.07375222171671336,0.013863693987484852,0.07433569061089865
-0.06921964663028503,-0.07231741259455683,0.22651122223382622,-0.0726432669657225,0.20354902198706393,-0.07239704865939967,0.1458231413356402,-0.07232490529948257,0.08008020184083939,-0.07210867320529357,-0.24452695580590772,0.25000000000000006,-0.24328617499998104,0.23592661364058184,-0.21036239557206798,0.19610889094046072,-0.15005574164536173,0.12215224467514914,-0.09365897302375606,0.102152773332531,0.22613834727375087,-0.23477267666160018,0.2258243624944353,-0.22630402042034478,0.22065675902960066,-0.2100523663537367,0.19320456207485392,-0.14582175649332113,0.1433116703928517,-0.10790551968963315,-0.21987862485445925,0.2239022993542483,-0.22421883939484066,0.217602577402712,-0.21639564745595624,0.19182305045458148,-0.18878683127517717,0.0974551638272997,-0.093362860763055,0.023171184099185966,0.20484230015594826,-0.20940921502329246,0.2032973104172423,-0.20147577426017865,0.16695880795521917,-0.15317007299727806,0.0984876780336177,-0.06851742388478806,0.02074809467460302,-0.025178479274707358,-0.07242525332882248,-0.07172038290045789,-0.18776325614664116,-0.07101426749798309,-0.15483891716777307,-0.07143428386938597,-0.09171256772875436,-0.07152139501663717,-0.01604859922896472,-0.07210852413954232
0.07580883536419593,0.07891306179693329,-0.23316664607557244,0.07924044910124922,-0.21001313015732054,0.07899434963781704,-0.152329693035973,0.07892221051765172,-0.0865465440924689,0.0787059887240794,0.23830815094251562,-0.24328617499998104,0.24999999999999994,-0.24252101127164377,0.21695642502604062,-0.20270478663377967,0.15664961879830733,-0.12874665328632384,0.10025188760113674,-0.10860905330705152,-0.2196230494190977,0.22837970616044945,-0.22917562619837187,0.2309959728165573,-0.22537047669682592,0.21533862089229672,-0.19850123780344925,0.15188642469730265,-0.1493920771886394,0.11449721130938802,0.2232724460122321,-0.2272252919456201,0.22753755887913768,-0.22090993515765836,0.22070894030505794,-0.19601664298836627,0.1931079695557677,-0.09845231318484832,0.09426618332351314,-0.021581176031998623,-0.20765451745779012,0.21236662314888738,-0.20614891584487047,0.20430432991599667,-0.1687200428010365,0.15597704814835947,-0.09953633090119605,0.0685011393877011,-0.01941332262972095,0.024027654683281722,0.07901218975103146,0.07830369107301256,0.19017548525735126,0.07757316991903974,0.15623891356010788,0.07800790455306002,0.09257353465772189,0.07809451839604548,0.014561291012866228,0.07870584869330796
-0.0830201018647761,-0.08610945908529677,0.22589120212752672,-0.0864515235458292,0.21714433124803093,-0.0862056173232344,0.15939434906336788,-0.08613348014107655,0.09362002385132555,-0.0859172828791269,-0.23134059706972732,0.23592661364058184,-0.24252101127164377,0.25000000000000006,-0.22426842814220632,0.21000340619515515,-0.16392421820774353,0.13597092315002832,-0.10745094369765029,0.11558982797183161,0.2168091285244872,-0.22559132345860194,0.23490939144492556,-0.2376980118102453,0.23213635443923922,-0.22221853685234944,0.2053982608903608,-0.15892442096332943,0.15645171330554963,-0.12161012793222055,-0.22901109338792403,0.23292632796329965,-0.23323351649676444,0.22658270157405494,-0.22716700570185347,0.20211280390305972,-0.19925642907251317,0.1003199054729299,-0.09598877334680841,0.02006134739876618,0.2126860116031506,-0.21758956206222357,0.21123141106424112,-0.20935626212738978,0.17238065239457043,-0.16027551732423237,0.10145964429845689,-0.06904382395962048,0.018131310613545924,-0.022972872757522092,-0.08621699473255659,-0.08549705156188425,-0.19465340781317633,-0.08473442070247622,-0.15940796066952795,-0.0851882774007084,-0.09423689786096688,-0.08527605324276544,-0.013077372633276681,-0.0859171556181982
0.10868440238257943,0.11172776264662823,-0.20050846155432583,0.11212089910193421,-0.24235121360103257,0.11187729709653328,-0.18457385004972263,0.11180525729562993,-0.11880361521760717,0.11158901828007592,0.2071966403131519,-0.21036239557206798,0.21695642502604062,-0.22426842814220632,0.2500000000000002,-0.23535402348060927,0.1893914388214178,-0.15870046813143757,0.13017065404388853,-0.1300332887590697,-0.1911987968782122,0.19996951953934003,-0.20936996593802548,0.21216208048466734,-0.20973126737003364,0.21072368710462877,-0.193691803944204,0.16204465068325272,-0.15946979064027328,0.1368574338723205,0.2050552764577701,-0.2075339867314465,0.2077299480399155,-0.20114429474404105,0.20472010936154716,-0.18227501081322126,0.18086072378125134,-0.08185544518943894,0.07786728481542407,-0.0017224578385402866,-0.18729901199831464,0.1921537774086185,-0.18574932732798796,0.1838437826152663,-0.14684702168478883,0.1403482566180349,-0.082901153650496,0.05056401072047043,-0.0019213056912093175,0.006979956635640261,0.11175636164674468,0.1111634668215525,0.16979089572149933,0.11040555151224204,0.13427824975896405,0.11085964068221976,0.07601883622914676,0.11093202602260747,-0.003022967803023469,0.11158893659962799
-0.11957537224749658,-0.12256410138291621,0.18768563445961628,-0.12289211060786541,0.22813046312403631,-0.12273711588117521,0.19783068309914362,-0.12267991067916702,0.13243623366996626,-0.12245018411876207,-0.19346559304763905,0.19610889094046072,-0.20270478663377967,0.21000340619515515,-0.23535402348060927,0.2500000000000001,-0.20346121295695213,0.1716058524419691,-0.14310651531744148,0.14082852486417638,0.17739017668747478,-0.1861150154563823,0.19580194163833925,-0.19866060086592632,0.202148917525627,-0.21454267464700663,0.1983440611945791,-0.1691617555841061,0.1668438541425032,-0.1479688497528682,-0.1922348847297178,0.19404876965453377,-0.19428978367153962,0.19032114814562626,-0.19727221463498365,0.17819277996747762,-0.17858618859515876,0.07948165267984802,-0.07565532375335181,-0.0006818694327713131,0.1747388531850585,-0.17954088038054555,0.174373569461846,-0.1730451107473421,0.13611667058365498,-0.13619355218898427,0.08040785122992651,-0.048165100602090234,0.0002883260760703341,-0.005430298700054335,-0.12256102620479077,-0.12202357516882575,-0.15869147516708867,-0.12126589313852412,-0.12371201345402678,-0.12172018629048387,-0.07362161549038843,-0.1217745585743417,0.00466139625154818,-0.12245007877389974
0.14209528258602075,0.1448001747442452,-0.1451530343391517,0.14499149935865538,-0.18826151890313594,0.14503851015024277,-0.2422336454425944,0.14510082526233697,-0.17615760614065384,0.14475930032376227,0.14894378219109025,-0.15005574164536173,0.15664961879830733,-0.16392421820774353,0.1893914388214178,-0.20346121295695213,0.2500000000000001,-0.21311868876340348,0.18474430944430506,-0.17323430646427138,-0.13149591901921234,0.13990009839502246,-0.14964287235694,0.1524842566237613,-0.1560653171601319,0.16874215174904883,-0.1788665497545185,0.18965391718636315,-0.18761557971081727,0.181142125366884,0.1481157167155081,-0.1480002555452735,0.1481502479686375,-0.15036254305698332,0.1572598981257495,-0.15657787129906203,0.1589267669208839,-0.059886194690561154,0.05661902215983051,0.019887619862864362,-0.13501417334565752,0.1393939029356134,-0.13783083419786324,0.13777507244988074,-0.10796415282006203,0.11452300912595256,-0.06037827610710097,0.028568665593143843,0.01603616413122301,-0.0107423693856619,0.14471831000225127,0.1443539984270126,0.12333652565570415,0.14358653273916736,0.09611886427966948,0.14403007363135328,0.05394943119284361,0.14407789789613623,-0.020932010317955815,0.14475907127175916
-0.1636744945840286,-0.16621591207053468,0.12281468540098098,-0.1661462159350069,0.15790368982710135,-0.16646161819168018,0.2083896296390026,-0.16661978147697437,0.20304021398020008,-0.16628209327556015,-0.12196789818867329,0.12215224467514914,-0.12874665328632384,0.13597092315002832,-0.15870046813143757,0.1716058524419691,-0.21311868876340348,0.25000000000000033,-0.22031968305144461,0.20313598128228805,0.10439061106170533,-0.11271291929480821,0.12249882396966742,-0.12534209069743696,0.13043515492976232,-0.14316720108049708,0.16035116638157024,-0.2129504661776329,0.21051722027635786,-0.21093273672832352,-0.12225487899328819,0.12085269592676291,-0.12102047990698814,0.1259197372351037,-0.1327660015131327,0.13681064836324996,-0.14029085711784398,0.041195387653628554,-0.038510821391349835,-0.038246714973275385,0.10954081495085158,-0.11379027672696598,0.11360557230247037,-0.11411932985114778,0.08555668447448143,-0.09467628035514743,0.04155788626452259,-0.009859094691885053,-0.03238153930760565,0.026805750105530362,-0.1661226263771101,-0.16587732641688055,-0.09976432497188659,-0.16511066906932573,-0.07408636611242299,-0.16555256852805728,-0.035442984267298944,-0.16559447008210856,0.037174313186118815,-0.16628187498875735
0.16454840320760952,0.16678367888002915,-0.09788816169189489,0.16656852948023024,-0.12998463814671965,0.16703265211434937,-0.18106379189538932,0.16724279349404025,-0.2319636800715073,0.16690286880030594,0.09405004063808377,-0.09365897302375606,0.10025188760113674,-0.10745094369765029,0.13017065404388853,-0.14310651531744148,0.18474430944430506,-0.22031968305144461,0.25000000000000033,-0.23220799626653266,-0.07641548693772125,0.08416995508017736,-0.09398375893725974,0.09683444339386144,-0.10195630076227383,0.11473486068115789,-0.13188257714707258,0.18451037105890417,-0.18514983522990122,0.21197731757407373,0.09446324143453233,-0.09237114647581078,0.09255396313928715,-0.0975484005119947,0.10430835456525359,-0.10935528792980553,0.11281601043935836,-0.023066541762897484,0.020707297081999303,0.04912140833906782,-0.08254300018259506,0.08634430294226166,-0.08646795711214439,0.0870448927849104,-0.06148122961169156,0.07106678349967997,-0.023249695666972478,-0.005429240218695442,0.04222459528337734,-0.03708762085263445,0.16667295491674064,0.16653373953109163,0.07432494392359557,0.16583914341039846,0.05133256715421735,0.16623972282276273,0.01792988720699778,0.16627474923675964,-0.04649393593549741,0.16690261750313334
-0.1491463037186874,-0.15134921413816974,0.1053901540196312,-0.1511702222792129,0.1282876056627402,-0.15157270274449428,0.17029101709904523,-0.15177404965808267,0.21549095443936797,-0.1514361136673755,-0.10203268851916263,0.102152773332531,-0.10860905330705152,0.11558982797183161,-0.1300332887590697,0.14082852486417638,-0.17323430646427138,0.20313598128228805,-0.23220799626653266,0.2500000000000001,0.08886449216766112,-0.09656055872333504,0.10615937807577083,-0.10901013865276654,0.11436380739371552,-0.1268843834545993,0.14478496183675113,-0.1963145906706968,0.1973310426564087,-0.22491925877635285,-0.10548834550791966,0.10434179449485118,-0.10477183378950153,0.11029559911556823,-0.11697049065169393,0.12254633713137837,-0.12600692695243648,0.03714826440521431,-0.0347912144255016,-0.034594893387823206,0.09501350858287247,-0.0987949248364533,0.09933062659400448,-0.100087940422415,0.07500124003325619,-0.08456496148414794,0.03720637299363006,-0.00882306486196623,-0.0291127356896146,0.02406555237686281,-0.15128064710365066,-0.15107392993689753,-0.08696492648773832,-0.15038031104779873,-0.06470577003462856,-0.1507773091925374,-0.031700153600189955,-0.15081240168433138,0.033455781498774734,-0.15143585427318582
-0.05039703393627813,-0.05311273287570122,0.20403916741635503,-0.053432604726932544,0.18465335903081123,-0.053186490873686196,0.1271228999927062,-0.05311615995248948,0.06276998364768692,-0.052898314790625005,-0.22104445364272168,0.22613834727375087,-0.2196230494190977,0.2168091285244872,-0.1911987968782122,0.17739017668747478,-0.13149591901921234,0.10439061106170533,-0.07641548693772125,0.08886449216766112,0.2500000000000001,-0.2411069277281448,0.23121558724943617,-0.22780474885726446,0.2221046641848602,-0.20834860928893262,0.19190418038232934,-0.1382260180594435,0.13574142230592873,-0.0935929308274941,-0.22665683917935184,0.23089779831354051,-0.23126783596197542,0.2247807826002651,-0.21924865495705065,0.19430265202013627,-0.19070721301339894,0.10311399823209355,-0.09901975548884144,0.03194185885637817,0.21254825508074945,-0.21695943752323799,0.21107480832267217,-0.20932568570681573,0.17617342699841987,-0.15731738723502203,0.10420576880521619,-0.07541347153372109,0.02831888220247932,-0.03244867386934712,-0.05328535971396971,-0.05252911039999983,-0.19579157942338893,-0.051850070100724545,-0.16430366824130027,-0.05225261272962701,-0.09751574453974585,-0.05234986052411916,-0.023766781927512033,-0.05289812514680492
0.058935652510243824,0.06180329694051495,-0.21230462730849967,0.062127541114362805,-0.1932488198383057,0.06188133705278058,-0.13542135516964635,0.061809257097134515,-0.07044422201129867,0.06159300518795771,0.22959739665365922,-0.23477267666160018,0.22837970616044945,-0.22559132345860194,0.19996951953934003,-0.1861150154563823,0.13990009839502246,-0.11271291929480821,0.08416995508017736,-0.09656055872333504,-0.2411069277281448,0.24999999999999997,-0.23967637775746137,0.23627772734524405,-0.23051159605600602,0.2167773760388004,-0.20000200589886657,0.14639716377982784,-0.143907252885599,0.10189838870608199,0.23296039715797856,-0.23765817038045195,0.23802093806220262,-0.23136377903598457,0.22736812652926397,-0.20169780115571997,0.19811199148156367,-0.1057025929724777,0.10143119952594264,-0.03050080997495013,-0.2184185735439733,0.2230583289719864,-0.21692830648059458,0.21511169789047416,-0.1802410076266463,0.1626193826085693,-0.10678369614535776,0.07642609335822846,-0.02714761803792627,0.03154472707020556,0.061971619023883505,0.06120257105086754,0.20093914117403028,0.06048583429535043,0.16779877166171286,0.0609107216302682,0.09978544598956346,0.061008130191810755,0.02235218007109558,0.06159283417124282
-0.06883434669366084,-0.07170682531765875,0.21319807117842485,-0.07203988705674566,0.20251066288992117,-0.07179524848182248,0.14501355815403932,-0.07172316442984553,0.08009364589706114,-0.07150745479961648,-0.22117246407803465,0.2258243624944353,-0.22917562619837187,0.23490939144492556,-0.20936996593802548,0.19580194163833925,-0.14964287235694,0.12249882396966742,-0.09398375893725974,0.10615937807577083,0.23121558724943617,-0.23967637775746137,0.2500000000000001,-0.2461808994793998,0.240403715474957,-0.22658572823146766,0.20985692276144224,-0.15621874774928893,0.15376357215451286,-0.11170293312405448,-0.24274593858043936,0.24746787515286658,-0.24782351108619247,0.24113176941403802,-0.23724774870613957,0.21088107080761678,-0.20728519400655437,0.10829631469579312,-0.10379204652768428,0.027935755670642156,0.22720594231842386,-0.23213983137542074,0.2257979645263064,-0.2239360983775589,0.1869416644988049,-0.16905695346364766,0.10948545824334134,-0.07700116663892755,0.02489518016073429,-0.029632633225220025,-0.07188167402874178,-0.0710897992333707,-0.20885821735904508,-0.07032387426213631,-0.1737311975771334,-0.07077801013820792,-0.10208409135045943,-0.07088012389019445,-0.01979616703220501,-0.07150729993493438
0.07138051996706597,0.07428033895248853,-0.21494628456321024,0.07461567209588049,-0.20524647118578254,0.07437073571879671,-0.14781045907426188,0.07429916004867007,-0.08287233038374221,0.0740824259202657,0.22171891594382492,-0.22630402042034478,0.2309959728165573,-0.2376980118102453,0.21216208048466734,-0.19866060086592632,0.1524842566237613,-0.12534209069743696,0.09683444339386144,-0.10901013865276654,-0.22780474885726446,0.23627772734524405,-0.2461808994793998,0.24999999999999994,-0.2433336044591787,0.2295337930857966,-0.21284814664089527,0.15912042765386505,-0.15666828916476228,0.11453609423071735,0.2395789916511044,-0.24414342385654644,0.244503790849733,-0.23794057446636263,0.23845907745711464,-0.21251457292945505,0.20914980269599392,-0.11035122709633266,0.10587277370833147,-0.030112546330426128,-0.2239642350803779,0.22888388841656407,-0.2226070106190317,0.2207724093854046,-0.18385756273347678,0.17076288051170388,-0.11152384970516113,0.07911714448592495,-0.027144192318716086,0.031880147221946875,0.07444255240269829,0.07366518803342027,0.20576463453431143,0.0729011742333031,0.170713790744371,0.0733544024300552,0.10414009148819862,0.07344540113033816,0.022031310563132633,0.07408227467814524
-0.0725965088976877,-0.07545041365617408,0.20960697825972036,-0.07577888039499228,0.20286999786410614,-0.07554664350421562,0.15127396994740408,-0.0754872065356365,0.08766276993800348,-0.07525853634886714,-0.21625385114110537,0.22065675902960066,-0.22537047669682592,0.23213635443923922,-0.20973126737003364,0.202148917525627,-0.1560653171601319,0.13043515492976232,-0.10195630076227383,0.11436380739371552,0.2221046641848602,-0.23051159605600602,0.240403715474957,-0.2433336044591787,0.25000000000000006,-0.23496931711541738,0.21823672568519473,-0.1645244408226669,0.1620844898334907,-0.1199279715187915,-0.23413834559604046,0.2385187482916333,-0.23900062360033547,0.2366221658307874,-0.24370153399309835,0.21777794813027235,-0.21444115744007697,0.11570031042618491,-0.1112256944478687,0.0354492611173196,0.21974703211553803,-0.22461088395107215,0.22033572547837005,-0.2194488703106414,0.18254102155947016,-0.1760456703693523,0.11687253751572212,-0.0844853666395822,0.032479618979386865,-0.03719105379262986,-0.07561099848317711,-0.0748430786365994,-0.20355969298873844,-0.07407796927471219,-0.1694238763747491,-0.07453093286470111,-0.10945789874114982,-0.07460729822267635,-0.02731723624653562,-0.0752583731401813
0.08494561775361009,0.08779432803525568,-0.2001899695781674,0.0881054453850351,-0.20390146809427745,0.0879135971744881,-0.1636931405319685,0.08785587541194774,-0.10020964309925971,0.08762580692167111,0.20620311044132728,-0.2100523663537367,0.21533862089229672,-0.22221853685234944,0.21072368710462877,-0.21454267464700663,0.16874215174904883,-0.14316720108049708,0.11473486068115789,-0.1268843834545993,-0.20834860928893262,0.2167773760388004,-0.22658572823146766,0.2295337930857966,-0.23496931711541738,0.24999999999999997,-0.23013963590329817,0.17679580387224245,-0.17435122365873879,0.1326823614309625,0.2210020233639583,-0.22469202957205886,0.22518161712411172,-0.22304791248334108,0.23009987758321276,-0.21033955885633807,0.21043497071057513,-0.1120165132559456,0.10784611679742975,-0.03216111157439127,-0.20610399971761484,0.2109232485443433,-0.2067743113816468,0.20593602323055893,-0.1692071349139385,0.16870478490294163,-0.11296060540341166,0.08091318459178255,-0.029973597205097558,0.034814858493208534,0.08791250083525474,0.08720958164450113,0.19037404218805726,0.08644956808341073,0.15633771919860104,0.08690080801434347,0.10569602121930122,0.08695677313844481,0.02483591169254925,0.0876256498350557
-0.07446792061404692,-0.07706427620406595,0.18415671194723626,-0.07734896786798924,0.18725856927963389,-0.07718224756880011,0.17387941290982165,-0.07725129953829515,0.11580931370679562,-0.07689982548747636,-0.18964482644439248,0.19320456207485392,-0.19850123780344925,0.2053982608903608,-0.193691803944204,0.1983440611945791,-0.1788665497545185,0.16035116638157024,-0.13188257714707258,0.14478496183675113,0.19190418038232934,-0.20000200589886657,0.20985692276144224,-0.21284814664089527,0.21823672568519473,-0.23013963590329817,0.2499999999999998,-0.19534009612749925,0.19286315794369216,-0.15054686775907,-0.20444876196602774,0.20797221025177293,-0.20853432740574226,0.21376550210538142,-0.22078102084409817,0.22530419244265945,-0.22901134081780272,0.13012862905899364,-0.12593604686589976,0.04984008725449811,0.1969560523731702,-0.20137160970881557,0.20163703931187227,-0.2023790153306115,0.1741495211871503,-0.1834543382610897,0.1304810530212007,-0.09886058219824578,0.04748078270232561,-0.052121113836892066,-0.07720390375449496,-0.07651543458975266,-0.18564270886197323,-0.07573159603189798,-0.16127104195733727,-0.07617207032566782,-0.1229908775630886,-0.07621386129112766,-0.0421000231876698,-0.07689955148678573
0.12780158616213116,0.1303067255188236,-0.14378257580283574,0.13031890038255478,-0.1584667801065982,0.1304986051378096,-0.1850672039907572,0.13063913974236405,-0.16851054250921785,0.13029358884705805,0.14434524081838163,-0.14582175649332113,0.15188642469730265,-0.15892442096332943,0.16204465068325272,-0.1691617555841061,0.18965391718636315,-0.2129504661776329,0.18451037105890417,-0.1963145906706968,-0.1382260180594435,0.14639716377982784,-0.15621874774928893,0.15912042765386505,-0.1645244408226669,0.17679580387224245,-0.19534009612749925,0.25000000000000006,-0.24536589143755116,0.2040220769650102,0.15374262120512244,-0.15438768666909808,0.15481307113890824,-0.1602016111087887,0.16709975706626354,-0.1717506813832578,0.1753492311193769,-0.07658322224132141,0.07391646658932025,0.002598472191451646,-0.14348615710677345,0.14777908356105063,-0.14800669869859934,0.14870993803735152,-0.12051812554500554,0.1298259161030886,-0.0769218124020933,0.04534097199810393,0.00027808069505338333,0.005174010261791452,0.13031882453818422,0.1298981947487449,0.13337607749202726,0.1291263214538249,0.10851644145272754,0.12956638071822082,0.07027231158309295,0.12960805661929573,-0.005297395579962872,0.1302933342744011
-0.13044493184982103,-0.1329413637672765,0.14172419339965392,-0.13293333288120446,0.15600190500429398,-0.13313437418710405,0.18328286615186598,-0.13328119619273832,0.17054967903790433,-0.13293833736741248,-0.14193345454325945,0.1433116703928517,-0.1493920771886394,0.15645171330554963,-0.15946979064027328,0.1668438541425032,-0.18761557971081727,0.21051722027635786,-0.18514983522990122,0.1973310426564087,0.13574142230592873,-0.143907252885599,0.15376357215451286,-0.15666828916476228,0.1620844898334907,-0.17435122365873879,0.19286315794369216,-0.24536589143755116,0.25,-0.2066331688276349,-0.1514124862375241,0.15192241257989653,-0.15234894392324597,0.15775425014861646,-0.16466849763854674,0.1693216334245347,-0.17292554694936232,0.07461672659773469,-0.07194750956311516,-0.0048219360263675815,0.1410216526408045,-0.14531048723349468,0.14553416291435642,-0.14623732597589076,0.11801506469039645,-0.1273494335256328,0.07469577994712139,-0.04325998176536143,-0.002250518987640458,-0.003222120060726059,-0.13295016859170045,-0.13254253949588934,-0.1309640147915635,-0.1317691917752341,-0.10604687600967344,-0.13220916876840264,-0.06806728492822908,-0.1322506367755965,0.0072753522081248,-0.13293808780820796
0.17362626905455134,0.17606585480619547,-0.11213284303026422,0.17581724837335888,-0.13521626483608642,0.17629479162517475,-0.179572920410568,0.17651960840855532,-0.211279443480879,0.1761950570857546,0.10812975026612424,-0.10790551968963315,0.11449721130938802,-0.12161012793222055,0.1368574338723205,-0.1479688497528682,0.181142125366884,-0.21093273672832352,0.21197731757407373,-0.22491925877635285,-0.0935929308274941,0.10189838870608199,-0.11170293312405448,0.11453609423071735,-0.1199279715187915,0.1326823614309625,-0.15054686775907,0.2040220769650102,-0.2066331688276349,0.2499999999999998,0.11152743247820687,-0.10981793341267151,0.11021548320308497,-0.11561650979670368,0.12244214681355681,-0.12697079089879768,0.13047839633299477,-0.03137050728058604,0.02869714414820327,0.04807646487421061,-0.09888150674515352,0.10309305186496097,-0.10325174713561,0.10391362591536571,-0.07553006637314785,0.08480891381124676,-0.03172223537771074,3.0305218993093193e-5,0.04117598884331186,-0.035571668828243086,0.17598254268297503,0.17578922271457784,0.08966972765681483,0.1750237688873448,0.06422426694438894,0.17546545837130884,0.025761017760343827,0.17550721599731636,-0.04590630181189507,0.17619486161119585
0.0734248140653566,0.07626749559929118,-0.20778425061765704,0.07658775095214179,-0.19845485115323838,0.0763528286316521,-0.143677555283157,0.07627851559884713,-0.08142682200501222,0.07608614736190233,0.21545443272841802,-0.21987862485445925,0.2232724460122321,-0.22901109338792403,0.2050552764577701,-0.1922348847297178,0.1481157167155081,-0.12225487899328819,0.09446324143453233,-0.10548834550791966,-0.22665683917935184,0.23296039715797856,-0.24274593858043936,0.2395789916511044,-0.23413834559604046,0.2210020233639583,-0.20444876196602774,0.15374262120512244,-0.1514124862375241,0.11152743247820687,0.24999999999999983,-0.24373582858425072,0.24295688326251058,-0.23626772418474415,0.23110003001539148,-0.20497289586929993,0.201501280670702,-0.10263320706725207,0.09817294318749423,-0.022385164236315987,-0.22308941958074144,0.22802178635118875,-0.22117701716757918,0.21907459577725338,-0.1821016738686372,0.16318317516652164,-0.1038047065629073,0.07136772445402538,-0.01979684935033613,0.024565906101376517,0.0764361561896789,0.07566754629013657,0.2043609409714662,0.07490378915805021,0.16897990917237535,0.07535746136570867,0.09649104829087336,0.07546147915259369,0.014742940695747397,0.07608603308864072
-0.06782910692154488,-0.07067394096576851,0.21134913628332597,-0.07100678432145231,0.2007239226443316,-0.07076052419025677,0.14340401293060873,-0.07068721367348997,0.07856861516172535,-0.07047564223840735,-0.21928351365203919,0.2239022993542483,-0.2272252919456201,0.23292632796329965,-0.2075339867314465,0.19404876965453377,-0.1480002555452735,0.12085269592676291,-0.09237114647581078,0.10434179449485118,0.23089779831354051,-0.23765817038045195,0.24746787515286658,-0.24414342385654644,0.2385187482916333,-0.22469202957205886,0.20797221025177293,-0.15438768666909808,0.15192241257989653,-0.10981793341267151,-0.24373582858425072,0.24999999999999992,-0.2490207082684092,0.24232854616309416,-0.23584764980595285,0.20939497197172874,-0.20574393035054234,0.10670385180263231,-0.10218811807195498,0.02631174281235253,0.22919879432411627,-0.23415105243138498,0.22731113974922423,-0.2252135813100051,0.18819086255837925,-0.16759836425839572,0.10791716102042953,-0.07540056427161873,0.023241578668869854,-0.027982486860522668,-0.0708559509002237,-0.07005739441821242,-0.210324222182203,-0.06929106700792056,-0.17495241847254586,-0.06974559493616299,-0.1005147500227791,-0.0698538451168454,-0.018155436514497626,-0.07047549169769492
