x1,x2,x3,x4,x5,x6,x7,x8,x9,x10,x11,x12,x13,x14,x15,x16,x17,x18,x19,x20,x21,x22,x23,x24,x25,x26,x27,x28,x29,x30,x31,x32,x33,x34,x35,x36,x37,x38,x39,x40,x41,x42,x43,x44,x45,x46,x47,x48,x49,x50,x51,x52,x53,x54,x55,x56,x57,x58,x59,x60
0.25000000000000006,-0.07740696420655115,0.07514026914767243,-0.06433433788593879,0.06430511351039031,-0.05755255874007469,0.05754331809738502,-0.057450891715714596,0.057402402384379075,-0.057404108175086434,-0.24537978954179937,0.12254208198279734,0.015257498789432267,-0.01775843501277147,0.039184276140660744,-0.03911719125586297,0.045771170219350725,-0.04575411700762411,0.05430451943765071,-0.054261777401233564,0.045588465919101075,-0.07849976125229735,0.05766600564321838,0.04666364555354283,-0.04660409964054312,0.056478534727877935,-0.05284531552072025,0.057403671331797836,-0.052935306472363934,0.05459886496183223,-0.044357009542293484,0.04581077552097554,-0.036268043725461295,0.03607507263451435,0.05321069089817704,-0.052031495958705216,0.05731397663174129,-0.05413870369744119,0.05592177301667667,-0.05055098630904769,0.018959372609719676,-0.010050728674050302,0.010250660320537756,-0.0031220913597318047,0.0033150924878452056,0.05628429406928339,-0.054994534442701824,0.05613351050570501,-0.05215611355636321,0.05223423294368343,-0.018573127257330756,-0.05497381499341656,0.05508244540350782,-0.056924620441317304,0.056964897753130676,-0.05738712559362616,0.057404464670698034,-0.05737161613127576,0.0574044596573518,-0.05740429167567909
-0.07740696420655115,0.25000000000000006,-0.24772976235657357,0.23692313856490965,-0.2368804493603049,0.23012918765388177,-0.23006536446860987,0.2299420019405987,-0.22998795867791402,0.22999595271416082,0.07288881351196252,-0.17926477821418255,0.007998644749055652,-0.01175149882453114,-0.14802156129721694,0.14778596392833163,-0.19352857704676268,0.19343841464076916,-0.2217113442714018,0.22157062591419108,-0.17802809876666276,0.11800340948766506,-0.14158997200829795,-0.06315141107146582,0.0625850142691607,-0.2171683882959624,0.20686963985588672,-0.22999402077846764,0.20956798089990752,-0.222482544412257,0.17344570579271212,-0.17910222996830688,0.05947883637231692,-0.06161979547898867,-0.14670479448901882,0.1394995059478002,-0.22873717639732538,0.21245698153800854,-0.2201415514110669,0.1826185434288286,-0.09110565845824763,0.05601488696015906,-0.05670537743388342,-0.05612996460093443,0.05501055096053925,-0.20713186912541853,0.19860207598476284,-0.22047025797562544,0.18868519901850134,-0.18900405161747025,0.0888438129942925,0.21664442746252724,-0.2177073839853029,0.2283751118702032,-0.22887947434251982,0.22990645619177974,-0.22999620558167544,0.2298672823315946,-0.22999618462785626,0.2299955115940181
0.07514026914767243,-0.24772976235657357,0.24999999999999994,-0.2391914010939651,0.2391486265104365,-0.23239659307289257,0.2323327694616415,-0.23220885835621216,0.23225547891663187,-0.23226353369325492,-0.07062701952638052,0.181081543256858,-0.009450575161291124,0.013244284829745132,0.1492016583083808,-0.14896398132608954,0.1954073472084537,-0.19531602243033674,0.2238778399672651,-0.2237358998075557,0.17976729211652004,-0.11959173255224823,0.14321992889715165,0.06235093606532699,-0.06177742472121924,0.21920036558259448,-0.20884190038350223,0.23226157467109873,-0.21160044293866961,0.22465839222535824,-0.1751315621109709,0.1808494210133543,-0.060014843748596475,0.06216901938019155,0.14741047177155361,-0.14012557012801302,0.2309816289024761,-0.21451682671917058,0.22228964365044868,-0.18435083361027596,0.09194536478100866,-0.05652126860114204,0.05721859596538876,0.056892097678058424,-0.055759593605384905,0.20897006117934838,-0.20033833766773335,0.22261413120784118,-0.1904787529058001,0.1908007115986355,-0.08966043405822474,-0.21877226300196298,0.219849101054595,-0.23062914790368208,0.23113910325367606,-0.23217307387605782,0.23226378473365414,-0.23213360857392368,0.23226376356910008,-0.23226308389968506
-0.06433433788593879,0.23692313856490965,-0.2391914010939651,0.25000000000000006,-0.24995380871629866,0.2432001584809009,-0.24313630808849404,0.2430103142167361,-0.24305980500007118,0.24306825257695194,0.0599109336742021,-0.18311230707891388,-0.001351133027154547,-0.004215900781035773,-0.15852580019809406,0.15827603893795286,-0.20579471604926639,0.20570039651852468,-0.23465983399785792,0.23451080603581212,-0.18822013217923086,0.12137005825456601,-0.14868446548182748,-0.07225639387258147,0.07166304889176402,-0.22955830505268998,0.2184970624673826,-0.24306626222601949,0.22186013552745693,-0.23544222584422375,0.1834129816744479,-0.18936917782095689,0.06319583309486489,-0.06549085037639597,-0.15801526513568645,0.15040362454888315,-0.24174268180119352,0.22476899293195418,-0.2328791722792074,0.19338801271777378,-0.09643508351642219,0.05931609543343343,-0.06004613195996823,-0.05844434666848631,0.05726876508668491,-0.21971733277482028,0.21088315362883944,-0.2332207644766293,0.19979309983307386,-0.2001302772040255,0.0940503987759822,0.22900297017818114,-0.23011230644209796,0.24134572268567825,-0.24187576913507847,0.2429739576118334,-0.2430684963923418,0.24293216032772513,-0.24306847426577466,0.2430677629787225
0.06430511351039031,-0.2368804493603049,0.2391486265104365,-0.24995380871629866,0.25000000000000017,-0.2431983958218024,0.24313430417392082,-0.24300065170153093,0.24305012759442185,-0.24305857514706908,-0.059885445543588746,0.1830945186366378,0.001340998265245211,0.004227019704594535,0.1585151738990606,-0.1582654235817837,0.2057848314209652,-0.20569051518904297,0.23465014057260586,-0.23450111984743963,0.18820890785450753,-0.12135536951849449,0.1486725493660747,0.07224571243992761,-0.07165236102679055,0.229548311340348,-0.2184877710432007,0.24305658477319853,-0.22185071391996675,0.2354325340963639,-0.18340198624487908,0.18935800658168192,-0.06318643532167109,0.0654814429633909,0.15800523437590144,-0.15039367618476393,0.2417329734208913,-0.2247596115782623,0.23286950242529808,-0.1933789690903585,0.0964309560624065,-0.05931194826056574,0.060041956667463724,0.05844735611720209,-0.05727179716263271,0.21970755646778303,-0.2108734030645851,0.2332110851211955,-0.1997837802462796,0.20012094594555774,-0.09404634070907372,-0.22899375239318326,0.23010308036338062,-0.2413361470504913,0.2418661862797624,-0.24296428229901648,0.2430588189267093,-0.24292248846699982,0.24305879680097459,-0.2430580855422414
-0.05755255874007469,0.23012918765388177,-0.23239659307289257,0.2432001584809009,-0.2431983958218024,0.25000000000000006,-0.24992517760989563,0.2497884722782518,-0.24983788978491098,0.24984664211474927,0.05313272034193191,-0.17637840857330794,-0.00813247416430492,0.002562570418564836,-0.16530491308348985,0.16503995038207536,-0.2125734858286148,0.2124772725165551,-0.24143826790948944,0.24128480749026912,-0.18954815444018677,0.11462899432169332,-0.14365912080487084,-0.07903620692281661,0.07840278343378528,-0.2363367290429808,0.22485358966055255,-0.249844642100347,0.22808431682772473,-0.24222023941251294,0.18470889825441889,-0.1908600785007155,0.058097489265329844,-0.06062778123105125,-0.1647948220217442,0.15684482116944792,-0.24852104606558453,0.2311000806089503,-0.23933585648909164,0.19811230333963134,-0.09936663144960986,0.059459125581476896,-0.06021047871304963,-0.06388398798392532,0.06266848370178471,-0.22649604492255868,0.21737651551099552,-0.23972331404571506,0.2046597059817472,-0.20500851957039434,0.09689687533669034,0.23536527457239884,-0.23651407011517933,0.2480902362143262,-0.24864425017605904,0.24974867148607122,-0.24984688749785572,0.24970676281091697,-0.24984686473986112,0.24984613361732266
0.05754331809738502,-0.23006536446860987,0.2323327694616415,-0.24313630808849404,0.24313430417392082,-0.24992517760989563,0.25000000000000006,-0.24979438172330434,0.24977835787774624,-0.24978710773606672,-0.053141057654415874,0.1763906633188337,0.008111156205627136,-0.0025403180056437218,0.1652507378432012,-0.1649858610223122,0.21251338063858072,-0.21241719115295324,0.24137864851682425,-0.24122522645962524,0.1895194595075482,-0.11464411801502537,0.14366478718385325,0.07900833140749979,-0.07837517632665116,0.2362789269019154,-0.22479864225518728,0.24978510776348645,-0.22802913114090667,0.2421606338034934,-0.18468098061807994,0.19083054451371548,-0.058114821230453986,0.0606437310511858,0.16475190548544213,-0.15680435787097974,0.248461682124539,-0.23104450021568182,0.23927871298070627,-0.19806838577583027,0.0993418084659777,-0.05945103462915895,0.06020220732688011,0.06384992591769897,-0.06263476058868366,0.2264410883329234,-0.21732368656362866,0.23966607199556264,-0.2046143853238853,0.20496310645633486,-0.09687273805949423,-0.23530940797508382,0.23645785798751565,-0.24803103944825358,0.24858487024754317,-0.24968916579997374,0.24978735309202668,-0.24964726160572162,0.24978733033955947,-0.24978659939123551
-0.057450891715714596,0.2299420019405987,-0.23220885835621216,0.2430103142167361,-0.24300065170153093,0.2497884722782518,-0.24979438172330434,0.2500000000000001,-0.24993148890164468,0.2499402456622009,0.05303786470031624,-0.17625375601750998,-0.008250196924992239,0.002680889379752208,-0.16540634146365624,0.16514114531856913,-0.21267007547339706,0.21257383920097225,-0.24153249615885286,0.24137897275759254,-0.18955793694683892,0.11450657375234465,-0.14356463669623679,-0.0791489061078488,0.07851488169512977,-0.23643181879730796,0.22494238504456937,-0.24993824566705447,0.2281703929591917,-0.2423144030389884,0.18471854352077224,-0.19087242160311743,0.0580094274468866,-0.060543510804918446,-0.16489812556497604,0.1569431628859706,-0.24861479502773173,0.23118771134286373,-0.23942490595714877,0.19817591406442386,-0.09940872458621747,0.05945878722288056,-0.06021043242385689,-0.06396800181831575,0.06275193712830421,-0.22659231536992447,0.21746872834136333,-0.239813146042018,0.2047251764717194,-0.20507415617210525,0.09693773361335717,0.23545301930797072,-0.2366023695454244,0.24818339124392755,-0.2487377629693304,0.24984222199147085,-0.24994049108361854,0.24980031404502828,-0.24994046831687955,0.2499397369204306
0.057402402384379075,-0.22998795867791402,0.23225547891663187,-0.24305980500007118,0.24305012759442185,-0.24983788978491098,0.24977835787774624,-0.24993148890164468,0.25,-0.24999026475069164,-0.052979442562024505,0.1762305130115582,0.008281143383415778,-0.0027104600737510175,0.16544805002429708,-0.1651827591120944,0.21271672230294447,-0.21262047013618995,0.24158182539349304,-0.24142827120894628,0.18957363619829184,-0.11448157006915566,0.14354782159056237,0.07918369508181114,-0.07854941022547571,0.2364801834361572,-0.2249879909677022,0.24998826450811357,-0.2282161028375592,0.24236379462738541,-0.1847337652435901,0.1908890998837879,-0.05798570186869016,0.060521050187474834,0.16494069395497454,-0.15698341535329624,0.24866465175853106,-0.231234194820813,0.2394726056924898,-0.19821208169245505,0.09942865082517698,-0.05946086011632369,0.060212666962833034,0.06400120606893385,-0.06278485312407829,0.22664028536534342,-0.21751466136709482,0.23986106790804884,-0.20476247971531325,0.20511154133954862,-0.09695708730050331,-0.2355001016568282,0.236649733093823,-0.2482331485479434,0.24878767282749245,-0.24989221571062892,0.24999051016056076,-0.2498503051896122,0.24999048738918578,-0.24998975584636687
-0.057404108175086434,0.22999595271416082,-0.23226353369325492,0.24306825257695194,-0.24305857514706908,0.24984664211474927,-0.24978710773606672,0.2499402456622009,-0.24999026475069164,0.25000000000000006,0.052980721583044066,-0.17623521279061888,-0.008280280498401267,0.0027092789597120003,-0.16545520461901972,0.1651899075657546,-0.21272502123105763,0.21262876479136816,-0.24159050806098956,0.24143694837887386,-0.1895808789117879,0.11448515388456942,-0.14355314710917114,-0.07918447594743165,0.07855016873453471,-0.23648869585788296,0.22499616590159732,-0.24999702359504822,0.22822423423698326,-0.2423724835943088,0.1847408235486942,-0.19089636814309222,0.057987906116885604,-0.06052335791475848,-0.16494525827784676,0.15698773165046256,-0.24867338651557913,0.23124235937210463,-0.23948104649799834,0.19821899238765683,-0.09943231575785866,0.059463413524060246,-0.06021524525760411,-0.06400355007314956,0.0627871526486322,-0.22664789130247667,0.2175219860079312,-0.2398694999215167,0.20476962128937706,-0.20511869483162065,0.09696066101941538,0.23550831965223334,-0.2366579970435344,0.2482418469106607,-0.24879639304512025,0.24990097133541783,-0.24999926927657193,0.24985905941367237,-0.24999924650439195,0.24999851493594144
-0.24537978954179937,0.07288881351196252,-0.07062701952638052,0.0599109336742021,-0.059885445543588746,0.05313272034193191,-0.053141057654415874,0.05303786470031624,-0.052979442562024505,0.052980721583044066,0.2500000000000001,-0.1267052316796457,-0.010870891203629175,0.013379945742577129,-0.034796738595143324,0.034739372586195985,-0.04136799812451352,0.04135218797974307,-0.04988055264995678,0.04984067426531459,-0.04541507748095595,0.08270007679843897,-0.06096161173351921,-0.04223110837501419,0.042200465819478096,-0.05205352249685761,0.048702944264900024,-0.05298028150814845,0.048847837630754246,-0.050175176243705426,0.0442036494522997,-0.04551170767969979,0.039670068878759165,-0.03934768653286596,-0.04878154976770389,0.0478249233192973,-0.052890437080389784,0.049971160460585834,-0.05167507439781317,0.04740483735286054,-0.01733774036338376,0.01055631046098072,-0.010740417967287546,0.006743861231669906,-0.00691073678048132,-0.051859314593710654,0.05072740758823105,-0.05186168713166838,0.048915680568744346,-0.04898595028573283,0.0170010322712281,0.05078659899912065,-0.050870772014281154,0.05252055986151877,-0.05254744446726613,0.0529661626413708,-0.05298106690714042,0.05295069564840274,-0.05298106230335228,0.05298090726579037
0.12254208198279734,-0.17926477821418255,0.181081543256858,-0.18311230707891388,0.1830945186366378,-0.17637840857330794,0.1763906633188337,-0.17625375601750998,0.1762305130115582,-0.17623521279061888,-0.1267052316796457,0.25000000000000006,-0.06547695064772406,0.06483718021111896,0.09595180284204655,-0.09581160473477043,0.1417318221248165,-0.14165445107703104,0.1678271638779596,-0.1677206859787103,0.154207235010669,-0.18819923346534995,0.167748487326578,0.0071165475081321535,-0.006785375259098956,0.16272504364265364,-0.1558445815326054,0.1762333199240748,-0.15992804671495764,0.16861311754857747,-0.1499504928813335,0.15433496071959665,-0.08624505425783115,0.08650679227933333,0.091181720115184,-0.0862972941194393,0.17490987305406103,-0.16220289803822688,0.16882873464390705,-0.14380159958459457,0.06511145876958485,-0.04629027661046036,0.04683057242770167,0.022453826776145283,-0.021618910659069224,0.15288414012705967,-0.14653532334692054,0.16877520624107106,-0.1486967689069664,0.14892943328453898,-0.06353599419148269,-0.16638244804602145,0.1671651662422021,-0.1749547986374001,0.17527095177230106,-0.17617197068170282,0.17623544230222696,-0.17613671209516624,0.17623542631707384,-0.17623491060240842
0.015257498789432267,0.007998644749055652,-0.009450575161291124,-0.001351133027154547,0.001340998265245211,-0.00813247416430492,0.008111156205627136,-0.008250196924992239,0.008281143383415778,-0.008280280498401267,-0.010870891203629175,-0.06547695064772406,0.2500000000000001,-0.24433325188191965,0.08473334560840791,-0.08466108546800542,0.041414585780737145,-0.04143381461652409,0.01655283292114773,-0.016530868419802155,0.01620006455621593,0.03569461597661777,-0.01372821867543663,0.17463069525927308,-0.17480750849919655,0.02050810519850264,-0.014793728303768437,0.00828210828033116,-0.01736557543431267,0.015775535508773465,-0.016845659412172396,0.016347489548103774,-0.023337544682045935,0.024282024177000178,0.09279821085424482,-0.09390930947664984,0.009480504128309109,-0.014797515675698708,0.01378053864481809,-0.018967387843134426,0.010222785578832003,-0.010930564307808876,0.010952924336425479,-0.032566257800540774,0.03233474636310506,0.031477936209513835,-0.035861044967899235,0.014035518566982118,-0.019055475862110118,0.019067776031382943,-0.010307440303218686,-0.009040735542737264,0.008633147189331692,-0.007886225329836698,0.007805746860776978,-0.00828891324709089,0.008280336550025013,-0.008273127102645864,0.008280336365797643,-0.008280312135193231
-0.01775843501277147,-0.01175149882453114,0.013244284829745132,-0.004215900781035773,0.004227019704594535,0.002562570418564836,-0.0025403180056437218,0.002680889379752208,-0.0027104600737510175,0.0027092789597120003,0.013379945742577129,0.06483718021111896,-0.24433325188191965,0.2499999999999998,-0.08724969127032424,0.08717671173435328,-0.03993317729113318,0.039952177326545414,-0.011116372805783075,0.011096414963788406,-0.018635434741520997,-0.03299139967368474,0.013427559966111873,-0.1735222799312448,0.17373425883257074,-0.01622008593576198,0.010852775557191994,-0.0027111606206587416,0.012212258209055037,-0.010326311215188686,0.01931580982006851,-0.01855913497787664,0.02736515403454662,-0.028288007174919413,-0.08776170280115478,0.08926494346253198,-0.004034869533538211,0.00954909411835063,-0.008317796889735413,0.0147587625369844,-0.009693411607849626,0.014218511870792847,-0.014212236751501812,0.037368272041727095,-0.037100000659637616,-0.026060194603511347,0.030541128508462752,-0.008589878612487667,0.014718180662613899,-0.014719603380408062,0.009811903513887528,0.003612402813739087,-0.0031781638317277517,0.0023261687893149983,-0.0022393158541076435,0.002721127311779406,-0.0027093352628414936,0.002705254040598708,-0.0027093355845685405,0.0027093276562869025
0.039184276140660744,-0.14802156129721694,0.1492016583083808,-0.15852580019809406,0.1585151738990606,-0.16530491308348985,0.1652507378432012,-0.16540634146365624,0.16544805002429708,-0.16545520461901972,-0.034796738595143324,0.09595180284204655,0.08473334560840791,-0.08724969127032424,0.24999999999999986,-0.24968684875944408,0.20265689509591156,-0.20255370177876839,0.17386071334337966,-0.1737385031695796,0.16698463211402512,-0.1019873719321399,0.1302941286296503,0.05267285931394462,-0.05242393234481804,0.1788110307115816,-0.17127238491506913,0.16545702988603483,-0.16299053418675638,0.17303955713713998,-0.16313975879966794,0.16662451461134026,-0.08589667130698629,0.0878523893214883,0.09682948464862372,-0.09481536779661301,0.16675776655442665,-0.16068483941419173,0.16462263312185685,-0.1404991162558301,0.07492679238262948,-0.06632583859060374,0.06677034052434981,0.010892967016266531,-0.010209731138632544,0.14658073684487352,-0.14542057810284134,0.1639699582216811,-0.14498279194687796,0.1451933875321448,-0.07331228825687137,-0.15554533899764686,0.15624559441206715,-0.16409482498769834,0.16445220862998003,-0.16539931245369394,0.16545537485474984,-0.1653618641338851,0.1654553598870633,-0.16545487571791895
-0.03911719125586297,0.14778596392833163,-0.14896398132608954,0.15827603893795286,-0.1582654235817837,0.16503995038207536,-0.1649858610223122,0.16514114531856913,-0.1651827591120944,0.1651899075657546,0.034739372586195985,-0.09581160473477043,-0.08466108546800542,0.08717671173435328,-0.24968684875944408,0.24999999999999964,-0.20245830413753008,0.20235516986150448,-0.17359573668264133,0.17347367938388683,-0.16696734575109284,0.10204881081840796,-0.1303344525565272,-0.052568914801847375,0.052322107367518626,-0.1786946562193429,0.171172100874779,-0.16519173338666537,0.1627402246720721,-0.1727745577609414,0.16312434406761847,-0.16660023405096183,0.0860707590610743,-0.08802267441804061,-0.0965808125707874,0.0945928679317298,-0.16650704360127894,0.1604435646318495,-0.16436237928748815,0.14030640737576305,-0.07486337962901746,0.06638486563461009,-0.06682831385239107,-0.010671972593850585,0.009990672205412858,-0.1463209572157135,0.14516562107170794,-0.1637126306201747,0.1447843151631978,-0.14499443075758564,0.07325136645731924,0.15529239121624297,-0.15599117013257127,0.16383048890567223,-0.1641872002567074,0.1651341637178241,-0.16519007749223627,0.16509671539582385,-0.16519006254898325,0.1651895791561739
0.045771170219350725,-0.19352857704676268,0.1954073472084537,-0.20579471604926639,0.2057848314209652,-0.2125734858286148,0.21251338063858072,-0.21267007547339706,0.21271672230294447,-0.21272502123105763,-0.04136799812451352,0.1417318221248165,0.041414585780737145,-0.03993317729113318,0.20265689509591156,-0.20245830413753008,0.24999999999999967,-0.2498684736126696,0.22112375488704253,-0.22098324988944898,0.1833356780052695,-0.11430959162385088,0.1430117949732876,0.05676042157673084,-0.05631659614180468,0.20249969142089697,-0.19289405753225297,0.2127267652938511,-0.20754893479652076,0.22030117300493404,-0.17887282786862332,0.18379331327811754,-0.07173275519816845,0.07412702258234295,0.13136136913789292,-0.12536247668755618,0.21172183464704045,-0.20369693404471065,0.2109242550610582,-0.17596014763467951,0.08763098726265231,-0.06319891421896284,0.06381658971064166,0.041440163511178255,-0.04042965865282125,0.1902043805948803,-0.18813571949100702,0.20971346430700502,-0.18155906844140338,0.18184792182400641,-0.08557246110372585,-0.20041460245653128,0.20138193346188857,-0.21115216037895038,0.21162508926666726,-0.21264509706603804,0.21272522836761684,-0.21260530326598026,0.212725209044813,-0.2127245865507305
-0.04575411700762411,0.19343841464076916,-0.19531602243033674,0.20570039651852468,-0.20569051518904297,0.2124772725165551,-0.21241719115295324,0.21257383920097225,-0.21262047013618995,0.21262876479136816,0.04135218797974307,-0.14165445107703104,-0.04143381461652409,0.039952177326545414,-0.20255370177876839,0.20235516986150448,-0.2498684736126696,0.24999999999999994,-0.22103410608612264,0.22089365593122567,-0.1832438022112108,0.1142378112725743,-0.14293259422115887,-0.056774852362916545,0.056331161761454626,-0.20240130736892806,0.1927981891804416,-0.21263051029356034,0.20746458433151604,-0.22021090559297216,0.17878332826750248,-0.1837015946154695,0.07169391805435828,-0.0740874439463934,-0.1313263270833296,0.12532937620099763,-0.21162537300511353,0.20360980303097348,-0.21083438197931653,0.17588584280139022,-0.08758913639216462,0.06316366064238252,-0.06378108083220793,-0.04142101538560255,0.04041099204970974,-0.19012484831454465,0.1880615754687868,-0.20962318217619996,0.1814821111459098,-0.1817708417585047,0.0855316509485735,0.20032472887872335,-0.201291520993369,0.21105659416864253,-0.21152927892783674,0.21254887716011564,-0.21262897184537266,0.21250910005893,-0.21262895253147046,0.21262833031906175
0.05430451943765071,-0.2217113442714018,0.2238778399672651,-0.23465983399785792,0.23465014057260586,-0.24143826790948944,0.24137864851682425,-0.24153249615885286,0.24158182539349304,-0.24159050806098956,-0.04988055264995678,0.1678271638779596,0.01655283292114773,-0.011116372805783075,0.17386071334337966,-0.17359573668264133,0.22112375488704253,-0.22103410608612264,0.24999999999999983,-0.24982747129885513,0.1813925856744819,-0.1113845871389401,0.14043385030594704,0.0771302804971803,-0.0764873858616837,0.22812777262457187,-0.2168067050503981,0.24159216534895514,-0.2350283562867121,0.24915456528136534,-0.1766154830312576,0.18270165453249124,-0.06303953693955877,0.06556513071232949,0.15730240960190256,-0.14985958129548635,0.2402695038678061,-0.23139257033611887,0.23953389891212057,-0.19921208760891454,0.09291911580470963,-0.05332611768892512,0.05407695938199119,0.057760797697316374,-0.05659248746686532,0.21824469664111654,-0.21591284968446384,0.2382481466507901,-0.2055201731765694,0.20585993788475931,-0.09068060008416651,-0.2284010364056136,0.22948114292934707,-0.23990173206444562,0.24040386071080394,-0.24149650595881358,0.2415907440401565,-0.24145448518608792,0.24159072212812185,-0.24159001516539005
-0.054261777401233564,0.22157062591419108,-0.2237358998075557,0.23451080603581212,-0.23450111984743963,0.24128480749026912,-0.24122522645962524,0.24137897275759254,-0.24142827120894628,0.24143694837887386,0.04984067426531459,-0.1677206859787103,-0.016530868419802155,0.011096414963788406,-0.1737385031695796,0.17347367938388683,-0.22098324988944898,0.22089365593122567,-0.24982747129885513,0.24999999999999986,-0.1812647066165453,0.11130722280678988,-0.14033842547668543,-0.07707414405563193,0.07643155277635735,-0.22797812090629924,0.2166640837957952,-0.24143860973880182,0.23489956532496128,-0.24901765980937418,0.17649059951516527,-0.18257328030345352,0.06299810729198747,-0.0655221924854442,-0.15719710317892496,0.149758741109856,-0.2401163289604803,0.2312565568366722,-0.2393932500577728,0.19909514530168407,-0.09285307795429543,0.053279621827925366,-0.05403003528259028,-0.0577267252165251,0.056559129804902124,-0.21810419912985748,0.21578311837292605,-0.2381058154752037,0.20539915133710246,-0.20573870852884601,0.09061620449968602,0.22825714394054492,-0.2293365545588416,0.23974932133530785,-0.2402510879719863,0.24134300449975418,-0.24143718419613716,0.24130101100157736,-0.24143716229812398,0.24143645578475165
0.045588465919101075,-0.17802809876666276,0.17976729211652004,-0.18822013217923086,0.18820890785450753,-0.18954815444018677,0.1895194595075482,-0.18955793694683892,0.18957363619829184,-0.1895808789117879,-0.04541507748095595,0.154207235010669,0.01620006455621593,-0.018635434741520997,0.16698463211402512,-0.16696734575109284,0.1833356780052695,-0.1832438022112108,0.1813925856744819,-0.1812647066165453,0.25000000000000006,-0.17490028047931436,0.19516315251658542,0.027238665585835386,-0.027203018796827457,0.1760706143312753,-0.16884737407556163,0.18957906145440295,-0.17086540971907,0.18195479269225398,-0.24498463869487092,0.24760736696120814,-0.1183401175231969,0.12086560474956307,0.10452734590293702,-0.09995120607772537,0.18825517130069247,-0.17162736771387704,0.17906824114417605,-0.1512219373971664,0.10121371326839446,-0.1177594168594599,0.1181349895461746,0.003632593905599132,-0.002795352281615503,0.16622973626019802,-0.15719597815300143,0.17946253360489373,-0.15639503698621604,0.15661352366399656,-0.09894866733972656,-0.17546132666520342,0.17635992143907947,-0.187833192146983,0.18837854458885972,-0.18952034536113962,0.18958105272579262,-0.1894749762220192,0.1895810353757735,-0.18958048060808422
-0.07849976125229735,0.11800340948766506,-0.11959173255224823,0.12137005825456601,-0.12135536951849449,0.11462899432169332,-0.11464411801502537,0.11450657375234465,-0.11448157006915566,0.11448515388456942,0.08270007679843897,-0.18819923346534995,0.03569461597661777,-0.03299139967368474,-0.1019873719321399,0.10204881081840796,-0.11430959162385088,0.1142378112725743,-0.1113845871389401,0.11130722280678988,-0.17490028047931436,0.24999999999999994,-0.22091157167002537,0.04759314270025128,-0.04746666463197865,-0.10100550945827604,0.09797404575336537,-0.1144845806103872,0.10754945022320259,-0.11188669178482377,0.17082333873513894,-0.17269501626720868,0.14709621272511245,-0.14606463882079637,-0.029553037066720113,0.02812540706980821,-0.11316287382229064,0.10640701238778132,-0.11211833409425992,0.10248607998918108,-0.04916826005810236,0.07013484648062653,-0.07041032835032864,0.03746063100939067,-0.03790536238148396,-0.09116721711002342,0.08904279657925979,-0.11116945345773539,0.1060504469968445,-0.10616508763942138,0.048208222293492836,0.10736756514314925,-0.10780164729098086,0.1133715277758297,-0.11353414934076136,0.11445874862531229,-0.11448528539781665,0.114420837648033,-0.11448527514165324,0.11448494012538213
0.05766600564321838,-0.14158997200829795,0.14321992889715165,-0.14868446548182748,0.1486725493660747,-0.14365912080487084,0.14366478718385325,-0.14356463669623679,0.14354782159056237,-0.14355314710917114,-0.06096161173351921,0.167748487326578,-0.01372821867543663,0.013427559966111873,0.1302941286296503,-0.1303344525565272,0.1430117949732876,-0.14293259422115887,0.14043385030594704,-0.14033842547668543,0.19516315251658542,-0.22091157167002537,0.2500000000000002,-0.027260177753332882,0.02714387812885724,0.13004269510194785,-0.12500997904466626,0.14355251290462484,-0.13563596390810023,0.14094498143760933,-0.19060463763381197,0.1932530253658891,-0.16439625014750225,0.16339045376476571,0.05849918712641338,-0.05648455160858421,0.1422278393491638,-0.1345818416653265,0.1411410674189516,-0.12872410775232807,0.058451309307283886,-0.07386826230224704,0.07425043983298636,-0.03892803388124594,0.0394666144512898,0.12020184441310311,-0.11798884797612023,0.140193113639413,-0.13309531105358932,0.13325057803194107,-0.05731367121638754,-0.1353282158049879,0.13580784276097865,-0.14219856820618185,0.1423764365440682,-0.14351792849518022,0.14355328057058023,-0.14347209984140136,0.143553267791695,-0.14355284771426216
0.04666364555354283,-0.06315141107146582,0.06235093606532699,-0.07225639387258147,0.07224571243992761,-0.07903620692281661,0.07900833140749979,-0.0791489061078488,0.07918369508181114,-0.07918447594743165,-0.04223110837501419,0.0071165475081321535,0.17463069525927308,-0.1735222799312448,0.05267285931394462,-0.052568914801847375,0.05676042157673084,-0.056774852362916545,0.0771302804971803,-0.07707414405563193,0.027238665585835386,0.04759314270025128,-0.027260177753332882,0.25000000000000033,-0.249145362602181,0.09268816413186268,-0.08246876750972247,0.07918405874778987,-0.07558721887703637,0.07786711956683415,-0.02704539090486045,0.0289061593314737,0.000846084197615789,0.0010725637836237827,0.16385964411386428,-0.16212502099798617,0.0805093105373276,-0.07808860244461663,0.0784002950766294,-0.07060038772976444,0.03338797144472318,-0.0036138925188349694,0.003903458252932384,0.006021964263012155,-0.005899810914878768,0.10243218857669614,-0.1015975379240632,0.07985338851181067,-0.07240469548893083,0.07253466477607669,-0.032801350956998584,-0.07654023022862785,0.07642835299230265,-0.0784122060467847,0.07847052896997546,-0.07915971308803421,0.07918461717402206,-0.07913771459673996,0.07918461054728103,-0.07918437883073128
-0.04660409964054312,0.0625850142691607,-0.06177742472121924,0.07166304889176402,-0.07165236102679055,0.07840278343378528,-0.07837517632665116,0.07851488169512977,-0.07854941022547571,0.07855016873453471,0.042200465819478096,-0.006785375259098956,-0.17480750849919655,0.17373425883257074,-0.05242393234481804,0.052322107367518626,-0.05631659614180468,0.056331161761454626,-0.0764873858616837,0.07643155277635735,-0.027203018796827457,-0.04746666463197865,0.02714387812885724,-0.249145362602181,0.25000000000000006,-0.09206102882339842,0.08186068221332375,-0.07854974987834255,0.07498340710090261,-0.07722391434780305,0.026995435500597523,-0.028854055270484163,-0.0006584486486949788,-0.0012561774473083163,-0.1635788283155233,0.1618677934925469,-0.07987573108152025,0.07747852096982585,-0.07777452050306985,0.07011031337897997,-0.03325020285879797,0.003771720911862211,-0.004058574686706364,-0.005617404538733652,0.005499220680070093,-0.10190066413405202,0.10107436232268523,-0.0792314685717031,0.07189858921456388,-0.07202749559549748,0.03266839173755993,0.0759316137008307,-0.07581585713901182,0.07777991793409987,-0.07783715707543995,0.07852573382645466,-0.07855030936934146,0.07850375904640478,-0.07855030280129692,0.0785500729409109
0.056478534727877935,-0.2171683882959624,0.21920036558259448,-0.22955830505268998,0.229548311340348,-0.2363367290429808,0.2362789269019154,-0.23643181879730796,0.2364801834361572,-0.23648869585788296,-0.05205352249685761,0.16272504364265364,0.02050810519850264,-0.01622008593576198,0.1788110307115816,-0.1786946562193429,0.20249969142089697,-0.20240130736892806,0.22812777262457187,-0.22797812090629924,0.1760706143312753,-0.10100550945827604,0.13004269510194785,0.09268816413186268,-0.09206102882339842,0.2500000000000001,-0.23848215429972658,0.23648670877751662,-0.2151119319721861,0.22886221308529747,-0.17137014800171518,0.17738600661251905,-0.06388258032888243,0.06627358801238757,0.15388193188088772,-0.1489121188603043,0.2377732186331262,-0.22065482681146223,0.22607673515054263,-0.1892179156825215,0.0953427237000618,-0.05583929835400123,0.0565587048433106,0.05216311935999522,-0.05109447508947067,0.2139812317277049,-0.20498961347785902,0.22709754669391524,-0.19550103787867174,0.19582833083006917,-0.09305082273885332,-0.22304185260948067,0.22408856120156934,-0.23479960846655445,0.23529252192555117,-0.23639828949346073,0.23648893185154427,-0.23635620565021817,0.23648891035736747,-0.23648821832397882
-0.05284531552072025,0.20686963985588672,-0.20884190038350223,0.2184970624673826,-0.2184877710432007,0.22485358966055255,-0.22479864225518728,0.22494238504456937,-0.2249879909677022,0.22499616590159732,0.048702944264900024,-0.1558445815326054,-0.014793728303768437,0.010852775557191994,-0.17127238491506913,0.171172100874779,-0.19289405753225297,0.1927981891804416,-0.2168067050503981,0.2166640837957952,-0.16884737407556163,0.09797404575336537,-0.12500997904466626,-0.08246876750972247,0.08186068221332375,-0.23848215429972658,0.25,-0.22499421552174242,0.2042570830396038,-0.21748651975756608,0.1643494893517103,-0.17006931044056733,0.06145976788183839,-0.06373130868724079,-0.14267028124000106,0.13806591552753747,-0.22632082821848568,0.20973539030860552,-0.21481548680956353,0.17963097960058932,-0.09121760164495137,0.05430817385067878,-0.05498866514462507,-0.049794980464619824,0.04877407793986928,-0.2025752534314638,0.19379829846406918,-0.21581517390992846,0.18561943537392264,-0.1859297849489326,0.08902261544060791,0.21209645753167486,-0.21310851540907685,0.22339214700714488,-0.22386686517481752,0.224910054335168,-0.22499638868565644,0.2248702093060671,-0.2249963682138489,0.22499570981088665
0.057403671331797836,-0.22999402077846764,0.23226157467109873,-0.24306626222601949,0.24305658477319853,-0.249844642100347,0.24978510776348645,-0.24993824566705447,0.24998826450811357,-0.24999702359504822,-0.05298028150814845,0.1762333199240748,0.00828210828033116,-0.0027111606206587416,0.16545702988603483,-0.16519173338666537,0.2127267652938511,-0.21263051029356034,0.24159216534895514,-0.24143860973880182,0.18957906145440295,-0.1144845806103872,0.14355251290462484,0.07918405874778987,-0.07854974987834255,0.23648670877751662,-0.22499421552174242,0.25000000000000017,-0.22822589980031013,0.2423741394676795,-0.18473902011546772,0.1908945455518734,-0.05798921109648189,0.06052466233885418,0.16494346381446326,-0.15698606245463,0.2486713875408743,-0.23124241709164342,0.2394810821433705,-0.19821925597034815,0.09943079422379583,-0.05946203604179541,0.06021386735125298,0.0640019922596253,-0.06278560651855243,0.22664589827127515,-0.21752162750256188,0.2398691328896336,-0.20476982714309613,0.2051188984270667,-0.09695919486705046,-0.23550662769239492,0.2366562882729662,-0.24823986227509126,0.2487943959969046,-0.2498989720533323,0.24999726900654767,-0.24985706008031155,0.2499972462345727,-0.24999651467197553
-0.052935306472363934,0.20956798089990752,-0.21160044293866961,0.22186013552745693,-0.22185071391996675,0.22808431682772473,-0.22802913114090667,0.2281703929591917,-0.2282161028375592,0.22822423423698326,0.048847837630754246,-0.15992804671495764,-0.01736557543431267,0.012212258209055037,-0.16299053418675638,0.1627402246720721,-0.20754893479652076,0.20746458433151604,-0.2350283562867121,0.23489956532496128,-0.17086540971907,0.10754945022320259,-0.13563596390810023,-0.07558721887703637,0.07498340710090261,-0.2151119319721861,0.2042570830396038,-0.22822589980031013,0.2500000000000004,-0.23584231254156968,0.16627464228663727,-0.17210941966097978,0.06795858447798934,-0.07041382876841198,-0.1472212111851899,0.1404755184128608,-0.22691865191014401,0.23080238736436917,-0.23872674684899642,0.19959919493258937,-0.08466770043897737,0.046822785128814375,-0.04755944747644307,-0.04931441097650831,0.048222546571482366,-0.20577537065712398,0.21353330029752202,-0.2350032023401111,0.2054943890292959,-0.2058189074915647,0.08274335246282459,0.2168261100419573,-0.21780219369905307,0.2266285622734214,-0.22706732087803083,0.22813643997628186,-0.2282244584827878,0.22809453614906122,-0.22822443791844763,0.22822377006924102
0.05459886496183223,-0.222482544412257,0.22465839222535824,-0.23544222584422375,0.2354325340963639,-0.24222023941251294,0.2421606338034934,-0.2423144030389884,0.24236379462738541,-0.2423724835943088,-0.050175176243705426,0.16861311754857747,0.015775535508773465,-0.010326311215188686,0.17303955713713998,-0.1727745577609414,0.22030117300493404,-0.22021090559297216,0.24915456528136534,-0.24901765980937418,0.18195479269225398,-0.11188669178482377,0.14094498143760933,0.07786711956683415,-0.07722391434780305,0.22886221308529747,-0.21748651975756608,0.2423741394676795,-0.23584231254156968,0.2500000000000005,-0.17716391124879224,0.18326988313924517,-0.06335356521028354,0.06588493334559471,0.15808718128324273,-0.15062202665591726,0.2410468397258909,-0.232162935621016,0.24033085213298416,-0.19990633742869238,0.09320619658784293,-0.05346602533812139,0.05421950951556783,0.05781624323873982,-0.05664496584831787,0.21902141188989924,-0.21669967239696486,0.23904018831325546,-0.20623487794414241,0.20657575684549595,-0.09096184525531363,-0.22914865311432414,0.23023065931579362,-0.24067741335527199,0.24118049938365962,-0.24227821876151304,0.24237272044771654,-0.24223601203619474,0.2423726984669496,-0.24237198921593406
-0.044357009542293484,0.17344570579271212,-0.1751315621109709,0.1834129816744479,-0.18340198624487908,0.18470889825441889,-0.18468098061807994,0.18471854352077224,-0.1847337652435901,0.1847408235486942,0.0442036494522997,-0.1499504928813335,-0.016845659412172396,0.01931580982006851,-0.16313975879966794,0.16312434406761847,-0.17887282786862332,0.17878332826750248,-0.1766154830312576,0.17649059951516527,-0.24498463869487092,0.17082333873513894,-0.19060463763381197,-0.02704539090486045,0.026995435500597523,-0.17137014800171518,0.1643494893517103,-0.18473902011546772,0.16627464228663727,-0.17716391124879224,0.25000000000000033,-0.24383213731663367,0.11538758051744047,-0.1178994769931907,-0.1023848293253029,0.0979873956839893,-0.18342722014015173,0.1670645447620819,-0.174291681753136,0.14701056552696543,-0.09967627052286676,0.11693145733420124,-0.11728534235651701,-0.0034652438644479956,0.0026494699927858073,-0.1621220444645856,0.1531479527958086,-0.17471141741962443,0.15205749637236834,-0.15226957588018178,0.09744425011777463,0.17084779529222263,-0.1717275632404948,0.18302734054505101,-0.18356761610036343,0.18468192438767195,-0.18474099295155147,0.18463764349897935,-0.18474097603509562,0.18474043543078789
0.04581077552097554,-0.17910222996830688,0.1808494210133543,-0.18936917782095689,0.18935800658168192,-0.1908600785007155,0.19083054451371548,-0.19087242160311743,0.1908890998837879,-0.19089636814309222,-0.04551170767969979,0.15433496071959665,0.016347489548103774,-0.01855913497787664,0.16662451461134026,-0.16660023405096183,0.18379331327811754,-0.1837015946154695,0.18270165453249124,-0.18257328030345352,0.24760736696120814,-0.17269501626720868,0.1932530253658891,0.0289061593314737,-0.028854055270484163,0.17738600661251905,-0.17006931044056733,0.1908945455518734,-0.17210941966097978,0.18326988313924517,-0.24383213731663367,0.25000000000000033,-0.11709100199917077,0.119620477256432,0.10584247204085903,-0.10115326727729189,0.1895706396890125,-0.17290734198309898,0.18037830031410648,-0.15198829341684297,0.10220963762406436,-0.11855308295306939,0.11892996507175431,0.00490053934422136,-0.004054658390622784,0.1675451168439245,-0.15849844642796648,0.18076697751908374,-0.1571998371521192,0.15742042575115017,-0.09992029432972752,-0.1766467897545199,0.17755616238744307,-0.1891395546241995,0.18969368434434583,-0.19083508324829346,0.19089654368465805,-0.19078973989959427,0.19089652620557393,-0.1908959675883867
