x1,x2,x3,x4,x5,x6,x7,x8,x9,x10,x11,x12,x13,x14,x15,x16,x17,x18,x19,x20,x21,x22,x23,x24,x25,x26,x27,x28,x29,x30,x31,x32,x33,x34,x35,x36,x37,x38,x39,x40,x41,x42,x43,x44,x45,x46,x47,x48,x49,x50,x51,x52,x53,x54,x55,x56,x57,x58,x59,x60
0.25,0.24961725114367217,0.2493406279596167,0.24975660663424976,0.24496569319172173,0.2486439311447414,0.23461557743989153,0.24925500633450665,0.24380637173752162,0.24988637785889636,0.24843686677914,0.15876779433135801,-0.007159784471975572,0.18083899942312992,0.07239159549993149,0.16635623166383742,0.02327454983295726,0.1826766385578634,-0.05563170889586006,0.24976388474078706,0.24960440448843393,-0.022408111785328345,0.1398346914651273,0.047206039246725874,0.12637896614361213,0.07575892960055293,0.12651190505627694,0.07773223896519288,0.12366197441717589,0.2497532603954425,0.24908901897258412,0.03417289237364347,0.07685580036407612,0.10271327814242838,0.038467854543464824,0.1364761063631129,0.065828160414909,0.13001327414113012,0.0500547185886142,0.24985218062651948,0.24921346841016628,0.1454530033179746,0.008743969467916253,0.17262163073686165,0.07365017124369079,0.16424976716431666,0.024140896506991773,0.15673167401197205,-0.058806138674197435,0.2497823125177374,0.24977503150423266,0.24973870817067428,0.24830811304213057,0.24967645525318924,0.23183534998660577,0.24790280153639077,0.2281449598144242,0.2492015169081414,0.23571401501978345,0.24988595593706928
0.24961725114367217,0.24999999999999994,0.24918418339420056,0.2496003697418291,0.24481091707286085,0.24848895463997533,0.23448023482764305,0.2490991527512029,0.24365730684867823,0.2497300268152074,0.2482818100988927,0.15859679645638744,-0.007055289577173954,0.18069327584398603,0.07238317619925987,0.16621726094067205,0.023282142795364294,0.1825609676590255,-0.05559519358734258,0.24960761880958843,0.24944827455954277,-0.02231271152515744,0.13968805483049201,0.047248955796355956,0.12624326348079332,0.07576833570433275,0.12638449418489864,0.07771730007405468,0.12355002892362131,0.24959697855804572,0.24893294711537534,0.03411894673310143,0.07683829662392859,0.10261627004876574,0.03848048118887364,0.13636488103000435,0.06581853377005041,0.12990857720789928,0.050054749670821325,0.24969585146449305,0.24905758725194296,0.14537946804161,0.008729253053579102,0.17252354374512807,0.07360426810297496,0.16414778162338617,0.02412611962734917,0.1566408050970643,-0.05877249062071769,0.2496260349625773,0.2496187504242401,0.24958244994831577,0.24815296384003113,0.249520252814085,0.23169283039193206,0.2477478549806054,0.22800485087046463,0.24904564079048558,0.23556822331367208,0.2497296054852756
0.2493406279596167,0.24918418339420056,0.25000000000000006,0.24932311484359376,0.24455674344316555,0.2482147571789334,0.23421121344447834,0.2488221500443167,0.24337594578716853,0.24945290061352093,0.2480050787818602,0.15879218333877024,-0.007418008776214499,0.1806403149930395,0.07222315507210862,0.166182905530222,0.023060805259929526,0.1823991331218284,-0.05559613977749028,0.24933063811887657,0.2491711894749191,-0.02269324506594364,0.13982134805285854,0.046898795158726636,0.12637625219736437,0.07545987751679084,0.12648253817538677,0.07747588149099244,0.12358445157528349,0.24932007091868383,0.2486577935419919,0.03425472010351502,0.07658849608981973,0.10267278902214212,0.03824526773412977,0.1363468374934732,0.06558130667255412,0.1298852465321568,0.049838571210938376,0.24941875975019845,0.24878095763047478,0.14512376224732257,0.008771039251276872,0.17227960129524542,0.07352181014688156,0.16396074881056022,0.024097514158292897,0.15643038478794452,-0.058691227387872406,0.24934898028323607,0.24934174555853655,0.24930548470263664,0.24787645474326384,0.2492432673302026,0.2314224498312492,0.24747205589326948,0.22773798128146963,0.24876902538138176,0.23529797447569858,0.24945247744076748
0.24975660663424976,0.2496003697418291,0.24932311484359376,0.25000000000000006,0.2449449952203555,0.24862732387502276,0.2345981324057933,0.24923817473897417,0.24379154947754833,0.2498693675671027,0.2484201178431761,0.15875284451052077,-0.00716514774101,0.18083249161824555,0.0723999282943891,0.16633399594922865,0.023288001588322355,0.18265318145617157,-0.05561477122896068,0.24974687925159741,0.24958742019161673,-0.022383928200383544,0.139806424733214,0.04721937892961138,0.12635191475950766,0.07577062181312959,0.1264866513376333,0.07773932091596587,0.12364072939186782,0.249736254594861,0.249071984441129,0.03415839730062641,0.07686186808075822,0.10269387826549577,0.03847950106902094,0.13645713201110735,0.06583569833328361,0.1299957699413348,0.05006287989605269,0.24983517279635845,0.24919652212173798,0.1454497848664809,0.008739569222698503,0.1726137276752349,0.07364510189474593,0.1642390799690796,0.024139165338949307,0.15672371272049568,-0.0588034419408019,0.24976531240223254,0.2497580288196181,0.24972170800447646,0.24829129257797605,0.24965946577647394,0.23182052689907184,0.24788598960145178,0.2281304377685031,0.24918457134437702,0.23569861279308651,0.24986894571267665
0.24496569319172173,0.24481091707286085,0.24455674344316555,0.2449449952203555,0.25000000000000006,0.24383233497060938,0.22983222678736218,0.2444469300247793,0.2390121584630017,0.24507437813944347,0.243679712503009,0.1558423624167727,-0.006746609640289794,0.17812313775249347,0.06812239793487081,0.16487210443496678,0.0215032339471212,0.1795459099146715,-0.05494995072631726,0.24495437009553875,0.24479722766728906,-0.024146284261419203,0.13885584231177003,0.04533712919622784,0.12562429951219478,0.07315183573572191,0.12556109460823384,0.07544683773036215,0.12237315391268332,0.24494433974275703,0.2442990971840815,0.03479515742793866,0.07414519859468068,0.10194894004613907,0.036297996786089234,0.13477776087853172,0.06338654262628851,0.12833094689738395,0.04801974148277397,0.24504081256299406,0.24441274037275293,0.14191729715735277,0.009017185245319354,0.16889806020985063,0.07224610575552794,0.16102352602005118,0.023680274404235,0.1534703134415881,-0.05756222176012839,0.24497201492417445,0.24496516584584355,0.24492953770277442,0.24351803354067905,0.2448678216892797,0.22727497140744424,0.24312239710877506,0.22365011951899463,0.2444008141886933,0.2311111048343027,0.24507395322700484
0.2486439311447414,0.24848895463997533,0.2482147571789334,0.24862732387502276,0.24383233497060938,0.24999999999999986,0.23348239548622282,0.2481285749227857,0.2427141292428493,0.24875655111382527,0.24731372438171137,0.15829626730569063,-0.00753655519136448,0.18026473945848762,0.07201396765111369,0.1656364323207127,0.023176908293083588,0.18176739018166735,-0.05528171038247883,0.24863453666051383,0.24847569719278392,-0.02242243075347187,0.13927577642932173,0.04685493833186057,0.12588093558966526,0.07534994529633017,0.12599712880704134,0.07735494310216261,0.12313585534803108,0.24862405407628527,0.2479630399555763,0.03405196983845571,0.07647643704705526,0.10228049773535659,0.038261266754585625,0.13588448747878656,0.06550074454103014,0.12944921333302312,0.04979679301236609,0.24872250680204644,0.24808663499220754,0.144778663449526,0.008711593589869289,0.17183220468529792,0.0733160290394091,0.16350767803479782,0.024029774431494892,0.1560160916480361,-0.05853811357579026,0.24865294688977646,0.24864570650393322,0.24860954725034393,0.24718522034899218,0.24854755976408974,0.23078464497241655,0.24678179042867618,0.2271109003428013,0.24807474373734165,0.23464663132460314,0.24875612936767982
0.23461557743989153,0.23448023482764305,0.23421121344447834,0.2345981324057933,0.22983222678736218,0.23348239548622282,0.2499999999999999,0.23409203038822035,0.22867663291078805,0.234723248964819,0.23335419760719006,0.15221499708312464,-0.008352693557540522,0.17077833671825596,0.067675661170856,0.16114323167815348,0.00957007800621542,0.1774244135654733,-0.059214689701919884,0.234612097129108,0.23444642785110406,-0.034507223117538934,0.1421327878303157,0.03492775246514946,0.1299819714184944,0.06326018259972065,0.12916755675233813,0.06636681225080289,0.12381139511046094,0.2346011171383782,0.23402212549961732,0.03995769037593823,0.06485301917117327,0.10422181718313349,0.027300518090895058,0.13421126745387904,0.05434823080198626,0.12756411526202377,0.03983125757462643,0.2346909960605196,0.23407994389221004,0.1323425861474232,0.010620259526001924,0.15975619633050503,0.06916447652880912,0.1540098102831073,0.02264537370831659,0.14556845232891766,-0.054475376025285155,0.23462354466362234,0.2346185958574419,0.2345844475535143,0.2331891111091287,0.23452189360154033,0.21716559673738758,0.23281992027312082,0.21366795111542713,0.23406851278497637,0.22100861332162938,0.23472278233158692
0.24925500633450665,0.2490991527512029,0.2488221500443167,0.24923817473897417,0.2444469300247793,0.2481285749227857,0.23409203038822035,0.24999999999999983,0.24328653350521626,0.24936759924168658,0.2479210523825395,0.15861220527962264,-0.007380233620393292,0.18061028122253703,0.07218865757429312,0.1660731978266773,0.023184569886717445,0.18226015766881695,-0.055473115550919036,0.2492453205353979,0.24908607935262814,-0.022494913568321433,0.13963480063444544,0.04698286966477201,0.1262022993401678,0.07552372853673689,0.1263202931246537,0.07752681173825235,0.12345239580961118,0.2492347787215703,0.24857221033603716,0.03414795404423794,0.07665269681951485,0.1025449625095553,0.03833917968842387,0.13622832330132065,0.06564862586332791,0.12977613684065928,0.0499069796495172,0.2493334716789587,0.24869601891516926,0.14512704647384206,0.00873766298261277,0.17224997516478413,0.07349646508698683,0.16390839420914094,0.02408944313297849,0.15639640845797054,-0.05868016202343206,0.2492637377556405,0.24925648288859542,0.24922023477323127,0.24779231921883524,0.2491580880492959,0.23135054186179538,0.24738791841925087,0.2276677015096333,0.24868409712324152,0.23522233670966242,0.2493671769874566
0.24380637173752162,0.24365730684867823,0.24337594578716853,0.24379154947754833,0.2390121584630017,0.2427141292428493,0.22867663291078805,0.24328653350521626,0.24999999999999983,0.2439177684687381,0.2425134546279548,0.15460916341772946,-0.006266809685028782,0.17595442192222166,0.07214070077460036,0.16171953284862758,0.018972358384334566,0.18377433524675496,-0.05975787289357604,0.2438026546112912,0.2436378871653955,-0.026751595160087845,0.14062953601160993,0.042308814473687666,0.12777882919549674,0.07070026647847032,0.127729470059768,0.0731083727321232,0.1239372631390776,0.24378892536965224,0.24315972927857693,0.03658693419183657,0.07202556411865313,0.10347036727098595,0.033877880092291035,0.1357106877656692,0.06114648774895967,0.12916759805572653,0.04586371249809789,0.24388433002386556,0.2432562573345874,0.1402156330045612,0.009526371031517189,0.16750931220160603,0.07188990760733484,0.1602101620679735,0.02355849630473717,0.15230456395635947,-0.05708394306553304,0.24381537725170552,0.2438090505884958,0.2437735828915624,0.24235591586034633,0.24371114710270023,0.2260499993079802,0.24196517421149674,0.22243576645617327,0.24324458403020388,0.22991879971685078,0.24391732264843288
0.24988637785889636,0.2497300268152074,0.24945290061352093,0.2498693675671027,0.24507437813944347,0.24875655111382527,0.234723248964819,0.24936759924168658,0.2439177684687381,0.24999999999999958,0.24854928363454906,0.15878901524484798,-0.0070926785963949385,0.18088830777995468,0.07244292496494105,0.1664127928554868,0.023308868702549786,0.18275717729058813,-0.05565413905135006,0.24987662686067566,0.2497171130047497,-0.02236207622208914,0.13985713643234135,0.047275090959374946,0.12639559763015884,0.07582705538532769,0.12653416816578442,0.07778846883202352,0.12369319502773227,0.24986598300423093,0.24920129399940796,0.03416337770477627,0.07691397395835405,0.10273515978842394,0.0385128395124941,0.13651853920193185,0.06588143567073135,0.13005465239424854,0.050100289187598006,0.2499649590085915,0.24932599394102467,0.14553216086567247,0.008740576295411043,0.17270707719251768,0.07368352767043644,0.16432459591972085,0.024152065304323338,0.1568076669616992,-0.058834959330318404,0.24989506516268054,0.2498877748766359,0.24985143524345796,0.24842035682423017,0.2497891670214773,0.231941906612943,0.24801482468260377,0.2282499366021777,0.24931403668130972,0.23582168379711338,0.24999874940199368
0.24843686677914,0.2482818100988927,0.2480050787818602,0.2484201178431761,0.243679712503009,0.24731372438171137,0.23335419760719006,0.2479210523825395,0.2425134546279548,0.24854928363454906,0.25,0.15739629109894723,-0.00724851718094871,0.17995327587077767,0.07208650197294725,0.16558415813585906,0.022927775514060302,0.18171450377358683,-0.055361168753141586,0.24842746043845965,0.24826841059349622,-0.022468786935847963,0.13919389447267783,0.04677075132128582,0.12582498397894043,0.0752545714959017,0.12594698472102225,0.07725365812302719,0.12306659524541869,0.24841689898220917,0.24775668533008285,0.03404801924767356,0.07639128598996586,0.10222005821436228,0.03820697448400203,0.13579189820067794,0.06542184024016198,0.12936334058275972,0.049724804065532084,0.2485152703957087,0.2478798814288527,0.1446485190036385,0.00870522707622747,0.17168382406651,0.07325274086849445,0.16337324287091098,0.024008285880293936,0.15587903587447613,-0.05848634356788649,0.24844576152709252,0.24843853371267038,0.24840240445217923,0.24697912804276134,0.24834045809157362,0.23059047234002955,0.24657607923766744,0.22691983963176648,0.2478680229808281,0.23444990428719187,0.24854886453454614
0.15876779433135801,0.15859679645638744,0.15879218333877024,0.15875284451052077,0.1558423624167727,0.15829626730569063,0.15221499708312464,0.15861220527962264,0.15460916341772946,0.15878901524484798,0.15739629109894723,0.24999999999999956,-0.0977817434149535,0.15989431984390248,0.0394169270647873,0.11643745861413461,0.018679425064578606,0.11050455250589021,-0.028947348688907484,0.1587068357535737,0.1585479081749974,-0.10847190480161191,0.15820050074750625,-0.03624703865361784,0.144402106103344,0.000447108207747821,0.13500046167486365,0.015367374036916064,0.11775823170730869,0.15872199008926993,0.15852930065859863,0.06279197218675292,0.009774739594128348,0.10516334777649256,-0.02103896698280927,0.11774626778751589,0.0034730395273910907,0.1105586977940889,-0.005177630106938347,0.15876680512186508,0.1583042321932122,0.06977841041433232,0.01830236819149724,0.09713890563205578,0.046778336815913334,0.10300776834670554,0.015006758472974358,0.09116944153879439,-0.033661493987898854,0.15871303978241624,0.15871814594003916,0.15869491234178124,0.1575169950986647,0.15863413666841678,0.1441891309903696,0.15732011234145332,0.14169014371717153,0.1582946294409957,0.14769789407729653,0.15878859551574015
-0.007159784471975572,-0.007055289577173954,-0.007418008776214499,-0.00716514774101,-0.006746609640289794,-0.00753655519136448,-0.008352693557540522,-0.007380233620393292,-0.006266809685028782,-0.0070926785963949385,-0.00724851718094871,-0.0977817434149535,0.2499999999999997,-0.07576007920960467,0.025813454358694882,-0.018606484311520715,-0.0004170048781844723,1.6556867708643844e-5,-0.007991975833161557,-0.007082158497882237,-0.007012111635912245,0.0774129019317447,-0.056987781452218826,0.0721162990866581,-0.05681566745595349,0.04333517376611059,-0.04850378949176934,0.022957504998905837,-0.034253228801214876,-0.007103126463628477,-0.007271274060673667,-0.03210638521104851,0.027030447373647955,-0.033361482384738975,0.033210506076239286,-0.02774403806525895,0.027389597227223738,-0.025205306192104183,0.027153878822151676,-0.007091342634770632,-0.007029089422073653,0.012700384989554588,-0.009284487273025558,0.004472277943967394,-0.0019143528445845443,-0.003908767231296715,-0.00021787919400254423,0.0020037775144163576,-0.001008556460633547,-0.007082190925482898,-0.007089367480035783,-0.00708821482822917,-0.0068455213084864484,-0.0070706143397958835,-0.004193743342463992,-0.00688168835278038,-0.0039830976525668535,-0.007029690833346917,-0.005108002007288811,-0.007092485875237989
0.18083899942312992,0.18069327584398603,0.1806403149930395,0.18083249161824555,0.17812313775249347,0.18026473945848762,0.17077833671825596,0.18061028122253703,0.17595442192222166,0.18088830777995468,0.17995327587077767,0.15989431984390248,-0.07576007920960467,0.24999999999999975,0.004060870939014024,0.13871563318462043,0.005755862283582955,0.12980157736268927,-0.034222532939166286,0.18079542432864815,0.18063412735926046,-0.0562833504060912,0.13230532339180426,-0.018515447199318906,0.12714408424941703,0.026397369435962815,0.12158559835494755,0.03997445469400501,0.11006064499757437,0.1808015610896567,0.18044648962562235,0.04531215425275385,0.03660097880202933,0.09452487443148659,0.0049781944384343045,0.11464109405912827,0.028237013157176125,0.10827005386465603,0.017441222742596112,0.18086331524792457,0.1803714623633484,0.09409106681320029,0.01243484535809179,0.11866663645030182,0.05329593181733678,0.11829348509353863,0.017314397726472953,0.1091502374452444,-0.04073343262983568,0.1808079922904041,0.18080763602121788,0.18078126225710378,0.17961004953439585,0.1807256962681674,0.16622764114598942,0.1793494608874547,0.16348119655529142,0.18036359537792077,0.16957320654933358,0.18088791249925315
0.07239159549993149,0.07238317619925987,0.07222315507210862,0.0723999282943891,0.06812239793487081,0.07201396765111369,0.067675661170856,0.07218865757429312,0.07214070077460036,0.07244292496494105,0.07208650197294725,0.0394169270647873,0.025813454358694882,0.004060870939014024,0.24999999999999972,-0.010667611787238214,0.04252135136736309,0.06243562981366822,-0.028417846719178665,0.07242628814555925,0.07241042452385679,-0.006692399673136574,0.04319434298351429,0.02014586952162583,0.03423812515754151,0.043182164355684664,0.03544531611296465,0.012764663041603374,0.038786844385274216,0.07240409530360001,0.07221164730598223,0.012921403109256787,0.01866029876487292,0.03228889273047212,0.007792817276747084,0.04131734066622885,0.016759588661430673,0.03930656159493681,0.012126220572879499,0.0724329068894291,0.07224394798257185,0.03990317426092701,0.004483393489275003,0.04877718120253646,0.021628226843885528,0.04704942121101401,0.007538148424972588,0.044609436672913845,-0.016282387089781986,0.07241187242290863,0.07241068383975371,0.0724001517983511,0.0719590949662859,0.07237994493595283,0.06696942945241588,0.07184509752372142,0.06586232090030456,0.0722371270779899,0.06815187859104938,0.07244284174908748
0.16635623166383742,0.16621726094067205,0.166182905530222,0.16633399594922865,0.16487210443496678,0.1656364323207127,0.16114323167815348,0.1660731978266773,0.16171953284862758,0.1664127928554868,0.16558415813585906,0.11643745861413461,-0.018606484311520715,0.13871563318462043,-0.010667611787238214,0.2499999999999998,-0.05911860984626175,0.12168237702139055,-0.039073705920820705,0.16633102862306584,0.16618355022453088,-0.03152021012155437,0.10580008371110672,0.021214840966510953,0.10298583391777026,-0.003421949100480092,0.10031899991390178,0.04409988532210902,0.09152969781544655,0.1663284540039442,0.16594804704399466,0.02963593945261574,0.04533553473929062,0.07657968415451466,0.017318661611057145,0.09787025838966018,0.035428118543653735,0.09306048607054011,0.02463824066423024,0.16639011983935595,0.1659525842507726,0.09398371445634983,0.006313485543179021,0.11332961652156456,0.04860554081751974,0.10979755301585777,0.015361783157860309,0.10268517725100275,-0.038742339559843963,0.16634161712880263,0.16633858991196168,0.1663143592787042,0.16532580251223036,0.16626969480167994,0.1538678788694415,0.16506527000325072,0.15144944846860164,0.16594946461747132,0.156640181164879,0.1664124494909975
0.02327454983295726,0.023282142795364294,0.023060805259929526,0.023288001588322355,0.0215032339471212,0.023176908293083588,0.00957007800621542,0.023184569886717445,0.018972358384334566,0.023308868702549786,0.022927775514060302,0.018679425064578606,-0.0004170048781844723,0.005755862283582955,0.04252135136736309,-0.05911860984626175,0.2499999999999998,-0.04356928216397723,0.046432129356752415,0.023231003677815942,0.023336675860441223,0.00020425947137757715,0.01569858178797837,-0.0073689525926448896,0.0072215902416511496,0.032999320441108024,0.0070249529972947035,0.028336468412891648,0.005903065838506215,0.023295181508513823,0.023221439314008125,0.0011860183281435723,0.008996851524299344,0.007093046047829157,0.0049992545193486325,0.010292229104664843,0.009154017708304265,0.009132678172910712,0.009240351889177153,0.02330556008686101,0.02324923959828763,0.014043494813095527,0.0014452809643376553,0.016113678380843686,0.007430024679571447,0.014750296985535793,0.003078877256202476,0.015348474503139196,-0.005618193036513211,0.02329997094028775,0.023298590680855144,0.023295220486020587,0.02316211925453884,0.023290791009134268,0.02173441585005451,0.023132358368752395,0.02134011099712577,0.023247792172980553,0.02206485450826135,0.023308941937461414
0.1826766385578634,0.1825609676590255,0.1823991331218284,0.18265318145617157,0.1795459099146715,0.18176739018166735,0.1774244135654733,0.18226015766881695,0.18377433524675496,0.18275717729058813,0.18171450377358683,0.11050455250589021,1.6556867708643844e-5,0.12980157736268927,0.06243562981366822,0.12168237702139055,-0.04356928216397723,0.2500000000000001,-0.12253489005411465,0.1827865153474987,0.18252159959741307,-0.02499138818615746,0.11053582020365867,0.030903064664994127,0.10589176645755663,0.04949749843396404,0.10809729257220389,0.013597774485582977,0.10914182987763348,0.18266305348600118,0.18224587543496268,0.03754079305423853,0.044237903310631266,0.08804001079138646,0.014494780763829707,0.11027769167185918,0.03508565189027014,0.10556340386613972,0.021503344692508412,0.18273221333934458,0.18224573975504776,0.09963578435322437,0.009846266592605405,0.1225880644745531,0.053527141175205566,0.11993895020408331,0.01737632847411739,0.11117645949397403,-0.041186497221924204,0.1826773963963809,0.18267572700804097,0.18264911027456804,0.1815247274704135,0.18259594115572858,0.16859003937455866,0.18123558921839442,0.16587621327078644,0.18223500327799788,0.17171880700761202,0.18275684113466253
-0.05563170889586006,-0.05559519358734258,-0.05559613977749028,-0.05561477122896068,-0.05494995072631726,-0.05528171038247883,-0.059214689701919884,-0.055473115550919036,-0.05975787289357604,-0.05565413905135006,-0.055361168753141586,-0.028947348688907484,-0.007991975833161557,-0.034222532939166286,-0.028417846719178665,-0.039073705920820705,0.046432129356752415,-0.12253489005411465,0.24999999999999972,-0.05572011207637009,-0.05554790102851129,0.010551627947076007,-0.034939741013971896,-0.01409042208443366,-0.03676841546417858,-0.014276850318132446,-0.039384645907677915,0.018763716033772946,-0.04171464920374623,-0.055626303535546144,-0.05552583973497133,-0.01732376547163173,-0.007841964019404762,-0.03270600380277739,0.0018733858624519124,-0.03826756733595679,-0.004670353961037149,-0.03694894284803754,0.0003528291244504776,-0.055646536927991604,-0.055489934521019586,-0.027087621733066385,-0.004758787396624518,-0.035630511458605234,-0.016143131747115305,-0.03640040823819051,-0.005166818334209764,-0.0323133891138269,0.011694283385526182,-0.05562816632995036,-0.05562931065958401,-0.05562118325554317,-0.0552428675839371,-0.05560138289724152,-0.050900490706713555,-0.055156949336669786,-0.05006445172600579,-0.055484908133843186,-0.05198628157500057,-0.055654007133740385
0.24976388474078706,0.24960761880958843,0.24933063811887657,0.24974687925159741,0.24495437009553875,0.24863453666051383,0.234612097129108,0.2492453205353979,0.2438026546112912,0.24987662686067566,0.24842746043845965,0.1587068357535737,-0.007082158497882237,0.18079542432864815,0.07242628814555925,0.16633102862306584,0.023231003677815942,0.1827865153474987,-0.05572011207637009,0.24999999999999967,0.24959466127286287,-0.0223744481223307,0.1398062617322898,0.04723906044178784,0.12635856057356815,0.07577312661659953,0.12649817850906742,0.07769459931282816,0.12366084001692192,0.24974350950951937,0.2490792621997732,0.03416681771505185,0.07685714243578834,0.10270552224428157,0.03847150700336334,0.1364682586478642,0.06582834465496064,0.13000706821622687,0.050052653043612415,0.24984243153241928,0.2492037483434693,0.14544980132359123,0.008742195138779017,0.17261629585266203,0.07364713591368387,0.16424348348118795,0.02414016425178389,0.15672541413607552,-0.05880321282028425,0.24977256618550714,0.24976528522692554,0.24972896332719569,0.24829845557782187,0.24966671364644158,0.2318266329695153,0.24789313993667386,0.22813642603890963,0.24919179463902955,0.23570499543868653,0.2498762053366711
0.24960440448843393,0.24944827455954277,0.2491711894749191,0.24958742019161673,0.24479722766728906,0.24847569719278392,0.23444642785110406,0.24908607935262814,0.2436378871653955,0.2497171130047497,0.24826841059349622,0.1585479081749974,-0.007012111635912245,0.18063412735926046,0.07241042452385679,0.16618355022453088,0.023336675860441223,0.18252159959741307,-0.05554790102851129,0.24959466127286287,0.24999999999999986,-0.022559036750948763,0.13961308259322902,0.04720310364350414,0.12615146245488115,0.07579483104523221,0.12628747430630172,0.07784622389212625,0.12345251354568866,0.24958405586973334,0.24891961357928946,0.034053066476533965,0.07688217259064109,0.10252998966898506,0.03857371049653793,0.13629494450620822,0.06589403255006869,0.12984669826904258,0.05012579479538243,0.2496829403140563,0.2490448218554856,0.14540712293190594,0.008704151607068614,0.1725390120429898,0.07359808732743588,0.16414513865047065,0.02412089845475397,0.15665184381760833,-0.05878120264019082,0.24961314740792057,0.24960584254136958,0.24956954418966792,0.24814063456003066,0.24950739197455074,0.23168668955020336,0.2477354550072936,0.22799933459669053,0.2490328847911641,0.23556013029638953,0.2497166919268204
-0.022408111785328345,-0.02231271152515744,-0.02269324506594364,-0.022383928200383544,-0.024146284261419203,-0.02242243075347187,-0.034507223117538934,-0.022494913568321433,-0.026751595160087845,-0.02236207622208914,-0.022468786935847963,-0.10847190480161191,0.0774129019317447,-0.0562833504060912,-0.006692399673136574,-0.03152021012155437,0.00020425947137757715,-0.02499138818615746,0.010551627947076007,-0.0223744481223307,-0.022559036750948763,0.24999999999999956,-0.1321882655394314,0.09987915993303813,-0.11117008078651765,0.07198686835873402,-0.1020420102965108,0.052765754387958004,-0.08062696252131042,-0.02237800511709823,-0.022720499848563645,-0.07486586208252728,0.06196722469579349,-0.07984003959585657,0.07716973099448785,-0.0668231443350719,0.06178338418348761,-0.06088580403069307,0.06070974924723538,-0.022358259097583513,-0.022201073790154485,0.02656510536188393,-0.02317424406087765,0.006629491294716871,-0.006619737427030526,-0.012228426335976114,-0.0017226307819522622,0.0008393838923037688,-0.0014139973772297374,-0.022335473681221928,-0.022351982752313388,-0.022348468084005008,-0.021749479378635923,-0.022305726782371818,-0.015274989903198867,-0.0218198258406978,-0.014681492306576007,-0.02219687003689107,-0.017441809696099864,-0.02236184564454825
0.1398346914651273,0.13968805483049201,0.13982134805285854,0.139806424733214,0.13885584231177003,0.13927577642932173,0.1421327878303157,0.13963480063444544,0.14062953601160993,0.13985713643234135,0.13919389447267783,0.15820050074750625,-0.056987781452218826,0.13230532339180426,0.04319434298351429,0.10580008371110672,0.01569858178797837,0.11053582020365867,-0.034939741013971896,0.1398062617322898,0.13961308259322902,-0.1321882655394314,0.2499999999999998,-0.06273968822057989,0.17069558460505685,-0.022743287885972994,0.16453187549745185,-0.017356721568108125,0.14156100847301364,0.13980531974457408,0.13985123294779528,0.09568290843709132,-0.03154044867635985,0.13342826734567756,-0.06515647983661148,0.1339696199599666,-0.03498262341396069,0.12509428555572172,-0.04061327385733299,0.13983710225005563,0.13937358409937814,0.0390021639965462,0.029527516925229418,0.07277232929575811,0.04166210622249932,0.08890272722749162,0.013455042464846911,0.07179773580282922,-0.025507888909007032,0.13978047885734915,0.13979473948364504,0.1397741366307053,0.13846850122805698,0.13969980501028437,0.12394721005165049,0.13835930572999733,0.12162588512064094,0.13936279308809996,0.12805138206871325,0.13985675659085103
0.047206039246725874,0.047248955796355956,0.046898795158726636,0.04721937892961138,0.04533712919622784,0.04685493833186057,0.03492775246514946,0.04698286966477201,0.042308814473687666,0.047275090959374946,0.04677075132128582,-0.03624703865361784,0.0721162990866581,-0.018515447199318906,0.02014586952162583,0.021214840966510953,-0.0073689525926448896,0.030903064664994127,-0.01409042208443366,0.04723906044178784,0.04720310364350414,0.09987915993303813,-0.06273968822057989,0.2499999999999998,-0.07607210549581662,0.09444940562529179,-0.06294636326857839,0.07877615593919098,-0.0449002888957851,0.0472228549324386,0.046709696765024296,-0.057057775487304965,0.07299872130197202,-0.0453592351961465,0.08107666481947223,-0.02505390820944994,0.07496423540000036,-0.020860321283062033,0.07027984272618937,0.04726914856839067,0.04724284193169256,0.06188567490076849,-0.017495415775193396,0.05246151759910279,0.014151821148443135,0.03311339022620885,0.004778363306635068,0.04373651894199432,-0.017626440820345222,0.04727145927621067,0.047254121593418894,0.04724749732216864,0.047403311872093186,0.04726960311892641,0.04888259113160038,0.04723242133813189,0.048473032322970046,0.04723998696861117,0.04797628672764192,0.04727516720951513
0.12637896614361213,0.12624326348079332,0.12637625219736437,0.12635191475950766,0.12562429951219478,0.12588093558966526,0.1299819714184944,0.1262022993401678,0.12777882919549674,0.12639559763015884,0.12582498397894043,0.144402106103344,-0.05681566745595349,0.12714408424941703,0.03423812515754151,0.10298583391777026,0.0072215902416511496,0.10589176645755663,-0.03676841546417858,0.12635856057356815,0.12615146245488115,-0.11117008078651765,0.17069558460505685,-0.07607210549581662,0.24999999999999942,-0.04752496236395066,0.1753784852042835,-0.03641158167330722,0.14739184142215214,0.12635371637824339,0.12646980401092142,0.105717251824698,-0.04210417861529395,0.1403039176382013,-0.0826840272691369,0.13775635434648467,-0.05275726281149838,0.12735291784419175,-0.05522055958025323,0.12637730126269406,0.12592666259093063,0.024849839293859456,0.032771214581822375,0.05984663069148164,0.03709814201739095,0.07937045907642569,0.012893450418332045,0.060274886625366786,-0.02020662255594468,0.12632122231992002,0.1263392110026069,0.1263205213678716,0.12499961110371924,0.12624193534576006,0.11034801417489368,0.12492318378354482,0.10799905755393585,0.12591593053160866,0.1145614814472288,0.1263952422594414
0.07575892960055293,0.07576833570433275,0.07545987751679084,0.07577062181312959,0.07315183573572191,0.07534994529633017,0.06326018259972065,0.07552372853673689,0.07070026647847032,0.07582705538532769,0.0752545714959017,0.000447108207747821,0.04333517376611059,0.026397369435962815,0.043182164355684664,-0.003421949100480092,0.032999320441108024,0.04949749843396404,-0.014276850318132446,0.07577312661659953,0.07579483104523221,0.07198686835873402,-0.022743287885972994,0.09444940562529179,-0.04752496236395066,0.24999999999999964,-0.047524494665433153,0.07957190690649807,-0.023646284587915338,0.07576499955710539,0.07522693706106627,-0.045318085677912553,0.07310384738701134,-0.026536910831373044,0.07693986768298704,-0.0043074352593599876,0.07702703072020746,-0.0017522567524792406,0.07016709555398405,0.07581688496637463,0.07570690317775972,0.07351613854438155,-0.012717223199407029,0.06916623887170766,0.023128291026029535,0.050907146502178084,0.00847606317790551,0.059841412327078056,-0.023049222604586504,0.07580949021283681,0.07579332259184497,0.0757825338230746,0.0757115213990595,0.07579341728949698,0.0747697971536723,0.07551426868704253,0.07387739239230794,0.07570042950376722,0.07449085129841353,0.07582703977716658
0.12651190505627694,0.12638449418489864,0.12648253817538677,0.1264866513376333,0.12556109460823384,0.12599712880704134,0.12916755675233813,0.1263202931246537,0.127729470059768,0.12653416816578442,0.12594698472102225,0.13500046167486365,-0.04850378949176934,0.12158559835494755,0.03544531611296465,0.10031899991390178,0.0070249529972947035,0.10809729257220389,-0.039384645907677915,0.12649817850906742,0.12628747430630172,-0.1020420102965108,0.16453187549745185,-0.06294636326857839,0.1753784852042835,-0.047524494665433153,0.24999999999999936,-0.04547471775004464,0.16242963286905387,0.12648538552954916,0.12667264954731833,0.10986856711273085,-0.04341862073009687,0.1450221584031579,-0.0824713613611139,0.13994272038367747,-0.0540047010960768,0.13125681773461298,-0.0608794739912424,0.12651620764147548,0.1260614436464052,0.024855957086079697,0.032451032544935796,0.05978325577071658,0.03609488590472803,0.08030159301763656,0.011346353707239631,0.05921611368528425,-0.019975931141307836,0.12645865098187656,0.12647774359102645,0.12645900453732692,0.125125183950877,0.12637731283179532,0.11016020441860241,0.1250308541072758,0.10773850744380258,0.1260465191795495,0.11442648173496865,0.126533829012126
0.07773223896519288,0.07771730007405468,0.07747588149099244,0.07773932091596587,0.07544683773036215,0.07735494310216261,0.06636681225080289,0.07752681173825235,0.0731083727321232,0.07778846883202352,0.07725365812302719,0.015367374036916064,0.022957504998905837,0.03997445469400501,0.012764663041603374,0.04409988532210902,0.028336468412891648,0.013597774485582977,0.018763716033772946,0.07769459931282816,0.07784622389212625,0.052765754387958004,-0.017356721568108125,0.07877615593919098,-0.03641158167330722,0.07957190690649807,-0.04547471775004464,0.24999999999999953,-0.048036871463071854,0.07773661544388469,0.07714353536156882,-0.05411406723286749,0.08139729570289218,-0.03484919572981184,0.0866299814422177,-0.00943496951438023,0.08589460087447671,-0.008159750340571866,0.083470226128014,0.07777802012919328,0.07767719309841715,0.0810893323786664,-0.018121426875016177,0.07431709443118498,0.02350971435624291,0.05350925353783138,0.007190907342146263,0.06444968978267124,-0.026658620656698252,0.0777733887135005,0.07775382944087171,0.07774276778516019,0.07774121748261938,0.07776146870884865,0.07747034135134212,0.0775488716312566,0.07674973708950351,0.0776835839026473,0.0770215409667592,0.07778841683096267
0.12366197441717589,0.12355002892362131,0.12358445157528349,0.12364072939186782,0.12237315391268332,0.12313585534803108,0.12381139511046094,0.12345239580961118,0.1239372631390776,0.12369319502773227,0.12306659524541869,0.11775823170730869,-0.034253228801214876,0.11006064499757437,0.038786844385274216,0.09152969781544655,0.005903065838506215,0.10914182987763348,-0.04171464920374623,0.12366084001692192,0.12345251354568866,-0.08062696252131042,0.14156100847301364,-0.0449002888957851,0.14739184142215214,-0.023646284587915338,0.16242963286905387,-0.048036871463071854,0.24999999999999967,0.12358649657155901,0.1238393966223458,0.10629252407079977,-0.0410732343632209,0.1422136813977065,-0.07630592223660872,0.1329751289091847,-0.05102436097789335,0.13077110201094475,-0.07123961081947314,0.12367615196034781,0.1232218323689943,0.0225910061787146,0.03504365434437532,0.05637006462427466,0.034813094461163915,0.07837566735757781,0.014405848169211371,0.05435275996674311,-0.014128969322313854,0.12361730986409283,0.1236380526046309,0.12361978369608818,0.12227992625773239,0.12353457003769365,0.10734534905923279,0.12215307379059502,0.10461820207212921,0.12319396905948293,0.1114696751962584,0.12369289668211106
0.2497532603954425,0.24959697855804572,0.24932007091868383,0.249736254594861,0.24494433974275703,0.24862405407628527,0.2346011171383782,0.2492347787215703,0.24378892536965224,0.24986598300423093,0.24841689898220917,0.15872199008926993,-0.007103126463628477,0.1808015610896567,0.07240409530360001,0.1663284540039442,0.023295181508513823,0.18266305348600118,-0.055626303535546144,0.24974350950951937,0.24958405586973334,-0.02237800511709823,0.13980531974457408,0.0472228549324386,0.12635371637824339,0.07576499955710539,0.12648538552954916,0.07773661544388469,0.12358649657155901,0.25,0.24906861842296785,0.03417234838093885,0.07684726216617663,0.10270355376841965,0.038461208015646085,0.1364677886346408,0.06582104743398538,0.1299995050399748,0.050060780010603,0.2498317882762029,0.2491931433527831,0.1454406475865065,0.008742934254730644,0.17260822478855342,0.07364587147461722,0.16423514708295636,0.02413770325298606,0.15671924609207874,-0.058803617857979475,0.24976192626467517,0.24975464609637563,0.24971832569140387,0.24828786636900416,0.24965607727324074,0.23181662094735603,0.2478825832398983,0.22812685643081693,0.24918117974469334,0.235694909349903,0.2498655614667027
0.24908901897258412,0.24893294711537534,0.2486577935419919,0.249071984441129,0.2442990971840815,0.2479630399555763,0.23402212549961732,0.24857221033603716,0.24315972927857693,0.24920129399940796,0.24775668533008285,0.15852930065859863,-0.007271274060673667,0.18044648962562235,0.07221164730598223,0.16594804704399466,0.023221439314008125,0.18224587543496268,-0.05552583973497133,0.2490792621997732,0.24891961357928946,-0.022720499848563645,0.13985123294779528,0.046709696765024296,0.12646980401092142,0.07522693706106627,0.12667264954731833,0.07714353536156882,0.1238393966223458,0.24906861842296785,0.2499999999999999,0.03372060118899949,0.07627231921228789,0.10290827923518013,0.03786892275211522,0.13644808127863733,0.0652283402154421,0.12999490417918644,0.049462812492329165,0.24916718849546607,0.24852958270827427,0.14482493968243518,0.008896282320612752,0.17200245192729924,0.07343284401756993,0.1637771344005055,0.024079394302754093,0.1561978302044373,-0.05857106964234449,0.24909739783579943,0.2490902529554905,0.24905402802705592,0.2476241713209872,0.24899166661509162,0.23116368100182544,0.24722018642627944,0.22747624651119458,0.2485174562763905,0.23504133623047443,0.249200873044049
0.03417289237364347,0.03411894673310143,0.03425472010351502,0.03415839730062641,0.03479515742793866,0.03405196983845571,0.03995769037593823,0.03414795404423794,0.03658693419183657,0.03416337770477627,0.03404801924767356,0.06279197218675292,-0.03210638521104851,0.04531215425275385,0.012921403109256787,0.02963593945261574,0.0011860183281435723,0.03754079305423853,-0.01732376547163173,0.03416681771505185,0.034053066476533965,-0.07486586208252728,0.09568290843709132,-0.057057775487304965,0.105717251824698,-0.045318085677912553,0.10986856711273085,-0.05411406723286749,0.10629252407079977,0.03417234838093885,0.03372060118899949,0.2499999999999995,-0.138082710468189,0.1237124266079866,-0.10875288867640001,0.09499550034782461,-0.08761947890443612,0.09144155520863897,-0.08698657682194978,0.03415557747943632,0.03392586843425074,-0.06719373624595548,0.06369099812988603,-0.02070598750762995,0.011576841729724448,0.014050530022637588,0.0016398200477654357,0.00036781313555118164,0.0021875157956828648,0.03412160543078049,0.034148133150310005,0.03414282248218065,0.03301853781845995,0.03405662712019914,0.021652117119815704,0.033075252203122435,0.019954958314448303,0.033837360973941986,0.025366562861575917,0.034163229595621125
