x1,x2,x3,x4,x5,x6,x7,x8,x9,x10,x11,x12,x13,x14,x15,x16,x17,x18,x19,x20,x21,x22,x23,x24,x25,x26,x27,x28,x29,x30,x31,x32,x33,x34,x35,x36,x37,x38,x39,x40,x41,x42,x43,x44,x45,x46,x47,x48,x49,x50,x51,x52,x53,x54,x55,x56,x57,x58,x59,x60
0.25000000000000006,0.24973267195037835,0.2499481048247693,0.24993518765054806,0.24998685274035837,0.24998087658173662,0.24991452145989188,0.2499380912912579,0.24987209743973438,0.24998424629287708,0.24989976010442494,0.24640066275775116,0.2422747794637847,0.2448389892790199,0.24009714237280586,0.23665232875765754,0.23923783217933606,0.24171010298246884,0.24816673349299628,0.24990618917342597,0.24990144530467695,0.245035319571472,0.24678246635253012,0.24175461964995196,0.24712856459709837,0.23545599391632535,0.246399919837993,0.2438295097770281,0.247371907774474,0.24981978414322312,0.24989694487436093,0.24423227823054605,0.24556158487542026,0.24225582101822393,0.24683756211758495,0.23861597516427724,0.2470028546926702,0.24582817325918804,0.2484345163610541,0.24982440610580664,0.2498855676492304,0.24613136584696774,0.24192735060795223,0.2441950640482486,0.2403658454424287,0.23550494511215264,0.2379720138483657,0.24174838704538792,0.2479055680218473,0.24990585137223703,0.24999211536673333,0.24974026862722937,0.2499616299816548,0.24995776761971716,0.24997783644510244,0.2499817087129987,0.24983226273408352,0.24995638821799718,0.24967890781396132,0.2499821655521081
0.24973267195037835,0.25000000000000006,0.249693001480466,0.24968009748983871,0.2497317098489544,0.24972573978975093,0.24965945239161833,0.24968299816701964,0.24961707167048655,0.24972910606167922,0.24964470610196335,0.24614918002235664,0.24202750770901446,0.24458910042699328,0.23985209316941278,0.23641079541798468,0.2389936600096149,0.2414634075507676,0.24791344826123488,0.24965112860929478,0.24964638958225807,0.24478523033979394,0.24653059393875051,0.24150787878341662,0.24687633894671546,0.23521568158618658,0.24614843786084178,0.24358065122526074,0.24711943376190287,0.24956481176624734,0.2496418937451948,0.24398300860312883,0.2453109585240905,0.24200856861292228,0.24658563347167722,0.23837243767752128,0.24675075734498841,0.24557727482102523,0.2481809578233392,0.2495694290115381,0.2496305281319473,0.24588015796279747,0.24168043344784115,0.24394583240256498,0.2401205219939012,0.23526458282118795,0.23772913360478165,0.24150165254000594,0.2476525493421578,0.24965079115287425,0.2497369671041604,0.24948537740579524,0.2497065128332354,0.24970265441332182,0.24972270275595737,0.2497265710717192,0.24957727762114207,0.24970127641945394,0.24942407921892182,0.24972702744456696
0.2499481048247693,0.249693001480466,0.25,0.24989548474027615,0.24994714154883746,0.24994116666734262,0.24987482186067303,0.24989838814516022,0.24983240418966543,0.24994453586006746,0.24986006085327256,0.24636139437199495,0.24223591382911333,0.24479997667977885,0.24005885202382832,0.23661460125386968,0.23919978343069334,0.24167162380152343,0.2481273051752555,0.24986649099487174,0.24986174797096738,0.244996311724656,0.24674320021028937,0.24171611422344225,0.2470892588512011,0.2354184444913535,0.24636073679647336,0.24379073655944278,0.2473325996739861,0.24978009991103756,0.24985724835599304,0.2441934887045594,0.2455225762366115,0.24221734760560987,0.2467983493913921,0.23857807467117784,0.246963606915268,0.24578911655594307,0.2483950468107122,0.2497847210633619,0.24984587287319288,0.24609226774823303,0.24188891746886113,0.24415627281452856,0.24032766005573833,0.23546753135011442,0.23793420941647045,0.24170998229148397,0.2478661875523842,0.24986615339244306,0.24995240368378271,0.24970059695057453,0.24992192313255568,0.24991806139296674,0.24993812702359328,0.24994199868316325,0.24979257644898267,0.2499166822103665,0.2496392458845761,0.24994245544970287
0.24993518765054806,0.24968009748983871,0.24989548474027615,0.2500000000000001,0.24993448586769587,0.24992824986500825,0.249861908425642,0.24988547357667307,0.24981949380878862,0.24993161887102439,0.24984715030281718,0.24634876585126778,0.24222345940656456,0.24478740565987525,0.2400465637185004,0.236602497609861,0.23918746695509793,0.2416592257182745,0.24811448785340207,0.24985357821863194,0.24984883530168311,0.24498371750033848,0.2467305162118036,0.24170370690170426,0.2470765408467271,0.23540639682253095,0.24634805322059333,0.24377818272435717,0.24731983356732434,0.24976719137044934,0.24984433579367277,0.24418085647630672,0.24550988252744801,0.24220481248680725,0.24678559477298864,0.23856573592139796,0.24695085275230771,0.24577641912085735,0.2483822143253983,0.24977181232806409,0.24983296099960953,0.2460795483669234,0.24187641891024741,0.24414365334857552,0.24031524233217144,0.23545536521018365,0.23792191495174952,0.2416974937884301,0.24785337814222239,0.24985324045346746,0.24993948628739887,0.24968769256741508,0.24990900732005292,0.24990514577137196,0.24992521037390716,0.24992908182450388,0.24977966730328563,0.24990376666004782,0.2496263446720071,0.2499295385674381
0.24998685274035837,0.2497317098489544,0.24994714154883746,0.24993448586769587,0.25000000000000006,0.249979913502513,0.24991355784241653,0.2499371283418136,0.2498711349913646,0.24998328322495933,0.24989879608683824,0.24639964431436648,0.24227439538093898,0.24483793621304545,0.24009606751348464,0.23665130939246362,0.23923687406841257,0.24170914944383723,0.24816577007191748,0.2499052264116574,0.24990048245676125,0.2450342987322453,0.24678150564506307,0.2417535880785811,0.24712760203869358,0.23545492901687293,0.24639897350156198,0.24382855865913217,0.2473709593606002,0.2498188218686839,0.24989598207033104,0.24423132721000768,0.24556062342521945,0.24225487124797893,0.24683660358317988,0.2386150422073956,0.24700188978334045,0.24582721595545232,0.24843355321669458,0.2498234436285027,0.2498846049358797,0.2461304137976213,0.24192641441701482,0.2441941157588714,0.24036491474892407,0.23550403191516003,0.23797109386104903,0.24174745414207552,0.2479046124986221,0.24990488860365206,0.24999115226579738,0.24973930649654313,0.24996066698814912,0.2499568046511073,0.24997687339960342,0.24998074565215453,0.2498313002390054,0.24995542525470082,0.24967794591966527,0.2499812024895039
0.24998087658173662,0.24972573978975093,0.24994116666734262,0.24992824986500825,0.249979913502513,0.25000000000000017,0.24990758422648857,0.24993115342738678,0.24986516141439177,0.24997730714903132,0.24989282326414894,0.24639381945948766,0.24226801900621098,0.24483218829154021,0.2400904733118853,0.23664575728285567,0.2392311908174977,0.24170339310177197,0.24815984466301885,0.24989925219710132,0.24989450845780642,0.24502851548998936,0.2467756154593537,0.24174790634858911,0.24712170426152372,0.2354494541633381,0.24639308009298297,0.2438227413356834,0.2473650412185424,0.24981284956721078,0.24989000815160836,0.24422549845021502,0.24555476803814819,0.24224909591410604,0.24683071011824917,0.23860935126606564,0.24699599801859554,0.2458213492879886,0.24842762010937353,0.24981747139845192,0.249878631244218,0.24612453357262276,0.24192063505330375,0.24418828545462765,0.24035917321799333,0.23549840780517725,0.23796540809837274,0.24174167651210166,0.24789868657139597,0.24989891440443968,0.2499851760043913,0.24973333625573096,0.2499546914654389,0.249950829210811,0.24997089747919804,0.24997476963952772,0.24982532780874628,0.24994944984738068,0.24967197714573602,0.24997522646595596
0.24991452145989188,0.24965945239161833,0.24987482186067303,0.249861908425642,0.24991355784241653,0.24990758422648857,0.25000000000000017,0.24986481143403105,0.2497988354222125,0.24991095331351454,0.2498264888018848,0.24632863562280602,0.24220246143458884,0.24476740917006884,0.24002499703255595,0.23658388711843267,0.2391662347187285,0.24164046823574598,0.24809412896015043,0.2498329204899283,0.24982817593534742,0.24496317357512915,0.24671052594445553,0.24168359161621392,0.2470565363008671,0.2353879667993662,0.246328286645484,0.24375825406828888,0.24729958312570416,0.2497465412735159,0.24982367580014347,0.24416053225460213,0.24548960573745326,0.24218459472584286,0.24676521136389198,0.23854587808743438,0.24693042304345247,0.24575605813523207,0.24836168056192576,0.24975115926089303,0.2498123033131875,0.2460591788241117,0.24185641891501158,0.24412342241495802,0.24029536042264782,0.23543590068906464,0.23790223386360404,0.24167752776653317,0.2478328806218878,0.24983258103964678,0.24991881974130598,0.24966704684120136,0.2498883433256974,0.24988448206476327,0.24990454515823035,0.24990841613871692,0.24975901367368877,0.2498831030674732,0.24960570401840224,0.24990887284388247
0.2499380912912579,0.24968299816701964,0.24989838814516022,0.24988547357667307,0.2499371283418136,0.24993115342738678,0.24986481143403105,0.2500000000000001,0.2498223959385035,0.24993452246969444,0.2498500529798436,0.2463516423904313,0.24222649617060818,0.24479027686034666,0.2400493735055186,0.23660525111669234,0.23919024482953047,0.2416620243162595,0.24811737092992261,0.24985648087874524,0.24985173794817217,0.2449865741786281,0.24673337795725983,0.24170652628070846,0.24707940778808685,0.23540915059077663,0.24635090891146263,0.24378100998609853,0.24732270381868438,0.24977009303943754,0.2498472384098628,0.24418369773490595,0.24551273961561862,0.24220763317863478,0.24678846370563748,0.23856851176304272,0.24695372319069103,0.24577927564029953,0.24838510049140775,0.24977471407496613,0.24983586345318734,0.24608240819066263,0.24187922923713814,0.24414649137206942,0.24031803462646079,0.23545810114117433,0.23792467924673308,0.24170030140837123,0.24785625764647184,0.24985614314213778,0.2499423899780482,0.24969059333283208,0.24991191065657006,0.2499080490630678,0.24992811389685957,0.2499319853942784,0.2497825691406961,0.24990666993572155,0.2496292447247102,0.2499324421425189
0.24987209743973438,0.24961707167048655,0.24983240418966543,0.24981949380878862,0.2498711349913646,0.24986516141439177,0.2497988354222125,0.2498223959385035,0.2500000000000001,0.24986852957693123,0.24978408391803247,0.24628674871138923,0.24216280368449486,0.2447257313499775,0.23998584177351232,0.2365428359819159,0.2391265521522318,0.24159838411418902,0.24805183931776587,0.24979050906751343,0.24978576648660664,0.24492187832722975,0.24666832076733727,0.24164263785533932,0.24701423009040635,0.23534688107560234,0.24628595470066306,0.24371667512009698,0.24725743732622255,0.24970414403371685,0.24978126821185773,0.2441191665987866,0.24544787389765438,0.2421435939973057,0.2467232837581249,0.23850546471771866,0.24688849869297558,0.24571436143390687,0.24831950869787717,0.24970876324774363,0.2497698965716331,0.24601742071569438,0.2418153568699051,0.2440820041793247,0.24025457345231657,0.23539592373597293,0.23786185225242285,0.24163648389476808,0.24779081233479328,0.24979017092846273,0.2498763949914963,0.2496246648308754,0.24984592370629696,0.24984206314391885,0.24986212270634447,0.24986599315496114,0.2497166162835201,0.24984068438071746,0.24956333242127848,0.24986644978260092
0.24998424629287708,0.24972910606167922,0.24994453586006746,0.24993161887102439,0.24998328322495933,0.24997730714903132,0.24991095331351454,0.24993452246969444,0.24986852957693123,0.25,0.24989619183839315,0.2463971449824223,0.2422713242846295,0.2448354940587318,0.2400937143227101,0.23664895116132886,0.23923441776540433,0.24170665237883335,0.24816319022114963,0.2499026208070845,0.24989787700854219,0.24503182124207287,0.24677894299094238,0.24175116873972688,0.24712503629919558,0.2354526343490105,0.2463964018461028,0.24382602853229907,0.24736837566454709,0.24981621700921608,0.24989337664024608,0.24422879100856518,0.2455580787834202,0.24225236210871945,0.24683403769882098,0.23861256815847534,0.24699932795628488,0.24582466324022054,0.2484309690954125,0.24982083890756698,0.24988199957769822,0.24612785142236768,0.24192389622821728,0.2441915773190052,0.24036241335694697,0.2355015824499426,0.23796861592864044,0.2417449351969433,0.24790202822751034,0.24990228301073938,0.24998854577348736,0.24973670263005854,0.24995806082387795,0.2499541985169167,0.24997426705578782,0.2499781392683475,0.24982869542342961,0.2499528191348929,0.24967534269295072,0.24997859610093376
0.24989976010442494,0.24964470610196335,0.24986006085327256,0.24984715030281718,0.24989879608683824,0.24989282326414894,0.2498264888018848,0.2498500529798436,0.24978408391803247,0.24989619183839315,0.25,0.24631363118405494,0.2421873630301707,0.2447523648245479,0.24001220980183313,0.2365688076790255,0.23915353342701673,0.2416250025653201,0.24807930737081135,0.2498181624617859,0.24981341985010738,0.2449488246128205,0.24669555108034383,0.24166925303201908,0.24704152300015034,0.23537272546343604,0.2463131726575459,0.24374364676095855,0.24728479986238594,0.2497317879274721,0.2498089208419739,0.24414620419135327,0.24547503269132964,0.24217041751943566,0.24675059291718887,0.2385318779140109,0.24691582417124439,0.24574156279562998,0.24834699673445795,0.24973640789197807,0.2497975479202928,0.24604465714771329,0.2418421278338615,0.24410902842940957,0.24028117122476422,0.23542198131342476,0.23788818581790616,0.24166323479015814,0.24781824492553733,0.24981782452320642,0.24990405813195743,0.24965230010296327,0.24987358347657923,0.24986972248359307,0.24988978425542305,0.24989365514386291,0.24974426176866116,0.24986834356775353,0.2495909609034286,0.24989411182205504
0.24640066275775116,0.24614918002235664,0.24636139437199495,0.24634876585126778,0.24639964431436648,0.24639381945948766,0.24632863562280602,0.2463516423904313,0.24628674871138923,0.2463971449824223,0.24631363118405494,0.2499999999999999,0.23870104643689272,0.2412715434015688,0.23657418981384323,0.2331537638311126,0.2357105739652683,0.23821581325120836,0.24459612407172096,0.24632022857780342,0.24631541688666161,0.24145681773306624,0.2432301733027122,0.23818015518380778,0.2435743505165591,0.2319288197716265,0.2428680350320072,0.24030568795785484,0.24382521775204646,0.2462352397585282,0.24631102783127498,0.24071418498707373,0.24202104000545774,0.23875806406605116,0.2432861088742821,0.23517222362190124,0.24344328421140135,0.24228780087807658,0.24486250832222722,0.2462395501121209,0.2462998437327193,0.2425943266248941,0.23844911674180239,0.24068054980061976,0.23691041021329445,0.23211721642998764,0.23455336635924826,0.2382768172185658,0.2443477190829001,0.24631987445970627,0.24640490060432113,0.24615666770175548,0.24637483459392967,0.24637104572534335,0.24639082540963309,0.24639464327895716,0.2462473257264355,0.24636968611554005,0.2460961873642863,0.24639509356265138
0.2422747794637847,0.24202750770901446,0.24223591382911333,0.24222345940656456,0.24227439538093898,0.24226801900621098,0.24220246143458884,0.24222649617060818,0.24216280368449486,0.2422713242846295,0.2421873630301707,0.23870104643689272,0.24999999999999994,0.2371274904554544,0.23244705641793437,0.22917544852376273,0.23178731606836164,0.2342129149038357,0.2404986107849775,0.24219566472627924,0.24219091677955448,0.2373538785135845,0.23915084361420674,0.23413508405513572,0.23948599188787104,0.22794259514063422,0.23880105959542927,0.2362839267342632,0.23974617089689454,0.2421122052656176,0.2421866123797106,0.23668279722598176,0.23796324854683792,0.2347582782538932,0.23921061208638045,0.23123340871853182,0.23936039356108893,0.238226753508609,0.2407596016578466,0.24211637492886265,0.24217564745655135,0.23853149037503912,0.23445614561909614,0.2366490831170746,0.23294195121292743,0.22822905601386906,0.23062437304269495,0.23428671707576532,0.24025601110736788,0.24219534393676492,0.24227894634927064,0.24203487000734444,0.24224938455269274,0.2422456583565206,0.24226510787519792,0.24226886077881726,0.24212401023782695,0.24224432151340336,0.24197540239239934,0.24226930352269155
0.2448389892790199,0.24458910042699328,0.24479997667977885,0.24478740565987525,0.24483793621304545,0.24483218829154021,0.24476740917006884,0.24479027686034666,0.2447257313499775,0.2448354940587318,0.2447523648245479,0.2412715434015688,0.2371274904554544,0.24999999999999994,0.23495447093451308,0.23162839057731371,0.23415970771159292,0.23677023189342017,0.24304429016068807,0.2447591360937119,0.24475398391433192,0.23989300757098186,0.24172112450478558,0.23660998507748815,0.2420679593418838,0.2303707718944857,0.24141253579605873,0.2388107042932736,0.24231175432333124,0.24467500515735888,0.24474987879850246,0.2391918258254087,0.24049266341272205,0.23725072417151377,0.24174626035956417,0.23367231520939374,0.24188439792248667,0.2407324686556515,0.2433031376217768,0.24467888255019832,0.24473875637983578,0.2410505581735405,0.23692864543768832,0.23914269879109742,0.2353969675141347,0.2306292382120692,0.2330567769867395,0.23675991060289242,0.24279775830510958,0.24475871296993137,0.2448432002662935,0.24459654065663797,0.24481330269984422,0.24480955995875897,0.2448292039578304,0.24483300795127308,0.24468662435411526,0.24480820896501693,0.2445364436333957,0.24483345538116402
0.24009714237280586,0.23985209316941278,0.24005885202382832,0.2400465637185004,0.24009606751348464,0.2400904733118853,0.24002499703255595,0.2400493735055186,0.23998584177351232,0.2400937143227101,0.24001220980183313,0.23657418981384323,0.23244705641793437,0.23495447093451308,0.24999999999999997,0.2267642656669511,0.22938267486883718,0.23207811970714975,0.2383012120566918,0.2400186596480753,0.2400136545521951,0.2352179105302629,0.23707196028748145,0.23195170700542747,0.23736902414850497,0.2256260636684734,0.23668792470013356,0.23411009288377355,0.2376031919802339,0.23993624983760803,0.24000970680837458,0.23453246966074767,0.23578481223087278,0.23260912065714992,0.23703948932613772,0.22913567227351103,0.2371973035718265,0.23607862212448769,0.23858843654304776,0.23994014464761826,0.23999887434622114,0.23638240776975983,0.232345080753067,0.23451091149489564,0.23084326494060473,0.22617370149816685,0.22854657508776435,0.23217871372261692,0.23809580749735398,0.2400184208601218,0.24010127180514984,0.2398593892956837,0.2400719625037068,0.2400682830148253,0.24008756278923282,0.24009127688682408,0.23994771190125613,0.24006695818745544,0.2398004561907334,0.24009171565108456
0.23665232875765754,0.23641079541798468,0.23661460125386968,0.236602497609861,0.23665130939246362,0.23664575728285567,0.23658388711843267,0.23660525111669234,0.2365428359819159,0.23664895116132886,0.2365688076790255,0.2331537638311126,0.22917544852376273,0.23162839057731371,0.2267642656669511,0.24999999999999997,0.225903832325589,0.22856511717889103,0.2348326624418428,0.2365750337069147,0.2365692649309598,0.23176310041896264,0.23370742746450024,0.22853753511791328,0.23391342945235918,0.2221296549582052,0.2332500349646231,0.2306533478292215,0.23416927816895292,0.236493879438298,0.23656636385986157,0.23112225499402725,0.23232408375443678,0.22919902882476811,0.23358901843956156,0.22578625157237114,0.23376251001402895,0.23266371648491782,0.23514605937606162,0.23649740734562663,0.2365552864311575,0.23297275583767724,0.22898151450241624,0.23110822124339508,0.2275097792145912,0.22289513256307314,0.22525335074443792,0.22882847607876372,0.23467808625590753,0.23657473656721958,0.23665639894232982,0.23641798691657445,0.2366274096462066,0.23662388347147215,0.23664284264361138,0.23664654742711824,0.2365050293874001,0.23662257764240327,0.23635989930512888,0.23664697989627467
0.23923783217933606,0.2389936600096149,0.23919978343069334,0.23918746695509793,0.23923687406841257,0.2392311908174977,0.2391662347187285,0.23919024482953047,0.2391265521522318,0.23923441776540433,0.23915353342701673,0.2357105739652683,0.23178731606836164,0.23415970771159292,0.22938267486883718,0.225903832325589,0.2499999999999999,0.23096242879293877,0.23745678624741592,0.2391594178550966,0.23915485020065438,0.23440291668033472,0.23639260332664827,0.2314070653972853,0.2366516444725554,0.224838201960113,0.23583360390624397,0.23314784695279328,0.23673127703592237,0.23907712596766842,0.23915067289811345,0.2336541869682445,0.23491092267852376,0.2317102824019016,0.23616635127499444,0.22824979069990758,0.23634935390078582,0.23522684186852794,0.23773168184301263,0.23908126481591105,0.2391398297052271,0.2355236644617652,0.23149834278861794,0.233648894824994,0.23001234305704005,0.22534571561951916,0.22772861211129702,0.23134158487325465,0.23724385113081836,0.23915939233819097,0.23924194683221509,0.2390009300587034,0.2392126991430147,0.23920907611602196,0.23922825832547656,0.23923198768589354,0.2390889386909273,0.23920775602350192,0.23894220784022438,0.2392324248799088
0.24171010298246884,0.2414634075507676,0.24167162380152343,0.2416592257182745,0.24170914944383723,0.24170339310177197,0.24164046823574598,0.2416620243162595,0.24159838411418902,0.24170665237883335,0.2416250025653201,0.23821581325120836,0.2342129149038357,0.23677023189342017,0.23207811970714975,0.22856511717889103,0.23096242879293877,0.24999999999999978,0.23989023755793168,0.24163145267035316,0.24162585594958516,0.23686816172130387,0.23880175241140433,0.2337203466274745,0.23909390545402726,0.22743908542058752,0.23819411282019395,0.2355663529796378,0.23914720277692333,0.24154795580637325,0.24162221611053358,0.23603490757117637,0.23732041641003732,0.23405531518845712,0.23858901760587797,0.23054509814658272,0.23878068865582325,0.23764156261366126,0.24018079296745304,0.2415516636057383,0.2416109356077543,0.23794764365970691,0.23386775238569374,0.2360393771434338,0.2323770899217508,0.22765659555588108,0.23007849171556896,0.23372189478736533,0.2396949344548758,0.2416308525698146,0.24171426015592734,0.24147075279146554,0.24168462796882195,0.24168104976675367,0.24170041568515652,0.2417041980926855,0.24155961237811188,0.2416797160212688,0.2414114236774446,0.241704639804302
0.24816673349299628,0.24791344826123488,0.2481273051752555,0.24811448785340207,0.24816577007191748,0.24815984466301885,0.24809412896015043,0.24811737092992261,0.24805183931776587,0.24816319022114963,0.24807930737081135,0.24459612407172096,0.2404986107849775,0.24304429016068807,0.2383012120566918,0.2348326624418428,0.23745678624741592,0.23989023755793168,0.24999999999999997,0.24808568216371368,0.2480809211255557,0.2432356976450049,0.24504193140612815,0.2400164888717233,0.2453714495294605,0.23367332692736648,0.24460645530330719,0.24201420677437918,0.24556662566016357,0.24799990316911805,0.24807648467082252,0.2424343981726614,0.24375369157147572,0.24046061061585952,0.24502695999759652,0.23684877851267921,0.24519596903988536,0.24402932253312054,0.24662018474380495,0.2480044570401053,0.24806518288196996,0.24433158293456367,0.2401568194399292,0.2424034602700411,0.2386097670125067,0.23377908780504922,0.23623604031027712,0.239983922676017,0.24609938909144846,0.24808536610459161,0.24817100171413983,0.247920989613841,0.24814071528677284,0.2481369041823994,0.24815681714996207,0.24816067086964202,0.2480123083381978,0.24813553482645873,0.2478600757795819,0.24816112438082702
0.24990618917342597,0.24965112860929478,0.24986649099487174,0.24985357821863194,0.2499052264116574,0.24989925219710132,0.2498329204899283,0.24985648087874524,0.24979050906751343,0.2499026208070845,0.2498181624617859,0.24632022857780342,0.24219566472627924,0.2447591360937119,0.2400186596480753,0.2365750337069147,0.2391594178550966,0.24163145267035316,0.24808568216371368,0.24999999999999975,0.2498198467685762,0.24495482262961746,0.2467020223583715,0.24167535771644916,0.2470479938740564,0.23537881326207602,0.2463196566154454,0.2437499471855859,0.24729121420006858,0.24973821327004483,0.24981534710970693,0.24415242412698757,0.2454813172717768,0.24217655547666056,0.24675693039375915,0.23853795721946125,0.2469221714003404,0.24574787474318535,0.24835338426886464,0.24974283261667807,0.24980397437203752,0.2460509783840392,0.24184834929521914,0.24411529148721392,0.24028735095331438,0.23542804229446304,0.2378943058982376,0.2416694602946833,0.24782461966707456,0.24982425148462006,0.24991048731153276,0.24965872280566911,0.2498800118791568,0.24987615077982867,0.24989621312095836,0.24990008405580522,0.24975068673093442,0.2498747718285144,0.249597382028079,0.24990054074574525
0.24990144530467695,0.24964638958225807,0.24986174797096738,0.24984883530168311,0.24990048245676125,0.24989450845780642,0.24982817593534742,0.24985173794817217,0.24978576648660664,0.24989787700854219,0.24981341985010738,0.24631541688666161,0.24219091677955448,0.24475398391433192,0.2400136545521951,0.2365692649309598,0.23915485020065438,0.24162585594958516,0.2480809211255557,0.2498198467685762,0.24999999999999975,0.24494902455232057,0.24669701882813644,0.2416698883732424,0.2470430019216598,0.23537270559008894,0.24631460471652614,0.243744657267902,0.2472863861455342,0.24973347355129982,0.24981060488440038,0.24414773644134216,0.24547655080999387,0.2421718501983629,0.24675218631001095,0.23853340987643068,0.2469174845722375,0.24574323561986341,0.24834865316011256,0.249738091466934,0.24979923247471159,0.24604633431679734,0.2418437764207029,0.24411068789453033,0.2402828131761118,0.23542364483178777,0.23788981458394842,0.24166489525597368,0.24781991647589327,0.24981950917207785,0.24990574336119575,0.24965398363451577,0.2498752685083625,0.24987140748129208,0.24989146957368552,0.24989534030294994,0.2497459455382327,0.24987002855614862,0.24959264402129228,0.24989579698421843
0.245035319571472,0.24478523033979394,0.244996311724656,0.24498371750033848,0.2450342987322453,0.24502851548998936,0.24496317357512915,0.2449865741786281,0.24492187832722975,0.24503182124207287,0.2449488246128205,0.24145681773306624,0.2373538785135845,0.23989300757098186,0.2352179105302629,0.23176310041896264,0.23440291668033472,0.23686816172130387,0.2432356976450049,0.24495482262961746,0.24494902455232057,0.2499999999999998,0.2418325475625139,0.23683332610620778,0.24229617985889232,0.23051918762959261,0.24159232225206426,0.23894718415725352,0.2424993603020061,0.2448717028784401,0.24494655485172148,0.23941470344425914,0.24070402391395593,0.2374825055862928,0.24195116504386996,0.23386902308375332,0.24209883679288485,0.24092422384957773,0.24350306384062664,0.2448750359414918,0.24493497445082943,0.24125401893825354,0.2371180961184973,0.23934443424430218,0.2355832275846969,0.2308127697892836,0.23323742595747907,0.23693993955493156,0.24299144066940187,0.24495497885863404,0.24503953393536168,0.2447926765531034,0.2450095897019212,0.24500586665582091,0.24502551565268443,0.2450293334474795,0.2448828212772725,0.24500451457550165,0.24473253132202413,0.24502978123612157
0.24678246635253012,0.24653059393875051,0.24674320021028937,0.2467305162118036,0.24678150564506307,0.2467756154593537,0.24671052594445553,0.24673337795725983,0.24666832076733727,0.24677894299094238,0.24669555108034383,0.2432301733027122,0.23915084361420674,0.24172112450478558,0.23707196028748145,0.23370742746450024,0.23639260332664827,0.23880175241140433,0.24504193140612815,0.2467020223583715,0.24669701882813644,0.2418325475625139,0.24999999999999986,0.2385566387667569,0.24436614831358805,0.23290962120029568,0.24386639621445463,0.24103662668513626,0.24445958783377372,0.246618251056976,0.24669315716236176,0.24108365792548758,0.24237058661513133,0.23914943335402658,0.24389403166807178,0.23553489141791553,0.24407631025744705,0.24268753896850476,0.24531215897309633,0.24662082239632388,0.24668122846514132,0.24295627550436677,0.2387816129729944,0.24101897467782896,0.2372407984839653,0.23241499552340997,0.23488502290269245,0.23861468480247652,0.24472176806375381,0.24670155270061306,0.2467867107654296,0.24653809331065785,0.24675647721760183,0.24675280344387807,0.2467725655539408,0.2467764375464689,0.24662885050003489,0.24675144171128688,0.24647751916731583,0.24677688852783222
0.24175461964995196,0.24150787878341662,0.24171611422344225,0.24170370690170426,0.2417535880785811,0.24174790634858911,0.24168359161621392,0.24170652628070846,0.24164263785533932,0.24175116873972688,0.24166925303201908,0.23818015518380778,0.23413508405513572,0.23660998507748815,0.23195170700542747,0.22853753511791328,0.2314070653972853,0.2337203466274745,0.2400164888717233,0.24167535771644916,0.2416698883732424,0.23683332610620778,0.2385566387667569,0.2499999999999999,0.23890244095424662,0.22723190441865818,0.2387169830521907,0.23575187316877222,0.23939775678834319,0.24159485232625338,0.24166776902369885,0.23630749816627306,0.23757358498088976,0.23443075035584326,0.2387628391719964,0.23080856667885882,0.23895595831286354,0.23768722124576858,0.24026175246375833,0.2415963898715449,0.24165540026500643,0.23802814514537343,0.2339185285047677,0.2361300033315638,0.23239847055974397,0.22768580588615323,0.23007960896005322,0.23373123077001315,0.23973324667410317,0.24167535433018505,0.24175877758859557,0.24151522535262304,0.2417291334035711,0.24172556107925228,0.24174489150519898,0.24174871367199602,0.2416041646978745,0.24172422709226984,0.2414558853360259,0.24174915546561077
0.24712856459709837,0.24687633894671546,0.2470892588512011,0.2470765408467271,0.24712760203869358,0.24712170426152372,0.2470565363008671,0.24707940778808685,0.24701423009040635,0.24712503629919558,0.24704152300015034,0.2435743505165591,0.23948599188787104,0.2420679593418838,0.23736902414850497,0.23391342945235918,0.2366516444725554,0.23909390545402726,0.2453714495294605,0.2470479938740564,0.2470430019216598,0.24229617985889232,0.24436614831358805,0.23890244095424662,0.24999999999999978,0.23260384615810206,0.243900609679,0.2413525297605567,0.24489083697093927,0.2469638726427924,0.24703948086304775,0.24164280231806945,0.24329409341759436,0.23959387371782662,0.24398768535094675,0.23588424600477131,0.24448519157633342,0.24307348786260763,0.24572511305609612,0.246966789298966,0.24702720597951333,0.24332779336984606,0.23913054593490993,0.24139218649813302,0.23759236868616382,0.2327754480994061,0.2352262926312128,0.23895218908255422,0.2450666040525538,0.24704753740355606,0.2471328149623785,0.2468838488222469,0.24710256353700072,0.24709886008607232,0.2471186485988282,0.24712252733584056,0.24697476213079053,0.24709749644557652,0.24682318974095985,0.24712297894982158
0.23545599391632535,0.23521568158618658,0.2354184444913535,0.23540639682253095,0.23545492901687293,0.2354494541633381,0.2353879667993662,0.23540915059077663,0.23534688107560234,0.2354526343490105,0.23537272546343604,0.2319288197716265,0.22794259514063422,0.2303707718944857,0.2256260636684734,0.2221296549582052,0.224838201960113,0.22743908542058752,0.23367332692736648,0.23537881326207602,0.23537270559008894,0.23051918762959261,0.23290962120029568,0.22723190441865818,0.23260384615810206,0.2500000000000001,0.23187410954439996,0.22939880479668606,0.23311161524022903,0.23529991489123628,0.23537226039926845,0.23026876120761483,0.23170417261070622,0.22850519439640646,0.23256717373451044,0.22494160817177702,0.23265113769350623,0.2315424768425403,0.23402194763035986,0.23530207076433401,0.23535914962855975,0.23181527778415129,0.22779392541430868,0.2299478862795846,0.22631768318614615,0.22172778111261016,0.22407037567316276,0.2276248598285056,0.23348672373806797,0.2353787932298298,0.23546004352395186,0.23522283677514197,0.23543105709029788,0.23542769243705935,0.23544644791424163,0.2354502418106666,0.23530954193167342,0.23542639320016512,0.2351650427655089,0.23545067209473275
0.246399919837993,0.24614843786084178,0.24636073679647336,0.24634805322059333,0.24639897350156198,0.24639308009298297,0.246328286645484,0.24635090891146263,0.24628595470066306,0.2463964018461028,0.2463131726575459,0.2428680350320072,0.23880105959542927,0.24141253579605873,0.23668792470013356,0.2332500349646231,0.23583360390624397,0.23819411282019395,0.24460645530330719,0.2463196566154454,0.24631460471652614,0.24159232225206426,0.24386639621445463,0.2387169830521907,0.243900609679,0.23187410954439996,0.2500000000000001,0.2402470142376093,0.24389783060814907,0.24623509618087894,0.24631179618066157,0.24088205181765934,0.2424998393423289,0.23938791512149016,0.24376275263959457,0.23520057397618965,0.24341619678509044,0.24231264057371107,0.24495669338002118,0.24623886871461245,0.24629887532748057,0.24260087686416298,0.2384170279060509,0.24071513883162407,0.23686934186138733,0.23206632697548704,0.23452189505718632,0.23825245707092726,0.2443433609413745,0.24631913135358813,0.24640415767117807,0.2461559255680378,0.24637397412080214,0.24637030290360468,0.24639003133098342,0.24639390037696784,0.24624660040846688,0.2463689432891795,0.24609544536254863,0.24639435065968515
0.2438295097770281,0.24358065122526074,0.24379073655944278,0.24377818272435717,0.24382855865913217,0.2438227413356834,0.24375825406828888,0.24378100998609853,0.24371667512009698,0.24382602853229907,0.24374364676095855,0.24030568795785484,0.2362839267342632,0.2388107042932736,0.23411009288377355,0.2306533478292215,0.23314784695279328,0.2355663529796378,0.24201420677437918,0.2437499471855859,0.243744657267902,0.23894718415725352,0.24103662668513626,0.23575187316877222,0.2413525297605567,0.22939880479668606,0.2402470142376093,0.25,0.24121705846275585,0.24366605698801025,0.24374182349827747,0.2383347544204872,0.23985693129606808,0.23678591887987727,0.24123638827956664,0.23284544953969197,0.2409315914513286,0.2397828311827982,0.24231614964356948,0.24367003602967932,0.24372935192746586,0.24004140542734748,0.23589722393031276,0.238140811689152,0.23437133907703733,0.22959724462138384,0.23205511414805802,0.23574240978188418,0.24179273348090222,0.24374956363038194,0.24383370340091842,0.2435880608698502,0.2438037365684064,0.24380020181172296,0.24381963988758648,0.24382355310935733,0.24367786763129132,0.24379885637131005,0.24352821153741852,0.2438239986956224
0.247371907774474,0.24711943376190287,0.2473325996739861,0.24731983356732434,0.2473709593606002,0.2473650412185424,0.24729958312570416,0.24732270381868438,0.24725743732622255,0.24736837566454709,0.24728479986238594,0.24382521775204646,0.23974617089689454,0.24231175432333124,0.2376031919802339,0.23416927816895292,0.23673127703592237,0.23914720277692333,0.24556662566016357,0.24729121420006858,0.2472863861455342,0.2424993603020061,0.24445958783377372,0.23939775678834319,0.24489083697093927,0.23311161524022903,0.24389783060814907,0.24121705846275585,0.24999999999999992,0.24720624951581144,0.24728236897262704,0.2417809437446616,0.24334504488945918,0.2400953685422855,0.24471278101944172,0.23628749392906678,0.24459239758491944,0.24328048719323958,0.24582350238518472,0.24721018722100893,0.2472705516088682,0.24357115501363116,0.23937479582452517,0.2416704923010099,0.23782097611282105,0.23301595377937287,0.23545421063147495,0.2391956808177965,0.2453077046253447,0.2472908007217218,0.2473761623250727,0.24712695098727877,0.24734589968917292,0.24734217400501338,0.24736200185726656,0.24736586456827067,0.24721797661364137,0.24734080903068667,0.2470662322210533,0.24736631662710815
0.24981978414322312,0.24956481176624734,0.24978009991103756,0.24976719137044934,0.2498188218686839,0.24981284956721078,0.2497465412735159,0.24977009303943754,0.24970414403371685,0.24981621700921608,0.2497317879274721,0.2462352397585282,0.2421122052656176,0.24467500515735888,0.23993624983760803,0.236493879438298,0.23907712596766842,0.24154795580637325,0.24799990316911805,0.24973821327004483,0.24973347355129982,0.2448717028784401,0.246618251056976,0.24159485232625338,0.2469638726427924,0.23529991489123628,0.24623509618087894,0.24366605698801025,0.24720624951581144,0.24999999999999994,0.24972897025776433,0.24406749716941237,0.2453960643447504,0.2420919564429456,0.2466715533469459,0.23845436720161775,0.24683632828949909,0.24566222834780543,0.2482673018058419,0.24965648042204755,0.24971760330231582,0.24596586259101508,0.24176459462548255,0.24403067769036815,0.24020413266668364,0.23534656727795988,0.23781196431919652,0.24158586343267963,0.24773890859385644,0.24973787478926274,0.24982408079525725,0.24957240333752614,0.24979361531956237,0.24978975613548843,0.24980981215743867,0.24981368113646008,0.24966433357958898,0.24978837766085407,0.2495110837679036,0.2498141376684853
0.24989694487436093,0.2496418937451948,0.24985724835599304,0.24984433579367277,0.24989598207033104,0.24989000815160836,0.24982367580014347,0.2498472384098628,0.24978126821185773,0.24989337664024608,0.2498089208419739,0.24631102783127498,0.2421866123797106,0.24474987879850246,0.24000970680837458,0.23656636385986157,0.23915067289811345,0.24162221611053358,0.24807648467082252,0.24981534710970693,0.24981060488440038,0.24494655485172148,0.24669315716236176,0.24166776902369885,0.24703948086304775,0.23537226039926845,0.24631179618066157,0.24374182349827747,0.24728236897262704,0.24972897025776433,0.25000000000000017,0.24414228703204463,0.24547156731091185,0.24216622623006778,0.24674804250717378,0.23852837386478468,0.246912676338885,0.24573827272628232,0.24834399457120976,0.24973359189886368,0.24979473118539777,0.24604133492146155,0.2418388179349275,0.2441053237862701,0.2402779896511269,0.23541825654626505,0.23788511740818566,0.2416600923593786,0.24781540882511782,0.24981501021127167,0.24990124285346535,0.2496494876615987,0.2498707670406538,0.24986690759209115,0.2498869678567948,0.2498908399825643,0.2497414489504083,0.24986552869161038,0.24958814915212238,0.24989129665562118
0.24423227823054605,0.24398300860312883,0.2441934887045594,0.24418085647630672,0.24423132721000768,0.24422549845021502,0.24416053225460213,0.24418369773490595,0.2441191665987866,0.24422879100856518,0.24414620419135327,0.24071418498707373,0.23668279722598176,0.2391918258254087,0.23453246966074767,0.23112225499402725,0.2336541869682445,0.23603490757117637,0.2424343981726614,0.24415242412698757,0.24414773644134216,0.23941470344425914,0.24108365792548758,0.23630749816627306,0.24164280231806945,0.23026876120761483,0.24088205181765934,0.2383347544204872,0.2417809437446616,0.24406749716941237,0.24414228703204463,0.25,0.23980718488421937,0.23653933794069096,0.24121979894989382,0.23288531656325206,0.24143386023589156,0.24013940092400343,0.24280995607155917,0.2440718834716589,0.24413162679996964,0.2403843590551894,0.23622565383914138,0.23845807046099246,0.2347562086884102,0.2299529571756541,0.23247921445969574,0.23616889063612287,0.2421948091427551,0.24415220075937333,0.24423647878295857,0.2439904305645452,0.24420648062149433,0.24420292186478293,0.2442224489815294,0.24422631172541998,0.24408015070173422,0.2442015741901652,0.24393048229307243,0.24422675804568966
0.24556158487542026,0.2453109585240905,0.2455225762366115,0.24550988252744801,0.24556062342521945,0.24555476803814819,0.24548960573745326,0.24551273961561862,0.24544787389765438,0.2455580787834202,0.24547503269132964,0.24202104000545774,0.23796324854683792,0.24049266341272205,0.23578481223087278,0.23232408375443678,0.23491092267852376,0.23732041641003732,0.24375369157147572,0.2454813172717768,0.24547655080999387,0.24070402391395593,0.24237058661513133,0.23757358498088976,0.24329409341759436,0.23170417261070622,0.2424998393423289,0.23985693129606808,0.24334504488945918,0.2453960643447504,0.24547156731091185,0.23980718488421937,0.24999999999999994,0.23783016486345823,0.24278181070737295,0.2347092055695068,0.24342682096347945,0.24187362240242616,0.24443627970902845,0.24540040294657509,0.2454609747603672,0.24175499752432536,0.23761030564161245,0.23982796655715063,0.23613675387042019,0.23136000128979117,0.23382354932531152,0.23750699918417645,0.2435233619247919,0.24548107179241535,0.24556580829093744,0.24531842086353461,0.24553579305622286,0.2455320687273124,0.24555177271390508,0.24555558589631804,0.24540863150978753,0.24553071371918908,0.24525814632400578,0.24555603464531997
