x1,x2,x3,x4,x5,x6,x7,x8,x9,x10,x11,x12,x13,x14,x15,x16,x17,x18,x19,x20,x21,x22,x23,x24,x25,x26,x27,x28,x29,x30,x31,x32,x33,x34,x35,x36,x37,x38,x39,x40,x41,x42,x43,x44,x45,x46,x47,x48,x49,x50,x51,x52,x53,x54,x55,x56,x57,x58,x59,x60
0.25000000000000006,-0.0441900035619212,-0.010606757174193017,0.0409845744342548,-0.04397062702593138,0.049148542381112104,-0.04949039689173174,0.04890617471510873,-0.04871283594260452,0.049309782079259804,-0.24285704694008678,0.0023178090892164854,0.04240266339876449,-0.06814121845706393,-0.030318862009526402,0.03018350737482308,-0.0485816233920459,0.04797644297708743,-0.048478259538937446,0.03529121720446233,-0.028368037458430695,0.005627221215811226,-0.04576906679073275,0.06236535463791659,-0.07227476571001515,-0.032807542299147265,0.0067004702278375735,-0.04904272330357953,0.029372555334468108,-0.035299302441997187,0.027714336260318866,-0.04708694951774654,0.047885184373996706,-0.04917370591726596,0.06648473692621124,-0.0628725843189431,-0.007032252288473862,-0.02162201247369792,-0.03210496614839153,0.009016002021268907,-0.047415322669427,0.03519218771342558,-0.03528332489915598,0.018708713829121513,-0.0261729957684979,0.02373861461581787,-0.024370839042505508,0.02037526039643325,-0.02254549718750585,-0.009159949997232941,0.04237034772678731,0.029997208056328654,-0.04046938251562101,0.04772238875343162,-0.04881051341826277,0.048937166425303026,-0.04896252924125767,0.048926921447108564,-0.0489575763272863,0.04892097530470639
-0.0441900035619212,0.25000000000000006,-0.19518515375900272,0.16474574982835777,-0.16175365423117427,0.15657766207845566,-0.15578429811999572,0.15617219158411463,-0.15628487670545888,0.15633708631266435,0.037271201015097455,-0.14765264140428433,0.07036479003253647,-0.05373145430172342,-0.12304892502166523,0.12275533668573,-0.15611444830965748,0.1545039913634618,-0.1553824141261856,0.12468848067989584,-0.1442028913741023,0.13115826577631476,-0.15176324674776134,0.04697095352641942,-0.060310144722220294,-0.12741024506124918,0.04753636717395766,-0.1567048167628261,0.11252508046575795,-0.12484279040515991,0.14137524259801415,-0.1466957468096667,0.12844669369394363,-0.1318075991877552,0.04840459391869416,-0.0674498666246728,-0.04972738491650282,-0.024262646396604796,-0.1186953419217601,0.05147580879385278,-0.15049834758158248,0.06460700226334105,-0.06481972035621567,0.0098348577644405,-0.02529535744810333,0.010247139829809975,-0.02784162407804351,0.020215950551495596,-0.032149638469032564,-0.05198831473594936,0.13621084205507303,0.09844682766440133,-0.13494023474662575,0.15302810168513664,-0.1561790501590577,0.15637391285571708,-0.15651430107105474,0.15631189304300191,-0.15650150589622738,0.15617285422340968
-0.010606757174193017,-0.19518515375900272,0.25000000000000017,-0.21933727441765719,0.2162579253375945,-0.21096483672514746,0.2101201587241146,-0.21050798192576028,0.21060903078895976,-0.21071490467590773,0.017365334492351264,0.1874384429335257,-0.10656390304906081,0.09938226060960623,0.16358819474033792,-0.16317599561201246,0.21025311595611662,-0.20803430709862025,0.2092439785136703,-0.16619590333221523,0.18609227202577638,-0.16781396437680662,0.20569746157791452,-0.088521525064185,0.10518344716357231,0.16972331627492085,-0.06205172789060453,0.21109565997749072,-0.148929006718605,0.16638695713166782,-0.18242024595286851,0.19893014845921317,-0.1763838269929555,0.18097792260216333,-0.08760316795311479,0.10901524163408365,0.064827890619064,0.037282270168213,0.15762408031132322,-0.0667122590542477,0.20284405046744014,-0.09415971215503854,0.09445552530969206,-0.019047403650629104,0.04101249731514832,-0.021601121240711986,0.042926102311088225,-0.03188877988406747,0.04726847690456731,0.06740020877642248,-0.18324812216998815,-0.13220536941098388,0.18085523912433601,-0.20601576311523473,0.21036064284565836,-0.21064873654628724,0.21083200302210117,-0.21056877653712106,0.21081462106346907,-0.21039395226201993
0.0409845744342548,0.16474574982835777,-0.21933727441765719,0.2500000000000001,-0.24684945021779137,0.24073310313144092,-0.23985212344250542,0.24019107216854882,-0.24026413439956862,0.24039222176155067,-0.04772786609515177,-0.18832312374492619,0.07612928726564963,-0.09853776517457012,-0.18668061085060056,0.18626818471732773,-0.23974683150424497,0.23744883634197558,-0.23895410308776813,0.19574246915824584,-0.19601033848334234,0.16848438245317449,-0.23494268998340495,0.08757902563413754,-0.10835600144302183,-0.1935423273029032,0.0757308118029337,-0.24080453733024867,0.17712347025070405,-0.19599851522890535,0.1918809977913594,-0.22573265180547916,0.1998084404893456,-0.20481920690312477,0.08851000735937246,-0.11495974363470177,-0.0791435387559643,-0.03064086378944526,-0.1864158094842435,0.08353130363202249,-0.2311607384627888,0.10278420548753259,-0.1031058116797651,0.010889953728534513,-0.03504527355805361,0.011462806555825836,-0.03706063965540457,0.024589955026457586,-0.04316398320123894,-0.0843328579486315,0.20883929573285515,0.15166321835201457,-0.20703057844950967,0.23494685662169879,-0.24001445901463547,0.2402935217974274,-0.24051575234430864,0.2401947387020393,-0.24049583716985656,0.23996890145423272
-0.04397062702593138,-0.16175365423117427,0.2162579253375945,-0.24684945021779137,0.25,-0.2433069643736708,0.2419020260741835,-0.24165647303107532,0.24162382237081848,-0.24170817768322767,0.050675424495704814,0.18789450763892082,-0.07393826559109934,0.09810596592806968,0.18641691094999102,-0.18600448462388705,0.24101214066980198,-0.23871668709980576,0.24027465873965875,-0.19718337230663735,0.19624309401250936,-0.16814820978278952,0.236156645677689,-0.08714317580875533,0.10864998798631315,0.19344924976638184,-0.07561152004183887,0.24211994593809713,-0.17856076779118762,0.1974424726994068,-0.19209982935641717,0.22665627250808962,-0.2006871542290038,0.20573164335109126,-0.08878088493731057,0.1153690961633098,0.07907168614698029,0.030797033410973833,0.18786138551416157,-0.08427710123590722,0.23243795101795192,-0.10316383954866588,0.10348707531361978,-0.010830317554308997,0.03507856682873739,-0.011374982382686008,0.037210718337186234,-0.024699223681679386,0.043400228350185754,0.08508207591756786,-0.21001774350943317,-0.15255755542473598,0.20822801796771084,-0.23623847218097474,0.24132690948377802,-0.24160606413118466,0.2418292543630238,-0.2415064541418226,0.24180908311708402,-0.24127963997325955
0.049148542381112104,0.15657766207845566,-0.21096483672514746,0.24073310313144092,-0.2433069643736708,0.25000000000000017,-0.2484448447226851,0.24766835855960886,-0.24753406110023107,0.24757804971818836,-0.055830739576940736,-0.1860320329032204,0.06853800755234116,-0.10001606904997787,-0.1922982621281807,0.19188556668164877,-0.24689071952675448,0.24457593820614912,-0.2461499299162606,0.20292214264838543,-0.19678130648006648,0.16621056899284808,-0.2419888048900415,0.08903988858708961,-0.1109053798754317,-0.199329942874382,0.07914671072080909,-0.24799847142452744,0.1838994858379614,-0.20319348984535252,0.19255842886806582,-0.2318506826772766,0.20537500430495942,-0.21049194617949912,0.09037734348661904,-0.11765348533049558,-0.08269943627146904,-0.029075657426395844,-0.19335902134741936,0.08752770578462916,-0.23802146148748862,0.10510541622093947,-0.1054335137784798,0.008992244070635976,-0.03374878077855883,0.009228913460179202,-0.035760688026256586,0.022876868117765778,-0.04222742222628004,-0.08835704255571442,0.21502935303473775,0.15635286011763752,-0.21333008380966884,0.24194519700258713,-0.24719426509633038,0.24747192027968742,-0.24770348242425996,0.247368711552566,-0.24768296339671408,0.24713079354432851
-0.04949039689173174,-0.15578429811999572,0.2101201587241146,-0.23985212344250542,0.2419020260741835,-0.2484448447226851,0.25000000000000017,-0.24884179293947606,0.24857419397916306,-0.24838803818184008,0.05616165997035842,0.18573669315314084,-0.06765717673611608,0.10025015838425308,0.19315637219483622,-0.1927440258343332,0.24769399897865493,-0.24537705728343295,0.24695267205759439,-0.20372182407561934,0.1967906721151828,-0.16588866133337016,0.24279333534232894,-0.08928113749392078,0.11116344323013833,0.2001819996105694,-0.07968246309445103,0.2488010229364249,-0.18464605006981646,0.20399497312715525,-0.19255716433880585,0.23255196160473166,-0.2060010238205072,0.21112660769721922,-0.09054097766797266,0.11791901465384158,0.08324779759387711,0.02877635595990483,0.1941260518086927,-0.08799766907177438,0.2387820849659904,-0.10534639124493687,0.1056750691276837,-0.008683774239188114,0.03350619915219918,-0.008868433199385175,0.035500078123611944,-0.022565030369640214,0.042009542291908265,0.08883046452075898,-0.21571159735955608,-0.15687229928291757,0.2140281230308371,-0.2427237163732814,0.24799550029381032,-0.24827274216769035,0.24850553058845423,-0.2481690142902812,0.2484849706579888,-0.2479294240999353
0.04890617471510873,0.15617219158411463,-0.21050798192576028,0.24019107216854882,-0.24165647303107532,0.24766835855960886,-0.24884179293947606,0.2500000000000003,-0.24956597571759573,0.24897692006762517,-0.055567402862485335,-0.1862442029136752,0.06784906452074159,-0.10053761940994294,-0.19374403737962026,0.19333170790173265,-0.24826797742698095,0.24594472879726836,-0.24752127973965413,0.20416803407117085,-0.19724266575942256,0.1663255573676202,-0.24336954008363876,0.08954857184179288,-0.11143920624888004,-0.20076811358404284,0.07994947117097669,-0.24937476741157,0.18504108882833128,-0.2044417321075676,0.19299941091555037,-0.23309789292371286,0.20647772230867867,-0.21161396342460817,0.09075964204383949,-0.1181987846738865,-0.08352039293087839,-0.028802632917732118,-0.1945465450385521,0.08819063478527535,-0.23933056745946144,0.10559059089310564,-0.10591998654625777,0.008676571023035637,-0.033558380475724986,0.008860794861110837,-0.03554772639181665,0.022579210779633693,-0.04207015474193425,-0.08902552411773122,0.21620470929441687,0.15722865278576822,-0.21451643602651807,0.24328229006561167,-0.24856739393066013,0.24884527593834643,-0.24907867575865503,0.24874131813958744,-0.24905808583034802,0.24850105575956138
-0.04871283594260452,-0.15628487670545888,0.21060903078895976,-0.24026413439956862,0.24162382237081848,-0.24753406110023107,0.24857419397916306,-0.24956597571759573,0.2500000000000002,-0.24912199653206202,0.05535079630618139,0.18640302929246574,-0.06786872761105994,0.10046825344103251,0.1938078148071744,-0.19339544826469954,0.2483342073390203,-0.24601041840431417,0.24758708360638276,-0.20422139698204878,0.19735762808368118,-0.16646626635667391,0.2434360424981005,-0.08947750873085307,0.11137639582469747,0.20083201857044358,-0.07997615291520095,0.2494409313515953,-0.18509242686901672,0.20449519363243449,-0.19311258373137788,0.23316438434255074,-0.20652545230888675,0.21166284826172807,-0.09069849099864184,0.11816245387010813,0.08354848948273016,0.028801283159926607,0.1945995273791282,-0.08821793049701517,0.23939372850522853,-0.10559780082504859,0.10592726065810186,-0.00866608751590431,0.03355067575351135,-0.008843553220136254,0.03554480776443374,-0.02257591551072398,0.04207332061921574,0.08905304380743811,-0.21626272153706394,-0.15727107350402228,0.21457582275198664,-0.24334727295003314,0.24863340454810556,-0.24891130384560892,0.24914478049000557,-0.24880731096052633,0.2491241863784835,-0.24856695349577268
0.049309782079259804,0.15633708631266435,-0.21071490467590773,0.24039222176155067,-0.24170817768322767,0.24757804971818836,-0.24838803818184008,0.24897692006762517,-0.24912199653206202,0.2500000000000003,-0.05598025553889622,-0.18628962198790236,0.0677255561793777,-0.10047334846759558,-0.1939383453549402,0.1935259938897783,-0.248467990482108,0.2461440210750296,-0.24772098690928143,0.2043522738347912,-0.1973769102747966,0.1663785963734042,-0.24355507560754586,0.08947576789062345,-0.11141753753378386,-0.20096222362378838,0.08004985247695293,-0.24957467910058967,0.1852141427798777,-0.2046263410897301,0.19312991577312652,-0.23327717848151697,0.20663207523126517,-0.21177128858489588,0.09073045147317453,-0.1182115374288226,-0.0836244013953001,-0.028769609473659093,-0.19472470266496397,0.08828899572701648,-0.2395208014082619,0.10563601682432339,-0.10596559314822016,0.008628670201090063,-0.033524740339829946,0.008799548131841535,-0.035518651373665326,0.022541688426166048,-0.04205425449255467,-0.08912463878169122,0.2163774680109826,0.15735772672293075,-0.21469299835169148,0.24347746628269143,-0.24876688640030073,0.24904476598735475,-0.24927842225339772,0.2489406935429056,-0.24925781914296077,0.24870010215612334
-0.24285704694008678,0.037271201015097455,0.017365334492351264,-0.04772786609515177,0.050675424495704814,-0.055830739576940736,0.05616165997035842,-0.055567402862485335,0.05535079630618139,-0.05598025553889622,0.25000000000000033,-0.007649217889211184,-0.03711440545065992,0.06793294035158925,0.03647629313579283,-0.03633930768724808,0.055148290420936594,-0.05451612875285114,0.05515624003914453,-0.041738757518813493,0.028052902070006564,-0.0003047778600808529,0.05134594301022624,-0.062028359864776235,0.07417811813780785,0.03928452463710793,-0.010753928954494604,0.05572897706733606,-0.035368127963688906,0.041759736505759634,-0.027321614225646395,0.05124887957397779,-0.05191567909328998,0.053317284799013535,-0.06782844662855005,0.06484241992536957,0.01119099353496989,0.019980358553513163,0.03830405796045994,-0.01240119044878403,0.05377788022222502,-0.03624485003016164,0.036341417888729514,-0.016423966080264904,0.024433339112345805,-0.021225696739637995,0.023003230808891648,-0.018614342641650086,0.021649219334336074,0.012571566777559306,-0.048179665260771554,-0.03429615796583795,0.04639914556704432,-0.05424932844443857,0.055484173909772845,-0.05560952682009138,0.05564397309242745,-0.055595381833687806,0.055638642566747824,-0.05557750596095019
0.0023178090892164854,-0.14765264140428433,0.1874384429335257,-0.18832312374492619,0.18789450763892082,-0.1860320329032204,0.18573669315314084,-0.1862442029136752,0.18640302929246574,-0.18628962198790236,-0.007649217889211184,0.25000000000000033,-0.13109545984917662,0.11224375933928048,0.13283736795628948,-0.13242153254956812,0.18627153209563996,-0.18412593723069115,0.18476091752549142,-0.1417560709618416,0.203208945968028,-0.23001605262109634,0.1900712016487474,-0.10139695009697376,0.09287920409379577,0.1379562244274613,-0.03977226232458332,0.18661697649931686,-0.1266172630490656,0.14189598511060073,-0.1998059176670814,0.18741961452481187,-0.16154710536335673,0.16584996323627987,-0.07745601740289121,0.09761425546274799,0.04228699387689841,0.048946690939320824,0.13443102869798618,-0.053461042547853256,0.17983025691794674,-0.09305261524226838,0.0933352396815762,-0.032280920169860894,0.05200712955460425,-0.03580639096607743,0.05281966312734312,-0.043781918554914694,0.05519699913356064,0.05403743733754024,-0.162242306451012,-0.11653379109422957,0.15908064348251044,-0.1821521806232536,0.185915516510083,-0.1862198776380604,0.18636242559396973,-0.18615501654596936,0.1863453239303306,-0.1860370142291992
0.04240266339876449,0.07036479003253647,-0.10656390304906081,0.07612928726564963,-0.07393826559109934,0.06853800755234116,-0.06765717673611608,0.06784906452074159,-0.06786872761105994,0.0677255561793777,-0.03711440545065992,-0.13109545984917662,0.2500000000000003,-0.21716359905083804,-0.025181079819294638,0.024768570096001242,-0.0673949891042719,0.06564704327317326,-0.0658722421020078,0.023490124626640182,-0.09469657645072166,0.12401707460373748,-0.07196746450765208,0.20646555491710855,-0.18558956096852416,-0.029888503025702593,-0.021037296758181417,-0.06771439751070447,0.01054153298636741,-0.02333490250335355,0.0938812990718788,-0.07659894479527099,0.07752333826265081,-0.08036936048406397,0.17141214791006593,-0.15172826124572142,0.021590556339506392,-0.08609341138650443,-0.01704449913454481,-0.018663442579017187,-0.06685454860040382,0.08315317283086333,-0.08335978699615713,0.08023402662545652,-0.09563528017084882,0.09939534458173203,-0.09072697662109681,0.08389780557030678,-0.08093359745075988,0.018543839436072625,0.058976443352062646,0.037801997939361766,-0.05137256765149966,0.06584842308351274,-0.06716083344278793,0.06756856952168083,-0.06753811600846835,0.06758802664390208,-0.06752980935634686,0.0677103639923828
-0.06814121845706393,-0.05373145430172342,0.09938226060960623,-0.09853776517457012,0.09810596592806968,-0.10001606904997787,0.10025015838425308,-0.10053761940994294,0.10046825344103251,-0.10047334846759558,0.06793294035158925,0.11224375933928048,-0.21716359905083804,0.25000000000000033,0.04484464935074792,-0.04443375712549298,0.09944059061419998,-0.0976086913389331,0.09869228726964997,-0.055637568200588045,0.0899957477658432,-0.10425767601107722,0.10468439010187414,-0.23889051326018798,0.21815776240182905,0.0518926044595896,0.008830085665023262,0.10054823563280806,-0.0402696911229099,0.055541886139957836,-0.08887871119838382,0.10546972585124403,-0.10569265402608499,0.10909587941992759,-0.19888240617156053,0.17934443650050957,-0.008828860488780503,0.08317957821224269,0.0477516873414964,0.002029092753855882,0.09830684261085472,-0.09988964844590263,0.10013405369824473,-0.07665916844589879,0.09570391115471792,-0.09593634364445573,0.08961443584058715,-0.08031657426313808,0.08028887413189961,-0.0017876440518932596,-0.08709927323581226,-0.05901292522654333,0.0794532194597968,-0.09769402280750296,0.09990933331261709,-0.10033016414165413,0.1003362689737501,-0.10033188928095028,0.10032466912057847,-0.1004111720246422
-0.030318862009526402,-0.12304892502166523,0.16358819474033792,-0.18668061085060056,0.18641691094999102,-0.1922982621281807,0.19315637219483622,-0.19374403737962026,0.1938078148071744,-0.1939383453549402,0.03647629313579283,0.13283736795628948,-0.025181079819294638,0.04484464935074792,0.2500000000000003,-0.24957691376589486,0.19540192785361116,-0.19308808879836933,0.19244143709590966,-0.14972329823471414,0.14414594574720546,-0.1133466341704056,0.18837307457526642,-0.041837669444508764,0.06310471880045898,0.24208330062807012,-0.1230201639377676,0.19429622482286718,-0.1315050597688725,0.14992311168579517,-0.14066488516121642,0.1784025159513475,-0.1552055148774103,0.15829563104786232,-0.045024179033162096,0.07091810123393569,0.12441706507307328,-0.015401927481161665,0.14050864234043875,-0.06832126661894652,0.18469441963472336,-0.0662482271985925,0.06645733809381572,0.025194971253696435,-0.006219688869243411,0.029006207375585038,-0.007208632890434145,0.018806736681856395,-0.00035640265591432456,0.06909326071257489,-0.16614073724706746,-0.12001636516809452,0.16590792422757022,-0.18909583113658465,0.1937329983450981,-0.19389180679221166,0.19413557816679022,-0.19380913074057265,0.19413119450891242,-0.1935157864912914
0.03018350737482308,0.12275533668573,-0.16317599561201246,0.18626818471732773,-0.18600448462388705,0.19188556668164877,-0.1927440258343332,0.19333170790173265,-0.19339544826469954,0.1935259938897783,-0.03633930768724808,-0.13242153254956812,0.024768570096001242,-0.04443375712549298,-0.24957691376589486,0.2500000000000002,-0.19499058605796657,0.1926771294641441,-0.19202891670793767,0.14931632395522787,-0.14373116073851405,0.1129323758079935,-0.187960318545249,0.04143324014831368,-0.06269298620084678,-0.24244191785520855,0.12340746034582102,-0.19388339086724404,0.13110347020226587,-0.149515634395302,0.14025544624518685,-0.17798985516398633,0.15481485693504088,-0.15788839700015483,0.044632535408695787,-0.07052375828149218,-0.12478772121339199,0.01578650988848334,-0.1401035509977389,0.06818311575536612,-0.184282724436973,0.06592926972315935,-0.0661374096379106,-0.025495029027821393,0.006565879361866013,-0.029343970422240687,0.00757978758820032,-0.019168742126313427,0.0007215910827430738,-0.0689547753823106,0.16576298106558682,0.11973648208711199,-0.16554381024163028,0.18868924181117672,-0.19332213009584612,0.19347991642935747,-0.193723843551394,0.19339738686537897,-0.19371959220753482,0.19310350519678168
-0.0485816233920459,-0.15611444830965748,0.21025311595611662,-0.23974683150424497,0.24101214066980198,-0.24689071952675448,0.24769399897865493,-0.24826797742698095,0.2483342073390203,-0.248467990482108,0.055148290420936594,0.18627153209563996,-0.0673949891042719,0.09944059061419998,0.19540192785361116,-0.19499058605796657,0.2500000000000004,-0.24767102542992994,0.24703593353160164,-0.2036558584125618,0.19743109952775664,-0.16639830065992353,0.2428674483388956,-0.0890107466525619,0.11094042555122388,0.2007435296242468,-0.07988744292464692,0.248892077184261,-0.1845279540620043,0.20392851941382484,-0.19318900303244438,0.23265033584753464,-0.2060467776897389,0.2111744428215431,-0.09034664135445893,0.1177838248613803,0.08344331907241537,0.02884243622054343,0.19402419690786366,-0.08788757543152749,0.23886477738501447,-0.10530944062327666,0.10563827115942946,-0.008724616788491162,0.03355763021530898,-0.008914321527847085,0.03556782042851386,-0.02263145733197411,0.042082653877679,0.08872081878493315,-0.21578857264223023,-0.15690514221000704,0.21409910100631496,-0.24281444123854867,0.24808578558797476,-0.24836368643328033,0.24859659870631592,-0.24826004173252503,0.24857608637707748,-0.24802035251997914
0.04797644297708743,0.1545039913634618,-0.20803430709862025,0.23744883634197558,-0.23871668709980576,0.24457593820614912,-0.24537705728343295,0.24594472879726836,-0.24601041840431417,0.2461440210750296,-0.05451612875285114,-0.18412593723069115,0.06564704327317326,-0.0976086913389331,-0.19308808879836933,0.1926771294641441,-0.24767102542992994,0.25000000000000033,-0.24841768723466778,0.20505721061261686,-0.19524936653737276,0.16431124660575014,-0.24055995626914467,0.08720417602729785,-0.10906752059988702,-0.19841814619154174,0.07781472411573115,-0.24656470281667522,0.185962016867256,-0.20532886957067661,0.19104047123351595,-0.23037294451016865,0.20395822214922948,-0.20900533631825452,0.08873350787540459,-0.1160269896063614,-0.08135353132059564,-0.027473430025152356,-0.1949468049291532,0.08906793184599957,-0.23658143562203468,0.10377415636632138,-0.10409838234722732,0.007617078739035106,-0.03214913392726652,0.00761496950743596,-0.03416476212329267,0.021287474861849846,-0.04064481331540212,-0.08989101676684602,0.21377984963031949,0.15579290319635994,-0.21237293973414964,0.24055995398170066,-0.24577417494690285,0.24604042343026533,-0.24627113976067774,0.24593600200169785,-0.24625014890551386,0.24569776312819863
-0.048478259538937446,-0.1553824141261856,0.2092439785136703,-0.23895410308776813,0.24027465873965875,-0.2461499299162606,0.24695267205759439,-0.24752127973965413,0.24758708360638276,-0.24772098690928143,0.05515624003914453,0.18476091752549142,-0.0658722421020078,0.09869228726964997,0.19244143709590966,-0.19202891670793767,0.24703593353160164,-0.24841768723466778,0.2500000000000004,-0.206574280126331,0.19583785180096058,-0.16480302983101608,0.24211912989650486,-0.08768729239581688,0.1096548254082004,0.19947203694992263,-0.07837359863363502,0.2481437674032862,-0.18740818100573065,0.2068487115032477,-0.19160806895786464,0.23181605603556082,-0.2052412109013301,0.2103146648464674,-0.08915972845828042,0.11664718525960258,0.08194533814336084,0.02732515658266045,0.19643081175443874,-0.0898832607264662,0.238092538693665,-0.1043708677808392,0.10469676615526335,-0.007380888133918709,0.032049560778563656,-0.007322540679339842,0.03406253212747334,-0.021101613195514436,0.04060759718783248,0.0907120072366231,-0.21514338198743288,-0.15682097575629259,0.21375143796135637,-0.2420975769899403,0.24734955677950032,-0.24761606094578048,0.24784857364768134,-0.2475107342462421,0.24782742453014792,-0.24727030887634927
0.03529121720446233,0.12468848067989584,-0.16619590333221523,0.19574246915824584,-0.19718337230663735,0.20292214264838543,-0.20372182407561934,0.20416803407117085,-0.20422139698204878,0.2043522738347912,-0.041738757518813493,-0.1417560709618416,0.023490124626640182,-0.055637568200588045,-0.14972329823471414,0.14931632395522787,-0.2036558584125618,0.20505721061261686,-0.206574280126331,0.2500000000000002,-0.15252830985443513,0.12202665762997449,-0.1987074222624828,0.04470771292204593,-0.06657692604112203,-0.15610866647671448,0.035348261197513844,-0.20471850703000044,0.2302952095363499,-0.24972423981977185,0.14887540611971944,-0.18842697403877456,0.16481705460397036,-0.1681783950098684,0.05134480459528183,-0.07741912919338577,-0.03868807969744071,0.00609406210086111,-0.22764417056286185,0.12266267599541188,-0.19516895778911947,0.07143658930869595,-0.07166549726974887,-0.02069867173929123,0.002191155117679376,-0.02577686899823299,-0.0001371407816459936,-0.011973848623379873,-0.006463729462535284,-0.12329500200803194,0.17766149590656388,0.13786862255752397,-0.18303218539497976,0.20010835799360208,-0.20426757069863485,0.20426366845028587,-0.20445843121751195,0.20413418741050474,-0.20442535777264592,0.2039106634956324
-0.028368037458430695,-0.1442028913741023,0.18609227202577638,-0.19601033848334234,0.19624309401250936,-0.19678130648006648,0.1967906721151828,-0.19724266575942256,0.19735762808368118,-0.1973769102747966,0.028052902070006564,0.203208945968028,-0.09469657645072166,0.0899957477658432,0.14414594574720546,-0.14373116073851405,0.19743109952775664,-0.19524936653737276,0.19583785180096058,-0.15252830985443513,0.2500000000000004,-0.2189616835726041,0.20337298537865564,-0.08107839548760061,0.08088380839594532,0.14902221039399377,-0.028762923699185327,0.19769392487629897,-0.13528529699122854,0.15268747342499422,-0.24571100390911665,0.2115629344332154,-0.18489106247995596,0.1894100299609018,-0.07013719471463328,0.09764772904153786,0.03151855430911498,0.06191717178370073,0.1427741126282253,-0.055267072854577645,0.1905173649923689,-0.1012766560475792,0.10158735707484008,-0.044360179900069074,0.06504155724866124,-0.04684070248240599,0.0647267992441753,-0.05598116525519299,0.06704245431156795,0.05584719524620134,-0.17196747298331014,-0.12417966805193761,0.16901680287983661,-0.1931770406194174,0.19693020003187142,-0.1972717694130436,0.19740866939814422,-0.19720445979101014,0.19738836730405693,-0.1971041057865133
0.005627221215811226,0.13115826577631476,-0.16781396437680662,0.16848438245317449,-0.16814820978278952,0.16621056899284808,-0.16588866133337016,0.1663255573676202,-0.16646626635667391,0.1663785963734042,-0.0003047778600808529,-0.23001605262109634,0.12401707460373748,-0.10425767601107722,-0.1133466341704056,0.1129323758079935,-0.16639830065992353,0.16431124660575014,-0.16480302983101608,0.12202665762997449,-0.2189616835726041,0.25000000000000056,-0.17268098646550514,0.09544200121317861,-0.08338255395570922,-0.11815524087997262,0.021718345163648168,-0.16665641948547935,0.10773819427664848,-0.12212377356462864,0.21560622755252754,-0.180910874841898,0.1551717761623519,-0.15916004796450717,0.07331510807108566,-0.09301287995924794,-0.023916281844715476,-0.05962315658235862,-0.11480669863030839,0.04167460561048263,-0.16090943527700893,0.09318686396035711,-0.09346086030197363,0.04511268466671938,-0.06338025762756976,0.04940057128264238,-0.06229195155695758,0.05463994003550736,-0.06276073418380715,-0.0421590562009687,0.14489468194439406,0.10377970449689594,-0.14124614522494025,0.1627107888555862,-0.16597487227495586,0.16629994752556132,-0.16640791187920587,0.16624860425810464,-0.16639112163637443,0.1661800391889902
-0.04576906679073275,-0.15176324674776134,0.20569746157791452,-0.23494268998340495,0.236156645677689,-0.2419888048900415,0.24279333534232894,-0.24336954008363876,0.2434360424981005,-0.24355507560754586,0.05134594301022624,0.1900712016487474,-0.07196746450765208,0.10468439010187414,0.18837307457526642,-0.187960318545249,0.2428674483388956,-0.24055995626914467,0.24211912989650486,-0.1987074222624828,0.20337298537865564,-0.17268098646550514,0.2500000000000002,-0.09556575435580439,0.11747349462291878,0.19530348440213988,-0.07429210515569422,0.24397526893383328,-0.17976216834768124,0.19896854857962765,-0.199459872055032,0.23968711996109282,-0.21298723297279842,0.21789442355784175,-0.09680889913941494,0.12434289948981445,0.07777713879654193,0.031568991853082644,0.18905235893365374,-0.08564261715644673,0.23412725894460615,-0.11180390314426324,0.11213360589475688,-0.014614092879320568,0.03954498278046603,-0.014773065598063757,0.038331202004284706,-0.02540986922286263,0.04338470020336575,0.08645658413184207,-0.21096007980342718,-0.15384258873180828,0.20903823552498527,-0.23786775300794585,0.2431664624025531,-0.24345442962471742,0.24367864852487206,-0.2433542147033885,0.24365799225633844,-0.2431278105856175
0.06236535463791659,0.04697095352641942,-0.088521525064185,0.08757902563413754,-0.08714317580875533,0.08903988858708961,-0.08928113749392078,0.08954857184179288,-0.08947750873085307,0.08947576789062345,-0.062028359864776235,-0.10139695009697376,0.20646555491710855,-0.23889051326018798,-0.041837669444508764,0.04143324014831368,-0.0890107466525619,0.08720417602729785,-0.08768729239581688,0.04470771292204593,-0.08107839548760061,0.09544200121317861,-0.09556575435580439,0.2500000000000003,-0.22802952901173562,-0.0414017610745287,-0.015452420124066588,-0.08954115477168736,0.029492212946752493,-0.04458490363855861,0.08016374531281846,-0.09665829887066191,0.09962070490734308,-0.10288028788940282,0.20884404485767855,-0.18572351090965597,0.015726679180849187,-0.08737187391864536,-0.036830968443617565,-0.008810141106252833,-0.08785108881795005,0.10001760111908217,-0.1002562685912695,0.08214814316113249,-0.10087277814928795,0.10286731131039355,-0.09387362393615183,0.08476126006468425,-0.08326565053011527,0.008612502810930369,0.0774895068558354,0.05176346436602378,-0.06941538834889466,0.086920061734424,-0.08891311084290413,0.08934598820063383,-0.08933499934673976,0.0893557362011706,-0.08932405158199884,0.08945930253548318
-0.07227476571001515,-0.060310144722220294,0.10518344716357231,-0.10835600144302183,0.10864998798631315,-0.1109053798754317,0.11116344323013833,-0.11143920624888004,0.11137639582469747,-0.11141753753378386,0.07417811813780785,0.09287920409379577,-0.18558956096852416,0.21815776240182905,0.06310471880045898,-0.06269298620084678,0.11094042555122388,-0.10906752059988702,0.1096548254082004,-0.06657692604112203,0.08088380839594532,-0.08338255395570922,0.11747349462291878,-0.22802952901173562,0.2500000000000002,0.06283904545526317,0.006976658983188157,0.11151079038268824,-0.04867198630690815,0.06650424730559885,-0.07979050043964496,0.11851729642699532,-0.12094448446393186,0.1245465854168396,-0.2292307167509423,0.20622836016931065,-0.007036375672232493,0.0860119043320552,0.05659587513392719,-0.0017533201018207919,0.10885441602707951,-0.1128090290126725,0.1130744041430691,-0.08084907967766064,0.10218577924196459,-0.10182179767295041,0.09383196106919105,-0.08296852826297131,0.08324228805416244,0.0020330483249341477,-0.0961547575223436,-0.06584466631013342,0.08796563114539421,-0.10819158925936596,0.110820393814538,-0.11126697082211709,0.11128007636095245,-0.11126556506602775,0.11126705779309941,-0.1113414941265209
-0.032807542299147265,-0.12741024506124918,0.16972331627492085,-0.1935423273029032,0.19344924976638184,-0.199329942874382,0.2001819996105694,-0.20076811358404284,0.20083201857044358,-0.20096222362378838,0.03928452463710793,0.1379562244274613,-0.029888503025702593,0.0518926044595896,0.24208330062807012,-0.24244191785520855,0.2007435296242468,-0.19841814619154174,0.19947203694992263,-0.15610866647671448,0.14902221039399377,-0.11815524087997262,0.19530348440213988,-0.0414017610745287,0.06283904545526317,0.25000000000000017,-0.12888726652592225,0.20132812415843288,-0.13720436335606162,0.15632155638887735,-0.1453810517906628,0.18500039979144875,-0.16076297345369275,0.16391553164930736,-0.04428075320054303,0.07157369260803492,0.13038694179870625,-0.017975713422974077,0.14641370257363776,-0.07179499859654087,0.1913041358543796,-0.0677473717603337,0.06796134900126757,0.02785266000934403,-0.008308430934278108,0.032204903364705446,-0.00944704711079532,0.02147613866426339,-0.0021969245545035952,0.07259843760096163,-0.17208108736813382,-0.12445495980184221,0.1720119297952273,-0.19593113592224407,0.20075164603608298,-0.2009089784128375,0.2011640510536951,-0.20082228593630475,0.20115963077471366,-0.20051358798464244
0.0067004702278375735,0.04753636717395766,-0.06205172789060453,0.0757308118029337,-0.07561152004183887,0.07914671072080909,-0.07968246309445103,0.07994947117097669,-0.07997615291520095,0.08004985247695293,-0.010753928954494604,-0.03977226232458332,-0.021037296758181417,0.008830085665023262,-0.1230201639377676,0.12340746034582102,-0.07988744292464692,0.07781472411573115,-0.07837359863363502,0.035348261197513844,-0.028762923699185327,0.021718345163648168,-0.07429210515569422,-0.015452420124066588,0.006976658983188157,-0.12888726652592225,0.2500000000000002,-0.08021901567674299,0.017196470191524496,-0.03546969921224027,0.026613721915172334,-0.0641508363170606,0.04447134896674461,-0.04351035992923176,-0.02314250856491454,0.04561244386037746,-0.24635473476455244,0.13497982786444743,-0.02557997000441731,0.030233460050048688,-0.07052356219206078,-0.025828924602407786,0.02590205979714439,-0.11830670959513394,0.11281194053665546,-0.13405268622964428,0.12100302885704099,-0.13064821539904797,0.11192932862071535,-0.030946296782055776,0.06113426804676107,0.04187638392308396,-0.06479025730185589,0.07656166759252432,-0.08021981562427029,0.0800773229700773,-0.0803834436882561,0.08003431378545234,-0.0804190976545592,0.0795593865559676
-0.04904272330357953,-0.1567048167628261,0.21109565997749072,-0.24080453733024867,0.24211994593809713,-0.24799847142452744,0.2488010229364249,-0.24937476741157,0.2494409313515953,-0.24957467910058967,0.05572897706733606,0.18661697649931686,-0.06771439751070447,0.10054823563280806,0.19429622482286718,-0.19388339086724404,0.248892077184261,-0.24656470281667522,0.2481437674032862,-0.20471850703000044,0.19769392487629897,-0.16665641948547935,0.24397526893383328,-0.08954115477168736,0.11151079038268824,0.20132812415843288,-0.08021901567674299,0.25000000000000033,-0.18555239358945735,0.20499318335206185,-0.19343953005984052,0.2336721812342357,-0.2069715145378514,0.21211843705026528,-0.09078994340309249,0.11833545217561153,0.08380044635223269,0.028765164871057736,0.19507689533844497,-0.08846673040904979,0.2399276523444817,-0.10578535434798163,0.10611541507961031,-0.008592245356952554,0.03352525197734186,-0.00875083316679121,0.03552420518379264,-0.022527120627489773,0.042077724846519206,0.08930388208037271,-0.21674541936324287,-0.15762847912103092,0.21506229055548967,-0.2438922246237076,0.24919095895207666,-0.2494690992313006,0.2497032202983753,-0.24936481907318428,0.24968258507410937,-0.2491236871078804
0.029372555334468108,0.11252508046575795,-0.148929006718605,0.17712347025070405,-0.17856076779118762,0.1838994858379614,-0.18464605006981646,0.18504108882833128,-0.18509242686901672,0.1852141427798777,-0.035368127963688906,-0.1266172630490656,0.01054153298636741,-0.0402696911229099,-0.1315050597688725,0.13110347020226587,-0.1845279540620043,0.185962016867256,-0.18740818100573065,0.2302952095363499,-0.13528529699122854,0.10773819427664848,-0.17976216834768124,0.029492212946752493,-0.04867198630690815,-0.13720436335606162,0.017196470191524496,-0.18555239358945735,0.25000000000000006,-0.23055853708661306,0.131923673160106,-0.1698603174399751,0.1473881261050278,-0.14999049909931544,0.03439642590019293,-0.05979978307640865,-0.02047729420484386,0.020867218535413692,-0.24044220679868158,0.13659405412664052,-0.17620313874627835,0.057025081284261106,-0.05721125316216584,-0.03291225363037865,0.017096945972925246,-0.040279713446657504,0.014831906231453515,-0.026570979053806967,0.008634333909333264,-0.13714167730601498,0.16106311676640064,0.1294005184505144,-0.16938580040182072,0.18156860912840184,-0.1852509967257035,0.18512991764651482,-0.18530858064941896,0.184990244125716,-0.18527052676328068,0.18477348228230478
-0.035299302441997187,-0.12484279040515991,0.16638695713166782,-0.19599851522890535,0.1974424726994068,-0.20319348984535252,0.20399497312715525,-0.2044417321075676,0.20449519363243449,-0.2046263410897301,0.041759736505759634,0.14189598511060073,-0.02333490250335355,0.055541886139957836,0.14992311168579517,-0.149515634395302,0.20392851941382484,-0.20532886957067661,0.2068487115032477,-0.24972423981977185,0.15268747342499422,-0.12212377356462864,0.19896854857962765,-0.04458490363855861,0.06650424730559885,0.15632155638887735,-0.03546969921224027,0.20499318335206185,-0.23055853708661306,0.25000000000000017,-0.1490296759900058,0.18866547529444805,-0.16501545775335805,0.1683808762340513,-0.05125767247769329,0.07739622968617936,0.038816209899268636,-0.006154505696745051,0.2279124713570446,-0.12281885587678176,0.1954308286753596,-0.07148580808440914,0.07171493781590417,0.020783170793437267,-0.002259869463617417,0.02588537384000318,7.919494053440675e-5,0.012041020406865936,0.006427958091437224,0.12345219967043343,-0.17790024729921897,-0.13804949394660299,0.1832782577900054,-0.2003767515997663,0.20454178990118865,-0.20453776060907192,0.2047328838763624,-0.20440810006116564,0.20469978657757495,-0.20418409751831515
0.027714336260318866,0.14137524259801415,-0.18242024595286851,0.1918809977913594,-0.19209982935641717,0.19255842886806582,-0.19255716433880585,0.19299941091555037,-0.19311258373137788,0.19312991577312652,-0.027321614225646395,-0.1998059176670814,0.0938812990718788,-0.08887871119838382,-0.14066488516121642,0.14025544624518685,-0.19318900303244438,0.19104047123351595,-0.19160806895786464,0.14887540611971944,-0.24571100390911665,0.21560622755252754,-0.199459872055032,0.08016374531281846,-0.07979050043964496,-0.1453810517906628,0.026613721915172334,-0.19343953005984052,0.131923673160106,-0.1490296759900058,0.24999999999999997,-0.2097672022599189,0.18325388550649763,-0.1876650148813046,0.06996077986682239,-0.09713416808359662,-0.029305246190912453,-0.06209031839124167,-0.13924441851860514,0.053664143802230786,-0.18641959528565344,0.10098538777464755,-0.1012918398547876,0.045355959069650086,-0.06574521363390987,0.04788376266290145,-0.06483201731687752,0.0562453383730742,-0.0667568548345401,-0.054229340438464814,0.16817123756994742,0.12149806433556584,-0.16520954435057245,0.18900128805264868,-0.19268596734670715,0.19302586513338532,-0.1931579541550271,0.19296061137775064,-0.19313789296829587,0.1928660897244328
-0.04708694951774654,-0.1466957468096667,0.19893014845921317,-0.22573265180547916,0.22665627250808962,-0.2318506826772766,0.23255196160473166,-0.23309789292371286,0.23316438434255074,-0.23327717848151697,0.05124887957397779,0.18741961452481187,-0.07659894479527099,0.10546972585124403,0.1784025159513475,-0.17798985516398633,0.23265033584753464,-0.23037294451016865,0.23181605603556082,-0.18842697403877456,0.2115629344332154,-0.180910874841898,0.23968711996109282,-0.09665829887066191,0.11851729642699532,0.18500039979144875,-0.0641508363170606,0.2336721812342357,-0.1698603174399751,0.18866547529444805,-0.2097672022599189,0.2500000000000002,-0.22329921265357558,0.22779601854708406,-0.10711765331848717,0.13463394591916644,0.06747272520342201,0.036364617600795776,0.17874916787553335,-0.08081465105481932,0.2242074239187171,-0.12211277253462646,0.12244187083153955,-0.02491993095474122,0.049848263112402875,-0.02507852798884664,0.04313291641116359,-0.030340433389601407,0.04561870903982506,0.08158897520214373,-0.2010647817877679,-0.14736844451348569,0.19873457002244005,-0.22756459225791764,0.23286361163603184,-0.23316839694154476,0.23337568066462844,-0.23307513435737182,0.23335498773844904,-0.2328739206999898
