x1,x2,x3,x4,x5,x6,x7,x8,x9,x10,x11,x12,x13,x14,x15,x16,x17,x18,x19,x20,x21,x22,x23,x24,x25,x26,x27,x28,x29,x30,x31,x32,x33,x34,x35,x36,x37,x38,x39,x40,x41,x42,x43,x44,x45,x46,x47,x48,x49,x50,x51,x52,x53,x54,x55,x56,x57,x58,x59,x60
0.25000000000000006,-0.11186811343155798,0.11114709831079995,-0.10228225352088023,0.10221607815641615,-0.1013499896269365,0.10103703011806447,-0.1011498898472987,0.1009250919317102,-0.10142025933138839,-0.18120045098754842,0.13812168975422712,-0.11341566381468826,0.08721917645312029,-0.07345175124459218,0.05801623458089877,-0.05263581673638654,0.042907948366128455,-0.036811007009478224,0.03398389273899946,0.07167724346273367,-0.08156954496783632,0.08269651965452345,-0.0684011815899112,0.055649327371594295,-0.042544628169882324,0.03978044356887324,-0.037726110028584864,0.0379535010573233,-0.03693325610339449,-0.07192605995790333,0.05621397183621163,-0.045843442688940264,0.026559221366206726,-0.01692994088444297,-0.008888905516083899,0.021258077496029534,-0.04405810762266128,0.054319494345041144,-0.06830054961387319,-0.015194045481750825,0.026130530482268117,-0.044462846183358544,0.05187257859418875,-0.06411158114392798,0.07076269510850228,-0.0753126912711404,0.07463553235684764,-0.07227502941862417,0.06894271827887709,-0.010102364979573324,-0.08862936041020254,0.08753601151000484,-0.10047178545859715,0.10021431108962105,-0.10122309720922401,0.10085124153167897,-0.10121451536340825,0.10108700398033532,-0.1014222729157752
-0.11186811343155798,0.25000000000000006,-0.24808643052005117,0.2403800039876654,-0.2397570121815541,0.2391612156648034,-0.23863309094574447,0.23917732314516424,-0.238266176101913,0.2395481995321826,0.1771434048928112,-0.20719043269566945,0.20607765684996915,-0.18344113972393009,0.1666146119353359,-0.14255252284518047,0.13319393201056678,-0.11584359364293145,0.1059742626861928,-0.09911550057987364,-0.09520715389134096,0.11528841029296119,-0.13208544269152916,0.12585059784526384,-0.11123081328268877,0.09822738298594949,-0.09696530293306607,0.09818197728549538,-0.10171841537133716,0.10341657477134011,0.10101925337316886,-0.07373812043082424,0.05576186398984273,-0.02072261395167276,0.0031588779386011187,0.046111736138997585,-0.06759941476717117,0.113259956964393,-0.13390326479987016,0.16352495143749185,0.06071666126512333,-0.08846641237632165,0.12422806480668634,-0.13845651106877704,0.16253940301529302,-0.17603547291329227,0.18453098644327762,-0.18139389177434137,0.17438714854708845,-0.16479866671030025,0.0010266646177007944,0.21340703981935683,-0.2111818713890268,0.23760217407758374,-0.23707437196451514,0.23913997770063286,-0.23828147622647114,0.23911785340510555,-0.23880543435373408,0.23955179950763977
0.11114709831079995,-0.24808643052005117,0.2500000000000001,-0.24046759822427458,0.23985255068162117,-0.23912504811527188,0.23860033040408396,-0.23913553015631067,0.238225537169393,-0.2395077974716773,-0.178057184272275,0.20839821490416524,-0.20791431082017103,0.18499182543551512,-0.1681180371600764,0.1439612388147422,-0.13456655549640922,0.11714623029829649,-0.10724272598535102,0.10035493699674665,0.09655634456259807,-0.11671900001032816,0.13351982439181126,-0.12719391790992365,0.11250032820939286,-0.09946373102727599,0.09816965046871169,-0.09941681010067124,0.10296001424260946,-0.10467089284838625,-0.10230438633800203,0.07492974549394552,-0.05693718092219195,0.02175814806036017,-0.004128741179608001,-0.04534233032721662,0.06691300262866166,-0.1127560872609139,0.13347729953833015,-0.16321163136966496,-0.060176588356805845,0.08786224089851584,-0.12374792950686603,0.1380250274156321,-0.16220540443520107,0.17575011325605064,-0.18428910009123362,0.18113650357763394,-0.17410897551651291,0.1644912773495396,-0.0015102923230270254,-0.2132653978582018,0.21103153325962729,-0.23755424139123313,0.23702442764161447,-0.2390980384410191,0.23823904054233616,-0.23907581305780967,0.2387623362821953,-0.2395114164041799
-0.10228225352088023,0.2403800039876654,-0.24046759822427458,0.25,-0.24919772402245316,0.2486460856365754,-0.2480720611699744,0.2486667171300795,-0.24771592086213995,0.24903944916783768,0.17052797552516238,-0.20077369027523959,0.1987263276450719,-0.17664151006587842,0.1597579499662341,-0.13559512406386087,0.12618796501477922,-0.10875655529891881,0.09882300780284063,-0.0919278578902244,-0.08791224463545551,0.10812073963829034,-0.12504129143808967,0.11877638053530656,-0.10424282564117807,0.09103653453202311,-0.09000322107093174,0.09099267028408048,-0.09460538936161303,0.09625502876071187,0.09436148336511885,-0.06681629764599403,0.04824350389021084,-0.013033194275209468,-0.004671516453723664,0.05419492748894564,-0.07589286364293452,0.12184930023880224,-0.14266466420013715,0.17249060126397794,0.06741179416061047,-0.09675576899208398,0.13287162429631777,-0.14724994147522397,0.1714618617430199,-0.18508135149510033,0.19356474620443054,-0.1904809099424576,0.1834224852606124,-0.1737650710197223,-0.0028551832036732474,0.22271628642202163,-0.22047633463477692,0.24707974150479167,-0.24654802179048285,0.24862798356230661,-0.24774045353172147,0.24860597458073722,-0.24829128178812954,0.24904302025906327
0.10221607815641615,-0.2397570121815541,0.23985255068162117,-0.24919772402245316,0.2500000000000001,-0.2487354333162765,0.24819613125640755,-0.2478706277594168,0.24692642870601375,-0.24824327334965074,-0.17024937984183494,0.20058581888550037,-0.19873723016878733,0.1771099592181847,-0.16054820468502426,0.1363855346316064,-0.1269788473858844,0.10954760459188218,-0.09961434947722847,0.0927191329628439,0.0884259324754909,-0.10863677187392658,0.12555498197222437,-0.11937437878035041,0.10493055161498203,-0.09182768561219717,0.09077536664077344,-0.09178408814739471,0.09539101654969273,-0.09704599205103714,-0.09482958148395332,0.0673691671329873,-0.04888530815414928,0.013741988506747852,0.003929333356225168,-0.05342115677785256,0.0750991177565807,-0.12105757463603423,0.141869978787409,-0.17169575617113822,-0.06683322761472996,0.09603928523802309,-0.13211226629706102,0.14647074061644957,-0.17067348547019387,0.1842860732929285,-0.19277645266794544,0.18968555985304594,-0.18262775546468935,0.1729709976759641,0.0025172619359588293,-0.22192343453248767,0.21968379048364325,-0.24628372700455212,0.24575209811098603,-0.24783184938686015,0.24694655558805853,-0.247809814006102,0.24749514037390274,-0.24824684733447042
-0.1013499896269365,0.2391612156648034,-0.23912504811527188,0.2486460856365754,-0.2487354333162765,0.25000000000000006,-0.24940409349346107,0.24912613973898246,-0.24817443451915466,0.24949884472843317,0.1697533345507623,-0.20003004423598666,0.19788661277845998,-0.1760183327451662,0.15929207156519998,-0.13512985531644517,0.12572256943964918,-0.10829148866256494,0.09835803196999503,-0.09146309538964578,-0.08731226848306907,0.10752001770422162,-0.12444165229959976,0.1182152959324437,-0.10374175504473998,0.09057159373162786,-0.08955371382164505,0.09052783559743524,-0.09414387184700887,0.09579031870486066,0.09380315632702028,-0.06628749995989971,0.04770524207353716,-0.012532008548267169,-0.005159829827304751,0.05465999261538272,-0.07635497212372022,0.12230913588124515,-0.14312574037176484,0.17295105922232415,0.06780776764221196,-0.09723615315469632,0.1333438488473056,-0.14771862852214995,0.17192236690521187,-0.18554174189431222,0.19402059275325081,-0.19094122160963325,0.1838825823094577,-0.17422500375924815,-0.0031102307684229896,0.22317748554710135,-0.22093776988507174,0.2475392226267342,-0.247007524434975,0.24908736318117206,-0.24819843575546582,0.24906537016614042,-0.24875067355511518,0.24950241266082865
0.10103703011806447,-0.23863309094574447,0.23860033040408396,-0.2480720611699744,0.24819613125640755,-0.24940409349346107,0.2499999999999997,-0.2492866678121015,0.24834061846779218,-0.24891247285960424,-0.16930387282608012,0.199636210740479,-0.19764582444926734,0.17605465189301875,-0.1595987473329927,0.1356432914704549,-0.12630302612261662,0.10887303251443728,-0.09894184278603306,0.09204630756820444,0.08763944255828626,-0.107849202707779,0.12476876919824667,-0.11861639190723042,0.10422481178310233,-0.09114209731547872,0.09011956855602181,-0.09111000910939954,0.09472182558845173,-0.09637225106771545,-0.09409931801975356,0.06665727681876035,-0.0481462698848404,0.013033183881295044,0.00462955106590135,-0.05409428656935574,0.07577039383469417,-0.1217261127754745,0.14254056900241552,-0.17236577833546005,-0.06739441488340746,0.09672222545441198,-0.13279204574043998,0.1471493029574399,-0.17134272837323541,0.18495597641222292,-0.1934399398601645,0.1903554712756427,-0.1832973271112082,0.17364028350412147,0.0028733410685568756,-0.22259439553103882,0.22035500453466028,-0.24695300127251918,0.24642138651551357,-0.24850101796597787,0.24761371377390687,-0.24847900561611816,0.2481643239491802,-0.24891603928397504
-0.1011498898472987,0.23917732314516424,-0.23913553015631067,0.2486667171300795,-0.2478706277594168,0.24912613973898246,-0.2492866678121015,0.25000000000000006,-0.24902163964211743,0.24961652226966027,0.16949020693063468,-0.19972648039158208,0.19749867357727138,-0.17559082502140697,0.15891949771922234,-0.13494896176844864,0.12560340754941915,-0.1081724235866402,0.09823900977394967,-0.09134411591380746,-0.0871317025681083,0.10733946294097414,-0.12426155377233347,0.11804739347476093,-0.10359787761519515,0.09044239106927142,-0.0894364742160401,0.09040879494535706,-0.09402569766784176,0.0956713444838945,0.09363472689675911,-0.06613128746050347,0.047548905782766854,-0.012389697188870081,-0.005296970272334869,0.05478231204720643,-0.07647343213950171,0.12242697174322094,-0.14324387661872867,0.17306901956717002,0.06791720463644488,-0.09736784271147071,0.13346980660496785,-0.1478419858735642,0.17204111716231577,-0.1856597169078935,0.1941373591101387,-0.19105915794552886,0.18400045368161488,-0.1743428227983081,-0.0031829244924746233,0.22329624180020083,-0.22105665795369236,0.24765694684595216,-0.24712526637087504,0.24920503437473618,-0.24831573502253187,0.249183045441531,-0.24886834777516012,0.2496200868315442
0.1009250919317102,-0.238266176101913,0.238225537169393,-0.24771592086213995,0.24692642870601375,-0.24817443451915466,0.24834061846779218,-0.24902163964211743,0.24999999999999997,-0.2486618839376592,-0.168923269473929,0.1989287089745517,-0.1968343122807708,0.1750230902617992,-0.15837848148129766,0.13449714419278852,-0.1252802948462847,0.10819680448129133,-0.09905839711505622,0.09194838933639876,0.08677431161125215,-0.10694461065647277,0.12384620951910863,-0.1177623622076642,0.10348221968278867,-0.09045928264911213,0.0895634596518825,-0.09059772866304543,0.09421797099575799,-0.09588293785677726,-0.0932592487379607,0.06592352508666183,-0.047463018676928856,0.012481804795167282,0.005121576269299447,-0.05434089665683212,0.07592224170776296,-0.12176528028626629,0.14253029140962042,-0.1722853387812916,-0.06761541368108333,0.09694206356595315,-0.13288416873935083,0.14718729728409666,-0.17128669775870783,0.18485823884384647,-0.19331698941871775,0.19023994758241036,-0.1831949872595847,0.17355641413135556,0.003134624742864881,-0.2224149611149696,0.22018196720836947,-0.24670675981542872,0.2461765780103019,-0.24825066175041083,0.2473643113079475,-0.24822869762099642,0.24791468185103754,-0.24866468980753584
-0.10142025933138839,0.2395481995321826,-0.2395077974716773,0.24903944916783768,-0.24824327334965074,0.24949884472843317,-0.24891247285960424,0.24961652226966027,-0.2486618839376592,0.25000000000000017,0.1698454299908797,-0.20005392862352842,0.19776659435043514,-0.17568258401827755,0.15879901652615683,-0.13463725608299282,0.12522986369418618,-0.10779888890802701,0.09786543261097345,-0.09097063462191463,-0.08695679132136777,0.10716295637625864,-0.1240858988313607,0.1178183020750926,-0.10330215620109885,0.09007907761440763,-0.08907353426859375,0.09003523920807478,-0.09365483730655365,0.0952979701076791,0.09347776981124647,-0.06591918244924662,0.04728698722771223,-0.012081624346593173,-0.005626884060397471,0.055141218662932055,-0.07684661714791378,0.12279878697848053,-0.14361689480437803,0.173441842810955,0.06817290392376271,-0.0976869860374658,0.13381694086640067,-0.14820208091824927,0.17240963562897002,-0.1860326383325444,0.19450698281378864,-0.19143206103926336,0.18437313325048643,-0.17471528260970207,-0.003326756630219565,0.2236666380541638,-0.22142680878408988,0.24802960667055884,-0.24749786769012325,0.24957778136385805,-0.24868746644480988,0.24955580505909053,-0.24924110123947205,0.24999284829739493
-0.18120045098754842,0.1771434048928112,-0.178057184272275,0.17052797552516238,-0.17024937984183494,0.1697533345507623,-0.16930387282608012,0.16949020693063468,-0.168923269473929,0.1698454299908797,0.25000000000000006,-0.20642497585435057,0.17763515213406308,-0.14614930268828683,0.1281392911580961,-0.10656796663197345,0.09869236796654828,-0.0841780500641905,0.07575359521913856,-0.07072223430442313,-0.10934460581864863,0.1258997002483571,-0.13094957529332724,0.11370908694547159,-0.09683986221060419,0.07962797092733628,-0.0763211161769968,0.07435779821537594,-0.07537561294886277,0.07456370067293891,0.11072672380857908,-0.08705090167588032,0.07159162582115897,-0.04165461408805692,0.026625846243490736,0.014726628229046124,-0.034137182093907294,0.07204780340770721,-0.08909787462604143,0.1126883786721396,0.02786488084290683,-0.04622819011605165,0.07570878859619169,-0.08752948584553594,0.10747294569090798,-0.1184403321977853,0.12592141402891244,-0.12434904923436846,0.11993102439325445,-0.11375894585791035,0.014628320251382321,0.14855605940987593,-0.14674017622063842,0.16826269319620418,-0.16783397318545937,0.16951517951952735,-0.1688895494726715,0.16949960051225804,-0.169275327855634,0.16984868149617768
0.13812168975422712,-0.20719043269566945,0.20839821490416524,-0.20077369027523959,0.20058581888550037,-0.20003004423598666,0.199636210740479,-0.19972648039158208,0.1989287089745517,-0.20005392862352842,-0.20642497585435057,0.24999999999999994,-0.22092461713154926,0.18804622951538727,-0.1682095776603239,0.14443517812450632,-0.13526967499830592,0.11804458203259963,-0.10824629526578111,0.10192060681373193,0.13672240170057132,-0.15699633450332504,0.16488964814940718,-0.14745846519588507,0.12880302384422324,-0.11026893731595926,0.10655762641770164,-0.10517574369110613,0.10672228435843414,-0.10628499926698541,-0.13815459696845023,0.1105906505431197,-0.09315585710299919,0.057632111904960565,-0.03982718321581967,-0.01006971192433471,0.03311983811028661,-0.07938936869884246,0.10015442860696243,-0.12912998319666527,-0.028965108251496605,0.050047878769495055,-0.085445375130846,0.09958063265863001,-0.1237894636711135,0.13710772544153638,-0.14625633258358173,0.14400469668056462,-0.1383352941858162,0.13044604038032653,-0.020717575389418777,-0.17405460442514498,0.17183797914477172,-0.1981189446584396,0.19759553642753658,-0.19964960785345875,0.19890574489052082,-0.1996295782110125,0.19934905988857976,-0.20005738536998724
-0.11341566381468826,0.20607765684996915,-0.20791431082017103,0.1987263276450719,-0.19873723016878733,0.19788661277845998,-0.19764582444926734,0.19749867357727138,-0.1968343122807708,0.19776659435043514,0.17763515213406308,-0.22092461713154926,0.24999999999999986,-0.21550765343933856,0.19551297877054002,-0.1715644348132855,0.16226228460709743,-0.1449113365841815,0.13506375843558144,-0.12837736872211497,-0.1359652998063379,0.1561652634997938,-0.16998993653387479,0.16184925944022238,-0.14535620143341044,0.13082220073782666,-0.12788390567352217,0.1289557287418282,-0.13157719914270577,0.13269913268856598,0.1383060008484455,-0.11188595104751162,0.09617215692850242,-0.06136157145499106,0.04406590307298414,0.005683332722344802,-0.027473944007911307,0.07344598624196602,-0.09403905677997432,0.12345767095738965,0.02747523989620313,-0.047901566062143686,0.08295859998246015,-0.09688023417898801,0.12111363627084701,-0.13443479209508982,0.1434146679480195,-0.14031170175795057,0.13377400278430276,-0.12477577198458631,0.02151951899050265,0.17167413807893417,-0.1694496648368121,0.19582433329273413,-0.19529892060506213,0.19736079842095483,-0.19662408144675805,0.1973384045921322,-0.19703721463504545,0.197770125962367
0.08721917645312029,-0.18344113972393009,0.18499182543551512,-0.17664151006587842,0.1771099592181847,-0.1760183327451662,0.17605465189301875,-0.17559082502140697,0.1750230902617992,-0.17568258401827755,-0.14614930268828683,0.18804622951538727,-0.21550765343933856,0.24999999999999983,-0.22987465784334277,0.20566025757590206,-0.19631202122670252,0.17891891997713275,-0.1690140967875547,0.1622080134723271,0.15150711070591816,-0.1719195762491315,0.18886988814127775,-0.1921221103964883,0.17598505368898062,-0.1629726356804367,0.15966103887670613,-0.1620307730081337,0.16479628299100216,-0.1665171430993666,-0.15333816139574005,0.12986469404191162,-0.11744748837084049,0.0848177551774232,-0.06868172015213367,0.018524054903924395,0.002691113443030471,-0.048964749910771425,0.06956727766198838,-0.099398943376725,-0.01003303698557131,0.02637064403944608,-0.060532570695681374,0.07399951367809135,-0.09842175591495161,0.11172404737420005,-0.12090136816729215,0.11720814125927828,-0.11027025506660579,0.10075150334838093,-0.03212565181112837,-0.1493848385123382,0.14714170725890352,-0.17372411863284734,0.1731952188739435,-0.1752739739771179,0.17459916276333404,-0.17524960412602894,0.17493784277401628,-0.1756859638813041
-0.07345175124459218,0.1666146119353359,-0.1681180371600764,0.1597579499662341,-0.16054820468502426,0.15929207156519998,-0.1595987473329927,0.15891949771922234,-0.15837848148129766,0.15879901652615683,0.1281392911580961,-0.1682095776603239,0.19551297877054002,-0.22987465784334277,0.24999999999999992,-0.2246181789261425,0.21526296378247245,-0.19783707433085468,0.1879559752282878,-0.18105664774310834,-0.14290265980655636,0.1634046676193696,-0.1802308130736844,0.18794742614375304,-0.18264379463629324,0.18021461441391595,-0.17705268056419665,0.18015858099223261,-0.18310432048351283,0.18534264697259378,0.14459650746694397,-0.1276769011763979,0.11973658853083684,-0.09311662884821476,0.07963079256096281,-0.03337220164734298,0.013827961434833735,0.03229385233382883,-0.0527466537657231,0.08251235997397531,0.0021530506262316985,-0.015893650607185946,0.04693651845713254,-0.0589754380179615,0.08218891038641118,-0.09503126664819167,0.10429090580348493,-0.1004169465967612,0.09343992806509734,-0.08387208062144132,0.03509311063300248,0.13287018390233019,-0.1306661274935418,0.1568588225859653,-0.1563377735333762,0.1583921215896531,-0.1577579153715276,0.1583671645040822,-0.15805510978703066,0.15880220034366202
0.05801623458089877,-0.14255252284518047,0.1439612388147422,-0.13559512406386087,0.1363855346316064,-0.13512985531644517,0.1356432914704549,-0.13494896176844864,0.13449714419278852,-0.13463725608299282,-0.10656796663197345,0.14443517812450632,-0.1715644348132855,0.20566025757590206,-0.2246181789261425,0.2499999999999999,-0.24058476961979883,0.2231428208445754,-0.21322412333199162,0.20630830563120994,0.12812617327959977,-0.148937544505121,0.1658584824335672,-0.1845124324725171,0.19396064140215227,-0.20536026321682946,0.2020756496074088,-0.2053953898869418,0.20818208999493457,-0.21060169407101562,-0.13012140836462832,0.12386972212601507,-0.12300116786827335,0.10615161693636627,-0.09695513752633475,0.055953207693261835,-0.0385099411831173,-0.0078307409874068,0.028261444341324268,-0.05812459768269038,0.009485299615814508,0.0005009498963153611,-0.02691232877461364,0.03681789248092712,-0.05842039606265186,0.0706779611804707,-0.08015799097474235,0.07607819644052838,-0.06909227251725915,0.059508218572855306,-0.03959969023506947,-0.10906038165815257,0.10689763192202581,-0.13270937724645976,0.13219607225643637,-0.13422962868770696,0.13365083676310527,-0.1342037653923209,0.13389117744737578,-0.13463991282906093
-0.05263581673638654,0.13319393201056678,-0.13456655549640922,0.12618796501477922,-0.1269788473858844,0.12572256943964918,-0.12630302612261662,0.12560340754941915,-0.1252802948462847,0.12522986369418618,0.09869236796654828,-0.13526967499830592,0.16226228460709743,-0.19631202122670252,0.21526296378247245,-0.24058476961979883,0.24999999999999994,-0.23125089117165973,0.22135118114101363,-0.21445322548130422,-0.1219620210668627,0.14278288265691183,-0.15962942482939843,0.18225814992984127,-0.1964116810030361,0.21128388709434448,-0.2096459474729869,0.2135545470614089,-0.21626850972686065,0.2187399265211977,0.12403113261881057,-0.12130914675464187,0.12276983748164594,-0.10920236298969718,0.10144928455560549,-0.06353746721385928,0.04728170138770532,-0.0010815041516609302,-0.01924434526388094,0.049000741031062396,-0.013138867283518093,0.0045182099501483875,0.01992781687069452,-0.02893380700927851,0.049593543244514336,-0.06150506393787892,0.07101807622574004,-0.06688557751312232,0.05992996528592906,-0.05038613463609459,0.040610550844132814,0.09996378272305205,-0.09783344174832002,0.12331826906652772,-0.12281141910077661,0.12482390592173018,-0.12426711712983524,0.12479783752281634,-0.12448655156354742,0.12523231442626143
0.042907948366128455,-0.11584359364293145,0.11714623029829649,-0.10875655529891881,0.10954760459188218,-0.10829148866256494,0.10887303251443728,-0.1081724235866402,0.10819680448129133,-0.10779888890802701,-0.0841780500641905,0.11804458203259963,-0.1449113365841815,0.17891891997713275,-0.19783707433085468,0.2231428208445754,-0.23125089117165973,0.24999999999999967,-0.24006123196104662,0.23314114104303185,0.10702604683504192,-0.12812515536500738,0.14493070725203425,-0.17500013933813688,0.19971371979991498,-0.22076917619100941,0.22600576706471528,-0.23222842956977818,0.23482410553706257,-0.23742182280318974,-0.10936170222580122,0.11380071145651002,-0.11992504819510484,0.11291436189682631,-0.10799995907500423,0.07848916898042245,-0.06534595907638495,0.018916674128480457,0.0014242156068642398,-0.03129556388339267,0.018734989801430547,-0.012600057449069424,-0.007451050478880376,0.01440950111938779,-0.032699710161669546,0.04384012114531995,-0.05351632320002131,0.04924036411468237,-0.04226783046438827,0.03269856204723744,-0.04143943486422501,-0.08304718253088211,0.08097805416277533,-0.10590631491524397,0.10541015002973658,-0.10739193907235628,0.10686981315612487,-0.10736517179633538,0.10705304463970984,-0.10780110157665464
-0.036811007009478224,0.1059742626861928,-0.10724272598535102,0.09882300780284063,-0.09961434947722847,0.09835803196999503,-0.09894184278603306,0.09823900977394967,-0.09905839711505622,0.09786543261097345,0.07575359521913856,-0.10824629526578111,0.13506375843558144,-0.1690140967875547,0.1879559752282878,-0.21322412333199162,0.22135118114101363,-0.24006123196104662,0.24999999999999967,-0.2422587835650924,-0.09946145576337283,0.12002355074800515,-0.13656234656205385,0.16826476545404842,-0.19491815608128785,0.21727482923618657,-0.22395713726727323,0.2309053073244444,-0.23399222582293872,0.23736734815035046,0.10171303925218896,-0.10810319357311143,0.11540819886818063,-0.11037954904944655,0.10635103207677513,-0.08020008135662966,0.06844485041531685,-0.02393037002480397,0.004455198203913698,0.024229937730749666,-0.020095940494892234,0.015026219648182921,0.003074205286913702,-0.009212297016480039,0.02610143834979183,-0.0365624326812311,0.045850923455753693,-0.04162107789649324,0.034856744279809684,-0.025580440790247943,0.04033813237983871,0.07430712112591163,-0.07234239829992532,0.0960587568213293,-0.09558651512594599,0.09747572111012959,-0.09698808183335701,0.09744957251139716,-0.09714847558019168,0.0978674917967931
0.03398389273899946,-0.09911550057987364,0.10035493699674665,-0.0919278578902244,0.0927191329628439,-0.09146309538964578,0.09204630756820444,-0.09134411591380746,0.09194838933639876,-0.09097063462191463,-0.07072223430442313,0.10192060681373193,-0.12837736872211497,0.1622080134723271,-0.18105664774310834,0.20630830563120994,-0.21445322548130422,0.23314114104303185,-0.2422587835650924,0.2499999999999998,0.09651559120510239,-0.11704717883482087,0.13351163135099525,-0.16652243582961224,0.19461629853068846,-0.21773553254265082,0.2256870771048693,-0.23320253327238039,0.23759094135074557,-0.24268837626148157,-0.09865553843305486,0.10619132299213987,-0.11451383333042647,0.11077006086396177,-0.10731263925541099,0.08363202441971673,-0.07290108914686445,0.029079680082559914,-0.00992930621523963,-0.018336697057361656,0.022143431495136756,-0.01795600907037657,0.0010862290311491804,0.004516967456298294,-0.02052634527652938,0.030622370686090902,-0.039798868638603865,0.03555100784383983,-0.028852143161085513,0.019669440869940928,-0.04059039752368282,-0.06792438125530886,0.0660070825852434,-0.08919779931818456,0.08873596254819041,-0.09058692811533951,0.09011940832406315,-0.09056113155928992,0.09026385167028876,-0.09097257476978282
0.07167724346273367,-0.09520715389134096,0.09655634456259807,-0.08791224463545551,0.0884259324754909,-0.08731226848306907,0.08763944255828626,-0.0871317025681083,0.08677431161125215,-0.08695679132136777,-0.10934460581864863,0.13672240170057132,-0.1359652998063379,0.15150711070591816,-0.14290265980655636,0.12812617327959977,-0.1219620210668627,0.10702604683504192,-0.09946145576337283,0.09651559120510239,0.24999999999999978,-0.22849015620023896,0.21114576384994208,-0.1737320464282484,0.14769178879593822,-0.11998654581070077,0.11149897898359776,-0.1060891775391268,0.10393794334154104,-0.0999966939194305,-0.23727185175839527,0.20573955925315923,-0.1841997996378003,0.1462805137295853,-0.12530810724489477,0.07481738110227158,-0.04802620253472134,0.0038458068651689515,0.015495406419462163,-0.04009700016657769,0.0589075094056454,-0.05616692337502463,0.022417609341153104,-0.008205449612468005,-0.016115278598128897,0.02880571812531556,-0.039912037584878324,0.04221611427969341,-0.042083115829333946,0.04132242096155908,-0.07359865402097009,-0.06208576792496978,0.05995538810046219,-0.08510679825828919,0.08461305838681675,-0.08657391366512526,0.08616348963983433,-0.0865723026935816,0.08643609550095854,-0.08695865517125878
-0.08156954496783632,0.11528841029296119,-0.11671900001032816,0.10812073963829034,-0.10863677187392658,0.10752001770422162,-0.107849202707779,0.10733946294097414,-0.10694461065647277,0.10716295637625864,0.1258997002483571,-0.15699633450332504,0.1561652634997938,-0.1719195762491315,0.1634046676193696,-0.148937544505121,0.14278288265691183,-0.12812515536500738,0.12002355074800515,-0.11704717883482087,-0.22849015620023896,0.24999999999999964,-0.2316140897092564,0.19422920178294953,-0.16847675327191716,0.14106211021441917,-0.13260516794501312,0.12708428988449696,-0.12502933475822386,0.1210475080696792,0.2204685548317784,-0.1924683490543984,0.17605373541950117,-0.13978382487438307,0.12133677434365296,-0.07080829348068339,0.04512127315885752,0.0013027036931875543,-0.02176360970616434,0.04874286829215545,-0.04400506135388392,0.038489233791215466,-0.004465666090877672,-0.00933099332572121,0.03359848215208506,-0.046393553769464364,0.05692068865574769,-0.05672905054480106,0.05410499357747346,-0.05010572209591204,0.06531677164052302,0.08176304328577058,-0.07958989922984254,0.105272464044165,-0.10476517471988565,0.10677079203029663,-0.10629873180109127,0.10675728813639622,-0.10655289877615173,0.10716519167966028
0.08269651965452345,-0.13208544269152916,0.13351982439181126,-0.12504129143808967,0.12555498197222437,-0.12444165229959976,0.12476876919824667,-0.12426155377233347,0.12384620951910863,-0.1240858988313607,-0.13094957529332724,0.16488964814940718,-0.16998993653387479,0.18886988814127775,-0.1802308130736844,0.1658584824335672,-0.15962942482939843,0.14493070725203425,-0.13656234656205385,0.13351163135099525,0.21114576384994208,-0.2316140897092564,0.24999999999999967,-0.21214858704868061,0.18610353008907468,-0.15830589164914396,0.14965288414440028,-0.1438144539766526,0.14178488933256003,-0.13768148952053877,-0.212326430902321,0.18648462531404394,-0.1731538907347601,0.13742613594111625,-0.12028210986474196,0.06878866851794142,-0.04346270284279856,-0.005448180513486801,0.02707981115406165,-0.05628962112280698,0.033927127057095906,-0.02626118573630614,-0.008558334884962772,0.02229677363241195,-0.04699698307741597,0.0601267031367317,-0.0704785544178236,0.0685583154220217,-0.0641302166076497,0.05777438713938497,-0.060460463609299145,-0.097771615107536,0.09552243521463301,-0.12212612199997246,0.12159844254402767,-0.12367855539522092,0.12315112300338948,-0.1236563162813366,0.12339983971483577,-0.1240884003396133
-0.0684011815899112,0.12585059784526384,-0.12719391790992365,0.11877638053530656,-0.11937437878035041,0.1182152959324437,-0.11861639190723042,0.11804739347476093,-0.1177623622076642,0.1178183020750926,0.11370908694547159,-0.14745846519588507,0.16184925944022238,-0.1921221103964883,0.18794742614375304,-0.1845124324725171,0.18225814992984127,-0.17500013933813688,0.16826476545404842,-0.16652243582961224,-0.1737320464282484,0.19422920178294953,-0.21214858704868061,0.25000000000000006,-0.21936184034230832,0.19168068054036022,-0.18295556126488666,0.17707101098955194,-0.17489197864569422,0.17085018820619785,0.17549067523145193,-0.16291938314860827,0.15799802880927882,-0.13476233257144138,0.12307085348645598,-0.0726845797664489,0.05008360604567529,-0.0031605543271445886,-0.01751405840393213,0.046620325807864745,-0.03119965079135431,0.0244182421777153,0.006142299149076654,-0.017991840800780663,0.04202459802274756,-0.05483733250613802,0.06468486360964947,-0.06159045633857879,0.05593789520353131,-0.04804518415272875,0.05574612833448996,0.09198614802967638,-0.08978002585816149,0.11589213413907831,-0.11537432891699449,0.11741744729919708,-0.11690452680861428,0.11739327407651752,-0.11711230921795555,0.11782073894189844
0.055649327371594295,-0.11123081328268877,0.11250032820939286,-0.10424282564117807,0.10493055161498203,-0.10374175504473998,0.10422481178310233,-0.10359787761519515,0.10348221968278867,-0.10330215620109885,-0.09683986221060419,0.12880302384422324,-0.14535620143341044,0.17598505368898062,-0.18264379463629324,0.19396064140215227,-0.1964116810030361,0.19971371979991498,-0.19491815608128785,0.19461629853068846,0.14769178879593822,-0.16847675327191716,0.18610353008907468,-0.21936184034230832,0.24999999999999975,-0.22056358568751785,0.21159262330878859,-0.20538836133487964,0.20304214002815157,-0.1990666614988972,-0.1501653226556238,0.1525475066384933,-0.1568301059214328,0.14695672093485523,-0.14106253566955493,0.09001340312942212,-0.06795679969144074,0.020655995467368737,8.584254497370467e-5,-0.029737606392210826,0.03862045396520986,-0.03433561643400543,0.007629810902365905,0.0024596070744005967,-0.026516633655735842,0.03934268611458373,-0.04936590964823058,0.04576526628218108,-0.03966027638658559,0.031183185967999384,-0.058281047761646304,-0.07716580073938574,0.07493557658449931,-0.10134982679371662,0.10082655919700044,-0.10289535548490382,0.10241155174641119,-0.10286977870015143,0.10257663729660661,-0.1033043358874853
-0.042544628169882324,0.09822738298594949,-0.09946373102727599,0.09103653453202311,-0.09182768561219717,0.09057159373162786,-0.09114209731547872,0.09044239106927142,-0.09045928264911213,0.09007907761440763,0.07962797092733628,-0.11026893731595926,0.13082220073782666,-0.1629726356804367,0.18021461441391595,-0.20536026321682946,0.21128388709434448,-0.22076917619100941,0.21727482923618657,-0.21773553254265082,-0.11998654581070077,0.14106211021441917,-0.15830589164914396,0.19168068054036022,-0.22056358568751785,0.24999999999999972,-0.23627699358023374,0.2297106807739165,-0.22682182069666187,0.22221332903034802,0.12244055134841898,-0.13058273471876755,0.13835954108348375,-0.13349572758415254,0.12969536137043236,-0.09502090074201541,0.08002187444105531,-0.034104586598407684,0.014056189556940782,0.015309297572854303,-0.03430668993444766,0.03134314085858842,-0.010833018845427091,0.0036118409163954706,0.015842310130376725,-0.027150037915717254,0.036869310259372026,-0.03263129135495848,0.025931846187367952,-0.016715410766222707,0.051309467369946675,0.06539557638632684,-0.06331987999076834,0.08820281103436631,-0.08770862627515223,0.08967923295351198,-0.08921708482588857,0.08965247604559223,-0.08934886144523421,0.09008102927395416
0.03978044356887324,-0.09696530293306607,0.09816965046871169,-0.09000322107093174,0.09077536664077344,-0.08955371382164505,0.09011956855602181,-0.0894364742160401,0.0895634596518825,-0.08907353426859375,-0.0763211161769968,0.10655762641770164,-0.12788390567352217,0.15966103887670613,-0.17705268056419665,0.2020756496074088,-0.2096459474729869,0.22600576706471528,-0.22395713726727323,0.2256870771048693,0.11149897898359776,-0.13260516794501312,0.14965288414440028,-0.18295556126488666,0.21159262330878859,-0.23627699358023374,0.24999999999999983,-0.2394947971780462,0.23560858614939797,-0.2303415373481722,-0.11408445421798241,0.12296498077245563,-0.13103504655739132,0.12641097712789953,-0.12260493751564794,0.09599725171807,-0.08407200262134143,0.03757805699339908,-0.017299056753531532,-0.01257859390734463,0.030795138782848726,-0.027784617367727735,0.009361526943760136,-0.003163922248233918,-0.014310702013810093,0.025113302823800428,-0.034951254761797765,0.0305151269285941,-0.023555357602896856,0.013999319545395166,-0.04800241764405729,-0.0645370009620785,0.06249133695031177,-0.0871900214405433,0.08669869041576433,-0.0886670513457039,0.08819468947930716,-0.08863965437846381,0.08832788946584752,-0.08907544290058605
-0.037726110028584864,0.09818197728549538,-0.09941681010067124,0.09099267028408048,-0.09178408814739471,0.09052783559743524,-0.09111000910939954,0.09040879494535706,-0.09059772866304543,0.09003523920807478,0.07435779821537594,-0.10517574369110613,0.1289557287418282,-0.1620307730081337,0.18015858099223261,-0.2053953898869418,0.2135545470614089,-0.23222842956977818,0.2309053073244444,-0.23320253327238039,-0.1060891775391268,0.12708428988449696,-0.1438144539766526,0.17707101098955194,-0.20538836133487964,0.2297106807739165,-0.2394947971780462,0.24999999999999972,-0.24346804480687992,0.23802175900890477,0.10844611621652,-0.11611005468355931,0.12425289630659396,-0.11994469943920331,0.11627240261121072,-0.09256210157354693,0.08166176837725697,-0.03559457191792358,0.015494033182541446,0.014129728527882244,-0.027123237601544163,0.02366678675478426,-0.00624203520285372,0.0004904862253500998,0.016125095896986116,-0.026633712996256588,0.036354845868995594,-0.031960122095034016,0.025036919713053527,-0.015534393694579792,0.04492924385853213,0.06588191143149062,-0.06387384011966028,0.0881755096257542,-0.08769172315111097,0.08963228975320504,-0.08915562049579658,0.0896051356278646,-0.08929554701164749,0.09003716647739166
0.0379535010573233,-0.10171841537133716,0.10296001424260946,-0.09460538936161303,0.09539101654969273,-0.09414387184700887,0.09472182558845173,-0.09402569766784176,0.09421797099575799,-0.09365483730655365,-0.07537561294886277,0.10672228435843414,-0.13157719914270577,0.16479628299100216,-0.18310432048351283,0.20818208999493457,-0.21626850972686065,0.23482410553706257,-0.23399222582293872,0.23759094135074557,0.10393794334154104,-0.12502933475822386,0.14178488933256003,-0.17489197864569422,0.20304214002815157,-0.22682182069666187,0.23560858614939797,-0.24346804480687992,0.2499999999999998,-0.24319290678779415,-0.106291024074978,0.11341615413418278,-0.12146513972205725,0.11735539745866246,-0.11375996942682973,0.0903505604513382,-0.07948890078555652,0.03301272523686801,-0.012719114363907469,-0.017156606131832737,0.024596124385052532,-0.02056138050345726,0.0031712597281792483,0.002542927709340915,-0.019131780130463027,0.029696214614006983,-0.03948049899691438,0.03509659289347523,-0.02813165994595365,0.018570608091120135,-0.04346292173312502,-0.06932730274450087,0.06730626460916254,-0.0917804022627118,0.09129303962293572,-0.09324823767883973,0.09275799460353686,-0.09322099446985777,0.09290911532639805,-0.09365681026606738
-0.03693325610339449,0.10341657477134011,-0.10467089284838625,0.09625502876071187,-0.09704599205103714,0.09579031870486066,-0.09637225106771545,0.0956713444838945,-0.09588293785677726,0.0952979701076791,0.07456370067293891,-0.10628499926698541,0.13269913268856598,-0.1665171430993666,0.18534264697259378,-0.21060169407101562,0.2187399265211977,-0.23742182280318974,0.23736734815035046,-0.24268837626148157,-0.0999966939194305,0.1210475080696792,-0.13768148952053877,0.17085018820619785,-0.1990666614988972,0.22221332903034802,-0.2303415373481722,0.23802175900890477,-0.24319290678779415,0.2499999999999998,0.10218249883753971,-0.10945095035475635,0.11762092072823015,-0.11373649143647463,0.11022569461750945,-0.08584305352583155,0.07468430614214865,-0.0291427492120388,0.009238877491715236,0.02008363799100235,-0.02229451371378187,0.017794428869830087,-0.0003383806256691048,-0.005463406368875794,0.022069116095360358,-0.03255917022284903,0.042118582502075896,-0.03779670159765904,0.030912138996235742,-0.021467369981914324,0.0417207510342227,0.0713407743214359,-0.06934816257986849,0.0934546851038093,-0.09297466249878569,0.0948988306599046,-0.09440984294261985,0.09487234582520224,-0.09456522528248996,0.09529996650199032
-0.07192605995790333,0.10101925337316886,-0.10230438633800203,0.09436148336511885,-0.09482958148395332,0.09380315632702028,-0.09409931801975356,0.09363472689675911,-0.0932592487379607,0.09347776981124647,0.11072672380857908,-0.13815459696845023,0.1383060008484455,-0.15333816139574005,0.14459650746694397,-0.13012140836462832,0.12403113261881057,-0.10936170222580122,0.10171303925218896,-0.09865553843305486,-0.23727185175839527,0.2204685548317784,-0.212326430902321,0.17549067523145193,-0.1501653226556238,0.12244055134841898,-0.11408445421798241,0.10844611621652,-0.106291024074978,0.10218249883753971,0.2499999999999997,-0.2168178412229714,0.1896099475325929,-0.15094904069728107,0.1291265568637483,-0.07697904144594482,0.04904975808423555,-0.0023968408301360267,-0.017975120566567453,0.04389259162325316,-0.06034317771123686,0.05709868513509737,-0.021177382059572473,0.006170881191800155,0.018922108130508916,-0.03209597739601931,0.043758954677862255,-0.04618079654625367,0.0460234097979681,-0.045193844266640436,0.07665963211674952,0.06745405980222645,-0.06522753061944103,0.09153959065868118,-0.09102222797927507,0.0930757638255657,-0.09263782128668001,0.09307190481788785,-0.0929274032072879,0.09347969028136058
0.05621397183621163,-0.07373812043082424,0.07492974549394552,-0.06681629764599403,0.0673691671329873,-0.06628749995989971,0.06665727681876035,-0.06613128746050347,0.06592352508666183,-0.06591918244924662,-0.08705090167588032,0.1105906505431197,-0.11188595104751162,0.12986469404191162,-0.1276769011763979,0.12386972212601507,-0.12130914675464187,0.11380071145651002,-0.10810319357311143,0.10619132299213987,0.20573955925315923,-0.1924683490543984,0.18648462531404394,-0.16291938314860827,0.1525475066384933,-0.13058273471876755,0.12296498077245563,-0.11611005468355931,0.11341615413418278,-0.10945095035475635,-0.2168178412229714,0.24999999999999978,-0.22186367251676883,0.1819497311623791,-0.15811460265783248,0.1043858423287298,-0.07509492352923548,0.02738418942785495,-0.006699289358932525,-0.01928073156159615,0.08399341778769691,-0.08630799649219194,0.04999054552810096,-0.0348814364604843,0.009471351744130801,0.0037131543445292244,-0.016092583427519538,0.01932894564439703,-0.02017033949023966,0.02061035340242776,-0.0904142685636851,-0.039607545825624986,0.03735461554769524,-0.06395881555980298,0.06343643225085287,-0.06551321496176915,0.06514629807310357,-0.06550942138265733,0.06538696039885909,-0.06592064439650464
