x1,x2,x3,x4,x5,x6,x7,x8,x9,x10,x11,x12,x13,x14,x15,x16,x17,x18,x19,x20,x21,x22,x23,x24,x25,x26,x27,x28,x29,x30,x31,x32,x33,x34,x35,x36,x37,x38,x39,x40,x41,x42,x43,x44,x45,x46,x47,x48,x49,x50,x51,x52,x53,x54,x55,x56,x57,x58,x59,x60
0.25,0.12563008378125065,-0.10001418751466196,0.13013004510348378,-0.10835502152072146,0.13128878397951022,-0.10914553784217941,0.12922340747481406,-0.10739751264331862,0.1362273118615547,0.05811363415462644,-0.05667135387815695,0.0914599023711702,-0.08566401978961014,0.09901408019578242,-0.08682563129269262,0.09706938609136508,-0.09219747850844887,0.09198676106228637,-0.09006843471088266,0.003421130855702512,0.025288561975188237,-0.025940406550180883,0.05519901482039063,-0.042370502137876034,0.06597816112290263,-0.06251395766974495,0.0820807935009855,-0.0830151820670032,0.09059078445587118,0.0005760906707765051,0.02370091005155637,-0.020973725896130706,0.05128689678302183,-0.045394140129303893,0.06728461300089555,-0.058896660705245726,0.08051832475053308,-0.0796883369616593,0.09460115454922687,0.06989066091260462,-0.07094280466303911,0.09658993134074448,-0.09368390757484775,0.1047726968633527,-0.10271236173862659,0.11243245224674712,-0.10055647813294127,0.10032423426757535,-0.09454399559733176,0.07688266004079854,0.1283794869101084,-0.10438796255053326,0.12883639595144333,-0.11251514966707939,0.13223972555586228,-0.11958170623924189,0.13269570145540768,-0.11421566228249358,0.13622851684512824
0.12563008378125065,0.2500000000000001,-0.22214815189979537,0.23574818373020387,-0.21559870851750107,0.23429839936123256,-0.20112994650621402,0.22980876593843255,-0.1956147341299349,0.23939849980864,0.17979822736995918,-0.1770718642321896,0.2119879828044287,-0.2016669548324471,0.2092628643506665,-0.178703622569302,0.1833883555672014,-0.17308729395210687,0.17267685437616817,-0.16914293955648654,-0.05116279145618439,0.11412754833393224,-0.11494547398868496,0.1582360542812032,-0.12700321011126953,0.15192355282238834,-0.14463219272290592,0.16224079563074606,-0.16338968774504697,0.17030762669850594,0.05923572248940376,-0.006093880601439394,0.012038108669967774,0.054782520337457716,-0.04192081136529532,0.08979254126415193,-0.07727147916993383,0.12437688636095467,-0.12353330384069769,0.15566760862635515,0.0950034534776774,-0.09707225596497579,0.1532294946135962,-0.14691047746354569,0.1710336476764014,-0.16653661762227845,0.18790372028523544,-0.16691132604395342,0.16659968884078055,-0.15569610641801684,0.14474246162534724,0.22234868393617582,-0.17034979814410445,0.22333192901313628,-0.1878930842383143,0.23072944194656553,-0.2034706408643407,0.23172910108325165,-0.19435763755807658,0.2394007753662294
-0.10001418751466196,-0.22214815189979537,0.25000000000000017,-0.21797482847388228,0.21667751733192983,-0.2110226943136558,0.1909568891672367,-0.20626410782831617,0.18351752871974805,-0.21159469731506342,-0.19979116661683297,0.2032406531019178,-0.2384309277006986,0.22708580791136165,-0.22028040592761375,0.18894424493972112,-0.18161816229822975,0.1710338696872436,-0.17063490790256325,0.16744146491546233,0.07792647778284753,-0.14067680772838553,0.14144064144458476,-0.18390855698117275,0.15266355467023449,-0.1685141597818317,0.16107971480008956,-0.16591691767254566,0.16660592221353845,-0.16862869172243897,-0.08569405068112197,0.03299453606884853,-0.03894163585475385,-0.02768595975703378,0.01482507517286305,-0.06263182810354795,0.051303447002713054,-0.09826628781062706,0.0976217096946424,-0.12958109259588574,-0.0678316172224268,0.06978777771441416,-0.1257376135816628,0.11943803960080884,-0.14348268164500225,0.13899417214205056,-0.1603467275635989,0.14042799710630324,-0.14017738985437303,0.129688457745542,-0.1334566485468538,-0.19461102398637914,0.14287325583801314,-0.19558579635743428,0.16029431470132996,-0.2029566306194556,0.17589213916155774,-0.20395459552168307,0.16731779576463413,-0.21159684669831808
0.13013004510348378,0.23574818373020387,-0.21797482847388228,0.25000000000000006,-0.22206709163957716,0.23871967057168544,-0.2054504403374318,0.23407784086237057,-0.1995893617894305,0.24361634483730563,0.17605072605414185,-0.1730976649865704,0.20795836998938488,-0.19802681900236205,0.2111536217577512,-0.18083486525698422,0.1872270891645752,-0.17697001366458673,0.1765580114042234,-0.17297245354809757,-0.04711025177926094,0.1101100587407556,-0.11093832064653437,0.15453006855922755,-0.12331124326842685,0.15165628880129514,-0.14439528172959631,0.16487051583398304,-0.16611908458311492,0.17413324402916197,0.05519863936019491,-0.0020250759062346996,0.007969617097519012,0.05887943578651214,-0.04601588722318565,0.09389704656136273,-0.08091832423870492,0.1280452328336483,-0.127125626675232,0.1593021920920595,0.09911758301926127,-0.10120347512719939,0.15739340847202804,-0.15107091076151086,0.17520785512355624,-0.1707091675221145,0.19207123895063896,-0.17068659512225554,0.17036012686422564,-0.1593199772574669,0.14644733288993056,0.2265551931967374,-0.17451289731521985,0.2275397766598138,-0.19207585142450306,0.23494191444197157,-0.20764680734736485,0.23594152638284105,-0.19832694066022932,0.24361863908558182
-0.10835502152072146,-0.21559870851750107,0.21667751733192983,-0.22206709163957716,0.2500000000000002,-0.2223098338984357,0.20920442270143225,-0.2131780567325005,0.20040889587360067,-0.21569227563962634,-0.17562375469873817,0.18060398453993404,-0.2158452378927872,0.22466908231223293,-0.23821810018942866,0.20756674413983361,-0.20392687838410364,0.19343932191567267,-0.1930376463028717,0.18972014511931246,0.07447544023818117,-0.13735601239819736,0.13814979436910882,-0.18170342158854708,0.1504148327144888,-0.1785429238922089,0.1711739316178905,-0.18461562691350178,0.1855917088663835,-0.19089714985456824,-0.08210390138767314,0.029463716948900417,-0.035422332574986816,-0.03134828681006574,0.01846027655379581,-0.0663423910374507,0.05334897098363957,-0.10039819074322512,0.09947940144648382,-0.13159310310296995,-0.07158063076899947,0.0735550529471388,-0.1296332456362975,0.12331936192988498,-0.14741932936656413,0.1429212308273953,-0.16426763966504054,0.1429419926580799,-0.14265278376788126,0.13169660925810123,-0.13515510697639543,-0.19866812551840216,0.14679986616182256,-0.19964574173771166,0.16426871273793212,-0.20703392769760678,0.17986729372303079,-0.20803192648360286,0.1705350570348791,-0.21569442960415738
0.13128878397951022,0.23429839936123256,-0.2110226943136558,0.23871967057168544,-0.2223098338984357,0.25000000000000017,-0.21202208275628276,0.23473125752140647,-0.20243778225024298,0.24337645876703629,0.17028757254165994,-0.1679533292214251,0.20288184764730535,-0.1981209890501408,0.21137360411536085,-0.1812217651467302,0.19107557083908389,-0.18090360176316764,0.18048952005364216,-0.17680894594009353,-0.047328042647595256,0.11032021669790845,-0.11114932372267737,0.15474445027973416,-0.12353673162915833,0.15200487908840815,-0.14475482552881838,0.16768045356355704,-0.1690110183851029,0.177961552470177,0.0553774411760103,-0.002251854634775896,0.00819683124218986,0.05864186243912366,-0.04577770701413371,0.09365888059187129,-0.08066105841534058,0.12778738023490713,-0.12686463158085895,0.15904180697990308,0.09888528820994533,-0.10097021252143393,0.15715441412484873,-0.15083183476403303,0.1749686383370452,-0.17046991994937186,0.1918314022902533,-0.170431459141753,0.1701049243942467,-0.159060407910513,0.14634813118856083,0.22631550723010085,-0.17427433952001303,0.22730003679645686,-0.19183659958829885,0.23470210882111897,-0.20740757917855104,0.23570168791138912,-0.19807898621435577,0.24337875766871328
-0.10914553784217941,-0.20112994650621402,0.1909568891672367,-0.2054504403374318,0.20920442270143225,-0.21202208275628276,0.25000000000000017,-0.2165312147657234,0.21548284673633533,-0.20540905125691253,-0.14775088431305902,0.1510761166750443,-0.1860810796707264,0.19262629042375307,-0.20613352719391861,0.2164598145513626,-0.2270449893662521,0.21689857973757706,-0.21648970346399515,0.21280840648341712,0.05193562512579633,-0.10810754513065148,0.10918215001292386,-0.1527256093735556,0.15895062308647015,-0.18811607845939773,0.18076908553509508,-0.20372913007713492,0.2050111611525129,-0.21394750167993895,-0.05962226081158904,0.020943026042502783,-0.027336898340165457,-0.022047034138723304,0.008718883971243393,-0.05649936282159867,0.0434480760405595,-0.0903702580553976,0.08944044784830686,-0.12146865376683942,-0.07071750534161517,0.07260732611346792,-0.11977084054229649,0.11328964412134122,-0.13732601627183538,0.13283760588229618,-0.1541313751862982,0.13280450856966317,-0.13252008800948542,0.12158646956079901,-0.1273645730148029,-0.18843248379706307,0.13672751820711554,-0.18940609799436695,0.15413373756882814,-0.19677390767381706,0.1697040102979,-0.19776913758327955,0.16035069614409783,-0.20541057199157786
0.12922340747481406,0.22980876593843255,-0.20626410782831617,0.23407784086237057,-0.2131780567325005,0.23473125752140647,-0.2165312147657234,0.2500000000000002,-0.21154794017552167,0.2388661277249566,0.16552504650688446,-0.1618738879909326,0.1967574383816497,-0.19118979680529902,0.20443343781864398,-0.1855227013599881,0.19558509132394963,-0.18541358560421742,0.18499989363563232,-0.18131747195754766,-0.04291424445350771,0.1040871768131784,-0.10499434538729539,0.1486288333045666,-0.12784431968049648,0.15651367789909573,-0.14925023208414465,0.1721906531053744,-0.17351594615541305,0.1824688597366815,0.05098712777006818,-0.0017087222686978515,0.007781189130647348,0.054267285248185915,-0.04126745588678534,0.08916315446589983,-0.07615079043781413,0.12327858270035363,-0.12235434725850806,0.1545313997466813,0.09689710734196223,-0.09895287502350253,0.15269568448205387,-0.14632144994569796,0.17045950176601238,-0.16595953020319182,0.18732472865457206,-0.1659210759703583,0.1655983545900609,-0.15455965573861163,0.14355508862900032,0.22180573859064084,-0.16977544791091617,0.22278956360717764,-0.18732959158440982,0.23019160157691873,-0.20290859875139347,0.2311912090176668,-0.19357141707415534,0.2388682319055358
-0.10739751264331862,-0.1956147341299349,0.18351752871974805,-0.1995893617894305,0.20040889587360067,-0.20243778225024298,0.21548284673633533,-0.21154794017552167,0.2500000000000001,-0.20046076120833528,-0.14015624643775534,0.14296507147979226,-0.17816137827050643,0.1838804815595284,-0.19743700526619878,0.21019564190485798,-0.2208836697358376,0.22329075620784944,-0.22330984677912,0.21965035012522605,0.043450011430808046,-0.09929479965081411,0.10037377113485235,-0.1441885510235061,0.15507297384306315,-0.1844394844204487,0.18682309353795112,-0.21044617043892827,0.21173468689658415,-0.22070489948599384,-0.05139776291142906,0.018656695289021072,-0.02528368181414547,-0.016547264235911213,0.0029445783112654776,-0.050938372966609205,0.037805386717843815,-0.0849269766018666,0.08399003378002799,-0.11615433382121698,-0.06928037851128639,0.0711367409106784,-0.11454370775047812,0.10795142896017937,-0.1320895590857363,0.12758040734261156,-0.1489690263792573,0.1275404942165182,-0.1272589547663763,0.116283665464352,-0.12397462895481935,-0.18341221195979251,0.13150239217934964,-0.1843887730849671,0.14897130158240662,-0.19178776868062544,0.16461741061443058,-0.19278724272407807,0.15520983710634673,-0.20046103826389844
0.1362273118615547,0.23939849980864,-0.21159469731506342,0.24361634483730563,-0.21569227563962634,0.24337645876703629,-0.20540905125691253,0.2388661277249566,-0.20046076120833528,0.25,0.17157303586332773,-0.16679527895147284,0.20158394512910988,-0.19165078188036214,0.20478153967510843,-0.17460781335929879,0.18446120937933239,-0.1742905165932701,0.173875625289201,-0.1701982592757163,-0.04073341628805904,0.10373033419719388,-0.10456848682131119,0.14815073281184177,-0.1169607724239847,0.14538973379002149,-0.1381612012363083,0.1610662558603895,-0.16240460771180942,0.17135211336152537,0.04891375617667505,0.004348091193873582,0.0015906540515849485,0.06524637355545115,-0.05239401023436898,0.10025416043020206,-0.08727775334947856,0.13440226628364704,-0.13348175241414487,0.16565935066999302,0.10546918487025629,-0.10758005671935644,0.16377097649476885,-0.15744919242564448,0.18158430455144067,-0.17708742087314983,0.19844369168683984,-0.1770490270407807,0.17671391243154064,-0.16565725323864075,0.1490055510936244,0.2329323616902934,-0.18087212286239396,0.23391813749586143,-0.19844934246416499,0.24132031985268323,-0.21400704672778784,0.24231986556489934,-0.20469104143598893,0.24999706630468205
0.05811363415462644,0.17979822736995918,-0.19979116661683297,0.17605072605414185,-0.17562375469873817,0.17028757254165994,-0.14775088431305902,0.16552504650688446,-0.14015624643775534,0.17157303586332773,0.25,-0.24209568372933013,0.20642763626031585,-0.19363802819084674,0.17953599744971763,-0.14812719910851552,0.13697079484492583,-0.12632238867774073,0.12593594686201148,-0.12310852998975426,-0.11750954770163811,0.18018576910742648,-0.18006956261515106,0.18924198685423882,-0.1569631321911378,0.1463455827708388,-0.13866807370053105,0.12803164640806447,-0.12818403104916432,0.12430410738464756,0.12480974968617531,-0.07222100326703693,0.07815667990876267,-0.01166975286275898,0.02451130603078159,0.023381727582766996,-0.01945793364290373,0.06636956430517331,-0.06695899041087648,0.09844102147488153,0.028485984037700692,-0.03028386380590109,0.08603291950874313,-0.07974571103269888,0.1037160200876315,-0.09922926320787524,0.12077768238349587,-0.1070858555132834,0.10703864021412937,-0.09863835122093617,0.11748940821024689,0.15465819398766065,-0.10321432091050453,0.15562301174300422,-0.1204876549696874,0.16296577975954488,-0.13623498586229799,0.1639705380723468,-0.13099577004788615,0.171574891463338
-0.05667135387815695,-0.1770718642321896,0.2032406531019178,-0.1730976649865704,0.18060398453993404,-0.1679533292214251,0.1510761166750443,-0.1618738879909326,0.14296507147979226,-0.16679527895147284,-0.24209568372933013,0.25,-0.21423435651247316,0.20140359755876952,-0.18726855840042145,0.1556260920008521,-0.14434907785769635,0.13359205062363483,-0.13320248246971506,0.13035390385794293,0.12381431601617189,-0.18681354252747961,0.18669195113433665,-0.1963986683227326,0.1638627945390451,-0.15355922287160867,0.14578613384257413,-0.1352490714773955,0.13539963599626265,-0.13155487824618925,-0.13103076585115603,0.0782555490059851,-0.0842241399909639,0.01733988402140345,-0.030253257716289252,-0.017891993261097017,0.013828863232115874,-0.060971749077548716,0.06154525589759748,-0.09318695144139785,-0.022996729576022522,0.024781560926928497,-0.08083436723762685,0.07451632801398571,-0.09860620788427349,0.09409583867698842,-0.11575158350372897,0.1019037750521449,-0.10186158829463053,0.09340334524528167,-0.11582097327418607,-0.14979831160517298,0.09811722318483079,-0.1507668182363906,0.11546292223421419,-0.15814568796226972,0.13129742637507077,-0.15915528761523304,0.12597580491166252,-0.1667971299837605
0.0914599023711702,0.2119879828044287,-0.2384309277006986,0.20795836998938488,-0.2158452378927872,0.20288184764730535,-0.1860810796707264,0.1967574383816497,-0.17816137827050643,0.20158394512910988,0.20642763626031585,-0.21423435651247316,0.25000000000000017,-0.23667204599429598,0.222521553117801,-0.19083281203447566,0.17952759676283306,-0.16880484979935567,0.16840823111206824,-0.165318333733913,-0.08889914625515051,0.15186245419522362,-0.1525797326283627,0.19378153641619908,-0.162318748211504,0.17358877783933305,-0.1660660937230092,0.16589893787902632,-0.16641137889345148,0.16651823613956387,0.0965871579045615,-0.0437864434589145,0.04976045486573007,0.01711207070014792,-0.004194783420724194,0.05219890070161375,-0.041564412808514084,0.08868916783339065,-0.08816586229808145,0.12018880327644856,0.05740533492374633,-0.05932608697314742,0.11545789413819962,-0.10913721272254713,0.13326066768976597,-0.1287549246764032,0.15020805764343384,-0.1308492130766977,0.1306271222418875,-0.1203266167962041,0.12962333532799425,0.18454880608710636,-0.13267780332554877,0.18552471592803668,-0.1501302579059352,0.1929186283334273,-0.16581193980552136,0.19392085344112578,-0.15753506405972842,0.2015860111969532
-0.08566401978961014,-0.2016669548324471,0.22708580791136165,-0.19802681900236205,0.22466908231223293,-0.1981209890501408,0.19262629042375307,-0.19118979680529902,0.1838804815595284,-0.19165078188036214,-0.19363802819084674,0.20140359755876952,-0.23667204599429598,0.2500000000000001,-0.23565715786864644,0.20392761357761988,-0.1921021983065276,0.18136633172870614,-0.18097121448940517,0.17788356540681605,0.09905062286772737,-0.16205392812179573,0.16283061366268475,-0.20648730225589151,0.17505418613436477,-0.18660922922723833,0.17904986483158705,-0.17860341663931695,0.17909245082538183,-0.179083347995036,-0.10655859411769493,0.05393905042208644,-0.059931044078820175,-0.007007930376051144,-0.005944166582323486,-0.0421371135797073,0.03112996371089681,-0.07830314161372756,0.07772122037658348,-0.10979358963864917,-0.04737413875577292,0.049257008257708144,-0.1054351493443157,0.09910687521010986,-0.1232586181515103,0.11874551532263872,-0.14021904830530457,0.12056018043737317,-0.12034435444110692,0.1099647100424932,-0.1256742063575475,-0.1745995339526189,0.12270242981989335,-0.1755745215356614,0.14015053666094587,-0.18297625614508892,0.1558639170630154,-0.18397916664947025,0.14741077786984183,-0.1916527380064826
0.09901408019578242,0.2092628643506665,-0.22028040592761375,0.2111536217577512,-0.23821810018942866,0.21137360411536085,-0.20613352719391861,0.20443343781864398,-0.19743700526619878,0.20478153967510843,0.17953599744971763,-0.18726855840042145,0.222521553117801,-0.23565715786864644,0.2500000000000001,-0.21768750929123992,0.20583134704314598,-0.19513383943211401,0.19473842322506282,-0.19163972625694228,-0.08542258831181868,0.14831298069791296,-0.1490961915095775,0.1927207041517025,-0.16141614052947337,0.18896299351641382,-0.18152491739930676,0.18903897992318017,-0.1898022272348398,0.1928343855029928,0.09292297600607381,-0.0404054649936835,0.046375736684136616,0.02041675583674067,-0.007506341856339893,0.055435930722065166,-0.04248704191514862,0.08955149471471431,-0.08864259338172747,0.12075916339952396,0.06069099811645921,-0.06262291334503564,0.11870494006498813,-0.11238829891925481,0.13649674609018833,-0.13199456513817745,0.15335732465906574,-0.1320866562695377,0.1318132707203821,-0.12089661590221952,0.13078871782119078,0.18775562960657263,-0.13590668406572023,0.18873141712345792,-0.1533549337418335,0.1961211619759243,-0.16898062600216818,0.1971195670070634,-0.15966289840184142,0.2047835411519617
-0.08682563129269262,-0.178703622569302,0.18894424493972112,-0.18083486525698422,0.20756674413983361,-0.1812217651467302,0.2164598145513626,-0.1855227013599881,0.21019564190485798,-0.17460781335929879,-0.14812719910851552,0.1556260920008521,-0.19083281203447566,0.20392761357761988,-0.21768750929123992,0.25000000000000006,-0.23803744725573056,0.22730847830201723,-0.22691555248702913,0.22380542107045914,0.06729044854689759,-0.12034989971452126,0.12154303728790689,-0.1654236013208904,0.19099927335406017,-0.22076962335941594,0.2132327797678794,-0.2211096598162371,0.22184630933487456,-0.22499457651913585,-0.07480292359164359,0.0433543345668326,-0.05003659055350554,0.009307761010499876,-0.022991412649855242,-0.025113428621468554,0.011921344825404159,-0.05907137488688086,0.0581303936458737,-0.09030480024280339,-0.04409128589089321,0.045844035116995044,-0.08867201527824559,0.08206197919676275,-0.10621850588154473,0.10170040542130476,-0.12311933416618316,0.10168671447361065,-0.101438828514212,0.09051411971057934,-0.11338247662294465,-0.15755744314198983,0.1056994067227597,-0.15852987781076433,0.12311872750380651,-0.16593152513986895,0.13882367686894484,-0.16693158965468985,0.1293768119847249,-0.1746080044662498
0.09706938609136508,0.1833883555672014,-0.18161816229822975,0.1872270891645752,-0.20392687838410364,0.19107557083908389,-0.2270449893662521,0.19558509132394963,-0.2208836697358376,0.18446120937933239,0.13697079484492583,-0.14434907785769635,0.17952759676283306,-0.1921021983065276,0.20583134704314598,-0.23803744725573056,0.25000000000000006,-0.23835727243571428,0.2379498191867886,-0.2342583337631629,-0.05588216956350906,0.10866866093083688,-0.10987324289959098,0.1536493175133519,-0.18006121472311143,0.20977245879148837,-0.20264206689413417,0.22533730200989935,-0.2265836344897233,0.23539681125794987,0.06339781803187947,-0.032464138261995665,0.03913811686599994,0.0009191054728730358,0.01273377391392352,0.03523865576982781,-0.02208210958399785,0.0691317570313339,-0.06819200685391402,0.10030196938302915,0.054465837365277096,-0.05625367148612278,0.09870614108249423,-0.09210471912796112,0.11620882748825859,-0.1117028698752356,0.13306878660773516,-0.1116677166242986,0.11140634756116341,-0.10047848626373655,0.1171300629143318,0.16744374099252113,-0.11566298758489199,0.16841610968310863,-0.1330697004521812,0.1758026660106953,-0.14872120933165447,0.17680058200180673,-0.13930189740829232,0.18446140735126756
-0.09219747850844887,-0.17308729395210687,0.1710338696872436,-0.17697001366458673,0.19343932191567267,-0.18090360176316764,0.21689857973757706,-0.18541358560421742,0.22329075620784944,-0.1742905165932701,-0.12632238867774073,0.13359205062363483,-0.16880484979935567,0.18136633172870614,-0.19513383943211401,0.22730847830201723,-0.23835727243571428,0.24999999999999992,-0.24954343899395526,0.24586017726982534,0.04637861855146528,-0.0989054839496073,0.10009400291195635,-0.14404396170004655,0.1744927821708831,-0.20431435000618245,0.21269380110026953,-0.23675810937087427,0.23800799131779415,-0.246992761247077,-0.054204236913052595,0.03171119767968507,-0.038686286043876264,0.009317804837553734,-0.023304189356471425,-0.024799196290854645,0.011577729392075171,-0.058726193122435884,0.0577803539438107,-0.08995540294526355,-0.04970415926463269,0.051428481966684855,-0.08847748503040521,0.08174647296121246,-0.10590236017747331,0.10138432356717769,-0.12280215416263514,0.10134549402989727,-0.10109260719621621,0.09015526891278611,-0.11092550820670992,-0.15723980390403508,0.10537958641971673,-0.15821247417168582,0.12280242544348613,-0.16561394316468164,0.1385044965552358,-0.16661394508327906,0.12904408161643027,-0.17429021541826317
0.09198676106228637,0.17267685437616817,-0.17063490790256325,0.1765580114042234,-0.1930376463028717,0.18048952005364216,-0.21648970346399515,0.18499989363563232,-0.22330984677912,0.173875625289201,0.12593594686201148,-0.13320248246971506,0.16840823111206824,-0.18097121448940517,0.19473842322506282,-0.22691555248702913,0.2379498191867886,-0.24954343899395526,0.25,-0.2462540374071992,-0.04612140261870758,0.09856738146489717,-0.09975694225680877,0.14368304173702662,-0.17434501734928576,0.20416449156591537,-0.2126839794558707,0.2367545799047561,-0.23804093142648777,0.24702678891992524,0.05394095959169523,-0.0316371829215803,0.03861192131966723,-0.009478977878423708,0.023459022158047467,0.024556710467872007,-0.011341884128010522,0.05843166572058778,-0.05748550418079567,0.08962522340055067,0.049552716667297506,-0.05127351019399778,0.08816896159530623,-0.08144287940632602,0.10556408904893849,-0.10105060340591478,0.12244435105414109,-0.10100476087735541,0.10075216956280653,-0.08982537058785771,0.11066502619118306,0.15684544321461386,-0.1050480393050834,0.15781560344904683,-0.12244529640832248,0.16520872243746057,-0.13812982479855013,0.16620758558321128,-0.12867584810252547,0.1738753065681325
-0.09006843471088266,-0.16914293955648654,0.16744146491546233,-0.17297245354809757,0.18972014511931246,-0.17680894594009353,0.21280840648341712,-0.18131747195754766,0.21965035012522605,-0.1701982592757163,-0.12310852998975426,0.13035390385794293,-0.165318333733913,0.17788356540681605,-0.19163972625694228,0.22380542107045914,-0.2342583337631629,0.24586017726982534,-0.2462540374071992,0.2500000000000001,0.04491441570210403,-0.09708772846193928,0.09828494047620114,-0.14200682643740717,0.17289908916870209,-0.20268730067490792,0.21223515452179073,-0.23633278439717384,0.23842681259877768,-0.2474359030172389,-0.05270222813337108,0.031372941500400195,-0.0383517663270082,0.01042070510208852,-0.024375230143413595,-0.022434418652255442,0.009267160353246035,-0.05577147099983589,0.05482011457607435,-0.0866650921917604,-0.04798719656543064,0.04967630159571641,-0.08554054758371221,0.07886140435324983,-0.10257778312588248,0.09809853926352906,-0.11927312609048424,0.09796268514381494,-0.0977120540075023,0.08686839576855243,-0.1084527712238812,-0.1533708311341768,0.10219175994499889,-0.15430189767132252,0.1192891250680813,-0.1616184298135311,0.13481078242657776,-0.162606764080492,0.12540057799985568,-0.1701979222908281
0.003421130855702512,-0.05116279145618439,0.07792647778284753,-0.04711025177926094,0.07447544023818117,-0.047328042647595256,0.05193562512579633,-0.04291424445350771,0.043450011430808046,-0.04073341628805904,-0.11750954770163811,0.12381431601617189,-0.08889914625515051,0.09905062286772737,-0.08542258831181868,0.06729044854689759,-0.05588216956350906,0.04637861855146528,-0.04612140261870758,0.04491441570210403,0.25,-0.186828173267066,0.1858405477666193,-0.14071412427619445,0.11696494279567064,-0.08575286595932914,0.07744740712500212,-0.05493387734958688,0.054342932616853426,-0.04594308534448367,-0.23955369402354357,0.18692446514203093,-0.1783774804216463,0.11132087604734789,-0.10578342492606166,0.06098405601038739,-0.05058564140737904,0.016906115527486235,-0.014319946926896983,-0.00417930166621219,0.0930093123718394,-0.09178337056197088,0.03827011319576582,-0.04215507641114037,0.019659793922964942,-0.02255376789459048,0.001941099320877724,0.0038882638420116274,-0.004555281560178404,0.004536080255205988,-0.06165879883816709,-0.02513751264259535,-0.022035612913655467,-0.0260703390522777,-0.005189153783244869,-0.033032248022628226,0.010704937786426068,-0.03404186754724549,0.01603213258211507,-0.040734220723410056
0.025288561975188237,0.11412754833393224,-0.14067680772838553,0.1101100587407556,-0.13735601239819736,0.11032021669790845,-0.10810754513065148,0.1040871768131784,-0.09929479965081411,0.10373033419719388,0.18018576910742648,-0.18681354252747961,0.15186245419522362,-0.16205392812179573,0.14831298069791296,-0.12034989971452126,0.10866866093083688,-0.0989054839496073,0.09856738146489717,-0.09708772846193928,-0.186828173267066,0.24999999999999997,-0.24757911959267653,0.20236445706713677,-0.16829717307033273,0.13719447506052837,-0.1290813919068967,0.10677893126458086,-0.10649736088214616,0.09815615713416183,0.19353732119640413,-0.14110268181329577,0.14695405275980145,-0.08000546981056679,0.0927903075675023,-0.04431746430427408,0.038961785702978445,0.008188488100519977,-0.010336161293218646,0.04137527308969566,-0.03975496864468376,0.03821559704678079,0.01779320528356028,-0.011495283477852322,0.035601980062133165,-0.031093513943984123,0.0531106140498507,-0.0472515809538496,0.047488967072990926,-0.04174520899873112,0.09081950167092748,0.08674768112739745,-0.03524654657415467,0.08770528104494042,-0.05247012011834066,0.09508523164658277,-0.06860923916146494,0.09610930644576979,-0.06756271740131128,0.10373170725999167
-0.025940406550180883,-0.11494547398868496,0.14144064144458476,-0.11093832064653437,0.13814979436910882,-0.11114932372267737,0.10918215001292386,-0.10499434538729539,0.10037377113485235,-0.10456848682131119,-0.18006956261515106,0.18669195113433665,-0.1525797326283627,0.16283061366268475,-0.1490961915095775,0.12154303728790689,-0.10987324289959098,0.10009400291195635,-0.09975694225680877,0.09828494047620114,0.1858405477666193,-0.24757911959267653,0.25000000000000006,-0.20444646914289946,0.1701610665706641,-0.13874840099883326,0.1306072170491016,-0.1080536313732552,0.10776780862967629,-0.09932933958267351,-0.19332736895564995,0.140908588686306,-0.14697844128476717,0.07989802668996601,-0.0929645148759021,0.04436146053195898,-0.039135184745020854,-0.008278940942396014,0.010415431770880907,-0.04168647418705606,0.03933109112630018,-0.037786190013769934,-0.018369561366063023,0.012033427266716416,-0.0362088083360174,0.03167412465543861,-0.05375157978747883,0.04767110416495446,-0.04790188720385269,0.042058097585695724,-0.09128586834235909,-0.08753387161038005,0.035874030874301875,-0.0884935062979287,0.05313894985608541,-0.09589437911929316,0.0693153185771099,-0.0969207742360412,0.06815260654047142,-0.10456985439481578
0.05519901482039063,0.1582360542812032,-0.18390855698117275,0.15453006855922755,-0.18170342158854708,0.15474445027973416,-0.1527256093735556,0.1486288333045666,-0.1441885510235061,0.14815073281184177,0.18924198685423882,-0.1963986683227326,0.19378153641619908,-0.20648730225589151,0.1927207041517025,-0.1654236013208904,0.1536493175133519,-0.14404396170004655,0.14368304173702662,-0.14200682643740717,-0.14071412427619445,0.20236445706713677,-0.20444646914289946,0.24999999999999986,-0.2140808705958323,0.182788354022655,-0.17467882196620088,0.152172229305613,-0.15188904614972637,0.1434423943898286,0.1483421778333988,-0.09620731138259356,0.10224475701320916,-0.035839451484573646,0.04884494250355174,-0.0006878992361119859,0.006015189473246676,0.04111140861616337,-0.04147735277769559,0.07317677465765562,0.004696058401903828,-0.00640517564465156,0.06220277171459651,-0.05588514778705616,0.07997629543998785,-0.0754656947152854,0.09709728211433995,-0.08223993385276042,0.0821969914378583,-0.07345623105491161,0.10819322144017193,0.13115820892195001,-0.07953308237728285,0.1321224329525023,-0.09683720039780822,0.13950193057307217,-0.11269149166588419,0.1405101868263875,-0.10679186440395946,0.14815231955309158
-0.042370502137876034,-0.12700321011126953,0.15266355467023449,-0.12331124326842685,0.1504148327144888,-0.12353673162915833,0.15895062308647015,-0.12784431968049648,0.15507297384306315,-0.1169607724239847,-0.1569631321911378,0.1638627945390451,-0.162318748211504,0.17505418613436477,-0.16141614052947337,0.19099927335406017,-0.18006121472311143,0.1744927821708831,-0.17434501734928576,0.17289908916870209,0.11696494279567064,-0.16829717307033273,0.1701610665706641,-0.2140808705958323,0.2500000000000001,-0.21745233554417617,0.20917112377904243,-0.18351658353298037,0.18311262902910033,-0.1743453874430349,-0.12474638694124886,0.09699955528413727,-0.10382786197629068,0.06675245668339075,-0.08061153335600468,0.032212265931183426,-0.03804064691500756,-0.00922746261024114,0.009520121487116912,-0.04132790084462144,0.011809004202019604,-0.010292432728690178,-0.031069941861195383,0.02442386226190784,-0.048595001630837104,0.044061965042314216,-0.06577028950992356,0.05052882520537665,-0.05050697545258682,0.04168211101273948,-0.08991911273265069,-0.09992226479993728,0.04822452293422362,-0.10088437478509871,0.06552029760248876,-0.10828505327800571,0.08147130423347868,-0.10929589614177275,0.07532218495234817,-0.11696058599103097
0.06597816112290263,0.15192355282238834,-0.1685141597818317,0.15165628880129514,-0.1785429238922089,0.15200487908840815,-0.18811607845939773,0.15651367789909573,-0.1844394844204487,0.14538973379002149,0.1463455827708388,-0.15355922287160867,0.17358877783933305,-0.18660922922723833,0.18896299351641382,-0.22076962335941594,0.20977245879148837,-0.20431435000618245,0.20416449156591537,-0.20268730067490792,-0.08575286595932914,0.13719447506052837,-0.13874840099883326,0.182788354022655,-0.21745233554417617,0.2499999999999998,-0.2397650131088005,0.21359826926206776,-0.2131751307072684,0.2043436269048738,0.09343325385452034,-0.06625799431604637,0.0730228755641387,-0.03667394640114316,0.050399170695456394,-0.002647830929953154,0.01568469187397751,0.031046796358871486,-0.030126030535533956,0.0620029091298443,0.017955697763758355,-0.019572219053651467,0.060294898099787164,-0.053705950438640064,0.07764454727861171,-0.07315958336003103,0.09440509188201779,-0.073245623917807,0.07303656173228097,-0.06229294813587069,0.10055047786490266,0.12850353325808603,-0.07720554851335576,0.12946174368194563,-0.09440095625306356,0.13679397548590708,-0.11001586403340274,0.13778499958803722,-0.10065649157319416,0.14538965720116642
-0.06251395766974495,-0.14463219272290592,0.16107971480008956,-0.14439528172959631,0.1711739316178905,-0.14475482552881838,0.18076908553509508,-0.14925023208414465,0.18682309353795112,-0.1381612012363083,-0.13866807370053105,0.14578613384257413,-0.1660660937230092,0.17904986483158705,-0.18152491739930676,0.2132327797678794,-0.20264206689413417,0.21269380110026953,-0.2126839794558707,0.21223515452179073,0.07744740712500212,-0.1290813919068967,0.1306072170491016,-0.17467882196620088,0.20917112377904243,-0.2397650131088005,0.2499999999999999,-0.22342080245240026,0.2229728958958099,-0.2141025795013174,-0.0855118291701204,0.06546292919699806,-0.07252432774327983,0.045292029073655864,-0.05938991750552804,0.011217829885255846,-0.024556179530306515,-0.022606436938541686,0.02164853168277548,-0.05382406967246019,-0.014443040388344737,0.016017034862734144,-0.05237455511163239,0.04562487106217744,-0.06978134609729977,0.0652525181511176,-0.08670087091570375,0.06521462522624627,-0.06500801448066765,0.05413572015024202,-0.09613852500063184,-0.12111865767092587,0.06936311799104632,-0.12208267810602964,0.08669868650396186,-0.1294842001693512,0.10247433565490487,-0.1304844800043124,0.09294497981751172,-0.1381607432740123
0.0820807935009855,0.16224079563074606,-0.16591691767254566,0.16487051583398304,-0.18461562691350178,0.16768045356355704,-0.20372913007713492,0.1721906531053744,-0.21044617043892827,0.1610662558603895,0.12803164640806447,-0.1352490714773955,0.16589893787902632,-0.17860341663931695,0.18903897992318017,-0.2211096598162371,0.22533730200989935,-0.23675810937087427,0.2367545799047561,-0.23633278439717384,-0.05493387734958688,0.10677893126458086,-0.1080536313732552,0.152172229305613,-0.18351658353298037,0.21359826926206776,-0.22342080245240026,0.25000000000000017,-0.24728606892454177,0.23825954656362092,0.06278808906925809,-0.041676047000443986,0.04861342475130839,-0.02052207476982547,0.03439401292100926,0.013570238982140562,-0.0003471017286785223,0.0468781555021244,-0.0459170566758146,0.07767969891159385,0.038448688748043115,-0.04011045353988478,0.07627758052417746,-0.06962646909798467,0.09358541615678037,-0.08912870778145696,0.1102663873557622,-0.08896138606434523,0.08872249211874284,-0.07791113872418519,0.10493604847870483,0.1442217151811776,-0.09301454294463127,0.14520120639120232,-0.1102688557805018,0.15250483865693865,-0.12578342831841163,0.1534914505135129,-0.11635983313482968,0.16106587981085402
-0.0830151820670032,-0.16338968774504697,0.16660592221353845,-0.16611908458311492,0.1855917088663835,-0.1690110183851029,0.2050111611525129,-0.17351594615541305,0.21173468689658415,-0.16240460771180942,-0.12818403104916432,0.13539963599626265,-0.16641137889345148,0.17909245082538183,-0.1898022272348398,0.22184630933487456,-0.2265836344897233,0.23800799131779415,-0.23804093142648777,0.23842681259877768,0.054342932616853426,-0.10649736088214616,0.10776780862967629,-0.15188904614972637,0.18311262902910033,-0.2131751307072684,0.2229728958958099,-0.24728606892454177,0.25000000000000006,-0.2405140107229104,-0.06228063663068505,0.04108439172154726,-0.04811445149987754,0.020101149494930137,-0.034180377029269175,-0.013136285376872527,-0.00012834601697046675,-0.046852846471631876,0.04590001994634006,-0.07807354352468349,-0.03895950267519868,0.04062881573180389,-0.07679219528666278,0.07004335550179257,-0.09402582760034678,0.08949901781758605,-0.11092704378696658,0.08946239676511844,-0.08922408037541459,0.07830858478591664,-0.10573336482929357,-0.14538839483636065,0.09365655455577596,-0.14632688212884254,0.11092693865845686,-0.15372795800114802,0.1266516034402367,-0.1547280868964367,0.11716963916183916,-0.16240423888915279
0.09059078445587118,0.17030762669850594,-0.16862869172243897,0.17413324402916197,-0.19089714985456824,0.177961552470177,-0.21394750167993895,0.1824688597366815,-0.22070489948599384,0.17135211336152537,0.12430410738464756,-0.13155487824618925,0.16651823613956387,-0.179083347995036,0.1928343855029928,-0.22499457651913585,0.23539681125794987,-0.246992761247077,0.24702678891992524,-0.2474359030172389,-0.04594308534448367,0.09815615713416183,-0.09932933958267351,0.1434423943898286,-0.1743453874430349,0.2043436269048738,-0.2141025795013174,0.23825954656362092,-0.2405140107229104,0.24999999999999997,0.05377045142380919,-0.032210914561542556,0.039188491215715826,-0.01103969609638901,0.025050604982009467,0.022287576664216022,-0.009061330838121173,0.0559901197944453,-0.0550406102698595,0.08715403960105376,0.047939207089437164,-0.04964378558185901,0.08582326727654079,-0.07909078727988927,0.10306639539873771,-0.0985526210296556,0.11994472538404923,-0.09852157277413567,0.0982720037787673,-0.08736001207230093,0.10929863414524622,0.15435179143743097,-0.10264827141908844,0.15529573065771463,-0.1199385406337879,0.16268765709797628,-0.13562624305890472,0.16368654927950982,-0.12617799299174762,0.17135178532308173
0.0005760906707765051,0.05923572248940376,-0.08569405068112197,0.05519863936019491,-0.08210390138767314,0.0553774411760103,-0.05962226081158904,0.05098712777006818,-0.05139776291142906,0.04891375617667505,0.12480974968617531,-0.13103076585115603,0.0965871579045615,-0.10655859411769493,0.09292297600607381,-0.07480292359164359,0.06339781803187947,-0.054204236913052595,0.05394095959169523,-0.05270222813337108,-0.23955369402354357,0.19353732119640413,-0.19332736895564995,0.1483421778333988,-0.12474638694124886,0.09343325385452034,-0.0855118291701204,0.06278808906925809,-0.06228063663068505,0.05377045142380919,0.25000000000000006,-0.19601245241012838,0.18718159651206448,-0.11961017673856744,0.11382873260640486,-0.06642258150888056,0.0557028296464924,-0.018200291297545856,0.015509008295820113,0.00517632198970743,-0.09436800686342967,0.09312010940187274,-0.03703116449661756,0.04185224941308188,-0.017655887861185153,0.021177332475832762,0.0012786576656576595,-0.00580569891413378,0.006474825132774928,-0.005569601746867237,0.06857677857225426,0.03193176595958437,0.01944738675309555,0.03288397098505115,0.0015611242641080253,0.04043442388616084,-0.015539884517324786,0.04151975362282311,-0.02030365055798433,0.04891459349729405
0.02370091005155637,-0.006093880601439394,0.03299453606884853,-0.0020250759062346996,0.029463716948900417,-0.002251854634775896,0.020943026042502783,-0.0017087222686978515,0.018656695289021072,0.004348091193873582,-0.07222100326703693,0.0782555490059851,-0.0437864434589145,0.05393905042208644,-0.0404054649936835,0.0433543345668326,-0.032464138261995665,0.03171119767968507,-0.0316371829215803,0.031372941500400195,0.18692446514203093,-0.14110268181329577,0.140908588686306,-0.09620731138259356,0.09699955528413727,-0.06625799431604637,0.06546292919699806,-0.041676047000443986,0.04108439172154726,-0.032210914561542556,-0.19601245241012838,0.24999999999999994,-0.2398928582571041,0.1719208049060346,-0.1556394545536508,0.10829758920577412,-0.09458420153127668,0.06079584556715699,-0.057731215441112066,0.041346160673876406,0.147701377371864,-0.14669235371882935,0.09051006213092558,-0.09523866079514544,0.07097674398711173,-0.07444500833033363,0.05170291723532243,-0.04260275374667437,0.04168934925683017,-0.040837083829183884,-0.04802257032732369,0.021366347984079766,-0.07273382414113046,0.02042514492680109,-0.054871953658345296,0.012840135833892468,-0.037468337609361274,0.011740264908198678,-0.03023874187716489,0.004348267228749174
