x1,x2,x3,x4,x5,x6,x7,x8,x9,x10,x11,x12,x13,x14,x15,x16,x17,x18,x19,x20,x21,x22,x23,x24,x25,x26,x27,x28,x29,x30,x31,x32,x33,x34,x35,x36,x37,x38,x39,x40,x41,x42,x43,x44,x45,x46,x47,x48,x49,x50,x51,x52,x53,x54,x55,x56,x57,x58,x59,x60
0.25000000000000006,0.2488365815644006,-0.07529434907301587,0.24656480108281179,-0.08999566854070892,0.24814832397886255,-0.13617153393318598,0.24811890473243212,-0.17236108478557396,0.24904255201395642,0.058744447416348766,-0.06438698512537172,0.07170700748826221,-0.07704407709784362,0.0780842265008773,-0.08916968492277871,0.12277372952481917,-0.1562641392826743,0.16537207189340034,-0.1492759670766968,-0.04848022578672498,0.055837517433837205,-0.06506242389810793,0.06477314196347117,-0.034576358340244674,0.05328245151676308,-0.062475424320588516,0.10146885999290751,-0.10375871057985546,0.15615764749794656,0.06980268974616466,-0.060552346992582474,0.058293638596263686,-0.041726600967175745,0.02782432392478934,-0.01805968396384632,0.03886349565924889,0.025994747693671914,-0.027639030087502486,0.1431084070992062,-0.048837516870190736,0.04589862366812247,-0.03608677530113322,0.026637594349602046,0.013733474038246707,-0.021217884990737755,0.0632259830177105,-0.08331684306144356,0.11719411344079922,-0.11817355433833716,0.24872465494132107,0.24876714415985318,0.028416515973824195,0.24529439304908787,-0.03043217364110795,0.24677676806767707,-0.08104043562196123,0.24814872252605916,-0.1367862120910506,0.2490464459918047
0.2488365815644006,0.25,-0.07641894260239879,0.24731334228717822,-0.090604120603129,0.24888705546341025,-0.13667682922841934,0.24885170449175817,-0.17283053106943136,0.24978579154860955,0.0596729025371618,-0.06531790667390863,0.07263549978437599,-0.07796485032970372,0.0787021491334502,-0.08974219861983326,0.12328337042506834,-0.15675279892123642,0.16584299339007236,-0.14976171549810124,-0.04932934106337428,0.05672451977812999,-0.06594041274136703,0.0656499724851405,-0.03518470693413542,0.05384874244464936,-0.06304311752195338,0.10200360265644252,-0.10429967050133661,0.15664367134875917,0.07067890347348416,-0.061384041634183394,0.05912175521089774,-0.042420187578587086,0.02840172452186819,-0.01858879265656123,0.03938309010618986,0.02578680031478143,-0.02743861393098125,0.1434578401706797,-0.049589569849632434,0.046650516377241394,-0.03677891716098808,0.027259941758514046,0.013331894690513033,-0.02087406334684866,0.06313001228797105,-0.08338089947320688,0.11742040701962597,-0.11840540564849719,0.2494673665677791,0.24950925298809826,0.02907043244824766,0.24601930068348885,-0.030110817133127923,0.24750919429401766,-0.08102732913744663,0.24888783806076656,-0.1371058321377349,0.24978970078433185
-0.07529434907301587,-0.07641894260239879,0.25000000000000017,-0.07870421986812173,0.1806992488382017,-0.07648801068996865,0.1290141033656458,-0.07565589882168941,0.07650484901932626,-0.07622157059415478,-0.23280759959224478,0.2384717637465138,-0.2458160340382875,0.24077281141079923,-0.19070198111221937,0.16967874109630118,-0.1356194373687196,0.09677227867415485,-0.08245978289494227,0.09638060040904639,0.22093120534771415,-0.22856812255873402,0.22862843407734537,-0.22857195409625278,0.19764377688798906,-0.17940498276487082,0.17411984242541945,-0.13964337545253824,0.1402891899350684,-0.0945480950811073,-0.22513705943448667,0.22203857834869511,-0.22234307487957858,0.2052672051110095,-0.19190092199744482,0.18166584998419646,-0.16978872396276823,0.10632026635694111,-0.10485186551615384,-0.00663870826155491,0.2061175091896681,-0.20800722325967416,0.19910420956118524,-0.19120088990934278,0.15180678899756112,-0.14437573652947291,0.08959671101762166,-0.0512879247751089,0.018290336404716275,-0.016990421971600524,-0.07625086136834794,-0.07602385334999655,-0.1915593995835856,-0.07258748060890324,-0.13560925098687854,-0.07402642020162692,-0.0730604936237616,-0.07539706721488604,0.0006348117494746897,-0.07622372209207685
0.24656480108281179,0.24731334228717822,-0.07870421986812173,0.25000000000000006,-0.09312766043029963,0.24663808750918495,-0.13726239087290204,0.2465828541933592,-0.172093719153973,0.24751393478001119,0.06213675132370636,-0.0677859654277962,0.07510809986862907,-0.0804443063315961,0.0812080253006533,-0.09164709221678181,0.12415665998477539,-0.15654401811812974,0.1652943198064004,-0.1496093771823318,-0.051786509984343976,0.05918849363818347,-0.06840866956501467,0.06812308105195211,-0.03763673207591471,0.05586223898579412,-0.06486834766192066,0.10295001892547949,-0.10522741490453404,0.1563720641762236,0.07304827100390254,-0.0638255226204346,0.061591622368460774,-0.04487384590780498,0.0308572362036421,-0.02102720324315565,0.041424460555258474,0.0237975793408172,-0.025448609276481765,0.14154028736115876,-0.05195631383559343,0.04908593302615405,-0.03921727149893055,0.0297118128020618,0.010905694887412123,-0.018451094669877138,0.06091743597739491,-0.0814233059477856,0.11548801401325662,-0.1164789308387878,0.24720026516710084,0.24723823853223928,0.03150207515495469,0.2437449738538878,-0.02769602672103913,0.2452358148910829,-0.07881651466446633,0.24661591155066978,-0.13518583077977397,0.2475178205369575
-0.08999566854070892,-0.090604120603129,0.1806992488382017,-0.09312766043029963,0.2500000000000003,-0.09155354947235604,0.1868419132841907,-0.09127118544436727,0.13214137746355628,-0.09065006268738016,-0.17135943733596037,0.17639172933269273,-0.18375841723683325,0.1890505016663292,-0.23800903903790702,0.21637498532908103,-0.19375678351602096,0.15003229014286973,-0.1374753807280721,0.14589123450502792,0.16045396946824364,-0.16791646555614653,0.1772711409884766,-0.17733703398959522,0.19326132977515928,-0.18829666014782534,0.18503059522623655,-0.1657075343215761,0.16674794898195872,-0.1445056414735209,-0.17532624172883463,0.17811217313422784,-0.1780830926374923,0.18150519814586172,-0.18766699827251634,0.17718684540758417,-0.1744714606343136,0.10872373672505553,-0.10719740608355129,-0.008648603455619595,0.16650433332191836,-0.16769936147932646,0.1642652407434734,-0.16721252802158215,0.13737646595911304,-0.13838206097315928,0.08557464115205325,-0.05148413716736415,0.017267045911966736,-0.015918473496677674,-0.09062451423847422,-0.09044069054307138,-0.156967455767143,-0.08705272931068646,-0.1207496977759839,-0.0883705034597799,-0.06828542932370406,-0.08978102506309485,0.002393529177709202,-0.09065180930605114
0.24814832397886255,0.24888705546341025,-0.07648801068996865,0.24663808750918495,-0.09155354947235604,0.25,-0.13772085398767678,0.24816573972413597,-0.1735637331037065,0.24908977230701626,0.059945474975551874,-0.06558485165183939,0.07290641344035262,-0.07824335111332703,0.0796352246588307,-0.09070774259491042,0.1243106865417049,-0.15755065387447298,0.16661847527375817,-0.15055073993188695,-0.04958808375151387,0.05698783696848406,-0.06621737092782698,0.06592894188700972,-0.03605996125668165,0.05477086923530187,-0.06394475574779533,0.10281676320442042,-0.10511133396736762,0.15741599729702313,0.07094624700072356,-0.06174817582482055,0.05949204800647792,-0.0430484974349047,0.029282238162328916,-0.019459896931974866,0.040268454464403844,0.024945621389102966,-0.026597733736444376,0.14269410049567496,-0.04998097272231038,0.04705955823604695,-0.037259853372733645,0.027885589625963977,0.012591102081896358,-0.020025927098031984,0.062313759468697015,-0.08257717127047884,0.11663982499762288,-0.11762770946426455,0.24877248885421258,0.24881343381817847,0.02955240605355549,0.2453230404648274,-0.029378873983384332,0.24681165327862392,-0.08022072971488649,0.24819121575481182,-0.13633831332987287,0.24909367287768638
-0.13617153393318598,-0.13667682922841934,0.1290141033656458,-0.13726239087290204,0.1868419132841907,-0.13772085398767678,0.25,-0.1377515108857715,0.18476481408254475,-0.13682045014921065,-0.11947226472160699,0.12436104992423748,-0.1317095168498696,0.13700267224271376,-0.18329537563039278,0.2023076919054691,-0.2359835061911978,0.1897337114461772,-0.18654888659713453,0.18178716794837643,0.10848180730116024,-0.11588554060240076,0.1253785300641729,-0.12535287040113818,0.146978380338242,-0.16657587385280762,0.16701823903909832,-0.16303923375218168,0.1646766191591285,-0.18174745444698603,-0.12628393344582794,0.1276257429175022,-0.1269231445606903,0.13284654783290675,-0.14107729235430924,0.13085053115947984,-0.14566866426241282,0.08035072020575704,-0.0787989354661824,-0.037052774459361934,0.11775274745413752,-0.11763469413696817,0.11466848876055753,-0.11845921360310968,0.0899061353190041,-0.09187245409823659,0.04665174004265073,-0.022978437316542363,-0.011116522350768276,0.01237644684435219,-0.13669838145147814,-0.13659316468142027,-0.10746684608432057,-0.1332482127973573,-0.07333185009606745,-0.13454462933373224,-0.029119661992245322,-0.1359301051224293,0.030772826102015937,-0.13682265420599865
0.24811890473243212,0.24885170449175817,-0.07565589882168941,0.2465828541933592,-0.09127118544436727,0.24816573972413597,-0.1377515108857715,0.2499999999999999,-0.17392158765947466,0.24905724002194632,0.059183617399961655,-0.0648097961397458,0.0721311628929496,-0.0774684619937963,0.07938002887310343,-0.09073512247478356,0.12434489841767732,-0.15783328554442383,0.1669389594424647,-0.1508356778338009,-0.048815332389262445,0.056213876492892376,-0.06545100250182719,0.06516314127236832,-0.03607778378599185,0.05480278294973326,-0.06400114470477056,0.10300979736359281,-0.10530516091585163,0.15772059893630366,0.07018358302494651,-0.06110152643463199,0.058847929176461616,-0.04275009837526404,0.029312705316486887,-0.019490863218926645,0.04032016664232638,0.024893254994894913,-0.026545290078647477,0.14264121368816465,-0.04941058861996092,0.04648172540743263,-0.036779791117762195,0.027593125147597507,0.012702509827770506,-0.019994752409191976,0.06227353563140379,-0.08252463791833477,0.1165868606434604,-0.11757508470943796,0.24873948163177817,0.24878091843573652,0.029081135287856667,0.24529340392621282,-0.029487100720673023,0.24677912685787545,-0.08018070358328143,0.2481586541677772,-0.13628525252369542,0.24906113304231928
-0.17236108478557396,-0.17283053106943136,0.07650484901932626,-0.172093719153973,0.13214137746355628,-0.1735637331037065,0.18476481408254475,-0.17392158765947466,0.2500000000000001,-0.17299574307760052,-0.0663204448973457,0.07092988799711031,-0.07826812448456051,0.08355219261369784,-0.12366348075624585,0.14660455991238736,-0.1804711720784017,0.22823396121182918,-0.2427610283497634,0.22654006128083257,0.05741082199492745,-0.06470097214871585,0.07435954942631043,-0.074271146898303,0.10647113749286918,-0.12618653219646164,0.1349747828245563,-0.1741274840829124,0.17620677247316754,-0.2285189505298926,-0.07857595661894227,0.07924866149618054,-0.0774957310070436,0.08825812001936771,-0.10080698750605796,0.09128047469580614,-0.11228131611275621,0.04792971831739355,-0.04637068664853715,-0.06798011583033134,0.07161190026556713,-0.07027162287912891,0.06840924868672017,-0.07410745437867446,0.04861856226334988,-0.05265886389008849,0.010866071244707488,0.008766310454452284,-0.04235458861875005,0.04351847624019761,-0.1727895921554808,-0.17275599605594322,-0.061444852732087774,-0.1695139818544483,-0.03231388234180503,-0.17075100616494046,0.006589612068258977,-0.1721096935773343,0.061754363260838566,-0.17299871170417325
0.24904255201395642,0.24978579154860955,-0.07622157059415478,0.24751393478001119,-0.09065006268738016,0.24908977230701626,-0.13682045014921065,0.24905724002194632,-0.17299574307760052,0.25000000000000006,0.05966226801684507,-0.06531009473065538,0.0726312894372035,-0.07796870089913406,0.07872856149430821,-0.08980260173469218,0.12340753474741993,-0.15689696050376695,0.16600070898962124,-0.14989788047440336,-0.04931215445795123,0.056711949286930616,-0.06593735646926258,0.06564668346249891,-0.03516362840363065,0.05386488215601101,-0.0630689225277131,0.10207218631760705,-0.1043703242029368,0.15678469154212993,0.07068190520327196,-0.06137895988286762,0.05911439036460142,-0.042402831760525346,0.028375788229345653,-0.018556793822585297,0.03938242067044455,0.02582942349630873,-0.027482334555426924,0.1435769967367242,-0.04957811052150876,0.046635950184371375,-0.03675790364373917,0.02723262847702719,0.013385134518218128,-0.02093188902822921,0.0632076254853801,-0.0834610998415892,0.11752261766421834,-0.11850817234534165,0.24967339182726714,0.24971537817532932,0.029044458139730656,0.24622318571322052,-0.030174928616136465,0.2477140397321152,-0.08111681581836368,0.24909355448852263,-0.13722083696699203,0.24999602564993187
0.058744447416348766,0.0596729025371618,-0.23280759959224478,0.06213675132370636,-0.17135943733596037,0.059945474975551874,-0.11947226472160699,0.059183617399961655,-0.0663204448973457,0.05966226801684507,0.2500000000000004,-0.2441854212984655,0.2368516475965341,-0.23152413444843015,0.18173022142512785,-0.16070702759957725,0.12643000668651355,-0.08695341372576115,0.07254703925516369,-0.08675990563015398,-0.22677585673099954,0.23426236794630934,-0.2252205649249861,0.22508938245722906,-0.19494288026272055,0.17466682446260115,-0.16898719498323114,0.1325724555181567,-0.1330902727240851,0.08477448900287594,0.22151768851706385,-0.21873374912631932,0.21929042687379158,-0.20277616189286,0.1898112229990231,-0.18018636482174413,0.16663060030074733,-0.1075543023340167,0.1061966196590764,-0.002495540934268646,-0.20349630397370994,0.20558570036970822,-0.1972273440643082,0.18971699956225418,-0.1527338205544451,0.1455581565688606,-0.09350246090278559,0.056390287117519006,-0.025676549152154487,0.024443919300316554,0.059713430236534346,0.05948304904348222,0.19018755185054842,0.05627621122975202,0.13765841649069402,0.05762008215667772,0.07816960951526737,0.058898477767335145,0.008072949539404009,0.059664233769017236
-0.06438698512537172,-0.06531790667390863,0.2384717637465138,-0.0677859654277962,0.17639172933269273,-0.06558485165183939,0.12436104992423748,-0.0648097961397458,0.07092988799711031,-0.06531009473065538,-0.2441854212984655,0.25000000000000017,-0.24260834446778096,0.23727834186737315,-0.18661237381612747,0.16540025692444496,-0.1310814855394873,0.09148845212732598,-0.0769872729149995,0.09117626105373786,0.2318413635354766,-0.2395934755852454,0.2306796335781604,-0.23054245195767167,0.1993477795859996,-0.17900296934648946,0.1733829698276782,-0.13698305541269234,0.13755223304771633,-0.08926788367627272,-0.22699025212581603,0.22399818929885632,-0.22452467499863976,0.20742712347919043,-0.19399420111399487,0.18400752524023323,-0.17055919758178503,0.10916677857054415,-0.10775311333247009,-4.131681642823709e-5,0.2082619762445716,-0.21033797671897234,0.20165051419060867,-0.19384329694640628,0.1554339695556789,-0.1479993033164532,0.0941742923870509,-0.055976867310725195,0.02405658372299644,-0.022782366333774322,-0.06535641879610876,-0.06512239218974596,-0.19433677697024387,-0.06179103290737841,-0.13976533493312726,-0.0631873987479504,-0.07822284143770392,-0.06451533801465283,-0.005758290349025676,-0.06531212721530591
0.07170700748826221,0.07263549978437599,-0.2458160340382875,0.07510809986862907,-0.18375841723683325,0.07290641344035262,-0.1317095168498696,0.0721311628929496,-0.07826812448456051,0.0726312894372035,0.2368516475965341,-0.24260834446778096,0.2500000000000003,-0.24462140417774997,0.19393343588689163,-0.17274812186814573,0.13841563582235522,-0.09881880580371154,0.08431426634084116,-0.09843518699322666,-0.22500752469102833,0.2326580051907206,-0.23247576329156958,0.2324246755776333,-0.20127955274954085,0.18283588435374404,-0.17742357958536012,0.1423430688046405,-0.14297247266094923,0.09654843947985195,0.2289291646214488,-0.2258420006070677,0.22616704994029505,-0.2089843231281014,0.1955404888318627,-0.18528590659130664,0.17321315266475493,-0.10972776950113479,0.10826223031309865,0.0032460289589453725,-0.20979091651016085,0.2117914755903553,-0.20286691693687084,0.19492567984608103,-0.1554746560430511,0.14800412261244691,-0.0931176616371179,0.05469112327691775,-0.021684408993610585,0.020376052996256853,0.07266813817464489,0.07243512135034882,0.1953153338817359,0.06899578983573329,0.13927296105053133,0.07043574704221117,0.07659024764540909,0.07180689504709649,0.0027562525161977545,0.07263342019424698
-0.07704407709784362,-0.07796485032970372,0.24077281141079923,-0.0804443063315961,0.1890505016663292,-0.07824335111332703,0.13700267224271376,-0.0774684619937963,0.08355219261369784,-0.07796870089913406,-0.23152413444843015,0.23727834186737315,-0.24462140417774997,0.2500000000000004,-0.19922320745379551,0.17804840939600408,-0.1437167718073015,0.10411413141847495,-0.08961004306293309,0.10371234592252651,0.22117986276037468,-0.22872549025477096,0.23755162136111843,-0.23761299897474508,0.2064940092983706,-0.18800893032964353,0.18266175352683967,-0.14758212151221595,0.1482371344489812,-0.10183804600005592,-0.2339331926264354,0.2309097239522277,-0.2310874241083885,0.21379613058665556,-0.2003490575015669,0.1897646747354287,-0.1778280929038325,0.1119246136480664,-0.11040144664062793,-0.005339488703976242,0.21442785343894097,-0.21641904908056359,0.20724897630118178,-0.19920436419447146,0.15855814494129378,-0.15104400401735427,0.09433218505143917,-0.05479320450014659,0.02053892541933738,-0.019186033497630244,-0.07800074033856237,-0.07776394766558047,-0.19942442268832627,-0.07419991926455195,-0.14174641832982673,-0.07568976740313477,-0.07716587683790453,-0.07711220272414346,-0.000892477752357962,-0.07797084897864337
0.0780842265008773,0.0787021491334502,-0.19070198111221937,0.0812080253006533,-0.23800903903790702,0.0796352246588307,-0.18329537563039278,0.07938002887310343,-0.12366348075624585,0.07872856149430821,0.18173022142512785,-0.18661237381612747,0.19393343588689163,-0.19922320745379551,0.2500000000000003,-0.226806081184688,0.1924177654537592,-0.144748950321663,0.13016423594786883,-0.14194013136017355,-0.17069492342876877,0.17815396489995525,-0.18748487451390428,0.1875756549897823,-0.20472129496849314,0.19956021381770403,-0.1953004704932948,0.1708637504508459,-0.17176789520445956,0.1400916581936718,0.18502112669719809,-0.1883946250256887,0.1885153965506069,-0.19244537404919954,0.19916306569390385,-0.1886515731678183,0.1850973605445674,-0.11942474611748741,0.11791065475935543,-0.002249885508074208,-0.17659541249149316,0.17812381802990096,-0.17489269389060913,0.1782231127025992,-0.1487193200058809,0.14995379312021093,-0.09681986267376805,0.062292070093836166,-0.028116500310582486,0.026742709387358742,0.0787263985961498,0.07852462517580586,0.1676113507626475,0.07514129037512814,0.13212114248823015,0.07645239395294363,0.07959640178343558,0.07786189972896314,0.008487289586514195,0.07873018362897438
-0.08916968492277871,-0.08974219861983326,0.16967874109630118,-0.09164709221678181,0.21637498532908103,-0.09070774259491042,0.2023076919054691,-0.09073512247478356,0.14660455991238736,-0.08980260173469218,-0.16070702759957725,0.16540025692444496,-0.17274812186814573,0.17804840939600408,-0.226806081184688,0.25000000000000006,-0.2155096551609358,0.1678256712275718,-0.15325140654981867,0.1645804443031387,0.1494855833586152,-0.15693187450772125,0.16639755185554353,-0.16647248963236916,0.1943257069895402,-0.21404714461056137,0.21123205853565857,-0.19066092266657683,0.19163486448562284,-0.16287286268495615,-0.1653683095820183,0.16922229565803867,-0.16901086821591443,0.17752394279521838,-0.1885313736076613,0.17810372256231793,-0.1906575887094233,0.12515311542539267,-0.1236392448781142,0.007626609541185339,0.15859600013093797,-0.159811483193683,0.15774733713297676,-0.16331752549231462,0.13614263123154077,-0.1392518781133475,0.09278136764156979,-0.06775724531037022,0.03356779806913362,-0.03219485840553584,-0.08977289057066845,-0.08959553296311976,-0.1505664276885322,-0.08624732030844123,-0.11955963588633642,-0.0875227473257103,-0.07537045098508552,-0.08891355682580565,-0.013884306738631948,-0.08980424156819718
0.12277372952481917,0.12328337042506834,-0.1356194373687196,0.12415665998477539,-0.19375678351602096,0.1243106865417049,-0.2359835061911978,0.12434489841767732,-0.1804711720784017,0.12340753474741993,0.12643000668651355,-0.1310814855394873,0.13841563582235522,-0.1437167718073015,0.1924177654537592,-0.2155096551609358,0.24999999999999997,-0.1995822863793183,0.18501120176875072,-0.1827714548352272,-0.11522150958725148,0.12262638333142716,-0.13215224599741648,0.1321581637226413,-0.16026559163214357,0.1799701607462976,-0.18004513050945456,0.1744899868227631,-0.17582799174998848,0.18066756392107325,0.13270042272102509,-0.13534408587251007,0.13473612506276145,-0.14347678360157298,0.15447381670603647,-0.14419945512198148,0.1588216310379134,-0.09349075080963137,0.09195068859860567,0.02389403150989384,-0.12572066584579125,0.12592960307626985,-0.12379283240061521,0.12918248719104602,-0.10212516023907102,0.1052744326785011,-0.05991191854238191,0.036135426628444496,-0.0020328011693669934,0.0007394493638476006,0.1233080573137379,0.12318613757911669,0.11665240569238171,0.11985920020791783,0.08557523650202038,0.12113164266701873,0.042417957591513435,0.122517353695564,-0.017622029311722402,0.12340952154793014
-0.1562641392826743,-0.15675279892123642,0.09677227867415485,-0.15654401811812974,0.15003229014286973,-0.15755065387447298,0.1897337114461772,-0.15783328554442383,0.22823396121182918,-0.15689696050376695,-0.08695341372576115,0.09148845212732598,-0.09881880580371154,0.10411413141847495,-0.144748950321663,0.1678256712275718,-0.1995822863793183,0.2500000000000004,-0.2349849004265333,0.22357237312358436,0.07735624961195615,-0.08473823010354119,0.09439028620836198,-0.09433094942730409,0.12716921032535708,-0.14695882763570114,0.15571108492076124,-0.1951570823084472,0.19655874905262563,-0.22129704003979464,-0.09819340064582156,0.0994007495352805,-0.09763815059692153,0.10856856833512475,-0.12143250056594122,0.1112945122816517,-0.13247646692309523,0.06717960969861052,-0.06561197771974905,-0.05048816269187716,0.09105221349084833,-0.09023933662093142,0.08833905855837153,-0.09417438991475634,0.06815880051782652,-0.07215709929937701,0.029599841359996087,-0.009633368416786508,-0.024484186250558995,0.02570988273128766,-0.15672484677903875,-0.15666168738072744,-0.08124935052908444,-0.15336050865786804,-0.05160515405940316,-0.15461797977710612,-0.01193133100541526,-0.1559973300899493,0.04418043933243797,-0.15689965352914254
0.16537207189340034,0.16584299339007236,-0.08245978289494227,0.1652943198064004,-0.1374753807280721,0.16661847527375817,-0.18654888659713453,0.1669389594424647,-0.2427610283497634,0.16600070898962124,0.07254703925516369,-0.0769872729149995,0.08431426634084116,-0.08961004306293309,0.13016423594786883,-0.15325140654981867,0.18501120176875072,-0.2349849004265333,0.25000000000000044,-0.23247876098115508,-0.06350350836360365,0.07079750574789193,-0.08045009356612488,0.08037658136943965,-0.11339046013124589,0.13314442722310088,-0.1419111719502194,0.18110484555855658,-0.18293474859139622,0.2253127924166696,0.08451054081345258,-0.08547497666707182,0.08372826800148245,-0.09482784017078223,0.10774253204887332,-0.09819806906778224,0.1192412501107805,-0.054895931036461273,0.053343088671537024,0.060985821288057455,-0.0777165320975366,0.07657192706103644,-0.07481303644532891,0.0807106503295825,-0.055417594896260886,0.059610240496130236,-0.017811172860184996,-0.0017832368948859445,0.03537008040500354,-0.036550481500682026,0.16580779883004973,0.1657640486828905,0.06785243450905931,0.16252261140961718,0.03911829323092754,0.16375630593058713,0.0003778419421655717,0.16511469502182347,-0.054765974826835095,0.16600355342180395
-0.1492759670766968,-0.14976171549810124,0.09638060040904639,-0.1496093771823318,0.14589123450502792,-0.15055073993188695,0.18178716794837643,-0.1508356778338009,0.22654006128083257,-0.14989788047440336,-0.08675990563015398,0.09117626105373786,-0.09843518699322666,0.10371234592252651,-0.14194013136017355,0.1645804443031387,-0.1827714548352272,0.22357237312358436,-0.23247876098115508,0.2500000000000004,0.078304070678944,-0.08560275154678346,0.09521116311095415,-0.09517099454391925,0.1294301772863674,-0.14898890775234544,0.15761602304889372,-0.19647954454710728,0.19829353907469768,-0.24159633024091778,-0.09915510903854455,0.10044021805393323,-0.09871889424572601,0.1103178108857356,-0.12381311590805162,0.1142369856482888,-0.1351499093016268,0.07078365634107432,-0.0692455075304392,-0.045080051192227175,0.09231880603649145,-0.09165240281394921,0.0900569349649599,-0.09627129302471091,0.07127760483018894,-0.07571210136804363,0.03378009030244369,-0.014122428589140132,-0.019476607018071183,0.02069522160548184,-0.14973717306864764,-0.14966829024583156,-0.08309527473348823,-0.1464245094840689,-0.05498101687448133,-0.14765333032743966,-0.016392976319597585,-0.14901194398705667,0.038871663115262384,-0.14990050949282807
-0.04848022578672498,-0.04932934106337428,0.22093120534771415,-0.051786509984343976,0.16045396946824364,-0.04958808375151387,0.10848180730116024,-0.048815332389262445,0.05741082199492745,-0.04931215445795123,-0.22677585673099954,0.2318413635354766,-0.22500752469102833,0.22117986276037468,-0.17069492342876877,0.1494855833586152,-0.11522150958725148,0.07735624961195615,-0.06350350836360365,0.078304070678944,0.25000000000000044,-0.24184529312819186,0.2326130425084192,-0.22953200149899097,0.19832798235168314,-0.17363543340559537,0.16748719525814276,-0.12783604377024693,0.128284264218904,-0.07590115707477456,-0.2283816513916564,0.22569202235125854,-0.22682132339043753,0.2100619210709124,-0.19669570794169206,0.1874412239556216,-0.1692235125067343,0.11094775235887987,-0.10961131241832306,0.007190347629545502,0.21054974037387675,-0.2128678174822479,0.2046756705693475,-0.19727684606166856,0.1605630853286341,-0.15332051837846977,0.09989637624152005,-0.060448496950052694,0.03008262576773766,-0.02884765849773906,-0.049382125433177035,-0.04913858816825132,-0.19771291975780958,-0.04596572627545336,-0.14567792136249413,-0.047295085981983294,-0.08481225379870677,-0.04856355702644009,-0.012694802930901748,-0.049313889110594485
0.055837517433837205,0.05672451977812999,-0.22856812255873402,0.05918849363818347,-0.16791646555614653,0.05698783696848406,-0.11588554060240076,0.056213876492892376,-0.06470097214871585,0.056711949286930616,0.23426236794630934,-0.2395934755852454,0.2326580051907206,-0.22872549025477096,0.17815396489995525,-0.15693187450772125,0.12262638333142716,-0.08473823010354119,0.07079750574789193,-0.08560275154678346,-0.24184529312819186,0.25000000000000067,-0.2401608852566127,0.23703393440957926,-0.2057929396093029,0.18096613521004334,-0.17490601410935513,0.1352240374738508,-0.1356991310363108,0.0832764134114558,0.23564152057627055,-0.23319353784165822,0.2338925090063046,-0.21676200813648522,0.20335868337591767,-0.19330538599655683,0.17512476497976384,-0.1134663456024911,0.11205280350048442,-0.003980512653406095,-0.2172188811038097,0.21952261308985774,-0.21087255616125497,0.20317028801916553,-0.16467131553058056,0.15723683958820178,-0.10125980414345742,0.06017083940232904,-0.028138480036808168,0.026845190958005367,0.056775698967625715,0.056526896398951254,0.20353446810044212,0.05318266264754847,0.14895502143960782,0.05458272646059939,0.08532159374269818,0.05592077392328473,0.009791590467835476,0.056713820771029516
-0.06506242389810793,-0.06594041274136703,0.22862843407734537,-0.06840866956501467,0.1772711409884766,-0.06621737092782698,0.1253785300641729,-0.06545100250182719,0.07435954942631043,-0.06593735646926258,-0.2252205649249861,0.2306796335781604,-0.23247576329156958,0.23755162136111843,-0.18748487451390428,0.16639755185554353,-0.13215224599741648,0.09439028620836198,-0.08045009356612488,0.09521116311095415,0.2326130425084192,-0.2401608852566127,0.25000000000000044,-0.24643628253292166,0.2152289466540784,-0.19032711231303118,0.18439134293698986,-0.1447573126085012,0.14527287598180572,-0.09295394908480974,-0.24429747467508797,0.2425688225562697,-0.24297957592667843,0.22564750103089184,-0.21223872663978172,0.20159393322348967,-0.18352967164788767,0.11754860561782418,-0.11603241219801577,0.0004125229167613459,0.22581162535255803,-0.22810707596241625,0.21900680808003697,-0.2111032768058786,0.1704703616365571,-0.16295743539222884,0.10366893863753227,-0.060518618858292905,0.026260780583676844,-0.024887544841038015,-0.0659931580220374,-0.06573715377437703,-0.21118099995472844,-0.06217030184547073,-0.15366546547200044,-0.06365941550181275,-0.08659302625871951,-0.06508913487052742,-0.006633018859605226,-0.06593930380671374
0.06477314196347117,0.0656499724851405,-0.22857195409625278,0.06812308105195211,-0.17733703398959522,0.06592894188700972,-0.12535287040113818,0.06516314127236832,-0.074271146898303,0.06564668346249891,0.22508938245722906,-0.23054245195767167,0.2324246755776333,-0.23761299897474508,0.1875756549897823,-0.16647248963236916,0.1321581637226413,-0.09433094942730409,0.08037658136943965,-0.09517099454391925,-0.22953200149899097,0.23703393440957926,-0.24643628253292166,0.2500000000000007,-0.21542059529273802,0.19048661705392478,-0.18453650282840453,0.14482306727696864,-0.14532245210620928,0.09289592003020368,0.24143651643012973,-0.2396803620593408,0.24007043153850874,-0.22279289398886082,0.2094002994419323,-0.19888481474747938,0.1826938923506492,-0.11747880242967505,0.11598053191069332,-0.0016450042660886913,-0.22307904865254485,0.22535205652700555,-0.2163098856260008,0.20840906654240104,-0.16816084376241108,0.16067582642934986,-0.10274859143102989,0.06107369310091164,-0.027204793782343754,0.025846129444170158,0.0657014882797462,0.06544875811790292,0.2085679237382039,0.06192082700956787,0.15154351731823937,0.06339437224839775,0.08585063787983421,0.0648058546152847,0.0077956137073897196,0.06564862553046004
-0.034576358340244674,-0.03518470693413542,0.19764377688798906,-0.03763673207591471,0.19326132977515928,-0.03605996125668165,0.146978380338242,-0.03607778378599185,0.10647113749286918,-0.03516362840363065,-0.19494288026272055,0.1993477795859996,-0.20127955274954085,0.2064940092983706,-0.20472129496849314,0.1943257069895402,-0.16026559163214357,0.12716921032535708,-0.11339046013124589,0.1294301772863674,0.19832798235168314,-0.2057929396093029,0.2152289466540784,-0.21542059529273802,0.25000000000000044,-0.22496293150027416,0.2188097394632694,-0.17913562073477174,0.17954962240980707,-0.12718080088530964,-0.2102791483527015,0.21792631691405792,-0.21880748785775905,0.22971130282027408,-0.2431675993153148,0.23244130616955247,-0.2168098360064054,0.15079060275682996,-0.14930500575125694,0.033580270895734746,0.20668546348658026,-0.20924359819491192,0.20818140811909333,-0.21572722538568004,0.18978693206889777,-0.19388386904800972,0.13544365025281713,-0.09372809783368499,0.05944463630625542,-0.05797451701023882,-0.035239410145756635,-0.03497728709313108,-0.20103956224296718,-0.03162812613645837,-0.1732175903152422,-0.032883476754225927,-0.11840534701238495,-0.034311085791304013,-0.03980151961720164,-0.03516480956408681
0.05328245151676308,0.05384874244464936,-0.17940498276487082,0.05586223898579412,-0.18829666014782534,0.05477086923530187,-0.16657587385280762,0.05480278294973326,-0.12618653219646164,0.05386488215601101,0.17466682446260115,-0.17900296934648946,0.18283588435374404,-0.18800893032964353,0.19956021381770403,-0.21404714461056137,0.1799701607462976,-0.14695882763570114,0.13314442722310088,-0.14898890775234544,-0.17363543340559537,0.18096613521004334,-0.19032711231303118,0.19048661705392478,-0.22496293150027416,0.2500000000000007,-0.23884328179727066,0.19894799828382384,-0.1993575205161337,0.14699279007221253,0.18745844073535045,-0.1936761806701528,0.19405385967749833,-0.20559304730790906,0.2194298219221589,-0.20907778479810626,0.22082796801231203,-0.1564658177916172,0.15501007773301823,-0.04108980271639695,-0.18317622714968798,0.18530013288041403,-0.18430863544217632,0.19180329021514722,-0.16672683326572948,0.17106088179252715,-0.12502324952561494,0.10014130947191674,-0.06654020571367666,0.06510852053272004,0.053902992047708334,0.053676790634654345,0.1773116530124258,0.050399405424966535,0.1504655289527767,0.05162592109292601,0.10802514585271135,0.05299253354744911,0.0472121756835785,0.0538662171973043
-0.062475424320588516,-0.06304311752195338,0.17411984242541945,-0.06486834766192066,0.18503059522623655,-0.06394475574779533,0.16701823903909832,-0.06400114470477056,0.1349747828245563,-0.0630689225277131,-0.16898719498323114,0.1733829698276782,-0.17742357958536012,0.18266175352683967,-0.1953004704932948,0.21123205853565857,-0.18004513050945456,0.15571108492076124,-0.1419111719502194,0.15761602304889372,0.16748719525814276,-0.17490601410935513,0.18439134293698986,-0.18453650282840453,0.2188097394632694,-0.23884328179727066,0.2500000000000006,-0.20757831119951292,0.20802998989517657,-0.15576820823419374,-0.18193521102015092,0.1879164509225525,-0.18805897829489954,0.19977616142686946,-0.21353822727221256,0.2047414613845662,-0.22630552469622345,0.1609215150493455,-0.15944121681255202,0.043335330681370784,0.1778191579252415,-0.17973182747186506,0.17869511797549065,-0.18604903697968728,0.16111349880143294,-0.16598512006669078,0.12311965393915816,-0.10346309211391003,0.06927173416055141,-0.06781943916972963,-0.0630930907487794,-0.06287499850336795,-0.17157609401329096,-0.059549168232305,-0.14456463949992104,-0.06078900315170497,-0.10571301447509278,-0.0621682181265953,-0.04957617659476685,-0.06307039827628069
0.10146885999290751,0.10200360265644252,-0.13964337545253824,0.10295001892547949,-0.1657075343215761,0.10281676320442042,-0.16303923375218168,0.10300979736359281,-0.1741274840829124,0.10207218631760705,0.1325724555181567,-0.13698305541269234,0.1423430688046405,-0.14758212151221595,0.1708637504508459,-0.19066092266657683,0.1744899868227631,-0.1951570823084472,0.18110484555855658,-0.19647954454710728,-0.12783604377024693,0.1352240374738508,-0.1447573126085012,0.14482306727696864,-0.17913562073477174,0.19894799828382384,-0.20757831119951292,0.2500000000000008,-0.24762824278263548,0.19522519908768576,0.14683050053592173,-0.1499560787399661,0.14836475328893486,-0.15981701946999377,0.17351115987536855,-0.16318925110601196,0.1845460748854621,-0.1199380618853931,0.11843485371689272,-0.003467707251307739,-0.14022315953488962,0.1410348155243789,-0.13941061051933828,0.14573593515208544,-0.12036781895619075,0.12465058969328537,-0.08244763151767229,0.06300323696705405,-0.029178269569705467,0.027837733691916194,0.10201028984396172,0.10186276366026999,0.13236221814897722,0.09857798276269579,0.10398435716575724,0.09981567182226908,0.06509953957050478,0.10118059662869265,0.009675328870496894,0.10207422022017772
-0.10375871057985546,-0.10429967050133661,0.1402891899350684,-0.10522741490453404,0.16674794898195872,-0.10511133396736762,0.1646766191591285,-0.10530516091585163,0.17620677247316754,-0.1043703242029368,-0.1330902727240851,0.13755223304771633,-0.14297247266094923,0.1482371344489812,-0.17176789520445956,0.19163486448562284,-0.17582799174998848,0.19655874905262563,-0.18293474859139622,0.19829353907469768,0.128284264218904,-0.1356991310363108,0.14527287598180572,-0.14532245210620928,0.17954962240980707,-0.1993575205161337,0.20802998989517657,-0.24762824278263548,0.250000000000001,-0.19728047358128126,-0.1474017576099233,0.15047054970033397,-0.14884966335575817,0.16024229479968846,-0.17389056473675732,0.16357479002391573,-0.1849610105761838,0.11965921073968967,-0.11814003227043263,0.002036190805083646,0.1406621310434801,-0.1414463154311453,0.13976012208954236,-0.14603927983511128,0.12036225524178731,-0.12464647525809258,0.08193444280215217,-0.06216132318108589,0.028001969143235425,-0.026651570242820506,-0.10430532683873743,-0.10415823800590424,-0.132638284349655,-0.10083983695330212,-0.10381076320022084,-0.10209113424568464,-0.06441188390315371,-0.10347014849150628,-0.008306127311170254,-0.1043723941430689
0.15615764749794656,0.15664367134875917,-0.0945480950811073,0.1563720641762236,-0.1445056414735209,0.15741599729702313,-0.18174745444698603,0.15772059893630366,-0.2285189505298926,0.15678469154212993,0.08477448900287594,-0.08926788367627272,0.09654843947985195,-0.10183804600005592,0.1400916581936718,-0.16287286268495615,0.18066756392107325,-0.22129704003979464,0.2253127924166696,-0.24159633024091778,-0.07590115707477456,0.0832764134114558,-0.09295394908480974,0.09289592003020368,-0.12718080088530964,0.14699279007221253,-0.15576820823419374,0.19522519908768576,-0.19728047358128126,0.2500000000000007,0.09704028716398727,-0.09817835826914811,0.09642840952377428,-0.10801607308455627,0.12150490841358068,-0.11136652342474483,0.1325492881393578,-0.06725592128889449,0.0656901638583588,0.050390826483878375,-0.08995320783993638,0.08915151832322747,-0.08743952148783193,0.09363535583818915,-0.06796763921391774,0.07223666838148055,-0.02968534454627979,0.009720739175159268,0.024391149444976272,-0.02561731687220451,0.1566132020430791,0.15654955147139807,0.08036766236821441,0.15325425907860182,0.05142203890126291,0.15450609393559017,0.01201959347198812,0.15588524925334826,-0.044084150748601364,0.15678742648819335
0.06980268974616466,0.07067890347348416,-0.22513705943448667,0.07304827100390254,-0.17532624172883463,0.07094624700072356,-0.12628393344582794,0.07018358302494651,-0.07857595661894227,0.07068190520327196,0.22151768851706385,-0.22699025212581603,0.2289291646214488,-0.2339331926264354,0.18502112669719809,-0.1653683095820183,0.13270042272102509,-0.09819340064582156,0.08451054081345258,-0.09915510903854455,-0.2283816513916564,0.23564152057627055,-0.24429747467508797,0.24143651643012973,-0.2102791483527015,0.18745844073535045,-0.18193521102015092,0.14683050053592173,-0.1474017576099233,0.09704028716398727,0.2500000000000009,-0.2400880963628947,0.2379069986704926,-0.22059828526702271,0.2071767134954572,-0.19656083340123354,0.17841831321159052,-0.11251619634764681,0.1109968818242722,0.004489000675917662,-0.222809695434308,0.2249768060666344,-0.2152239885130074,0.20605626054445747,-0.16546318234976082,0.15795042341393642,-0.09871176969032837,0.055547728053613,-0.021332376160787755,0.019972995662065767,0.07072865156276303,0.07047975513305528,0.20737405898103073,0.06691905174670076,0.14867783316999708,0.06840663095247304,0.08164310749759754,0.06983482239994072,0.0017272122062716323,0.07068391742125105
-0.060552346992582474,-0.061384041634183394,0.22203857834869511,-0.0638255226204346,0.17811217313422784,-0.06174817582482055,0.1276257429175022,-0.06110152643463199,0.07924866149618054,-0.06137895988286762,-0.21873374912631932,0.22399818929885632,-0.2258420006070677,0.2309097239522277,-0.1883946250256887,0.16922229565803867,-0.13534408587251007,0.0994007495352805,-0.08547497666707182,0.10044021805393323,0.22569202235125854,-0.23319353784165822,0.2425688225562697,-0.2396803620593408,0.21792631691405792,-0.1936761806701528,0.1879164509225525,-0.1499560787399661,0.15047054970033397,-0.09817835826914811,-0.2400880963628947,0.2500000000000009,-0.24770938165552442,0.2303738653855917,-0.21695037564942796,0.2062741602302888,-0.18671290874779545,0.12065883740052243,-0.11914407149419116,0.0034616542409868153,0.23233660918125346,-0.2347943033382898,0.2250206201513749,-0.21584212208178596,0.17518615862780307,-0.16767207328518394,0.10768828273551656,-0.06360950362816199,0.029321183114566145,-0.027938914194096977,-0.06144522131207137,-0.061180340338608745,-0.2171480308834743,-0.05760930736953184,-0.15836886130794864,-0.0590993597874224,-0.09062595221562258,-0.06053204939282618,-0.009682279690465527,-0.06138078913669295
