x1,x2,x3,x4,x5,x6,x7,x8,x9,x10,x11,x12,x13,x14,x15,x16,x17,x18,x19,x20,x21,x22,x23,x24,x25,x26,x27,x28,x29,x30,x31,x32,x33,x34,x35,x36,x37,x38,x39,x40,x41,x42,x43,x44,x45,x46,x47,x48,x49,x50,x51,x52,x53,x54,x55,x56,x57,x58,x59,x60
0.25,0.241192583023468,0.2264991026610569,0.24074639086818336,0.23747374524720635,0.242786327804629,0.22185808846984326,0.24667658202338777,0.231717286892213,0.24909003573016847,0.11909269223189292,0.21316444136576898,-0.21672502999667861,0.24467124518758188,-0.23948815630582695,0.24943514290778346,-0.2318288431134452,0.2486101902920061,-0.23995171639913634,0.24903817068596237,0.24110445963238175,-0.20088309942652022,0.1966903147986111,-0.1920649920671601,0.20244102846256345,-0.2036054282289319,0.20719198380056886,-0.18356562191469358,0.16329795048411108,0.17219981520632374,0.2376963162660718,-0.15114932695032482,0.12049594555169313,-0.06464290758194419,0.04324654700788285,-0.0001253022669641807,-0.028016961971222797,0.08849242963800184,-0.11486220391301179,0.22801183221857982,0.14066971928835942,0.19156754468892934,-0.198329682660171,0.226235665607883,-0.2205876211005782,0.22362171633139924,-0.22015803714514837,0.23391474211079138,-0.24025264572878866,0.2481001683798211,0.24984846164392654,0.24231221969664304,0.22135752583176854,0.24273019458900566,0.2394295540725558,0.24516007909079005,0.2342674742992216,0.2456851938840759,0.24367613544088582,0.24821629215441404
0.241192583023468,0.24999999999999997,0.21828448004988182,0.23440825555216363,0.23151830421772276,0.2350959866491018,0.22112558293391335,0.2383063598690244,0.22480250309449865,0.2405571199498541,0.11469571084119946,0.20539104221484134,-0.20881961993026654,0.23625764177733974,-0.2324508233485829,0.24090533885382037,-0.22854612350925713,0.24042937052265292,-0.2323174169977986,0.2405488975151124,0.23282803169885724,-0.1938469514676321,0.18982729303940715,-0.18543181985904814,0.19557666586304684,-0.19683484772803683,0.20039304598721014,-0.177632710742425,0.15800318595337517,0.16618364726873433,0.22957687613364622,-0.14607237366621648,0.11649626632567855,-0.0625670404485132,0.041908060316308206,-0.0002304390167693488,-0.02700382331615734,0.08556826818084844,-0.11110449448334857,0.22024382309995708,0.13583950154602206,0.1850648344307838,-0.19157503600672227,0.21851324335438926,-0.21305588858528182,0.21598612263344416,-0.21263739920408267,0.2259201466354065,-0.23203681821948213,0.23961254044045652,0.2413003331129784,0.23402234355024373,0.21378935154514223,0.23442542029353203,0.23123807578295705,0.23677254638450126,0.22625579035467036,0.23727959621770078,0.23534153420699117,0.23972407485390732
0.2264991026610569,0.21828448004988182,0.25000000000000006,0.21809559613779497,0.2163761845785241,0.22068408630626335,0.21655683554336577,0.22350434936508742,0.2265182531989451,0.2258527101074847,0.09752913586410689,0.21861322165786323,-0.23482620443747268,0.22275353100403458,-0.21762266088735677,0.22627552557747674,-0.21887092790718715,0.22603877401631592,-0.22738109372507043,0.22647740623072826,0.21986862567604842,-0.18841426805088543,0.18054709044386166,-0.17437362246804494,0.1832784483023795,-0.18417900492800235,0.18725973644753405,-0.1661174843818925,0.14787070989222897,0.15559842307783792,0.21553309796157777,-0.1367366870452347,0.1088251302841026,-0.05830411176019014,0.038951323112484774,0.00025481313931267907,-0.02579492996572693,0.08041239133279816,-0.10422777112308863,0.20680122794921058,0.12764538880615575,0.17355995223472406,-0.17978122520940323,0.2051452877371256,-0.20003508542305845,0.2027867104577108,-0.19965337437970185,0.2121374414135259,-0.21789622096867803,0.2250205696538624,0.2266076457323601,0.21977234085221628,0.20075919939016965,0.22015205357040962,0.2171629619527372,0.22235519921414146,0.21246995460726853,0.22283184883954726,0.22100419017615316,0.22512720981736545
0.24074639086818336,0.23440825555216363,0.21809559613779497,0.25000000000000006,0.2302342293462895,0.23460303608725835,0.21557105978093433,0.2377869203473395,0.2249100592732255,0.2401134666210409,0.11484156547331463,0.20510056726815712,-0.20850014863105767,0.23581739195723272,-0.2312106745292151,0.2404534793135389,-0.22458027584810647,0.2397336597172232,-0.23235025311746763,0.24013311663004874,0.23239711717725423,-0.1935158650799839,0.18944851221980788,-0.18498711319857317,0.1950619710507057,-0.19625755138891518,0.19977608312326078,-0.17702559329461487,0.15746847847541606,0.16593775383164325,0.2291452285997703,-0.14577881287462338,0.1162519440033963,-0.06243898225862177,0.04182488124574601,-0.0002441666366193446,-0.026910459754439515,0.08527834890312253,-0.11072887808903464,0.21980201408647712,0.1355899849281758,0.18470847939820267,-0.1912130590063402,0.21810375938098805,-0.2126574382088252,0.2155835316132787,-0.21224122556512365,0.22549921598355824,-0.23160426580296511,0.23916552002011265,0.24085008254528356,0.23358562503919866,0.21339139927787285,0.23398803880140828,0.23080614486885143,0.236330763451548,0.22583367165406365,0.2368368208764647,0.2349026642463749,0.23927676683906834
0.23747374524720635,0.23151830421772276,0.2163761845785241,0.2302342293462895,0.24999999999999992,0.23102168116172903,0.2119569696224235,0.23520212874679444,0.22279239676853377,0.23683342848968555,0.11350089296541095,0.20183414511169975,-0.2055262797045542,0.23256806142137862,-0.24087904434228755,0.23718320457822853,-0.22071084437094712,0.23642043476817845,-0.22930311485462182,0.23687705493675987,0.22910778292169307,-0.1900544508937054,0.18592798330009477,-0.18150900013724702,0.19174933391532784,-0.19311516254824934,0.19676719447171073,-0.17422300245085218,0.15492341712465824,0.16380336983893348,0.22607231711496517,-0.14410952509362024,0.1150806922790719,-0.06216043990497337,0.041891599158741195,-0.0009106787168825239,-0.025902444471206675,0.08359794183020121,-0.10875421512819619,0.2167400536187835,0.13369309315777878,0.18237176650039236,-0.18873402175134027,0.21521559515949626,-0.20983683763579816,0.2127334656546843,-0.20942055454356834,0.22248294867234217,-0.22848225134767397,0.2359224329357465,0.23758022036200338,0.23041587214598871,0.21052620274786835,0.23081074337275032,0.22766924422320772,0.23312330310184828,0.2227840881347886,0.2336216254389616,0.23172687907170747,0.2360285977792124
0.242786327804629,0.2350959866491018,0.22068408630626335,0.23460303608725835,0.23102168116172903,0.24999999999999994,0.21741661521339511,0.23985586830294112,0.22580647036372564,0.24215201726480434,0.11571141463112755,0.2075054923879969,-0.21106214558161912,0.23794628978636118,-0.23294718282120175,0.24250236704322936,-0.22669063170697534,0.241781606637359,-0.23355582424152602,0.2421216333534246,0.23444911912723923,-0.19557090221929466,0.19137258190422649,-0.18683000312678827,0.1969035061115284,-0.19804288439992565,0.2015218760683792,-0.17858255085613756,0.1588701764263962,0.16734860602497934,0.23107583345686156,-0.1469129435283633,0.11710367408470657,-0.06279194729244991,0.04198567980405948,-5.112536615087261e-5,-0.027317544770082296,0.0861266486984871,-0.11176988393436654,0.22168276303834045,0.1367588047147377,0.18621896339047334,-0.192797721497251,0.21993116884519728,-0.21444098043641616,0.21738929624784095,-0.21402350491079758,0.22739869566738447,-0.23356238855719702,0.24119324844598347,0.24289325650867208,0.23556670976095342,0.21519233156508163,0.23597319609155737,0.23276502086053052,0.2383352939746384,0.2277445064073203,0.238845889777898,0.2368914335033115,0.2413064935435127
0.22185808846984326,0.22112558293391335,0.21655683554336577,0.21557105978093433,0.2119569696224235,0.21741661521339511,0.25000000000000006,0.21940388204447267,0.20789186776052074,0.22121979167509137,0.10128847191188098,0.19907704373312837,-0.20711966705188867,0.21829945139615428,-0.21277514112353896,0.22186556436050553,-0.23668710829251507,0.22297181472263908,-0.21453776065962493,0.2212779520526358,0.21480631047513596,-0.18169219228684622,0.1765806868705779,-0.17198648039972728,0.18096212455508237,-0.18212637201213772,0.18537411034650705,-0.16481147890979334,0.14667646164269912,0.15227672065816383,0.21114019365840306,-0.1340616515843717,0.10675744568964385,-0.05702586467346747,0.03797276462612465,0.0005452011684708437,-0.02572976397506898,0.07980843750132698,-0.1033894363099864,0.20280021575414467,0.12500645173857958,0.170066561053323,-0.17610803740115188,0.20093384662468913,-0.19592072603264238,0.19860187085459005,-0.1955366144868407,0.2077697584071092,-0.21341935551815905,0.22040654993271638,0.22196305801357602,0.21526744409159784,0.19662479291680507,0.2156395986966194,0.21271460334003509,0.21779716945289218,0.20810881463322528,0.21826464724411268,0.2164680501301899,0.2205128235083836
0.24667658202338777,0.2383063598690244,0.22350434936508742,0.2377869203473395,0.23520212874679444,0.23985586830294112,0.21940388204447267,0.24999999999999992,0.2287162084491439,0.24603166970594703,0.11783697765042633,0.21033043998895168,-0.21382413016356255,0.24163100232895482,-0.23686029864338828,0.2463748859257031,-0.22922323882640006,0.245576355856727,-0.2369195456029656,0.2459763927148633,0.2381376705103183,-0.19838060233769914,0.19424011900707056,-0.1896716196732146,0.19993386187955012,-0.20109751100872725,0.20465091713229017,-0.1813216829199054,0.1612995653369497,0.17008604089632925,0.2347804904372005,-0.14930661075561028,0.11903332827766558,-0.06386988090256966,0.04273777806887661,-0.0001450246657607596,-0.027655290490743285,0.08739957214481862,-0.1134504877288284,0.2252131949758983,0.13894091655573929,0.18922312330204405,-0.19589983383124268,0.22346155415619826,-0.2178825314406427,0.22087961337131354,-0.2174578883213957,0.2310452184248637,-0.2373045761420915,0.2450551862332529,0.24678189636554348,0.2393382057808888,0.21864164326410643,0.2397509720701153,0.23649079026368328,0.24215109079830352,0.2313926948175639,0.24266973524704283,0.24068575574131415,0.2451697707253364
0.231717286892213,0.22480250309449865,0.2265182531989451,0.2249100592732255,0.22279239676853377,0.22580647036372564,0.20789186776052074,0.2287162084491439,0.24999999999999994,0.23106492939341805,0.10649510576353893,0.2083482861848489,-0.21806829525004812,0.2284415088912923,-0.2232056112669632,0.23171838889386862,-0.21515628673917234,0.23065671559403028,-0.2387579700142441,0.23210343416228296,0.22427247970930647,-0.18912690012470254,0.1837571734442084,-0.17873787263970767,0.18816748838565986,-0.1892207739884368,0.19238630933024442,-0.17051658273548306,0.1516628620668045,0.158920004654417,0.2205878311846266,-0.1405365443180944,0.1121821718956845,-0.060533941781855304,0.04075464025644309,-0.0005907448184200305,-0.025680354383586977,0.08202314650475219,-0.1065899133349246,0.21156799572386473,0.13046665311104397,0.17791001535025988,-0.18413295933179138,0.20998556561523832,-0.2047385378744328,0.20755850673581194,-0.2043298540768325,0.2170795641786077,-0.22294003864023562,0.2302050687302325,0.23182378988008162,0.22483315012864263,0.20541692624726177,0.22521843379206039,0.22215709268330358,0.22747461796830265,0.21738262647125883,0.2279612697856324,0.22610834142984676,0.23030970945485774
0.24909003573016847,0.2405571199498541,0.2258527101074847,0.2401134666210409,0.23683342848968555,0.24215201726480434,0.22121979167509137,0.24603166970594703,0.23106492939341805,0.2500000000000001,0.11885205992063773,0.21256501528206126,-0.2160996583508899,0.2440245907874398,-0.23885038098124015,0.24878336832446016,-0.23118736517213062,0.24795928707287884,-0.2393003474346434,0.24838705765092817,0.24047268347195475,-0.20034512550062952,0.19616911032251938,-0.19155804287032135,0.2019085440755409,-0.20307066298800563,0.20664888202108683,-0.18308361020926442,0.16286884414569133,0.17175299741184488,0.23707647424501155,-0.15075625293532266,0.12018320080326904,-0.06447621769853788,0.04313580912084517,-0.0001276498066881682,-0.0279408930911774,0.08825852994287152,-0.11455948080389633,0.22741657101785787,0.14030260119542393,0.19106851352597481,-0.19781279583789793,0.2256458162671941,-0.2200124761767635,0.22303870239495932,-0.2195840026550258,0.23330477296160235,-0.23962606440443748,0.24745305405894757,0.24919677355978098,0.24168019183855602,0.22078025971780305,0.24209707124747265,0.23880501775113946,0.24452062317054649,0.23365648026979774,0.24504436472259775,0.24304059406668033,0.24756886233111625
0.11909269223189292,0.11469571084119946,0.09752913586410689,0.11484156547331463,0.11350089296541095,0.11571141463112755,0.10128847191188098,0.11783697765042633,0.10649510576353893,0.11885205992063773,0.2500000000000002,0.08265300871015047,-0.08731371426933145,0.11404159099965183,-0.11305427644218531,0.11878755415171492,-0.10753819625098021,0.11841884118960674,-0.11153972035299624,0.11862930120047162,0.11224625401617845,-0.08109734475506203,0.0804544533363837,-0.07974132357989941,0.08865123441423595,-0.09209049985547377,0.09655168396705323,-0.08538555997074743,0.07545163568219077,0.08319297772021349,0.1137589681089804,-0.07501416198047128,0.061304350072111644,-0.03595033252411815,0.026263637733316636,-0.005960336792575892,-0.007802539012514516,0.03815774282043364,-0.05138426647414175,0.10822960176110435,0.0665835576258716,0.09298922892483294,-0.09568712607874051,0.10858693820457908,-0.1058293918091165,0.10736118325606657,-0.10556636535565295,0.11199085218293044,-0.11481259767697603,0.1183950133540487,0.11919491015440722,0.1156126622050987,0.10587860294898256,0.11579342627242745,0.11419465186765616,0.11696728049510434,0.11190637413548994,0.11721032191140689,0.11636718785249277,0.11841916857740167
0.21316444136576898,0.20539104221484134,0.21861322165786323,0.20510056726815712,0.20183414511169975,0.2075054923879969,0.19907704373312837,0.21033043998895168,0.2083482861848489,0.21256501528206126,0.08265300871015047,0.2500000000000005,-0.2318238183156138,0.2183125399734026,-0.20803019309048953,0.21364661385376887,-0.20193995374323714,0.2124088256918293,-0.20909440430003856,0.21281816727552413,0.21470463715961674,-0.21759409941303395,0.2082387935042858,-0.1989986808784346,0.19597616401815882,-0.18859344365782119,0.1839378460819476,-0.16356570846873908,0.14707968263318413,0.1440878557810689,0.20174373063731593,-0.11984946228900074,0.0908053762390044,-0.03922688143584706,0.019381340897389344,0.01814814989159411,-0.0410862138278841,0.08816215624607047,-0.10871707793839597,0.19634260652752733,0.12172887762588164,0.1584778112862844,-0.16592986017613356,0.19105662286640568,-0.18643909794003516,0.1887723499554652,-0.18625887236402944,0.19843107305177474,-0.20446789558588666,0.21166675919130495,0.21326495985540092,0.20679172950078611,0.18809218250339685,0.20720654023131754,0.2044647213438641,0.2092351672105746,0.19951638798225804,0.20970652434694093,0.2076338461411479,0.21186273077777248
-0.21672502999667861,-0.20881961993026654,-0.23482620443747268,-0.20850014863105767,-0.2055262797045542,-0.21106214558161912,-0.20711966705188867,-0.21382413016356255,-0.21806829525004812,-0.2160996583508899,-0.08731371426933145,-0.2318238183156138,0.2500000000000005,-0.22194695895195563,0.2116606173105584,-0.21722348616696888,0.20885995875991145,-0.2161899877858639,0.21677741454935917,-0.21664849886847914,-0.21441555881243637,0.20118066968381712,-0.19252518476866434,0.18499492481608276,-0.18749981843925664,0.18400918570420313,-0.18297720305841977,0.16249705866671987,-0.14540648249040294,-0.14762319006201385,-0.2056759447577259,0.12635876578876226,-0.09824451760134538,0.04785689396441525,-0.028512227933568994,-0.00934211238303523,0.03322441164271923,-0.08323202430664066,0.10505180054641561,-0.1987359813653787,-0.12294802751420059,-0.16360635505889445,0.17036852296213126,-0.1952743669045117,0.1904814728187525,-0.1929840237211233,0.19020672901122063,-0.2023668525340385,0.20819020376531125,-0.21525773508287444,-0.21682937412544911,-0.21026853013965163,-0.19166707674844144,-0.21066098690984797,-0.20783701626991377,-0.21274633967888348,-0.20307684514776897,-0.21321397612563492,-0.21128630486267044,-0.21540827546092112
0.24467124518758188,0.23625764177733974,0.22275353100403458,0.23581739195723272,0.23256806142137862,0.23794628978636118,0.21829945139615428,0.24163100232895482,0.2284415088912923,0.2440245907874398,0.11404159099965183,0.2183125399734026,-0.22194695895195563,0.2500000000000002,-0.239554226215729,0.24516426396612667,-0.22753340497604232,0.2435381055684618,-0.23489288721428972,0.24396666963019464,0.23805558163305657,-0.2061511057686384,0.20195028364666667,-0.19732363733571484,0.2045686054521959,-0.2034261821424542,0.20471573996649245,-0.18137584446640656,0.16169500352470173,0.16812642954336762,0.23261923218846745,-0.1460409974805901,0.11536799342662132,-0.059632935841130184,0.03826361214516356,0.00415258939024478,-0.03145340838780699,0.08955992046961465,-0.11490443367942457,0.22376399491049945,0.13818492285519363,0.1865541100091347,-0.19354166214493976,0.22116956160135082,-0.21567825532352114,0.21858812483064685,-0.21529813750848895,0.22887658760957333,-0.23523276389037479,0.24303899309250057,0.2447767781167495,0.23738372464892596,0.21666125078355442,0.23780696390530157,0.23458926290240098,0.24017684555206903,0.22940610443957574,0.24069672053174312,0.23864441595428226,0.24317559272609582
-0.23948815630582695,-0.2324508233485829,-0.21762266088735677,-0.2312106745292151,-0.24087904434228755,-0.23294718282120175,-0.21277514112353896,-0.23686029864338828,-0.2232056112669632,-0.23885038098124015,-0.11305427644218531,-0.20803019309048953,0.2116606173105584,-0.239554226215729,0.2500000000000004,-0.2399868664768233,0.22237472823123486,-0.23835642389675496,0.2297451684826204,-0.23878738685982914,-0.2319243180985688,0.19613896120245397,-0.19215688858947355,0.18775441197249076,-0.19661095955729935,0.19682340588346178,-0.19939103469930375,0.1765433730761002,-0.15717258433355427,-0.164970090235911,-0.22785364550117818,0.14424257527352663,-0.11462577056591325,0.06070816913474014,-0.04004741632072676,-0.001362537719707638,0.028254261986020164,-0.08584187213991636,0.11095513320681505,-0.21878262224842696,-0.13502388734334625,-0.18331714160556364,0.18992623248745308,-0.2167860133522144,0.2113841463026565,-0.21427189282837775,0.21098624433923194,-0.2242133458762602,0.23034207353432729,-0.23790845452729095,-0.23959365953571585,-0.2323633335526406,-0.21220163399450875,-0.23276893201171484,-0.2296091938881681,-0.23509537197026373,-0.2246154105858723,-0.23560081326722368,-0.2336450694644139,-0.23802773616405107
0.24943514290778346,0.24090533885382037,0.22627552557747674,0.2404534793135389,0.23718320457822853,0.24250236704322936,0.22186556436050553,0.2463748859257031,0.23171838889386862,0.24878336832446016,0.11878755415171492,0.21364661385376887,-0.21722348616696888,0.24516426396612667,-0.2399868664768233,0.2500000000000004,-0.23231592049307828,0.24830417704124946,-0.2396458679252063,0.2487318022460426,0.24095457998118816,-0.2013816416180847,0.19718662305749873,-0.1925607329559886,0.20293999789018363,-0.20410354916644202,0.20768881279610554,-0.1840535674444076,0.16377773165195822,0.17186019551157383,0.23738462057930154,-0.1508000880079424,0.12013271967127148,-0.06425617486185682,0.04284964735008789,0.00028968042729027316,-0.028443252794734968,0.08894220779115153,-0.11532237430241804,0.22783725758872445,0.1405258161791511,0.19124243423058038,-0.19802300414607404,0.22591900065300038,-0.22028151801039936,0.22330423127518437,-0.21985371830947398,0.23360198083959274,-0.23994520390789198,0.24779370543699766,0.24954211878880161,0.24201451757496645,0.221067448547043,0.24243289788900924,0.23913946589256665,0.24485891964229345,0.233971371650258,0.24538397375666637,0.24336961083206815,0.24791177539016074
-0.2318288431134452,-0.22854612350925713,-0.21887092790718715,-0.22458027584810647,-0.22071084437094712,-0.22669063170697534,-0.23668710829251507,-0.22922323882640006,-0.21515628673917234,-0.23118736517213062,-0.10753819625098021,-0.20193995374323714,0.20885995875991145,-0.22753340497604232,0.22237472823123486,-0.23231592049307828,0.25000000000000017,-0.23310178484565955,0.22279008918369803,-0.23113111674528616,-0.22365491816006394,0.18562635946609993,-0.1820182372094829,0.17813510003543132,-0.18839899291514994,0.19013295664340754,-0.19410169391184207,0.17251069770983093,-0.1534624884324177,-0.1593993608502276,-0.2206716670329635,0.14042331960748702,-0.11199863257903003,0.060073970314141946,-0.040181895391796014,-2.340880682216718e-5,0.026383338564972734,-0.08320201970261247,0.10797647768499494,-0.21191066439513445,-0.13056163676917415,-0.17789152462669403,0.18413316653855985,-0.2100252431501044,0.2047783630745783,-0.20758542373050964,0.20436942472738942,-0.21713932534582714,0.22302451381657148,-0.23031161257487637,-0.23193510426731961,-0.22493979138502884,-0.2054807201171482,-0.22532699293511216,-0.22226800343891884,-0.2275828021261596,-0.2174713317818532,-0.2280706579943679,-0.2262034830255585,-0.2304199668195531
0.2486101902920061,0.24042937052265292,0.22603877401631592,0.2397336597172232,0.23642043476817845,0.241781606637359,0.22297181472263908,0.245576355856727,0.23065671559403028,0.24795928707287884,0.11841884118960674,0.2124088256918293,-0.2161899877858639,0.2435381055684618,-0.23835642389675496,0.24830417704124946,-0.23310178484565955,0.2500000000000002,-0.2395533119346197,0.24790714769028255,0.23997000628120801,-0.19974240593760328,0.19553792193626793,-0.1909139324620013,0.20129127874011365,-0.20297192231502914,0.20744578083716847,-0.18490859728637563,0.16463144671021118,0.17103030961550916,0.23655906675279986,-0.14997087366146167,0.11930087930469907,-0.06342289600364275,0.04201351945402768,0.0011289020008082714,-0.029284743461305544,0.08978865570805028,-0.11617126833861902,0.22729913024861398,0.14011889021912222,0.19042823807593606,-0.19724019456945222,0.22509290529424755,-0.21948140321180262,0.22247855156007793,-0.2190574682309863,0.23277729867281605,-0.23912602261134291,0.2469700189106657,0.24871723150667713,0.24121331100068066,0.22029891432866416,0.24163215274730837,0.23835606534776185,0.24404837149210518,0.2331800529076341,0.24457287295134408,0.24254945146391654,0.24709192379477207
-0.23995171639913634,-0.2323174169977986,-0.22738109372507043,-0.23235025311746763,-0.22930311485462182,-0.23355582424152602,-0.21453776065962493,-0.2369195456029656,-0.2387579700142441,-0.2393003474346434,-0.11153972035299624,-0.20909440430003856,0.21677741454935917,-0.23489288721428972,0.2297451684826204,-0.2396458679252063,0.22279008918369803,-0.2395533119346197,0.25000000000000017,-0.2406388984598321,-0.23133148910644846,0.19121252528874472,-0.18700908712660094,0.18250496107507228,-0.19304315916281514,0.19478005924864794,-0.19887769919218232,0.1763719691092361,-0.15679199005253938,-0.16471278289848487,-0.2284869256718932,0.14600869862856644,-0.11679728107230643,0.06348392251899829,-0.04307192099224166,0.0015332639271533337,0.025721282033740377,-0.08434999044034194,0.10991170288194536,-0.21901132776451446,-0.13501411107253167,-0.18449323900472211,0.190846077902225,-0.2175479866392808,0.21210373169130997,-0.2150362633995629,0.21167088116720273,-0.22485179302617073,0.23088905174128177,-0.23838725308258077,-0.24005821020410661,-0.23282127146028075,-0.21275522315447046,-0.2332173732616622,-0.23004324950940613,-0.23555594001563562,-0.22512654158756595,-0.23605873155525664,-0.2341578368586292,-0.23849080034773293
0.24903817068596237,0.2405488975151124,0.22647740623072826,0.24013311663004874,0.23687705493675987,0.2421216333534246,0.2212779520526358,0.2459763927148633,0.23210343416228296,0.24838705765092817,0.11862930120047162,0.21281816727552413,-0.21664849886847914,0.24396666963019464,-0.23878738685982914,0.2487318022460426,-0.23113111674528616,0.24790714769028255,-0.2406388984598321,0.25000000000000044,0.24039861213567035,-0.20016715955537148,0.19596930297449697,-0.19135030141858386,0.20174204533924037,-0.20293858530378944,0.2065448553124506,-0.18297154085381337,0.16276206917895325,0.17146481336251568,0.23703844632508117,-0.15079863560280976,0.12025424342118896,-0.06459575708277163,0.04327486077230421,-0.0002734119667350821,-0.027801359254874168,0.0881325249345081,-0.11443933767156832,0.22735335695952483,0.140260189078603,0.19106970111217655,-0.19779942347584809,0.22561615121949094,-0.21998233002841913,0.22300999416607925,-0.21955234217907058,0.23326671085470885,-0.23958150124960353,0.24740270043038362,0.24914517577730722,0.24163050538509626,0.22074175622148895,0.24204679693960643,0.23875490646707404,0.24447022741990423,0.23361186764175254,0.24499367185609586,0.2429932820130208,0.24751767861173424
0.24110445963238175,0.23282803169885724,0.21986862567604842,0.23239711717725423,0.22910778292169307,0.23444911912723923,0.21480631047513596,0.2381376705103183,0.22427247970930647,0.24047268347195475,0.11224625401617845,0.21470463715961674,-0.21441555881243637,0.23805558163305657,-0.2319243180985688,0.24095457998118816,-0.22365491816006394,0.23997000628120801,-0.23133148910644846,0.24039861213567035,0.2500000000000002,-0.2096537058857429,0.20421246591336034,-0.1980643663268415,0.20407084904706074,-0.2022133408162934,0.20281861843278365,-0.17985676696316172,0.16056175177047935,0.16528778145468168,0.2290620599874216,-0.14262208275032934,0.11199291170385045,-0.05660580349359487,0.035356347908361875,0.006532817161632289,-0.033309067483787126,0.09007268622456792,-0.11483432891594805,0.22076357949473202,0.1364021957810403,0.18312728738476927,-0.19025557288187317,0.217666476841306,-0.21228604656795538,0.2151205250022182,-0.21193803514846962,0.22537576681917346,-0.23172317125811312,0.23948214848043609,0.24120868338048526,0.23391819835120256,0.2133903006544753,0.23434291738435709,0.2311835139648472,0.2366721910064178,0.226002503604491,0.2371875978391041,0.23511739673736384,0.23962964489299102
-0.20088309942652022,-0.1938469514676321,-0.18841426805088543,-0.1935158650799839,-0.1900544508937054,-0.19557090221929466,-0.18169219228684622,-0.19838060233769914,-0.18912690012470254,-0.20034512550062952,-0.08109734475506203,-0.21759409941303395,0.20118066968381712,-0.2061511057686384,0.19613896120245397,-0.2013816416180847,0.18562635946609993,-0.19974240593760328,0.19121252528874472,-0.20016715955537148,-0.2096537058857429,0.2500000000000003,-0.23875196305446442,0.22602272930892217,-0.21174232401132553,0.19603563544369043,-0.18292118717067868,0.1631335599607669,-0.14829702840649645,-0.13304002737474543,-0.18888714813944052,0.10304881157295476,-0.07257042013657868,0.019416211640385112,0.001123632556769186,-0.03734858745510412,0.057865275217127685,-0.09761840893469911,0.1150102564554347,-0.1870659998608668,-0.11650186727850614,-0.14389929595086887,0.15270486375615894,-0.17779126270022758,0.17365431025827155,-0.17555996388176615,0.17368076026808735,-0.18562658309212474,0.19200985207073074,-0.19934983693377437,-0.20097366033226463,-0.19482858040780537,-0.17629832888267194,-0.19528351684133421,-0.19278314249735012,-0.19714493980460585,-0.1875198042889967,-0.1976149538798235,-0.19526446255802207,-0.19964219734079247
0.1966903147986111,0.18982729303940715,0.18054709044386166,0.18944851221980788,0.18592798330009477,0.19137258190422649,0.1765806868705779,0.19424011900707056,0.1837571734442084,0.19616911032251938,0.0804544533363837,0.2082387935042858,-0.19252518476866434,0.20195028364666667,-0.19215688858947355,0.19718662305749873,-0.1820182372094829,0.19553792193626793,-0.18700908712660094,0.19596930297449697,0.20421246591336034,-0.23875196305446442,0.2500000000000003,-0.23651949931059668,0.21926160288309737,-0.20081939295309087,0.18382690311502894,-0.1637892270618721,0.14924929493750533,0.1292704821167389,0.18461822818473878,-0.09809432204801247,0.06736136834724898,-0.013770032050672188,-0.006964276303847482,0.04288772168152916,-0.06280709996419495,0.10063152682573556,-0.11719212760990431,0.18391770547983985,0.11457627521002633,0.1393492203272003,-0.14845095663428223,0.17341035601859556,-0.16941506417687438,0.17118057788926852,-0.16948890133701866,0.18132989895248308,-0.18779271069339368,0.19515126655792847,0.19677762734081364,0.19074740768668122,0.17231952227702343,0.19121178356296092,0.18879127088962913,0.19301908571760634,0.183452678747394,0.19348747751493786,0.19106321689409503,0.19547089504927675
-0.1920649920671601,-0.18543181985904814,-0.17437362246804494,-0.18498711319857317,-0.18150900013724702,-0.18683000312678827,-0.17198648039972728,-0.1896716196732146,-0.17873787263970767,-0.19155804287032135,-0.07974132357989941,-0.1989986808784346,0.18499492481608276,-0.19732363733571484,0.18775441197249076,-0.1925607329559886,0.17813510003543132,-0.1909139324620013,0.18250496107507228,-0.19135030141858386,-0.1980643663268415,0.22602272930892217,-0.23651949931059668,0.25000000000000017,-0.23124872422903878,0.20937467443448995,-0.18800361674256397,0.16734139783311186,-0.15283799315010024,-0.12480062837452681,-0.18002584330591048,0.093758364953165,-0.0631085458199591,0.008940029123921962,0.012001040880928033,-0.048116982505717415,0.06791068853037326,-0.10476243053772391,0.12091000928228604,-0.18070363715420026,-0.1122479540064347,-0.13493656316141994,0.14410748412246918,-0.16876582742049687,0.16489158518180527,-0.16649450063197524,0.16497639485242918,-0.17666988160836372,0.18317831662797218,-0.1905266362368332,-0.19214944925390354,-0.18624968484700985,-0.16797514493026014,-0.18671864328829607,-0.1843884547529074,-0.18846972117279667,-0.17899875482011146,-0.18893554255167086,-0.1864514774437598,-0.1908706432965546
0.20244102846256345,0.19557666586304684,0.1832784483023795,0.1950619710507057,0.19174933391532784,0.1969035061115284,0.18096212455508237,0.19993386187955012,0.18816748838565986,0.2019085440755409,0.08865123441423595,0.19597616401815882,-0.18749981843925664,0.2045686054521959,-0.19661095955729935,0.20293999789018363,-0.18839899291514994,0.20129127874011365,-0.19304315916281514,0.20174204533924037,0.20407084904706074,-0.21174232401132553,0.21926160288309737,-0.23124872422903878,0.24999999999999994,-0.22715543412029596,0.20390418009846392,-0.18057524902309435,0.16405775585295887,0.13185843458165805,0.19036977805587377,-0.10383721963991882,0.07311047957483637,-0.017328873965020614,-0.004169362357853036,0.042968731135724254,-0.06536738212262563,0.10816905142946723,-0.12690633378625463,0.1904785871683055,0.11739876386176243,0.1449671133976709,-0.1536322948360553,0.1789112134448778,-0.17470142516033768,0.17646349827291538,-0.1746525213611998,0.18677407771300852,-0.1933461047014987,0.20086605770135682,0.20252914926430532,0.19633182423826603,0.17742033420533362,0.19679533126208734,0.19432234424949896,0.19866290676278778,0.1888791900486837,0.19914474821330613,0.19668604254610028,0.20118553534087
-0.2036054282289319,-0.19683484772803683,-0.18417900492800235,-0.19625755138891518,-0.19311516254824934,-0.19804288439992565,-0.18212637201213772,-0.20109751100872725,-0.1892207739884368,-0.20307066298800563,-0.09209049985547377,-0.18859344365782119,0.18400918570420313,-0.2034261821424542,0.19682340588346178,-0.20410354916644202,0.19013295664340754,-0.20297192231502914,0.19478005924864794,-0.20293858530378944,-0.2022133408162934,0.19603563544369043,-0.20081939295309087,0.20937467443448995,-0.22715543412029596,0.25,-0.22535532547893342,0.1996863281881664,-0.18098989230954252,-0.13033756033890628,-0.19158809564341117,0.10545226581895126,-0.07490543535350284,0.019306208661344092,0.002142553561739966,-0.043082315701911476,0.06827766256521711,-0.11782208700009432,0.13948587871043297,-0.19373524101454248,-0.11786516988749868,-0.1463190330296528,0.15481640998147686,-0.18015482680532963,0.1759140547708374,-0.17764490019461812,0.17578204157329447,-0.18792922671657958,0.19449635164209034,-0.20202719126005808,-0.20369365866202355,-0.19747081478772635,-0.17848651657721415,-0.19792303386407628,-0.19548850388197805,-0.19980779721115385,-0.1900117938100328,-0.20029379847386425,-0.19783708497038122,-0.20234327200390656
0.20719198380056886,0.20039304598721014,0.18725973644753405,0.19977608312326078,0.19676719447171073,0.2015218760683792,0.18537411034650705,0.20465091713229017,0.19238630933024442,0.20664888202108683,0.09655168396705323,0.1839378460819476,-0.18297720305841977,0.20471573996649245,-0.19939103469930375,0.20768881279610554,-0.19410169391184207,0.20744578083716847,-0.19887769919218232,0.2065448553124506,0.20281861843278365,-0.18292118717067868,0.18382690311502894,-0.18800361674256397,0.20390418009846392,-0.22535532547893342,0.25000000000000017,-0.22329676251425234,0.20265224674717272,0.13009034326302601,0.19514486821886312,-0.10881936307483303,0.07825133723688198,-0.02251416836911474,0.0009807151243865777,0.04229715404494002,-0.07066909041173565,0.1295174903906105,-0.15521139954793992,0.199594361845417,0.11964317676818409,0.14967137124675436,-0.1580188534479832,0.18366157945911857,-0.17933824514547816,0.1810787363678178,-0.17911242541217,0.1914001985195397,-0.19799978939432772,0.2055985540744754,0.20728142574290367,0.2009619694459964,0.1817303075223066,0.2014042517974272,0.19897840662822286,0.20333189608841615,0.19343465349048725,0.20382644155216384,0.20136503608722844,0.20590877042544414
-0.18356562191469358,-0.177632710742425,-0.1661174843818925,-0.17702559329461487,-0.17422300245085218,-0.17858255085613756,-0.16481147890979334,-0.1813216829199054,-0.17051658273548306,-0.18308361020926442,-0.08538555997074743,-0.16356570846873908,0.16249705866671987,-0.18137584446640656,0.1765433730761002,-0.1840535674444076,0.17251069770983093,-0.18490859728637563,0.1763719691092361,-0.18297154085381337,-0.17985676696316172,0.1631335599607669,-0.1637892270618721,0.16734139783311186,-0.18057524902309435,0.1996863281881664,-0.22329676251425234,0.24999999999999992,-0.22887414142536514,-0.10614255361187963,-0.17157354869988248,0.08590569142137162,-0.05572565966913597,0.0009511619781943417,0.020466518803329354,-0.0639967343657329,0.09332534455145253,-0.15382367933969912,0.1804307109678007,-0.18436653827255106,-0.10794541511747313,-0.1264721906092524,0.1356261228143867,-0.16005524180525024,0.15644249320891354,-0.15749337839930633,0.15631097492054183,-0.16781118989803673,0.17454029591941203,-0.18199837687269677,-0.18364516457314461,-0.17797851789182584,-0.15972061844562005,-0.17843483014550962,-0.17647245038305576,-0.18009748353977348,-0.1707275481602914,-0.18057254009450904,-0.1778702518197548,-0.1824138001685459
0.16329795048411108,0.15800318595337517,0.14787070989222897,0.15746847847541606,0.15492341712465824,0.1588701764263962,0.14667646164269912,0.1612995653369497,0.1516628620668045,0.16286884414569133,0.07545163568219077,0.14707968263318413,-0.14540648249040294,0.16169500352470173,-0.15717258433355427,0.16377773165195822,-0.1534624884324177,0.16463144671021118,-0.15679199005253938,0.16276206917895325,0.16056175177047935,-0.14829702840649645,0.14924929493750533,-0.15283799315010024,0.16405775585295887,-0.18098989230954252,0.20265224674717272,-0.22887414142536514,0.25000000000000006,0.08569199213781718,0.15132970592109887,-0.06603686082404607,0.03609140912023813,0.018132327148451827,-0.03952017684356486,0.08330657830339504,-0.11331334151237182,0.1742678930642389,-0.2011947034245261,0.1711953508704042,0.09793793594047967,0.1064921196981693,-0.11637083493028264,0.1397676099695392,-0.13676851335524184,0.13721925903251767,-0.13672404402358285,0.14755217979831717,-0.15440523973199916,0.1617512809161857,0.16336881704927103,0.1582646774970017,0.14082478099097795,0.15873413074263495,0.15717231266566892,0.1601665321316471,0.15124533528095424,0.1606255481913848,0.15770941055080936,0.1622589128700396
0.17219981520632374,0.16618364726873433,0.15559842307783792,0.16593775383164325,0.16380336983893348,0.16734860602497934,0.15227672065816383,0.17008604089632925,0.158920004654417,0.17175299741184488,0.08319297772021349,0.1440878557810689,-0.14762319006201385,0.16812642954336762,-0.164970090235911,0.17186019551157383,-0.1593993608502276,0.17103030961550916,-0.16471278289848487,0.17146481336251568,0.16528778145468168,-0.13304002737474543,0.1292704821167389,-0.12480062837452681,0.13185843458165805,-0.13033756033890628,0.13009034326302601,-0.10614255361187963,0.08569199213781718,0.24999999999999972,0.1651542050931379,-0.11423436576854346,0.09619234351141139,-0.06209118866814169,0.04920446305106725,-0.023028506171874522,0.005810689075424148,0.03438061260607214,-0.05176969531331288,0.1528049058174699,0.09517169746041024,0.13775771869358683,-0.14064167505363234,0.15834689780926614,-0.15423103846831346,0.15670322119849459,-0.15381032538529832,0.16277985410015308,-0.16639618569844683,0.17119771916252155,0.17227314249208547,0.16712783792487146,0.15369009731065414,0.16735704803353954,0.164935745473084,0.16907797374316685,0.16207036598246222,0.16940940984434164,0.16846322359917432,0.1711596176013717
0.2376963162660718,0.22957687613364622,0.21553309796157777,0.2291452285997703,0.22607231711496517,0.23107583345686156,0.21114019365840306,0.2347804904372005,0.2205878311846266,0.23707647424501155,0.1137589681089804,0.20174373063731593,-0.2056759447577259,0.23261923218846745,-0.22785364550117818,0.23738462057930154,-0.2206716670329635,0.23655906675279986,-0.2284869256718932,0.23703844632508117,0.2290620599874216,-0.18888714813944052,0.18461822818473878,-0.18002584330591048,0.19036977805587377,-0.19158809564341117,0.19514486821886312,-0.17157354869988248,0.15132970592109887,0.1651542050931379,0.24999999999999994,-0.16322565514237203,0.13231401113229693,-0.07623525375850009,0.054718035993837344,-0.011554275870855198,-0.01665980565406307,0.07692532480871768,-0.1031639781552431,0.21601805061241253,0.12999543146256914,0.19572421584499033,-0.19583728238130196,0.21822270580673817,-0.21181052503611258,0.21436391383571632,-0.2106995055429313,0.22344242430586894,-0.22899314761214454,0.23618991604308465,0.2377981149722242,0.23064759301080795,0.2109591556692332,0.23099776004227762,0.22765022107684543,0.2333440462368323,0.22332748039432232,0.233829098905091,0.23213590767029282,0.2362511933842629
-0.15114932695032482,-0.14607237366621648,-0.1367366870452347,-0.14577881287462338,-0.14410952509362024,-0.1469129435283633,-0.1340616515843717,-0.14930661075561028,-0.1405365443180944,-0.15075625293532266,-0.07501416198047128,-0.11984946228900074,0.12635876578876226,-0.1460409974805901,0.14424257527352663,-0.1508000880079424,0.14042331960748702,-0.14997087366146167,0.14600869862856644,-0.15079863560280976,-0.14262208275032934,0.10304881157295476,-0.09809432204801247,0.093758364953165,-0.10383721963991882,0.10545226581895126,-0.10881936307483303,0.08590569142137162,-0.06603686082404607,-0.11423436576854346,-0.16322565514237203,0.2500000000000002,-0.21729076723112822,0.1599288447814239,-0.13765478506021442,0.0941168907411431,-0.06514271280093338,0.0059713487230072405,0.01955232318780192,-0.12991336543088972,-0.058372464994895665,-0.1992889728268797,0.1640692469695337,-0.15647821612279467,0.14710937518895953,-0.14760120452886458,0.14266765700467943,-0.14825161095549322,0.14829581293020277,-0.1506502615077589,-0.15121338773109597,-0.1467622050713183,-0.13656272312129644,-0.14670335027499845,-0.14331692784123903,-0.14840866501536226,-0.14421477513340095,-0.1486304762915399,-0.14936334386622416,-0.15026677283907797
