x1,x2,x3,x4,x5,x6,x7,x8,x9,x10,x11,x12,x13,x14,x15,x16,x17,x18,x19,x20,x21,x22,x23,x24,x25,x26,x27,x28,x29,x30,x31,x32,x33,x34,x35,x36,x37,x38,x39,x40,x41,x42,x43,x44,x45,x46,x47,x48,x49,x50,x51,x52,x53,x54,x55,x56,x57,x58,x59,x60
0.25000000000000006,0.24971468257794074,0.24987559019302183,0.24991126458490523,0.2498150200138201,0.2498856148543451,0.24941394967779812,0.2499188040936877,0.2494949419758137,0.24989634532725163,0.24972748600628153,0.23142558757375767,0.23848852017046554,0.21569088704472097,0.23541782152920918,0.20625922814548728,0.2342850889857918,0.2265810531332721,0.24490242136083556,0.24987878011245876,0.24988533683772657,0.2467482671333701,0.24178953153509222,0.24092326025068186,0.23804309736543885,0.23210383353432917,0.23909487884331526,0.2417305927992078,0.24434678394232484,0.24950076968991286,0.2498672526683637,0.24659857917301334,0.23996584165750207,0.2385386579087178,0.2353509913910867,0.22903311496067427,0.24074391846028656,0.24077073927364423,0.2456554453073034,0.2493641280279441,0.24973061382161504,0.22671166894572337,0.23936354536081433,0.21264750369461033,0.2375043479648594,0.2072318767927952,0.23569028606116493,0.22691895740161586,0.24490260285843188,0.24988803684774777,0.24984144774195957,0.24963062505189487,0.24983336493639904,0.24991749125161028,0.24968240006264045,0.2498938851671328,0.24953848409022997,0.24992069077107493,0.24967820086034295,0.2498941355896498
0.24971468257794074,0.2500000000000001,0.24974672200069073,0.24978346291730152,0.24968726715119,0.2497578264321621,0.24928640227178875,0.24979099868823262,0.24936735324332457,0.2497685514113849,0.2495997773794341,0.2313072337864265,0.23836656781562018,0.21558059025402584,0.2352974349577921,0.20615375144717374,0.23416528215507865,0.22646518297266074,0.24477718271702534,0.24975099517270363,0.2497575485354303,0.24662208389973866,0.2416658828936585,0.2408000532472587,0.23792136320565666,0.23198513596713882,0.2389726063224718,0.24160697530773736,0.24422182699465578,0.24937317805284548,0.24973947362588314,0.2464724717335107,0.2398431271770377,0.23841667227725125,0.23523063735903704,0.2289159887637597,0.24062080569532868,0.2406476111517265,0.2455298205083336,0.24923660627913896,0.24960290465626292,0.22659573107120703,0.23924113781803183,0.212538759245545,0.23738289130501275,0.20712590190913766,0.23556975698549631,0.2268029138064328,0.24477736268557024,0.2497602471789429,0.24971368189849286,0.2495029670206169,0.24970560322884824,0.2497896865204345,0.24955471555529776,0.2497660925078319,0.24941087318448468,0.24979288440371766,0.24955051850175713,0.24976634280228566
0.24987559019302183,0.24974672200069073,0.2500000000000001,0.24994338879243325,0.24984727168124357,0.2499176931991577,0.24944602169152494,0.24995088948402738,0.2495269947955098,0.24992842659793052,0.24975994860883993,0.23145705685784038,0.23851911822951552,0.2157173670919071,0.235447449425383,0.20628534544511126,0.23431429764847347,0.22660997495345572,0.24493351334234736,0.24991086073786697,0.24991742145992452,0.2467797723485305,0.24182075872297157,0.2409549696545581,0.238074253509544,0.23213476712061282,0.23912629963150914,0.2417616567184418,0.24437842523620112,0.24953280274137604,0.24989933156117977,0.24663022592633865,0.23999642097237928,0.23856923526072957,0.2353808877307761,0.22906287957604624,0.24077468233108257,0.2408018901372792,0.24568689108716452,0.24939614124841947,0.24976267449500555,0.2267408447910721,0.2393942618734053,0.21267453207693152,0.23753479667791413,0.20725821106121115,0.23572053624464412,0.22694807639422793,0.24493404221977838,0.24992011748928356,0.2498735223479305,0.2496626725763476,0.24986543782774553,0.24994957561726147,0.24971445370670312,0.24992596649904167,0.24957051802928842,0.24995277554426945,0.24971025381485534,0.24992621695369455
0.24991126458490523,0.24978346291730152,0.24994338879243325,0.24999999999999997,0.24988382516695365,0.2499544422853265,0.24948264350008734,0.24998764058658457,0.2495636599906117,0.24996517563436185,0.24979628287217745,0.2314892046357336,0.2385545956163923,0.21575027098343802,0.2354826610592638,0.20631593983076352,0.23434962708984128,0.22664341326720525,0.244969889409566,0.24994760546790656,0.24995416385238214,0.246816231869279,0.24185609710804853,0.24098956582913375,0.2381086039521735,0.23216766851119952,0.23916067744129946,0.24179715435007007,0.2444140644604618,0.24956949062137176,0.24993607481421654,0.2466664993046721,0.24003194353209947,0.23860434745895093,0.23541583506179514,0.22909616814018485,0.2408102328021834,0.2408370388457383,0.2457231071701117,0.2494328116638989,0.24979939849967314,0.22677410630745543,0.23942947202628734,0.21270606139685194,0.23756976015385978,0.20728894737024733,0.23575520230880212,0.2269814498508283,0.24497005753377474,0.24995686487962512,0.24991026294994162,0.2496993821923573,0.2499021779125436,0.24998632740462995,0.24975117128162658,0.24996271481848767,0.24960721576946399,0.24998952780562547,0.24974697112045463,0.2499629653099603
0.2498150200138201,0.24968726715119,0.24984727168124357,0.24988382516695365,0.25,0.24985818504523977,0.2493864335913758,0.2498913677633841,0.2494674620318387,0.24986890977184578,0.24970030875322027,0.23139362932711577,0.23845859113864806,0.21565309431834967,0.2353900868075736,0.20621900203735075,0.23425376016840166,0.2265469972191073,0.24487477527461327,0.2498513359977093,0.24985790651848583,0.2467206760697903,0.24176050819607242,0.24089922787261184,0.23801439930319804,0.2320796390775405,0.23906759417851206,0.2417035378023484,0.24431910682477415,0.24947331368998746,0.249839805545644,0.24657106115891123,0.23993915010523031,0.23850966477570937,0.23532615037534543,0.22900569585454314,0.2407172538543467,0.24074356767135452,0.24562760881069007,0.2493367292780305,0.2497031996051416,0.22668610909071396,0.23933662421448793,0.21261885443237993,0.23747692241940108,0.2072047658399886,0.2356641104185454,0.22689211195638362,0.24487566766068342,0.24986060146948114,0.24981401843987674,0.2496032188110677,0.2498059285200816,0.249890053558007,0.24965494911217315,0.24986645008285444,0.24951105398936502,0.249893252739922,0.249650785082438,0.24986670047389958
0.2498856148543451,0.2497578264321621,0.2499176931991577,0.2499544422853265,0.24985818504523977,0.25000000000000017,0.2494570446915447,0.24996198316539747,0.24953804861002885,0.2499395205894208,0.24977062394664817,0.23146572747023964,0.23852982022984992,0.2157283039835304,0.23545863062208972,0.20629506776442016,0.2343256542305187,0.2266202804558136,0.2449447507926348,0.24992195234836287,0.24992851040479216,0.24679092121381327,0.24183136176646766,0.24096500685748096,0.2380843035006653,0.2321441471822902,0.2391362535936755,0.24177244346108287,0.2443890135083759,0.24954387667936656,0.24991042309897338,0.24664118795058443,0.24000732895337537,0.23857988620999782,0.23539168040921188,0.22907269415925674,0.24078553089882782,0.24081234400826407,0.24569789750980847,0.24940721131935073,0.24977376037283738,0.22675083940679353,0.23940490380349363,0.21268426820061387,0.23754539100284455,0.20726770640128717,0.23573100996888952,0.2269581699203386,0.2449449157913038,0.24993121060900567,0.24988461344892487,0.24967375433464975,0.24987652929630652,0.24996067009670941,0.24972553851081128,0.24993705993370824,0.24958159762500545,0.2499638701689206,0.24972133837265692,0.24993731039949307
0.24941394967779812,0.24928640227178875,0.24944602169152494,0.24948264350008734,0.2493864335913758,0.2494570446915447,0.2500000000000001,0.24949017369716228,0.24906647781489671,0.24946775055803533,0.2492998510353808,0.23101432794520513,0.23806806266119274,0.21527187859948954,0.23498636090517747,0.20583616243241612,0.23385995814017757,0.2261610506275484,0.24447963763999694,0.24945018024284696,0.24945671348017384,0.2463201180325217,0.2413603448350734,0.2404938070424345,0.23761559691882178,0.2316704543825009,0.23867057571122585,0.24130069519234304,0.24392343231262076,0.24907270660565958,0.24943863683849507,0.24617436825714895,0.23954987487462132,0.23812214494992348,0.2349469381575926,0.22863465202677563,0.24032891932673095,0.24035530011543918,0.24523129739610455,0.24893639989238792,0.24930231192245386,0.22632126934807248,0.23895144996736378,0.21226964861753547,0.23709342767587752,0.20686527918098294,0.2352851794031859,0.22652516006364573,0.24448243943153963,0.2494594562208209,0.24941295007880174,0.24920248882013468,0.24940486095709247,0.24948886306350426,0.24925406997794777,0.24946529752855878,0.24911041994175787,0.24949205714946754,0.24924997390973538,0.2494655475122432
0.2499188040936877,0.24979099868823262,0.24995088948402738,0.24998764058658457,0.2498913677633841,0.24996198316539747,0.24949017369716228,0.25000000000000017,0.24957119078828346,0.24997271691405376,0.24980380468456498,0.23149631246799382,0.23856141987391735,0.2157568082169376,0.23548977597848933,0.206322260766958,0.23435669261337283,0.2266502972892336,0.2449772683216017,0.2499551463153346,0.2499617050288984,0.24682367647886966,0.24186342357600768,0.2409968852636175,0.23811584209907,0.23217476034850165,0.23916794460944765,0.24180446788127535,0.24442145765594603,0.24957702034786428,0.2499436153472415,0.24667394283329297,0.24003917930562482,0.2386115577576412,0.23542291949260813,0.22910310762534156,0.24081749350621862,0.24084432030775946,0.24573052101223444,0.24944033695095072,0.2498069347520343,0.22678095440265494,0.23943669784916732,0.21271249143931917,0.23757693217545495,0.2072952096834725,0.23576231602561198,0.22698830628795777,0.24497744827949397,0.24996440588894137,0.24991780254560012,0.24970691542544285,0.2499097172711198,0.24999386929514048,0.24975870624922036,0.24997025599636127,0.24961474630306926,0.2499970697924444,0.24975450577612182,0.24997050649540958
0.2494949419758137,0.24936735324332457,0.2495269947955098,0.2495636599906117,0.2494674620318387,0.24953804861002885,0.24906647781489671,0.24957119078828346,0.25000000000000006,0.2495487616773303,0.24938057595602586,0.2310924918510178,0.23815116906913744,0.2153682764622271,0.23507687930952945,0.20594614455019067,0.23394476827462402,0.22625439798039354,0.24455813090899986,0.24953121748449247,0.2495377625074215,0.24640131144521527,0.2414476532906401,0.2405798704409184,0.237705962691736,0.2317645822536702,0.23875840163191636,0.24138525728016968,0.24400651021418132,0.24915371569269051,0.24951968362158264,0.24625504424894512,0.23962793423054418,0.23820414055870673,0.2350194147826865,0.22871439952125125,0.2404062758397802,0.24043598382458325,0.2453120561571169,0.24901727433571363,0.24938326509528963,0.22639636727956544,0.23903003579096946,0.21234634886350603,0.23717244942152654,0.20693840299949226,0.23536199702795246,0.2266019613249669,0.24456189204136994,0.24954046577116357,0.24949394208621872,0.2492834125221067,0.24948585988869143,0.2495698798108319,0.24933507770169805,0.2495463065563569,0.24919136325172164,0.24957307487499353,0.24933091680305824,0.2495465566292938
0.24989634532725163,0.2497685514113849,0.24992842659793052,0.24996517563436185,0.24986890977184578,0.2499395205894208,0.24946775055803533,0.24997271691405376,0.2495487616773303,0.2500000000000001,0.24978135504626456,0.2314755407403532,0.23853998980093588,0.21573740721736948,0.2354686088727695,0.2063036345536557,0.23433561841356967,0.22662989819654655,0.244955256287081,0.2499326842384072,0.2499392423021155,0.24680149503293056,0.24184167278684635,0.24097519942556037,0.2380944180463616,0.23215383715454782,0.2391464296560965,0.24178272172536291,0.24439948630811129,0.24955459218631298,0.24992115427983358,0.24665177504991173,0.2400176062743498,0.23859011086513768,0.23540176558209408,0.22908251159430593,0.24079585144762222,0.24082267254748935,0.24570843705472653,0.24941792115023392,0.24978448604213868,0.22676057272270939,0.2394151799312178,0.21269336940851571,0.2375555805551824,0.2072765761745088,0.2357411291718724,0.22696790503255548,0.24495543365947073,0.24994194302283576,0.24989534387380574,0.2496844757046821,0.24988725932017627,0.24997140378725718,0.24973626179045527,0.24994779261061043,0.24959231480112204,0.2499746039970794,0.24973206177190532,0.24994804308713506
0.24972748600628153,0.2495997773794341,0.24975994860883993,0.24979628287217745,0.24970030875322027,0.24977062394664817,0.2492998510353808,0.24980380468456498,0.24938057595602586,0.24978135504626456,0.2500000000000001,0.23130958957278436,0.23838043776092704,0.21559121669344766,0.2353091565309129,0.20616303874409025,0.2341765176646592,0.2264761901975141,0.24478953868062533,0.2497637995384613,0.24977035354516244,0.24663460856608072,0.2416781559121337,0.2408122424232674,0.2379335235955172,0.231996588605814,0.2389848894132832,0.2416190439040532,0.2442344062645094,0.24938596370864713,0.24975227660968227,0.246485095869149,0.23985522222970646,0.23842883449881072,0.23524243797406336,0.22892781965866504,0.24063299865656396,0.24066001138674836,0.24554233665023387,0.24924938386609666,0.24961570123229873,0.22660737234047829,0.2392533870118607,0.21254948629790038,0.23739501766752372,0.2071363416971713,0.23558182283981086,0.2268145192902808,0.24478991154149213,0.24977305169328012,0.249726484062806,0.24951575837322862,0.2497184045941986,0.24980249257671144,0.24956750852539686,0.2497788973540491,0.2494236583926464,0.249805690623439,0.24956331193024134,0.2497791476612892
0.23142558757375767,0.2313072337864265,0.23145705685784038,0.2314892046357336,0.23139362932711577,0.23146572747023964,0.23101432794520513,0.23149631246799382,0.2310924918510178,0.2314755407403532,0.23130958957278436,0.25000000000000017,0.22007210849143616,0.19807908755918682,0.2174811074173034,0.1905739573988508,0.21714195511557804,0.2100674281340762,0.22694288533308443,0.2314585939651862,0.23146397345355318,0.228351899129938,0.22368849478124106,0.22268311170568492,0.22009395659500092,0.21408484652620968,0.22117661574035655,0.22358807065429262,0.22626850341536983,0.23110767368619253,0.23144731516577394,0.22840674183135987,0.22220446681417683,0.22089882354604465,0.21800059159767032,0.21213398681236817,0.22295935529903294,0.2230039309525091,0.22751028671542758,0.23098211727908233,0.23132204379786384,0.20998723469021063,0.22170700852561634,0.1968509753957622,0.21996555585782276,0.19185216827234636,0.2183085474402019,0.21015262235734858,0.22684848093517396,0.2314677876366629,0.23142465644784208,0.23122937350162995,0.23141697183929028,0.2314950939328652,0.23127638530452596,0.23147322855822586,0.23114329542391382,0.2314980581250786,0.23127337837198955,0.231473460429846
0.23848852017046554,0.23836656781562018,0.23851911822951552,0.2385545956163923,0.23845859113864806,0.23852982022984992,0.23806806266119274,0.23856141987391735,0.23815116906913744,0.23853998980093588,0.23838043776092704,0.22007210849143616,0.25,0.20433702249684538,0.2243270730877347,0.19608579323310313,0.22366898639957197,0.21608901215354082,0.2339545176057009,0.23852243605034704,0.23852807293179476,0.23548572952871932,0.230554642500217,0.22964022090022942,0.22686472968216487,0.2208294966145606,0.22795064064864826,0.2305034482739561,0.2331698807296851,0.23816054655451657,0.2385110955376797,0.23538641198929855,0.2290325724275012,0.22766527656983596,0.2247179382092878,0.21861939798873706,0.22979570475772776,0.22980818781149265,0.2344638797595391,0.23803148476807848,0.23838181204445422,0.21639247066578807,0.2284753991067464,0.20288211306417017,0.226689741348716,0.19773613011838748,0.2249771109199564,0.21656443275447765,0.23377344439466807,0.23853199783366436,0.23848757017870167,0.23828632571356848,0.23847972870522874,0.23856015452311174,0.238334902154124,0.2385376223514568,0.23819762885984952,0.23856320963006974,0.2383316119477064,0.23853786123099094
0.21569088704472097,0.21558059025402584,0.2157173670919071,0.21575027098343802,0.21565309431834967,0.2157283039835304,0.21527187859948954,0.2157568082169376,0.2153682764622271,0.21573740721736948,0.21559121669344766,0.19807908755918682,0.20433702249684538,0.25000000000000006,0.20125537961590245,0.17359714509019578,0.20123114849736434,0.19417783934064592,0.21170539834310487,0.21571994828746074,0.2157238958151571,0.212731008815875,0.20789922306179723,0.20677853830898021,0.20438546081694084,0.19804749647357683,0.20550930003049053,0.20787087967550433,0.2107209288704973,0.21538873601883918,0.2157083444613838,0.21287013911378588,0.20699628712109014,0.20570741230632858,0.20329221464335392,0.1976233981404724,0.2078458288353706,0.2077814366617094,0.2119655605957624,0.21527556399929365,0.2155945299038571,0.19564272921969655,0.2065816875954431,0.18304144597913594,0.2049387550654927,0.17851413879843742,0.20347132607965973,0.1957043837998286,0.21143192401478111,0.21572995727810804,0.21569004855648538,0.21550802386449436,0.215682497116084,0.21575567097036766,0.215548374141933,0.21573529833041152,0.2154241770887967,0.21575843894462188,0.2155481713491824,0.21573551365178786
0.23541782152920918,0.2352974349577921,0.235447449425383,0.2354826610592638,0.2353900868075736,0.23545863062208972,0.23498636090517747,0.23548977597848933,0.23507687930952945,0.2354686088727695,0.2353091565309129,0.2174811074173034,0.2243270730877347,0.20125537961590245,0.2500000000000002,0.19182705120533172,0.22044708687562492,0.21243379164132203,0.23098615142942427,0.2354503957060575,0.2354564929763745,0.23243597332840754,0.2274201504934378,0.2268969174206697,0.22378086524354732,0.2181005106616315,0.22487867288491062,0.22758608248732334,0.2300999269600866,0.2350901833598679,0.23543922122851627,0.23234193514463736,0.2261638522368652,0.22465888092480782,0.2221681029526855,0.2157941924194411,0.2269893598777067,0.22684657757043278,0.23143906684063914,0.234965604784267,0.23531261327679914,0.21356602900417718,0.2255181216974524,0.20007542397780198,0.22374654937694902,0.1950752418106916,0.22208225682484917,0.21369784634619055,0.23076292903355608,0.23546070407858127,0.2354168851298353,0.23521823015934445,0.23540895703988016,0.23548853226655417,0.23526498658948458,0.23546629179704842,0.23512981268610106,0.23549154933699312,0.23526282394959028,0.23546652731481166
0.20625922814548728,0.20615375144717374,0.20628534544511126,0.20631593983076352,0.20621900203735075,0.20629506776442016,0.20583616243241612,0.206322260766958,0.20594614455019067,0.2063036345536557,0.20616303874409025,0.1905739573988508,0.19608579323310313,0.17359714509019578,0.19182705120533172,0.2500000000000002,0.190692938241049,0.18346886179429248,0.201837307951213,0.20628565308305136,0.20628941161422135,0.2032779782756718,0.19839599154889775,0.19742321523585227,0.19499132687875373,0.18851825646013406,0.19624309436431397,0.19852173807302465,0.2014596690130417,0.20596719234998193,0.20627423573157988,0.2035674301856946,0.19804191333881405,0.19682359904146265,0.19505467297822682,0.1893683542747846,0.19885992841687636,0.19885408145981373,0.2026285857254434,0.20586098035999842,0.20616725063898172,0.18705634454708367,0.19753929278456753,0.174802178489816,0.19599251185588923,0.17059351421161922,0.19460808726031145,0.1870795636728091,0.20220053896137463,0.20629640174467376,0.20625845197008275,0.2060843579944694,0.20625098496535318,0.2063211741529302,0.2061213502149095,0.20630169646404617,0.20600166387793778,0.206323824282072,0.2061218025291527,0.20630190145666602
0.2342850889857918,0.23416528215507865,0.23431429764847347,0.23434962708984128,0.23425376016840166,0.2343256542305187,0.23385995814017757,0.23435669261337283,0.23394476827462402,0.23433561841356967,0.2341765176646592,0.21714195511557804,0.22366898639957197,0.20123114849736434,0.22044708687562492,0.190692938241049,0.24999999999999994,0.2110240518883417,0.22955373042687996,0.23431790166664226,0.2343231679884738,0.23134491544926045,0.22636582267022728,0.22557990800734037,0.22265866098561832,0.21702523808230775,0.22374186052482226,0.2265042092744962,0.22897302053485008,0.23396011371920322,0.23430657430612928,0.23121770817377596,0.2250840546172356,0.22360996219259122,0.22102844980186137,0.21470695959103706,0.2258677107465776,0.22571241415547855,0.23034463794075957,0.233835578256629,0.23418033341273206,0.21254997968854641,0.22444573553118136,0.19923675129006344,0.2226752952554057,0.19420906350865122,0.22100008329221635,0.21270443575362388,0.2296460922885101,0.2343278806932842,0.23428414442219278,0.2340864578186132,0.2342763486187483,0.23435546183082442,0.23413392234353542,0.23433332594408526,0.23399992831729272,0.2343584623303047,0.23413136788262298,0.23433356070464992
0.2265810531332721,0.22646518297266074,0.22660997495345572,0.22664341326720525,0.2265469972191073,0.2266202804558136,0.2261610506275484,0.2266502972892336,0.22625439798039354,0.22662989819654655,0.2264761901975141,0.2100674281340762,0.21608901215354082,0.19417783934064592,0.21243379164132203,0.18346886179429248,0.2110240518883417,0.24999999999999992,0.22164626635180398,0.2266125270056333,0.2266172434641455,0.22365966203417442,0.2186442141736915,0.21770735218433096,0.21503366844382008,0.20887655756099174,0.21625805922303457,0.21855285634907815,0.22147519263967147,0.22626656827613584,0.22660063223527813,0.2236098597687019,0.217476323252662,0.2161661455099892,0.21355215377121786,0.20775877984596086,0.2183386086193258,0.21839812919925428,0.22267847463605497,0.22614577753981563,0.22647981900585493,0.2055642468841977,0.2170484924569118,0.1924363737729488,0.21532775164469303,0.18763934673229252,0.21375222091826482,0.2056674552311592,0.22210619297800585,0.22662222428738174,0.22658016054481048,0.22638895163316722,0.2265722893844604,0.22664910594573281,0.226432786477298,0.22662770236616453,0.22630237569284828,0.22665201151106829,0.22643141836832448,0.22662792872816637
0.24490242136083556,0.24477718271702534,0.24493351334234736,0.244969889409566,0.24487477527461327,0.2449447507926348,0.24447963763999694,0.2449772683216017,0.24455813090899986,0.244955256287081,0.24478953868062533,0.22694288533308443,0.2339545176057009,0.21170539834310487,0.23098615142942427,0.201837307951213,0.22955373042687996,0.22164626635180398,0.2500000000000001,0.24493844578434318,0.24494413235578255,0.24188791661265963,0.23696407310869205,0.23615153799178754,0.23326012063915816,0.22749573175908436,0.2342864361759903,0.23696323943471317,0.23947921402413636,0.24456657874582136,0.24492648177934617,0.24171660165183,0.23524268453231256,0.23379410815735743,0.23074075543010886,0.2244414314597068,0.23600291394917314,0.23597608489744312,0.24080157762871743,0.24443337286282707,0.24479280596813247,0.22221692158862327,0.23462677562794923,0.208419319959668,0.23279773419111446,0.2031179740147,0.2310254138108018,0.2224155687232706,0.24005834997257736,0.24494711939469227,0.24490143797069422,0.24469478717691556,0.24489349352222115,0.2449759810557362,0.24474531804805572,0.24495284175647786,0.24460453249196068,0.2449791173681871,0.2447415350165047,0.24495308725094903
0.24987878011245876,0.24975099517270363,0.24991086073786697,0.24994760546790656,0.2498513359977093,0.24992195234836287,0.24945018024284696,0.2499551463153346,0.24953121748449247,0.2499326842384072,0.2497637995384613,0.2314585939651862,0.23852243605034704,0.21571994828746074,0.2354503957060575,0.20628565308305136,0.23431790166664226,0.2266125270056333,0.24493844578434318,0.24999999999999994,0.24992167137824323,0.2467836506136154,0.24182391566447406,0.24095713789466722,0.23807684592086326,0.2321352845042522,0.2391289384812436,0.2417646801557496,0.24438222398994777,0.24953704686192876,0.24990358364771814,0.24663440484153187,0.24000040706962358,0.2385731376783305,0.23538498499163066,0.2290665280549371,0.24077865136001625,0.24080577774709228,0.2456909821780409,0.24940038814513524,0.24976692894495778,0.22674463295857608,0.23939829958141012,0.21267787362662705,0.23753876428492554,0.20726155139518382,0.23572454721847907,0.22695180856939548,0.2449382175630876,0.24992437446494106,0.24987777873271813,0.2496669253735611,0.2498696938585119,0.2499538332885749,0.24971870405323335,0.24993022377519064,0.24957476689497674,0.24995703327651403,0.2497145071245146,0.24993047423353495
0.24988533683772657,0.2497575485354303,0.24991742145992452,0.24995416385238214,0.24985790651848583,0.24992851040479216,0.24945671348017384,0.2499617050288984,0.2495377625074215,0.2499392423021155,0.24977035354516244,0.23146397345355318,0.23852807293179476,0.2157238958151571,0.2354564929763745,0.20628941161422135,0.2343231679884738,0.2266172434641455,0.24494413235578255,0.24992167137824323,0.24999999999999997,0.24679168649983274,0.24183054779840502,0.2409653009869343,0.238083963484464,0.2321427491653922,0.23913686705207735,0.24177132798468917,0.2443890955713906,0.24954358996801335,0.24991014380906718,0.2466409171456733,0.24000702192417384,0.23857950388641447,0.23539248422297862,0.22907366695787826,0.24078607861789628,0.2408128239952496,0.2456975296161978,0.2494069300449725,0.24977348322231593,0.2267505638996081,0.23940461039157493,0.2126830314119964,0.23754515483752506,0.20726693396692233,0.23573085071757027,0.22695770641699986,0.24494467028157954,0.24993093218544052,0.24988433547038835,0.2496734765321577,0.24987625031530525,0.2499603919718894,0.2497252570743813,0.24993678184467047,0.24958131366928035,0.2499635920479429,0.24972105791486948,0.24993703230806133
0.2467482671333701,0.24662208389973866,0.2467797723485305,0.246816231869279,0.2467206760697903,0.24679092121381327,0.2463201180325217,0.24682367647886966,0.24640131144521527,0.24680149503293056,0.24663460856608072,0.228351899129938,0.23548572952871932,0.212731008815875,0.23243597332840754,0.2032779782756718,0.23134491544926045,0.22365966203417442,0.24188791661265963,0.2467836506136154,0.24679168649983274,0.25000000000000017,0.23869536161945945,0.23784156517006075,0.23505110536524432,0.22915893551758915,0.23614269005342522,0.23872650890483593,0.24129627574974746,0.24640895689671152,0.24677242432171334,0.2435405421697248,0.2370120781735796,0.23555496298225068,0.2325955304755062,0.22620349888540456,0.23785224779243413,0.23778650447950622,0.24261747269006528,0.24627539150808334,0.24663787893155892,0.22388645198849047,0.23639214054794136,0.20993438635382752,0.2345500266121663,0.20461146878891942,0.23276770533432076,0.22407033943713822,0.2418677910774818,0.24679329271458217,0.24674727821145395,0.24653906653129412,0.24673921204335084,0.24682238079510643,0.24658978728079553,0.24679906713782487,0.24644782226492115,0.24682554071394736,0.24658606971183752,0.2467993144058409
0.24178953153509222,0.2416658828936585,0.24182075872297157,0.24185609710804853,0.24176050819607242,0.24183136176646766,0.2413603448350734,0.24186342357600768,0.2414476532906401,0.24184167278684635,0.2416781559121337,0.22368849478124106,0.230554642500217,0.20789922306179723,0.2274201504934378,0.19839599154889775,0.22636582267022728,0.2186442141736915,0.23696407310869205,0.24182391566447406,0.24183054779840502,0.23869536161945945,0.25,0.2328672537306456,0.23070091348658464,0.22442768973369628,0.23247283672582517,0.2340834788335304,0.2366816406220671,0.24145471297823456,0.2418136687101342,0.2386444784120196,0.23194196854932503,0.2307129351599899,0.22823214003235898,0.22180808419721876,0.2334389035255713,0.23315102057116902,0.23776880210020634,0.24132437958575265,0.24168156197602064,0.2193327646123845,0.23160440471759128,0.2053817413427292,0.22982234454793787,0.20029142916018822,0.22809983645955206,0.21946008735108447,0.2370170395401707,0.2418333657994532,0.24178860169244434,0.24158452915786305,0.24178041282600385,0.24186215399033953,0.2416323042802445,0.24183931051209395,0.24149187954906473,0.2418652514440964,0.241629612962981,0.24183955218710507
0.24092326025068186,0.2408000532472587,0.2409549696545581,0.24098956582913375,0.24089922787261184,0.24096500685748096,0.2404938070424345,0.2409968852636175,0.2405798704409184,0.24097519942556037,0.2408122424232674,0.22268311170568492,0.22964022090022942,0.20677853830898021,0.2268969174206697,0.19742321523585227,0.22557990800734037,0.21770735218433096,0.23615153799178754,0.24095713789466722,0.2409653009869343,0.23784156517006075,0.2328672537306456,0.24999999999999994,0.22912914596378153,0.22345594845759323,0.23095777073777543,0.233329861230731,0.23566687843857992,0.24058820521480478,0.24094656571883105,0.23778395843428538,0.23144554455683483,0.22979592647829616,0.22677934737846794,0.2207568828371864,0.23258277394100657,0.23223868589478922,0.2369315895402449,0.24046044330507763,0.2408155919134308,0.2185857840430557,0.23080976573515222,0.2047589281582669,0.2290165972079572,0.19973718182724592,0.22729804535323875,0.21872119542921828,0.2361592107431432,0.24096719517966617,0.24092229020268943,0.2407190004745373,0.24091437868072693,0.24099561933224453,0.24076776740681965,0.24097285970211532,0.24062940505320415,0.24099870790713493,0.2407646567363134,0.24097310072485417
0.23804309736543885,0.23792136320565666,0.238074253509544,0.2381086039521735,0.23801439930319804,0.2380843035006653,0.23761559691882178,0.23811584209907,0.237705962691736,0.2380944180463616,0.2379335235955172,0.22009395659500092,0.22686472968216487,0.20438546081694084,0.22378086524354732,0.19499132687875373,0.22265866098561832,0.21503366844382008,0.23326012063915816,0.23807684592086326,0.238083963484464,0.23505110536524432,0.23070091348658464,0.22912914596378153,0.2500000000000002,0.22030379140643744,0.22883061389707862,0.23080446502434307,0.23352005939359605,0.23770748564289212,0.23807343140129517,0.23508815352420062,0.2297847253365776,0.2271301207544372,0.2235645885648176,0.21816816316660878,0.2307153844175357,0.23002108275571817,0.23445716804023042,0.23758456377327142,0.2379370115518808,0.2159397929498973,0.2281290503500086,0.20252166951901554,0.22659333223483857,0.1979028564694946,0.2247067458401123,0.2161442532118402,0.23336925104586642,0.23808630527990163,0.23804221477301038,0.23784127214621395,0.23803549365735416,0.23811459486591763,0.23789514366160894,0.23809210471947317,0.23775319632714184,0.238117643022123,0.2378848353625448,0.23809234196322585
0.23210383353432917,0.23198513596713882,0.23213476712061282,0.23216766851119952,0.2320796390775405,0.2321441471822902,0.2316704543825009,0.23217476034850165,0.2317645822536702,0.23215383715454782,0.231996588605814,0.21408484652620968,0.2208294966145606,0.19804749647357683,0.2181005106616315,0.18851825646013406,0.21702523808230775,0.20887655756099174,0.22749573175908436,0.2321352845042522,0.2321427491653922,0.22915893551758915,0.22442768973369628,0.22345594845759323,0.22030379140643744,0.25,0.22135350985904195,0.22449632053579555,0.22682919802219986,0.23177439832521887,0.23212549059983995,0.22906959259370613,0.22402469222763674,0.2214539734964901,0.21873798008629475,0.21251759425161545,0.22368520618211346,0.22353947188254558,0.22827839935243877,0.2316578335366053,0.23200018652979945,0.21055919005235924,0.222377398168153,0.1973685903694229,0.22066694481441032,0.19269066054310446,0.21899338950405747,0.21070958698275788,0.22750818488834684,0.2321465499314211,0.2321028577535307,0.23190705128856653,0.2320953946249895,0.23217354528201334,0.23195589307421854,0.23215161704869322,0.2318231986267658,0.232176519173996,0.23195163212235903,0.2321518493887745
0.23909487884331526,0.2389726063224718,0.23912629963150914,0.23916067744129946,0.23906759417851206,0.2391362535936755,0.23867057571122585,0.23916794460944765,0.23875840163191636,0.2391464296560965,0.2389848894132832,0.22117661574035655,0.22795064064864826,0.20550930003049053,0.22487867288491062,0.19624309436431397,0.22374186052482226,0.21625805922303457,0.2342864361759903,0.2391289384812436,0.23913686705207735,0.23614269005342522,0.23247283672582517,0.23095777073777543,0.22883061389707862,0.22135350985904195,0.25000000000000006,0.23097953954440778,0.2341143768046882,0.2387600581730481,0.23912280953181078,0.23613996993912376,0.2309418577623668,0.2292588823378125,0.22758828078876556,0.2192731819994638,0.2300065514838138,0.2303391203844609,0.23528057016414353,0.23863380116480956,0.23898830491117165,0.21680469023692991,0.2290136990831531,0.2035531002871477,0.22751572048089963,0.1985544657606413,0.225637951492249,0.2170464321759668,0.23440313665850274,0.23913822602553242,0.23909402277543632,0.2388921442783066,0.23908687869128398,0.2391667014989903,0.23894780483578903,0.23914410127215652,0.23880271878224835,0.2391697533617843,0.23893611432786152,0.23914434051385045
0.2417305927992078,0.24160697530773736,0.2417616567184418,0.24179715435007007,0.2417035378023484,0.24177244346108287,0.24130069519234304,0.24180446788127535,0.24138525728016968,0.24178272172536291,0.2416190439040532,0.22358807065429262,0.2305034482739561,0.20787087967550433,0.22758608248732334,0.19852173807302465,0.2265042092744962,0.21855285634907815,0.23696323943471317,0.2417646801557496,0.24177132798468917,0.23872650890483593,0.2340834788335304,0.233329861230731,0.23080446502434307,0.22449632053579555,0.23097953954440778,0.24999999999999994,0.23624404216824524,0.24139386334870241,0.24175479999183416,0.2385628203483118,0.23290134424647285,0.23096337106386972,0.2287974075971993,0.22145314715647343,0.2328413292456829,0.23284741827620128,0.23767873082999605,0.24126636603316642,0.24162272099833523,0.21925976395822006,0.23156969464988036,0.20558657896838511,0.22974169521980814,0.20040377781215277,0.22799230263081538,0.21944768682650123,0.23693517741317335,0.24177498224229244,0.24172960770039642,0.24152563311315184,0.2417213316730863,0.24180320690881418,0.24157563573913726,0.24178035946284906,0.2414369060730169,0.2418062951252663,0.24157241579661834,0.2417806021354807
0.24434678394232484,0.24422182699465578,0.24437842523620112,0.2444140644604618,0.24431910682477415,0.2443890135083759,0.24392343231262076,0.24442145765594603,0.24400651021418132,0.24439948630811129,0.2442344062645094,0.22626850341536983,0.2331698807296851,0.2107209288704973,0.2300999269600866,0.2014596690130417,0.22897302053485008,0.22147519263967147,0.23947921402413636,0.24438222398994777,0.2443890955713906,0.24129627574974746,0.2366816406220671,0.23566687843857992,0.23352005939359605,0.22682919802219986,0.2341143768046882,0.23624404216824524,0.24999999999999983,0.24400795921358368,0.24437212727056135,0.24124502600070816,0.23500648420019865,0.23376327811873068,0.23111386990383703,0.22464320091890377,0.23574882188179425,0.23552601962139297,0.2401749356144384,0.24387699917838718,0.24423769803332615,0.2216001830004389,0.2340479418107428,0.2078761818470204,0.23237637939267694,0.2027139339307698,0.23052846303712832,0.22183652998163572,0.23953491562817272,0.24439114168074497,0.24434587397379667,0.24413960090367812,0.24433796348962103,0.24442018207116734,0.24419226529967095,0.24439708823444045,0.24404712850220525,0.2444233039759461,0.24418505555953332,0.24439733291547092
0.24950076968991286,0.24937317805284548,0.24953280274137604,0.24956949062137176,0.24947331368998746,0.24954387667936656,0.24907270660565958,0.24957702034786428,0.24915371569269051,0.24955459218631298,0.24938596370864713,0.23110767368619253,0.23816054655451657,0.21538873601883918,0.2350901833598679,0.20596719234998193,0.23396011371920322,0.22626656827613584,0.24456657874582136,0.24953704686192876,0.24954358996801335,0.24640895689671152,0.24145471297823456,0.24058820521480478,0.23770748564289212,0.23177439832521887,0.2387600581730481,0.24139386334870241,0.24400795921358368,0.24999999999999972,0.2495255043693446,0.24626171725395962,0.23963583615234124,0.23821165592686858,0.23503108728967737,0.22872189310284227,0.2404131975446017,0.24044383422080762,0.24531735464931864,0.24902308474448737,0.24938908943761096,0.22640120995035876,0.2390358215703032,0.21235169897829764,0.23717964589870208,0.20694542861397808,0.2353689077217089,0.22660757434633824,0.24456805865052103,0.24954628976934293,0.24949977037218657,0.2492892355185547,0.24949169543434763,0.249575709203564,0.24934089936473786,0.24955213554514596,0.2491971566814382,0.24957890447115408,0.24933672030616827,0.24955238560598733
0.2498672526683637,0.24973947362588314,0.24989933156117977,0.24993607481421654,0.249839805545644,0.24991042309897338,0.24943863683849507,0.2499436153472415,0.24951968362158264,0.24992115427983358,0.24975227660968227,0.23144731516577394,0.2385110955376797,0.2157083444613838,0.23543922122851627,0.20627423573157988,0.23430657430612928,0.22660063223527813,0.24492648177934617,0.24990358364771814,0.24991014380906718,0.24677242432171334,0.2418136687101342,0.24094656571883105,0.23807343140129517,0.23212549059983995,0.23912280953181078,0.24175479999183416,0.24437212727056135,0.2495255043693446,0.24999999999999967,0.24662504835257745,0.2399969861249799,0.23856613076786157,0.23538897850476315,0.22905972643611344,0.24077220760519447,0.24079586893713822,0.24568065059881397,0.24938886050130313,0.24975541073841695,0.2267327375279461,0.23938699827167714,0.21266766106279228,0.23752851734756164,0.20725174482143552,0.23571347840559584,0.22693999159760123,0.24492692658864906,0.2499128443351227,0.24986625184642017,0.2496554074690828,0.2498581671835394,0.24994230250335647,0.249707203211612,0.24991869395912292,0.2495632477417208,0.24994550222527281,0.24970298522328327,0.2499189444075234
0.24659857917301334,0.2464724717335107,0.24663022592633865,0.2466664993046721,0.24657106115891123,0.24664118795058443,0.24617436825714895,0.24667394283329297,0.24625504424894512,0.24665177504991173,0.246485095869149,0.22840674183135987,0.23538641198929855,0.21287013911378588,0.23234193514463736,0.2035674301856946,0.23121770817377596,0.2236098597687019,0.24171660165183,0.24663440484153187,0.2466409171456733,0.2435405421697248,0.2386444784120196,0.23778395843428538,0.23508815352420062,0.22906959259370613,0.23613996993912376,0.2385628203483118,0.24124502600070816,0.24626171725395962,0.24662504835257745,0.24999999999999983,0.23672343888944777,0.23530242954875585,0.23215491854401513,0.22584689779814388,0.23755796391014639,0.23759657108243776,0.2424272479943946,0.24612444439228048,0.24648897088073635,0.22348941503517236,0.23631268264357505,0.2095718837924107,0.23432650134563693,0.20413730299030008,0.23257073626632324,0.22382105010758865,0.2417180741720742,0.24664335892573017,0.24659762674046815,0.24638949124528217,0.24658912031111174,0.2466726510846789,0.24643773945467645,0.24664934771265434,0.24629500327696563,0.246675805162562,0.24643614419523224,0.24664959476448337
0.23996584165750207,0.2398431271770377,0.23999642097237928,0.24003194353209947,0.23993915010523031,0.24000732895337537,0.23954987487462132,0.24003917930562482,0.23962793423054418,0.2400176062743498,0.23985522222970646,0.22220446681417683,0.2290325724275012,0.20699628712109014,0.2261638522368652,0.19804191333881405,0.2250840546172356,0.217476323252662,0.23524268453231256,0.24000040706962358,0.24000702192417384,0.2370120781735796,0.23194196854932503,0.23144554455683483,0.2297847253365776,0.22402469222763674,0.2309418577623668,0.23290134424647285,0.23500648420019865,0.23963583615234124,0.2399969861249799,0.23672343888944777,0.24999999999999978,0.2286717404974085,0.22600095020806313,0.21929230178330483,0.23146287879783842,0.23105531317492417,0.23602619025777707,0.23950169481982864,0.23985915920320428,0.21738342213269451,0.22968847870637107,0.20332626843995658,0.22774667849533503,0.19798742132838681,0.22614905252949838,0.21750342666538752,0.23518950967202104,0.24000944509957195,0.23996492030198785,0.23976234539289165,0.23995511823370969,0.24003793853826208,0.2398051921238034,0.24001524412073563,0.23966746057680421,0.2400409914595199,0.23980874083586778,0.24001548604367073
