x1,x2,x3,x4,x5,x6,x7,x8,x9,x10,x11,x12,x13,x14,x15,x16,x17,x18,x19,x20,x21,x22,x23,x24,x25,x26,x27,x28,x29,x30,x31,x32,x33,x34,x35,x36,x37,x38,x39,x40,x41,x42,x43,x44,x45,x46,x47,x48,x49,x50,x51,x52,x53,x54,x55,x56,x57,x58,x59,x60
0.25,0.24979818728021427,0.24990874644631783,0.2499483023310954,0.24986587073285285,0.24995042458860725,0.24974375974085844,0.24995460116898893,0.2499376888610576,0.24995365275732934,0.24982902413828986,0.24759452435131293,0.24096900878820743,0.24633453562808288,0.23790192284770342,0.24068853623592637,0.23760514928969262,0.24645116158657432,0.2465361817031635,0.24982473168507635,0.24989384339950707,0.24408621134531733,0.2475730578624127,0.2404067715581949,0.24793503342529152,0.23404694651749763,0.24653338927504592,0.24229455853585646,0.24723651447617495,0.2498083170027349,0.24989845265502758,0.2414024853333656,0.24484520591872388,0.2379146319131112,0.24684483703627838,0.2352468111310565,0.24697390980263564,0.24490767083483972,0.2478513447488313,0.24978654259472907,0.24981842093579482,0.24655642076022893,0.23952880703392787,0.24606049802957256,0.23662037063008304,0.23996009550562103,0.23536047549844463,0.24602764135952773,0.24606133747490974,0.24977984340448076,0.24993191190955746,0.24977488086180383,0.249879473182393,0.24995058899297184,0.24978646489114933,0.24994200801646796,0.24962445626795857,0.24995308944997666,0.2497982038694012,0.24995441323333867
0.24979818728021427,0.25000000000000006,0.24979740209484894,0.24983677448635022,0.2497543724061905,0.24983888840711352,0.2496323155681206,0.249843063120519,0.24982615831466293,0.2498421151306309,0.24971754248583564,0.24748403005936084,0.24086133805927087,0.24622458306476544,0.23779573885821115,0.24058114720712123,0.23749921990396103,0.2463412015570182,0.24642617212420304,0.24971325156054702,0.2497823324534745,0.24397729215617597,0.2474625891163104,0.24029950238311573,0.2478244043202338,0.23394252597921328,0.24642339071518593,0.24218644730704586,0.24712619383209963,0.24969684418790178,0.2497869395764556,0.2412947504207838,0.24473594726904174,0.23780845078173676,0.24673468697119946,0.23514182301933897,0.24686370248174408,0.24479838135343004,0.24774074576049737,0.24967507954972998,0.2497069436545227,0.246446395807076,0.2394219187796965,0.24595069584131155,0.23651478296775863,0.23985301607334938,0.235255450912595,0.24591785605003338,0.24595153668622022,0.24966838333881078,0.24982038398579037,0.24966342301049288,0.2497679686756328,0.2498390527348669,0.2496750018550636,0.24983047558748073,0.2495130656345643,0.2498415520760849,0.24968673561065902,0.2498428752687307
0.24990874644631783,0.24979740209484894,0.2500000000000001,0.24994800047408924,0.24986539394357044,0.24994994875137994,0.24974328182429972,0.2499541253316295,0.24993721269126465,0.2499531769244968,0.24982855729506262,0.24759390273614726,0.24096708256262178,0.24633386669209173,0.23790072642085228,0.2406880673161619,0.23760470272532636,0.2464507325832609,0.2465357177972996,0.24982425604071382,0.2498933676666582,0.2440855888561999,0.24757256548498557,0.24040605321057673,0.24793454991574534,0.23404631370482726,0.24653293484431338,0.24229409827030238,0.24723605867025697,0.24980784152552735,0.2498979763059227,0.24140190087459457,0.24484466604346963,0.23791400459930626,0.2468443355243672,0.23524626314051889,0.24697340695596248,0.2449071468805125,0.2478508511177595,0.24978606705055703,0.24981794519041245,0.24655591275543826,0.23952830551677484,0.24605999503837928,0.23661988634060815,0.23995960405813027,0.2353600119834419,0.24602716063548916,0.24606086511211525,0.24977936790069338,0.24993143611569604,0.24977440536678816,0.249878997453168,0.2499501131635541,0.24978598916489325,0.24994153220339332,0.24962398137256353,0.2499526136157995,0.24979772831213673,0.24995393739664112
0.2499483023310954,0.24983677448635022,0.24994800047408924,0.25000000000000006,0.2499049496471108,0.2499895167922228,0.24978281959864282,0.24999369402687,0.24997677907373528,0.24999274546732086,0.24986809753548664,0.24763324576765477,0.2410066848677767,0.2463730635517565,0.23793911359886327,0.24072617602659077,0.23764228637128523,0.246489704086685,0.2465747393272349,0.24986380423672705,0.24993292675693016,0.24412438146219523,0.24761177593911696,0.24044436100030123,0.2479738081182878,0.23408354092361436,0.24657194429597676,0.24233245124114675,0.24727518155825043,0.24984738699502185,0.24993753673345087,0.2414402400477966,0.2448834975358025,0.23795184025239768,0.24688344247735977,0.23528360388356645,0.24701253531099454,0.24494597345559688,0.24789010785514254,0.24982560916493957,0.24985749249021033,0.2465949817697431,0.23956626853045976,0.2460989812377635,0.23665737692385203,0.23999762447355613,0.23539728509420435,0.24606611956197932,0.2460998213170652,0.24981890893028516,0.24997100121885193,0.2498139456114695,0.2499185542849408,0.24998968122335977,0.24982553145001132,0.2499810989047926,0.24966349747760974,0.24999218207143564,0.2498372722662168,0.24999350606183707
0.24986587073285285,0.2497543724061905,0.24986539394357044,0.2499049496471108,0.25,0.2499070717011121,0.24970043682401535,0.24991124756551433,0.2498943372972283,0.24991029932071898,0.249785712479383,0.2475512440364549,0.24092433573025102,0.24629131543275104,0.23785906860076714,0.24064680081720743,0.23756425672190695,0.24640854352694572,0.24649344060427564,0.24978140041526703,0.24985050029408076,0.2440435415155766,0.24753009758360095,0.2403645465260239,0.24789203434922819,0.2340059976296576,0.2464907049360772,0.24225255809782018,0.24719367787606333,0.24976498885511073,0.24985510724837964,0.241360313727555,0.2448025794525625,0.23787295201407502,0.2468019558274838,0.23520575824866435,0.24693100527119785,0.24486505896840297,0.2478083111030036,0.24974321810369116,0.2497750905811242,0.24651356486083648,0.239487156221024,0.24601774043050814,0.23657925642305036,0.23991839663007183,0.2353196219573277,0.24598494293600634,0.24601865033597717,0.2497365201140242,0.249888562241959,0.24973155843035333,0.24983613257738657,0.24990723608590099,0.24974313995001882,0.24989865659775176,0.24958116085632642,0.2499097361092139,0.2497548773532253,0.24991105966297042
0.24995042458860725,0.24983888840711352,0.24994994875137994,0.2499895167922228,0.2499070717011121,0.24999999999999992,0.2497849405931234,0.2499958167672377,0.24997890167370507,0.24999486819917843,0.2498702189650824,0.2476353521657197,0.24100876368769664,0.24637515615894293,0.2379411579808137,0.24072822393540436,0.23764432894321338,0.24649179918036593,0.24657683357812035,0.24986592586932785,0.24993504897950672,0.24412646060545715,0.24761388102659385,0.24044641498897956,0.24797591620298118,0.23408554047622032,0.24657404073076528,0.24233451101768444,0.24727728177827266,0.24984950847960485,0.24993965900010676,0.24144229179798424,0.24488557961690505,0.23795386365644094,0.24688554010966923,0.23528560234893728,0.24701463417392802,0.24494805469592792,0.24789221371658715,0.24982773048151258,0.24985961408016977,0.2465970763388902,0.23956830385229874,0.24610107179398774,0.23665938776706028,0.23999966335029194,0.23539928474549543,0.24606820952347258,0.24610191113197052,0.24982103018650487,0.2499731237665171,0.24981606682554786,0.2499206763928163,0.24999180392963952,0.24982765276657257,0.24998322153819816,0.2496656174252622,0.2499943047989505,0.24983939367905428,0.24999562880059414
0.24974375974085844,0.2496323155681206,0.24974328182429972,0.24978281959864282,0.24970043682401535,0.2497849405931234,0.24999999999999994,0.24978911440072624,0.24977221408711908,0.2497881667699067,0.24966367521209015,0.24743047456857858,0.24080929946356103,0.24617208178467853,0.2377435566830554,0.24052814501406736,0.23744069248762578,0.24628735075405758,0.24637285862396371,0.2496593324300518,0.2497283988574975,0.24392420098177373,0.24740877056572913,0.24024629972954448,0.24777048232471016,0.23388956629166702,0.24636961992809245,0.24213404342704395,0.24707269127331044,0.24964292842492486,0.2497330039452708,0.24124261472863112,0.2446825394542993,0.23775693105443024,0.24668119595883842,0.23509126982584166,0.24681024233901244,0.2447454517687185,0.2476871319038302,0.2496211666659112,0.24965302343183574,0.2463931542940586,0.23937009751476138,0.24589750174720132,0.23646346265092083,0.23980110979994482,0.23520447142588136,0.24586466120264203,0.24589840822236375,0.24961447233634737,0.249766440163606,0.24960951308140092,0.24971403467538109,0.2497851048816985,0.24962108921466222,0.24977652958635663,0.24945918440316764,0.249787603683229,0.24963282053890093,0.24978892659015856
0.24995460116898893,0.249843063120519,0.2499541253316295,0.24999369402687,0.24991124756551433,0.2499958167672377,0.24978911440072624,0.24999999999999992,0.249983078728385,0.2499990455220491,0.24987439422224617,0.24763948967549967,0.24101278536151835,0.2463792720816137,0.23794513246546206,0.24073224673535118,0.23764830209445073,0.24649591834589077,0.24658095386337087,0.24987010103694476,0.24993922530260804,0.24413053970307538,0.24761801868544722,0.24045043266702645,0.2479800599474985,0.23408945220171176,0.24657816119408357,0.2423385605407129,0.2472814138091345,0.24985368337266325,0.2499438353978421,0.24144632577405734,0.2448896714725328,0.2379578392293135,0.24688966545018345,0.23528953347596096,0.2470187616778702,0.2449521475458992,0.24789635589308318,0.2498319050118161,0.24986378914283466,0.24660119676919565,0.2395723068452473,0.24610518397473996,0.23666334222908897,0.2400036735921638,0.23540321819084453,0.2460723212298689,0.246106023400037,0.24982520460463944,0.24997730072607752,0.24982024116074364,0.24992485247635907,0.24999598120133854,0.24983182729479428,0.24998739866648872,0.24966978924898026,0.2499984821124382,0.2498435684040175,0.2499998061362055
0.2499376888610576,0.24982615831466293,0.24993721269126465,0.24997677907373528,0.2498943372972283,0.24997890167370507,0.24977221408711908,0.249983078728385,0.24999999999999992,0.2499821302162215,0.24985749027662082,0.24762271119569754,0.24099620119513773,0.24636260148258265,0.23792888405466173,0.24071590886506378,0.23763181939205577,0.24647921324167715,0.2465642667918223,0.24985319451046809,0.24992231414074234,0.24411398931732084,0.24760124462399544,0.24043407897677474,0.2479632602900149,0.23407347741222234,0.24656145221241446,0.24232216441056734,0.2472646778787097,0.24983677794700432,0.24992692378104073,0.24142997159613913,0.24487306508421625,0.23794170915445312,0.24687294696941495,0.2352736118306635,0.2470020379567792,0.24493556436521954,0.2478795751372239,0.2498150009918799,0.24984688292542553,0.24658450574892776,0.2395560865817157,0.24608852454974134,0.23664731412125004,0.23998742593324898,0.23538728053010974,0.24605566614359523,0.24608937022732744,0.2498083010536072,0.24996038688402533,0.24980333794559004,0.24990794210898018,0.2499790660953443,0.24981492326626237,0.24997048414120118,0.24965289607974303,0.2499815668372283,0.24982666360403258,0.24998289077141017
0.24995365275732934,0.2498421151306309,0.2499531769244968,0.24999274546732086,0.24991029932071898,0.24999486819917843,0.2497881667699067,0.2499990455220491,0.2499821302162215,0.24999999999999986,0.24987344610798812,0.2476385501186171,0.24101187108202127,0.2463783373667494,0.2379442300488123,0.2407313333059678,0.23764740034503148,0.24649498300815603,0.24658001824238418,0.24986915294592113,0.2499382769491972,0.24412961344839829,0.24761707912889638,0.2404495204072566,0.2479791190098069,0.23408856407277634,0.24657722555079722,0.24233764099306232,0.24728047552076288,0.2498527353439617,0.24994288702752399,0.241445409748347,0.24488874233359598,0.23795693647652538,0.24688872868785267,0.23528864079029269,0.24701782442076448,0.24495121815392587,0.2478954153016836,0.24983095706565542,0.24986284107581383,0.2466002611110459,0.23957139786136497,0.24610425019404106,0.23666244427262945,0.24000276296154985,0.23540232500176733,0.246071387556265,0.2461050895937904,0.24982425668390948,0.24997635222824421,0.24981929325884714,0.24992390417754207,0.24999503263262526,0.2498308793490922,0.24998645013034043,0.24966884191761182,0.2499975335342356,0.24984262041362143,0.24999885755297913
0.24982902413828986,0.24971754248583564,0.24982855729506262,0.24986809753548664,0.249785712479383,0.2498702189650824,0.24966367521209015,0.24987439422224617,0.24985749027662082,0.24987344610798812,0.2499999999999998,0.24751396774114487,0.2408904777666734,0.24625540753104572,0.237825127182436,0.24061127795304446,0.23752845112379417,0.246372082727049,0.24645708320984028,0.24974456641679366,0.24981365602103392,0.24400786080892037,0.24749360572208634,0.24032958214823327,0.24785546966276636,0.23397176274330042,0.24645428484805437,0.24221685563634363,0.24715718986519664,0.24972815685331312,0.24981826347081945,0.24132497297135203,0.24476659449360297,0.23783821917307563,0.24676561680523518,0.23517130370872127,0.24689465439757846,0.2448290695803595,0.24777180760774875,0.24970638960322109,0.24973825764370425,0.24647729234601168,0.23945192958705774,0.24598152865605843,0.23654442406955833,0.2398830845028121,0.2352849412859036,0.2459486883899593,0.24598237889682423,0.24969969253258587,0.24985171224105254,0.2496947315823862,0.24979929026295583,0.2498703833312551,0.24970631187507136,0.24986180510826567,0.24954435518354126,0.24987288298589774,0.24971804710161224,0.2498742063444761
0.24759452435131293,0.24748403005936084,0.24759390273614726,0.24763324576765477,0.2475512440364549,0.2476353521657197,0.24743047456857858,0.24763948967549967,0.24762271119569754,0.2476385501186171,0.24751396774114487,0.2499999999999998,0.23866333983697166,0.24403971637888866,0.23570328691497813,0.23844211884642322,0.2353897491420594,0.24417125297600178,0.2442459533892819,0.247510814584654,0.24757938380831068,0.2417801786950156,0.24529183252297876,0.23811106796722067,0.2456423219271304,0.23178026382683994,0.24425749129484217,0.24003804926223835,0.244948377167604,0.24749474100604185,0.24758374352711734,0.2391392304534129,0.2425559089134364,0.2356721976945097,0.24454803413280346,0.23303691969936813,0.2446775444078707,0.24262290796936994,0.2455494901404112,0.24747297198023413,0.2475045089941872,0.2442633596398672,0.23729902175570214,0.24377378917703624,0.23442145242889909,0.23772889712906195,0.23317693948915952,0.24374668210378028,0.24378064243692885,0.24746635086547608,0.24761701058041172,0.247461433917484,0.24756507055447521,0.24763551467203748,0.24747281075638777,0.24762701317823774,0.24731263378981,0.24763799197015846,0.24748453308787363,0.24763930349234448
0.24096900878820743,0.24086133805927087,0.24096708256262178,0.2410066848677767,0.24092433573025102,0.24100876368769664,0.24080929946356103,0.24101278536151835,0.24099620119513773,0.24101187108202127,0.2408904777666734,0.23866333983697166,0.2499999999999999,0.23739460833226703,0.2292223026650242,0.23202972620074122,0.22907505340124015,0.23764173716696227,0.23772390303934318,0.24088742197354324,0.240954243434121,0.23523612063418003,0.23873168693381538,0.2316134295274347,0.2390785239929836,0.225452371728873,0.23774746468995067,0.23362303248307634,0.23840389469057402,0.2408720323144936,0.24095840608088032,0.2327201120184559,0.23604480003773007,0.22933972436324757,0.2379973509766608,0.2267779818622,0.23812171698396656,0.23611203106404038,0.2389741060542621,0.24085073180638492,0.24088137609083268,0.23772060648757457,0.2309395910469115,0.2372454122426812,0.22813836162175075,0.23135742623146338,0.2269308152098408,0.23721968896271406,0.23725626612844403,0.24084427890490342,0.2409909070002591,0.24083949347919403,0.24094031705354488,0.24100891593363571,0.24085052732519632,0.24100064193592682,0.2406946883845899,0.2410113269405931,0.24086197025280112,0.24101260336707384
0.24633453562808288,0.24622458306476544,0.24633386669209173,0.2463730635517565,0.24629131543275104,0.24637515615894293,0.24617208178467853,0.2463792720816137,0.24636260148258265,0.2463783373667494,0.24625540753104572,0.24403971637888866,0.23739460833226703,0.2499999999999998,0.2343297012853693,0.23724616074637908,0.23411248249967595,0.24295655069172145,0.24301032922806734,0.24625126107426548,0.2463196312801181,0.24053945921409384,0.24405969950624484,0.23683158889574576,0.24442115776350135,0.23053393300062372,0.24308313563324266,0.23883198852786652,0.24372104944904466,0.24623588587682577,0.24632381761213754,0.23791322539743226,0.24131210489973048,0.234454698628064,0.24329568378004582,0.23182075777305217,0.24342620247884075,0.24136296609813304,0.24429561318337795,0.24621357781506786,0.24624489117967113,0.2430134270201098,0.2360781547771533,0.24252578030805952,0.23321489264448736,0.23650418880626187,0.23198044286026387,0.24249940954952248,0.24253755299900817,0.24620701468971465,0.2463569074047606,0.24620212240270528,0.24630520237708242,0.24637531733246212,0.2462133195009441,0.246366859106861,0.2460542718424266,0.24637778202454963,0.24622509139682022,0.24637908687239055
0.23790192284770342,0.23779573885821115,0.23790072642085228,0.23793911359886327,0.23785906860076714,0.2379411579808137,0.2377435566830554,0.23794513246546206,0.23792888405466173,0.2379442300488123,0.237825127182436,0.23570328691497813,0.2292223026650242,0.2343297012853693,0.2499999999999999,0.22867791772616614,0.22570349019136468,0.23460177085287454,0.23464223846115245,0.23782132115713372,0.237887430523124,0.23229797891715004,0.2357572430898223,0.2286528178100699,0.23607227330100275,0.22221144325208564,0.2347557774396593,0.23058786335332332,0.23537292082953037,0.23780594947852762,0.23789111844032973,0.2296763192457305,0.23298727840182593,0.2263037344011895,0.23494525528785856,0.22383909965163515,0.23507581418070814,0.2330876607014302,0.23591971137067222,0.23778511661887025,0.23781530787107166,0.2346742729782744,0.2279776216327969,0.23420647210961795,0.2252197206813677,0.22840050955877306,0.2240355446132408,0.23419643992421713,0.23423343602711952,0.23777877213871812,0.23792353337462346,0.23777404697438476,0.2378736165111447,0.23794131308256644,0.23778476191072237,0.23793314440565336,0.23763148825920638,0.23794369340289762,0.23779622331590514,0.2379449535825693
0.24068853623592637,0.24058114720712123,0.2406880673161619,0.24072617602659077,0.24064680081720743,0.24072822393540436,0.24052814501406736,0.24073224673535118,0.24071590886506378,0.2407313333059678,0.24061127795304446,0.23844211884642322,0.23202972620074122,0.23724616074637908,0.22867791772616614,0.24999999999999967,0.22838962052346679,0.23732619048910011,0.23736202873211662,0.24060717574328147,0.2406739337652502,0.23500296170492524,0.23852583190564328,0.23140833220455834,0.23880943403492483,0.22482580236538582,0.23748093618806948,0.23320383983079315,0.23811394475780673,0.24059124455067338,0.24067748970237512,0.23233172737969393,0.2357164153399201,0.2288969349414434,0.23768895691477368,0.22646133800331175,0.2378213280000311,0.23582403308663175,0.23867553136973474,0.24057027918737106,0.24060084246146562,0.23741101880403673,0.23063575107525636,0.236934464904252,0.22785048145133677,0.23107325884548072,0.2266578613795954,0.23693827020260244,0.2369753564238489,0.240563938065418,0.24071039461592392,0.24055915720352136,0.24065992548045506,0.24072838258377308,0.2405699121547086,0.24072011822967038,0.24041502161017414,0.24073079078596535,0.24058158440075408,0.24073206572640543
0.23760514928969262,0.23749921990396103,0.23760470272532636,0.23764228637128523,0.23756425672190695,0.23764432894321338,0.23744069248762578,0.23764830209445073,0.23763181939205577,0.23764740034503148,0.23752845112379417,0.2353897491420594,0.22907505340124015,0.23411248249967595,0.22570349019136468,0.22838962052346679,0.24999999999999972,0.23414786059191203,0.23432677045514638,0.2375248537983348,0.23759090576998584,0.23208260960481875,0.2355611609567139,0.2287396109874016,0.23581421736933547,0.2220027948477194,0.23444053667823103,0.23024057048914087,0.23507006299287006,0.23750886957074058,0.23759431541209722,0.2293617159803348,0.23270232629624316,0.22597266109898784,0.23464921124259666,0.22355225260800535,0.23478959651094364,0.23281507565103846,0.23562652997805064,0.23748849401129066,0.2375186805838877,0.23438127015119944,0.22769491550315762,0.23390979902824974,0.22494371547999786,0.22812361756938493,0.2237601971587754,0.23390781557219503,0.2339410978427532,0.23748214927008177,0.23762672975307067,0.23747742980293807,0.23757693956997775,0.23764448727494147,0.2374880994430522,0.2376363287905693,0.23733525348294957,0.2376468646262059,0.23749957766432497,0.23764812323375395
0.24645116158657432,0.2463412015570182,0.2464507325832609,0.246489704086685,0.24640854352694572,0.24649179918036593,0.24628735075405758,0.24649591834589077,0.24647921324167715,0.24649498300815603,0.246372082727049,0.24417125297600178,0.23764173716696227,0.24295655069172145,0.23460177085287454,0.23732619048910011,0.23414786059191203,0.24999999999999978,0.2430798143177177,0.24636786455163862,0.24643631803709484,0.2407436644219942,0.24430676036895216,0.23730662788698237,0.24458114871801295,0.23083986779635435,0.24310107841464615,0.23885714420849677,0.24380794449813153,0.24635109023256005,0.24644007926383757,0.2379583114080632,0.24148112293184718,0.23447234125398356,0.24343254484273483,0.2318853082028537,0.24353384156823357,0.241493918341844,0.24440129442114558,0.24633000961911425,0.24636138326789406,0.24311091799702308,0.23616386261102884,0.24261749367002672,0.23331629541773216,0.2366087715378921,0.2320951237747661,0.24261752027365346,0.24265042553952845,0.24632358000323248,0.2464735430173102,0.24631868466260853,0.2464219506080152,0.24649196165879061,0.24632976045496138,0.24648349943753628,0.2461710211681736,0.2464944275184392,0.24634165444976838,0.24649573298387822
0.2465361817031635,0.24642617212420304,0.2465357177972996,0.2465747393272349,0.24649344060427564,0.24657683357812035,0.24637285862396371,0.24658095386337087,0.2465642667918223,0.24658001824238418,0.24645708320984028,0.2442459533892819,0.23772390303934318,0.24301032922806734,0.23464223846115245,0.23736202873211662,0.23432677045514638,0.2430798143177177,0.24999999999999953,0.2464528447137183,0.24652112764216683,0.24078284685968146,0.24426669263067888,0.23723523154817833,0.24460527403973237,0.23081273341690936,0.24320334592439477,0.238981479559307,0.24389516762368754,0.24643648343470126,0.24652539300765067,0.2381000011744948,0.24151258044484264,0.2346385422868678,0.24349916672156832,0.2320370272845828,0.24363335306653564,0.24159323923322137,0.2444995887634177,0.24641513874290752,0.24644655706085736,0.24321696470445328,0.23628221051476786,0.24272793635345966,0.23341801609660315,0.23671336276080002,0.2321806193127465,0.24270531352500244,0.24273864033558834,0.24640855511950346,0.2465585708393294,0.2464036591951596,0.24650685890003277,0.2465769958354254,0.24641499112547682,0.24656853068112833,0.24625546300251736,0.24657946254422852,0.24642665980084041,0.24658076846031346
0.24982473168507635,0.24971325156054702,0.24982425604071382,0.24986380423672705,0.24978140041526703,0.24986592586932785,0.2496593324300518,0.24987010103694476,0.24985319451046809,0.24986915294592113,0.24974456641679366,0.247510814584654,0.24088742197354324,0.24625126107426548,0.23782132115713372,0.24060717574328147,0.2375248537983348,0.24636786455163862,0.2464528447137183,0.2499999999999995,0.24980936376084098,0.24400368932793878,0.24748936226672344,0.24032549500212821,0.24785121717963834,0.23396785546827986,0.24645005156836283,0.24221265141235965,0.24715293702935687,0.24972386624805507,0.24981397135751174,0.24132084767616155,0.24476242687734634,0.2378341623139718,0.24676138461749833,0.23516726277307654,0.24689041327855768,0.24482486807002957,0.24776755258772362,0.24970209926904302,0.24973396681790208,0.24647306071986433,0.2394478223275222,0.24597730648461855,0.2365403733556818,0.23987896808113737,0.23528090800689802,0.24594446704544384,0.24597815303684728,0.2496954023515323,0.24984741944792488,0.24969044148637312,0.24979499845531458,0.24986609021732753,0.24970202156993881,0.2498575121417263,0.24954006780454888,0.24986858982902307,0.24971375660741027,0.24986991316486434
0.24989384339950707,0.2497823324534745,0.2498933676666582,0.24993292675693016,0.24985050029408076,0.24993504897950672,0.2497283988574975,0.24993922530260804,0.24992231414074234,0.2499382769491972,0.24981365602103392,0.24757938380831068,0.240954243434121,0.2463196312801181,0.237887430523124,0.2406739337652502,0.23759090576998584,0.24643631803709484,0.24652112764216683,0.24980936376084098,0.24999999999999958,0.24407183316220116,0.24755816557540358,0.2403929293077384,0.24792006693953006,0.23403276791829308,0.24651875800450054,0.24228019564482473,0.2472215454925925,0.24979295214195374,0.24988307948402533,0.2413876240449521,0.2448302671176258,0.2379000218292268,0.2468297736545072,0.23523229068923274,0.2469588382041324,0.24489260504188093,0.24783617931639426,0.24977117794601691,0.24980305393937344,0.2465412974533386,0.23951413757082218,0.2460454185229568,0.23660586693671112,0.23994539162566644,0.2353460124482698,0.24601252392003836,0.24604620551396836,0.2497644782884425,0.2499165374389651,0.24975951605070754,0.24986410214216032,0.24993521337338823,0.24977109935689007,0.24992663292473805,0.24960910315856907,0.24993771367657905,0.2497828376453393,0.24993903737850784
0.24408621134531733,0.24397729215617597,0.2440855888561999,0.24412438146219523,0.2440435415155766,0.24412646060545715,0.24392420098177373,0.24413053970307538,0.24411398931732084,0.24412961344839829,0.24400786080892037,0.2417801786950156,0.23523612063418003,0.24053945921409384,0.23229797891715004,0.23500296170492524,0.23208260960481875,0.2407436644219942,0.24078284685968146,0.24400368932793878,0.24407183316220116,0.24999999999999928,0.24175102841221707,0.23464481629139217,0.24219783967100117,0.22844927211121874,0.24091139482098126,0.23672413661464703,0.241535814391903,0.24398939677782072,0.24407592170962789,0.23578743666530702,0.23913260436484765,0.23235530290707504,0.24107676914015533,0.22968548403746905,0.24120644685336334,0.23913649836511489,0.24206641180675112,0.24396629157743713,0.24399734250227184,0.24080819393901212,0.23392424898253242,0.2403129230749741,0.23107671924292716,0.23432896452183866,0.22984908164608037,0.24027351606327593,0.2403210613680931,0.24395985462376912,0.2441083791191151,0.2439550068346972,0.24405708922652428,0.24412662102606236,0.24396600166776716,0.24411824000287013,0.24380847512589734,0.24412906322324116,0.24397775126402607,0.24413035616160267
0.2475730578624127,0.2474625891163104,0.24757256548498557,0.24761177593911696,0.24753009758360095,0.24761388102659385,0.24740877056572913,0.24761801868544722,0.24760124462399544,0.24761707912889638,0.24749360572208634,0.24529183252297876,0.23873168693381538,0.24405969950624484,0.2357572430898223,0.23852583190564328,0.2355611609567139,0.24430676036895216,0.24426669263067888,0.24748936226672344,0.24755816557540358,0.24175102841221707,0.24999999999999928,0.2380730840154327,0.2459297441194617,0.23226543109447542,0.24491301609736776,0.24060480616482724,0.245262702024807,0.24747414027611928,0.24756224555536788,0.23908857882839113,0.24251461638167254,0.23560757483731357,0.2447260252513129,0.23305292085033902,0.24498303927247578,0.24273612084015342,0.2456975340047921,0.24745131282195057,0.24748276703693797,0.2442272831987902,0.23723755022365955,0.243730720035345,0.23436581431256634,0.23767107803912474,0.23313768397544035,0.24372141744947937,0.24375298324362157,0.2474448960395471,0.24759554149605933,0.24743997816989627,0.24754362714240322,0.24761404399492756,0.24745104859199588,0.24760554325529163,0.24729175235710185,0.2476165210798894,0.24746303698743416,0.24761783248798513
0.2404067715581949,0.24029950238311573,0.24040605321057673,0.24044436100030123,0.2403645465260239,0.24044641498897956,0.24024629972954448,0.24045043266702645,0.24043407897677474,0.2404495204072566,0.24032958214823327,0.23811106796722067,0.2316134295274347,0.23683158889574576,0.2286528178100699,0.23140833220455834,0.2287396109874016,0.23730662788698237,0.23723523154817833,0.24032549500212821,0.2403929293077384,0.23464481629139217,0.2380730840154327,0.24999999999999928,0.23843476618335321,0.22477380793145357,0.23760185078460658,0.2332676436576935,0.23810008442072553,0.24031510095219202,0.24039761516141753,0.23229686706536265,0.2355608185290278,0.22885890133944317,0.23742383611995488,0.2262476135832276,0.23766832184593015,0.23550022833576462,0.23846420739567664,0.24028833849334225,0.24031877124594458,0.23716430543858108,0.2303413373928643,0.2366501099613862,0.22752155503114016,0.2307307830457078,0.22632530270267714,0.23661188083901238,0.2366847008709546,0.24028232173641892,0.24042860609669,0.24027754562868517,0.24037787529447333,0.2404465730549195,0.24028783681860588,0.24043831839065488,0.240133425654633,0.24044897844036692,0.24029987356823435,0.24045025188832017
0.24793503342529152,0.2478244043202338,0.24793454991574534,0.2479738081182878,0.24789203434922819,0.24797591620298118,0.24777048232471016,0.2479800599474985,0.2479632602900149,0.2479791190098069,0.24785546966276636,0.2456423219271304,0.2390785239929836,0.24442115776350135,0.23607227330100275,0.23880943403492483,0.23581421736933547,0.24458114871801295,0.24460527403973237,0.24785121717963834,0.24792006693953006,0.24219783967100117,0.2459297441194617,0.23843476618335321,0.24999999999999933,0.23207752917187177,0.2449526140464175,0.24059771232657104,0.24562102103325226,0.24783605253311622,0.24792563514640445,0.23966766775230658,0.2433283186910528,0.2360755161491638,0.24488458533579274,0.23340048265979918,0.24533538405173136,0.2430842775065666,0.24609102032936248,0.2478130832298556,0.2478446284703632,0.24463344952911856,0.23760689636672896,0.2440991628417174,0.23471350194200907,0.23803467799482583,0.2334734489515719,0.24407563811028563,0.2441089695213362,0.24780668385723653,0.2479575498822831,0.2478017591708251,0.24790552174733121,0.24797607944310301,0.24781287217417491,0.2479675662705082,0.24765293074937372,0.2479785601492312,0.247824848014099,0.24797987347488054
0.23404694651749763,0.23394252597921328,0.23404631370482726,0.23408354092361436,0.2340059976296576,0.23408554047622032,0.23388956629166702,0.23408945220171176,0.23407347741222234,0.23408856407277634,0.23397176274330042,0.23178026382683994,0.225452371728873,0.23053393300062372,0.22221144325208564,0.22482580236538582,0.2220027948477194,0.23083986779635435,0.23081273341690936,0.23396785546827986,0.23403276791829308,0.22844927211121874,0.23226543109447542,0.22477380793145357,0.23207752917187177,0.24999999999999925,0.23067089498190715,0.22663699529283224,0.23163007664163301,0.2339549767645973,0.23403769287630022,0.2261030248362827,0.22941765067608746,0.22274854916116468,0.23111769115350814,0.22026034501387975,0.23119478686189232,0.22926510744488277,0.23208636563827434,0.23393143960572593,0.2339605896892275,0.23085420732322717,0.2241516699203745,0.23033326139244037,0.22137252974178734,0.22458520216611388,0.22027130493863267,0.2303333172297051,0.23041105063427517,0.23392578920659216,0.23406820299141456,0.23392113866707087,0.23401833811913653,0.23408569469433588,0.23393072830971356,0.2340776584126689,0.23378048803502907,0.23408803644779796,0.23394281016091922,0.2340892762073691
0.24653338927504592,0.24642339071518593,0.24653293484431338,0.24657194429597676,0.2464907049360772,0.24657404073076528,0.24636961992809245,0.24657816119408357,0.24656145221241446,0.24657722555079722,0.24645428484805437,0.24425749129484217,0.23774746468995067,0.24308313563324266,0.2347557774396593,0.23748093618806948,0.23444053667823103,0.24310107841464615,0.24320334592439477,0.24645005156836283,0.24651875800450054,0.24091139482098126,0.24491301609736776,0.23760185078460658,0.2449526140464175,0.23067089498190715,0.24999999999999914,0.23892042901857044,0.24397657126956482,0.24643370822663735,0.2465241314609795,0.23831613780311248,0.2424184546131402,0.2352633275869268,0.24412525326052992,0.23198796067397762,0.2436034541394173,0.2416090224254409,0.24463774255227738,0.2464120246132829,0.24644328354474093,0.24325252000817907,0.2362340563961591,0.24277550341160628,0.23335295975177858,0.2366747043002903,0.2321381002791357,0.24268963108206168,0.2427250312192922,0.24640576550769366,0.24655577835622314,0.2464008683435365,0.2465039703785012,0.24657420317967238,0.24641176016743138,0.24656573813893284,0.24625279938301753,0.2465766698623668,0.2464238060527811,0.2465779757634834
0.24229455853585646,0.24218644730704586,0.24229409827030238,0.24233245124114675,0.24225255809782018,0.24233451101768444,0.24213404342704395,0.2423385605407129,0.24232216441056734,0.24233764099306232,0.24221685563634363,0.24003804926223835,0.23362303248307634,0.23883198852786652,0.23058786335332332,0.23320383983079315,0.23024057048914087,0.23885714420849677,0.238981479559307,0.24221265141235965,0.24228019564482473,0.23672413661464703,0.24060480616482724,0.2332676436576935,0.24059771232657104,0.22663699529283224,0.23892042901857044,0.24999999999999917,0.2396313832062626,0.24219713696462805,0.24228436027287925,0.23413895462748835,0.2378571881875581,0.2311264563934531,0.23972188634457237,0.22799718206973854,0.2394129657083356,0.23740977281816633,0.24028557985363633,0.2421749465441823,0.24220544457375423,0.23900272109184428,0.23205842425660086,0.23852417272850707,0.2292157055877787,0.23252330738657118,0.22808843666364925,0.23848702497547072,0.23854097300660196,0.24216912977180288,0.24231656251863806,0.24216431595563398,0.24226530019968384,0.24233467060268685,0.24217468842698586,0.24232635111805567,0.2420182366766573,0.24233709487407729,0.2421868033870167,0.2423383783218093
0.24723651447617495,0.24712619383209963,0.24723605867025697,0.24727518155825043,0.24719367787606333,0.24727728177827266,0.24707269127331044,0.2472814138091345,0.2472646778787097,0.24728047552076288,0.24715718986519664,0.244948377167604,0.23840389469057402,0.24372104944904466,0.23537292082953037,0.23811394475780673,0.23507006299287006,0.24380794449813153,0.24389516762368754,0.24715293702935687,0.2472215454925925,0.241535814391903,0.245262702024807,0.23810008442072553,0.24562102103325226,0.23163007664163301,0.24397657126956482,0.2396313832062626,0.24999999999999917,0.24713966308690233,0.24722602740301033,0.23888831218202114,0.24274097914488565,0.23563275571627215,0.24463612140335253,0.23279063011764012,0.24453180653932477,0.24229172405920074,0.2451917118143242,0.24711488080899208,0.24714622087012178,0.24396043193554143,0.23692102508043172,0.24346244988209767,0.23402207554373364,0.23734908835185953,0.23279697435314148,0.24337823746506113,0.24341800697701124,0.2471085261947697,0.2472589671584242,0.24710361536222383,0.2472069483440118,0.24727744453005018,0.24711459632646499,0.24726895534274246,0.24695504616998212,0.24727991824747692,0.24712662151850073,0.24728122787310614
0.2498083170027349,0.24969684418790178,0.24980784152552735,0.24984738699502185,0.24976498885511073,0.24984950847960485,0.24964292842492486,0.24985368337266325,0.24983677794700432,0.2498527353439617,0.24972815685331312,0.24749474100604185,0.2408720323144936,0.24623588587682577,0.23780594947852762,0.24059124455067338,0.23750886957074058,0.24635109023256005,0.24643648343470126,0.24972386624805507,0.24979295214195374,0.24398939677782072,0.24747414027611928,0.24031510095219202,0.24783605253311622,0.2339549767645973,0.24643370822663735,0.24219713696462805,0.24713966308690233,0.24999999999999922,0.24979755129713668,0.24130330723847457,0.24474484528396642,0.23781664225839325,0.24674460991646346,0.23515146696670364,0.24687404077879743,0.24480887363490592,0.24775100434208466,0.24968568921501944,0.24971755234718132,0.2464559760809424,0.23943104967009643,0.24596034450296497,0.23652398700764363,0.23986267229745423,0.23526507392663554,0.24592819351852302,0.2459618559072425,0.2496789961862788,0.24983100327371385,0.24967403562341037,0.2497785855924874,0.24984967281650208,0.2496856082579294,0.2498410953048241,0.24952367997664485,0.2498521722639977,0.2496973485257529,0.2498534955128841
0.24989845265502758,0.2497869395764556,0.2498979763059227,0.24993753673345087,0.24985510724837964,0.24993965900010676,0.2497330039452708,0.2499438353978421,0.24992692378104073,0.24994288702752399,0.24981826347081945,0.24758374352711734,0.24095840608088032,0.24632381761213754,0.23789111844032973,0.24067748970237512,0.23759431541209722,0.24644007926383757,0.24652539300765067,0.24981397135751174,0.24988307948402533,0.24407592170962789,0.24756224555536788,0.24039761516141753,0.24792563514640445,0.23403769287630022,0.2465241314609795,0.24228436027287925,0.24722602740301033,0.24979755129713668,0.24999999999999903,0.24139053111761044,0.24483369839416394,0.23790198313258595,0.24683599511676002,0.2352338508193917,0.24696595890649087,0.24489678667301834,0.24784244845330344,0.24977578159659908,0.24980765318601802,0.246545252801438,0.23951712986284632,0.24604926937362892,0.23660908681393855,0.23994857385830376,0.23534982676510485,0.24601683580107217,0.24605059284044717,0.24976908518660274,0.2499211471156766,0.24976412282766497,0.24986871010246414,0.2499398233947755,0.2497756985887556,0.2499312427882116,0.2496137177255822,0.2499423237441157,0.249787444079543,0.24994364747044986
0.2414024853333656,0.2412947504207838,0.24140190087459457,0.2414402400477966,0.241360313727555,0.24144229179798424,0.24124261472863112,0.24144632577405734,0.24142997159613913,0.241445409748347,0.24132497297135203,0.2391392304534129,0.2327201120184559,0.23791322539743226,0.2296763192457305,0.23233172737969393,0.2293617159803348,0.2379583114080632,0.2381000011744948,0.24132084767616155,0.2413876240449521,0.23578743666530702,0.23908857882839113,0.23229686706536265,0.23966766775230658,0.2261030248362827,0.23831613780311248,0.23413895462748835,0.23888831218202114,0.24130330723847457,0.24139053111761044,0.24999999999999908,0.23634538250237133,0.22942644241819707,0.23872272912287357,0.22696443927014648,0.23894808186571775,0.23670900078445267,0.2397100766999039,0.24128313376069221,0.24131338800946767,0.2380573138286732,0.23115049584882072,0.23756900976768025,0.22846158020375318,0.2316996370545383,0.22737601490238138,0.2377059590491286,0.23767495031752506,0.24127752109394218,0.24142440885653266,0.24127272262529564,0.241374374528681,0.24144245020062532,0.24128316000115757,0.241434161366276,0.24112847043716318,0.24144486554528571,0.24129519880782618,0.2414461442665193
0.24484520591872388,0.24473594726904174,0.24484466604346963,0.2448834975358025,0.2448025794525625,0.24488557961690505,0.2446825394542993,0.2448896714725328,0.24487306508421625,0.24488874233359598,0.24476659449360297,0.2425559089134364,0.23604480003773007,0.24131210489973048,0.23298727840182593,0.2357164153399201,0.23270232629624316,0.24148112293184718,0.24151258044484264,0.24476242687734634,0.2448302671176258,0.23913260436484765,0.24251461638167254,0.2355608185290278,0.2433283186910528,0.22941765067608746,0.2424184546131402,0.2378571881875581,0.24274097914488565,0.24474484528396642,0.24483369839416394,0.23634538250237133,0.24999999999999928,0.2328534937677392,0.2422222598584363,0.2309370591489981,0.24293592623644786,0.24057964929258896,0.2433445995750061,0.24472440596591918,0.24475592234182358,0.24156055614524627,0.23470552194230523,0.24107478610292904,0.23189281752534205,0.23518529232294544,0.23064693216138768,0.24112932280914234,0.2410700838040905,0.24471845738824702,0.24486744198460522,0.2447135926760357,0.24481680962424557,0.2448857406054447,0.24472451579081128,0.2448773335434512,0.24456715609213756,0.24488819039733287,0.24473640056488455,0.2448894873558402
