x1,x2,x3,x4,x5,x6,x7,x8,x9,x10,x11,x12,x13,x14,x15,x16,x17,x18,x19,x20,x21,x22,x23,x24,x25,x26,x27,x28,x29,x30,x31,x32,x33,x34,x35,x36,x37,x38,x39,x40,x41,x42,x43,x44,x45,x46,x47,x48,x49,x50,x51,x52,x53,x54,x55,x56,x57,x58,x59,x60
0.25000000000000006,0.008991601198474912,-0.008719134082501889,0.05539532097889444,-0.0516737418284809,0.057297721932008557,-0.04938412499928461,0.056085327279867175,-0.041660600736542104,0.05697411903481003,-0.24029776785823986,0.08524713839146265,-0.07077180959378865,0.06801747096526578,-0.04836071951380029,0.046951618855860106,-0.043024709956058935,0.04197884754443535,-0.04626772091468138,0.046433033201279575,0.0033927470857455268,-0.07202544847200518,0.06900767576749789,-0.07585938834879445,0.07305937372260507,-0.04831612247616202,0.04699942076621752,-0.049150392841268986,0.0417294588840141,-0.04406196909849379,0.0024206329339392504,-0.02009914532333914,-0.06976452887706677,0.06982190837666714,-0.06949837896959661,0.06583304477228603,-0.050459903567570595,0.04901017125957,-0.04823651307928123,0.038671007872763986,-0.04713485715312394,0.002917802490315981,-0.0019580073855991757,-0.06681867493900356,0.06629562051292794,-0.06042808501199025,0.05978716807339249,-0.05202570945200013,0.03962265401445386,-0.038866832607715424,0.04840098900095893,0.051714693418768214,-0.05149272068051208,0.058676771204652665,-0.05846461275220433,0.05887227077784364,-0.05851089932992976,0.058689405613634886,-0.05810454939168464,0.05882510519983924
0.008991601198474912,0.25000000000000006,-0.2476338993027122,0.20231694509608752,-0.19643062870175843,0.20038827366166545,-0.19802345953231082,0.20141599237050653,-0.20220901265672353,0.1985843646583025,-0.0014962526609575977,-0.15017785729932076,0.057253405481266534,-0.05696551317669786,-0.04330630801842039,0.045106458799508475,-0.09975046800015305,0.10076575247667444,-0.11433687119042632,0.11459624287875456,-0.16420775461798204,0.1254063639833196,-0.12860981116463,-0.015869513489170727,-0.001031299219427845,-0.10529670567993238,0.09321703256230653,-0.1354606938432038,0.11067276434224614,-0.11754968707964836,0.16346119595894334,-0.17841458589021666,0.10893836537910595,-0.11019470887296418,-0.024087116389901346,0.010899788931253967,-0.11243927084410166,0.07319624009004513,-0.12545832533040813,0.09429707903979384,-0.19083478159869838,0.14791941961885371,-0.14756388283611338,0.057803352093169856,-0.0533893170942384,-0.04927108283842015,0.050114688370964625,-0.08784552259112682,0.07265642654727397,-0.08913099654439478,0.18972826693500233,0.1434112179423014,-0.14271458495376488,0.19171902066498242,-0.1867139389269689,0.19573206631231035,-0.18814370825694166,0.19231923621724453,-0.18092090249574921,0.19732691228826976
-0.008719134082501889,-0.2476338993027122,0.25,-0.20235904444940633,0.19623699847368903,-0.1998667019807856,0.1975272175825625,-0.20045559843942143,0.20133348443639226,-0.1975078183382754,0.000926724140727554,0.15099945647202548,-0.0588525971878892,0.0585296260194128,0.04189994840862669,-0.04370685470184549,0.09844391139583177,-0.09946529347400897,0.11305573007596163,-0.1133160305662074,0.16406562456862211,-0.12623479376578176,0.129431319786112,0.01444627966692247,0.0022991435220937,0.10399638233480296,-0.091936609406007,0.13422459441828122,-0.10948141350629335,0.11631383208994109,-0.16323970199333598,0.17791980894029308,-0.10977294254765674,0.11103428690259272,0.02280833491488507,-0.009696315569422076,0.11116999123305638,-0.07197340528860355,0.12420445442426911,-0.09326425675801334,0.189941294086703,-0.14772802487813239,0.1473892811273111,-0.05877430998503363,0.054368618242446806,0.04802238525327101,-0.04887116967101938,0.08659318345650592,-0.07161131799534509,0.08809885186644692,-0.18881227703238407,-0.1423692245140731,0.1416773957965753,-0.1906273816291372,0.1856167547191097,-0.1946462814664731,0.18704664674658614,-0.19122848478917034,0.17981424100255494,-0.19624733822442436
0.05539532097889444,0.20231694509608752,-0.20235904444940633,0.25,-0.2429347635973563,0.2466446539333416,-0.23777545362571323,0.2438597863183653,-0.2291152021664901,0.24391441847063414,-0.04781451679839599,-0.10694930598315713,0.011569106844387018,-0.013778676524416358,-0.08692516100638614,0.088406329880357,-0.14395932144514736,0.14424346380432637,-0.15937353972641088,0.15967555677537376,-0.16671713908441146,0.08228268457083564,-0.08652591230872349,-0.06075366992758857,0.04126712640872315,-0.15067913587101184,0.13734556118436114,-0.18103157760439245,0.1525540610524673,-0.16106469920111496,0.16990669805540526,-0.19749619442854546,0.0663158395836254,-0.06761811982947176,-0.06873818482304656,0.05338388581908543,-0.15784876804618697,0.11627040851984673,-0.17089555336465165,0.13111260308911699,-0.22859853963631063,0.1545498758970945,-0.15351898898480934,0.014498278823526415,-0.010204243466176557,-0.09403255210224547,0.09466731815116901,-0.13293864705629865,0.10905937942602206,-0.12577031911126513,0.22839188617434633,0.1852512254459559,-0.1843696181420018,0.23796296796453684,-0.23290210446549675,0.24201253003976309,-0.23434881572953078,0.23855917766465723,-0.2270062099036088,0.24350335164711695
-0.0516737418284809,-0.19643062870175843,0.19623699847368903,-0.2429347635973563,0.24999999999999997,-0.2416017674229247,0.23285360194766935,-0.23803382106765972,0.2240380763500969,-0.23749317383122132,0.04378121153104836,0.11037923156946217,-0.01643277016886104,0.018676169986924333,0.0804485816080792,-0.0819301768594651,0.137482013033136,-0.1377818425933476,0.15289712834252295,-0.15320261663174933,0.16554165930797432,-0.0865491712475094,0.09074988061016878,0.05497445143823135,-0.03592230505413319,0.14420625999941986,-0.1310710162596156,0.17455566993351013,-0.14653648215637832,0.15481296727342747,-0.16829371936169632,0.19432678019985045,-0.07070536099595343,0.07200424722136903,0.06297973665867311,-0.04796158305482101,0.15142499216659813,-0.11029796895934774,0.16443340687992988,-0.12587408639015832,0.22317896395545764,-0.1530319046671768,0.15208570880224315,-0.01939263196597775,0.01512180065463883,0.08808648055670608,-0.08873936786988837,0.12669618743431543,-0.10393331365102085,0.12057185563585265,-0.22286539040841982,-0.1794304801056697,0.17857522169788398,-0.23150612826292732,0.22646000948650463,-0.235547117315272,0.22790014568996741,-0.23210181961678628,0.22057880514423872,-0.23705106371106893
0.057297721932008557,0.20038827366166545,-0.1998667019807856,0.2466446539333416,-0.2416017674229247,0.2500000000000001,-0.2402919352943606,0.24580293122425134,-0.2306223282970188,0.2455559816318797,-0.04942047014505702,-0.10546727902980556,0.009925972135248307,-0.012139267874145923,-0.08856683215519787,0.09004745468408698,-0.14560112435142028,0.14588024164161462,-0.1610162344211507,0.16131762870173638,-0.16682654952042203,0.0808009681223907,-0.08505782165274263,-0.062395818528484394,0.042806008721527365,-0.1523222816823471,0.13894580281385352,-0.18267469642271067,0.15407331236161886,-0.16264290750480723,0.17014995199906338,-0.198182691082105,0.06482684812489711,-0.06612987885238529,-0.07035528985784689,0.05492146053715255,-0.1594899082715886,0.11783025720545236,-0.1725377816095933,0.13244562781126762,-0.22994050394978763,0.15479198353605234,-0.15373694430562151,0.012967585480410092,-0.008676193093298463,-0.09565027480765721,0.09627761347583753,-0.13456815007572567,0.11037973424517414,-0.12709733711203605,0.22976595716356282,0.18674487127224237,-0.18585662332027453,0.23960516727488404,-0.23454333847527428,0.24365503818712697,-0.2359905733960706,0.24020111261930807,-0.22864547459994927,0.2451416143256708
-0.04938412499928461,-0.19802345953231082,0.1975272175825625,-0.23777545362571323,0.23285360194766935,-0.2402919352943606,0.2500000000000001,-0.2413835711118565,0.22639117261851416,-0.23622702845714488,0.04098787209760191,0.11345495671867435,-0.018980232849526355,0.02120027022269459,0.07930893390376728,-0.08078644457014011,0.1362096541301889,-0.13651427358367796,0.15162455267340857,-0.15193004184333173,0.1660596969267053,-0.08895967350083359,0.09314484765963177,0.0531631517416161,-0.034161400286350445,0.1429901537255332,-0.1298613346686787,0.1732832071570091,-0.14538322237590914,0.15361598352391595,-0.16863816909532714,0.19417341349446016,-0.0730574856977327,0.07435593972264683,0.06124509771416601,-0.046269402600715714,0.15015907518257188,-0.10898205762280631,0.1631537378216575,-0.12482913042169005,0.22224695318720736,-0.15330221388913587,0.15238303157607616,-0.02149491895541608,0.01719415367336432,0.08650518649332765,-0.08717295322497876,0.1253109927758009,-0.10286824839062646,0.11952238300770218,-0.22189295699658762,-0.17823150753645056,0.17738118685757037,-0.2302254188821041,0.22517215538020013,-0.2342711696212568,0.2266153097278308,-0.23082253133953073,0.21928936282207784,-0.23578077767151454
0.056085327279867175,0.20141599237050653,-0.20045559843942143,0.2438597863183653,-0.23803382106765972,0.24580293122425134,-0.2413835711118565,0.24999999999999994,-0.23454093367567325,0.24405777724494607,-0.04786208505131622,-0.10701455576283464,0.011452222670440076,-0.013665077485220863,-0.08704066806701065,0.08852146268684163,-0.14407600475069224,0.1443594806181688,-0.15949016096853616,0.15979209625977897,-0.16680811065031784,0.08234664155622938,-0.0865905070692066,-0.060868402450195626,0.04135347550727873,-0.15079460850148296,0.1374571650563984,-0.18114724249856673,0.15266462148493956,-0.16118058831053125,0.1699971982233736,-0.1975950218222719,0.06637114842522507,-0.06767269192667993,-0.06882520499272762,0.05345840581768749,-0.1579617645369081,0.11636721025197695,-0.17101077896555086,0.13120591024139622,-0.2287044699656377,0.15462541647973732,-0.15359376593246854,0.014506716282825252,-0.010208581967840169,-0.09412040044184491,0.09475523283384038,-0.1330395953611625,0.10914770222769896,-0.12586205654208868,0.22849810157184122,0.18534850701928535,-0.18446639880400675,0.23807340020044443,-0.23301165821844597,0.2421234228108687,-0.2344589169745065,0.2386697148793155,-0.22711551260678817,0.24361414609019202
-0.041660600736542104,-0.20220901265672353,0.20133348443639226,-0.2291152021664901,0.2240380763500969,-0.2306223282970188,0.22639117261851416,-0.23454093367567325,0.25,-0.23272533546060403,0.03339435111135708,0.12032050194354213,-0.025735078604915994,0.027973861069980812,0.07194871204995139,-0.07342221182201655,0.12875414823122888,-0.12908106685187803,0.1441687640067248,-0.1444773263536223,0.1655752595101365,-0.09569965832879578,0.0998261844349847,0.046120682839019635,-0.027481672355078385,0.13557697008189754,-0.12265131736673887,0.16582748070944667,-0.13848368534721178,0.14645496581154321,-0.16754713113485212,0.19106759259687062,-0.0798445333806425,0.0811350552224036,0.054131885288225365,-0.03949025535405897,0.142755674496006,-0.10195575108383609,0.15570359000413167,-0.11878535060235387,0.2161628619529567,-0.15220110839414439,0.15139075945477629,-0.028420432232115017,0.024102915596833953,0.07928552409829219,-0.07998364998305618,0.11796010889872106,-0.09691076767261682,0.11351210466332544,-0.21566405536912112,-0.17147181951219576,0.17065150657952,-0.22277894707917523,0.21773167334057233,-0.226821577585735,0.21917271684341405,-0.223377127444257,0.2118619293332418,-0.22834944793457512
0.05697411903481003,0.1985843646583025,-0.1975078183382754,0.24391441847063414,-0.23749317383122132,0.2455559816318797,-0.23622702845714488,0.24405777724494607,-0.23272533546060403,0.2499999999999998,-0.049400420408426064,-0.10534607496171727,0.00982534962802411,-0.012034223329654545,-0.08862040241667307,0.09009997882817905,-0.1456260060209289,0.14590284304169945,-0.16101174311393263,0.16131238507590123,-0.16669216766200806,0.08071398940793975,-0.08496476212358725,-0.062443994692765514,0.0428627703377384,-0.15229379784252342,0.13893202516603395,-0.182626816752895,0.154066386123989,-0.16263083188827007,0.1700137163614205,-0.19802925932133797,0.06474573939249342,-0.06604626408610266,-0.07038997036234894,0.054965258654078974,-0.1594504066714483,0.11783449469948262,-0.172507494408291,0.1324342853985799,-0.2297694228559052,0.15466029229315237,-0.1536050550218499,0.012906601944754474,-0.008616868957996914,-0.09566711761754827,0.0962940257244443,-0.134559284300989,0.11038249409844168,-0.12708917931196578,0.22959667476989146,0.1866365371512706,-0.1857487628177249,0.2394360685631304,-0.23438113904762334,0.2434801170035105,-0.23582677655876852,0.2400311443832145,-0.2284915992167098,0.24496403611983908
-0.24029776785823986,-0.0014962526609575977,0.000926724140727554,-0.04781451679839599,0.04378121153104836,-0.04942047014505702,0.04098787209760191,-0.04786208505131622,0.03339435111135708,-0.049400420408426064,0.25,-0.09472319787022246,0.07451370032692682,-0.07158430332060972,0.047448947955334365,-0.04596227270890871,0.03989826545811857,-0.03879187316786523,0.04255098526705236,-0.042708198963429506,-0.01140610572132841,0.08036840144410819,-0.07741374443556026,0.07627689686154732,-0.07430283466432376,0.0449709185500858,-0.04416786683574403,0.044505458040973445,-0.03808291420128736,0.040139972413925036,0.005352591244811515,0.012226293144492435,0.07721279465183738,-0.07731626126176241,0.06982376258617234,-0.0667579265310972,0.046811119470075914,-0.047136865484422114,0.044045583005301356,-0.03560974513460599,0.039587139841508835,0.004008047085866172,-0.004978883320615,0.07162038894976322,-0.07085959475393491,0.05971211222738481,-0.05902570375415427,0.04956766126217762,-0.03752231467700861,0.036034238191461676,-0.040946003209433035,-0.046589561968835874,0.046393663674718484,-0.05148377588135733,0.05150225543785333,-0.05149586446662996,0.05148020734285306,-0.051468124951876415,0.05139978799762474,-0.05137199684832218
0.08524713839146265,-0.15017785729932076,0.15099945647202548,-0.10694930598315713,0.11037923156946217,-0.10546727902980556,0.11345495671867435,-0.10701455576283464,0.12032050194354213,-0.10534607496171727,-0.09472319787022246,0.24999999999999983,-0.1538453520196487,0.14690849474957235,-0.046666090488976894,0.04364524043315117,0.008435634706166149,-0.010816314424837506,0.020445454145590198,-0.02054614039841944,0.161169272051901,-0.2214892934402554,0.22170582872213784,-0.07882789969989433,0.09079917584250011,0.01011792015254078,-0.0005924503299859236,0.04017386277951766,-0.02307672484846873,0.02656964385362766,-0.1519562335519349,0.14001655137080463,-0.20284352490388408,0.2039955132694052,-0.07056139298142189,0.07937169163954011,0.017270086763071256,0.017516996292229844,0.03040440870360776,-0.01728009089570109,0.11256095436629672,-0.1358781833472554,0.13696990054481178,-0.15192612082022508,0.1471435017578536,-0.045403102909049815,0.04410155929434197,-0.00702958838807439,0.0037422697798484483,0.012423897564153347,-0.1095129416614863,-0.05592308409443134,0.05561242853911708,-0.09530778077614595,0.09036932479344774,-0.0992806866778124,0.09178353935317986,-0.09592302258363006,0.08474946264052949,-0.10111049223770295
-0.07077180959378865,0.057253405481266534,-0.0588525971878892,0.011569106844387018,-0.01643277016886104,0.009925972135248307,-0.018980232849526355,0.011452222670440076,-0.025735078604915994,0.00982534962802411,0.07451370032692682,-0.1538453520196487,0.24999999999999986,-0.23978770729403964,0.14068433300286884,-0.13764032330095793,0.08575480089448698,-0.0832971427096476,0.0737836623844525,-0.07356392726395923,-0.07172134746728195,0.13807761405141775,-0.13849011207279416,0.17101914157897247,-0.15590444478822732,0.08404066897857052,-0.08976091924176223,0.05433425507490047,-0.06626020061542601,0.06741307121699636,0.0645067211788989,-0.04822680893767403,0.12869910668269083,-0.13049931272790483,0.1357147409660739,-0.13290132638982824,0.0748721607815966,-0.0932275797979184,0.06304941535263109,-0.05811274515567448,-0.019552480754464616,0.06175253183000859,-0.0632697441424233,0.12370093053338325,-0.12300429708288149,0.11156497595692802,-0.11041398466757509,0.08633558684679027,-0.07418985946944506,0.06145743615090522,0.016637534116831824,-0.02520626907743921,0.02509553708909358,0.0010290029446984649,0.0028160429220201095,0.0043474146437234035,0.001987344810137702,0.0015066772783655419,0.007928392637102604,0.006127277402018198
0.06801747096526578,-0.05696551317669786,0.0585296260194128,-0.013778676524416358,0.018676169986924333,-0.012139267874145923,0.02120027022269459,-0.013665077485220863,0.027973861069980812,-0.012034223329654545,-0.07158430332060972,0.14690849474957235,-0.23978770729403964,0.24999999999999994,-0.1492458019346014,0.146015333194362,-0.09123322332840865,0.08852388859392919,-0.07674312379963423,0.07635719032663439,0.07093426515236911,-0.1321017814455145,0.1353411588043067,-0.17493184657827546,0.1589009974037923,-0.08544764415981047,0.09144442032980742,-0.05517840046465078,0.06802816111229851,-0.06920251730099063,-0.06445777326100274,0.048951173409419076,-0.12572980590685692,0.12763108968076384,-0.1379715966158661,0.13500389698753154,-0.07605853574314743,0.09487366542365558,-0.06435092132588344,0.05951614822108723,0.02131657101420576,-0.06217025463051811,0.06368247376437967,-0.12227653530707833,0.12172879810823818,-0.11324220724097529,0.11208615077386266,-0.08771244467928509,0.0758322209205695,-0.06290171940775867,-0.018396404498155078,0.024358931144944432,-0.024249474502921222,-0.0030004141272075295,-0.0009704355434666894,-0.0064367871697822,-0.00012808008507358016,-0.003493268098899181,-0.006276637544877428,-0.00827653668437047
-0.04836071951380029,-0.04330630801842039,0.04189994840862669,-0.08692516100638614,0.0804485816080792,-0.08856683215519787,0.07930893390376728,-0.08704066806701065,0.07194871204995139,-0.08862040241667307,0.047448947955334365,-0.046666090488976894,0.14068433300286884,-0.1492458019346014,0.24999999999999992,-0.2464958167346265,0.19174398218927055,-0.18896802709370109,0.17726898724980145,-0.17677236053678197,0.024099332501816943,0.04595154430997808,-0.049173697661401033,0.16112047575531588,-0.14535974733861143,0.18555843998580218,-0.18453131822552205,0.15574781110799915,-0.16491647310210436,0.16947200926162603,-0.028524200625565252,0.0484347153370757,0.05116629398231772,-0.05254843135066952,0.1461488916299702,-0.13806592145743876,0.17006959109826683,-0.1675328029382274,0.16351888599099207,-0.13826777974881643,0.07636417992296932,-0.019433957079100842,0.017653354277249646,0.08468125437785232,-0.0873748354416388,0.1527039156558983,-0.1526958147755744,0.16414876140350554,-0.1452836274175252,0.13907891743646925,-0.0788997749268485,-0.10723721256056469,0.10669981271217426,-0.09576120737949308,0.09832018783467786,-0.09329795631284103,0.09798463742156333,-0.09544157433648816,0.10246379209688837,-0.09167618974163783
0.046951618855860106,0.045106458799508475,-0.04370685470184549,0.088406329880357,-0.0819301768594651,0.09004745468408698,-0.08078644457014011,0.08852146268684163,-0.07342221182201655,0.09009997882817905,-0.04596227270890871,0.04364524043315117,-0.13764032330095793,0.146015333194362,-0.2464958167346265,0.2500000000000001,-0.1942848535239377,0.19145532860844863,-0.1789588079724832,0.17843289360499173,-0.0261479279761857,-0.04343337761911107,0.046668795457169024,-0.16050727186829258,0.1448034044638154,-0.1872117063790538,0.18605240253687255,-0.15736834781346107,0.16654149096259702,-0.17115179529416177,0.030474519941320655,-0.05027765806472221,-0.048978181454767324,0.050353845875044136,-0.14585521242493177,0.1376750868664757,-0.1715684464499766,0.16862268924969884,-0.16512692753311636,0.13954010957821816,-0.07791267969437986,0.021091232690070523,-0.01931235139843007,-0.0833289670522854,0.0860969266636999,-0.15305425665466801,0.15307339535956263,-0.16528019053777757,0.14637528688159288,-0.14030049517946586,0.08042890869118603,0.10844826155581982,-0.10790391735666538,0.09721162148362242,-0.09974681084333957,0.09476355848103259,-0.09942094182633428,0.09689505279527455,-0.10387504902412406,0.09314515028646332
-0.043024709956058935,-0.09975046800015305,0.09844391139583177,-0.14395932144514736,0.137482013033136,-0.14560112435142028,0.1362096541301889,-0.14407600475069224,0.12875414823122888,-0.1456260060209289,0.03989826545811857,0.008435634706166149,0.08575480089448698,-0.09123322332840865,0.19174398218927055,-0.1942848535239377,0.25000000000000006,-0.24694574363493216,0.23434775802203822,-0.23376615815674132,0.07504640113359029,0.0026461253147563,-0.005668788043260684,0.1445909227050721,-0.12915622077644745,0.193432393872948,-0.19142112122726632,0.2127941000409881,-0.22003888718539685,0.2262557657736183,-0.07863716576192047,0.10167225081136949,0.02047321638788247,-0.02142782077127224,0.14571957256978926,-0.1352563743122725,0.1902760465456362,-0.182331489675286,0.2193065012368304,-0.18277129294389838,0.13141670947429254,-0.0630531660972844,0.06114829710151915,0.06749203562861575,-0.07131519591579245,0.16390631893784682,-0.16432551400035472,0.19080954943796968,-0.16818282562967224,0.17893073126948222,-0.13356277573213773,-0.14616591391932046,0.14542742564530564,-0.150060713033123,0.15107117045532256,-0.148904655421681,0.1511974650259122,-0.1498712965040065,0.1525354077333259,-0.14783864243121603
0.04197884754443535,0.10076575247667444,-0.09946529347400897,0.14424346380432637,-0.1377818425933476,0.14588024164161462,-0.13651427358367796,0.1443594806181688,-0.12908106685187803,0.14590284304169945,-0.03879187316786523,-0.010816314424837506,-0.0832971427096476,0.08852388859392919,-0.18896802709370109,0.19145532860844863,-0.24694574363493216,0.2500000000000001,-0.23484784160601085,0.23420743873518102,-0.07605207888517251,-0.0010117547742006462,0.004018458105060612,-0.1434837503214155,0.1281033267990657,-0.19257553835418942,0.19055452876411777,-0.2131967254613997,0.22050105913853243,-0.22672234220891552,0.07955478754073704,-0.10240324033380031,-0.01919488518240605,0.020143657882538447,-0.1450065140803292,0.13453552591574494,-0.18972073398549646,0.18177882621718766,-0.21969711310741658,0.18307943090628298,-0.13181760502177708,0.06379769552114359,-0.06190062011993373,-0.06644760822078058,0.07029365159000564,-0.16336444852912643,0.16379382937449022,-0.19051858190473095,0.16796136979272192,-0.17912825073324395,0.13393934797457832,0.1461461305369201,-0.14540692626507823,0.15027841631009525,-0.15125872040986987,0.1491485566285118,-0.15139439570464303,0.15009126395211594,-0.15266413968097112,0.14809611569758263
-0.04626772091468138,-0.11433687119042632,0.11305573007596163,-0.15937353972641088,0.15289712834252295,-0.1610162344211507,0.15162455267340857,-0.15949016096853616,0.1441687640067248,-0.16101174311393263,0.04255098526705236,0.020445454145590198,0.0737836623844525,-0.07674312379963423,0.17726898724980145,-0.1789588079724832,0.23434775802203822,-0.23484784160601085,0.25,-0.24909501294440306,0.08524109034738606,-0.0025204045236392526,0.00039757012349845265,0.14149453194988562,-0.12574001019417258,0.19400323928926402,-0.19080787074405361,0.22815209019072055,-0.23479330380255295,0.24138553617006028,-0.08913101407377677,0.11393865344931968,0.01678767553733505,-0.01759998540386568,0.14609151210789,-0.13515504462141115,0.19366964196453063,-0.1849143290009026,0.2343093383468231,-0.19471800938261874,0.14573977520642592,-0.07292262451344765,0.07097158043315338,0.065874979490366,-0.06985816573175904,0.16687409799288722,-0.16737723444044636,0.19722486792354146,-0.173364694416442,0.18944653808117543,-0.1478224675113108,-0.15631251288299958,0.15552484987820833,-0.16465573735706784,0.16522116826406757,-0.16388898546171465,0.16547120525011594,-0.16450041577034555,0.1658382863226284,-0.16299525761897007
0.046433033201279575,0.11459624287875456,-0.1133160305662074,0.15967555677537376,-0.15320261663174933,0.16131762870173638,-0.15193004184333173,0.15979209625977897,-0.1444773263536223,0.16131238507590123,-0.042708198963429506,-0.02054614039841944,-0.07356392726395923,0.07635719032663439,-0.17677236053678197,0.17843289360499173,-0.23376615815674132,0.23420743873518102,-0.24909501294440306,0.25000000000000006,-0.0853119702509886,0.002332967633623636,-0.0002332637822104102,-0.14153070911129784,0.12578605625396594,-0.19399149904353305,0.1907788075343801,-0.22858355767236732,0.23524145733492452,-0.24183987170618387,0.08922578608070311,-0.11409941608992932,-0.01699751677143626,0.01780769850245238,-0.14622641256820296,0.13528996623327413,-0.19374170697523183,0.18502590017794512,-0.23474878860165527,0.1950808459535298,-0.1459963752099005,0.07301179864728354,-0.07105731442035401,-0.06607074680123802,0.07005153548901853,-0.16704802769474203,0.1675517054015114,-0.19744399122742753,0.17353966435798693,-0.18977035262644185,0.14808194492531068,0.15653083331379963,-0.1557421232847919,0.16494475658071867,-0.16550491764541125,0.1641832036296319,-0.16575646491868162,0.1647893810612513,-0.16610488086364564,0.16329164753590483
0.0033927470857455268,-0.16420775461798204,0.16406562456862211,-0.16671713908441146,0.16554165930797432,-0.16682654952042203,0.1660596969267053,-0.16680811065031784,0.1655752595101365,-0.16669216766200806,-0.01140610572132841,0.161169272051901,-0.07172134746728195,0.07093426515236911,0.024099332501816943,-0.0261479279761857,0.07504640113359029,-0.07605207888517251,0.08524109034738606,-0.0853119702509886,0.24999999999999994,-0.16176740885490226,0.16274144676348135,-0.016348853980833095,0.03193171906896923,0.0729648242963488,-0.061747171507903986,0.103259991184697,-0.0837300404495326,0.09077274827755136,-0.23561520241091452,0.21658935459608614,-0.1431312969786668,0.14433164819712938,-0.008513412801890826,0.019908845880783503,0.08049758661789784,-0.04264880246078266,0.09377669157745144,-0.06117206899121109,0.17769376957943112,-0.17799300647440655,0.1773368119669184,-0.09131277626774263,0.08669478188442338,0.017142269862686424,-0.018157370404372104,0.0559017380574094,-0.0395043092433621,0.05596684518794241,-0.17511547472833416,-0.11100013363476852,0.1102958951412729,-0.1587781512203874,0.15380587396897302,-0.1627644633040676,0.15523430978887062,-0.15938215326966784,0.14805562602793862,-0.16442677030194489
-0.07202544847200518,0.1254063639833196,-0.12623479376578176,0.08228268457083564,-0.0865491712475094,0.0808009681223907,-0.08895967350083359,0.08234664155622938,-0.09569965832879578,0.08071398940793975,0.08036840144410819,-0.2214892934402554,0.13807761405141775,-0.1321017814455145,0.04595154430997808,-0.04343337761911107,0.0026461253147563,-0.0010117547742006462,-0.0025204045236392526,0.002332967633623636,-0.16176740885490226,0.24999999999999997,-0.2442042387849862,0.09884595581941713,-0.11011219880740246,0.011771378097601131,-0.02048426946279364,-0.018128440842601574,0.0037455994204088237,-0.006408412722610678,0.14793610623760364,-0.12921835309724844,0.22548609204996578,-0.22654691838864782,0.09142769741446213,-0.09894457994702535,0.004438895782293419,-0.03768464711382458,-0.009027479723003587,0.0003129650221094085,-0.09226912487853994,0.13160624794620907,-0.13304226064247265,0.17399181913083797,-0.16906163833210489,0.06636018773580507,-0.06495659874141724,0.028317814478512292,-0.020466106954903914,0.004452145871967059,0.0887962248880516,0.03454515266979106,-0.03432920982721657,0.07086634029326695,-0.06605294982786293,0.074731951910598,-0.06744613173625266,0.07147115089717823,-0.060620266379575995,0.07656855113075624
0.06900767576749789,-0.12860981116463,0.129431319786112,-0.08652591230872349,0.09074988061016878,-0.08505782165274263,0.09314484765963177,-0.0865905070692066,0.0998261844349847,-0.08496476212358725,-0.07741374443556026,0.22170582872213784,-0.13849011207279416,0.1353411588043067,-0.049173697661401033,0.046668795457169024,-0.005668788043260684,0.004018458105060612,0.00039757012349845265,-0.0002332637822104102,0.16274144676348135,-0.2442042387849862,0.25,-0.10250446646150461,0.11378697422436929,-0.012574928768347569,0.021769027975699958,0.017778460056812065,-0.0016788055376985907,0.0044260927472877225,-0.15108734978544625,0.13312668236233147,-0.22972454300264972,0.23088275516407153,-0.09454755164662954,0.10268871720476505,-0.005407101070851513,0.040026204274793205,0.007641580835630983,0.0012662920858093638,0.09641491254289232,-0.13548369829193577,0.13696419820986394,-0.1778195575080564,0.17285106791752575,-0.06924980056953346,0.067821922495126,-0.030329572101271865,0.022449833425222842,-0.006118639808869612,-0.09284647725726704,-0.03641212439769521,0.0361898595838704,-0.07471207054724052,0.0696508027721586,-0.07878887043322069,0.07109852811326936,-0.07534884387530598,0.06391938191828435,-0.08072826258443949
-0.07585938834879445,-0.015869513489170727,0.01444627966692247,-0.06075366992758857,0.05497445143823135,-0.062395818528484394,0.0531631517416161,-0.060868402450195626,0.046120682839019635,-0.062443994692765514,0.07627689686154732,-0.07882789969989433,0.17101914157897247,-0.17493184657827546,0.16112047575531588,-0.16050727186829258,0.1445909227050721,-0.1434837503214155,0.14149453194988562,-0.14153070911129784,-0.016348853980833095,0.09884595581941713,-0.10250446646150461,0.25000000000000017,-0.22628080344628534,0.15651256934532146,-0.16027845074603458,0.12634868996269108,-0.1335772516813247,0.13847697362156533,0.009065476184461818,0.013633043844403005,0.10986104080324209,-0.1122696282027875,0.20668812683314283,-0.19516834051338888,0.14653396923965364,-0.15674278930385696,0.13440290577229422,-0.1163421071344699,0.048574217143771456,0.017829585912358677,-0.020019427609875906,0.1320598728143827,-0.13373603563735298,0.17619192312285023,-0.1747864377798205,0.1525960339178214,-0.13089015065793966,0.11911616518605883,-0.051864072861187153,-0.0886909507619372,0.08825200412252154,-0.07081737957532892,0.07417523373643148,-0.06774465807151633,0.07367964518880599,-0.07039748547577074,0.07920526377864505,-0.06587523624549495
0.07305937372260507,-0.001031299219427845,0.0022991435220937,0.04126712640872315,-0.03592230505413319,0.042806008721527365,-0.034161400286350445,0.04135347550727873,-0.027481672355078385,0.0428627703377384,-0.07430283466432376,0.09079917584250011,-0.15590444478822732,0.1589009974037923,-0.14535974733861143,0.1448034044638154,-0.12915622077644745,0.1281033267990657,-0.12574001019417258,0.12578605625396594,0.03193171906896923,-0.11011219880740246,0.11378697422436929,-0.22628080344628534,0.2499999999999999,-0.14036800680578584,0.14646963093724585,-0.10995862506940213,0.1181656362677846,-0.12279952451222674,-0.024510030895498344,0.0035098530428789494,-0.12117660112961158,0.12398509177295985,-0.21999022461034629,0.20850764848105055,-0.13213320160970904,0.14778804035412738,-0.11845868515200836,0.10473062815593998,-0.030079140172593007,-0.032813216383129076,0.03502663816961561,-0.13991466058400742,0.14137755121401022,-0.17799855253373612,0.17617871718163647,-0.14280777863721655,0.12200473231311354,-0.10822515852357022,0.033490089242188596,0.07417298408189286,-0.07380290352791571,0.051862961319858715,-0.05567102633501626,0.04842368258070745,-0.05509074405949386,0.05138831738931858,-0.06125196712769005,0.04641115796857418
-0.04831612247616202,-0.10529670567993238,0.10399638233480296,-0.15067913587101184,0.14420625999941986,-0.1523222816823471,0.1429901537255332,-0.15079460850148296,0.13557697008189754,-0.15229379784252342,0.0449709185500858,0.01011792015254078,0.08404066897857052,-0.08544764415981047,0.18555843998580218,-0.1872117063790538,0.193432393872948,-0.19257553835418942,0.19400323928926402,-0.19399149904353305,0.0729648242963488,0.011771378097601131,-0.012574928768347569,0.15651256934532146,-0.14036800680578584,0.25000000000000017,-0.23561568986438447,0.20925398281847507,-0.18622726931338454,0.19291811983588616,-0.07784480453657217,0.10351310289025066,0.02859464438780133,-0.029358413552224554,0.14888806532352086,-0.13695012942272106,0.22087056694090226,-0.18423151569327598,0.18774184890252754,-0.1538115260295806,0.13669151202776955,-0.06402201442987975,0.062112480869939826,0.07226222507348636,-0.07578085958799766,0.16179000545942698,-0.16194538826408766,0.18274411423385267,-0.1585254747176216,0.1539629265724279,-0.13886148160948136,-0.15062389890061997,0.14988132854292724,-0.1564545995193547,0.15717470160056435,-0.1555042577821435,0.15728635001842844,-0.15637249505644457,0.1592959212613171,-0.15452131973691638
0.04699942076621752,0.09321703256230653,-0.091936609406007,0.13734556118436114,-0.1310710162596156,0.13894580281385352,-0.1298613346686787,0.1374571650563984,-0.12265131736673887,0.13893202516603395,-0.04416786683574403,-0.0005924503299859236,-0.08976091924176223,0.09144442032980742,-0.18453131822552205,0.18605240253687255,-0.19142112122726632,0.19055452876411777,-0.19080787074405361,0.1907788075343801,-0.061747171507903986,-0.02048426946279364,0.021769027975699958,-0.16027845074603458,0.14646963093724585,-0.23561568986438447,0.2500000000000001,-0.20560004867366571,0.18324304639613573,-0.18958554545270323,0.06665697413050906,-0.09137386124275147,-0.0372126516420698,0.03818812083192326,-0.15437958336731367,0.14300629367925954,-0.22585415840285086,0.18941751664306322,-0.183570091124654,0.15134397109137,-0.12372115753101082,0.05305934562373277,-0.051094862323472746,-0.07967231660103327,0.08307511329857675,-0.1661125591603529,0.16621982273702615,-0.18485554050340464,0.16112567863105934,-0.15255024537494508,0.12611012646815095,0.14410960666907555,-0.14339599656394636,0.14421920675487665,-0.14560375409135387,0.14269043136471188,-0.14555232133954096,0.14406716288884913,-0.14875199987384793,0.14142776129021448
-0.049150392841268986,-0.1354606938432038,0.13422459441828122,-0.18103157760439245,0.17455566993351013,-0.18267469642271067,0.1732832071570091,-0.18114724249856673,0.16582748070944667,-0.182626816752895,0.044505458040973445,0.04017386277951766,0.05433425507490047,-0.05517840046465078,0.15574781110799915,-0.15736834781346107,0.2127941000409881,-0.2131967254613997,0.22815209019072055,-0.22858355767236732,0.103259991184697,-0.018128440842601574,0.017778460056812065,0.12634868996269108,-0.10995862506940213,0.20925398281847507,-0.20560004867366571,0.2500000000000001,-0.22123208272248324,0.22835861117683043,-0.10718251531738594,0.13383268723947814,0.0007628892896084593,-0.0011035483330025491,0.13223585876157407,-0.11967900834174537,0.2073155802376207,-0.17052237793091574,0.22105891994045804,-0.18069562655042518,0.16682476645041783,-0.09178461516372603,0.09001663408717128,0.049983269409809135,-0.05399276852130091,0.15221319493805632,-0.15268838648144972,0.18322915661981182,-0.15883824800499505,0.17532210745754892,-0.1684168332074653,-0.16469474980230928,0.16387900113345,-0.18394543592241797,0.18315163559602846,-0.1843465779106319,0.1836914687399207,-0.183968869130638,0.18215799792004406,-0.18402810378841072
0.0417294588840141,0.11067276434224614,-0.10948141350629335,0.1525540610524673,-0.14653648215637832,0.15407331236161886,-0.14538322237590914,0.15266462148493956,-0.13848368534721178,0.154066386123989,-0.03808291420128736,-0.02307672484846873,-0.06626020061542601,0.06802816111229851,-0.16491647310210436,0.16654149096259702,-0.22003888718539685,0.22050105913853243,-0.23479330380255295,0.23524145733492452,-0.0837300404495326,0.0037455994204088237,-0.0016788055376985907,-0.1335772516813247,0.1181656362677846,-0.18622726931338454,0.18324304639613573,-0.22123208272248324,0.25000000000000017,-0.24128162639162526,0.085698207456628,-0.10944604367758456,-0.015389837498571255,0.016153681281310145,-0.1383909102367708,0.12816960901254007,-0.18619825279084914,0.17819275360026807,-0.22750199685881586,0.18873684382687916,-0.1394943949439062,0.07021625965164062,-0.0683381285937763,-0.06263878241377861,0.06647169308028751,-0.1598583023646977,0.1604007588819335,-0.19035938932330618,0.16718294899027572,-0.1834372866770526,0.14148986230652763,0.14990126013709462,-0.1491444595585172,0.15755999096185377,-0.15814775052623126,0.15678696070855622,-0.158377733074814,0.15740171732812197,-0.15874204007342374,0.15591067678975876
-0.04406196909849379,-0.11754968707964836,0.11631383208994109,-0.16106469920111496,0.15481296727342747,-0.16264290750480723,0.15361598352391595,-0.16118058831053125,0.14645496581154321,-0.16263083188827007,0.040139972413925036,0.02656964385362766,0.06741307121699636,-0.06920251730099063,0.16947200926162603,-0.17115179529416177,0.2262557657736183,-0.22672234220891552,0.24138553617006028,-0.24183987170618387,0.09077274827755136,-0.006408412722610678,0.0044260927472877225,0.13847697362156533,-0.12279952451222674,0.19291811983588616,-0.18958554545270323,0.22835861117683043,-0.24128162639162526,0.25000000000000017,-0.09385586116071143,0.11787698294140296,0.013655695223545818,-0.01443361906426908,0.14415012223373222,-0.1331533818619515,0.19317797676705678,-0.183930605505103,0.2343144233749848,-0.19396195945706352,0.14792074703097957,-0.0763394376950475,0.07437779021139303,0.06328394583100141,-0.06732048813839336,0.16547071041630687,-0.1659980183776136,0.19648760315520594,-0.17211474862454423,0.1885737846667319,-0.14991586860851136,-0.15684282611976152,0.1560472785952227,-0.1660269949025738,0.16649446303742657,-0.1653422037890022,0.16676938008773584,-0.16588345664196377,0.16698257872188677,-0.16448802739803195
0.0024206329339392504,0.16346119595894334,-0.16323970199333598,0.16990669805540526,-0.16829371936169632,0.17014995199906338,-0.16863816909532714,0.1699971982233736,-0.16754713113485212,0.1700137163614205,0.005352591244811515,-0.1519562335519349,0.0645067211788989,-0.06445777326100274,-0.028524200625565252,0.030474519941320655,-0.07863716576192047,0.07955478754073704,-0.08913101407377677,0.08922578608070311,-0.23561520241091452,0.14793610623760364,-0.15108734978544625,0.009065476184461818,-0.024510030895498344,-0.07784480453657217,0.06665697413050906,-0.10718251531738594,0.085698207456628,-0.09385586116071143,0.2500000000000001,-0.2206112113172517,0.13179595165877028,-0.1329888471044265,0.0013373535788872857,-0.01277741814111447,-0.08525902474049525,0.04789369811821803,-0.09780348488347411,0.06413555713883502,-0.18126271745712308,0.1800487022968665,-0.17918716712981123,0.08158503517962405,-0.07714100463768798,-0.023518779485019816,0.02446471528060966,-0.06112017169444417,0.043083759448235094,-0.059060425349142284,0.17874674817729877,0.11444564073328425,-0.11370649623681241,0.16242320411426645,-0.15753948750745217,0.16634104506855393,-0.1589374446211744,0.16301530999176786,-0.1518798656326964,0.1679581744222586
-0.02009914532333914,-0.17841458589021666,0.17791980894029308,-0.19749619442854546,0.19432678019985045,-0.198182691082105,0.19417341349446016,-0.1975950218222719,0.19106759259687062,-0.19802925932133797,0.012226293144492435,0.14001655137080463,-0.04822680893767403,0.048951173409419076,0.0484347153370757,-0.05027765806472221,0.10167225081136949,-0.10240324033380031,0.11393865344931968,-0.11409941608992932,0.21658935459608614,-0.12921835309724844,0.13312668236233147,0.013633043844403005,0.0035098530428789494,0.10351310289025066,-0.09137386124275147,0.13383268723947814,-0.10944604367758456,0.11787698294140296,-0.2206112113172517,0.2500000000000001,-0.11369517480372261,0.11495556450175284,0.02150654593434105,-0.008229547851090306,0.11064690531270797,-0.07107226808151519,0.12369538557193634,-0.08344317375442747,0.20865126904173736,-0.20518860523943702,0.20373040911695822,-0.06182965708860107,0.05732836389050003,0.04680241538281606,-0.047672423100434166,0.0857229470214583,-0.06146836477511533,0.07808678590716635,-0.2060382462252736,-0.13780841603213917,0.13688538751214005,-0.19076499437238972,0.18570296194713853,-0.19482304442037013,0.1871506886978458,-0.1913731403124015,0.17980586662699605,-0.19643746459923095
