x1,x2,x3,x4,x5,x6,x7,x8,x9,x10,x11,x12,x13,x14,x15,x16,x17,x18,x19,x20,x21,x22,x23,x24,x25,x26,x27,x28,x29,x30,x31,x32,x33,x34,x35,x36,x37,x38,x39,x40,x41,x42,x43,x44,x45,x46,x47,x48,x49,x50,x51,x52,x53,x54,x55,x56,x57,x58,x59,x60
0.24999999999999997,0.24986874133807732,0.24685071854337395,0.24935045791826443,0.2491287447624607,0.2484563339426116,0.2436320265210878,0.2494316938675652,0.2463088647080171,0.24994856943746413,0.24928513544672978,0.1212781778165986,0.05374607434135778,0.13793079238848366,0.08757749660684581,0.14113354831099617,0.02987582447156502,0.14556905279535653,0.00478271627116422,0.24966701523074697,0.24984762109676886,0.04644770262980019,0.1224239139366476,0.10645268926772256,0.1047120693950858,0.12789050628914017,0.10278050497830354,0.10895274805264886,0.10610136975494056,0.24715238085668384,0.24990639025563563,0.08659230278487076,0.11408645135542506,0.13507787797649826,0.061476830954899434,0.15861938467890052,0.07931934702517553,0.12288038113318663,0.11294325308701961,0.24511388768445874,0.24987318154941973,0.1397316899521253,0.048467623412581456,0.150153272736899,0.0681176910783246,0.12082470257145027,0.04747065050855356,0.1402078381441332,0.005038135121272183,0.2485836477956854,0.24980825294187137,0.2498513569855007,0.2484928083392548,0.24967991784373578,0.24578353051545215,0.24892715947710867,0.241542616993903,0.24954183361847468,0.24091769882562206,0.24995010827930605
0.24986874133807732,0.25000000000000006,0.24681715633832577,0.24931714271596817,0.24909516371464974,0.24842257857507982,0.24359772871867072,0.24939851850389924,0.24627639819299305,0.24991527220643558,0.2492521018810875,0.12127242739666219,0.05373398632296113,0.13791868600633891,0.08756106832522219,0.1411170881225458,0.02987276435867665,0.1455508328277332,0.004781267922407872,0.24963376573795204,0.24981433785475596,0.04643039323665624,0.12241348789829573,0.10642749499522498,0.10470322766685788,0.127867476563044,0.10277064499539793,0.10893476155034716,0.10608971140652243,0.24711951978224425,0.249873099241038,0.08658121762666128,0.11406968560140483,0.13506023576708254,0.06146637154954147,0.1585990677357805,0.07930695018295122,0.12286524152804976,0.11292710345728597,0.2450812714224424,0.24983989447985122,0.139712964664508,0.048461141150380554,0.15013302755601837,0.06810897259521122,0.12080810183013155,0.04746501199957355,0.1401885283658446,0.005037892950051177,0.248550530230052,0.24977497442212404,0.24981807271864623,0.2484597117920201,0.24964665645904605,0.24575078418384225,0.2488939994596224,0.24151042300685432,0.24950859110323326,0.2408856027772471,0.24991681085977158
0.24685071854337395,0.24681715633832577,0.25000000000000017,0.24629853640080457,0.24609275023497795,0.2454153523572975,0.24061148774652574,0.2463851381426607,0.2432689819284903,0.24689683698206397,0.2462505197115095,0.11898497205153506,0.05105697185111502,0.13581921710409495,0.08766992024769175,0.1387967368419334,0.02971004928194,0.1434806860620318,0.005138134276025758,0.246618187565669,0.2467969773102137,0.047088790305102636,0.12007421744262509,0.1065238633916575,0.10259493658153161,0.12752978398155604,0.10079264112250433,0.10847881650332206,0.10425353098837403,0.2441227401880579,0.24685504216667947,0.08542892055946541,0.11288759611810391,0.13333733103351322,0.06115201355654084,0.15651618677821566,0.07876999259587827,0.12110814204559478,0.11184908584777153,0.2421146297860515,0.2468223394108531,0.13806439178317334,0.04785931674613668,0.1484050023214156,0.06716871888651235,0.11951903219895768,0.04669878178436534,0.13866860573230635,0.004844700697880103,0.24554958093965532,0.2467582316176684,0.24680081101425785,0.2454576836372758,0.2466314860095729,0.24278530988157956,0.245887786220016,0.23859978023742667,0.2464949946484125,0.23797923562434564,0.24689835571908345
0.24935045791826443,0.24931714271596817,0.24629853640080457,0.2500000000000001,0.24857653326340193,0.24790650995281752,0.24309180087394341,0.24888211112929123,0.24577272108705261,0.2493967872101168,0.24874154762682424,0.12111797654852988,0.05352729765144082,0.13770628565426035,0.08732603536999352,0.1408184706776634,0.029855854815854184,0.14523068584964371,0.004802653672731049,0.2491158854364096,0.24929606923172262,0.04625290786630914,0.122194938896964,0.10612136834738604,0.10452011851257936,0.12757143101424961,0.10257943340792443,0.10869566756287066,0.10588092254100026,0.24660722120649659,0.24935470453235442,0.08640353663252284,0.11382447008358001,0.13478142907859342,0.061326356743281844,0.15827447393289312,0.07913312362673525,0.1226167948222987,0.11268806880858508,0.24457303994216567,0.2493215660268481,0.1394226909461452,0.04836017295086172,0.14982084442050114,0.06796903482310547,0.1205556431486977,0.047369469252567034,0.13989492051444855,0.005028988887878529,0.24803487808396874,0.24925678027162676,0.24929978914161707,0.24794428409705907,0.24912872972839253,0.2452409596489755,0.24837764377378668,0.24100936265626313,0.24899095384962977,0.24038591263483217,0.24939832244170432
0.2491287447624607,0.24909516371464974,0.24609275023497795,0.24857653326340193,0.25000000000000006,0.2476818557723736,0.24288723511481136,0.24866539350608116,0.2455450353034617,0.24917478753172664,0.2485254109541871,0.12084673022939936,0.053564563714510946,0.13759843377399653,0.08703655661839807,0.14077324470314354,0.02964329694222547,0.14525528280112007,0.00467144487863563,0.24889473799894857,0.24907419692742,0.046137445656207,0.12214323984883893,0.1059361797439421,0.1045169666067076,0.12741038902626825,0.10256783716860535,0.10855887168629341,0.1058442971876796,0.24638922289899345,0.24913275458666725,0.0863783593927621,0.11366965085427293,0.13470369653227707,0.06120161781026645,0.15817041046196187,0.07899947738575723,0.12255083029405901,0.11254605946320817,0.24435503155963187,0.24909964043484686,0.13928225984749704,0.0483268938131104,0.14966823621065142,0.06792175266097394,0.12041612512357815,0.0473559550980205,0.1397435500762017,0.005048259008834335,0.24781371817572737,0.24903490591246935,0.24907787615472843,0.24772352585814406,0.2489069466693005,0.24502147652500572,0.24815644113316207,0.24079265960421936,0.2487692825338314,0.24017005184269258,0.24917632195435296
0.2484563339426116,0.24842257857507982,0.2454153523572975,0.24790650995281752,0.2476818557723736,0.24999999999999986,0.24218355416802084,0.24799094490623613,0.24490465818895918,0.24850193593785533,0.24786428586371148,0.12092290438158886,0.053123870193784464,0.13733300544218266,0.08695479444571545,0.14029412429257954,0.029800156475343013,0.14468880347479776,0.004829666232892369,0.24822215278408094,0.24840159142622717,0.04587811624486622,0.1218481525144105,0.10556523276468947,0.10421942335868722,0.12704749000675677,0.10226024411731009,0.10827423552688402,0.10552728075703251,0.24572321543376544,0.2484600108069025,0.08609901852399474,0.11339071081086945,0.13430185631569208,0.06107630665721873,0.1577169950658527,0.0788281354880619,0.12219133219143274,0.11227299042773295,0.2436959778044712,0.24842698568529506,0.13892137066928886,0.048185711618734785,0.14928161639296514,0.06772778546945567,0.1201193214650017,0.04720577466358385,0.13938696205959275,0.0050143665988470875,0.2471449092563107,0.24836243145816417,0.24840528597707517,0.24705473072250667,0.2482348421904106,0.24436104457172916,0.24748646791272838,0.24014452226920854,0.2480975664326107,0.23952347500575924,0.24850346574895252
0.2436320265210878,0.24359772871867072,0.24061148774652574,0.24309180087394341,0.24288723511481136,0.24218355416802084,0.24999999999999986,0.24315991869040957,0.24009182841291724,0.2436762828630684,0.2431420531135192,0.11738148533091647,0.053491965908676956,0.13348037596828183,0.08597515559914551,0.13782287185142852,0.024795158169372434,0.14309293986167518,0.0033493843785443074,0.24340822231408515,0.2435782011830369,0.0433825282152989,0.12110398617083806,0.10304281250797895,0.10343809447582089,0.12454910421284818,0.1012416890661372,0.10560844030324126,0.10418801938155747,0.24097048078163613,0.2436353164619147,0.08501442394586216,0.1101762176628825,0.13222646246323783,0.05870958481179863,0.15516186601359877,0.07633851236502627,0.12042280120289395,0.10951646731259022,0.23896652954315745,0.2436028501268767,0.13605538446146723,0.047356969627510175,0.14613095399956924,0.06660915648948064,0.11738256850657931,0.046664849300003024,0.13632870668996452,0.005224995740747178,0.24234101298841468,0.24353946867487455,0.24358148647980413,0.2422582046849642,0.24341407797689124,0.23960226331190265,0.2426792461174621,0.23545338366063026,0.24327937218321652,0.23484969240804837,0.2436777624292606
0.2494316938675652,0.24939851850389924,0.2463851381426607,0.24888211112929123,0.24866539350608116,0.24799094490623613,0.24315991869040957,0.24999999999999997,0.24584096644845377,0.24947813441497108,0.24882872842743048,0.12109211426057209,0.05361148410001215,0.13770951613238802,0.08740077267992857,0.14083773450320103,0.029861584928120008,0.14525034849191998,0.004828119742282935,0.2491970385976208,0.24937737778704436,0.04634754847126582,0.12218574006439087,0.1062274283819252,0.10451260953096433,0.12766084349366347,0.10257873636394908,0.10876598635119201,0.1058905495625099,0.24668708244314283,0.2494360320531587,0.08642392046674388,0.1138776205280981,0.13481878183947832,0.06136957019175195,0.15831680265062764,0.07917987371883521,0.12264307931844227,0.11273841022951878,0.2446525421173939,0.24940288688022627,0.1394706741259401,0.048374842280733674,0.14987401207726878,0.0679862526164451,0.12060287757250175,0.04737603877902906,0.1399486432101323,0.005024336644636084,0.2481158394032786,0.24933808151602044,0.24938110449682355,0.24802510241813855,0.24920999144689002,0.2453211109507311,0.24845866052832008,0.2410883445636041,0.24907216763359402,0.24046453729015307,0.24947966988947587
0.2463088647080171,0.24627639819299305,0.2432689819284903,0.24577272108705261,0.2455450353034617,0.24490465818895918,0.24009182841291724,0.24584096644845377,0.25000000000000006,0.24635499839366504,0.2457063303806179,0.11912174055517885,0.053575657311715125,0.13548668626686072,0.08689710785964411,0.13909045055072206,0.02823915884920799,0.1449408677395647,0.003326918212228366,0.24608415490166724,0.24625547315027585,0.04421905249199195,0.12154795320213979,0.10394634948587676,0.10406074622326981,0.12537667943977257,0.10203568085612469,0.10688467792479917,0.10511157658547585,0.24361221862713772,0.24631355379908298,0.08571897527877531,0.1118711844133799,0.13344750540078024,0.05991368321676465,0.15664262781480753,0.07766155014482536,0.12146348934165027,0.11099262675385595,0.24159019844426768,0.24628076547030262,0.13762354229842869,0.047819592234847774,0.1478658083846721,0.0672194611751956,0.11887999199392518,0.04699000957543068,0.13799946322910178,0.005131679954027338,0.24500709581757257,0.24621672473171485,0.24625920658696474,0.24492045729164655,0.24609007108383182,0.24224190899430315,0.24534751659419715,0.23805397960278984,0.24595390138033466,0.2374407620800511,0.24635653963124624
0.24994856943746413,0.24991527220643558,0.24689683698206397,0.2493967872101168,0.24917478753172664,0.24850193593785533,0.2436762828630684,0.24947813441497108,0.24635499839366504,0.2500000000000001,0.24933161374265594,0.12129113541622479,0.053765471925938293,0.13795143031416884,0.08759408201209175,0.14115941212888783,0.02988043743150212,0.14559412577758057,0.004784970693528763,0.24971348669749102,0.24989413551130374,0.046465584229218634,0.12244160281294514,0.10647837208043685,0.10472787858910582,0.1279173605100962,0.10279684862284873,0.10897553002105764,0.10611917339481244,0.24719834622106254,0.24995291583013896,0.08660764280870677,0.11410962124078583,0.13510234865841428,0.061490532733603755,0.1586480424112893,0.07933594225449996,0.12290206949203218,0.1129653841728355,0.245159498939578,0.24991970124249357,0.13975793307089146,0.0484765524291203,0.1501815816421184,0.06813001934673779,0.12084780156074769,0.047478798569136636,0.1402345802868097,0.005038576412948567,0.24862993274544368,0.249854760679974,0.24989787275523961,0.24853906603185758,0.24972640192910264,0.2458293027964966,0.24897350374251664,0.2415876198047456,0.24958829182818226,0.24096257224106535,0.24999664243002398
0.24928513544672978,0.2492521018810875,0.2462505197115095,0.24874154762682424,0.2485254109541871,0.24786428586371148,0.2431420531135192,0.24882872842743048,0.2457063303806179,0.24933161374265594,0.25000000000000006,0.12068481762933082,0.05373623674820699,0.13741253619327523,0.08745209701704694,0.14071774768171472,0.02977243620393087,0.14517248661093177,0.00481687297384806,0.24905053855976814,0.24923087432950575,0.04655189439971815,0.12197190244717353,0.1063953531469421,0.10432687735735513,0.12770828040020005,0.1024263624410619,0.10879303360707392,0.1057650437917937,0.2465406300619547,0.24928950443920553,0.08635800206494228,0.11385458927869067,0.13472574141223512,0.06139888622415762,0.15820002503245673,0.07918896725599617,0.12253515877298705,0.11270581688157086,0.24450786768794688,0.24925639046543635,0.13939362504345795,0.04834494904086631,0.14979537892669065,0.06793416501023404,0.12054949747688969,0.047326776702830836,0.1398859726012116,0.005007036064233322,0.24797020483228535,0.24919162672773895,0.24923462461979376,0.2478792187709188,0.24906361408821276,0.24517724905914984,0.24831270616287715,0.2409474439049838,0.2489258596759126,0.240323563855842,0.24933313201779297
0.1212781778165986,0.12127242739666219,0.11898497205153506,0.12111797654852988,0.12084673022939936,0.12092290438158886,0.11738148533091647,0.12109211426057209,0.11912174055517885,0.12129113541622479,0.12068481762933082,0.2499999999999999,-0.07436149826866373,0.12445436781605877,0.03559229118639687,0.0730424898646813,0.02002500061853134,0.07920759635839367,-0.003455676999397032,0.12125671408767459,0.12124809290169915,-0.0791648867541354,0.11815852248697024,-0.01468908319579181,0.09071162543920752,0.034104303755832656,0.07834095852479099,0.028032077629462974,0.07039464133227644,0.12041907811614323,0.12127550290500831,0.0482914810391561,0.035121995193185804,0.07107697652793897,0.006991335659783026,0.08521879667201368,0.020858577240840125,0.0709824522132273,0.04468040177376511,0.11922207835051658,0.12125618737156703,0.06609805166670264,0.024007337054273686,0.0699350242740684,0.03627314602644434,0.05356352461186785,0.02923497747372957,0.06226901344318782,0.006703737586343499,0.12059127952434749,0.12122354613594677,0.12124440702389581,0.12064526372545496,0.12115988982149116,0.11918052923416782,0.12079580919693275,0.11694934349204623,0.1210953243042986,0.11677768897521591,0.12129235942074895
0.05374607434135778,0.05373398632296113,0.05105697185111502,0.05352729765144082,0.053564563714510946,0.053123870193784464,0.053491965908676956,0.05361148410001215,0.053575657311715125,0.053765471925938293,0.05373623674820699,-0.07436149826866373,0.24999999999999983,-0.05751921769108748,0.04222407962683579,0.019825125741320993,-0.0003903936837695781,0.03358738347316638,-0.005080295957376215,0.053640772444725926,0.05373853104974657,0.07903536002642461,-0.011086078072234757,0.0872373035490492,-0.011196781251298825,0.05781344250443175,-0.002234469438931407,0.04349050544101541,0.007226382957848647,0.05274423284735574,0.05375208610151862,0.013636716101164476,0.03696118480311877,0.024832416005364587,0.030231245561513933,0.027596060714914748,0.030919479207409624,0.017262358189339317,0.03245341204662277,0.052517304856103925,0.05374772656020796,0.03154776997275141,0.009993171251234117,0.0346552513890442,0.011948944993377382,0.03035841170427075,0.0050074005758191705,0.034977488555744736,-0.002439070053525577,0.05350058840011804,0.05373466252779244,0.05374397856329379,0.05341110427543139,0.05370789803698964,0.05294262377587858,0.05354380866467652,0.05215295177691164,0.0536759802591055,0.05191751771064878,0.053765195769298973
0.13793079238848366,0.13791868600633891,0.13581921710409495,0.13770628565426035,0.13759843377399653,0.13733300544218266,0.13348037596828183,0.13770951613238802,0.13548668626686072,0.13795143031416884,0.13741253619327523,0.12445436781605877,-0.05751921769108748,0.25000000000000017,-0.02372518713591013,0.099830085843729,0.014656443546400014,0.0829612081164516,0.0029518069042598276,0.13786759380129862,0.13790545576682414,-0.024926807342331943,0.1012360737089121,-0.0024277917141888113,0.09900786365261836,0.038290993952254285,0.08865903089492433,0.034337916922788175,0.08077334997557346,0.13697912781413346,0.1379337169471496,0.05896092672296467,0.04758637801040901,0.08411853495349618,0.009385957121369458,0.09839917117367022,0.02157659024854877,0.08243623457810696,0.048376153793925236,0.13544006672336464,0.13791204808451735,0.0733270516773415,0.02883279548407969,0.07758029686286713,0.04272617451200697,0.05729709520969431,0.035692180146544086,0.06865380992785568,0.009854276756018406,0.13711660662300104,0.13787440188891475,0.13789809710548423,0.13717966552862737,0.13779963191217465,0.13541124972249138,0.13737489635918698,0.13281734603376014,0.1377243810303545,0.1326121363210267,0.1379526548760899
0.08757749660684581,0.08756106832522219,0.08766992024769175,0.08732603536999352,0.08703655661839807,0.08695479444571545,0.08597515559914551,0.08740077267992857,0.08689710785964411,0.08759408201209175,0.08745209701704694,0.03559229118639687,0.04222407962683579,-0.02372518713591013,0.25,-0.02031254723226133,0.041895804383512744,0.041261567501489,0.0012289636245768915,0.08742920934044578,0.08755482310936376,0.01823375762786593,0.04193399688704378,0.03868106625504848,0.022555839997861375,0.0669147543716912,0.020080983291886723,0.04838992229553031,0.02510912765650701,0.08632750091287163,0.08757659566076467,0.018650632913410594,0.0472548134016108,0.037886024883169334,0.03359390650677052,0.04807446066830193,0.0414579654576174,0.0338589546166198,0.04925605303300435,0.08603493869737508,0.08756585715698875,0.05324080973365472,0.014085814466361589,0.05762024044235525,0.01998141175730794,0.051019369846806585,0.009372994884986958,0.05580559988560542,-0.004261820508432358,0.08720869695999005,0.08754465616928142,0.08755984696726225,0.08711301127656221,0.0875051446267035,0.08643816908621167,0.08726271350564822,0.08517116002458067,0.08745943488249566,0.08489689677000063,0.08759440300472829
0.14113354831099617,0.1411170881225458,0.1387967368419334,0.1408184706776634,0.14077324470314354,0.14029412429257954,0.13782287185142852,0.14083773450320103,0.13909045055072206,0.14115941212888783,0.14071774768171472,0.0730424898646813,0.019825125741320993,0.099830085843729,-0.02031254723226133,0.25,-0.07770664181172514,0.12525424392953416,-0.030441203626279133,0.1411737573823484,0.1411061193641699,0.006079746939762582,0.08764825891944449,0.04820895487999322,0.08945409116179458,0.024514040925459248,0.09084795771356338,0.035313825837054336,0.0855382979597831,0.14015257498927583,0.14114103536221678,0.06799908326281727,0.045725476590212595,0.09210846927593633,0.008110034658572447,0.10350161264361092,0.018393715185271026,0.08686168554305816,0.04554211783639796,0.13834262359183522,0.14111964598277174,0.07255402091416292,0.03149437006016463,0.07645659249218906,0.04522938883330434,0.053898652577910884,0.03962515611798767,0.06739163206675049,0.013302644674024096,0.14023453242012626,0.14108033180970594,0.14110452548833288,0.14032210596462757,0.14099885285822625,0.13832117887438355,0.14054104566478332,0.13552239229408233,0.14091755558139785,0.13530158046041982,0.14116038527483743
0.02987582447156502,0.02987276435867665,0.02971004928194,0.029855854815854184,0.02964329694222547,0.029800156475343013,0.024795158169372434,0.029861584928120008,0.02823915884920799,0.02988043743150212,0.02977243620393087,0.02002500061853134,-0.0003903936837695781,0.014656443546400014,0.041895804383512744,-0.07770664181172514,0.2500000000000001,-0.07399374319352973,0.07492790222688729,0.02963730221399904,0.029860950028448775,0.019147417889892788,-0.004667953557327787,0.01566945816246436,-0.026631327048374936,0.06660443475102247,-0.03513204073808292,0.062397710644006926,-0.029494885563364884,0.028749334795987593,0.029867611408135954,-0.02079567744025957,0.04374132787561999,-0.00972451594928764,0.04835300484535719,-0.0027213995361789283,0.05089444809046243,-0.01254063235374692,0.04302093723255045,0.029516046999455266,0.029866893435832164,0.027549661995144407,-0.0014503893001420747,0.031821055284026706,-0.0028497360986481125,0.03779112683050888,-0.015043328689083871,0.03579452967068121,-0.016546320821328533,0.029976871110547112,0.029863572465061234,0.0298689749001375,0.029737100155681498,0.029863799499759446,0.030202912257242722,0.02983152510064304,0.030374856312259516,0.029853664476588063,0.030093111986192096,0.029880630008143824
0.14556905279535653,0.1455508328277332,0.1434806860620318,0.14523068584964371,0.14525528280112007,0.14468880347479776,0.14309293986167518,0.14525034849191998,0.1449408677395647,0.14559412577758057,0.14517248661093177,0.07920759635839367,0.03358738347316638,0.0829612081164516,0.041261567501489,0.12525424392953416,-0.07399374319352973,0.2499999999999999,-0.09753427364361189,0.14571156300014296,0.14553971301317792,0.004967847854124585,0.0976472486424762,0.044656387406391565,0.10148119458415575,0.0399306021456775,0.10694587433738954,0.007672962209950823,0.1056248339550434,0.1447364073645141,0.1455771963306753,0.07809143369714124,0.036382590642433044,0.10154194230733413,-0.00417238308754268,0.11238975651363609,0.007621979856319861,0.09704697240747207,0.03809127430011098,0.1426517726983136,0.14555442093864357,0.0718516750456506,0.03433929365956557,0.07516772169352857,0.04948683328604995,0.049814073269458796,0.046593223232903914,0.0642403543048484,0.01844667282422299,0.14456917759465066,0.14551253538858394,0.14553741685093052,0.1447361720661137,0.14542405569934055,0.14244921333038707,0.14493621388831987,0.13935407145938633,0.14533870623594367,0.13919798033508535,0.1455950753149558
0.00478271627116422,0.004781267922407872,0.005138134276025758,0.004802653672731049,0.00467144487863563,0.004829666232892369,0.0033493843785443074,0.004828119742282935,0.003326918212228366,0.004784970693528763,0.00481687297384806,-0.003455676999397032,-0.005080295957376215,0.0029518069042598276,0.0012289636245768915,-0.030441203626279133,0.07492790222688729,-0.09753427364361189,0.24999999999999986,0.004553496919550123,0.004778950076108028,0.018738660903783268,-0.0224011205570844,0.02071958655782749,-0.03991311687482823,0.03727681297303679,-0.045073995004915025,0.05815585281111227,-0.040523668393380896,0.003965791055983968,0.004776477422154852,-0.024026024591400935,0.030267843068577827,-0.0187335123082315,0.04034108604885324,-0.016174859996634403,0.0389502138578374,-0.022225184706967643,0.028803398555125675,0.004778254865418819,0.004779597110171058,0.011475272814913466,-0.004681420329104505,0.014546300522291413,-0.008278927036268958,0.02204149373006151,-0.01732013614910423,0.01945946468551088,-0.014727245417578937,0.004975533428790179,0.004782164532230012,0.004783204069487471,0.004763963226159549,0.004792422259454377,0.005380310420453317,0.004823162848817692,0.0058909495674004265,0.004794021404179426,0.0056758545484337595,0.004784966034808336
0.24966701523074697,0.24963376573795204,0.246618187565669,0.2491158854364096,0.24889473799894857,0.24822215278408094,0.24340822231408515,0.2491970385976208,0.24608415490166724,0.24971348669749102,0.24905053855976814,0.12125671408767459,0.053640772444725926,0.13786759380129862,0.08742920934044578,0.1411737573823484,0.02963730221399904,0.14571156300014296,0.004553496919550123,0.24999999999999994,0.2496126452115586,0.04627381133520765,0.12241310844034166,0.10624043592369588,0.10473776410476929,0.12767967530033356,0.10279706969121843,0.10874086806573345,0.1060907976494084,0.2469218470564681,0.24967136551443825,0.08656773241619357,0.11391506379380159,0.1349974668957177,0.06132872991735282,0.15851412745616014,0.07915984016914716,0.12282126777273722,0.1127798844671854,0.24488333893752226,0.24963817871341235,0.13958024788805848,0.048433994955595215,0.14998767551590886,0.06807352598646328,0.12066977951133566,0.0474651367204064,0.14003985979825576,0.005064368906054602,0.24834941540844857,0.24957330274867093,0.2496163658105085,0.2482591135113269,0.24944506377809672,0.24555102041835827,0.24869293012001378,0.24131288084159422,0.24930710326901745,0.2406890274043051,0.249715024489237
0.24984762109676886,0.24981433785475596,0.2467969773102137,0.24929606923172262,0.24907419692742,0.24840159142622717,0.2435782011830369,0.24937737778704436,0.24625547315027585,0.24989413551130374,0.24923087432950575,0.12124809290169915,0.05373853104974657,0.13790545576682414,0.08755482310936376,0.1411061193641699,0.029860950028448775,0.14553971301317792,0.004778950076108028,0.2496126452115586,0.24999999999999997,0.04641708874099716,0.12240615618757388,0.10641647363301217,0.10470274758290112,0.12785577423416136,0.10277037228929498,0.10892386896503332,0.10608709189136206,0.2470988179026498,0.24985196749289837,0.08658128317773037,0.11405587447424477,0.1350549179255588,0.061453395632742845,0.1585905433411162,0.079292072057814,0.12286054687404967,0.11291184928574012,0.24506046291005232,0.24981876506946896,0.13969877048608864,0.04845862977518558,0.15011743000180766,0.06810527728299663,0.12079287897192871,0.04746517655302277,0.14017279144447461,0.005041017654065368,0.24852945326644116,0.24975384961696867,0.24979694421837864,0.248438681124979,0.24962553910253094,0.245729818056138,0.2488729321580592,0.2414896836769443,0.24948748359724573,0.2408649460288116,0.2498956740390121
0.04644770262980019,0.04643039323665624,0.047088790305102636,0.04625290786630914,0.046137445656207,0.04587811624486622,0.0433825282152989,0.04634754847126582,0.04421905249199195,0.046465584229218634,0.04655189439971815,-0.0791648867541354,0.07903536002642461,-0.024926807342331943,0.01823375762786593,0.006079746939762582,0.019147417889892788,0.004967847854124585,0.018738660903783268,0.04627381133520765,0.04641708874099716,0.2500000000000001,-0.08075949000461878,0.11647642078513357,-0.05129249061829007,0.07693626996998364,-0.0361181366539065,0.07142613119948144,-0.019860465068880513,0.044978472580375246,0.04644819330368911,-0.0007156232535337755,0.060169679661003,0.010184025212974141,0.05840439877807113,0.011034811621697529,0.054431352765689,-0.0024264424147121657,0.045284243499075394,0.04512587329722519,0.04644815339110042,0.031077087586788923,0.006381115855531558,0.03641985289816483,0.0038818841584296903,0.037156957976381626,-0.0069214808655527794,0.040548832402035405,-0.010632874581150161,0.046337158383229306,0.046438997884190175,0.04644716797162383,0.04609651374293585,0.046421080517199856,0.04603563315252967,0.046291507377502567,0.04569830252967577,0.046392384701859544,0.04530795173562791,0.04646543492900199
0.1224239139366476,0.12241348789829573,0.12007421744262509,0.122194938896964,0.12214323984883893,0.1218481525144105,0.12110398617083806,0.12218574006439087,0.12154795320213979,0.12244160281294514,0.12197190244717353,0.11815852248697024,-0.011086078072234757,0.1012360737089121,0.04193399688704378,0.08764825891944449,-0.004667953557327787,0.0976472486424762,-0.0224011205570844,0.12241310844034166,0.12240615618757388,-0.08075949000461878,0.25000000000000006,-0.020947456127627138,0.12361335424908103,0.02161418778431536,0.10782295045369168,0.004956156592046508,0.0933651864630284,0.1220864967447855,0.12242946747769229,0.06773767121110032,-0.004841453530707705,0.0875971527947601,-0.023282427884219786,0.09997743147694417,-0.0057682805035023064,0.0885377599863614,0.027997651925093205,0.1203431262654675,0.12240860557393284,0.060671208794873234,0.0283311439246089,0.06236792284446712,0.043389501839735965,0.040591184133084254,0.041386407000954376,0.05181360802976683,0.01648576418863877,0.12158950802272524,0.12237319911874754,0.12239412109119767,0.12179458530113466,0.12230039473597511,0.11986852996146344,0.12190106133894345,0.11719973443376205,0.12223172179215158,0.11716511644296343,0.12244261059943544
0.10645268926772256,0.10642749499522498,0.1065238633916575,0.10612136834738604,0.1059361797439421,0.10556523276468947,0.10304281250797895,0.1062274283819252,0.10394634948587676,0.10647837208043685,0.1063953531469421,-0.01468908319579181,0.0872373035490492,-0.0024277917141888113,0.03868106625504848,0.04820895487999322,0.01566945816246436,0.044656387406391565,0.02071958655782749,0.10624043592369588,0.10641647363301217,0.11647642078513357,-0.020947456127627138,0.24999999999999997,-0.03856305069026866,0.11113420313948379,-0.01781912900492798,0.1007756581521845,0.0018537192026041188,0.104198599444385,0.10644953829839442,0.01889307409057219,0.08091699163062305,0.04189998137232719,0.07366948266341163,0.04796227847961276,0.0760430161134118,0.02498666279084412,0.07455461631350802,0.1039793294173739,0.1064425839362825,0.06546959907873894,0.017535513217801564,0.07332784032978039,0.019040954378690335,0.068277124458218,0.0025294742360792623,0.07593859597305945,-0.010733794865060868,0.10603173531916618,0.10641810804653376,0.10643664023685202,0.10577003584627716,0.10636935763961083,0.10508575151373897,0.10605756009126775,0.10373398633239402,0.10630673736555132,0.10318188893828496,0.10647861103234611
0.1047120693950858,0.10470322766685788,0.10259493658153161,0.10452011851257936,0.1045169666067076,0.10421942335868722,0.10343809447582089,0.10451260953096433,0.10406074622326981,0.10472787858910582,0.10432687735735513,0.09071162543920752,-0.011196781251298825,0.09900786365261836,0.022555839997861375,0.08945409116179458,-0.026631327048374936,0.10148119458415575,-0.03991311687482823,0.10473776410476929,0.10470274758290112,-0.05129249061829007,0.12361335424908103,-0.03856305069026866,0.2500000000000003,-0.017203943031839267,0.15186176568506962,-0.03172540903638144,0.12485737927328412,0.10553915253671599,0.10472147925786128,0.10055581935718955,-0.021432891605531128,0.11213210618481037,-0.0790846533320095,0.11773268497372089,-0.05139800804838317,0.10876981199697668,-0.004297212354228763,0.10232154355517183,0.1047051917823335,0.034801941297747205,0.033895679627539754,0.038698788478105796,0.04417179536230285,0.0110494102044353,0.05480999571732525,0.02527728308149611,0.030798465213440932,0.1036895438660936,0.10466947395108774,0.10468713041505724,0.10404634164668314,0.10458804684850577,0.10151956085861849,0.10415921029637269,0.09845531607810198,0.1045147760997448,0.09855682763642017,0.10472875268350292
0.12789050628914017,0.127867476563044,0.12752978398155604,0.12757143101424961,0.12741038902626825,0.12704749000675677,0.12454910421284818,0.12766084349366347,0.12537667943977257,0.1279173605100962,0.12770828040020005,0.034104303755832656,0.05781344250443175,0.038290993952254285,0.0669147543716912,0.024514040925459248,0.06660443475102247,0.0399306021456775,0.03727681297303679,0.12767967530033356,0.12785577423416136,0.07693626996998364,0.02161418778431536,0.11113420313948379,-0.017203943031839267,0.25000000000000017,-0.01914868825904766,0.11335251456001387,0.005464506421398069,0.12539936746887562,0.12788450387050665,0.018064373903477916,0.09108735615685956,0.04702569176054981,0.08024542144756078,0.05837456356584971,0.08680198641574567,0.032953032861556014,0.0885675726556164,0.12534526949453006,0.12787450571583495,0.08020251721499486,0.019521584319958755,0.08957395108691565,0.023074277205421618,0.08461560975564135,0.0030282314587191193,0.09131644050827274,-0.014011272779279592,0.12744183932130282,0.12784522075551358,0.12786750847687162,0.12716307842017593,0.12779129594008695,0.12647010964698255,0.12744387531860307,0.12491737686818022,0.12772248839275285,0.12433909150777062,0.12791791251227114
0.10278050497830354,0.10277064499539793,0.10079264112250433,0.10257943340792443,0.10256783716860535,0.10226024411731009,0.1012416890661372,0.10257873636394908,0.10203568085612469,0.10279684862284873,0.1024263624410619,0.07834095852479099,-0.002234469438931407,0.08865903089492433,0.020080983291886723,0.09084795771356338,-0.03513204073808292,0.10694587433738954,-0.045073995004915025,0.10279706969121843,0.10277037228929498,-0.0361181366539065,0.10782295045369168,-0.01781912900492798,0.15186176568506962,-0.01914868825904766,0.2500000000000002,-0.03807515315296188,0.13186377781338596,0.10347344290298649,0.10279551728123808,0.10195745177478233,-0.02226393867637182,0.11251266495529097,-0.07195943711383462,0.1165857380551497,-0.061290244710459636,0.11348146358704524,-0.01228558962173544,0.10041337966822068,0.10277563737573159,0.033689799028118854,0.034135494282629436,0.03621538188113307,0.04479889138917705,0.007147757302468489,0.05834350840198874,0.021247178376365333,0.033874693901753385,0.10173522807576806,0.10273950463117153,0.1027567586618774,0.10215450367643926,0.10265693257224413,0.0995010202549659,0.10223481825734425,0.09641356580598374,0.10258740683805245,0.09661150395994644,0.10279765827807384
0.10895274805264886,0.10893476155034716,0.10847881650332206,0.10869566756287066,0.10855887168629341,0.10827423552688402,0.10560844030324126,0.10876598635119201,0.10688467792479917,0.10897553002105764,0.10879303360707392,0.028032077629462974,0.04349050544101541,0.034337916922788175,0.04838992229553031,0.035313825837054336,0.062397710644006926,0.007672962209950823,0.05815585281111227,0.10874086806573345,0.10892386896503332,0.07142613119948144,0.004956156592046508,0.1007756581521845,-0.03172540903638144,0.11335251456001387,-0.03807515315296188,0.25000000000000017,-0.03429266478995908,0.10650006247614761,0.10894357650897103,-0.004189451406727507,0.10127996778497517,0.024199147264118575,0.09414841168287218,0.03698095114373982,0.09984646232493294,0.01155860191981335,0.09697016327882065,0.10697193362192885,0.10893582011819043,0.0759141274116174,0.011197905040937508,0.08653135205333991,0.011063031827320142,0.08860648186462589,-0.012194557965018218,0.09143034039322097,-0.02446881223407136,0.10876554258275366,0.10891403914121524,0.10893320781246872,0.10835958838699025,0.10888007230650719,0.10835369438859982,0.10863028251205328,0.10756031744543826,0.1088271816240293,0.10693069577314905,0.10897603808650082
0.10610136975494056,0.10608971140652243,0.10425353098837403,0.10588092254100026,0.1058442971876796,0.10552728075703251,0.10418801938155747,0.1058905495625099,0.10511157658547585,0.10611917339481244,0.1057650437917937,0.07039464133227644,0.007226382957848647,0.08077334997557346,0.02510912765650701,0.0855382979597831,-0.029494885563364884,0.1056248339550434,-0.040523668393380896,0.1060907976494084,0.10608709189136206,-0.019860465068880513,0.0933651864630284,0.0018537192026041188,0.12485737927328412,0.005464506421398069,0.13186377781338596,-0.03429266478995908,0.2500000000000003,0.10337775580068728,0.10611237163570382,0.08932564053051271,-0.009954106694425582,0.10188078110541526,-0.05013382927034823,0.10713693338531877,-0.0386688196634488,0.10908959043154923,-0.02121520887445536,0.10365091220804719,0.10609605283471833,0.03863726383527472,0.03331344779461469,0.04068316523350599,0.044221082297093865,0.013182993900565225,0.05897615588022591,0.021484994103157053,0.0363065691095924,0.10505184378938556,0.10605990459488737,0.10607773968734927,0.10546685459341822,0.10597552803572532,0.10284255754536543,0.10554384585942014,0.09969127391288728,0.10590422956984982,0.09979522222925198,0.10611994822909881
0.24715238085668384,0.24711951978224425,0.2441227401880579,0.24660722120649659,0.24638922289899345,0.24572321543376544,0.24097048078163613,0.24668708244314283,0.24361221862713772,0.24719834622106254,0.2465406300619547,0.12041907811614323,0.05274423284735574,0.13697912781413346,0.08632750091287163,0.14015257498927583,0.028749334795987593,0.1447364073645141,0.003965791055983968,0.2469218470564681,0.2470988179026498,0.044978472580375246,0.1220864967447855,0.104198599444385,0.10553915253671599,0.12539936746887562,0.10347344290298649,0.10650006247614761,0.10337775580068728,0.2500000000000003,0.24715644562131328,0.08753530555662432,0.11153645627827465,0.1350467052875506,0.058989598525691814,0.15787270807301196,0.0768260160971184,0.12251793559100434,0.11105881105139752,0.24239572545149038,0.24712403654485882,0.13744879217211708,0.048340341658782725,0.14797496323804604,0.06757292355996047,0.11880407192830923,0.04753758004582525,0.13814741468640607,0.00542596954429657,0.24583926461342231,0.24705957991399838,0.2471022010906224,0.24575681082274756,0.24693202741939052,0.24304746057357626,0.2461849496090862,0.23882872034650915,0.24679508265519431,0.23821844913795484,0.24719987112683453
0.24990639025563563,0.249873099241038,0.24685504216667947,0.24935470453235442,0.24913275458666725,0.2484600108069025,0.2436353164619147,0.2494360320531587,0.24631355379908298,0.24995291583013896,0.24928950443920553,0.12127550290500831,0.05375208610151862,0.1379337169471496,0.08757659566076467,0.14114103536221678,0.029867611408135954,0.1455771963306753,0.004776477422154852,0.24967136551443825,0.24985196749289837,0.04644819330368911,0.12242946747769229,0.10644953829839442,0.10472147925786128,0.12788450387050665,0.10279551728123808,0.10894357650897103,0.10611237163570382,0.24715644562131328,0.2500000000000004,0.08657375819949598,0.11409125393117585,0.13507355185055547,0.06148085401112094,0.15862083692547516,0.07930966786278067,0.12288929256919108,0.11293553591226209,0.24511889791432273,0.2498775248671331,0.13974609036620458,0.04846373912572157,0.15015428655868301,0.06812794230658345,0.12081941832599533,0.04747786933363531,0.1402042545740324,0.005044153826639312,0.24858796271170347,0.24981259692678282,0.249855701674682,0.24849726468240282,0.24968425989553167,0.24578789106904964,0.2489315038470838,0.2415468267624328,0.24954617910473995,0.24092203834979045,0.24995445470985656
0.08659230278487076,0.08658121762666128,0.08542892055946541,0.08640353663252284,0.0863783593927621,0.08609901852399474,0.08501442394586216,0.08642392046674388,0.08571897527877531,0.08660764280870677,0.08635800206494228,0.0482914810391561,0.013636716101164476,0.05896092672296467,0.018650632913410594,0.06799908326281727,-0.02079567744025957,0.07809143369714124,-0.024026024591400935,0.08656773241619357,0.08658128317773037,-0.0007156232535337755,0.06773767121110032,0.01889307409057219,0.10055581935718955,0.018064373903477916,0.10195745177478233,-0.004189451406727507,0.08932564053051271,0.08753530555662432,0.08657375819949598,0.2500000000000003,-0.048889986170716854,0.14198931804726014,-0.07397487446080367,0.11217196370941776,-0.050517493813226864,0.09938628959280807,-0.0016383581237506973,0.08260888267869752,0.08659825780109039,-0.01383874310953195,0.054828869964605995,0.019198718354080824,0.024857756805754787,0.008135556340566466,0.043041836910165415,0.020451185633614966,0.027930897223758088,0.08550824576770552,0.08655920988359495,0.08657370695763089,0.08588421046523034,0.0864664312299529,0.0830385953389844,0.08596579491614058,0.07981238839276276,0.08637129036643511,0.07975033524465491,0.0866082152150355
0.11408645135542506,0.11406968560140483,0.11288759611810391,0.11382447008358001,0.11366965085427293,0.11339071081086945,0.1101762176628825,0.1138776205280981,0.1118711844133799,0.11410962124078583,0.11385458927869067,0.035121995193185804,0.03696118480311877,0.04758637801040901,0.0472548134016108,0.045725476590212595,0.04374132787561999,0.036382590642433044,0.030267843068577827,0.11391506379380159,0.11405587447424477,0.060169679661003,-0.004841453530707705,0.08091699163062305,-0.021432891605531128,0.09108735615685956,-0.02226393867637182,0.10127996778497517,-0.009954106694425582,0.11153645627827465,0.11409125393117585,-0.048889986170716854,0.2500000000000001,-0.0006094302534057278,0.12356072553875157,0.028054951086658293,0.11580937893226431,0.006299730911117548,0.09650969506733108,0.11249796859726105,0.11406483706112976,0.09346282280277664,0.0035981540897956446,0.0964797409266198,0.014154589488958765,0.09450365588011607,-0.011633618216017556,0.09518149799388413,-0.0254480806453917,0.11398239840067281,0.1140453094617679,0.11406542673501126,0.1134869475289636,0.11401948537539319,0.11378287708044219,0.11381183444950707,0.11326491814198485,0.1139764583964257,0.11259012723152638,0.11411023796459832
