x1,x2,x3,x4,x5,x6,x7,x8,x9,x10,x11,x12,x13,x14,x15,x16,x17,x18,x19,x20,x21,x22,x23,x24,x25,x26,x27,x28,x29,x30,x31,x32,x33,x34,x35,x36,x37,x38,x39,x40,x41,x42,x43,x44,x45,x46,x47,x48,x49,x50,x51,x52,x53,x54,x55,x56,x57,x58,x59,x60
0.25,0.24981918551119747,0.24943155443441675,0.24989622933762168,0.24988191995918588,0.24991317670097202,0.24976246852101647,0.2499683363034768,0.2498738500705478,0.2499704945764322,0.2498385404580162,0.24974270240965982,0.24760368373757996,0.2468434755619459,0.24615660667153103,0.24809286841255274,0.24856331255382869,0.24913750769104956,0.24936255498614412,0.24980595421727647,0.24989571078817518,0.24933286680721914,0.24990792001458934,0.24904544067030907,0.24988055305917173,0.24960348143103897,0.24958408665476667,0.24950527452101856,0.2499744192959405,0.24993954867517135,0.24984939288222668,0.2489001595632798,0.24995440779850117,0.2485437702483569,0.24987917442436217,0.24960547181130976,0.24916364247923634,0.24955190505950678,0.2497887914293305,0.24994405919358156,0.24989605370054976,0.24963340294482927,0.24646407190973044,0.24622557269448508,0.245210448729824,0.2481989661222084,0.2485688760610241,0.24966151706063677,0.2496580964298653,0.24976565337102655,0.24997906187148056,0.24983713771037747,0.2495456562272626,0.24991389061588545,0.24989292155103715,0.249909623642299,0.24982153027636492,0.2499640520468136,0.2498736563639468,0.2499701683514065
0.24981918551119747,0.24999999999999997,0.24928096008750442,0.249745354443151,0.24973105370400506,0.24976229157452756,0.24961167438466342,0.24981741787441214,0.24972298868756365,0.24981957484430986,0.24968770039321722,0.24959192020710036,0.2474541929679374,0.24669444376812938,0.2460079895749335,0.2479430822975727,0.24841324240811183,0.24898709087491286,0.2492120022976614,0.2496551338264267,0.24974483620677876,0.24918233204297974,0.24975703806187022,0.24889507943965272,0.24972968762925696,0.24945278328317083,0.2494334002164983,0.2493546356655904,0.24982349719426805,0.24978864762664293,0.24969854626527482,0.24874988604611875,0.2498034977787741,0.24839371190131052,0.2497283098267987,0.24945477246174924,0.2490132098842164,0.24940123805088238,0.24963798140051674,0.2497931554218266,0.24974517891212,0.24948268673184182,0.2463152691809388,0.24607691395963838,0.24506240287625783,0.24804911595071655,0.24841880255633844,0.2495107838737465,0.2495073653081815,0.24961485731181968,0.24982813696685235,0.24968629849248763,0.2493949929913719,0.24976300505841476,0.24974204865364333,0.24975874066101444,0.24967070048146628,0.2498131362043699,0.2497227950979132,0.24981924881624273
0.24943155443441675,0.24928096008750442,0.24999999999999992,0.249357921205158,0.24934378019757095,0.24937478806889718,0.24922448092446864,0.24942979065644,0.2493355088941866,0.2494319448403247,0.2493003588738142,0.24920485286540592,0.2470695006818745,0.24631153782885917,0.2456299531210343,0.2475590069789974,0.2480258450373141,0.24860072781003917,0.2488253391627689,0.2492677600439225,0.2493573203500974,0.24879560209824989,0.24936950727653534,0.24850871464737267,0.24934219680705252,0.24906583987176673,0.24904636778594746,0.2489677461233095,0.24943585944880942,0.24940106392911315,0.24931110233495923,0.248363914458081,0.24941588974006462,0.2480082922682501,0.24934082077116873,0.2490677068465155,0.24862682885369206,0.24901425551663703,0.24925063128989888,0.24940556473452072,0.24935766266125853,0.24909557775256275,0.24593307479972507,0.2456950894808012,0.24468215244780409,0.24766423137807395,0.24803334435243718,0.24912363133521068,0.24912021806320322,0.2492275432809637,0.2494404920005759,0.2492988736093903,0.24900802010522244,0.24937546115383918,0.24935453726600001,0.24937120337327626,0.24928329979947936,0.24942551451397468,0.24933531358498395,0.24943161764123448
0.24989622933762168,0.249745354443151,0.249357921205158,0.2499999999999999,0.24980807937194457,0.24983931992154154,0.2496886604086475,0.24989446119021078,0.24980000313838574,0.24989661882966363,0.24976470770147904,0.24966890657116447,0.24753054581237854,0.24677056493448032,0.24608409821519608,0.24801958314790223,0.2484898038711015,0.24906387831977755,0.24928885971703973,0.2497321272046602,0.24982185710158497,0.24925918376929068,0.24983406288544813,0.24897184182969775,0.24980670386256812,0.24952971582500993,0.24951032506317206,0.24943153680303587,0.2499005423509629,0.24986568203485626,0.24977555288600653,0.24882660011809585,0.24988053677008135,0.24847031608520256,0.24980532568532546,0.2495317039042001,0.24909000513391882,0.24947815298323942,0.24971496933786416,0.2498701912206128,0.2498221999147152,0.24955962678004442,0.24639123239700383,0.2461528036627588,0.24513797971194776,0.24812561388776946,0.24849541450601573,0.24958773258995517,0.24958431296968897,0.24969183812381401,0.2499051835538905,0.24976330133677327,0.249471905997264,0.2498400315588794,0.24981906869118692,0.24983576584634576,0.24974769851528283,0.24989017816519749,0.249799809197692,0.24989629266218988
0.24988191995918588,0.24973105370400506,0.24934378019757095,0.24980807937194457,0.24999999999999992,0.24982500221701504,0.2496743232910604,0.2498801522281753,0.24978569081179064,0.24988231045976578,0.24975039367737353,0.24965461837499572,0.24751586063785316,0.24675516952162768,0.24607037489800745,0.24800504952628666,0.24847673103869278,0.24904957209974812,0.24927459135718494,0.2497178256457386,0.24980755185919945,0.2492446817567051,0.24981975650800262,0.24895727858930064,0.24979240149255097,0.2495155684396242,0.24949603802387976,0.24941726328345104,0.2498862327363426,0.24985137441386007,0.24976125038174227,0.24881235182266395,0.24986622638909156,0.24845608894548443,0.24979102071361514,0.24951741541520303,0.24907574170006344,0.24946386759040654,0.24970067027801177,0.2498558833331621,0.24980789477874316,0.24954533673550922,0.24637712383936075,0.24613870904139715,0.24512394277024818,0.2481114059860309,0.24848118533776337,0.24957344087457412,0.2495700214506321,0.2496775404481688,0.24989087366272505,0.24974899956996555,0.249457620916994,0.24982572539840103,0.24980476373107183,0.24982145993012744,0.2497333976424095,0.2498758691332598,0.24978550534039723,0.24988198328012817
0.24991317670097202,0.24976229157452756,0.24937478806889718,0.24983931992154154,0.24982500221701504,0.24999999999999983,0.24970559327354486,0.24991140845821697,0.24981694379161612,0.249913566268821,0.24978164643484083,0.24968583493238342,0.2475472319683284,0.24678724673365865,0.24610069304250873,0.2480364005842977,0.24850657713461222,0.24908076778342111,0.24930576639884086,0.24974906343893638,0.2498387994160174,0.24927607821438874,0.24985100607291705,0.24898871311615928,0.24982364521868433,0.2495466425896217,0.2495272462618181,0.24944845316099165,0.24991749000739283,0.24988262732668184,0.24979249206384926,0.24884347494280123,0.24989748299529188,0.24848716675443455,0.2498222668798738,0.24954862654701795,0.24910689780753006,0.24949507199528437,0.24973190440411205,0.24988713681812064,0.2498391422575538,0.24957655131675563,0.2464079420604544,0.24616949716411402,0.24515460437854833,0.24814244117403195,0.24851226686899988,0.24960465903187404,0.2496012391795422,0.24970877162583316,0.24992213152449477,0.2497802396852657,0.24948882458394706,0.2498569751110315,0.24983601082168772,0.24985270910920757,0.24976463580561795,0.24990712511817226,0.24981675002206002,0.24991324002983512
0.24976246852101647,0.24961167438466342,0.24922448092446864,0.2496886604086475,0.2496743232910604,0.24970559327354486,0.24999999999999978,0.2497607018546683,0.24966628726749332,0.24976285976617277,0.24963108220545258,0.24953556035815258,0.24739776636692704,0.24663865153545916,0.24595547642292598,0.24788738989605089,0.24835578834277366,0.24893052948655006,0.24915544379602234,0.24959844947692497,0.24968813587494404,0.2491257907931165,0.24970033822689822,0.248838173093049,0.2496729938265572,0.24939633186547167,0.2493767709873838,0.24929801935359755,0.24976677923978546,0.24973193756523102,0.24964185660172183,0.24869341224897779,0.24974678219047738,0.2483373184123551,0.2496716137754181,0.2493981382196296,0.24895667551005252,0.24934461597504262,0.24958130541655169,0.24973644434129905,0.24968847871948913,0.2494260461169415,0.24625934758495216,0.24602104654233134,0.2450067656887338,0.24799280081565098,0.24836240347884922,0.24945413690601997,0.24945071910895913,0.24955818671120628,0.24977141794440333,0.2496296116719343,0.24933837230203976,0.24970630082300377,0.24968534917600982,0.2497020373937588,0.2496140172011302,0.2497564205875763,0.24966609999145642,0.24976253181168964
0.2499683363034768,0.24981741787441214,0.24942979065644,0.24989446119021078,0.2498801522281753,0.24991140845821697,0.2497607018546683,0.24999999999999992,0.24987208207761108,0.24996872587350705,0.24983677309087307,0.24974093647161189,0.2476019339209727,0.24684173278190072,0.24615488805308394,0.2480911167042241,0.24856154704822095,0.24913574489481377,0.2493607906774989,0.24980418668956159,0.24989394260963196,0.24933110294586902,0.24990615176784645,0.24904367875625175,0.24987878498957453,0.24960171551606392,0.24958232068105973,0.24950350916713337,0.24997265056083526,0.2499377801866977,0.24984762503161526,0.24889839843090222,0.24995263920475944,0.24854201163296494,0.24987740636918904,0.24960370568673845,0.24916187947917182,0.24955013931394324,0.24978702400694125,0.24994229067323187,0.24989428551983742,0.249631636622314,0.24646232801172563,0.24622383048357505,0.245208713702176,0.24819720994926212,0.2485671172709069,0.24965975053949724,0.24965632993288359,0.24976388611302194,0.24997729310346367,0.24983536994656838,0.2495438905258513,0.24991212230899854,0.24989115339252027,0.2499078553656037,0.24981976262298153,0.24996228338500126,0.249871888341744,0.24996839964631729
0.2498738500705478,0.24972298868756365,0.2493355088941866,0.24980000313838574,0.24978569081179064,0.24981694379161612,0.24966628726749332,0.24987208207761108,0.24999999999999986,0.2498742395427693,0.2497423393384557,0.24964655052856702,0.24750843768117875,0.24674841698085598,0.2460616719375864,0.24799734263080844,0.24846751542756773,0.24904157164722598,0.24926653343611851,0.24970976203835432,0.24979948448857528,0.24923686763824265,0.24981168898060574,0.24894951616825065,0.2497843327042659,0.24950737384179603,0.24948798036930617,0.24940919779830512,0.2498781626972039,0.24984330550372227,0.2497531844243996,0.24880431663865826,0.2498581587818056,0.2484480645536944,0.2497829544860727,0.24950935728168647,0.24906769807885978,0.2494558111569621,0.24969260630784587,0.2498478142853638,0.24979982727757086,0.24953727765971023,0.24636916702445594,0.24613075965028325,0.24511602657125167,0.24810339319025032,0.24847316068852215,0.24956538094977093,0.2495619616360829,0.24966947716078702,0.2498828034849287,0.24974093397396574,0.24944956473034796,0.24981765732455508,0.24979669633417642,0.2498133919940341,0.24972533254983406,0.24986779944003185,0.2497774385654506,0.24987391338944503
0.2499704945764322,0.24981957484430986,0.2494319448403247,0.24989661882966363,0.24988231045976578,0.249913566268821,0.24976285976617277,0.24996872587350705,0.2498742395427693,0.24999999999999994,0.24983892978389918,0.24974309148380555,0.24760406967961446,0.24684386064923686,0.24615699070086147,0.24809325503042692,0.24856370011821838,0.24913789597143554,0.24936294361244105,0.2498063435288221,0.24989610024056613,0.2493332553975884,0.24990830948622597,0.2490458288210396,0.24988094248816417,0.24960387040744744,0.24958447562148492,0.24950566335324012,0.2499748088709734,0.24993993819586519,0.24984978226242213,0.2489005474641301,0.249954797342786,0.24854415759380755,0.249879563850697,0.2496058608113521,0.24916403079085125,0.24955229397606135,0.24978918071512712,0.24994444872130464,0.2498964431534591,0.2496337919884071,0.2464644560140511,0.24622595642707237,0.24521083088045206,0.24819935293026854,0.2485692634455857,0.2496619061480279,0.24965848551192782,0.24976604262071128,0.24997945145375394,0.24983752707146775,0.249546045134092,0.24991428009659203,0.24989331099906428,0.24991001311635563,0.24982191961313188,0.24996444160569478,0.24987404578194988,0.2499705579198197
0.2498385404580162,0.24968770039321722,0.2493003588738142,0.24976470770147904,0.24975039367737353,0.24978164643484083,0.24963108220545258,0.24983677309087307,0.2497423393384557,0.24983892978389918,0.24999999999999997,0.24961180544760106,0.2474731158398934,0.24671268411777522,0.24602630158601113,0.2479620732985245,0.24843276582852328,0.24900637349759105,0.24923131430808834,0.2496744807801521,0.2497641854213659,0.24920147137121093,0.24977638812196654,0.24891444643268512,0.24974903513924782,0.24947210547521675,0.24945272527090198,0.24937397562867736,0.24984285248205204,0.24980800021145838,0.2497178918711852,0.24876915794277676,0.2498228515909477,0.2484129565175045,0.24974765778067656,0.2494740991845035,0.2490325022343683,0.24942056063853119,0.24965732226052995,0.24981250835194352,0.24976452812619077,0.2495020156314214,0.2463343527038693,0.24609597912587935,0.24508138926063383,0.24806833379291457,0.24843804900465935,0.24953011492689992,0.24952669609579303,0.2496341964278555,0.24984749260719225,0.2497056431437752,0.24941431507347497,0.24978235565260665,0.2497613976242213,0.24977809092481848,0.24969004392436472,0.24983249068251334,0.2497421425768052,0.24983860376796582
0.24974270240965982,0.24959192020710036,0.24920485286540592,0.24966890657116447,0.24965461837499572,0.24968583493238342,0.24953556035815258,0.24974093647161189,0.24964655052856702,0.24974309148380555,0.24961180544760106,0.25000000000000006,0.24739752016832817,0.24664768773335513,0.24599776804883183,0.24786796446527212,0.2483386760386243,0.2489106586208523,0.24913591032444612,0.2495787230975623,0.249668375429345,0.24911217666717098,0.24968057782332995,0.2488181819241945,0.2496532360806544,0.24937695615276348,0.24935703594000871,0.24927846099653342,0.24974701286013393,0.24971217391191483,0.24962209997741386,0.24867372919930533,0.2497270137144432,0.24831766699123187,0.24965185373263113,0.2493784010393024,0.24893697160280817,0.24932488317813542,0.24956155316737108,0.24971668028950428,0.24966871847596378,0.24940630690068188,0.2462398592229122,0.24600157836980183,0.24498737567098827,0.24797317515407977,0.24834274814036972,0.2494343951936142,0.24943097766142486,0.2495384367629988,0.24975165112479197,0.24960985607482,0.24931863975366605,0.24968653915673894,0.24966558916786233,0.24968227606489982,0.24959426283941102,0.24973665495485034,0.24964634150666984,0.2497427656953237
0.24760368373757996,0.2474541929679374,0.2470695006818745,0.24753054581237854,0.24751586063785316,0.2475472319683284,0.24739776636692704,0.2476019339209727,0.24750843768117875,0.24760406967961446,0.2474731158398934,0.24739752016832817,0.24999999999999992,0.2444779156380094,0.2438080645535739,0.2457346094958839,0.2462018485029163,0.24677879768704133,0.2470029924077521,0.2474413677776132,0.24752999516396848,0.2469712913266248,0.2475421417462402,0.2466903284508743,0.2475150085147027,0.2472401802023424,0.24722132269346436,0.2471439539799283,0.24760795746334516,0.24757341705104874,0.24748411465028103,0.24654385248014032,0.24758815308975593,0.24619086633606213,0.24751358657482894,0.2472425028790376,0.24680485219952172,0.24718944402847423,0.24742408633326515,0.24757788449442425,0.2475303336287071,0.24727017142717567,0.2441308472653755,0.2438946136697872,0.2428890872702877,0.245849314715916,0.24621572017097895,0.2472980170152263,0.24729462888060302,0.24740116757307493,0.24761255580795505,0.24747197521693176,0.24718325322281545,0.24754800151672576,0.2475272309622639,0.247543774937795,0.24745651556352638,0.24759768807855317,0.24750814815508476,0.24760374648120898
0.2468434755619459,0.24669444376812938,0.24631153782885917,0.24677056493448032,0.24675516952162768,0.24678724673365865,0.24663865153545916,0.24684173278190072,0.24674841698085598,0.24684386064923686,0.24671268411777522,0.24664768773335513,0.2444779156380094,0.25000000000000006,0.243035161221085,0.24498382447521255,0.24544186839837032,0.24601906424515346,0.24624541616199266,0.24668123896410446,0.24677000416714276,0.24621134607734949,0.24678213381929898,0.24591877211998622,0.24675517325095722,0.24648885180826358,0.24646229723123905,0.24638432444860714,0.24684773632354035,0.24681330167922744,0.24672427123288582,0.24578691353066498,0.24682789501095603,0.24543500197608079,0.24675364537684571,0.24648340380569186,0.24604709183765666,0.24643050813868805,0.24666442765170654,0.2468177555290817,0.24677035058937088,0.24651098689109904,0.24338129956009694,0.2431457934276029,0.2421433518129361,0.24509449308215833,0.2454597730642932,0.24653874739005666,0.2465353695376549,0.24664158117966162,0.24685232039274016,0.24671217142095925,0.24642433580356365,0.24678796430009733,0.24676725751668332,0.2467837506978716,0.24669675921779374,0.246837498311163,0.24674823329871712,0.24684353811293552
0.24615660667153103,0.2460079895749335,0.2456299531210343,0.24608409821519608,0.24607037489800745,0.24610069304250873,0.24595547642292598,0.24615488805308394,0.2460616719375864,0.24615699070086147,0.24602630158601113,0.24599776804883183,0.2438080645535739,0.243035161221085,0.25000000000000017,0.24427979391212795,0.2447645499301591,0.245335559064073,0.24555887651427985,0.24599522606732252,0.2460833475655144,0.24558409431394354,0.24609533346726906,0.24524989873573305,0.24606834323903645,0.2457961016703171,0.24577647467858943,0.24570087731334514,0.24616085575204552,0.24612651655570192,0.24603773618090813,0.24510297732462555,0.2461411297115054,0.24475202888238304,0.2460671009496437,0.24579753697621426,0.24536243103640654,0.2457447881526398,0.24597805308411386,0.24613095820674596,0.24608368499408928,0.2458250415772881,0.2427040598473441,0.24246920442226716,0.24146955784955898,0.24441248889538045,0.24477675398582222,0.24585272664067612,0.24584935795359375,0.24595527411493895,0.24616542689061865,0.24602566789863375,0.24573863308293575,0.2461012498758165,0.2460806007112195,0.24609704799840107,0.24601029854362835,0.24615064605310039,0.24606162943028648,0.2461566690484658
0.24809286841255274,0.2479430822975727,0.2475590069789974,0.24801958314790223,0.24800504952628666,0.2480364005842977,0.24788738989605089,0.2480911167042241,0.24799734263080844,0.24809325503042692,0.2479620732985245,0.24786796446527212,0.2457346094958839,0.24498382447521255,0.24427979391212795,0.24999999999999992,0.24668963845937852,0.24726673485240425,0.24749530475495204,0.24792934917715564,0.24801902945303883,0.24748371777423492,0.2480311984459932,0.24717315060746833,0.2480040927434993,0.2477272343056021,0.24770975250328797,0.2476289138396466,0.24809714878365147,0.24806254131436917,0.24797306285738477,0.2470309751461806,0.24807732328433413,0.24667725018860853,0.24800256419634303,0.24773097175467418,0.24729250076973888,0.24767780541464532,0.24791293016058952,0.24806701819893734,0.24801937336270907,0.24775869363621397,0.24461316602896183,0.24437644401501657,0.24336896734751906,0.24633502771333238,0.24670216383870425,0.24778659759076985,0.24778320316218855,0.2478899521750504,0.24810175801126685,0.24796089967853552,0.2476716074284028,0.24803707618165408,0.24801626459115086,0.24803284125237543,0.24794540950459068,0.24808686090804627,0.24799714408269297,0.2480929312801433
0.24856331255382869,0.24841324240811183,0.2480258450373141,0.2484898038711015,0.24847673103869278,0.24850657713461222,0.24835578834277366,0.24856154704822095,0.24846751542756773,0.24856370011821838,0.24843276582852328,0.2483386760386243,0.2462018485029163,0.24544186839837032,0.2447645499301591,0.24668963845937852,0.25000000000000006,0.2477340733104697,0.24795903722148502,0.24839994805693957,0.248489330392485,0.24793904555203844,0.2485015180414608,0.24764085392996976,0.24847434525575252,0.24820834945989298,0.24817947390171446,0.24810137908376798,0.2485676031044783,0.24853292820193354,0.24844327781049655,0.2474993953733754,0.24854764467871734,0.24714501127345853,0.24847289715811688,0.24820073209370688,0.24776137525613864,0.24814746760187498,0.24838301464430015,0.2485374133207836,0.2484896779335311,0.24822850579100791,0.24507700986509506,0.2448398591643989,0.24383043859710654,0.2468021425998124,0.24716996893864765,0.24825646140635668,0.24825305982688053,0.24836001153683684,0.24857221900937204,0.24843109357513468,0.24814125239720997,0.2485074145273615,0.24848656347314688,0.24850317156763133,0.24841557395770333,0.2485572936576394,0.24846740670746498,0.24856337554063154
0.24913750769104956,0.24898709087491286,0.24860072781003917,0.24906387831977755,0.24904957209974812,0.24908076778342111,0.24893052948655006,0.24913574489481377,0.24904157164722598,0.24913789597143554,0.24900637349759105,0.2489106586208523,0.24677879768704133,0.24601906424515346,0.245335559064073,0.24726673485240425,0.2477340733104697,0.25,0.24853213116877365,0.2489739120996716,0.24906335873817725,0.24850777868751117,0.24907555993683486,0.24821304446184198,0.2490483968921444,0.24878456895780948,0.24875277803499818,0.24867333338715053,0.24914180744020684,0.24910705263911628,0.24901719585729756,0.24807115447842068,0.24912189072352176,0.24771590636121585,0.24904690481024014,0.24877408860938355,0.24833373390024827,0.24872069942846892,0.24895679816658814,0.24911154862902318,0.24906370279981233,0.24880192421627678,0.24564314480623875,0.245405431063283,0.2443937028723727,0.24737226459274614,0.24774094558508608,0.24882994776146647,0.24882653834291632,0.24893373708343192,0.249146434721003,0.24900498327912876,0.2487144725214879,0.24908148053700643,0.24906058131555317,0.249077227775806,0.24898942778903918,0.24913147489087353,0.24904138029682302,0.24913757082335516
0.24936255498614412,0.2492120022976614,0.2488253391627689,0.24928885971703973,0.24927459135718494,0.24930576639884086,0.24915544379602234,0.2493607906774989,0.24926653343611851,0.24936294361244105,0.24923131430808834,0.24913591032444612,0.2470029924077521,0.24624541616199266,0.24555887651427985,0.24749530475495204,0.24795903722148502,0.24853213116877365,0.25000000000000006,0.24920032036712073,0.24928834348806025,0.24872738169692113,0.2493006442170781,0.24844076382073293,0.24927337714813258,0.24900227910551684,0.24897747830599265,0.24889930887315553,0.24936685861520486,0.2493320730398695,0.2492421362420827,0.24829521065322938,0.24934700946880128,0.24793968957732457,0.24927180989507686,0.24899880776772457,0.24855806135238395,0.24894537101192274,0.24918168625415663,0.24933657247611998,0.24928868376968905,0.24902667185176067,0.2458650460939492,0.24562712533329187,0.24461447073489656,0.2475957210189239,0.24796473221731058,0.24905471692311096,0.2490513048019521,0.2491586002553198,0.24937149007993392,0.24922991086418975,0.24893913793065453,0.24930647722247168,0.2492855591227498,0.2493022206197239,0.24921434138796844,0.2493565167365061,0.24926634075950813,0.24936261817547742
0.24980595421727647,0.2496551338264267,0.2492677600439225,0.2497321272046602,0.2497178256457386,0.24974906343893638,0.24959844947692497,0.24980418668956159,0.24970976203835432,0.2498063435288221,0.2496744807801521,0.2495787230975623,0.2474413677776132,0.24668123896410446,0.24599522606732252,0.24792934917715564,0.24839994805693957,0.2489739120996716,0.24920032036712073,0.24999999999999994,0.24973160973759223,0.24916895887832763,0.2497438138840755,0.2488821874700632,0.24971650136393628,0.24943986497004558,0.24942019147255184,0.24934148676660584,0.24981026561546318,0.24977541806156156,0.249685321352896,0.24873670842259585,0.24979027163538325,0.24838056260463975,0.2497150669314442,0.24944156043331708,0.24900002407993763,0.24938802896388385,0.24962476108382886,0.24977992550680878,0.2497319516162149,0.2494694739668785,0.246302225658876,0.24606388458084494,0.24504942505642524,0.24803597918108025,0.2484056456497876,0.24949756883381355,0.24949415054650845,0.2496016368269988,0.24981490519883107,0.24967307423672677,0.24938178422317134,0.24974977674000828,0.24972882144518577,0.24974551256846408,0.24965747706770477,0.24979990523084097,0.24970956890916385,0.2498060175189686
0.24989571078817518,0.24974483620677876,0.2493573203500974,0.24982185710158497,0.24980755185919945,0.2498387994160174,0.24968813587494404,0.24989394260963196,0.24979948448857528,0.24989610024056613,0.2497641854213659,0.249668375429345,0.24752999516396848,0.24677000416714276,0.2460833475655144,0.24801902945303883,0.248489330392485,0.24906335873817725,0.24928834348806025,0.24973160973759223,0.25000000000000006,0.24925866183117182,0.24983354431071947,0.24897132015496376,0.2498061854959451,0.24952919688427028,0.2495098073193958,0.24943101884145377,0.24990002379214002,0.2498651635491999,0.24977503458752529,0.2488260837719551,0.24988001824058959,0.24846980052424392,0.24980480726792462,0.2495311861109058,0.24908948826957295,0.2494776353014184,0.2497144511695492,0.24986967272519825,0.2498216815191937,0.24955910893179098,0.24639072112902236,0.24615229289556517,0.24513747104211184,0.24812509901561255,0.24849489886418433,0.24958721468033515,0.24958379506754963,0.249691319998439,0.24990466498586364,0.24976278306316047,0.2494713883285516,0.24983951312604685,0.2498185503018537,0.24983524742236482,0.2497471802741118,0.24988965962830767,0.2497992908483232,0.2498957741126121
0.24933286680721914,0.24918233204297974,0.24879560209824989,0.24925918376929068,0.2492446817567051,0.24927607821438874,0.2491257907931165,0.24933110294586902,0.24923686763824265,0.2493332553975884,0.24920147137121093,0.24911217666717098,0.2469712913266248,0.24621134607734949,0.24558409431394354,0.24748371777423492,0.24793904555203844,0.24850777868751117,0.24872738169692113,0.24916895887832763,0.24925866183117182,0.25,0.24927096982902427,0.24842138567027994,0.24924365707665735,0.24896842358886404,0.24894783487332753,0.24886822781040877,0.2493371696196194,0.2493023882544869,0.249212462134836,0.2482656588367268,0.2493172494154382,0.24791016606345298,0.24924214674620399,0.24896916252584037,0.24852847354988786,0.24891573160225627,0.24915202044527643,0.24930688739042553,0.24925900430335,0.248997022363293,0.24583577119421673,0.24559787406531747,0.24458534784909605,0.24756624161617447,0.24793521041121905,0.24902506543691758,0.24902165368975382,0.24912893637529004,0.24934180083723004,0.24920023847738065,0.24890950012991883,0.24927679571995282,0.2492558801106162,0.2492725396239818,0.24918467084360604,0.2493268292764729,0.24923666403549152,0.24933292998902956
0.24990792001458934,0.24975703806187022,0.24936950727653534,0.24983406288544813,0.24981975650800262,0.24985100607291705,0.24970033822689822,0.24990615176784645,0.24981168898060574,0.24990830948622597,0.24977638812196654,0.24968057782332995,0.2475421417462402,0.24678213381929898,0.24609533346726906,0.2480311984459932,0.2485015180414608,0.24907555993683486,0.2493006442170781,0.2497438138840755,0.24983354431071947,0.24927096982902427,0.24999999999999994,0.24898891091821368,0.24981984342316801,0.24954536773113664,0.24952195518632148,0.2494466209838238,0.24991223679142865,0.2498773702884512,0.24978724423037274,0.24883823203095923,0.24989415934649845,0.24848184350149086,0.24981868889740869,0.24954337885618533,0.24910161443100715,0.24948982474376913,0.24972663298867484,0.24988188067556333,0.24983388611173632,0.2495712940502594,0.24640273291134213,0.24616427803737753,0.24514942418368985,0.2481372127369987,0.24850703644632796,0.24959941001288158,0.24959598878658104,0.24970351940684432,0.24991687464975304,0.24977498579507176,0.2494835760030061,0.24985171960676794,0.24983075575808364,0.24984745369468864,0.24975938202317663,0.2499018685590785,0.24981149536392058,0.24990798334211997
0.24904544067030907,0.24889507943965272,0.24850871464737267,0.24897184182969775,0.24895727858930064,0.24898871311615928,0.248838173093049,0.24904367875625175,0.24894951616825065,0.2490458288210396,0.24891444643268512,0.2488181819241945,0.2466903284508743,0.24591877211998622,0.24524989873573305,0.24717315060746833,0.24764085392996976,0.24821304446184198,0.24844076382073293,0.2488821874700632,0.24897132015496376,0.24842138567027994,0.24898891091821368,0.25000000000000006,0.24895637336305415,0.2486926198679929,0.24866086738632742,0.24858201512758085,0.2490497395498429,0.24901499865496066,0.24892517441193823,0.24797942201517548,0.24903007863993584,0.24762443169912218,0.2489547033612736,0.24868215702330307,0.24824196845632496,0.24862879039380292,0.248864805717671,0.24901949120386443,0.24897166398143603,0.24870999168401936,0.24555239825822464,0.2453148017885058,0.2443034010667788,0.2472808618900956,0.2476493965636568,0.24873799360749813,0.24873458633788495,0.24884174520099275,0.24905436440134268,0.24891296523186635,0.24862256241819194,0.24898943422074135,0.24896854272281532,0.24898518303110584,0.24889741565716125,0.24903941009951253,0.24894934879928812,0.24904550377928505
0.24988055305917173,0.24972968762925696,0.24934219680705252,0.24980670386256812,0.24979240149255097,0.24982364521868433,0.2496729938265572,0.24987878498957453,0.2497843327042659,0.24988094248816417,0.24974903513924782,0.2496532360806544,0.2475150085147027,0.24675517325095722,0.24606834323903645,0.2480040927434993,0.24847434525575252,0.2490483968921444,0.24927337714813258,0.24971650136393628,0.2498061854959451,0.24924365707665735,0.24981984342316801,0.24895637336305415,0.25000000000000017,0.24951539196543052,0.24949471853664618,0.2494315960296367,0.249884869161223,0.24985000769903798,0.24975987695866014,0.24881104558638453,0.24987794181159773,0.24845475965430674,0.24978967589940618,0.249516052186223,0.2490743517612188,0.24946250682163382,0.24969929670757315,0.24985451657510177,0.24980652815028934,0.24954397283164031,0.24637577389753562,0.24613737697775392,0.24512259243487927,0.24811005187051136,0.24847982481484743,0.24957207592483846,0.24956865606317058,0.24967617466258402,0.24988950671373128,0.24974763339704492,0.24945625607561267,0.24982435880578827,0.2498033972532049,0.24982009336084712,0.24973203150665998,0.24987450226634492,0.24978413896778884,0.2498806163797678
0.24960348143103897,0.24945278328317083,0.24906583987176673,0.24952971582500993,0.2495155684396242,0.2495466425896217,0.24939633186547167,0.24960171551606392,0.24950737384179603,0.24960387040744744,0.24947210547521675,0.24937695615276348,0.2472401802023424,0.24648885180826358,0.2457961016703171,0.2477272343056021,0.24820834945989298,0.24878456895780948,0.24900227910551684,0.24943986497004558,0.24952919688427028,0.24896842358886404,0.24954536773113664,0.2486926198679929,0.24951539196543052,0.2499999999999999,0.24921797767634918,0.24914372584934624,0.2496077861949357,0.2495729716683923,0.24948296912550905,0.2485349826734878,0.24959911491894873,0.2481792844622806,0.24951281316523405,0.2492393769943629,0.2487983661815659,0.24918588345942036,0.2494224983491905,0.24957747382315243,0.24952954049959203,0.24926728120751898,0.24610263408977098,0.24586445301044726,0.24485086672055753,0.2478349413199514,0.24820431592036377,0.2492953438732085,0.24929193147090564,0.2493993294756038,0.2496124251576496,0.24947070915244055,0.24917965703140116,0.24954734948676227,0.24952641117669053,0.24954308877140258,0.24945512502549372,0.2495974373474298,0.24950717424517133,0.24960354468142415
0.24958408665476667,0.2494334002164983,0.24904636778594746,0.24951032506317206,0.24949603802387976,0.2495272462618181,0.2493767709873838,0.24958232068105973,0.24948798036930617,0.24958447562148492,0.24945272527090198,0.24935703594000871,0.24722132269346436,0.24646229723123905,0.24577647467858943,0.24770975250328797,0.24817947390171446,0.24875277803499818,0.24897747830599265,0.24942019147255184,0.2495098073193958,0.24894783487332753,0.24952195518632148,0.24866086738632742,0.24949471853664618,0.24921797767634918,0.24999999999999972,0.24912012237053946,0.249588417793499,0.24955357165674644,0.2494635589094536,0.2485159581407062,0.2495719788649028,0.24815955017230987,0.24950072706954027,0.24922002812082916,0.24877854597846843,0.24916654717493225,0.24940292607442324,0.24955808103975366,0.24951014376245761,0.24924786592768494,0.24608331552182564,0.24584515958170242,0.24483162281513865,0.24781564523761698,0.2481849999970434,0.24927598233453824,0.24927255777422877,0.24937995161953558,0.2495930296864023,0.24945132469275158,0.24916028806014257,0.24952795907193986,0.2495070223874043,0.2495236986877309,0.24943574003077734,0.249578043040797,0.24948778695219342,0.24958414990023708
0.24950527452101856,0.2493546356655904,0.2489677461233095,0.24943153680303587,0.24941726328345104,0.24944845316099165,0.24929801935359755,0.24950350916713337,0.24940919779830512,0.24950566335324012,0.24937397562867736,0.24927846099653342,0.2471439539799283,0.24638432444860714,0.24570087731334514,0.2476289138396466,0.24810137908376798,0.24867333338715053,0.24889930887315553,0.24934148676660584,0.24943101884145377,0.24886822781040877,0.2494466209838238,0.24858201512758085,0.2494315960296367,0.24914372584934624,0.24912012237053946,0.2499999999999999,0.24950958676554724,0.24947478494663247,0.24938478857599272,0.24843709445211576,0.24949280716334257,0.24808212521111045,0.24941905365667003,0.24914131716987356,0.2487005860409264,0.249087859256071,0.249324442961577,0.24947927716068835,0.2494313674009182,0.24916925897299574,0.24600594345855648,0.24576801355631356,0.2447545970207181,0.24773749165902215,0.2481066693490547,0.24919725397151377,0.2491938476096692,0.2493012020458251,0.24951421472871094,0.24937255448194529,0.24908161984741567,0.2494491646621175,0.2494282345921417,0.24944490562307542,0.24935697735607454,0.24949923281546446,0.24940900522737552,0.24950533774651792
0.2499744192959405,0.24982349719426805,0.24943585944880942,0.2499005423509629,0.2498862327363426,0.24991749000739283,0.24976677923978546,0.24997265056083526,0.2498781626972039,0.2499748088709734,0.24984285248205204,0.24974701286013393,0.24760795746334516,0.24684773632354035,0.24616085575204552,0.24809714878365147,0.2485676031044783,0.24914180744020684,0.24936685861520486,0.24981026561546318,0.24990002379214002,0.2493371696196194,0.24991223679142865,0.2490497395498429,0.249884869161223,0.2496077861949357,0.249588417793499,0.24950958676554724,0.24999999999999986,0.24994520652807198,0.24985372649852142,0.24890474332394416,0.2499590654237661,0.24854806970132773,0.2498845793764458,0.24960978120611788,0.24916793316383973,0.24955622340820777,0.2497989127384702,0.24994837303246997,0.24990036688623693,0.24963771822693245,0.24646832342519712,0.24622986117281784,0.24521467014697676,0.24820325419841918,0.248573164604692,0.24966582647836733,0.24966240512628377,0.2497699641505847,0.24998337631388975,0.2498414497032804,0.24954996278483316,0.2499182039334966,0.24989723450680054,0.2499139368862665,0.2498258419222567,0.24996836623016697,0.24987796898714157,0.24997448264032252
0.24993954867517135,0.24978864762664293,0.24940106392911315,0.24986568203485626,0.24985137441386007,0.24988262732668184,0.24973193756523102,0.2499377801866977,0.24984330550372227,0.24993993819586519,0.24980800021145838,0.24971217391191483,0.24757341705104874,0.24681330167922744,0.24612651655570192,0.24806254131436917,0.24853292820193354,0.24910705263911628,0.2493320730398695,0.24977541806156156,0.2498651635491999,0.2493023882544869,0.2498773702884512,0.24901499865496066,0.24985000769903798,0.2495729716683923,0.24955357165674644,0.24947478494663247,0.24994520652807198,0.24999999999999997,0.24981885317509187,0.24886973868531062,0.24992386349384127,0.24851337363748818,0.2498487200332311,0.24957495926140916,0.2491331847594731,0.24952140009092344,0.2497582522398427,0.24991350604442494,0.2498655063036608,0.2496028863196691,0.24643393890884818,0.24619546896691366,0.24518047139332771,0.24816862483977628,0.24853849053875182,0.24963099858758533,0.24962757819003015,0.24973512205484247,0.24994850444364716,0.24980659763134433,0.24951515163464572,0.24988334115457952,0.24986237465294597,0.2498790747025896,0.24979099207136296,0.24993349645378082,0.24984311182087765,0.24993961201071696
0.24984939288222668,0.24969854626527482,0.24931110233495923,0.24977555288600653,0.24976125038174227,0.24979249206384926,0.24964185660172183,0.24984762503161526,0.2497531844243996,0.24984978226242213,0.2497178918711852,0.24962209997741386,0.24748411465028103,0.24672427123288582,0.24603773618090813,0.24797306285738477,0.24844327781049655,0.24901719585729756,0.2492421362420827,0.249685321352896,0.24977503458752529,0.249212462134836,0.24978724423037274,0.24892517441193823,0.24975987695866014,0.24948296912550905,0.2494635589094536,0.24938478857599272,0.24985372649852142,0.24981885317509187,0.24999999999999997,0.24878003062557386,0.24983423485715578,0.2484236207213339,0.24975848713912496,0.2494849364746488,0.24904331111542657,0.24943139160919428,0.24966836058847222,0.24982335964163474,0.24977537464326946,0.2495128275715593,0.24634495456668465,0.24610659217526049,0.2450919749019738,0.24807910566558727,0.24844883071050528,0.24954095571234172,0.2495375336017518,0.24964504013290484,0.2498583454202568,0.24971648979518984,0.24942514702062846,0.24979320563626747,0.24977224669744466,0.24978894072324137,0.2497008895256669,0.24984334284393542,0.24975299081370875,0.24984945619492663
0.2489001595632798,0.24874988604611875,0.248363914458081,0.24882660011809585,0.24881235182266395,0.24884347494280123,0.24869341224897779,0.24889839843090222,0.24880431663865826,0.2489005474641301,0.24876915794277676,0.24867372919930533,0.24654385248014032,0.24578691353066498,0.24510297732462555,0.2470309751461806,0.2474993953733754,0.24807115447842068,0.24829521065322938,0.24873670842259585,0.2488260837719551,0.2482656588367268,0.24883823203095923,0.24797942201517548,0.24881104558638453,0.2485349826734878,0.2485159581407062,0.24843709445211576,0.24890474332394416,0.24886973868531062,0.24878003062557386,0.25,0.24888763633506633,0.24749929853505168,0.24880973939167306,0.2485371415277906,0.248100396577274,0.2484832997621051,0.24872693921834826,0.24887422452979424,0.2488260879318256,0.24856695819609131,0.24539710474494023,0.24515626275892147,0.2441568483385362,0.247132079231987,0.24750386233547564,0.24859339323359866,0.24858942340650184,0.2486966871171379,0.24890907808762638,0.2487677613965306,0.24847707397694194,0.24884418576748069,0.24882330626026844,0.24883993706578922,0.24875210528336344,0.24889413251042797,0.24880412374762548,0.24890022263544131
0.24995440779850117,0.2498034977787741,0.24941588974006462,0.24988053677008135,0.24986622638909156,0.24989748299529188,0.24974678219047738,0.24995263920475944,0.2498581587818056,0.249954797342786,0.2498228515909477,0.2497270137144432,0.24758815308975593,0.24682789501095603,0.2461411297115054,0.24807732328433413,0.24854764467871734,0.24912189072352176,0.24934700946880128,0.24979027163538325,0.24988001824058959,0.2493172494154382,0.24989415934649845,0.24903007863993584,0.24987794181159773,0.24959911491894873,0.2495719788649028,0.24949280716334257,0.2499590654237661,0.24992386349384127,0.24983423485715578,0.24888763633506633,0.24999999999999994,0.24853049549158845,0.2498743568679494,0.2495897898646583,0.24914877308722924,0.24953622293510905,0.24977341830985275,0.24992836362374302,0.2498803638505407,0.24961777015090164,0.24644863919988774,0.24621016831405987,0.24519513021449163,0.24818337821077538,0.24855327585480277,0.2496458387299507,0.24964242019923097,0.24974996914085584,0.24996336409941416,0.24982144885064922,0.2495299872103083,0.24989819693627266,0.24987722918754948,0.24989393023064527,0.24980584267482184,0.2499483552173011,0.24985796521095296,0.24995447113781233
