x1,x2,x3,x4,x5,x6,x7,x8,x9,x10,x11,x12,x13,x14,x15,x16,x17,x18,x19,x20,x21,x22,x23,x24,x25,x26,x27,x28,x29,x30,x31,x32,x33,x34,x35,x36,x37,x38,x39,x40,x41,x42,x43,x44,x45,x46,x47,x48,x49,x50,x51,x52,x53,x54,x55,x56,x57,x58,x59,x60
0.25000000000000006,0.2489728321128384,-0.06682656752157279,0.2485423809987338,-0.06768261859754966,0.24921302668087636,-0.11407963237334018,0.24885182661041969,-0.1568375499768359,0.2495086745554452,0.04543017540185868,-0.058048817539687415,0.05865950114287753,-0.07114837271377755,0.06609421495019212,-0.08283038972777014,0.10611140386087317,-0.1536405514781807,0.14934665913815548,-0.1270555962809759,-0.049703699270412224,0.05957752748668594,-0.06910766988170075,0.06855420774966463,-0.06323702617594847,0.0687995697779836,-0.06863538229845143,0.10989150325269258,-0.11123803097753483,0.14511241072874206,0.0827285963634655,-0.0744822397460988,0.06896913486224535,-0.06468626567505444,0.06273316284268442,-0.04570676245050337,0.05162079440912255,0.026736564088620775,-0.03805621837687419,0.12621707718327496,-0.08036738171831335,0.07397837653504184,-0.07194974755941823,0.06095341835401573,-0.05268823962041813,0.031990022169411984,-0.01870340557941489,-0.044468316488642266,0.09083302930948779,-0.10100502508173602,0.24885070628290903,0.24931778113477657,0.06547262403565446,0.2485338629925877,0.04562405836543498,0.24933972637968957,0.008585569896810736,0.24843954117927936,-0.09691532637145811,0.24951304749866662
0.2489728321128384,0.25000000000000006,-0.06775233091281814,0.2484872902946783,-0.06799328844317308,0.24915918060852038,-0.11436725257053511,0.2487998947342518,-0.15691675777385672,0.24945446472446667,0.04604126934355433,-0.05866615072375317,0.05927608368188794,-0.07161047172587803,0.06648706835652553,-0.0831902007508641,0.10641387949486239,-0.15378795737089193,0.1494604585520571,-0.12722933169860215,-0.050254266196706254,0.06014569167664997,-0.06956427280834342,0.06901092746781283,-0.06368290175815323,0.06919243261830856,-0.0690018465724125,0.1101545073126877,-0.11149837784088708,0.1452915981270623,0.08314509607090474,-0.07492246692314984,0.06942630994576192,-0.06513265756900817,0.06317799357884814,-0.046116893065090675,0.05200091095339887,0.026454170732993595,-0.03778676346960269,0.12605288177725352,-0.08077800033433123,0.074411618145214,-0.07238276674531674,0.06139696550262338,-0.05311946880620654,0.032384558605367306,-0.019046199301211687,-0.04420667959770273,0.09064884875827697,-0.10083608681005087,0.24879820343966247,0.2492633727715985,0.0658687292816949,0.24847840420970246,0.046042583422929315,0.2492853073889533,0.008910990875591088,0.2483840864823072,-0.09673941092029678,0.2494588374515624
-0.06682656752157279,-0.06775233091281814,0.2499999999999999,-0.06824304535538654,0.1981305798223355,-0.06727824789430535,0.16688126917606036,-0.06779538329947252,0.09869587721483569,-0.06727027052961888,-0.2184663499228986,0.23238849437769682,-0.23297342079662042,0.22070846061184232,-0.20714506442829703,0.19126367371014633,-0.17082703423556445,0.11908391524421186,-0.10702458629456253,0.12478751569600895,0.21722033845049865,-0.2268113143435149,0.21833823907507843,-0.2181956372818374,0.21286808615606162,-0.19551284338218336,0.18742262265042395,-0.1529234277472138,0.15214121826763222,-0.1263234864596106,-0.2068386844185701,0.213799160999683,-0.21853066421449147,0.2134551167859397,-0.21239983301615217,0.19566616578760965,-0.18616047632351157,0.11495569442420943,-0.1050611519697782,0.026716920704066928,0.20348055803963142,-0.2107878881477066,0.20996623312732163,-0.21088366220754756,0.2033022333580222,-0.18381716089642341,0.15738585152972012,-0.09936624417891404,0.048598081731385724,-0.03816126338660172,-0.06775863792147842,-0.06711781247053707,-0.1917619749880001,-0.06639271775887483,-0.19520747422242365,-0.06711747458460696,-0.1460938942681517,-0.06633317849170765,-0.042712748887301095,-0.06727206351932405
0.2485423809987338,0.2484872902946783,-0.06824304535538654,0.24999999999999997,-0.06910718192534859,0.24872833937520886,-0.11491185694087085,0.24836961222802498,-0.15684820588371912,0.2490227715670464,0.04685118498079308,-0.05949860395706348,0.06010965853110425,-0.07259694407158926,0.06751992303216739,-0.08403739853136585,0.10702335346133109,-0.1538610620786938,0.1494481458936355,-0.12741752885734273,-0.051113920616387344,0.06101855231721284,-0.07054635742921411,0.06999406523544185,-0.06466142997198611,0.07007665172341146,-0.06983618574876405,0.11058380032029526,-0.11191759595639598,0.1454129252512785,0.08403468707959161,-0.0758729924793023,0.07040995558751832,-0.06610803217919661,0.06415581518550179,-0.047069366886354755,0.05288089480712223,0.025720114652673088,-0.03707198834752619,0.12549381932186526,-0.0816539581343274,0.07534864365755763,-0.07332106487100509,0.062370129005775994,-0.054079201771897345,0.033314784925460736,-0.019869792983558118,-0.04350308449445167,0.09008082335942683,-0.10029400103966683,0.24837135594567641,0.24883145112261118,0.06672627484149422,0.24804501694215758,0.0469797647825923,0.2488533058361253,0.00970381933767416,0.24795058367145006,-0.09618489177442018,0.2490271438076211
-0.06768261859754966,-0.06799328844317308,0.1981305798223355,-0.06910718192534859,0.25000000000000006,-0.06843484657151663,0.19280204880137888,-0.0687767506585303,0.12159864557566134,-0.06813451205399933,-0.20045130237695646,0.21378646124090728,-0.21437782337226233,0.2267334576212193,-0.23854951089915594,0.2210298407831316,-0.20028662222193494,0.14216190240680324,-0.12962832681502667,0.1468808482166684,0.20585520582506878,-0.21536418203987334,0.22443536301857286,-0.22431453731294337,0.22686552953110242,-0.2215074289073545,0.21325426076323242,-0.17607707740873857,0.17523553952177873,-0.14757171285805634,-0.21237500237133933,0.21961772381562605,-0.22467139655134408,0.22554159829650425,-0.22651867533823725,0.21802259114750297,-0.21037441721927463,0.1326649630160133,-0.12182200941817178,0.03605507709497059,0.20932548400902246,-0.21698437327835163,0.21654497241107729,-0.2228233965489225,0.2166189146288665,-0.2050292988086756,0.17797008271225506,-0.11556909402101012,0.060218615642994494,-0.048691913644568645,-0.06864494821616357,-0.06798017944983313,-0.19717013477186957,-0.06723109754079484,-0.20783717695463783,-0.06796751655384417,-0.16558747855378,-0.06710717045913552,-0.05366746157214242,-0.06813608143657045
0.24921302668087636,0.24915918060852038,-0.06727824789430535,0.24872833937520886,-0.06843484657151663,0.2500000000000001,-0.11483270143494853,0.2490400748272662,-0.1571917256889365,0.24969441010126156,0.04592340632991582,-0.0585525562928819,0.059163799627104025,-0.07165394723812318,0.06683425057914269,-0.08357631352051714,0.10685157626602183,-0.1541122564624381,0.14973937407628607,-0.12750243872400585,-0.0501714847451586,0.060074020523588546,-0.06960556156535998,0.06905200156958265,-0.06383861515796248,0.0695314118904976,-0.06932927110045209,0.1104456765572534,-0.11179012829972824,0.1455817992644236,0.08320925094596658,-0.07497541889736443,0.06946808920671223,-0.06526088587040413,0.06333494809675115,-0.04638081434148713,0.05229278341023562,0.026302248406282334,-0.0376548408966544,0.12607785134976,-0.08084438804175385,0.07447208641815588,-0.07244648973011165,0.06152056676709401,-0.053258231761803075,0.03262388261805017,-0.019266445010106027,-0.0440866105586983,0.09061564389714491,-0.10082347235524583,0.24903750994371762,0.24950317550164586,0.06591857345704712,0.24871741847830656,0.04616837482774713,0.2495249624338303,0.009111108708103187,0.2486221392895386,-0.09671881281111586,0.24969879256315788
-0.11407963237334018,-0.11436725257053511,0.16688126917606036,-0.11491185694087085,0.19280204880137888,-0.11483270143494853,0.24999999999999997,-0.11519482285933522,0.14329861511790695,-0.11453621339112863,-0.16166002156118256,0.17479505853157665,-0.1754025898614884,0.1876781157482622,-0.19863105120507288,0.21564676348652315,-0.23886468903459768,0.1596275781399716,-0.14630274043046723,0.14962585469186038,0.1665561371334931,-0.17630255693675978,0.1854159777363983,-0.18518928272101562,0.18768859566392712,-0.2030476301399307,0.19564901200734605,-0.16784750785634414,0.16774262953736327,-0.15709151069961674,-0.17840286422188248,0.182067463383976,-0.18556183289379183,0.18658160782313254,-0.18730893765880025,0.1785743544927496,-0.1800712908911906,0.10073695875364234,-0.08958595694607947,0.0016724232537423112,0.17568272563214127,-0.17995121877142212,0.17930625048730317,-0.18357006297982606,0.17719190965713885,-0.16518150843159865,0.14615761145742726,-0.08318000314662076,0.029091915479176875,-0.0176661322899973,-0.11476103672831943,-0.11437331113417912,-0.16291856540857644,-0.11361070430840485,-0.1687127399119217,-0.11436557470608956,-0.13411254918303986,-0.11347421096560317,-0.022458579414772917,-0.11453816565215923
0.24885182661041969,0.2487998947342518,-0.06779538329947252,0.24836961222802498,-0.0687767506585303,0.2490400748272662,-0.11519482285933522,0.25,-0.157865046451881,0.24933334666896823,0.046479978340646454,-0.05912091720629928,0.05973206686681525,-0.07222232047317911,0.06720488512726425,-0.08393546426537411,0.10721282448556851,-0.154579781303651,0.15038375905008877,-0.12806182857392123,-0.05073792195454843,0.06064196666484504,-0.0701726726327139,0.0696197343606971,-0.06431568875696968,0.06989696227076278,-0.06970871774313837,0.11096522406137177,-0.11230946773212465,0.14615209031634294,0.08364040806251831,-0.07546401553683944,0.0700353634994425,-0.0657570788886171,0.06381042913952989,-0.04675590169411644,0.05266804706209732,0.02592567069328116,-0.03727772500286368,0.1257011175579419,-0.08127427654850157,0.07494171568404188,-0.07291911266393111,0.06201750103685542,-0.05373344751369681,0.033000574054722925,-0.0196511495528544,-0.04370918618005377,0.09026657937742273,-0.10047754763819713,0.2486795569218786,0.2491420493163466,0.06635293902370726,0.24835575413210886,0.04663814699362645,0.24916386490003176,0.00948951435962964,0.24826102545811807,-0.09637095320310707,0.24933770164824925
-0.1568375499768359,-0.15691675777385672,0.09869587721483569,-0.15684820588371912,0.12159864557566134,-0.1571917256889365,0.14329861511790695,-0.157865046451881,0.2500000000000001,-0.1572143767869849,-0.0858303961255674,0.0972632290814087,-0.09787640502671914,0.1102036572832288,-0.12311549616857186,0.14103753442351216,-0.14278940188480035,0.21010234685774964,-0.2386726415262138,0.21417434350605538,0.09082505464616165,-0.09987704450007137,0.10915633622685288,-0.10882890873979273,0.11431155063629583,-0.1318711795787087,0.1416404233966525,-0.18292983748762737,0.1838946930902771,-0.2096295645651953,-0.10778992709058678,0.10711131594483389,-0.10917783818425714,0.1131649109200339,-0.11435983427037327,0.11629135303143649,-0.12516949754067871,0.051440962328667385,-0.04082136548998819,-0.04152832783038786,0.10685145165324675,-0.1060873134538563,0.10557260711029552,-0.11016024315423747,0.10611194648296915,-0.10356141607020024,0.09261341216680034,-0.034933662322449564,-0.012249356845517784,0.022571614145391748,-0.15702476312202435,-0.15706280933002112,-0.09503448261787026,-0.1563940957225875,-0.09885615865874695,-0.1570523422498372,-0.08211407150473066,-0.15620967384254017,0.018394766894950513,-0.15721352550162726
0.2495086745554452,0.24945446472446667,-0.06727027052961888,0.2490227715670464,-0.06813451205399933,0.24969441010126156,-0.11453621339112863,0.24933334666896823,-0.1572143767869849,0.2500000000000004,0.045888714319734125,-0.05852628508778456,0.05913742814978605,-0.07162790041661454,0.06655234457722116,-0.08328558222393916,0.10656477073635681,-0.1540638624541814,0.1497272006065948,-0.12743354000561413,-0.05014288918237131,0.060047248301544495,-0.06957936939303508,0.06902486056733809,-0.06369204035823892,0.06923691490167783,-0.06904962181855093,0.11030711393233628,-0.11165429646265325,0.14553414975937623,0.08320105078690374,-0.07495427114332788,0.06944095888908464,-0.06514380444422282,0.0631863441312169,-0.04610193098682503,0.05200797517722744,0.026583982387314672,-0.03793679918435261,0.12635916984543433,-0.08083064519656297,0.07444461086014395,-0.07241164820097108,0.061401095531562665,-0.05311019363291828,0.032345125469305444,-0.01899432864733662,-0.044368054711362334,0.09088634957430362,-0.10109081151508438,0.24933219696776981,0.24979887331346196,0.06589425493989948,0.24901256567411506,0.04602199396410004,0.2498208528829858,0.008842617275494234,0.24891802463177184,-0.09698746179131613,0.24999468904797903
0.04543017540185868,0.04604126934355433,-0.2184663499228986,0.04685118498079308,-0.20045130237695646,0.04592340632991582,-0.16166002156118256,0.046479978340646454,-0.0858303961255674,0.045888714319734125,0.2500000000000001,-0.235432936229913,0.23466682084977958,-0.22242918234539924,0.20949635272968303,-0.19116366907921833,0.16726778261172318,-0.10808220350008173,0.09542909108267801,-0.11626606823927522,-0.2200877375773354,0.22907794245767077,-0.22016224940283297,0.22006765858785693,-0.2150749112377572,0.19666292907397856,-0.18812085971559536,0.14758856839082188,-0.14662606099881953,0.1160473542418565,0.2070791576267783,-0.21504919762746888,0.22037606732539658,-0.2155355413004114,0.2146347474917716,-0.19887929736854992,0.18841366210716878,-0.12197759330296719,0.11278676695165944,-0.03987161951021403,-0.20377443865723957,0.21198190944521186,-0.21131329518666914,0.21322368957279042,-0.20614065061277984,0.18788902813218566,-0.16168449080655972,0.1074862431701248,-0.0591982400429573,0.04933367321973664,0.04645966249006109,0.04574863342673684,0.19301987468044157,0.04507084244763511,0.1984101263018301,0.04574624239519831,0.15092627687846366,0.04501801710297119,0.053669317317722315,0.04589017560323882
-0.058048817539687415,-0.05866615072375317,0.23238849437769682,-0.05949860395706348,0.21378646124090728,-0.0585525562928819,0.17479505853157665,-0.05912091720629928,0.0972632290814087,-0.05852628508778456,-0.235432936229913,0.2500000000000003,-0.24916745311719427,0.2368660348711653,-0.2231975756876951,0.20461933077800926,-0.18044478214679324,0.12032038165043722,-0.10708699585440602,0.12809230422476092,0.23352272561454981,-0.24339115075984144,0.2344111227227257,-0.23428899549736598,0.2289166188552769,-0.20987789005084015,0.20103856335632708,-0.16008879558060748,0.15913127810275968,-0.12835254724257142,-0.22121285334913582,0.22925627669341195,-0.2346309329365417,0.22944246879635888,-0.22843978961816375,0.21136882733238577,-0.20063317771958591,0.12743633349113415,-0.11728912051686541,0.03687290219763644,0.21764476972872426,-0.22601595966557214,0.2252338371879132,-0.2268561846503799,0.21910091795755313,-0.19922884656397968,0.1711064644007648,-0.1114451549507925,0.05868912489786887,-0.04787994783942366,-0.05909975945578942,-0.058371080613891374,-0.20571472874279267,-0.05762593878225733,-0.21067064550182826,-0.05836925361580885,-0.15936056431132659,-0.0575652735182694,-0.05261435306578516,-0.05852795655925811
0.05865950114287753,0.05927608368188794,-0.23297342079662042,0.06010965853110425,-0.21437782337226233,0.059163799627104025,-0.1754025898614884,0.05973206686681525,-0.09787640502671914,0.05913742814978605,0.23466682084977958,-0.24916745311719427,0.2500000000000004,-0.23745620777086696,0.2237967702254462,-0.20522236871094743,0.181051408673254,-0.1209364820598515,0.10770762739159853,-0.12870609425640703,-0.23361739971870618,0.24349458096947704,-0.2350003474075021,0.23487702669866348,-0.2295092937893068,0.21047563171330222,-0.20164132662272846,0.1606967818310477,-0.1597402097947688,0.12896693528109518,0.22180350439160504,-0.2298460533496245,0.23522030561419394,-0.23003371750859086,0.22903188043952472,-0.21194199790898635,0.20120535235648151,-0.12769318381183398,0.11749993189361022,-0.03672658119620588,-0.21822524086223788,0.22660010359742538,-0.2258136217179664,0.22743464393393595,-0.21965535348235285,0.19974741306724694,-0.1715440913306272,0.1116303643582438,-0.058664223293327065,0.0478098610801894,0.05971070109073599,0.05898155136911441,0.2062412367415433,0.05823342530524496,0.21119257438838993,0.05897970791596543,0.15975155505542118,0.05817210973485263,0.05256312360586573,0.05913910962005064
-0.07114837271377755,-0.07161047172587803,0.22070846061184232,-0.07259694407158926,0.2267334576212193,-0.07165394723812318,0.1876781157482622,-0.07222232047317911,0.1102036572832288,-0.07162790041661454,-0.22242918234539924,0.2368660348711653,-0.23745620777086696,0.25000000000000017,-0.23625468878744976,0.21768763901345423,-0.1935242672971301,0.1333930209623423,-0.12015726517863315,0.1410553146933958,0.2283361267067953,-0.23825436039485612,0.24734985344052846,-0.24720388748394873,0.24184615926610578,-0.22281508206406705,0.21402813113572164,-0.17308100945174557,0.17214376548167357,-0.14138831373523597,-0.23416168927336103,0.2421990106702749,-0.24757028786641574,0.24236033645613841,-0.2413563982094605,0.2238621433261967,-0.21309012456652804,0.1331520143631433,-0.12200008327662887,0.0338391696276642,0.23036618157371763,-0.23882946650411951,0.23794838515013914,-0.2394975148845819,0.2312036373885993,-0.21054453225069655,0.18069081530339168,-0.11560644160694358,0.058279700417228075,-0.04648777310342752,-0.07219784323308884,-0.07145792866614233,-0.21726580934286086,-0.07064845340929202,-0.22206855957965418,-0.07145574644597685,-0.16793086903408147,-0.07057325977856127,-0.05163309320217753,-0.07162957395994869
0.06609421495019212,0.06648706835652553,-0.20714506442829703,0.06751992303216739,-0.23854951089915594,0.06683425057914269,-0.19863105120507288,0.06720488512726425,-0.12311549616857186,0.06655234457722116,0.20949635272968303,-0.2231975756876951,0.2237967702254462,-0.23625468878744976,0.25000000000000044,-0.231110335393437,0.20702298975301453,-0.14546856834046837,0.13221812776879271,-0.15120768125929918,-0.21493093058194004,0.22471521261758026,-0.23385971060536395,0.23374396114387766,-0.23657935878948316,0.23149978923514208,-0.22276311344985955,0.1823410315973169,-0.1814227310971923,0.15138140718273738,0.2210864425689139,-0.22881426453466963,0.23411076965120806,-0.23514861275100307,0.23622514321839452,-0.2276993545553936,0.21974801432808505,-0.13979395726820248,0.12864692273484732,-0.04044424184122175,-0.21791598788194305,0.2260760574352058,-0.2256476908458903,0.23237267970596734,-0.2260406048672065,0.21434462152987468,-0.18638725392856856,0.1222159024095734,-0.06508224550304124,0.05319472696354471,0.06710095741455194,0.06639429356844388,0.20545486891772113,0.06562451314582803,0.2169712865576865,0.06638059445354168,0.17360188580485808,0.06549595618493217,0.058330213906771795,0.06655394044694088
-0.08283038972777014,-0.0831902007508641,0.19126367371014633,-0.08403739853136585,0.2210298407831316,-0.08357631352051714,0.21564676348652315,-0.08393546426537411,0.14103753442351216,-0.08328558222393916,-0.19116366907921833,0.20461933077800926,-0.20522236871094743,0.21768763901345423,-0.231110335393437,0.25000000000000033,-0.22523220945775393,0.16309792667699616,-0.1496951725352971,0.1652489156026273,0.19645279883132213,-0.2062242715627039,0.21540983654970874,-0.21525758317374366,0.2189222540638257,-0.23552196831300468,0.22706784474054292,-0.1908999972205451,0.19021188609789258,-0.16553912708501106,-0.2041947892642037,0.21073812957502303,-0.2156253640517711,0.2173659345939298,-0.21855529668919904,0.2109222207222308,-0.21179953385546657,0.13194866259749144,-0.12078609831663056,0.03247545125051944,0.20129682843667335,-0.20822895405733519,0.20780505552977813,-0.21450867430334555,0.2083682291828277,-0.1975453900932233,0.17760270870135453,-0.11434701522448212,0.058063231723908135,-0.046285237074665066,-0.08372999231022436,-0.0831271506708986,-0.1888556763902933,-0.0823626336850281,-0.19949741994259218,-0.08311386601914357,-0.1650352366284025,-0.08221939372078012,-0.051265874501283275,-0.08328720613975066
0.10611140386087317,0.10641387949486239,-0.17082703423556445,0.10702335346133109,-0.20028662222193494,0.10685157626602183,-0.23886468903459768,0.10721282448556851,-0.14278940188480035,0.10656477073635681,0.16726778261172318,-0.18044478214679324,0.181051408673254,-0.1935242672971301,0.20702298975301453,-0.22523220945775393,0.25000000000000006,-0.16887130660161154,0.1510049591863041,-0.15390759704111703,-0.17228499077207296,0.18204728851853105,-0.19128517275239784,0.19108042512207982,-0.19511729997419336,0.21258041669332248,-0.20510289278716,0.17729655823521184,-0.17662885844862794,0.15475901446735646,0.1828275942326728,-0.18725570141102205,0.1914516146497332,-0.1936008450392726,0.19475983269799813,-0.18762009666305296,0.1894266815325441,-0.10972435646226678,0.098534823062713,-0.010217518077901992,-0.18025326765481098,0.18512121413169844,-0.18462488018585588,0.190627420024974,-0.1845824097571,0.1741799105655147,-0.15520583550100947,0.09209163653925508,-0.03732638957569774,0.02576117635122035,0.10683936881464735,0.10640448878295597,0.167649085780259,0.10564459831076298,0.17599067329394077,0.10639336950438655,0.14298829500291949,0.10549783055865353,0.030613169120507898,0.10656665590725443
-0.1536405514781807,-0.15378795737089193,0.11908391524421186,-0.1538610620786938,0.14216190240680324,-0.1541122564624381,0.1596275781399716,-0.154579781303651,0.21010234685774964,-0.1540638624541814,-0.10808220350008173,0.12032038165043722,-0.1209364820598515,0.1333930209623423,-0.14546856834046837,0.16309792667699616,-0.16887130660161154,0.25000000000000006,-0.2203820791285008,0.1962190661465009,0.11316084879366371,-0.12283128103528981,0.1321878287814753,-0.1318746064281715,0.13745652356266821,-0.15539845706327218,0.16479334759533887,-0.20616955224939568,0.2055214452200151,-0.19700439576794732,-0.12960186947378116,0.12986136081649385,-0.13224496369366007,0.13619615785068062,-0.13748202392880235,0.13901365952811917,-0.14791197044643764,0.0692038999392387,-0.05798193727446762,-0.03043959146706121,0.1280896482554915,-0.12855287981290203,0.1280031021834349,-0.13304201781493485,0.12858667549460023,-0.12542079411085433,0.11318692176481365,-0.051475574396382145,-4.498922649961556e-5,0.011225655274486303,-0.15397057975036726,-0.15390525489447246,-0.1154656787249006,-0.15318644235287637,-0.12064515096564803,-0.15389285138764608,-0.10171046446498777,-0.15298951510468653,0.00668515320769466,-0.15406562209853303
0.14934665913815548,0.1494604585520571,-0.10702458629456253,0.1494481458936355,-0.12962832681502667,0.14973937407628607,-0.14630274043046723,0.15038375905008877,-0.2386726415262138,0.1497272006065948,0.09542909108267801,-0.10708699585440602,0.10770762739159853,-0.12015726517863315,0.13221812776879271,-0.1496951725352971,0.1510049591863041,-0.2203820791285008,0.25000000000000017,-0.2245472588006313,-0.1005775137217366,0.10973129951926744,-0.11909983157461526,0.11879057779763653,-0.12461206526438615,0.14266335580201725,-0.15248823140163612,0.19390262033999622,-0.1942537275224294,0.20843993640897207,0.11621629266904294,-0.116377074921612,0.11914063392645018,-0.12333695856645036,0.1246646342243114,-0.12689364264934838,0.1358849786524019,-0.061283017994559534,0.050553204012655055,0.03275651491651189,-0.11520953399629992,0.11521331035619388,-0.1147767703144245,0.12034451938882006,-0.11631419369472805,0.1140392231617792,-0.10292414140016548,0.04459429238805238,0.0037108639571802266,-0.014242068583481786,0.14960181514718932,0.14957775199305565,0.1033864455895773,0.1489012666079108,0.1088705743226262,0.1495654225677661,0.09216397694528194,0.1487129867660621,-0.009969923846979117,0.14972847245756038
-0.1270555962809759,-0.12722933169860215,0.12478751569600895,-0.12741752885734273,0.1468808482166684,-0.12750243872400585,0.14962585469186038,-0.12806182857392123,0.21417434350605538,-0.12743354000561413,-0.11626606823927522,0.12809230422476092,-0.12870609425640703,0.1410553146933958,-0.15120768125929918,0.1652489156026273,-0.15390759704111703,0.1962190661465009,-0.2245472588006313,0.25000000000000006,0.1216098163115603,-0.13072283332779586,0.13998623528040932,-0.13972792138647713,0.14554862242348107,-0.16352444533674285,0.1732760929095663,-0.2143974570526572,0.21487615378597894,-0.23156393995055025,-0.13543276050497471,0.13714265616677984,-0.140074366927327,0.14415793052058684,-0.14560013639233246,0.1478056659312073,-0.15679855467484172,0.08252301266910708,-0.07187348397276118,-0.01104010550650495,0.13376439128562667,-0.13571131058988936,0.13533354965490474,-0.1412936816265664,0.13729034252323113,-0.13507281479552102,0.12399208864378669,-0.06594246513868723,0.016444224161991466,-0.005760920070819575,-0.12746767112048624,-0.12728706042134044,-0.12216633006491648,-0.12661184304941234,-0.12962751563472252,-0.12727257086014135,-0.11295942108472448,-0.1264241987460822,-0.010123834204586053,-0.1274348591344926
-0.049703699270412224,-0.050254266196706254,0.21722033845049865,-0.051113920616387344,0.20585520582506878,-0.0501714847451586,0.1665561371334931,-0.05073792195454843,0.09082505464616165,-0.05014288918237131,-0.2200877375773354,0.23352272561454981,-0.23361739971870618,0.2283361267067953,-0.21493093058194004,0.19645279883132213,-0.17228499077207296,0.11316084879366371,-0.1005775137217366,0.1216098163115603,0.2500000000000003,-0.23998726519399294,0.2303152723374396,-0.23019682870202,0.22490315015064516,-0.20588150760168325,0.1969961055880902,-0.1551765043870213,0.1540977549358461,-0.12125340138695623,-0.21684571728713753,0.22507967594679593,-0.23053004758811765,0.225405353587957,-0.22443542866189112,0.2076564084051168,-0.19685418542331762,0.12678816254937209,-0.1171127462771864,0.0403693752959284,0.2133724010613812,-0.2218800469078198,0.2211575816268147,-0.22296199439240888,0.21548353397850042,-0.19607607728354867,0.1686599280820704,-0.11153723052988399,0.06081032582211704,-0.050445487831177936,-0.05073284539411025,-0.04999477376899748,-0.20201593652468072,-0.04928005552528032,-0.2073611714730183,-0.049992763857691226,-0.15736216012799434,-0.04922608905236205,-0.05499768785973305,-0.0501443187109771
0.05957752748668594,0.06014569167664997,-0.2268113143435149,0.06101855231721284,-0.21536418203987334,0.060074020523588546,-0.17630255693675978,0.06064196666484504,-0.09987704450007137,0.060047248301544495,0.22907794245767077,-0.24339115075984144,0.24349458096947704,-0.23825436039485612,0.22471521261758026,-0.2062242715627039,0.18204728851853105,-0.12283128103528981,0.10973129951926744,-0.13072283332779586,-0.23998726519399294,0.25,-0.24023401380981727,0.24009754207277278,-0.23473208824266042,0.2155809756684223,-0.20665877531062263,0.1648225487467442,-0.16376353104128694,0.13092095802876047,0.226764587373672,-0.23499937777157415,0.24044951827436517,-0.23524176938020103,0.23424968754051131,-0.21698269696975114,0.20610934965091982,-0.13097273380579577,0.12055920870808871,-0.03800261047587828,-0.22311268409212243,0.23169482313198614,-0.23089361281854692,0.23258906510254468,-0.22468031384201897,0.20451917449416954,-0.17576700452194072,0.11455491941879269,-0.0604039060257747,0.04930619264438462,0.06063513143602914,0.05988807017667504,0.2108704164955464,0.0591242992682825,0.2160287959260423,0.05988597084448266,0.16370984889558676,0.05906049214157645,0.05416476069589297,0.060048875766298096
-0.06910766988170075,-0.06956427280834342,0.21833823907507843,-0.07054635742921411,0.22443536301857286,-0.06960556156535998,0.1854159777363983,-0.0701726726327139,0.10915633622685288,-0.06957936939303508,-0.22016224940283297,0.2344111227227257,-0.2350003474075021,0.24734985344052846,-0.23385971060536395,0.21540983654970874,-0.19128517275239784,0.1321878287814753,-0.11909983157461526,0.13998623528040932,0.2303152723374396,-0.24023401380981727,0.24999999999999997,-0.24921810812826323,0.24385361959856178,-0.2246938768169148,0.21581828811396933,-0.1740661782321151,0.1730258327959004,-0.14025295777203323,-0.23592699664575428,0.24414406756372223,-0.24958196225459348,0.24435810071295727,-0.2433638092179739,0.22586186911787354,-0.21497457455521507,0.13503452509451305,-0.12388654884201993,0.03574056594015523,0.23211315055749826,-0.24074928540105908,0.23987521975051818,-0.2415060985091202,0.23321209230755954,-0.21255147014314726,0.18258214683244117,-0.1174942990454016,0.06004716163861451,-0.04823851149407362,-0.0701637169754941,-0.06940961021909771,-0.21902788064172957,-0.0686000012633144,-0.2240545315811566,-0.06940719956473276,-0.16979396397734606,-0.06852498931214306,-0.05339451283002771,-0.06958100251951216
0.06855420774966463,0.06901092746781283,-0.2181956372818374,0.06999406523544185,-0.22431453731294337,0.06905200156958265,-0.18518928272101562,0.0696197343606971,-0.10882890873979273,0.06902486056733809,0.22006765858785693,-0.23428899549736598,0.23487702669866348,-0.24720388748394873,0.23374396114387766,-0.21525758317374366,0.19108042512207982,-0.1318746064281715,0.11879057779763653,-0.13972792138647713,-0.23019682870202,0.24009754207277278,-0.24921810812826323,0.2499999999999999,-0.24376036839637033,0.22458020369104767,-0.21570018285819278,0.1738535514949313,-0.17281016877388186,0.13995944906169125,0.23575452401603367,-0.24399048625419908,0.24944117537990013,-0.24425265764946455,0.2432714032067681,-0.2257966090161212,0.2148940834710797,-0.13511858538982904,0.12399439312140659,-0.03603393740846064,-0.23194748357294795,0.24059866896090612,-0.23973093450121863,0.24140857392747786,-0.23313194580848276,0.21251512621552487,-0.18257171944038333,0.11761575352274783,-0.06026503722790572,0.0484774924966736,0.0696107258611497,0.06885552167684451,0.21889578248780614,0.06804753669145487,0.22398892465461884,0.06885304514385182,0.1698043351977373,0.06797273074677018,0.05362502701997645,0.06902648407556318
-0.06323702617594847,-0.06368290175815323,0.21286808615606162,-0.06466142997198611,0.22686552953110242,-0.06383861515796248,0.18768859566392712,-0.06431568875696968,0.11431155063629583,-0.06369204035823892,-0.2150749112377572,0.2289166188552769,-0.2295092937893068,0.24184615926610578,-0.23657935878948316,0.2189222540638257,-0.19511729997419336,0.13745652356266821,-0.12461206526438615,0.14554862242348107,0.22490315015064516,-0.23473208824266042,0.24385361959856178,-0.24376036839637033,0.2500000000000002,-0.23041481120856952,0.22152212387415016,-0.17968273177074165,0.17863548253831818,-0.1456448195479289,-0.2303935726607159,0.23862851498214255,-0.24413253801602014,0.24733370677016583,-0.2490637758883306,0.23156785491857235,-0.22069066865573037,0.140786460614772,-0.12965250256218222,0.04155604286028425,0.22723297203872583,-0.23594154450623964,0.23569420237395292,-0.24450572208746235,0.2367039472939793,-0.21826648251110736,0.18830760085770773,-0.12326338465745973,0.06581098995964695,-0.05394122197428307,-0.06428357028861612,-0.06352982122125109,-0.2148602041049089,-0.06272428269019178,-0.22752416816050847,-0.06351991080540824,-0.17544186000914994,-0.0626382032905916,-0.05910910304034863,-0.06369361470253171
0.0687995697779836,0.06919243261830856,-0.19551284338218336,0.07007665172341146,-0.2215074289073545,0.0695314118904976,-0.2030476301399307,0.06989696227076278,-0.1318711795787087,0.06923691490167783,0.19666292907397856,-0.20987789005084015,0.21047563171330222,-0.22281508206406705,0.23149978923514208,-0.23552196831300468,0.21258041669332248,-0.15539845706327218,0.14266335580201725,-0.16352444533674285,-0.20588150760168325,0.2155809756684223,-0.2246938768169148,0.22458020369104767,-0.23041481120856952,0.25000000000000006,-0.23939547362292848,0.19761805437575433,-0.19653704366924904,0.16350558774635018,0.21213919799622702,-0.21965974871819952,0.22494495866432032,-0.22826570232942123,0.2300649133291698,-0.22331547956879425,0.22423898138295686,-0.14469455512909601,0.1336044402105173,-0.04574595048277065,-0.20917908433080654,0.2171331359250337,-0.21688315248816767,0.22549744783818218,-0.21964173321985495,0.21003619962815748,-0.1900726101199583,0.12719709423928824,-0.07041762101442411,0.058567023495075705,0.06976718557343682,0.0690827736981468,0.19704878050793762,0.06832506303081592,0.2106742102637851,0.06906602171584879,0.1773709907390066,0.06817626553969902,0.06358911182921195,0.06923843918732504
-0.06863538229845143,-0.0690018465724125,0.18742262265042395,-0.06983618574876405,0.21325426076323242,-0.06932927110045209,0.19564901200734605,-0.06970871774313837,0.1416404233966525,-0.06904962181855093,-0.18812085971559536,0.20103856335632708,-0.20164132662272846,0.21402813113572164,-0.22276311344985955,0.22706784474054292,-0.20510289278716,0.16479334759533887,-0.15248823140163612,0.1732760929095663,0.1969961055880902,-0.20665877531062263,0.21581828811396933,-0.21570018285819278,0.22152212387415016,-0.23939547362292848,0.25000000000000017,-0.2074972211239833,0.20641285154650055,-0.17322045167375313,-0.2034111206114867,0.21080720185594803,-0.2160618262631445,0.21976491267451084,-0.22155866437714092,0.2233300150715412,-0.23249600445138813,0.15265802833527775,-0.141524345407972,0.05329305712976727,0.20057135623389008,-0.20836946373043172,0.2081444012009651,-0.2170514709228222,0.2126895820472257,-0.20997577689768357,0.19678133241618542,-0.13507247479359533,0.07816103755538392,-0.06620434276705518,-0.06956812507998893,-0.06890143794051104,-0.1885828312693723,-0.06817556588826558,-0.20377161161645355,-0.06887851706848824,-0.18405386454636638,-0.06797773523893658,-0.07117901723703657,-0.06905107386298664
0.10989150325269258,0.1101545073126877,-0.1529234277472138,0.11058380032029526,-0.17607707740873857,0.1104456765572534,-0.16784750785634414,0.11096522406137177,-0.18292983748762737,0.11030711393233628,0.14758856839082188,-0.16008879558060748,0.1606967818310477,-0.17308100945174557,0.1823410315973169,-0.1908999972205451,0.17729655823521184,-0.20616955224939568,0.19390262033999622,-0.2143974570526572,-0.1551765043870213,0.1648225487467442,-0.1740661782321151,0.1738535514949313,-0.17968273177074165,0.19761805437575433,-0.2074972211239833,0.25,-0.24761055599284781,0.2146290550061405,0.1667360019270444,-0.17041982292193963,0.1742157528797563,-0.1781468125128176,0.1797237381750775,-0.18161892805556218,0.19070177537066993,-0.11223698109993814,0.1011694293432089,-0.012996017355129223,-0.16420031155743703,0.1684691896512857,-0.16813538629071562,0.17522592739388151,-0.170887535926031,0.1681891175479842,-0.1560509285373771,0.09461114271171109,-0.0404832463658682,0.028938832133405413,0.11052606738998136,0.11015439308242575,0.15205853592369817,0.10943512619240618,0.1624739581405832,0.11013633318354402,0.14396496246435878,0.10923584060856129,0.03367735103442317,0.11030853346808343
-0.11123803097753483,-0.11149837784088708,0.15214121826763222,-0.11191759595639598,0.17523553952177873,-0.11179012829972824,0.16774262953736327,-0.11230946773212465,0.1838946930902771,-0.11165429646265325,-0.14662606099881953,0.15913127810275968,-0.1597402097947688,0.17214376548167357,-0.1814227310971923,0.19021188609789258,-0.17662885844862794,0.2055214452200151,-0.1942537275224294,0.21487615378597894,0.1540977549358461,-0.16376353104128694,0.1730258327959004,-0.17281016877388186,0.17863548253831818,-0.19653704366924904,0.20641285154650055,-0.24761055599284781,0.2500000000000003,-0.21595769587473354,-0.16583310315806624,0.16942202662705572,-0.17317275539358398,0.1771065419776567,-0.17867612617654755,0.1805534081745678,-0.1896334153120785,0.11124874551163123,-0.10025726102301104,0.01190177507735176,0.16332688458251565,-0.16749233399368788,0.16714949837245183,-0.1741719322210049,0.16981979279194553,-0.16710760853381715,0.15500614390098172,-0.09357512829975255,0.03947817597667634,-0.027939898174410248,-0.11186455002500097,-0.11150135425570253,-0.15116155776268317,-0.11078206807557268,-0.16141506436770306,-0.11148333835355713,-0.1429232916610884,-0.11058152163710987,-0.032668566994298494,-0.11165572532263897
0.14511241072874206,0.1452915981270623,-0.1263234864596106,0.1454129252512785,-0.14757171285805634,0.1455817992644236,-0.15709151069961674,0.14615209031634294,-0.2096295645651953,0.14553414975937623,0.1160473542418565,-0.12835254724257142,0.12896693528109518,-0.14138831373523597,0.15138140718273738,-0.16553912708501106,0.15475901446735646,-0.19700439576794732,0.20843993640897207,-0.23156393995055025,-0.12125340138695623,0.13092095802876047,-0.14025295777203323,0.13995944906169125,-0.1456448195479289,0.16350558774635018,-0.17322045167375313,0.2146290550061405,-0.21595769587473354,0.25000000000000033,0.1367988265791153,-0.13778150370144002,0.1403245916819413,-0.14432424041000091,0.14568140651351344,-0.14740587259052307,0.15635744134915264,-0.0776578518904094,0.06645609050463056,0.02194187270500536,-0.13515156381254265,0.1363854249605218,-0.1358843070473751,0.14121679664656528,-0.13680562872434773,0.13384003547950252,-0.12162220258392827,0.05994493241696685,-0.007896117429683967,-0.003360742452419912,0.1455018162490708,0.14537650934404664,0.12265307110678142,0.14465794144651398,0.12876913683951596,0.1453629961314147,0.11002328726563283,0.14445992472956146,0.0012208319040839838,0.14553571036129864
0.0827285963634655,0.08314509607090474,-0.2068386844185701,0.08403468707959161,-0.21237500237133933,0.08320925094596658,-0.17840286422188248,0.08364040806251831,-0.10778992709058678,0.08320105078690374,0.2070791576267783,-0.22121285334913582,0.22180350439160504,-0.23416168927336103,0.2210864425689139,-0.2041947892642037,0.1828275942326728,-0.12960186947378116,0.11621629266904294,-0.13543276050497471,-0.21684571728713753,0.226764587373672,-0.23592699664575428,0.23575452401603367,-0.2303935726607159,0.21213919799622702,-0.2034111206114867,0.1667360019270444,-0.16583310315806624,0.1367988265791153,0.24999999999999992,-0.2416800008605617,0.23616503165768885,-0.23098131113454617,0.22990375068506136,-0.2124295322767162,0.20161001165766973,-0.12169256033494652,0.11052220574177524,-0.022326128874259693,-0.2298378401214636,0.2377448303767909,-0.23607108862332996,0.22811741438973204,-0.21981665275090648,0.19907902589025847,-0.1692330942587604,0.10412510490771655,-0.04719998124213525,0.035520832573829826,0.0837203622515269,0.08302317708861133,0.21589940625158052,0.08222115822337905,0.2107765101828259,0.08302912562449184,0.15665529715078874,0.08214628500952482,0.04062137233145992,0.08320301165375879
-0.0744822397460988,-0.07492246692314984,0.213799160999683,-0.0758729924793023,0.21961772381562605,-0.07497541889736443,0.182067463383976,-0.07546401553683944,0.10711131594483389,-0.07495427114332788,-0.21504919762746888,0.22925627669341195,-0.2298460533496245,0.2421990106702749,-0.22881426453466963,0.21073812957502303,-0.18725570141102205,0.12986136081649385,-0.116377074921612,0.13714265616677984,0.22507967594679593,-0.23499937777157415,0.24414406756372223,-0.24399048625419908,0.23862851498214255,-0.21965974871819952,0.21080720185594803,-0.17041982292193963,0.16942202662705572,-0.13778150370144002,-0.2416800008605617,0.2500000000000002,-0.2444314246892085,0.23920356456277067,-0.23816950738686002,0.2206747658514369,-0.20972765404817023,0.12974551873400547,-0.11858371339810954,0.030385915319401813,0.23725790622709336,-0.24591707299859328,0.24426280622853538,-0.23638342375220467,0.2280815755371369,-0.20734364260364577,0.17731867850226896,-0.11218779591290204,0.05471821805126975,-0.042962102453898386,-0.07553408264086013,-0.07477698434508159,-0.22339096243918416,-0.0739741582812498,-0.21894315059285363,-0.07478217090424567,-0.1646171586630558,-0.07389948699132615,-0.04810699692937982,-0.07495607335409196
