x1,x2,x3,x4,x5,x6,x7,x8,x9,x10,x11,x12,x13,x14,x15,x16,x17,x18,x19,x20,x21,x22,x23,x24,x25,x26,x27,x28,x29,x30,x31,x32,x33,x34,x35,x36,x37,x38,x39,x40,x41,x42,x43,x44,x45,x46,x47,x48,x49,x50,x51,x52,x53,x54,x55,x56,x57,x58,x59,x60
0.24999999999999994,0.24981217499312858,0.2498943544498226,0.24993815133080802,0.24981646121351253,0.249961698498357,0.2497725726927868,0.2499208259621289,0.24991663928022456,0.2499649064508651,0.24984957132426724,0.24667575760013877,0.24841852107009768,0.24371236688966313,0.2452291873278703,0.23791482511682532,0.24204342096585998,0.24336821093958913,0.24767485520384477,0.24992769328318684,0.2498990756944994,0.24631845128446014,0.24785591128037587,0.24444040230079792,0.24827624077436417,0.2415400255035657,0.24874301903421095,0.24426623189986663,0.24946213315346794,0.2497930960777878,0.24994227543632574,0.24634588061661156,0.24759465389420693,0.2451174100525807,0.24850961538666927,0.2423631342340831,0.24932250722700897,0.24526895175502642,0.24961010795623706,0.24981541631990714,0.2498121049334005,0.24672020747354878,0.24869361984355695,0.24370616809949644,0.24590093529262505,0.23748017727793758,0.24197555288373943,0.24289825123865927,0.24770898912769224,0.24992314779444896,0.24993653037653937,0.24978757740346413,0.24989579352443145,0.2499268854304833,0.2497811758634042,0.24996399119519827,0.24959738758828454,0.24993546323664959,0.24977625662004405,0.24996486951601102
0.24981217499312858,0.25,0.24977220777823939,0.2498168405589593,0.24969521556490973,0.24984037616667518,0.24965134193174304,0.24979952346429962,0.24979533880627472,0.24984358255786204,0.24972830335883675,0.24655602884043162,0.24829794556879367,0.24359407051648888,0.24511012380767677,0.23779934798748004,0.24192595698577812,0.24325009044459872,0.24755464305312835,0.2498063874519733,0.2497777837445453,0.24619889504418982,0.24773561041018463,0.24432175715207194,0.24815573601807675,0.2414227914727653,0.24862228825825047,0.24414767539788196,0.24934105323568528,0.24967185557412294,0.24982096252655847,0.24622631287655763,0.2474744801341808,0.24499843822521,0.2483889976799628,0.2422454993521112,0.24920149501398273,0.24514990685677723,0.24948895623327677,0.2496941649826775,0.24969085520368026,0.24660045828324423,0.24857291297049108,0.2435878816470888,0.2457815838228905,0.2373649127225148,0.24185810662864157,0.24278035710272555,0.24758876015145953,0.24980184416869666,0.24981522025536237,0.24966633957865567,0.2497745031814643,0.2498055799906139,0.24965994114123785,0.24984266774553732,0.24947624207261956,0.24981415363342444,0.24965502429040054,0.2498435456400448
0.2498943544498226,0.24977220777823939,0.24999999999999994,0.24989844763811464,0.24977640347813204,0.2499216232927891,0.24973252835771756,0.24988075530235185,0.24987656939148845,0.24992482873066993,0.24980951286977027,0.24663619624692862,0.24837852535436172,0.24367336362134273,0.24519041224489502,0.23787674257507185,0.2420045530178077,0.24332922533371362,0.24763514907268105,0.2498876215290279,0.2498590087041752,0.2462789893099711,0.24781619108128933,0.24440131592228784,0.24823645460916505,0.24150133917342076,0.2487031467937672,0.24422705637558623,0.24942213988570613,0.24975304582620728,0.2499022013819863,0.24630638932605975,0.247554957698285,0.24507812208750576,0.24846977070358284,0.24232428663906522,0.2492825333065294,0.24522963391618813,0.24957008721286195,0.24977536259166339,0.2497720517380433,0.24668065131797826,0.24865374643169535,0.24366709936777436,0.2458615126469323,0.23744210647818206,0.24193676266391265,0.2428593091809285,0.24766927474913186,0.24988307678540345,0.24989645722175796,0.2497475281308169,0.24985572702497758,0.24988681382209982,0.2497411275991398,0.2499239136375172,0.2495573689461149,0.24989539025295798,0.24973620914791467,0.2499247918175106
0.24993815133080802,0.2498168405589593,0.24989844763811464,0.25,0.24982113030830289,0.24996637038504357,0.24977724098191775,0.2499254970672108,0.24992131030547093,0.2499695783798555,0.24985424108968807,0.24668036742665328,0.24842315978050336,0.24371692034594564,0.24523376311289516,0.2379192720551129,0.2420479492399377,0.24337276062855592,0.24767948448043584,0.2499323645165958,0.24990374639241061,0.24632305470398147,0.2478605438468949,0.24444497147035424,0.2482808812597546,0.24154454080742338,0.24874766827950268,0.2442707976877234,0.24946679572058178,0.24979776479404595,0.2499469469424954,0.24635048485362337,0.2475992814342094,0.24512199129746912,0.2485142600531056,0.24236766402660231,0.2493271671178993,0.24527353592540216,0.24961477324159376,0.24982008545474207,0.24981677400647373,0.24672481872111487,0.2486982680127946,0.24371072301396915,0.24590553128596473,0.23748461583189956,0.24198007554605536,0.24290279107717938,0.24771361890809357,0.2499278189428603,0.24994120177507315,0.2497922460180168,0.2499004641654816,0.2499315566487499,0.24978584435645587,0.24996866310698415,0.2496020526493549,0.24994013461523826,0.24978092502296348,0.249969541444213
0.24981646121351253,0.24969521556490973,0.24977640347813204,0.24982113030830289,0.24999999999999994,0.24984468823333222,0.24965561730828498,0.24980381920409442,0.24979963381542533,0.24984787908980952,0.24973259419293103,0.2465600569009276,0.24830198715979837,0.24359760152852922,0.24511236550900925,0.2378034186844247,0.24193198239412583,0.24325462429356107,0.24755894683889906,0.24981068332576317,0.2497820786579717,0.2462029613548786,0.24773986653425936,0.24432604788720338,0.24816002336545837,0.24142719696531126,0.2486266099525396,0.24415201826067992,0.2493453493120357,0.24967614869484053,0.24982525867539104,0.2462305185764456,0.24747870247006834,0.2450026015510531,0.24839324780462968,0.2422496261631038,0.24920576851764445,0.2451541153840799,0.24949324257556488,0.24969845886394018,0.2496951490729674,0.24660468329524116,0.24857718725074512,0.24359204815304783,0.2457858127608853,0.23736897463717363,0.24186227636128263,0.24278452329283526,0.2475930208877323,0.24980613992907083,0.2498195162448596,0.24967063300808806,0.24977879975677814,0.24980987581439532,0.2496642338088683,0.249846964207077,0.24948053246228225,0.24981844960463204,0.24965931753350018,0.24984784211666725
0.249961698498357,0.24984037616667518,0.2499216232927891,0.24996637038504357,0.24984468823333222,0.24999999999999986,0.24980077785045257,0.24994904805713922,0.2499448608948477,0.24999313352348385,0.249877785318173,0.2467036130690656,0.2484465855202894,0.24373988169574548,0.24525684845327347,0.23794168791275588,0.24207076423514273,0.24339569256210786,0.24770282360091758,0.2499559161535017,0.24992729532200694,0.24634626430756393,0.24788389914314343,0.24446800033823687,0.2483042761242917,0.24156729995729148,0.24877110779047193,0.24429381658377616,0.24949030327585672,0.2498213037513967,0.24997049995135853,0.24637369857000296,0.24762261310716194,0.24514508885708666,0.24853767806277768,0.24239050211946395,0.24935066167195832,0.24529664813313917,0.24963829494545217,0.24984362650990632,0.24984031474952512,0.24674806801000745,0.24872170332951646,0.24373368802453005,0.24592870326245006,0.2375069941636928,0.24200287744660096,0.24292568013743407,0.2477369613739062,0.24995137015046592,0.2499647542437729,0.24981578445031172,0.24992401278964588,0.24995510820857045,0.24980938218593934,0.24999221816342226,0.24962557315146544,0.2499636869833781,0.24980446238933435,0.24999309658341826
0.2497725726927868,0.24965134193174304,0.24973252835771756,0.24977724098191775,0.24965561730828498,0.24980077785045257,0.24999999999999978,0.24975993102335475,0.24975574665511088,0.24980398370923398,0.2496887247918259,0.24651715674740057,0.24825833357192248,0.24355527134209345,0.24507399902430582,0.23776094842022794,0.2418864245565663,0.24321085318612576,0.24751518080561494,0.2497667947201316,0.24973819493534316,0.24615988278603604,0.24769619422827402,0.24428226869787034,0.2481162236679427,0.2413839542074539,0.24858276257258768,0.24410890651085113,0.24930149384119893,0.249632284700311,0.24978136700026632,0.24618723966669143,0.24743525380819228,0.2449595087954097,0.24834963711445088,0.24220700789022992,0.24916199836838812,0.24511098564280806,0.2494494158986778,0.24965458974800508,0.24965128047493693,0.2465613662539316,0.24853351102659924,0.2435492274893086,0.24574259301011844,0.23732724819664183,0.2418197041782571,0.24274185449095578,0.24754950072410592,0.24976225194559892,0.24977562591318836,0.24962676883309654,0.24973491368504197,0.2497659871764387,0.24962037185149044,0.24980306905324062,0.24943669994760542,0.24977455946037838,0.24961545548947084,0.24980394680856266
0.2499208259621289,0.24979952346429962,0.24988075530235185,0.2499254970672108,0.24980381920409442,0.24994904805713922,0.24975993102335475,0.24999999999999967,0.24990399103168062,0.2499522557817918,0.24983692641031544,0.24666326263829633,0.2484058739078057,0.24370001025192917,0.24521668874016,0.2379027910813955,0.24203124094509326,0.24335591316804991,0.24766232300851426,0.24991504449674815,0.24988642835544128,0.246305981101387,0.24784336926593653,0.24442804508199095,0.24826367860114992,0.24152781707538243,0.24873043323157884,0.24425387507430482,0.24944950870517535,0.24978045407448077,0.24992962591716053,0.2463334125624177,0.24758212179929007,0.24510500396455193,0.24849703731977307,0.2423508679026578,0.24930988859426054,0.24525653926069377,0.24959747504700394,0.2498027732155209,0.24979946199886416,0.24670772047108067,0.2486810335545306,0.24369383384556384,0.2458884908248964,0.23746815819508565,0.24196330782134154,0.24288595813618322,0.24769645296359522,0.24991049923806258,0.24992388114281536,0.24977493570822723,0.24988314642355905,0.24991423668488968,0.24976853446049496,0.24995134057168794,0.2495847555455536,0.24992281405693456,0.24976361549631756,0.249952218848049
0.24991663928022456,0.24979533880627472,0.24987656939148845,0.24992131030547093,0.24979963381542533,0.2499448608948477,0.24975574665511088,0.24990399103168062,0.2499999999999997,0.24994806856585974,0.24983274112314277,0.2466591559481267,0.2484017145757281,0.24369592422644326,0.2452126980070094,0.23789893642372467,0.2420272913747209,0.24335185728357686,0.24766132098193708,0.24991086141513852,0.24988224240702486,0.24630186710701082,0.24783923310510259,0.24442393150070418,0.24825954252969354,0.2415238556124339,0.2487262790774073,0.24424992210399027,0.24944533277470504,0.24977626973715933,0.24992543912006787,0.24632928809558527,0.24757797327763664,0.24510090448500696,0.2484928704761198,0.2423468100033039,0.24930570838254412,0.24525243421942208,0.2495932921533619,0.24979858850187042,0.24979527736203147,0.24670358489922845,0.24867686787554244,0.24368975089652786,0.24588437478888073,0.23746417896796213,0.24195926200254345,0.24288188889277695,0.24769230529492625,0.24990631272418404,0.2499196944045143,0.24977075146511796,0.24987896081590935,0.24991005010816505,0.2497643501732667,0.2499471533733865,0.24958057462521457,0.24991862733651868,0.24975943143697563,0.2499480316350338
0.2499649064508651,0.24984358255786204,0.24992482873066993,0.2499695783798555,0.24984787908980952,0.24999313352348385,0.24980398370923398,0.2499522557817918,0.24994806856585974,0.24999999999999972,0.24988099215259843,0.24670677665533639,0.248449743504819,0.24374300909246804,0.24526000287448743,0.2379447454621863,0.2420738746568758,0.24339882011440467,0.24770600269876855,0.24995912396602002,0.24993050277665674,0.24634942678802013,0.24788708156494252,0.24447114466393982,0.24830746413764693,0.24157040414118738,0.24877430123381924,0.24429695179970362,0.249493505396188,0.24982450982812365,0.2499737079536087,0.2463768606255991,0.247625790831042,0.24514823541448588,0.2485408674883356,0.2423936133143947,0.24935386168244578,0.24529979655021522,0.24964149865442495,0.24984683288250534,0.2498435210800491,0.24675123463880028,0.24872489533115097,0.2437368161941275,0.24593185962931607,0.2375100424220276,0.2420059836792054,0.24292879784123794,0.24774014083294862,0.24995457790547018,0.24996796217053255,0.24981899046526684,0.2499272202089331,0.2499583160115373,0.2498125881134679,0.2499954264426398,0.2496287767355238,0.24996689489644078,0.2498076682581018,0.24999630487390934
0.24984957132426724,0.24972830335883675,0.24980951286977027,0.24985424108968807,0.24973259419293103,0.249877785318173,0.2496887247918259,0.24983692641031544,0.24983274112314277,0.24988099215259843,0.24999999999999978,0.2465916126540855,0.2483348284304929,0.24363057022165302,0.24514728102705066,0.23783471583933735,0.24196188293345486,0.24328639931184345,0.2475917223721502,0.2498437914989776,0.24981518359986116,0.24623560763678984,0.24777265897304218,0.2443583760590109,0.24819285494300153,0.24145883300425056,0.24865948915256456,0.24418416267591916,0.24937837580301989,0.2497092393527485,0.24985836865623684,0.24626314537142488,0.24751151971533378,0.24503505226536262,0.24842617803611386,0.242281699705532,0.24923880197836762,0.24518657458608822,0.24952631209194803,0.24973155215606976,0.24972824188257528,0.24663737157799648,0.24861012951369493,0.24362431967182993,0.24581836590846248,0.23740042226136518,0.2418942845666565,0.24281669290051983,0.2476258225989005,0.24983924751791775,0.24985262560778346,0.2497037226388128,0.24981190174936263,0.24984298389963222,0.24969732337285827,0.2498800772078244,0.2495135958627864,0.24985155882619237,0.24969240574421778,0.2498809552337526
0.24667575760013877,0.24655602884043162,0.24663619624692862,0.24668036742665328,0.2465600569009276,0.2467036130690656,0.24651715674740057,0.24666326263829633,0.2466591559481267,0.24670677665533639,0.2465916126540855,0.2499999999999998,0.2451616042280682,0.24051208534355478,0.24207011576344287,0.2348010581074378,0.23887267198971837,0.2401737595061336,0.24444683815377014,0.2466700583265862,0.24664164396549929,0.2430613853729315,0.244613078129319,0.24123150792322395,0.24503019739889595,0.2383543072234153,0.24549434654488148,0.24106822595535796,0.2462079470030103,0.24653732708023193,0.24668442471855803,0.24313248550620287,0.24437335882945047,0.2419166007792556,0.24527491890799955,0.2391964264840155,0.24607364243308433,0.2420652374627834,0.24635762840057643,0.24655923212099337,0.2465559498768449,0.2435051425727848,0.2454515104660293,0.24052667443727843,0.24269131673320035,0.2343814814418087,0.23881190503089963,0.23973048712459977,0.24447780943492695,0.24666556262903253,0.24667877104101635,0.24653175952300496,0.24663820861082353,0.2466692518069533,0.24652560201598875,0.2467058739362004,0.24634384398236492,0.2466777178093548,0.24652060208810378,0.24670674080600213
0.24841852107009768,0.24829794556879367,0.24837852535436172,0.24842315978050336,0.24830198715979837,0.2484465855202894,0.24825833357192248,0.2484058739078057,0.2484017145757281,0.248449743504819,0.2483348284304929,0.2451616042280682,0.2499999999999997,0.2421992645932414,0.24374128713331136,0.2364580844016303,0.2405778661668521,0.24188872670003847,0.24616494336481998,0.24841275308906527,0.24838430310596016,0.24481641183275357,0.2463505628112815,0.24295787715454598,0.24676892552569818,0.24007095548887855,0.24723408108997047,0.24278283182817414,0.24794940087933426,0.24827897214474143,0.24842725014427322,0.2448503239190424,0.24609279854525523,0.24362711628836484,0.24700266957610587,0.24088963308441272,0.24781084894772262,0.24377995466937938,0.24809708427003235,0.24830116126639562,0.2482978702192584,0.24522397298543347,0.24718600449387895,0.24222675125187315,0.244409328737473,0.2360386858354534,0.24050686403701468,0.24142491624339651,0.24620699734030185,0.24840824291907848,0.2484215443948286,0.2482734942966281,0.24838103287326785,0.24841195791513818,0.24826713229373581,0.24844883876601076,0.24808441383130778,0.24842048372696898,0.2482622472405054,0.24844971176114578
0.24371236688966313,0.24359407051648888,0.24367336362134273,0.24371692034594564,0.24359760152852922,0.24373988169574548,0.24355527134209345,0.24370001025192917,0.24369592422644326,0.24374300909246804,0.24363057022165302,0.24051208534355478,0.2421992645932414,0.24999999999999994,0.2390081988703215,0.2318160527347929,0.23592150992554678,0.2372536332873936,0.24149887217977806,0.24370672315182748,0.24367863669947426,0.24015941307052846,0.24164643767604674,0.23821931781237077,0.24205788986516372,0.2353957696192112,0.2425295015251793,0.23814962756146615,0.24324442387470716,0.24357569473360444,0.2437208553072362,0.24019684463680488,0.24142848541163503,0.23898250504586618,0.24232764963845735,0.23629912486538068,0.24311699878269952,0.23914483679928147,0.24339817743467534,0.24359721146901422,0.24359399038968027,0.24057536928060708,0.24250207174860436,0.2376235676616813,0.23977040617145856,0.23155436505089486,0.23593481235547625,0.236844370507596,0.24153855632723556,0.2437022912396971,0.24371534082604399,0.24357009544293165,0.243675516686519,0.24370593598740556,0.2435638727669692,0.24374211816999355,0.24338423414354138,0.2437143002819539,0.24355910413348766,0.2437429746123898
0.2452291873278703,0.24511012380767677,0.24519041224489502,0.24523376311289516,0.24511236550900925,0.24525684845327347,0.24507399902430582,0.24521668874016,0.2452126980070094,0.24526000287448743,0.24514728102705066,0.24207011576344287,0.24374128713331136,0.2390081988703215,0.24999999999999994,0.23320945626234998,0.2374093911021243,0.2387507042344774,0.2430270226112237,0.24522350433385853,0.24519511288815748,0.2416558518795358,0.24316769300996266,0.2398573248519209,0.24359329295462673,0.23696320842548355,0.24406001113557416,0.23965734102291253,0.2447638992078271,0.24509141002176826,0.24523775789711308,0.24169091746287738,0.24292842433746117,0.24046992954464522,0.2438320938368708,0.23777129446954878,0.24462950893678492,0.2406374770783449,0.24491317876741756,0.245113304951275,0.24511006051246959,0.24207058908719742,0.2440116553256777,0.23910345622799223,0.24126625187263703,0.23299572511226332,0.2374105749561384,0.23831920933807096,0.2430440794113287,0.24521903018157984,0.24523216078938884,0.24508601147270495,0.2451923638434989,0.24522269741504496,0.24507962227527472,0.24525910477357032,0.24489918098405372,0.24523111376468074,0.24507493591601315,0.24525996654968577
0.23791482511682532,0.23779934798748004,0.23787674257507185,0.2379192720551129,0.2378034186844247,0.23794168791275588,0.23776094842022794,0.2379027910813955,0.23789893642372467,0.2379447454621863,0.23783471583933735,0.2348010581074378,0.2364580844016303,0.2318160527347929,0.23320945626234998,0.24999999999999983,0.23002315375068255,0.23138048973570882,0.23571751881964143,0.2379093833628993,0.23788211130900064,0.23440405778230414,0.23584644278697978,0.23255779048042274,0.2362615298280748,0.22952311045876,0.23673773591356434,0.23239963433540536,0.23744701978281177,0.23778234033754486,0.23792293885283447,0.234477800383084,0.23570980621468718,0.2332822711010942,0.23659092577089388,0.2306761396677642,0.23734833895678073,0.23344429271648312,0.23761460758715153,0.23780239954033544,0.23779925600353483,0.23485791395860164,0.23673286842942132,0.2319677735170633,0.23405902859735045,0.22604379490731988,0.2303080097221458,0.23120783382359836,0.2357894034617588,0.23790499499133647,0.2379177341944201,0.2377759439675014,0.23787886637927677,0.23790855310404715,0.23776985604010054,0.23794387458340152,0.23759421789420604,0.23791671842426207,0.2377652461758172,0.2379447106421196
0.24204342096585998,0.24192595698577812,0.2420045530178077,0.2420479492399377,0.24193198239412583,0.24207076423514273,0.2418864245565663,0.24203124094509326,0.2420272913747209,0.2420738746568758,0.24196188293345486,0.23887267198971837,0.2405778661668521,0.23592150992554678,0.2374093911021243,0.23002315375068255,0.24999999999999978,0.2354793772956576,0.2397981924382188,0.2420378693730584,0.24200977061832468,0.2385373541176087,0.24000563208502282,0.23679114796573952,0.24042903254354753,0.2338507086267769,0.24087796956630045,0.23650694519680354,0.24158119972983969,0.24190712128683559,0.2420518971089161,0.2385441162689556,0.2397668703887233,0.23733328306120308,0.2406613816778321,0.23467133304057558,0.24145571647606584,0.23750549601508325,0.24173426326620126,0.2419290810229247,0.24192586702039068,0.2389239869483264,0.2408413889037434,0.23599263729737105,0.23812963032371703,0.22996431936529022,0.2343216211925358,0.2352211635266039,0.23988585263749634,0.24203343438438166,0.24204639444341478,0.24190214372150728,0.24200707624612763,0.2420370540097798,0.2418958330878221,0.2420729884104663,0.24171766456090904,0.2420453610236836,0.2418912203661425,0.2420738389887741
0.24336821093958913,0.24325009044459872,0.24332922533371362,0.24337276062855592,0.24325462429356107,0.24339569256210786,0.24321085318612576,0.24335591316804991,0.24335185728357686,0.24339882011440467,0.24328639931184345,0.2401737595061336,0.24188872670003847,0.2372536332873936,0.2387507042344774,0.23138048973570882,0.2354793772956576,0.24999999999999978,0.2411096664104172,0.24336256755282568,0.24333439420898867,0.23985374825095918,0.2412988135419162,0.2379784178235377,0.24172203026318528,0.23512560632789675,0.2421807583155803,0.23770557450207852,0.2428984306181924,0.2432314122826888,0.24337657159535864,0.23984618760099707,0.2410943985212837,0.23862494859164673,0.24200403698592043,0.23594379371777927,0.24278653626339416,0.23879010950904084,0.24306445332566864,0.24325320686108406,0.2432499809583567,0.24023681637224636,0.24215848964745448,0.23727760106340642,0.23942176032647752,0.23121778929783043,0.23558167327146687,0.2365043353412319,0.24119245419541183,0.24335815796481486,0.24337118942091202,0.24322614908923026,0.24333124928453062,0.243361797881154,0.24322009515389997,0.24339792899656512,0.2430401107534364,0.2433701503657515,0.24321521897737522,0.24339878421686248
0.24767485520384477,0.24755464305312835,0.24763514907268105,0.24767948448043584,0.24755894683889906,0.24770282360091758,0.24751518080561494,0.24766232300851426,0.24766132098193708,0.24770600269876855,0.2475917223721502,0.24444683815377014,0.24616494336481998,0.24149887217977806,0.2430270226112237,0.23571751881964143,0.2397981924382188,0.2411096664104172,0.2499999999999999,0.24766947636843534,0.24764068848277773,0.24409589821950423,0.24561680118076593,0.24224354064399795,0.2460339803161008,0.2393461029483653,0.246491078829004,0.24204828469479545,0.24720657626188902,0.24753557007793836,0.24768356814260756,0.24411380673640617,0.24535162963633897,0.24289199662157723,0.24626059806998615,0.24016286315200042,0.2470690760413803,0.24304813441866452,0.24735485477735913,0.2475578570873243,0.24755457868960715,0.2444881421722442,0.24644592685860398,0.2414986841766765,0.24367727672632958,0.23532936079649067,0.2397866157700529,0.24070091633667334,0.24546995305377006,0.24766462182103416,0.2476778834106606,0.24753027652172813,0.24763760687958364,0.2476683256356878,0.24752388050292795,0.24770509608098912,0.24734175738376663,0.24767682592404525,0.24751906670829235,0.2477059664606626
0.24992769328318684,0.2498063874519733,0.2498876215290279,0.2499323645165958,0.24981068332576317,0.2499559161535017,0.2497667947201316,0.24991504449674815,0.24991086141513852,0.24995912396602002,0.2498437914989776,0.2466700583265862,0.24841275308906527,0.24370672315182748,0.24522350433385853,0.2379093833628993,0.2420378693730584,0.24336256755282568,0.24766947636843534,0.24999999999999972,0.24989329477213762,0.24631275534424357,0.247850190310996,0.2444347648727907,0.24827051413385698,0.24153448983835135,0.24873727389656902,0.2442606408179787,0.24945636480854128,0.2497873175030882,0.2499364935049916,0.24634018298020607,0.2475889240475246,0.24511174322333998,0.2485038626773449,0.2423575293784211,0.24931673723648326,0.24526328092488667,0.24960433256725814,0.2498096372932876,0.24980632599292493,0.2467144983842934,0.24868786697885684,0.2437005306795676,0.24589524926893247,0.23747468356318674,0.24196996074604235,0.24289263242243272,0.2477032602159743,0.24991736627540947,0.24993074854776062,0.2497817990204731,0.24989001289157534,0.24992110382482696,0.24977539753218841,0.2499582087311595,0.24959161371738647,0.24992968143255984,0.2497704784916111,0.24995908703165465
0.2498990756944994,0.2497777837445453,0.2498590087041752,0.24990374639241061,0.2497820786579717,0.24992729532200694,0.24973819493534316,0.24988642835544128,0.24988224240702486,0.24993050277665674,0.24981518359986116,0.24664164396549929,0.24838430310596016,0.24367863669947426,0.24519511288815748,0.23788211130900064,0.24200977061832468,0.24333439420898867,0.24764068848277773,0.24989329477213762,0.24999999999999994,0.24628359884652165,0.2478216955637343,0.2444072908906708,0.24824209169890848,0.2415067834145625,0.24870876874064654,0.24423248804416187,0.2494277798596107,0.24975871739477312,0.2499078748883034,0.24631197278102998,0.24756071433955226,0.24508364930181273,0.2484754815252506,0.24232969509674504,0.24928820370278204,0.24523510301051693,0.24957577065500167,0.24978103323867606,0.24977772197107145,0.2466862744097159,0.24865938285058958,0.24367260900471585,0.2458670242634342,0.23744745994835909,0.24194209324435922,0.24286480467940633,0.24767485714643878,0.2498887498614258,0.24990213060707844,0.2497531981339363,0.24986139200636756,0.24989248698830557,0.24974680097516336,0.24992958764624634,0.2495630312965016,0.24990106361392767,0.2497418791044774,0.24993046584616446
0.24631845128446014,0.24619889504418982,0.2462789893099711,0.24632305470398147,0.2462029613548786,0.24634626430756393,0.24615988278603604,0.246305981101387,0.24630186710701082,0.24634942678802013,0.24623560763678984,0.2430613853729315,0.24481641183275357,0.24015941307052846,0.2416558518795358,0.23440405778230414,0.2385373541176087,0.23985374825095918,0.24409589821950423,0.24631275534424357,0.24628359884652165,0.25000000000000006,0.24424071149838422,0.24086982616873845,0.24466860567752324,0.2380039287391575,0.24513656429255112,0.24072219606580114,0.24584969312540775,0.24618018018259888,0.24632707541066778,0.24277154270567983,0.2440116799382871,0.2415497290601984,0.24491940441520144,0.23883877504108994,0.24571729290143285,0.2417100340102842,0.24600146976291926,0.24620208406792382,0.24619882163660642,0.2431491904761097,0.24509582738839988,0.24017147895348515,0.24233898335337486,0.23403612756900377,0.23846635223217086,0.2393802932346388,0.24412394248666686,0.2463082722217813,0.24632146122884874,0.24617466271186017,0.24628136130895106,0.2463119558078174,0.24616830844170937,0.24634852488496028,0.24598703157440768,0.2463204095435527,0.24616353051192347,0.24634939049272492
0.24785591128037587,0.24773561041018463,0.24781619108128933,0.2478605438468949,0.24773986653425936,0.24788389914314343,0.24769619422827402,0.24784336926593653,0.24783923310510259,0.24788708156494252,0.24777265897304218,0.244613078129319,0.2463505628112815,0.24164643767604674,0.24316769300996266,0.23584644278697978,0.24000563208502282,0.2412988135419162,0.24561680118076593,0.247850190310996,0.2478216955637343,0.24424071149838422,0.25,0.24236262439159922,0.24627578702543357,0.23946161039896446,0.2467028744565209,0.24219557636918218,0.24740367899272334,0.24771644849874502,0.24786450320168693,0.24429736095543114,0.24551810481394232,0.24309783824742884,0.24657104921637044,0.24036097412217747,0.24727580225056603,0.243229998242878,0.24754986163045126,0.24773883361237034,0.24773554602737002,0.24467951580264696,0.24662648553996658,0.24168617375783263,0.24385402690960356,0.2355124401028212,0.23995766254554832,0.2408813895769991,0.2456481182313533,0.24784566985140236,0.24785894139080014,0.24771122654462005,0.24781838939004394,0.24784937661364165,0.24770501347401652,0.24788617394954374,0.24752246253845245,0.24785788311923587,0.2477000111240626,0.24788704496824282
0.24444040230079792,0.24432175715207194,0.24440131592228784,0.24444497147035424,0.24432604788720338,0.24446800033823687,0.24428226869787034,0.24442804508199095,0.24442393150070418,0.24447114466393982,0.2443583760590109,0.24123150792322395,0.24295787715454598,0.23821931781237077,0.2398573248519209,0.23255779048042274,0.23679114796573952,0.2379784178235377,0.24224354064399795,0.2444347648727907,0.2444072908906708,0.24086982616873845,0.24236262439159922,0.25000000000000006,0.2427855906421124,0.2361456418464469,0.24330963368012754,0.2389220772871476,0.24398431033425078,0.24430358441168712,0.2444489089561926,0.24091997276540744,0.24220284111346072,0.23970797430363297,0.2430623365713942,0.23702969788892297,0.24385509330380212,0.2398607720845714,0.2441350035967004,0.24432492973433725,0.24432168736717846,0.2413013191451373,0.24322717024514942,0.23834381947082575,0.24048848775729176,0.23224947065533663,0.2366435607152553,0.2375541975651138,0.24226272664774226,0.24443030382541067,0.2444433921000244,0.2442977128749635,0.2444039397790188,0.24443395916100602,0.24429124905353544,0.24447024941481496,0.24411151541457943,0.24444234843828352,0.24428666965970655,0.244471108420121
0.24827624077436417,0.24815573601807675,0.24823645460916505,0.2482808812597546,0.24816002336545837,0.2483042761242917,0.2481162236679427,0.24826367860114992,0.24825954252969354,0.24830746413764693,0.24819285494300153,0.24503019739889595,0.24676892552569818,0.24205788986516372,0.24359329295462673,0.2362615298280748,0.24042903254354753,0.24172203026318528,0.2460339803161008,0.24827051413385698,0.24824209169890848,0.24466860567752324,0.24627578702543357,0.2427855906421124,0.24999999999999986,0.23988422509551902,0.24720017774210565,0.24262700328366557,0.24784715811176142,0.24813684234723848,0.24828487480925526,0.24475233225150805,0.24616477824496344,0.24354149024098282,0.24685393231091998,0.24078642543770865,0.2477207956695184,0.24364473629276617,0.24797693511281657,0.24815895265713925,0.24815569900940063,0.2450946167305435,0.2470451036000463,0.24210384870743465,0.2442681922092472,0.2359184679368404,0.24036563462278032,0.24129102991908075,0.24606428872661765,0.24826598222250507,0.24827927622126372,0.24813131088255133,0.24823881233899447,0.2482696952345232,0.2481250804717129,0.24830655497587953,0.24794218532719997,0.2482782161659979,0.24812008370154773,0.24830742746874318
0.2415400255035657,0.2414227914727653,0.24150133917342076,0.24154454080742338,0.24142719696531126,0.24156729995729148,0.2413839542074539,0.24152781707538243,0.2415238556124339,0.24157040414118738,0.24145883300425056,0.2383543072234153,0.24007095548887855,0.2353957696192112,0.23696320842548355,0.22952311045876,0.2338507086267769,0.23512560632789675,0.2393461029483653,0.24153448983835135,0.2415067834145625,0.2380039287391575,0.23946161039896446,0.2361456418464469,0.23988422509551902,0.25,0.24035158279112223,0.23599939648413804,0.24108024174581866,0.24140608036442132,0.24154829098748112,0.2380614078068525,0.23945481483041178,0.2368641298423204,0.24020886443515252,0.23422226263488535,0.2409674604396979,0.23699850338133685,0.2412486946210956,0.2414259071579624,0.2414226858562642,0.23844842726774332,0.24033993646145496,0.23551252992846217,0.23762181958277906,0.22948703202439338,0.233809437255767,0.2347309690470525,0.2393815922776006,0.24153004745595066,0.2415429809337379,0.2413990301553999,0.24150340339019744,0.24153365992927342,0.24139291866828672,0.2415695196206495,0.24121448063977993,0.24154194966816214,0.24138816911885583,0.24157036842140533
0.24874301903421095,0.24862228825825047,0.2487031467937672,0.24874766827950268,0.2486266099525396,0.24877110779047193,0.24858276257258768,0.24873043323157884,0.2487262790774073,0.24877430123381924,0.24865948915256456,0.24549434654488148,0.24723408108997047,0.2425295015251793,0.24406001113557416,0.23673773591356434,0.24087796956630045,0.2421807583155803,0.246491078829004,0.24873727389656902,0.24870876874064654,0.24513656429255112,0.2467028744565209,0.24330963368012754,0.24720017774210565,0.24035158279112223,0.25,0.24307796861925698,0.24830256117953875,0.24860421777719743,0.24875171364226217,0.24523034934104754,0.2465747038017057,0.24409154020536075,0.24752237239786,0.24124977096730615,0.24813628876318897,0.24410333764732792,0.2484456728177309,0.2486255078998077,0.24862227388132455,0.24556233743032221,0.24750965621575063,0.24256255416348949,0.24472873363515352,0.23635807274234163,0.24082166174263075,0.24174389799407078,0.24652758394558857,0.24873274135900403,0.24874606030735658,0.24859781679261111,0.2487056490669621,0.2487364613099817,0.24859155455979567,0.24877339034727866,0.2484083879949792,0.24874499826112723,0.24858656572861518,0.24877426448054324
0.24426623189986663,0.24414767539788196,0.24422705637558623,0.2442707976877234,0.24415201826067992,0.24429381658377616,0.24410890651085113,0.24425387507430482,0.24424992210399027,0.24429695179970362,0.24418416267591916,0.24106822595535796,0.24278283182817414,0.23814962756146615,0.23965734102291253,0.23239963433540536,0.23650694519680354,0.23770557450207852,0.24204828469479545,0.2442606408179787,0.24423248804416187,0.24072219606580114,0.24219557636918218,0.2389220772871476,0.24262700328366557,0.23599939648413804,0.24307796861925698,0.2499999999999999,0.243795263686226,0.24413195203163934,0.24427472086401195,0.24074480745141663,0.24211877134707357,0.23954130346612204,0.24303985200667766,0.2368477967043674,0.24367740556419923,0.2396733985118656,0.24397095068403488,0.2441508294170405,0.24414749367276803,0.24113704036846603,0.24305119201473419,0.23816243419783925,0.24029939580620105,0.23207339276859063,0.23643601646114606,0.23737899613480318,0.2420793360382241,0.24425613880888725,0.244269219117328,0.24412364343534293,0.24422838114909592,0.24425979287377259,0.24411806664620458,0.2442960573374643,0.24393665195631253,0.24426817618614852,0.24411267985494894,0.24429691572046033
0.24946213315346794,0.24934105323568528,0.24942213988570613,0.24946679572058178,0.2493453493120357,0.24949030327585672,0.24930149384119893,0.24944950870517535,0.24944533277470504,0.249493505396188,0.24937837580301989,0.2462079470030103,0.24794940087933426,0.24324442387470716,0.2447638992078271,0.23744701978281177,0.24158119972983969,0.2428984306181924,0.24720657626188902,0.24945636480854128,0.2494277798596107,0.24584969312540775,0.24740367899272334,0.24398431033425078,0.24784715811176142,0.24108024174581866,0.24830256117953875,0.243795263686226,0.25000000000000006,0.24932345125691574,0.249470909873847,0.2459128389087822,0.24721279092535825,0.24473781648200485,0.24814379492355704,0.24196111835430287,0.24890558634213408,0.24481715611629457,0.24914018894448417,0.24934428254254196,0.24934100963570147,0.24626233871441514,0.2482249094336501,0.2432606911457157,0.24543895750871092,0.23704445656945308,0.24152296756033853,0.2424433441541349,0.24724106286306533,0.24945182539373528,0.24946518282987237,0.24931651074840747,0.2494246183978275,0.249455556080114,0.24931024166163293,0.24949259187568157,0.24912659838164716,0.2494641177117514,0.24930522119525694,0.24949346853759694
0.2497930960777878,0.24967185557412294,0.24975304582620728,0.24979776479404595,0.24967614869484053,0.2498213037513967,0.249632284700311,0.24978045407448077,0.24977626973715933,0.24982450982812365,0.2497092393527485,0.24653732708023193,0.24827897214474143,0.24357569473360444,0.24509141002176826,0.23778234033754486,0.24190712128683559,0.2432314122826888,0.24753557007793836,0.2497873175030882,0.24975871739477312,0.24618018018259888,0.24771644849874502,0.24430358441168712,0.24813684234723848,0.24140608036442132,0.24860421777719743,0.24413195203163934,0.24932345125691574,0.25,0.24980188944681714,0.24620753204351253,0.2474554168278583,0.24497993521187794,0.24837009824891684,0.24222725441350357,0.249182721305692,0.24513110202464225,0.24946994259867325,0.2496751029477308,0.24967179393802896,0.246581679641608,0.24855392665660536,0.24356933540607079,0.24576269011758048,0.23734694747157736,0.24183937892519927,0.2427618287465024,0.2475697525325599,0.24978277461829593,0.2497961496913002,0.24964728037869777,0.24975542799557576,0.24978651016289255,0.24964088813774002,0.24982359508718804,0.24945718825581853,0.24979508315130136,0.24963596682669903,0.2498244729144527
0.24994227543632574,0.24982096252655847,0.2499022013819863,0.2499469469424954,0.24982525867539104,0.24997049995135853,0.24978136700026632,0.24992962591716053,0.24992543912006787,0.2499737079536087,0.24985836865623684,0.24668442471855803,0.24842725014427322,0.2437208553072362,0.24523775789711308,0.23792293885283447,0.2420518971089161,0.24337657159535864,0.24768356814260756,0.2499364935049916,0.2499078748883034,0.24632707541066778,0.24786450320168693,0.2444489089561926,0.24828487480925526,0.24154829098748112,0.24875171364226217,0.24427472086401195,0.249470909873847,0.24980188944681714,0.2499999999999999,0.24635536064416358,0.2476052279892812,0.24512610371033716,0.24851935830597172,0.24237161003926957,0.2493312903928309,0.24527749507008587,0.24961895160349273,0.24982421237601998,0.24982090183566946,0.2467290483619567,0.24870238013971882,0.24371479154398157,0.24590952740295235,0.2374884974788245,0.24198395698709013,0.24290678368039273,0.2477176829870767,0.24993194782615277,0.24994533087960788,0.2497963726617765,0.24990459418866898,0.24993568559416776,0.24978997069729578,0.24997279266553496,0.24960617365650054,0.24994426370235565,0.24978505177974658,0.24997367101717485
0.24634588061661156,0.24622631287655763,0.24630638932605975,0.24635048485362337,0.2462305185764456,0.24637369857000296,0.24618723966669143,0.2463334125624177,0.24632928809558527,0.2463768606255991,0.24626314537142488,0.24313248550620287,0.2448503239190424,0.24019684463680488,0.24169091746287738,0.234477800383084,0.2385441162689556,0.23984618760099707,0.24411380673640617,0.24634018298020607,0.24631197278102998,0.24277154270567983,0.24429736095543114,0.24091997276540744,0.24475233225150805,0.2380614078068525,0.24523034934104754,0.24074480745141663,0.2459128389087822,0.24620753204351253,0.24635536064416358,0.25000000000000006,0.24400786481601522,0.24156311828803165,0.24492398981011346,0.23883923619543798,0.24573807759222854,0.24173723812681025,0.24602684147131698,0.2462295002400576,0.24622608528846293,0.24313445995921507,0.2451198399156116,0.24017002700220028,0.24236729001183863,0.2340389078106749,0.23849561528287072,0.23939755103739505,0.24415167495536882,0.2463357013233334,0.24634889190914855,0.24620207703015007,0.24630853746045833,0.2463393854272442,0.2461957797581197,0.24637595857445538,0.24601446659170403,0.24634784010467764,0.24619094246513817,0.24637682427780688
0.24759465389420693,0.2474744801341808,0.247554957698285,0.2475992814342094,0.24747870247006834,0.24762261310716194,0.24743525380819228,0.24758212179929007,0.24757797327763664,0.247625790831042,0.24751151971533378,0.24437335882945047,0.24609279854525523,0.24142848541163503,0.24292842433746117,0.23570980621468718,0.2397668703887233,0.2410943985212837,0.24535162963633897,0.2475889240475246,0.24756071433955226,0.2440116799382871,0.24551810481394232,0.24220284111346072,0.24616477824496344,0.23945481483041178,0.2465747038017057,0.24211877134707357,0.24721279092535825,0.2474554168278583,0.2476052279892812,0.24400786481601522,0.25,0.24277916289640367,0.24621232496612355,0.24004473071879598,0.2470105060698806,0.24296381855700735,0.24731875898992314,0.24747768349936838,0.24747421118340937,0.2443865195663178,0.2463622901085368,0.24137907742561657,0.24360017654662822,0.23521616926851685,0.23971334865749985,0.24060577689530357,0.24539049351699618,0.2475844229760591,0.24759768033406743,0.24745012124618815,0.24755741573067697,0.24758812567018362,0.2474437185465316,0.24762488420750023,0.24726163234905704,0.2475966232034392,0.24743893263115027,0.24762575429618225
