x1,x2,x3,x4,x5,x6,x7,x8,x9,x10,x11,x12,x13,x14,x15,x16,x17,x18,x19,x20,x21,x22,x23,x24,x25,x26,x27,x28,x29,x30,x31,x32,x33,x34,x35,x36,x37,x38,x39,x40,x41,x42,x43,x44,x45,x46,x47,x48,x49,x50,x51,x52,x53,x54,x55,x56,x57,x58,x59,x60
0.25,0.24894803403014432,0.13302911984973229,0.2481846495104669,0.11549954620019919,0.24889079431183478,0.16140585546650515,0.24858161050243427,0.22142670528243016,0.24921592240252186,0.16607556640970134,-0.06753463552111186,0.06642207767687769,-0.05897053806548365,0.043063645665725236,0.012109084625424893,-0.07808732921936216,0.13117698908044112,-0.2048930783383123,0.22624481970230834,0.12316737823341871,0.07004371863857853,-0.0701687523635484,0.07014537911880249,-0.06708925768592877,0.0790803741559258,-0.06398216249303587,0.09923528259467801,-0.08032435804460762,0.1988994072545273,0.1875088189906727,-0.07029260965097546,0.07056619859043009,-0.06862581501547985,0.06828577236274379,-0.058828076745349955,0.06101145261331141,-0.017328503233516736,0.04043671760015446,0.14212798991260434,0.1109943253168238,0.06572442454970345,-0.06665781877707448,0.07792484028428395,-0.07532204967104493,0.11433299508996093,-0.09931258760354339,0.1586120440745449,-0.20114716762427864,0.22288766673598845,0.24919743790152626,0.2492084912167304,0.18628595820308083,0.24906096710497103,0.1681787642537303,0.2492146360209384,0.1309961373261711,0.2492007679285633,0.19948095714512323,0.24921615483326592
0.24894803403014432,0.24999999999999992,0.1331267941056353,0.24869900234707437,0.11542911257639543,0.24940089827716178,0.16176421701971982,0.24909226616355187,0.22194941899066392,0.24972558061673977,0.16673306628317597,-0.06836165188133982,0.0672554460359501,-0.059788430428782006,0.043833844518518496,0.01164854775041406,-0.07817372468759236,0.13152941696538417,-0.20540751820753217,0.22678974967493393,0.12314863118109355,0.07087206164112722,-0.07099641070178081,0.0709732181858594,-0.06790912069660941,0.07988734317033208,-0.06475176884627672,0.09984860898318815,-0.08088907487063024,0.19943634858584178,0.18812859646348826,-0.07111869328525468,0.07139309973256834,-0.06944619874333556,0.06910601569318357,-0.05961003827623945,0.06180068546833496,-0.017873735802296755,0.04096987893761169,0.14222481322915168,0.1109278531689763,0.0665245129679472,-0.06745037333506045,0.07873373782407628,-0.07602819772856319,0.11502625886389703,-0.09966008928601958,0.15894593212420827,-0.20148565286948233,0.22329128411720545,0.2497070602480673,0.24971812479090927,0.18687822708091473,0.24957014066734254,0.1687798141791319,0.24972429229021584,0.1312903835475955,0.24971043109871316,0.1997918011273938,0.24972581395838261
0.13302911984973229,0.1331267941056353,0.24999999999999992,0.13235065479491773,0.08111489245507772,0.13306929791152686,0.09024287376315433,0.13278939897129335,0.11031269168885116,0.1333824214327261,0.05503862148019563,0.03694954761840128,-0.03876137426963885,0.040162588996411744,-0.038103118994455586,0.053606049044730715,-0.05197566703863877,0.061287270774195275,-0.09863065572850302,0.11194443068181913,0.0945792162160931,-0.03507515895025203,0.03490960679451682,-0.03495777301124458,0.03587463250459375,-0.02442642503616648,0.03244174101662336,0.011799887845710786,-0.0026207696287097832,0.09461828493013857,0.07535335605351397,0.03455669353667879,-0.03443746149588468,0.03498363659541262,-0.03508405309839072,0.03806365113670156,-0.03717344306373018,0.0441985487339764,-0.025042252123808464,0.09633854088328761,0.09043731064334225,-0.035219079486322157,0.0337207946142829,-0.026961430221174042,0.018007824064448223,0.012945941600374425,-0.03807927028765132,0.08387012048095013,-0.11532435317311567,0.12479123562091964,0.13337233043370728,0.13337945003544377,0.0773758197490683,0.13331722872627116,0.06285742168712834,0.13338166699039392,0.06741917299583178,0.13337051841895875,0.11700195588107813,0.13338250633136084
0.2481846495104669,0.24869900234707437,0.13235065479491773,0.24999999999999997,0.11459066228456861,0.24863932903078653,0.16131432612624172,0.2483370986299624,0.22134518470811795,0.24896165849924465,0.1667002298151221,-0.06920497460300098,0.06811104926077383,-0.06063668592857265,0.044645170180016826,0.010910247106459678,-0.07778728094707958,0.1312000038417372,-0.20489745174534865,0.22621046236053857,0.12235744280281982,0.07170453759559121,-0.0718271022444444,0.0718043992354296,-0.06873973937247138,0.0806409073895063,-0.06553553901137395,0.10021116098862919,-0.08128857902241672,0.1990588489941702,0.1879155004243866,-0.07194678196618828,0.07222073861302297,-0.0702725023641951,0.06993217030146279,-0.0604348210854658,0.06262325946791865,-0.018602341554204694,0.04154855863198995,0.14149067234728022,0.11013899527633307,0.06734082037139316,-0.06824940967646927,0.07948833865903168,-0.07664244951427412,0.11537415268827607,-0.09957363094386885,0.1584734175028454,-0.20075781295870962,0.22252858507546333,0.24894319724277406,0.2489542105195155,0.18663068296772464,0.24880643628619423,0.1686581173561396,0.24896037465930312,0.13092786149034077,0.24894661000214763,0.1990323011002147,0.24896189128888832
0.11549954620019919,0.11542911257639543,0.08111489245507772,0.11459066228456861,0.25000000000000006,0.11529788885787305,0.06947848114609982,0.11504956583503835,0.09201675496105483,0.11562203937722572,0.03724493214759571,0.052605732661773943,-0.05364152041736321,0.06183823391076197,-0.0877138244512548,0.07734586627715494,-0.047323559422421016,0.05267513333041085,-0.08249730273079493,0.09451963879684411,0.09064444788520525,-0.05231529493029939,0.05214447923267867,-0.05218889771648773,0.054341782724966516,-0.04674880752424468,0.051847226845792696,-0.008540955626656672,0.015464406227132736,0.07623081569539884,0.05768283070039207,0.052067944493152704,-0.051973677537653196,0.0529494404483453,-0.05345159154643981,0.05566662347108786,-0.05501456246155384,0.05617627698206435,-0.038488310923084794,0.09040699108628172,0.08793486297600128,-0.05214931130525533,0.05054280299068708,-0.044515856976954885,0.033661974113727816,-0.004620630240112768,-0.027576942558052597,0.07213441985120173,-0.10234766533902091,0.10992483734744637,0.11561326365928448,0.11561980261861728,0.06017438368916489,0.11557100865413153,0.04606653297723999,0.11562139761165227,0.05720374916271825,0.11561058727979752,0.10464769841271149,0.11562213327426939
0.24889079431183478,0.24940089827716178,0.13306929791152686,0.24863932903078653,0.11529788885787305,0.24999999999999994,0.16160410129866118,0.24903601306211315,0.2218915444239867,0.24966816222662766,0.1667950454844928,-0.06854822571628558,0.067439814420595,-0.05996451253195601,0.04397913170459147,0.011535081803939562,-0.07811898710282077,0.13149047002776929,-0.20535315630764628,0.22673722008258704,0.12304325922642292,0.0710508291402857,-0.07117487460365751,0.0711517334215678,-0.06808523675964433,0.08004678181186489,-0.06491423538508376,0.09996870526081021,-0.08101047415402186,0.19946870024208563,0.1881526420639429,-0.07129626924107359,0.07157068147049414,-0.06962238488695056,0.06928167131352975,-0.05978199429867176,0.06197316773699983,-0.018019159699526575,0.04110459875233415,0.14213396738643147,0.1108190140204904,0.06669830105278063,-0.06762128394437521,0.07890051597741128,-0.07616856539997899,0.11512933991709082,-0.09967766965649838,0.15891182223941894,-0.20141864221632363,0.2232252319519274,0.24964964679260518,0.24966070557249215,0.18689568993036837,0.24951271030322128,0.16881474145133335,0.2496668745183673,0.13126754361817403,0.24965302661871738,0.19971842863698164,0.2496683957653692
0.16140585546650515,0.16176421701971982,0.09024287376315433,0.16131432612624172,0.06947848114609982,0.16160410129866118,0.25000000000000006,0.16129964881259068,0.13875095473947874,0.16192643611270202,0.1073427050602958,-0.043128695117680776,0.04146992535969375,-0.033950167625379134,0.014776632468733529,0.047915039675454095,-0.1455452658540454,0.1260094507297293,-0.13529051842731374,0.1453473727101427,0.08024094847231313,0.0448006309022302,-0.04483857111618134,0.04466152131507815,-0.04143941769721195,0.04493247590331812,-0.034880662336528416,0.04680077943912098,-0.03845597309556617,0.12688142923027923,0.12143634992653615,-0.044583339349357244,0.04475797929963121,-0.042965248694947,0.042214826921467975,-0.035573880328006395,0.0369872363003223,-0.00484426835659374,0.01720391483519571,0.09512389119276983,0.0726227704798071,0.04167073481452147,-0.0422978338858749,0.04941888956889376,-0.04781387383788027,0.07219118713200802,-0.06146998822627941,0.10040270002896659,-0.13015761540310763,0.1449629466168137,0.1619147132420109,0.16192190020351452,0.12058251209600283,0.1618262358146106,0.10864456198062676,0.16192588952868386,0.08343455559246597,0.16191683032953302,0.1297519699941761,0.16192687646079976
0.24858161050243427,0.24909226616355187,0.13278939897129335,0.2483370986299624,0.11504956583503835,0.24903601306211315,0.16129964881259068,0.24999999999999992,0.22157191931726142,0.24935852249861667,0.16674288470304954,-0.06879671744717646,0.06769498969692994,-0.060226344385573546,0.044266020026729275,0.011303325097121406,-0.07810843476489478,0.13141922191695996,-0.20513731857835862,0.2265111193051106,0.12275909508753456,0.07129576889912105,-0.07141915575762749,0.07139610514070603,-0.06833119891938517,0.08024827239619874,-0.06513595890091918,0.0999709306105859,-0.08103795373526441,0.19935286507435923,0.1880337711628608,-0.07153874817860725,0.07181294964205157,-0.06986534788193809,0.06952489876281637,-0.06002759401839393,0.062216889281158344,-0.01822874237259603,0.04123233515216287,0.1418722988316753,0.11053926117462272,0.06693842724246186,-0.06785566076966884,0.07911673934306941,-0.07633947667323644,0.11520704041713961,-0.09962118831101141,0.15871797661786446,-0.2011333185362442,0.2229231009656002,0.24934003106644337,0.24935107057812778,0.1867654678123775,0.24920318241387296,0.16872847581972206,0.24935723682046693,0.13111574267754014,0.24934342303677998,0.19942365772864715,0.2493587560596049
0.22142670528243016,0.22194941899066392,0.11031269168885116,0.22134518470811795,0.09201675496105483,0.2218915444239867,0.13875095473947874,0.22157191931726142,0.2500000000000003,0.2221803770046222,0.1604881346515344,-0.08674618833790865,0.08557926215400767,-0.07813564761033463,0.06198581758368115,-0.006263778595247252,-0.07249395918863843,0.13355597808951652,-0.21388170529038136,0.20952845617402815,0.09924387407143191,0.08915535368335416,-0.08923751146546191,0.08923820161246433,-0.08618464388232178,0.09785654967231117,-0.08287619187055269,0.10202877942773152,-0.08520254599107724,0.18702976443859903,0.17641872569083938,-0.08940501803605978,0.08965878248422551,-0.08768462808344864,0.08733408610132358,-0.07801689633325196,0.08006008896942599,-0.034093639456624344,0.05133809626680051,0.11975054765296433,0.08746285810629226,0.084681287806383,-0.08514448832990398,0.09487748788227932,-0.08871121698256801,0.11960169007805187,-0.09360046997557055,0.14127756863208474,-0.1763567939926651,0.1966795928013797,0.22216414921618208,0.22217355483765824,0.17431818415199726,0.22203582297294727,0.15994628451481627,0.22217943274355914,0.11747461857222542,0.222168449981833,0.1740411320582974,0.2221807769305414
0.24921592240252186,0.24972558061673977,0.1333824214327261,0.24896165849924465,0.11562203937722572,0.24966816222662766,0.16192643611270202,0.24935852249861667,0.2221803770046222,0.24999999999999964,0.16683317655585866,-0.06826075333393536,0.06715150166998678,-0.059678659503173394,0.043711614504971893,0.01178823338280235,-0.07829098890299072,0.13166437018615104,-0.20561055590411004,0.22701426118108547,0.12334970708593761,0.07077346949654424,-0.07089818047895945,0.07087488087095954,-0.06780843099035107,0.07980450593797671,-0.06465598707602534,0.09984134969341826,-0.08086560818937043,0.19960821923685487,0.18827005279354345,-0.07102082174952191,0.07129545706731376,-0.06934737999090036,0.0690068115924961,-0.059505562377956706,0.06169780382188603,-0.017761528104967655,0.040895294270930395,0.14242758981076864,0.11112173745027135,0.06642599748683085,-0.06735525748236322,0.07865234742467717,-0.07596863999150938,0.11503257953798589,-0.0997300722628128,0.15911382785111147,-0.2017203152268665,0.22354411045476888,0.24997492728819412,0.24998600660024575,0.18702468661028895,0.24983790416720777,0.16889510091873325,0.2499921781341351,0.13142441653705753,0.24997829305783434,0.2000308620915062,0.2499937014985107
0.16607556640970134,0.16673306628317597,0.05503862148019563,0.1667002298151221,0.03724493214759571,0.1667950454844928,0.1073427050602958,0.16674288470304954,0.1604881346515344,0.16683317655585866,0.25000000000000006,-0.15098749821357285,0.14960926240451422,-0.1419374210547902,0.1170522737918074,-0.05721096852895209,-0.04335679671445105,0.10169363773148188,-0.15209572633246682,0.16407387167359874,0.040873969281660295,0.1521466958053434,-0.1520845074592025,0.15210329503178702,-0.14886038043063113,0.1504823966485374,-0.13970957324720884,0.12783877012113742,-0.11385129124836527,0.15202743654999537,0.16181282375671108,-0.15179395188972436,0.15201615241905383,-0.1499219186952334,0.14951205021409084,-0.14010040835852072,0.14198383833461994,-0.08911442819248214,0.09532047930447088,0.06569764327993177,0.029278146070752548,0.14614738947788425,-0.1453247120405304,0.15181956459590604,-0.1351079672100532,0.14643142760516542,-0.08812537185642381,0.10742696170594128,-0.12346854677118867,0.1412364105486646,0.16682101464792945,0.1668266671943032,0.1571215197489982,0.1667036070866297,0.15201920150269935,0.16683233610241505,0.09147159427817372,0.16682846622299102,0.11868618916330667,0.16683331440904714
-0.06753463552111186,-0.06836165188133982,0.03694954761840128,-0.06920497460300098,0.052605732661773943,-0.06854822571628558,-0.043128695117680776,-0.06879671744717646,-0.08674618833790865,-0.06826075333393536,-0.15098749821357285,0.25000000000000033,-0.2461935536878475,0.23789994624547953,-0.19998550488061523,0.1361622089342991,0.003913063508962192,-0.06692964131096209,0.08832129345346315,-0.08902647056214834,0.05599880687424023,-0.2463523342351964,0.24607033838632383,-0.2461360249783439,0.24269006080977548,-0.2311506803407556,0.22599514626868816,-0.15827654419823015,0.15049660339342577,-0.09521358460557154,-0.12965309670685277,0.2452383113984095,-0.24539750467684662,0.2431490758751627,-0.24265405383968816,0.23341713614681975,-0.23491970760912184,0.1718363324348404,-0.1579243443561545,0.024519629116583147,0.06674583287514296,-0.23840279801838632,0.23553487665477915,-0.2363500828771029,0.2033217090660345,-0.18209735302105734,0.07387340999881484,-0.04612449939992637,0.03095862031376298,-0.04384931087622234,-0.06825635983789942,-0.0682556178484271,-0.12095570131037701,-0.0681627786001029,-0.13113246059893577,-0.06826065722204613,-0.04401744892093538,-0.06826853794789704,-0.02259128161056001,-0.06826099030278951
0.06642207767687769,0.0672554460359501,-0.03876137426963885,0.06811104926077383,-0.05364152041736321,0.067439814420595,0.04146992535969375,0.06769498969692994,0.08557926215400767,0.06715150166998678,0.14960926240451422,-0.2461935536878475,0.2500000000000001,-0.23858771919814037,0.19977336278519753,-0.13637296954406522,-0.0030550957807781195,0.06578437241094524,-0.08710565940814591,0.08790298112464114,-0.056163662485355724,0.24507229899609978,-0.24479139538044972,0.24485835406699413,-0.24149895789352754,0.22996508828608536,-0.22490573881125356,0.15737077527141616,-0.14965795795436163,0.09417614850569175,0.1284849199506078,-0.2439659512269258,0.24412364024374578,-0.24191891140003494,0.2414465863448278,-0.2322964186456512,0.23378475586724512,-0.17113096607323103,0.1571933724454281,-0.024913591965636698,-0.06682902652435076,0.2371758599928469,-0.23431680027285778,0.23509319695314151,-0.20221172984508998,0.1809949956242604,-0.07329325623623709,0.04545157142632623,-0.03017432349570856,0.042927333445370724,0.06714719777202592,0.06714642271225138,0.11983023039739628,0.06705446445961001,0.1300236424428157,0.06715142035872845,0.0434324111185765,0.06715931267552741,0.021836857416191607,0.06715174703754731
-0.05897053806548365,-0.059788430428782006,0.040162588996411744,-0.06063668592857265,0.06183823391076197,-0.05996451253195601,-0.033950167625379134,-0.060226344385573546,-0.07813564761033463,-0.059678659503173394,-0.1419374210547902,0.23789994624547953,-0.23858771919814037,0.2500000000000002,-0.21048994025672152,0.14645459983403747,-0.0059344875824864805,-0.057598477550481676,0.07962498974316136,-0.08045170108658709,0.05795587900494827,-0.2381767740378369,0.2379022563346292,-0.23798292802169638,0.23573340947072158,-0.22418969352515297,0.21975829334576277,-0.1531869015009781,0.14581499059338165,-0.08788036887511942,-0.12121339271207242,0.2371504877804859,-0.23729904678630337,0.2356166509416664,-0.23545596898767512,0.2269464270171135,-0.22835034586748462,0.16819716543629912,-0.15404940169158468,0.028276937548922014,0.0681574273818642,-0.23064091903253525,0.2278160158123085,-0.22832753472069447,0.1961920488852457,-0.17512487421733836,0.07010100904848267,-0.04111430997408307,0.02471649158693141,-0.036557944597654934,-0.059674830527835,-0.05967380392428049,-0.11280419645398662,-0.05958737574126249,-0.12323566009516142,-0.059678545952812224,-0.039738192781915364,-0.05968660608039613,-0.01647557567359947,-0.05967882888071908
0.043063645665725236,0.043833844518518496,-0.038103118994455586,0.044645170180016826,-0.0877138244512548,0.04397913170459147,0.014776632468733529,0.044266020026729275,0.06198581758368115,0.043711614504971893,0.1170522737918074,-0.19998550488061523,0.19977336278519753,-0.21048994025672152,0.25000000000000006,-0.1789714887303658,0.03941260877423171,0.028022005814487824,-0.06241361423589024,0.06362539905759614,-0.05320335285844756,0.2017346456621394,-0.2015193211700305,0.2016484464732502,-0.20330145128865487,0.20136650326012204,-0.1950949807873393,0.1412590930780192,-0.13272516147783098,0.07080266973493488,0.09837890703503718,-0.20156329986221236,0.20168572478005004,-0.201764908585145,0.2026962792947087,-0.19641722143230442,0.1975729240264093,-0.14796962597663513,0.13598225130201683,-0.030251253455604206,-0.061982691565793314,0.19620160000153156,-0.19373851576423734,0.19395533940035306,-0.16647428619582996,0.14941864766710494,-0.05982667706024799,0.03211501531869354,-0.01537074133438434,0.024499442587588263,0.043708726022562344,0.043707514990588704,0.0913297624574138,0.043637781158296654,0.10090309211389416,0.04371139612171374,0.03156281573340471,0.04371872912724657,0.00794774419116633,0.043711593338131745
0.012109084625424893,0.01164854775041406,0.053606049044730715,0.010910247106459678,0.07734586627715494,0.011535081803939562,0.047915039675454095,0.011303325097121406,-0.006263778595247252,0.01178823338280235,-0.05721096852895209,0.1361622089342991,-0.13637296954406522,0.14645459983403747,-0.1789714887303658,0.24999999999999983,-0.10754096087810686,0.037822754773485526,0.007380467862923306,-0.008640623817595044,0.061460709430424566,-0.1377130522749961,0.13758258147973865,-0.13782473096692927,0.14129301229756158,-0.1497564719556298,0.14425408450287847,-0.10388006245246627,0.09623987911229064,-0.021386234184148024,-0.040171190550968294,0.13840222837507354,-0.13844823063885328,0.13949833363823017,-0.14087920751851768,0.1383789453016904,-0.13883172707780903,0.11174112659666981,-0.09946167620954485,0.04968650949587373,0.06629367966923887,-0.13520002165009876,0.1331821637853805,-0.13146517768428417,0.11134896484095844,-0.09285300518622201,0.029448245178678473,0.002171280086124039,-0.023928371670571835,0.021544102510893004,0.011787379038680719,0.011790252292160469,-0.035173314221996134,0.011816056711034832,-0.04563727489352445,0.011788452020995313,-0.0015838960826840278,0.011780496735152633,0.029709177594722313,0.011788575416496496
-0.07808732921936216,-0.07817372468759236,-0.05197566703863877,-0.07778728094707958,-0.047323559422421016,-0.07811898710282077,-0.1455452658540454,-0.07810843476489478,-0.07249395918863843,-0.07829098890299072,-0.04335679671445105,0.003913063508962192,-0.0030550957807781195,-0.0059344875824864805,0.03941260877423171,-0.10754096087810686,0.2500000000000001,-0.15408649364679738,0.08771559559706196,-0.07270653286884958,-0.045713151109131656,-0.0038529773543192897,0.0038139913339864722,-0.0034373467864938613,-8.64507760324282e-5,0.01080293289670603,-0.013362710464930441,0.032462731779270525,-0.027600085844310167,-0.04664169267372423,-0.05215731209968985,0.0028162293528132955,-0.002889589743191125,0.001285310193689128,-3.4082475234314964e-5,-0.003530380504596895,0.0030072996230724397,-0.023401119304728022,0.024382416343339857,-0.05679517973171923,-0.04322493276653397,-0.0019344886115009118,0.002501182398857555,-0.005625252754096963,0.007168437230424071,-0.019843385595713154,0.0206830173495095,-0.04364437537951421,0.06378698859617513,-0.07161160154646098,-0.07828596306101188,-0.07828972265656853,-0.05215819636041773,-0.07824776442372697,-0.04484608477311792,-0.07829140087691842,-0.036647482657542814,-0.07828603877958616,-0.06535548430081319,-0.07829188444293497
0.13117698908044112,0.13152941696538417,0.061287270774195275,0.1312000038417372,0.05267513333041085,0.13149047002776929,0.1260094507297293,0.13141922191695996,0.13355597808951652,0.13166437018615104,0.10169363773148188,-0.06692964131096209,0.06578437241094524,-0.057598477550481676,0.028022005814487824,0.037822754773485526,-0.15408649364679738,0.2500000000000003,-0.16264085417870017,0.13742217651826938,0.052465430629738144,0.06853989648374086,-0.06845802509425526,0.06804498820029264,-0.06456713779163946,0.05654797485575991,-0.04977856518118742,-0.0013050170338669747,-0.0008662094904673631,0.0917640682339506,0.10944636532435975,-0.06755797686132316,0.06771342054246825,-0.06585442421342648,0.06477106444878292,-0.05808797239456913,0.05904056246865964,-0.015447750652618313,0.006231943705169206,0.07484367822804316,0.04558850332200432,0.06447579039753377,-0.06453661483095585,0.06933117074972246,-0.06255896996515771,0.07789020198878867,-0.05373802801267035,0.08014904974303709,-0.10209202383553441,0.11550053505625615,0.13165516975012087,0.13166046235634257,0.10712012415271144,0.13157560726557016,0.09901916742059946,0.1316641995562179,0.06730234542000346,0.13165835156209418,0.10102423439607089,0.13166499053120206
-0.2048930783383123,-0.20540751820753217,-0.09863065572850302,-0.20489745174534865,-0.08249730273079493,-0.20535315630764628,-0.13529051842731374,-0.20513731857835862,-0.21388170529038136,-0.20561055590411004,-0.15209572633246682,0.08832129345346315,-0.08710565940814591,0.07962498974316136,-0.06241361423589024,0.007380467862923306,0.08771559559706196,-0.16264085417870017,0.2500000000000001,-0.21447208043008598,-0.08859838589416766,-0.0906715741157473,0.09074089648603008,-0.09075482437357509,0.0877078161223743,-0.09944007522994566,0.08444525241509168,-0.08104909965667355,0.06638046029427276,-0.16419879597055115,-0.16604987881928904,0.09094207764131473,-0.09118062576731335,0.08921341888958184,-0.0888405605395826,0.07979715263104427,-0.08159848244886637,0.032748441430461205,-0.04139209039983296,-0.11113213242912594,-0.07741428261841676,-0.08639607974586735,0.08670668401522459,-0.09537414740148747,0.08815978974236142,-0.11552530961685474,0.08705005246231295,-0.12984196175611637,0.16209544631652814,-0.18139439468489196,-0.20559557304136145,-0.2056041286796807,-0.16362022606671725,-0.20547482102310666,-0.15069664454251908,-0.20560970162324063,-0.10823479648074467,-0.20559992772835148,-0.1598748218827801,-0.20561094249799902
0.22624481970230834,0.22678974967493393,0.11194443068181913,0.22621046236053857,0.09451963879684411,0.22673722008258704,0.1453473727101427,0.2265111193051106,0.20952845617402815,0.22701426118108547,0.16407387167359874,-0.08902647056214834,0.08790298112464114,-0.08045170108658709,0.06362539905759614,-0.008640623817595044,-0.07270653286884958,0.13742217651826938,-0.21447208043008598,0.2500000000000001,0.10124100730395279,0.09152880606417581,-0.09161081581234702,0.09160675972890138,-0.08855484514924276,0.10051802000188127,-0.08540229624504293,0.09990915383248068,-0.08075208881506413,0.1766617268394029,0.18039385752101236,-0.09178793976833308,0.09204826508048235,-0.09006324899048392,0.0897234733448358,-0.08024504215052287,0.08227664221726369,-0.03405557193743035,0.04917649021580721,0.12292964128205852,0.08917180321966817,0.08695335743380497,-0.0874168572392685,0.09727565348617148,-0.09075504943440282,0.12243001557410332,-0.09573553720711366,0.14448391085992798,-0.1801903707850588,0.20091822385887095,0.2269975756237676,0.2270071759511226,0.17815777527480586,0.22686639130637,0.1634347106181417,0.22701319082469057,0.12003564343281825,0.22700197268949615,0.17776277993155354,0.22701456414547272
0.12316737823341871,0.12314863118109355,0.0945792162160931,0.12235744280281982,0.09064444788520525,0.12304325922642292,0.08024094847231313,0.12275909508753456,0.09924387407143191,0.12334970708593761,0.040873969281660295,0.05599880687424023,-0.056163662485355724,0.05795587900494827,-0.05320335285844756,0.061460709430424566,-0.045713151109131656,0.052465430629738144,-0.08859838589416766,0.10124100730395279,0.24999999999999997,-0.05585779820630328,0.05561958552294918,-0.05545801073143992,0.055932014807372046,-0.04411569718171825,0.051174368176300604,-0.0030072038533629215,0.01131269046136893,0.08221140737934558,0.061642063926844716,0.05520601580089667,-0.055104127847917246,0.05537984160884435,-0.0551975642758498,0.05722864537957411,-0.05650856105957418,0.057785290296772165,-0.038320001229612884,0.09557437383519074,0.09362524925394991,-0.05524420797585204,0.05353729341192017,-0.04702510355347552,0.03538663893208308,-0.003322886209511033,-0.030655279051523425,0.07747863183822509,-0.10917650102020231,0.11716902081015601,0.12334028545583653,0.12334725910310039,0.06436544254948794,0.12329511278084239,0.04940153463672251,0.12334896247265423,0.06164786246588475,0.12333744970108941,0.11149763115709747,0.12334974723131616
0.07004371863857853,0.07087206164112722,-0.03507515895025203,0.07170453759559121,-0.05231529493029939,0.0710508291402857,0.0448006309022302,0.07129576889912105,0.08915535368335416,0.07077346949654424,0.1521466958053434,-0.2463523342351964,0.24507229899609978,-0.2381767740378369,0.2017346456621394,-0.1377130522749961,-0.0038529773543192897,0.06853989648374086,-0.0906715741157473,0.09152880606417581,-0.05585779820630328,0.25000000000000006,-0.24939330623038813,0.24899059243052393,-0.2454981410034699,0.2339646333151568,-0.22864239984957646,0.16064692822013366,-0.1525820833074179,0.09772876099997589,0.13239862560489735,-0.24850765697179056,0.24867053221345828,-0.24638711136736663,0.2454737189499916,-0.23606464481167666,0.23759991442754966,-0.17354530674871718,0.15971286765603224,-0.023731880029744967,-0.06672790667662624,0.2415651389349232,-0.23866902541458046,0.23950504641056597,-0.20595893885364874,0.18467484941117404,-0.07523591253999996,0.04768500031445119,-0.032703899928316064,0.04589954014411131,0.07076891053301437,0.07076823385053496,0.12359850645201009,0.07067333545722233,0.13370726212101383,0.07077337614092526,0.045329980017433665,0.07078124384826982,0.024235383277960872,0.0707737236062201
-0.0701687523635484,-0.07099641070178081,0.03490960679451682,-0.0718271022444444,0.05214447923267867,-0.07117487460365751,-0.04483857111618134,-0.07141915575762749,-0.08923751146546191,-0.07089818047895945,-0.1520845074592025,0.24607033838632383,-0.24479139538044972,0.2379022563346292,-0.2015193211700305,0.13758258147973865,0.0038139913339864722,-0.06845802509425526,0.09074089648603008,-0.09161081581234702,0.05561958552294918,-0.24939330623038813,0.2500000000000004,-0.24876285596313413,0.24527316399062585,-0.2337595795920124,0.22843763712819604,-0.16055748082922383,0.1524942955414544,-0.09778629347682605,-0.13242012334629755,0.24835041263093205,-0.24851337970461412,0.2462312583354321,-0.2452500004147254,0.2358470400496867,-0.23738210380385413,0.1733788743211106,-0.159582845088704,0.023604484465923156,0.06658984137881482,-0.24141014174993453,0.23851671177354344,-0.23934962979711005,0.20580726372741134,-0.18456064548138335,0.07523639098071946,-0.047771808262529865,0.03282944886547513,-0.04602514912437317,-0.0708936113205751,-0.07089294287526232,-0.12362728484132154,-0.07079802014075477,-0.1337044073046189,-0.07089808580414145,-0.04538266180871353,-0.07090593542298274,-0.024362386267939642,-0.07089843410475795
0.07014537911880249,0.0709732181858594,-0.03495777301124458,0.0718043992354296,-0.05218889771648773,0.0711517334215678,0.04466152131507815,0.07139610514070603,0.08923820161246433,0.07087488087095954,0.15210329503178702,-0.2461360249783439,0.24485835406699413,-0.23798292802169638,0.2016484464732502,-0.13782473096692927,-0.0034373467864938613,0.06804498820029264,-0.09075482437357509,0.09160675972890138,-0.05545801073143992,0.24899059243052393,-0.24876285596313413,0.2500000000000001,-0.24538978231753877,0.2338659868859523,-0.2285638434056864,0.16066891877794615,-0.15262954825315456,0.09780903952291203,0.13230097490055504,-0.2479303663062997,0.2480932000749726,-0.24581373018715552,0.24536266059545916,-0.23597510161096696,0.23750823688579917,-0.1735767682755333,0.15975989654224254,-0.0236181801307991,-0.06642219105361485,0.24099772151216972,-0.23811274877692212,0.23903672283957503,-0.20571614348437275,0.18464666794362766,-0.07537380878394587,0.04785540996414196,-0.03287022861100497,0.04603821202586383,0.07087031013566891,0.07086965204482541,0.12351920219718421,0.07077481029270234,0.13364452113734396,0.07087478440162406,0.04549440869318444,0.0708826211758809,0.024407615948519715,0.07087513269963369
-0.06708925768592877,-0.06790912069660941,0.03587463250459375,-0.06873973937247138,0.054341782724966516,-0.06808523675964433,-0.04143941769721195,-0.06833119891938517,-0.08618464388232178,-0.06780843099035107,-0.14886038043063113,0.24269006080977548,-0.24149895789352754,0.23573340947072158,-0.20330145128865487,0.14129301229756158,-8.64507760324282e-5,-0.06456713779163946,0.0877078161223743,-0.08855484514924276,0.055932014807372046,-0.2454981410034699,0.24527316399062585,-0.24538978231753877,0.25000000000000006,-0.23738258827706435,0.23207633402919342,-0.16413307202869046,0.15609067097748955,-0.09705887982833522,-0.12923585455901596,0.24521488384184226,-0.24537765489852909,0.2459340746140822,-0.24743119001353045,0.2394672395679678,-0.24099912892684136,0.17702934256516614,-0.16320506148658828,0.026818507205083955,0.06714201260425498,-0.2386013828938019,0.23571541529245824,-0.2366425987832038,0.20366832922431424,-0.1864283401452497,0.07759864494973862,-0.047633665477281976,0.030672390275973377,-0.04315227408717842,-0.06780406252064008,-0.06780330361968301,-0.12076162533985965,-0.06771073629442959,-0.1310571878555788,-0.0678083281125749,-0.04577952661525461,-0.06781622291464144,-0.021858773004241376,-0.06780865864543068
0.0790803741559258,0.07988734317033208,-0.02442642503616648,0.0806409073895063,-0.04674880752424468,0.08004678181186489,0.04493247590331812,0.08024827239619874,0.09785654967231117,0.07980450593797671,0.1504823966485374,-0.2311506803407556,0.22996508828608536,-0.22418969352515297,0.20136650326012204,-0.1497564719556298,0.01080293289670603,0.05654797485575991,-0.09944007522994566,0.10051802000188127,-0.04411569718171825,0.2339646333151568,-0.2337595795920124,0.2338659868859523,-0.23738258827706435,0.24999999999999997,-0.23445243505142857,0.17535395263313927,-0.16240279648595335,0.10685433948043216,0.13343554373675717,-0.23469540946602926,0.23486716226539023,-0.23547170184787233,0.23700609089531965,-0.2290121648787682,0.23061868590052126,-0.16834008231913555,0.15799962260451947,-0.016492718860815776,-0.05582141262003469,0.22820233886162453,-0.22555514911880017,0.22720562853446152,-0.19616048111734732,0.1827734126359131,-0.07964412993815011,0.055171952819087385,-0.041849808429665944,0.05493632036190298,0.0797992447446763,0.07979925062686814,0.1254628999071918,0.07970279116672861,0.1339935842862578,0.0798043633844072,0.05166177426214042,0.07981088029461453,0.03343014544161679,0.07980477211418792
-0.06398216249303587,-0.06475176884627672,0.03244174101662336,-0.06553553901137395,0.051847226845792696,-0.06491423538508376,-0.034880662336528416,-0.06513595890091918,-0.08287619187055269,-0.06465598707602534,-0.13970957324720884,0.22599514626868816,-0.22490573881125356,0.21975829334576277,-0.1950949807873393,0.14425408450287847,-0.013362710464930441,-0.04977856518118742,0.08444525241509168,-0.08540229624504293,0.051174368176300604,-0.22864239984957646,0.22843763712819604,-0.2285638434056864,0.23207633402919342,-0.23445243505142857,0.25,-0.17923328735530264,0.1683321920325811,-0.09785727648245847,-0.12168960007440177,0.22937953620785814,-0.22954620014363275,0.23050651625701105,-0.23225872838548714,0.2278842393465694,-0.2290312185733861,0.18238146958011603,-0.17070124534119496,0.031060303294746978,0.06219360262331776,-0.22287429748425233,0.2201468787335461,-0.22147076935081442,0.19002798046083325,-0.1778250291161968,0.08352347710127145,-0.056762583942357406,0.032800812010595426,-0.041330861691074645,-0.06465180248642659,-0.06465119253667008,-0.1137744734947958,-0.06456449360104112,-0.12329220086218294,-0.06465587772156647,-0.04959315608887905,-0.06466304954673151,-0.021712631924592305,-0.06465619603437273
0.09923528259467801,0.09984860898318815,0.011799887845710786,0.10021116098862919,-0.008540955626656672,0.09996870526081021,0.04680077943912098,0.0999709306105859,0.10202877942773152,0.09984134969341826,0.12783877012113742,-0.15827654419823015,0.15737077527141616,-0.1531869015009781,0.1412590930780192,-0.10388006245246627,0.032462731779270525,-0.0013050170338669747,-0.08104909965667355,0.09990915383248068,-0.0030072038533629215,0.16064692822013366,-0.16055748082922383,0.16066891877794615,-0.16413307202869046,0.17535395263313927,-0.17923328735530264,0.24999999999999994,-0.22954342596694796,0.14000694251981008,0.12137787588603655,-0.16136181797618074,0.16155201777168407,-0.16261268784364338,0.1643320845279149,-0.15969750891060444,0.16071796031877988,-0.16766024247103145,0.19063290012754935,-0.007607012790450517,-0.013082090784711165,0.1554901337210622,-0.15393913765167258,0.1590814681492023,-0.13826782159412637,0.1426186339162124,-0.09910870945663905,0.1002840751991242,-0.07599722314812804,0.07888243526718294,0.09983425103244446,0.09983660410177331,0.1167262257544132,0.09974782715511742,0.11898310016329047,0.0998408972416807,0.07614745603743209,0.09984201405949589,0.06203230384229928,0.09984146107242976
-0.08032435804460762,-0.08088907487063024,-0.0026207696287097832,-0.08128857902241672,0.015464406227132736,-0.08101047415402186,-0.03845597309556617,-0.08103795373526441,-0.08520254599107724,-0.08086560818937043,-0.11385129124836527,0.15049660339342577,-0.14965795795436163,0.14581499059338165,-0.13272516147783098,0.09623987911229064,-0.027600085844310167,-0.0008662094904673631,0.06638046029427276,-0.08075208881506413,0.01131269046136893,-0.1525820833074179,0.1524942955414544,-0.15262954825315456,0.15609067097748955,-0.16240279648595335,0.1683321920325811,-0.22954342596694796,0.24999999999999978,-0.1309926694785103,-0.10615060422995148,0.1531777162992681,-0.15336183805907308,0.15444316791538099,-0.1561620945348328,0.15563940825262274,-0.15612523077853388,0.18655458415673642,-0.20953178205650247,0.026547236866866053,0.02038887005069055,-0.14724157108121266,0.14561067794274898,-0.150447721099406,0.12930762930173492,-0.13467446056511273,0.10448431702302621,-0.10392995915269988,0.06540406124897209,-0.06202278968372374,-0.08085993170552662,-0.08086154579883051,-0.10164255223439536,-0.08078540759622153,-0.10506079927202924,-0.08086527358995478,-0.07406115014062145,-0.08086712652661007,-0.047738407971882266,-0.08086572488964643
0.1988994072545273,0.19943634858584178,0.09461828493013857,0.1990588489941702,0.07623081569539884,0.19946870024208563,0.12688142923027923,0.19935286507435923,0.18702976443859903,0.19960821923685487,0.15202743654999537,-0.09521358460557154,0.09417614850569175,-0.08788036887511942,0.07080266973493488,-0.021386234184148024,-0.04664169267372423,0.0917640682339506,-0.16419879597055115,0.1766617268394029,0.08221140737934558,0.09772876099997589,-0.09778629347682605,0.09780903952291203,-0.09705887982833522,0.10685433948043216,-0.09785727648245847,0.14000694251981008,-0.1309926694785103,0.2499999999999999,0.16468104814541634,-0.09810796461433798,0.09835491575159275,-0.09748966024693252,0.09788120779668438,-0.09033506075184267,0.0920812519195527,-0.06791559788451951,0.0910004454007165,0.0921391689399184,0.0708196354273924,0.0931194795960243,-0.09325506814837332,0.10256124220594563,-0.09412085913123285,0.12238687858856885,-0.10032130815376922,0.14109573566143604,-0.1603769252616227,0.17523622438280653,0.19959352810414213,0.19960173857248378,0.16242006033721795,0.19947438170097537,0.15089939714586403,0.19960722632166686,0.11362259059102177,0.19959818639287052,0.15423990626914758,0.19960842912255783
0.1875088189906727,0.18812859646348826,0.07535335605351397,0.1879155004243866,0.05768283070039207,0.1881526420639429,0.12143634992653615,0.1880337711628608,0.17641872569083938,0.18827005279354345,0.16181282375671108,-0.12965309670685277,0.1284849199506078,-0.12121339271207242,0.09837890703503718,-0.040171190550968294,-0.05215731209968985,0.10944636532435975,-0.16604987881928904,0.18039385752101236,0.061642063926844716,0.13239862560489735,-0.13242012334629755,0.13230097490055504,-0.12923585455901596,0.13343554373675717,-0.12168960007440177,0.12137787588603655,-0.10615060422995148,0.16468104814541634,0.24999999999999992,-0.13270403752924848,0.13294078629467657,-0.13087594407910141,0.13036579954283248,-0.12088798762798281,0.12285684975309008,-0.07194615146649203,0.08236826445818675,0.08499460312295953,0.049630706340267325,0.1272857945058085,-0.12688999789569222,0.13458676787522422,-0.12120431749636064,0.1394217660393777,-0.09146057887930162,0.12078891102017934,-0.14346262159576248,0.16232052094577767,0.18825632931234285,0.1882633510013352,0.16535732866046762,0.1881334421732493,0.1569958669945281,0.1882691759314218,0.10182385412398592,0.18826281171856027,0.13940899724012745,0.18827029411508103
-0.07029260965097546,-0.07111869328525468,0.03455669353667879,-0.07194678196618828,0.052067944493152704,-0.07129626924107359,-0.044583339349357244,-0.07153874817860725,-0.08940501803605978,-0.07102082174952191,-0.15179395188972436,0.2452383113984095,-0.2439659512269258,0.2371504877804859,-0.20156329986221236,0.13840222837507354,0.0028162293528132955,-0.06755797686132316,0.09094207764131473,-0.09178793976833308,0.05520601580089667,-0.24850765697179056,0.24835041263093205,-0.2479303663062997,0.24521488384184226,-0.23469540946602926,0.22937953620785814,-0.16136181797618074,0.1531777162992681,-0.09810796461433798,-0.13270403752924848,0.25000000000000006,-0.24965466016683685,0.24761649711189723,-0.24636631418198923,0.23708494425032667,-0.23862536574007268,0.1743050044004712,-0.16038592061450155,0.02390948727328789,0.06715460997301842,-0.24284766871585575,0.2399342131308981,-0.24073018106187333,0.20691546602821104,-0.18545413845658165,0.07553054870132259,-0.04786331065035497,0.03277787457335587,-0.04602357238710664,-0.07101624725868261,-0.0710155586322723,-0.12415047821668918,-0.07092024120896397,-0.13428797796354003,-0.07102072733108758,-0.04546689560474653,-0.07102864146092108,-0.024254654909269,-0.07102107585880717
