x1,x2,x3,x4,x5,x6,x7,x8,x9,x10,x11,x12,x13,x14,x15,x16,x17,x18,x19,x20,x21,x22,x23,x24,x25,x26,x27,x28,x29,x30,x31,x32,x33,x34,x35,x36,x37,x38,x39,x40,x41,x42,x43,x44,x45,x46,x47,x48,x49,x50,x51,x52,x53,x54,x55,x56,x57,x58,x59,x60
0.24999999999999997,0.24731140532754464,-0.04518741337211435,0.24726293327655657,-0.04109504755202918,0.2478532431793075,-0.047960813096548024,0.24639313294294968,0.1979686340703038,0.2480224489875308,0.17478231503606664,-0.09991844227446649,0.10073076196150853,-0.10116553058625365,0.12381397066495428,-0.10147834834230615,0.09503400074145707,0.04292760502117273,-0.1721446838179203,0.22028959325126998,0.04936131210447498,0.09320898874100958,-0.0874135151206813,0.0945449742556267,-0.08644369210754303,0.11088274050760182,-0.09528879868303929,0.1344732916254723,-0.09103809391714289,0.1965571742039061,0.17339060825198388,-0.07622290520572607,0.08145593113805431,-0.0736885117588786,0.07691563628966197,-0.05646602265767232,0.06597151190982971,0.01486609923712079,0.015460913119859053,0.17256398457894384,0.09973231256866742,0.07305089382647682,-0.07080215063078946,0.07029054564037815,-0.03523492943692913,0.057031457405858785,-0.0118523219550982,0.08603508162823921,-0.1611161079846615,0.20486851006060858,0.2477983874977278,0.24796757737372718,0.09250957754403825,0.2478478009991612,0.08242632369137375,0.24795262723272504,0.0287996698009746,0.2476660576839863,0.18400415831562647,0.24803263324400313
0.24731140532754464,0.24999999999999997,-0.04600648605871619,0.24850629761986515,-0.04176695101279712,0.24909645548413584,-0.04837238743043605,0.24763439291362394,0.1989989543435784,0.2492655620600916,0.17602341984410333,-0.1011377778263882,0.10195363102966719,-0.10238696311307861,0.1250455474534514,-0.1025218377940193,0.09572994959248762,0.04309990123997258,-0.17303885264315644,0.22142444073229908,0.0492014620892831,0.09437519729167404,-0.08853152915302458,0.0957143711172484,-0.08755613016097336,0.11204221796526177,-0.09638326639368006,0.13554690060649172,-0.0918462681494815,0.19765715093163164,0.17455878972889077,-0.07726358790417738,0.08253294295679801,-0.07471036004093999,0.07795945253690073,-0.05736607461659999,0.06693485253106551,0.014491078715656107,0.015930921719032296,0.17330488083528936,0.09993189015411041,0.07406894171063172,-0.07180443598801718,0.07128920003667467,-0.03598683504020178,0.05788013853925743,-0.012265844985254624,0.08660858921304478,-0.16190856364421616,0.20585876509087495,0.24904091534784376,0.2492103041540363,0.09348786588838948,0.2490896808109405,0.0832572768193867,0.24919524556325354,0.029177816758215732,0.24890668918348652,0.1848872648794688,0.24927581210353886
-0.04518741337211435,-0.04600648605871619,0.25000000000000006,-0.04609701974551681,0.09455249077329281,-0.045484910786712025,0.05631294443783555,-0.04639376174476152,-0.04041355509656219,-0.045323498791320214,-0.11188734756334785,0.18116249373699547,-0.18127143518155645,0.1804576401322723,-0.15913814478465005,0.140183296497338,-0.07655394743707891,0.009247684326055742,0.0332157390494207,-0.04454124334132364,0.08326409630697464,-0.17543815051079975,0.1700589514934941,-0.17489908433927104,0.169727683777728,-0.15738075722035172,0.15741208684873145,-0.12248671502052619,0.1034376199042064,-0.0667504391009225,-0.09947542887528998,0.1632053278365809,-0.16644681833752054,0.16136194793645026,-0.1632658833241008,0.15017628628227486,-0.15551903079178045,0.09966287937686576,-0.09475276613554132,-0.002824244352057644,0.0498354949998934,-0.16110406976688674,0.15967605892451717,-0.15934321295384474,0.13683527670545872,-0.13802108392007975,0.08249479762282937,-0.04812240625947375,0.026104260426491777,-0.029207470561204072,-0.04540462881476238,-0.04528841528463659,-0.13354501553382525,-0.04521062380906911,-0.10976534508649093,-0.045278081874928586,-0.058305995507067436,-0.045100917807220704,-0.02480499837469708,-0.04532886381627859
0.24726293327655657,0.24850629761986515,-0.04609701974551681,0.2499999999999999,-0.04284987111964199,0.249048977347468,-0.0488569857049386,0.24765171628332538,0.1990143621184545,0.2492164846613032,0.1766183274867087,-0.10246133865832625,0.10327890816253983,-0.10371154313412288,0.12636405744149193,-0.10371544317297458,0.09649204856126584,0.04270434319526686,-0.17296799842146351,0.22142489977488075,0.04842671708476354,0.09567048758975072,-0.08979986964019515,0.09701093421738562,-0.08882334692944506,0.11330558300236701,-0.09762321829448478,0.13656927415133996,-0.09274502035810442,0.19792162722144951,0.17509022012364234,-0.07849396480226506,0.08378140416256294,-0.07592964747529865,0.07919007134354455,-0.058522790400295045,0.0681226022614084,0.013619807498284491,0.01677729207571902,0.17301432201286113,0.09934433757558873,0.07528718562609572,-0.073014632528086,0.0724974857032833,-0.037067723943711835,0.0589351537279069,-0.012936144642379983,0.08686602948384185,-0.16185092328602743,0.20575116495594187,0.24899290260191753,0.24916102914319865,0.09444314698140199,0.24903996315137908,0.08403097829251717,0.24914591010429485,0.02961660369090673,0.24885636885746987,0.1847786479367307,0.24922676252253864
-0.04109504755202918,-0.04176695101279712,0.09455249077329281,-0.04284987111964199,0.2500000000000001,-0.04226013181075749,0.04087472951330796,-0.04310969340973188,-0.04222579445855732,-0.042079798332589596,-0.08720744898138037,0.1415425157140372,-0.14194248820551797,0.14235647021504158,-0.15997511264467779,0.13560183035544324,-0.07338587401898211,0.01941729411112426,0.031934342911557195,-0.04319330862319994,0.06267415299798684,-0.1380494252307897,0.1348305640320784,-0.13881081192241182,0.13433817449793917,-0.14319185515793018,0.1363486074153423,-0.11510572593862141,0.09472277303807726,-0.062252380879067155,-0.08221736148987874,0.12908815000432508,-0.13182541159765393,0.12742927912933139,-0.12912503313393286,0.11838157321912703,-0.12304841346607284,0.07785306414982761,-0.07913053768409248,-0.005931539007347121,0.03599483393169727,-0.12727051477209642,0.12608337399261224,-0.12577334993563663,0.10729803785989137,-0.1089862784195848,0.06453414378187881,-0.039925357154665886,0.024788956247096157,-0.028449690260740488,-0.042136920768387646,-0.04205110079622857,-0.10644370638939384,-0.041987367436491285,-0.08756219398062576,-0.0420427119356034,-0.04619567710809392,-0.0418972214073562,-0.02440292622431373,-0.042084348317608475
0.2478532431793075,0.24909645548413584,-0.045484910786712025,0.249048977347468,-0.04226013181075749,0.24999999999999992,-0.048765012664929636,0.2482494890787943,0.19945485754675882,0.24980752523875022,0.176654619611268,-0.1018706473545857,0.10268889816726623,-0.10312186291429035,0.1257915219716325,-0.10318374066830036,0.09625710660391723,0.04302605029247108,-0.17337479402978018,0.22191143747677702,0.049016948336470405,0.09508089624551315,-0.08921285063999376,0.0964225512508529,-0.08823486325649273,0.11275977407390972,-0.09706199117255762,0.1362609572371953,-0.09241747315422381,0.19822141451117267,0.17515342985064344,-0.07790515721636225,0.08319322078115424,-0.07534200712534864,0.07860260767143816,-0.05793480835006145,0.06753696505010168,0.014190894554382426,0.016298073641226127,0.17358226535489574,0.0999332466715743,0.07469873363703079,-0.07242607880410669,0.07190896697447523,-0.03647876724725742,0.05841145473414363,-0.012548413605750727,0.08690171726148112,-0.16225103890659925,0.20628103320156083,0.2495827785318219,0.24975206838074818,0.09406130454937564,0.2496310054220703,0.0837387308234591,0.24973695292199954,0.029410364866437683,0.2494473730359966,0.18526195607919108,0.24981780937169412
-0.047960813096548024,-0.04837238743043605,0.05631294443783555,-0.0488569857049386,0.04087472951330796,-0.048765012664929636,0.2500000000000001,-0.05022779122639322,-0.03236729221732983,-0.04858744189700712,-0.06147297106319872,0.07805660198632938,-0.07845614852167684,0.07866576724339523,-0.0873327024964788,0.11497871711584502,-0.18193678335029415,0.08358160520680966,0.007458480589307358,-0.03893534478892673,0.025807497624909286,-0.076589920438928,0.0748874132125488,-0.07768960336725154,0.0774246295390012,-0.08914055128734821,0.08348277739725046,-0.10299297183593853,0.08542687048171828,-0.0630132349353496,-0.059473883415902984,0.0721150012687484,-0.07316569787470459,0.07301867463900981,-0.07427737591157253,0.06678605553013744,-0.07050410074090604,0.041528473105464314,-0.054406928751987854,-0.019221893698972464,0.007071949294287328,-0.07207784528223864,0.07142393209054845,-0.07169376481277566,0.05865047072857092,-0.062200005329274666,0.03595361006793863,-0.03201626829309365,0.03174233780768289,-0.0373292551359727,-0.04859104083230706,-0.04856658674762219,-0.06370592598595963,-0.04852066467874811,-0.05370592021830277,-0.048559957558880755,-0.027954216811728477,-0.048452407990182016,-0.03344368529091282,-0.04859049178431154
0.24639313294294968,0.24763439291362394,-0.04639376174476152,0.24765171628332538,-0.04310969340973188,0.2482494890787943,-0.05022779122639322,0.24999999999999983,0.19796081886346892,0.24834472836061802,0.17659621097887257,-0.1033161885635655,0.1041317000791943,-0.10456749581966329,0.1271137511856916,-0.10463208384668053,0.0976914617402013,0.041576303009502213,-0.1719593448006719,0.22049309432763137,0.047563470301141525,0.09652674038598624,-0.09065512844241116,0.0978680019241982,-0.0896816567041715,0.11420680982310867,-0.09850976307385081,0.13766875318160893,-0.09382944714160223,0.1976561777524747,0.1749920237500562,-0.07935258010719695,0.08463867701652482,-0.07678725763544555,0.08004806451803681,-0.05938226727111647,0.06898431128271278,0.012741110948847303,0.017734110499778057,0.17212635561632297,0.09848007393792257,0.07614570498168068,-0.07387343021059856,0.07335641090913012,-0.037928378178957785,0.0597028842066294,-0.013509144792993167,0.08682425371880134,-0.16126770105805596,0.2049751372779983,0.24812287487794468,0.24828929271357777,0.09499931677823957,0.2481682256019367,0.08445617509302383,0.24827416859136667,0.029922245095821184,0.24798469054418915,0.18407075221091898,0.2483550130350926
0.1979686340703038,0.1989989543435784,-0.04041355509656219,0.1990143621184545,-0.04222579445855732,0.19945485754675882,-0.03236729221732983,0.19796081886346892,0.2499999999999998,0.19957090327224472,0.14368949876397588,-0.08711635495040541,0.08782639427007223,-0.08828932843773853,0.11068814144099613,-0.08821651204663054,0.06306764853183662,0.06923676693799834,-0.1995572901511001,0.1972166608890116,0.03679115419092614,0.08091804845818128,-0.07594264128290519,0.08203709427477059,-0.07471065189297213,0.09813960550302864,-0.0835304800913764,0.10983426404393058,-0.07398117418057261,0.15802936943193416,0.14193749113760692,-0.06640139828780407,0.07097571816468204,-0.06375863036045828,0.06646453347214633,-0.04966634939841177,0.057501959369056166,0.009441756374428694,0.014222794274431834,0.1382356870759897,0.07809609617733144,0.0634544699719167,-0.0615586508720925,0.06100237031322207,-0.032265443220734935,0.04972253517652577,-0.011509398229223151,0.06965209521559675,-0.12916725580699226,0.1645317821859011,0.19939455317916413,0.19952596966304623,0.07817528157947565,0.199428001053636,0.06916891852734103,0.19951394049594132,0.024460170474597028,0.1992802371364631,0.14757747675552382,0.19957922528327526
0.2480224489875308,0.2492655620600916,-0.045323498791320214,0.2492164846613032,-0.042079798332589596,0.24980752523875022,-0.04858744189700712,0.24834472836061802,0.19957090327224472,0.24999999999999978,0.1766583442919876,-0.1016946276393635,0.10251301705207722,-0.1029458235200361,0.1256215093555111,-0.10300961773942868,0.09610841061502864,0.043189330586498355,-0.1735294511664083,0.22205920343596453,0.049190173230644514,0.09490502399131137,-0.08903756494665425,0.09624669985917413,-0.08805898509792329,0.11258527273538912,-0.0968870488616396,0.13610265479376152,-0.09225925908741452,0.19827675773282377,0.17516836489026788,-0.07772950525492091,0.08301769317823869,-0.07516663237884129,0.0784271391994009,-0.057759616008395374,0.0673616700168968,0.014363669924933774,0.01613087531387173,0.17375152039253483,0.10010515138168655,0.07452318614643226,-0.07225053833102875,0.07173341728676995,-0.03630384470847637,0.05825502889488316,-0.012432865443728933,0.08690905926823837,-0.16236509852517753,0.20643269384768437,0.24975173158862876,0.2499213618432223,0.09394636767708711,0.24980030243898252,0.08365050355664701,0.24990624781987522,0.029348253056590348,0.24961666302624583,0.18540035174115949,0.24998710366324864
0.17478231503606664,0.17602341984410333,-0.11188734756334785,0.1766183274867087,-0.08720744898138037,0.176654619611268,-0.06147297106319872,0.17659621097887257,0.14368949876397588,0.1766583442919876,0.2499999999999997,-0.17352506042720262,0.17400174706989546,-0.17362490061788946,0.17060607124340676,-0.14575311186718357,0.10260451143623626,0.022048357670889737,-0.12414937853853332,0.15950007787248474,-0.022732472961292858,0.16578923387677813,-0.15879564743976993,0.1660743466060712,-0.1579799280678405,0.16311766380791426,-0.15442690352244642,0.1554587603729271,-0.1179996144927395,0.15890438398462442,0.16596838134657899,-0.14780319679544368,0.15296826554847473,-0.1451193590959328,0.14822718815181238,-0.12780083107552037,0.13680170995848795,-0.05342626504599903,0.06805695205450149,0.10504098136255229,0.0284043698350421,0.14458228837644638,-0.1423421662399643,0.14182443792639224,-0.10676871793250949,0.12052142171574463,-0.05872088224348531,0.08153171522404769,-0.112643886446074,0.1407545506578216,0.1765751995185316,0.17660356091717777,0.13894654070047965,0.17648323526684562,0.11802655879786744,0.1765881566658074,0.053709916185961014,0.1763058973741535,0.12552160471120785,0.17666778721302906
-0.09991844227446649,-0.1011377778263882,0.18116249373699547,-0.10246133865832625,0.1415425157140372,-0.1018706473545857,0.07805660198632938,-0.1033161885635655,-0.08711635495040541,-0.1016946276393635,-0.17352506042720262,0.2500000000000001,-0.24912340132475394,0.2482029459186848,-0.22592260327436398,0.19769102682757836,-0.11460595742254186,0.004283190506966582,0.07283761673363572,-0.0955960688746346,0.09792560339127573,-0.2410911654689079,0.2327083653480154,-0.2400665807785159,0.23203822792316464,-0.22121063828830786,0.21826497873228715,-0.18081743201104267,0.14868147901512985,-0.12098408988059409,-0.1577029073941894,0.22196214712809922,-0.22703553829789033,0.21913961457888842,-0.22213709529381534,0.20180234078574383,-0.21029938386265698,0.12468791073895039,-0.12394995112937998,-0.034046093614275255,0.04605326562761894,-0.2187055564137806,0.21648236864181342,-0.21596207831674322,0.18101745312649242,-0.18637650866272787,0.10745330572138641,-0.0766498501170785,0.06178698613607381,-0.07348877156008474,-0.10175875256892905,-0.10164016854935669,-0.18693440116675655,-0.10151964857641521,-0.1547719524102789,-0.10162433732552428,-0.07955251558315275,-0.10134744680186886,-0.06417384535719514,-0.10170332776210607
0.10073076196150853,0.10195363102966719,-0.18127143518155645,0.10327890816253983,-0.14194248820551797,0.10268889816726623,-0.07845614852167684,0.1041317000791943,0.08782639427007223,0.10251301705207722,0.17400174706989546,-0.24912340132475394,0.24999999999999992,-0.24892473378835717,0.22667601178553431,-0.1983967532223115,0.11525010097292936,-0.0047338794556535625,-0.0734158571248081,0.09636103802245774,-0.09735480039659856,0.24071848776489632,-0.23316896709642967,0.24064980676817324,-0.23255971051023108,0.22192309290593723,-0.21888525812384077,0.18154079155217104,-0.1492093475607172,0.1217223045201536,0.15835206641322208,-0.2223874649015606,0.2274783254585752,-0.2195641335518414,0.2225851448414869,-0.20217324487554122,0.21072615913152024,-0.12480675491908219,0.12418744477764859,0.034562310909828704,-0.04580569279834618,0.2191238723388913,-0.21689281305233538,0.2163726160711232,-0.18129358887903552,0.18673417975085285,-0.10761811372720381,0.07699790460624814,-0.062326887036131096,0.07415734100466903,0.10257655497119222,0.10245834508177544,0.18738390095881038,0.10233735970722822,0.15515902415336763,0.10244244846019297,0.07973298269374254,0.10216443474925335,0.06477723835728906,0.1025217536326015
-0.10116553058625365,-0.10238696311307861,0.1804576401322723,-0.10371154313412288,0.14235647021504158,-0.10312186291429035,0.07866576724339523,-0.10456749581966329,-0.08828932843773853,-0.1029458235200361,-0.17362490061788946,0.2482029459186848,-0.24892473378835717,0.2499999999999999,-0.22725984098965465,0.19901021737188385,-0.11584382898835814,0.0051112173400105435,0.07370151401243386,-0.09676247526211612,0.09718485379802815,-0.24076096961914686,0.2337739417253652,-0.2412978676779159,0.23318458157861136,-0.22249753776271777,0.21946230347934148,-0.18211851345248106,0.14968400257873982,-0.12218665954202433,-0.15885405066679936,0.22296461636966278,-0.2280686418024586,0.22014233658500587,-0.2231752816170663,0.2027001537486439,-0.21128517713490672,0.1251138578570535,-0.12452798658404217,-0.03476749143737707,0.04583662160935084,-0.2196965014711622,0.21745928068381848,-0.21693964234567348,0.1817515448894459,-0.18722494284201516,0.10789867929217763,-0.07726283295903671,0.06260706156914032,-0.07449139259051783,-0.10300930784967968,-0.1028909491511868,-0.1878970267281561,-0.10276958297603751,-0.15559050453886294,-0.1028749973190443,-0.07995583200850272,-0.10259608501593508,-0.06507672675114036,-0.10295455729899634
0.12381397066495428,0.1250455474534514,-0.15913814478465005,0.12636405744149193,-0.15997511264467779,0.1257915219716325,-0.0873327024964788,0.1271137511856916,0.11068814144099613,0.1256215093555111,0.17060607124340676,-0.22592260327436398,0.22667601178553431,-0.22725984098965465,0.24999999999999978,-0.21515450875857478,0.1352425108584888,-0.017948234427032805,-0.08894199812171708,0.11852361517445092,-0.07515275353985613,0.21919895692649707,-0.21298819340014527,0.22050090658981425,-0.21235813380584556,0.22712699311819284,-0.21496344526897015,0.1947674093837651,-0.15545282403501726,0.13969999141771125,0.16205608357745846,-0.20205926497112206,0.20721183717176586,-0.19927294084362507,0.2024966421404041,-0.18191093909940123,0.19097683777025268,-0.10572036713270491,0.11470628421137029,0.05467966546821483,-0.024011697912653254,0.1987899299813765,-0.19653797879406,0.19601886893100795,-0.16063311758434382,0.1688197136331666,-0.0942340839003013,0.07940481881656947,-0.07812358576717975,0.09487557105333823,0.1256419114985093,0.12556634926631968,0.17464243411352337,0.12544447092025088,0.1454387804755024,0.1255504481236441,0.07288231958113538,0.12526857750933215,0.08365201991471286,0.12563057792194687
-0.10147834834230615,-0.1025218377940193,0.140183296497338,-0.10371544317297458,0.13560183035544324,-0.10318374066830036,0.11497871711584502,-0.10463208384668053,-0.08821651204663054,-0.10300961773942868,-0.14575311186718357,0.19769102682757836,-0.1983967532223115,0.19901021737188385,-0.21515450875857478,0.25000000000000006,-0.16460040242515933,0.048958218980304745,0.06515090761461487,-0.09602381381028291,0.07070293159862547,-0.19343875934325291,0.18812663585904005,-0.19465792472938725,0.1905368422317586,-0.21361532939650252,0.19986232143568577,-0.1824753958781786,0.1457964418833413,-0.12164817387445825,-0.13889314059501295,0.17988570029755205,-0.18354914360228164,0.17921164858895858,-0.18208728886604558,0.16445358016666844,-0.17247052160954748,0.09905922777543631,-0.1081965082786132,-0.040803213578255774,0.026656966855670546,-0.1781208587544768,0.17634011366283572,-0.1763099734478653,0.1458172453684318,-0.15246683685822124,0.08678257197401762,-0.06972948002962746,0.06461681473782163,-0.07714712115585755,-0.1030387238973624,-0.1029616846975674,-0.15513360170084398,-0.10285549465539291,-0.1294851340670599,-0.102947439941951,-0.06608116491484882,-0.10270200566811144,-0.06818880942151964,-0.10301727152843278
0.09503400074145707,0.09572994959248762,-0.07655394743707891,0.09649204856126584,-0.07338587401898211,0.09625710660391723,-0.18193678335029415,0.0976914617402013,0.06306764853183662,0.09610841061502864,0.10260451143623626,-0.11460595742254186,0.11525010097292936,-0.11584382898835814,0.1352425108584888,-0.16460040242515933,0.24999999999999983,-0.10817548095401353,-0.02566118474395441,0.07723292685023689,-0.026539216093521837,0.11147421700926073,-0.10868505031836248,0.1132390359645165,-0.11139792875704717,0.1332323625729544,-0.12254493088239203,0.158433902193635,-0.12899325365499928,0.11055075146192596,0.10021251631281239,-0.10343446832808652,0.10560554746570577,-0.10400607643641653,0.10608335581540357,-0.09364123973114538,0.09979100476083703,-0.05182696770126712,0.07491526954461074,0.04753727730392285,0.004330981582818478,0.1028046078352326,-0.10163390062440153,0.10185302138265528,-0.08028205070133233,0.08783185310984394,-0.04785525696591761,0.052853636135321985,-0.06261298072626348,0.07580733550106286,0.09608315021665845,0.09607438728407702,0.09464988101384722,0.09599908946944065,0.08029911960224391,0.09606389148776301,0.03986748690561183,0.09588677835693957,0.0679258074845567,0.09611399051234776
0.04292760502117273,0.04309990123997258,0.009247684326055742,0.04270434319526686,0.01941729411112426,0.04302605029247108,0.08358160520680966,0.041576303009502213,0.06923676693799834,0.043189330586498355,0.022048357670889737,0.004283190506966582,-0.0047338794556535625,0.0051112173400105435,-0.017948234427032805,0.048958218980304745,-0.10817548095401353,0.25000000000000017,-0.11385207709413753,0.06231151858183936,0.025486682628110817,-0.008078074293313288,0.010780744251130013,-0.010124819072651293,0.013827708985471266,-0.029434132674381677,0.02740942017917809,-0.06131581724133514,0.05854734368194161,0.005710879500143354,0.018659083752425514,0.013491821009834148,-0.01169916711121467,0.01659710662531459,-0.016464493423625604,0.018411732330499937,-0.018193731772400974,0.030456379481748806,-0.04176057568853921,0.04145526800528009,0.03036849797089638,-0.015526757115034156,0.015996389988027652,-0.01673853160900732,0.01982396485316469,-0.016151026378534283,0.017695089658843838,0.003931490118526586,-0.025970697739719082,0.03654478782633904,0.04312732918824003,0.04318501615442825,-0.006135026759961116,0.04317577122704378,-0.004445933379119121,0.043185376044720516,-0.008263162668759847,0.04316474549318114,0.032179712222227534,0.04319089588697866
-0.1721446838179203,-0.17303885264315644,0.0332157390494207,-0.17296799842146351,0.031934342911557195,-0.17337479402978018,0.007458480589307358,-0.1719593448006719,-0.1995572901511001,-0.1735294511664083,-0.12414937853853332,0.07283761673363572,-0.0734158571248081,0.07370151401243386,-0.08894199812171708,0.06515090761461487,-0.02566118474395441,-0.11385207709413753,0.2499999999999999,-0.1953510696460851,-0.03449748520269408,-0.06675308959021259,0.062191686372010654,-0.06756959202083986,0.06076602800298662,-0.0782093191253477,0.06617228641088355,-0.0690826288520126,0.04006890305157264,-0.1263446441763662,-0.12169167722795295,0.0537372495690489,-0.05787375221467869,0.051039614026539004,-0.05335810247982619,0.03897952981686225,-0.04551798529025493,-0.013139345193339603,-0.0003024206659596579,-0.12299090953683767,-0.06985199776017294,-0.05094887740600519,0.049287050521280684,-0.048702583467602825,0.024159916580707194,-0.03929607005985651,0.007049828205885219,-0.05874234246943763,0.11190321736259569,-0.14309009078193813,-0.17337325217186472,-0.17349177029585686,-0.06465138286828667,-0.1734083224613793,-0.057318874794716534,-0.17348172001972964,-0.019276404459270858,-0.17328277459321276,-0.12827249696762819,-0.17353726340709416
0.22028959325126998,0.22142444073229908,-0.04454124334132364,0.22142489977488075,-0.04319330862319994,0.22191143747677702,-0.03893534478892673,0.22049309432763137,0.1972166608890116,0.22205920343596453,0.15950007787248474,-0.0955960688746346,0.09636103802245774,-0.09676247526211612,0.11852361517445092,-0.09602381381028291,0.07723292685023689,0.06231151858183936,-0.1953510696460851,0.24999999999999986,0.041329183351504886,0.08896618273955927,-0.08343305685623939,0.09020583648929253,-0.08234656185217067,0.10637307073456365,-0.09118576590120678,0.11810344834870422,-0.07724905236965003,0.17054426358554514,0.1574360130816937,-0.072976245881457,0.07794409060907792,-0.07035644220581415,0.07335867265351899,-0.05479851200112578,0.06345340605168184,0.011853431094893091,0.01315656754487968,0.1544600378347127,0.08721531397982492,0.06989695444890506,-0.0678252728030602,0.06728054015489555,-0.03549969545705292,0.0548850793338295,-0.011944909022560835,0.07683060066611831,-0.1435649124579131,0.18307841492492066,0.22186257690536473,0.2220095146734894,0.08643076119227076,0.2219006866808865,0.07668292271726787,0.2219963539150962,0.026602107205202556,0.22173758617337658,0.16414807832149023,0.2220686354420364
0.04936131210447498,0.0492014620892831,0.08326409630697464,0.04842671708476354,0.06267415299798684,0.049016948336470405,0.025807497624909286,0.047563470301141525,0.03679115419092614,0.049190173230644514,-0.022732472961292858,0.09792560339127573,-0.09735480039659856,0.09718485379802815,-0.07515275353985613,0.07070293159862547,-0.026539216093521837,0.025486682628110817,-0.03449748520269408,0.041329183351504886,0.24999999999999986,-0.10589112953846626,0.11099066940045772,-0.10373886465123656,0.10843724815913547,-0.08478636317060513,0.0951527371318409,-0.05497710806206122,0.055417737841438754,0.012258199374279301,-0.024992435543411268,0.1153564958726938,-0.11318362103840456,0.11495886448900458,-0.11339838493449103,0.11117831486643007,-0.10949367574257754,0.094064197033897,-0.07782928252707157,0.0597177382919279,0.07947878635778045,-0.1152025068497127,0.11489296311423547,-0.11515121077264936,0.1085208520416555,-0.10096080116825153,0.07020417174203263,-0.013691157188101677,-0.03352581912506056,0.0477708494359667,0.0490400361744786,0.04920176953410433,-0.08343728703611394,0.049227979809369014,-0.06761481834692964,0.04920668574633898,-0.04218749953234017,0.04926336801985995,0.04351896255533863,0.04918965168175484
0.09320898874100958,0.09437519729167404,-0.17543815051079975,0.09567048758975072,-0.1380494252307897,0.09508089624551315,-0.076589920438928,0.09652674038598624,0.08091804845818128,0.09490502399131137,0.16578923387677813,-0.2410911654689079,0.24071848776489632,-0.24076096961914686,0.21919895692649707,-0.19343875934325291,0.11147421700926073,-0.008078074293313288,-0.06675308959021259,0.08896618273955927,-0.10589112953846626,0.2499999999999998,-0.2411479480422587,0.24225086098354084,-0.23687020881943108,0.2215603314088263,-0.22072138507203462,0.181003999099351,-0.1502876123698899,0.11715298705090638,0.1577192798846387,-0.23037919245766594,0.23546679528667297,-0.22753375489504618,0.22986987553089497,-0.20936974536652117,0.21669205069946113,-0.1311818942849909,0.12857631946401377,0.027657619345843466,-0.05357437352606528,0.22710593298101772,-0.224873207865363,0.22435120043276233,-0.18923263082530267,0.19309377569256006,-0.11214660515916738,0.07620495196952533,-0.05700840126643387,0.0672490167157752,0.09498300910460543,0.09484995235929343,0.19230492069090332,0.09472874655130224,0.15923440634575708,0.09483396791915437,0.08198463121494648,0.0945562437308703,0.05843917772276753,0.09491331220833726
-0.0874135151206813,-0.08853152915302458,0.1700589514934941,-0.08979986964019515,0.1348305640320784,-0.08921285063999376,0.0748874132125488,-0.09065512844241116,-0.07594264128290519,-0.08903756494665425,-0.15879564743976993,0.2327083653480154,-0.23316896709642967,0.2337739417253652,-0.21298819340014527,0.18812663585904005,-0.10868505031836248,0.010780744251130013,0.062191686372010654,-0.08343305685623939,0.11099066940045772,-0.2411479480422587,0.2500000000000001,-0.24195360375630026,0.24010223787093854,-0.21859550004471073,0.22065766425740777,-0.17811696328396642,0.14932949209909727,-0.11268730785735058,-0.15798418532922756,0.23823217172279978,-0.24332549395181705,0.23540526871500841,-0.23686215746713185,0.21615313915299914,-0.2219586134827462,0.13667943111684197,-0.13161448735063092,-0.0223124889856196,0.06034891477915992,-0.23496394158612227,0.23272249733669761,-0.23220786904879723,0.19687668529604926,-0.19909772369260334,0.11630505721963323,-0.07583107494735576,0.05283043713545961,-0.06178897721058116,-0.08912776581343482,-0.08898185893966425,-0.19727062172647744,-0.08885980281319515,-0.16350990957386524,-0.08896566109713229,-0.08411296480987013,-0.08868663020566206,-0.05342436919828465,-0.08904549434223036
0.0945449742556267,0.0957143711172484,-0.17489908433927104,0.09701093421738562,-0.13881081192241182,0.0964225512508529,-0.07768960336725154,0.0978680019241982,0.08203709427477059,0.09624669985917413,0.1660743466060712,-0.2400665807785159,0.24064980676817324,-0.2412978676779159,0.22050090658981425,-0.19465792472938725,0.1132390359645165,-0.010124819072651293,-0.06756959202083986,0.09020583648929253,-0.10373886465123656,0.24225086098354084,-0.24195360375630026,0.25000000000000006,-0.2414153668249851,0.22541822359308994,-0.22426673020917476,0.18493130552501333,-0.15365377449889098,0.11924411773732232,0.15880335854256114,-0.2311218358337877,0.23623441239234233,-0.22829402906788415,0.23130604255858767,-0.21074170438132328,0.2192957291179771,-0.13256808217353944,0.130598100393262,0.028101574931337928,-0.05319388258620086,0.22784723272795693,-0.22560290764065163,0.2250853816471918,-0.189742805227811,0.19441384578800633,-0.11308805775579923,0.07718409211336592,-0.05804198932185145,0.06839793668374154,0.0963242121495365,0.09619121978733382,0.19337852635345004,0.09606925064512817,0.15986086338854594,0.0961751407716637,0.08281408629317895,0.09589538906971183,0.05951109614626882,0.09625502646427578
-0.08644369210754303,-0.08755613016097336,0.169727683777728,-0.08882334692944506,0.13433817449793917,-0.08823486325649273,0.0774246295390012,-0.0896816567041715,-0.07471065189297213,-0.08805898509792329,-0.1579799280678405,0.23203822792316464,-0.23255971051023108,0.23318458157861136,-0.21235813380584556,0.1905368422317586,-0.11139792875704717,0.013827708985471266,0.06076602800298662,-0.08234656185217067,0.10843724815913547,-0.23687020881943108,0.24010223787093854,-0.2414153668249851,0.2499999999999999,-0.2253919387806972,0.2266450816170309,-0.18456993797002072,0.15494168070700817,-0.11403384505606129,-0.15454202869439998,0.23414987628886924,-0.2375287538933465,0.23503006749865346,-0.2376631010593815,0.217746409308701,-0.225558646964107,0.13928929064150758,-0.13528715614796208,-0.02071490421346685,0.06007247582515084,-0.23317219810697964,0.23131356225415778,-0.23168922552272336,0.19713072018813094,-0.20071730859742765,0.11803170583429175,-0.07727433856095371,0.053768363113516265,-0.06139905606996197,-0.08814965848257175,-0.0880037310876412,-0.1962075453530381,-0.08788166426563938,-0.16337914961266498,-0.08798722589313554,-0.08531185009054768,-0.0877086856341655,-0.05362978042803069,-0.08806686267548465
0.11088274050760182,0.11204221796526177,-0.15738075722035172,0.11330558300236701,-0.14319185515793018,0.11275977407390972,-0.08914055128734821,0.11420680982310867,0.09813960550302864,0.11258527273538912,0.16311766380791426,-0.22121063828830786,0.22192309290593723,-0.22249753776271777,0.22712699311819284,-0.21361532939650252,0.1332323625729544,-0.029434132674381677,-0.0782093191253477,0.10637307073456365,-0.08478636317060513,0.2215603314088263,-0.21859550004471073,0.22541822359308994,-0.2253919387806972,0.25000000000000017,-0.23426134284298922,0.20656322169901176,-0.1652928187848898,0.13515598148430794,0.1576417344300396,-0.2107718882670341,0.21420354500833447,-0.21168228487779034,0.2149698445415381,-0.19502396995235563,0.2041471840948752,-0.1186038580900036,0.1264479916389228,0.04189476214966879,-0.036111832053525326,0.20979013451106976,-0.20791928839355986,0.20829284809420112,-0.17360452006032467,0.18062084223166444,-0.10325453809391497,0.0796525129805909,-0.07065981278865717,0.08354403100138924,0.11262934506573301,0.11253012380193211,0.18147076896249437,0.11240781798387703,0.15186703772382987,0.11251373800660955,0.07772559273110914,0.11223259918086781,0.07382329157768297,0.11259379699369959
-0.09528879868303929,-0.09638326639368006,0.15741208684873145,-0.09762321829448478,0.1363486074153423,-0.09706199117255762,0.08348277739725046,-0.09850976307385081,-0.0835304800913764,-0.0968870488616396,-0.15442690352244642,0.21826497873228715,-0.21888525812384077,0.21946230347934148,-0.21496344526897015,0.19986232143568577,-0.12254493088239203,0.02740942017917809,0.06617228641088355,-0.09118576590120678,0.0951527371318409,-0.22072138507203462,0.22065766425740777,-0.22426673020917476,0.2266450816170309,-0.23426134284298922,0.2499999999999998,-0.20080553671867407,0.16357874417785867,-0.12360626172532839,-0.15087894124892468,0.21627367075061882,-0.21822809145036406,0.22024035549665333,-0.2235077395575997,0.20765904247661923,-0.21661523081700879,0.13238059293574947,-0.13541112053853344,-0.027644531187723753,0.04783061792177516,-0.21718730154462193,0.2156507163419711,-0.21675360536759622,0.18601801452144007,-0.19205791378058532,0.11365042402440825,-0.08084592315572545,0.0626276291509618,-0.07015978244564018,-0.09695462698214398,-0.09683305689606854,-0.18493499447801898,-0.09671118311378663,-0.15739923052008162,-0.09681537195635594,-0.08331383398689224,-0.09653636052933251,-0.06269386134381764,-0.09689496145009788
0.1344732916254723,0.13554690060649172,-0.12248671502052619,0.13656927415133996,-0.11510572593862141,0.1362609572371953,-0.10299297183593853,0.13766875318160893,0.10983426404393058,0.13610265479376152,0.1554587603729271,-0.18081743201104267,0.18154079155217104,-0.18211851345248106,0.1947674093837651,-0.1824753958781786,0.158433902193635,-0.06131581724133514,-0.0690826288520126,0.11810344834870422,-0.05497710806206122,0.181003999099351,-0.17811696328396642,0.18493130552501333,-0.18456993797002072,0.20656322169901176,-0.20080553671867407,0.24999999999999992,-0.2058621318377539,0.16530956687916806,0.15277488172841816,-0.1720187740451532,0.1740425607388462,-0.17606402039313684,0.17933565363578827,-0.16002340954733638,0.16967432017040182,-0.09946678659565747,0.12988082983388224,0.05994367315963755,-0.0064417318294338576,0.1729423662993814,-0.17140924831983634,0.17249647648753488,-0.13887956448490607,0.14950999532800763,-0.08856713171283553,0.08665260133330227,-0.09119271231307467,0.10619285627367966,0.13608923080506863,0.13604981794673227,0.1554457526344033,0.1359317109865206,0.13192988610834916,0.13603119343980719,0.07047308041844873,0.13574895740665155,0.09627300602272935,0.136111170186113
-0.09103809391714289,-0.0918462681494815,0.1034376199042064,-0.09274502035810442,0.09472277303807726,-0.09241747315422381,0.08542687048171828,-0.09382944714160223,-0.07398117418057261,-0.09225925908741452,-0.1179996144927395,0.14868147901512985,-0.1492093475607172,0.14968400257873982,-0.15545282403501726,0.1457964418833413,-0.12899325365499928,0.05854734368194161,0.04006890305157264,-0.07724905236965003,0.055417737841438754,-0.1502876123698899,0.14932949209909727,-0.15365377449889098,0.15494168070700817,-0.1652928187848898,0.16357874417785867,-0.2058621318377539,0.24999999999999992,-0.14345190406888542,-0.11611070273949482,0.1447289431418714,-0.1466119252869591,0.14895620726039677,-0.1521987884204806,0.13760417932043734,-0.1472542006979104,0.1428950967961441,-0.1730801651344365,-0.016329345878355942,0.016958230752668675,-0.1457675487286502,0.14442625142080562,-0.14539902310741826,0.11821533427451877,-0.12846940042850666,0.11852197987414849,-0.10721414036225065,0.07992513226874959,-0.0722209309567468,-0.09227231722843265,-0.09221860007106127,-0.12673021035970153,-0.09212469312919268,-0.10636153552254043,-0.09218726421651238,-0.08909266054046514,-0.09191054846320637,-0.07379834878093598,-0.09226563836494715
0.1965571742039061,0.19765715093163164,-0.0667504391009225,0.19792162722144951,-0.062252380879067155,0.19822141451117267,-0.0630132349353496,0.1976561777524747,0.15802936943193416,0.19827675773282377,0.15890438398462442,-0.12098408988059409,0.1217223045201536,-0.12218665954202433,0.13969999141771125,-0.12164817387445825,0.11055075146192596,0.005710879500143354,-0.1263446441763662,0.17054426358554514,0.012258199374279301,0.11715298705090638,-0.11268730785735058,0.11924411773732232,-0.11403384505606129,0.13515598148430794,-0.12360626172532839,0.16530956687916806,-0.14345190406888542,0.2499999999999998,0.15747166166687712,-0.10352641667846725,0.10766415819625841,-0.10325067424942337,0.10650688232584025,-0.08674385046049873,0.09635586107347008,-0.03678479648683541,0.06720758436555266,0.12226290569784742,0.05988177973274271,0.10175379949588191,-0.09978681464161562,0.09978258274907316,-0.06599845427749436,0.0837838586109079,-0.046691878744841805,0.09197018033234575,-0.13416975858337446,0.1621445639882169,0.19813318065100244,0.19822559707736548,0.1078390343421183,0.19811250153096419,0.0931518785244321,0.19820598885786184,0.048461429317512135,0.1979210073510158,0.14801901759025515,0.19828595168831556
0.17339060825198388,0.17455878972889077,-0.09947542887528998,0.17509022012364234,-0.08221736148987874,0.17515342985064344,-0.059473883415902984,0.1749920237500562,0.14193749113760692,0.17516836489026788,0.16596838134657899,-0.1577029073941894,0.15835206641322208,-0.15885405066679936,0.16205608357745846,-0.13889314059501295,0.10021251631281239,0.018659083752425514,-0.12169167722795295,0.1574360130816937,-0.024992435543411268,0.1577192798846387,-0.15798418532922756,0.15880335854256114,-0.15454202869439998,0.1576417344300396,-0.15087894124892468,0.15277488172841816,-0.11611070273949482,0.15747166166687712,0.24999999999999986,-0.15224845337481957,0.1552503446955043,-0.1484762907513817,0.14979917531131276,-0.13030373012215332,0.13674346244941898,-0.054747879325789756,0.06830114805867542,0.10371428623757001,0.025695530493515348,0.1487211596197423,-0.14646462758945572,0.14594588937562553,-0.11060043005213525,0.12327726131991483,-0.06031962560163538,0.08153774982090244,-0.11138987257360951,0.13919268341201502,0.17508932903665647,0.17511276628854464,0.14160850315984466,0.17499139095389202,0.12053156309208232,0.17509719568654886,0.054523142140204074,0.17481297828755757,0.12403610831735162,0.17517744873675956
-0.07622290520572607,-0.07726358790417738,0.1632053278365809,-0.07849396480226506,0.12908815000432508,-0.07790515721636225,0.0721150012687484,-0.07935258010719695,-0.06640139828780407,-0.07772950525492091,-0.14780319679544368,0.22196214712809922,-0.2223874649015606,0.22296461636966278,-0.20205926497112206,0.17988570029755205,-0.10343446832808652,0.013491821009834148,0.0537372495690489,-0.072976245881457,0.1153564958726938,-0.23037919245766594,0.23823217172279978,-0.2311218358337877,0.23414987628886924,-0.2107718882670341,0.21627367075061882,-0.1720187740451532,0.1447289431418714,-0.10352641667846725,-0.15224845337481957,0.24999999999999994,-0.2446382638893127,0.24336800195191752,-0.2414607797788226,0.22409401092442294,-0.22507825925156338,0.14391693335162173,-0.13515066276235932,-0.012743884191631593,0.0711361077162855,-0.2451736899242316,0.24294190694769316,-0.242428025528454,0.20721335373760874,-0.20761977179155922,0.12241913188207222,-0.07439716173781123,0.044960406858391894,-0.05159910745822021,-0.07784020772000841,-0.07767357525326797,-0.20343884160116388,-0.07755184479468805,-0.16846715457385467,-0.07765740856923802,-0.08710708811086518,-0.0773803671880495,-0.04409630665005821,-0.0777368311267127
