x1,x2,x3,x4,x5,x6,x7,x8,x9,x10,x11,x12,x13,x14,x15,x16,x17,x18,x19,x20,x21,x22,x23,x24,x25,x26,x27,x28,x29,x30,x31,x32,x33,x34,x35,x36,x37,x38,x39,x40,x41,x42,x43,x44,x45,x46,x47,x48,x49,x50,x51,x52,x53,x54,x55,x56,x57,x58,x59,x60
0.25,0.2496464770021279,0.24899088142611583,0.24993322823145483,0.24963178245964981,0.2499149190282891,0.24995316239314258,0.24994157652537397,0.24991494946466464,0.2499399462293602,0.24948849448045532,0.23289494743398106,0.2472736912360304,0.22676571372469864,0.24616709685373236,0.22492932825450376,0.24630501746173367,0.22685439478468286,0.24330284434284866,0.2497550396162124,0.24970701870477366,0.2418812236949753,0.23450801435779922,0.24448817053488442,0.23525922199182847,0.2460127794231772,0.24028106854081754,0.24162056403914559,0.24230334867495637,0.24907647953852524,0.2499022453627062,0.23911465274496074,0.23892443243725803,0.2401653528932834,0.23718721001275853,0.246296965537582,0.23774365173135484,0.24448338243330328,0.23831590639148295,0.2491274520037565,0.24973228102669165,0.2367267852516849,0.24546150021181548,0.2325675571564448,0.24556084805502448,0.2244934467313415,0.24441124962376662,0.22817272638111674,0.24203916715660226,0.24977111624589032,0.24993315346170697,0.24968653047575023,0.24913712702513904,0.24994010165205563,0.24966261592285643,0.24992288604912832,0.24996160578834817,0.24994074302087085,0.24994144029192875,0.2499383900123048
0.2496464770021279,0.24999999999999997,0.24871242502045635,0.24965488439578534,0.24935377679524492,0.2496365953324331,0.24967479697496706,0.2496632233401601,0.24963662595452116,0.24966159501262758,0.24921063742873825,0.2326348612906075,0.24699824617692348,0.22651298118311433,0.2458930505622891,0.22467869419619307,0.2460308186308292,0.22660162600792555,0.24303190335903502,0.24947689428217695,0.249428927213617,0.24161209567548472,0.23424685246775803,0.24421591609543952,0.23499720428357157,0.24573882197823146,0.24001346183337674,0.24135150218299334,0.2420334967908198,0.2487990901919095,0.24962393606797303,0.23884835499439638,0.23865836100137044,0.2398978856966278,0.23692305968860833,0.2460226707115142,0.23747888698606429,0.24421110640105692,0.23805050171688127,0.2488500056385068,0.24945416103549237,0.23646314718515324,0.2451881340171378,0.23230855194809294,0.2452873715539873,0.22424343112687808,0.24413905438228603,0.2279186141278982,0.24176961420020945,0.2494929530048535,0.24965480976795837,0.24940846143922424,0.24885967003282805,0.2496617502202823,0.24938457356539395,0.249644553789901,0.24968323040800985,0.24966239087482403,0.24966308736932516,0.2496600404867391
0.24899088142611583,0.24871242502045635,0.24999999999999994,0.24899916909340133,0.248698597603472,0.24898098975204375,0.24901925746493023,0.24900757185534675,0.24898094434770687,0.24900597367226396,0.2485553968950849,0.23210143432140132,0.24634562990888348,0.22587620471635622,0.24533602814787256,0.224046278693414,0.2454178167552528,0.2259816303034298,0.24239848129289923,0.24882159518986693,0.2487736292426469,0.24099090187137345,0.23361480709454252,0.24356351101342882,0.2343665738430294,0.2450885740666232,0.23938083074529837,0.24070885154665464,0.24139714575690704,0.24814525817491076,0.24896839851807143,0.238219089660009,0.2380384990958168,0.23926526814223678,0.23630358386435626,0.2453758433815644,0.23685439222959967,0.2435688786601958,0.23742476440462554,0.24819647851341817,0.24879906097559107,0.2358418630493606,0.2445440926212158,0.23169772820066364,0.24464296222221718,0.22365277334575234,0.24349762830829602,0.22731852221502533,0.24113453355832212,0.248837759183725,0.24899919230949658,0.24875349091588186,0.24820614683208206,0.24900611453564145,0.24872966161843874,0.2489889632644766,0.24902753831402824,0.24900675350746188,0.24900744802762304,0.24900440929171627
0.24993322823145483,0.24965488439578534,0.24899916909340133,0.24999999999999986,0.24964018963482584,0.24992333550242188,0.2499615802162832,0.24994999390893982,0.24992336596580964,0.2499483635667491,0.24949689610418127,0.23290273780048518,0.24728201717383042,0.2267733413076977,0.24617539052128237,0.2249368977749849,0.24631331844739665,0.22686202784569595,0.2433110390842269,0.2497634507392445,0.24971542825031637,0.2418893894896714,0.23451591373793876,0.2444964075103037,0.23526714499022527,0.24602106658471573,0.2402891598590229,0.24162870392874206,0.24231150848402075,0.24908486786173065,0.24991066142707405,0.23912270552760811,0.2389324790839765,0.24017344117396838,0.23719519753339544,0.24630526020981547,0.2377516587163943,0.24449161597144747,0.2383239324184542,0.24913584198175562,0.2497406913692607,0.236734757481971,0.24546976655759167,0.2325753894245183,0.24556911778081988,0.22450100700409162,0.24441948070966923,0.22818041060612285,0.24204731838706472,0.24977952789557242,0.24994157056852995,0.24969493927694209,0.24914551733719673,0.24994851899287462,0.24967102392246598,0.24993130281017006,0.2499700238533714,0.24994916038328963,0.24994985767784136,0.24994680729548022
0.24963178245964981,0.24935377679524492,0.248698597603472,0.24964018963482584,0.24999999999999992,0.24962190260584827,0.24966010773309671,0.24964852617126804,0.24962192109529382,0.2496469006002577,0.24919577871899828,0.23261074058250292,0.2469964953088126,0.22648518536213327,0.2458749663545814,0.2246560534447852,0.24601579509529337,0.22658024609595517,0.24301702501926112,0.24946219241193718,0.2494141951908925,0.24159487221209275,0.23422907393192885,0.2441987136432994,0.23498016864390753,0.2457234308061968,0.23999820305849667,0.24133600481759251,0.242018813078433,0.2487843684952443,0.24960924216063868,0.23883398050593535,0.23864520066662115,0.23988343470000012,0.23690954326859787,0.24600809494821246,0.23746507789904495,0.2441965807042863,0.23803654622879428,0.24883535539673213,0.24943947643216854,0.23644909366631195,0.24517363191613176,0.2322947720816047,0.24527285478744598,0.22422991245987456,0.2441246225460929,0.22790492463274326,0.2417553496730858,0.2494782672435313,0.24964011473526304,0.2493937809065658,0.24884502556724952,0.24964705477881574,0.24936989476817034,0.2496298593606349,0.24966853370217448,0.2496476953956324,0.24964839183013113,0.24964534514589531
0.2499149190282891,0.2496365953324331,0.24898098975204375,0.24992333550242188,0.24962190260584827,0.24999999999999994,0.24994326861791102,0.24993168358058707,0.2499050579299071,0.24993005319307401,0.24947862747120023,0.23288610292132247,0.2472640228670415,0.22675697629803573,0.24615717101387868,0.22492062989716,0.24629516358856854,0.22684555863945033,0.24329319069821462,0.24974515438817324,0.24969713555668022,0.2418715584023747,0.23449877468752192,0.2444785194311632,0.23524995518995617,0.24600304822589739,0.24027156947525746,0.2416110146011008,0.24229376209498335,0.2490666219043488,0.24989235389351747,0.23910519497157773,0.23891495105823807,0.2401558549982154,0.23717781572732213,0.24628721919138732,0.23773424255736791,0.24447370873348892,0.2383064748914341,0.2491175912273457,0.24972239629752827,0.2367174169675037,0.2454517862064698,0.23255835446721365,0.24555113022108016,0.22448456748401874,0.24440157686518635,0.22816370046329562,0.24202958766285787,0.2497612299577787,0.24992326075422613,0.24967664752996868,0.24912726570976979,0.24993020866956356,0.24965273391101492,0.24991299374805392,0.24995171195469199,0.2499308500129925,0.24993154725685537,0.24992849709756187
0.24995316239314258,0.24967479697496706,0.24901925746493023,0.2499615802162832,0.24966010773309671,0.24994326861791102,0.25000000000000006,0.24996992937632806,0.24994329879812935,0.24996829898749326,0.24951679221459916,0.23292156639988584,0.24730168328036764,0.22679125664129277,0.24619528419378914,0.22495466209025572,0.24633304896065558,0.22688002852002023,0.2433304594188388,0.24978337072111093,0.24973534372998246,0.2419086288894739,0.2345345451123381,0.24451584671065033,0.23528585393006357,0.2460406614320948,0.24030831628874927,0.24164793177544244,0.24233083234641523,0.24910473226631677,0.24993059378469745,0.23914176959123584,0.23895156129390388,0.24019258653156803,0.23721412576289583,0.24632490200858156,0.23777061685677525,0.24451111258439243,0.23834293768143583,0.24915571244329202,0.24976061013441128,0.2367536377384732,0.24548934431136696,0.23259393604803819,0.24558870298237506,0.22451890550314424,0.2444389739914669,0.22819860346241244,0.24206662292792508,0.24979944979288385,0.24996150539558532,0.2497148544331977,0.24916538867804972,0.249968454374124,0.24969093714891516,0.2499512368182907,0.24998996094980275,0.24996909581569343,0.24996979316525325,0.24996674254020657
0.24994157652537397,0.2496632233401601,0.24900757185534675,0.24994999390893982,0.24964852617126804,0.24993168358058707,0.24996992937632806,0.25000000000000006,0.24993171395644126,0.24995671235942019,0.24950523109578995,0.23291061600910082,0.2472902789377226,0.22678095926549038,0.2461836004881788,0.2249444385224634,0.24632153000309495,0.22686963118539571,0.24331916288522257,0.24977179338988761,0.24972376926238066,0.24189743598109745,0.23452375023229843,0.24450457306931456,0.2352750088491836,0.24602928270809507,0.24029718806488418,0.24163677334894781,0.24231960302309022,0.24909318785778256,0.24991900896945762,0.2391306935378678,0.23894045691969437,0.24018146436472282,0.23720311951047032,0.24631348756811697,0.237759599696821,0.2444997828980209,0.23833189279058278,0.24914416364008937,0.24974903323386766,0.23674266514531922,0.24547796607398384,0.23258315817046007,0.24557732059548,0.2245085064473237,0.24442764501567935,0.22818803284163472,0.2420554033700297,0.2497878710562346,0.2499499191410988,0.24970327961151198,0.2491538392968144,0.24995686779753723,0.24967936345354932,0.249939651039776,0.2499783733763413,0.2499575092093759,0.24995820652724546,0.24995515604296842
0.24991494946466464,0.24963662595452116,0.24898094434770687,0.24992336596580964,0.24962192109529382,0.2499050579299071,0.24994329879812935,0.24993171395644126,0.25000000000000006,0.24993008370357853,0.249478645088209,0.23288527940958478,0.24726399964375081,0.2267566207146623,0.24615731102951566,0.2249203624269952,0.24629530975140482,0.22684535548668938,0.24329323106741524,0.24974518450023747,0.2496971653495191,0.24187176330523313,0.23449874477498148,0.24447851906575885,0.23524992248792062,0.24600308240291427,0.24027156890946746,0.24161104547408285,0.2422937797511745,0.2490666511329355,0.24989238428430482,0.2391052179316385,0.2389150045322243,0.24015587894828078,0.23717784424424745,0.24628724716632608,0.23773427660413946,0.24447373462870153,0.23830650471452966,0.2491176215672575,0.24972242668120095,0.23671744098009023,0.24545181209514919,0.23255837952816996,0.2455511563716717,0.22448458502169938,0.24440160429700097,0.22816372049602032,0.24202961590173463,0.2497612603668572,0.249923291191638,0.24967667793730736,0.2491272963295132,0.2499302391077993,0.24965276437339887,0.24991302418419478,0.24995174239554796,0.24993088045130762,0.24993157769489963,0.24992852753559044
0.2499399462293602,0.24966159501262758,0.24900597367226396,0.2499483635667491,0.2496469006002577,0.24993005319307401,0.24996829898749326,0.24995671235942019,0.24993008370357853,0.25000000000000006,0.24950360286020964,0.23290905485058366,0.2472886665051774,0.2267794418530939,0.24618200359270553,0.2249429463441255,0.24631993261236013,0.22686813066352524,0.24331757797011763,0.24977016414884645,0.24972214031044074,0.2418958673298759,0.23452221387278735,0.24450297444648939,0.23527346754528453,0.2460276766434375,0.24029561911252711,0.24163519501428687,0.24231802188220058,0.24909156294746687,0.24991737881988033,0.2391291328118887,0.23893890141862395,0.2401798965571845,0.23720157364681924,0.24631188062468745,0.2377580488531547,0.24449818768389592,0.23833033817785643,0.24914253853961546,0.24974740419064928,0.23674112080531276,0.24547636474575715,0.23258164082212454,0.24557571859665686,0.2245070413766036,0.24442605054372538,0.2281865438484583,0.242053824435752,0.2497862417621998,0.24994828879067,0.24970165086983992,0.24915221414829586,0.24995523740178377,0.24967773486828287,0.24993802075632238,0.24997674284031327,0.24995587880943876,0.24995657612271197,0.2499535256583803
0.24948849448045532,0.24921063742873825,0.2485553968950849,0.24949689610418127,0.24919577871899828,0.24947862747120023,0.24951679221459916,0.24950523109578995,0.249478645088209,0.24950360286020964,0.25000000000000006,0.2324577891981654,0.24683879529992322,0.22637049225752084,0.24574521293571105,0.22453691408344134,0.24587619014266962,0.2264599727796808,0.24287776962068383,0.24931901585633948,0.24927106763391926,0.2414605321599682,0.2340985200411055,0.24406089642895393,0.23484826533614156,0.24558301596601748,0.23986149122857883,0.2411984049307713,0.24188031337612148,0.2486416221275472,0.2494659673885833,0.23869718691615108,0.23850752778627152,0.23974605440997585,0.23677298944251327,0.24586696204034345,0.23732851574818395,0.2440565379878154,0.23789978187770577,0.24869252611315315,0.2492962996721511,0.23631346304049483,0.2450329539722118,0.23216149240147332,0.2451321257284814,0.2241014017515699,0.24398453868354258,0.22777428668538555,0.24161660543873284,0.24933506755171886,0.2494968219731776,0.24925062953972948,0.24870218651658818,0.24950375803334499,0.2492267567933708,0.249486572485288,0.2495252246278646,0.2495043982824554,0.24950509432915358,0.2495020493817548
0.23289494743398106,0.2326348612906075,0.23210143432140132,0.23290273780048518,0.23261074058250292,0.23288610292132247,0.23292156639988584,0.23291061600910082,0.23288527940958478,0.23290905485058366,0.2324577891981654,0.25000000000000006,0.23034724605935647,0.21073309626514833,0.2294366025970468,0.20959504073472715,0.22952538788009433,0.21149223968963668,0.22671604173026674,0.23273636331749364,0.23268977635507046,0.22487215708779326,0.2183146072531552,0.22775668184446907,0.21917424496942722,0.22925376070146755,0.2238922224134913,0.22511723613517112,0.22578215306758762,0.23210241975130785,0.23287393748515853,0.22282221770362076,0.2226251012750948,0.2238035782677878,0.2210400960938905,0.22951615064304348,0.22155423258708748,0.22782569900088528,0.22208478826797054,0.23215192444747626,0.23271555486627826,0.2205958969327135,0.22873738537496963,0.21672316964911922,0.22882984439060422,0.20920132147307563,0.22775817763567227,0.21262866535367894,0.22554726091195237,0.2327517296931365,0.2329027210522227,0.23267290296250684,0.23216078531265055,0.23290919580407304,0.23265059835914634,0.2328931532710619,0.2329292346493849,0.2329097934698488,0.23291044351991516,0.2329076007951403
0.2472736912360304,0.24699824617692348,0.24634562990888348,0.24728201717383042,0.2469964953088126,0.2472640228670415,0.24730168328036764,0.2472902789377226,0.24726399964375081,0.2472886665051774,0.24683879529992322,0.23034724605935647,0.25000000000000006,0.22416110360195668,0.24353404427126976,0.22252939108055828,0.243794363321165,0.22443698503603013,0.2407582376920969,0.24710568872861868,0.24705826886653712,0.23931985319108467,0.23202040735037555,0.24186908604313795,0.23276888348713815,0.24341007684176835,0.23773938871679584,0.2390621768765016,0.2397346541416523,0.24643439339926124,0.24725137350814197,0.23657841439385677,0.23638169823487176,0.23761723232665302,0.2346742034504513,0.24368440005020106,0.2352209579432122,0.24189033665600462,0.23578790614789416,0.24648478720379355,0.24708320666297431,0.2342166250686334,0.24285831908602926,0.23010105645634832,0.2429565621343996,0.22211350411078332,0.24181892352987222,0.22575331341199453,0.2394718615116749,0.2471216275410371,0.2472819447991914,0.24703793791481712,0.24649432061613538,0.2472888192888536,0.24701426748806513,0.24727178630309365,0.24731009531609952,0.24728945385401077,0.24729014376123093,0.2472871258053706
0.22676571372469864,0.22651298118311433,0.22587620471635622,0.2267733413076977,0.22648518536213327,0.22675697629803573,0.22679125664129277,0.22678095926549038,0.2267566207146623,0.2267794418530939,0.22637049225752084,0.21073309626514833,0.22416110360195668,0.2500000000000002,0.2230106032340303,0.20340791939969938,0.22352241260041364,0.20570683139654836,0.2207262383620086,0.22661232820943045,0.22656680040560295,0.21985783334923667,0.21255681692744385,0.2213464811906931,0.2132003077203134,0.2233257926544919,0.2179348632756915,0.2193256795312652,0.21979664988169903,0.22599325411649443,0.22674516949150414,0.21694971884675143,0.2167127993211819,0.217907888426533,0.21525473902294257,0.22347600016808133,0.21575563489045121,0.2218254060429742,0.21625484318288382,0.22604242543589068,0.2265910494421703,0.21478146136769846,0.2227085487985473,0.21101864176234328,0.22279992107513596,0.20368604291916512,0.22176037367756196,0.20702473754039497,0.2196096189912393,0.22662625467033573,0.22677328280945874,0.22654951287621336,0.2260515046065712,0.22677958710635332,0.22652797729685803,0.22676396678023547,0.22679909858325534,0.22678016904841045,0.2267808022713563,0.22677803407988864
0.24616709685373236,0.2458930505622891,0.24533602814787256,0.24617539052128237,0.2458749663545814,0.24615717101387868,0.24619528419378914,0.2461836004881788,0.24615731102951566,0.24618200359270553,0.24574521293571105,0.2294366025970468,0.24353404427126976,0.2230106032340303,0.2500000000000002,0.22118620210512885,0.24260182155480042,0.22340720203064002,0.2396740226682921,0.24599950484358113,0.24595232649692703,0.23836000271547209,0.2310121121299487,0.24074606595930656,0.23172413483937976,0.24231737627483735,0.2366805625776984,0.2379606893038443,0.23866452275929428,0.24533085250444017,0.24614486012873907,0.23551846192732423,0.2353319528470622,0.23655150444112896,0.23361899993365678,0.24259267151392477,0.2341614812828189,0.2408066193059889,0.23472749033915744,0.24538167962204405,0.24597744060486987,0.23316719840034753,0.24177063372656848,0.22906902190506104,0.24186831718556084,0.22111416001911333,0.24073590111553156,0.22473884416719755,0.23839968823327068,0.2460157098048384,0.24617531348439034,0.2459323985704242,0.2453912689484415,0.24618215720620062,0.24590883443343522,0.2461652004458452,0.24620333801896999,0.246182788931151,0.24618347542504143,0.24618047130095105
0.22492932825450376,0.22467869419619307,0.224046278693414,0.2249368977749849,0.2246560534447852,0.22492062989716,0.22495466209025572,0.2249444385224634,0.2249203624269952,0.2249429463441255,0.22453691408344134,0.20959504073472715,0.22252939108055828,0.20340791939969938,0.22118620210512885,0.25000000000000006,0.2213609084606066,0.20353178505732672,0.21902137559813392,0.22477657214938543,0.2247289614569092,0.21765360434458192,0.21070879111764299,0.2205478454217541,0.21120296055329513,0.22103430275992303,0.21590765807049456,0.21775734240501635,0.2179813346779272,0.22415992385079156,0.2249089690406755,0.21516265143557325,0.2150895504969448,0.21611759448043624,0.21346659399261408,0.22165264972957574,0.21404661937894795,0.22001158625207964,0.21451411382335459,0.22421107779625457,0.22475578748614547,0.2130208865056427,0.22090578971661595,0.2092949729164802,0.2209927463578523,0.20198794725152958,0.21995877311754564,0.2053049062651751,0.2178275201124619,0.22479096598347992,0.22493683601239886,0.2247148783004494,0.22422058545594517,0.2249430892991688,0.22469329206437247,0.224927595458141,0.22496244275697996,0.22494366651693368,0.22494429060210247,0.22494154883746212
0.24630501746173367,0.2460308186308292,0.2454178167552528,0.24631331844739665,0.24601579509529337,0.24629516358856854,0.24633304896065558,0.24632153000309495,0.24629530975140482,0.24631993261236013,0.24587619014266962,0.22952538788009433,0.243794363321165,0.22352241260041364,0.24260182155480042,0.2213609084606066,0.24999999999999994,0.22324311747043477,0.23978888178419655,0.24613719608655957,0.2460892997718969,0.23835158353689237,0.23108316274273746,0.24093129550321282,0.2318146638139776,0.24241933760498843,0.23680945635213524,0.2380856300962509,0.23879993732423638,0.24546660183461902,0.24628277784112457,0.2356400707930454,0.23551546720506744,0.2366700429826814,0.23376191816750871,0.24272451270158785,0.23428563314880585,0.24093717535550765,0.23485528437705078,0.24551904182023404,0.24611521140838755,0.23329832862419464,0.24190618498115557,0.22919356089350926,0.2420032883847909,0.22123116867185813,0.24086969242915396,0.2248585685578179,0.2385325857362887,0.24615353962248343,0.24631323869361213,0.24607018769174382,0.24552874815183448,0.24632008625402177,0.24604657601229074,0.24630311999154558,0.24634127893187616,0.24632071833103666,0.24632140447708598,0.24631839940228487
0.22685439478468286,0.22660162600792555,0.2259816303034298,0.22686202784569595,0.22658024609595517,0.22684555863945033,0.22688002852002023,0.22686963118539571,0.22684535548668938,0.22686813066352524,0.2264599727796808,0.21149223968963668,0.22443698503603013,0.20570683139654836,0.22340720203064002,0.20353178505732672,0.22324311747043477,0.2500000000000003,0.22029451109474868,0.22669432566829711,0.22665134335801268,0.21993503536075676,0.2122962630256498,0.22255688405949936,0.2130559843447854,0.22350830652271642,0.21790874485325085,0.21858937006969573,0.21983553168021808,0.226075993295481,0.22683385828775451,0.21697372336850052,0.2175590442596183,0.21794707919539652,0.21552624848614926,0.2235511974701628,0.2158595945981643,0.2218915231708781,0.21635697283244887,0.22613030692270472,0.2266795312605135,0.21485531147630796,0.22279950752025846,0.2110905565737564,0.22288705409568477,0.20374543113099192,0.2218448130581728,0.2070892267940224,0.21969408890412423,0.22671486666784552,0.22686196678999326,0.2266381094412065,0.226139439999708,0.22686827359974465,0.22661638737170567,0.22685264715754028,0.22688779269896556,0.22686885576166207,0.2268694869310331,0.22686671995798247
0.24330284434284866,0.24303190335903502,0.24239848129289923,0.2433110390842269,0.24301702501926112,0.24329319069821462,0.2433304594188388,0.24331916288522257,0.24329323106741524,0.24331757797011763,0.24287776962068383,0.22671604173026674,0.2407582376920969,0.2207262383620086,0.2396740226682921,0.21902137559813392,0.23978888178419655,0.22029451109474868,0.2500000000000001,0.2431322847080677,0.24308934940349586,0.23537884840534123,0.22823564255907924,0.23796740810381112,0.22899700576131943,0.2394584940635343,0.23393221599101174,0.23519391747925306,0.23589312971870274,0.2424740857052586,0.24328088049820504,0.23276670334547075,0.2326445472264902,0.23378251296773558,0.2309115348804757,0.23976509074869326,0.23142502010771623,0.2379998517303564,0.231990153184231,0.2425264321538795,0.24311534512034244,0.2304557366786627,0.23895775052794727,0.226399178966605,0.23905359721974173,0.21853388189575154,0.23793365601648786,0.22211712922582433,0.23562506981604597,0.24315321206068397,0.24331096536698252,0.2430708768775311,0.24253603561897893,0.24331772946437727,0.24304754489649774,0.24330097000065104,0.24333866382763178,0.24331835383673794,0.243319031495018,0.24331606317303126
0.2497550396162124,0.24947689428217695,0.24882159518986693,0.2497634507392445,0.24946219241193718,0.24974515438817324,0.24978337072111093,0.24977179338988761,0.24974518450023747,0.24977016414884645,0.24931901585633948,0.23273636331749364,0.24710568872861868,0.22661232820943045,0.24599950484358113,0.22477657214938543,0.24613719608655957,0.22669432566829711,0.2431322847080677,0.2500000000000004,0.24953739236636394,0.24171625970364324,0.2343485174794399,0.2443231561254763,0.2350986375844619,0.2458452314262702,0.24011714795428105,0.2414555015349503,0.24213846628933328,0.2489072912268876,0.24973248886512134,0.23895230251544972,0.2387619380256764,0.24000240038889356,0.23702616000558638,0.24612971646234388,0.23758248239629884,0.24431734754977985,0.2381542078366615,0.24895822219887298,0.24956264036424672,0.23656591513327496,0.2452947744887791,0.2324096304710232,0.24539405531049746,0.22434100954470282,0.24424523878421348,0.22801778069463016,0.24187476121318272,0.24960144893394556,0.24976337600553944,0.24951692054865088,0.24896788840150968,0.24977031947615497,0.2494930222309311,0.24975311556764457,0.24979180900487916,0.2497709604093013,0.24977165721357272,0.249768608999114
0.24970701870477366,0.249428927213617,0.2487736292426469,0.24971542825031637,0.2494141951908925,0.24969713555668022,0.24973534372998246,0.24972376926238066,0.2496971653495191,0.24972214031044074,0.24927106763391926,0.23268977635507046,0.24705826886653712,0.22656680040560295,0.24595232649692703,0.2247289614569092,0.2460892997718969,0.22665134335801268,0.24308934940349586,0.24953739236636394,0.25000000000000044,0.24166329676176962,0.2342997417192422,0.2442738154234846,0.23505207855443302,0.24579915201486366,0.2400699373447313,0.24140832099327966,0.24208833340445882,0.24912981855857325,0.2496844657846718,0.23890441793741865,0.23871527682077748,0.23995366287507697,0.2369791457422248,0.24608107163633886,0.23753353243669362,0.24426892663439168,0.2381054409985963,0.24891030289399885,0.24951463562814497,0.23651944543120626,0.24524732994038126,0.23236322274033128,0.24534633649378398,0.22429348677974484,0.24419763674599623,0.22797047600071915,0.24182785804577261,0.24955345416976982,0.24971535349169013,0.2494689454230931,0.24892003649218294,0.24972229562746193,0.24944504616487137,0.24970509502626978,0.24974378102370848,0.24972293643674812,0.24972363277336931,0.24972058547866255
0.2418812236949753,0.24161209567548472,0.24099090187137345,0.2418893894896714,0.24159487221209275,0.2418715584023747,0.2419086288894739,0.24189743598109745,0.24187176330523313,0.2418958673298759,0.2414605321599682,0.22487215708779326,0.23931985319108467,0.21985783334923667,0.23836000271547209,0.21765360434458192,0.23835158353689237,0.21993503536075676,0.23537884840534123,0.24171625970364324,0.24166329676176962,0.2500000000000005,0.22648036537942132,0.23661304572582104,0.2276572462273799,0.23803234478353336,0.2325581162534009,0.23369891972546253,0.23450638138245022,0.24105195619503236,0.24185938231655146,0.23142260225325884,0.23119607185379987,0.23243934055287485,0.22953861547749563,0.2383695732727643,0.23007570003675082,0.23661522192513407,0.230636019669541,0.24110925070546482,0.24169481306472765,0.22910423071980213,0.2375649942793204,0.22507880490904347,0.2376597990282901,0.2172576969678896,0.23654522147627166,0.22082049163312137,0.23424919118525486,0.24173247148534677,0.2418892972428557,0.2416506116422621,0.24111854730038867,0.24189602184455597,0.2416273490482192,0.2418793603043401,0.2419168338861921,0.2418966425668445,0.24189731639539575,0.2418943652874179
0.23450801435779922,0.23424685246775803,0.23361480709454252,0.23451591373793876,0.23422907393192885,0.23449877468752192,0.2345345451123381,0.23452375023229843,0.23449874477498148,0.23452221387278735,0.2340985200411055,0.2183146072531552,0.23202040735037555,0.21255681692744385,0.2310121121299487,0.21070879111764299,0.23108316274273746,0.2122962630256498,0.22823564255907924,0.2343485174794399,0.2342997417192422,0.22648036537942132,0.2500000000000004,0.22911572986464784,0.220367864814927,0.2313177738194096,0.2251547275925383,0.22734916075275968,0.22711682722784113,0.23371522098411004,0.23448691804351446,0.22433983043478944,0.22355917385064306,0.22530880996428654,0.22258802326886662,0.2311049092799805,0.22332426345757117,0.22939957652418796,0.2237225297055336,0.23375925154220997,0.2343272375433768,0.222101952148199,0.23032307671017183,0.2182408371524798,0.23041389288730546,0.2106270391826994,0.22933321420989033,0.21406580877352063,0.2271083003076553,0.2343637944328704,0.2345158417663339,0.2342844320346594,0.23376809019782346,0.23452236142155558,0.23426182182398658,0.2345062077684885,0.23454253905180192,0.23452296321976226,0.23452361639070457,0.23452075535812184
0.24448817053488442,0.24421591609543952,0.24356351101342882,0.2444964075103037,0.2441987136432994,0.2444785194311632,0.24451584671065033,0.24450457306931456,0.24447851906575885,0.24450297444648939,0.24406089642895393,0.22775668184446907,0.24186908604313795,0.2213464811906931,0.24074606595930656,0.2205478454217541,0.24093129550321282,0.22255688405949936,0.23796740810381112,0.2443231561254763,0.2442738154234846,0.23661304572582104,0.22911572986464784,0.2500000000000003,0.22985689133953652,0.24061989017730198,0.23517353356387338,0.2362139782702142,0.2370585517400145,0.24365257877722954,0.24446608845899354,0.23390807728309276,0.23361347110055938,0.2349355017443654,0.2320332409907783,0.24093429102876368,0.2325315466039073,0.23915749954663862,0.23311317717140653,0.24370789656025998,0.24429969605997623,0.23157194736459416,0.24011867066646186,0.2274947530923312,0.24021520328629575,0.2195834137094235,0.2390906324017931,0.22318937854663007,0.23677168189937592,0.24433779929987348,0.24449633113648606,0.24425507295997595,0.24371780776082813,0.2445031281740162,0.24423165563256535,0.2444862870615876,0.24452416452552478,0.24450375558810084,0.244504435861624,0.24450145376474838
0.23525922199182847,0.23499720428357157,0.2343665738430294,0.23526714499022527,0.23498016864390753,0.23524995518995617,0.23528585393006357,0.2352750088491836,0.23524992248792062,0.23527346754528453,0.23484826533614156,0.21917424496942722,0.23276888348713815,0.2132003077203134,0.23172413483937976,0.21120296055329513,0.2318146638139776,0.2130559843447854,0.22899700576131943,0.2350986375844619,0.23505207855443302,0.2276572462273799,0.220367864814927,0.22985689133953652,0.2500000000000006,0.2313669920765278,0.22569688072381644,0.22809092315660323,0.22783328348104706,0.23447101355572175,0.23523773833179787,0.225013150409948,0.22533022973902828,0.22594491945443357,0.22255306500510535,0.23178840288874267,0.22424363125622623,0.2301209063189122,0.22448333803537698,0.23450825342792236,0.23507805612661473,0.22286515926604208,0.23106825698996575,0.21894424285441355,0.23115762826173442,0.21132539352339386,0.23007151106146917,0.2147795241317755,0.2278374723749306,0.2351145515965527,0.23526707445872785,0.23503492346421473,0.2345167524555893,0.23527361501339933,0.2350122108398913,0.23525740961510633,0.23529385727997768,0.2352742187400811,0.2352748746188521,0.23527200380583824
0.2460127794231772,0.24573882197823146,0.2450885740666232,0.24602106658471573,0.2457234308061968,0.24600304822589739,0.2460406614320948,0.24602928270809507,0.24600308240291427,0.2460276766434375,0.24558301596601748,0.22925376070146755,0.24341007684176835,0.2233257926544919,0.24231737627483735,0.22103430275992303,0.24241933760498843,0.22350830652271642,0.2394584940635343,0.2458452314262702,0.24579915201486366,0.23803234478353336,0.2313177738194096,0.24061989017730198,0.2313669920765278,0.2500000000000002,0.23639487266204032,0.23804746739330382,0.23856283998346278,0.24517971639727115,0.2459905207532339,0.2354378535915604,0.23502821581042196,0.23650823183016456,0.23335620654815134,0.24245861764626767,0.23401492613919359,0.24067345102083854,0.23456168491009916,0.24522746447865876,0.2458231072092666,0.23300092265508535,0.24162394351076424,0.2289192343270051,0.24172049696509312,0.2209550595326913,0.24058614573083062,0.22458409451689748,0.23825016695484322,0.24586148380660547,0.24602099086751622,0.24577822831757332,0.24523699686549938,0.246027830340975,0.24575452687368365,0.24601088420415426,0.24604899786949144,0.24602846166372286,0.24602914661572844,0.24602614548621143
0.24028106854081754,0.24001346183337674,0.23938083074529837,0.2402891598590229,0.23999820305849667,0.24027156947525746,0.24030831628874927,0.24029718806488418,0.24027156890946746,0.24029561911252711,0.23986149122857883,0.2238922224134913,0.23773938871679584,0.2179348632756915,0.2366805625776984,0.21590765807049456,0.23680945635213524,0.21790874485325085,0.23393221599101174,0.24011714795428105,0.2400699373447313,0.2325581162534009,0.2251547275925383,0.23517353356387338,0.22569688072381644,0.23639487266204032,0.2500000000000003,0.23199222170845488,0.2328722695566685,0.23946720931069657,0.24025922571901095,0.2297150883163125,0.23061509236337707,0.23082433601338803,0.2289312275912242,0.2367224069073688,0.22811900866493753,0.2349599272119263,0.22921427097963779,0.23951367564399467,0.24009596169166655,0.22762451080905854,0.23599716490036415,0.2235353722976302,0.23607941457544154,0.21579563673269003,0.23497480694476297,0.21936914479346115,0.23269719984218257,0.24013327754032207,0.24028908863096485,0.24005198212822026,0.23952262725603532,0.24029576879270273,0.24002895342457456,0.24027921747833703,0.24031644315423528,0.24029638540991158,0.24029705222904282,0.24029412319560292
0.24162056403914559,0.24135150218299334,0.24070885154665464,0.24162870392874206,0.24133600481759251,0.2416110146011008,0.24164793177544244,0.24163677334894781,0.24161104547408285,0.24163519501428687,0.2411984049307713,0.22511723613517112,0.2390621768765016,0.2193256795312652,0.2379606893038443,0.21775734240501635,0.2380856300962509,0.21858937006969573,0.23519391747925306,0.2414555015349503,0.24140832099327966,0.23369891972546253,0.22734916075275968,0.2362139782702142,0.22809092315660323,0.23804746739330382,0.23199222170845488,0.2500000000000005,0.23400475860783673,0.24079924232866382,0.24159845428381038,0.23136634976209977,0.23068574588109333,0.23251094183128937,0.22896220194679545,0.23817813887937542,0.22979825266299775,0.23640747597867454,0.23037898493980746,0.2408486207131997,0.2414340539918306,0.22879533536997956,0.23731520581571625,0.2247935185071387,0.23740669828740202,0.2169541628019276,0.23629131608966517,0.22055158378695355,0.23399472189962098,0.24147195210636568,0.24162862886084682,0.24139020056235289,0.24085841032847793,0.2416353462505645,0.24136678573286427,0.2416187026571362,0.2416561358555236,0.24163596629527415,0.2416366369290459,0.2416336914697491
0.24230334867495637,0.2420334967908198,0.24139714575690704,0.24231150848402075,0.242018813078433,0.24229376209498335,0.24233083234641523,0.24231960302309022,0.2422937797511745,0.24231802188220058,0.24188031337612148,0.22578215306758762,0.2397346541416523,0.21979664988169903,0.23866452275929428,0.2179813346779272,0.23879993732423638,0.21983553168021808,0.23589312971870274,0.24213846628933328,0.24208833340445882,0.23450638138245022,0.22711682722784113,0.2370585517400145,0.22783328348104706,0.23856283998346278,0.2328722695566685,0.23400475860783673,0.25000000000000033,0.2414567605570139,0.24228228141736033,0.231651726279126,0.23210153109437043,0.2326009853820302,0.23054606231262728,0.2386944079123992,0.23064981939986126,0.23695076497947515,0.23073155544251292,0.24153079190638765,0.2421168160973369,0.22965324995678715,0.23797238286175373,0.22555129149539707,0.2380742211928696,0.2177206141927531,0.2369539074803726,0.221241976109724,0.23466076213802942,0.2421543543254527,0.24231143623665127,0.24207233420545932,0.24153841993509936,0.2423181726518981,0.242048948913636,0.24230148203202118,0.24233902101212895,0.24231879445584278,0.2423194691908404,0.2423165132017729
0.24907647953852524,0.2487990901919095,0.24814525817491076,0.24908486786173065,0.2487843684952443,0.2490666219043488,0.24910473226631677,0.24909318785778256,0.2490666511329355,0.24909156294746687,0.2486416221275472,0.23210241975130785,0.24643439339926124,0.22599325411649443,0.24533085250444017,0.22415992385079156,0.24546660183461902,0.226075993295481,0.2424740857052586,0.2489072912268876,0.24912981855857325,0.24105195619503236,0.23371522098411004,0.24365257877722954,0.23447101355572175,0.24517971639727115,0.23946720931069657,0.24079924232866382,0.2414567605570139,0.2500000000000002,0.24905398196758874,0.238305572915073,0.2380989591422251,0.23935513531562994,0.23638423051215152,0.24546302312921417,0.2369312727926393,0.2436534491431192,0.23750424760398284,0.24828174314020462,0.2488845727802411,0.23592089813947043,0.24462814644158926,0.23177584059150327,0.24472680517628073,0.22372316048586935,0.24358099103932837,0.2273936647906655,0.24121710226594328,0.24892330170971938,0.24908479327745772,0.24883900742222537,0.24829146004583827,0.2490917178855109,0.24881516333640388,0.2490745607175664,0.2491131490283409,0.2490923570763868,0.2490930515392358,0.24909001205473724
0.2499022453627062,0.24962393606797303,0.24896839851807143,0.24991066142707405,0.24960924216063868,0.24989235389351747,0.24993059378469745,0.24991900896945762,0.24989238428430482,0.24991737881988033,0.2494659673885833,0.23287393748515853,0.24725137350814197,0.22674516949150414,0.24614486012873907,0.2249089690406755,0.24628277784112457,0.22683385828775451,0.24328088049820504,0.24973248886512134,0.2496844657846718,0.24185938231655146,0.23448691804351446,0.24446608845899354,0.23523773833179787,0.2459905207532339,0.24025922571901095,0.24159845428381038,0.24228228141736033,0.24905398196758874,0.2500000000000004,0.23909335601307272,0.23890111471988226,0.24014401945888228,0.23716631470787605,0.24627467558985203,0.23772240234688885,0.24446118589838792,0.2382932247332216,0.24910494889635215,0.24970972917138556,0.2367053063880703,0.24543936526182702,0.23254626850829765,0.2455386689251676,0.22447251012026234,0.24438913692583883,0.22815175909271987,0.24201727938228576,0.24974856374664206,0.24991058666502636,0.2496639859485426,0.24911462491408634,0.24991753422875462,0.24964007073714015,0.2499003201801172,0.24993903642326812,0.24991817553952297,0.24991887270085875,0.24991582274340907
0.23911465274496074,0.23884835499439638,0.238219089660009,0.23912270552760811,0.23883398050593535,0.23910519497157773,0.23914176959123584,0.2391306935378678,0.2391052179316385,0.2391291328118887,0.23869718691615108,0.22282221770362076,0.23657841439385677,0.21694971884675143,0.23551846192732423,0.21516265143557325,0.2356400707930454,0.21697372336850052,0.23276670334547075,0.23895230251544972,0.23890441793741865,0.23142260225325884,0.22433983043478944,0.23390807728309276,0.225013150409948,0.2354378535915604,0.2297150883163125,0.23136634976209977,0.231651726279126,0.238305572915073,0.23909335601307272,0.2500000000000003,0.2281737452791501,0.22960703452585352,0.22704648117343781,0.23562096430161403,0.22784656607688458,0.23389245089189803,0.22829792816173752,0.23835105867847617,0.23892947749220295,0.2259652104522075,0.23484024916782117,0.22278894086156195,0.23493881641223657,0.2149121442552846,0.23383612462851158,0.21824786536420754,0.2315753644579975,0.23896765224565825,0.2391226337681161,0.23888667848315284,0.2383583457913656,0.2391292816427362,0.2388634582154042,0.2391128106655902,0.23914985563667862,0.2391298952599751,0.23913056602704577,0.23912764402748152
0.23892443243725803,0.23865836100137044,0.2380384990958168,0.2389324790839765,0.23864520066662115,0.23891495105823807,0.23895156129390388,0.23894045691969437,0.2389150045322243,0.23893890141862395,0.23850752778627152,0.2226251012750948,0.23638169823487176,0.2167127993211819,0.2353319528470622,0.2150895504969448,0.23551546720506744,0.2175590442596183,0.2326445472264902,0.2387619380256764,0.23871527682077748,0.23119607185379987,0.22355917385064306,0.23361347110055938,0.22533022973902828,0.23502821581042196,0.23061509236337707,0.23068574588109333,0.23210153109437043,0.2380989591422251,0.23890111471988226,0.2281737452791501,0.25000000000000033,0.22919512367685657,0.22658387134210659,0.23544987748638146,0.22702669866968436,0.2337038366017483,0.2275326452653584,0.23816133845858664,0.23873986621475407,0.2263144136283066,0.23465035234614695,0.2221292028575628,0.23473580485069334,0.21452767720741542,0.233638252601751,0.21808587129879692,0.23137504445488466,0.23877741243013936,0.2389324074680338,0.2386966393228976,0.23817388022044977,0.23893904969802618,0.23867371065015305,0.23892259182816142,0.23895960732418065,0.23893966282658702,0.23894032080414127,0.23893741338496347
