x1,x2,x3,x4,x5,x6,x7,x8,x9,x10,x11,x12,x13,x14,x15,x16,x17,x18,x19,x20,x21,x22,x23,x24,x25,x26,x27,x28,x29,x30,x31,x32,x33,x34,x35,x36,x37,x38,x39,x40,x41,x42,x43,x44,x45,x46,x47,x48,x49,x50,x51,x52,x53,x54,x55,x56,x57,x58,x59,x60
0.25000000000000006,0.2326483805670115,0.21827811312605586,0.23264938040463307,0.22174848561800245,0.2326610677526447,0.22507410212616163,0.23266551039864472,0.2262087143679619,0.23266454333573008,-0.23318828531929223,0.23175714116259583,-0.22845402450924915,0.22912164614208033,-0.22812663770570105,0.23132038862032542,-0.2294401568445213,0.23223603637449786,-0.2283185650473568,0.2287595921028631,-0.0026201898314103106,-0.0004689985700521565,0.04454682110963558,-0.045364599389935395,0.09315908148107666,-0.09431553120506646,0.16616876597098226,-0.1700204119128456,0.22398013100916153,-0.22504690757824264,0.019641027318986606,-0.021918471436558826,0.09081777328084079,-0.0831294470114167,0.11835563442833474,-0.11551028998538901,0.16794638853574778,-0.16972360447763502,0.21909506379195928,-0.22034704625638618,-0.23173354216769562,0.2320277308864393,-0.23102378662263295,0.23224029500042057,-0.23121611029455832,0.2317257821644399,-0.23107138581999956,0.23198915858385533,-0.2238763542450481,0.22321041869867014,0.23005663752143082,0.23266655287083346,0.2287527965666366,0.23266614610299488,0.22861823523589175,0.23266650699227956,0.2255153780168459,0.23266623139395518,0.22471321511482453,0.232666522874529
0.2326483805670115,0.25,0.23560354675462492,0.24995055314765,0.23905056766145436,0.24996247028410298,0.24237565865502933,0.24996670942801613,0.24351000234981476,0.24996586959058692,-0.2453253998935433,0.24547504446086893,-0.24219690684102255,0.24528375564798083,-0.24429631237707652,0.2484479189022004,-0.24646264654765768,0.24952553535434996,-0.24542505854995372,0.24585929372890925,-0.0037150202931226922,0.0004073541511755846,0.04715871006482712,-0.04804753376580885,0.09954043106714182,-0.10078556808447543,0.17832495096204842,-0.18248405778120194,0.2406462876744181,-0.24179959342084445,0.021928989986014134,-0.024354903319394022,0.09810852049051019,-0.08980407186774361,0.1275128449954647,-0.1244307903171632,0.1805928659308132,-0.18248763491776582,0.23540138047968992,-0.23674203334574334,-0.2489675674426159,0.2492840185361248,-0.24820470241943274,0.24951159560353248,-0.24841338932557916,0.24896070689138838,-0.24825728594399352,0.24924060544438345,-0.2405294979064451,0.2398147479229368,0.24716289127142851,0.2499679815811219,0.2457620461246506,0.24996754456568596,0.24561708250817926,0.24996793229120348,0.24228289012919596,0.24996763619895937,0.24141978463849526,0.24996794935446517
0.21827811312605586,0.23560354675462492,0.2500000000000001,0.2355949400775683,0.22469250388017112,0.23560500936915285,0.22801795808100492,0.2356093427731004,0.22915321808234465,0.23560849356907984,-0.23341532404316212,0.23469432815398553,-0.23361451206643788,0.23368759051028934,-0.23181310942472969,0.2346018882254187,-0.23269110477344324,0.2351925559349611,-0.23121826965714218,0.23164514187935217,-0.002054900696969883,-0.001091972367031041,0.045674306746891206,-0.04649142750859622,0.09492196334330653,-0.09608050193294912,0.168571799210155,-0.17245508188386752,0.22680269327250974,-0.22787136140549666,0.01933781285776738,-0.021654767755624763,0.09160579688083186,-0.08382685380794608,0.11959002268298911,-0.11672421516991492,0.16994953376079744,-0.17175950522847777,0.22185104335149175,-0.22312266728486918,-0.2346643821831581,0.23496202649859685,-0.23394592875317766,0.2351778114479948,-0.23413925557355442,0.2346555179215528,-0.2339929261908142,0.23492405780640396,-0.22670382734577285,0.22602843553655802,0.23296853999457387,0.23561052001915678,0.23164833379903824,0.2356101081042149,0.231512311101207,0.23561047355991327,0.2283707302325619,0.23561019447441472,0.22755912101004908,0.23561048964313427
0.23264938040463307,0.24995055314765,0.2355949400775683,0.25000000000000006,0.2390641671312469,0.2499768653278266,0.24238969115611006,0.24998110461791317,0.2435242135829931,0.24998026459277836,-0.2453404356770388,0.2454913339600704,-0.24221450272771025,0.24529783461601165,-0.24431015990427452,0.2484626521522943,-0.24647723368593433,0.24953993347336567,-0.24543930730984828,0.245873534195383,-0.0037188540034140127,0.0004110425112121979,0.04715837652041623,-0.04804732889351211,0.0995437177564971,-0.10078898179860422,0.17833397486471222,-0.18249339517632995,0.24066008240155484,-0.2418134955736643,0.021933608635763935,-0.024359584036592954,0.09811635668496452,-0.08981129007891257,0.12752167998365627,-0.12443935894746488,0.1806039502460529,-0.1824987688016505,0.23541500880907862,-0.2367557195227606,-0.24898191293808214,0.2492983838325776,-0.2482190025563191,0.24952597076978034,-0.24842770994305552,0.24897505803569822,-0.24827159556545336,0.2492549608479277,-0.2405433766202002,0.23982858953733005,0.24717712003174075,0.2499823766180241,0.24577619384771351,0.2499819395774227,0.24563122026022088,0.24998232732526834,0.24229683318847084,0.2499820312159729,0.2414336731822931,0.24998234438951256
0.22174848561800245,0.23905056766145436,0.22469250388017112,0.2390641671312469,0.24999999999999986,0.23907715513920108,0.2314890426414184,0.23908039374184975,0.23262348132734545,0.23907952056162962,-0.2355836681839749,0.23596684398662646,-0.233251706081547,0.2373243418192533,-0.23715094411360904,0.23859198145479207,-0.23622275264725678,0.23866786213083563,-0.23466846886885598,0.2350894559545021,-0.0034681505243321364,0.0002930998061385637,0.045861793508716546,-0.046750607488261695,0.09590298471039461,-0.09706333111353765,0.17082443744314024,-0.1747773624073778,0.230148811551813,-0.2312422740235146,0.02089633888215116,-0.023196720146134567,0.09376004004902329,-0.08575560071589453,0.12183259158136597,-0.11888631187635909,0.17264658645990863,-0.1744639938363196,0.22512495671487348,-0.22641146567224474,-0.23812448660591007,0.2384270114250078,-0.23739518615188301,0.2386448070783524,-0.23759417550640086,0.23811756841864434,-0.23744460630586214,0.23838540837951097,-0.23005062561173362,0.2293649975766018,0.236399921906652,0.2390815890765799,0.23506048142313754,0.2390811710942054,0.2349216967362014,0.23908154193302247,0.23173334219705083,0.23908125873591204,0.23090777283509192,0.2390815582531354
0.2326610677526447,0.24996247028410298,0.23560500936915285,0.2499768653278266,0.23907715513920108,0.2499999999999998,0.24240166541209232,0.24999302258667166,0.24353614177985852,0.24999218200547565,-0.24534403551105957,0.2454936076981084,-0.24221005327303452,0.2453049409167588,-0.24431776271235486,0.2484728115910725,-0.2464876630579589,0.24955178834054806,-0.245451123723469,0.24588539080782953,-0.003725525277214939,0.0004176473720526458,0.047154483433674746,-0.048043522352307425,0.09954322634148131,-0.10078861725645927,0.17834028444131406,-0.18250008665366024,0.24067154809892194,-0.24182508937831393,0.021940652381285227,-0.024366626263031266,0.0981249664781162,-0.089819322754214,0.12753052145131286,-0.12444787890877185,0.18061383573918555,-0.18250863331027986,0.23542638217133846,-0.23676711794899108,-0.24899379801875357,0.24931028696000515,-0.24823084836015205,0.24953787890892085,-0.24843958130453955,0.2489869538422774,-0.24828345595771598,0.2492668485961008,-0.24055489334508662,0.23984008121780642,0.24718889477353836,0.24999429492982736,0.2457879007419467,0.24999385786839046,0.24564291758564133,0.24999424563472347,0.24230836614520276,0.2499939495113104,0.24144515639381772,0.24999426269978112
0.22507410212616163,0.24237565865502933,0.22801795808100492,0.24238969115611006,0.2314890426414184,0.24240166541209232,0.2499999999999999,0.2424060481641644,0.23595118532626216,0.2424050427797884,-0.23777322494874228,0.23791487296633562,-0.23484845194655304,0.23794809538159822,-0.2371681426597654,0.24182222283835353,-0.24043078573269436,0.24232475586944377,-0.23827297185911117,0.23844182902705738,-0.003998151773167299,0.0007967048954259648,0.045355130863225734,-0.04622265349033744,0.09645373489881329,-0.09768684134254267,0.17306781412307404,-0.1771149235697172,0.23340378337159343,-0.23451947530303918,0.021624895898222037,-0.023970414834358453,0.09537640863971933,-0.08729165637013749,0.1238003318786327,-0.12079780166825307,0.17519163361996976,-0.17702216083424616,0.22828357574935706,-0.22958178000312052,-0.24143777455199145,0.24174484187080866,-0.2406978162420296,0.24196518491471167,-0.24090112631096355,0.24143178230444576,-0.2407492749638895,0.24170160770605406,-0.2332542099000791,0.23256111053331477,0.23968628979879622,0.24240708343509196,0.23832782201558864,0.24240665963806432,0.2381871146398682,0.2424070356362269,0.23495352454454513,0.24240674850002875,0.2341157436857158,0.24240705218337485
0.23266551039864472,0.24996670942801613,0.2356093427731004,0.24998110461791317,0.23908039374184975,0.24999302258667166,0.2424060481641644,0.24999999999999967,0.24354029191618132,0.24999642125846228,-0.24534613416754922,0.2454958905034956,-0.24221132931960834,0.24530750162098577,-0.24431981048864976,0.2484762261184764,-0.2464914311994674,0.24955601370419273,-0.24545530291650408,0.24588958492817106,-0.0037274353304695834,0.00041953026179700204,0.047153524268478596,-0.048042590926222165,0.09954342067669181,-0.10078885756204647,0.178342699349748,-0.18250262492122954,0.24067562658950356,-0.24182920798323232,0.021942724647444106,-0.024368706862116146,0.09812774521771936,-0.0898219113786402,0.1275334690975136,-0.12445072429971041,0.1806172607776163,-0.1825120588186908,0.23543041739851633,-0.23677116479341112,-0.24899802457259784,0.24931451972400837,-0.2482350611400933,0.2495421138782672,-0.24844380205977704,0.24899118341679524,-0.24828767306418098,0.24927107684723984,-0.24055898633899264,0.2398441646906553,0.24719308379847563,0.2499985343562767,0.2457920656999635,0.2499980972874284,0.24564707934148075,0.24999848506033742,0.24231246980510732,0.2499981889319026,0.2414492429813625,0.2499985021256844
0.2262087143679619,0.24351000234981476,0.22915321808234465,0.2435242135829931,0.23262348132734545,0.24353614177985852,0.23595118532626216,0.24354029191618132,0.24999999999999978,0.24353968816303953,-0.23892049082493777,0.23905882700440842,-0.235795251456218,0.2388581254794359,-0.23788142089944192,0.24202079997818043,-0.24005854601083887,0.24339769088850885,-0.24208990941719266,0.24162968649522923,-0.0037241678079407287,0.0004985214876844085,0.045757240530900384,-0.04661997025826073,0.09667764699080131,-0.09788659352299076,0.17343831309644073,-0.17749543779399599,0.2344628223293891,-0.23559599539590226,0.021451007620234174,-0.023816440152212473,0.09566326462915804,-0.08759227603407643,0.12432239125677404,-0.12132133072590298,0.17599250515082107,-0.17783642575529063,0.22935958055023206,-0.23066434701136598,-0.24256710408975424,0.2428754805188462,-0.24182375863945893,0.2430971107111768,-0.24202739912810342,0.24256063953882942,-0.2418755001941923,0.242833283575375,-0.23434906575315756,0.23365346652645308,0.24080816771059818,0.2435415542996879,0.23944313395087025,0.2435411285197274,0.239301849068947,0.24354150627699844,0.23605307899976308,0.24354121779697713,0.23521217337638778,0.24354152290157008
0.23266454333573008,0.24996586959058692,0.23560849356907984,0.24998026459277836,0.23907952056162962,0.24999218200547565,0.2424050427797884,0.24999642125846228,0.24353968816303953,0.24999999999999958,-0.24534500882599986,0.2454948214057666,-0.2422102188433892,0.2453064317936216,-0.2443187443660846,0.24847538640774589,-0.24649069792405578,0.24955525656960154,-0.2454551793707866,0.2458892334268952,-0.0037274748676750374,0.0004195804972042805,0.047153376314287426,-0.0480424437306316,0.09954318947172353,-0.10078862764521856,0.17834226713567478,-0.1825021862998916,0.24067488848893398,-0.2418284804710443,0.021942702955216862,-0.024368674364619244,0.09812745205777487,-0.08982162955606456,0.1275330489459493,-0.12445030889898318,0.1806166471007608,-0.18251143795004188,0.23542962110733148,-0.23677036415390562,-0.24899718731964945,0.24931368142634455,-0.24823422646192156,0.24954127478182306,-0.24844296675750566,0.24899034625039304,-0.24828683806602794,0.24927023836141898,-0.24055817545418876,0.23984335582129346,0.24719225251466012,0.24999769366011917,0.2457912391372451,0.24999725659274052,0.24564625326172182,0.2499976443643457,0.24231165494402465,0.24999734823690667,0.2414484307340506,0.2499976614296353
-0.23318828531929223,-0.2453253998935433,-0.23341532404316212,-0.2453404356770388,-0.2355836681839749,-0.24534403551105957,-0.23777322494874228,-0.24534613416754922,-0.23892049082493777,-0.24534500882599986,0.2499999999999996,-0.24826939511634205,0.24485904957550936,-0.24344521268797098,0.24233865176194147,-0.2442059351474335,0.24216326261077525,-0.24491922115193626,0.24082145322009874,-0.24124580783869842,-0.0006138535169151332,0.003918072384054616,-0.05000675968010738,0.050823439418009375,-0.10053748218426647,0.10169904407898796,-0.17623357534428258,0.18021796264464027,-0.2362113132853602,0.23730199910593783,-0.017587083543619264,0.0200548374172025,-0.0937257457193872,0.08574975890876749,-0.12341195793678726,0.120497946119915,-0.17645874243556758,0.17838948710138042,-0.23096824584865874,0.23230713035842598,0.24435569173751057,-0.24466440927212954,0.24360865460334313,-0.24489158856922688,0.24380347221128976,-0.24434182407472987,0.24365287505892513,-0.24463085352206854,0.23605408510339929,-0.2353479972556735,-0.24259958865380787,-0.24534707510359677,-0.2412250665544486,-0.24534664616590413,-0.24108461034970796,-0.24534702672360706,-0.23781521642130435,-0.24534673610500743,-0.236973985521409,-0.24534704347149516
0.23175714116259583,0.24547504446086893,0.23469432815398553,0.2454913339600704,0.23596684398662646,0.2454936076981084,0.23791487296633562,0.2454958905034956,0.23905882700440842,0.2454948214057666,-0.24826939511634205,0.2499999999999994,-0.24653319192244808,0.24446707146430427,-0.2433301616695663,0.24441418316836191,-0.2423526049314008,0.24506962153215633,-0.24096509618050285,0.24138947843685407,0.0007739317860747524,-0.0040823626612469105,0.05022994284148985,-0.051047953092154166,0.10072218524595969,-0.10187970434067259,0.17636255249907884,-0.18034366059176965,0.2363513021217279,-0.23744173220114878,0.017449808526666333,-0.019920670494779205,0.09368442719058351,-0.08570892609641693,0.12341840757109623,-0.12050744523406699,0.17653425138642145,-0.17846915203625854,0.23110556761801582,-0.23244634220929192,-0.24450452996363237,0.2448133557073171,-0.2437571215331617,0.24504082196022645,-0.24395165109427014,0.24449036886733502,-0.24380108035722933,0.24478015804250405,-0.2361973401702332,0.2354905903015614,0.24274800529467597,0.24549687907950174,0.2413726762691057,0.24549644987995373,0.24123218641558516,0.24549683066990324,0.23796094237191898,0.2454965398738573,0.23711944620531103,0.245496847428016
-0.22845402450924915,-0.24219690684102255,-0.23361451206643788,-0.24221450272771025,-0.233251706081547,-0.24221005327303452,-0.23484845194655304,-0.24221132931960834,-0.235795251456218,-0.2422102188433892,0.24485904957550936,-0.24653319192244808,0.24999999999999936,-0.24568083026133833,0.24352114214999895,-0.24212831574308635,0.24002640433030664,-0.24182615948927666,0.2377255510832195,-0.2381203964701787,-0.0026819368825491408,0.00597939354594873,-0.052115339176560554,0.05294389483913692,-0.10151312114715844,0.10259194091144352,-0.1748552855309295,0.17870802082161455,-0.23319789498682725,0.234246318913181,-0.015456102352712716,0.017905124886357704,-0.09125020913500094,0.08336994086563373,-0.12086276685714208,0.118040299368909,-0.17372919625615643,0.17567482870113638,-0.22794619869094318,0.22928438491865766,0.24122882240283733,-0.24153252729072802,0.24049259489184163,-0.24175872316019886,0.24067949287362436,-0.24121137078298854,0.24053167439614925,-0.24150345515553154,0.23302003873646607,-0.23231812402685323,-0.2395042113099535,-0.24221221061148662,-0.23814799059777836,-0.2422117871548404,-0.23800997626822915,-0.24221216284870062,-0.23478468005467332,-0.242211875943415,-0.233956820530207,-0.2422121793825867
0.22912164614208033,0.24528375564798083,0.23368759051028934,0.24529783461601165,0.2373243418192533,0.2453049409167588,0.23794809538159822,0.24530750162098577,0.2388581254794359,0.2453064317936216,-0.24344521268797098,0.24446707146430427,-0.24568083026133833,0.24999999999999944,-0.2478044558518385,0.24540194230849338,-0.24326805516479488,0.24492772920789804,-0.24081151943820225,0.241202179204079,0.0009632492637544343,-0.004271647262214601,0.05184432602985,-0.05273370837537378,0.10206026011315228,-0.10313765590035759,0.17672501945385463,-0.18065258999888273,0.23619944410949567,-0.2372761230694455,0.017251648206734173,-0.019678087551001172,0.09343698731275789,-0.08533790430883953,0.12304331922727357,-0.12013796364539965,0.17621779243680183,-0.17816246984218437,0.23087526692031446,-0.232224222402059,-0.2443162551698167,0.2446245111222632,-0.2435701515011425,0.24485211092937434,-0.24376314405696167,0.24430127318762707,-0.2436121571517083,0.24459125237652976,-0.23600814545551607,0.2352976008879714,0.2425643945668762,0.24530846316413957,0.24119095350991682,0.2453080342953405,0.2410503098061257,0.24530841479106463,0.23778294409429016,0.24530812421814208,0.23694198317103413,0.24530843153625603
-0.22812663770570105,-0.24429631237707652,-0.23181310942472969,-0.24431015990427452,-0.23715094411360904,-0.24431776271235486,-0.2371681426597654,-0.24431981048864976,-0.23788142089944192,-0.2443187443660846,0.24233865176194147,-0.2433301616695663,0.24352114214999895,-0.2478044558518385,0.2499999999999993,-0.24530081965167938,0.24271342483533928,-0.24395893990307077,0.23984681154024273,-0.2402237771554392,-0.00022563201517125653,0.0035248978650331136,-0.05094848276709153,0.051843261406646135,-0.10142231087806258,0.10253261669264863,-0.17588820961723256,0.17980497190423042,-0.2352307291566646,0.23630552754151746,-0.017877481931268153,0.020280361845465736,-0.09351730060112896,0.08539799284581603,-0.1228373144182719,0.11992904945347536,-0.17564646244425725,0.17757095396210176,-0.22995610773032266,0.23129605439869458,0.24333426611528805,-0.24364161373210283,0.24259090084707685,-0.24386760640896915,0.24278488338146173,-0.24332062103395657,0.24263392419430188,-0.2436067218886231,0.23506237758422988,-0.23435517401054098,-0.24158688258163638,-0.2443207639902083,-0.24021896353877395,-0.24432033684823548,-0.24007854071038,-0.24432071581212544,-0.23682386192113208,-0.24432042640914362,-0.23598506186571613,-0.24432073248988936
0.23132038862032542,0.2484479189022004,0.2346018882254187,0.2484626521522943,0.23859198145479207,0.2484728115910725,0.24182222283835353,0.2484762261184764,0.24202079997818043,0.24847538640774589,-0.2442059351474335,0.24441418316836191,-0.24212831574308635,0.24540194230849338,-0.24530081965167938,0.24999999999999925,-0.24739501840586833,0.24813519794004976,-0.2440087432029635,0.24437249726502375,-0.002206076697521528,-0.0011019941656865428,0.048675174529024215,-0.049564274103504904,0.10106430683920624,-0.10231058832426565,0.17800052970487865,-0.18205474688554782,0.239238963460272,-0.24036336371911135,0.02042123645162071,-0.022847358836552367,0.09660635427082426,-0.08830294270294362,0.12601210574979047,-0.12299965001505958,0.17916739830598197,-0.18107928547532473,0.23393858767109565,-0.23528387317465282,-0.2474795769389363,0.2477933691580602,-0.24672219055107578,0.24802095748311126,-0.24692570754196683,0.24747004030196842,-0.2467709154320608,0.24775282067992485,-0.23908021551549086,0.23836560927568973,0.2456923018863851,0.24847737596027866,0.24430043586579328,0.24847694155093517,0.24415682535328095,0.24847732696360028,0.24084432879126172,0.24847703263702173,0.23998781965316518,0.24847734392511195
-0.2294401568445213,-0.24646264654765768,-0.23269110477344324,-0.24647723368593433,-0.23622275264725678,-0.2464876630579589,-0.24043078573269436,-0.2464914311994674,-0.24005854601083887,-0.24649069792405578,0.24216326261077525,-0.2423526049314008,0.24002640433030664,-0.24326805516479488,0.24271342483533928,-0.24739501840586833,0.24999999999999925,-0.24653843981301096,0.2423967136764497,-0.24247169042235872,0.0036359623607259833,-0.0003537796126523024,-0.04693556255150644,0.047834965798856155,-0.09913489034540177,0.10039317297250479,-0.1763022608160895,0.18037555121135468,-0.23733600335900873,0.2384613988768746,-0.021665433481839278,0.02404449437089634,-0.09675858400527686,0.08847346244793328,-0.12565056084888662,0.12261424378665384,-0.1780283251343119,0.1798986731987381,-0.23210236105691642,0.23342790317248305,0.24550618278906694,-0.24581817174512102,0.24475420121811647,-0.24604255313933782,0.2449597706334749,-0.24549934884252386,0.24480523741185417,-0.24577460266827222,0.2371806486499277,-0.23647364642787083,-0.24372752537156442,-0.24649256844642367,-0.2423465792361637,-0.24649213750713658,-0.24220347663543174,-0.24649251984165055,-0.23891622078187724,-0.2464922278660998,-0.23806448050187462,-0.24649253666766707
0.23223603637449786,0.24952553535434996,0.2351925559349611,0.24953993347336567,0.23866786213083563,0.24955178834054806,0.24232475586944377,0.24955601370419273,0.24339769088850885,0.24955525656960154,-0.24491922115193626,0.24506962153215633,-0.24182615948927666,0.24492772920789804,-0.24395893990307077,0.24813519794004976,-0.24653843981301096,0.24999999999999925,-0.24581027137578793,0.24562698147867046,-0.0032886099221864917,-1.932553601925735e-5,0.04759225582472172,-0.04848135158849114,0.09998184841441485,-0.1012275741749757,0.17878075018083114,-0.18294108341382734,0.24043204173589583,-0.24156663575703335,0.02150361777481704,-0.023929605998169262,0.09768790168319118,-0.0893827804872475,0.1270932783842984,-0.1240105396498038,0.18017656480912628,-0.18207453169411095,0.23499254717715917,-0.2363340704268801,-0.24855749852536346,0.2488732590139345,-0.24779608218930774,0.2491008487997955,-0.24800341100596848,0.24854992471183446,-0.2478472489588206,0.24883007459884782,-0.24012475499054484,0.23940961158370952,0.24675742128017597,0.2495572646828435,0.24535905103969188,0.24955682838497753,0.24521457310674807,0.24955721547382145,0.24188632517151562,0.24955691986810646,0.24102466829360114,0.2495572325090681
-0.2283185650473568,-0.24542505854995372,-0.23121826965714218,-0.24543930730984828,-0.23466846886885598,-0.245451123723469,-0.23827297185911117,-0.24545530291650408,-0.24208990941719266,-0.2454551793707866,0.24082145322009874,-0.24096509618050285,0.2377255510832195,-0.24081151943820225,0.23984681154024273,-0.2440087432029635,0.2423967136764497,-0.24581027137578793,0.24999999999999914,-0.24865477461543342,0.0024552348287012332,0.0008415834920393189,-0.04817119347066458,0.049063084524853556,-0.10022284686996646,0.10146075072563174,-0.1783558082361834,0.18269867333989465,-0.2400697229477272,0.242055321310292,-0.020523356667621916,0.02288717379721504,-0.09542445088949496,0.08709649839561777,-0.12400406519515436,0.12094174088847967,-0.17663618030318645,0.1785160533250224,-0.231002056187161,0.2323328067422974,0.2444685835036425,-0.24477832911921996,0.24372015462015784,-0.24500397663437926,0.24391955347491318,-0.24445769540827947,0.24376335920406034,-0.24473490901509937,0.23611190844823138,-0.23539881781450867,-0.24270399644229945,-0.24545654102497402,-0.2413288636576461,-0.24545611189759625,-0.24118843162114834,-0.24545649262342825,-0.23791686533116344,-0.24545620187506123,-0.23706402966156123,-0.24545650937870056
0.2287595921028631,0.24585929372890925,0.23164514187935217,0.245873534195383,0.2350894559545021,0.24588539080782953,0.23844182902705738,0.24588958492817106,0.24162968649522923,0.2458892334268952,-0.24124580783869842,0.24138947843685407,-0.2381203964701787,0.241202179204079,-0.2402237771554392,0.24437249726502375,-0.24247169042235872,0.24562698147867046,-0.24865477461543342,0.2499999999999992,-0.00233283993485095,-0.0009670981319312572,0.04837596896715202,-0.04926724907909366,0.10052061223737677,-0.10176078909444011,0.17883495905031785,-0.1832011398921476,0.24120529964688026,-0.2432634363044859,0.0204319464393988,-0.022801482078230267,0.09549613474113619,-0.08715280826334919,0.12412916021029922,-0.1210616155613478,0.1768973264822863,-0.17878045594970643,0.23139991126210954,-0.23273343309284103,-0.24490061736606533,0.24521082176755482,-0.24415084064600726,0.2454370697546997,-0.2443501428947267,0.24488933621034467,-0.24419346665562425,0.2451673089707679,-0.23652210505851143,0.23580694146105266,0.2431332659794839,0.24589083876934936,0.24175559319027445,0.2458904088832423,0.24161515159279742,0.24589079028198216,0.23833789623540227,0.2458904990191557,0.2374826650480067,0.24589080706687713
-0.0026201898314103106,-0.0037150202931226922,-0.002054900696969883,-0.0037188540034140127,-0.0034681505243321364,-0.003725525277214939,-0.003998151773167299,-0.0037274353304695834,-0.0037241678079407287,-0.0037274748676750374,-0.0006138535169151332,0.0007739317860747524,-0.0026819368825491408,0.0009632492637544343,-0.00022563201517125653,-0.002206076697521528,0.0036359623607259833,-0.0032886099221864917,0.0024552348287012332,-0.00233283993485095,0.2499999999999991,-0.24636046136111506,0.19894598075910777,-0.1936194328003279,0.1420597226719495,-0.13819813082391808,0.06321463938280898,-0.05853112239777428,0.004853811749226706,-0.002772779805032533,-0.23126076944706564,0.22564634248016432,-0.15154371570234537,0.13923624662604753,-0.10157372877579242,0.09521920853094652,-0.047741270429578854,0.0437454475942533,-0.007703576779309483,0.00649103603515267,0.004266007809930791,-0.004378055638006669,0.004162975659887889,-0.004159415183049136,0.004741102285141084,-0.0046782549718167475,0.004580253318367259,-0.00384460142291532,0.005271286813667617,-0.00547802828086147,-0.003385352084047368,-0.003727434880859429,-0.0033516941088161094,-0.0037274284258780256,-0.003236031951932519,-0.0037274342135267327,-0.0030173099315593706,-0.0037274297930092277,-0.0026625805070935745,-0.003727434464238377
-0.0004689985700521565,0.0004073541511755846,-0.001091972367031041,0.0004110425112121979,0.0002930998061385637,0.0004176473720526458,0.0007967048954259648,0.00041953026179700204,0.0004985214876844085,0.0004195804972042805,0.003918072384054616,-0.0040823626612469105,0.00597939354594873,-0.004271647262214601,0.0035248978650331136,-0.0011019941656865428,-0.0003537796126523024,-1.932553601925735e-5,0.0008415834920393189,-0.0009670981319312572,-0.24636046136111506,0.2499999999999994,-0.2023753097124034,0.1968228025432381,-0.1452484574613949,0.14123348391905244,-0.06630629267751219,0.06161141059292232,-0.00814056336121923,0.006064225339965704,0.22776221511395636,-0.22234828487379663,0.14829454760332564,-0.13668329947294383,0.09907968358081598,-0.09288435928590502,0.04518466550795021,-0.04119465728575977,0.00468489325092788,-0.0034459825214929176,-0.0009638902772171711,0.001071077142001938,-0.0008699904034648198,0.0008521796396654231,-0.0014403071918211098,0.0013720021467524734,-0.0012858732486186856,0.0005474191511160739,-0.0020847474593721823,0.0023110125707131333,0.00011061076325404956,0.0004195141152258139,9.315708723035663e-5,0.0004195134378406165,-1.7732317274234827e-5,0.00041951410109525593,-0.00019389517571049834,0.00041951359916949336,-0.0005314432219989658,0.0004195141262680844
0.04454682110963558,0.04715871006482712,0.045674306746891206,0.04715837652041623,0.045861793508716546,0.047154483433674746,0.045355130863225734,0.047153524268478596,0.045757240530900384,0.047153376314287426,-0.05000675968010738,0.05022994284148985,-0.052115339176560554,0.05184432602985,-0.05094848276709153,0.048675174529024215,-0.04693556255150644,0.04759225582472172,-0.04817119347066458,0.04837596896715202,0.19894598075910777,-0.2023753097124034,0.24999999999999903,-0.24408771850624952,0.19238994989214347,-0.18618077435121216,0.11162369757847422,-0.1067416786181855,0.05543680924092692,-0.05339889321493733,-0.18089240072618853,0.17844774100527971,-0.10471692591036626,0.10291938136576267,-0.06547158248096717,0.061508549216883576,-0.009634872657620757,0.005646666273661863,0.038576026691520424,-0.040222105056587264,-0.04651145051501123,0.04647280792818984,-0.04647401527482374,0.04670073145960507,-0.04600560676941355,0.04615415751935514,-0.046069435268763316,0.04686546898006129,-0.04366998503351823,0.043153394656373155,0.046987105541921086,0.04715377375746609,0.046773886902102026,0.04715369134114514,0.04681996770508236,0.04715376437613079,0.046387291253307254,0.047153708522501454,0.046481612892164174,0.04715376759470986
-0.045364599389935395,-0.04804753376580885,-0.04649142750859622,-0.04804732889351211,-0.046750607488261695,-0.048043522352307425,-0.04622265349033744,-0.048042590926222165,-0.04661997025826073,-0.0480424437306316,0.050823439418009375,-0.051047953092154166,0.05294389483913692,-0.05273370837537378,0.051843261406646135,-0.049564274103504904,0.047834965798856155,-0.04848135158849114,0.049063084524853556,-0.04926724907909366,-0.1936194328003279,0.1968228025432381,-0.24408771850624952,0.24999999999999925,-0.198123506724215,0.19177280477107356,-0.11505325871786566,0.110021950482303,-0.05636161248219147,0.05430095732168589,0.17689072147985577,-0.17459185202332678,0.10325657930796892,-0.10222098193793766,0.06521816585922953,-0.061268020648871185,0.009111746730044178,-0.005145372688717856,-0.03926417104685314,0.04092210323686282,0.04739924332217231,-0.04736206100491528,0.04735916196375755,-0.04758980450918028,0.046893314948340585,-0.04704328550671429,0.04695041780636517,-0.047745105286662294,0.0444698861987444,-0.04393812351789827,-0.04786667746927114,-0.04804284337200319,-0.04764968065535884,-0.04804275940154393,-0.047695361766832374,-0.04804283381503718,-0.04725250168729036,-0.048042776908263814,-0.047333288714265336,-0.0480428370942792
0.09315908148107666,0.09954043106714182,0.09492196334330653,0.0995437177564971,0.09590298471039461,0.09954322634148131,0.09645373489881329,0.09954342067669181,0.09667764699080131,0.09954318947172353,-0.10053748218426647,0.10072218524595969,-0.10151312114715844,0.10206026011315228,-0.10142231087806258,0.10106430683920624,-0.09913489034540177,0.09998184841441485,-0.10022284686996646,0.10052061223737677,0.1420597226719495,-0.1452484574613949,0.19238994989214347,-0.198123506724215,0.24999999999999906,-0.24337381903389788,0.16658846960956766,-0.16143524406295598,0.10781535645996092,-0.10571111751018707,-0.12532935287390817,0.12304219428955294,-0.051800125423006604,0.059946589120218975,-0.022920623316613906,0.020026416072207898,0.0362341184119912,-0.03971447485224885,0.08760861972884694,-0.08936909449881829,-0.09880966004457042,0.09886078596058101,-0.09859493580299813,0.099087748307685,-0.09829132163959114,0.09853807457222163,-0.09824607362562009,0.09907416377064869,-0.09402160051255354,0.09330745992941554,0.09873869098970359,0.0995439245217693,0.09824168094485984,0.09954375048398147,0.09823832347909785,0.09954390482818298,0.09708869705681582,0.09954378691824678,0.09686650700115283,0.0995439116239834
-0.09431553120506646,-0.10078556808447543,-0.09608050193294912,-0.10078898179860422,-0.09706333111353765,-0.10078861725645927,-0.09768684134254267,-0.10078885756204647,-0.09788659352299076,-0.10078862764521856,0.10169904407898796,-0.10187970434067259,0.10259194091144352,-0.10313765590035759,0.10253261669264863,-0.10231058832426565,0.10039317297250479,-0.1012275741749757,0.10146075072563174,-0.10176078909444011,-0.13819813082391808,0.14123348391905244,-0.18618077435121216,0.19177280477107356,-0.24337381903389788,0.24999999999999883,-0.17214432828344975,0.16693786727586968,-0.10922818783865056,0.10704522640375916,0.12204897536721948,-0.11983261681092938,0.049820961062185525,-0.05801562235363235,0.021300167798214822,-0.018638279639254546,-0.03744640764264702,0.04088985300633105,-0.08881968166504121,0.09056669514257445,0.10005440566397684,-0.10010854850403593,0.09983421986037379,-0.10033474641530236,0.09953771757123324,-0.09978691663914191,0.09948811859072838,-0.10031394071997586,0.09520279401675877,-0.0944875630278914,-0.09996348059108355,-0.10078936668454518,-0.09945849620508462,-0.10078919046322724,-0.09945479121562541,-0.10078934674753506,-0.09828563234985362,-0.10078922736261735,-0.09805439534117118,-0.10078935362861137
0.16616876597098226,0.17832495096204842,0.168571799210155,0.17833397486471222,0.17082443744314024,0.17834028444131406,0.17306781412307404,0.178342699349748,0.17343831309644073,0.17834226713567478,-0.17623357534428258,0.17636255249907884,-0.1748552855309295,0.17672501945385463,-0.17588820961723256,0.17800052970487865,-0.1763022608160895,0.17878075018083114,-0.1783558082361834,0.17883495905031785,0.06321463938280898,-0.06630629267751219,0.11162369757847422,-0.11505325871786566,0.16658846960956766,-0.17214432828344975,0.24999999999999908,-0.24460023740336562,0.18676921581221276,-0.18455245258741668,-0.04623206685255438,0.04395965848639946,0.027165986217710922,-0.018871027943112385,0.05587836011822639,-0.05279999897026651,0.10896458766469923,-0.11144898151210957,0.1643853737772843,-0.16587189424010695,-0.17746384533820533,0.1776600107428123,-0.1769548098388199,0.1778872346268078,-0.17693074348455423,0.17733650303431292,-0.17677302805738213,0.1776647348392402,-0.17012406025118515,0.16936268527626583,0.17645900323974367,0.17834360465582014,0.17549028141392264,0.17834329278428576,0.17542551768222728,0.17834356947279645,0.17312727093498712,0.17834335822533343,0.17254038611511713,0.17834358165022515
-0.1700204119128456,-0.18248405778120194,-0.17245508188386752,-0.18249339517632995,-0.1747773624073778,-0.18250008665366024,-0.1771149235697172,-0.18250262492122954,-0.17749543779399599,-0.1825021862998916,0.18021796264464027,-0.18034366059176965,0.17870802082161455,-0.18065258999888273,0.17980497190423042,-0.18205474688554782,0.18037555121135468,-0.18294108341382734,0.18269867333989465,-0.1832011398921476,-0.05853112239777428,0.06161141059292232,-0.1067416786181855,0.110021950482303,-0.16143524406295598,0.16693786727586968,-0.24460023740336562,0.24999999999999906,-0.19172550765255916,0.1894709469550589,0.04156774057002298,-0.03930822081968598,-0.031598935898293615,0.023272499823626627,-0.06009286037956017,0.05701504394414096,-0.11315526103013633,0.11558290738727986,-0.1684952624519523,0.1699675783095458,0.18161615243493712,-0.18182026429906425,0.18109094963621222,-0.1820474007788863,0.1810825845732714,-0.1814969258169597,0.18092401495344673,-0.1818205513100776,0.17419292392854233,-0.17343297327127483,-0.18056059450357875,-0.18250355126710888,-0.17956641484754293,-0.1825032321145361,-0.1794980593736417,-0.182503515267663,-0.177137411188711,-0.18250329909302973,-0.176528299238727,-0.1825035277294299
0.22398013100916153,0.2406462876744181,0.22680269327250974,0.24066008240155484,0.230148811551813,0.24067154809892194,0.23340378337159343,0.24067562658950356,0.2344628223293891,0.24067488848893398,-0.2362113132853602,0.2363513021217279,-0.23319789498682725,0.23619944410949567,-0.2352307291566646,0.239238963460272,-0.23733600335900873,0.24043204173589583,-0.2400697229477272,0.24120529964688026,0.004853811749226706,-0.00814056336121923,0.05543680924092692,-0.05636161248219147,0.10781535645996092,-0.10922818783865056,0.18676921581221276,-0.19172550765255916,0.2499999999999989,-0.24768447693865464,0.013214390689763926,-0.015623322267615217,0.08908878675596753,-0.08076325906625775,0.11821229295761468,-0.11513024642566064,0.171296069857861,-0.17319338341883062,0.22610895926780075,-0.227449852382948,-0.23969206104336765,0.23999289856684006,-0.2389600767106941,0.2402204443977029,-0.23913982218159163,0.23966954111955896,-0.23897932914067974,0.2399494476469772,-0.23130396844322726,0.23057556559651235,0.23798235503978754,0.24067685425803695,0.2366343667553339,0.24067643349142784,0.23650226366704885,0.2406768067951777,0.23330076490539714,0.24067652170827591,0.23244999926692578,0.24067682322398518
-0.22504690757824264,-0.24179959342084445,-0.22787136140549666,-0.2418134955736643,-0.2312422740235146,-0.24182508937831393,-0.23451947530303918,-0.24182920798323232,-0.23559599539590226,-0.2418284804710443,0.23730199910593783,-0.23744173220114878,0.234246318913181,-0.2372761230694455,0.23630552754151746,-0.24036336371911135,0.2384613988768746,-0.24156663575703335,0.242055321310292,-0.2432634363044859,-0.002772779805032533,0.006064225339965704,-0.05339889321493733,0.05430095732168589,-0.10571111751018707,0.10704522640375916,-0.18455245258741668,0.1894709469550589,-0.24768447693865464,0.24999999999999914,-0.015314836292505261,0.01769692920284184,-0.09070117556387744,0.08234396724692505,-0.11940374728015617,0.11632585762772478,-0.17247790495297438,0.17437459934619387,-0.2272714669862201,0.2286115407152116,0.24084376757259635,-0.24114658883846274,0.2401078615458053,-0.24137410647384777,0.24029137148611998,-0.24082329152128967,0.24013165611694184,-0.24110338970383444,0.23245263686295176,-0.2317266448043949,-0.23912200682204215,-0.24183044173612694,-0.23776739114356185,-0.24183001895179643,-0.23763367133762706,-0.2418303940465216,-0.23441552905767096,-0.24183010759320836,-0.23356343288523296,-0.24183041055411575
0.019641027318986606,0.021928989986014134,0.01933781285776738,0.021933608635763935,0.02089633888215116,0.021940652381285227,0.021624895898222037,0.021942724647444106,0.021451007620234174,0.021942702955216862,-0.017587083543619264,0.017449808526666333,-0.015456102352712716,0.017251648206734173,-0.017877481931268153,0.02042123645162071,-0.021665433481839278,0.02150361777481704,-0.020523356667621916,0.0204319464393988,-0.23126076944706564,0.22776221511395636,-0.18089240072618853,0.17689072147985577,-0.12532935287390817,0.12204897536721948,-0.04623206685255438,0.04156774057002298,0.013214390689763926,-0.015314836292505261,0.2499999999999992,-0.24431497252432738,0.17013340210842887,-0.15545339404613046,0.11768040531655537,-0.11055373488866152,0.06371936733613832,-0.05969590955188855,0.02502935832976315,-0.02389268292547899,-0.022456088003499564,0.022596156689105577,-0.02230297942652327,0.02237646283208281,-0.022929010414156476,0.022896598058465143,-0.02275147067045727,0.022029556438687516,-0.02308175404239108,0.023239449927777232,0.02141640093194102,0.02194281475855571,0.021289293113080813,0.021942776456175667,0.02114436542894555,0.02194281050323469,0.020683740146638437,0.021942784506235227,0.020258860376107413,0.021942811997400634
-0.021918471436558826,-0.024354903319394022,-0.021654767755624763,-0.024359584036592954,-0.023196720146134567,-0.024366626263031266,-0.023970414834358453,-0.024368706862116146,-0.023816440152212473,-0.024368674364619244,0.0200548374172025,-0.019920670494779205,0.017905124886357704,-0.019678087551001172,0.020280361845465736,-0.022847358836552367,0.02404449437089634,-0.023929605998169262,0.02288717379721504,-0.022801482078230267,0.22564634248016432,-0.22234828487379663,0.17844774100527971,-0.17459185202332678,0.12304219428955294,-0.11983261681092938,0.04395965848639946,-0.03930822081968598,-0.015623322267615217,0.01769692920284184,-0.24431497252432738,0.24999999999999895,-0.17575215467219077,0.16072084466768377,-0.12277673520303377,0.11546169598584609,-0.06787819109339176,0.06375248400187841,-0.02764937056324659,0.026475355182303914,0.02490346129455906,-0.025046944067865732,0.024751226053831735,-0.02481958053954656,0.02539149413201296,-0.025359959713691926,0.025213478382869973,-0.02446686397628769,0.02562048777946284,-0.025791407369299458,-0.023831587576083873,-0.02436881002101841,-0.02368829406502794,-0.024368767472828824,-0.02353165317936892,-0.024368805290574905,-0.02303875138154045,-0.024368776420114896,-0.022606467780677788,-0.024368806950530512
