x1,x2,x3,x4,x5,x6,x7,x8,x9,x10,x11,x12,x13,x14,x15,x16,x17,x18,x19,x20,x21,x22,x23,x24,x25,x26,x27,x28,x29,x30,x31,x32,x33,x34,x35,x36,x37,x38,x39,x40,x41,x42,x43,x44,x45,x46,x47,x48,x49,x50,x51,x52,x53,x54,x55,x56,x57,x58,x59,x60
0.25000000000000006,0.24959376830012384,0.24974055916663646,0.24973434334848132,0.24978081708358083,0.24982111314199398,0.24968105298838789,0.24978861414400166,0.24971134055637975,0.24985607894738593,0.24975010004991857,0.2452842815470866,0.24114697432962134,0.24208601225655496,0.24078330548518817,0.24669590971101224,0.24282845069763537,0.24462038117551616,0.24592142190130342,0.249334319312221,0.24937001717330093,0.23972531129441793,0.2184467678970682,0.2245144555170048,0.2244066703461978,0.23060338862845922,0.21563683391182245,0.2296346302554018,0.23150287896797186,0.2490525050065973,0.24938320509354972,0.23517526489913987,0.22044459616306888,0.22160973294731492,0.22699323215967865,0.2320847492515324,0.22282344814348662,0.23472455411074694,0.23380888423717996,0.24948294982984826,0.2497856223495067,0.24345747963664222,0.23704918021874216,0.23860641024386456,0.2373707922421738,0.24754366652825402,0.2428090339050606,0.248686386424794,0.24783706339120037,0.24954457059961987,0.24968244268220205,0.24963365634883145,0.24966623108995203,0.24982869867301583,0.24977547969431554,0.2498251460389678,0.24976664251685515,0.24971630284131013,0.24969772624200345,0.2498548529167089
0.24959376830012384,0.25000000000000006,0.2496192471376426,0.24961429382200995,0.24966074777578084,0.24970102417847512,0.24956102938305766,0.24966854089906454,0.24959130481704997,0.24973597323468716,0.24963004507261669,0.24516633642202298,0.2410309319242076,0.2419696519492708,0.2406675811946135,0.2465773350941791,0.24271165902923025,0.24450279652727067,0.24580317531934964,0.2492144631048782,0.24925014527325917,0.23961008651096138,0.21834184451332997,0.2244065747140675,0.2242988277442252,0.2304925563736373,0.21553328355820858,0.229524299303026,0.23139156920366954,0.2489327843601146,0.24926332662594722,0.23506221631221927,0.220338581727108,0.22150324126173357,0.22688407525957585,0.23197323684808646,0.22271636147091908,0.2346117104209707,0.23369655216690027,0.24936302452607986,0.24966555067546706,0.24334047052827618,0.2369352209634873,0.23849168206745103,0.2372567120301234,0.2474246759010751,0.2426923410266083,0.24856684569844792,0.2477179367308601,0.24942461508352629,0.24956242040021887,0.24951365755895868,0.24954621696724333,0.24970860612518872,0.24965541267121003,0.24970505519887068,0.24964657982257382,0.2495962643221686,0.24957769664852722,0.249734747796606
0.24974055916663646,0.2496192471376426,0.25000000000000017,0.24975980242463564,0.24980633214310238,0.24984660925482793,0.24970651102643593,0.249814107507482,0.2497368250017608,0.24988157658761267,0.2497756012886176,0.2453081769619804,0.241170624551573,0.24211010574884054,0.24080773872455977,0.2467214662647058,0.24285209274584973,0.2446454737599571,0.24594574949332215,0.24935971384138295,0.24939546759798262,0.2397499792711533,0.2184695769394203,0.22453768771757687,0.22443453076091147,0.23062670280020944,0.21566624377459712,0.22966010302024922,0.23152617566958794,0.24907785053910408,0.24940864318055314,0.2351983811202376,0.22046484592958823,0.22163270412914227,0.22701593257392044,0.23211081121069782,0.22284609959925225,0.23474838971413023,0.23383456022862076,0.24950843937760903,0.24981111801369293,0.24348280775045683,0.2370725728574488,0.23862957954540914,0.23739560638856708,0.24756909088189497,0.24283467935902806,0.24871182012681683,0.2478626354906324,0.24957004944550276,0.249707921250468,0.24965913130999848,0.24969172028919687,0.24985419349457763,0.24980096653818623,0.24985064049723896,0.2497921317669445,0.2497417861945948,0.24972320728034952,0.2498803504089291
0.24973434334848132,0.24961429382200995,0.24975980242463564,0.2500000000000002,0.24980138334441268,0.24984165604577868,0.2497015818706886,0.24980915455422895,0.24973187528127794,0.2498766248729611,0.24977063698598034,0.24530440314892732,0.241166671166461,0.24210593951749654,0.2408031391064567,0.24671621795109153,0.24284835015887019,0.2446405116988053,0.2459416064588244,0.24935482042501936,0.24939052332651526,0.23974504405097458,0.21846487672679202,0.22453300543937266,0.22442518776364617,0.2306224026969376,0.21565475134750708,0.2296536118947987,0.23152189129985087,0.24907298312668089,0.2494037120665585,0.23519461132279015,0.22046266187263983,0.22162801883135938,0.22701185431256726,0.23210391017683715,0.2228418270703234,0.23474384408241666,0.2338282110089603,0.24950346668759305,0.24980616275245573,0.24347753341230524,0.2370686613106589,0.23862599005872365,0.23739034884268176,0.24756402830329668,0.2428290388633969,0.24870684108922694,0.2478574561793432,0.24956509163199525,0.24970297427236782,0.24965418399060255,0.24968676192634576,0.2498492423513588,0.24979601891131406,0.2498456894251413,0.24978718113034037,0.24973683727731222,0.24971825914561235,0.24987539874583067
0.24978081708358083,0.24966074777578084,0.24980633214310238,0.24980138334441268,0.25000000000000033,0.2498881546452475,0.24974805170487133,0.24985564671028723,0.2497783520612912,0.24992312776358153,0.2498171400295327,0.24534948054975578,0.2412110708673049,0.242150919356083,0.24084814793262946,0.24676279554975097,0.242893429508872,0.24468693054563706,0.24598722619727928,0.2494011792682943,0.24943694246201473,0.239790018221068,0.2185069566171168,0.22457659576392067,0.22447435106543512,0.23066703806583055,0.21570577579928965,0.22969967874976746,0.23156620898128794,0.24911926686453545,0.2494501140765816,0.235238053209351,0.22050230123869957,0.22167027049558788,0.22705555356969354,0.2321498506882635,0.2228847503715137,0.23478809313021948,0.23387420939944656,0.24954992646483842,0.24985265734304438,0.24352345054624716,0.2371123051787834,0.23866965377771354,0.23743516228672631,0.24761029782828187,0.24287507273896144,0.2487532292267349,0.24790384189473966,0.24961154788217246,0.24974944366784801,0.24970064551748003,0.24973323938652733,0.24989574013918414,0.2498425044957844,0.24989218655105747,0.24983366807975832,0.24978331414753055,0.24976473223765072,0.24992190140281473
0.24982111314199398,0.24970102417847512,0.24984660925482793,0.24984165604577868,0.2498881546452475,0.2500000000000002,0.24978834316346715,0.24989595269729362,0.2498186462310956,0.24996344644444213,0.24985742189067572,0.24538964532297014,0.24125048801453472,0.24219004710330871,0.24088679457238119,0.24680193027949432,0.24293272566682464,0.244725497889705,0.2460270603279525,0.24944146119434152,0.24947717606962758,0.23982834278583315,0.21854072217110687,0.2246109705627693,0.22450314977038963,0.23070247648087475,0.2157296252859376,0.22973336268948497,0.23160232911847037,0.24915952583787135,0.2494903693404339,0.23527631792965728,0.22053927786059593,0.2217050030420348,0.22709072794369708,0.23218454440540595,0.22291921605748133,0.2348254081607425,0.2339094218098063,0.24959015814967195,0.24989295976300382,0.24356212159052062,0.2371510294086298,0.238708912020066,0.2374728185397365,0.2476500454636865,0.24291340198899852,0.2487932541473114,0.24794357285843915,0.2496518047470454,0.24978973552285313,0.2497409282712794,0.24977351738490422,0.24993605440715977,0.24988281248997887,0.2499325002464602,0.2498739716105376,0.24982361027707486,0.2498050256881779,0.24996221988984943
0.24968105298838789,0.24956102938305766,0.24970651102643593,0.2497015818706886,0.24974805170487133,0.24978834316346715,0.25000000000000017,0.24975584988074545,0.24967857711180247,0.24982330467849181,0.24971758651261866,0.24525430558337086,0.24111675408780656,0.24205152772658683,0.24075070108138377,0.24666306816339686,0.242796169042629,0.2445870708100123,0.24588817537596755,0.24930158956874077,0.24933725411977073,0.23969174814150931,0.21840989724606483,0.2244786432623727,0.22437319877172718,0.23056690171473868,0.21560165939773257,0.2295991418851629,0.2314693353737906,0.24901976333686152,0.24935046044299883,0.23514177058854763,0.22040966409245566,0.22157499035060974,0.2269587501146448,0.23205144156330348,0.2227874376392764,0.2346919509185264,0.23377389250423244,0.24945020664528264,0.2497528546669825,0.24342397077701322,0.23701702816085796,0.2385728858848283,0.23733932838737465,0.24751077748137798,0.24277656325394534,0.24865348517634003,0.24780442075023934,0.24951183049928355,0.24964969107463233,0.24960091097894468,0.24963347828466342,0.24979592771619963,0.2497427155589746,0.24979237554808031,0.24973387949950795,0.24968354662712064,0.2496649720028604,0.2498220785283909
0.24978861414400166,0.24966854089906454,0.249814107507482,0.24980915455422895,0.24985564671028723,0.24989595269729362,0.24975584988074545,0.25000000000000017,0.24978614742747232,0.24993092902127295,0.24982491797605477,0.2453577201856536,0.2412190660452282,0.2421585167977819,0.24085541755326936,0.2467698067837169,0.24290112865773447,0.2446936562101577,0.24599506873266955,0.24940901248107408,0.2494447210967832,0.23979709187048834,0.21851216210600216,0.2245816699520657,0.22447379546189705,0.2306724721252817,0.21570132405059586,0.229703384207348,0.23157218101988533,0.2491271135948367,0.24945791317007904,0.2352457025688633,0.22051055489214438,0.2216760716208979,0.22706116920186242,0.23215423719993095,0.22289015848624483,0.23479483882745678,0.23387889249665236,0.24955768813158705,0.24986045129546317,0.24353039825437475,0.23712019063051426,0.23867785666806593,0.23744190831933362,0.24761781688586504,0.2428817702218013,0.2487608837130253,0.24791130862141877,0.24961932731721007,0.24975724073964126,0.24970843979089707,0.24974102425482797,0.24990354054459765,0.24985030562652244,0.24989998684628045,0.24984146579598748,0.24979111104217058,0.24977252887939425,0.24992970262339714
0.24971134055637975,0.24959130481704997,0.2497368250017608,0.24973187528127794,0.2497783520612912,0.2498186462310956,0.24967857711180247,0.24978614742747232,0.2500000000000002,0.24985361181697413,0.24974764421336237,0.24528105454163263,0.2411456451200676,0.24208192098648992,0.2407792195872397,0.24669312967523707,0.24282493414230824,0.24461720639944584,0.2459181465411123,0.24933183786014218,0.2493675370656761,0.2397222743800854,0.2184425331810787,0.2245098556380566,0.22440377297071962,0.23059786458968987,0.21563306766963541,0.22963074048929696,0.23149901074191684,0.24905001603339375,0.2493807348150927,0.23517176232063414,0.22044014913505866,0.22160602915668648,0.2269889770071124,0.23208215359676632,0.22281880831445158,0.23472143473397936,0.23380572416713882,0.24948049194050445,0.24978315718531316,0.24345480626976246,0.23704614857952153,0.23860316013263264,0.23736841746094145,0.24754118477900788,0.242806717962076,0.24868385830072784,0.24783465916097486,0.24954210974339877,0.24967997678529216,0.24963119137500553,0.2496637690209923,0.2498262317544426,0.24977301247878472,0.2498226791551342,0.2497641764869595,0.249713837032907,0.24969526034061867,0.24985238574020366
0.24985607894738593,0.24973597323468716,0.24988157658761267,0.2498766248729611,0.24992312776358153,0.24996344644444213,0.24982330467849181,0.24993092902127295,0.24985361181697413,0.2500000000000002,0.24989239273218836,0.2454239893825798,0.241284245266406,0.24222394713346448,0.24092050999843706,0.24683647464062655,0.24296672899797042,0.24475975310445122,0.24606149651422426,0.24947637388846097,0.2495120937364045,0.23986190733022583,0.2185713134281423,0.22464241227460333,0.22453456526835575,0.23073477954102345,0.21575981442400774,0.22976551953256286,0.23163474578562993,0.24919439909388902,0.24952528888353007,0.23530925075032408,0.22057014313301904,0.22173603310553072,0.2271225132676526,0.23221703783177494,0.22295042127436876,0.23485827438549814,0.23394216038790813,0.24962509166246896,0.24992793566328264,0.24359621074500623,0.2371842238807708,0.23874232177684107,0.2375060571054723,0.24768470682368174,0.2429474005233968,0.24882807617411926,0.2479782758063317,0.2496867468902884,0.24982469698032367,0.2497758828965989,0.24980847656210473,0.24997103634306658,0.2499177869767963,0.24996748168491506,0.24990894485663456,0.24985857647490284,0.24983998928593681,0.24999720548797005
0.24975010004991857,0.24963004507261669,0.2497756012886176,0.24977063698598034,0.2498171400295327,0.24985742189067572,0.24971758651261866,0.24982491797605477,0.24974764421336237,0.24989239273218836,0.25000000000000006,0.24531880396880215,0.2411814412207056,0.242120482733243,0.2408179175419875,0.24673193758402784,0.24286261001028664,0.2446557228552829,0.24595653467892664,0.24937051913968622,0.24940625742153325,0.23976018820833306,0.21847792517202871,0.22454652563722252,0.22444146365144793,0.23063613029457897,0.21567142193291536,0.2296687535617366,0.23153544073689108,0.2490886442975248,0.24941943728821242,0.23520842691073127,0.22047417572695382,0.22164133124694177,0.22702502628288948,0.23211951208311504,0.22285502617558423,0.23475803946639864,0.2338436341567936,0.2495192308817775,0.24982192955390534,0.2434930169309862,0.2370828820942635,0.2386398510928807,0.23740570498639613,0.2475796793669448,0.2428449127837537,0.24872253177626125,0.247873277590475,0.2495808479083363,0.24971873030083117,0.24966993788702185,0.24970252507042334,0.24986500852508575,0.24981177996662898,0.24986145537412388,0.24980294395822936,0.2497525963591058,0.24973401676186377,0.24989116657124014
0.2452842815470866,0.24516633642202298,0.2453081769619804,0.24530440314892732,0.24534948054975578,0.24538964532297014,0.24525430558337086,0.2453577201856536,0.24528105454163263,0.2454239893825798,0.24531880396880215,0.2500000000000002,0.2367181034526525,0.23773965470380354,0.23665316880273177,0.2425831293353505,0.23874495322259448,0.24041154441614265,0.24168537634723133,0.24491037644855335,0.24494356102701556,0.2353073230018653,0.21438034058472225,0.2206736145988952,0.22102430195690442,0.22718823771533947,0.2123553392491394,0.22579060773742696,0.2275989594759475,0.24463020938286312,0.2449572780314817,0.23100077253465937,0.2163730628547861,0.21750751618459424,0.22332955583374364,0.22788416616849466,0.21900007379904812,0.23059870471063426,0.2296304742393697,0.24505566858146083,0.24535446972163846,0.23906711444020876,0.2328698284233846,0.23433493436825784,0.23316714761567947,0.24313094094202575,0.23847464355192907,0.24427207115005492,0.24343133953543483,0.24511705119331817,0.24525349027734747,0.2452055110407949,0.24523692935944114,0.2453970953437409,0.2453448710103589,0.24539360575543473,0.2453361085566594,0.24528669317138774,0.24526845341941014,0.24542278556654745
0.24114697432962134,0.2410309319242076,0.241170624551573,0.241166671166461,0.2412110708673049,0.24125048801453472,0.24111675408780656,0.2412190660452282,0.2411456451200676,0.241284245266406,0.2411814412207056,0.2367181034526525,0.2500000000000001,0.23351533230345753,0.23223398204550424,0.238313486960393,0.23466523550784238,0.23623957676849658,0.23767057314067924,0.24077702933196832,0.2408124755892089,0.23141294412676355,0.2107073760940066,0.2166926047598181,0.21748472368674765,0.2225788321924258,0.20900430533650344,0.22185431741012923,0.22362604403070366,0.24050121839358657,0.24082588861952342,0.22693100421709675,0.21269589617558807,0.21386844511573894,0.21932736606870806,0.2242855551482155,0.21505338006265173,0.2266916326469232,0.2258430054939016,0.24092441599615994,0.2412163825823409,0.2350897568938197,0.22880122413582507,0.230352335777341,0.22921453437081696,0.2390651684597949,0.23451961260483892,0.24015193501648363,0.2393449197155409,0.24098361422474762,0.2411165060607236,0.24106945582375572,0.24110139658920351,0.24125780394234284,0.24120620618648916,0.24125437313232048,0.24119792083452132,0.24114926410316592,0.2411312662478772,0.24128306092964136
0.24208601225655496,0.2419696519492708,0.24211010574884054,0.24210593951749654,0.242150919356083,0.24219004710330871,0.24205152772658683,0.2421585167977819,0.24208192098648992,0.24222394713346448,0.242120482733243,0.23773965470380354,0.23351533230345753,0.2500000000000002,0.23315100699025437,0.23927675300875514,0.23549623882682813,0.2375094213172093,0.23854666237004377,0.24171002351067025,0.24174840081662333,0.2321998997556039,0.2110401416284427,0.21690266261417204,0.21747977314218528,0.22426788082070198,0.21104251529538182,0.22378444371362943,0.22502815606203488,0.2414283480249476,0.24176043746543519,0.22791061581558963,0.21320001198348992,0.2145752150478797,0.2203012790500509,0.22518073319957307,0.2166179647462986,0.22773961083186722,0.22704928091332044,0.24186262891433766,0.2421556616396738,0.23595574503820574,0.229770401471609,0.23112235639884038,0.23021199747756155,0.23997175334428783,0.23547483629556074,0.24110294428699064,0.24028936330295642,0.24192166738419307,0.24205555662822456,0.24200831935937792,0.24204014333175777,0.24219740206366855,0.2421455709907414,0.24219395791115259,0.24213728440217552,0.2420884395538794,0.24207039998717225,0.24222275746317629
0.24078330548518817,0.2406675811946135,0.24080773872455977,0.2408031391064567,0.24084814793262946,0.24088679457238119,0.24075070108138377,0.24085541755326936,0.2407792195872397,0.24092050999843706,0.2408179175419875,0.23665316880273177,0.23223398204550424,0.23315100699025437,0.25000000000000006,0.23776829094541913,0.23400759156895445,0.23589882731537765,0.2370455841231786,0.24041509964265298,0.24044984905249814,0.23105566563575713,0.21073398895662074,0.21639097530406154,0.21663467388923602,0.22216499807213252,0.20811184742747027,0.22143906204541083,0.2232183658011013,0.24014549029799903,0.24046515269394186,0.22674209639565024,0.21257133575637513,0.21376137353742666,0.2188883870237334,0.22388069744540137,0.21485014282976223,0.22633013267617888,0.22551704856998744,0.24056154429100754,0.24085276788593535,0.23477807035104112,0.22853766055564423,0.23009219399805564,0.22887991764558818,0.23870658626142613,0.23415230582449417,0.2397953859203678,0.2389803664460006,0.240620562355002,0.24075304523075663,0.24070604343684898,0.24073782944750835,0.2408941087446018,0.24084271258849446,0.24089068313063508,0.24083430542779424,0.24078573254150118,0.24076780359615363,0.24091932766953825
0.24669590971101224,0.2465773350941791,0.2467214662647058,0.24671621795109153,0.24676279554975097,0.24680193027949432,0.24666306816339686,0.2467698067837169,0.24669312967523707,0.24683647464062655,0.24673193758402784,0.2425831293353505,0.238313486960393,0.23927675300875514,0.23776829094541913,0.25000000000000006,0.23981301643558445,0.24178570003811856,0.24322948525725102,0.24631884914947555,0.24635623799550582,0.23721953116674804,0.21671141558416576,0.2221382624880008,0.2216783633073414,0.2276658116474478,0.21292368129636088,0.2267292300517297,0.22885182966647258,0.24603821934328995,0.246368229633207,0.2324107679637877,0.21807739687780853,0.2188933241754875,0.22421038661279172,0.22923716273923958,0.22006972915429954,0.2319237149912246,0.23098075564256762,0.24646692111282237,0.2467667595385241,0.24048071892040834,0.23419549053310254,0.2357156913708083,0.23452207241044482,0.24454456449127115,0.23986869942255984,0.24567717138046125,0.24484059656859547,0.2465284081156525,0.24666494643911113,0.24661673968911096,0.24664879255097114,0.2468094247544725,0.24675680500321306,0.24680591504958269,0.24674811009910608,0.24669838721704393,0.246680007724321,0.24683526286265028
0.24282845069763537,0.24271165902923025,0.24285209274584973,0.24284835015887019,0.242893429508872,0.24293272566682464,0.242796169042629,0.24290112865773447,0.24282493414230824,0.24296672899797042,0.24286261001028664,0.23874495322259448,0.23466523550784238,0.23549623882682813,0.23400759156895445,0.23981301643558445,0.25000000000000006,0.2377599677260394,0.23921730325301005,0.24245918364054173,0.24249379530816134,0.23333912040790614,0.21270218390040307,0.21839064849582066,0.2185602131172707,0.22404146878425255,0.21058886184610273,0.22345623231202483,0.22535878595134531,0.24218476999969965,0.24250599098131803,0.22876343459678894,0.21479202422099575,0.21551254275376575,0.22095030914791244,0.22576317955400946,0.21694696037940212,0.22836366284147297,0.2275061902785365,0.2426037455471345,0.24289811371269654,0.2367867060875384,0.2305384413764982,0.23207323075217062,0.23084049779042146,0.24071579867178636,0.23613405180102284,0.2418385119711921,0.24100704156105043,0.2426634017565951,0.24279789193974188,0.24275043753090955,0.24278193059814135,0.24294010241253647,0.24288829717882535,0.24293664774212811,0.24287975208802537,0.24283080567781926,0.24281274821719268,0.24296553547344615
0.24462038117551616,0.24450279652727067,0.2446454737599571,0.2446405116988053,0.24468693054563706,0.244725497889705,0.2445870708100123,0.2446936562101577,0.24461720639944584,0.24475975310445122,0.2446557228552829,0.24041154441614265,0.23623957676849658,0.2375094213172093,0.23589882731537765,0.24178570003811856,0.2377599677260394,0.2500000000000002,0.2408502267885023,0.2442439381716569,0.2442810300365751,0.23491532995184838,0.21469322657052442,0.22020077786959083,0.22041296301838545,0.22571612816635048,0.21122705403439448,0.2246105336521539,0.22694374137711815,0.2439700976332771,0.24429467545362982,0.23058393308570133,0.21639938590817515,0.21739626059836278,0.2227309561991821,0.2272521853076711,0.2182902512977423,0.22995655144892146,0.22895537880285377,0.24439160459143497,0.24469031045960538,0.2384600518255678,0.23232564362144026,0.2338628643650119,0.23254780422653965,0.24246926510549785,0.23781437963196328,0.24360671747698764,0.24276553413478555,0.24445336851869562,0.244589757165018,0.24454186407681405,0.24457291996400243,0.24473293073761704,0.24468087316768566,0.24472945060472037,0.24467209420453667,0.2446228272834495,0.24460463323445503,0.24475855134578603
0.24592142190130342,0.24580317531934964,0.24594574949332215,0.2459416064588244,0.24598722619727928,0.2460270603279525,0.24588817537596755,0.24599506873266955,0.2459181465411123,0.24606149651422426,0.24595653467892664,0.24168537634723133,0.23767057314067924,0.23854666237004377,0.2370455841231786,0.24322948525725102,0.23921730325301005,0.2408502267885023,0.2500000000000001,0.24554514594623061,0.24558160630981007,0.23621202743014746,0.21531681156351443,0.22109751286710555,0.221262692967155,0.22698660323292746,0.21269584646228148,0.22615937644532225,0.2281013267689579,0.245270937982812,0.2455955477031305,0.2316526202698629,0.21732656019183494,0.2182831767249489,0.22366728604484856,0.22855334557258122,0.21960369145725517,0.23119376758705001,0.23033552716682262,0.24569373998194569,0.24599202845817153,0.2397813844226547,0.23346469145386778,0.23503751927029737,0.23376497161363613,0.24378388484471564,0.2391295500444116,0.24491474114424353,0.24407198545399658,0.24575433071026992,0.24589051674910398,0.24584245111063896,0.24587434918406265,0.24603453161258007,0.24598211267640896,0.24603103293415085,0.24597342457902335,0.2459238427156428,0.24590556117741502,0.24606028862059076
0.249334319312221,0.2492144631048782,0.24935971384138295,0.24935482042501936,0.2494011792682943,0.24944146119434152,0.24930158956874077,0.24940901248107408,0.24933183786014218,0.24947637388846097,0.24937051913968622,0.24491037644855335,0.24077702933196832,0.24171002351067025,0.24041509964265298,0.24631884914947555,0.24245918364054173,0.2442439381716569,0.24554514594623061,0.25,0.24899100062187707,0.23935940463476413,0.2180904987480939,0.22415750806175622,0.22405464768689887,0.2302496350215888,0.21528905839034282,0.2292720380861415,0.23114715561670804,0.24867393905405083,0.24900414803016083,0.23481436698557623,0.22009717214184688,0.22126108205237172,0.22664371819704232,0.23172225889508025,0.22247256151968903,0.23436451406444456,0.2334408377818894,0.24910368834975177,0.24940600293435192,0.24308237567790947,0.23668909896886767,0.2382413210573398,0.23700836676759482,0.24716611846672598,0.2424368173749094,0.2483076846447839,0.24745946983722292,0.24916528184207046,0.24930300587535245,0.2492542891669194,0.2492867735654889,0.2494490352381763,0.24939590310799664,0.24944548800561286,0.24938707034604984,0.2493368102080889,0.24931826193380155,0.24947514972959864
0.24937001717330093,0.24925014527325917,0.24939546759798262,0.24939052332651526,0.24943694246201473,0.24947717606962758,0.24933725411977073,0.2494447210967832,0.2493675370656761,0.2495120937364045,0.24940625742153325,0.24494356102701556,0.2408124755892089,0.24174840081662333,0.24044984905249814,0.24635623799550582,0.24249379530816134,0.2442810300365751,0.24558160630981007,0.24899100062187707,0.25000000000000006,0.23937877960562848,0.21813421617761625,0.2241974164157706,0.22412736538434025,0.2302742331081497,0.21537461745021544,0.22933639328036182,0.23118758009265677,0.2487095117909923,0.24903985633158926,0.23484701878473918,0.2201462850406715,0.22130722781289647,0.22668460692873624,0.2317757184941786,0.22251481483695826,0.23440400783579815,0.2334907229345331,0.24913950047672073,0.24944174064792493,0.24312357428362918,0.23671972062616545,0.23827852352932952,0.23704316946289022,0.24720389326552453,0.2424763530056996,0.24834409031849503,0.24749619966598368,0.2492010204000836,0.2493386951490098,0.24928997739826397,0.24932252141824207,0.24948475115584948,0.2494315997041174,0.24948120341193136,0.24942278114417515,0.24937251006403968,0.24935395754979392,0.24951086939293454
0.23972531129441793,0.23961008651096138,0.2397499792711533,0.23974504405097458,0.239790018221068,0.23982834278583315,0.23969174814150931,0.23979709187048834,0.2397222743800854,0.23986190733022583,0.23976018820833306,0.2353073230018653,0.23141294412676355,0.2321998997556039,0.23105566563575713,0.23721953116674804,0.23333912040790614,0.23491532995184838,0.23621202743014746,0.23935940463476413,0.23937877960562848,0.25000000000000006,0.20845394410832788,0.2151807876667603,0.2168566070621162,0.2217826787188071,0.2094422400522812,0.22116600737707012,0.22269993668163393,0.23907279606667492,0.23940256894680742,0.22546765217513406,0.2110979424144917,0.21246818700521047,0.2185409551716166,0.22323716251627324,0.2141410904377603,0.22552523284728562,0.22473589370789473,0.23950432226860577,0.23979453962741476,0.2336893605176056,0.22741433130851066,0.22891012918135364,0.22788833946210554,0.2376651528289915,0.23318176354784567,0.2387429262335967,0.23794500962371976,0.2395630618437172,0.23969512000918206,0.2396483860075577,0.23968041725871547,0.23983562224598237,0.23978417267102398,0.23983221162787738,0.23977611033011026,0.23972772223474254,0.2397097958575724,0.23986073034762445
0.2184467678970682,0.21834184451332997,0.2184695769394203,0.21846487672679202,0.2185069566171168,0.21854072217110687,0.21840989724606483,0.21851216210600216,0.2184425331810787,0.2185713134281423,0.21847792517202871,0.21438034058472225,0.2107073760940066,0.2110401416284427,0.21073398895662074,0.21671141558416576,0.21270218390040307,0.21469322657052442,0.21531681156351443,0.2180904987480939,0.21813421617761625,0.20845394410832788,0.24999999999999992,0.19323079426983492,0.19641503366534577,0.2052992951700834,0.1953848186334106,0.20578854651772108,0.20497495415701256,0.21780783824764807,0.2181313625669025,0.20511853084831463,0.18916611619230675,0.19226507932406203,0.20033304096152948,0.2033723563259114,0.19951021889353004,0.20596634967485591,0.206437797490848,0.21824197674986676,0.21850902081939985,0.2126748301311627,0.20715845530611415,0.20818359756163782,0.20784507346658615,0.21648390440939616,0.21279899594957444,0.21760351474768547,0.2168598444771107,0.2182932343726449,0.21841932554655816,0.21837675085321875,0.21840542424371476,0.21854735887551396,0.2185000799635219,0.21854425077798048,0.21849355477915475,0.21844903630840184,0.21843284354705503,0.21857023836928138
0.2245144555170048,0.2244065747140675,0.22453768771757687,0.22453300543937266,0.22457659576392067,0.2246109705627693,0.2244786432623727,0.2245816699520657,0.2245098556380566,0.22464241227460333,0.22454652563722252,0.2206736145988952,0.2166926047598181,0.21690266261417204,0.21639097530406154,0.2221382624880008,0.21839064849582066,0.22020077786959083,0.22109751286710555,0.22415750806175622,0.2241974164157706,0.2151807876667603,0.19323079426983492,0.24999999999999997,0.1991918346888607,0.2065524795299571,0.2005691956583795,0.20856706503670208,0.21019033286270813,0.22388028845596974,0.22421523619624106,0.21111281140906166,0.19672536130389387,0.19931798415812071,0.20412787866253318,0.21041234938719003,0.20105981126412742,0.21234669788660374,0.21110980842626645,0.2243067533819766,0.22457970304436556,0.21878799383292402,0.21300502152374762,0.21423320119115327,0.21350150137662255,0.22268461742110662,0.21841797009616112,0.22362688022865462,0.22287925547320311,0.2243644700194968,0.2244860806573174,0.22444243888529275,0.2244735600740035,0.224617792923344,0.22456926091697343,0.22461459868934547,0.224561925253014,0.22451673923212057,0.22449973297206796,0.22464130783835584
0.2244066703461978,0.2242988277442252,0.22443453076091147,0.22442518776364617,0.22447435106543512,0.22450314977038963,0.22437319877172718,0.22447379546189705,0.22440377297071962,0.22453456526835575,0.22444146365144793,0.22102430195690442,0.21748472368674765,0.21747977314218528,0.21663467388923602,0.2216783633073414,0.2185602131172707,0.22041296301838545,0.221262692967155,0.22405464768689887,0.22412736538434025,0.2168566070621162,0.19641503366534577,0.1991918346888607,0.2500000000000003,0.20533636602266925,0.1962159804305206,0.2086912871050334,0.2114950665735191,0.22376285757809972,0.224089848082904,0.21186770537727737,0.19995336870458033,0.19807784839697662,0.20172414237791367,0.20824771492205174,0.2030491756000912,0.21213396348982033,0.21281094678895288,0.22419877086049184,0.2244709122254223,0.21886843240916565,0.2128417775729683,0.2142851605190494,0.21346019013669737,0.22248659070607196,0.2186097465789342,0.2235823349549046,0.222783836713323,0.22425088463263032,0.22437843967231721,0.22433469488712418,0.22436429614239786,0.22450995928355985,0.22446129100709916,0.224506766421162,0.22445456730866284,0.2244089540856668,0.22439227003312248,0.22453346288734932
0.23060338862845922,0.2304925563736373,0.23062670280020944,0.2306224026969376,0.23066703806583055,0.23070247648087475,0.23056690171473868,0.2306724721252817,0.23059786458968987,0.23073477954102345,0.23063613029457897,0.22718823771533947,0.2225788321924258,0.22426788082070198,0.22216499807213252,0.2276658116474478,0.22404146878425255,0.22571612816635048,0.22698660323292746,0.2302496350215888,0.2302742331081497,0.2217826787188071,0.2052992951700834,0.2065524795299571,0.20533636602266925,0.25000000000000006,0.19653122400036088,0.21177255029912878,0.21399075808548768,0.22997776422385793,0.23030394453384495,0.21810524730991943,0.20482220173902768,0.20614175273992344,0.20905648526631052,0.21474079416580474,0.20494296069662463,0.21672070419077502,0.21576806753865638,0.2303859096220387,0.23066914525434173,0.22473113613754378,0.21899422219167766,0.22064722506029902,0.2192812476161631,0.22859476848957247,0.22420169325727787,0.22961987210210175,0.2288643198655965,0.2304451201051935,0.23057450498651705,0.2305293717771216,0.23055869201220375,0.2307094909330557,0.23066019811507765,0.23070621022572835,0.2306521355959141,0.2306056965696906,0.23058842720433828,0.23073364350952166
0.21563683391182245,0.21553328355820858,0.21566624377459712,0.21565475134750708,0.21570577579928965,0.2157296252859376,0.21560165939773257,0.21570132405059586,0.21563306766963541,0.21575981442400774,0.21567142193291536,0.2123553392491394,0.20900430533650344,0.21104251529538182,0.20811184742747027,0.21292368129636088,0.21058886184610273,0.21122705403439448,0.21269584646228148,0.21528905839034282,0.21537461745021544,0.2094422400522812,0.1953848186334106,0.2005691956583795,0.1962159804305206,0.19653122400036088,0.25,0.19554456882805496,0.198454308801832,0.2149914934168436,0.21532128696654737,0.2041626113913689,0.19568651987335947,0.19330597802220642,0.19898970929941215,0.1995719130620883,0.18874899548471655,0.20196890980490173,0.20056650909245322,0.2154373293801292,0.2156994734606059,0.21050679303229664,0.2046868046193774,0.20643034105467575,0.20533107241492538,0.21353119166440743,0.2096682484891612,0.21462766500956815,0.21403414548239327,0.2154911013603392,0.21560953647741912,0.21556775446753562,0.2155982534624403,0.21573616859449207,0.21568956866861652,0.21573310056168418,0.21568259359182504,0.21563911081460105,0.2156228578374924,0.21575875384613658
0.2296346302554018,0.229524299303026,0.22966010302024922,0.2296536118947987,0.22969967874976746,0.22973336268948497,0.2295991418851629,0.229703384207348,0.22963074048929696,0.22976551953256286,0.2296687535617366,0.22579060773742696,0.22185431741012923,0.22378444371362943,0.22143906204541083,0.2267292300517297,0.22345623231202483,0.2246105336521539,0.22615937644532225,0.2292720380861415,0.22933639328036182,0.22116600737707012,0.20578854651772108,0.20856706503670208,0.2086912871050334,0.21177255029912878,0.19554456882805496,0.24999999999999997,0.21143519309424066,0.22899190643173198,0.22932174020401755,0.2170399497055703,0.20513731329742635,0.2061036782808327,0.21047357361600932,0.21299941304475833,0.20424825183694637,0.21483777967129689,0.21471212841833873,0.22942351366840863,0.229700893726397,0.22401804996957397,0.21789604220332207,0.21996283673933067,0.2184520075440788,0.22757346358283315,0.22348298869225777,0.22864504879820072,0.227928139400925,0.2294768682515934,0.22960573656208205,0.22956099080834788,0.22959178798422247,0.22974033881703573,0.22969090635640563,0.22973707160260237,0.22968366239853524,0.22963698068824345,0.22961991505823692,0.22976439015519307
0.23150287896797186,0.23139156920366954,0.23152617566958794,0.23152189129985087,0.23156620898128794,0.23160232911847037,0.2314693353737906,0.23157218101988533,0.23149901074191684,0.23163474578562993,0.23153544073689108,0.2275989594759475,0.22362604403070366,0.22502815606203488,0.2232183658011013,0.22885182966647258,0.22535878595134531,0.22694374137711815,0.2281013267689579,0.23114715561670804,0.23118758009265677,0.22269993668163393,0.20497495415701256,0.21019033286270813,0.2114950665735191,0.21399075808548768,0.198454308801832,0.21143519309424066,0.24999999999999978,0.23084768433777803,0.23118644408343916,0.21874145477778842,0.20693218374802871,0.20660825062365554,0.21320521359829714,0.21489665453431883,0.20570032435286828,0.21744640230490556,0.21573666592372132,0.23128330094521052,0.23156885237442484,0.22575863375410218,0.21976240655299306,0.22171039132455825,0.22013877610448382,0.22938204537123452,0.2250104223247054,0.230490134787951,0.22974524243005637,0.23134357182902196,0.23147375092056532,0.23142854666901236,0.23145852882589624,0.23160936157221912,0.2315597212212772,0.2316060679421307,0.23155180553958407,0.23150516224546894,0.23148779772259334,0.23163360823554127
0.2490525050065973,0.2489327843601146,0.24907785053910408,0.24907298312668089,0.24911926686453545,0.24915952583787135,0.24901976333686152,0.2491271135948367,0.24905001603339375,0.24919439909388902,0.2490886442975248,0.24463020938286312,0.24050121839358657,0.2414283480249476,0.24014549029799903,0.24603821934328995,0.24218476999969965,0.2439700976332771,0.245270937982812,0.24867393905405083,0.2487095117909923,0.23907279606667492,0.21780783824764807,0.22388028845596974,0.22376285757809972,0.22997776422385793,0.2149914934168436,0.22899190643173198,0.23084768433777803,0.2500000000000001,0.2487226861296977,0.23454564200650593,0.21982743584435743,0.2209971823998367,0.2263658476793844,0.2314496550610327,0.22218909277191345,0.23409429620249414,0.2331558840626313,0.24882199743077416,0.24912408822157672,0.2427999484947006,0.23642075127440118,0.23796465354242974,0.23673949664625535,0.2468847030500128,0.24215851151841947,0.24802585149559686,0.24717887813431894,0.24888361063158257,0.2490212313097687,0.2489725651079003,0.24900496792259177,0.24916709133578854,0.2491140247943878,0.2491635481176611,0.2491051903194037,0.24905499314689356,0.2490364647051825,0.2491931763078575
0.24938320509354972,0.24926332662594722,0.24940864318055314,0.2494037120665585,0.2494501140765816,0.2494903693404339,0.24935046044299883,0.24945791317007904,0.2493807348150927,0.24952528888353007,0.24941943728821242,0.2449572780314817,0.24082588861952342,0.24176043746543519,0.24046515269394186,0.246368229633207,0.24250599098131803,0.24429467545362982,0.2455955477031305,0.24900414803016083,0.24903985633158926,0.23940256894680742,0.2181313625669025,0.22421523619624106,0.224089848082904,0.23030394453384495,0.21532128696654737,0.22932174020401755,0.23118644408343916,0.2487226861296977,0.2500000000000003,0.2348515224150244,0.2201262311903828,0.22129441559235527,0.22668392730599563,0.23175947245335188,0.2225188753371851,0.23440307200548177,0.2334864154671609,0.24915255857186308,0.24945490553279473,0.24312825243122851,0.23673345883996377,0.2382819790480625,0.23705670413448943,0.2472132789406379,0.24248581324944513,0.2483561200220091,0.24750832421520533,0.24921412473389462,0.2493518849327694,0.249303160726759,0.24933566152760983,0.24949794486171076,0.24944479854282195,0.24949439693129832,0.24943597132579706,0.2493856978305031,0.24936714636285148,0.24952406447633324
0.23517526489913987,0.23506221631221927,0.2351983811202376,0.23519461132279015,0.235238053209351,0.23527631792965728,0.23514177058854763,0.2352457025688633,0.23517176232063414,0.23530925075032408,0.23520842691073127,0.23100077253465937,0.22693100421709675,0.22791061581558963,0.22674209639565024,0.2324107679637877,0.22876343459678894,0.23058393308570133,0.2316526202698629,0.23481436698557623,0.23484701878473918,0.22546765217513406,0.20511853084831463,0.21111281140906166,0.21186770537727737,0.21810524730991943,0.2041626113913689,0.2170399497055703,0.21874145477778842,0.23454564200650593,0.2348515224150244,0.25000000000000006,0.205933433094181,0.20815924774173086,0.2149828357482185,0.2185885934999834,0.21200429184675168,0.22152063964941762,0.22095020749547986,0.23495350589448266,0.2352420000814113,0.22896607337500127,0.22331645259795885,0.22463430896987946,0.22359767714234707,0.2331053194702204,0.22879763363571098,0.2342556191067739,0.23340845271861319,0.2350117670120777,0.23514584583313286,0.23509977877796812,0.23512921110433962,0.2352834637598187,0.2352332534143727,0.23528011788886385,0.23522519289034502,0.23517761151086602,0.23516020983769542,0.23530809508431427
0.22044459616306888,0.220338581727108,0.22046484592958823,0.22046266187263983,0.22050230123869957,0.22053927786059593,0.22040966409245566,0.22051055489214438,0.22044014913505866,0.22057014313301904,0.22047417572695382,0.2163730628547861,0.21269589617558807,0.21320001198348992,0.21257133575637513,0.21807739687780853,0.21479202422099575,0.21639938590817515,0.21732656019183494,0.22009717214184688,0.2201462850406715,0.2110979424144917,0.18916611619230675,0.19672536130389387,0.19995336870458033,0.20482220173902768,0.19568651987335947,0.20513731329742635,0.20693218374802871,0.21982743584435743,0.2201262311903828,0.205933433094181,0.2500000000000001,0.1923205636627844,0.20001373241321246,0.2065607113954574,0.20006527029934026,0.2098414499303042,0.20831014416659233,0.22023072810282396,0.22050691931643038,0.21466531668036415,0.20921316353064726,0.2099578671576143,0.20943197551795154,0.21867540006651612,0.2143724733961225,0.21966876172703328,0.21878474902716363,0.22029269857965156,0.22041698472526947,0.22037379381010178,0.22040142266906027,0.2205459722882088,0.22049853958707222,0.22054283596571764,0.22049103220411959,0.22044674964370367,0.220430135581284,0.2205690600957551
