x1,x2,x3,x4,x5,x6,x7,x8,x9,x10,x11,x12,x13,x14,x15,x16,x17,x18,x19,x20,x21,x22,x23,x24,x25,x26,x27,x28,x29,x30,x31,x32,x33,x34,x35,x36,x37,x38,x39,x40,x41,x42,x43,x44,x45,x46,x47,x48,x49,x50,x51,x52,x53,x54,x55,x56,x57,x58,x59,x60
0.25000000000000006,0.0323984541313101,-0.0439161962422431,0.15053843230176206,0.12022135998856659,0.19075425255510936,-0.07417864220933278,0.0628909104871663,0.23913805962230678,0.1684674227536686,0.24219645165340017,-0.2418567016026076,0.24303288347171645,-0.239659120512315,0.23716603615114,-0.24047502326114298,0.24260708355588995,-0.2413645112339992,0.24168943587583425,-0.24382233382383392,-0.0033629392564858158,-0.0012988626869705122,-0.019072644915691404,0.009448608324305437,-0.06149808915335442,0.06103907165894452,-0.12455455311017388,0.12407725498193081,-0.23978970260961988,0.23841979154034135,0.0017635735758631107,-0.010026663209020877,-0.012503666049096316,-0.01723828930432712,-0.03536309543181627,0.034725806912289124,-0.11988454056754964,0.11964166230073336,-0.24312397030371433,0.24306644910163294,0.2428087552811871,-0.24312842144839591,0.2422549389196384,-0.2355722654336946,0.2319948738764181,-0.2396304970166804,0.24365706582851382,-0.24241414580573994,0.24234472081564187,-0.2439205952918816,0.24220791959153037,0.08055259308877469,-0.0894027689105261,0.1825532471454329,0.14413550118492796,0.19724122501763985,-0.10193742587054996,0.08724919775254719,0.24297471530619066,0.17380660097482267
0.0323984541313101,0.24999999999999994,-0.23796531301122487,0.10097575383978596,0.15721980376366537,0.02491951962702591,-0.15009243203231915,0.14573109980738952,0.036042683569324725,0.04552193463737319,0.03134442225700532,-0.031845040456889795,0.03391594636659247,-0.03095924565842446,0.029099438826112024,-0.032335645469292365,0.03446133499814419,-0.034427873774454915,0.034075809137249925,-0.03335371406166279,-0.0008754700650183922,0.0002703635719916703,-0.0028943212918574423,0.0015659493758441716,-0.008533822190940501,0.008471401185159553,-0.017393994364557915,0.017330498009041847,-0.03267330767735677,0.03248602912388467,0.0006547281820040055,-0.0017167774274437486,-0.0013547048895738948,-0.0026254215591871356,-0.0046141922762495,0.004530062485278184,-0.016219383826289124,0.016186977378367374,-0.03311042932353416,0.033102617224095555,0.03306714945143921,-0.03311059454782375,0.03299126834662607,-0.03207214027135685,0.031580888098126134,-0.032630622831234,0.033183750990533056,-0.03301301985421558,0.033003604097024526,-0.033219579303629385,0.03298644030323125,0.010968631346630757,-0.012174086783483579,0.0248614873501633,0.01962858814007165,0.02686289325015148,-0.013882161552187385,0.011881791228467978,0.03309077503782282,0.023670882660784227
-0.0439161962422431,-0.23796531301122487,0.24999999999999994,-0.10754909967430985,-0.16659802069735288,-0.02366071370621678,0.15319375260867735,-0.14854478385115252,-0.041573776780079806,-0.04976955395003911,-0.03684879387390822,0.03736887184279688,-0.039429182934200835,0.03640987863380515,-0.03442867744391121,0.03780896850368149,-0.04005967387134521,0.04000767547414333,-0.03964488057565166,0.03892414078317147,0.0009518562977397797,-0.00024358684255752414,0.0033158864883445997,-0.0017677665926469936,0.009903231706334758,-0.009830337279222478,0.02021495881490293,-0.020140722680397998,0.03814478724404954,-0.037926399271651444,-0.0006945979282491629,0.0019382918766096189,0.0016442955512382923,0.0030029137909977867,0.005435802355886855,-0.005337463913678069,0.01896489382805638,-0.018926915876054454,0.0386582617622461,-0.038649135543834576,-0.038607743889602864,0.03865848339429389,-0.03851931032516024,0.03744794161356191,-0.03687523734435213,0.03809892239429331,-0.03874367119109916,0.03854470000110677,-0.03853369685891555,0.03878551755943183,-0.03851329822401165,-0.012806843848476086,0.014214243590095009,-0.029027139205736494,-0.022917640787963496,-0.03136364587415586,0.01620828864162496,-0.013872750414482679,-0.03863512888759723,-0.027636908069660432
0.15053843230176206,0.10097575383978596,-0.10754909967430985,0.25,0.024370954521281785,0.14195616738367559,-0.019473093950737333,0.02230358815244119,0.14614782006075905,0.10018865342068112,0.14885091274636694,-0.14874400650173017,0.14978334878143454,-0.1477270952268277,0.1464720373418088,-0.14841695075278774,0.14933815279896753,-0.14846609705019195,0.14880377468271105,-0.1505401930214442,-0.002618058061280351,-0.00026354859417305755,-0.012336174208531952,0.0063712049813030415,-0.03829984713409773,0.03801546429855879,-0.07706628280637434,0.07677159951926452,-0.1481085698210259,0.14726227336084147,0.0016266666966067843,-0.006737065161420169,-0.007220140283587368,-0.01102710254385014,-0.021574276923737506,0.02118124631248026,-0.0739026930399478,0.07375293559550902,-0.15016000006790553,0.1501245015747633,0.1499645156845633,-0.1501618157455001,0.14962210324471936,-0.14548203551353103,0.14326705260629796,-0.14799684166560065,0.1504901608617372,-0.1497206065038194,0.14967777856063189,-0.15065284233483586,0.1495952032846337,0.04974943112318879,-0.05521577918205926,0.1127499194957736,0.08902093479276893,0.12182303172711417,-0.06295884260236301,0.05388696839387137,0.15006865925947827,0.10734848440964606
0.12022135998856659,0.15721980376366537,-0.16659802069735288,0.024370954521281785,0.2500000000000002,0.07007813252031203,-0.20266607087032112,0.18605272780543056,0.12320734960047226,0.11003341654975209,0.11872480192449635,-0.11925994079238833,0.12139624870987818,-0.11698648132645631,0.11387556116966388,-0.11858869858084699,0.121941690299957,-0.1215769846548665,0.12120967302392992,-0.12083770740879271,-0.0013654306144546629,-0.0009122944339434381,-0.009019912707682059,0.004268064389779195,-0.03010100819627526,0.02987499604053502,-0.06181837699587242,0.061583580485309486,-0.1186497439996854,0.11797173018585991,0.0005759080494471336,-0.004602956104941586,-0.0064961943051207865,-0.008261767338943144,-0.0176929287705131,0.017379499628265568,-0.05942773319453954,0.059307829915890654,-0.12029540315435862,0.12026692171832505,0.12013987158824138,-0.12029812032962442,0.11986622274678321,-0.11656783011783516,0.11480144988657442,-0.11857057322725918,0.12055844031252226,-0.11994488555832333,0.11991049656535716,-0.12068889254576376,0.11984138759943404,0.039858028956072676,-0.04423685115930867,0.09032549052385477,0.07131754762598601,0.09759197959305818,-0.05043797168441486,0.04317039687327079,0.12022086816613752,0.08599722115787266
0.19075425255510936,0.02491951962702591,-0.02366071370621678,0.14195616738367559,0.07007813252031203,0.25,-0.11721615370427102,0.10845081193718865,0.19316749320867252,0.14735876795709532,0.1937548437886928,-0.1936840384045102,0.19471432653772003,-0.19162008119334623,0.18946581730584267,-0.19248524569883863,0.19432329141018473,-0.193288173096152,0.19362854482576147,-0.195510377964391,-0.0024941828435304765,-0.0012652369875215405,-0.015186423197891036,0.007476772913022105,-0.049298708542719734,0.04893072640939666,-0.0999644627991207,0.09958094133491015,-0.1923052262272593,0.1912059070303272,0.0012130108416452674,-0.007887594113157835,-0.01018544296772508,-0.013713777545648802,-0.028437344167516615,0.02792424899488886,-0.09618244975716235,0.09598777714560164,-0.19497893768184518,0.19493279891841267,0.19472635213538703,-0.1949827574767873,0.1942823254619441,-0.1889269356290039,0.18605965647967393,-0.19217894249303075,0.19540621990377843,-0.19440997117247846,0.1943542796527091,-0.1956175865759779,0.1942440154822647,0.06460169251441451,-0.07169922518186841,0.14640284646174967,0.11559319366760817,0.15818177630813443,-0.0817512775026299,0.0699717165941853,0.19485901064358238,0.13938804108272632
-0.07417864220933278,-0.15009243203231915,0.15319375260867735,-0.019473093950737333,-0.20266607087032112,-0.11721615370427102,0.24999999999999986,-0.23283577692871024,-0.07857225014799121,-0.09010612195087656,-0.07178947539049806,0.07232451914573483,-0.0743620572739245,0.07019186404530563,-0.06737808123553657,0.07183690664996766,-0.07494551074917637,0.07479155224425416,-0.07443165218545003,0.07378620492206239,0.0005379965546531817,0.0008603351912318483,0.005251696247359925,-0.002363649746906337,0.018230895986971175,-0.018093540784183418,0.03788053820086401,-0.037737103654447116,0.07240167811623699,-0.0719871905522921,-5.825717110479603e-5,0.002537142322338289,0.004221650693593942,0.004843168491963196,0.010936997485799045,-0.010744579033134556,0.03633685352280423,-0.03626392029508377,0.07340356300264553,-0.0733861688358235,-0.0733090145616039,0.07340564488064294,-0.07314227234280496,0.07113617465875313,-0.07006122178302088,0.07235395906810042,-0.07356358010434222,0.07319019927856843,-0.07316918832375147,0.07364322413113389,-0.07312600194842199,-0.024322242948027244,0.026994051066293868,-0.05511607108677246,-0.04351814193875035,-0.05954928788924728,0.03077723862996172,-0.02634261879652356,-0.07335762899967226,-0.05247459260970473
0.0628909104871663,0.14573109980738952,-0.14854478385115252,0.02230358815244119,0.18605272780543056,0.10845081193718865,-0.23283577692871024,0.24999999999999956,0.061448931638439376,0.0773017974126441,0.06019688923130635,-0.060707266344349906,0.06267495706637102,-0.05862711986498779,0.0558823793422994,-0.06019029314051423,0.06323327076968623,-0.06310762757782071,0.06271345248733436,-0.062067845826327184,-0.00025681095342428164,-0.0009180323686479189,-0.004217658781569617,0.0017965453162219194,-0.015150199257197145,0.01503493067571219,-0.03179665528901526,0.03167617547283623,-0.06088068872097816,0.06053234442218634,-0.00014531070790397763,-0.001937658607653863,-0.0037304869769355826,-0.0038982163374113167,-0.009330686511597885,0.009168931781744343,-0.030632337997089542,0.03057092172360944,-0.06172527830986799,0.061710637320356775,0.061645866042365806,-0.06172716685086536,0.061506057140450196,-0.05982412725418245,0.05892259511328045,-0.06084506989365511,0.06185930052795204,-0.06154632864661396,0.06152863379098216,-0.06192631442491879,0.06149133185723185,0.020453624616022056,-0.022700254186598268,0.046347199694968026,0.03659501730512025,0.050074430007246006,-0.025880924412042882,0.022151852896274755,0.06168614932705773,0.044125607216249564
0.23913805962230678,0.036042683569324725,-0.041573776780079806,0.14614782006075905,0.12320734960047226,0.19316749320867252,-0.07857225014799121,0.061448931638439376,0.24999999999999958,0.17738563810602784,0.242995840859921,-0.24292298219893657,0.24405707571013233,-0.24068240237639948,0.23817302126204387,-0.2414991386535392,0.2436395680891157,-0.2423712013649212,0.24275356881240587,-0.24489823533211974,-0.0033255060378300314,-0.001356925096933146,-0.019105275052688723,0.009440628805693334,-0.061710433383731056,0.06124939009460437,-0.1250561659808977,0.12457676313038926,-0.24085031017396874,0.23947450332585707,0.0017193994036773233,-0.010019320225701005,-0.012606958342407269,-0.017261019847340606,-0.03556268648829819,0.03492262397044367,-0.12044114827665849,0.1201971198938668,-0.24420134059155713,0.24414355993328954,0.2438847147255093,-0.24420580831240404,0.24332860651319355,-0.23661773638301997,0.23302521264908033,-0.24069310999986795,0.24473661480157238,-0.24348851728161347,0.24341877591760439,-0.24500132522209353,0.24328104847073298,0.08090985793743567,-0.08979922180921494,0.18336217767606786,0.14477436334581897,0.1981150313102986,-0.1023892291527627,0.087635916845486,0.24405125162365293,0.17457665480385096
0.1684674227536686,0.04552193463737319,-0.04976955395003911,0.10018865342068112,0.11003341654975209,0.14735876795709532,-0.09010612195087656,0.0773017974126441,0.17738563810602784,0.2499999999999997,0.17071927318336197,-0.1707548568295232,0.17182640724809817,-0.16896733361866836,0.1667869608769991,-0.1696733484959272,0.17165863115615465,-0.1705254681444388,0.1707438785278463,-0.17234970316033335,-0.002367797021947552,-0.000915181328160241,-0.013427477560242977,0.006624719386093017,-0.043122024514848874,0.042797230372695776,-0.0876524804305193,0.087316000278618,-0.16947566606625655,0.16850923778038968,0.0012373142365866695,-0.007054137366457055,-0.008858727640644755,-0.011998621392246462,-0.025175543236082166,0.024727216664566135,-0.08485899320204815,0.08468679304262981,-0.17184512185237333,0.17180444543357729,0.17162153060221305,-0.17184746489533004,0.17123130062999276,-0.16651038041393493,0.16398391825372077,-0.16937800969212982,0.1722209440783425,-0.17134395160051294,0.1712948408617653,-0.17240726817686455,0.17119673910716068,0.056937392330924555,-0.06319279887971503,0.12903221619162816,0.10187842230816889,0.13941319561045235,-0.07205184095251087,0.061669917805201944,0.1717386962020584,0.12284942469171756
0.24219645165340017,0.03134442225700532,-0.03684879387390822,0.14885091274636694,0.11872480192449635,0.1937548437886928,-0.07178947539049806,0.06019688923130635,0.242995840859921,0.17071927318336197,0.24999999999999947,-0.24940655978509169,0.2471066340191443,-0.2436073351292353,0.24109519581905026,-0.2444241210528278,0.24656272174725943,-0.24529541011394723,0.24563340961566105,-0.24782307535642678,-0.005231205075718458,0.0005190803994399543,-0.021082013924142714,0.01122906102104731,-0.06373284067806818,0.06326432866285926,-0.12737278069100416,0.12688882849486804,-0.2437585724805752,0.24236464264382285,0.003593462559115161,-0.011931150833530524,-0.011078016764611781,-0.018924797522737645,-0.03490421301848055,0.03425994607146953,-0.12127733547655803,0.12103170578577288,-0.2471125095728125,0.24705415496011032,0.2467905355852917,-0.24711503087193867,0.24622511760392576,-0.23938956933598626,0.23573365172480026,-0.2435418702877489,0.2476582538754976,-0.24638731047086326,0.24631695002862256,-0.24792578933574638,0.24618549146490415,0.08186623916441026,-0.09086245356604745,0.18554847715445827,0.14649609514101936,0.2004828072286614,-0.1036077425723106,0.08867844856463893,0.24696445408482748,0.17666120918405762
-0.2418567016026076,-0.031845040456889795,0.03736887184279688,-0.14874400650173017,-0.11925994079238833,-0.1936840384045102,0.07232451914573483,-0.060707266344349906,-0.24292298219893657,-0.1707548568295232,-0.24940655978509169,0.24999999999999964,-0.24757055102614822,0.24353888149789282,-0.24102657432213714,0.24435574095510948,-0.24649442879707067,0.24522703716353159,-0.24556503934884216,0.2477548753143198,0.0055038618953231104,-0.0007953473778105365,0.02133746664582595,-0.011476608209604161,0.06390763236347406,-0.06343895836208087,0.12745743465419346,-0.1269737597318089,0.24369649844987734,-0.24230269302810697,-0.0038647526028772177,0.012193629376787222,0.01082719532671376,0.019134341459440173,0.03473523559231608,-0.03409156643786307,0.12115544090922664,-0.12091007035982845,0.24704399203720434,-0.24698567050006773,-0.24672186703093937,0.24704620932398974,-0.2461562182971201,0.23931598048382904,-0.23565804887599195,0.24347131146126086,-0.24759018610420075,0.24631842326139533,-0.24624811356215842,0.2478575987038094,-0.24611785520734134,-0.08184234318234174,0.09083619265834311,-0.18549709045698076,-0.14645486759893267,-0.20042810315769266,0.10357871078115491,-0.0886535408400113,-0.24689653950372836,-0.1766127251747881
0.24303288347171645,0.03391594636659247,-0.039429182934200835,0.14978334878143454,0.12139624870987818,0.19471432653772003,-0.0743620572739245,0.06267495706637102,0.24405707571013233,0.17182640724809817,0.2471066340191443,-0.24757055102614822,0.24999999999999942,-0.24529560732441294,0.24216777971274092,-0.2454913088136277,0.24762371147865334,-0.24635726949389836,0.24669492025418857,-0.24888436198711525,-0.004010694731173575,-0.0007524092140956361,-0.020055674711070517,0.010209751346609836,-0.06319657789291293,0.06272748523842676,-0.12740714345831738,0.12692003641485017,-0.2447795502228775,0.24338051423920598,0.0023743430903040838,-0.01081425870257942,-0.012230597052284851,-0.01804884415329615,-0.03576485581364328,0.03511463144807945,-0.1221904227435796,0.1219429334379647,-0.24817254249733123,0.2481138620377928,0.24785017867108644,-0.24817634559425322,0.24728412862255172,-0.24044866213773053,0.23679060441904412,-0.2446001327736661,0.2487179452619961,-0.24744678262539446,0.24737598091681967,-0.24898684526041648,0.24723876126624156,0.08222282018915186,-0.09125704760533915,0.18634416867347572,0.14712727131194775,0.20133886558627867,-0.10405358319969223,0.08906031590080948,0.2480213439830581,0.1774168027161371
-0.239659120512315,-0.03095924565842446,0.03640987863380515,-0.1477270952268277,-0.11698648132645631,-0.19162008119334623,0.07019186404530563,-0.05862711986498779,-0.24068240237639948,-0.16896733361866836,-0.2436073351292353,0.24353888149789282,-0.24529560732441294,0.24999999999999956,-0.24686055942667579,0.2421513666093602,-0.24428831441616172,0.24298625580373728,-0.24332426211128674,0.24551410521926556,0.00781378112571769,-0.0030361689703843737,0.023910629485046474,-0.014052767280350618,0.06655513880074654,-0.06608888909597915,0.12817592725117002,-0.12769218524237053,0.24154811032316303,-0.24015857616693426,-0.006174793797234815,0.014643248920898006,0.00844633489313959,0.021559357461655083,0.03234269183929043,-0.03169428116673644,0.11881824229302507,-0.11857785056249671,0.24480258641930203,-0.24474501416293612,-0.24448380978046946,0.24480468823402948,-0.24391562896264662,0.237069690042595,-0.23341042637279996,0.2412275776660321,-0.24535276740921894,0.24407652791102585,-0.24400727919345225,0.24561711403490935,-0.2438936972562727,-0.08108526343242783,0.08999896914809319,-0.1838156253696913,-0.14511929662873976,-0.19862130736949854,0.102635200226438,-0.0878452164988779,-0.24466487494401004,-0.1750174496982555
0.23716603615114,0.029099438826112024,-0.03442867744391121,0.1464720373418088,0.11387556116966388,0.18946581730584267,-0.06737808123553657,0.0558823793422994,0.23817302126204387,0.1667869608769991,0.24109519581905026,-0.24102657432213714,0.24216777971274092,-0.24686055942667579,0.24999999999999925,-0.24525379859021976,0.2417766671011968,-0.2404745205199023,0.24081239166601373,-0.2430018336107385,-0.010314103392976006,0.005536401409929361,-0.02640701484645472,0.016552730360650712,-0.06921804422889304,0.06875602735732783,-0.1289747406840306,0.12849278354705782,-0.23914710374004242,0.2377631758165151,0.008675275292143441,-0.017143217949934147,-0.005945432027611236,-0.024149364580278058,-0.02974566134134158,0.029097176521835785,-0.11624712669738657,0.11601225297002671,-0.24228979495979433,0.24223305424132255,0.24197534745429028,-0.24229239318548046,0.24140419924840795,-0.23455594100850907,0.23089683381235906,-0.23871387936882194,0.24284416284838325,-0.24156349193838875,0.2414954167691097,-0.24310509969087937,0.24139993518199118,0.08023695209228004,-0.08906073348666535,0.18193048644464724,0.14362221588515045,0.19659528679302152,-0.10157746324952702,0.08693904222601778,0.24216274199416224,0.17322876578683835
-0.24047502326114298,-0.032335645469292365,0.03780896850368149,-0.14841695075278774,-0.11858869858084699,-0.19248524569883863,0.07183690664996766,-0.06019029314051423,-0.2414991386535392,-0.1696733484959272,-0.2444241210528278,0.24435574095510948,-0.2454913088136277,0.2421513666093602,-0.24525379859021976,0.24999999999999947,-0.24652219244529522,0.24380321910867594,-0.24414112561156168,0.24633099509166917,0.006997217578721702,-0.0022192766963394063,0.02309473740226329,-0.013235875204438316,0.06658155557970116,-0.0661172764348686,0.12868232226977658,-0.12819611174966727,0.24235357013968178,-0.24095821781837704,-0.00535820774862916,0.013827117974360186,0.009263226935466084,0.021216724947080098,0.03268625970252908,-0.03203396261035463,0.11931072608041984,-0.11906951196039416,0.24561699026997014,-0.24555920194814804,-0.2452993968787719,0.24562157523876477,-0.2447285089722497,0.2378774733934537,-0.23421257278537125,0.24203661036902194,-0.24616859930547424,0.24488951188224561,-0.24481999374617197,0.2464338968174942,-0.2447044666912579,-0.08135702625783883,0.09030009207345464,-0.18442729968779698,-0.14560331513558739,-0.19928083392715906,0.10297703660401072,-0.08813786170545514,-0.24547846471361717,-0.17559921195930578
0.24260708355588995,0.03446133499814419,-0.04005967387134521,0.14933815279896753,0.121941690299957,0.19432329141018473,-0.07494551074917637,0.06323327076968623,0.2436395680891157,0.17165863115615465,0.24656272174725943,-0.24649442879707067,0.24762371147865334,-0.24428831441616172,0.2417766671011968,-0.24652219244529522,0.24999999999999933,-0.24696674521330755,0.2462784769707438,-0.2484683150187681,-0.004665399839468718,-0.00010908595794727094,-0.020753767805715827,0.010899506515761473,-0.06420862151130857,0.06374127201938064,-0.12830109831419872,0.12781300922994837,-0.24437349062117536,0.2429724297633459,0.0030275813450787435,-0.011490430075102679,-0.011582575077813724,-0.01887856513831915,-0.0349871026001173,0.03433468681010031,-0.12154502735271422,0.12129956691321231,-0.24775492043057395,0.24769641502094378,0.2474340124371204,-0.24775950420359927,0.24686570111981426,-0.2400213383431909,0.23635827484566452,-0.24417728404516065,0.24830268022963733,-0.24702799414741178,0.2469574605028147,-0.24857090670835033,0.24682588582487902,0.08207949180567373,-0.09109898081017023,0.18603120359769962,0.14687744288385388,0.20100411191451723,-0.10387714194067663,0.08890902220783821,0.24760706056783233,0.17712080185348814
-0.2413645112339992,-0.034427873774454915,0.04000767547414333,-0.14846609705019195,-0.1215769846548665,-0.193288173096152,0.07479155224425416,-0.06310762757782071,-0.2423712013649212,-0.1705254681444388,-0.24529541011394723,0.24522703716353159,-0.24635726949389836,0.24298625580373728,-0.2404745205199023,0.24380321910867594,-0.24696674521330755,0.24999999999999956,-0.2493114304533584,0.24720239466839383,0.006125974965424731,-0.0013479904062460772,0.022225021894279193,-0.012364596790383106,0.06571085693410221,-0.06524602981356438,0.13033031247023547,-0.12984193341773168,0.24307478756048354,-0.24167193974991644,-0.004486954582118978,0.012955908993058726,0.010134509817899234,0.02034705362753741,0.03355754342239125,-0.032904929810638625,0.12018175017489725,-0.11994162526429901,0.2464882798702183,-0.24643020635519614,-0.2461693536934901,0.24649286473946344,-0.24559926732807147,0.23874876336463774,-0.23508349930884417,0.24290790033454468,-0.24703860479585638,0.2457607996971931,-0.24569088121222502,0.247305075579442,-0.24556930999698817,-0.08165098747953631,0.09062524553787987,-0.18508099847670328,-0.14612234967856538,-0.19998350945563984,0.1033437409605137,-0.08845200873634557,-0.24634621764961048,-0.17621954547559887
0.24168943587583425,0.034075809137249925,-0.03964488057565166,0.14880377468271105,0.12120967302392992,0.19362854482576147,-0.07443165218545003,0.06271345248733436,0.24275356881240587,0.1707438785278463,0.24563340961566105,-0.24556503934884216,0.24669492025418857,-0.24332426211128674,0.24081239166601373,-0.24414112561156168,0.2462784769707438,-0.2493114304533584,0.24999999999999953,-0.24780991683323966,-0.005745162420664487,0.0009679761436599844,-0.02184185081895103,0.011982696909749036,-0.06532073630668417,0.06485518980114306,-0.12992875489483188,0.1294403374137046,-0.24341283415555054,0.24201005549655719,0.004106405354035126,-0.012573968972401586,-0.010512588085522502,-0.019964463655745873,-0.03393164616592602,0.03327906069338698,-0.12054118370871283,0.12029985361012882,-0.2468263256707194,0.2467681376781209,0.24650687215938596,-0.2468309098448353,0.24593723205856405,-0.23908812018200398,0.235423318445351,-0.24324655266433917,0.24737599768427582,-0.24609896791937058,0.24602888676674534,-0.24764293475443394,0.24590470116692525,0.08176529544380956,-0.09075163017134617,0.18533459781618114,0.14632384679148638,0.20025593334962793,-0.10348608315081624,0.08857396353051318,0.2466827459151308,0.1764601014166554
-0.24382233382383392,-0.03335371406166279,0.03892414078317147,-0.1505401930214442,-0.12083770740879271,-0.195510377964391,0.07378620492206239,-0.062067845826327184,-0.24489823533211974,-0.17234970316033335,-0.24782307535642678,0.2477548753143198,-0.24888436198711525,0.24551410521926556,-0.2430018336107385,0.24633099509166917,-0.2484683150187681,0.24720239466839383,-0.24780991683323966,0.24999999999999964,0.0035982337984301416,0.0011798440826364593,0.019699848856287946,-0.009836760277782625,0.0631883246835222,-0.06271820721468437,0.1278032600582868,-0.127314100953443,0.24559931566983417,-0.24419538030492266,-0.0019591186921087125,0.010428416484974945,0.012662346619798186,0.017823498454730583,0.036085382018874484,-0.035432218590495626,0.12270959217965016,-0.12246117309164938,0.24901612750094185,-0.2489572265700071,-0.24869333158885923,0.2490207125498561,-0.24812557322306147,0.24127661234403375,-0.237610293949446,0.2454357491459764,-0.24956272689009532,0.24828864217255112,-0.2482175621684005,0.24983260161007587,-0.24807845264729603,-0.08250384933902101,0.0915686045378103,-0.18697755884185074,-0.1476282076324479,-0.2020221626109161,0.10440764842636574,-0.08936343335253517,-0.24886380442875292,-0.17801930133119193
-0.0033629392564858158,-0.0008754700650183922,0.0009518562977397797,-0.002618058061280351,-0.0013654306144546629,-0.0024941828435304765,0.0005379965546531817,-0.00025681095342428164,-0.0033255060378300314,-0.002367797021947552,-0.005231205075718458,0.0055038618953231104,-0.004010694731173575,0.00781378112571769,-0.010314103392976006,0.006997217578721702,-0.004665399839468718,0.006125974965424731,-0.005745162420664487,0.0035982337984301416,0.24999999999999967,-0.24522148959151893,0.2254336998467597,-0.21581347255379613,0.1627158512252114,-0.16245199676364452,0.10511550705497942,-0.10527737728523025,0.007707280390959036,-0.007487797934753914,-0.2483452113896622,0.23987898927005685,-0.21687600095950774,0.18656982555937765,-0.13739641177305828,0.1369214719153002,-0.07459789113960551,0.07442931564702525,0.002978069660644051,-0.0029919915395741894,-0.002721884126887057,0.0026698004801821262,-0.002421357229836446,-0.0034091708889299925,0.006088191435264039,0.00029798690870978925,-0.003501622789963589,0.002474338013297959,-0.0025004912718477727,0.003462718762907152,-0.00350491855536414,2.616680281274785e-5,0.00019523296613378288,-0.0022963097935286103,-0.001252711027048779,-0.0031807721286406243,0.0010011329841847555,-0.0008078985953024925,-0.0034594818835590262,-0.00256047787774061
-0.0012988626869705122,0.0002703635719916703,-0.00024358684255752414,-0.00026354859417305755,-0.0009122944339434381,-0.0012652369875215405,0.0008603351912318483,-0.0009180323686479189,-0.001356925096933146,-0.000915181328160241,0.0005190803994399543,-0.0007953473778105365,-0.0007524092140956361,-0.0030361689703843737,0.005536401409929361,-0.0022192766963394063,-0.00010908595794727094,-0.0013479904062460772,0.0009679761436599844,0.0011798440826364593,-0.24522148959151893,0.24999999999999953,-0.22911981105452212,0.21954297125171385,-0.16623831666689234,0.1659794182120157,-0.10552338076133976,0.10568644230562606,-0.0029297976721317635,0.002725191527554745,0.24358212811300994,-0.23511357646323067,0.22065623472906082,-0.1903490847075053,0.14140141450745533,-0.14092571481134675,0.07892861970500671,-0.07875781145800216,0.0017971008713232011,-0.001781699788201605,-0.002005609484107616,0.002064045303331998,-0.0023470662396530765,0.008153546342728052,-0.01081698953596069,0.00446354301658802,-0.0012697066623353407,0.002298140828715078,-0.002269969010513604,0.0013147572361168678,-0.0012379754763439054,-0.00166136639281967,0.001611810637549815,-0.0012978438311430065,-0.0016084826064076204,-0.0006744830908574938,0.0010260994460900548,-0.0009311441623973516,-0.0012993358838079615,-0.0008431749363268013
-0.019072644915691404,-0.0028943212918574423,0.0033158864883445997,-0.012336174208531952,-0.009019912707682059,-0.015186423197891036,0.005251696247359925,-0.004217658781569617,-0.019105275052688723,-0.013427477560242977,-0.021082013924142714,0.02133746664582595,-0.020055674711070517,0.023910629485046474,-0.02640701484645472,0.02309473740226329,-0.020753767805715827,0.022225021894279193,-0.02184185081895103,0.019699848856287946,0.2254336998467597,-0.22911981105452212,0.24999999999999944,-0.24013293410171124,0.18683515789958738,-0.18655871001055163,0.12620625833844773,-0.12616086646191577,0.023782484907528424,-0.02333537036955001,-0.2237963605550086,0.23219331611271718,-0.2176374535359853,0.1883075487415976,-0.13472829608326625,0.13486273839139767,-0.06681309673952276,0.06664969021815219,0.019028652229175703,-0.01903868145451068,-0.018792312235445946,0.018761677687227394,-0.018408452707406726,0.01212111271608519,-0.00921645610239784,0.016123244726766878,-0.019583834913020803,0.018479873295154197,-0.018501279192789946,0.019562380904474562,-0.01949227298432549,-0.00525739750231331,0.006062582671806906,-0.01433238482283136,-0.01074546311928345,-0.016199649074619425,0.007709199072753011,-0.006546387046457318,-0.019496646901470543,-0.014030887878721697
0.009448608324305437,0.0015659493758441716,-0.0017677665926469936,0.0063712049813030415,0.004268064389779195,0.007476772913022105,-0.002363649746906337,0.0017965453162219194,0.009440628805693334,0.006624719386093017,0.01122906102104731,-0.011476608209604161,0.010209751346609836,-0.014052767280350618,0.016552730360650712,-0.013235875204438316,0.010899506515761473,-0.012364596790383106,0.011982696909749036,-0.009836760277782625,-0.21581347255379613,0.21954297125171385,-0.24013293410171124,0.24999999999999953,-0.1966328785406985,0.19636358593770722,-0.13145197330149658,0.13141387759416673,-0.013940295044138067,0.01349860575957064,0.21419123924077,-0.22258391848163156,0.20834358374301729,-0.17900994147349478,0.1445760667200049,-0.1447082492618731,0.07666686937934986,-0.07650296774530364,-0.009165493036957264,0.009179554720374537,0.008995542498282567,-0.008956352753787686,0.008648655517377224,-0.0025313698569104206,-0.00043471386272103565,-0.00626032855209932,0.009734968105881718,-0.008616773421968838,0.008642643968260325,-0.00970039240917725,0.009695739635195448,0.0018635374367569895,-0.0023135438617704757,0.006928433244234167,0.004806006395708512,0.008246857452756584,-0.0034970647100869266,0.0029308268210308307,0.009672897301277149,0.0070016195429506945
-0.06149808915335442,-0.008533822190940501,0.009903231706334758,-0.03829984713409773,-0.03010100819627526,-0.049298708542719734,0.018230895986971175,-0.015150199257197145,-0.061710433383731056,-0.043122024514848874,-0.06373284067806818,0.06390763236347406,-0.06319657789291293,0.06655513880074654,-0.06921804422889304,0.06658155557970116,-0.06420862151130857,0.06571085693410221,-0.06532073630668417,0.0631883246835222,0.1627158512252114,-0.16623831666689234,0.18683515789958738,-0.1966328785406985,0.24999999999999933,-0.2495066157040341,0.18461784024670028,-0.1843033486400054,0.06725136863022024,-0.06628262902287939,-0.16108977476417072,0.16953812392577197,-0.15500468956402114,0.18519182604943274,-0.1507259116803473,0.15133297967199455,-0.06408890722095355,0.06395972420488484,0.06220497154236533,-0.062208021649224725,-0.06225825780807329,0.06230695144260618,-0.06152664066061856,0.05473831066681644,-0.051084089720967764,0.058624496815753505,-0.06302666900056103,0.06147785238361738,-0.06149252555356141,0.06304518857584486,-0.06264339215446976,-0.01938114504647854,0.021755672255932414,-0.046804699492855,-0.03626064542156323,-0.05136494813201417,0.02570411181038867,-0.021930254949497012,-0.0628102989953344,-0.045006843664979354
0.06103907165894452,0.008471401185159553,-0.009830337279222478,0.03801546429855879,0.02987499604053502,0.04893072640939666,-0.018093540784183418,0.01503493067571219,0.06124939009460437,0.042797230372695776,0.06326432866285926,-0.06343895836208087,0.06272748523842676,-0.06608888909597915,0.06875602735732783,-0.0661172764348686,0.06374127201938064,-0.06524602981356438,0.06485518980114306,-0.06271820721468437,-0.16245199676364452,0.1659794182120157,-0.18655871001055163,0.19636358593770722,-0.2495066157040341,0.24999999999999933,-0.1848950508004587,0.18458115975201503,-0.06678658049255652,0.0658189050793727,0.1608861462274994,-0.16933326968560555,0.15510477662568625,-0.18528341306494936,0.15110237364618118,-0.1517092531517826,0.06449416216094296,-0.06436449508214609,-0.06173500792070684,0.06173822054018231,0.061791247520539,-0.06183927649671936,0.06105871830669163,-0.054276260378928826,0.05062324289660068,-0.05815644464748127,0.06255699407324598,-0.06100827221869156,0.06102313671868656,-0.06257485407154106,0.062176429117563006,0.019219965568022336,-0.021577519106583457,0.04645110497840256,0.03597851767139867,0.05098551134746699,-0.02550419763242872,0.02175872963599353,0.06234179625687907,0.044671687248487676
-0.12455455311017388,-0.017393994364557915,0.02021495881490293,-0.07706628280637434,-0.06181837699587242,-0.0999644627991207,0.03788053820086401,-0.03179665528901526,-0.1250561659808977,-0.0876524804305193,-0.12737278069100416,0.12745743465419346,-0.12740714345831738,0.12817592725117002,-0.1289747406840306,0.12868232226977658,-0.12830109831419872,0.13033031247023547,-0.12992875489483188,0.1278032600582868,0.10511550705497942,-0.10552338076133976,0.12620625833844773,-0.13145197330149658,0.18461784024670028,-0.1848950508004587,0.24999999999999936,-0.24946808929727265,0.13170977424020094,-0.13032671036236976,-0.10354436262701595,0.111997471463198,-0.09453414592602737,0.12483196974235333,-0.08611104258589909,0.08673843576699225,0.0005131662746171543,-0.0006305198829183357,0.12681961736704783,-0.12680134383530736,-0.1267494369151522,0.12689533286023844,-0.12608048032793578,0.11929391447002287,-0.11562699811765538,0.12323918010949064,-0.12754613924261127,0.12609237074283347,-0.12607737506284125,0.1276516186627807,-0.12678128231983407,-0.04120563150803146,0.045893922262764224,-0.09528746896000181,-0.07477247940746555,-0.10347480261895871,0.05291841333896992,-0.04524654713977001,-0.12716281356472953,-0.09101258522881923
0.12407725498193081,0.017330498009041847,-0.020140722680397998,0.07677159951926452,0.061583580485309486,0.09958094133491015,-0.037737103654447116,0.03167617547283623,0.12457676313038926,0.087316000278618,0.12688882849486804,-0.1269737597318089,0.12692003641485017,-0.12769218524237053,0.12849278354705782,-0.12819611174966727,0.12781300922994837,-0.12984193341773168,0.1294403374137046,-0.127314100953443,-0.10527737728523025,0.10568644230562606,-0.12616086646191577,0.13141387759416673,-0.1843033486400054,0.18458115975201503,-0.24946808929727265,0.24999999999999928,-0.1314443412131904,0.13006393460637775,0.10372594505939965,-0.11214008303404595,0.09469553290703436,-0.12483702711907774,0.08629294997477654,-0.08691731146525111,-0.00020691934793270027,0.0003249781075463741,-0.1263317289158409,0.12631360461759647,0.1262621392821514,-0.1264072712438635,0.1255944396849199,-0.11881543027289329,0.11515222694636264,-0.12275534067593352,0.12705765616498763,-0.12560539942935212,0.1255905663757429,-0.12716249000862834,0.12629570866593348,0.041040479575201655,-0.04571109086836289,0.0949204662779616,0.07448083486615492,0.10307991477478795,-0.052711996051827865,0.045069613389153204,0.12667558762216266,0.09066404581590408
-0.23978970260961988,-0.03267330767735677,0.03814478724404954,-0.1481085698210259,-0.1186497439996854,-0.1923052262272593,0.07240167811623699,-0.06088068872097816,-0.24085031017396874,-0.16947566606625655,-0.2437585724805752,0.24369649844987734,-0.2447795502228775,0.24154811032316303,-0.23914710374004242,0.24235357013968178,-0.24437349062117536,0.24307478756048354,-0.24341283415555054,0.24559931566983417,0.007707280390959036,-0.0029297976721317635,0.023782484907528424,-0.013940295044138067,0.06725136863022024,-0.06678658049255652,0.13170977424020094,-0.1314443412131904,0.24999999999999928,-0.2485717921597439,-0.006073332156320052,0.014541990404668314,0.008547612341387237,0.021932262937732643,0.03195456759119724,-0.03130191829003289,0.11857879054975083,-0.11834115495906534,0.2448852981151518,-0.2448277499155369,-0.24456886862787314,0.24488993274105705,-0.24399734498290399,0.23714600978178915,-0.2334813587355604,0.241304917661498,-0.24543798530392968,0.24415782118552812,-0.24408863920071314,0.24570229771569313,-0.24397818313154415,-0.08111011332347504,0.09002698285423574,-0.1838783330671159,-0.14516739171195506,-0.19869074145581,0.10266903899854007,-0.08787400192995287,-0.24474974209856423,-0.17507826236756863
0.23841979154034135,0.03248602912388467,-0.037926399271651444,0.14726227336084147,0.11797173018585991,0.1912059070303272,-0.0719871905522921,0.06053234442218634,0.23947450332585707,0.16850923778038968,0.24236464264382285,-0.24230269302810697,0.24338051423920598,-0.24015857616693426,0.2377631758165151,-0.24095821781837704,0.2429724297633459,-0.24167193974991644,0.24201005549655719,-0.24419538030492266,-0.007487797934753914,0.002725191527554745,-0.02333537036955001,0.01349860575957064,-0.06628262902287939,0.0658189050793727,-0.13032671036236976,0.13006393460637775,-0.2485717921597439,0.2499999999999993,0.005862979651241285,-0.014256393740462343,-0.008737815023155801,-0.02148504225386546,-0.03220875220535612,0.031561307207587964,-0.11816786889789342,0.11793083048849684,-0.24348795757141997,0.24343069308088275,0.24317243694171453,-0.24349162700118718,0.24260563769544635,-0.2358058512424619,0.23217005664475407,-0.23993536186235523,0.2440355977792601,-0.2427661422981772,0.24269726439626402,-0.24429849507328616,0.2425842281852005,0.08064996165931534,-0.08951564911221796,0.1828284315351149,0.14434040204541138,0.19755454192438682,-0.10208395442499353,0.08737337408130572,0.24335135768302762,0.17407774085155492
0.0017635735758631107,0.0006547281820040055,-0.0006945979282491629,0.0016266666966067843,0.0005759080494471336,0.0012130108416452674,-5.825717110479603e-5,-0.00014531070790397763,0.0017193994036773233,0.0012373142365866695,0.003593462559115161,-0.0038647526028772177,0.0023743430903040838,-0.006174793797234815,0.008675275292143441,-0.00535820774862916,0.0030275813450787435,-0.004486954582118978,0.004106405354035126,-0.0019591186921087125,-0.2483452113896622,0.24358212811300994,-0.2237963605550086,0.21419123924077,-0.16108977476417072,0.1608861462274994,-0.10354436262701595,0.10372594505939965,-0.006073332156320052,0.005862979651241285,0.24999999999999936,-0.24151727117364485,0.21851396502467915,-0.18819712833019442,0.13902874120784048,-0.1385282196986741,0.07620764104363574,-0.07603848733563376,-0.001338980660602394,0.0013534385990309427,0.0010853016128347026,-0.0010307060948366636,0.0007833024187348205,0.005048181648287051,-0.007726490580715714,0.0013410556411176681,0.0018649176479825654,-0.0008352684546603917,0.0008621736067555289,-0.0018238084612536873,0.0018779309065008497,-0.0005791614153195538,0.00041644280536010694,0.0010665444891998133,0.0002762866660211796,0.0018588523203685097,-0.0003112748451447192,0.00021691333474541276,0.0018270160936066828,0.0013934684785985828
-0.010026663209020877,-0.0017167774274437486,0.0019382918766096189,-0.006737065161420169,-0.004602956104941586,-0.007887594113157835,0.002537142322338289,-0.001937658607653863,-0.010019320225701005,-0.007054137366457055,-0.011931150833530524,0.012193629376787222,-0.01081425870257942,0.014643248920898006,-0.017143217949934147,0.013827117974360186,-0.011490430075102679,0.012955908993058726,-0.012573968972401586,0.010428416484974945,0.23987898927005685,-0.23511357646323067,0.23219331611271718,-0.22258391848163156,0.16953812392577197,-0.16933326968560555,0.111997471463198,-0.11214008303404595,0.014541990404668314,-0.014256393740462343,-0.24151727117364485,0.24999999999999944,-0.22690905129409558,0.19662430834476927,-0.1430561168188109,0.1425584911354511,-0.07475078840211495,0.07458402537091137,0.009762656889255603,-0.009775610489952732,-0.009495104842730398,0.00944942207260836,-0.009149368295634074,0.002870058461014239,1.9237361532944704e-5,0.006868833714204528,-0.010325688137461106,0.009216882437971153,-0.009242337468756035,0.010292018320311905,-0.010289395729394036,-0.0021676306877471945,0.002640939541454521,-0.007389915271425397,-0.00524758782980885,-0.008720708506519301,0.0038305812921222322,-0.0032267816970216762,-0.010262776013944791,-0.007430803900600897
