x1,x2,x3,x4,x5,x6,x7,x8,x9,x10,x11,x12,x13,x14,x15,x16,x17,x18,x19,x20,x21,x22,x23,x24,x25,x26,x27,x28,x29,x30,x31,x32,x33,x34,x35,x36,x37,x38,x39,x40,x41,x42,x43,x44,x45,x46,x47,x48,x49,x50,x51,x52,x53,x54,x55,x56,x57,x58,x59,x60
0.25000000000000006,0.24874513734846987,-0.0727703187863535,0.24859278401071053,-0.0606918976536048,0.24880188445901444,-0.09577360324664405,0.24858026125208033,0.09535539652835034,0.24904904505995457,0.0883819739888115,-0.0757308914286951,0.07577782472054446,-0.07966038282168611,0.08853779495909088,-0.09655865031446673,0.12532874189062213,-0.11304975678454428,-0.08158407803975344,0.10099486009073119,-0.055140993855266024,0.07613104170849172,-0.08032535279836858,0.08034269787417506,-0.078421119166924,0.0902476017612109,-0.08712316495179986,0.12609494135195684,-0.11319918710210154,0.14397693665798836,0.09846138417283248,-0.08415102613278601,0.08207609023925495,-0.0785721819543193,0.07813257622876754,-0.059153510213388154,0.06404882224028675,0.0074747279716373145,-0.0008644111902896545,0.07927732139411772,-0.05800459230221298,0.08141910793120584,-0.08032042692139049,0.07713563188373056,-0.06634796761290086,0.054710467978323914,-0.01560138863667176,0.002950109219683685,-0.11461511062068047,0.12318607555935164,0.2487353838143305,0.2490379974806108,0.07401019992212071,0.24866210440994005,0.07420299051120895,0.2487714526711537,0.024864101447344793,0.24856084303328846,0.10703505331759046,0.2490491319103795
0.24874513734846987,0.24999999999999997,-0.07379425465027581,0.24923632360660491,-0.061598734690716056,0.24944507798028262,-0.09650430153376438,0.24922442017131252,0.09575082234700436,0.2496916110924845,0.08944078706504782,-0.07682743402531768,0.07687444756352049,-0.08075539947668595,0.08962648091431366,-0.09756725106894491,0.1261903837418446,-0.11380359005607286,-0.0818926158514542,0.10135602884570453,-0.056122066424001193,0.07722376487029456,-0.08141363775374923,0.08143058463116153,-0.07948787840972034,0.09125772157630986,-0.08812170537538296,0.12698977257641778,-0.11402012611867957,0.14475780310234812,0.0995028611553605,-0.08522899462196351,0.08315982790193238,-0.07963791119447647,0.07919817213452117,-0.060117474445452505,0.06500021784915672,0.0068929122478541445,-0.00027052572419183907,0.0790668762704306,-0.05894530803355478,0.08248374785356653,-0.0813824761565065,0.07819223223192481,-0.06734936016852057,0.055646827220503105,-0.016211827650346244,0.0034064597683564884,-0.11491355613557082,0.1234762935672284,0.24937867265598182,0.24968051094068902,0.07500756513662812,0.24930267526694228,0.07510000339323009,0.24941256823538202,0.025409951500780098,0.24920087230833562,0.10724768661514103,0.24969169732573673
-0.0727703187863535,-0.07379425465027581,0.25000000000000006,-0.07397013131899999,0.18904989200810834,-0.07373477248560936,0.13766208040987976,-0.07394612847193259,-0.06033874919178518,-0.073513496006925,-0.21835709376853396,0.23269043173977744,-0.2327280290925676,0.22865402565438503,-0.2203902729829962,0.20078714325508157,-0.16124101180850153,0.1404098427633495,0.045855584206720694,-0.05181336193400641,0.21148086755903875,-0.23102344487401438,0.22697000818376858,-0.2267416065201325,0.2224075971318685,-0.20403021780885944,0.2024478763140133,-0.16827551861850612,0.1553254388058615,-0.13601446390638627,-0.21049242263926038,0.22318548147684092,-0.2251071593023403,0.22212883939550865,-0.22224006151006298,0.20469663489995862,-0.19968660601591465,0.1359068489262903,-0.13670461542251017,0.07184716131453163,0.19944606626994985,-0.2209953039537317,0.2207380223002329,-0.22046256734670602,0.21103703640707694,-0.19961587313727766,0.13566799826468198,-0.10394273126359382,0.03443333670264183,-0.029966214943179196,-0.07377329740149156,-0.07350460785311713,-0.2076554756701394,-0.07316926076819315,-0.1846517870287921,-0.0732620824522479,-0.11802945853599081,-0.07307468246963908,-0.01690006223536611,-0.07351325092362548
0.24859278401071053,0.24923632360660491,-0.07397013131899999,0.25,-0.06186173886661342,0.24929328138499993,-0.09650999303230723,0.24907269625344666,0.09583934233484188,0.24953923644330936,0.08966099999601569,-0.07708036451568756,0.07712732304384799,-0.08100802538683152,0.08988290909047188,-0.09775446913925438,0.12621431378482323,-0.11382953559576464,-0.08194753807731442,0.10139084937611692,-0.056368317833208476,0.07747632461782761,-0.08166131569228031,0.08167818718586774,-0.0797307799278226,0.09145501056390702,-0.08832034393538093,0.1270521315059176,-0.11407710921927613,0.14472789860680071,0.09970452432589348,-0.08546912684426523,0.08340301707738512,-0.0798803334523992,0.07944117068753782,-0.060354954192698006,0.06522300750601157,0.006688316116390014,-7.44796521289226e-5,0.07888098201341703,-0.05917755600869075,0.08272316818178306,-0.08162237786846216,0.07843404073634144,-0.06758864479911263,0.055881402502178705,-0.016391872909529318,0.0035534919031267207,-0.11484325785287601,0.1233906932066709,0.24922700498093614,0.2495281353032527,0.07523472434576253,0.24915020131757437,0.0752928207389996,0.24926011602178477,0.025554736089770692,0.24904836585343632,0.1071598429447561,0.249539322701149
-0.0606918976536048,-0.061598734690716056,0.18904989200810834,-0.06186173886661342,0.2499999999999999,-0.06165415100750133,0.1275872881013348,-0.06180681848828993,-0.04448712681961465,-0.06140623823337639,-0.192209453657279,0.20536610645368258,-0.20535391897425082,0.20890845929107146,-0.21396640429036282,0.19391774029890002,-0.15300922655234953,0.13403557841455677,0.028732043744231325,-0.03580138409859134,0.18852900200069733,-0.20572951510669643,0.20717330637136544,-0.20736667081521815,0.20389773923130536,-0.193699980784874,0.1920114515023608,-0.1590850861290986,0.14729801238006868,-0.12849702648431263,-0.1926552200864597,0.20441606403525475,-0.20640961299011804,0.20363356911831762,-0.2037407835159204,0.18786778653855768,-0.1855502113609163,0.12830314174850782,-0.1291773566781389,0.07062078630075459,0.18309438092383604,-0.20242006666200935,0.20222307281230062,-0.20210184487327182,0.19361551969681906,-0.1833869228192791,0.12717327590071745,-0.0980992257390487,0.02943177393382472,-0.024968448569052854,-0.06165777001009684,-0.061398364153407284,-0.1904961329734125,-0.061097904107273726,-0.16879538815646472,-0.06118082672088551,-0.11041862839269544,-0.06101277334917281,-0.013312997602181935,-0.06140607972867215
0.24880188445901444,0.24944507798028262,-0.07373477248560936,0.24929328138499993,-0.06165415100750133,0.25000000000000006,-0.09670017275368882,0.24928248695524352,0.09589691639893223,0.2497483229856708,0.0894886433816232,-0.07687271251521506,0.07691972882915639,-0.08080252866261513,0.08967839429147463,-0.09764226106980972,0.12632284270402125,-0.11383229377431432,-0.0819656946755278,0.10143081165891275,-0.05616103104186666,0.07726928452544714,-0.08146211028759834,0.08147937031204702,-0.0795373426301999,0.09132396902077707,-0.0881866226752266,0.12701820459342267,-0.11403891023028788,0.14476110551056626,0.09955178880044645,-0.08528070146104057,0.08321037652890606,-0.07968742348124451,0.07924760718347817,-0.060161014844038345,0.06504962687822327,0.006867236070831041,-0.00024492979527376835,0.0790652128148555,-0.05898828980002822,0.08253445393623458,-0.08143279364552893,0.07824140175328854,-0.0673951369727186,0.055688959190551716,-0.016241066591510502,0.00342804379996089,-0.11494099706529336,0.12350438845458797,0.24943537720539258,0.24973722020174377,0.07505516654723014,0.24935926293363847,0.07514264851367133,0.24946919038537774,0.0254376163797856,0.2492574261312873,0.10727079353065953,0.24974841000411038
-0.09577360324664405,-0.09650430153376438,0.13766208040987976,-0.09650999303230723,0.1275872881013348,-0.09670017275368882,0.24999999999999983,-0.09692340826807812,-0.042099471660997624,-0.09645891544872186,-0.14320199845165296,0.1483855971546365,-0.1483911846260664,0.1512795731389966,-0.15802443472747388,0.17707304247235078,-0.20958818371771276,0.1537379756107396,0.02055549161318274,-0.033996582021262635,0.13378787563670616,-0.14859554907126496,0.15151952864611123,-0.15184081523141038,0.15592600066498352,-0.17147632442756489,0.17168878589079545,-0.1626932706082285,0.14910626873447766,-0.14527702219584707,-0.14787145140067956,0.1516797059284914,-0.15286515331464798,0.1558703511024171,-0.15637161257048182,0.1493537470077272,-0.15338767460078562,0.09622282190521912,-0.09921275484219323,0.038777049068845285,0.13481072676947597,-0.15287542185724515,0.15322246940715373,-0.15452153841626204,0.1492726452113829,-0.14459475789506823,0.10036515942902086,-0.07725524055220168,0.05290579981814511,-0.050192875269834465,-0.0965621831605766,-0.09645090380062042,-0.14405594539367214,-0.09615720628075632,-0.1329906057274087,-0.09623693853234763,-0.08970506331023592,-0.09607040180211257,-0.03791465908880442,-0.0964588335972876
0.24858026125208033,0.24922442017131252,-0.07394612847193259,0.24907269625344666,-0.06180681848828993,0.24928248695524352,-0.09692340826807812,0.24999999999999978,0.09539673120948013,0.2495259987427746,0.08966054273347177,-0.07706952872788127,0.07711648973825748,-0.08099866354605285,0.08987707419503375,-0.09786611883942241,0.12658816177123847,-0.11419807186664627,-0.08153693713238118,0.10102471631539314,-0.05635967102412955,0.07746587910232121,-0.08165900838585197,0.08167720842311446,-0.07973868876731127,0.09154677254139355,-0.08840980114281925,0.12736674436862774,-0.11439263985641444,0.14504806486146515,0.09972333673572303,-0.08546597433403576,0.0834077547059491,-0.0798879798478312,0.07944925819705868,-0.060366056792314646,0.06526178599712285,0.00665198236626018,-2.1909264423067287e-5,0.07884629653506167,-0.05917815447355435,0.08272280405704405,-0.08162355979722011,0.07844042254702294,-0.06759666387171638,0.05589327795853217,-0.016425208769592314,0.0035846784031093246,-0.11484973432640894,0.12339417751032417,0.2492138239979867,0.2495148985361719,0.07523807185475463,0.2491369700812813,0.07529596097729035,0.2492468806427414,0.02558383794320805,0.24903513086421114,0.10716335785586788,0.24952608584395095
0.09535539652835034,0.09575082234700436,-0.06033874919178518,0.09583934233484188,-0.04448712681961465,0.09589691639893223,-0.042099471660997624,0.09539673120948013,0.25000000000000033,0.09583522526036173,0.06752693569384802,-0.06545243128735662,0.0655123024857775,-0.06269851007331445,0.056848465321051866,-0.04285853563281876,0.047956655599356406,4.527074081084098e-5,-0.21238533769042897,0.198457170799602,-0.054159381310651025,0.06451643090272596,-0.06196121861028177,0.06160467392034046,-0.057533648572935324,0.0442780840224174,-0.04218443160183545,0.023605653271432433,-0.012858987609545907,0.011978280517871837,0.06269267236782225,-0.0625791661664164,0.061011452341274475,-0.05752185274281765,0.0572012854961348,-0.04496839860109159,0.04158807647376718,-0.008732278691098447,0.008973139583943641,0.023370501826405387,-0.04897456137952079,0.06013230105044936,-0.05930791074685651,0.05693108272584809,-0.05079498790783482,0.04307115394986182,-0.017540938757130826,0.008637499118681707,-0.03979921215773907,0.043004544413059384,0.09576067789619988,0.0958301388255824,0.05504062265953856,0.09565783436037967,0.05057431794650545,0.09570900535065932,0.019038864572831826,0.09561405682459478,0.03601521575781027,0.09583503427091584
0.24904904505995457,0.2496916110924845,-0.073513496006925,0.24953923644330936,-0.06140623823337639,0.2497483229856708,-0.09645891544872186,0.2495259987427746,0.09583522526036173,0.2500000000000001,0.08928384638898279,-0.07662820916893462,0.07667533517409697,-0.08055814856472272,0.0894372141509278,-0.09742407617333651,0.12616017114636613,-0.11377835120886298,-0.08197903689157246,0.10146183798640834,-0.05591632551659003,0.07702489071587638,-0.0812201696526849,0.08123692403035526,-0.07929664236056755,0.09110367234223381,-0.08796514490572968,0.1269458277039814,-0.1139738899374529,0.1447903165528975,0.09936146203894954,-0.08504618824958608,0.08297063978721858,-0.07944732720082581,0.07900670866517556,-0.0599201249940493,0.06481515357139318,0.007103719081988517,-0.00047204164302716567,0.07930321828048814,-0.058753677168805175,0.08229962131354018,-0.08119688952119782,0.07800171815574528,-0.06715469635016506,0.055449367124928525,-0.016039710446595214,0.0032592280262294373,-0.11505172518716104,0.12363513339832474,0.2496817019067157,0.24998442791180553,0.07483016827058783,0.24960645666979853,0.07495647593955401,0.2497163960564801,0.025278690407160465,0.2495046237006251,0.10739876088514544,0.24999562015728494
0.0883819739888115,0.08944078706504782,-0.21835709376853396,0.08966099999601569,-0.192209453657279,0.0894886433816232,-0.14320199845165296,0.08966054273347177,0.06752693569384802,0.08928384638898279,0.2500000000000001,-0.23381924355732872,0.23328557208025733,-0.23032145474900212,0.22331763242719727,-0.20475128590334532,0.168117334529581,-0.14594427200831386,-0.05171959971781709,0.05875654588823254,-0.2115205866364182,0.23218416966964486,-0.22873949371298796,0.22853858853085832,-0.22404545199818504,0.207238428575923,-0.20536597789113237,0.17440451818816394,-0.16071461778653376,0.1434376267818952,0.21386084371826203,-0.225341756157953,0.2270983765112497,-0.22377845455594897,0.22384417609819238,-0.20506816376148895,0.2006874953117559,-0.13312108483408178,0.13438068348621382,-0.0652663851391628,-0.20012680288380122,0.22291917755973584,-0.2225739280626758,0.2220382307130768,-0.21195296074626724,0.19980544441109369,-0.13444783090897147,0.10238457538218057,-0.041549894631697136,0.037773652727125545,0.0895182774834814,0.08927443883804528,0.20930434503825326,0.08891924360648311,0.1865519055234964,0.08901798976697552,0.11774810156414775,0.08881950939429355,0.023847593017614344,0.08928369180360976
-0.0757308914286951,-0.07682743402531768,0.23269043173977744,-0.07708036451568756,0.20536610645368258,-0.07687271251521506,0.1483855971546365,-0.07706952872788127,-0.06545243128735662,-0.07662820916893462,-0.23381924355732872,0.24999999999999997,-0.24931397453495238,0.24568520121321852,-0.23707667322010456,0.21597455706716978,-0.17325214583576531,0.15012179607131262,0.04927069228712834,-0.05539315693380093,0.22723455651593463,-0.24810221399960344,0.24389271929357706,-0.24366479364411517,0.2388829852591613,-0.21929904687572127,0.2175176392744494,-0.18018394573877203,0.1663161925789391,-0.1447335808975152,-0.2260102404762,0.23982967039316905,-0.2419265498127859,0.2385776369419434,-0.23868619575289485,0.21971744431891782,-0.21445007387239248,0.14650104661824032,-0.14730744444221072,0.07825502308911146,0.21441516266606353,-0.2374015913810783,0.23711509340925768,-0.23679373575836984,0.22665572586739538,-0.21432619759756763,0.14598749333425673,-0.11192735018211869,0.035750358134014684,-0.03088384708518077,-0.07691186918019795,-0.07661884434352437,-0.22310449512923,-0.07626157600962247,-0.1981492216386735,-0.07636048690006395,-0.12689826858104106,-0.07616089873112017,-0.016997487386165355,-0.07662803664705015
0.07577782472054446,0.07687444756352049,-0.2327280290925676,0.07712732304384799,-0.20535391897425082,0.07691972882915639,-0.1483911846260664,0.07711648973825748,0.0655123024857775,0.07667533517409697,0.23328557208025733,-0.24931397453495238,0.25000000000000006,-0.24564416524538968,0.23706738931949292,-0.21596900483004847,0.17325727094446428,-0.15012595348398008,-0.04932399205932525,0.05546304266257344,-0.2268546990273268,0.24770201948346524,-0.2436757878864421,0.24346175822537064,-0.2386909969378991,0.2192369619968226,-0.21745015599838427,0.1801773987242826,-0.16630568992117858,0.14474947063924107,0.225845877858108,-0.23963900331840787,0.24173526651934454,-0.23838589753417694,0.23849401490164163,-0.21953043963746716,0.21430688467303996,-0.1463880019786032,0.1472019683006287,-0.07816915192604107,-0.2142355740697937,0.23721115474588753,-0.23692450895171316,0.23660251415142308,-0.22646782726048192,0.21414413532293491,-0.14588181173049847,0.11184810575496366,-0.03577964114586642,0.030920748999992552,0.07695860495628822,0.07666597371055409,0.22292766564304345,0.07630886920973916,0.19799020498141837,0.07640773629044975,0.1268131696637415,0.07620823732525037,0.017040275621075154,0.0766751626544269
-0.07966038282168611,-0.08075539947668595,0.22865402565438503,-0.08100802538683152,0.20890845929107146,-0.08080252866261513,0.1512795731389966,-0.08099866354605285,-0.06269851007331445,-0.08055814856472272,-0.23032145474900212,0.24568520121321852,-0.24564416524538968,0.24999999999999994,-0.24097688522356267,0.2198710753672766,-0.17715261578264963,0.15402950513235264,0.045312458016987474,-0.05259071728229853,0.22501005543946317,-0.2460281359906447,0.24716543114898468,-0.2472637491740445,0.24249689078312592,-0.22309671119958663,0.22131735463568647,-0.18406470436095312,0.17018906546019166,-0.14864444953728062,-0.2296660537229114,0.2434499585866055,-0.2455458564943324,0.2421928824426264,-0.2423038297976246,0.22306147224401357,-0.21786086757780343,0.1484002727014918,-0.14931137813162848,0.07840800387288424,0.2174743548587913,-0.24100252723589483,0.24071006551268992,-0.24037383679983174,0.2300419708570213,-0.21752974695810867,0.14802417345341387,-0.11352159523985661,0.03778296154915814,-0.032915997832765824,-0.08084108462187924,-0.08054853728387248,-0.2264647900892588,-0.08018238246364048,-0.20129175679921435,-0.08028367280253412,-0.12880939458340218,-0.08007898585079097,-0.018651558511261525,-0.08055797849706575
0.08853779495909088,0.08962648091431366,-0.2203902729829962,0.08988290909047188,-0.21396640429036282,0.08967839429147463,-0.15802443472747388,0.08987707419503375,0.056848465321051866,0.0894372141509278,0.22331763242719727,-0.23707667322010456,0.23706738931949292,-0.24097688522356267,0.25000000000000006,-0.22872610223423614,0.18603117669328983,-0.16289776912086845,-0.036557410798604854,0.046420711486306165,-0.2163754044503968,0.2374122252175816,-0.2392877303028452,0.23951456838731333,-0.235694574424441,0.22721010475844602,-0.2250071630593368,0.19174104458797434,-0.17732531551211367,0.15751953000025737,0.22470785716413377,-0.23664796862041043,0.23874545671958475,-0.23541096676172285,0.23550284585338732,-0.21619323507571878,0.2146375758896703,-0.14431056488196384,0.1459542572829139,-0.0734819696555958,-0.21057945802437464,0.23422290732683318,-0.23392421915331402,0.23356676541996138,-0.2231770789509857,0.21080647713087353,-0.14488963787953546,0.11112290625124197,-0.04272464021419652,0.038366066225093254,0.08969495893026354,0.08942743868392714,0.22027710620290586,0.08905874809154461,0.19585483878880916,0.08916091834106656,0.12674875125733126,0.08895461856623299,0.02393028631026184,0.08943703087603197
-0.09655865031446673,-0.09756725106894491,0.20078714325508157,-0.09775446913925438,0.19391774029890002,-0.09764226106980972,0.17707304247235078,-0.09786611883942241,-0.04285853563281876,-0.09742407617333651,-0.20475128590334532,0.21597455706716978,-0.21596900483004847,0.2198710753672766,-0.22872610223423614,0.25,-0.2068185116163866,0.18356210582709712,0.015882635097719318,-0.030178533231909,0.19693390648964773,-0.21631363147498978,0.21997251873035817,-0.2204594085380893,0.22357370973868346,-0.2399007139861145,0.23835508401531,-0.20943781672534967,0.19421958091102465,-0.1757830378616615,-0.21025370270749805,0.21947314922140093,-0.22150383212975328,0.22332830168353288,-0.2238767547975481,0.21126097586522707,-0.2160319233583104,0.1443215055411034,-0.1470839905710891,0.07212507303517324,0.19679213204519402,-0.21990968311803255,0.2201936986017328,-0.22150614307091535,0.21359666872113361,-0.20548384664897903,0.14586283693028032,-0.11323456060864674,0.053229921451603095,-0.048300802350577564,-0.09764843075829088,-0.09741421249223119,-0.2075100169283914,-0.09704453932282402,-0.18757656414474588,-0.09714509978370323,-0.1283175413155528,-0.09693630650651847,-0.033306982027428475,-0.0974239672052618
0.12532874189062213,0.1261903837418446,-0.16124101180850153,0.12621431378482323,-0.15300922655234953,0.12632284270402125,-0.20958818371771276,0.12658816177123847,0.047956655599356406,0.12616017114636613,0.168117334529581,-0.17325214583576531,0.17325727094446428,-0.17715261578264963,0.18603117669328983,-0.2068185116163866,0.2500000000000001,-0.19062294321283735,-0.0150076878829681,0.03324006729497181,-0.15534507940478143,0.17360291761268784,-0.17741024614209486,0.17778793664109838,-0.18207363101415075,0.20028550038304813,-0.20035691818647655,0.19883304956094555,-0.1831563734681123,0.17939600621049634,0.17472591107644744,-0.1777145417334629,0.17903732430809263,-0.18202364572564636,0.18254493021099755,-0.17320253964086502,0.17811251232976089,-0.10858082136961153,0.11277915140153671,-0.03863541861513146,-0.15674261020080016,0.17880267272494543,-0.17912192362140195,0.1803841739999867,-0.1736578594694596,0.16750860264858053,-0.11477268954873619,0.08777441930188731,-0.06768043429881683,0.06518878111894959,0.1262561126192261,0.1261503729779079,0.1683067394726334,0.12579208608564532,0.1557318239887925,0.12588982712564442,0.10332198560969537,0.12568681497725737,0.05018611760463957,0.12616011337716035
-0.11304975678454428,-0.11380359005607286,0.1404098427633495,-0.11382953559576464,0.13403557841455677,-0.11383229377431432,0.1537379756107396,-0.11419807186664627,4.527074081084098e-5,-0.11377835120886298,-0.14594427200831386,0.15012179607131262,-0.15012595348398008,0.15402950513235264,-0.16289776912086845,0.18356210582709712,-0.19062294321283735,0.24999999999999994,-0.03644556621607908,0.014859545222759498,0.13486577119233845,-0.15080675951104697,0.1546592221055255,-0.1550397787732438,0.15951476893990796,-0.17884722373977244,0.1807002679248267,-0.21668769452548217,0.20195989781942505,-0.19358562852523048,-0.15428031239179651,0.1543639207144063,-0.15625200841895154,0.15957088904428943,-0.16007511974418917,0.15413155134980536,-0.15937276261478925,0.0971341947876437,-0.10311858622526367,0.034566213763439844,0.1363223073463723,-0.15580838417183562,0.15631573177719502,-0.1580802538721888,0.15292505872479475,-0.14885314000494454,0.10285940687642348,-0.07910301417938996,0.06307496225628147,-0.06056956490209144,-0.11385609906946849,-0.11376945435339507,-0.14683008433819372,-0.11344970700906581,-0.13714744217802874,-0.11353621588970515,-0.09269165789982378,-0.11335438742626956,-0.04700995266351339,-0.11377817736850693
-0.08158407803975344,-0.0818926158514542,0.045855584206720694,-0.08194753807731442,0.028732043744231325,-0.0819656946755278,0.02055549161318274,-0.08153693713238118,-0.21238533769042897,-0.08197903689157246,-0.05171959971781709,0.04927069228712834,-0.04932399205932525,0.045312458016987474,-0.036557410798604854,0.015882635097719318,-0.0150076878829681,-0.03644556621607908,0.25000000000000006,-0.22531149736120634,0.03966818357021422,-0.04808923078391436,0.04419182775981945,-0.04369166795668007,0.03905569064121406,-0.01929875703903421,0.017449024999358326,0.00947983500787418,-0.018733448732569796,0.020004008480267944,-0.04409960259712502,0.04461730676050813,-0.04260434756714121,0.039057450880792544,-0.038702955966398805,0.027722449568352302,-0.022155980730430094,-0.003523740878816358,0.00441309740406038,-0.028141299821129562,0.033290753805559604,-0.04214690431235745,0.04127147866664279,-0.03868772380411823,0.03335609531938477,-0.02633690286790546,0.004833121097313801,0.00139828646901741,0.0320315497843084,-0.0355088362904657,-0.08189511200700288,-0.0819748775703563,-0.03795686079290228,-0.0818400407157648,-0.03498841521550668,-0.08188107259677747,-0.0075201329044510355,-0.08180750259211361,-0.03008017029355523,-0.08197874140346913
0.10099486009073119,0.10135602884570453,-0.05181336193400641,0.10139084937611692,-0.03580138409859134,0.10143081165891275,-0.033996582021262635,0.10102471631539314,0.198457170799602,0.10146183798640834,0.05875654588823254,-0.05539315693380093,0.05546304266257344,-0.05259071728229853,0.046420711486306165,-0.030178533231909,0.03324006729497181,0.014859545222759498,-0.22531149736120634,0.2500000000000003,-0.0443941404120427,0.05443493119829068,-0.051711019007301476,0.05130083993864276,-0.04705038996509447,0.031919206888380604,-0.02987941845242206,0.008868976698248392,0.0016497280856964285,-0.0036043127409882345,0.05335928126284965,-0.05271168932891892,0.05063640994667633,-0.04707056690366801,0.046708929238580166,-0.034578543640590716,0.03054839441972526,0.0013316681566381736,-0.0013683113287685858,0.03220639676718605,-0.03936363553873038,0.05017371670321889,-0.04925939380293767,0.04656961060166177,-0.0404939392442732,0.03280135283566299,-0.008654627024495577,0.0011193473014551028,-0.041702608901741316,0.04565611909492894,0.1013577765575903,0.10145683997550553,0.0454431393683706,0.10129011540128209,0.042339463114848014,0.10134018252360241,0.011731434218825523,0.10124855705350526,0.03884294486613853,0.10146164266017266
-0.055140993855266024,-0.056122066424001193,0.21148086755903875,-0.056368317833208476,0.18852900200069733,-0.05616103104186666,0.13378787563670616,-0.05635967102412955,-0.054159381310651025,-0.05591632551659003,-0.2115205866364182,0.22723455651593463,-0.2268546990273268,0.22501005543946317,-0.2163754044503968,0.19693390648964773,-0.15534507940478143,0.13486577119233845,0.03966818357021422,-0.0443941404120427,0.24999999999999978,-0.22887398736736317,0.22460433865442536,-0.2243844812948714,0.22042677245095155,-0.20149759061908812,0.20042731520118456,-0.16241415413114263,0.1510894850839824,-0.12822581737868488,-0.20653601760824986,0.22053284378977817,-0.22263121760343046,0.2201453560273395,-0.22031521568018747,0.20465549251654924,-0.19933527233138276,0.14076475859425805,-0.14111307585075508,0.08047505246965568,0.19851057844373546,-0.21866152639655406,0.21852284978378686,-0.21858142646636894,0.21005735894879454,-0.1997494564533271,0.13794403820426873,-0.10717265362281678,0.02739467962953542,-0.021922284729863604,-0.056204687296111555,-0.055908158707154106,-0.20566075565150388,-0.055593785044883964,-0.1824842925938255,-0.05567960270274735,-0.11914757407273886,-0.055503297783610205,-0.009725158783558922,-0.055916163002537024
0.07613104170849172,0.07722376487029456,-0.23102344487401438,0.07747632461782761,-0.20572951510669643,0.07726928452544714,-0.14859554907126496,0.07746587910232121,0.06451643090272596,0.07702489071587638,0.23218416966964486,-0.24810221399960344,0.24770201948346524,-0.2460281359906447,0.2374122252175816,-0.21631363147498978,0.17360291761268784,-0.15080675951104697,-0.04808923078391436,0.05443493119829068,-0.22887398736736317,0.24999999999999978,-0.2456395870098475,0.2454035958805182,-0.24059001580046724,0.22066373000744388,-0.21889738368928363,0.1810296556105047,-0.1671727230628426,0.14543608212305292,0.22757999779493793,-0.2415307869012175,0.24363496165899867,-0.2402833441890284,0.24039450976332066,-0.22134615973833632,0.21596651774237974,-0.14760823815602617,0.14839322963987817,-0.07888839092515022,-0.21595581945237685,0.2390958610911505,-0.2388093252140807,0.2384897763607269,-0.2282984702768968,0.21590827099089704,-0.1470431096834939,0.11276852199003351,-0.03597015154816666,0.031051596804469436,0.07731078178001304,0.0770154648491836,0.22469141013418786,0.07665573750328701,0.19957629697479276,0.07675528885404777,0.12780546425704897,0.07655429835998864,0.017066965127036995,0.07702471965220481
-0.08032535279836858,-0.08141363775374923,0.22697000818376858,-0.08166131569228031,0.20717330637136544,-0.08146211028759834,0.15151952864611123,-0.08165900838585197,-0.06196121861028177,-0.0812201696526849,-0.22873949371298796,0.24389271929357706,-0.2436757878864421,0.24716543114898468,-0.2392877303028452,0.21997251873035817,-0.17741024614209486,0.1546592221055255,0.04419182775981945,-0.051711019007301476,0.22460433865442536,-0.2456395870098475,0.25000000000000006,-0.24904507744732385,0.24423281594232546,-0.2243384546707945,0.2225774563740633,-0.18484761868998104,0.17096857477609467,-0.14934795733304326,-0.23128238626807998,0.2451866258546151,-0.24728333902138644,0.24392791119803395,-0.2440411707963912,0.22470496474714347,-0.21933917535262562,0.1493892070951832,-0.150278199988677,0.07887079694810689,0.21902858443789797,-0.24273135976562693,0.2424374879263052,-0.24209872373385466,0.23170548224451207,-0.2191212155356281,0.14900930911607455,-0.11427673128751901,0.03810177394686897,-0.03319861940720422,-0.08150484933944226,-0.08121048919030806,-0.2280761498083362,-0.08084154905665,-0.2027605175107665,-0.08094358827844812,-0.1296660921149285,-0.08073732847823406,-0.01882151745817174,-0.0812200026244274
0.08034269787417506,0.08143058463116153,-0.2267416065201325,0.08167818718586774,-0.20736667081521815,0.08147937031204702,-0.15184081523141038,0.08167720842311446,0.06160467392034046,0.08123692403035526,0.22853858853085832,-0.24366479364411517,0.24346175822537064,-0.2472637491740445,0.23951456838731333,-0.2204594085380893,0.17778793664109838,-0.1550397787732438,-0.04369166795668007,0.05130083993864276,-0.2243844812948714,0.2454035958805182,-0.24904507744732385,0.2500000000000001,-0.24479792276034604,0.22486194547228874,-0.22310474220027793,0.18524458077296554,-0.17136861732191663,0.1496617095307525,0.23179188800427242,-0.24574231988212464,0.2478458388134302,-0.24449224358261157,0.244606795559844,-0.2252515868746691,0.21987201970049852,-0.14980283842843295,0.15068968013163428,-0.0791518672601125,-0.2195418005896615,0.24328703190562515,-0.24299427182365413,0.24265975182907543,-0.2322531396792353,0.21965455087582647,-0.1493964063853081,0.11458933428307404,-0.03812814619815444,0.03320200279402807,0.08152257278998715,0.08122722687436697,0.22860078120643385,0.08085761021427967,0.20322608518481586,0.0809598224484859,0.12999424134907034,0.08075317620231579,0.018798525789874117,0.08123675679861214
-0.078421119166924,-0.07948787840972034,0.2224075971318685,-0.0797307799278226,0.20389773923130536,-0.0795373426301999,0.15592600066498352,-0.07973868876731127,-0.057533648572935324,-0.07929664236056755,-0.22404545199818504,0.2388829852591613,-0.2386909969378991,0.24249689078312592,-0.235694574424441,0.22357370973868346,-0.18207363101415075,0.15951476893990796,0.03905569064121406,-0.04705038996509447,0.22042677245095155,-0.24059001580046724,0.24423281594232546,-0.24479792276034604,0.2500000000000001,-0.2292740886966674,0.2275169232258705,-0.18969341511486176,0.17580813219796207,-0.1531635052808333,-0.2296679407738721,0.24387669330405548,-0.24590815657506487,0.24799408949467122,-0.24873080468999353,0.22949224455960293,-0.2241469861293689,0.15357277508375541,-0.15449440985248897,0.08237524838353295,0.2207834622549316,-0.2444666098948473,0.24461467570972492,-0.24582806528656767,0.23575901719482387,-0.22376347349534864,0.15295335881308775,-0.11774301270593932,0.0387809163802667,-0.033337580922369686,-0.07958887312556216,-0.07928692533555147,-0.230035603353694,-0.07891517305880051,-0.2058377180194589,-0.07901745208520784,-0.13293260416672292,-0.07880923546790328,-0.018770190771951408,-0.07929650152974839
0.0902476017612109,0.09125772157630986,-0.20403021780885944,0.09145501056390702,-0.193699980784874,0.09132396902077707,-0.17147632442756489,0.09154677254139355,0.0442780840224174,0.09110367234223381,0.207238428575923,-0.21929904687572127,0.2192369619968226,-0.22309671119958663,0.22721010475844602,-0.2399007139861145,0.20028550038304813,-0.17884722373977244,-0.01929875703903421,0.031919206888380604,-0.20149759061908812,0.22066373000744388,-0.2243384546707945,0.22486194547228874,-0.2292740886966674,0.2500000000000003,-0.2454741202598822,0.2089530321576956,-0.19468433066047575,0.17134668543732942,0.21353278237044562,-0.22402502181728784,0.22605949307268597,-0.22895666201290438,0.2296461827945495,-0.21711527462501895,0.2223389635916581,-0.1506796273793615,0.15311653744545745,-0.07851669282657459,-0.20198051505294595,0.22503584877663735,-0.22541909776375027,0.22707898879854982,-0.21928107683778386,0.21131939625253102,-0.15132057906223417,0.11790904863215786,-0.050808050080859056,0.04531021020354973,0.091349818569703,0.09109387521672827,0.2125343802806905,0.09072504674517054,0.1918661439773962,0.09082508088105985,0.1326770804263645,0.0906166735726304,0.03038829606990718,0.09110356022336237
-0.08712316495179986,-0.08812170537538296,0.2024478763140133,-0.08832034393538093,0.1920114515023608,-0.0881866226752266,0.17168878589079545,-0.08840980114281925,-0.04218443160183545,-0.08796514490572968,-0.20536597789113237,0.2175176392744494,-0.21745015599838427,0.22131735463568647,-0.2250071630593368,0.23835508401531,-0.20035691818647655,0.1807002679248267,0.017449024999358326,-0.02987941845242206,0.20042731520118456,-0.21889738368928363,0.2225774563740633,-0.22310474220027793,0.2275169232258705,-0.2454741202598822,0.25000000000000017,-0.21084982181837192,0.19661994396785368,-0.17240944165780087,-0.21161439514843441,0.22226526611013317,-0.2243014124892594,0.22750344855022064,-0.22814805657387588,0.22090507110112376,-0.2261511902486139,0.15433640610712251,-0.1567092516291767,0.0820157429505082,0.20072856504777906,-0.2234411816552601,0.2239882325266573,-0.22592412572615259,0.21988704615121638,-0.21464388493594203,0.154671878632604,-0.12123907635720815,0.05260538601243785,-0.04631888299362244,-0.08821456758413672,-0.08795538633982528,-0.2110936056294963,-0.08758764283068975,-0.19207545248151037,-0.0876859977740953,-0.13540736711706836,-0.08747715865177844,-0.031170867139891558,-0.08796504748615791
0.12609494135195684,0.12698977257641778,-0.16827551861850612,0.1270521315059176,-0.1590850861290986,0.12701820459342267,-0.1626932706082285,0.12736674436862774,0.023605653271432433,0.1269458277039814,0.17440451818816394,-0.18018394573877203,0.1801773987242826,-0.18406470436095312,0.19174104458797434,-0.20943781672534967,0.19883304956094555,-0.21668769452548217,0.00947983500787418,0.008868976698248392,-0.16241415413114263,0.1810296556105047,-0.18484761868998104,0.18524458077296554,-0.18969341511486176,0.2089530321576956,-0.21084982181837192,0.24999999999999997,-0.23214514930973662,0.21122468566215785,0.18278381277835185,-0.18439967967695667,0.18644063097096705,-0.18973714826540544,0.1902837798930154,-0.18245960749934476,0.18769281544439015,-0.115785036458166,0.12241811012295037,-0.043637044210037126,-0.16310543492937127,0.1857317672430561,-0.18623255357092489,0.18802798494917092,-0.18173571625853044,0.1764118730700343,-0.12185330231811363,0.09365685514314138,-0.06984813647817838,0.06675748606816947,0.12705347356303903,0.12693555444767468,0.174982733463964,0.12656606953557084,0.16252128276906702,0.12666625752849026,0.10938829091726214,0.12645648457777442,0.05119722809938518,0.12694558524239818
-0.11319918710210154,-0.11402012611867957,0.1553254388058615,-0.11407710921927613,0.14729801238006868,-0.11403891023028788,0.14910626873447766,-0.11439263985641444,-0.012858987609545907,-0.1139738899374529,-0.16071461778653376,0.1663161925789391,-0.16630568992117858,0.17018906546019166,-0.17732531551211367,0.19421958091102465,-0.1831563734681123,0.20195989781942505,-0.018733448732569796,0.0016497280856964285,0.1510894850839824,-0.1671727230628426,0.17096857477609467,-0.17136861732191663,0.17580813219796207,-0.19468433066047575,0.19661994396785368,-0.23214514930973662,0.2499999999999998,-0.21898176202892136,-0.16898888915228358,0.17048780579220885,-0.17253414898917036,0.17583982774951337,-0.17637412239460842,0.17083240331837674,-0.17649465085556568,0.12865260051952923,-0.13547506731106168,0.056663749684946384,0.15111979170815185,-0.17186792709655915,0.17242207192295514,-0.17430029901867952,0.16901946697829698,-0.16538451725978076,0.12050196266281171,-0.10411305785148534,0.07190546830170677,-0.06612615504567416,-0.1140806090902647,-0.11396393318012978,-0.1617603232480957,-0.11360916487794268,-0.14997840832948642,-0.11369535004772471,-0.10774092430752849,-0.11348564378027644,-0.05091251629998578,-0.11397366523634497
0.14397693665798836,0.14475780310234812,-0.13601446390638627,0.14472789860680071,-0.12849702648431263,0.14476110551056626,-0.14527702219584707,0.14504806486146515,0.011978280517871837,0.1447903165528975,0.1434376267818952,-0.1447335808975152,0.14474947063924107,-0.14864444953728062,0.15751953000025737,-0.1757830378616615,0.17939600621049634,-0.19358562852523048,0.020004008480267944,-0.0036043127409882345,-0.12822581737868488,0.14543608212305292,-0.14934795733304326,0.1496617095307525,-0.1531635052808333,0.17134668543732942,-0.17240944165780087,0.21122468566215785,-0.21898176202892136,0.24999999999999978,0.15323458509663224,-0.1495438252356741,0.15093427745713572,-0.15322728906048594,0.15359217253778218,-0.14536933229079252,0.1508644626048737,-0.0978604372555245,0.10465059344231037,-0.02583737913953384,-0.12903086084632825,0.15031802483980622,-0.15059478848730756,0.151641660328412,-0.14527867225236127,0.14011657892322496,-0.09670667644665593,0.08136389564564024,-0.08222783915385638,0.07960647970810798,0.1447995608304768,0.14478003425143954,0.14093504557782371,0.14442043776776747,0.1323618554789849,0.14451162782963464,0.08895415967697992,0.14430147582380193,0.06413752735382858,0.14479009248227462
0.09846138417283248,0.0995028611553605,-0.21049242263926038,0.09970452432589348,-0.1926552200864597,0.09955178880044645,-0.14787145140067956,0.09972333673572303,0.06269267236782225,0.09936146203894954,0.21386084371826203,-0.2260102404762,0.225845877858108,-0.2296660537229114,0.22470785716413377,-0.21025370270749805,0.17472591107644744,-0.15428031239179651,-0.04409960259712502,0.05335928126284965,-0.20653601760824986,0.22757999779493793,-0.23128238626807998,0.23179188800427242,-0.2296679407738721,0.21353278237044562,-0.21161439514843441,0.18278381277835185,-0.16898888915228358,0.15323458509663224,0.24999999999999997,-0.23565541241657248,0.23354797414036327,-0.22965770442109226,0.2295904615712318,-0.21010456435395805,0.20594037438232984,-0.13508447386489394,0.13667955081422642,-0.06364458507942233,-0.207999385198966,0.23219147298772908,-0.23120188380372753,0.22846721614569995,-0.21770827728288047,0.20461276080990282,-0.1368403720654964,0.1038368373458173,-0.044976225673596604,0.04166776184899465,0.09959310460343539,0.09935152040600896,0.21752830651245247,0.09897734091841627,0.19244896588608015,0.09908172203752191,0.1202390407645095,0.0988727741382754,0.027025794457581537,0.09936130713122641
-0.08415102613278601,-0.08522899462196351,0.22318548147684092,-0.08546912684426523,0.20441606403525475,-0.08528070146104057,0.1516797059284914,-0.08546597433403576,-0.0625791661664164,-0.08504618824958608,-0.225341756157953,0.23982967039316905,-0.23963900331840787,0.2434499585866055,-0.23664796862041043,0.21947314922140093,-0.1777145417334629,0.1543639207144063,0.04461730676050813,-0.05271168932891892,0.22053284378977817,-0.2415307869012175,0.2451866258546151,-0.24574231988212464,0.24387669330405548,-0.22402502181728784,0.22226526611013317,-0.18439967967695667,0.17048780579220885,-0.1495438252356741,-0.23565541241657248,0.24999999999999994,-0.24766881903784205,0.24386054192871626,-0.24382886802191545,0.22431025308271563,-0.21892277603447086,0.1482256609307309,-0.14914683635137296,0.07690154529202406,0.22198589351922807,-0.2462262604143741,0.24527338125400153,-0.24267296322898005,0.23193137936926408,-0.21870692499078473,0.14798215787793312,-0.1130941045951467,0.03828437082729219,-0.03385031119000749,-0.08532897090511142,-0.08503638347869526,-0.23087615622226976,-0.08466265482365938,-0.20355532193560347,-0.08476647612218795,-0.12895854365345677,-0.08455785174400372,-0.019358551385887712,-0.0850460333942545
