x1,x2,x3,x4,x5,x6,x7,x8,x9,x10,x11,x12,x13,x14,x15,x16,x17,x18,x19,x20,x21,x22,x23,x24,x25,x26,x27,x28,x29,x30,x31,x32,x33,x34,x35,x36,x37,x38,x39,x40,x41,x42,x43,x44,x45,x46,x47,x48,x49,x50,x51,x52,x53,x54,x55,x56,x57,x58,x59,x60
0.24999999999999997,0.10123846563410457,0.03994882722366935,0.08673724485517378,0.0905436027384514,0.13766735289664095,0.045099373353412804,0.046034800883599326,0.08101951304375374,0.0024391953880138467,-0.12434011157302935,0.11281667617784295,-0.16510743520887955,0.16511302690939642,-0.17132148845095146,0.15332615078994324,-0.15299627322862744,-0.05344738722025956,-0.04292328452937943,-0.08644859699858487,0.14982059374461046,-0.15029975589939337,0.14974411518949554,-0.17134257290326305,0.049047714024644626,-0.17043717781620982,-0.13548200509472533,0.05263108079146912,-0.17131471602059298,0.09620000059274936,-0.15080125387129506,0.14517620191432934,-0.1507219122002475,-0.1081373637529418,-0.049472420584632706,-0.17135479253974903,0.1351261438611941,-0.17135611776194123,0.1693183413836295,-0.17041607326016997,0.050381066483406754,-0.14816709223738214,-0.1157755213707771,0.07378779582367068,-0.17135594070021604,0.16872776709615242,-0.17135614072383107,0.16937731315051777,-0.17042007443775128,0.16992448681438596,0.049321822853940434,0.019724691559508973,0.040126133792255325,0.07713838369015588,0.06043216545548575,0.05157877332356132,0.04856820857599202,0.04844999532219348,0.03847318042896611,0.007573088177468428
0.10123846563410457,0.25000000000000006,0.14961791052500492,0.11395325149394636,0.05273036111376871,0.08230615258358916,0.015964097852605923,0.015124069791873822,0.0366680181220297,-0.01837347788137583,-0.134109305899506,0.13258719501744176,-0.0859482326995216,0.08554925867272328,-0.08245861972927776,0.09136839992398982,-0.09110240573242617,-0.02105359772962749,-0.011176177508528841,-0.05176883391148891,0.1050432078470979,-0.10528659088715142,0.1049848305576319,-0.08244713055502628,0.0063550134534166025,-0.08270340931299956,-0.061957558076099005,0.02042008754659431,-0.08242688938835313,0.05868112873210155,-0.1046982758645299,0.10171548244270154,-0.10475972210399048,-0.04889614744552788,-0.005933408218805607,-0.0824399580932223,0.06171770596618963,-0.08244054009051391,0.08128961912099472,-0.08185183171021693,0.04087644311079469,-0.09764871692187099,-0.05442455171139165,0.032262653077262275,-0.08244046282662741,0.08117567785776277,-0.08244055905532924,0.0814103446563783,-0.08185462911814961,0.08161479952182712,0.012871120069467968,0.003942884697649017,0.01924153354308785,0.039998682218717795,0.03179226563502016,0.026191778837559944,0.022980684476632075,0.022676996515875358,0.018734132013386997,0.0038748554093663546
0.03994882722366935,0.14961791052500492,0.24999999999999997,0.15005012820715766,0.020529107924759205,0.044524132425226993,-0.01665475560298503,-0.017075680103739745,-0.0005088869437845165,-0.04354616565594018,-0.12628494354637063,0.12844959382291993,-0.03497248068380573,0.0344933204457869,-0.02872723560108345,0.04232909141053854,-0.04208992649129788,-0.002114282151889729,0.020291498112886018,-0.038017251537026446,0.07205189282342948,-0.07214784770627183,0.0720276225551584,-0.028710467001022255,-0.018513818664016843,-0.02920124311045621,-0.0182221469936282,0.0015770074240810186,-0.02870095391860369,0.042855543744726936,-0.07108068126255943,0.06990527655168205,-0.07120954890007808,-0.014603310148791428,0.01903100132060847,-0.028699947444582635,0.01805373379904423,-0.028700085004333107,0.02808492801075648,-0.028321918240773826,0.032071247278418584,-0.06255551965711924,-0.017641967093019163,0.0084266288744767,-0.02870006764081933,0.028259250984306684,-0.028700099753144498,0.028242352536256815,-0.028324105289152576,0.028238817425342295,-0.0072985327609882585,-0.004494617917473734,0.006694567469179964,0.01706528618829713,0.013987071860593453,0.010592706077609858,0.0075940397082152455,0.007222469264139453,0.006762364748551916,0.0015975618208199024
0.08673724485517378,0.11395325149394636,0.15005012820715766,0.25000000000000033,0.07162186947303088,0.08722591975093891,0.01241769447237633,0.014161104635833708,0.036641947799690905,-0.01711678322792887,-0.14417683680179,0.14450284997778493,-0.08003166570508824,0.07954675944498045,-0.0749991784542456,0.08923272635890803,-0.0889610798704353,-0.014185943775125788,-0.01201484934525732,-0.04875142847125201,0.10591766039348648,-0.10614205308327275,0.10585549098803322,-0.07498115082853929,0.001048744485355298,-0.0754554046622378,-0.054308652676405014,0.013581708873582385,-0.07495901328791467,0.05545804466398888,-0.1053463530997749,0.10255685353017935,-0.10543361363231134,-0.042894575860518536,-0.0004448770376095368,-0.074970100879842,0.054088046191210784,-0.07497061229496817,0.07389404631436099,-0.07441092899486973,0.04257239868004794,-0.09712080751730037,-0.04872810335058739,0.027581930784819055,-0.07497054626882317,0.07382051020210552,-0.07497063464873734,0.07401972459289709,-0.07441354286276289,0.07419521003365921,0.008350818641053208,0.0016420961920263555,0.017230410247753226,0.03716736440708382,0.02974266935299674,0.024256499570528334,0.020786967835770668,0.020426078189998132,0.01712251402001861,0.0036098890493782934
0.0905436027384514,0.05273036111376871,0.020529107924759205,0.07162186947303088,0.24999999999999983,0.11705700388385128,0.017541991421058452,0.019243749954612692,0.0475964820786787,-0.022119335996733717,-0.07790697089644746,0.07593676739111697,-0.09393948398715259,0.09392382354314939,-0.09753303484110273,0.11427527896930065,-0.11393720540757404,-0.04629312737292526,-0.01545288171140033,-0.045509573299167855,0.09316228385123788,-0.09343847879180923,0.09310523414582582,-0.09751139064792913,0.02026064829479858,-0.09809603996541878,-0.08186984453541298,0.04549746597358862,-0.09748017940448696,0.05337190411026322,-0.09342172427225134,0.0901098313303772,-0.09340159096644139,-0.0633559665330488,-0.019538562409533757,-0.09749869812197359,0.08154377673576017,-0.09749943702542688,0.09619292166548013,-0.09685190222183367,0.03192732584131199,-0.09051051815180632,-0.06713377172234941,0.04444650411472236,-0.09749932758476007,0.09600327365572706,-0.09749943769550375,0.09630930791556101,-0.0968552314706704,0.09657202615990691,0.025118633329714687,0.010730367067123063,0.023895049604141603,0.04508393290403851,0.03514087676465354,0.029656617175205013,0.0274972048880176,0.027401781274639176,0.021875848713967104,0.0043072625891144726
0.13766735289664095,0.08230615258358916,0.044524132425226993,0.08722591975093891,0.11705700388385128,0.25000000000000017,0.11335680352907385,0.108301385442024,0.1378151681605071,0.06329131370182975,-0.09430818413217094,0.08672756358552804,-0.1872737282076477,0.18726239703088063,-0.19329492402403714,0.21004458561444922,-0.20979762018024636,-0.06893975429906075,-0.10434043553524493,-0.054386946809714225,0.1520149610159348,-0.15255612912988245,0.15186598863558132,-0.19327220604305517,0.0699403045282275,-0.1937755183162455,-0.1560806550366607,0.06821752215076372,-0.1932149022782245,0.06507704709546333,-0.1533706516486867,0.1466326413464818,-0.15322992944224081,-0.12124429651072796,-0.06908185393614605,-0.19325958061088788,0.1557093279428675,-0.19326111831236167,0.19112148135702178,-0.1923361920153334,0.048247991755821965,-0.15287450424440452,-0.13141373667000053,0.08358596945514943,-0.1932609070618008,0.1902974821291049,-0.1932611361350379,0.19110637743931913,-0.19233956162595262,0.19178205412775678,0.06140303354445025,0.02498740227538501,0.04536522700520843,0.08553279574528976,0.0668001128874922,0.05747895649508407,0.05493445752359162,0.05493743320475963,0.04325956300730939,0.00840825093769158
0.045099373353412804,0.015964097852605923,-0.01665475560298503,0.01241769447237633,0.017541991421058452,0.11335680352907385,0.2499999999999999,0.14091240884977163,0.13355056340725321,0.09138916772347573,0.0023621222746442916,-0.007937010296165363,-0.10888076794264158,0.1090700730913192,-0.11517293160399943,0.13354294224681132,-0.1341627180614405,-0.033463343575256356,-0.11886524953804493,0.0031467502443197595,0.06550498028150728,-0.06581942009939508,0.06538174382467357,-0.11514894796501401,0.0615141180412135,-0.11579406974474701,-0.0920031552145732,0.03349138480089241,-0.11510208667096808,0.0020805074802879575,-0.06685043827466569,0.06276461852715864,-0.06669079417213207,-0.07061378678075181,-0.06069923615046326,-0.1151360344833668,0.09191743466583026,-0.11513700253699277,0.11413495190099425,-0.11480704779056142,0.016763940385510934,-0.07068026561651705,-0.07790660474410394,0.04834223152406382,-0.11513687366542932,0.11337288349012119,-0.11513701606104146,0.11397927414390946,-0.11480713467660852,0.11447735276588071,0.04524500653715074,0.018225475680997298,0.026114053644820622,0.04830292757156719,0.03766073289104754,0.03322701184075133,0.03303529681470831,0.03320202924858278,0.02565464212868377,0.004879008357323143
0.046034800883599326,0.015124069791873822,-0.017075680103739745,0.014161104635833708,0.019243749954612692,0.108301385442024,0.14091240884977163,0.2499999999999998,0.1923388476447669,0.17715472123472045,0.005953967294934568,-0.01154235553043737,-0.10978909213168216,0.10997426710685815,-0.11591921159191271,0.13428129480261292,-0.1349018753539644,0.01879295801707113,-0.20599184276838253,0.030374666116525385,0.06413265503790548,-0.0644412335092582,0.06395832876349955,-0.11589485567357637,0.07690989889792992,-0.11652750031330246,-0.07688646595821431,-0.017855358088305132,-0.11583281517499706,-0.032217571276149465,-0.06552978967368026,0.061351013453749756,-0.06536288048024112,-0.06101968737453779,-0.07606537116104789,-0.11588226869917899,0.07712071722726661,-0.1158832527670784,0.11528243662058585,-0.11587205269608938,0.018401610708787042,-0.06959565298438036,-0.07307082576350185,0.03685749267121064,-0.11588314841026828,0.11411133840464982,-0.11588330681979395,0.11490020680818099,-0.11586871152005351,0.11554033572916304,0.04731508839836168,0.015620264387116348,0.02255369857388412,0.046696658203807785,0.03740072611891799,0.03344222559743808,0.033405164873927626,0.03348472558479475,0.026035550421386087,0.0050931472415869025
0.08101951304375374,0.0366680181220297,-0.0005088869437845165,0.036641947799690905,0.0475964820786787,0.1378151681605071,0.13355056340725321,0.1923388476447669,0.24999999999999983,0.15585098968987732,-0.025221005716120723,0.018477532558467777,-0.14724335805995714,0.14735212767244787,-0.1532766307924574,0.17112647076600127,-0.17179149646956704,-0.00864252394490864,-0.20050882416274812,0.01290727089925811,0.09841886856659457,-0.09883358043650789,0.09823884567049997,-0.1532528520839876,0.08271865708567927,-0.15382669317782918,-0.11081527874383304,0.00910796623816813,-0.15318837443961786,-0.0006583826351651278,-0.10000691645817558,0.09459238640953443,-0.09982758142715308,-0.08752755206333546,-0.08185608194784777,-0.15324038461694675,0.11087543232692694,-0.1532416522501313,0.15207332208454769,-0.15292871693043714,0.029475186708142205,-0.10322318376950396,-0.09982023773727337,0.056336117624115264,-0.15324150253348917,0.1508956214209888,-0.1532416999883077,0.15177220335713026,-0.15292725565340998,0.15248976886126517,0.05719225751882419,0.020541534314880143,0.03238639206172096,0.06416817099079863,0.050808363342287687,0.04473050633477295,0.04393623001321057,0.04400755062554439,0.03436720313155248,0.006697607573564895
0.0024391953880138467,-0.01837347788137583,-0.04354616565594018,-0.01711678322792887,-0.022119335996733717,0.06329131370182975,0.09138916772347573,0.17715472123472045,0.15585098968987732,0.25000000000000006,0.05227756659390311,-0.05655690591272382,-0.06312622506728616,0.06341641517223531,-0.06941243953584066,0.08782201131993196,-0.08839944935560974,0.040093695437827606,-0.20452497081745472,0.05656577064196022,0.017819444696991316,-0.01799439472771111,0.017674152195635506,-0.06938821488887628,0.06703230975291506,-0.07007360437334584,-0.03848463198622579,-0.038779203648548484,-0.06933349353090304,-0.06104840896918454,-0.01909410536413197,0.016551833790479833,-0.01893141687484352,-0.031430729401392896,-0.06623924692514056,-0.06937584834741546,0.03886359081284034,-0.06937647891089814,0.06939506230811714,-0.06967115690928948,0.002143802134084584,-0.024922526434796716,-0.04111055055530558,0.016135587749569365,-0.06937642564950709,0.06831846687371447,-0.0693765309443176,0.06895941922294051,-0.06966627185445182,0.06947294400563898,0.035916102734528894,0.01085503694842002,0.011164960341480245,0.02501933036548864,0.020467605348292874,0.019209088301756844,0.020317572586059447,0.020456889572346846,0.015587505132843042,0.003026456218446284
-0.12434011157302935,-0.134109305899506,-0.12628494354637063,-0.14417683680179,-0.07790697089644746,-0.09430818413217094,0.0023621222746442916,0.005953967294934568,-0.025221005716120723,0.05227756659390311,0.24999999999999942,-0.23735543711562446,0.09255066920003353,-0.09198423841201006,0.08757453773725322,-0.10218215135401379,0.1017809776358401,-0.0008289847565639444,-0.010099048086436056,0.08295556104108677,-0.15314883627849363,0.15340930088227267,-0.15310090809835492,0.08755628491472883,0.018633720062884624,0.08799762759395742,0.05721729066613939,0.001715875344187175,0.08752940671119558,-0.0923611096901818,0.151793898973465,-0.14881566768255733,0.15198591690915783,0.04813282587278356,-0.019263546316300888,0.08754452070552801,-0.05693053056916693,0.0875450491504132,-0.08612881586781132,0.08675848553956768,-0.06491152796767866,0.13752198081113895,0.05456823100080351,-0.02867667863674595,0.08754498854252891,-0.08620247347937661,0.08754509062924706,-0.08635853144694026,0.08676238055947241,-0.08650606038753733,-3.0871620874574e-5,0.0034530059415296974,-0.019308943674746473,-0.04562359698371265,-0.037030598496664756,-0.029541513265867382,-0.02399805281312463,-0.023329439625311272,-0.020248530129383102,-0.004471151883410543
0.11281667617784295,0.13258719501744176,0.12844959382291993,0.14450284997778493,0.07593676739111697,0.08672756358552804,-0.007937010296165363,-0.01154235553043737,0.018477532558467777,-0.05655690591272382,-0.23735543711562446,0.24999999999999978,-0.08124884772920025,0.08060279152155111,-0.07500037057541081,0.09292679403908913,-0.09253309112707131,0.0060485816818085045,0.015703440006771076,-0.079021373193808,0.14772081080445065,-0.1479451569771539,0.14767249923407694,-0.07497813891479282,-0.024941883614064964,-0.07556370422874759,-0.04679255027410967,-0.006913031731166233,-0.07495167588235845,0.08797609694275992,-0.14615280967591943,0.1435488267304276,-0.1463675391386695,-0.03953457163777763,0.025673250366075186,-0.07496396381627914,0.04652178800784843,-0.07496438647947344,0.07366884624035132,-0.07422350497555594,0.06404906344487563,-0.1311048971274405,-0.04586288445303605,0.02264013247958301,-0.07496433985314707,0.07381472912113063,-0.0749644274465028,0.07390979509144292,-0.07422726369866942,0.07400708889721842,-0.005429352623232,-0.00585157983416423,0.01635530006656539,0.04045224385466722,0.033059846353446325,0.025990686239815333,0.02036558796819531,0.019663959532943732,0.017462559314493174,0.003954986916484769
-0.16510743520887955,-0.0859482326995216,-0.03497248068380573,-0.08003166570508824,-0.09393948398715259,-0.1872737282076477,-0.10888076794264158,-0.10978909213168216,-0.14724335805995714,-0.06312622506728616,0.09255066920003353,-0.08124884772920025,0.24999999999999972,-0.2492497478833261,0.2436781739111336,-0.22497401180852122,0.22467980347924452,0.09530893031984981,0.1068854856185603,0.08162917268996164,-0.17382257100485274,0.174519089711291,-0.1736816296966962,0.24369915776551684,-0.09764294600769079,0.24272925624522917,0.19919242869335585,-0.09448373102822422,0.24365957728513613,-0.09330756813987906,0.17614202505342996,-0.16769778729195448,0.17590880233940104,0.15548511570387963,0.09799263764521693,0.24371206789133287,-0.19875550579652254,0.24371404412967002,-0.24107431835222085,0.24259170156010829,-0.0516014254390412,0.17854033688002094,0.16720209996459506,-0.1084865284569984,0.24371377350027323,-0.23997561682538768,0.24371406082585545,-0.24102232065034532,0.24259585199574776,-0.24189323080057992,-0.08324894746482978,-0.03491932941489065,-0.057763222742077146,-0.10655997921710599,-0.08283785726529795,-0.07173915081525489,-0.06945844989334776,-0.06960973607391606,-0.05440134764708314,-0.010447685948660636
0.16511302690939642,0.08554925867272328,0.0344933204457869,0.07954675944498045,0.09392382354314939,0.18726239703088063,0.1090700730913192,0.10997426710685815,0.14735212767244787,0.06341641517223531,-0.09198423841201006,0.08060279152155111,-0.2492497478833261,0.2499999999999996,-0.24364014059010938,0.2249305702822749,-0.22463739160148352,-0.0954243301474506,-0.10708559339478753,-0.08139467733708375,0.17349717634044542,-0.1741934295159827,0.17335603119218054,-0.24366112874934684,0.09780891252382987,-0.24269131021467946,-0.19921551310739802,0.09460129952926283,-0.24362154330471938,0.09305439627616162,-0.17582302926180188,0.1673794492920144,-0.17558893828147637,-0.15548426569984206,-0.09815881648220762,-0.24367404627605727,0.1987789998437462,-0.24367602282341813,0.24103824304302046,-0.24255512559075018,0.05144054482335683,-0.1782703235970338,-0.16719541980235608,0.10850357741534344,-0.2436757520948701,0.23993817838806664,-0.24367603938249377,0.24098544669267305,-0.24255926741958597,0.24185676885314292,0.08333410635655203,0.034966799589652736,0.05775978698404169,0.1065195833806649,0.08280118373181539,0.0717155845760445,0.06945065852844684,0.06960433052235808,0.05439047849505196,0.010443649485777005
-0.17132148845095146,-0.08245861972927776,-0.02872723560108345,-0.0749991784542456,-0.09753303484110273,-0.19329492402403714,-0.11517293160399943,-0.11591921159191271,-0.1532766307924574,-0.06941243953584066,0.08757453773725322,-0.07500037057541081,0.2436781739111336,-0.24364014059010938,0.24999999999999986,-0.23128105819232742,0.23099291395974572,0.10022884751860353,0.11317582840751314,0.08022279202122078,-0.1737751081729612,0.17447573777212783,-0.17361606207675545,0.24994872220084702,-0.10265896734101611,0.2489796156799316,0.2050992248124412,-0.09940709982962442,0.2499087142387974,-0.09204614255883153,0.17624539690631996,-0.1675659198581242,0.1759924358617004,0.15999616080935902,0.10299750847450466,0.249961628479321,-0.2046546009802373,0.2499636638660069,-0.24727807452638406,0.24883077386104038,-0.050575043322525784,0.1794445485394315,0.17179466510806432,-0.11190150259106953,0.24996338445418248,-0.24612933584943356,0.24996367899923297,-0.24721334997505426,0.24883491452607376,-0.24811446213748845,-0.08687136776504276,-0.036641688785434647,-0.059340298342825004,-0.10893502780983728,-0.08459688771895062,-0.07338770743257308,-0.07128672016671214,-0.07147876358827601,-0.05575872458594648,-0.010677655856847953
0.15332615078994324,0.09136839992398982,0.04232909141053854,0.08923272635890803,0.11427527896930065,0.21004458561444922,0.13354294224681132,0.13428129480261292,0.17112647076600127,0.08782201131993196,-0.10218215135401379,0.09292679403908913,-0.22497401180852122,0.2249305702822749,-0.23128105819232742,0.24999999999999983,-0.24921534275196988,-0.08165197846004571,-0.13155081893585535,-0.06166506053389246,0.17579312131274558,-0.17643869804793869,0.1756103065418954,-0.231256875634033,0.08859680608154788,-0.23176921596885852,-0.18644497412608171,0.08089831346281647,-0.23119045775582284,0.07360258394152498,-0.17759410985697738,0.16949234891100903,-0.17740665476963757,-0.14494124537861292,-0.08765112196455248,-0.23124349853587803,0.1860341506210611,-0.23124535170872748,0.22874561614450947,-0.2301868594713793,0.054768352995136715,-0.1779779779498982,-0.15726782422248908,0.09993793740886854,-0.23124509884312697,0.22769932379363694,-0.23124537394165312,0.22869462584044975,-0.23019049011024523,0.22952392107759356,0.07557225351097832,0.030787123346721734,0.05413989423490672,0.10173810992336807,0.07941672722779547,0.06852684016083896,0.06580365979517472,0.06584934370971553,0.051728480478391424,0.010023921136686424
-0.15299627322862744,-0.09110240573242617,-0.04208992649129788,-0.0889610798704353,-0.11393720540757404,-0.20979762018024636,-0.1341627180614405,-0.1349018753539644,-0.17179149646956704,-0.08839944935560974,0.1017809776358401,-0.09253309112707131,0.22467980347924452,-0.22463739160148352,0.23099291395974572,-0.24921534275196988,0.24999999999999994,0.08122244299832276,0.13218150234421014,0.061216853611544345,-0.17544713347069701,0.17609177751598507,-0.1752641107301013,0.23096867842422913,-0.0886533372852589,0.23148148063271556,0.1861203628471861,-0.08047651452581094,0.23090220747750922,-0.0731684656030846,0.1772486653671965,-0.16915684550478496,0.17706105673263295,0.14470047721856896,0.0877076500621911,0.23095530224144153,-0.18571242070339627,0.2309571533730013,-0.22846399550690796,0.22990273381985682,-0.054652507607047554,0.17765300129947564,0.157039943624132,-0.09974275804103626,0.23095690095450233,-0.22741557254395028,0.2309571758170632,-0.228411171738296,0.2299063324592116,-0.22924062418634847,-0.07552811264608518,-0.03074931892630231,-0.054047257206322336,-0.10158816747817069,-0.0793048738939581,-0.06843664819770497,-0.0657240061100779,-0.0657699015066961,-0.05166466824040571,-0.010011850046314956
-0.05344738722025956,-0.02105359772962749,-0.002114282151889729,-0.014185943775125788,-0.04629312737292526,-0.06893975429906075,-0.033463343575256356,0.01879295801707113,-0.00864252394490864,0.040093695437827606,-0.0008289847565639444,0.0060485816818085045,0.09530893031984981,-0.0954243301474506,0.10022884751860353,-0.08165197846004571,0.08122244299832276,0.2499999999999996,-0.03659338352577932,-0.02707605612452108,-0.030599951170681563,0.03084589099432018,-0.03010113039402182,0.10025140348720978,-0.09586908278006091,0.09958224160698455,0.14345948837224456,-0.24813020171856676,0.10031875115185071,0.016806788169099474,0.03259274919570754,-0.024108408562648787,0.03235697968469657,0.07018608666476181,0.09646477538599886,0.10026378592335139,-0.14267613095481185,0.10026491087497702,-0.09886429261787874,0.09960122424887732,0.0056378896866363035,0.03562605464218461,0.09221840233670488,-0.071749908231717,0.10026465044350753,-0.0987111679113029,0.10026476307970132,-0.09904467044975593,0.09960684425691425,-0.09931535595122469,-0.0460740182324259,-0.03008190456102974,-0.038001271616274056,-0.04711259885284575,-0.032951668862049234,-0.027976065112080655,-0.028035328104050523,-0.028847459657238825,-0.02119869242294129,-0.003191305578145553
-0.04292328452937943,-0.011176177508528841,0.020291498112886018,-0.01201484934525732,-0.01545288171140033,-0.10434043553524493,-0.11886524953804493,-0.20599184276838253,-0.20050882416274812,-0.20452497081745472,-0.010099048086436056,0.015703440006771076,0.1068854856185603,-0.10708559339478753,0.11317582840751314,-0.13155081893585535,0.13218150234421014,-0.03659338352577932,0.25000000000000006,-0.056596031071837104,-0.06071975380281307,0.061017137878410226,-0.060534747068371884,0.11315136238488636,-0.08015254590134259,0.11378275999532697,0.06965372146538926,0.0353998156452223,0.11308491147630914,0.043921146583285914,0.062124202565418396,-0.05808195267987922,0.06195553421941591,0.056435687584929305,0.0793022930456311,0.11313889123102784,-0.06999277016447078,0.11313985458511831,-0.1126979718165134,0.11324321571703515,-0.017851438944155806,0.06643911909782313,0.06944776701515627,-0.03207673410718279,0.11313976167422626,-0.1114112941490764,0.11313992126841647,-0.11224497252223732,0.11323873995557254,-0.1129193964433695,-0.047214827332647154,-0.014503741745818437,-0.020677591782345565,-0.04478759461528486,-0.0362206325230325,-0.03259316787316945,-0.03268963719955984,-0.03274438687186972,-0.025487745751195976,-0.0050299614684001575
-0.08644859699858487,-0.05176883391148891,-0.038017251537026446,-0.04875142847125201,-0.045509573299167855,-0.054386946809714225,0.0031467502443197595,0.030374666116525385,0.01290727089925811,0.05656577064196022,0.08295556104108677,-0.079021373193808,0.08162917268996164,-0.08139467733708375,0.08022279202122078,-0.06166506053389246,0.061216853611544345,-0.02707605612452108,-0.056596031071837104,0.24999999999999992,-0.08398417018492157,0.08425284512477531,-0.08457094122935423,0.08024428209425744,0.05669158349836541,0.07928497027819714,0.03624241914245209,0.0278974249614477,0.08031266775278606,-0.23716779573519076,0.08449523203383338,-0.08619811178900477,0.08450935469308082,0.08334135332738235,-0.05612480374867727,0.08025829796907269,-0.03603825650192415,0.08025861864630059,-0.0787083131666408,0.0792947719147909,-0.028225919908944196,0.08517211551484014,0.04729157982564355,-0.04856388974543606,0.08025865179454075,-0.0790272675218197,0.08025869597772474,-0.07903343878800635,0.07930091691190601,-0.0790631414152002,-0.017833965696661916,-0.007933558554571165,-0.01537433515972803,-0.03541353017462558,-0.027847048421621393,-0.024150609338379238,-0.023284446466855728,-0.022981804891533036,-0.018310842364466104,-0.003819965599582382
0.14982059374461046,0.1050432078470979,0.07205189282342948,0.10591766039348648,0.09316228385123788,0.1520149610159348,0.06550498028150728,0.06413265503790548,0.09841886856659457,0.017819444696991316,-0.15314883627849363,0.14772081080445065,-0.17382257100485274,0.17349717634044542,-0.1737751081729612,0.17579312131274558,-0.17544713347069701,-0.030599951170681563,-0.06071975380281307,-0.08398417018492157,0.24999999999999992,-0.24928104902363088,0.24846447269613187,-0.17378373673067268,0.03387107491615388,-0.17429830107616243,-0.12906591935486322,0.029674051764550402,-0.1737155883686803,0.09448334159937971,-0.2474108277549893,0.23948428935543542,-0.2476185624125135,-0.08495853182473595,-0.03302763918255937,-0.17376903485383163,0.128693809479728,-0.17377033039928044,0.17149300352169947,-0.1726491533411823,0.10180093275933716,-0.22636051777569569,-0.11451206062000863,0.05616248443770003,-0.17377015030107326,0.1711031030702125,-0.17377037531062187,0.1716670341212306,-0.17265382781570246,0.17214969835423832,0.01880709191764271,0.0024830216422859416,0.040670314587885066,0.08694686250305406,0.06979600416192272,0.056610507330375606,0.047909877840098175,0.047083280931290994,0.03968579644614038,0.008358477472839448
-0.15029975589939337,-0.10528659088715142,-0.07214784770627183,-0.10614205308327275,-0.09343847879180923,-0.15255612912988245,-0.06581942009939508,-0.0644412335092582,-0.09883358043650789,-0.01799439472771111,0.15340930088227267,-0.1479451569771539,0.174519089711291,-0.1741934295159827,0.17447573777212783,-0.17643869804793869,0.17609177751598507,0.03084589099432018,0.061017137878410226,0.08425284512477531,-0.24928104902363088,0.24999999999999994,-0.24913036451148912,0.17448445887096498,-0.034137911441588224,0.1749977721706007,0.12962937591944418,-0.029917669519556944,0.17441614647523018,-0.09478626200902018,0.2480643643368514,-0.24011007722245142,0.24827189081987558,0.08536807998392937,0.033294115648482864,0.1744697643927488,-0.12925600987998945,0.1744710655918747,-0.1721856751272876,0.17334626677341738,-0.10202769862730018,0.22699237247641899,0.11499160622302437,-0.05644914023319966,0.17447088470796532,-0.17179308156995937,0.17447111057594256,-0.172359804775607,0.17335095595499952,-0.17284480239036867,-0.018997633408384274,-0.0025575249462524074,-0.04083844916547324,-0.08726790290526097,-0.07004782417530517,-0.05682353392015236,-0.048107373680064014,-0.04728016713623183,-0.03984315713320896,-0.008389471535442242
0.14974411518949554,0.1049848305576319,0.0720276225551584,0.10585549098803322,0.09310523414582582,0.15186598863558132,0.06538174382467357,0.06395832876349955,0.09823884567049997,0.017674152195635506,-0.15310090809835492,0.14767249923407694,-0.1736816296966962,0.17335603119218054,-0.17361606207675545,0.1756103065418954,-0.1752641107301013,-0.03010113039402182,-0.060534747068371884,-0.08457094122935423,0.24846447269613187,-0.24913036451148912,0.24999999999999992,-0.17362473643251658,0.033507325343721,-0.17413886284580518,-0.12877962244143923,0.029175507359137026,-0.17355666625262448,0.0950703791936264,-0.2472522764988461,0.23935816194816917,-0.24746010640972207,-0.08499147149390991,-0.03266405912809467,-0.1736100380391815,0.12840842421556684,-0.17361133097410356,0.17133426090224993,-0.17248945460974607,0.10174383291493844,-0.22623422909087207,-0.1143531286152105,0.05612837506151899,-0.17361115162378776,0.17094656607678513,-0.17361137626062753,0.1715089752077167,-0.17249413717202536,0.1719904505188457,0.018765635890329025,0.002460624317114179,0.040602204244803326,0.08685764639707783,0.06972946964815094,0.05655943837772578,0.0478691060110413,0.047041626005745664,0.0396519436368924,0.008353125850526078
-0.17134257290326305,-0.08244713055502628,-0.028710467001022255,-0.07498115082853929,-0.09751139064792913,-0.19327220604305517,-0.11514894796501401,-0.11589485567357637,-0.1532528520839876,-0.06938821488887628,0.08755628491472883,-0.07497813891479282,0.24369915776551684,-0.24366112874934684,0.24994872220084702,-0.231256875634033,0.23096867842422913,0.10025140348720978,0.11315136238488636,0.08024428209425744,-0.17378373673067268,0.17448445887096498,-0.17362473643251658,0.25,-0.10269936003271561,0.24902354891487885,0.20512057118781696,-0.0994295284903101,0.24992960953825288,-0.09206738632770334,0.1762552163735247,-0.16757475181369738,0.17600220592116478,0.16001050511363518,0.10301778700495456,0.24998252293786724,-0.20467589996487964,0.2499845585327412,-0.24729869611022068,0.24885153069470045,-0.0505761980025968,0.17945522921409304,0.1718115007518269,-0.1119138792292513,0.24998427908838303,-0.24614990726217162,0.24998457365684448,-0.24723399076724875,0.24885567245405607,-0.2481351593467803,-0.08688016033346256,-0.036646552815642754,-0.05934672010583861,-0.10894441666141251,-0.08460378978808795,-0.0733936577694026,-0.07129264345598083,-0.07148478309566302,-0.055763269772253855,-0.010678433997138102
0.049047714024644626,0.0063550134534166025,-0.018513818664016843,0.001048744485355298,0.02026064829479858,0.0699403045282275,0.0615141180412135,0.07690989889792992,0.08271865708567927,0.06703230975291506,0.018633720062884624,-0.024941883614064964,-0.09764294600769079,0.09780891252382987,-0.10265896734101611,0.08859680608154788,-0.0886533372852589,-0.09586908278006091,-0.08015254590134259,0.05669158349836541,0.03387107491615388,-0.034137911441588224,0.033507325343721,-0.10269936003271561,0.24999999999999994,-0.10361763143360755,-0.1469955876200742,0.09653711474346273,-0.10263177180071541,-0.05515759429183864,-0.03588221544277163,0.027379807863799496,-0.03565079623361852,-0.012724344281844234,-0.24871384322121665,-0.10268494387837356,0.14729582222818507,-0.10268655567413301,0.10213396532533951,-0.10275056839468272,0.005859288135739105,-0.0388781852240932,-0.09879718005637188,0.03920552749666014,-0.10268620944665459,0.10108754241354466,-0.10268640853516993,0.1018631773219174,-0.1027508587381992,0.10246049842013968,0.04695952831505363,0.02544671373332794,0.04033857986853402,0.05055415294110549,0.036708855176770236,0.030071965220513332,0.02778542083267583,0.028624574540492328,0.02179472742684027,0.0032819393649511598
-0.17043717781620982,-0.08270340931299956,-0.02920124311045621,-0.0754554046622378,-0.09809603996541878,-0.1937755183162455,-0.11579406974474701,-0.11652750031330246,-0.15382669317782918,-0.07007360437334584,0.08799762759395742,-0.07556370422874759,0.24272925624522917,-0.24269131021467946,0.2489796156799316,-0.23176921596885852,0.23148148063271556,0.09958224160698455,0.11378275999532697,0.07928497027819714,-0.17429830107616243,0.1749977721706007,-0.17413886284580518,0.24902354891487885,-0.10361763143360755,0.24999999999999994,0.20415134876473542,-0.0987628817885121,0.24895759447490312,-0.09109642733155561,0.17676327038790632,-0.1680888848574047,0.17651436136909424,0.15903843734527834,0.10265599728052745,0.24901051535153448,-0.20370959634417504,0.24901254278286816,-0.2463352612156491,0.24788224925240038,-0.051027337314963894,0.17971837475816135,0.17110482574866126,-0.11121538005548393,0.2490122645473537,-0.24519275284854403,0.24901255829699945,-0.24627171271671316,0.2478863808751898,-0.24716865465748125,-0.08615268997566781,-0.036278834930662085,-0.05911272002345492,-0.10863015888433253,-0.0843832784681773,-0.07316335004243661,-0.07099831287422988,-0.0711806919440174,-0.055555312283260626,-0.010645684698976388
-0.13548200509472533,-0.061957558076099005,-0.0182221469936282,-0.054308652676405014,-0.08186984453541298,-0.1560806550366607,-0.0920031552145732,-0.07688646595821431,-0.11081527874383304,-0.03848463198622579,0.05721729066613939,-0.04679255027410967,0.19919242869335585,-0.19921551310739802,0.2050992248124412,-0.18644497412608171,0.1861203628471861,0.14345948837224456,0.06965372146538926,0.03624241914245209,-0.12906591935486322,0.12962937591944418,-0.12877962244143923,0.20512057118781696,-0.1469955876200742,0.20415134876473542,0.24999999999999994,-0.14430266465528802,0.20508036158767792,-0.0472437088950228,0.1314001349860843,-0.12276609456773084,0.13114733418545815,0.11525372303836162,0.14753078197075703,0.20513323124945743,-0.24900405478604576,0.20513528770193384,-0.20250408396546504,0.20401100148374746,-0.03386585725509801,0.13492121418828878,0.16623163687995168,-0.10648449366843295,0.2051348280293191,-0.20197737791036474,0.2051350943531497,-0.20276912722964602,0.20401833533995076,-0.20342479397167176,-0.07140388146561202,-0.0390587383897994,-0.06449117639190967,-0.09677254371213076,-0.07209030109677349,-0.060505544253972025,-0.05720661572971315,-0.05791339837965566,-0.04474091139556983,-0.00785346668484309
0.05263108079146912,0.02042008754659431,0.0015770074240810186,0.013581708873582385,0.04549746597358862,0.06821752215076372,0.03349138480089241,-0.017855358088305132,0.00910796623816813,-0.038779203648548484,0.001715875344187175,-0.006913031731166233,-0.09448373102822422,0.09460129952926283,-0.09940709982962442,0.08089831346281647,-0.08047651452581094,-0.24813020171856676,0.0353998156452223,0.0278974249614477,0.029674051764550402,-0.029917669519556944,0.029175507359137026,-0.0994295284903101,0.09653711474346273,-0.0987628817885121,-0.14430266465528802,0.2499999999999999,-0.0994972107403186,-0.017803745285128375,-0.031666889545885764,0.02317446422897395,-0.03143077334605973,-0.06943082690505935,-0.09713696812781278,-0.09944191723433693,0.14351623154526236,-0.09944304214580998,0.09804314332167989,-0.09877932394310043,-0.006012713358888193,-0.03471486476753439,-0.09211042474858452,0.07168779732553399,-0.09944277840156719,0.09790173191192032,-0.09944289044600846,0.09822973204814289,-0.09878500259010296,0.09849583854965897,0.04582686974017672,0.030146973276154947,0.03809076274616532,0.046874908775337294,0.03270935266225323,0.027733609575896313,0.02777964831857703,0.028602007179702855,0.020996045856478927,0.0031390319660980067
-0.17131471602059298,-0.08242688938835313,-0.02870095391860369,-0.07495901328791467,-0.09748017940448696,-0.1932149022782245,-0.11510208667096808,-0.11583281517499706,-0.15318837443961786,-0.06933349353090304,0.08752940671119558,-0.07495167588235845,0.24365957728513613,-0.24362154330471938,0.2499087142387974,-0.23119045775582284,0.23090220747750922,0.10031875115185071,0.11308491147630914,0.08031266775278606,-0.1737155883686803,0.17441614647523018,-0.17355666625262448,0.24992960953825288,-0.10263177180071541,0.24895759447490312,0.20508036158767792,-0.0994972107403186,0.24999999999999994,-0.09213571979371635,0.1761870090779143,-0.1675065093098519,0.17593391947828158,0.1600302228468295,0.1029729249216325,0.24994256736528858,-0.20463572507610556,0.24994460252926914,-0.24725897552662435,0.24881160302450284,-0.05053879957010238,0.17939220853248494,0.1717895215993899,-0.11192995634439815,0.24994432320980725,-0.2461105520100236,0.24994461766848386,-0.247194386815547,0.2488157453524282,-0.2480953456673533,-0.08688047907990036,-0.03665441796480144,-0.05934074181593751,-0.10892437401075324,-0.08458568042538041,-0.07337934944388329,-0.0712819576001789,-0.07147448286260034,-0.05575368746255617,-0.010676045986877871
0.09620000059274936,0.05868112873210155,0.042855543744726936,0.05545804466398888,0.05337190411026322,0.06507704709546333,0.0020805074802879575,-0.032217571276149465,-0.0006583826351651278,-0.06104840896918454,-0.0923611096901818,0.08797609694275992,-0.09330756813987906,0.09305439627616162,-0.09204614255883153,0.07360258394152498,-0.0731684656030846,0.016806788169099474,0.043921146583285914,-0.23716779573519076,0.09448334159937971,-0.09478626200902018,0.0950703791936264,-0.09206738632770334,-0.05515759429183864,-0.09109642733155561,-0.0472437088950228,-0.017803745285128375,-0.09213571979371635,0.2499999999999999,-0.09506270644910594,0.0962720800134571,-0.0950709881128924,-0.09191011815009714,0.05461534711432543,-0.09208131731405463,0.0469782544982408,-0.09208172726674431,0.09035148317633901,-0.09102115492295211,0.031457258573790725,-0.0954267581181631,-0.05579219590850971,0.05488798821828959,-0.09208174558084906,0.09066875313234374,-0.09208180191941619,0.09070190115042047,-0.09102790402005063,0.09075558185402428,0.02110111347025168,0.0095857040066631,0.018502304474648384,0.04090227286301334,0.03204777954205153,0.027700480422074215,0.0266235346882367,0.026322613983875268,0.020943304768809033,0.0043242210607249065
-0.15080125387129506,-0.1046982758645299,-0.07108068126255943,-0.1053463530997749,-0.09342172427225134,-0.1533706516486867,-0.06685043827466569,-0.06552978967368026,-0.10000691645817558,-0.01909410536413197,0.151793898973465,-0.14615280967591943,0.17614202505342996,-0.17582302926180188,0.17624539690631996,-0.17759410985697738,0.1772486653671965,0.03259274919570754,0.062124202565418396,0.08449523203383338,-0.2474108277549893,0.2480643643368514,-0.2472522764988461,0.1762552163735247,-0.03588221544277163,0.17676327038790632,0.1314001349860843,-0.031666889545885764,0.1761870090779143,-0.09506270644910594,0.25,-0.2413162211102548,0.2494776217026679,0.08628668158149182,0.03504047741704172,0.17624061062696467,-0.13102464838351247,0.17624193021900159,-0.1739375549131182,0.1751090914615291,-0.10240545234883028,0.22826468978066644,0.11638900302854925,-0.05727735521202992,0.17624174630352996,-0.1735365674069474,0.17624197453941598,-0.17411121170886595,0.17511382997262295,-0.17460257185782663,-0.019596837844942316,-0.002861250958676629,-0.04136932872759308,-0.08810492851348588,-0.07067866368611896,-0.057351989786252,-0.048600971611038726,-0.047777994761283006,-0.04023213812352435,-0.008458970155154812
0.14517620191432934,0.10171548244270154,0.06990527655168205,0.10255685353017935,0.0901098313303772,0.1466326413464818,0.06276461852715864,0.061351013453749756,0.09459238640953443,0.016551833790479833,-0.14881566768255733,0.1435488267304276,-0.16769778729195448,0.1673794492920144,-0.1675659198581242,0.16949234891100903,-0.16915684550478496,-0.024108408562648787,-0.05808195267987922,-0.08619811178900477,0.23948428935543542,-0.24011007722245142,0.23935816194816917,-0.16757475181369738,0.027379807863799496,-0.1680888848574047,-0.12276609456773084,0.02317446422897395,-0.1675065093098519,0.0962720800134571,-0.2413162211102548,0.24999999999999986,-0.24156887115875025,-0.07783221652516689,-0.02661654541620348,-0.16756011587358674,0.12240125923104941,-0.16756134523765334,0.1653033648794099,-0.16643004871656794,0.11068615385619707,-0.23637167983139587,-0.10791513949179483,0.04894060040645325,-0.1675611684468509,0.1649905692799809,-0.16756139258458044,0.1655046649346893,-0.16643477224017478,0.16594816634450132,0.011215112783810221,-0.001745253230414898,0.037891515680804726,0.085766367677182,0.0691297250160845,0.05561267524956358,0.0460089549311802,0.044963769324419534,0.038491246791456775,0.00824274916472136
