x1,x2,x3,x4,x5,x6,x7,x8,x9,x10,x11,x12,x13,x14,x15,x16,x17,x18,x19,x20,x21,x22,x23,x24,x25,x26,x27,x28,x29,x30,x31,x32,x33,x34,x35,x36,x37,x38,x39,x40,x41,x42,x43,x44,x45,x46,x47,x48,x49,x50,x51,x52,x53,x54
0.25,0.06446037751560071,0.22403379194858986,0.22589567859542772,0.23628829771268522,0.07564839321875794,0.23621486200037486,0.07602339695513036,0.2243279572665777,0.2365149624049314,0.23030435749335978,0.20702529929954586,0.23569606055967693,0.05913629798528953,0.2308057766921376,0.2081291076962548,0.19655176856155232,0.22974050043317967,0.2093029269767555,0.2234641242404056,0.23638532275513616,0.23624103265214505,0.07853833675134061,0.22295125941742724,0.03937464742087725,0.22833651006493794,0.2107246854511264,0.14846405258633857,0.16907619376083924,0.012885411434503353,-0.0010885573610702047,0.059193780409878556,0.23705434178755025,0.23711917186849144,0.23394987476219642,0.05371016382544633,0.2360773105902923,0.027718048602817805,0.062002698024525266,0.23622132562429712,0.02131936087069807,0.23609324334536544,0.14898713043497094,0.02628114699759634,0.23636915670955147,0.14944534415581254,0.04431715233189089,0.23663092759748158,0.025373854782479555,0.23664881285875025,0.0149490357061736,0.15938700444342432,0.005756351204180395,0.16447806198086748
0.06446037751560071,0.2499999999999999,0.06084546952864764,0.06478516125547505,0.06341997724297826,0.04391625156799338,0.06329131114816525,0.03326835307416585,0.06491335867450575,0.06323171103160051,0.06304448718217397,0.06058173449807342,0.06314664084072544,0.037693479798186956,0.06562715259257876,0.06365691603049693,0.06566653830575171,0.06224656766894029,0.06454734894685074,0.061331229603384774,0.06341706282148227,0.06344557193643904,0.02729520978039779,0.0641903193256895,0.040219389113597355,0.06226028612754294,0.05831643776862944,0.02322892456473402,0.006000698452515528,-0.008024852273378182,-0.023464515206294306,0.0024123647957370107,0.06332927104131301,0.06332926256293692,0.06240190849368352,-0.009986554767006014,0.06263880554219413,-0.00624271306551573,-0.002977679245086182,0.06259102530229292,-0.0017790436899882169,0.06261335709198874,0.029083890117375662,-0.025566929211461864,0.06289795872715659,0.016304543978792795,0.00029418886528615146,0.06322830807852275,-0.0073581938452779464,0.06321264029437927,-0.014523863035240473,0.012325342280385175,-0.008934617756745485,0.022719867545630774
0.22403379194858986,0.06084546952864764,0.24999999999999994,0.22498612507646373,0.23521824916262643,0.07803710278973132,0.23516932399023957,0.06981287702991125,0.21971477693031202,0.2356872412031288,0.23090463562468044,0.20644476705552645,0.23492245608911574,0.060886687924225705,0.22115995147295314,0.20836192861122294,0.1958847507398072,0.2346642156539653,0.20826793896336063,0.22282922931005877,0.23519420559047308,0.23504302004328578,0.0848812854276465,0.22238620767035447,0.038463996148208605,0.2330010140533635,0.21038054203530962,0.14935665135468845,0.16787092706458107,0.002633082027009035,-0.008696361651724247,0.058519126181310166,0.23598021613167855,0.2360659901617703,0.23287784888691837,0.05719210322052085,0.23503142635677154,0.014951615358379524,0.05702502637601345,0.23517002595136963,0.027204694374502562,0.23504664364652503,0.14398451221707992,0.02185407409157042,0.23532247755924496,0.1454935059898203,0.042728659576873766,0.23558126113986608,0.029713340325301266,0.23559971508644406,0.00953603962640673,0.1586383698385715,-0.0048375857786187365,0.1613672857468919
0.22589567859542772,0.06478516125547505,0.22498612507646373,0.25,0.2369579048614739,0.08183509131484268,0.23694903120274008,0.07453825696466052,0.21979691373109414,0.2372504017922067,0.2344643382083938,0.213699439201231,0.2364305185116129,0.06424142558636413,0.22228709341826083,0.21372290504868882,0.20472332053778056,0.2303650747640958,0.216621242485084,0.23027131908832463,0.23680347742672042,0.2367079290162182,0.083349033588879,0.22660153785925474,0.04050757314656456,0.2297976711156509,0.21733359791764326,0.14957174064556233,0.16946784268797496,0.012107576473353077,-0.015979943272212978,0.056507799881890045,0.23769849165277906,0.23778225017212645,0.23460103158445195,0.056886044645759686,0.23675069678045088,0.020679237046466774,0.05217408522474582,0.2368921369230747,0.0308964150632808,0.23681599909381873,0.1457795667608373,0.013707287704250072,0.23704151316777822,0.14668685130705233,0.04076032196335351,0.23733196236927365,0.03426818738096187,0.23732015218185434,0.003228766394048353,0.15960336016978965,0.003145325806372193,0.16160411872538352
0.23628829771268522,0.06341997724297826,0.23521824916262643,0.2369579048614739,0.25000000000000017,0.07869343106045365,0.24770860250928903,0.07559118767791659,0.23039442650181985,0.24808090392904605,0.2415195631976854,0.21866143140648037,0.2471833215489265,0.06301702855483718,0.23321311185102345,0.218393655508208,0.20665686435864145,0.24085047808075608,0.21995379394296238,0.23495062842018694,0.24764684997342556,0.2474957949995698,0.0826481049723729,0.23381954250572473,0.037338915546976846,0.2394896529525789,0.22222636490763717,0.15994651254591138,0.18035441792106177,0.015174420622603296,-0.0045367873200970205,0.06254579259643417,0.24860268075891495,0.2486923517409884,0.2454821412616321,0.06459435365937205,0.24764722561204466,0.0275683202993704,0.06115864191948453,0.2477966511625921,0.030741383613312048,0.24764028162493823,0.15678114627235465,0.025049453523567765,0.24794577886373478,0.15787038793701358,0.04649739894929161,0.24818860094056744,0.035088128150849246,0.24820763498797394,0.014315984181925792,0.1705435868330756,0.006159341515922972,0.1725899347641153
0.07564839321875794,0.04391625156799338,0.07803710278973132,0.08183509131484268,0.07869343106045365,0.25,0.07865645658246201,0.04551061042267361,0.07428652500389393,0.07896083505280022,0.08047183683497004,0.06351618509995392,0.07893237901796572,0.03896783511807087,0.07455573065233798,0.08279926405908188,0.08245917573088266,0.07846290886635196,0.08206623399482668,0.07509895659749767,0.0788430489587647,0.07886241874729732,0.0482455960433233,0.07878706063083936,0.038399902129146464,0.0782077740124326,0.06954868202532928,0.03213604401470259,0.0344134159764221,-0.004264203327543508,-0.03552104481660059,0.018544716325414358,0.07891961205851838,0.07895834724568311,0.07765177407733088,0.0010323005973604626,0.07826981548179476,-0.012663506446949038,0.007211064687625731,0.07810681591388188,0.005248122486217471,0.07858457306067992,0.025291947677146008,-0.02575054668217432,0.0784351929976261,0.003649357856740812,0.013129468187476734,0.07879269887859901,0.005342954992233918,0.07879942989365067,-0.024572717024159734,0.020468918503844337,-0.00883405062838083,0.039014448545696544
0.23621486200037486,0.06329131114816525,0.23516932399023957,0.23694903120274008,0.24770860250928903,0.07865645658246201,0.24999999999999994,0.07555398178657771,0.2303477253525222,0.2479988753084847,0.24145944294425803,0.21862099733912296,0.2471010401985511,0.06295840002427432,0.23317164524437187,0.21831845938265954,0.2065865250195405,0.24079008301409355,0.2198835152516308,0.23490858139076284,0.2475659656038147,0.2474149734007527,0.08259563451082413,0.23374373920864877,0.03733941542127214,0.23943274807211412,0.2221857688872044,0.15990243105908936,0.1802990424281405,0.01511950974532139,-0.004528253271989165,0.06251279880543291,0.24851988331230895,0.2486094685425126,0.24540128330526917,0.06454874013730921,0.24756494794001113,0.027528269806441994,0.06115100541909106,0.2477142873354853,0.030710889068267015,0.24755809845400373,0.15674773140478507,0.025054243407492616,0.24786316650833223,0.15779357380385112,0.04645732159421172,0.2481061533739118,0.0350421508000833,0.24812497862695262,0.014317801369274028,0.17049811662845482,0.006102943497796033,0.17254561903930593
0.07602339695513036,0.03326835307416585,0.06981287702991125,0.07453825696466052,0.07559118767791659,0.04551061042267361,0.07555398178657771,0.24999999999999994,0.07159896742349312,0.0755371648216631,0.0753890637307215,0.0681819064575231,0.07538199817362459,0.03925929029836048,0.07385268847753988,0.0797893639970361,0.07724880608986116,0.07306159123572148,0.07346539716914853,0.07131312063987844,0.07564708178054697,0.07557446812494995,0.04335076440756828,0.07618545643898351,0.03733345909858938,0.07276886151233398,0.06968401147023018,-0.001688872888313515,0.04043923158537568,-0.0031474334084360287,-0.011648974970455347,0.010207413484538005,0.07569045313707443,0.07570253902964234,0.07348632849870053,-0.005476383811893611,0.0751454182294484,-0.0032523730242011266,0.007345741740452053,0.07488863039102162,-0.0025892835183557823,0.07534830032318776,0.028784076425070432,-0.018331276636597407,0.07525726645010306,0.023317780302520488,0.006860710086797334,0.07535513459187529,0.00861523143144684,0.07551849398466853,-0.022207322025401335,0.02129981203960709,-0.00368228320179856,0.03591968460582997
0.2243279572665777,0.06491335867450575,0.21971477693031202,0.21979691373109414,0.23039442650181985,0.07428652500389393,0.2303477253525222,0.07159896742349312,0.2499999999999999,0.23062371746831378,0.22474995450365376,0.20149506285901103,0.22985138982246173,0.05831767650953093,0.2251491549507154,0.20266435832165344,0.1917224885727835,0.22505618983445294,0.20357935672792912,0.21800048754399057,0.23050164668582898,0.23038586311916256,0.07717439164461529,0.21737701708162618,0.03957413249008421,0.22348131416660333,0.20514530101080292,0.14354602369636063,0.1629808171061041,0.011805672472064576,-0.00011970422569271174,0.05615781644471355,0.23114317478465826,0.23119548511584176,0.228062444174115,0.04828365528788475,0.2301620496397265,0.025897842039758534,0.06008144382510067,0.23029922896262073,0.01758548792471473,0.23019931650513148,0.14392278944350986,0.025065801477464338,0.23045130218073237,0.14445867167019097,0.041550755278811156,0.2307153957266117,0.02029063939943882,0.2307327463063875,0.014408525066117903,0.15373288937497273,0.004272963775633571,0.15873740972601516
0.2365149624049314,0.06323171103160051,0.2356872412031288,0.2372504017922067,0.24808090392904605,0.07896083505280022,0.2479988753084847,0.0755371648216631,0.23062371746831378,0.24999999999999983,0.24182955128919092,0.21876335523267953,0.24748093942522073,0.0629758005212691,0.2334484389430684,0.2186282783034894,0.20684158376548767,0.24120817507261438,0.2201905507685514,0.2352279105611283,0.24794243283562842,0.24779003228502583,0.08289286611180763,0.2340711548678995,0.03720267844140685,0.2398624389890944,0.222430708425739,0.16024929567326346,0.18057773335963212,0.01477802638272955,-0.004574748408302823,0.06278116834759048,0.24889767409109506,0.24898769367297774,0.24577215079774642,0.064641085554776,0.24794211364940782,0.02717405154959547,0.06143245956187659,0.248092664594865,0.030768338773805717,0.24793446549437562,0.15687935467838232,0.025192495345005613,0.24824062056121074,0.15789539302579134,0.04666028574386582,0.24848352472388563,0.035054825980822164,0.24850213449076178,0.014318846525525614,0.1708576943545869,0.005808233019615933,0.1728699801601369
0.23030435749335978,0.06304448718217397,0.23090463562468044,0.2344643382083938,0.2415195631976854,0.08047183683497004,0.24145944294425803,0.0753890637307215,0.22474995450365376,0.24182955128919092,0.25,0.21475682091706672,0.24098108666731446,0.06328872967400785,0.22695078902222685,0.21596175045015115,0.20509438803046698,0.23650724325676767,0.2173163544540978,0.23113683868792315,0.24136398443945195,0.24125109276888979,0.08343175938270761,0.2295780505114772,0.039258816873807736,0.2352572272843565,0.2184923653938758,0.15384182015717798,0.1740724601265366,0.012444976028840775,-0.010915549469705521,0.05931764530603158,0.2422697908120801,0.24235574068809257,0.23916130402138494,0.059512571518584474,0.2413175672885339,0.02299772733002914,0.05634973602630081,0.24146251914143269,0.029968179863167042,0.2413472600754818,0.15028336323720082,0.0185611197710128,0.24161207578964275,0.1512289349357096,0.043218348037521,0.24187731864643405,0.03350469397379299,0.24188295311684974,0.007632677884330228,0.16416815906346485,0.003495609128403351,0.166214039949199
0.20702529929954586,0.06058173449807342,0.20644476705552645,0.213699439201231,0.21866143140648037,0.06351618509995392,0.21862099733912296,0.0681819064575231,0.20149506285901103,0.21876335523267953,0.21475682091706672,0.25,0.21794015166088188,0.061278068277064085,0.20468722216503007,0.19137148102254667,0.182668101136198,0.21193501020241667,0.19506172566078755,0.21418775342504004,0.2182587090502725,0.21822847026122508,0.06765330950903375,0.20661620409859388,0.047773168959272715,0.21129260195039712,0.2033922624782054,0.13501222419622558,0.15260890111028202,0.011956756470541641,-0.010187214130279556,0.03572955167195077,0.2191705279688809,0.2192482048903227,0.21633776111424952,0.055280814394432276,0.2182197664666231,0.024548557882832698,0.03433125723307771,0.2183802306048385,0.02806649934096469,0.21833219075849525,0.14039749339232996,0.018945353334661148,0.21849959172246652,0.14193520643162055,0.026878046637032308,0.2188149320701757,0.03127909634028331,0.21881855115622476,0.014094525714387846,0.14128318562853331,0.0015569344139963056,0.1439659225513053
0.23569606055967693,0.06314664084072544,0.23492245608911574,0.2364305185116129,0.2471833215489265,0.07893237901796572,0.2471010401985511,0.07538199817362459,0.22985138982246173,0.24748093942522073,0.24098108666731446,0.21794015166088188,0.2500000000000001,0.06283357049376834,0.23264413074654292,0.21808613458730794,0.2063276772450177,0.24056662394485237,0.2195489382333447,0.23441050850253575,0.24704618191087815,0.24689739161041455,0.08273061143539884,0.23333096827282251,0.0373187050503566,0.239201837874137,0.22167117058930644,0.1594798062715696,0.1797456591776079,0.01456784530318274,-0.004942577984443991,0.06243859106658027,0.2479944445816127,0.24808387764720488,0.2448780402179568,0.06413755821339878,0.24704041202182198,0.026869820154058192,0.061049297978205505,0.2471895080678734,0.030567164721122815,0.24703422289270208,0.15619484599459432,0.0247110961333612,0.24733807384839962,0.1571094107285125,0.046341186656448166,0.24758197324941517,0.034821816382711805,0.24760015366367943,0.013852935382646933,0.17004860099174296,0.005624712277649214,0.1720956869685255
0.05913629798528953,0.037693479798186956,0.060886687924225705,0.06424142558636413,0.06301702855483718,0.03896783511807087,0.06295840002427432,0.03925929029836048,0.05831767650953093,0.0629758005212691,0.06328872967400785,0.061278068277064085,0.06283357049376834,0.24999999999999994,0.057753519408105275,0.0657167679433932,0.06606982064211242,0.061172921956245616,0.0653091343049133,0.061549108516795875,0.06279843382858374,0.06283740690545041,0.052653152855964884,0.0640753303358001,0.033337926500213486,0.06116216267597161,0.061377577721428364,0.021438760640509424,0.021185128129542246,-0.003471154468071509,-0.027649028488837813,0.004477980168770792,0.0630044867142108,0.06298693439793353,0.061707606493659625,0.002159990723381759,0.06251331224606733,-0.004731385454454011,-0.007373845226299889,0.062203976432783574,0.007233585455459118,0.062623937419549,0.010798914042024757,-0.025985615756980673,0.06256609945727991,0.02373784398719364,0.0015172480527013406,0.06282769862131161,0.008496779224346192,0.0628395540661081,-0.01958532004003054,0.011709168394315413,-0.0027277375889458748,-0.0009829441777748763
0.2308057766921376,0.06562715259257876,0.22115995147295314,0.22228709341826083,0.23321311185102345,0.07455573065233798,0.23317164524437187,0.07385268847753988,0.2251491549507154,0.2334484389430684,0.22695078902222685,0.20468722216503007,0.23264413074654292,0.057753519408105275,0.2499999999999996,0.20405534666464975,0.19252781070441347,0.22650742295253198,0.20547398256714403,0.2204527264866146,0.2334698399253402,0.23332688519287312,0.07586648556300762,0.21951731932842775,0.04014425785887177,0.22508783125222687,0.20761926806483738,0.1459127906051071,0.16592755869129341,0.012349462179760502,0.002774365896727867,0.057749310672109054,0.2339961801022207,0.23404688240755026,0.2309071663324946,0.050388561318341754,0.23300729288233765,0.029262761227604236,0.06354636297918632,0.23314976961049863,0.017083179525487532,0.23303306195986687,0.14790054272401182,0.029429095222057756,0.23329310850674492,0.14838375130084494,0.043396722948519775,0.23356653118433218,0.02112823408507338,0.23357891561034705,0.017864881113603088,0.1563384192215651,0.005917673901040488,0.1624655455870888
0.2081291076962548,0.06365691603049693,0.20836192861122294,0.21372290504868882,0.218393655508208,0.08279926405908188,0.21831845938265954,0.0797893639970361,0.20266435832165344,0.2186282783034894,0.21596175045015115,0.19137148102254667,0.21808613458730794,0.0657167679433932,0.20405534666464975,0.24999999999999978,0.19913569423802183,0.21356824350845555,0.20581420272030998,0.20636012785307906,0.21827523954944653,0.21815169185657998,0.08711117028834038,0.2125481525622726,0.040839120373203114,0.21214102160695658,0.19483596031271572,0.13077888343519306,0.15164864186776186,0.01321252157708546,-0.030276478116879692,0.054555279789186416,0.21907915219504445,0.2191564231112137,0.21600190771505906,0.04294671756747565,0.21812158221843725,0.016062192442430442,0.04310922064707495,0.21828624007535177,0.027320284486800094,0.2181480353708044,0.1273410562215153,-0.0018765135547617496,0.21845302675759828,0.1291466132331209,0.0399166904856645,0.21870239245759646,0.02982056604332768,0.21875646316137062,-0.013066885915183287,0.1416571567818299,0.006158075027664154,0.14352908188060884
0.19655176856155232,0.06566653830575171,0.1958847507398072,0.20472332053778056,0.20665686435864145,0.08245917573088266,0.2065865250195405,0.07724880608986116,0.1917224885727835,0.20684158376548767,0.20509438803046698,0.182668101136198,0.2063276772450177,0.06606982064211242,0.19252781070441347,0.19913569423802183,0.24999999999999983,0.2010318601520613,0.19620136401227414,0.1971072117937584,0.20651891886750914,0.20642115836125868,0.08552821428187933,0.20251144156895723,0.04221810328746259,0.1999831847940556,0.18541894603483713,0.1216802596938921,0.13925136929322182,0.012709397746008082,-0.0312945248571906,0.05060140603989596,0.20727690859248246,0.2073468299306058,0.2042652405142467,0.03843533284559156,0.2063190430971837,0.013882081076655244,0.038916612256608064,0.20647949425908094,0.027549068421857663,0.20637434564820162,0.11727510412248196,-0.010007608180525865,0.20664317418769285,0.11921322903782756,0.03675066380199562,0.20693710010222946,0.02811244512634566,0.20697549201447824,-0.016431826302667367,0.12979772369861622,0.005533324845860617,0.1332471944508975
0.22974050043317967,0.06224656766894029,0.2346642156539653,0.2303650747640958,0.24085047808075608,0.07846290886635196,0.24079008301409355,0.07306159123572148,0.22505618983445294,0.24120817507261438,0.23650724325676767,0.21193501020241667,0.24056662394485237,0.061172921956245616,0.22650742295253198,0.21356824350845555,0.2010318601520613,0.24999999999999953,0.21356965425507335,0.22833435953220313,0.2407262252494317,0.2406116793055541,0.0839739092785971,0.22790256200264983,0.038624696669878666,0.2376933134836625,0.21598927347622404,0.153704198104631,0.17342002486991945,0.007880515117580839,-0.007570057433720242,0.05981635605392082,0.24158176606543452,0.24166724635459422,0.23847861561656705,0.05931159373226897,0.24063125344186886,0.020231625682296705,0.0584377283790574,0.2407724734553441,0.02809609071333379,0.2406451196411407,0.14970306601705421,0.02191550638547863,0.2409232466130473,0.15084099353656633,0.04347582883295307,0.2411778886439074,0.031084481975862787,0.2411905842132478,0.009996162269446288,0.16386335925658888,-0.0007064398082102871,0.16621396813684594
0.2093029269767555,0.06454734894685074,0.20826793896336063,0.216621242485084,0.21995379394296238,0.08206623399482668,0.2198835152516308,0.07346539716914853,0.20357935672792912,0.2201905507685514,0.2173163544540978,0.19506172566078755,0.2195489382333447,0.0653091343049133,0.20547398256714403,0.20581420272030998,0.19620136401227414,0.21356965425507335,0.24999999999999964,0.21073850364816832,0.2197846649496374,0.2196775321485528,0.08402911103650548,0.21233363602968938,0.04078794469999916,0.2126477811888995,0.19861931643482764,0.1397483415452756,0.15266755402309976,0.013367833371747106,-0.02872609033564685,0.05362085861215754,0.2206309065126177,0.22071214519953397,0.21768630916791706,0.048899712389470266,0.21968312462870968,0.01698695372877374,0.04284716318819853,0.21983585186124244,0.02940982362879922,0.21972374597926106,0.12972992052102483,0.0028492121338315637,0.22001087631080973,0.12997166527570803,0.039636078203778326,0.22029362842519698,0.031054669335920323,0.220324357529602,-0.006051322776573587,0.14323957216978692,0.005380781514317048,0.14475487206824855
0.2234641242404056,0.061331229603384774,0.22282922931005877,0.23027131908832463,0.23495062842018694,0.07509895659749767,0.23490858139076284,0.07131312063987844,0.21800048754399057,0.2352279105611283,0.23113683868792315,0.21418775342504004,0.23441050850253575,0.061549108516795875,0.2204527264866146,0.20636012785307906,0.1971072117937584,0.22833435953220313,0.21073850364816832,0.2499999999999996,0.23472529658333782,0.23466630907488636,0.07785362423925206,0.22287565267036244,0.04190590875159428,0.22800462082586648,0.217327716804309,0.14929927634325926,0.16834030182929768,0.010967655488452133,-0.00932739816928156,0.050973448832591556,0.2356395697398125,0.23571930309863767,0.232610035670495,0.058682644531907434,0.23471014437643292,0.022263656562212446,0.050459219322854076,0.2348287239085847,0.029803459445607236,0.23480894524877083,0.14729727490890096,0.01948694401005762,0.23497344757083566,0.1479768572235607,0.0365375399294982,0.23527658735785267,0.033093240011814046,0.23525321433773905,0.010415556932370396,0.15794263731131125,0.0010772698335685268,0.1602687896842689
0.23638532275513616,0.06341706282148227,0.23519420559047308,0.23680347742672042,0.24764684997342556,0.0788430489587647,0.2475659656038147,0.07564708178054697,0.23050164668582898,0.24794243283562842,0.24136398443945195,0.2182587090502725,0.24704618191087815,0.06279843382858374,0.2334698399253402,0.21827523954944653,0.20651891886750914,0.2407262252494317,0.2197846649496374,0.23472529658333782,0.2499999999999999,0.24737115487523775,0.08259129694088628,0.23369708797595476,0.037345415450104516,0.23935883837034966,0.22194891751595,0.1597941337458741,0.180133674787797,0.015056155980189112,-0.004416806097703338,0.06267160498360033,0.24846408094369912,0.24855271001452453,0.24534012694657978,0.06411087809781252,0.2475066065094434,0.027555810312175112,0.061485382919966754,0.24765769652994588,0.030291726439186806,0.24749964179776215,0.15666790572660047,0.025177567830088256,0.2478054442177349,0.1576493116806593,0.04661047601298041,0.24804914882496007,0.03459737039849017,0.24806818708152653,0.014321298244173658,0.17041012024822583,0.006145339406042957,0.17260246662064532
0.23624103265214505,0.06344557193643904,0.23504302004328578,0.2367079290162182,0.2474957949995698,0.07886241874729732,0.2474149734007527,0.07557446812494995,0.23038586311916256,0.24779003228502583,0.24125109276888979,0.21822847026122508,0.24689739161041455,0.06283740690545041,0.23332688519287312,0.21815169185657998,0.20642115836125868,0.2406116793055541,0.2196775321485528,0.23466630907488636,0.24737115487523775,0.24999999999999972,0.08257961449814329,0.23357619018364345,0.03739679328604645,0.23926200726330948,0.22187625819010184,0.15960698776824858,0.17998247496681646,0.015019822940702494,-0.004437381227422006,0.06252731229275926,0.24831192357951945,0.24840022460536357,0.2451873214903773,0.06393120119952302,0.24735465247213645,0.027512388507978883,0.06138659219400029,0.24750506069352818,0.030201927565225512,0.24734910580878305,0.156533884693442,0.025062798820311528,0.24765298031659785,0.15751210976240188,0.04646872641810602,0.24789711693859237,0.03446194713219238,0.24791540155670994,0.01425869805948555,0.1702517193961737,0.006097711461523539,0.17241176226170699
0.07853833675134061,0.02729520978039779,0.0848812854276465,0.083349033588879,0.0826481049723729,0.0482455960433233,0.08259563451082413,0.04335076440756828,0.07717439164461529,0.08289286611180763,0.08343175938270761,0.06765330950903375,0.08273061143539884,0.052653152855964884,0.07586648556300762,0.08711117028834038,0.08552821428187933,0.0839739092785971,0.08402911103650548,0.07785362423925206,0.08259129694088628,0.08257961449814329,0.24999999999999967,0.08404514706858661,0.03623324675607183,0.0833134779481726,0.0731258412782132,0.033539906736817414,0.055774790940956095,-0.011116019672692237,-0.03317442801749892,0.017216105487027174,0.08276518236486066,0.08276416612178678,0.08045994388108052,0.000518438380323682,0.08217546698883607,-0.01537591740291659,0.0038561465386019234,0.08191790287572427,0.004386217549440468,0.08268396361613173,0.005963420738748168,-0.021229125150577146,0.08225218729120937,0.026974184292327417,0.012920048478487732,0.08260688044219482,0.00642064576417372,0.08257356003482781,-0.029481458810430284,0.02298279645242487,-0.007470698486148922,0.031746980510713445
0.22295125941742724,0.0641903193256895,0.22238620767035447,0.22660153785925474,0.23381954250572473,0.07878706063083936,0.23374373920864877,0.07618545643898351,0.21737701708162618,0.2340711548678995,0.2295780505114772,0.20661620409859388,0.23333096827282251,0.0640753303358001,0.21951731932842775,0.2125481525622726,0.20251144156895723,0.22790256200264983,0.21233363602968938,0.22287565267036244,0.23369708797595476,0.23357619018364345,0.08404514706858661,0.24999999999999983,0.040705119769107144,0.22677984820475816,0.2103154095193521,0.14615831491573003,0.1662970744388613,0.012639421346007592,-0.01432441346788604,0.059885793645534716,0.23455183149667566,0.23462985873936654,0.23149838366923628,0.05302788942283834,0.23360020842527043,0.0226988887560605,0.05434720639079526,0.2337424933564746,0.03269094726607847,0.2336321915177231,0.14294315150994144,0.011323321278228582,0.23389190222786455,0.14460162576433078,0.043103850630545754,0.23415800455903646,0.035359859339891365,0.23417890583859058,0.0005315707544117496,0.15651413826011462,0.005114096358645423,0.15866876543132527
0.03937464742087725,0.040219389113597355,0.038463996148208605,0.04050757314656456,0.037338915546976846,0.038399902129146464,0.03733941542127214,0.03733345909858938,0.03957413249008421,0.03720267844140685,0.039258816873807736,0.047773168959272715,0.0373187050503566,0.033337926500213486,0.04014425785887177,0.040839120373203114,0.04221810328746259,0.038624696669878666,0.04078794469999916,0.04190590875159428,0.037345415450104516,0.03739679328604645,0.03623324675607183,0.040705119769107144,0.24999999999999972,0.03873533169987224,0.040319709885255704,-0.005035744851035611,0.0025804253236570733,-0.013343474881330624,-0.022492341343383716,-0.016811630537091313,0.03712391825598258,0.03709974373385742,0.03590298996634815,-0.015663887165052556,0.036251124111629146,-0.0081559673092894,-0.02069469941114352,0.0362629043722415,-0.007759455524509348,0.037052338903628156,-0.005614868343517922,-0.03094499905550009,0.03649246032104795,-0.006757040016812087,-0.012634657347629868,0.03701552924861324,-0.00566186863270232,0.036996169942326775,-0.022946502025252363,-0.03198338205868183,-0.01078241501080033,0.0022844349552384644
0.22833651006493794,0.06226028612754294,0.2330010140533635,0.2297976711156509,0.2394896529525789,0.0782077740124326,0.23943274807211412,0.07276886151233398,0.22348131416660333,0.2398624389890944,0.2352572272843565,0.21129260195039712,0.239201837874137,0.06116216267597161,0.22508783125222687,0.21214102160695658,0.1999831847940556,0.2376933134836625,0.2126477811888995,0.22800462082586648,0.23935883837034966,0.23926200726330948,0.0833134779481726,0.22677984820475816,0.03873533169987224,0.24999999999999972,0.21542715713342592,0.15243732850243108,0.17199121253624297,0.006755260936738648,-0.008930428768942079,0.05870440456822237,0.2402157577168229,0.24030008047051685,0.2371101311432621,0.05806857664380729,0.23926452357054195,0.018875341870430235,0.05728698270905607,0.23940288516049127,0.02781105384467564,0.2392952382701778,0.14824856516475296,0.020629730930579696,0.2395537729989144,0.14932950347241958,0.042278978094178535,0.2398176101962087,0.03045517459225004,0.23982315920232508,0.00851309698158051,0.16235254273446406,-0.0020287770490260855,0.1647488789413983
0.2107246854511264,0.05831643776862944,0.21038054203530962,0.21733359791764326,0.22222636490763717,0.06954868202532928,0.2221857688872044,0.06968401147023018,0.20514530101080292,0.222430708425739,0.2184923653938758,0.2033922624782054,0.22167117058930644,0.061377577721428364,0.20761926806483738,0.19483596031271572,0.18541894603483713,0.21598927347622404,0.19861931643482764,0.217327716804309,0.22194891751595,0.22187625819010184,0.0731258412782132,0.2103154095193521,0.040319709885255704,0.21542715713342592,0.2499999999999999,0.1386810144305891,0.1565686856108986,0.011399997610780801,-0.012125179977759646,0.04761479665742761,0.22283523204059222,0.22291942411919946,0.2199081305449386,0.05648229542074737,0.22190790330297205,0.022695949084793537,0.036062880199926595,0.2220296341358037,0.02746503204650906,0.2219764362813182,0.13547018734861713,0.015965930403059964,0.22218833874435928,0.1371322301008783,0.02333334825089312,0.22247863961050549,0.03244779570124954,0.22245409954576428,0.009150479065902538,0.14566773419002738,0.0021404173312273623,0.14687819516934186
0.14846405258633857,0.02322892456473402,0.14935665135468845,0.14957174064556233,0.15994651254591138,0.03213604401470259,0.15990243105908936,-0.001688872888313515,0.14354602369636063,0.16024929567326346,0.15384182015717798,0.13501222419622558,0.1594798062715696,0.021438760640509424,0.1459127906051071,0.13077888343519306,0.1216802596938921,0.153704198104631,0.1397483415452756,0.14929927634325926,0.1597941337458741,0.15960698776824858,0.033539906736817414,0.14615831491573003,-0.005035744851035611,0.15243732850243108,0.1386810144305891,0.25,0.13137390368731977,0.023003372416791314,0.002063833458884433,0.05352707000438365,0.16069618142428435,0.16078762067193228,0.15959519196446198,0.06748273992925041,0.16044881605784175,0.029823808549375573,0.05091567234703865,0.16084941794931776,0.03264773207082638,0.15996454153404982,0.12389188236474374,0.03902791379330015,0.1606555833171402,0.12456557595646914,0.040782896158749506,0.16053483200053112,0.027624972542855893,0.1605829359562556,0.033242218245070135,0.14469675152249736,0.013288612341260681,0.12896177987440402
0.16907619376083924,0.006000698452515528,0.16787092706458107,0.16946784268797496,0.18035441792106177,0.0344134159764221,0.1802990424281405,0.04043923158537568,0.1629808171061041,0.18057773335963212,0.1740724601265366,0.15260890111028202,0.1797456591776079,0.021185128129542246,0.16592755869129341,0.15164864186776186,0.13925136929322182,0.17342002486991945,0.15266755402309976,0.16834030182929768,0.180133674787797,0.17998247496681646,0.055774790940956095,0.1662970744388613,0.0025804253236570733,0.17199121253624297,0.1565686856108986,0.13137390368731977,0.2499999999999999,0.022155026105448578,0.015057426579446666,0.0566150994582049,0.181134444651023,0.18122391087662182,0.17911485845371516,0.06537776455696179,0.1807335451579364,0.031793408096682664,0.06110849157388383,0.18104401624133187,0.02724204523444954,0.18059030689418562,0.12878015634166926,0.04295580442888758,0.18087609853073952,0.13394119189605388,0.043984482854360234,0.18083425165449507,0.03403609823312292,0.18086942528758782,0.026546645587012564,0.1511636947765817,0.01359101517561894,0.14370328372521277
0.012885411434503353,-0.008024852273378182,0.002633082027009035,0.012107576473353077,0.015174420622603296,-0.004264203327543508,0.01511950974532139,-0.0031474334084360287,0.011805672472064576,0.01477802638272955,0.012444976028840775,0.011956756470541641,0.01456784530318274,-0.003471154468071509,0.012349462179760502,0.01321252157708546,0.012709397746008082,0.007880515117580839,0.013367833371747106,0.010967655488452133,0.015056155980189112,0.015019822940702494,-0.011116019672692237,0.012639421346007592,-0.013343474881330624,0.006755260936738648,0.011399997610780801,0.023003372416791314,0.022155026105448578,0.24999999999999978,0.00862101495053398,0.009478575961444535,0.01535134455568143,0.015370537849781657,0.015608687715030716,0.01526091747949046,0.015471569272610208,0.019925241777543134,0.00872820853142464,0.015604258114610704,0.005533733781333241,0.015297481861546749,0.024676072093001655,0.011391337087217068,0.015480742172561653,0.023698473432010977,0.00863312223691571,0.015357125833086327,0.006047861172407257,0.015377150786993315,0.01260564193202912,0.027626692058680097,0.018105185445325103,0.021597771286852065
-0.0010885573610702047,-0.023464515206294306,-0.008696361651724247,-0.015979943272212978,-0.0045367873200970205,-0.03552104481660059,-0.004528253271989165,-0.011648974970455347,-0.00011970422569271174,-0.004574748408302823,-0.010915549469705521,-0.010187214130279556,-0.004942577984443991,-0.027649028488837813,0.002774365896727867,-0.030276478116879692,-0.0312945248571906,-0.007570057433720242,-0.02872609033564685,-0.00932739816928156,-0.004416806097703338,-0.004437381227422006,-0.03317442801749892,-0.01432441346788604,-0.022492341343383716,-0.008930428768942079,-0.012125179977759646,0.002063833458884433,0.015057426579446666,0.00862101495053398,0.25,0.0077539176041657165,-0.004348592294276063,-0.004357437794310725,-0.004224787323062979,0.017433577944796014,-0.004059047838627738,0.02228225908105779,0.030827294526675604,-0.004020672008191191,-0.007442775847161091,-0.004316417971206685,0.023363469337390516,0.04511727338390024,-0.004201797350172431,0.023098213889591067,0.00891632170247322,-0.004466902530345949,-0.0012719990283797948,-0.004420048861894473,0.045094471874119225,0.02283549470808255,0.007447396152104883,0.020090154819050993
0.059193780409878556,0.0024123647957370107,0.058519126181310166,0.056507799881890045,0.06254579259643417,0.018544716325414358,0.06251279880543291,0.010207413484538005,0.05615781644471355,0.06278116834759048,0.05931764530603158,0.03572955167195077,0.06243859106658027,0.004477980168770792,0.057749310672109054,0.054555279789186416,0.05060140603989596,0.05981635605392082,0.05362085861215754,0.050973448832591556,0.06267160498360033,0.06252731229275926,0.017216105487027174,0.059885793645534716,-0.016811630537091313,0.05870440456822237,0.04761479665742761,0.05352707000438365,0.0566150994582049,0.009478575961444535,0.0077539176041657165,0.2500000000000001,0.06301496358103767,0.0630494258974996,0.062426788943413115,0.024426640768937347,0.06298448675754101,0.012344555286367217,0.03771052621228368,0.0631262388734577,0.01272231320907299,0.06273023328711229,0.0471635830822593,0.015640861688792692,0.06302268317012925,0.04757506348433006,0.02646097161296368,0.06290620020980298,0.014217255058304151,0.062930566453546,0.007618759773179554,0.06395245320973383,0.00857338277918234,0.05693362286844689
0.23705434178755025,0.06332927104131301,0.23598021613167855,0.23769849165277906,0.24860268075891495,0.07891961205851838,0.24851988331230895,0.07569045313707443,0.23114317478465826,0.24889767409109506,0.2422697908120801,0.2191705279688809,0.2479944445816127,0.0630044867142108,0.2339961801022207,0.21907915219504445,0.20727690859248246,0.24158176606543452,0.2206309065126177,0.2356395697398125,0.24846408094369912,0.24831192357951945,0.08276518236486066,0.23455183149667566,0.03712391825598258,0.2402157577168229,0.22283523204059222,0.16069618142428435,0.181134444651023,0.01535134455568143,-0.004348592294276063,0.06301496358103767,0.24999999999999972,0.24951400068274926,0.24629801841926585,0.06491396327236387,0.24846844970052123,0.027776860562605327,0.061677577271808844,0.24862023149960236,0.030860786705601637,0.24845834044595325,0.15747521779159826,0.025342008348053724,0.24876724763407443,0.15847213597902518,0.046863601641873254,0.24900848041401089,0.03520028466812351,0.24902779941146747,0.014529324640162303,0.17142318870667458,0.006313299561335128,0.1733919646481659
0.23711917186849144,0.06332926256293692,0.2360659901617703,0.23778225017212645,0.2486923517409884,0.07895834724568311,0.2486094685425126,0.07570253902964234,0.23119548511584176,0.24898769367297774,0.24235574068809257,0.2192482048903227,0.24808387764720488,0.06298693439793353,0.23404688240755026,0.2191564231112137,0.2073468299306058,0.24166724635459422,0.22071214519953397,0.23571930309863767,0.24855271001452453,0.24840022460536357,0.08276416612178678,0.23462985873936654,0.03709974373385742,0.24030008047051685,0.22291942411919946,0.16078762067193228,0.18122391087662182,0.015370537849781657,-0.004357437794310725,0.0630494258974996,0.24951400068274926,0.24999999999999978,0.2463881342605325,0.06498474825466051,0.24855867423433534,0.0277867500241842,0.06169531072370644,0.24871069000056328,0.03090405468891787,0.24854832681074424,0.15755270750110842,0.025360389647047406,0.24885759519744846,0.15854036443603925,0.04688921972689175,0.249098659376411,0.03524690561881347,0.2491180229437414,0.014542941112218927,0.17151729140275757,0.006321758540274716,0.173479794936561
0.23394987476219642,0.06240190849368352,0.23287784888691837,0.23460103158445195,0.2454821412616321,0.07765177407733088,0.24540128330526917,0.07348632849870053,0.228062444174115,0.24577215079774642,0.23916130402138494,0.21633776111424952,0.2448780402179568,0.061707606493659625,0.2309071663324946,0.21600190771505906,0.2042652405142467,0.23847861561656705,0.21768630916791706,0.232610035670495,0.24534012694657978,0.2451873214903773,0.08045994388108052,0.23149838366923628,0.03590298996634815,0.2371101311432621,0.2199081305449386,0.15959519196446198,0.17911485845371516,0.015608687715030716,-0.004224787323062979,0.062426788943413115,0.24629801841926585,0.2463881342605325,0.24999999999999956,0.06481593428474083,0.2453621072075482,0.02787891419214384,0.06103869552036341,0.2455206357884583,0.03076959002897217,0.24533877924109362,0.15605658756792287,0.025612210348737684,0.2456581356205233,0.15697222012335457,0.0464627043832303,0.2458882886471276,0.034970759506834835,0.24590993037881645,0.015037520251650248,0.17008917213589295,0.00649328744423745,0.17152446614665157
0.05371016382544633,-0.009986554767006014,0.05719210322052085,0.056886044645759686,0.06459435365937205,0.0010323005973604626,0.06454874013730921,-0.005476383811893611,0.04828365528788475,0.064641085554776,0.059512571518584474,0.055280814394432276,0.06413755821339878,0.002159990723381759,0.050388561318341754,0.04294671756747565,0.03843533284559156,0.05931159373226897,0.048899712389470266,0.058682644531907434,0.06411087809781252,0.06393120119952302,0.000518438380323682,0.05302788942283834,-0.015663887165052556,0.05806857664380729,0.05648229542074737,0.06748273992925041,0.06537776455696179,0.01526091747949046,0.017433577944796014,0.024426640768937347,0.06491396327236387,0.06498474825466051,0.06481593428474083,0.24999999999999972,0.06496165756321355,0.01996599910187232,0.027321074256809012,0.0651228827167005,0.022019679593565485,0.06477844798677006,0.06057482971007597,0.03286594411513947,0.06498874349389211,0.05935096231658718,0.019808946080023936,0.06487875810734148,0.028240638030625525,0.06486819063277315,0.02916307077631756,0.0695027178128437,0.009928350946871755,0.0599239447555345
