x1,x2,x3,x4,x5,x6,x7,x8,x9,x10,x11,x12,x13,x14,x15,x16,x17,x18,x19,x20,x21,x22,x23,x24,x25,x26,x27,x28,x29,x30,x31,x32,x33,x34,x35,x36,x37,x38,x39,x40,x41,x42,x43,x44,x45,x46,x47,x48,x49,x50,x51,x52,x53,x54,x55,x56,x57,x58,x59,x60
0.25000000000000006,0.24654441335736524,-0.166362918594959,0.24485624359454408,-0.12459707672627103,0.24555585817883727,-0.157867765891093,0.243339977734605,-0.15805918115951031,0.24857457425493562,0.06327718064640847,-0.1109931815619495,0.11282379841850455,-0.12013422037549573,0.10205520892450326,-0.09762340301523485,0.12575259365883412,-0.131127749629184,0.13451389933293173,-0.13100209293624462,-0.07018438741147208,0.09143294701239839,-0.10991526065535813,0.10587462919731257,-0.07200244104228044,0.06830355952719021,-0.07622355395612392,0.10104374597747173,-0.10468370279747234,0.13444170378701606,0.12804930571221323,-0.12013330839365938,0.10667540164449474,-0.07839040968039515,0.06279114538959935,-0.05588285273118197,0.05016066132604153,-0.005645513023230123,-0.010305003914422397,0.12697258985616586,-0.11841191162339076,0.10161759360245187,-0.08627538687405469,0.0640363730995154,-0.0336115915446402,0.021408421250569673,0.02226116006506389,-0.042656377754718755,0.10924018688800059,-0.10294819794520087,0.24610669280454883,0.24515213518700543,-0.02710452465709502,0.24067606706922592,-0.020876214089337746,0.23925800344424428,-0.05603586002960544,0.24386505589221025,-0.1403779138451339,0.24857854853923816
0.24654441335736524,0.2500000000000001,-0.16975845755839772,0.24434927712755722,-0.12521130875057912,0.24495204910186796,-0.1579434225639233,0.24275039816042016,-0.15789701988739702,0.2479604384076135,0.06648866810066878,-0.1143072754800633,0.11613159248742048,-0.12264363535175583,0.10306709383272647,-0.09842211559753179,0.12600818507452616,-0.13127652465007875,0.13451562933502703,-0.13115714840486853,-0.07306460433969326,0.09448565120105323,-0.11241896298001161,0.1083541027302112,-0.074270689522277,0.07031325712636034,-0.07811936437597951,0.10203986607366608,-0.10558730870283387,0.13462761245347876,0.1300298268158796,-0.12234973374989355,0.109163465022519,-0.08071866096786356,0.06504422820007258,-0.05808282510527374,0.05234520414479746,-0.007593260798148299,-0.008438424496007752,0.12572058194226957,-0.12023809939375235,0.10379568716465237,-0.08850179239130711,0.06629693427794359,-0.03571020436059054,0.023442471405019993,0.020458089439789582,-0.040959863039938524,0.1079400290483054,-0.1016222945825362,0.2455412907346422,0.24452273539097633,-0.025443002709149218,0.2400203204660499,-0.01906405477476309,0.23859484264204492,-0.05440985668656275,0.24322611906398653,-0.13923705515599163,0.2479643898729247
-0.166362918594959,-0.16975845755839772,0.2500000000000001,-0.17148830006494725,0.13560459402756836,-0.16658390153093558,0.13176509518431592,-0.16496402250964115,0.12508926485236346,-0.16776888793781486,-0.1451639091769005,0.1941277342394649,-0.19596024471703277,0.18496590886279543,-0.13575315612637445,0.12669465140095063,-0.12191405477681783,0.12010061541724108,-0.11497039412908747,0.11577021315039944,0.1505387961956608,-0.17215513999599188,0.1762043432708657,-0.17233037296835244,0.13735600000467446,-0.12872179160519306,0.13090800737919817,-0.12320940534786393,0.12321374697359251,-0.11956824643103953,-0.17671222664309302,0.17692584749555323,-0.17313880442176732,0.14451193596492284,-0.12920515582795253,0.12203342486234128,-0.1171064489938786,0.07450349548378415,-0.059391267111697905,-0.051881281837423396,0.16074392438843318,-0.16057872366255935,0.14893179354639213,-0.1310396133505522,0.1015898059835118,-0.08971263084081849,0.048005501813362154,-0.02854831090056205,-0.03645297779732323,0.030692562902757663,-0.16774826643784901,-0.16455377550569655,-0.04131958151716862,-0.16022834903014405,-0.049559218705362874,-0.158882961077277,-0.015815660030204053,-0.16327754883988335,0.06599512555474261,-0.16777136528320075
0.24485624359454408,0.24434927712755722,-0.17148830006494725,0.2500000000000001,-0.12954714919778665,0.2433470810336113,-0.15905884606428505,0.24117292461599885,-0.1578418228774234,0.24627222703594215,0.06821822269324211,-0.11610050682791764,0.11792576882722385,-0.1252150520205953,0.10696077175629644,-0.1022057605392669,0.12776470906218743,-0.13248934869767728,0.13521290277548498,-0.13177177484960678,-0.07493870468326319,0.09637084117340951,-0.11490542942277378,0.11085047673628298,-0.07677447149754502,0.07304451785866926,-0.08069116222474376,0.10399532277674452,-0.1074775980516172,0.13524368337713608,0.13255071103527796,-0.12490441261413555,0.11166015999156599,-0.0831960004157866,0.06752544468775952,-0.06052875249176318,0.05479645815517054,-0.009929404689765697,-0.006139260710066349,0.12372188540730901,-0.12228236071926614,0.10631920934622183,-0.09097745039554722,0.06875127643770479,-0.03810541440323598,0.02581923801517371,0.018193029912409193,-0.038743605766331866,0.10593966796142089,-0.09961269257031262,0.24392784928105526,0.2428270677801428,-0.023238261195222085,0.23831223127012197,-0.016803739467669637,0.2368828512563213,-0.052230312161359156,0.24152580603560003,-0.13731226458098067,0.24627616324575882
-0.12459707672627103,-0.12521130875057912,0.13560459402756836,-0.12954714919778665,0.2500000000000002,-0.12888609165669887,0.16931623897011056,-0.12860660485942604,0.16097142676649723,-0.1258550467915433,-0.1179321339426101,0.15922044730806842,-0.1627740118418207,0.17598021852719833,-0.22727673335447923,0.2175843869984733,-0.18735134053975702,0.18051223495651852,-0.17130778865018112,0.16946855988553675,0.12705414890481315,-0.14918456909392475,0.1673264399710706,-0.16580599392504683,0.18984768704732727,-0.1932997343315582,0.19436698154975093,-0.18701459584925367,0.18695429348746698,-0.17315090497885255,-0.16665182143772206,0.16885530021322884,-0.16808931319661374,0.18059915092671022,-0.18786871572836164,0.1799059651432659,-0.1751426208242924,0.1301028273542969,-0.11422055792502864,-0.003396054404453781,0.15915139112451746,-0.1629449315265381,0.161374659313486,-0.16903044576367116,0.15069271157280975,-0.14615628816158857,0.10209325229994536,-0.08162461788488512,0.0127403217550362,-0.01880377179149039,-0.1265208936999397,-0.1233187795821995,-0.05944200319531819,-0.11808420167899954,-0.0983072084862026,-0.11646749447231797,-0.06810269158091505,-0.12110799629683651,0.01846083752695069,-0.12585731175348944
0.24555585817883727,0.24495204910186796,-0.16658390153093558,0.2433470810336113,-0.12888609165669887,0.25000000000000006,-0.1621821996117565,0.24204263069522772,-0.16010059053522802,0.24696301247404143,0.06476036792359695,-0.11255030920758699,0.11444417978782954,-0.12196724362154188,0.10628411193195084,-0.10173901356311804,0.12986300633305004,-0.13480590609536364,0.13753824902930561,-0.1340231003399759,-0.07174881053777073,0.09319266136476911,-0.11173643554831415,0.1077562178725411,-0.07584745334067154,0.07236485377869258,-0.08022382415196437,0.10476135283937295,-0.10835441807848081,0.1374870706468978,0.12944987147152287,-0.12175730779263987,0.10862021804501042,-0.08168728984548972,0.0668397644069666,-0.05984858064393735,0.05411058889060421,-0.009243815395046904,-0.006826083315309986,0.12440953578596509,-0.12001520106708904,0.10357423623516711,-0.08862202953797797,0.0673262722688639,-0.03713469304109802,0.02513229502951,0.01888013813702057,-0.03943099800227753,0.1065672994202968,-0.10023050688426258,0.24455627688780832,0.24354808713418377,-0.025181953320945902,0.23900988867866113,-0.017683769733768687,0.23757353441727325,-0.05291801329934342,0.24221654678103763,-0.1379460144744816,0.2469669816919932
-0.157867765891093,-0.1579434225639233,0.13176509518431592,-0.15905884606428505,0.16931623897011056,-0.1621821996117565,0.2500000000000001,-0.1644061415168718,0.19790237693311707,-0.15915695479744438,-0.08149158573510577,0.12225756829649587,-0.12548906441396301,0.1375637168828405,-0.17809781986282705,0.18788135377179585,-0.21717625614228228,0.21336046749512194,-0.20376765665105662,0.20026909069727405,0.0938990222530798,-0.11609604403597018,0.13435325507797727,-0.13269713549202306,0.15645237093049513,-0.1597744467797958,0.16538308708966198,-0.1847703923295866,0.18721117264528303,-0.20378419309850948,-0.13810009949315152,0.13746350589228432,-0.13496686930854404,0.14730210113279035,-0.1542561885061497,0.14657045758724976,-0.14154275160325505,0.09659789457963235,-0.08068156050496439,-0.03678866659100255,0.13675398737013583,-0.13140007906391923,0.12901026105871866,-0.13558459219747393,0.11718356961993491,-0.11258515275414188,0.06858362292988006,-0.048117214453279815,-0.01938203460028621,0.013114304656726377,-0.1587647249252317,-0.156600887120693,-0.02689563973122759,-0.15139348283604806,-0.06482555366167952,-0.14977953177323297,-0.0346173782399463,-0.15441566155181388,0.05067518740422696,-0.15916026376262937
0.243339977734605,0.24275039816042016,-0.16496402250964115,0.24117292461599885,-0.12860660485942604,0.24204263069522772,-0.1644061415168718,0.25000000000000017,-0.16441868436800938,0.24474303213169338,0.06364446571773491,-0.11105259343875382,0.11299335929352493,-0.12068108787192955,0.10689946337566132,-0.10384941781915491,0.1320886074720524,-0.13743134756120248,0.14082108551780387,-0.13730358425081746,-0.07104743880514881,0.09252965173922234,-0.1110675114413574,0.1071848649318777,-0.0777732954328681,0.07458643323495552,-0.08245930524412688,0.10734624224868569,-0.11097542315080944,0.14076326659719368,0.12825037217276095,-0.12082621851370737,0.10811179812685677,-0.08294142065804018,0.06906116736256773,-0.06205213944637059,0.05633193158895809,-0.011461532878871568,-0.004605010874348727,0.12218944558085301,-0.1195261447097556,0.10318926955920898,-0.08877283577524324,0.06869056376091184,-0.039025181802441196,0.02735282408902449,0.016660836619491914,-0.03721008450027988,0.10433070622427251,-0.09799119420568805,0.24236819510480356,0.2413656968815451,-0.024522599121549023,0.23679792638958921,-0.015686799297111545,0.2353535285041717,-0.05069803485984523,0.2399965223797027,-0.1357108733287559,0.24474698029259925
-0.15805918115951031,-0.15789701988739702,0.12508926485236346,-0.1578418228774234,0.16097142676649723,-0.16010059053522802,0.19790237693311707,-0.16441868436800938,0.2500000000000002,-0.15918172195737912,-0.0713793774178341,0.11074696380128399,-0.11404734869997553,0.12635581155408357,-0.16997345787524357,0.17943371613435935,-0.20900317107020625,0.21656520915535973,-0.2260928576487952,0.2223803397726497,0.08540538133456314,-0.10767192839962504,0.1258825189334109,-0.12435373704579357,0.15086969271812592,-0.1545364048083992,0.16110786449097345,-0.18731955274153433,0.19093961355275896,-0.2209827643902692,-0.13116529949452577,0.12948053601860615,-0.12666751394554307,0.14109334770547036,-0.14911385246547357,0.14151818084144496,-0.1368609148663198,0.0940063606768895,-0.07838073313072758,-0.037962465475729415,0.13097435195242368,-0.1239226400981665,0.12194560783920975,-0.12961095977096454,0.11219223522157695,-0.1080670532733455,0.06523937895337552,-0.04612434803973466,-0.020353785070942845,0.014084015755902885,-0.15869598506380306,-0.15672244723281514,-0.022136134093687383,-0.15155637247931167,-0.06072526172589502,-0.14995830373295596,-0.0318117977620591,-0.154486065748529,0.051384643013141953,-0.15918497967185694
0.24857457425493562,0.2479604384076135,-0.16776888793781486,0.24627222703594215,-0.1258550467915433,0.24696301247404143,-0.15915695479744438,0.24474303213169338,-0.15918172195737912,0.25000000000000017,0.06456414096424633,-0.11238282439738137,0.11420740626095681,-0.12150458778561987,0.10325392826801243,-0.09871455071313402,0.12683429069921603,-0.1322053360399816,0.13556850900545037,-0.13205231739454823,-0.07123059124447925,0.0926529611129879,-0.111205644525941,0.10713711036384414,-0.07307666734353073,0.06933322276292177,-0.07727911478959869,0.10209310106114645,-0.10573962445237683,0.13551314362597408,0.12937952058923669,-0.12144971992068113,0.10794669656353632,-0.07949592052290073,0.06380803236455367,-0.05684128644597164,0.051079027757282555,-0.006217481298968048,-0.009856830767102883,0.12743752407428488,-0.1196305694348555,0.10281315699657481,-0.08738655371795884,0.06503509965072268,-0.034389476432043126,0.022101705113768046,0.02190865685079563,-0.042461321900855435,0.10957610509568685,-0.10323644574418572,0.2475195963965868,0.24654308066737216,-0.02685787655002792,0.24203064655902282,-0.02052068073609566,0.24060124781032094,-0.055947112557169894,0.24524424010396598,-0.1409565000778262,0.2499946103908434
0.06327718064640847,0.06648866810066878,-0.1451639091769005,0.06821822269324211,-0.1179321339426101,0.06476036792359695,-0.08149158573510577,0.06364446571773491,-0.0713793774178341,0.06456414096424633,0.25000000000000017,-0.198366773236307,0.1944810553441343,-0.18204778384577744,0.13410800769752873,-0.12393289335974958,0.09371629248261183,-0.086123286620258,0.07524746031340912,-0.07795289506148154,-0.16446580565994817,0.180085283218486,-0.1763311468665736,0.17366654455267316,-0.14728728504085278,0.13914546211815879,-0.13673089300369717,0.11022470705695414,-0.10786999992088746,0.08104924386951545,0.1672569828348216,-0.1719363218901915,0.1742331686181362,-0.15294806531118807,0.14190716775962572,-0.13649135900944565,0.13346074498417929,-0.10369341283932469,0.09326216978484271,-0.015919854342811693,-0.14931550915164582,0.16107359475072602,-0.154508910846251,0.14374044607414377,-0.12290122456699007,0.11444102626165738,-0.08539018801627299,0.0718332958030978,-0.025589770429309776,0.029423700795005118,0.06634305385877448,0.062349131361668274,0.07989622197557958,0.05931544829322955,0.08667416765144928,0.05838594653421111,0.06302758927138487,0.06144259110324794,0.00516679387487192,0.06456488731600732
-0.1109931815619495,-0.1143072754800633,0.1941277342394649,-0.11610050682791764,0.15922044730806842,-0.11255030920758699,0.12225756829649587,-0.11105259343875382,0.11074696380128399,-0.11238282439738137,-0.198366773236307,0.2500000000000001,-0.24596082533093694,0.23287331895753033,-0.17466711029915732,0.1626770171534339,-0.13217624079898352,0.12431537707038019,-0.11242862478738293,0.1149966976585878,0.2049583388434736,-0.22684969956261755,0.22510220081439264,-0.221382797806188,0.1859340243213364,-0.1759485762308618,0.17435691875917872,-0.1475552191648965,0.1454022126144105,-0.11896758343075059,-0.21583753388734325,0.2208389116886411,-0.2221915160444707,0.1933618784865633,-0.17828654095199378,0.1708393098290007,-0.16642275412501709,0.12462753797053747,-0.10991281222365903,0.0009921580991227982,0.1942326511233383,-0.20564167947740114,0.19584188413196185,-0.18036340734310027,0.15134509112006692,-0.13962309124938976,0.09876488824460825,-0.07973048374041954,0.015114610854222313,-0.02059572029858562,-0.11414204592335564,-0.1092686058066356,-0.09087890776085292,-0.1049990814174401,-0.10039640071666397,-0.10368549845510615,-0.06727496709025405,-0.10798687932867064,0.013699544944171124,-0.11238452387233236
0.11282379841850455,0.11613159248742048,-0.19596024471703277,0.11792576882722385,-0.1627740118418207,0.11444417978782954,-0.12548906441396301,0.11299335929352493,-0.11404734869997553,0.11420740626095681,0.1944810553441343,-0.24596082533093694,0.2500000000000003,-0.2364930199659752,0.1782777208742876,-0.1662947612491724,0.13577657526460046,-0.1278979181967473,0.11601149011778046,-0.11852192348359296,-0.20331450349419247,0.22531859081259054,-0.227791067666136,0.2241027402912444,-0.18868743437422789,0.17875534080523817,-0.17724243189396227,0.15078586578754402,-0.14867472224369463,0.1224972090831045,0.21737384783770708,-0.22309565533456366,0.2249089687120489,-0.1960591144733386,0.18097868595972644,-0.17342424086215413,0.16894733581940177,-0.1265159332599587,0.1115735781487916,-0.0009459262216215058,-0.19657654705676827,0.20800114194660105,-0.19820913434430595,0.18288312060053483,-0.15354408279529513,0.14172172001523703,-0.10023457305530502,0.08091824379736345,-0.01532244784074638,0.020894893416275328,0.11597989810611031,0.11105593631008444,0.09175788821271574,0.10671074070441929,0.10182700931496895,0.10537463351695836,0.068254098456949,0.10974255701436833,-0.013946556160824703,0.11420913879277009
-0.12013422037549573,-0.12264363535175583,0.18496590886279543,-0.1252150520205953,0.17598021852719833,-0.12196724362154188,0.1375637168828405,-0.12068108787192955,0.12635581155408357,-0.12150458778561987,-0.18204778384577744,0.23287331895753033,-0.2364930199659752,0.24999999999999994,-0.19166351511139387,0.17965844614994972,-0.14908379012518636,0.14119891487165342,-0.1293128896379999,0.13174458610297302,0.19897810407500466,-0.2211404188738071,0.23918810252393297,-0.23558611462827392,0.2002077158540024,-0.19023884658825627,0.18895812304055473,-0.1633080027433405,0.16131382416071027,-0.1357571666748268,-0.22463654638182984,0.23289424278826,-0.23639428812725896,0.20739551685277813,-0.19226059009439955,0.18425958713922883,-0.17953267987983473,0.1344812169380788,-0.11860216899663795,0.0009576133819346434,0.20645195262593982,-0.2180512305994483,0.2082793192296646,-0.1934860831830196,0.16280705929908232,-0.1505586332103564,0.10648242053179777,-0.08600248894705577,0.016352842060814297,-0.02229643983117475,-0.12333863192716868,-0.11819761023605692,-0.09567758663383932,-0.11354328036126499,-0.10792632840506498,-0.11211491039054149,-0.07248469718132447,-0.11675660213090609,0.014783304811099851,-0.1215065429683438
0.10205520892450326,0.10306709383272647,-0.13575315612637445,0.10696077175629644,-0.22727673335447923,0.10628411193195084,-0.17809781986282705,0.10689946337566132,-0.16997345787524357,0.10325392826801243,0.13410800769752873,-0.17466711029915732,0.1782777208742876,-0.19166351511139387,0.25,-0.23659243565691873,0.2059694576792572,-0.1972884992106032,0.18544771873072316,-0.1838991533392602,-0.1432339086461635,0.16542705374236027,-0.18346683417616866,0.18220436667155498,-0.21085872102410963,0.21455280350380274,-0.2148593367477896,0.20530627652217254,-0.2048636112011751,0.1876039707381981,0.17983748306621508,-0.183326307208319,0.18460219618601753,-0.20039609672651637,0.2095862694851468,-0.20146677963448176,0.1968960963779594,-0.15194933580177566,0.13614566043733659,-0.018851406513254333,-0.17109041128069188,0.1786652606975077,-0.17856416838694722,0.18914935127168614,-0.17187224394318568,0.16799004516646196,-0.12403919544453995,0.10364157918030512,-0.03479518115533227,0.040819603270227836,0.1046182055191553,0.10080874489110521,0.07803715173715331,0.09552021504439707,0.1198432704190869,0.09389269532605728,0.09015122599242,0.09851993742487478,0.003697535703573325,0.10325589592071932
-0.09762340301523485,-0.09842211559753179,0.12669465140095063,-0.1022057605392669,0.2175843869984733,-0.10173901356311804,0.18788135377179585,-0.10384941781915491,0.17943371613435935,-0.09871455071313402,-0.12393289335974958,0.1626770171534339,-0.1662947612491724,0.17965844614994972,-0.23659243565691873,0.2500000000000001,-0.21905911456929772,0.20928034743019933,-0.1973306364009177,0.19520764842514982,0.13692330595284777,-0.1594206326685098,0.17748475951115944,-0.17658931436391426,0.21525658682351317,-0.22059608673114067,0.22126475990706562,-0.21414417301955585,0.2138951970360126,-0.19889333638557105,-0.17095594949810328,0.1761276604863656,-0.17924310705045868,0.20206537626398757,-0.21508817997815957,0.20690493021760148,-0.20235886516579576,0.15726617121498668,-0.141421456069968,0.02376660485309745,0.16660356551937539,-0.17382391577794207,0.17578288869503808,-0.1912026352337615,0.17595262420980406,-0.1733612307782412,0.1292732306816527,-0.10881731894688526,0.039870115163072234,-0.045931261400316316,-0.10006667566694946,-0.09641049298998795,-0.07695673375586227,-0.09098892825571306,-0.12418445195042213,-0.08932462716492458,-0.09528313943499589,-0.09396597672978303,-0.008667026645476956,-0.09871650622748786
0.12575259365883412,0.12600818507452616,-0.12191405477681783,0.12776470906218743,-0.18735134053975702,0.12986300633305004,-0.21717625614228228,0.1320886074720524,-0.20900317107020625,0.12683429069921603,0.09371629248261183,-0.13217624079898352,0.13577657526460046,-0.14908379012518636,0.2059694576792572,-0.21905911456929772,0.2500000000000002,-0.23712360282293338,0.22381435675021816,-0.220675407322281,-0.10707528330516826,0.12950447655752886,-0.14758103978961729,0.14662057836713535,-0.1863664149842457,0.19167796276119986,-0.19635719945223568,0.21325910499951,-0.21507825838489586,0.22426579097570515,0.14638983792250568,-0.1482281280645114,0.14929380794555,-0.17290900776007187,0.18617145807750252,-0.17823738364185276,0.17347409322725504,-0.12853736206410227,0.11269063270737326,0.004638564786393216,-0.14649735166158243,0.1457748803152939,-0.14715809268311864,0.16199408777226906,-0.1470076019972094,0.1445501296817337,-0.10058895356307213,0.08016894597460586,-0.012541842383971684,0.018771326351626205,0.1272632805470992,0.12453238292085383,0.04856193065328447,0.11913249682226311,0.09540964909725179,0.11746891373677368,0.06667738678414224,0.12209867961640547,-0.01868851804024328,0.12683710049912877
-0.131127749629184,-0.13127652465007875,0.12010061541724108,-0.13248934869767728,0.18051223495651852,-0.13480590609536364,0.21336046749512194,-0.13743134756120248,0.21656520915535973,-0.1322053360399816,-0.086123286620258,0.12431537707038019,-0.1278979181967473,0.14119891487165342,-0.1972884992106032,0.20928034743019933,-0.23712360282293338,0.2500000000000002,-0.23607527284198987,0.23272124280395703,0.1021139900642989,-0.12462352003423166,0.14281094552387047,-0.14183067434580773,0.1817032826452476,-0.1869992126825798,0.19328920651001946,-0.21986437360741226,0.22213860517200906,-0.23627663322178058,-0.14264958820040818,0.14366933707578552,-0.14451191333246963,0.16831861678167978,-0.18159581266007113,0.17368220434924056,-0.16886662425809534,0.12382471854443157,-0.10793042155482035,-0.00968986542431573,0.1438349454323517,-0.1412464501204804,0.1425449153296465,-0.15735650619689961,0.14233367562604918,-0.1398687532002883,0.09579898503113672,-0.07532564341791623,0.007922315979697796,-0.014233541896179069,-0.13249286071037317,-0.1298963960544517,-0.04368381105304422,-0.12448408372094041,-0.09060369062052166,-0.12281623106189744,-0.06179991548440333,-0.12745775910265505,0.023424318458803196,-0.13220825668879127
0.13451389933293173,0.13451562933502703,-0.11497039412908747,0.13521290277548498,-0.17130778865018112,0.13753824902930561,-0.20376765665105662,0.14082108551780387,-0.2260928576487952,0.13556850900545037,0.07524746031340912,-0.11242862478738293,0.11601149011778046,-0.1293128896379999,0.18544771873072316,-0.1973306364009177,0.22381435675021816,-0.23607527284198987,0.2500000000000003,-0.24609333937392358,-0.09080807311920876,0.11332029047839182,-0.13146952035433312,0.13052697106212882,-0.1705892846607228,0.17594026007506816,-0.18214165596559306,0.20876419339275828,-0.2124287618275262,0.24261432787686543,0.13289629095620498,-0.13311078615620264,0.1331723853493075,-0.1571989803433767,0.1705438848844053,-0.16279641055580968,0.15848906212455086,-0.11649929876207188,0.10103353647119775,0.014843804703469105,-0.13506392993371424,0.13068569353166562,-0.13183432571565604,0.14641871269282936,-0.13203625290753837,0.12975986516621862,-0.08742359003483938,0.06890704997033255,-0.0026781112698810827,0.008922629827419135,0.13562860973832502,0.13334561959951147,0.03563509670444497,0.12804202890245098,0.08148245472165183,0.1264108251685526,0.05423341158365615,0.13089186289385552,-0.028223888012189325,0.1355715110374458
-0.13100209293624462,-0.13115714840486853,0.11577021315039944,-0.13177177484960678,0.16946855988553675,-0.1340231003399759,0.20026909069727405,-0.13730358425081746,0.2223803397726497,-0.13205231739454823,-0.07795289506148154,0.1149966976585878,-0.11852192348359296,0.13174458610297302,-0.1838991533392602,0.19520764842514982,-0.220675407322281,0.23272124280395703,-0.24609333937392358,0.2500000000000003,0.09365253634843754,-0.11626204076179926,0.13432198725180594,-0.13339576015468466,0.17345779323586935,-0.17882091971174743,0.18493840965758276,-0.21153238134616442,0.21520121554688632,-0.2453214198297067,-0.1350937952180767,0.1355897227009225,-0.1360384430074538,0.16007656557947028,-0.17344493565601957,0.16567850758453606,-0.16145249290164057,0.11976083507893537,-0.10432832306639842,-0.011441854955952145,0.13709119590333868,-0.13328381773226866,0.13454553248397336,-0.14932426561505574,0.13500106996583994,-0.13273876245071228,0.09054939264499763,-0.07222975532562398,0.006055975198922815,-0.012293849315770962,-0.13222779010659716,-0.12984072329536586,-0.038607463624128764,-0.12454109167422368,-0.08453955419083484,-0.12291326526039885,-0.057424037469997226,-0.12738002719194605,0.02481591372732548,-0.13205523275110814
-0.07018438741147208,-0.07306460433969326,0.1505387961956608,-0.07493870468326319,0.12705414890481315,-0.07174881053777073,0.0938990222530798,-0.07104743880514881,0.08540538133456314,-0.07123059124447925,-0.16446580565994817,0.2049583388434736,-0.20331450349419247,0.19897810407500466,-0.1432339086461635,0.13692330595284777,-0.10707528330516826,0.1021139900642989,-0.09080807311920876,0.09365253634843754,0.25000000000000056,-0.22695087538722844,0.20867271160698453,-0.20504227243442671,0.16937244302079854,-0.15935757567437744,0.1566354688809716,-0.12861784754390893,0.12601014649018535,-0.09746937858699956,-0.19121133326894937,0.19890264701541616,-0.20596476539496292,0.17745012537751698,-0.16260983400650753,0.15629133681002455,-0.15279264578171028,0.11904593811632168,-0.10721906394519048,0.019768023452763576,0.17368546752102096,-0.1876003766885409,0.17994226754332107,-0.16675407323830357,0.1417820549327053,-0.1313370381076781,0.09840890641343458,-0.0829858880934629,0.03077140185598687,-0.03511698726116536,-0.07340833394921978,-0.0686640045244161,-0.09462338015571171,-0.06526973621743411,-0.1005173066710242,-0.06424025234246795,-0.07310526765324318,-0.06770125387764785,-0.007673857230516159,-0.0712316611597798
0.09143294701239839,0.09448565120105323,-0.17215513999599188,0.09637084117340951,-0.14918456909392475,0.09319266136476911,-0.11609604403597018,0.09252965173922234,-0.10767192839962504,0.0926529611129879,0.180085283218486,-0.22684969956261755,0.22531859081259054,-0.2211404188738071,0.16542705374236027,-0.1594206326685098,0.12950447655752886,-0.12462352003423166,0.11332029047839182,-0.11626204076179926,-0.22695087538722844,0.25000000000000083,-0.23137066489450334,0.227649955983311,-0.19214465740704756,0.1817055742125375,-0.17939737574362213,0.151101050710113,-0.1486965172158443,0.12015763881240385,0.20995356304832768,-0.22113484689497967,0.2284966287753472,-0.1997522398488646,0.18480274304856323,-0.17754393847133101,0.17340849472996298,-0.13342291748777763,0.11939748101380435,-0.015489492770901182,-0.19487730857331456,0.20872332869996368,-0.20048398934853245,0.18733943657838162,-0.15927478839422105,0.14786503705214069,-0.10883128401356505,0.09060608283585468,-0.02880553349566932,0.0340089226695212,0.09483341300361602,0.08969926360024329,0.10047016486754616,0.0856000511843137,0.11058504154945016,0.08435209800402646,0.07878262566082368,0.0884593628041014,0.0013351827252597686,0.09265438259810524
-0.10991526065535813,-0.11241896298001161,0.1762043432708657,-0.11490542942277378,0.1673264399710706,-0.11173643554831415,0.13435325507797727,-0.1110675114413574,0.1258825189334109,-0.111205644525941,-0.1763311468665736,0.22510220081439264,-0.227791067666136,0.23918810252393297,-0.18346683417616866,0.17748475951115944,-0.14758103978961729,0.14281094552387047,-0.13146952035433312,0.13432198725180594,0.20867271160698453,-0.23137066489450334,0.2500000000000005,-0.24569847015200408,0.21017712597649774,-0.19939104380476508,0.1974411076449154,-0.16908575179164498,0.16682444326347792,-0.1383705572443219,-0.22713367223544084,0.23928155386241734,-0.24650577820520722,0.2174632319641962,-0.20237196991199466,0.19429311485002076,-0.18965100847564997,0.14461057462176233,-0.1287564084229621,0.01117735969994576,0.2120932741915147,-0.22574536594112427,0.2169208205648527,-0.20360483978691182,0.1729360283243805,-0.16069464133338424,0.1166389447686255,-0.09617643648862349,0.026419889252714542,-0.03233661988474316,-0.11336498149790497,-0.10792752915478487,-0.10469230092639283,-0.10324884999236034,-0.11808901553347886,-0.1018214893219522,-0.08266459588530768,-0.106460350847265,0.004683217744060107,-0.11120743754301184
0.10587462919731257,0.1083541027302112,-0.17233037296835244,0.11085047673628298,-0.16580599392504683,0.1077562178725411,-0.13269713549202306,0.1071848649318777,-0.12435373704579357,0.10713711036384414,0.17366654455267316,-0.221382797806188,0.2241027402912444,-0.23558611462827392,0.18220436667155498,-0.17658931436391426,0.14662057836713535,-0.14183067434580773,0.13052697106212882,-0.13339576015468466,-0.20504227243442671,0.227649955983311,-0.24569847015200408,0.2500000000000008,-0.20939293931567102,0.19869108743421474,-0.19667224004594278,0.1682558209885653,-0.16597128968296063,0.1374005345718154,0.22350610490686315,-0.23568010042623555,0.24310818348031038,-0.2158358706744462,0.201707795188869,-0.19373401094355353,0.1891843829918452,-0.1448276331229378,0.12921628822807685,-0.013404325144215773,-0.20898103646304225,0.22272630409000327,-0.21446230261954427,0.2022731402157054,-0.17246736898308065,0.1606615699174464,-0.11727193358719509,0.09712620509477866,-0.028393377505631784,0.0342172435233697,0.10930899113165025,0.10393718754591377,0.10431475865886632,0.09930642445464277,0.11852826626175691,0.09789449683970045,0.08381070212057369,0.10246314644487446,-0.002239493713107005,0.10713884323184436
-0.07200244104228044,-0.074270689522277,0.13735600000467446,-0.07677447149754502,0.18984768704732727,-0.07584745334067154,0.15645237093049513,-0.0777732954328681,0.15086969271812592,-0.07307666734353073,-0.14728728504085278,0.1859340243213364,-0.18868743437422789,0.2002077158540024,-0.21085872102410963,0.21525658682351317,-0.1863664149842457,0.1817032826452476,-0.1705892846607228,0.17345779323586935,0.16937244302079854,-0.19214465740704756,0.21017712597649774,-0.20939293931567102,0.2500000000000006,-0.23852213006409642,0.2363637690732026,-0.20823877166563087,0.20586603738863793,-0.1775441696996458,-0.18837654379510282,0.20035102399756796,-0.2116500910657441,0.2299645289465223,-0.2407206308467991,0.23233114357323634,-0.22799152094228428,0.18286104451251298,-0.16705476511403494,0.04938075987867256,0.18445853141344254,-0.1984917237663787,0.20255438671415013,-0.21896173790710305,0.2023973730169509,-0.198996112361117,0.1548944805864591,-0.1344516705830212,0.06465706666684932,-0.07058182502158593,-0.07528764943277776,-0.07075294425973498,-0.10330445796894173,-0.06533048272846051,-0.15037089725402858,-0.06368636615518423,-0.12091188958725112,-0.06832753535472122,-0.033533928745995686,-0.07307799516351825
0.06830355952719021,0.07031325712636034,-0.12872179160519306,0.07304451785866926,-0.1932997343315582,0.07236485377869258,-0.1597744467797958,0.07458643323495552,-0.1545364048083992,0.06933322276292177,0.13914546211815879,-0.1759485762308618,0.17875534080523817,-0.19023884658825627,0.21455280350380274,-0.22059608673114067,0.19167796276119986,-0.1869992126825798,0.17594026007506816,-0.17882091971174743,-0.15935757567437744,0.1817055742125375,-0.19939104380476508,0.19869108743421474,-0.23852213006409642,0.2500000000000007,-0.2419100540212064,0.21373917081396282,-0.2113267656599153,0.18284754295012448,0.18037703333408037,-0.19095921375453626,0.20133821428631035,-0.22501936330730327,0.23868076354889492,-0.2304269596445578,0.2261845769569949,-0.18187304555529157,0.1663623481177374,-0.05086385401003298,-0.17722168140890923,0.19039400424522965,-0.19540601663664575,0.21455503291046482,-0.19999647664252426,0.19772286157566252,-0.15443103299739933,0.13436159426087269,-0.0659951003201054,0.07183442458318308,0.07145998177124893,0.06715758907658939,0.09944633991127137,0.06175591566609004,0.14927325585342005,0.06011608139619671,0.12107616666823813,0.0646718270911231,0.03543434572417724,0.06933453537580773
-0.07622355395612392,-0.07811936437597951,0.13090800737919817,-0.08069116222474376,0.19436698154975093,-0.08022382415196437,0.16538308708966198,-0.08245930524412688,0.16110786449097345,-0.07727911478959869,-0.13673089300369717,0.17435691875917872,-0.17724243189396227,0.18895812304055473,-0.2148593367477896,0.22126475990706562,-0.19635719945223568,0.19328920651001946,-0.18214165596559306,0.18493840965758276,0.1566354688809716,-0.17939737574362213,0.1974411076449154,-0.19667224004594278,0.2363637690732026,-0.2419100540212064,0.2500000000000006,-0.2199129809773603,0.21751701114082939,-0.18904519381873452,-0.17942278879876025,0.18948201874877982,-0.1993477421235532,0.22297166027700602,-0.23651877429397525,0.22816374207307277,-0.22379312052700176,0.17866931810425654,-0.16285684575924841,0.04518914877300372,0.17692735046855665,-0.1886384039983563,0.19337553757677384,-0.21224770838545923,0.19722915663105184,-0.1947925156984436,0.15069440011450563,-0.13025291372239994,0.06087133649896757,-0.06686679380144163,-0.07924854914837068,-0.0750455005475331,-0.09538732077162125,-0.06955673631807677,-0.1455132652223459,-0.06788898065342963,-0.1167110435431318,-0.07253004415821336,-0.029709435863010378,-0.07728058685465561
0.10104374597747173,0.10203986607366608,-0.12320940534786393,0.10399532277674452,-0.18701459584925367,0.10476135283937295,-0.1847703923295866,0.10734624224868569,-0.18731955274153433,0.10209310106114645,0.11022470705695414,-0.1475552191648965,0.15078586578754402,-0.1633080027433405,0.20530627652217254,-0.21414417301955585,0.21325910499951,-0.21986437360741226,0.20876419339275828,-0.21153238134616442,-0.12861784754390893,0.151101050710113,-0.16908575179164498,0.1682558209885653,-0.20823877166563087,0.21373917081396282,-0.2199129809773603,0.2500000000000007,-0.24451142407989518,0.2156897482868454,0.16138218113188318,-0.16601633163803828,0.1709158031159837,-0.19485463780287185,0.20837814740034769,-0.20026707609924496,0.19586194934066192,-0.15124176255866362,0.13556567062657654,-0.01914757536219256,-0.16090167573669237,0.16465965843649646,-0.1673826254681593,0.18415005910872215,-0.16935317981163214,0.16700653175659969,-0.12344046773201561,0.10330220746760718,-0.03612385636446659,0.04231232343193128,0.10329070571779855,0.09985217010479702,0.07011393726943907,0.09445782795468627,0.11820291076981106,0.09280610322833752,0.08981898830581389,0.09739383083467426,0.005144761975982623,0.10209522832223293
-0.10468370279747234,-0.10558730870283387,0.12321374697359251,-0.1074775980516172,0.18695429348746698,-0.10835441807848081,0.18721117264528303,-0.11097542315080944,0.19093961355275896,-0.10573962445237683,-0.10786999992088746,0.1454022126144105,-0.14867472224369463,0.16131382416071027,-0.2048636112011751,0.2138951970360126,-0.21507825838489586,0.22213860517200906,-0.2124287618275262,0.21520121554688632,0.12601014649018535,-0.1486965172158443,0.16682444326347792,-0.16597128968296063,0.20586603738863793,-0.2113267656599153,0.21751701114082939,-0.24451142407989518,0.25000000000000044,-0.21936534759499185,-0.16088521559988148,0.16466770246024426,-0.16863233435506206,0.19248101606826573,-0.2059554213991455,0.19791348392574143,-0.19366361411373947,0.15015395783145757,-0.13439549611887916,0.0167651007894399,0.1601472259764715,-0.16309074997564685,0.1653560820864503,-0.18166242443883304,0.1669091069099191,-0.16453675105912569,0.12113246026491023,-0.10178234144035893,0.03401851066432382,-0.04029042786995402,-0.10683145100947963,-0.10349182276132615,-0.06760548086934932,-0.09806989466413302,-0.11545941217981169,-0.09641294347636746,-0.08734428184373527,-0.10099178929519081,-0.0027082008902733204,-0.10574183627326629
0.13444170378701606,0.13462761245347876,-0.11956824643103953,0.13524368337713608,-0.17315090497885255,0.1374870706468978,-0.20378419309850948,0.14076326659719368,-0.2209827643902692,0.13551314362597408,0.08104924386951545,-0.11896758343075059,0.1224972090831045,-0.1357571666748268,0.1876039707381981,-0.19889333638557105,0.22426579097570515,-0.23627663322178058,0.24261432787686543,-0.2453214198297067,-0.09746937858699956,0.12015763881240385,-0.1383705572443219,0.1374005345718154,-0.1775441696996458,0.18284754295012448,-0.18904519381873452,0.2156897482868454,-0.21936534759499185,0.25000000000000067,0.13903016000217913,-0.1396022355826,0.1400761466891025,-0.16411573256157713,0.17748578731887876,-0.16960682864427154,0.16486363491999945,-0.1202783077584783,0.10441541164814125,0.013100913683624042,-0.14095050477907875,0.1371832425411544,-0.13838997143951023,0.153162563860667,-0.1382620215350615,0.13584593816941973,-0.09199720411992998,0.07183654772571602,-0.0046506775827085504,0.010977212863957664,0.1356964779315143,0.1332156677749526,0.03983814968621851,0.1278132113408124,0.08665698416712599,0.126149029366416,0.058080874705369386,0.13076984531699454,-0.026683332724133264,0.13551611835070915
0.12804930571221323,0.1300298268158796,-0.17671222664309302,0.13255071103527796,-0.16665182143772206,0.12944987147152287,-0.13810009949315152,0.12825037217276095,-0.13116529949452577,0.12937952058923669,0.1672569828348216,-0.21583753388734325,0.21737384783770708,-0.22463654638182984,0.17983748306621508,-0.17095594949810328,0.14638983792250568,-0.14264958820040818,0.13289629095620498,-0.1350937952180767,-0.19121133326894937,0.20995356304832768,-0.22713367223544084,0.22350610490686315,-0.18837654379510282,0.18037703333408037,-0.17942278879876025,0.16138218113188318,-0.16088521559988148,0.13903016000217913,0.2500000000000007,-0.23749283025748,0.2243134781594551,-0.19540207946542837,0.18024619875114925,-0.1724196724644322,0.16767106573588958,-0.12321819642893847,0.1075332240492687,0.008545490612831415,-0.2075981994227809,0.21835294469608657,-0.20333103103857816,0.18161638910220862,-0.15124166196252456,0.13908746942377737,-0.09559331812837947,0.07536703148346982,-0.006576956532561088,0.01242786415441929,0.1310745280326477,0.12598239387195484,0.09070498914030116,0.12152207932042723,0.09706519167907474,0.12011416457742727,0.06204221235455085,0.12469490574031193,-0.024139555132776463,0.12938166680181426
-0.12013330839365938,-0.12234973374989355,0.17692584749555323,-0.12490441261413555,0.16885530021322884,-0.12175730779263987,0.13746350589228432,-0.12082621851370737,0.12948053601860615,-0.12144971992068113,-0.1719363218901915,0.2208389116886411,-0.22309565533456366,0.23289424278826,-0.183326307208319,0.1761276604863656,-0.1482281280645114,0.14366933707578552,-0.13311078615620264,0.1355897227009225,0.19890264701541616,-0.22113484689497967,0.23928155386241734,-0.23568010042623555,0.20035102399756796,-0.19095921375453626,0.18948201874877982,-0.16601633163803828,0.16466770246024426,-0.1396022355826,-0.23749283025748,0.2500000000000008,-0.23649028901903393,0.20748776505770786,-0.19235151455838911,0.18434918595759406,-0.17962228144668252,0.1345658758271084,-0.11868480058919684,0.0010244224571407743,0.21771046747871886,-0.2305573781060296,0.21537941716046236,-0.19357757627209185,0.16289455291977098,-0.15064484065045433,0.10656356304493941,-0.08608142678459109,0.016278002000852478,-0.02220024335159352,-0.12350857406021809,-0.11801378853988848,-0.10133167342861896,-0.1134875250218035,-0.10800767332182723,-0.11205898953169263,-0.07256166799926707,-0.11670121178510376,0.014848542779925136,-0.12145170380058105
