x1,x2,x3,x4,x5,x6,x7,x8,x9,x10,x11,x12,x13,x14,x15,x16,x17,x18,x19,x20,x21,x22,x23,x24,x25,x26,x27,x28,x29,x30,x31,x32,x33,x34,x35,x36,x37,x38,x39,x40,x41,x42,x43,x44,x45,x46,x47,x48,x49,x50,x51,x52,x53,x54,x55,x56,x57,x58,x59,x60
0.2500000000000001,0.24122908220028175,-0.11869024059732838,0.23657250363563623,-0.0900843530156598,0.23396082000584548,-0.0819683059014199,0.22641366654510806,-0.08625499082466992,0.2472755222483434,-0.040397495654066466,-0.042868821881057784,0.042871170452521534,-0.07734436849311566,0.03596441907672859,-0.03808905206801449,0.03781778106136567,-0.0356664436995574,0.03043492347448358,-0.024977586406754893,-0.02448799276952548,0.017476622660301814,-0.08044465345464748,0.061093757522695774,-0.05525840348273099,0.018022208411164753,-0.024255905165669483,0.012108886826533839,-0.021817652091596904,0.019312839596442866,0.15195858168966128,-0.16182867201853224,0.07373079271695208,-0.07278789872557627,0.04022437208656114,-0.033778533923841496,0.0030917257540843067,0.008731955777498015,-0.03937847619792452,0.08605167237648671,-0.17729983371627794,0.14878106892161014,-0.14180794272193048,0.0619516470030876,-0.04846090842216961,0.008311810879853845,0.01232214832609446,-0.04781610207393052,0.06387453561982359,-0.07092205692502053,0.24643471625597144,0.23701255363601179,0.02850161856838735,0.22098804657240095,-0.02029180236370607,0.23391362993889345,-0.0719939876207925,0.23209607462041537,-0.1164352861236955,0.24716874503558783
0.24122908220028175,0.25000000000000006,-0.12705381465691604,0.2330370804778805,-0.09115464396758521,0.23132357903338796,-0.08559861414901007,0.2233379716829447,-0.08812712608368165,0.24335673393185578,-0.032203924454930935,-0.051067931019387086,0.05101795384955933,-0.08287274087012939,0.041174428639948454,-0.04300407420289704,0.04249097983637802,-0.040361684709652124,0.035329543211683245,-0.030069146769502047,-0.031066437175639165,0.024836220662801084,-0.08593623492632659,0.066540019937618,-0.06060311902485773,0.02320362507864887,-0.029231067993762277,0.017221685533178918,-0.026869760514201445,0.024303005393909425,0.15299641092282812,-0.16268943448294823,0.07912540882803422,-0.07806328247414775,0.04558521487922723,-0.03898926028377424,0.008222890669117874,0.003803183245239595,-0.0344827637246372,0.08143961464602635,-0.1770346072217104,0.1500221491239481,-0.14337259538506783,0.06711884457999563,-0.05358596259393072,0.013485932886218688,0.007273894373595673,-0.042969721603518474,0.05944947386512325,-0.06653001314540871,0.2425538067516485,0.23313560595966884,0.030389937178024008,0.2169386179063953,-0.015437248609535933,0.22991130088202327,-0.0672201915773674,0.22809010729025492,-0.11223989350630133,0.243229363320711
-0.11869024059732838,-0.12705381465691604,0.25,-0.13158996832961598,0.0938543925279645,-0.12054841559295268,0.0995524918619493,-0.12050766622103941,0.08674175336106549,-0.12087937266476166,-0.09020164991635922,0.1736545971660228,-0.17364399857119958,0.1355797019091906,-0.09298301056078706,0.08715044878030405,-0.08034517573961282,0.07912898895883347,-0.07956667902386678,0.0802810501348478,0.13099255766009882,-0.13866911547373867,0.13775682015388407,-0.12068889381053623,0.11337844338962154,-0.07868656206021313,0.0795741332224239,-0.07235725068650903,0.07820072546759316,-0.07492568005817121,-0.12710584167619754,0.12858209775858573,-0.13146978259870132,0.1278803716372621,-0.10240137906432151,0.09400412652585116,-0.06696718952276479,0.05614512893299636,-0.03441093147417186,-0.0018104950588817862,0.12335071285341234,-0.12462835027475083,0.12422459031935956,-0.11795358085096694,0.10682649335647962,-0.07474529801917805,0.05769508272862714,-0.0278875917167111,0.010937522046806307,-0.0056077380894413486,-0.12080131921957922,-0.11415232315058772,-0.048030010568590124,-0.10034847615776216,-0.054735469846613725,-0.11046095889237884,-0.012331924366700475,-0.1093243419369391,0.02807435511591202,-0.12049919849401847
0.23657250363563623,0.2330370804778805,-0.13158996832961598,0.2500000000000001,-0.10271005953372647,0.22627635506786953,-0.08933688707035585,0.22159117873701134,-0.09337054734066333,0.23867740148984276,-0.027488455450779846,-0.05581548591001793,0.05576838823522176,-0.09009013965406557,0.04845534079754932,-0.049450056173864124,0.04816298560032091,-0.046130738263630636,0.041578208824758725,-0.0368749175041057,-0.03542120096016636,0.029820116463063852,-0.09299871170686261,0.073732705798456,-0.06771712251044672,0.030350707993213696,-0.03615035607067067,0.024356921005637813,-0.03381232038706271,0.031030451573622338,0.15360935166150275,-0.16377517951220322,0.0860135236659201,-0.08485792271547961,0.05268252540799272,-0.04596460655987658,0.015251128881307205,-0.002939251800778906,-0.027823990993317033,0.07519461227201432,-0.17680475543915114,0.15161653529331254,-0.14538991097935572,0.07380545234605548,-0.06025643987629307,0.02042154316727009,0.00048045839740901673,-0.03638248627786115,0.05341269073144877,-0.06054366448703326,0.23792423530701912,0.22850145027848043,0.03267938881409882,0.2120544120623798,-0.009278783897286287,0.2250899022053,-0.06095002208316495,0.2232438160012369,-0.10668290055270825,0.23852708117847285
-0.0900843530156598,-0.09115464396758521,0.0938543925279645,-0.10271005953372647,0.2500000000000001,-0.10513863814994528,0.16208226128997233,-0.10402089106159239,0.16269560640269878,-0.09186223807887457,-0.03741535397011365,0.0983156066927532,-0.10892019094510635,0.1633490548231179,-0.19549092264026147,0.18722325197248005,-0.1783274919457192,0.17677558690891418,-0.1781976242973154,0.17965127482549118,0.07699460844163501,-0.08394666145941909,0.14918501449325922,-0.15470256378487574,0.1633717445687827,-0.17700429601519876,0.17737564736395153,-0.17122539903472397,0.17722652175951925,-0.17277687476951403,-0.10586290988798402,0.11903857096418358,-0.14535664585852345,0.15265987172816384,-0.15715753422316583,0.16011955806529943,-0.16231004572998728,0.14619470884224758,-0.11925689471450826,0.07165109946008237,0.11103708821000018,-0.1188261207518182,0.1212860628342042,-0.14795594487132607,0.14377853067126686,-0.14457482933199617,0.13028857157889415,-0.11069412444557346,0.0869773226976651,-0.07998430946916626,-0.09200328947829449,-0.0855668375908526,-0.049306174218593304,-0.06999375006894804,-0.08516800714214423,-0.07865666708014324,-0.0755476218558227,-0.07606612692718585,-0.033968372649320365,-0.09134128186557186
0.23396082000584548,0.23132357903338796,-0.12054841559295268,0.22627635506786953,-0.10513863814994528,0.2499999999999998,-0.0967930349324024,0.2164421351123367,-0.09328202924465516,0.23598751909301893,-0.030822832822805974,-0.05101828495413292,0.05174005286644358,-0.08755213236674086,0.05114805559889808,-0.05320198989554596,0.052996064217890215,-0.05074837256556319,0.04559333534526727,-0.040103148739139345,-0.031631808957723696,0.025931369661567793,-0.08938549688650986,0.07171950650142102,-0.06685997652374202,0.03301516538079495,-0.03878030081003934,0.027073303217921695,-0.036668721977759826,0.03420229518353546,0.15072876714950187,-0.1609450193394917,0.08275531020062503,-0.08236120737968124,0.05234292422340896,-0.04647397219865983,0.017943835067094027,-0.00556588493986143,-0.02513166870186613,0.07250241044073824,-0.17410261191660856,0.14889854653205165,-0.14271817288396335,0.07182489460011414,-0.05888692499447256,0.021482920118021897,-0.001057495426620752,-0.03369083979639552,0.05072350804861025,-0.05785603184485781,0.23523431873996892,0.2259361310463006,0.03150538073267762,0.20969405578816463,-0.009957811474449636,0.22245292123618357,-0.05901228001569999,0.2205537460804597,-0.10399517887565764,0.23583717217077763
-0.0819683059014199,-0.08559861414901007,0.0995524918619493,-0.08933688707035585,0.16208226128997233,-0.0967930349324024,0.24999999999999972,-0.1047173117572676,0.17247782393461605,-0.08366371739638581,-0.041065882595691355,0.10127435050992575,-0.11115543400844949,0.16504418939463136,-0.1948518710113443,0.20150309816663253,-0.20541254664248523,0.20208959220270403,-0.1980088825492587,0.19246856201664786,0.08848722363565387,-0.09630716798072712,0.1611466001729967,-0.1654139819787775,0.17308218698452102,-0.18460264325642692,0.18486069065220612,-0.17949240772390052,0.18656843320941208,-0.18503312837720629,-0.11064266587955326,0.12380822980586888,-0.15676424519449678,0.16310279309567044,-0.16674571136401464,0.16908478786587183,-0.17037248143736325,0.15404903463123654,-0.127344246181161,0.07973309773109942,0.11213430302850472,-0.12387193863273374,0.12669601502305522,-0.15791329983100755,0.15348039033218036,-0.1534672782312595,0.1389421343366435,-0.1187867914987726,0.09436995377196092,-0.08740006399409363,-0.08394299347283561,-0.07744410333756875,-0.05509262233057396,-0.061666171211766284,-0.09463331340428748,-0.07043319168017491,-0.0840367424431537,-0.0678706077364311,-0.04141648177769071,-0.08313737472277336
0.22641366654510806,0.2233379716829447,-0.12050766622103941,0.22159117873701134,-0.10402089106159239,0.2164421351123367,-0.1047173117572676,0.24999999999999944,-0.10892835276867757,0.22842693998052474,-0.03179912884015346,-0.048015748752962675,0.04962638872640956,-0.08712987004894762,0.05768729353006895,-0.06034210773951696,0.060568428299486374,-0.058266279254518175,0.05315925874549583,-0.047660360663164134,-0.030232259591168046,0.024940405917509723,-0.08866621727399664,0.07303194358340093,-0.06962467164966811,0.04047637782006844,-0.046051844128134595,0.03462863402850353,-0.0441365563548009,0.041701486162126086,0.14652996855144745,-0.15690657542942563,0.08241119016806266,-0.08288153277593206,0.05585418222252288,-0.0510357752824204,0.025498934156877835,-0.012928537702695116,-0.017576522812374873,0.06495614748442545,-0.16945433932443435,0.14541289176483227,-0.13960040347391936,0.07296116919583967,-0.06084878078063957,0.026862663913775384,-0.007069794140658796,-0.02613649453081676,0.04341253683579092,-0.050541464878603955,0.22772461775427796,0.2186392437071972,0.03110106565510135,0.202592304947971,-0.007044995595724901,0.21496870242272495,-0.05246323936112483,0.2129987542295766,-0.09667642873897137,0.2282821575598013
-0.08625499082466992,-0.08812712608368165,0.08674175336106549,-0.09337054734066333,0.16269560640269878,-0.09328202924465516,0.17247782393461605,-0.10892835276867757,0.24999999999999972,-0.08816582304174403,-0.03252381426171091,0.08985397859451971,-0.09955845724537807,0.15308062991931762,-0.18158736966175018,0.1887255586374318,-0.19624806466682976,0.19697017982587722,-0.193854907820025,0.18831584728161102,0.07711667268475628,-0.08393281013150174,0.14886790551555235,-0.1526130133975402,0.16039036142290736,-0.17516874563385748,0.1789758455611262,-0.1753319570077253,0.18256675530278943,-0.1809624999325711,-0.10659694654195985,0.11959587396034099,-0.14458889263159294,0.1509970990775705,-0.15491185119698342,0.15961704947401475,-0.16620661792804547,0.15000377391786465,-0.12315059819648529,0.07552985985169265,0.10994873360803513,-0.11902848868575083,0.12127916380417952,-0.14604590282012636,0.1423252067431419,-0.14517838507466443,0.13185443823686574,-0.11458607583670936,0.09068303416976527,-0.08369373592367282,-0.08817008182717806,-0.081770022445231,-0.050619713142780784,-0.06658395792628403,-0.08447145639228562,-0.07488661626119433,-0.07791580411275316,-0.07218874495506152,-0.037674688134337574,-0.08746518564897687
0.2472755222483434,0.24335673393185578,-0.12087937266476166,0.23867740148984276,-0.09186223807887457,0.23598751909301893,-0.08366371739638581,0.22842693998052474,-0.08816582304174403,0.24999999999999967,-0.03818690720638341,-0.04508816788645439,0.045035850717354504,-0.07939664097666102,0.037717783094760135,-0.03985456557693778,0.03958274870669831,-0.03742842165676448,0.032173328711623234,-0.026680837684791344,-0.026098086714608015,0.019177785412828496,-0.08252697581651391,0.06300437707884012,-0.05713844420207808,0.019612853514389447,-0.025897947653978348,0.013642707372735223,-0.0234652267454388,0.020917627317916902,0.15395864674008772,-0.16391779682490307,0.0757244739959806,-0.07478561285045543,0.04195065639648897,-0.03545096538770461,0.0045128258919144276,0.007515938985019233,-0.038563411741326756,0.08590846070950882,-0.17934262387934316,0.1507994170567622,-0.14381530938397047,0.06381486184102936,-0.050180236988922496,0.009686893965784017,0.011208017771003869,-0.04712211038314189,0.06348671881048978,-0.07063353324761146,0.24854204072601194,0.23900758317415935,0.02922120864059023,0.2227498061555465,-0.01947928412170842,0.23583439729679578,-0.07168753661568161,0.23398841830257922,-0.11678292152972794,0.24927211552166678
-0.040397495654066466,-0.032203924454930935,-0.09020164991635922,-0.027488455450779846,-0.03741535397011365,-0.030822832822805974,-0.041065882595691355,-0.03179912884015346,-0.03252381426171091,-0.03818690720638341,0.25,-0.1650795990698158,0.15568177323434396,-0.10315238246239834,0.07999622009090582,-0.0728264802730311,0.06671733082104453,-0.0666960582658043,0.0699278117442672,-0.07336904988739393,-0.1240732789291591,0.13702636592107467,-0.10273652144660654,0.09616729403143574,-0.09097243345891383,0.0755061407682266,-0.0722532622174996,0.07305686041491798,-0.07275541345634076,0.07137343371797558,0.03672367137605466,-0.033198329069256884,0.09989780337510766,-0.09585142447390779,0.08875086562967663,-0.0832287205392144,0.07300029388454281,-0.0692256242506744,0.06650852849138475,-0.05893244087109922,-0.015649180895693917,0.037934823415370036,-0.042426013352974204,0.0919606405963468,-0.08855682990169417,0.07924027078906062,-0.07436668608564942,0.06516980672829827,-0.05741040683744083,0.056428107202069866,-0.03766082878968124,-0.03858995982634915,0.03571404673975232,-0.04296868093976546,0.07788303210754717,-0.0405353875170658,0.06505852387084801,-0.04051961120976647,0.05053476829734009,-0.03854560428480072
-0.042868821881057784,-0.051067931019387086,0.1736545971660228,-0.05581548591001793,0.0983156066927532,-0.05101828495413292,0.10127435050992575,-0.048015748752962675,0.08985397859451971,-0.04508816788645439,-0.1650795990698158,0.2499999999999997,-0.23806304681996335,0.1804702128181948,-0.1376844887722331,0.12921648792723783,-0.12059449881837328,0.11943892858503306,-0.12186517399844313,0.1244927745769894,0.19557190113021353,-0.21181196774744906,0.1817044147499113,-0.16618130344489107,0.15795890018399888,-0.12473814804236993,0.12236329606144962,-0.11824059143216288,0.12211305525173824,-0.11899062599661003,-0.11617924603451593,0.11411879626235379,-0.1752887136057337,0.1701286776756002,-0.1490907622324872,0.13944381821900131,-0.11447587389031727,0.1036166493714281,-0.08640916852654909,0.054871231710020604,0.09498533813431781,-0.11579399803875237,0.11959433566764077,-0.16048800583687706,0.1506046144053636,-0.12338463026943902,0.10795016456444897,-0.0807526255047593,0.06221801925762899,-0.057694046113391725,-0.04552439388511218,-0.04030162603406707,-0.0633573116793519,-0.02719928972649112,-0.10629998348657975,-0.03594678026332138,-0.06909451852746165,-0.03511833152347241,-0.02939241243028054,-0.044525643581018334
0.042871170452521534,0.05101795384955933,-0.17364399857119958,0.05576838823522176,-0.10892019094510635,0.05174005286644358,-0.11115543400844949,0.04962638872640956,-0.09955845724537807,0.045035850717354504,0.15568177323434396,-0.23806304681996335,0.24999999999999958,-0.19198265636667605,0.14933574184371617,-0.14084125755671847,0.13221705583831658,-0.13102446840584206,0.13345154160533562,-0.1360385775531045,-0.1872608922682125,0.203416539859779,-0.18599368292075286,0.17760421374905455,-0.16934645276937002,0.1360735615728395,-0.13363986025434083,0.12964058616314142,-0.13358539197912087,0.1303295582091524,0.11575704701529699,-0.11596697616815221,0.18038504472824407,-0.1775019754502879,0.1600920432990379,-0.15036941080670843,0.12526077883057324,-0.11365987776041517,0.09551924280909012,-0.06217708746516455,-0.09677833270051629,0.11824580444731472,-0.12253545666433738,0.16879789546377175,-0.1591855180311919,0.13369614309118186,-0.11765259478675115,0.08954034120720067,-0.06998617277628512,0.06519875393957549,0.04549865939080599,0.040140910881342834,0.06462484439750278,0.026325160014886696,0.11267851876603535,0.035328042318206215,0.07637452100237344,0.034379961606583756,0.03488769108506925,0.04445479920651889
-0.07734436849311566,-0.08287274087012939,0.1355797019091906,-0.09009013965406557,0.1633490548231179,-0.08755213236674086,0.16504418939463136,-0.08712987004894762,0.15308062991931762,-0.07939664097666102,-0.10315238246239834,0.1804702128181948,-0.19198265636667605,0.24999999999999997,-0.2065969685784581,0.19777297650909095,-0.1886058458000358,0.18729741640033803,-0.18953451978069014,0.19185815285599292,0.15417075615363982,-0.16692119926257515,0.23120061781154455,-0.23355947049305992,0.22529289471797215,-0.19020329945623282,0.18878087280088973,-0.1839987064951158,0.18901727367043775,-0.18458798898454468,-0.14058677277979476,0.1543974120352705,-0.2246562854694377,0.22598816895199367,-0.21251225035980637,0.20256292863560835,-0.1751048498577258,0.15856348122896127,-0.1320307634066872,0.08428266886159051,0.13422726966665688,-0.15681507426029515,0.16194130913430524,-0.21689391422186743,0.20587658053877836,-0.18025065037804594,0.1592275781565187,-0.12347231883316576,0.09688220659430401,-0.08997270224297708,-0.0798896520760009,-0.0723658128464532,-0.07913275435363276,-0.053231189483067785,-0.1391559948816644,-0.06523764311042556,-0.0988752681753016,-0.06338995296971395,-0.04396353318055664,-0.07867301257668775
0.03596441907672859,0.041174428639948454,-0.09298301056078706,0.04845534079754932,-0.19549092264026147,0.05114805559889808,-0.1948518710113443,0.05768729353006895,-0.18158736966175018,0.037717783094760135,0.07999622009090582,-0.1376844887722331,0.14933574184371617,-0.2065969685784581,0.25,-0.24027243654102515,0.2307957552255873,-0.22899474104414,0.23132275023099286,-0.23339908680846316,-0.11538454499272179,0.12833942162449236,-0.1931906275915773,0.2020399182442889,-0.2116800681277524,0.23116253158054684,-0.22920845244078053,0.22541253577177467,-0.23024728690744364,0.22594203774196622,0.10062465822000342,-0.11484572396211172,0.18896930759109298,-0.19624718891431933,0.2069380808218318,-0.21010748086417264,0.2165203884535162,-0.19898840758731387,0.1734915342998321,-0.12578600923255348,-0.0955330939446594,0.1192104975607655,-0.1252338714042257,0.19186669756907715,-0.18898633368427342,0.19640788413764237,-0.18278682079575678,0.16493271037768903,-0.1380788240814497,0.13116189480920798,0.03825781289523159,0.0325103031057688,0.06419519580288362,0.016366864131874836,0.13198968050173557,0.024393775572505355,0.12869625803619278,0.02172666839046682,0.08521305999693693,0.03699356459444126
-0.03808905206801449,-0.04300407420289704,0.08715044878030405,-0.049450056173864124,0.18722325197248005,-0.05320198989554596,0.20150309816663253,-0.06034210773951696,0.1887255586374318,-0.03985456557693778,-0.0728264802730311,0.12921648792723783,-0.14084125755671847,0.19777297650909095,-0.24027243654102515,0.24999999999999986,-0.23936015318151363,0.23498371119138067,-0.23460373547083385,0.23361025705880364,0.1123504916037812,-0.12478765726409945,0.18973312063742706,-0.19850918520511876,0.20858094966162666,-0.2292519849790482,0.2274579108606776,-0.22364460497882385,0.22909312255395886,-0.22598332059882362,-0.10121719594453113,0.11533206665410024,-0.18556181316451673,0.1929632124138519,-0.20398478079596583,0.20752044663108396,-0.214652955005139,0.1971597570879786,-0.1715781636381527,0.12382586228789419,0.09616989572529987,-0.11928102777794625,0.12501434960985158,-0.18868179586761935,0.1859624487431758,-0.1939407965365815,0.18047661832428874,-0.16300999144242442,0.13626754714422065,-0.12933994605258645,-0.040372894762974475,-0.034593196717250176,-0.06368149083293906,-0.01857688641109255,-0.12908984976389665,-0.026537165392270832,-0.12646813261778095,-0.023848420955469834,-0.08333964633360237,-0.039131611661408446
0.03781778106136567,0.04249097983637802,-0.08034517573961282,0.04816298560032091,-0.1783274919457192,0.052996064217890215,-0.20541254664248523,0.060568428299486374,-0.19624806466682976,0.03958274870669831,0.06671733082104453,-0.12059449881837328,0.13221705583831658,-0.1886058458000358,0.2307957552255873,-0.23936015318151363,0.2499999999999999,-0.24339934849690395,0.23982614621619613,-0.23509273127391486,-0.10680662179274278,0.11864127699742484,-0.18330288410772946,0.1921636675884513,-0.20243561553927816,0.22531265528611605,-0.2254143329742426,0.22277512591710322,-0.22891394562134276,0.227286962674021,0.09950692845502868,-0.11341382536155106,0.1792196829813772,-0.1867112396639956,0.1984916520982309,-0.2033792835788622,0.2137174769831921,-0.19631543325392617,0.1708470592568942,-0.12332395473876825,-0.09438753451281179,0.11694605216786436,-0.12235181245259136,0.18267741111507885,-0.18051496564825623,0.19063077091294983,-0.1779562872947943,0.1623185865616456,-0.13582057144591902,0.12892204535396107,0.04007615800242926,0.03438040539320468,0.06222882438930385,0.01879746514704898,0.12463276525248261,0.026405974021634384,0.12480912836837513,0.02364967187097525,0.08313883083650722,0.03886007280070125
-0.0356664436995574,-0.040361684709652124,0.07912898895883347,-0.046130738263630636,0.17677558690891418,-0.05074837256556319,0.20208959220270403,-0.058266279254518175,0.19697017982587722,-0.03742842165676448,-0.0666960582658043,0.11943892858503306,-0.13102446840584206,0.18729741640033803,-0.22899474104414,0.23498371119138067,-0.24339934849690395,0.24999999999999978,-0.24459001867033242,0.2390689982023334,0.10606445353889388,-0.1179701169299247,0.18292718701738647,-0.19169588729641512,0.2019128776391362,-0.22640858220465182,0.227875455151047,-0.226198702172103,0.2324845241079054,-0.23116289722547279,-0.09854901412056292,0.11250335625537775,-0.17877944573156243,0.18621752237762304,-0.19835229185334263,0.20423203911402485,-0.21707438662546025,0.19953619625556884,-0.1740003753254874,0.12624927485830606,0.09312981113576618,-0.11607638404558575,0.12151280097427912,-0.18222797605053306,0.18039468838728967,-0.1920412979465181,0.17984398146331837,-0.16543075719259998,0.13876094049975987,-0.13182989134803605,-0.03793754568225797,-0.032289624410929176,-0.06219986968899838,-0.016832496115715093,-0.12474292375198427,-0.024252230557489082,-0.12689388890744344,-0.02142300839495938,-0.08582910005108417,-0.0367059010714668
0.03043492347448358,0.035329543211683245,-0.07956667902386678,0.041578208824758725,-0.1781976242973154,0.04559333534526727,-0.1980088825492587,0.05315925874549583,-0.193854907820025,0.032173328711623234,0.0699278117442672,-0.12186517399844313,0.13345154160533562,-0.18953451978069014,0.23132275023099286,-0.23460373547083385,0.23982614621619613,-0.24459001867033242,0.24999999999999978,-0.24429944909723975,-0.10873395654108217,0.12111794069593672,-0.18572967730563847,0.1946648593201257,-0.2048917069584168,0.23026908113539712,-0.23224487747023687,0.2312414000184815,-0.2374595754718474,0.2362324050926588,0.09749341496989035,-0.11148597500560722,0.18153221972348632,-0.18891583414132368,0.20163580419273885,-0.20793284219420066,0.2221229150425111,-0.20446468698690562,0.17908261654672863,-0.13135732847941956,-0.0911329208800791,0.11542252977641806,-0.12113618655011904,0.18497561796545908,-0.18338533948089114,0.19615412564971352,-0.18424242489991785,0.17051922046702436,-0.1436042920795499,0.1366843124849292,0.03273088543575091,0.027172497932114025,0.0631826712315991,0.011766077191878152,0.1281102940468115,0.019036728778870006,0.13157361473920048,0.016178935935388328,0.09072571571489305,0.031449002449174174
-0.024977586406754893,-0.030069146769502047,0.0802810501348478,-0.0368749175041057,0.17965127482549118,-0.040103148739139345,0.19246856201664786,-0.047660360663164134,0.18831584728161102,-0.026680837684791344,-0.07336904988739393,0.1244927745769894,-0.1360385775531045,0.19185815285599292,-0.23339908680846316,0.23361025705880364,-0.23509273127391486,0.2390689982023334,-0.24429944909723975,0.24999999999999994,0.11115258634584657,-0.12430187866120104,0.18860112709159788,-0.19760852480899072,0.20780199777049646,-0.23437253214941406,0.236850299278802,-0.2365070490534647,0.24262812887371452,-0.24142703713947547,-0.09553611525235148,0.10976514222223754,-0.18433709315483474,0.19162975846776406,-0.20487094876530315,0.21166209367872676,-0.22739856527064517,0.20961567979120377,-0.1843939974271026,0.13669863722592882,0.08868338512513654,-0.114200019006166,0.12024769350716687,-0.187717782909321,0.1863805202273962,-0.20034716663503793,0.18876500364212134,-0.17583723607649898,0.14869016711815697,-0.14178107634026252,-0.027285777732863666,-0.021838772478832806,-0.06382705003956796,-0.006485331335382894,-0.1315121112129494,-0.013591259992041287,-0.13641518212727222,-0.01070009004148385,-0.09586598293078948,-0.02595695213642566
-0.02448799276952548,-0.031066437175639165,0.13099255766009882,-0.03542120096016636,0.07699460844163501,-0.031631808957723696,0.08848722363565387,-0.030232259591168046,0.07711667268475628,-0.026098086714608015,-0.1240732789291591,0.19557190113021353,-0.1872608922682125,0.15417075615363982,-0.11538454499272179,0.1123504916037812,-0.10680662179274278,0.10606445353889388,-0.10873395654108217,0.11115258634584657,0.24999999999999986,-0.2310935315443073,0.16876795015675525,-0.1523881942233953,0.1441052302635155,-0.11162194687534405,0.1084245191647815,-0.1047907707588492,0.10824195449046209,-0.10595283624650725,-0.12102003702783148,0.10741871897063157,-0.16313249349550998,0.1571764170579557,-0.13663596863273686,0.12690524383337318,-0.10285695928674385,0.09345803844779273,-0.07915204506847853,0.052310401589642314,0.08340639797456974,-0.10766402213499314,0.11096362540675136,-0.14817413698293136,0.13909204257798283,-0.11288007773139054,0.09905305637091262,-0.07438852257797365,0.05758229051490828,-0.05376971817280073,-0.02669366148774795,-0.022150147248314194,-0.06409031424962729,-0.01100775928707081,-0.10254395405086988,-0.01862531180471807,-0.06726543223513726,-0.018159876708810217,-0.03139646689303048,-0.025628668205993004
0.017476622660301814,0.024836220662801084,-0.13866911547373867,0.029820116463063852,-0.08394666145941909,0.025931369661567793,-0.09630716798072712,0.024940405917509723,-0.08393281013150174,0.019177785412828496,0.13702636592107467,-0.21181196774744906,0.203416539859779,-0.16692119926257515,0.12833942162449236,-0.12478765726409945,0.11864127699742484,-0.1179701169299247,0.12111794069593672,-0.12430187866120104,-0.2310935315443073,0.24999999999999994,-0.18235358362910076,0.16587356213193258,-0.1575172105833107,0.12496596424264383,-0.12151516980755357,0.11810634953375071,-0.12160496430344937,0.11886537595036256,0.11187058114336533,-0.10344039171011561,0.17653524956117048,-0.17047228776275458,0.15004497819885618,-0.1401237511090136,0.11609641421068354,-0.10614108569850796,0.09158082730081543,-0.06375987846015878,-0.08064940345975327,0.10627123180198017,-0.11086966513634963,0.16111089380745172,-0.15185192327917293,0.12590685184655906,-0.11175510822847237,0.0866006111257329,-0.06892315084941036,0.0649756991775966,0.01980169218068779,0.01536135133946308,0.06463609793945277,0.0035231637824277217,0.11376392584642775,0.0113324848520254,0.07851198743606899,0.010797569173771986,0.0413542119446852,0.018660858866418006
-0.08044465345464748,-0.08593623492632659,0.13775682015388407,-0.09299871170686261,0.14918501449325922,-0.08938549688650986,0.1611466001729967,-0.08866621727399664,0.14886790551555235,-0.08252697581651391,-0.10273652144660654,0.1817044147499113,-0.18599368292075286,0.23120061781154455,-0.1931906275915773,0.18973312063742706,-0.18330288410772946,0.18292718701738647,-0.18572967730563847,0.18860112709159788,0.16876795015675525,-0.18235358362910076,0.25000000000000017,-0.23044437251081754,0.22220744837278902,-0.18705222092924306,0.18576765945929105,-0.18084436957695055,0.18574872115606342,-0.18132839777750956,-0.15056877661381599,0.16406786637515905,-0.23876631984836214,0.23380368517557648,-0.209390096193327,0.1994520561788446,-0.1719541548013402,0.1555097928732792,-0.1288823503712391,0.08111967436453255,0.141404624642114,-0.16586202934294297,0.170622815412433,-0.2211884448392218,0.20854999953067122,-0.17712049009886435,0.1560948273928127,-0.12032435497688503,0.09346866391518058,-0.08657049806914396,-0.08308765768358223,-0.07521362724797057,-0.08477825787920847,-0.05596596237385479,-0.1405340726355738,-0.06837454081088935,-0.0957384761081738,-0.06652765438138426,-0.040563778650976365,-0.08180987511837733
0.061093757522695774,0.066540019937618,-0.12068889381053623,0.073732705798456,-0.15470256378487574,0.07171950650142102,-0.1654139819787775,0.07303194358340093,-0.1526130133975402,0.06300437707884012,0.09616729403143574,-0.16618130344489107,0.17760421374905455,-0.23355947049305992,0.2020399182442889,-0.19850918520511876,0.1921636675884513,-0.19169588729641512,0.1946648593201257,-0.19760852480899072,-0.1523881942233953,0.16587356213193258,-0.23044437251081754,0.25000000000000017,-0.2330473870231269,0.19833899702107166,-0.1962176928837463,0.19199899933986753,-0.19611768799185633,0.1906860414010644,0.13195435654385138,-0.14602901105058533,0.22459363621975129,-0.22789417966588527,0.2207240748816146,-0.2105531860027417,0.18358444328088422,-0.16719153174514778,0.1418827772998224,-0.095635845877357,-0.12446492530092647,0.1496911019445051,-0.15564240143165808,0.22011564582301038,-0.2103370490652129,0.18905801316883503,-0.16855112644400969,0.13359739555745945,-0.10715587998789348,0.1004821866352759,0.06360139092528865,0.05657121528769918,0.07875199340921557,0.03784453727220043,0.14640286713598455,0.04925904489493293,0.10995915815527901,0.04748114344154141,0.05590112287897287,0.06229256010873166
-0.05525840348273099,-0.06060311902485773,0.11337844338962154,-0.06771712251044672,0.1633717445687827,-0.06685997652374202,0.17308218698452102,-0.06962467164966811,0.16039036142290736,-0.05713844420207808,-0.09097243345891383,0.15795890018399888,-0.16934645276937002,0.22529289471797215,-0.2116800681277524,0.20858094966162666,-0.20243561553927816,0.2019128776391362,-0.2048917069584168,0.20780199777049646,0.1441052302635155,-0.1575172105833107,0.22220744837278902,-0.2330473870231269,0.24999999999999997,-0.21243849649809077,0.2099300690297561,-0.20551586715051962,0.20891829081296132,-0.20102605157163833,-0.1248740980851811,0.13917682929252229,-0.2176597417342523,0.22436695431121512,-0.23476240231582057,0.22444921131918336,-0.197349307006056,0.18018764908574997,-0.1542772616651439,0.10651363090441097,0.11827459575545929,-0.14325921650314996,0.14951357789846223,-0.21850153544364437,0.21193341932331702,-0.20248386766586132,0.1814473876035806,-0.14571922790144215,0.11857036408144347,-0.11166618068440845,-0.05773395080426021,-0.05096811345242793,-0.07537462063124696,-0.032096893211141085,-0.14882890246399663,-0.042983789816226484,-0.12111597268375895,-0.04113567969482978,-0.06567056221135326,-0.056418107572747296
0.018022208411164753,0.02320362507864887,-0.07868656206021313,0.030350707993213696,-0.17700429601519876,0.03301516538079495,-0.18460264325642692,0.04047637782006844,-0.17516874563385748,0.019612853514389447,0.0755061407682266,-0.12473814804236993,0.1360735615728395,-0.19020329945623282,0.23116253158054684,-0.2292519849790482,0.22531265528611605,-0.22640858220465182,0.23026908113539712,-0.23437253214941406,-0.11162194687534405,0.12496596424264383,-0.18705222092924306,0.19833899702107166,-0.21243849649809077,0.24999999999999992,-0.23790613139329156,0.23391583897596369,-0.23662183524243138,0.228117008258915,0.08913413163158862,-0.10296570800793985,0.18317515818022778,-0.19040476669920303,0.21012907895369076,-0.21489868886206256,0.22615551816401547,-0.20876335952408673,0.18455424017958597,-0.13840231691092786,-0.0823959465309379,0.10811283387984136,-0.11463245305308567,0.18676301171720183,-0.18645874349334296,0.2030801115918748,-0.19096169558829293,0.17627585854710331,-0.14974860245385618,0.14306890833789976,0.020231893402932383,0.015129298350579235,0.06172124094925768,-2.208877516532834e-5,0.1337995597367386,0.006841542817779709,0.13957798248711928,0.004146630585245433,0.09866535325175205,0.018902576763786125
-0.024255905165669483,-0.029231067993762277,0.0795741332224239,-0.03615035607067067,0.17737564736395153,-0.03878030081003934,0.18486069065220612,-0.046051844128134595,0.1789758455611262,-0.025897947653978348,-0.0722532622174996,0.12236329606144962,-0.13363986025434083,0.18878087280088973,-0.22920845244078053,0.2274579108606776,-0.2254143329742426,0.227875455151047,-0.23224487747023687,0.236850299278802,0.1084245191647815,-0.12151516980755357,0.18576765945929105,-0.1962176928837463,0.2099300690297561,-0.23790613139329156,0.24999999999999997,-0.2368294834830623,0.2397068778807955,-0.230782046626078,-0.0911950475288672,0.10541397474980697,-0.18178537549630938,0.18897368288811325,-0.20857358238669677,0.21464110150636892,-0.22859688077635143,0.21074652441471448,-0.18552227606463623,0.13775931996894086,0.08562813290230832,-0.11010590368945711,0.11633701922092608,-0.18512450612981596,0.18499265211892899,-0.2028631882669885,0.1908620883160786,-0.17695227839090916,0.14992178083029326,-0.14299546332314006,-0.026481322696086967,-0.021182711406116765,-0.06117095589224882,-0.005814584216540179,-0.13078243997347908,-0.012756085173588394,-0.13809042116354775,-0.009903997272874573,-0.09700124949522734,-0.02518708738313854
0.012108886826533839,0.017221685533178918,-0.07235725068650903,0.024356921005637813,-0.17122539903472397,0.027073303217921695,-0.17949240772390052,0.03462863402850353,-0.1753319570077253,0.013642707372735223,0.07305686041491798,-0.11824059143216288,0.12964058616314142,-0.1839987064951158,0.22541253577177467,-0.22364460497882385,0.22277512591710322,-0.226198702172103,0.2312414000184815,-0.2365070490534647,-0.1047907707588492,0.11810634953375071,-0.18084436957695055,0.19199899933986753,-0.20551586715051962,0.23391583897596369,-0.2368294834830623,0.25000000000000006,-0.23979692357770915,0.23092493765427727,0.08284855900053245,-0.09701062609761084,0.17716518624726893,-0.18435965691462797,0.2049996299157138,-0.21171845581015647,0.22796894894856395,-0.21011311680578995,0.185308692073764,-0.1383306199472009,-0.0764343496645536,0.10217581857215169,-0.10868830103781223,0.18091527097771382,-0.18147891035835934,0.20113655843044187,-0.18968896883538716,0.1771110502222504,-0.1504666963644357,0.14370890062463285,0.014263980859169197,0.009467906827215213,0.059515257009092534,-0.005117194096358951,0.1314549758011616,0.0012488481296103757,0.1405422346565806,-0.0015035105519161922,0.10091095705862467,0.012943880795383578
-0.021817652091596904,-0.026869760514201445,0.07820072546759316,-0.03381232038706271,0.17722652175951925,-0.036668721977759826,0.18656843320941208,-0.0441365563548009,0.18256675530278943,-0.0234652267454388,-0.07275541345634076,0.12211305525173824,-0.13358539197912087,0.18901727367043775,-0.23024728690744364,0.22909312255395886,-0.22891394562134276,0.2324845241079054,-0.2374595754718474,0.24262812887371452,0.10824195449046209,-0.12160496430344937,0.18574872115606342,-0.19611768799185633,0.20891829081296132,-0.23662183524243138,0.2397068778807955,-0.23979692357770915,0.25000000000000006,-0.23879173838855192,-0.09117434706146892,0.1055279296347367,-0.18178772329599113,0.18917597183658674,-0.20782738548903387,0.21468036466402446,-0.2306980603472281,0.21292394254398123,-0.18792210269701431,0.14015821920467136,0.08497729179195587,-0.11023302976194635,0.11645431272330015,-0.18547708976226943,0.18532545540413523,-0.203443222303138,0.19196217426834675,-0.17926105533038594,0.15214557940053816,-0.14523791628838048,-0.024068910023068747,-0.01879527441382573,-0.06193481447606284,-0.003575914061408137,-0.1313533368257377,-0.01037984012871138,-0.13963231612303226,-0.007471293548422489,-0.09925934554212029,-0.02274699177818761
0.019312839596442866,0.024303005393909425,-0.07492568005817121,0.031030451573622338,-0.17277687476951403,0.03420229518353546,-0.18503312837720629,0.041701486162126086,-0.1809624999325711,0.020917627317916902,0.07137343371797558,-0.11899062599661003,0.1303295582091524,-0.18458798898454468,0.22594203774196622,-0.22598332059882362,0.227286962674021,-0.23116289722547279,0.2362324050926588,-0.24142703713947547,-0.10595283624650725,0.11886537595036256,-0.18132839777750956,0.1906860414010644,-0.20102605157163833,0.228117008258915,-0.230782046626078,0.23092493765427727,-0.23879173838855192,0.24999999999999983,0.09026303421183667,-0.10426183081099522,0.17735648519035505,-0.18458850923656955,0.1989152778533616,-0.20569815001243016,0.22173008468215713,-0.203990810372768,0.17889328031097737,-0.1317384572865866,-0.08296046641911667,0.10853618733181444,-0.11445895780609011,0.180931023147618,-0.1800984624350494,0.19489506989221833,-0.18337166447768552,0.1706624875768094,-0.1439568911113173,0.13715179482469217,0.02153069310504231,0.016421657428880368,0.06198031383152561,0.001738295052665595,0.1287558774849057,0.0084741242809391,0.13398993460800235,0.005753834172805422,0.09410342679649888,0.02022167599246023
0.15195858168966128,0.15299641092282812,-0.12710584167619754,0.15360935166150275,-0.10586290988798402,0.15072876714950187,-0.11064266587955326,0.14652996855144745,-0.10659694654195985,0.15395864674008772,0.03672367137605466,-0.11617924603451593,0.11575704701529699,-0.14058677277979476,0.10062465822000342,-0.10121719594453113,0.09950692845502868,-0.09854901412056292,0.09749341496989035,-0.09553611525235148,-0.12102003702783148,0.11187058114336533,-0.15056877661381599,0.13195435654385138,-0.1248740980851811,0.08913413163158862,-0.0911950475288672,0.08284855900053245,-0.09117434706146892,0.09026303421183667,0.24999999999999978,-0.22699018178222158,0.1469311238043495,-0.14455399934591562,0.11376360276869132,-0.10552491712502088,0.07692735042085017,-0.06390719104534157,0.03729378076674815,0.006884063665282657,-0.18936015677347584,0.20748927580240817,-0.2006576728800389,0.13473780184006992,-0.12172648626889274,0.08298666757009035,-0.06326211872292074,0.029359824727475156,-0.006890611766805288,0.0004869350195561171,0.15443828336144566,0.1443599092763238,0.0967374877623338,0.12919373251168245,0.05815167000596831,0.14134435731664327,0.008214903895218189,0.1397833264300542,-0.041135212824768494,0.15358188219126218
-0.16182867201853224,-0.16268943448294823,0.12858209775858573,-0.16377517951220322,0.11903857096418358,-0.1609450193394917,0.12380822980586888,-0.15690657542942563,0.11959587396034099,-0.16391779682490307,-0.033198329069256884,0.11411879626235379,-0.11596697616815221,0.1543974120352705,-0.11484572396211172,0.11533206665410024,-0.11341382536155106,0.11250335625537775,-0.11148597500560722,0.10976514222223754,0.10741871897063157,-0.10344039171011561,0.16406786637515905,-0.14602901105058533,0.13917682929252229,-0.10296570800793985,0.10541397474980697,-0.09701062609761084,0.1055279296347367,-0.10426183081099522,-0.22699018178222158,0.24999999999999986,-0.16149043957402182,0.15940975903453952,-0.12770420754525674,0.11943319855770614,-0.09026604134701674,0.07597833730828901,-0.047192209772161424,-0.0005767905873144442,0.2075757932572172,-0.2294074492120045,0.22186161177537028,-0.14926788856492165,0.13557118856485426,-0.09544134980479219,0.07447785778741024,-0.038633925261666424,0.013952951715701375,-0.007036406511949717,-0.16451171306218065,-0.15344163414248943,-0.10872304700944505,-0.13699751232851895,-0.06599192855295653,-0.15005856627790992,-0.01406426459185222,-0.14821258520000302,0.039045298763424705,-0.16349447807298761
