   0   1   1 E -8.2465398083132E+03 DE 2.9E-10( 16)
  0.500000000000E+03  0.000000000000E+00  0.000000000000E+00
  0.000000000000E+00  0.500000000000E+03  0.000000000000E+00
  0.000000000000E+00  0.000000000000E+00  0.500000000000E+03
   24
  0.100000000000E+01 -0.000000000000E+00 -0.000000000000E+00
 -0.000000000000E+00  0.100000000000E+01 -0.000000000000E+00
  0.000000000000E+00  0.000000000000E+00  0.100000000000E+01
  0.000000000000E+00  0.000000000000E+00  0.000000000000E+00
  0.500000000000E+00 -0.866025403784E+00  0.000000000000E+00
 -0.866025403784E+00 -0.500000000000E+00  0.000000000000E+00
 -0.000000000000E+00 -0.000000000000E+00 -0.100000000000E+01
  0.000000000000E+00  0.000000000000E+00  0.000000000000E+00
 -0.500000000000E+00 -0.866025403784E+00  0.000000000000E+00
  0.866025403784E+00 -0.500000000000E+00  0.000000000000E+00
  0.000000000000E+00  0.000000000000E+00  0.100000000000E+01
  0.000000000000E+00  0.000000000000E+00  0.000000000000E+00
 -0.500000000000E+00  0.866025403784E+00  0.000000000000E+00
 -0.866025403784E+00 -0.500000000000E+00  0.000000000000E+00
  0.000000000000E+00  0.000000000000E+00  0.100000000000E+01
  0.000000000000E+00  0.000000000000E+00  0.000000000000E+00
 -0.500000000000E+00 -0.866025403784E+00  0.000000000000E+00
 -0.866025403784E+00  0.500000000000E+00  0.000000000000E+00
 -0.000000000000E+00  0.000000000000E+00 -0.100000000000E+01
  0.000000000000E+00  0.000000000000E+00  0.000000000000E+00
  0.500000000000E+00 -0.866025403784E+00  0.000000000000E+00
  0.866025403784E+00  0.500000000000E+00  0.000000000000E+00
  0.000000000000E+00  0.000000000000E+00  0.100000000000E+01
  0.000000000000E+00  0.000000000000E+00  0.000000000000E+00
  0.500000000000E+00  0.866025403784E+00 -0.000000000000E+00
 -0.866025403784E+00  0.500000000000E+00 -0.000000000000E+00
  0.000000000000E+00  0.000000000000E+00  0.100000000000E+01
  0.000000000000E+00  0.000000000000E+00  0.000000000000E+00
  0.500000000000E+00  0.866025403784E+00 -0.000000000000E+00
  0.866025403784E+00 -0.500000000000E+00  0.000000000000E+00
 -0.000000000000E+00 -0.000000000000E+00 -0.100000000000E+01
  0.000000000000E+00  0.000000000000E+00  0.000000000000E+00
 -0.100000000000E+01  0.000000000000E+00  0.000000000000E+00
  0.000000000000E+00  0.100000000000E+01  0.000000000000E+00
 -0.000000000000E+00  0.000000000000E+00 -0.100000000000E+01
  0.000000000000E+00  0.000000000000E+00  0.000000000000E+00
 -0.100000000000E+01 -0.000000000000E+00  0.000000000000E+00
  0.000000000000E+00 -0.100000000000E+01  0.000000000000E+00
  0.000000000000E+00  0.000000000000E+00  0.100000000000E+01
  0.000000000000E+00  0.000000000000E+00  0.000000000000E+00
  0.100000000000E+01 -0.000000000000E+00 -0.000000000000E+00
 -0.000000000000E+00 -0.100000000000E+01  0.000000000000E+00
 -0.000000000000E+00 -0.000000000000E+00 -0.100000000000E+01
  0.000000000000E+00  0.000000000000E+00  0.000000000000E+00
 -0.500000000000E+00  0.866025403784E+00 -0.000000000000E+00
  0.866025403784E+00  0.500000000000E+00 -0.000000000000E+00
 -0.000000000000E+00 -0.000000000000E+00 -0.100000000000E+01
  0.000000000000E+00  0.000000000000E+00  0.000000000000E+00
 -0.100000000000E+01 -0.000000000000E+00  0.000000000000E+00
  0.000000000000E+00 -0.100000000000E+01  0.000000000000E+00
  0.000000000000E+00  0.000000000000E+00 -0.100000000000E+01
  0.000000000000E+00  0.000000000000E+00  0.000000000000E+00
 -0.500000000000E+00  0.866025403784E+00  0.000000000000E+00
  0.866025403784E+00  0.500000000000E+00  0.000000000000E+00
 -0.000000000000E+00 -0.000000000000E+00  0.100000000000E+01
  0.000000000000E+00  0.000000000000E+00  0.000000000000E+00
  0.500000000000E+00  0.866025403784E+00  0.000000000000E+00
 -0.866025403784E+00  0.500000000000E+00  0.000000000000E+00
  0.000000000000E+00  0.000000000000E+00 -0.100000000000E+01
  0.000000000000E+00  0.000000000000E+00  0.000000000000E+00
  0.500000000000E+00 -0.866025403784E+00  0.000000000000E+00
  0.866025403784E+00  0.500000000000E+00  0.000000000000E+00
  0.000000000000E+00  0.000000000000E+00 -0.100000000000E+01
  0.000000000000E+00  0.000000000000E+00  0.000000000000E+00
  0.500000000000E+00  0.866025403784E+00  0.000000000000E+00
  0.866025403784E+00 -0.500000000000E+00 -0.000000000000E+00
 -0.000000000000E+00 -0.000000000000E+00  0.100000000000E+01
  0.000000000000E+00  0.000000000000E+00  0.000000000000E+00
 -0.500000000000E+00  0.866025403784E+00  0.000000000000E+00
 -0.866025403784E+00 -0.500000000000E+00  0.000000000000E+00
  0.000000000000E+00  0.000000000000E+00 -0.100000000000E+01
  0.000000000000E+00  0.000000000000E+00  0.000000000000E+00
 -0.500000000000E+00 -0.866025403784E+00  0.000000000000E+00
  0.866025403784E+00 -0.500000000000E+00  0.000000000000E+00
  0.000000000000E+00  0.000000000000E+00 -0.100000000000E+01
  0.000000000000E+00  0.000000000000E+00  0.000000000000E+00
 -0.500000000000E+00 -0.866025403784E+00 -0.000000000000E+00
 -0.866025403784E+00  0.500000000000E+00 -0.000000000000E+00
 -0.000000000000E+00  0.000000000000E+00  0.100000000000E+01
  0.000000000000E+00  0.000000000000E+00  0.000000000000E+00
  0.100000000000E+01 -0.000000000000E+00  0.000000000000E+00
 -0.000000000000E+00 -0.100000000000E+01 -0.000000000000E+00
 -0.000000000000E+00 -0.000000000000E+00  0.100000000000E+01
  0.000000000000E+00  0.000000000000E+00  0.000000000000E+00
  0.100000000000E+01 -0.000000000000E+00 -0.000000000000E+00
 -0.000000000000E+00  0.100000000000E+01 -0.000000000000E+00
 -0.000000000000E+00 -0.000000000000E+00 -0.100000000000E+01
  0.000000000000E+00  0.000000000000E+00  0.000000000000E+00
 -0.100000000000E+01  0.000000000000E+00 -0.000000000000E+00
  0.000000000000E+00  0.100000000000E+01 -0.000000000000E+00
 -0.000000000000E+00  0.000000000000E+00  0.100000000000E+01
  0.000000000000E+00  0.000000000000E+00  0.000000000000E+00
  0.500000000000E+00 -0.866025403784E+00 -0.000000000000E+00
 -0.866025403784E+00 -0.500000000000E+00 -0.000000000000E+00
 -0.000000000000E+00 -0.000000000000E+00  0.100000000000E+01
  0.000000000000E+00  0.000000000000E+00  0.000000000000E+00
  252
    1      8.264536757048    -11.870686991342      0.000000000000
    1     10.713891597861     -7.608298586644      0.000000000000
    1     13.177575175930     -3.342507406440      0.000000000000
    6    -13.475760917088      0.673093920741      0.000000000000
    6    -11.004981686945      4.931393067087      0.000000000000
    6     -8.542603517754      9.197490055359      0.000000000000
    1     -6.148048116346     13.092642277781      0.000000000000
    6    -11.026366052971     -3.543888109172      0.000000000000
    6     -8.565739430082      0.705100265917      0.000000000000
    6     -6.115574386299      4.945094785192      0.000000000000
    6     -3.670609972329      9.186263910536      0.000000000000
    1     -1.232034056677     13.082651590457      0.000000000000
    6     -8.582280157196     -7.777169058708      0.000000000000
    6     -6.117164461521     -3.531746548535      0.000000000000
    6     -3.669359010511      0.705015391917      0.000000000000
    6     -1.223907154718      4.944589666706      0.000000000000
    6      1.224285366415      9.188864616151      0.000000000000
    1      3.694091261652     13.083368565849      0.000000000000
    6     -6.154964024049    -12.006898249889      0.000000000000
    6     -3.672234972542     -7.770698081604      0.000000000000
    6     -1.224118265796     -3.530265814665      0.000000000000
    6      1.223860195630      0.706596013397      0.000000000000
    6      3.669622519333      4.943007107947      0.000000000000
    6      6.112941128421      9.188440340265      0.000000000000
    6     -1.231779171331    -11.996290242615      0.000000000000
    6      1.224790514946     -7.768790169862      0.000000000000
    6      3.670186685297     -3.532229521211      0.000000000000
    6      6.115580986234      0.706482770067      0.000000000000
    6      8.567168362363      4.946256960202      0.000000000000
    6      3.693958280114    -11.996856688509      0.000000000000
    6      6.120232926224     -7.771973438688      0.000000000000
    6      8.569932872726     -3.534170079279      0.000000000000
    6     11.013893320034      0.699742138916      0.000000000000
    1      9.483483914278     -9.740861159409      0.000000000000
    1     11.945925654538     -5.474353003813      0.000000000000
    1     14.412584873394     -1.221955286440      0.000000000000
    1    -14.412584873394     -1.221955286440      0.000000000000
    6    -12.236561797869      2.799366633150      0.000000000000
    6     -9.773202515614      7.064897175529      0.000000000000
    6     -7.320796893039     11.333804329147      0.000000000000
    1    -11.945925654538     -5.474353003813      0.000000000000
    6     -9.790842898553     -1.414290471848      0.000000000000
    6     -7.340364901245      2.823695384670      0.000000000000
    6     -4.893504457540      7.065597815687      0.000000000000
    6     -2.444085895774     11.321057167880      0.000000000000
    1     -9.483483914278     -9.740861159409      0.000000000000
    6     -7.345647506311     -5.654694536872      0.000000000000
    6     -4.894093840014     -1.412360145495      0.000000000000
    6     -2.445240744714      2.825250422748      0.000000000000
    6     -0.000000000002      7.063493097070      0.000000000000
    6      2.444085895774     11.321057167880      0.000000000000
    6     -4.900952191613     -9.888182479181      0.000000000000
    6     -2.445958466900     -5.649489878014      0.000000000000
    6      0.000000000000     -1.413192026795      0.000000000000
    6      2.445240744714      2.825250422748      0.000000000000
    6      4.893504457540      7.065597815687      0.000000000000
    6      7.320796893039     11.333804329147      0.000000000000
    6      0.000000000003     -9.892513920402      0.000000000000
    6      2.445958466900     -5.649489878014      0.000000000000
    6      4.894093840014     -1.412360145495      0.000000000000
    6      7.340364901245      2.823695384670      0.000000000000
    6      9.773202515614      7.064897175529      0.000000000000
    6      4.900952191613     -9.888182479181      0.000000000000
    6      7.345647506311     -5.654694536872      0.000000000000
    6      9.790842898553     -1.414290471848      0.000000000000
    6     12.236561797869      2.799366633150      0.000000000000
    6    -12.251831229994     -1.429197682351      0.000000000000
    6     -9.789229354329      2.825684900156      0.000000000000
    6     -7.341729583788      7.064878854239      0.000000000000
    6     -4.888194115052     11.324995929225      0.000000000000
    6     -9.803906871580     -5.660288271415      0.000000000000
    6     -7.340598499088     -1.415192332609      0.000000000000
    6     -4.893767472809      2.825417967777      0.000000000000
    6     -2.444706738264      7.064740945494      0.000000000000
    6     -0.000000000004     11.320576542828      0.000000000000
    6     -7.363637114943     -9.895798246874      0.000000000000
    6     -4.895891760824     -5.649548612884      0.000000000000
    6     -2.445512185033     -1.411917118335      0.000000000000
    6     -0.000000000001      2.823834236669      0.000000000000
    6      2.444706738264      7.064740945494      0.000000000000
    6      4.888194115052     11.324995929225      0.000000000000
    6     -2.447499770541     -9.890563754395      0.000000000000
    6      0.000000000002     -5.650835935553      0.000000000000
    6      2.445512185032     -1.411917118334      0.000000000000
    6      4.893767472807      2.825417967776      0.000000000000
    6      7.341729583788      7.064878854239      0.000000000000
    6      2.447499770541     -9.890563754395      0.000000000000
    6      4.895891760824     -5.649548612884      0.000000000000
    6      7.340598499088     -1.415192332609      0.000000000000
    6      9.789229354329      2.825684900156      0.000000000000
    6      7.363637114943     -9.895798246874      0.000000000000
    6      9.803906871576     -5.660288271413      0.000000000000
    6     12.251831229994     -1.429197682351      0.000000000000
    1    -13.177575175930     -3.342507406440      0.000000000000
    6    -11.013893320034      0.699742138916      0.000000000000
    6     -8.567168362360      4.946256960200      0.000000000000
    6     -6.112941128421      9.188440340265      0.000000000000
    1     -3.694091261652     13.083368565849      0.000000000000
    1    -10.713891597861     -7.608298586644      0.000000000000
    6     -8.569932872726     -3.534170079279      0.000000000000
    6     -6.115580986234      0.706482770067      0.000000000000
    6     -3.669622519333      4.943007107947      0.000000000000
    6     -1.224285366415      9.188864616151      0.000000000000
    1      1.232034056677     13.082651590457      0.000000000000
    1     -8.264536757048    -11.870686991342      0.000000000000
    6     -6.120232926224     -7.771973438688      0.000000000000
    6     -3.670186685297     -3.532229521211      0.000000000000
    6     -1.223860195630      0.706596013397      0.000000000000
    6      1.223907154718      4.944589666706      0.000000000000
    6      3.670609972329      9.186263910536      0.000000000000
    1      6.148048116346     13.092642277781      0.000000000000
    6     -3.693958280114    -11.996856688509      0.000000000000
    6     -1.224790514946     -7.768790169862      0.000000000000
    6      1.224118265796     -3.530265814665      0.000000000000
    6      3.669359010511      0.705015391917      0.000000000000
    6      6.115574386299      4.945094785192      0.000000000000
    6      8.542603517754      9.197490055359      0.000000000000
    6      1.231779171331    -11.996290242615      0.000000000000
    6      3.672234972542     -7.770698081604      0.000000000000
    6      6.117164461519     -3.531746548534      0.000000000000
    6      8.565739430082      0.705100265917      0.000000000000
    6     11.004981686945      4.931393067087      0.000000000000
    6      6.154964024049    -12.006898249889      0.000000000000
    6      8.582280157196     -7.777169058708      0.000000000000
    6     11.026366052971     -3.543888109172      0.000000000000
    6     13.475760917088      0.673093920741      0.000000000000
    6    -13.475760917088     -0.673093920741      0.000000000000
    6    -11.026366052971      3.543888109172      0.000000000000
    6     -8.582280157196      7.777169058708      0.000000000000
    6     -6.154964024049     12.006898249889      0.000000000000
    6    -11.004981686945     -4.931393067087      0.000000000000
    6     -8.565739430082     -0.705100265917      0.000000000000
    6     -6.117164461519      3.531746548534      0.000000000000
    6     -3.672234972542      7.770698081604      0.000000000000
    6     -1.231779171331     11.996290242615      0.000000000000
    6     -8.542603517754     -9.197490055359      0.000000000000
    6     -6.115574386299     -4.945094785192      0.000000000000
    6     -3.669359010511     -0.705015391917      0.000000000000
    6     -1.224118265796      3.530265814665      0.000000000000
    6      1.224790514946      7.768790169862      0.000000000000
    6      3.693958280114     11.996856688509      0.000000000000
    1      8.264536757048     11.870686991342      0.000000000000
    1     -6.148048116346    -13.092642277781      0.000000000000
    6     -3.670609972329     -9.186263910536      0.000000000000
    6     -1.223907154718     -4.944589666706      0.000000000000
    6      1.223860195630     -0.706596013397      0.000000000000
    6      3.670186685297      3.532229521211      0.000000000000
    6      6.120232926224      7.771973438688      0.000000000000
    1     10.713891597861      7.608298586644      0.000000000000
    1     -1.232034056677    -13.082651590457      0.000000000000
    6      1.224285366415     -9.188864616151      0.000000000000
    6      3.669622519333     -4.943007107947      0.000000000000
    6      6.115580986234     -0.706482770067      0.000000000000
    6      8.569932872726      3.534170079279      0.000000000000
    1     13.177575175930      3.342507406440      0.000000000000
    1      3.694091261652    -13.083368565849      0.000000000000
    6      6.112941128421     -9.188440340265      0.000000000000
    6      8.567168362360     -4.946256960200      0.000000000000
    6     11.013893320034     -0.699742138916      0.000000000000
    6    -12.251831229994      1.429197682351      0.000000000000
    6     -9.803906871576      5.660288271413      0.000000000000
    6     -7.363637114943      9.895798246874      0.000000000000
    6     -9.789229354329     -2.825684900156      0.000000000000
    6     -7.340598499088      1.415192332609      0.000000000000
    6     -4.895891760824      5.649548612884      0.000000000000
    6     -2.447499770541      9.890563754395      0.000000000000
    6     -7.341729583788     -7.064878854239      0.000000000000
    6     -4.893767472807     -2.825417967776      0.000000000000
    6     -2.445512185032      1.411917118334      0.000000000000
    6      0.000000000002      5.650835935553      0.000000000000
    6      2.447499770541      9.890563754395      0.000000000000
    6     -4.888194115052    -11.324995929225      0.000000000000
    6     -2.444706738264     -7.064740945494      0.000000000000
    6     -0.000000000001     -2.823834236669      0.000000000000
    6      2.445512185032      1.411917118334      0.000000000000
    6      4.895891760824      5.649548612884      0.000000000000
    6      7.363637114943      9.895798246874      0.000000000000
    6     -0.000000000004    -11.320576542828      0.000000000000
    6      2.444706738264     -7.064740945494      0.000000000000
    6      4.893767472809     -2.825417967777      0.000000000000
    6      7.340598499088      1.415192332609      0.000000000000
    6      9.803906871576      5.660288271413      0.000000000000
    6      4.888194115052    -11.324995929225      0.000000000000
    6      7.341729583788     -7.064878854239      0.000000000000
    6      9.789229354329     -2.825684900156      0.000000000000
    6     12.251831229994      1.429197682351      0.000000000000
    1    -14.412584873394      1.221955286440      0.000000000000
    1    -11.945925654538      5.474353003813      0.000000000000
    1     -9.483483914278      9.740861159409      0.000000000000
    6    -12.236561797869     -2.799366633150      0.000000000000
    6     -9.790842898553      1.414290471848      0.000000000000
    6     -7.345647506311      5.654694536872      0.000000000000
    6     -4.900952191613      9.888182479181      0.000000000000
    6     -9.773202515614     -7.064897175529      0.000000000000
    6     -7.340364901245     -2.823695384670      0.000000000000
    6     -4.894093840014      1.412360145495      0.000000000000
    6     -2.445958466900      5.649489878014      0.000000000000
    6      0.000000000003      9.892513920402      0.000000000000
    6     -7.320796893039    -11.333804329147      0.000000000000
    6     -4.893504457540     -7.065597815687      0.000000000000
    6     -2.445240744714     -2.825250422748      0.000000000000
    6      0.000000000000      1.413192026795      0.000000000000
    6      2.445958466900      5.649489878014      0.000000000000
    6      4.900952191613      9.888182479181      0.000000000000
    1      9.483483914278      9.740861159409      0.000000000000
    6     -2.444085895774    -11.321057167880      0.000000000000
    6     -0.000000000002     -7.063493097070      0.000000000000
    6      2.445240744714     -2.825250422748      0.000000000000
    6      4.894093840014      1.412360145495      0.000000000000
    6      7.345647506311      5.654694536872      0.000000000000
    1     11.945925654538      5.474353003813      0.000000000000
    6      2.444085895774    -11.321057167880      0.000000000000
    6      4.893504457540     -7.065597815687      0.000000000000
    6      7.340364901245     -2.823695384670      0.000000000000
    6      9.790842898553      1.414290471848      0.000000000000
    1     14.412584873394      1.221955286440      0.000000000000
    6      7.320796893039    -11.333804329147      0.000000000000
    6      9.773202515614     -7.064897175529      0.000000000000
    6     12.236561797869     -2.799366633150      0.000000000000
    1    -13.177575175930      3.342507406440      0.000000000000
    1    -10.713891597861      7.608298586644      0.000000000000
    1     -8.264536757048     11.870686991342      0.000000000000
    6    -11.013893320034     -0.699742138916      0.000000000000
    6     -8.569932872726      3.534170079279      0.000000000000
    6     -6.120232926224      7.771973438688      0.000000000000
    6     -3.693958280114     11.996856688509      0.000000000000
    6     -8.567168362360     -4.946256960200      0.000000000000
    6     -6.115580986234     -0.706482770067      0.000000000000
    6     -3.670186685297      3.532229521211      0.000000000000
    6     -1.224790514946      7.768790169862      0.000000000000
    6      1.231779171331     11.996290242615      0.000000000000
    6     -6.112941128421     -9.188440340265      0.000000000000
    6     -3.669622519333     -4.943007107947      0.000000000000
    6     -1.223860195630     -0.706596013397      0.000000000000
    6      1.224118265796      3.530265814665      0.000000000000
    6      3.672234972542      7.770698081604      0.000000000000
    6      6.154964024049     12.006898249889      0.000000000000
    1     -3.694091261652    -13.083368565849      0.000000000000
    6     -1.224285366415     -9.188864616151      0.000000000000
    6      1.223907154718     -4.944589666706      0.000000000000
    6      3.669359010511     -0.705015391917      0.000000000000
    6      6.117164461519      3.531746548534      0.000000000000
    6      8.582280157196      7.777169058708      0.000000000000
    1      1.232034056677    -13.082651590457      0.000000000000
    6      3.670609972329     -9.186263910536      0.000000000000
    6      6.115574386299     -4.945094785192      0.000000000000
    6      8.565739430082     -0.705100265917      0.000000000000
    6     11.026366052971      3.543888109172      0.000000000000
    1      6.148048116346    -13.092642277781      0.000000000000
    6      8.542603517754     -9.197490055359      0.000000000000
    6     11.004981686945     -4.931393067087      0.000000000000
    6     13.475760917088     -0.673093920741      0.000000000000
    1   24
