   0   1   1 E -3.6698059512748E+03 DE-5.1E-10( 13)
  0.500000000000E+03  0.000000000000E+00  0.000000000000E+00
  0.000000000000E+00  0.500000000000E+03  0.000000000000E+00
  0.000000000000E+00  0.000000000000E+00  0.500000000000E+03
   24
  0.100000000000E+01 -0.000000000000E+00 -0.000000000000E+00
 -0.000000000000E+00  0.100000000000E+01 -0.000000000000E+00
  0.000000000000E+00  0.000000000000E+00  0.100000000000E+01
  0.000000000000E+00  0.000000000000E+00  0.000000000000E+00
  0.500000000000E+00 -0.866025403784E+00  0.000000000000E+00
 -0.866025403784E+00 -0.500000000000E+00  0.000000000000E+00
 -0.000000000000E+00 -0.000000000000E+00 -0.100000000000E+01
  0.000000000000E+00  0.000000000000E+00  0.000000000000E+00
 -0.500000000000E+00 -0.866025403784E+00  0.000000000000E+00
  0.866025403784E+00 -0.500000000000E+00  0.000000000000E+00
  0.000000000000E+00  0.000000000000E+00  0.100000000000E+01
  0.000000000000E+00  0.000000000000E+00  0.000000000000E+00
 -0.500000000000E+00  0.866025403784E+00  0.000000000000E+00
 -0.866025403784E+00 -0.500000000000E+00  0.000000000000E+00
  0.000000000000E+00  0.000000000000E+00  0.100000000000E+01
  0.000000000000E+00  0.000000000000E+00  0.000000000000E+00
 -0.500000000000E+00 -0.866025403784E+00  0.000000000000E+00
 -0.866025403784E+00  0.500000000000E+00  0.000000000000E+00
 -0.000000000000E+00  0.000000000000E+00 -0.100000000000E+01
  0.000000000000E+00  0.000000000000E+00  0.000000000000E+00
  0.500000000000E+00 -0.866025403784E+00  0.000000000000E+00
  0.866025403784E+00  0.500000000000E+00  0.000000000000E+00
  0.000000000000E+00  0.000000000000E+00  0.100000000000E+01
  0.000000000000E+00  0.000000000000E+00  0.000000000000E+00
  0.500000000000E+00  0.866025403784E+00 -0.000000000000E+00
 -0.866025403784E+00  0.500000000000E+00 -0.000000000000E+00
  0.000000000000E+00  0.000000000000E+00  0.100000000000E+01
  0.000000000000E+00  0.000000000000E+00  0.000000000000E+00
  0.500000000000E+00  0.866025403784E+00 -0.000000000000E+00
  0.866025403784E+00 -0.500000000000E+00  0.000000000000E+00
 -0.000000000000E+00 -0.000000000000E+00 -0.100000000000E+01
  0.000000000000E+00  0.000000000000E+00  0.000000000000E+00
 -0.100000000000E+01  0.000000000000E+00  0.000000000000E+00
  0.000000000000E+00  0.100000000000E+01  0.000000000000E+00
 -0.000000000000E+00  0.000000000000E+00 -0.100000000000E+01
  0.000000000000E+00  0.000000000000E+00  0.000000000000E+00
 -0.100000000000E+01 -0.000000000000E+00  0.000000000000E+00
  0.000000000000E+00 -0.100000000000E+01  0.000000000000E+00
  0.000000000000E+00  0.000000000000E+00  0.100000000000E+01
  0.000000000000E+00  0.000000000000E+00  0.000000000000E+00
  0.100000000000E+01 -0.000000000000E+00 -0.000000000000E+00
 -0.000000000000E+00 -0.100000000000E+01  0.000000000000E+00
 -0.000000000000E+00 -0.000000000000E+00 -0.100000000000E+01
  0.000000000000E+00  0.000000000000E+00  0.000000000000E+00
 -0.500000000000E+00  0.866025403784E+00 -0.000000000000E+00
  0.866025403784E+00  0.500000000000E+00 -0.000000000000E+00
 -0.000000000000E+00 -0.000000000000E+00 -0.100000000000E+01
  0.000000000000E+00  0.000000000000E+00  0.000000000000E+00
 -0.100000000000E+01 -0.000000000000E+00  0.000000000000E+00
  0.000000000000E+00 -0.100000000000E+01  0.000000000000E+00
  0.000000000000E+00  0.000000000000E+00 -0.100000000000E+01
  0.000000000000E+00  0.000000000000E+00  0.000000000000E+00
 -0.500000000000E+00  0.866025403784E+00  0.000000000000E+00
  0.866025403784E+00  0.500000000000E+00  0.000000000000E+00
 -0.000000000000E+00 -0.000000000000E+00  0.100000000000E+01
  0.000000000000E+00  0.000000000000E+00  0.000000000000E+00
  0.500000000000E+00  0.866025403784E+00  0.000000000000E+00
 -0.866025403784E+00  0.500000000000E+00  0.000000000000E+00
  0.000000000000E+00  0.000000000000E+00 -0.100000000000E+01
  0.000000000000E+00  0.000000000000E+00  0.000000000000E+00
  0.500000000000E+00 -0.866025403784E+00  0.000000000000E+00
  0.866025403784E+00  0.500000000000E+00  0.000000000000E+00
  0.000000000000E+00  0.000000000000E+00 -0.100000000000E+01
  0.000000000000E+00  0.000000000000E+00  0.000000000000E+00
  0.500000000000E+00  0.866025403784E+00  0.000000000000E+00
  0.866025403784E+00 -0.500000000000E+00 -0.000000000000E+00
 -0.000000000000E+00 -0.000000000000E+00  0.100000000000E+01
  0.000000000000E+00  0.000000000000E+00  0.000000000000E+00
 -0.500000000000E+00  0.866025403784E+00  0.000000000000E+00
 -0.866025403784E+00 -0.500000000000E+00  0.000000000000E+00
  0.000000000000E+00  0.000000000000E+00 -0.100000000000E+01
  0.000000000000E+00  0.000000000000E+00  0.000000000000E+00
 -0.500000000000E+00 -0.866025403784E+00  0.000000000000E+00
  0.866025403784E+00 -0.500000000000E+00  0.000000000000E+00
  0.000000000000E+00  0.000000000000E+00 -0.100000000000E+01
  0.000000000000E+00  0.000000000000E+00  0.000000000000E+00
 -0.500000000000E+00 -0.866025403784E+00 -0.000000000000E+00
 -0.866025403784E+00  0.500000000000E+00 -0.000000000000E+00
 -0.000000000000E+00  0.000000000000E+00  0.100000000000E+01
  0.000000000000E+00  0.000000000000E+00  0.000000000000E+00
  0.100000000000E+01 -0.000000000000E+00  0.000000000000E+00
 -0.000000000000E+00 -0.100000000000E+01 -0.000000000000E+00
 -0.000000000000E+00 -0.000000000000E+00  0.100000000000E+01
  0.000000000000E+00  0.000000000000E+00  0.000000000000E+00
  0.100000000000E+01 -0.000000000000E+00 -0.000000000000E+00
 -0.000000000000E+00  0.100000000000E+01 -0.000000000000E+00
 -0.000000000000E+00 -0.000000000000E+00 -0.100000000000E+01
  0.000000000000E+00  0.000000000000E+00  0.000000000000E+00
 -0.100000000000E+01  0.000000000000E+00 -0.000000000000E+00
  0.000000000000E+00  0.100000000000E+01 -0.000000000000E+00
 -0.000000000000E+00  0.000000000000E+00  0.100000000000E+01
  0.000000000000E+00  0.000000000000E+00  0.000000000000E+00
  0.500000000000E+00 -0.866025403784E+00 -0.000000000000E+00
 -0.866025403784E+00 -0.500000000000E+00 -0.000000000000E+00
 -0.000000000000E+00 -0.000000000000E+00  0.100000000000E+01
  0.000000000000E+00  0.000000000000E+00  0.000000000000E+00
  120
    1      5.812630061989     -7.622912105830      0.000000000000
    1      8.271428091577     -3.350711039032      0.000000000000
    6     -8.570527802967      0.674480850612      0.000000000000
    6     -6.096534667004      4.944696104192      0.000000000000
    1     -3.695320503467      8.845341349396      0.000000000000
    6     -6.127036831336     -3.537446363906      0.000000000000
    6     -3.669286509600      0.703475866020      0.000000000000
    6     -1.224804285744      4.947705931745      0.000000000000
    1      1.233913165247      8.838622372394      0.000000000000
    6     -3.701146350488     -7.759535226512      0.000000000000
    6     -1.225415283878     -3.529433264086      0.000000000000
    6      1.224612740519      0.707030495391      0.000000000000
    6      3.669663821629      4.944126702319      0.000000000000
    6      1.233965106720     -7.752101948771      0.000000000000
    6      3.672436884472     -3.534564591990      0.000000000000
    6      6.116571234550      0.705958741718      0.000000000000
    1      7.037514926330     -5.487911333362      0.000000000000
    1      9.507950565456     -1.222429243566      0.000000000000
    1     -9.507950565456     -1.222429243566      0.000000000000
    6     -7.330499773724      2.807405844579      0.000000000000
    6     -4.869381452479      7.085054375900      0.000000000000
    1     -7.037514926330     -5.487911333362      0.000000000000
    6     -4.897241170216     -1.413141339755      0.000000000000
    6     -2.443871225722      2.825957398066      0.000000000000
    6     -0.000000000002      7.074892727810      0.000000000000
    6     -2.446907412921     -5.650085444037      0.000000000000
    6      0.000000000000     -1.414060990782      0.000000000000
    6      2.443871225722      2.825957398066      0.000000000000
    6      4.869381452479      7.085054375900      0.000000000000
    6      2.446907412921     -5.650085444037      0.000000000000
    6      4.897241170216     -1.413141339755      0.000000000000
    6      7.330499773724      2.807405844579      0.000000000000
    6     -7.348859830567     -1.427362384054      0.000000000000
    6     -4.895576258139      2.826462270474      0.000000000000
    6     -2.438297830287      7.077980494146      0.000000000000
    6     -4.910562000280     -5.650618110092      0.000000000000
    6     -2.444859054631     -1.411540033321      0.000000000000
    6     -0.000000000001      2.823080066642      0.000000000000
    6      2.438297830287      7.077980494146      0.000000000000
    6      0.000000000002     -5.652924540947      0.000000000000
    6      2.444859054630     -1.411540033321      0.000000000000
    6      4.895576258137      2.826462270473      0.000000000000
    6      4.910562000280     -5.650618110092      0.000000000000
    6      7.348859830567     -1.427362384054      0.000000000000
    1     -8.271428091577     -3.350711039032      0.000000000000
    6     -6.116571234550      0.705958741718      0.000000000000
    6     -3.669663821629      4.944126702319      0.000000000000
    1     -1.233913165247      8.838622372394      0.000000000000
    1     -5.812630061989     -7.622912105830      0.000000000000
    6     -3.672436884472     -3.534564591990      0.000000000000
    6     -1.224612740518      0.707030495391      0.000000000000
    6      1.224804285744      4.947705931745      0.000000000000
    1      3.695320503467      8.845341349396      0.000000000000
    6     -1.233965106720     -7.752101948771      0.000000000000
    6      1.225415283878     -3.529433264086      0.000000000000
    6      3.669286509600      0.703475866020      0.000000000000
    6      6.096534667004      4.944696104192      0.000000000000
    6      3.701146350488     -7.759535226512      0.000000000000
    6      6.127036831333     -3.537446363904      0.000000000000
    6      8.570527802967      0.674480850612      0.000000000000
    6     -8.570527802967     -0.674480850612      0.000000000000
    6     -6.127036831333      3.537446363904      0.000000000000
    6     -3.701146350488      7.759535226512      0.000000000000
    6     -6.096534667004     -4.944696104192      0.000000000000
    6     -3.669286509600     -0.703475866020      0.000000000000
    6     -1.225415283878      3.529433264086      0.000000000000
    6      1.233965106720      7.752101948771      0.000000000000
    1      5.812630061989      7.622912105830      0.000000000000
    1     -3.695320503467     -8.845341349396      0.000000000000
    6     -1.224804285744     -4.947705931745      0.000000000000
    6      1.224612740518     -0.707030495391      0.000000000000
    6      3.672436884472      3.534564591990      0.000000000000
    1      8.271428091577      3.350711039032      0.000000000000
    1      1.233913165247     -8.838622372394      0.000000000000
    6      3.669663821629     -4.944126702319      0.000000000000
    6      6.116571234550     -0.705958741718      0.000000000000
    6     -7.348859830567      1.427362384054      0.000000000000
    6     -4.910562000280      5.650618110092      0.000000000000
    6     -4.895576258137     -2.826462270473      0.000000000000
    6     -2.444859054630      1.411540033321      0.000000000000
    6      0.000000000002      5.652924540947      0.000000000000
    6     -2.438297830287     -7.077980494146      0.000000000000
    6     -0.000000000001     -2.823080066642      0.000000000000
    6      2.444859054630      1.411540033321      0.000000000000
    6      4.910562000280      5.650618110092      0.000000000000
    6      2.438297830287     -7.077980494146      0.000000000000
    6      4.895576258139     -2.826462270474      0.000000000000
    6      7.348859830567      1.427362384054      0.000000000000
    1     -9.507950565456      1.222429243566      0.000000000000
    1     -7.037514926330      5.487911333362      0.000000000000
    6     -7.330499773724     -2.807405844579      0.000000000000
    6     -4.897241170216      1.413141339755      0.000000000000
    6     -2.446907412921      5.650085444037      0.000000000000
    6     -4.869381452479     -7.085054375900      0.000000000000
    6     -2.443871225722     -2.825957398066      0.000000000000
    6      0.000000000000      1.414060990782      0.000000000000
    6      2.446907412921      5.650085444037      0.000000000000
    1      7.037514926330      5.487911333362      0.000000000000
    6     -0.000000000002     -7.074892727810      0.000000000000
    6      2.443871225722     -2.825957398066      0.000000000000
    6      4.897241170216      1.413141339755      0.000000000000
    1      9.507950565456      1.222429243566      0.000000000000
    6      4.869381452479     -7.085054375900      0.000000000000
    6      7.330499773724     -2.807405844579      0.000000000000
    1     -8.271428091577      3.350711039032      0.000000000000
    1     -5.812630061989      7.622912105830      0.000000000000
    6     -6.116571234550     -0.705958741718      0.000000000000
    6     -3.672436884472      3.534564591990      0.000000000000
    6     -1.233965106720      7.752101948771      0.000000000000
    6     -3.669663821629     -4.944126702319      0.000000000000
    6     -1.224612740518     -0.707030495391      0.000000000000
    6      1.225415283878      3.529433264086      0.000000000000
    6      3.701146350488      7.759535226512      0.000000000000
    1     -1.233913165247     -8.838622372394      0.000000000000
    6      1.224804285744     -4.947705931745      0.000000000000
    6      3.669286509600     -0.703475866020      0.000000000000
    6      6.127036831333      3.537446363904      0.000000000000
    1      3.695320503467     -8.845341349396      0.000000000000
    6      6.096534667004     -4.944696104192      0.000000000000
    6      8.570527802967     -0.674480850612      0.000000000000
    1   24
