   0   1   1 E -3.6698059510681E+03 DE 5.9E-12( 40)
  0.500000000000E+03  0.000000000000E+00  0.000000000000E+00
  0.000000000000E+00  0.500000000000E+03  0.000000000000E+00
  0.000000000000E+00  0.000000000000E+00  0.500000000000E+03
   24
  0.100000000000E+01 -0.000000000000E+00 -0.000000000000E+00
 -0.000000000000E+00  0.100000000000E+01 -0.000000000000E+00
  0.000000000000E+00  0.000000000000E+00  0.100000000000E+01
  0.000000000000E+00  0.000000000000E+00  0.000000000000E+00
  0.500000000000E+00 -0.866025403784E+00  0.000000000000E+00
 -0.866025403784E+00 -0.500000000000E+00  0.000000000000E+00
 -0.000000000000E+00 -0.000000000000E+00 -0.100000000000E+01
  0.000000000000E+00  0.000000000000E+00  0.000000000000E+00
 -0.500000000000E+00 -0.866025403784E+00  0.000000000000E+00
  0.866025403784E+00 -0.500000000000E+00  0.000000000000E+00
  0.000000000000E+00  0.000000000000E+00  0.100000000000E+01
  0.000000000000E+00  0.000000000000E+00  0.000000000000E+00
 -0.500000000000E+00  0.866025403784E+00  0.000000000000E+00
 -0.866025403784E+00 -0.500000000000E+00  0.000000000000E+00
  0.000000000000E+00  0.000000000000E+00  0.100000000000E+01
  0.000000000000E+00  0.000000000000E+00  0.000000000000E+00
 -0.500000000000E+00 -0.866025403784E+00  0.000000000000E+00
 -0.866025403784E+00  0.500000000000E+00  0.000000000000E+00
 -0.000000000000E+00  0.000000000000E+00 -0.100000000000E+01
  0.000000000000E+00  0.000000000000E+00  0.000000000000E+00
  0.500000000000E+00 -0.866025403784E+00  0.000000000000E+00
  0.866025403784E+00  0.500000000000E+00  0.000000000000E+00
  0.000000000000E+00  0.000000000000E+00  0.100000000000E+01
  0.000000000000E+00  0.000000000000E+00  0.000000000000E+00
  0.500000000000E+00  0.866025403784E+00 -0.000000000000E+00
 -0.866025403784E+00  0.500000000000E+00 -0.000000000000E+00
  0.000000000000E+00  0.000000000000E+00  0.100000000000E+01
  0.000000000000E+00  0.000000000000E+00  0.000000000000E+00
  0.500000000000E+00  0.866025403784E+00 -0.000000000000E+00
  0.866025403784E+00 -0.500000000000E+00  0.000000000000E+00
 -0.000000000000E+00 -0.000000000000E+00 -0.100000000000E+01
  0.000000000000E+00  0.000000000000E+00  0.000000000000E+00
 -0.100000000000E+01  0.000000000000E+00  0.000000000000E+00
  0.000000000000E+00  0.100000000000E+01  0.000000000000E+00
 -0.000000000000E+00  0.000000000000E+00 -0.100000000000E+01
  0.000000000000E+00  0.000000000000E+00  0.000000000000E+00
 -0.100000000000E+01 -0.000000000000E+00  0.000000000000E+00
  0.000000000000E+00 -0.100000000000E+01  0.000000000000E+00
  0.000000000000E+00  0.000000000000E+00  0.100000000000E+01
  0.000000000000E+00  0.000000000000E+00  0.000000000000E+00
  0.100000000000E+01 -0.000000000000E+00 -0.000000000000E+00
 -0.000000000000E+00 -0.100000000000E+01  0.000000000000E+00
 -0.000000000000E+00 -0.000000000000E+00 -0.100000000000E+01
  0.000000000000E+00  0.000000000000E+00  0.000000000000E+00
 -0.500000000000E+00  0.866025403784E+00 -0.000000000000E+00
  0.866025403784E+00  0.500000000000E+00 -0.000000000000E+00
 -0.000000000000E+00 -0.000000000000E+00 -0.100000000000E+01
  0.000000000000E+00  0.000000000000E+00  0.000000000000E+00
 -0.100000000000E+01 -0.000000000000E+00  0.000000000000E+00
  0.000000000000E+00 -0.100000000000E+01  0.000000000000E+00
  0.000000000000E+00  0.000000000000E+00 -0.100000000000E+01
  0.000000000000E+00  0.000000000000E+00  0.000000000000E+00
 -0.500000000000E+00  0.866025403784E+00  0.000000000000E+00
  0.866025403784E+00  0.500000000000E+00  0.000000000000E+00
 -0.000000000000E+00 -0.000000000000E+00  0.100000000000E+01
  0.000000000000E+00  0.000000000000E+00  0.000000000000E+00
  0.500000000000E+00  0.866025403784E+00  0.000000000000E+00
 -0.866025403784E+00  0.500000000000E+00  0.000000000000E+00
  0.000000000000E+00  0.000000000000E+00 -0.100000000000E+01
  0.000000000000E+00  0.000000000000E+00  0.000000000000E+00
  0.500000000000E+00 -0.866025403784E+00  0.000000000000E+00
  0.866025403784E+00  0.500000000000E+00  0.000000000000E+00
  0.000000000000E+00  0.000000000000E+00 -0.100000000000E+01
  0.000000000000E+00  0.000000000000E+00  0.000000000000E+00
  0.500000000000E+00  0.866025403784E+00  0.000000000000E+00
  0.866025403784E+00 -0.500000000000E+00 -0.000000000000E+00
 -0.000000000000E+00 -0.000000000000E+00  0.100000000000E+01
  0.000000000000E+00  0.000000000000E+00  0.000000000000E+00
 -0.500000000000E+00  0.866025403784E+00  0.000000000000E+00
 -0.866025403784E+00 -0.500000000000E+00  0.000000000000E+00
  0.000000000000E+00  0.000000000000E+00 -0.100000000000E+01
  0.000000000000E+00  0.000000000000E+00  0.000000000000E+00
 -0.500000000000E+00 -0.866025403784E+00  0.000000000000E+00
  0.866025403784E+00 -0.500000000000E+00  0.000000000000E+00
  0.000000000000E+00  0.000000000000E+00 -0.100000000000E+01
  0.000000000000E+00  0.000000000000E+00  0.000000000000E+00
 -0.500000000000E+00 -0.866025403784E+00 -0.000000000000E+00
 -0.866025403784E+00  0.500000000000E+00 -0.000000000000E+00
 -0.000000000000E+00  0.000000000000E+00  0.100000000000E+01
  0.000000000000E+00  0.000000000000E+00  0.000000000000E+00
  0.100000000000E+01 -0.000000000000E+00  0.000000000000E+00
 -0.000000000000E+00 -0.100000000000E+01 -0.000000000000E+00
 -0.000000000000E+00 -0.000000000000E+00  0.100000000000E+01
  0.000000000000E+00  0.000000000000E+00  0.000000000000E+00
  0.100000000000E+01 -0.000000000000E+00 -0.000000000000E+00
 -0.000000000000E+00  0.100000000000E+01 -0.000000000000E+00
 -0.000000000000E+00 -0.000000000000E+00 -0.100000000000E+01
  0.000000000000E+00  0.000000000000E+00  0.000000000000E+00
 -0.100000000000E+01  0.000000000000E+00 -0.000000000000E+00
  0.000000000000E+00  0.100000000000E+01 -0.000000000000E+00
 -0.000000000000E+00  0.000000000000E+00  0.100000000000E+01
  0.000000000000E+00  0.000000000000E+00  0.000000000000E+00
  0.500000000000E+00 -0.866025403784E+00 -0.000000000000E+00
 -0.866025403784E+00 -0.500000000000E+00 -0.000000000000E+00
 -0.000000000000E+00 -0.000000000000E+00  0.100000000000E+01
  0.000000000000E+00  0.000000000000E+00  0.000000000000E+00
  120
    1      5.812629851232     -7.622911855556      0.000000000000
    1      8.271428022382     -3.350711264742      0.000000000000
    6     -8.570527483777      0.674480784486      0.000000000000
    6     -6.096534727724      4.944695855824      0.000000000000
    1     -3.695320392102      8.845341041738      0.000000000000
    6     -6.127037064663     -3.537446498617      0.000000000000
    6     -3.669286456980      0.703475896503      0.000000000000
    6     -1.224804244050      4.947705943947      0.000000000000
    1      1.233912935180      8.838622425325      0.000000000000
    6     -3.701146248159     -7.759534917023      0.000000000000
    6     -1.225415231168     -3.529433233757      0.000000000000
    6      1.224612701301      0.707030472749      0.000000000000
    6      3.669663764259      4.944126691379      0.000000000000
    6      1.233964861267     -7.752101877172      0.000000000000
    6      3.672436915886     -3.534564561983      0.000000000000
    6      6.116571196390      0.705958697505      0.000000000000
    1      7.037515087203     -5.487911160583      0.000000000000
    1      9.507950243334     -1.222429186182      0.000000000000
    1     -9.507950243334     -1.222429186182      0.000000000000
    6     -7.330499588991      2.807406021348      0.000000000000
    6     -4.869381235618      7.085054132537      0.000000000000
    1     -7.037515087203     -5.487911160583      0.000000000000
    6     -4.897241159936     -1.413141381964      0.000000000000
    6     -2.443871225812      2.825957337253      0.000000000000
    6     -0.000000000002      7.074892997233      0.000000000000
    6     -2.446907432131     -5.650085388884      0.000000000000
    6      0.000000000000     -1.414060945498      0.000000000000
    6      2.443871225812      2.825957337253      0.000000000000
    6      4.869381235618      7.085054132537      0.000000000000
    6      2.446907432131     -5.650085388884      0.000000000000
    6      4.897241159936     -1.413141381964      0.000000000000
    6      7.330499588991      2.807406021348      0.000000000000
    6     -7.348859806670     -1.427362269099      0.000000000000
    6     -4.895576336259      2.826462315577      0.000000000000
    6     -2.438297917893      7.077980415973      0.000000000000
    6     -4.910561888777     -5.650618146874      0.000000000000
    6     -2.444858966812     -1.411539982619      0.000000000000
    6     -0.000000000001      2.823079965237      0.000000000000
    6      2.438297917893      7.077980415973      0.000000000000
    6      0.000000000002     -5.652924631152      0.000000000000
    6      2.444858966811     -1.411539982618      0.000000000000
    6      4.895576336257      2.826462315575      0.000000000000
    6      4.910561888777     -5.650618146874      0.000000000000
    6      7.348859806670     -1.427362269099      0.000000000000
    1     -8.271428022382     -3.350711264742      0.000000000000
    6     -6.116571196390      0.705958697505      0.000000000000
    6     -3.669663764259      4.944126691379      0.000000000000
    1     -1.233912935180      8.838622425325      0.000000000000
    1     -5.812629851232     -7.622911855556      0.000000000000
    6     -3.672436915886     -3.534564561983      0.000000000000
    6     -1.224612701301      0.707030472749      0.000000000000
    6      1.224804244050      4.947705943947      0.000000000000
    1      3.695320392102      8.845341041738      0.000000000000
    6     -1.233964861267     -7.752101877172      0.000000000000
    6      1.225415231168     -3.529433233757      0.000000000000
    6      3.669286456980      0.703475896503      0.000000000000
    6      6.096534727724      4.944695855824      0.000000000000
    6      3.701146248159     -7.759534917023      0.000000000000
    6      6.127037064661     -3.537446498616      0.000000000000
    6      8.570527483777      0.674480784486      0.000000000000
    6     -8.570527483777     -0.674480784486      0.000000000000
    6     -6.127037064661      3.537446498616      0.000000000000
    6     -3.701146248159      7.759534917023      0.000000000000
    6     -6.096534727724     -4.944695855824      0.000000000000
    6     -3.669286456980     -0.703475896503      0.000000000000
    6     -1.225415231168      3.529433233757      0.000000000000
    6      1.233964861267      7.752101877172      0.000000000000
    1      5.812629851232      7.622911855556      0.000000000000
    1     -3.695320392102     -8.845341041738      0.000000000000
    6     -1.224804244050     -4.947705943947      0.000000000000
    6      1.224612701301     -0.707030472749      0.000000000000
    6      3.672436915886      3.534564561983      0.000000000000
    1      8.271428022382      3.350711264742      0.000000000000
    1      1.233912935180     -8.838622425325      0.000000000000
    6      3.669663764259     -4.944126691379      0.000000000000
    6      6.116571196390     -0.705958697505      0.000000000000
    6     -7.348859806670      1.427362269099      0.000000000000
    6     -4.910561888777      5.650618146874      0.000000000000
    6     -4.895576336257     -2.826462315575      0.000000000000
    6     -2.444858966811      1.411539982618      0.000000000000
    6      0.000000000002      5.652924631152      0.000000000000
    6     -2.438297917893     -7.077980415973      0.000000000000
    6     -0.000000000001     -2.823079965237      0.000000000000
    6      2.444858966811      1.411539982618      0.000000000000
    6      4.910561888777      5.650618146874      0.000000000000
    6      2.438297917893     -7.077980415973      0.000000000000
    6      4.895576336259     -2.826462315577      0.000000000000
    6      7.348859806670      1.427362269099      0.000000000000
    1     -9.507950243334      1.222429186182      0.000000000000
    1     -7.037515087203      5.487911160583      0.000000000000
    6     -7.330499588991     -2.807406021348      0.000000000000
    6     -4.897241159936      1.413141381964      0.000000000000
    6     -2.446907432131      5.650085388884      0.000000000000
    6     -4.869381235618     -7.085054132537      0.000000000000
    6     -2.443871225812     -2.825957337253      0.000000000000
    6      0.000000000000      1.414060945498      0.000000000000
    6      2.446907432131      5.650085388884      0.000000000000
    1      7.037515087203      5.487911160583      0.000000000000
    6     -0.000000000002     -7.074892997233      0.000000000000
    6      2.443871225812     -2.825957337253      0.000000000000
    6      4.897241159936      1.413141381964      0.000000000000
    1      9.507950243334      1.222429186182      0.000000000000
    6      4.869381235618     -7.085054132537      0.000000000000
    6      7.330499588991     -2.807406021348      0.000000000000
    1     -8.271428022382      3.350711264742      0.000000000000
    1     -5.812629851232      7.622911855556      0.000000000000
    6     -6.116571196390     -0.705958697505      0.000000000000
    6     -3.672436915886      3.534564561983      0.000000000000
    6     -1.233964861267      7.752101877172      0.000000000000
    6     -3.669663764259     -4.944126691379      0.000000000000
    6     -1.224612701301     -0.707030472749      0.000000000000
    6      1.225415231168      3.529433233757      0.000000000000
    6      3.701146248159      7.759534917023      0.000000000000
    1     -1.233912935180     -8.838622425325      0.000000000000
    6      1.224804244050     -4.947705943947      0.000000000000
    6      3.669286456980     -0.703475896503      0.000000000000
    6      6.127037064661      3.537446498616      0.000000000000
    1      3.695320392102     -8.845341041738      0.000000000000
    6      6.096534727724     -4.944695855824      0.000000000000
    6      8.570527483777     -0.674480784486      0.000000000000
    1   24
