x1,x2,x3,x4,x5,x6,x7,x8,x9,x10,x11,x12,x13,x14,x15,x16,x17,x18,x19,x20,x21,x22,x23,x24,x25,x26,x27,x28,x29,x30,x31,x32,x33,x34,x35,x36,x37,x38,x39,x40,x41,x42,x43,x44,x45,x46,x47,x48,x49,x50,x51,x52,x53,x54,x55,x56,x57,x58,x59,x60
0.25000000000000006,0.24703880457940788,0.23453788701225656,0.24729294714553918,0.24187681142720188,0.2450270912736126,0.2390870060400265,0.24535789518959683,0.24197074879568478,0.2474433454922603,0.24686237150348275,0.030344676233571913,-0.01856458150570235,0.1470664291848156,-0.09646253193356777,0.18842013856521284,-0.16102965425302834,0.23365303205628268,-0.22157398513537566,0.24728753415189098,0.23700049459937297,0.034008985970765016,-0.022273157904020072,0.06946175549330323,-0.024858345481291108,0.07592115077462899,-0.006196411219061448,0.048351442302903766,-0.02171208892489362,0.24555820297322264,0.241269645778728,-0.0717143809614228,0.07683026135982524,-0.06354857704343111,0.0900617921422998,-0.01632351281002274,0.06163736015101766,-0.015248603663015552,0.03559024888577375,0.2440205807407285,0.24676458021530956,0.11129243861151966,-0.096455484755481,0.1661198517474852,-0.09527865103600393,0.17767139129353127,-0.1289784779317427,0.22277149049200495,-0.19214006452733676,0.24654405132421153,0.24702637298360475,0.24722300375118952,0.23928375641036587,0.2463834290117778,0.23171069325486549,0.23993694324397646,0.23779095613575066,0.24269882179737445,0.2313380636126267,0.24744416049725151
0.24703880457940788,0.24999999999999997,0.2366367990570565,0.24942573967712223,0.24394691912278058,0.24715890773626026,0.24116964499230223,0.24746307365649398,0.24403765871367544,0.24957811411002787,0.2489763983808765,0.02975077618414247,-0.01781686694037716,0.14772219095788078,-0.09679697508982388,0.19000162707492438,-0.16238717732217514,0.23568044274308045,-0.22347365315931772,0.24942042217715318,0.23902041540136273,0.03504540576720909,-0.02318804759446501,0.07071699414369366,-0.025700737570782454,0.0771462733666047,-0.006722601234929168,0.049188756532348527,-0.022287705895833433,0.24768090276372254,0.24337242451402308,-0.07295723251570135,0.0781220557929314,-0.06473501156820899,0.09145095481775743,-0.016942632275945366,0.06268111400517147,-0.01580765773865959,0.036282026235435194,0.24611973929682218,0.24889362808535231,0.11271908978001523,-0.09772257709019297,0.1678313350455938,-0.09627558925846337,0.17920948677596138,-0.13001609168721778,0.22467456391904117,-0.1937252715324094,0.24866947440559634,0.24915785194118856,0.2493558384531812,0.24136445016846086,0.24850694516312388,0.23369331503064703,0.24199194108783242,0.23982773539948862,0.24478324484473868,0.23330498045525025,0.24957893002609272
0.23453788701225656,0.2366367990570565,0.25,0.23688716234429272,0.23173421480531958,0.23466811975740115,0.22873156459947291,0.23496137117690924,0.23163744396884614,0.23704004830156727,0.23646584008958166,0.040348478990148734,-0.0301140891723312,0.146852008308724,-0.0961734366913709,0.18010348670141185,-0.15301996334658133,0.22384535401465716,-0.2119265732119725,0.2368980551064619,0.22728904686679752,0.024884506536930074,-0.013879337670689768,0.06067694870232948,-0.017976720809581095,0.06902456562951795,-0.0022346536543747476,0.04351082328237411,-0.018001851425264236,0.23520394820865206,0.23094207720826093,-0.06333090858341964,0.06821116175635804,-0.05541306144999412,0.08149314456147748,-0.011905954605827536,0.05524431964232382,-0.011498678948490243,0.03133764639713069,0.23381058933205814,0.23638942206663205,0.10245286929750964,-0.08849971590890451,0.15667730482660464,-0.08969440308264276,0.170173505094837,-0.12419932891414807,0.2135592353529478,-0.18467696069325532,0.23619227467681564,0.23663790350899672,0.23682921439773352,0.2290590331287842,0.23604290420951263,0.22210162920262996,0.22997953969490512,0.2279192168559543,0.23257680506189898,0.22185773386612412,0.23704087283391503
0.24729294714553918,0.24942573967712223,0.23688716234429272,0.24999999999999992,0.24417828616869375,0.24741751067436962,0.24141337338440852,0.24771114093630978,0.2442793819589469,0.24982995348347192,0.24922679634068864,0.029683825345714412,-0.017734254867353555,0.1478204233050113,-0.09684147926665103,0.19017911987294694,-0.16253905551929912,0.23592544522941591,-0.22369851047003225,0.24967204723738984,0.23925725240422469,0.035195045051463,-0.023325990337679372,0.07091940740640426,-0.025840371614112675,0.07733275586868407,-0.006831454937618438,0.04932023152120201,-0.022396379302908304,0.24793176782204443,0.2436218206783071,-0.07314832460083785,0.07831937425653206,-0.06492088309931283,0.09166914878158235,-0.01706242874533221,0.06285901054525866,-0.01592186438555453,0.036405985035487524,0.24636681871777288,0.2491448217787001,0.11291801313333616,-0.09790011435944947,0.16805303330564939,-0.09640641522711195,0.17939321036007105,-0.13013535971174292,0.22489869264598816,-0.19390781532092147,0.24892009637295048,0.24940932820045544,0.24960744855327438,0.24161054578600072,0.2487572983028248,0.23392572547338628,0.24223323233081892,0.24006704015479596,0.2450284324135509,0.23353497331846249,0.24983077043020824
0.24187681142720188,0.24394691912278058,0.23173421480531958,0.24417828616869375,0.25,0.24191196754759817,0.23606431560372412,0.24223138108241155,0.23895118187536538,0.24433047985096554,0.24378419980538915,0.029110224389702108,-0.01738792443125965,0.147236313308491,-0.10177721176325674,0.18713798457650152,-0.15970103573853378,0.2308396215346899,-0.21888178894998697,0.24418143094451267,0.2339427620828636,0.03518686383561173,-0.023574682965861942,0.0707221561099207,-0.02601481829685009,0.0762339921426684,-0.007449690959020722,0.04923019066615243,-0.022864446718885142,0.24248523741309072,0.23829834132372174,-0.07278303402807888,0.07787146224740102,-0.064765439069699,0.0910210211421712,-0.017733243821488512,0.06266711146878577,-0.016540592937582775,0.03660717930241088,0.24093114986239325,0.243661051071517,0.11127923105855976,-0.09652507409107758,0.1648111553921532,-0.09452382855006136,0.17543071390989282,-0.12707735528436376,0.2198926296930791,-0.1894811191109753,0.24343750256378077,0.2439196365863473,0.2441127443598032,0.23631476812333704,0.24327737310274974,0.22874014036112983,0.23687272761734546,0.23475083427975202,0.23961699098165373,0.22833337486777536,0.24433122441200525
0.2450270912736126,0.24715890773626026,0.23466811975740115,0.24741751067436962,0.24191196754759817,0.2500000000000001,0.2391457143707737,0.2454453710786661,0.24202651188781232,0.24756346215425598,0.24696394727425203,0.027522990599487582,-0.01558902030673947,0.14557976914412935,-0.09471684575004975,0.1879349011421287,-0.16043240506890558,0.23370980042089795,-0.22150223472616404,0.24740588921302673,0.23699784540560193,0.03720226114470419,-0.025422135152779635,0.07296165185224608,-0.02794150148915483,0.07921731897948292,-0.00894531415104016,0.05098198072350338,-0.024187485201822054,0.24570399886849292,0.24149279665181772,-0.07495308787702411,0.0801017316402715,-0.06687348571146629,0.09354843135343542,-0.019102314262884904,0.06475723855785963,-0.017897248892335172,0.0380811504227304,0.2441046214147597,0.246885738398555,0.11363120639155938,-0.09861592777507926,0.16755029460069984,-0.09616088442263326,0.17781176975453694,-0.12868576967387016,0.22280113276251437,-0.19187457071245176,0.24665555979820214,0.24714790512130705,0.2473428474856571,0.23946699071738828,0.24649204456929125,0.23172874508410557,0.23997529549757468,0.2378323769517253,0.2427676869572671,0.23130193900669008,0.24756426057622022
0.2390870060400265,0.24116964499230223,0.22873156459947291,0.24141337338440852,0.23606431560372412,0.2391457143707737,0.2499999999999995,0.23944601197023319,0.23604938616728932,0.24156396029866917,0.24105536866101557,0.022760002129708926,-0.011019711712888298,0.14040942352626395,-0.09063621997980764,0.1832852958948432,-0.16763378787486885,0.23273166987008634,-0.2207646889223975,0.24141878803388003,0.23104267816203547,0.04167722620430173,-0.030179382496581145,0.07734014160882331,-0.03247350120945471,0.08264154882442533,-0.013415134246740986,0.048611101593634305,-0.024544309079640555,0.23976454333271702,0.23582567964235382,-0.07885214302399202,0.08394460278822431,-0.07098324077301778,0.09716884242779006,-0.02321112258540799,0.06828187148360441,-0.021708953177387164,0.03828867447004682,0.23813906695945083,0.24090013944949648,0.11578661690146874,-0.10086493485575983,0.16761213048784196,-0.0968859328826536,0.17385152288029868,-0.12511480605639816,0.2171506673240222,-0.18649685631914123,0.24066349681352084,0.24116103738696645,0.24134832622413105,0.23384281844970514,0.24049981530582806,0.22602690369163728,0.23402660886015078,0.23192328478536117,0.2368008080029353,0.2254220209987581,0.24156459213367365
0.24535789518959683,0.24746307365649398,0.23496137117690924,0.24771114093630978,0.24223138108241155,0.2454453710786661,0.23944601197023319,0.24999999999999992,0.24231545019143183,0.2478639270016531,0.24726433006271034,0.027782171622658294,-0.015854225767229446,0.14588649877972662,-0.09513151100161987,0.18824373443430897,-0.16067606294859088,0.23399172084969408,-0.22181800018438871,0.24770630531922766,0.2372952652013437,0.03698125606214965,-0.02519329726321849,0.07274539386040497,-0.027706006412110414,0.07900813933238654,-0.008701658457986525,0.050839410395252305,-0.024020873255049556,0.2460000796094445,0.24177662692528984,-0.07477014368704171,0.07992261313175271,-0.06667091334604548,0.09335801910978657,-0.01887779836523916,0.06455703951422168,-0.017678789126739935,0.037929792557237135,0.24440389264996085,0.2471852941708143,0.1135683789567671,-0.0985495146967394,0.1676224844203297,-0.09618972242769595,0.178017610310799,-0.1288666400972014,0.2230773660975784,-0.19213751732363246,0.24695563349984737,0.24744773150270621,0.24764306400174485,0.23975180424921333,0.24679216613502383,0.23201773298495337,0.24027333639999382,0.2381273115550707,0.24306658841621953,0.23159536937143574,0.24786473375807583
0.24197074879568478,0.24403765871367544,0.23163744396884614,0.2442793819589469,0.23895118187536538,0.24202651188781232,0.23604938616728932,0.24231545019143183,0.25,0.24443143313760987,0.243833639096279,0.025967955650167518,-0.01416112556320359,0.14403759148612622,-0.09446012831315327,0.18630575976118283,-0.1592568070845785,0.23199261662412593,-0.22551116524969197,0.24430999400850242,0.23391880175080892,0.038662164835718285,-0.027000283517663117,0.07444664246473222,-0.029475163581781774,0.08043198520700598,-0.010471944853492534,0.05234500094028365,-0.025731802719194848,0.24261658915035975,0.23850846676114762,-0.07618310883801435,0.08129703812721287,-0.06827848964306281,0.09485701032225977,-0.020745628233550653,0.06609221815865275,-0.019408344949291296,0.03948701067861413,0.24099465894291475,0.24376377126602808,0.11363351662773492,-0.09868936738623098,0.16617034832079758,-0.09530606412213388,0.17553281234042822,-0.12670312490808333,0.21987729914180834,-0.18916319710853535,0.24352969637950733,0.24402222436294557,0.2442135650057083,0.23647285730064768,0.24336669071458025,0.22873137608316288,0.23689051520968796,0.23476729906222513,0.2396659685446926,0.2282672357296641,0.244432318283043
0.2474433454922603,0.24957811411002787,0.23704004830156727,0.24982995348347192,0.24433047985096554,0.24756346215425598,0.24156396029866917,0.2478639270016531,0.24443143313760987,0.24999999999999953,0.24937925742654848,0.029815884853329963,-0.01786227189148525,0.1479552910438856,-0.09696359830408849,0.19032256156074057,-0.16266440586442374,0.23606657337598602,-0.22383785531325057,0.2498248087966616,0.23940917915531562,0.03507223121507641,-0.023196653966843436,0.07079497503818609,-0.025712156687723708,0.0772240782451634,-0.006701621479073926,0.04922412037947241,-0.022284350798209843,0.24808205405369918,0.2437658436636559,-0.0730380387938105,0.07821064479383243,-0.06480179403047875,0.0915558715891998,-0.01693599115152824,0.06274335472493986,-0.015799441077112134,0.03630140360750325,0.2465192019753481,0.24929713329343497,0.11287840933098818,-0.09785971670524865,0.16809276303410814,-0.0964272796145961,0.1795006350225471,-0.13023258490575318,0.2250400765742811,-0.1940438018376325,0.24907274128142054,0.24956179974625003,0.24976012766515343,0.24175531318110138,0.24890997979424967,0.23407350757023465,0.2423851605272612,0.2402174609344051,0.24518066223162602,0.2336850062839937,0.2499835786623189
0.24686237150348275,0.2489763983808765,0.23646584008958166,0.24922679634068864,0.24378419980538915,0.24696394727425203,0.24105536866101557,0.24726433006271034,0.243833639096279,0.24937925742654848,0.24999999999999972,0.029239690269906513,-0.017375517353500052,0.1474106170583535,-0.09672761182381286,0.18989896846205784,-0.16240879036287797,0.23553084091009788,-0.22335782427903705,0.24922154194318905,0.2388191929203641,0.03533138886175426,-0.023479875338568438,0.07090374032713448,-0.025911517026811652,0.07714992400756385,-0.0068549210834419816,0.049167440035743554,-0.022334649003509083,0.24748431599081808,0.24318514697815058,-0.0730977621935683,0.07825840481652148,-0.06488469455512795,0.09154484779698357,-0.01706482337137252,0.06276628262620615,-0.01590496081903939,0.036320034869711165,0.2459218569322425,0.24869528057056597,0.11279470468335573,-0.09780092904744368,0.16780788414831882,-0.09627744179787376,0.179072677642428,-0.12989475046453947,0.2244911772894923,-0.19354915705361933,0.2484708295154631,0.24895943895724978,0.2491571565578341,0.24117922554577004,0.24830825750646432,0.2335028705839188,0.24179416204047804,0.23963206508673976,0.24458508525329115,0.23311008657638532,0.2493800758349198
0.030344676233571913,0.02975077618414247,0.040348478990148734,0.029683825345714412,0.029110224389702108,0.027522990599487582,0.022760002129708926,0.027782171622658294,0.025967955650167518,0.029815884853329963,0.029239690269906513,0.24999999999999972,-0.23444611090966502,0.12400005585396476,-0.07240978393670283,0.016469382981031545,0.004096470496636402,0.025640889436876563,-0.01628683470414985,0.02991489801356229,0.03481265702562001,-0.18030553226882143,0.1755630385218621,-0.1364512670724697,0.1343826569639823,-0.08811309927487618,0.09156582708961983,-0.06783419076247371,0.07026441803318222,0.028793178789368074,0.024535974567191962,0.12458448453991265,-0.12482229890683386,0.12790822044552183,-0.11188614445772127,0.0933337685140443,-0.09163573166343376,0.07936636128931294,-0.06806734127698655,0.030640114619735835,0.029718546134966068,-0.08837458396150606,0.0836292329929868,-0.0403283579843696,0.026724884375088267,0.0208005390761831,-0.03196487338455627,0.030999181093016973,-0.03867668641651546,0.030046517356961896,0.02970014939641686,0.029796287068007538,0.024971921235251875,0.03013657800730409,0.031251434509793036,0.03210898698641343,0.031807939552635695,0.03125058301670692,0.034023689216505226,0.02981757940364089
-0.01856458150570235,-0.01781686694037716,-0.0301140891723312,-0.017734254867353555,-0.01738792443125965,-0.01558902030673947,-0.011019711712888298,-0.015854225767229446,-0.01416112556320359,-0.01786227189148525,-0.017375517353500052,-0.23444611090966502,0.2499999999999997,-0.11957131216593998,0.06999937793496035,-0.005777023028373276,-0.013524226626585466,-0.014572236030779527,0.00565505467923476,-0.017967834875303262,-0.02286723160858949,0.1693323784047408,-0.16415548187846118,0.13027131108573192,-0.127745135890371,0.08304922000776158,-0.08481881138293224,0.06366011847466715,-0.06491818495025495,-0.017000918607475154,-0.013173442431475342,-0.11924002974383849,0.1196285950610386,-0.12199276532326649,0.10695405134122517,-0.08673317850863711,0.08632490288868877,-0.07308124710528299,0.06331621315828005,-0.01876147833633777,-0.017801276449366486,0.08753963727409675,-0.08253878228650754,0.04462751434702452,-0.029048361833066767,-0.012351717600381607,0.024717994896648145,-0.019971623071155065,0.02838102616066026,-0.018114470880991128,-0.01777105299466961,-0.01785294750545586,-0.01359345275345638,-0.018205025794405454,-0.01981070363513587,-0.02031069031145969,-0.02011451387173091,-0.019396411175013357,-0.022440897423505694,-0.017863984679490696
0.1470664291848156,0.14772219095788078,0.146852008308724,0.1478204233050113,0.147236313308491,0.14557976914412935,0.14040942352626395,0.14588649877972662,0.14403759148612622,0.1479552910438856,0.1474106170583535,0.12400005585396476,-0.11957131216593998,0.24999999999999986,-0.1954106989479515,0.1353656760413633,-0.10927016306313864,0.1434566257405633,-0.13299875222333699,0.14804595216552732,0.14411601949908062,-0.0600861156466823,0.06769441463486396,-0.028832499939067432,0.062195832119737574,-0.0124489722523804,0.05061073365613831,-0.013224861205551748,0.028164594230533177,0.1464029931773844,0.14205544038131054,0.02216265565596346,-0.019039268839266033,0.028653365322939894,-0.0072110567608391195,0.04019596340688883,-0.015373636509851574,0.035530261898629005,-0.018945798216540178,0.14657579804783782,0.14753755114157685,0.01686639474076123,-0.011274319964922501,0.06984046789155347,-0.037472959121896264,0.104967604692047,-0.08347289055185075,0.1342376213323722,-0.12173257782444757,0.14758678922209534,0.14767189803362465,0.14782674664006853,0.14123775238712166,0.14755145398832667,0.14033789437490868,0.1451139984394345,0.14362451159665773,0.14615334223532997,0.14124006770571879,0.14795675592731217
-0.09646253193356777,-0.09679697508982388,-0.0961734366913709,-0.09684147926665103,-0.10177721176325674,-0.09471684575004975,-0.09063621997980764,-0.09513151100161987,-0.09446012831315327,-0.09696359830408849,-0.09672761182381286,-0.07240978393670283,0.06999937793496035,-0.1954106989479515,0.2499999999999997,-0.15560565111060345,0.13106286509389528,-0.0946268312617585,0.08833680863162462,-0.0970838221915802,-0.09350631656446896,0.02222473892635646,-0.028084372964754432,0.008072653441159499,-0.03891525934290214,0.04358016863256405,-0.045416402068582495,0.01447674824395528,-0.02429697133897428,-0.09590969116160315,-0.0935286542801648,-0.002438065539666408,-7.493071523720298e-5,-0.007154051294194186,0.0032519246276295796,-0.028378216688366518,0.015902501138920288,-0.031471097228912434,0.017740090511059396,-0.09606102144940043,-0.09667859714412314,-0.022071532762364666,0.018071604880037565,-0.05038213873039646,0.02648723295755951,-0.06699737964990844,0.0509574193239113,-0.08668029659145966,0.0777205014118096,-0.096694555124142,-0.09678289357139444,-0.09687946823432525,-0.09333275874116481,-0.09666871575471765,-0.09191694202884482,-0.09488260467010412,-0.09374714218387699,-0.09564572325815596,-0.0919563019114233,-0.0969651468795639
0.18842013856521284,0.19000162707492438,0.18010348670141185,0.19017911987294694,0.18713798457650152,0.1879349011421287,0.1832852958948432,0.18824373443430897,0.18630575976118283,0.19032256156074057,0.18989896846205784,0.016469382981031545,-0.005777023028373276,0.1353656760413633,-0.15560565111060345,0.24999999999999983,-0.22069238605587138,0.18663422345195757,-0.17774089466082502,0.1904351271404956,0.18146874079605152,0.039842499092063305,-0.03008216071353643,0.06447971758222595,-0.021692502286079527,0.02093992669175955,0.009989989158468299,0.02989192489285607,-0.008732307872396754,0.18881920589674223,0.18602853572073166,-0.06830838752253249,0.07274831832977474,-0.061386627263610785,0.07060636065244265,-0.009245790489232408,0.039700067680618,-0.0010419042186137456,0.019954765459877687,0.18771156097075203,0.18978634522187823,0.09778305163252993,-0.0860294496990874,0.13281598236388187,-0.0751285628461816,0.13434067453888923,-0.09450122803730739,0.1695938035753276,-0.14527095365173243,0.18960123517458297,0.19000644807684822,0.19015284644937738,0.18491594528804273,0.18947706270808132,0.17821227639045736,0.18433368629542699,0.1824478654612198,0.1865390403641014,0.177234192570132,0.19032360012094152
-0.16102965425302834,-0.16238717732217514,-0.15301996334658133,-0.16253905551929912,-0.15970103573853378,-0.16043240506890558,-0.16763378787486885,-0.16067606294859088,-0.1592568070845785,-0.16266440586442374,-0.16240879036287797,0.004096470496636402,-0.013524226626585466,-0.10927016306313864,0.13106286509389528,-0.22069238605587138,0.2499999999999998,-0.17647542271006394,0.17214761436128906,-0.16280657580890218,-0.1541672372361497,-0.05775155841667396,0.04934051239114225,-0.08154294565612927,0.04116164625039125,-0.03730172932882481,0.009908856972151853,-0.028434871149702383,0.017172222982774234,-0.1614987011861381,-0.15980043858502,0.08325308175931419,-0.0873133341746447,0.07758283789557602,-0.08504332885021715,0.027210606104480773,-0.055042072577929514,0.01837140597352195,-0.02735008811961919,-0.16020454163162604,-0.16220413399413863,-0.10348586332815898,0.0922239516496411,-0.127776629806707,0.07410083302162854,-0.11561195559703887,0.07821231036808657,-0.14402381666355088,0.1211332105954962,-0.16198500096065044,-0.1624064078113619,-0.1625183503764978,-0.1587602103268869,-0.16185961386034708,-0.15179363027741388,-0.15695824285607657,-0.15532250809944173,-0.1590621249657983,-0.15030280994557405,-0.16266530654574307
0.23365303205628268,0.23568044274308045,0.22384535401465716,0.23592544522941591,0.2308396215346899,0.23370980042089795,0.23273166987008634,0.23399172084969408,0.23199261662412593,0.23606657337598602,0.23553084091009788,0.025640889436876563,-0.014572236030779527,0.1434566257405633,-0.0946268312617585,0.18663422345195757,-0.17647542271006394,0.2499999999999998,-0.23722015111551,0.23618780612379758,0.2258546330951631,0.03794447429537062,-0.02647230863825736,0.07389799226451997,-0.028957001135333248,0.07940515778542694,-0.009878312877817461,0.0366346000882214,-0.017269520254553587,0.23425095568729226,0.2303962237674576,-0.07550085992653043,0.08052980091548864,-0.0675762876799125,0.09360178895253905,-0.020448494546548863,0.06447874047001155,-0.018385723232308252,0.031157012509379193,0.23277041172742355,0.23541088442913632,0.11292566076506566,-0.09848104295038262,0.16520303316910834,-0.09586747529800566,0.1698902367810769,-0.12202639907939115,0.2116968739786905,-0.1819977118070685,0.23519181172989154,0.2356710787329854,0.23585595169073292,0.22854439373816013,0.23503722801892396,0.221077373863504,0.2287784384193435,0.22661761645835432,0.231461150902955,0.22029706998860493,0.23606738786787274
-0.22157398513537566,-0.22347365315931772,-0.2119265732119725,-0.22369851047003225,-0.21888178894998697,-0.22150223472616404,-0.2207646889223975,-0.22181800018438871,-0.22551116524969197,-0.22383785531325057,-0.22335782427903705,-0.01628683470414985,0.00565505467923476,-0.13299875222333699,0.08833680863162462,-0.17774089466082502,0.17214761436128906,-0.23722015111551,0.24999999999999992,-0.22397784930156658,-0.21372959647891054,-0.04682212797886575,0.03588233436303162,-0.08235089690443495,0.03790023678358935,-0.08530482696533188,0.018348521980286792,-0.04299804732672336,0.02533469061249336,-0.2222146072873834,-0.2188297461653489,0.08295114945945686,-0.08784379297572015,0.07571234405255019,-0.10084239917644941,0.02894214512392286,-0.07178064980046016,0.026366304673891755,-0.038596267312044664,-0.22059413847971893,-0.22322187502052931,-0.11500787107933082,0.10070499572368313,-0.16100977213064233,0.09339790082251587,-0.16111507244038756,0.11422346628385392,-0.20037933406956632,0.1712430131251761,-0.2229798672825078,-0.22346864233922323,-0.2236377146955252,-0.21693662738712877,-0.22282381750212843,-0.20928613518721215,-0.21665674452912373,-0.2146083457912589,-0.21930177304009443,-0.2083511098983812,-0.2238387746554268
0.24728753415189098,0.24942042217715318,0.2368980551064619,0.24967204723738984,0.24418143094451267,0.24740588921302673,0.24141878803388003,0.24770630531922766,0.24430999400850242,0.2498248087966616,0.24922154194318905,0.02991489801356229,-0.017967834875303262,0.14804595216552732,-0.0970838221915802,0.1904351271404956,-0.16280657580890218,0.23618780612379758,-0.22397784930156658,0.24999999999999967,0.2392609242128619,0.03494238960480129,-0.023068689252719227,0.07066615005774424,-0.025585040647908064,0.07709216797191269,-0.006573065229157243,0.04907723163615175,-0.022162761823461784,0.2479244120815191,0.2436089503093918,-0.072910034436789,0.07808026947301945,-0.06467619109841119,0.09142519758781974,-0.01683904613564275,0.06261358054075132,-0.015689014923032603,0.0361778653779904,0.24636492672243232,0.24913955433170135,0.11274643834991434,-0.09774205954208058,0.1679530099690308,-0.09633753233629566,0.17937750106196498,-0.13014088447467814,0.22488768490568994,-0.1939208968683382,0.24891559971750854,0.24940404716665882,0.24960231521659282,0.24160056118170714,0.24875309941464727,0.23392954974201,0.24223493578585342,0.24006616427345492,0.24502760108830685,0.23353952457995536,0.24982562747974318
0.23700049459937297,0.23902041540136273,0.22728904686679752,0.23925725240422469,0.2339427620828636,0.23699784540560193,0.23104267816203547,0.2372952652013437,0.23391880175080892,0.23940917915531562,0.2388191929203641,0.03481265702562001,-0.02286723160858949,0.14411601949908062,-0.09350631656446896,0.18146874079605152,-0.1541672372361497,0.2258546330951631,-0.21372959647891054,0.2392609242128619,0.2500000000000001,0.024528937543520358,-0.013430324684299161,0.06063354797911944,-0.01810657978813564,0.06940611627167544,-0.0018825083375320175,0.043485681813562896,-0.017731347003766555,0.23754953158616882,0.23323059296669424,-0.06333038155755606,0.06822470285469227,-0.05534800957325277,0.0815927631529922,-0.011479867632698638,0.055152247287631885,-0.011046575875703488,0.031178297368650496,0.23615391360233254,0.23875180303880542,0.10303898872462301,-0.08898026900344445,0.15795397088313604,-0.09042566847544005,0.17187451407421378,-0.1255298659882657,0.21572276122223458,-0.18660325277012224,0.23855444474900578,0.23900274682206107,0.23919628592150521,0.23133804523991963,0.23840404479390484,0.22433785971041006,0.23229194817119297,0.23021265029373436,0.23490998108545524,0.2241043191587937,0.23941002454405172
0.034008985970765016,0.03504540576720909,0.024884506536930074,0.035195045051463,0.03518686383561173,0.03720226114470419,0.04167722620430173,0.03698125606214965,0.038662164835718285,0.03507223121507641,0.03533138886175426,-0.18030553226882143,0.1693323784047408,-0.0600861156466823,0.02222473892635646,0.039842499092063305,-0.05775155841667396,0.03794447429537062,-0.04682212797886575,0.03494238960480129,0.024528937543520358,0.2499999999999998,-0.23517983235147463,0.19833904353847298,-0.16509241467756022,0.12251979205092207,-0.10840787212293192,0.09547825961796035,-0.09117411516532926,0.035802353065394386,0.040142006876658705,-0.18454322500215367,0.1872695077619704,-0.185623901035241,0.17263308210708464,-0.12278133732635717,0.13404580142539754,-0.10258304184797101,0.09352349832429226,0.033055030890469704,0.03499141589190364,0.1486603031621535,-0.13811990404660063,0.10256423967450516,-0.06227562270676981,0.024630328568794296,0.005582500068093822,0.0246736640670388,-0.0058456345644576175,0.03450738925562678,0.03509566421253143,0.03503166545816264,0.03897789205580205,0.03435214284612085,0.028714593839603574,0.02995600854148436,0.02943395513789821,0.03185943052191864,0.02462538269296861,0.035070627294169786
-0.022273157904020072,-0.02318804759446501,-0.013879337670689768,-0.023325990337679372,-0.023574682965861942,-0.025422135152779635,-0.030179382496581145,-0.02519329726321849,-0.027000283517663117,-0.023196653966843436,-0.023479875338568438,0.1755630385218621,-0.16415548187846118,0.06769441463486396,-0.028084372964754432,-0.03008216071353643,0.04934051239114225,-0.02647230863825736,0.03588233436303162,-0.023068689252719227,-0.013430324684299161,-0.23517983235147463,0.2499999999999998,-0.20170190406965754,0.16994135504778382,-0.12283025040014685,0.11161837660357712,-0.0945688030156959,0.09146817443581835,-0.024037107852268237,-0.028994891689157268,0.19161805847311136,-0.1938330710333247,0.19301245757327837,-0.17376901912906068,0.12631867601304456,-0.1351890336922004,0.10464822038713993,-0.09326836074084793,-0.021287705773187577,-0.02314543000136961,-0.15040800985831568,0.14020655324901468,-0.09935225903534226,0.060948698232983024,-0.016648783597125738,-0.012402133913807668,-0.013564007917557535,-0.00447569205988356,-0.02265391118740265,-0.023244025441113113,-0.0231663209053556,-0.027795175927696526,-0.02250059567701432,-0.017448823795092994,-0.018249242011772707,-0.017805148357938748,-0.020091572363612878,-0.013122242735281016,-0.02319504829953429
0.06946175549330323,0.07071699414369366,0.06067694870232948,0.07091940740640426,0.0707221561099207,0.07296165185224608,0.07734014160882331,0.07274539386040497,0.07444664246473222,0.07079497503818609,0.07090374032713448,-0.1364512670724697,0.13027131108573192,-0.028832499939067432,0.008072653441159499,0.06447971758222595,-0.08154294565612927,0.07389799226451997,-0.08235089690443495,0.07066615005774424,0.06063354797911944,0.19833904353847298,-0.20170190406965754,0.24999999999999997,-0.20430084593312414,0.16123393472070613,-0.13550341090243584,0.12109025359444492,-0.11282729967579785,0.07144286601106806,0.07576880406564591,-0.2208734420935893,0.22427886490701693,-0.22165808255356595,0.21401309548099776,-0.14795546754894962,0.16748208180312366,-0.12610028459635095,0.11661284934925734,0.0679901351009565,0.07062245808315128,0.18564581422016913,-0.1715439641810611,0.13952052226649678,-0.08468723802022896,0.05071211241823415,-0.010162837261294863,0.056350411781426746,-0.030633166768545456,0.07002895865509758,0.0707728975616633,0.07072152989780989,0.07425186334531059,0.0698249020305569,0.06140721992845415,0.06389913683927335,0.06314786804355645,0.06646015838580988,0.05677477351224559,0.07079340297846534
-0.024858345481291108,-0.025700737570782454,-0.017976720809581095,-0.025840371614112675,-0.02601481829685009,-0.02794150148915483,-0.03247350120945471,-0.027706006412110414,-0.029475163581781774,-0.025712156687723708,-0.025911517026811652,0.1343826569639823,-0.127745135890371,0.062195832119737574,-0.03891525934290214,-0.021692502286079527,0.04116164625039125,-0.028957001135333248,0.03790023678358935,-0.025585040647908064,-0.01810657978813564,-0.16509241467756022,0.16994135504778382,-0.20430084593312414,0.24999999999999992,-0.19770886185423617,0.17630352510602063,-0.1355434168452374,0.1299294188329733,-0.026785792509179892,-0.031149931787605785,0.18854546132672056,-0.1875012849668954,0.1935120424719158,-0.18340231005681504,0.1500722169754017,-0.16189650644731493,0.13832424405443186,-0.12709645636289302,-0.023339043777115924,-0.02568514462855587,-0.15111596839899533,0.14018845381277883,-0.10038013889628485,0.06706950885596212,-0.02431482789250839,-0.00044992632111197866,-0.022638508167584514,0.0025410974614279904,-0.025136455962464756,-0.025771106728479428,-0.02568237145947653,-0.029953619348207148,-0.02493228975201465,-0.018691425486260644,-0.020106553253435796,-0.020906008523041662,-0.02218386940719179,-0.016065855167337065,-0.025710611015825172
0.07592115077462899,0.0771462733666047,0.06902456562951795,0.07733275586868407,0.0762339921426684,0.07921731897948292,0.08264154882442533,0.07900813933238654,0.08043198520700598,0.0772240782451634,0.07714992400756385,-0.08811309927487618,0.08304922000776158,-0.0124489722523804,0.04358016863256405,0.02093992669175955,-0.03730172932882481,0.07940515778542694,-0.08530482696533188,0.07709216797191269,0.06940611627167544,0.12251979205092207,-0.12283025040014685,0.16123393472070613,-0.19770886185423617,0.24999999999999986,-0.17929169564703812,0.1442539895980524,-0.13350683042571818,0.07785815944273011,0.07946465020213064,-0.15013291571220017,0.1495412593539096,-0.15367388682538768,0.1748362326738166,-0.13772650017192212,0.16866201586445081,-0.14314113887013202,0.13359798494153213,0.07441740817624554,0.07708364171680286,0.12693355232288672,-0.11496306769234214,0.1104549919729929,-0.07235389513337688,0.06452537805475038,-0.036840451874133366,0.07197294947367966,-0.049757665876367624,0.07659694281327042,0.07717000223576385,0.07714972288993557,0.0770473497192887,0.07639343536318637,0.06775320958458086,0.07128336527813954,0.07182730852839589,0.07347984134408751,0.0667686908760745,0.07722247025317441
-0.006196411219061448,-0.006722601234929168,-0.0022346536543747476,-0.006831454937618438,-0.007449690959020722,-0.00894531415104016,-0.013415134246740986,-0.008701658457986525,-0.010471944853492534,-0.006701621479073926,-0.0068549210834419816,0.09156582708961983,-0.08481881138293224,0.05061073365613831,-0.045416402068582495,0.009989989158468299,0.009908856972151853,-0.009878312877817461,0.018348521980286792,-0.006573065229157243,-0.0018825083375320175,-0.10840787212293192,0.11161837660357712,-0.13550341090243584,0.17630352510602063,-0.17929169564703812,0.2499999999999999,-0.20693131826167724,0.20085288087738884,-0.00836813990602817,-0.01042602435088278,0.1239632733934121,-0.12277301140384013,0.1298040031662777,-0.14856916307307724,0.16885172645373686,-0.19193071633542472,0.2039414373108925,-0.19133414283780964,-0.004019814267386934,-0.0068203052064014745,-0.08886504498545374,0.08024437764256047,-0.05828434657060288,0.0511705229284918,-0.025009457894877855,0.02320030676912843,-0.02330575903563195,0.006759251021941243,-0.006309862893154327,-0.006795367193973754,-0.006697053803628701,-0.00803953786109005,-0.006050209491060489,0.0004354884103506556,-0.0018862467987775856,-0.005810651204457952,-0.0036508862927483285,-0.002821755450565457,-0.006700189706394782
0.048351442302903766,0.049188756532348527,0.04351082328237411,0.04932023152120201,0.04923019066615243,0.05098198072350338,0.048611101593634305,0.050839410395252305,0.05234500094028365,0.04922412037947241,0.049167440035743554,-0.06783419076247371,0.06366011847466715,-0.013224861205551748,0.01447674824395528,0.02989192489285607,-0.028434871149702383,0.0366346000882214,-0.04299804732672336,0.04907723163615175,0.043485681813562896,0.09547825961796035,-0.0945688030156959,0.12109025359444492,-0.1355434168452374,0.1442539895980524,-0.20693131826167724,0.24999999999999967,-0.22241494407549145,0.05070031932225373,0.05124940873109248,-0.11579657041248852,0.11529780124821254,-0.12064687686205229,0.1430615749318877,-0.15733296916614672,0.18645348182587593,-0.19641987158484375,0.213375640474608,0.04602791901053841,0.04926224688120607,0.0860398696809074,-0.07562166161671452,0.06290425219276005,-0.048351940119320876,0.05308957350383964,-0.04696263114585619,0.06387828778893709,-0.04349022203824065,0.04872920958272936,0.049239112502132754,0.04918273538454417,0.048208105782970405,0.04844601489900405,0.03916245436326107,0.04351188443695229,0.04737891228516296,0.045604225960866655,0.04377870898182358,0.04922285932578399
-0.02171208892489362,-0.022287705895833433,-0.018001851425264236,-0.022396379302908304,-0.022864446718885142,-0.024187485201822054,-0.024544309079640555,-0.024020873255049556,-0.025731802719194848,-0.022284350798209843,-0.022334649003509083,0.07026441803318222,-0.06491818495025495,0.028164594230533177,-0.02429697133897428,-0.008732307872396754,0.017172222982774234,-0.017269520254553587,0.02533469061249336,-0.022162761823461784,-0.017731347003766555,-0.09117411516532926,0.09146817443581835,-0.11282729967579785,0.1299294188329733,-0.13350683042571818,0.20085288087738884,-0.22241494407549145,0.2499999999999998,-0.024175418830845417,-0.02494567971968281,0.10730254997947637,-0.1063524781620986,0.11334784837851118,-0.13400424817751166,0.1526485018695776,-0.17926458815998048,0.21790849972150286,-0.23386774384655376,-0.019154998542525354,-0.02241448287447629,-0.0728895260121038,0.06376296988212272,-0.043519508554830943,0.03367881560469116,-0.03054711835656098,0.03515734098669241,-0.044243524633869644,0.026343694012612762,-0.021905089460599728,-0.02235160334789449,-0.022270169783129568,-0.021942080151230423,-0.02160255146773408,-0.013394595420921907,-0.017196738316827026,-0.022275231369955205,-0.019050665230003167,-0.0199832406198282,-0.022283139211092002
0.24555820297322264,0.24768090276372254,0.23520394820865206,0.24793176782204443,0.24248523741309072,0.24570399886849292,0.23976454333271702,0.2460000796094445,0.24261658915035975,0.24808205405369918,0.24748431599081808,0.028793178789368074,-0.017000918607475154,0.1464029931773844,-0.09590969116160315,0.18881920589674223,-0.1614987011861381,0.23425095568729226,-0.2222146072873834,0.2479244120815191,0.23754953158616882,0.035802353065394386,-0.024037107852268237,0.07144286601106806,-0.026785792509179892,0.07785815944273011,-0.00836813990602817,0.05070031932225373,-0.024175418830845417,0.24999999999999986,0.2419490846488905,-0.07362904091123773,0.0787506081007218,-0.0655198881825565,0.09223185288062788,-0.018226805432711823,0.06388972079016729,-0.017528055650165617,0.037996825930897975,0.24462080695354393,0.24740321308574958,0.11275740990831955,-0.09777486689388225,0.16717047375369262,-0.09594842399394975,0.1782313629402206,-0.12933598291131532,0.22347691157006788,-0.1925743590699713,0.2471757747964184,0.24766522363986204,0.2478611209529014,0.23992787055526238,0.24701191923816607,0.23222872652968027,0.240501507079619,0.23838578132552987,0.24329068733281875,0.23188064653136123,0.2480828517867008
0.241269645778728,0.24337242451402308,0.23094207720826093,0.2436218206783071,0.23829834132372174,0.24149279665181772,0.23582567964235382,0.24177662692528984,0.23850846676114762,0.2437658436636559,0.24318514697815058,0.024535974567191962,-0.013173442431475342,0.14205544038131054,-0.0935286542801648,0.18602853572073166,-0.15980043858502,0.2303962237674576,-0.2188297461653489,0.2436089503093918,0.23323059296669424,0.040142006876658705,-0.028994891689157268,0.07576880406564591,-0.031149931787605785,0.07946465020213064,-0.01042602435088278,0.05124940873109248,-0.02494567971968281,0.2419490846488905,0.2499999999999997,-0.07872558361733258,0.08322785988669135,-0.07072181521382173,0.09566628844560221,-0.02129041738654009,0.06604152709726509,-0.019220241155856306,0.03870039345482517,0.24032701765386222,0.24309725945106342,0.11597715029713146,-0.10098168746154028,0.16744821814701244,-0.09616935615764963,0.17496983784096518,-0.1258896602657063,0.21908798107695365,-0.18824869168300767,0.24285980607265187,0.24335886044057406,0.24354835154771423,0.2359788783864116,0.24269574336687239,0.2280891100767923,0.23618674424699904,0.23405355796151736,0.23897640013488847,0.22751979591783336,0.24376658374261972
-0.0717143809614228,-0.07295723251570135,-0.06333090858341964,-0.07314832460083785,-0.07278303402807888,-0.07495308787702411,-0.07885214302399202,-0.07477014368704171,-0.07618310883801435,-0.0730380387938105,-0.0730977621935683,0.12458448453991265,-0.11924002974383849,0.02216265565596346,-0.002438065539666408,-0.06830838752253249,0.08325308175931419,-0.07550085992653043,0.08295114945945686,-0.072910034436789,-0.06333038155755606,-0.18454322500215367,0.19161805847311136,-0.2208734420935893,0.18854546132672056,-0.15013291571220017,0.1239632733934121,-0.11579657041248852,0.10730254997947637,-0.07362904091123773,-0.07872558361733258,0.24999999999999986,-0.24458631643196505,0.23951758562368086,-0.21856015760345784,0.1496204365077677,-0.16736188543254435,0.12300105960770594,-0.11313136634377802,-0.07017615824446538,-0.07284246612136763,-0.20530269602550386,0.19027746201339454,-0.15253525546201668,0.08995293793783934,-0.05047233710088029,0.005124136881261438,-0.054966577258561335,0.027733560619725026,-0.07222014910604203,-0.07301802872048073,-0.07296118313681717,-0.07729739943111143,-0.07201471568401642,-0.06344207396298401,-0.06577748245136947,-0.06454761091743291,-0.06847727756816083,-0.05776568588702825,-0.07303656591169576
