x1,x2,x3,x4,x5,x6,x7,x8,x9,x10,x11,x12,x13,x14,x15,x16,x17,x18,x19,x20,x21,x22,x23,x24,x25,x26,x27,x28,x29,x30,x31,x32,x33,x34,x35,x36,x37,x38,x39,x40,x41,x42,x43,x44,x45,x46,x47,x48,x49,x50,x51,x52,x53,x54,x55,x56,x57,x58,x59,x60
0.24999999999999994,0.07917525561313879,-0.1201168935370771,0.18160273701244153,0.11225847741454473,-0.05901478182557655,0.09705858942775612,-0.0938803792295069,0.049357448182256146,-0.22174471784450572,0.23800786033151336,-0.23801235534320145,0.23509342401261024,-0.23801235361768927,0.23667636530581593,-0.23801236000316278,0.1860659226599651,-0.23801235751288083,0.21823756493472127,-0.2380007886099841,0.06653638362601506,-0.0724159998557499,0.04318155984608011,-0.055352888666305645,-0.026224290086409644,0.025653334157495922,-0.12474023106235749,0.12460439976994121,-0.23616320837369167,0.23463529956597484,-0.06867227314796367,0.06413673166623395,-0.09424264152133062,0.05706713491035758,-0.11687571334030424,0.11571023493710485,-0.17962206529810953,0.17912288079873848,-0.23619389622966744,0.23619552088231544,0.23749043601682174,-0.2380123214347751,0.22982790566387862,-0.23801229246110864,0.232427498374773,-0.23801232723945534,0.22749593403298018,-0.23801234964285473,0.2342508590356978,-0.23801240265346288,0.0872643295815301,-0.2145132990279581,-0.04409251871008715,-0.20463770762959424,-0.08315098857682633,-0.18315689271045912,-0.07555051424774802,-0.13653344217705235,0.12759768226188278,-0.18878260363622654
0.07917525561313879,0.25000000000000006,-0.19726744615587657,0.09909475485097367,0.18056801158900823,-0.10586812254711762,-0.01761936814401772,0.04134017988954409,0.007288827360985746,-0.0650893683613447,0.07034497281051207,-0.07033545377417935,0.06968322893760975,-0.0703354531540953,0.07052954202896719,-0.0703354534323212,0.030285483361789354,-0.07033545164972863,0.05535498933890853,-0.07032669325167124,0.014066560912169864,-0.01577840144505102,0.004916786338224341,-0.008270670379264879,-0.018518346923073376,0.018320855501656744,-0.04440531162104966,0.04436647788955523,-0.0699118605644557,0.06941796752871413,-0.014768505770383942,0.013086434124135944,-0.02288280770589348,0.010580075354339878,-0.029908117657866842,0.02952416622021146,-0.050867522318039635,0.050737225501381586,-0.06974767265675441,0.06974822782735257,0.07018056806465903,-0.07033544413276838,0.06804564256917084,-0.07033543451576348,0.0686591175777513,-0.07033544508820606,0.06727478217785865,-0.07033545218818807,0.0692224806378513,-0.07033546775234462,0.025787109476438978,-0.06340417004329471,-0.012981624555139378,-0.06047037137802671,-0.024504188961885522,-0.05411314342222978,-0.02225263573306363,-0.04034134026962401,0.03776687408792356,-0.05577965188392418
-0.1201168935370771,-0.19726744615587657,0.25000000000000006,-0.11533647524319851,-0.2239448013449449,0.13937519533480222,0.00391402221927118,-0.026874515641222604,-0.01473032423873626,0.10900233651270014,-0.1173657988817064,0.11735944628330802,-0.11768112924508423,0.11735944522141314,-0.11738994421192094,0.1173594465535798,-0.06521626476542103,0.11735944435618842,-0.09761553370843455,0.1173478985203331,-0.02657677711705081,0.029456610466898077,-0.012589599624177003,0.01834533810660295,0.024760974000222806,-0.024447612773690508,0.06972798348556548,-0.06966239154904794,0.11657848256495856,-0.11577861794221889,0.027708488337369337,-0.025095014388883657,0.04094551555572288,-0.021196185519129506,0.05254123336211765,-0.05192458412166121,0.08614298772198266,-0.08591562179772762,0.11640791214387065,-0.11640879416544662,-0.11710138879729017,0.11735942997662292,-0.11346636794909247,0.11735941454036335,-0.11457693354142033,0.11735943200858359,-0.11222564949586392,0.11735944358010814,-0.11550317362792473,0.11735946960724548,-0.043028338348309644,0.10578670415834433,0.02168764797149692,0.10090023449317698,0.04092528872683626,0.09029807781323208,0.03717143583689126,0.06731540554328506,-0.06298307451666059,0.09307646011404584
0.18160273701244153,0.09909475485097367,-0.11533647524319851,0.25000000000000006,0.11994545342944538,-0.04027192781401266,0.07517616601232861,-0.04850877493817834,0.03738021233568113,-0.1683899729655661,0.18102398236525716,-0.18103117838771682,0.1814790622097975,-0.18103117678054334,0.18096052504834326,-0.181031181430536,0.13299948706800446,-0.1810311790294662,0.1626591460170061,-0.1810204295076297,0.0490994662727315,-0.053550254620676224,0.03055405747107509,-0.03969404623571379,-0.023372280544633042,0.022928934078883908,-0.09731676155403816,0.09721387021554388,-0.17966146230578414,0.178485928358638,-0.050743880079070734,0.047177222732464115,-0.0703137509444382,0.041571236882591255,-0.08748520692690508,0.0865846252499861,-0.135932177204478,0.1355580343686086,-0.17963164828947023,0.17963291034541864,0.1806339953760793,-0.18103115272998518,0.1748438055602437,-0.18103113034726667,0.17677591174458004,-0.18103115689998023,0.17304682097554883,-0.18103117409044842,0.17816977460617556,-0.1810312143800206,0.06637179347585334,-0.16316189693543343,-0.03352278825029829,-0.15564591514869583,-0.06322401616538487,-0.1393049089308179,-0.05744172594922901,-0.1038452493731256,0.09706731792422177,-0.14358502570062615
0.11225847741454473,0.18056801158900823,-0.2239448013449449,0.11994545342944538,0.2500000000000002,-0.14443997863204655,-0.018810517431882178,0.034803150971020644,0.010293160537596609,-0.10200677889288726,0.10973606698271422,-0.10972878985614755,0.11122830951867409,-0.10972878875896053,0.10940934864714304,-0.10972878976254766,0.057511270589568966,-0.10972878767658469,0.08999037448916025,-0.10971724648854098,0.02377724423367795,-0.02647643089155749,0.010333912611921821,-0.015703940325774043,-0.024926752768004472,0.024628981139045644,-0.0663631885883172,0.06630202359470323,-0.10901525253827868,0.10826045813969178,-0.02484850756301896,0.022347706959968197,-0.0373442434529124,0.018704763619400884,-0.048345778107119076,0.047764338310398106,-0.0801797233855512,0.07996981343948421,-0.10883142867372138,0.10883226345939037,0.10948741344536883,-0.10972877467182438,0.10611187710925635,-0.10972876007698816,0.10712252138602144,-0.10972877645188743,0.10493666346351502,-0.10972878734848246,0.10799297064287645,-0.10972881166585893,0.04023128742914476,-0.09891062652972049,-0.020268654868073093,-0.09433923564807681,-0.03825254121491721,-0.08442478764133238,-0.03474162436991642,-0.0629373243908193,0.05889922896419007,-0.0870232015732826
-0.05901478182557655,-0.10586812254711762,0.13937519533480222,-0.04027192781401266,-0.14443997863204655,0.2500000000000004,-0.05904607917281948,0.009637562739254701,0.016160502618764665,0.05819682762940364,-0.06080298531023497,0.060796496751952867,-0.061076648678051515,0.06079649685690619,-0.06107825570126508,0.060796495803149345,-0.028368130088014115,0.060796493957455656,-0.04167920014888404,0.06078526212071423,-0.011556581147471096,0.013086083484221222,-0.0035257935077155547,0.00644969210758441,0.018954609761154564,-0.01876925305303929,0.04071447182298848,-0.04068142471546882,0.06047305022174905,-0.060034731050511,0.012170497569508583,-0.010689993217786466,0.01929015859575958,-0.007993665828043478,0.02489996019136428,-0.024570966343241636,0.04345481446632959,-0.04334844257906136,0.06027419661723965,-0.060274709094734084,-0.06066241476325982,0.0607964885406771,-0.05884035276355051,0.0607964799445982,-0.059342109194731985,0.060796489176752254,-0.05815896128405572,0.06079649542699213,-0.059834176544474205,0.060796508861326634,-0.02228824362814441,0.054808138652722105,0.011212616636000842,0.05226899407313182,0.02116706760744937,0.046771847429640565,0.019221103193242123,0.034869593707064425,-0.03265385977511507,0.04821362330872211
0.09705858942775612,-0.01761936814401772,0.00391402221927118,0.07517616601232861,-0.018810517431882178,-0.05904607917281948,0.24999999999999983,-0.11389551252268446,-0.001007506608489527,-0.0985996623435186,0.10688104887685122,-0.10689713056159711,0.1041360042319352,-0.10689713064853261,0.1055938205063545,-0.1068971333966448,0.06669842366449723,-0.1068971284929739,0.08797708600713548,-0.10688597822061487,0.027034845571890023,-0.029696736114009508,0.015039575289445675,-0.020302886833274546,-0.023112705244581748,0.022826549833112653,-0.06479680350760633,0.06473770676304307,-0.10623703432589551,0.10550692018670299,-0.02803159496691874,0.02575953683732993,-0.03977926804678989,0.020806909249352502,-0.04847458294631686,0.04792208115377285,-0.0785561221959158,0.07835370983466153,-0.10602279329609722,0.10602364163258235,0.10666192614767193,-0.1068971157699857,0.10331808888333933,-0.10689710160193304,0.10436809893994337,-0.10689711759048073,0.10221168315084354,-0.10689712812087092,0.10520654966804219,-0.10689715184825628,0.03918433490520695,-0.09635522446096656,-0.019768789817460403,-0.09190654287953326,-0.0372884396010318,-0.08225079489099671,-0.03387436466822495,-0.06131819087652132,0.05734556956911088,-0.08478194032847249
-0.0938803792295069,0.04134017988954409,-0.026874515641222604,-0.04850877493817834,0.034803150971020644,0.009637562739254701,-0.11389551252268446,0.2499999999999999,0.07082744272892653,0.09713800112837323,-0.10433406486543785,0.10435019656194718,-0.10134250333322048,0.10435019623587387,-0.10300352737971666,0.10435020221676594,-0.14328792698552675,0.10435020522092801,-0.12321416579300583,0.10436125569151705,-0.04140562821717896,0.044145795908995734,-0.03673291240921464,0.042939505288570066,-0.014574364606861706,0.014751180421235488,0.03597274203396056,-0.03590969482764664,0.10322520130130454,-0.1026580864684393,0.04218305926017914,-0.04102538434585787,0.052296022194667606,-0.03943014762579076,0.06220142008170058,-0.061793028044871856,0.0840537846467155,-0.08379230504651987,0.10367716754776574,-0.1036776858378618,-0.10412299447274544,0.10435018074767947,-0.10046768128316014,0.10435017066306532,-0.10196037647587555,0.10435018515447518,-0.09962751197976193,0.10435019381821972,-0.10270436742891968,0.1043502172947731,-0.03826560247276741,0.09401660252204724,0.019439423684543655,0.08972309670829803,0.03661285606615278,0.08032708353389433,0.03329232103514862,0.05987133249478544,-0.05580782275100154,0.0827841052628719
0.049357448182256146,0.007288827360985746,-0.01473032423873626,0.03738021233568113,0.010293160537596609,0.016160502618764665,-0.001007506608489527,0.07082744272892653,0.25000000000000017,-0.03408667462952518,0.050976672889125316,-0.05098454140362892,0.049512149078898865,-0.05098454088824412,0.051489906437412365,-0.05098454204768465,0.0073055737293365244,-0.05098453800242943,0.035798469986084755,-0.05097543243491415,0.008262592056113254,-0.009397510771251892,0.0003697387646237232,-0.0024611027477733603,-0.018469095163565565,0.01831488123115954,-0.035306746266171286,0.035279117185228595,-0.050727720286102264,0.05035130671027949,-0.00879892729833234,0.007402366791967076,-0.01477220391071568,0.005140400938174351,-0.019596708473548902,0.019295625661515686,-0.035851082413081284,0.035763229800222195,-0.050533059849554196,0.05053350305970437,0.0508719440341839,-0.050984534646029714,0.04937603315977513,-0.050984527131837085,0.04975976663682097,-0.050984534961967205,0.04878802901163737,-0.050984540336483516,0.05017715954334071,-0.05098455157540334,0.018688538375000133,-0.045966225143115366,-0.009392227812366916,-0.04383293220530459,-0.017734264508081087,-0.03922095262180898,-0.016100297055782236,-0.029241157088268216,0.027398280026294783,-0.040430537185182636
-0.22174471784450572,-0.0650893683613447,0.10900233651270014,-0.1683899729655661,-0.10200677889288726,0.05819682762940364,-0.0985996623435186,0.09713800112837323,-0.03408667462952518,0.2500000000000002,-0.2330812633458123,0.2330977657246977,-0.23022241639169574,0.23309776393342796,-0.2317489520904555,0.2330977701552899,-0.1840706025338301,0.23309776788708453,-0.21308865345421152,0.23308605527046383,-0.06582664010831252,0.07157777872389257,-0.043153121578294075,0.055062472074475066,0.02447762095875003,-0.023919191620371042,0.12153628500065843,-0.12140322918589092,0.2312777250284552,-0.22978566895718244,0.06791051785727703,-0.06350034393952497,0.09287502114785244,-0.05662317961969781,0.11498118886189462,-0.11384122666959992,0.1761596179804794,-0.17566926653285003,0.2313225246925132,-0.23132410723253033,-0.23258669346111213,0.23309773247059,-0.22506719535555175,0.23309770420792514,-0.22763136461783967,0.2330977382372345,-0.2227934190629328,0.23309776012525651,-0.22941409964387618,0.23309781205279403,-0.08546218881097058,0.2100824918059045,0.0431878864409744,0.20041258578594473,0.08144194956116664,0.17937643505897422,0.07399902610067947,0.13371504334439438,-0.12495573396708154,0.18488547599524713
0.23800786033151336,0.07034497281051207,-0.1173657988817064,0.18102398236525716,0.10973606698271422,-0.06080298531023497,0.10688104887685122,-0.10433406486543785,0.050976672889125316,-0.2330812633458123,0.25000000000000006,-0.24998328760711688,0.2469530670966192,-0.24998328581661128,0.2486295904801981,-0.24998329256131768,0.197453169327188,-0.2499832901134559,0.22995871380001337,-0.24997157469991424,0.07030999339472006,-0.07648863170265381,0.04595990235659631,-0.058765894738118565,-0.02671957593301698,0.026122170378571882,-0.13043071057421504,0.13028794099033605,-0.24803147388224028,0.24642996667040482,-0.07254786281411948,0.06781127526300255,-0.09936322085973931,0.060416108952711135,-0.123108467913512,0.12188772182538721,-0.18882548047611875,0.18829987140047288,-0.2480772157655837,0.2480789164739061,0.24943516815162484,-0.24998325196398768,0.2413773876175654,-0.24998322161408013,0.2441194999022714,-0.24998325811897004,0.23893430778296507,-0.24998328161242633,0.24603271264185755,-0.24998333729695504,0.09165339369098933,-0.22530134377486938,-0.046313830587694414,-0.21493023339405185,-0.08733827396540886,-0.19236974370259916,-0.07935596033136216,-0.14340089023737435,0.13401067962694696,-0.19827810019243966
-0.23801235534320145,-0.07033545377417935,0.11735944628330802,-0.18103117838771682,-0.10972878985614755,0.060796496751952867,-0.10689713056159711,0.10435019656194718,-0.05098454140362892,0.2330977657246977,-0.24998328760711688,0.25,-0.24696961259357164,0.24999984871740072,-0.2486461437365826,0.24999985546234121,-0.19746957327167358,0.24999985301477265,-0.22997521585676042,0.24998813756452506,-0.07031521790328957,0.07649427787796215,-0.04596379502130645,0.05877068679230106,0.026720421205729546,-0.026122979442240953,0.13043868046438487,-0.13029590128144863,0.24804789770380586,-0.24644628810345184,0.07255322812966408,-0.06781636811224374,0.09937031735155315,-0.06042069757493161,0.12311705548162158,-0.12189623489878516,0.18883819099961702,-0.1883125457242452,0.24809365664712973,-0.24809535746319594,-0.24945169479103782,0.24999981486238185,-0.24139336822894725,0.24999978451055727,-0.24413567658085175,0.24999982101784066,-0.2389501339534734,0.24999984451281038,-0.24604901392311954,0.249999900201038,-0.09165946629676569,0.22531627016595973,0.04631690364605861,0.21494447404720923,0.08734406686070033,0.1923824904114628,0.07936122502951753,0.14341039197108635,-0.13401955283141048,0.19829123807047178
0.23509342401261024,0.06968322893760975,-0.11768112924508423,0.1814790622097975,0.11122830951867409,-0.061076648678051515,0.1041360042319352,-0.10134250333322048,0.049512149078898865,-0.23022241639169574,0.2469530670966192,-0.24696961259357164,0.2500000000000002,-0.246969610303012,0.24561895722108285,-0.24696961731228798,0.19444641353112826,-0.24696961499400893,0.226947641790566,-0.24695790004588705,0.06906329612661222,-0.07517872310996028,0.04481781486225337,-0.057485557078215954,-0.026920895493373533,0.026329366993820588,-0.12905556493826867,0.12891443526671245,-0.24503420603586,0.24345017259846335,-0.0712790445328832,0.06656874554630082,-0.09781015659576722,0.05934103298397139,-0.12141654897990448,0.12021075126924251,-0.18646380941972254,0.18594492401353463,-0.24508531159217034,0.24508699169399867,0.24642809012857145,-0.2469695773962219,0.2384753069533446,-0.2469695473811177,0.2411750395799251,-0.24696958345056574,0.23605594700291233,-0.24696960667811096,0.2430665933029835,-0.24696966168627074,0.09054939854903749,-0.2225856993963904,-0.04575225279809289,-0.21233888651630764,-0.08628176569621535,-0.19004988379393162,-0.07839514056366247,-0.14167143248704567,0.13239957711922856,-0.1958871694988577
-0.23801235361768927,-0.0703354531540953,0.11735944522141314,-0.18103117678054334,-0.10972878875896053,0.06079649685690619,-0.10689713064853261,0.10435019623587387,-0.05098454088824412,0.23309776393342796,-0.24998328581661128,0.24999984871740072,-0.246969610303012,0.25,-0.24864614195706633,0.24999985367185076,-0.19746957197747741,0.24999985122428225,-0.2299752142051114,0.2499881357741151,-0.07031521742316295,0.0764942773537269,-0.04596379473380347,0.058770686413908174,0.026720420992282806,-0.026122979233086756,0.1304386795287354,-0.13029590034683064,0.24804789592817097,-0.24644628633935764,0.07255322763319608,-0.06781636765247928,0.099370316662105,-0.06042069715925469,0.12311705460941118,-0.12189623403543912,0.1888381896503555,-0.1883125443787615,0.24809365487029805,-0.24809535568635233,-0.2494516930044724,0.24999981307189126,-0.2413933664996816,0.24999978272006707,-0.24413567483242266,0.24999981922735023,-0.23895013224200168,0.24999984272231993,-0.24604901216092798,0.249999898410547,-0.09165946564024222,0.2253162685522347,0.04631690331450965,0.2149444725077988,0.08734406623531493,0.1923824890336605,0.07936122446134702,0.143410390944028,-0.13401955187130798,0.198291236650351
0.23667636530581593,0.07052954202896719,-0.11738994421192094,0.18096052504834326,0.10940934864714304,-0.06107825570126508,0.1055938205063545,-0.10300352737971666,0.051489906437412365,-0.2317489520904555,0.2486295904801981,-0.2486461437365826,0.24561895722108285,-0.24864614195706633,0.25000000000000006,-0.2486461486393842,0.19611807760240477,-0.2486461462080979,0.22862240437894,-0.24863443144866096,0.07007482173517743,-0.07621388885455413,0.045832217361333714,-0.058551949358294456,-0.026522068533321,0.02592803201208739,-0.12966574427307412,0.129523698260952,-0.24670101362782046,0.24510837942279307,-0.07229931328820464,0.0675855630221302,-0.09894357680072727,0.06016214844745641,-0.12246760000654819,0.12125249435706417,-0.18781447028951329,0.1872914837987336,-0.24674960114300007,0.2467512950351409,0.24810094959274978,-0.248646108287333,0.24008486285282454,-0.24864607808943015,0.24281406526249918,-0.248646114404366,0.23765608092774426,-0.2486461377732432,0.24471670626195657,-0.24864619316071154,0.09116259078041097,-0.22409621268045565,-0.04606681700050883,-0.21378065790645648,-0.08687157560323477,-0.19134090831024891,-0.07893218111598088,-0.14263404818993147,0.13329283719485388,-0.19721766004327193
-0.23801236000316278,-0.0703354534323212,0.1173594465535798,-0.181031181430536,-0.10972878976254766,0.060796495803149345,-0.1068971333966448,0.10435020221676594,-0.05098454204768465,0.2330977701552899,-0.24998329256131768,0.24999985546234121,-0.24696961731228798,0.24999985367185076,-0.2486461486393842,0.2499999999999999,-0.19746957888222905,0.24999985796922303,-0.22997522119606334,0.24998814251920154,-0.07031521971377143,0.07649427981080305,-0.04596379651379489,0.05877068855393311,0.026720420895402053,-0.0261229791224755,0.13043868245929585,-0.13029590327342871,0.2480479026101698,-0.246446292981368,0.07255322997924689,-0.0678163698932834,0.0993703196896339,-0.060420699250560275,0.12311705827513084,-0.12189623767081265,0.1888381949122573,-0.18831254962509916,0.24809366156773763,-0.24809536238383137,-0.24945169973467574,0.24999981981683114,-0.24139337300302602,0.24999978946500606,-0.24413568142108083,0.24999982597229012,-0.23895013868539378,0.24999984946726028,-0.24604901879938035,0.24999990515548914,-0.09165946811330643,0.22531627463024184,0.046316904567635826,0.21494447830712765,0.0873440685968712,0.19238249422497647,0.07936122660787827,0.14341039481361417,-0.13401955548282207,0.19829124200076303
0.1860659226599651,0.030285483361789354,-0.06521626476542103,0.13299948706800446,0.057511270589568966,-0.028368130088014115,0.06669842366449723,-0.14328792698552675,0.0073055737293365244,-0.1840706025338301,0.197453169327188,-0.19746957327167358,0.19444641353112826,-0.19746957197747741,0.19611807760240477,-0.19746957888222905,0.24999999999999994,-0.19746958342277451,0.1777117495686819,-0.19745792083855562,0.07150343715344944,-0.07663908751363958,0.059780271623031817,-0.07086502302531529,0.014695877410158573,-0.015139970967683661,-0.08007678296418372,0.07996075105124338,-0.19554005593162002,0.19441032709771858,-0.07306525681348172,0.0704389639999273,-0.09290083516808813,0.06738385752989441,-0.11230607832796022,0.11147581469852755,-0.1565318150894789,0.15606460562032812,-0.1961442541770879,0.1961453035694509,0.19703889317876327,-0.19746954375238712,0.19027093564672148,-0.19746952345351693,0.192917814292535,-0.1974695512134003,0.18858915200462906,-0.1974695681592602,0.19435343810749298,-0.19746961246761524,0.0724127951392823,-0.17792951091314402,-0.03673131723087977,-0.16978692825615857,-0.0692080650188299,-0.1519957796929264,-0.06291650647134356,-0.11329248714494491,0.1056792431626217,-0.15664936437630883
-0.23801235751288083,-0.07033545164972863,0.11735944435618842,-0.1810311790294662,-0.10972878767658469,0.060796493957455656,-0.1068971284929739,0.10435020522092801,-0.05098453800242943,0.23309776788708453,-0.2499832901134559,0.24999985301477265,-0.24696961499400893,0.24999985122428225,-0.2486461462080979,0.24999985796922303,-0.19746958342277451,0.24999999999999983,-0.22997522136529738,0.24998814007314962,-0.07031522520269028,0.07649428508458472,-0.045963803413472386,0.05877069502871991,0.026720413199407513,-0.02612297145356077,0.13043867707028303,-0.1302958978855741,0.24804790013083322,-0.24644629054609035,0.07255323537552666,-0.06781637554036542,0.09937032396633787,-0.060420704325030467,0.12311706064225456,-0.12189624005219231,0.18883819463684404,-0.18831254934515618,0.24809365916750378,-0.2480953599835554,-0.24945169729282174,0.24999981736926308,-0.2413933705217054,0.24999978701743883,-0.24413567905570097,0.2499998235247228,-0.2389501363108393,0.24999984701969227,-0.24604901639162854,0.2499999027079206,-0.09165946720615087,0.22531627241503654,0.046316904161939974,0.21494447620599005,0.08734406779952503,0.192382492352881,0.07936122589563926,0.14341039341783887,-0.1340195541088398,0.19829124006752902
0.21823756493472127,0.05535498933890853,-0.09761553370843455,0.1626591460170061,0.08999037448916025,-0.04167920014888404,0.08797708600713548,-0.12321416579300583,0.035798469986084755,-0.21308865345421152,0.22995871380001337,-0.22997521585676042,0.226947641790566,-0.2299752142051114,0.22862240437894,-0.22997522119606334,0.1777117495686819,-0.22997522136529738,0.24999999999999953,-0.22998687414847843,0.06852783831726822,-0.07403303123797811,0.04666325108531245,-0.058368776958182204,-0.017008451553953828,0.01653679190868253,-0.11193074953189898,0.11179718780884446,-0.22803177264895724,0.2265937597506505,-0.07054121219721937,0.06629454196620874,-0.09458097156675,0.059715349034886046,-0.11615595348182449,0.11503586585774644,-0.17510399405940003,0.17459965433432154,-0.2282497572626868,0.22825127386934405,0.2294713944310347,-0.22997518283162974,0.22197382841224025,-0.22997515554312795,0.22459963116741327,-0.22997518895129276,0.219783752009189,-0.22997521026854384,0.2263417221582132,-0.22997526156066891,0.08431427777451261,-0.2072606490761716,-0.04264010497428502,-0.19772959540590196,-0.08039221964169986,-0.17698120403903314,-0.07305215453134191,-0.1319278656032017,0.12324472310970909,-0.18241358377059846
-0.2380007886099841,-0.07032669325167124,0.1173478985203331,-0.1810204295076297,-0.10971724648854098,0.06078526212071423,-0.10688597822061487,0.10436125569151705,-0.05097543243491415,0.23308605527046383,-0.24997157469991424,0.24998813756452506,-0.24695790004588705,0.2499881357741151,-0.24863443144866096,0.24998814251920154,-0.19745792083855562,0.24998814007314962,-0.22998687414847843,0.24999999999999978,-0.07031011606707316,0.07648892891909762,-0.04595960969255312,0.0587661090087199,0.026721404898200445,-0.026124008507964095,0.1304318745322336,-0.13028910140789918,0.24803623370414218,-0.24643469510531776,0.0725480411904272,-0.06781136202956756,0.09936412476048688,-0.06041600982966201,0.12311010555557743,-0.12188935466664341,0.18882880461135737,-0.18830318226225934,0.24808202012994615,-0.24808372088355385,-0.24944000741792352,0.24998810192076787,-0.24138209727328117,0.24998807157015274,-0.24412423018502094,0.24998810807577881,-0.238938949649955,0.24998813156975963,-0.2460374856944053,0.24998818725535035,-0.09165517435889853,0.2253057168414062,0.046314718005485984,0.21493440242543965,0.08733995506540235,0.19237347300591165,0.07935748563468234,0.1434036701952041,-0.13401329365291598,0.19828194517254183
0.06653638362601506,0.014066560912169864,-0.02657677711705081,0.0490994662727315,0.02377724423367795,-0.011556581147471096,0.027034845571890023,-0.04140562821717896,0.008262592056113254,-0.06582664010831252,0.07030999339472006,-0.07031521790328957,0.06906329612661222,-0.07031521742316295,0.07007482173517743,-0.07031521971377143,0.07150343715344944,-0.07031522520269028,0.06852783831726822,-0.07031011606707316,0.25000000000000006,-0.24382029615663026,0.21449160038326148,-0.2019974860511468,0.11879303283575345,-0.11833099020545743,0.0320497429897438,-0.032103778712596544,-0.06837506721099021,0.06837433805678929,-0.2477490576395015,0.24321478374313316,-0.21177436085389784,0.17323255156515213,-0.1141572106327093,0.11308777580118179,-0.08087490482570911,0.08054759743181648,-0.06981124311677075,0.06981310138934382,0.07016194079883915,-0.07031520653649055,0.06476727103280792,-0.07031520018355167,0.06937455632232298,-0.07031521222875191,0.06639649680831362,-0.07031521371685806,0.06922910334656687,-0.07031523157786834,0.025195056227234953,-0.06318684373081793,-0.01439420388412,-0.06056025301324043,-0.02593594503126749,-0.05440568391135297,-0.02399615982346828,-0.04061071710845853,0.03586602270252151,-0.05601168836599331
-0.0724159998557499,-0.01577840144505102,0.029456610466898077,-0.053550254620676224,-0.02647643089155749,0.013086083484221222,-0.029696736114009508,0.044145795908995734,-0.009397510771251892,0.07157777872389257,-0.07648863170265381,0.07649427787796215,-0.07517872310996028,0.0764942773537269,-0.07621388885455413,0.07649427981080305,-0.07663908751363958,0.07649428508458472,-0.07403303123797811,0.07648892891909762,-0.24382029615663026,0.24999999999999972,-0.21946466886816596,0.2069788554022408,-0.12154503218425565,0.12108722025365141,-0.028790748706904026,0.02884441263240048,0.07455296747084181,-0.07451972793432436,0.24190220121757028,-0.23736730188661703,0.2169028405231998,-0.17831110478431958,0.1196199591708498,-0.11854591394837682,0.08674358528125412,-0.08641218083954169,0.07598347114172141,-0.0759853212289859,-0.07632418601909445,0.07649426647783812,-0.07079846884499234,0.07649425858628801,-0.07538542504338057,0.07649427165531063,-0.07224106513729502,0.07649427350061534,-0.07530972810097245,0.07649429277511754,-0.027605160472756782,0.06873885308057576,0.015476767988111848,0.06586536473655115,0.028090097817100826,0.05915296483954931,0.02593800984650165,0.04413032351247899,-0.03926139298599424,0.0609015006145689
0.04318155984608011,0.004916786338224341,-0.012589599624177003,0.03055405747107509,0.010333912611921821,-0.0035257935077155547,0.015039575289445675,-0.03673291240921464,0.0003697387646237232,-0.043153121578294075,0.04595990235659631,-0.04596379502130645,0.04481781486225337,-0.04596379473380347,0.045832217361333714,-0.04596379651379489,0.059780271623031817,-0.045963803413472386,0.04666325108531245,-0.04595960969255312,0.21449160038326148,-0.21946466886816596,0.24999999999999956,-0.23717431182867585,0.15176235431867108,-0.15127678177470216,0.05919686464075539,-0.05922695073569218,-0.044024320941201435,0.04436330909307137,-0.21256954961959043,0.21721449581368046,-0.19659297295413009,0.15839793250011303,-0.09596409494296076,0.09524446554076013,-0.05947343845976746,0.05920190760001102,-0.04557027252983164,0.04557210939029154,0.04585889199129544,-0.04596378738102744,0.041356924177355495,-0.045963782710103,0.04550234677618556,-0.045963791759048425,0.043131977155235215,-0.04596379162853441,0.04526033488238797,-0.045963803879337746,0.016386620091650626,-0.041262238474127695,-0.009810755112058997,-0.039624906259756676,-0.017358006412782855,-0.03565445460788531,-0.016179724770421344,-0.026651197735851437,0.022833558577283915,-0.03669484136831478
-0.055352888666305645,-0.008270670379264879,0.01834533810660295,-0.03969404623571379,-0.015703940325774043,0.00644969210758441,-0.020302886833274546,0.042939505288570066,-0.0024611027477733603,0.055062472074475066,-0.058765894738118565,0.05877068679230106,-0.057485557078215954,0.058770686413908174,-0.058551949358294456,0.05877068855393311,-0.07086502302531529,0.05877069502871991,-0.058368776958182204,0.0587661090087199,-0.2019974860511468,0.2069788554022408,-0.23717431182867585,0.24999999999999986,-0.16450563403206242,0.1640385257361545,-0.06007820234811934,0.060108628303778305,0.056821756867320924,-0.05712278100314545,0.20018045371956644,-0.2048003645063836,0.18428592531747906,-0.14607554246629975,0.10874103186486472,-0.10801841137503834,0.0722633893723943,-0.07197330413906469,0.05837625250938099,-0.058378051551228854,-0.058641348569813234,0.058770675021585866,-0.05400177448309539,0.05877067525771227,-0.057903083086201255,0.058770683247999396,-0.05523060262430282,0.0587706830534989,-0.05786578130816624,0.05877069815662414,-0.021231360073864943,0.052783364148837913,0.012000924011136673,0.05060508158953053,0.021724733733948596,0.04544701586908171,0.02014836443073691,0.03391484238009004,-0.029938653591445874,0.046821298041415875
-0.026224290086409644,-0.018518346923073376,0.024760974000222806,-0.023372280544633042,-0.024926752768004472,0.018954609761154564,-0.023112705244581748,-0.014574364606861706,-0.018469095163565565,0.02447762095875003,-0.02671957593301698,0.026720421205729546,-0.026920895493373533,0.026720420992282806,-0.026522068533321,0.026720420895402053,0.014695877410158573,0.026720413199407513,-0.017008451553953828,0.026721404898200445,0.11879303283575345,-0.12154503218425565,0.15176235431867108,-0.16450563403206242,0.24999999999999975,-0.24938206255655013,0.14550458252624132,-0.14547759921186473,0.028659423981446074,-0.02758164995271767,-0.1168482789125877,0.12150049352174563,-0.09883721590358872,0.13760031645251905,-0.10016223758707696,0.10001825429142912,-0.03317913512182086,0.03293245436349167,0.02529731658061737,-0.025299322650065712,-0.026647743833476043,0.026720426874988223,-0.028682609548156133,0.02672039685359511,-0.025515839259565447,0.02672040912716203,-0.02670516613975445,0.0267204234578899,-0.02626470907198901,0.02672042699057446,-0.00968980351454373,0.024405395086200984,0.003907077748985061,0.022930977929836123,0.007786880095301603,0.02031024845246533,0.006804475327553169,0.015236051292180686,-0.015598422964809327,0.02102864080801271
0.025653334157495922,0.018320855501656744,-0.024447612773690508,0.022928934078883908,0.024628981139045644,-0.01876925305303929,0.022826549833112653,0.014751180421235488,0.01831488123115954,-0.023919191620371042,0.026122170378571882,-0.026122979442240953,0.026329366993820588,-0.026122979233086756,0.02592803201208739,-0.0261229791224755,-0.015139970967683661,-0.02612297145356077,0.01653679190868253,-0.026124008507964095,-0.11833099020545743,0.12108722025365141,-0.15127678177470216,0.1640385257361545,-0.24938206255655013,0.2499999999999999,-0.145683024508761,0.14565624338940608,-0.028065102422056204,0.02699142893111432,0.11644491155072574,-0.1210945447604789,0.09866378588124401,-0.13736712293141612,0.1004427286381502,-0.10029687110946135,0.03361974137091903,-0.03337221724507027,-0.0247038203201596,0.024705824019765184,0.02605187460666457,-0.02612298519217527,0.02809794729364482,-0.026122955174357483,0.024935575194658974,-0.02612296741354184,0.026137169757794048,-0.026122981706258774,0.025676777935859655,-0.02612298510888681,0.009466517783609874,-0.023867250799744912,-0.0038014182543361385,-0.022417988089911887,-0.007582181572507813,-0.019852131906114543,-0.00661800945319353,-0.01489520230144585,0.015272457886047511,-0.020555512973521876
-0.12474023106235749,-0.04440531162104966,0.06972798348556548,-0.09731676155403816,-0.0663631885883172,0.04071447182298848,-0.06479680350760633,0.03597274203396056,-0.035306746266171286,0.12153628500065843,-0.13043071057421504,0.13043868046438487,-0.12905556493826867,0.1304386795287354,-0.12966574427307412,0.13043868245929585,-0.08007678296418372,0.13043867707028303,-0.11193074953189898,0.1304318745322336,0.0320497429897438,-0.028790748706904026,0.05919686464075539,-0.06007820234811934,0.14550458252624132,-0.145683024508761,0.24999999999999994,-0.24983244114727754,0.13236137659236613,-0.13080804584675,-0.029968443365536505,0.0346621234164278,-0.006186160248061886,0.0450121615043963,0.0035566690048154954,-0.0024207908542639564,0.06927769011758045,-0.06943553456278025,0.12883355376724484,-0.12883542471496873,-0.13014403260443996,0.13043866714166175,-0.127457377289956,0.13043863668695205,-0.12706096441547696,0.13043866017859876,-0.12529397633099343,0.13043867888330196,-0.12835985682916573,0.13043870664568352,-0.047778663258150715,0.11773649890437574,0.023619033251541608,0.11212844355086776,0.04475101507562281,0.10024476319599084,0.040517424786416324,0.07478517880847353,-0.07057523926075435,0.10337555429877687
0.12460439976994121,0.04436647788955523,-0.06966239154904794,0.09721387021554388,0.06630202359470323,-0.04068142471546882,0.06473770676304307,-0.03590969482764664,0.035279117185228595,-0.12140322918589092,0.13028794099033605,-0.13029590128144863,0.12891443526671245,-0.13029590034683064,0.129523698260952,-0.13029590327342871,0.07996075105124338,-0.1302958978855741,0.11179718780884446,-0.13028910140789918,-0.032103778712596544,0.02884441263240048,-0.05922695073569218,0.060108628303778305,-0.14547759921186473,0.14565624338940608,-0.24983244114727754,0.24999999999999967,-0.13224610136159953,0.13069416124003527,0.030028839849129237,-0.03471856026079874,0.0062535633931710835,-0.04505738786416886,-0.003483038359660242,0.0023504399754188518,-0.06916947203511246,0.0693286868920916,-0.12869250253177222,0.1286943718275412,0.13000158604608,-0.13029588797735497,0.1273196417129764,-0.13029585753756473,0.12692145493581905,-0.1302958810111913,0.1251575920189159,-0.13029589970382652,0.1282193408382291,-0.13029592743439702,0.04772634672748548,-0.11760784013304952,-0.023592530013348243,-0.11200569260161203,-0.044701178147720365,-0.10013491105241099,-0.04047199431694431,-0.07470330191050872,0.07049875922627705,-0.1032623002425727
-0.23616320837369167,-0.0699118605644557,0.11657848256495856,-0.17966146230578414,-0.10901525253827868,0.06047305022174905,-0.10623703432589551,0.10322520130130454,-0.050727720286102264,0.2312777250284552,-0.24803147388224028,0.24804789770380586,-0.24503420603586,0.24804789592817097,-0.24670101362782046,0.2480479026101698,-0.19554005593162002,0.24804790013083322,-0.22803177264895724,0.24803623370414218,-0.06837506721099021,0.07455296747084181,-0.044024320941201435,0.056821756867320924,0.028659423981446074,-0.028065102422056204,0.13236137659236613,-0.13224610136159953,0.24999999999999964,-0.2483477065127898,0.0706096047549942,-0.06587341083592499,0.09742664372479434,-0.05847764375072154,0.12116531386480751,-0.1199445503131169,0.18688633575378918,-0.1863607559690153,0.24614171158681974,-0.24614341650496463,-0.247503233872459,0.24804786230589773,-0.2395137452892913,0.24804783210654177,-0.24221999289558532,0.24804786836735596,-0.23709446451577462,0.24804789178309686,-0.24412777938072303,0.24804794701207025,-0.09093779933390493,0.2235608868238934,0.04595288053495569,0.21326745809076075,0.08665571812037047,0.19088050471353413,0.07873253423365369,0.14229469637715247,-0.13296824593376777,0.19674384222251878
0.23463529956597484,0.06941796752871413,-0.11577861794221889,0.178485928358638,0.10826045813969178,-0.060034731050511,0.10550692018670299,-0.1026580864684393,0.05035130671027949,-0.22978566895718244,0.24642996667040482,-0.24644628810345184,0.24345017259846335,-0.24644628633935764,0.24510837942279307,-0.246446292981368,0.19441032709771858,-0.24644629054609035,0.2265937597506505,-0.24643469510531776,0.06837433805678929,-0.07451972793432436,0.04436330909307137,-0.05712278100314545,-0.02758164995271767,0.02699142893111432,-0.13080804584675,0.13069416124003527,-0.2483477065127898,0.24999999999999967,-0.07059315747582312,0.06589479822483485,-0.0972243317308827,0.05865670312154907,-0.12081451323765088,0.11960782656877908,-0.18588666915547725,0.1853633667025539,-0.2445576620376691,0.24455934817909675,0.2459052203080292,-0.24644625290423405,0.23795780417535167,-0.24644622299112096,0.24065805024328848,-0.246446258990505,0.23555879604559354,-0.24644628220985806,0.24255159712072255,-0.24644633709154493,0.09035191782627205,-0.22211605906709495,-0.045659329863186104,-0.21189046650787455,-0.08610164399138995,-0.18964879955770655,-0.07823002094779559,-0.14137592445580285,0.13210609819374586,-0.19547395349925364
-0.06867227314796367,-0.014768505770383942,0.027708488337369337,-0.050743880079070734,-0.02484850756301896,0.012170497569508583,-0.02803159496691874,0.04218305926017914,-0.00879892729833234,0.06791051785727703,-0.07254786281411948,0.07255322812966408,-0.0712790445328832,0.07255322763319608,-0.07229931328820464,0.07255322997924689,-0.07306525681348172,0.07255323537552666,-0.07054121219721937,0.0725480411904272,-0.2477490576395015,0.24190220121757028,-0.21256954961959043,0.20018045371956644,-0.1168482789125877,0.11644491155072574,-0.029968443365536505,0.030028839849129237,0.0706096047549942,-0.07059315747582312,0.24999999999999956,-0.24522426739758757,0.21377672232864545,-0.1751551191948335,0.11616517185054324,-0.11505524357202102,0.08296265970605823,-0.08260911460890777,0.07202752379256122,-0.07202939222775108,-0.07239393594709256,0.07255321655567515,-0.06689480240832166,0.07255320992030426,-0.07156849133220551,0.0725532222404295,-0.06852982116198816,0.07255322386146083,-0.07143212668984988,0.0725532422454844,-0.026007471402617863,0.06520062026652107,0.014823389936917813,0.062485709408945614,0.026734043139863915,0.05613182554752281,0.024724236873237077,0.041897108569743914,-0.03704893724696232,0.05778902181930805
0.06413673166623395,0.013086434124135944,-0.025095014388883657,0.047177222732464115,0.022347706959968197,-0.010689993217786466,0.02575953683732993,-0.04102538434585787,0.007402366791967076,-0.06350034393952497,0.06781127526300255,-0.06781636811224374,0.06656874554630082,-0.06781636765247928,0.0675855630221302,-0.0678163698932834,0.0704389639999273,-0.06781637554036542,0.06629454196620874,-0.06781136202956756,0.24321478374313316,-0.23736730188661703,0.21721449581368046,-0.2048003645063836,0.12150049352174563,-0.1210945447604789,0.0346621234164278,-0.03471856026079874,-0.06587341083592499,0.06589479822483485,-0.24522426739758757,0.24999999999999967,-0.21844245993952432,0.1798058512652004,-0.11738030729339242,0.11627516717192588,-0.08064708195657193,0.08029872471000629,-0.06733732092837792,0.06733919566979822,0.06766796437721877,-0.0678163572400802,0.062238553166590466,-0.0678163512925216,0.0669643906344846,-0.06781636293759075,0.06395619796857002,-0.06781636385701327,0.06677086630681116,-0.06781638127369562,0.024282032022951188,-0.06092137611763268,-0.013976442127279226,-0.05841348852853309,-0.02511890917499175,-0.05249195243233927,-0.02327275759754037,-0.03918015863825899,0.03447171832181517,-0.054036707339565636
