x1,x2,x3,x4,x5,x6,x7,x8,x9,x10,x11,x12,x13,x14,x15,x16,x17,x18,x19,x20,x21,x22,x23,x24,x25,x26,x27,x28,x29,x30,x31,x32,x33,x34,x35,x36,x37,x38,x39,x40,x41,x42,x43,x44,x45,x46,x47,x48,x49,x50,x51,x52,x53,x54,x55,x56,x57,x58,x59,x60
0.25,0.24946887748481697,0.2495999108247921,0.24985153390571735,0.24962076622350193,0.2498475321410834,0.2496812960168187,0.24986145055821748,0.24957615834724012,0.2498660266322175,0.24959046739164864,0.22576056936631178,0.24109387542398256,0.20207136252036906,0.24678392927749554,0.19830015140882948,0.24205941704760287,0.2052920667941327,0.24130349469864268,0.24908923700488103,0.24943113694017116,0.23083015651565172,0.20226647264802486,0.22665085222079695,0.20227575989205868,0.2300180846932369,0.18077016636110596,0.22640628370900573,0.21631332406015336,0.24934893671196515,0.24910730406677334,0.23535758860844835,0.19614059201082334,0.22724740786226225,0.20443020899956324,0.23620257973485506,0.20751667928043505,0.23595142309983663,0.2280107191566431,0.24951392401000264,0.2495584617134866,0.22172490727986732,0.2444025499601554,0.20072522492808834,0.2472125834988612,0.2049997535324816,0.24204698312609096,0.21406215325156605,0.24396695487717474,0.24942798852419523,0.24970957208186575,0.24973388357751064,0.2495077661935932,0.2498233195883338,0.24961808714437603,0.24986766403494257,0.24973420653784534,0.24983852953195623,0.24984858243514438,0.24986828580353299
0.24946887748481697,0.25000000000000006,0.24932829258600744,0.24958069562623866,0.24935016927919396,0.24957669765136187,0.24941066262060954,0.24959060075477418,0.24930562563636885,0.24959517197784364,0.24931991984163934,0.22551685064887578,0.24083300014541195,0.20185325945152155,0.24651651980651398,0.1980860738607808,0.24179720343758446,0.20507022442554806,0.2410421224083869,0.24881921765673579,0.24916075645443392,0.2305796018808865,0.2020488720198117,0.2264049659249134,0.20205784667359317,0.22976802957087886,0.18057643960349512,0.22616065868473254,0.21607994940352002,0.24907862522448612,0.2488372809553543,0.23510264423990013,0.19592628815978308,0.22700165285466917,0.20420760139224622,0.2359469353780019,0.2072905159963724,0.2356960386376861,0.2277629082619689,0.24924345955050206,0.24928794707228316,0.22148363535242097,0.24413761577163573,0.20050625835675248,0.246944574967526,0.20477704873169367,0.24178436659266855,0.21382984209111097,0.2437024376801885,0.2491576173077816,0.24943888996764854,0.24946317219593286,0.24923729754364635,0.2495525112439754,0.24934750525946178,0.24959680763140593,0.249463495280173,0.24956770470012307,0.24957774665904614,0.249597428715894
0.2495999108247921,0.24932829258600744,0.25,0.2497111117505018,0.24948079488973085,0.24970711933555348,0.24954094743571364,0.2497210362297758,0.24943601805604154,0.24972560785280348,0.24945011384096868,0.22561993179677634,0.24095103978774152,0.2019426574612915,0.24664457601304074,0.1981651123808346,0.24192272574682203,0.20515967349965464,0.2411666331051181,0.24894925854497352,0.24929095022372422,0.23069944184951421,0.20211907123997105,0.226520257224419,0.20214869007268713,0.22990331403886724,0.18064904892093045,0.22628929741798123,0.2161789081093537,0.24920899368976515,0.24896708322273897,0.2352240968680102,0.19603882992227575,0.2271129495480541,0.20432409509577573,0.23606560052514347,0.20741527718112004,0.23581352892628046,0.2278918066546382,0.24937363778631955,0.2494181543647231,0.22160828502612098,0.2442656589147091,0.20062193214312826,0.24707405729915594,0.2048863912670809,0.2419134493158871,0.2139442911926228,0.24383052939115957,0.24928775577874251,0.24956921970543808,0.24959353891853728,0.2493675741813629,0.24968292475792236,0.24947778379284577,0.24972724420958864,0.24959385873014392,0.24969812615342316,0.24970817381690108,0.2497278657028409
0.24985153390571735,0.24958069562623866,0.2497111117505018,0.25000000000000006,0.24973263308757357,0.2499595070846344,0.24979320037425176,0.24997343164487928,0.24968801054951903,0.24997800981656856,0.24970232979781798,0.2258620008821488,0.2412021148558347,0.20216199819921155,0.24689458150146262,0.1983892298839174,0.2421679560837084,0.20538420280407751,0.2414117050189973,0.24920086996807894,0.24954292831499478,0.2309337072412847,0.20235769163042364,0.22675261258283202,0.20236673056780488,0.2301210739636892,0.18085152833010587,0.2265077890517237,0.2164104662884599,0.24946068611108418,0.24921895410673678,0.23546310443076388,0.19622832767229423,0.2273494517303726,0.20452193680985128,0.2363085528201617,0.20760964344372396,0.23605727603909962,0.2281128379221225,0.2496257507264806,0.24967030820494984,0.22182412925751288,0.24451207308605669,0.2008150294616813,0.24732337259181975,0.2050915777280894,0.24215542537570137,0.21415805204901547,0.2440762835931734,0.24953977675462075,0.24982148562341866,0.2498458075375257,0.2496195884051069,0.24993528362925116,0.2497299598008635,0.2499796479508609,0.24984613069370307,0.24995050038957026,0.24996055779057608,0.24998026999709813
0.24962076622350193,0.24935016927919396,0.24948079488973085,0.24973263308757357,0.2499999999999999,0.24972863244247417,0.24956491658287197,0.2497425551581419,0.24945819936134997,0.24974711782929407,0.24947168719791316,0.22565172879614256,0.24099351096317495,0.20201129679629934,0.24666775749853617,0.19819197081622336,0.241948545444025,0.20518675964117947,0.24118910458685658,0.24897062808371642,0.2493123667750113,0.23070709640115533,0.20214438797882836,0.2265277090870301,0.20218268583747867,0.22991175399212713,0.18070359657263738,0.2263050177722365,0.21621378202875635,0.2492301630861036,0.24898840771458638,0.23524691533813968,0.19602236302167875,0.22713704010000152,0.20431366270469165,0.23608998791068225,0.20740871690669677,0.23583772585483395,0.22790094762173138,0.24939524914568692,0.24943973651572998,0.22161273026501552,0.24428709841922772,0.200613641512915,0.24709490290855066,0.20489445794641026,0.2419305364350431,0.21395819870458987,0.2438507292352818,0.24930936632826356,0.2495907632992498,0.24961503876798274,0.24938901816111034,0.2497044320606332,0.24949933929125304,0.249748755514803,0.24961536732693643,0.2497196347672891,0.24972968255612685,0.24974937687803192
0.2498475321410834,0.24957669765136187,0.24970711933555348,0.2499595070846344,0.24972863244247417,0.25,0.24978920241173586,0.2499694277672665,0.24968401297580206,0.2499740058744663,0.24969833120050566,0.22585850776082206,0.24119829551609284,0.20215891134893646,0.24689063521778357,0.19838615818036529,0.2421640983789092,0.20538100437330942,0.2414078607860166,0.24919687767728416,0.24953893118983259,0.230929925460654,0.20235461697563042,0.22674890481327095,0.20236366440924547,0.23011728517154992,0.1808489581142137,0.22650412200764533,0.21640715559172297,0.2494566877934645,0.24921496241868044,0.23545935863553683,0.1962249146202395,0.22734587180823237,0.2045184581815204,0.2363048150352709,0.20760611117354577,0.23605354103717957,0.2281090848071263,0.24962175367574557,0.2496663101321127,0.22182044242457102,0.24450815899921158,0.20081159694570902,0.24731940686347345,0.20508821528202104,0.2421515120851429,0.21415458190219072,0.2440723662874516,0.2495357810944579,0.24981748461784747,0.2498418057187189,0.2496155898720146,0.24993128037512918,0.24972596043032164,0.24997564398776398,0.24984212894450056,0.24994649689173384,0.2499565541248469,0.2499762660224335
0.2496812960168187,0.24941066262060954,0.24954094743571364,0.24979320037425176,0.24956491658287197,0.24978920241173586,0.24999999999999992,0.24980311372188174,0.24951819699205,0.24980768938286857,0.24953214096792622,0.22570000748919283,0.2410619391210171,0.20203197739294637,0.24672943780068857,0.19824831899676815,0.24199962775896516,0.20524016673426615,0.24124659322985817,0.24903107084151532,0.24937282223785884,0.23076964914922748,0.20221643609382203,0.22658615685946848,0.2022337043062904,0.22995913460507972,0.1807355648276161,0.2263508882547513,0.21626635309920592,0.2492905766054917,0.24904895360680293,0.23530257450390343,0.19607719273914304,0.22719271153770682,0.204365039826772,0.2361475491279948,0.20745455905144916,0.2358962811687787,0.22795195213075795,0.2494557131404714,0.2495002286767347,0.22166676485783826,0.24434554906282965,0.20066594485483458,0.24715467435711222,0.20494728340530582,0.24198892791695367,0.21401038892465504,0.24390972380576692,0.24936980690672464,0.24965128838694664,0.24967557716795907,0.2494495003504099,0.24976499218065426,0.24955983562630524,0.24980932636416348,0.249675904049872,0.24978019857391798,0.2497902488529474,0.24980994789798405
0.24986145055821748,0.24959060075477418,0.2497210362297758,0.24997343164487928,0.2497425551581419,0.2499694277672665,0.24980311372188174,0.25000000000000006,0.24969792065327293,0.24998793124550023,0.2497122401809951,0.2258710284075552,0.24121164697444128,0.20217012807814835,0.24690437841853646,0.19839714943179412,0.24217756133485543,0.20539239288994726,0.24142128200687896,0.24921076042523865,0.24955283187462438,0.2309428091701297,0.20236576016267177,0.22676153992417442,0.20237482946245883,0.23013014462233716,0.1808588503774081,0.22651673928172972,0.21641912065874258,0.24947058558732302,0.2492288443936274,0.2354724580759134,0.1962359705490436,0.22735848137592632,0.20452990287371023,0.2363179431151568,0.20761775088389037,0.23606665748979108,0.22812183523388957,0.24963565872527554,0.24968021783229458,0.22183287130529306,0.24452177980094206,0.20082288735769852,0.24733318654635755,0.20509967748570482,0.24216501956846914,0.21416653179432962,0.24408596729508725,0.2495496813584809,0.24983140103244686,0.24985572372348616,0.2496294954539192,0.24994520336540332,0.24973987165811126,0.24998956944863943,0.24985604693103194,0.24996042072967106,0.24997047852670531,0.24999019151872975
0.24957615834724012,0.24930562563636885,0.24943601805604154,0.24968801054951903,0.24945819936134997,0.24968401297580206,0.24951819699205,0.24969792065327293,0.25000000000000017,0.24970249343774795,0.24942694136190247,0.2256128284188087,0.24093486239992415,0.20192718346091662,0.24662280575903137,0.19816248423045948,0.24191492552501154,0.20516133775474849,0.2411692160711705,0.24892614744453176,0.24926781052054164,0.23066972669099756,0.20211384211198924,0.22649896299628333,0.2021351230478725,0.22987999391655445,0.18064643081193227,0.22625035351419998,0.21616425674347867,0.24918562420236073,0.24894384478722226,0.2352005639551577,0.19598766452886998,0.22709183147998047,0.204272368062521,0.23604446878754015,0.2073661356234879,0.23579262883120142,0.2278567524272735,0.24935060872400255,0.2493951291934895,0.2215739690453617,0.24424177145777876,0.20058012664961328,0.2470507237356697,0.20486046060650948,0.24188740942435766,0.21392115764517627,0.24380715306004527,0.24926476602657996,0.24954614823738133,0.2495704369986508,0.24934445621047865,0.2496598143807228,0.24945473012205954,0.2497041298629596,0.24957076316532803,0.2496750143704402,0.24968506050790157,0.24970475116689952
0.2498660266322175,0.24959517197784364,0.24972560785280348,0.24997800981656856,0.24974711782929407,0.2499740058744663,0.24980768938286857,0.24998793124550023,0.24970249343774795,0.25000000000000017,0.24971681356374162,0.22587508739453782,0.2412160835552425,0.2021737106099147,0.2469089020113604,0.1984007218279188,0.24218199839559026,0.2053961007324499,0.24142570385684195,0.24921532485282524,0.24955740301356072,0.23094711546387398,0.2023694069840712,0.22676577987543628,0.2023784457477458,0.23013443611782738,0.18086196922724257,0.22652093448456811,0.2164229951290818,0.24947515637521075,0.24923340998706964,0.23547675821771544,0.19623975004876232,0.2273626309035074,0.20453383312521528,0.23632225331740056,0.20762171828005702,0.2360709619378867,0.22812608478262167,0.2496402299715074,0.24968479008565084,0.22183701584988774,0.24452625526941008,0.20082671037224564,0.24733771912169888,0.20510348550212598,0.24216947661917207,0.21417048000189864,0.24409044227661864,0.24955425101506148,0.24983597634911062,0.24986029973686585,0.24963406753052705,0.249949781018943,0.249744445190631,0.24999414791363178,0.24986062290035255,0.24996499866190153,0.2499750566472778,0.24999476999620326
0.24959046739164864,0.24931991984163934,0.24945011384096868,0.24970232979781798,0.24947168719791316,0.24969833120050566,0.24953214096792622,0.2497122401809951,0.24942694136190247,0.24971681356374162,0.2500000000000002,0.2255995201748768,0.24094589843542577,0.20196097942359853,0.2466374034068339,0.19818844555536014,0.2419172428161756,0.20517690117505066,0.24116106829858336,0.2489403887583127,0.24928218999260754,0.23068360262998033,0.2021587995295533,0.22651088740613265,0.20217018226522004,0.2298731393343926,0.18068974840779548,0.22626879237972963,0.21619684566735378,0.24919979993803543,0.24895856010464607,0.23521923424934088,0.19599776157592572,0.22711754413091298,0.20429190665184976,0.23606566843293456,0.2073756322506579,0.23581432218336554,0.22786623440014867,0.24936503322769998,0.24940951655054613,0.22158047261237418,0.24425670943966926,0.2005862380800199,0.24706458775637596,0.20487015765345631,0.24189936194917339,0.21393068497799939,0.2438205516404048,0.24927915166575199,0.2495604915235751,0.24958474962224417,0.24935873518976365,0.24967413203374048,0.2494690754136505,0.24971845013565108,0.24958507910496588,0.24968933289577772,0.2496993791676009,0.24971907139742142
0.22576056936631178,0.22551685064887578,0.22561993179677634,0.2258620008821488,0.22565172879614256,0.22585850776082206,0.22570000748919283,0.2258710284075552,0.2256128284188087,0.22587508739453782,0.2255995201748768,0.25000000000000017,0.2171334916106242,0.1819964998605806,0.2230966065689468,0.17914239699102658,0.21922836942726778,0.1858789737332431,0.21834915436053337,0.22516068578619364,0.22547487173695813,0.20685953782888558,0.18189266082005712,0.2031086613430869,0.1843371189898104,0.207185169411412,0.16656736209859807,0.20416071069787423,0.19675008582937492,0.22537816154290596,0.22516043526933627,0.21301391706058817,0.17360515508406443,0.20556174974495717,0.18163438004131166,0.21370769662162636,0.18501157536446577,0.2134344196434259,0.2050979560481218,0.22557016778047442,0.2256061599338928,0.19898715055473382,0.22099911079155277,0.17874281375628684,0.22343892313107017,0.18424192423690378,0.2184550323017848,0.19307833431850718,0.22047423036260036,0.22549328846093541,0.22573831424645452,0.22575566111887813,0.2255482042448847,0.2258364829651564,0.22565812631050042,0.22587658983602937,0.22575688648512107,0.22585023271051569,0.22585925006877916,0.22587713188611275
0.24109387542398256,0.24083300014541195,0.24095103978774152,0.2412021148558347,0.24099351096317495,0.24119829551609284,0.2410619391210171,0.24121164697444128,0.24093486239992415,0.2412160835552425,0.24094589843542577,0.2171334916106242,0.25000000000000033,0.1934291900324001,0.23855350060792296,0.18994509593322645,0.23392016907582963,0.19717178258940116,0.2331558924876379,0.24046163481288932,0.24080326581303588,0.2229468456187252,0.1938654959300315,0.21915210730901627,0.1947639555837014,0.22299338245593187,0.1732551674219257,0.21922373349837398,0.2080297057751787,0.24072852919066276,0.2404780545121704,0.22705899628078977,0.1897550419885905,0.21910306186098463,0.19828302468901254,0.22784967721771832,0.2014315289218095,0.22751943072116879,0.22068184387508646,0.2408709463702469,0.24091514546602077,0.21442285018836002,0.2359048873934593,0.19426444682506055,0.2386768345508155,0.19800044479870274,0.23380960848641907,0.20682045340527133,0.23556083972305994,0.24078946936246473,0.24106363218311677,0.24108852849606482,0.24087215591868327,0.2411748719849435,0.24097550736674858,0.2412176770133983,0.2410886090305049,0.24118955535168113,0.2411992881002434,0.2412182815210634
0.20207136252036906,0.20185325945152155,0.2019426574612915,0.20216199819921155,0.20201129679629934,0.20215891134893646,0.20203197739294637,0.20217012807814835,0.20192718346091662,0.2021737106099147,0.20196097942359853,0.1819964998605806,0.1934291900324001,0.25000000000000033,0.19914189272747548,0.1588649489782639,0.19603264446060653,0.16691835647841533,0.19547025234750023,0.20152348711438778,0.20180761601040847,0.18349285176228491,0.16198115653965828,0.17912682788725046,0.16429685163299243,0.1839546211938337,0.15267672805141894,0.18211314573865603,0.17755433518180985,0.20168425338520657,0.20151351104158924,0.19082044781331872,0.15042430556712788,0.18457743970249826,0.15875769563942874,0.1919214630531542,0.16196786969938626,0.1913976067421463,0.18185764260810158,0.20191882890984283,0.2019464453805028,0.17598276437683788,0.19781440362667405,0.15644030368493225,0.19993247500317843,0.16356813454410005,0.19500029336615968,0.1721922146012279,0.19721952664455175,0.2018511165819086,0.20205786059482514,0.20206684686710955,0.2018750871204522,0.20213915568533258,0.20198821804595143,0.20217507688549416,0.20206918791844622,0.20215146290912772,0.2021594227360598,0.20217553946466243
0.24678392927749554,0.24651651980651398,0.24664457601304074,0.24689458150146262,0.24666775749853617,0.24689063521778357,0.24672943780068857,0.24690437841853646,0.24662280575903137,0.2469089020113604,0.2466374034068339,0.2230966065689468,0.23855350060792296,0.19914189272747548,0.2500000000000003,0.1953618374807867,0.23948508441717023,0.20281050301483056,0.23874352191892234,0.24613867330763028,0.24648115752032856,0.2281316151310826,0.20017973910375095,0.22430180355652965,0.20058663577272579,0.22758604248289555,0.17913008243642908,0.22393690826927293,0.21383335368600348,0.24639721123519792,0.2461584145157851,0.23261227774902746,0.19348151710068556,0.2246442538031242,0.2019568000178209,0.2334685907503783,0.20511122162344114,0.23318308764415163,0.22534694838286212,0.24656185493667496,0.24660566655213845,0.21896415632817548,0.24151447540945148,0.1980904303933849,0.2442887259372233,0.20243335883680788,0.2391616505843011,0.2115084514566196,0.24107742605619895,0.2464776064117949,0.24675478305886625,0.2467783254819902,0.24655480944092364,0.24686669984195064,0.24666479440557548,0.24691052138668204,0.24677873044748366,0.24688172979908912,0.24689165835533555,0.2469111339053072
0.19830015140882948,0.1980860738607808,0.1981651123808346,0.1983892298839174,0.19819197081622336,0.19838615818036529,0.19824831899676815,0.19839714943179412,0.19816248423045948,0.1984007218279188,0.19818844555536014,0.17914239699102658,0.18994509593322645,0.1588649489782639,0.1953618374807867,0.25000000000000017,0.1906111368899815,0.1632460540076581,0.19144288127132442,0.19778318241235085,0.1980395159487401,0.18038897295532488,0.16159249200490766,0.17696366696738075,0.1582972088272961,0.17881563864170458,0.1393698728872306,0.17802103836399094,0.1713824370845669,0.19794148317658886,0.19775726874128066,0.18619911673611914,0.1507948196545745,0.17962926221463066,0.15746896074272693,0.18720270288318355,0.16014978440472347,0.187182765673024,0.17884886760066623,0.1981247693683955,0.19816375119932944,0.1742719890947753,0.19376817680004627,0.15653847570411944,0.196223474263073,0.1616851128982799,0.1916947015731112,0.16936077327860422,0.19361411230500813,0.19806243275020016,0.1982798422132339,0.19829582205867957,0.19811036410068716,0.19836681560693903,0.19820756909026901,0.198402041258215,0.19829692925572232,0.1983788929008273,0.19838679252938246,0.1984025201902478
0.24205941704760287,0.24179720343758446,0.24192272574682203,0.2421679560837084,0.241948545444025,0.2421640983789092,0.24199962775896516,0.24217756133485543,0.24191492552501154,0.24218199839559026,0.2419172428161756,0.21922836942726778,0.23392016907582963,0.19603264446060653,0.23948508441717023,0.1906111368899815,0.2500000000000002,0.19764326023653037,0.23422481299016748,0.2414237251879713,0.2417616246888274,0.22370733623107536,0.19644758073247884,0.21981476129084435,0.1967134700648827,0.2236312922811355,0.17742316364751162,0.2200364178467556,0.21045888076939,0.24167476932642698,0.24144508148456745,0.22842854287993503,0.189232904223857,0.2205802627659538,0.19772758850559924,0.2290893274745361,0.20098887529769743,0.22879859744956302,0.22090772216017834,0.24184714290818424,0.24188741160517901,0.2144467049812206,0.23697092452998184,0.1937874153822586,0.2396072455475303,0.1984650482393457,0.23451183589015573,0.20746062276590688,0.23644093204042357,0.241762660576497,0.2420321173235706,0.24205392960261535,0.2418337982723635,0.2421406071189017,0.24194424769940057,0.2421835947907047,0.24205457029214397,0.24215534937926825,0.24216506919300876,0.24218419055585613
0.2052920667941327,0.20507022442554806,0.20515967349965464,0.20538420280407751,0.20518675964117947,0.20538100437330942,0.20524016673426615,0.20539239288994726,0.20516133775474849,0.2053961007324499,0.20517690117505066,0.1858789737332431,0.19717178258940116,0.16691835647841533,0.20281050301483056,0.1632460540076581,0.19764326023653037,0.25000000000000044,0.19688718420963633,0.20474514808674169,0.20502336554970924,0.1876013176747695,0.1643183382344689,0.1836210491352598,0.16447469037872833,0.187559900974169,0.14178615592892382,0.182236323708558,0.1748622888479623,0.20494824835895886,0.20473848394290542,0.1924616931748946,0.15930863179503396,0.1855686538547463,0.16546369266578714,0.19327707492678836,0.16841382431154917,0.19311113490891096,0.18605724993845543,0.2050973020406032,0.20514076749917068,0.1816253033825252,0.20052913429620461,0.16446767478282653,0.2031861050214801,0.1685323697396656,0.19878895749961284,0.1759281966148862,0.20050347272570004,0.20503122858671533,0.20526608547078837,0.20528747883107096,0.20509843728746127,0.20536100079067426,0.20518886758995483,0.20539744882593064,0.20528776187047815,0.20537350374812013,0.20538175242350762,0.20539796414861097
0.24130349469864268,0.2410421224083869,0.2411666331051181,0.2414117050189973,0.24118910458685658,0.2414078607860166,0.24124659322985817,0.24142128200687896,0.2411692160711705,0.24142570385684195,0.24116106829858336,0.21834915436053337,0.2331558924876379,0.19547025234750023,0.23874352191892234,0.19144288127132442,0.23422481299016748,0.19688718420963633,0.2500000000000003,0.24067739464872417,0.24100658509562403,0.22311661173626682,0.19575273858618564,0.2191440139071367,0.19571393384963406,0.2224707706856561,0.17598294703055833,0.21919878241956064,0.20954119848648797,0.24092195873542285,0.2406916421362117,0.22760913686997514,0.1889345408001957,0.21978381408053863,0.19726269426052634,0.22833757190015042,0.200349249075279,0.22806303771426456,0.22022138485182569,0.24108990034695119,0.2411308160578355,0.21392786031480784,0.23620394221601493,0.1934123914994546,0.23885782923529242,0.19793419914601074,0.2338105096830379,0.20682239624177953,0.23571098080606304,0.24100595105382228,0.2412756794687183,0.24129803222806284,0.24107909214474416,0.24138444124329095,0.24118794937055157,0.24142729283350897,0.24129855687103838,0.24139913744349753,0.24140883622707413,0.24142788855750755
0.24908923700488103,0.24881921765673579,0.24894925854497352,0.24920086996807894,0.24897062808371642,0.24919687767728416,0.24903107084151532,0.24921076042523865,0.24892614744453176,0.24921532485282524,0.2489403887583127,0.22516068578619364,0.24046163481288932,0.20152348711438778,0.24613867330763028,0.19778318241235085,0.2414237251879713,0.20474514808674169,0.24067739464872417,0.25000000000000044,0.2487814796026585,0.23022127100655168,0.20170582493522304,0.22605581243068842,0.20172937759105403,0.22942415984616024,0.1802693823059769,0.22581505726249781,0.2157306827960657,0.24869978946192736,0.24845835765813126,0.2347406796266062,0.19564911003390947,0.22664538629057135,0.20390543428891017,0.23558058269433227,0.20698876618366308,0.23533039204018014,0.22742500403133978,0.24886400552970542,0.24890846992333043,0.2211601215503844,0.24376573653834818,0.20022130810829097,0.24656922899716377,0.20447120186314327,0.24141959065456267,0.21350725528388065,0.24333230634983471,0.24877830559265068,0.24905923824083712,0.24908352568046524,0.24885801486516607,0.2491727290073399,0.2489679672028911,0.2492169577999145,0.2490838417126559,0.24918789934002256,0.2491979265960861,0.24921757812058257
0.24943113694017116,0.24916075645443392,0.24929095022372422,0.24954292831499478,0.2493123667750113,0.24953893118983259,0.24937282223785884,0.24955283187462438,0.24926781052054164,0.24955740301356072,0.24928218999260754,0.22547487173695813,0.24080326581303588,0.20180761601040847,0.24648115752032856,0.1980395159487401,0.2417616246888274,0.20502336554970924,0.24100658509562403,0.2487814796026585,0.25000000000000033,0.23051998196112217,0.20200003046624537,0.22639638840518062,0.2020273216806731,0.2297390758435785,0.18052355898911704,0.226140655839287,0.21603945613035122,0.24904117555684072,0.24880020051212778,0.23506835109136084,0.1959139671365855,0.2269784004286686,0.20422039900217456,0.23591227218977595,0.2072845961119837,0.23566089000317614,0.2277393194875354,0.24920569307089674,0.24925019123525347,0.22145694854616557,0.24409944893640473,0.20049459481398632,0.24690745400174358,0.2047503367281094,0.24174986725373163,0.21379952079920056,0.24366589690180168,0.24911986418313492,0.24940112842234138,0.2494254229887819,0.24919959815789208,0.24951474863820117,0.24930974812344103,0.2495590381888801,0.24942574048041563,0.2495299397944219,0.24953998054039234,0.24955965931249735
0.23083015651565172,0.2305796018808865,0.23069944184951421,0.2309337072412847,0.23070709640115533,0.230929925460654,0.23076964914922748,0.2309428091701297,0.23066972669099756,0.23094711546387398,0.23068360262998033,0.20685953782888558,0.2229468456187252,0.18349285176228491,0.2281316151310826,0.18038897295532488,0.22370733623107536,0.1876013176747695,0.22311661173626682,0.23022127100655168,0.23051998196112217,0.2500000000000002,0.18341043886617014,0.2095921388342218,0.18658085799682292,0.21469460060251078,0.16518307157109763,0.21091668814075662,0.19833159533999156,0.2304979878254037,0.23024508089466852,0.2175271631534238,0.18208750724381603,0.21000016964501225,0.1916377563352373,0.2180198355126056,0.1945984471284491,0.21754700706637356,0.21217060334894056,0.23061425433238486,0.23065608222388168,0.20587887290651044,0.22590525630925845,0.18702057026294963,0.22854416719485451,0.18969774233191833,0.22403651157390442,0.1981576581170778,0.22557354674155747,0.23053606644797633,0.23080032600513967,0.23082495960794944,0.23061886231149586,0.2309076347343373,0.23071546962945313,0.23094860999171163,0.23082483750337482,0.23092169298254442,0.2309310300646988,0.23094919624013144
0.20226647264802486,0.2020488720198117,0.20211907123997105,0.20235769163042364,0.20214438797882836,0.20235461697563042,0.20221643609382203,0.20236576016267177,0.20211384211198924,0.2023694069840712,0.2021587995295533,0.18189266082005712,0.1938654959300315,0.16198115653965828,0.20017973910375095,0.16159249200490766,0.19644758073247884,0.1643183382344689,0.19575273858618564,0.20170582493522304,0.20200003046624537,0.18341043886617014,0.2500000000000004,0.17919048289113293,0.16474203753053548,0.1864057190703662,0.15662534665062616,0.18464276787733297,0.17850152374198036,0.20188757476163086,0.2017077182355908,0.19142602899057543,0.14908302227019626,0.18553144968368945,0.16004738543430563,0.19313971940843913,0.16420702359150857,0.19218599475289735,0.18281360468550786,0.20212931564844566,0.20214930945497062,0.17550726743361375,0.19837529181142424,0.15552093488190658,0.20013548783769247,0.16322311319534435,0.19513496455381335,0.17230587029673822,0.19740386736164892,0.20206147624397588,0.20225856522810445,0.20226245926220604,0.20206915871521738,0.2023348209135194,0.20219115259379686,0.20237078930201435,0.20226560792769094,0.20234714023076641,0.20235505344816038,0.20237124006391746
0.22665085222079695,0.2264049659249134,0.226520257224419,0.22675261258283202,0.2265277090870301,0.22674890481327095,0.22658615685946848,0.22676153992417442,0.22649896299628333,0.22676577987543628,0.22651088740613265,0.2031086613430869,0.21915210730901627,0.17912682788725046,0.22430180355652965,0.17696366696738075,0.21981476129084435,0.1836210491352598,0.2191440139071367,0.22605581243068842,0.22639638840518062,0.2095921388342218,0.17919048289113293,0.25000000000000067,0.17921689629130963,0.20983997517708244,0.1642300128965582,0.20821174250401675,0.19523011065785814,0.22632546056782415,0.22608290465329342,0.21395986816000062,0.1781489176279714,0.2074952909526308,0.18756051611688812,0.21494493335029102,0.19225177978205926,0.21393180750591678,0.2087239334837179,0.22644939243664486,0.22648506743829294,0.20205346032933802,0.2220630767808185,0.1837800034816801,0.22441292476528474,0.18605583599203682,0.21993172522775864,0.19442185057959238,0.2214726795380357,0.22636885051308758,0.22662424706462556,0.2266458333159195,0.22644156840473265,0.22672701091001554,0.2265406633965207,0.22676724560017844,0.22664603199407574,0.22674081470006055,0.2267499493181062,0.2267678200011834
0.20227575989205868,0.20205784667359317,0.20214869007268713,0.20236673056780488,0.20218268583747867,0.20236366440924547,0.2022337043062904,0.20237482946245883,0.2021351230478725,0.2023784457477458,0.20217018226522004,0.1843371189898104,0.1947639555837014,0.16429685163299243,0.20058663577272579,0.1582972088272961,0.1967134700648827,0.16447469037872833,0.19571393384963406,0.20172937759105403,0.2020273216806731,0.18658085799682292,0.16474203753053548,0.17921689629130963,0.2500000000000003,0.1825485579511258,0.14917625370588952,0.18450074387345475,0.18038921931278157,0.2018908638813629,0.20177367785699785,0.1927331433200966,0.15166192113203855,0.18584512947134574,0.1570416187234711,0.1928746332397413,0.16370166997521238,0.193428238513992,0.1835526202703917,0.20215476894940285,0.2021663395531289,0.17557314053849257,0.1986977503126533,0.15623541205530933,0.20011690541412738,0.16369507955262091,0.19514156568515323,0.17222557688248047,0.19738965842470366,0.2020764763819137,0.20227019528780352,0.20227149030942743,0.2020755501428334,0.20234386108312818,0.20220143468578622,0.20237983655373945,0.2022750955823442,0.20235618099130223,0.20236405815697356,0.20238028190402346
0.2300180846932369,0.22976802957087886,0.22990331403886724,0.2301210739636892,0.22991175399212713,0.23011728517154992,0.22995913460507972,0.23013014462233716,0.22987999391655445,0.23013443611782738,0.2298731393343926,0.207185169411412,0.22299338245593187,0.1839546211938337,0.22758604248289555,0.17881563864170458,0.2236312922811355,0.187559900974169,0.2224707706856561,0.22942415984616024,0.2297390758435785,0.21469460060251078,0.1864057190703662,0.20983997517708244,0.1825485579511258,0.25000000000000033,0.16112399982430867,0.20888495847997665,0.19779877686670316,0.22966014967949347,0.2294462183495453,0.21696697564305528,0.1833328776089886,0.21007451154895665,0.1892540266069103,0.21816690854903836,0.19107554899070076,0.21715479260262968,0.21019391397513557,0.22981397168888337,0.2298529343115287,0.20432065937925964,0.22514174427017336,0.1858334745388051,0.2277156457269866,0.18896310300356825,0.22291721910710327,0.19719718389597662,0.2246607557593422,0.2297310545844816,0.2299913065973475,0.23001270710076538,0.2297990712189747,0.23009509697251768,0.2299030640475007,0.23013592581393047,0.2300131627951704,0.23010910585785424,0.23011832284877867,0.23013651233130397
0.18077016636110596,0.18057643960349512,0.18064904892093045,0.18085152833010587,0.18070359657263738,0.1808489581142137,0.1807355648276161,0.1808588503774081,0.18064643081193227,0.18086196922724257,0.18068974840779548,0.16656736209859807,0.1732551674219257,0.15267672805141894,0.17913008243642908,0.1393698728872306,0.17742316364751162,0.14178615592892382,0.17598294703055833,0.1802693823059769,0.18052355898911704,0.16518307157109763,0.15662534665062616,0.1642300128965582,0.14917625370588952,0.16112399982430867,0.2500000000000004,0.15741984515462437,0.1540332890423393,0.1803629309713877,0.18023599163889437,0.17215773680488328,0.13306040796905508,0.16711041860861053,0.141494152069048,0.17099316042491725,0.13886013014482615,0.1700897463895813,0.1595121765724091,0.18067252214198515,0.18068137624162128,0.15426467740047706,0.17707765018632374,0.13594977266549357,0.17884205427893435,0.14507004479225602,0.17372493141495454,0.15402614981054327,0.1762280711224336,0.1806038018645384,0.1807693722203396,0.18076642730813863,0.1805831369875664,0.18083107600294707,0.18070819560203413,0.1808632436052753,0.18077075393120026,0.1808420863170551,0.18084901696178093,0.18086362482455093
0.22640628370900573,0.22616065868473254,0.22628929741798123,0.2265077890517237,0.2263050177722365,0.22650412200764533,0.2263508882547513,0.22651673928172972,0.22625035351419998,0.22652093448456811,0.22626879237972963,0.20416071069787423,0.21922373349837398,0.18211314573865603,0.22393690826927293,0.17802103836399094,0.2200364178467556,0.182236323708558,0.21919878241956064,0.22581505726249781,0.226140655839287,0.21091668814075662,0.18464276787733297,0.20821174250401675,0.18450074387345475,0.20888495847997665,0.15741984515462437,0.2500000000000001,0.19299775772713681,0.2260351251114537,0.22582718526782386,0.21335387280926243,0.18043205199795276,0.20580400204484478,0.1885083447035604,0.21350259486894346,0.18680612062102148,0.21360905496286337,0.20606705465964603,0.22620504099324232,0.22624571661303325,0.20031821519512785,0.22147520169036217,0.18143382767253333,0.22413905518299715,0.18551863720402548,0.21926036371758847,0.19406709685090764,0.22111055063152657,0.22612879989620865,0.22638137444964013,0.2264011341136148,0.22619070619730874,0.22648221384223863,0.22629653522890242,0.22652241249969984,0.226401933933229,0.22649600283956772,0.2265050571071012,0.22652297896279522
0.21631332406015336,0.21607994940352002,0.2161789081093537,0.2164104662884599,0.21621378202875635,0.21640715559172297,0.21626635309920592,0.21641912065874258,0.21616425674347867,0.2164229951290818,0.21619684566735378,0.19675008582937492,0.2080297057751787,0.17755433518180985,0.21383335368600348,0.1713824370845669,0.21045888076939,0.1748622888479623,0.20954119848648797,0.2157306827960657,0.21603945613035122,0.19833159533999156,0.17850152374198036,0.19523011065785814,0.18038921931278157,0.19779877686670316,0.1540332890423393,0.19299775772713681,0.2500000000000004,0.21590888887684595,0.21573350938474625,0.2050725451158845,0.16517272039913045,0.19848036214382728,0.17455838737002374,0.2049361014049343,0.1743008594950949,0.20399381048906837,0.19471368347035853,0.21616178814035175,0.216182682343901,0.18880790425241667,0.21207536679758032,0.16882261892397415,0.2141005454722598,0.17584480156893417,0.20892915334216766,0.18502534399385995,0.21115085907558015,0.2160793043562592,0.21629995805029875,0.21630859802871272,0.21610271512084298,0.21638601346239117,0.21622423741501914,0.21642446583498118,0.21631139912839772,0.21639918813764628,0.21640770176148885,0.2164249616318802
0.24934893671196515,0.24907862522448612,0.24920899368976515,0.24946068611108418,0.2492301630861036,0.2494566877934645,0.2492905766054917,0.24947058558732302,0.24918562420236073,0.24947515637521075,0.24919979993803543,0.22537816154290596,0.24072852919066276,0.20168425338520657,0.24639721123519792,0.19794148317658886,0.24167476932642698,0.20494824835895886,0.24092195873542285,0.24869978946192736,0.24904117555684072,0.2304979878254037,0.20188757476163086,0.22632546056782415,0.2018908638813629,0.22966014967949347,0.1803629309713877,0.2260351251114537,0.21590888887684595,0.2500000000000002,0.2487177204216035,0.2349754651002393,0.1959019132308892,0.22687180554132744,0.204184835387024,0.2358156440410133,0.20724526269221044,0.2355654479670948,0.2276769721239159,0.2491231670531126,0.24916778709934018,0.22140897958071773,0.2440152445180644,0.20047052827705214,0.24682692225383224,0.2047003930881796,0.2416771822327939,0.21373895053627284,0.24358694896966004,0.24903741851803765,0.2493188221214679,0.24934321917010044,0.24911749870828936,0.24943251596735022,0.2492274000938934,0.24947679046625154,0.24934352040399274,0.24944770211381168,0.24945774085631128,0.249477411838113
0.24910730406677334,0.2488372809553543,0.24896708322273897,0.24921895410673678,0.24898840771458638,0.24921496241868044,0.24904895360680293,0.2492288443936274,0.24894384478722226,0.24923340998706964,0.24895856010464607,0.22516043526933627,0.2404780545121704,0.20151351104158924,0.2461584145157851,0.19775726874128066,0.24144508148456745,0.20473848394290542,0.2406916421362117,0.24845835765813126,0.24880020051212778,0.23024508089466852,0.2017077182355908,0.22608290465329342,0.20177367785699785,0.2294462183495453,0.18023599163889437,0.22582718526782386,0.21573350938474625,0.2487177204216035,0.2500000000000002,0.23472865589027156,0.19558066781907218,0.22665925468565196,0.20387954920986537,0.2355938545177233,0.2069552087584467,0.23533315814255767,0.22742894117762222,0.24888215116999354,0.2489265916425257,0.22114411699866243,0.243781069943554,0.20017196984669508,0.24658716404706005,0.204461463938761,0.24143201715844936,0.2135205218088364,0.2433490032586679,0.24879656523502186,0.24907737681441441,0.2491016016773584,0.24887601814571284,0.24919081095254755,0.2489861455975031,0.24923504320609752,0.24910193429492417,0.2492059823903465,0.2492160092257395,0.24923566332387126
0.23535758860844835,0.23510264423990013,0.2352240968680102,0.23546310443076388,0.23524691533813968,0.23545935863553683,0.23530257450390343,0.2354724580759134,0.2352005639551577,0.23547675821771544,0.23521923424934088,0.21301391706058817,0.22705899628078977,0.19082044781331872,0.23261227774902746,0.18619911673611914,0.22842854287993503,0.1924616931748946,0.22760913686997514,0.2347406796266062,0.23506835109136084,0.2175271631534238,0.19142602899057543,0.21395986816000062,0.1927331433200966,0.21696697564305528,0.17215773680488328,0.21335387280926243,0.2050725451158845,0.2349754651002393,0.23472865589027156,0.24999999999999997,0.18175337040633388,0.21464704483981686,0.19152105207436987,0.22349047147966278,0.19544730900795448,0.22285572413604912,0.21471766565330078,0.23516520626792614,0.23519786892678804,0.20753053629862805,0.2306727176416521,0.18712564026347075,0.2329776730054456,0.19250272066793547,0.2277865568153782,0.2015081023557338,0.22981602334790457,0.2350798059561458,0.23533515881491282,0.23535224263164678,0.23513329325287924,0.2354365122354482,0.2352492385128957,0.23547831521492335,0.235353543672551,0.23545084647731565,0.23546022473573525,0.23547888911611153
0.19614059201082334,0.19592628815978308,0.19603882992227575,0.19622832767229423,0.19602236302167875,0.1962249146202395,0.19607719273914304,0.1962359705490436,0.19598766452886998,0.19623975004876232,0.19599776157592572,0.17360515508406443,0.1897550419885905,0.15042430556712788,0.19348151710068556,0.1507948196545745,0.189232904223857,0.15930863179503396,0.1889345408001957,0.19564911003390947,0.1959139671365855,0.18208750724381603,0.14908302227019626,0.1781489176279714,0.15166192113203855,0.1833328776089886,0.13306040796905508,0.18043205199795276,0.16517272039913045,0.1959019132308892,0.19558066781907218,0.18175337040633388,0.2499999999999999,0.17373097916164046,0.16154504029726802,0.18506348627428112,0.17462236395491137,0.18407568555798703,0.18321534860258154,0.19592166607448466,0.19597614725637033,0.17382719068324556,0.19157779922209509,0.15867362511363495,0.1944083235876531,0.16192940743776402,0.1908324233947876,0.1691408314486645,0.19179143326332182,0.19586099643776983,0.19610561916631933,0.1961358923556003,0.19596096346710434,0.19620619143768317,0.19602653276699333,0.19624096365658258,0.19613449674435685,0.19621813676898017,0.19622616304326568,0.19624150683344144
