x1,x2,x3,x4,x5,x6,x7,x8,x9,x10,x11,x12,x13,x14,x15,x16,x17,x18,x19,x20,x21,x22,x23,x24,x25,x26,x27,x28,x29,x30,x31,x32,x33,x34,x35,x36,x37,x38,x39,x40,x41,x42,x43,x44,x45,x46,x47,x48,x49,x50,x51,x52,x53,x54,x55,x56,x57,x58,x59,x60
0.25000000000000006,0.23974364885184962,-0.1529775886761379,0.23473876800112142,-0.13193504324818753,0.23831030256677627,-0.1678858748851282,0.23152074979914866,-0.15996083330366007,0.24379363696678724,0.06787523330011488,-0.0948149269117606,0.09725753113505534,-0.09897314839457423,0.10858104064679795,-0.09992954984660946,0.1418989761556256,-0.1409063710985584,0.13610062253547944,-0.13217556128910726,-0.0564966198689017,0.07181898291547985,-0.08147937003277536,0.07357127201377604,-0.05136790620704301,0.059761525397938456,-0.0669685228062547,0.09360262809722644,-0.09776947653779897,0.13472396263762182,0.09040395430844686,-0.07661426819869195,0.06930650367452436,-0.05295859799054074,0.04188942257241993,-0.03490487548963882,0.03852034227240301,0.001277136233681975,-0.0184662433844965,0.129767091880359,-0.07488564963511367,0.05583826732666799,-0.04622867254616501,0.037125939075840164,-0.005193728012369962,-0.0030204069649944964,0.055866620233944515,-0.05533168736463763,0.12333390570594605,-0.11720214164691595,0.2423500739930535,0.23294138478143755,-0.04290063474986536,0.22343311449557132,-0.03539375591123286,0.23031208123109356,-0.09965270424715864,0.23574536093398174,-0.15095615381007937,0.24379512952147375
0.23974364885184962,0.25,-0.16306325063346933,0.23752211824475225,-0.1382515282201565,0.24079728324671967,-0.17150236511446665,0.23382460817183395,-0.16327262965725015,0.24594462808758852,0.07770691432047078,-0.10486921113592593,0.10730248578449425,-0.10847766674109785,0.11543654954956477,-0.10598277512142594,0.14586732768067742,-0.14474851358411248,0.13987158191630084,-0.13608745628761312,-0.06518111133762644,0.08111129845291683,-0.09051625318460664,0.08243635750363787,-0.05960857923550174,0.0670791032193247,-0.07414610419950744,0.09921472856292808,-0.10325660218365693,0.1387351811387147,0.09896939639751272,-0.08529648517613235,0.07807030960772357,-0.06130484239177718,0.05001476286562068,-0.042699316467602874,0.045819909511516634,-0.004363186407392015,-0.013465865848606724,0.12874889371946835,-0.08238006902115602,0.06398881429345023,-0.05420655047779434,0.0449578125619954,-0.011960431042344972,0.0034930420339434345,0.05148201735175505,-0.05158708973779174,0.12207647685751676,-0.11573530285423009,0.244516937495262,0.23471203143344893,-0.03803398562918906,0.2248531094301052,-0.03007117698263837,0.23197762165270927,-0.09674009633428629,0.2376064628182457,-0.15054732394286513,0.24594605418143461
-0.1529775886761379,-0.16306325063346933,0.25000000000000017,-0.1681616104966324,0.1543780283292582,-0.15974443187802492,0.1322138501378804,-0.15259734782487613,0.12443890064255701,-0.15910977548098212,-0.16318105663518798,0.19090576331981834,-0.19335564742012307,0.1859518362719164,-0.15155244660390543,0.1351631788957418,-0.12460279273478914,0.12154097001448941,-0.11725843307985379,0.11715128711732681,0.1510607680745273,-0.16718910971803863,0.16978485120582276,-0.16219517088654611,0.1368769460227658,-0.128852678373705,0.1305222328451644,-0.12236769100528994,0.12275436665132987,-0.12048292999602891,-0.16834747440607495,0.16118405716235662,-0.157807627982742,0.1405797424851133,-0.12981838851270108,0.1216420604230385,-0.11695800813543031,0.07351303366726562,-0.05585145630158977,-0.056341489700967216,0.14252513723193325,-0.14151413155543793,0.13296716272541934,-0.12506702698462194,0.09269877281835055,-0.0844084103545908,0.027864489602500764,-0.019537805426627138,-0.04973717165812613,0.04368841052875153,-0.15850685687259927,-0.14817622217229096,-0.043164402548911206,-0.1385152658447201,-0.05166087713755955,-0.14547667514241666,0.015039598198500198,-0.1509710660518224,0.07571351228992763,-0.15910969387848414
0.23473876800112142,0.23752211824475225,-0.1681616104966324,0.25000000000000006,-0.14686794348655038,0.23619617074696014,-0.1724147265809781,0.2295558700141964,-0.1644322778047328,0.240939916304297,0.08274174547004597,-0.10999433285019533,0.11243118650034763,-0.11406886497813164,0.12330232387912315,-0.11362580561609413,0.1489913145947087,-0.14769063287033415,0.14284389132688416,-0.13899618463544114,-0.07028152911006309,0.08623309271627319,-0.09596356075601302,0.08790884708393334,-0.06513336786510723,0.0733391705502164,-0.080132305330337,0.10414420205431714,-0.10800650678069694,0.14165489599486808,0.10425086410483725,-0.09071543097214536,0.08354421147339891,-0.06674684046656094,0.055485923733619213,-0.048146302310522894,0.05149682943402788,-0.009989621648372695,-0.007860290138682226,0.12333662077091032,-0.0866701330024312,0.069411037764115,-0.059639553275646975,0.05040777304133257,-0.01736441007452783,0.008890514772337215,0.04614584780647244,-0.04605576085292745,0.11665890235544395,-0.11030614443969473,0.23956470965288687,0.22969108169007701,-0.032731665382781786,0.2198152574294554,-0.024731585571364727,0.22695056916476167,-0.09146933343986581,0.23258833891989347,-0.14520986383609352,0.2409412371165106
-0.13193504324818753,-0.1382515282201565,0.1543780283292582,-0.14686794348655038,0.25,-0.14331961224654638,0.16362462839019043,-0.14209245396007797,0.15640100279513594,-0.13782271972768037,-0.14174524058023458,0.16704175424304823,-0.17055321522542896,0.18099908905400533,-0.22622934096952932,0.21043898961184207,-0.17188427757901056,0.16764598016717921,-0.16344068420033686,0.16096626327627644,0.1332463317112273,-0.14957396904903833,0.16049017681925362,-0.1589100172514977,0.1646719895575858,-0.17437348079314496,0.1753984850170714,-0.17012729581553362,0.1701072756865035,-0.16410255119361103,-0.15911333946722622,0.15970963240153457,-0.15899138295279444,0.1583641337959611,-0.15848983339678444,0.15043576186358829,-0.15183196090502948,0.10884311775807787,-0.09093452544152418,-0.0244232126236206,0.14670767033771953,-0.14831743477958817,0.1458809195744871,-0.14397680795173778,0.117459827638218,-0.1119055678745596,0.05554926072192875,-0.05310780532215901,-0.017736275282522928,0.011446989882002772,-0.1377049210729562,-0.1271285501303376,-0.058931699036197084,-0.1168384704557539,-0.07657866028208916,-0.1238367265433702,-0.011026266198208725,-0.12947241923041908,0.04563288198896516,-0.13782216448170828
0.23831030256677627,0.24079728324671967,-0.15974443187802492,0.23619617074696014,-0.14331961224654638,0.24999999999999997,-0.17894337187794362,0.2331750901445782,-0.1682317216496024,0.2444979679774274,0.07716398582114103,-0.1043085327717611,0.10679295485506399,-0.10885066422451314,0.11974043753834823,-0.11061418836235534,0.15257873756410462,-0.1515294376571484,0.14663571150528357,-0.14266214989032772,-0.06490464248343752,0.08084575947070007,-0.09067705464074434,0.08287684304793598,-0.061502403115045595,0.06995886265776208,-0.07721828018815521,0.10388962895097946,-0.10806335524323747,0.14527532648791214,0.09951237753713402,-0.0859531983883273,0.07871697348371498,-0.06271429977801664,0.051929557569856746,-0.04462510280397117,0.048178807039195026,-0.006799476681758969,-0.011039184226040057,0.1265260625230302,-0.08310376681068365,0.06496301231146948,-0.055425687745511196,0.04641609737618844,-0.013676868610217167,0.005333580334826379,0.04960927001081172,-0.04926642251928054,0.11985074461880268,-0.11349251639923683,0.24309601765150424,0.2332706391875013,-0.03673045017261925,0.2233795096203151,-0.028365122899437236,0.2305087042467327,-0.0949776063741498,0.23614649775143262,-0.14845900032249232,0.24449944523241188
-0.1678858748851282,-0.17150236511446665,0.1322138501378804,-0.1724147265809781,0.16362462839019043,-0.17894337187794362,0.25000000000000006,-0.18580914182860137,0.21280547975037248,-0.17344759211100275,-0.0849194824714245,0.10869710373922029,-0.1120698922432438,0.12169699172048187,-0.1660775400317335,0.18039909924845826,-0.22327854202377506,0.22210374528061455,-0.21735267380001946,0.21333571491880798,0.08242229973460358,-0.09862109900782924,0.11045229541849094,-0.10971951120812898,0.1282618535480101,-0.1406900760432838,0.14732665679337104,-0.17461438164836274,0.17834634755091994,-0.21591179961950377,-0.11635530167458535,0.11523530263584573,-0.11283845667972545,0.1187127778255013,-0.12266990432541242,0.11501182610327358,-0.11892856954528512,0.07752477247908716,-0.05977439847183578,-0.055632692014375006,0.1128522466824614,-0.10593389788735669,0.10507262161533969,-0.10462800034680603,0.08060553205423902,-0.07611387739959863,0.020903736445095886,-0.021587301444154133,-0.04898829267819589,0.042637251420691975,-0.17303555143331356,-0.16292434482051385,-0.01983748601958468,-0.152529017936746,-0.04019124886227543,-0.15947264446688197,0.024100709885246215,-0.16510456028544482,0.07756344460765217,-0.1734488428793892
0.23152074979914866,0.23382460817183395,-0.15259734782487613,0.2295558700141964,-0.14209245396007797,0.2331750901445782,-0.18580914182860137,0.2500000000000002,-0.1775812493102724,0.2376343644083071,0.07217065120055301,-0.09856251317303262,0.10121855375841343,-0.10476431002211323,0.12234644395908267,-0.11733085155097735,0.15944595252339952,-0.1583841454500393,0.15350355381400932,-0.14952555324035063,-0.0615538974023785,0.07753441036850826,-0.08778683065907672,0.08132741339182613,-0.0676477669086058,0.07682351190354707,-0.08402852114803178,0.11075566719494825,-0.11488829411882616,0.1521346741625695,0.09603097268734902,-0.08485178694488685,0.07854427872408043,-0.06678553729101293,0.05879411999277957,-0.051454575793459814,0.055043432834794445,-0.013657350478060801,-0.004174730420284546,0.11966593015662251,-0.08356284129562537,0.06612069522702033,-0.05824549917210116,0.050870033007026805,-0.019803695008462092,0.012196321409609325,0.04277779106786845,-0.04240203020571235,0.11299072624227627,-0.10663237904191097,0.23635759576145615,0.22653969559617484,-0.03260263785299961,0.2165500409851238,-0.021934644266017374,0.22364503321419715,-0.08811529136467908,0.22928283431038127,-0.14159885875301173,0.23763581417420604
-0.15996083330366007,-0.16327262965725015,0.12443890064255701,-0.1644322778047328,0.15640100279513594,-0.1682317216496024,0.21280547975037248,-0.1775812493102724,0.2500000000000002,-0.16523978093984223,-0.08137160174124458,0.10371643958480642,-0.10708118381022526,0.11660924128185914,-0.1602235964040722,0.17693941982666359,-0.22002031176407144,0.22321986380650016,-0.2256782429160889,0.22115249536331552,0.0801560660879202,-0.09638440652235164,0.10840552655842743,-0.10821558780112783,0.13010968626308042,-0.1429208432790532,0.14946248606377674,-0.17685740405440137,0.18054073094945386,-0.21811336040223128,-0.11390180760157462,0.11412184821830015,-0.11222260585877833,0.11982400120350065,-0.12500039449211106,0.11786170846904145,-0.12182787608009799,0.08203520798336258,-0.06456463701433617,-0.049081365747525835,0.11215332792121986,-0.10602333416886821,0.10588093246586844,-0.10614694917801548,0.08341025943645558,-0.07959789379773567,0.02583996561775758,-0.026949784024659765,-0.04254264726329927,0.03629910711700973,-0.1649143873171593,-0.15498403082919077,-0.023061681366016485,-0.14473936639617851,-0.04387551021981216,-0.15149032900935858,0.018303409447881575,-0.15702423712815225,0.07070296429033296,-0.1652405462096984
0.24379363696678724,0.24594462808758852,-0.15910977548098212,0.240939916304297,-0.13782271972768037,0.2444979679774274,-0.17344759211100275,0.2376343644083071,-0.16523978093984223,0.25000000000000006,0.07380996032924833,-0.1009530112734008,0.10338665832244129,-0.10503723164582288,0.11425911950922404,-0.10512884439048965,0.14708314492381366,-0.14604411826899885,0.14114010417381623,-0.13717002922039442,-0.06126152610534545,0.07718753841358841,-0.0869673059213616,0.07886295146252098,-0.05615959818279616,0.06446192039229179,-0.07177186413376006,0.09839313249398818,-0.10260168374923857,0.139785094022856,0.09589529243236439,-0.08191030486403048,0.074497312509006,-0.05774942245969482,0.046432747181491506,-0.03915639376780422,0.042681973282947504,-0.0013081335173891903,-0.01653597289349919,0.13201975984124636,-0.07970197705878343,0.06051746977918079,-0.05067288865396119,0.04135677241407173,-0.008315897867079829,-0.00016291225836885398,0.055080189804512646,-0.05476329068185713,0.12534161027170318,-0.11898325935435221,0.2485294051106046,0.23874307613273313,-0.04172414261594153,0.22887020744098086,-0.03378175002718935,0.23600563131116817,-0.10047304210238382,0.24164342072062373,-0.15395029647370714,0.2499963677278333
0.06787523330011488,0.07770691432047078,-0.16318105663518798,0.08274174547004597,-0.14174524058023458,0.07716398582114103,-0.0849194824714245,0.07217065120055301,-0.08137160174124458,0.07380996032924833,0.25000000000000017,-0.2210232345624344,0.2173388315269475,-0.2059902530507688,0.15716122848627057,-0.13831184904712446,0.0943221936165924,-0.09046358305994955,0.0874450663239408,-0.08951298148090922,-0.1866030864391256,0.20032153221609816,-0.19532979216666457,0.18903025611402116,-0.16641858158867,0.15158455190946454,-0.14941306058964188,0.12141384314562403,-0.11930437239565894,0.09258585632566281,0.18828892361549204,-0.18610881557767686,0.1855683869731745,-0.17067015761214807,0.16192606277638158,-0.1546260137281457,0.14649646121044463,-0.1092647027570362,0.09470174265271468,-0.0033626170250950086,-0.15960783939681056,0.1705989834073058,-0.164141051403463,0.15830059671421623,-0.13170721323979787,0.12489538803147929,-0.07705748855831812,0.06559752110265087,-0.008798061133436631,0.013650058497659127,0.07386321999718407,0.06490122982253141,0.0909505372805466,0.05700123824004628,0.09820653007095238,0.06268745029612915,0.0428246773260207,0.06717000938819373,-0.011353850245297453,0.07380854787645225
-0.0948149269117606,-0.10486921113592593,0.19090576331981834,-0.10999433285019533,0.16704175424304823,-0.1043085327717611,0.10869710373922029,-0.09856251317303262,0.10371643958480642,-0.1009530112734008,-0.2210232345624344,0.25000000000000017,-0.2462213897849555,0.2346513970682057,-0.18166478098902303,0.1612752645403163,-0.1171456250310902,0.1127600861543887,-0.10884687954430355,0.11078257900573435,0.20977512235051768,-0.22611499556956993,0.22167089870584447,-0.21439065259140713,0.18769442697789177,-0.17226470216902187,0.17052800317775577,-0.14233636223566087,0.14039641324905056,-0.11452416192101318,-0.214690497002839,0.21113208989009527,-0.20996901017378722,0.19238249052232959,-0.18194684190778365,0.1733292708165138,-0.16479002447550087,0.12055939872289785,-0.10312882350287297,-0.006521017253937391,0.18186268539182812,-0.19243791161464463,0.18460156629706662,-0.17748474078744447,0.1456468109815405,-0.13749130390308606,0.08052610516611461,-0.0680650565084428,-1.3763633473719634e-5,-0.005830837952973672,-0.10089839676732008,-0.0902623191149678,-0.09677348577542573,-0.08078444745945379,-0.10545698365766844,-0.08760723667578216,-0.03924671743927036,-0.09298615679052445,0.02447990918550232,-0.10095191871579422
0.09725753113505534,0.10730248578449425,-0.19335564742012307,0.11243118650034763,-0.17055321522542896,0.10679295485506399,-0.1120698922432438,0.10121855375841343,-0.10708118381022526,0.10338665832244129,0.2173388315269475,-0.2462213897849555,0.25000000000000006,-0.23824997014397548,0.18527354960757275,-0.16489154279014848,0.12074676687564957,-0.11636566255140479,0.1124373674480733,-0.11416986066849076,-0.2069934230949361,0.22331725465783608,-0.22217201557482613,0.21515663851020736,-0.18854632960013892,0.1735379391250932,-0.1719121561313243,0.14466868098123223,-0.14283937907020208,0.1178853738971459,0.21524346135546707,-0.21171697219673158,0.21051384290990804,-0.19308623510055442,0.18273418581225565,-0.17405036254587097,0.1656421936358696,-0.12104281085585619,0.10342860956591204,0.007501724579966168,-0.18259401844689593,0.1929704360156816,-0.18514525705101068,0.17803907489538942,-0.14595965852560897,0.1377690614925408,-0.08026038813582095,0.06792958827791751,0.0009230094752167479,0.004993429457323853,0.10332320850380576,0.09258322788601403,0.096411326565918,0.08299117122776464,0.10533056566249133,0.08988698739060984,0.038477177523135724,0.09532761147482545,-0.02572837992708859,0.10338560593967998
-0.09897314839457423,-0.10847766674109785,0.1859518362719164,-0.11406886497813164,0.18099908905400533,-0.10885066422451314,0.12169699172048187,-0.10476431002211323,0.11660924128185914,-0.10503723164582288,-0.2059902530507688,0.2346513970682057,-0.23824997014397548,0.2500000000000001,-0.196829570473817,0.17644659531560172,-0.1322952946934293,0.12791976187533013,-0.12396025762365419,0.12549856637364656,0.20123783535999684,-0.21758088020124292,0.2265863140244724,-0.22380628346423853,0.19726348379157269,-0.18268412493089417,0.18119245972314538,-0.15488613650674227,0.15320576500551186,-0.12917957316274173,-0.21829484798745494,0.21581710423291842,-0.2156078168617486,0.20034253242103517,-0.19138108253083125,0.18242162353683697,-0.17404690846579907,0.12809013801207958,-0.10987430076124241,-0.005132117013309603,0.18737760095770542,-0.1980780720699375,0.19117427717985946,-0.1849886802050924,0.15279662118344445,-0.1447856092114586,0.08537866181097925,-0.07303378390330209,0.001681149163507065,-0.007819234971681086,-0.10503148269208828,-0.09393400092682465,-0.10012689189497614,-0.0839297567604038,-0.11088397145654998,-0.09104564289404504,-0.04206149508497047,-0.09668348408205886,0.024111510243887926,-0.10503622485212387
0.10858104064679795,0.11543654954956477,-0.15155244660390543,0.12330232387912315,-0.22622934096952932,0.11974043753834823,-0.1660775400317335,0.12234644395908267,-0.1602235964040722,0.11425911950922404,0.15716122848627057,-0.18166478098902303,0.18527354960757275,-0.196829570473817,0.25000000000000006,-0.2281151884290837,0.1839077731628013,-0.17946768929065168,0.17537555751470219,-0.1733459394440715,-0.14902015595985993,0.16536455566154265,-0.17642866081091563,0.176081910394109,-0.1863541084289476,0.19430303173028993,-0.194585217401432,0.1864076313016197,-0.1859690175568349,0.17654086777220712,0.1735923109111117,-0.17646645819080392,0.17682244878421036,-0.17894745091829933,0.18106321053038374,-0.17283020604029758,0.17315889802941567,-0.12994455432752855,0.11207880166306283,0.002857965983996271,-0.16078809374458558,0.16677334629961021,-0.16560679360888522,0.16497462766796822,-0.13966482371326783,0.13463356301384224,-0.07801668440547346,0.07449750710110757,-0.0038134295978845,0.01006318373481495,0.11440412728333833,0.10369580796682942,0.07987748154895535,0.09336792149186396,0.0991271666359354,0.10031964387508895,0.033873459711821055,0.10593653750910537,-0.023737477370627195,0.11425841293515639
-0.09992954984660946,-0.10598277512142594,0.1351631788957418,-0.11362580561609413,0.21043898961184207,-0.11061418836235534,0.18039909924845826,-0.11733085155097735,0.17693941982666359,-0.10512884439048965,-0.13831184904712446,0.1612752645403163,-0.16489154279014848,0.17644659531560172,-0.2281151884290837,0.24999999999999978,-0.20558745507345566,0.2001458716072401,-0.19589206386427535,0.1930984565811245,0.1369176576227775,-0.1533940734899262,0.16548970204385183,-0.16697097604637554,0.19555225149422348,-0.20932693633300886,0.21016117706317577,-0.2036663425047952,0.20339033284220864,-0.19623932379411718,-0.16234230604204647,0.16997999004722708,-0.17187495672373462,0.18318501768389792,-0.19129790198218533,0.18315018382173473,-0.18574607812369853,0.14285484551566743,-0.12498712413863605,0.009530269662784448,0.15848278203522406,-0.16496427983409764,0.16722605909515817,-0.1699539788609169,0.14815740161436633,-0.14469089070597604,0.08842697489964005,-0.08706614080915316,0.016199199710312362,-0.022501587325802073,-0.10550217598558527,-0.09480657938440724,-0.08395149909772096,-0.08423330484270274,-0.1081221754848884,-0.09113729642442646,-0.04393444747069568,-0.09677515734625969,0.011900061492139792,-0.10512814849923217
0.1418989761556256,0.14586732768067742,-0.12460279273478914,0.1489913145947087,-0.17188427757901056,0.15257873756410462,-0.22327854202377506,0.15944595252339952,-0.22002031176407144,0.14708314492381366,0.0943221936165924,-0.1171456250310902,0.12074676687564957,-0.1322952946934293,0.1839077731628013,-0.20558745507345566,0.24999999999999997,-0.24052067409651806,0.23527681722768057,-0.23177090148084944,-0.09328877516102346,0.10955618620996202,-0.12188707800289181,0.12324853181320411,-0.15284275530106153,0.16641560918131174,-0.1723929520978556,0.1971205276610377,-0.20039721940527586,0.2344246080524563,0.12621003525954405,-0.129064533508491,0.12830926141122004,-0.14028080316380753,0.14840661973080133,-0.14062206310266975,0.14454010155042293,-0.10309124511430191,0.08539115338986927,0.02977757211400643,-0.12564973873262603,0.12318037121456027,-0.12483313142685203,0.126879145479671,-0.10534559152005665,0.10194662908210998,-0.046682152068105685,0.047308710880587065,0.02315360663945185,-0.016820525606893597,0.1470135142897604,0.136779513143342,0.041721343032204865,0.12625864209854992,0.06546305594111339,0.13313745337238125,0.0019085012080987066,0.13875743361307785,-0.05162864211783812,0.1470840246273429
-0.1409063710985584,-0.14474851358411248,0.12154097001448941,-0.14769063287033415,0.16764598016717921,-0.1515294376571484,0.22210374528061455,-0.1583841454500393,0.22321986380650016,-0.14604411826899885,-0.09046358305994955,0.1127600861543887,-0.11636566255140479,0.12791976187533013,-0.17946768929065168,0.2001458716072401,-0.24052067409651806,0.24999999999999978,-0.24453003223230713,0.24099403864506996,0.0928070457698424,-0.10913284934529377,0.12159940375730657,-0.123255490162431,0.15466676311953798,-0.16841028163295874,0.17480510544049183,-0.20233768911848904,0.20589857337535078,-0.2436125246843896,-0.12633974354452218,0.12938683695504646,-0.12864187976156924,0.14160338430165462,-0.15038118462595515,0.14257391161619518,-0.14663061148815976,0.10515472783593528,-0.08741279778603292,-0.028129796444763405,0.12623011077546523,-0.12391617679595875,0.12588749082858625,-0.1282449426565081,0.10701859422243801,-0.10377398338034605,0.04837747604520235,-0.0491869083555527,-0.021489105083559664,0.015131902787616827,-0.14600034817044114,-0.13573543444685984,-0.042789346806421935,-0.12516124896178965,-0.06707786234093689,-0.13205414773030763,-0.003450237752696545,-0.13769192708721129,0.050090980815579764,-0.14604490323200958
0.13610062253547944,0.13987158191630084,-0.11725843307985379,0.14284389132688416,-0.16344068420033686,0.14663571150528357,-0.21735267380001946,0.15350355381400932,-0.2256782429160889,0.14114010417381623,0.0874450663239408,-0.10884687954430355,0.1124373674480733,-0.12396025762365419,0.17537555751470219,-0.19589206386427535,0.23527681722768057,-0.24453003223230713,0.24999999999999975,-0.2449068406108995,-0.08963282367121207,0.10594128018793462,-0.11839510871379653,0.12019540406926481,-0.15221815210396078,0.16600966267405212,-0.17231344973822704,0.19981764785900974,-0.20334486662435644,0.24090868238218882,0.12278466921434926,-0.12644070239841107,0.1259539996779257,-0.1391677071384798,0.1481868621670261,-0.14098740317865865,0.1450456722182937,-0.10556641041356352,0.08815397763541681,0.025268928021481896,-0.1235837627068089,0.1214752287447547,-0.12360976386456021,0.12612743879586974,-0.10571497811520458,0.10294107373227517,-0.049342201679655494,0.050619336609586105,0.018753183521454945,-0.012526545006794444,0.1411283213722056,0.1310974153308472,0.04285903974952835,0.12074816873006138,0.06669584841816421,0.12742211187313382,0.0054426557001685414,0.13294135168929697,-0.04684830961618017,0.1411406144657948
-0.13217556128910726,-0.13608745628761312,0.11715128711732681,-0.13899618463544114,0.16096626327627644,-0.14266214989032772,0.21333571491880798,-0.14952555324035063,0.22115249536331552,-0.13717002922039442,-0.08951298148090922,0.11078257900573435,-0.11416986066849076,0.12549856637364656,-0.1733459394440715,0.1930984565811245,-0.23177090148084944,0.24099403864506996,-0.2449068406108995,0.24999999999999983,0.09249433841476422,-0.10884961760493224,0.12127327655517221,-0.12312371525350262,0.15527076669988224,-0.16914841781393994,0.17542954633918395,-0.203044515931985,0.20655827805149662,-0.24422515965132885,-0.12465859948408005,0.1289804378803308,-0.12891651326303072,0.14218722878215745,-0.15128522565125474,0.14416591342618218,-0.1482970757985549,0.10917812688670026,-0.09179901981629439,-0.02144098971392878,0.12579942675451464,-0.12436031585222498,0.126593984173667,-0.1292124622695236,0.10897919911430219,-0.1062598186158642,0.052909142218979036,-0.05432190791033467,-0.014938739628991034,0.008725139136585186,-0.1372137115329853,-0.12716330799822134,-0.04616420575792549,-0.1168321821472747,-0.07006039092649437,-0.12347782539858049,-0.009138375184841703,-0.12898475221700356,0.04299517925230947,-0.13717050325985422
-0.0564966198689017,-0.06518111133762644,0.1510607680745273,-0.07028152911006309,0.1332463317112273,-0.06490464248343752,0.08242229973460358,-0.0615538974023785,0.0801560660879202,-0.06126152610534545,-0.1866030864391256,0.20977512235051768,-0.2069934230949361,0.20123783535999684,-0.14902015595985993,0.1369176576227775,-0.09328877516102346,0.0928070457698424,-0.08963282367121207,0.09249433841476422,0.24999999999999994,-0.23295992501369578,0.22036051335856904,-0.2130455832656949,0.1860106536440417,-0.16824671175770714,0.1655229186388908,-0.13166388955647199,0.12866393163793366,-0.09665656690033339,-0.21406685142128232,0.20883666375079357,-0.2090900647190273,0.19155872218351744,-0.1813975359237135,0.17404002533905408,-0.16498604717891882,0.1265197013219684,-0.11138736099566374,0.017024051362982535,0.17768663126813328,-0.19232059210354663,0.18514902901562544,-0.17871007372641826,0.15114902781301723,-0.1438946328597114,0.09420234377150105,-0.08143349990415981,0.02265522943437759,-0.02764536387828748,-0.06146313471088905,-0.052040428077581136,-0.1093263465022857,-0.043891548523648766,-0.11648454289783566,-0.049769306638168885,-0.059049306663302506,-0.0543988174729168,-0.002056231959133571,-0.06126032144361962
0.07181898291547985,0.08111129845291683,-0.16718910971803863,0.08623309271627319,-0.14957396904903833,0.08084575947070007,-0.09862109900782924,0.07753441036850826,-0.09638440652235164,0.07718753841358841,0.20032153221609816,-0.22611499556956993,0.22331725465783608,-0.21758088020124292,0.16536455566154265,-0.1533940734899262,0.10955618620996202,-0.10913284934529377,0.10594128018793462,-0.10884961760493224,-0.23295992501369578,0.25000000000000006,-0.23681108146261276,0.2293144670797203,-0.20250799093686173,0.1844623415956923,-0.18203452022079267,0.14760005320166206,-0.14489708510141053,0.11286023069179398,0.22609272143075437,-0.2250496113589629,0.2253846757867941,-0.20772602433480658,0.19745365190215697,-0.18889975415710114,0.17923051591862973,-0.1354929442824325,0.11852275570132885,-0.012206696709943055,-0.19288326206023948,0.20743991101660098,-0.20002248707040415,0.19334896601203236,-0.16232380991002135,0.15435627221144474,-0.09837811555187254,0.08468261757902355,-0.01853584023423039,0.024180196693448487,0.07737095392028606,0.06680959360968305,0.11472870206651087,0.05760163375438453,0.12330058496628217,0.06423747078223234,0.058560441632396515,0.0694585300502483,-0.004854490989584733,0.07718631493084155
-0.08147937003277536,-0.09051625318460664,0.16978485120582276,-0.09596356075601302,0.16049017681925362,-0.09067705464074434,0.11045229541849094,-0.08778683065907672,0.10840552655842743,-0.0869673059213616,-0.19532979216666457,0.22167089870584447,-0.22217201557482613,0.2265863140244724,-0.17642866081091563,0.16548970204385183,-0.12188707800289181,0.12159940375730657,-0.11839510871379653,0.12127327655517221,0.22036051335856904,-0.23681108146261276,0.24999999999999983,-0.24139600892539026,0.21461885189550275,-0.1964127210381864,0.19417578555482518,-0.15968382245807877,0.1571741615966412,-0.12526581187837807,-0.23432467282042202,0.23603514908166326,-0.2375220681200565,0.21981352174716146,-0.20945817896082636,0.20027470134842085,-0.19021052231563115,0.14353384402175612,-0.1252540926166747,0.010316048369019499,0.20398771884612044,-0.2184996878042134,0.21105615530991167,-0.2043785994281815,0.1712642769576549,-0.16286238652210072,0.1028155410826724,-0.08861905518095513,0.01715108470286364,-0.023256114990982974,-0.0872015894282762,-0.0758052273574866,-0.1194058811921399,-0.06584055581044115,-0.1291878658873192,-0.072975159834508,-0.059784807686551374,-0.07861318407007821,0.00823365642094325,-0.08696614018656774
0.07357127201377604,0.08243635750363787,-0.16219517088654611,0.08790884708393334,-0.1589100172514977,0.08287684304793598,-0.10971951120812898,0.08132741339182613,-0.10821558780112783,0.07886295146252098,0.18903025611402116,-0.21439065259140713,0.21515663851020736,-0.22380628346423853,0.176081910394109,-0.16697097604637554,0.12324853181320411,-0.123255490162431,0.12019540406926481,-0.12312371525350262,-0.2130455832656949,0.2293144670797203,-0.24139600892539026,0.25,-0.21705783986250377,0.19886021016009664,-0.19650944689431815,0.1619711977225492,-0.15940108272124145,0.12728794620520859,0.2267538786036931,-0.2292638247276206,0.23204825606772256,-0.2189560769693417,0.21160964395133347,-0.20257880972592493,0.19273601187566752,-0.14700424734067438,0.12908994911570063,-0.01643663405873848,-0.19943603525037687,0.2143262541831422,-0.208904730365177,0.20421199605300555,-0.1734464670485991,0.1659506872929552,-0.10708980249525069,0.09318871738006641,-0.023136640089670854,0.029118713129891626,0.07918864501591706,0.06806535599987011,0.12046804514871917,0.05819405560557128,0.13251528129619794,0.06514971409420343,0.0649551799113072,0.07067498215319028,-0.0017360245210646748,0.07886174884622908
-0.05136790620704301,-0.05960857923550174,0.1368769460227658,-0.06513336786510723,0.1646719895575858,-0.061502403115045595,0.1282618535480101,-0.0676477669086058,0.13010968626308042,-0.05615959818279616,-0.16641858158867,0.18769442697789177,-0.18854632960013892,0.19726348379157269,-0.1863541084289476,0.19555225149422348,-0.15284275530106153,0.15466676311953798,-0.15221815210396078,0.15527076669988224,0.1860106536440417,-0.20250799093686173,0.21461885189550275,-0.21705783986250377,0.24999999999999994,-0.23090443633023458,0.22836963760206466,-0.1940964462439898,0.1913872649845681,-0.15962634342072202,-0.2006988340937963,0.21508329840765394,-0.22102781974175936,0.2319363857208057,-0.2402667296132846,0.23103107067492937,-0.22254883625387556,0.17615971021784158,-0.15794477454057762,0.04293412903302478,0.19517385638979382,-0.21148943344821353,0.2149595518104577,-0.2189842765665358,0.19712216453320697,-0.19365976590832817,0.13386548838149775,-0.12118207101689274,0.04975753456009394,-0.05588204673565012,-0.057005687878252005,-0.0458795638715836,-0.13202366647048003,-0.03526262238307222,-0.15708563355360103,-0.04216725839979623,-0.09082861523006552,-0.047805199460146205,-0.024087074749807653,-0.05615820919919746
0.059761525397938456,0.0670791032193247,-0.128852678373705,0.0733391705502164,-0.17437348079314496,0.06995886265776208,-0.1406900760432838,0.07682351190354707,-0.1429208432790532,0.06446192039229179,0.15158455190946454,-0.17226470216902187,0.1735379391250932,-0.18268412493089417,0.19430303173028993,-0.20932693633300886,0.16641560918131174,-0.16841028163295874,0.16600966267405212,-0.16914841781393994,-0.16824671175770714,0.1844623415956923,-0.1964127210381864,0.19886021016009664,-0.23090443633023458,0.24999999999999997,-0.24238565821661986,0.20802109471463742,-0.205216179332687,0.1733172603030928,0.18398054975351383,-0.19872667588200657,0.2046818516503371,-0.21763486543903265,0.2271651767023164,-0.21885888724845975,0.22104724544361243,-0.17765926084418987,0.1599970392069724,-0.046513911365909086,-0.18230317513660324,0.19626242241668432,-0.20037793806909837,0.2050102317367746,-0.18428367239486573,0.18123690242960694,-0.12533395979139453,0.12290726969776194,-0.05308831679301535,0.05924769374383718,0.06530321452320978,0.05441048803867244,0.11939936350166395,0.04392749806639235,0.14505751221882443,0.050703129746423936,0.0818826436849202,0.05624746868440541,0.025728501663854667,0.0644606660826487
-0.0669685228062547,-0.07414610419950744,0.1305222328451644,-0.080132305330337,0.1753984850170714,-0.07721828018815521,0.14732665679337104,-0.08402852114803178,0.14946248606377674,-0.07177186413376006,-0.14941306058964188,0.17052800317775577,-0.1719121561313243,0.18119245972314538,-0.194585217401432,0.21016117706317577,-0.1723929520978556,0.17480510544049183,-0.17231344973822704,0.17542954633918395,0.1655229186388908,-0.18203452022079267,0.19417578555482518,-0.19650944689431815,0.22836963760206466,-0.24238565821661986,0.25000000000000017,-0.21448292827435872,0.21169671792057557,-0.17982038857953414,-0.18252056236812753,0.19672485460219508,-0.20234996762059426,0.2152084107224264,-0.2246394046164089,0.21645041449246227,-0.22088355417548045,0.17729651088092827,-0.15937949379883562,0.04388748309936581,0.18091486978052515,-0.19390955608213775,0.19785212377538397,-0.20231276328987205,0.1811859511523802,-0.17803477787376962,0.1218529374907195,-0.12146610085296905,0.05054825333545554,-0.05683901844686129,-0.0725670740261965,-0.06154065190418346,-0.11541100189592907,-0.05089094099145621,-0.14128011158932022,-0.057780283737021765,-0.07742364438595058,-0.06341796632013307,-0.022285546882886288,-0.07177073884378331
0.09360262809722644,0.09921472856292808,-0.12236769100528994,0.10414420205431714,-0.17012729581553362,0.10388962895097946,-0.17461438164836274,0.11075566719494825,-0.17685740405440137,0.09839313249398818,0.12141384314562403,-0.14233636223566087,0.14466868098123223,-0.15488613650674227,0.1864076313016197,-0.2036663425047952,0.1971205276610377,-0.20233768911848904,0.19981764785900974,-0.203044515931985,-0.13166388955647199,0.14760005320166206,-0.15968382245807877,0.1619711977225492,-0.1940964462439898,0.20802109471463742,-0.21448292827435872,0.25000000000000006,-0.24238160603116757,0.2075444335121878,0.15548002407849618,-0.16471410160135377,0.16784902341839356,-0.1811318337397861,0.19049189417847254,-0.18282495814598312,0.18736778257862183,-0.14810671341845574,0.13079707205558205,-0.017264133813271635,-0.154916227778958,0.16136550141294537,-0.16464191445648896,0.16838362535201565,-0.14819131952097125,0.14528885914543235,-0.09178540109093013,0.09326519795622101,-0.023766028568327546,0.029980853807312913,0.09888953827883716,0.08841006391545278,0.08439094323254277,0.0780175311606474,0.10916518263024426,0.08467083856525197,0.04816843838060219,0.09018670110705974,-0.004305497453350722,0.09839276105441049
-0.09776947653779897,-0.10325660218365693,0.12275436665132987,-0.10800650678069694,0.1701072756865035,-0.10806335524323747,0.17834634755091994,-0.11488829411882616,0.18054073094945386,-0.10260168374923857,-0.11930437239565894,0.14039641324905056,-0.14283937907020208,0.15320576500551186,-0.1859690175568349,0.20339033284220864,-0.20039721940527586,0.20589857337535078,-0.20334486662435644,0.20655827805149662,0.12866393163793366,-0.14489708510141053,0.1571741615966412,-0.15940108272124145,0.1913872649845681,-0.205216179332687,0.21169671792057557,-0.24238160603116757,0.25000000000000017,-0.21124506128657453,-0.1536793623476043,0.1625001496747189,-0.1652802842182088,0.17860339566220385,-0.18790925080611032,0.1811998135498234,-0.18617620697417062,0.1482488783124913,-0.1308520712401121,0.015286596209659973,0.1531743647630505,-0.1588949117871196,0.16206104969159993,-0.16570549470963014,0.14631109801520983,-0.1436713228118571,0.09043690647211801,-0.0926216361305154,0.02190074912804903,-0.02820979176791344,-0.10306226483095027,-0.09255019971899762,-0.08146203683911436,-0.08200465370532947,-0.10684754897627506,-0.08865702116255475,-0.04632755628857851,-0.09424885876941852,0.006696222697379633,-0.10260139897607509
0.13472396263762182,0.1387351811387147,-0.12048292999602891,0.14165489599486808,-0.16410255119361103,0.14527532648791214,-0.21591179961950377,0.1521346741625695,-0.21811336040223128,0.139785094022856,0.09258585632566281,-0.11452416192101318,0.1178853738971459,-0.12917957316274173,0.17654086777220712,-0.19623932379411718,0.2344246080524563,-0.2436125246843896,0.24090868238218882,-0.24422515965132885,-0.09665656690033339,0.11286023069179398,-0.12526581187837807,0.12728794620520859,-0.15962634342072202,0.1733172603030928,-0.17982038857953414,0.2075444335121878,-0.21124506128657453,0.25000000000000044,0.12855105896677343,-0.13302932197514805,0.1331464725319696,-0.14653364256336818,0.15563980895694465,-0.14788765679847135,0.15199417566128268,-0.11075759952694478,0.09306940589148827,0.0221663531937427,-0.12961277889717798,0.1283116717959743,-0.13060320976533665,0.13328814683632506,-0.11236877909352243,0.10925037628651073,-0.054053231829895944,0.05494348524420911,0.015547078252605082,-0.009208201244266726,0.1398372740182986,0.1295313880145391,0.047994256707662324,0.11897196133477825,0.07258830766716101,0.12583418844532895,0.009290528841663145,0.1314553125308884,-0.04407534319806954,0.13978575847801855
0.09040395430844686,0.09896939639751272,-0.16834747440607495,0.10425086410483725,-0.15911333946722622,0.09951237753713402,-0.11635530167458535,0.09603097268734902,-0.11390180760157462,0.09589529243236439,0.18828892361549204,-0.214690497002839,0.21524346135546707,-0.21829484798745494,0.1735923109111117,-0.16234230604204647,0.12621003525954405,-0.12633974354452218,0.12278466921434926,-0.12465859948408005,-0.21406685142128232,0.22609272143075437,-0.23432467282042202,0.2267538786036931,-0.2006988340937963,0.18398054975351383,-0.18252056236812753,0.15548002407849618,-0.1536793623476043,0.12855105896677343,0.2500000000000001,-0.23081051325716825,0.22346910158899735,-0.20583181394967315,0.19542581345752247,-0.18643018163236263,0.17635681373268722,-0.1303951977998722,0.11240855845319622,0.0005035833259538215,-0.19569730426317442,0.2092835025214528,-0.19959164521836711,0.1905804131692514,-0.15794485523863364,0.14963273504373972,-0.09059406049848012,0.0764308231066313,-0.006214102606110595,0.012210092944314325,0.09573394601456287,0.08483727515825361,0.10879399553476289,0.07513069724704802,0.11657986565421564,0.08214759019994466,0.04827351549668408,0.08768770707772376,-0.018696190668522156,0.09589435003114798
-0.07661426819869195,-0.08529648517613235,0.16118405716235662,-0.09071543097214536,0.15970963240153457,-0.0859531983883273,0.11523530263584573,-0.08485178694488685,0.11412184821830015,-0.08191030486403048,-0.18610881557767686,0.21113208989009527,-0.21171697219673158,0.21581710423291842,-0.17646645819080392,0.16997999004722708,-0.129064533508491,0.12938683695504646,-0.12644070239841107,0.1289804378803308,0.20883666375079357,-0.2250496113589629,0.23603514908166326,-0.2292638247276206,0.21508329840765394,-0.19872667588200657,0.19672485460219508,-0.16471410160135377,0.1625001496747189,-0.13302932197514805,-0.23081051325716825,0.24999999999999997,-0.24257770015697172,0.22484277298500543,-0.21451694083710976,0.20513556042357337,-0.19281604190809076,0.14589868457175653,-0.12759749215240015,0.012731705418758177,0.2130611974136426,-0.22825836908737446,0.2185033541094116,-0.2094405451983968,0.1763221107285179,-0.1679209456804321,0.10728326083747138,-0.09112705728080277,0.019585583806744838,-0.02566945788286171,-0.08236176540824945,-0.07066674977690722,-0.12620461951570097,-0.060783370910649545,-0.13424535965922405,-0.06791807210564377,-0.064487133346517,-0.07355614186303525,0.005384154317933986,-0.08190915346383085
