x1,x2,x3,x4,x5,x6,x7,x8,x9,x10,x11,x12,x13,x14,x15,x16,x17,x18,x19,x20,x21,x22,x23,x24,x25,x26,x27,x28,x29,x30,x31,x32,x33,x34,x35,x36,x37,x38,x39,x40,x41,x42,x43,x44,x45,x46,x47,x48,x49,x50,x51,x52,x53,x54,x55,x56,x57,x58,x59,x60
0.25000000000000006,0.24877195789642306,-0.054200290722794475,0.24872286136749966,-0.05829063417353985,0.2490304099665691,-0.08394967122091247,0.24807869489280399,0.1220341429703939,0.24922502720271286,0.11160001763943862,-0.062472598779290206,0.06409387091960307,-0.06507835059923653,0.09058646682865057,-0.09127731692556529,0.10244428700517273,-0.052044326422590374,-0.09197210048583204,0.1556518738031261,0.015512735378910238,0.05798225098128654,-0.05899311543680935,0.06183074265031592,-0.061703107247520796,0.08421351993049922,-0.06606510874562592,0.1314703226973671,-0.09553012061659229,0.16890755006809124,0.12503849424199312,-0.0539907053790825,0.055911266505874274,-0.05120951724988888,0.0557403461670902,-0.03348523379526976,0.04223312646125372,0.03469408093547877,-0.005136919398252436,0.12351013716217661,0.0403422782749561,0.04834584859472142,-0.04674473163046578,0.046980610555159494,-0.023368441213862945,0.026294948010656124,0.015964762589506586,0.01761328992827011,-0.11901979873406304,0.1667962429620496,0.24905257284765964,0.24910281878613388,0.05339136593834464,0.24899256783204538,0.041302603176537826,0.24913814086157707,-0.004663324633715043,0.2487170794442541,0.1212127326964601,0.24922563257926508
0.24877195789642306,0.24999999999999994,-0.05494362836360796,0.2490422355781152,-0.05889014873802685,0.24934865173546192,-0.0843665313781267,0.2483961746028073,0.12233854421336712,0.24954250289216098,0.1122871788811907,-0.06330558264805362,0.06493222787086723,-0.06591446325445473,0.09139276205857676,-0.09203102488572897,0.10295100690540632,-0.05231191842113261,-0.09225394661707066,0.15596924870142448,0.014972343569478044,0.05879272720657187,-0.05980501845550777,0.06265285969134758,-0.06252053428483084,0.08500984058328577,-0.06680012329429014,0.1320810658017247,-0.09604473438478169,0.16934448830301585,0.12568086064147785,-0.05478267106393081,0.056710203423833094,-0.0519860741168907,0.05652939465344119,-0.03417756029634147,0.0429402370178519,0.03426807933818846,-0.004718459808332035,0.1234409813143735,0.039898802803551965,0.04911304762049355,-0.04750671025332921,0.047742974011477785,-0.02404188221310402,0.026939771131364386,0.01558616216403496,0.017894646062718584,-0.11914573176471561,0.16696425459303202,0.24937040667988136,0.24941985617915582,0.05407669418605354,0.24930919540652252,0.04189651334362827,0.24945530123312434,-0.004340468102278973,0.24903278702660508,0.12128629255662315,0.24954310902259744
-0.054200290722794475,-0.05494362836360796,0.24999999999999994,-0.05503389610793466,0.17010146276624308,-0.054716721437959345,0.11315165626241122,-0.05518098068967855,-0.07633981466095761,-0.054531785254197815,-0.179160861423974,0.22639664297709003,-0.22765357011972712,0.2263189524580909,-0.2020051303126299,0.18939386193315746,-0.12629803412995105,0.06205508065105804,0.08187816904531127,-0.07472930175121963,0.15455618995609927,-0.2200003059529418,0.22020101328699968,-0.2225511806813065,0.22093327954604805,-0.20424017740720443,0.19406451073127293,-0.14177947877894015,0.12154521194068488,-0.09037933186494156,-0.16322377320488202,0.2161455155424154,-0.21759303056070775,0.2127946450170064,-0.21475281374994962,0.19192019847764225,-0.19373234456690358,0.12488706219536766,-0.1153549688528798,0.035267811976393754,0.13150451405594518,-0.2107773829304644,0.2095888853322206,-0.20966578970485583,0.1887169278123855,-0.17923062622535815,0.10919383430737238,-0.07699983965553199,0.018811428008219867,-0.02383931812427797,-0.054657944542681865,-0.05442489873203907,-0.1868404942397576,-0.05432350477616532,-0.16347730207465672,-0.05445440992646012,-0.09170354221577516,-0.05410070406172763,-0.003561496186682106,-0.05453204199059931
0.24872286136749966,0.2490422355781152,-0.05503389610793466,0.2500000000000001,-0.05933526206879682,0.24930017053447487,-0.08467075962304153,0.24834675393586483,0.12227181169727694,0.24949334660122693,0.11256273849572801,-0.06371167812089762,0.06534011495604386,-0.06632384100794918,0.09182799410190394,-0.09245066208672022,0.10331226475444305,-0.05259389133265671,-0.09215290250012735,0.15590646105183462,0.014655599697542064,0.059193417579559156,-0.060206072718658674,0.0630582769086624,-0.06292530248202356,0.08542921661572,-0.06719927799384588,0.13245701630644618,-0.09638194939524716,0.16951055739075999,0.1259272540637091,-0.05517904463931385,0.05710832250643867,-0.052377319934160504,0.05692625900145379,-0.03454730971084633,0.04331791604746379,0.033979062647170905,-0.004424531531330878,0.12326351597834041,0.039611505350207625,0.049501990003638696,-0.04789430842892764,0.04813057535982913,-0.02440243842025447,0.027290515365537275,0.015345082527051131,0.018048832531382807,-0.11911546761650378,0.16691159178909082,0.2493216117431405,0.24937056371037788,0.05441492585036954,0.2492597709833193,0.04219497449612045,0.2494060448578895,-0.004142614256611824,0.24898308731521232,0.12122286423787139,0.2494939520349686
-0.05829063417353985,-0.05889014873802685,0.17010146276624308,-0.05933526206879682,0.24999999999999994,-0.05902871260785206,0.11227232929120602,-0.05984311065927031,-0.07185163816872354,-0.05883334807550827,-0.14971804032760305,0.1885614923389569,-0.18984749917732052,0.19087683106033168,-0.21063513132064604,0.19613400765114938,-0.13273466398011738,0.07413920228582468,0.05313225291272933,-0.0672779926086172,0.12667504270234017,-0.18495893998034363,0.18545099505194282,-0.18822195760943494,0.1876316186959334,-0.1949900038754185,0.18153090120576473,-0.14155963013639986,0.1200412961275299,-0.09256553919321135,-0.14208452783546904,0.1818287286674832,-0.18318296260775704,0.17877389702079802,-0.18214239410981806,0.1630960526843778,-0.168094806935939,0.10633077108721503,-0.10302571678049167,0.026499328923931992,0.10649042999413177,-0.17689909099050102,0.1758186222803918,-0.17589484111688478,0.15708817100544525,-0.15261345444339922,0.09338963115197188,-0.0678947882001713,0.023490926511362652,-0.029754055658717457,-0.05892866202873399,-0.05873822102306944,-0.15741917473736156,-0.05864842884478676,-0.13706733117868805,-0.05876450276023034,-0.07920932844462146,-0.058447323889992686,-0.010734779150039656,-0.05883353652543161
0.2490304099665691,0.24934865173546192,-0.054716721437959345,0.24930017053447487,-0.05902871260785206,0.24999999999999997,-0.08457665546263712,0.2486675282791918,0.12252137420121786,0.24980101960117093,0.11243009984109015,-0.06340855304467191,0.06503705473221057,-0.06602090860604538,0.09152368587739193,-0.09217115349755581,0.1031233039266785,-0.052383674488858514,-0.09237515408174109,0.15615537402844082,0.014959561564877837,0.05889094229041809,-0.05990437179989238,0.06275568286264904,-0.0626232877860843,0.08514062533191319,-0.06690843738417362,0.13224266133416265,-0.09616589732705787,0.16953650305398157,0.12583562775469184,-0.05487606347881267,0.05680585751362979,-0.05207587734883702,0.05662480116437786,-0.034246590717331576,0.04301961204844879,0.03427821490464418,-0.004700116147754328,0.12355641948190885,0.039915140684235,0.049199552640440986,-0.04759138176365857,0.04782789432794136,-0.024099144921634313,0.02699950668256757,0.015580844665379255,0.017927293217579243,-0.11926820348149443,0.1671351680416493,0.24962877477883053,0.24967823186790689,0.05416389099864865,0.24956744296447023,0.04196706510145878,0.24971371759263464,-0.004327145375205809,0.24929071907375716,0.12140813346682051,0.24980162664725775
-0.08394967122091247,-0.0843665313781267,0.11315165626241122,-0.08467075962304153,0.11227232929120602,-0.08457665546263712,0.2499999999999999,-0.08552659483525699,-0.04058282457231564,-0.08438185769013551,-0.11087376136489036,0.12411493800025267,-0.1254090874274019,0.12605845325927165,-0.14309407352392825,0.15541824770645432,-0.21168128421994198,0.14062429322360406,0.006968259641826925,-0.04634940037234394,0.07244309823724628,-0.12017777207111004,0.12074459022024678,-0.1232485734519559,0.1231701108674187,-0.13984784081250007,0.14079651112456867,-0.15990043476150417,0.13491782177924583,-0.1143883193652224,-0.10856907435149518,0.12154395964467181,-0.1216873924484679,0.12169334854237725,-0.12348073832734935,0.11629949692835055,-0.12252816813737463,0.06828755031410189,-0.08190511709468215,0.001902257782110409,0.05932349871930785,-0.1209122435369922,0.12021277388336224,-0.120311152626533,0.10778535499329873,-0.10833458469019508,0.0625612855025303,-0.052531796456272845,0.042248126416521994,-0.0534569141770612,-0.0844100444692754,-0.08429842371804082,-0.10969045926593865,-0.08421716508404378,-0.0976866441430957,-0.08432001247372972,-0.05465930147483714,-0.08402925297934584,-0.033391443083231276,-0.08438225554485518
0.24807869489280399,0.2483961746028073,-0.05518098068967855,0.24834675393586483,-0.05984311065927031,0.2486675282791918,-0.08552659483525699,0.24999999999999992,0.12141593027191977,0.2488487336473827,0.11283233918574273,-0.06433857277203736,0.06596711654495513,-0.06695093947223121,0.09245362901592163,-0.09309619903886515,0.10408425255727885,-0.053387970978929784,-0.09134179108935951,0.15517552079192953,0.014024554608831659,0.05981909894644441,-0.06083025767143907,0.06368461800577462,-0.06355256566662286,0.0860755949814677,-0.06784719371617036,0.133215572837472,-0.09710550752137281,0.16943922766947836,0.1261142856504747,-0.05580744599004525,0.057735301109657966,-0.053003337593029026,0.0575552221678865,-0.03518185922862583,0.0439555079415228,0.03333630723791164,-0.0037508035461518855,0.12260566667116884,0.03897913609925587,0.05013036511070999,-0.04852386181928371,0.04875961496155421,-0.025034329305279567,0.02790686549975914,0.014840860702605244,0.01831461578485052,-0.11880710534501959,0.1664521575422874,0.24867806324700453,0.24872596164502983,0.05493644069855786,0.2486151617130788,0.042669035461285997,0.24876143179566362,-0.003746657375427933,0.2483385585965539,0.12084458752942102,0.2488493344139712
0.1220341429703939,0.12233854421336712,-0.07633981466095761,0.12227181169727694,-0.07185163816872354,0.12252137420121786,-0.04058282457231564,0.12141593027191977,0.2500000000000001,0.12254903909844998,0.09626771561285025,-0.08808183039644561,0.08719698580619692,-0.08738946587004393,0.09274322529955663,-0.08342810403842091,0.03897936693833492,0.03420170140029303,-0.19451105197425012,0.16943473947426407,-0.03810047843012007,0.08914928258562307,-0.08879109586785729,0.08775836857612644,-0.08756096233210893,0.08778917679174482,-0.07434082642508372,0.051432996204340956,-0.030873067096804395,0.06550400848151122,0.10030309668208695,-0.08401720944318576,0.08552512166324804,-0.08123282213455583,0.08280792561643642,-0.06416129362001768,0.06732852739108584,-0.011491777886605284,0.010527942705956009,0.05275293344704848,-0.0191213296322502,0.07921251570878123,-0.07810992434738177,0.07823380551729688,-0.06126554368636932,0.05741251928814269,-0.01732380733703431,0.022594989834277244,-0.05221616336628153,0.07582342085670668,0.12250932561673264,0.12246709326239584,0.07474419958649671,0.12239379055601647,0.06244139669841781,0.12249204054547726,0.01813982575679001,0.12222330508767112,0.05007741273997498,0.12254945113330784
0.24922502720271286,0.24954250289216098,-0.054531785254197815,0.24949334660122693,-0.05883334807550827,0.24980101960117093,-0.08438185769013551,0.2488487336473827,0.12254903909844998,0.2499999999999998,0.11234381695789977,-0.06321422135626202,0.06484272303599908,-0.06582664456024474,0.09134002041571804,-0.09198927001970361,0.10297337871839754,-0.052290620348734926,-0.09242638532336662,0.15624555251296876,0.015153793726343907,0.05869709041427255,-0.05971099894141268,0.06256169314511253,-0.06242968250958441,0.08495575431492416,-0.06672173367691905,0.13215470004807334,-0.0960725105128745,0.1695593844954611,0.1257760718112273,-0.05468178319884494,0.056611926290935685,-0.05188251843458634,0.05643156192798715,-0.03405390777382729,0.04282863218030073,0.034468294357414164,-0.004861793002260779,0.12373623098705878,0.040109092733368455,0.04900554385451865,-0.04739707230439773,0.04763373973036446,-0.023904688700258882,0.026813307054684793,0.0157312519353989,0.017849970939420624,-0.11936606846834308,0.16727778328950607,0.24982308179380242,0.24987286168968612,0.05400274386974191,0.24976207635961015,0.04182071267933259,0.2499083500642995,-0.004444901475220462,0.24948532927379233,0.12152660892271351,0.24999625946344192
0.11160001763943862,0.1122871788811907,-0.179160861423974,0.11256273849572801,-0.14971804032760305,0.11243009984109015,-0.11087376136489036,0.11283233918574273,0.09626771561285025,0.11234381695789977,0.24999999999999997,-0.19781383958056495,0.19771215445534326,-0.19681988285380006,0.18240982206212805,-0.17276126370769518,0.12632321076445766,-0.060864634175050475,-0.09375570331006927,0.10379569770570043,-0.11880725372525053,0.19120062881626876,-0.19138168761485919,0.19336979911822155,-0.1920986831218348,0.18356873668139823,-0.170716588327834,0.14654178810999346,-0.12072656062390553,0.11647450576181718,0.1642994346155969,-0.18666036022777802,0.18834371592036633,-0.1832257679725908,0.18571134494840202,-0.16127342597434063,0.16486303003341812,-0.08889536352406192,0.08902222385922412,0.006813601265591005,-0.09329337944432337,0.18082916527681822,-0.17944064238973192,0.17956707841846836,-0.15638161232454245,0.149167356701169,-0.0817458344345412,0.06556519067326377,-0.047685249567955786,0.06499651937307153,0.11239620194572829,0.11222506961513118,0.1632068819991815,0.11211400761567016,0.14132432535384878,0.11225832073879126,0.07103599598006567,0.11186103451592498,0.036224880124877595,0.11234419755838569
-0.062472598779290206,-0.06330558264805362,0.22639664297709003,-0.06371167812089762,0.1885614923389569,-0.06340855304467191,0.12411493800025267,-0.06433857277203736,-0.08808183039644561,-0.06321422135626202,-0.19781383958056495,0.25000000000000006,-0.24827975940560798,0.24690517789612157,-0.22181335163898885,0.2080182845539586,-0.13926961309030345,0.06722532605577992,0.09324182532141427,-0.08531621893885517,0.16963392483494083,-0.24248676726701182,0.2422647742897274,-0.24367603501304685,0.24210795152421039,-0.22408176213065242,0.21277828193910758,-0.1554802819501501,0.1327787504841357,-0.09926210636459876,-0.180577119093778,0.237579651079512,-0.23918916883406244,0.23387888231303508,-0.23564815644526255,0.21031719791835587,-0.2123333046375051,0.13581519835637493,-0.12542517606477838,0.03644361566580663,0.14353548057724513,-0.23163162320520764,0.23030753590399855,-0.23039511265655196,0.20712592471346844,-0.19630310408519042,0.11896798974113136,-0.08423969933261673,0.0221035216440577,-0.028339337422754466,-0.06335000405146209,-0.06309540655769177,-0.20546939658925092,-0.06298276954178299,-0.1797366978927204,-0.0631282455377476,-0.10000119853363286,-0.06273502613372,-0.005456702057016507,-0.06321451700036361
0.06409387091960307,0.06493222787086723,-0.22765357011972712,0.06534011495604386,-0.18984749917732052,0.06503705473221057,-0.1254090874274019,0.06596711654495513,0.08719698580619692,0.06484272303599908,0.19771215445534326,-0.24827975940560798,0.24999999999999983,-0.24847172567118359,0.22343029278814266,-0.20963392578274692,0.1408907410428657,-0.0688114539511743,-0.09174174114750637,0.08563876543412254,-0.16829994399159312,0.241262829479092,-0.24153362401138098,0.24424980816411826,-0.24248713236951022,0.2252461506056006,-0.2137490895307265,0.15696731680316703,-0.13415473419648385,0.10084220928416805,0.18078609299091378,-0.23703987315923714,0.23865450561326645,-0.2333383107798947,0.23562096455109524,-0.2103098588025708,0.2125515382290729,-0.13575816157075796,0.12576924249833,-0.035868716278610054,-0.14266351669912167,0.2310810038993794,-0.22975126467980228,0.2298402515742315,-0.206493823048788,0.19631056653987078,-0.11900637657872362,0.0845590184813744,-0.02312706883626594,0.02960604685212974,0.06497676104284313,0.06472345919202374,0.20506455736241253,0.06461040561300987,0.1793184027794668,0.06475640106330761,0.10013970664933558,0.06436118777953356,0.006514591478723611,0.0648430254298441
-0.06507835059923653,-0.06591446325445473,0.2263189524580909,-0.06632384100794918,0.19087683106033168,-0.06602090860604538,0.12605845325927165,-0.06695093947223121,-0.08738946587004393,-0.06582664456024474,-0.19681988285380006,0.24690517789612157,-0.24847172567118359,0.2499999999999999,-0.2244642742921606,0.21066737183599907,-0.14191136394588577,0.06977647420882434,0.09090910939161062,-0.08571566663722585,0.16796620118424058,-0.24125420525695715,0.2417700682736008,-0.2450736443403767,0.2432168923355062,-0.22615293600701575,0.214595611214515,-0.157929839367277,0.13505088580364755,-0.10181641346596687,-0.18133624534925014,0.23735835028680835,-0.2389769642206338,0.23365353404537698,-0.23615981934625105,0.21080149207304502,-0.21313022696020367,0.13605214115603165,-0.12620620596212656,0.03563979346559436,0.1425839414074033,-0.2313876862915665,0.23005244500965844,-0.23014235378554665,0.20670783464751327,-0.19676914004743515,0.11930507874559357,-0.08492959036932474,0.023709654099291082,-0.0303224251159871,-0.06596012829944325,-0.0657068443002478,-0.20537820025701423,-0.06559327016968497,-0.17957046205351487,-0.06573990597166117,-0.10044069856928392,-0.06534260618632635,-0.007067322502973976,-0.06582694550304162
0.09058646682865057,0.09139276205857676,-0.2020051303126299,0.09182799410190394,-0.21063513132064604,0.09152368587739193,-0.14309407352392825,0.09245362901592163,0.09274322529955663,0.09134002041571804,0.18240982206212805,-0.22181335163898885,0.22343029278814266,-0.2244642742921606,0.25000000000000017,-0.23372282075566264,0.16630916541147425,-0.09325219491416499,-0.06917791005282443,0.09170183104263642,-0.14337723828772742,0.21701155120116383,-0.21764262192049422,0.22101466888365404,-0.2203439009430689,0.23090762147699084,-0.21468820976615874,0.1757370273968088,-0.14741934994392325,0.1215773225469276,0.1744610511084502,-0.21326389545279717,0.21492851289534717,-0.20967060811247742,0.2138199159865015,-0.19041625448607363,0.1969804226305084,-0.11875855812370144,0.11794980662933634,-0.01869734862289542,-0.11810773356058858,0.20731093035127898,-0.2059379392375466,0.2060483033894923,-0.18248872705207364,0.17770017125895649,-0.10572212878812781,0.07973218351735112,-0.03856076238425464,0.050237675680877496,0.09143268370184707,0.0912192949920304,0.18548528443578577,0.09110560365888742,0.16122497416552087,0.0912526967978874,0.09050704702312372,0.0908482954239888,0.024098366333922514,0.09134031288311083
-0.09127731692556529,-0.09203102488572897,0.18939386193315746,-0.09245066208672022,0.19613400765114938,-0.09217115349755581,0.15541824770645432,-0.09309619903886515,-0.08342810403842091,-0.09198927001970361,-0.17276126370769518,0.2080182845539586,-0.20963392578274692,0.21066737183599907,-0.23372282075566264,0.24999999999999992,-0.17988440379263917,0.10686259970084354,0.05591395899097924,-0.08708966327925186,0.1329128591683488,-0.20327016509417986,0.20391869341519372,-0.20724579606940735,0.20709825302432386,-0.2286352066733884,0.21300123850211367,-0.17680025376813316,0.1478633069512148,-0.12278690863957341,-0.1657336668337979,0.20027911110395502,-0.2017452851142711,0.19718512008729713,-0.20163513518673754,0.18106999144626676,-0.1891039361824573,0.11347803155190606,-0.11480783599817676,0.016676692829233085,0.1092631995959269,-0.19502638507651104,0.19373919330960096,-0.1938492735901035,0.1717026356129132,-0.16917279425256282,0.10123020040312165,-0.0774107778253672,0.04044264537096145,-0.052120834508714284,-0.0920716715747359,-0.09187319157673196,-0.1747948782698048,-0.09176349749082732,-0.15210810906444716,-0.09190505323834756,-0.08698836317880762,-0.09151356434410642,-0.026695844814280816,-0.09198959457405843
0.10244428700517273,0.10295100690540632,-0.12629803412995105,0.10331226475444305,-0.13273466398011738,0.1031233039266785,-0.21168128421994198,0.10408425255727885,0.03897936693833492,0.10297337871839754,0.12632321076445766,-0.13926961309030345,0.1408907410428657,-0.14191136394588577,0.16630916541147425,-0.17988440379263917,0.25000000000000006,-0.16965895328957042,0.006768830143911071,0.04692865919663912,-0.07916651987666043,0.13478823727734987,-0.13553573509127678,0.13865756485348782,-0.13865970557786386,0.1610991460342559,-0.16010805744534912,0.1916835406123088,-0.16181227492151773,0.13941306434141926,0.12477880352185323,-0.1360557541803694,0.1363480878111263,-0.135966231253833,0.1385036698429735,-0.12951351958635063,0.13723660490854153,-0.0747131926153792,0.09347832440978522,0.0012341917522968664,-0.06360264840296717,0.13493760648175626,-0.13409022295886142,0.13420759120289477,-0.11926666618160787,0.12056386682592654,-0.06884453207007651,0.05914403253930056,-0.051711871743983534,0.06588301980698447,0.10299743981786363,0.10287665847049506,0.12280322045088143,0.1027828937405329,0.10889423645490352,0.10290183873499942,0.06056802117412227,0.10256459510713663,0.04198808450111086,0.10297385262026754
-0.052044326422590374,-0.05231191842113261,0.06205508065105804,-0.05259389133265671,0.07413920228582468,-0.052383674488858514,0.14062429322360406,-0.053387970978929784,0.03420170140029303,-0.052290620348734926,-0.060864634175050475,0.06722532605577992,-0.0688114539511743,0.06977647420882434,-0.09325219491416499,0.10686259970084354,-0.16965895328957042,0.2500000000000001,-0.08582113933994778,0.023272334491048655,0.03759256776692572,-0.06396578441397506,0.0647434505430836,-0.06762238325490627,0.06786404649446064,-0.08993404906614527,0.09680164403672775,-0.1528081209583647,0.13305690051573715,-0.10306674292231045,-0.06091614984126696,0.06782554261068792,-0.06727702718315123,0.06945773669639159,-0.07074849459076879,0.07251027171488753,-0.07836415420653636,0.04713105182432972,-0.06936939775811332,0.009930709586992903,0.032802640941227354,-0.06953673539184688,0.06929432793668053,-0.06935689988597338,0.06418589521432547,-0.06809666928350303,0.042353704338366105,-0.03703381613896715,0.03101575115266882,-0.03645385097580144,-0.0523042017063103,-0.05224079657065439,-0.06333655155990334,-0.05218995512193866,-0.05810258753037606,-0.052252188648484195,-0.03707107275358054,-0.05206956855797006,-0.024818626592538345,-0.05229084018920239
-0.09197210048583204,-0.09225394661707066,0.08187816904531127,-0.09215290250012735,0.05313225291272933,-0.09237515408174109,0.006968259641826925,-0.09134179108935951,-0.19451105197425012,-0.09242638532336662,-0.09375570331006927,0.09324182532141427,-0.09174174114750637,0.09090910939161062,-0.06917791005282443,0.05591395899097924,0.006768830143911071,-0.08582113933994778,0.24999999999999978,-0.18430434314003383,0.04979121497617808,-0.09515377218959518,0.09434188638818991,-0.09205224970120447,0.09124550958884096,-0.07134447060084176,0.06144829245275939,-0.006739636973505988,-0.006547844589623295,-0.025906936140489757,-0.0933041083513446,0.08948732284018564,-0.09089964534996782,0.08670452333420321,-0.08656217184849292,0.06771513031506401,-0.0672483487213147,0.01728897459583746,-0.0038835228979838205,-0.04109673532644625,0.03209957324485254,-0.0848910505569664,0.0839068680724415,-0.08400386217118916,0.06870994340144357,-0.06082755638506778,0.021107273682699226,-0.020472781224249625,0.03497471930043447,-0.05335673849425253,-0.09241640308882167,-0.09235465842182645,-0.07833873980669338,-0.09229083129858806,-0.0662831180292325,-0.09237705050754383,-0.01989578998306752,-0.09214814102696806,-0.032213502653505664,-0.0924267401954786
0.1556518738031261,0.15596924870142448,-0.07472930175121963,0.15590646105183462,-0.0672779926086172,0.15615537402844082,-0.04634940037234394,0.15517552079192953,0.16943473947426407,0.15624555251296876,0.10379569770570043,-0.08531621893885517,0.08563876543412254,-0.08571566663722585,0.09170183104263642,-0.08708966327925186,0.04692865919663912,0.023272334491048655,-0.18430434314003383,0.2500000000000003,-0.025896657273901787,0.08328786476484525,-0.08347225965202004,0.08421672933108142,-0.08372778215933224,0.08795780110704911,-0.07310826293699074,0.059700828466322804,-0.030601486333323255,0.07604115825626813,0.10860430103438849,-0.07871402236565454,0.08034025375782992,-0.07591700616731951,0.0782762173119225,-0.05818783358787566,0.06226705613242695,0.0019977624792875963,1.642449550004477e-5,0.0744784342143274,-0.005179861256751795,0.07366979608419393,-0.07242052923301277,0.07257594213243651,-0.05368463182122533,0.051085665363615945,-0.00801009389551527,0.0199719680617178,-0.06830550145004323,0.09885211407099566,0.15617263857477665,0.1561519248233236,0.07141299397235842,0.156068502548986,0.05902243479797883,0.1561805265328475,0.01158658733245393,0.15587208801649055,0.06754569323204171,0.15624601720793227
0.015512735378910238,0.014972343569478044,0.15455618995609927,0.014655599697542064,0.12667504270234017,0.014959561564877837,0.07244309823724628,0.014024554608831659,-0.03810047843012007,0.015153793726343907,-0.11880725372525053,0.16963392483494083,-0.16829994399159312,0.16796620118424058,-0.14337723828772742,0.1329128591683488,-0.07916651987666043,0.03759256776692572,0.04979121497617808,-0.025896657273901787,0.25000000000000006,-0.1759947575962122,0.17484635821391067,-0.1719999648059422,0.17130897691905708,-0.14940777256209445,0.14759508984504943,-0.08628558407061405,0.07793778091155341,-0.03347859553671774,-0.10894530520910783,0.172496090041707,-0.1731168923138758,0.1706647323368687,-0.169409705994465,0.15620749195684408,-0.1550439938206681,0.11511542112109059,-0.09892680936293391,0.06015487605233924,0.1234715460016607,-0.16976937290190774,0.1691810691020301,-0.16918915973180076,0.15753720062857554,-0.14696100997046838,0.0971131004310472,-0.06133971325052055,-0.013478406658887145,0.021068653602518892,0.015002174076518606,0.015215576995614764,-0.14785708959271643,0.015276116062380897,-0.1312536918170111,0.01519918540306021,-0.07923020457896676,0.015400270320246793,0.027230039945489375,0.01515372633504407
0.05798225098128654,0.05879272720657187,-0.2200003059529418,0.059193417579559156,-0.18495893998034363,0.05889094229041809,-0.12017777207111004,0.05981909894644441,0.08914928258562307,0.05869709041427255,0.19120062881626876,-0.24248676726701182,0.241262829479092,-0.24125420525695715,0.21701155120116383,-0.20327016509417986,0.13478823727734987,-0.06396578441397506,-0.09515377218959518,0.08328786476484525,-0.1759947575962122,0.24999999999999997,-0.2484030846226873,0.24555402532067724,-0.2446075007562061,0.22292148371939152,-0.21236321807034864,0.15237421825127853,-0.12988606071440795,0.0954463360210227,0.18262232608384524,-0.2430486488436059,0.24465476962650887,-0.23931966120745257,0.23940862550822878,-0.2136548461981319,0.21484450726987742,-0.13822803314393314,0.1261872821306753,-0.038949881590241896,-0.14870008276347885,0.23708101675054669,-0.23575849958625741,0.23584263530061722,-0.2125114940658688,0.19935297135709132,-0.12077323980619623,0.08458554641008734,-0.01906981043457125,0.024541876985539286,0.05884085670232971,0.05857793394942575,0.21002015307983668,0.05846486434778151,0.18396465731790412,0.05861087536130992,0.10115732882353971,0.05821791732883496,0.002020402281511788,0.05869736355369366
-0.05899311543680935,-0.05980501845550777,0.22020101328699968,-0.060206072718658674,0.18545099505194282,-0.05990437179989238,0.12074459022024678,-0.06083025767143907,-0.08879109586785729,-0.05971099894141268,-0.19138168761485919,0.2422647742897274,-0.24153362401138098,0.2417700682736008,-0.21764262192049422,0.20391869341519372,-0.13553573509127678,0.0647434505430836,0.09434188638818991,-0.08347225965202004,0.17484635821391067,-0.2484030846226873,0.24999999999999967,-0.24612332273508647,0.24517154103287592,-0.223539299265179,0.21295772376856986,-0.15313366394115888,0.13058890218484434,-0.09631220686455792,-0.1833237894083206,0.24357064388751518,-0.2451817603923267,0.23983656281333898,-0.23995304293969139,0.21411490654398657,-0.21534236722369532,0.13843038213566905,-0.12649132895444368,0.03862052077482249,0.14875167196314634,-0.23758778148422063,0.23625874126058255,-0.23634382970525347,0.21290567262474056,-0.19976286472475538,0.12098565072526668,-0.08488490180949222,0.019611687368553107,-0.02523862322128323,-0.0598543206861292,-0.059591214989269656,-0.2105081386874919,-0.05947752411642844,-0.18437902675934625,-0.059624296325898565,-0.10137078850787028,-0.059228966688305136,-0.0025250578007949332,-0.05971127507161518
0.06183074265031592,0.06265285969134758,-0.2225511806813065,0.0630582769086624,-0.18822195760943494,0.06275568286264904,-0.1232485734519559,0.06368461800577462,0.08775836857612644,0.06256169314511253,0.19336979911822155,-0.24367603501304685,0.24424980816411826,-0.2450736443403767,0.22101466888365404,-0.20724579606940735,0.13865756485348782,-0.06762238325490627,-0.09205224970120447,0.08421672933108142,-0.1719999648059422,0.24555402532067724,-0.24612332273508647,0.2499999999999997,-0.24759375459071892,0.22679744760935774,-0.21578837552697785,0.15629189478688424,-0.13366499908331542,0.09929752917288472,0.1830512972494134,-0.2417130411725113,0.24332934052958877,-0.23798334699036788,0.24041706594927323,-0.21468605211783945,0.21642571094514623,-0.13920476000690307,0.12795019374678132,-0.03819921317215823,-0.14659466974276728,0.23572346063350716,-0.23438853921979524,0.2344759811164828,-0.21096852822447,0.20040490261869423,-0.12185181533523376,0.08614146144707718,-0.02179519822405427,0.027707174476048715,0.06270142247485756,0.06244149033479806,0.20902197158309566,0.06232742433915998,0.1828901895866896,0.0624746289443355,0.10238389512752519,0.06207647683071654,0.0047654473635065,0.06256197955563898
-0.061703107247520796,-0.06252053428483084,0.22093327954604805,-0.06292530248202356,0.1876316186959334,-0.0626232877860843,0.1231701108674187,-0.06355256566662286,-0.08756096233210893,-0.06242968250958441,-0.1920986831218348,0.24210795152421039,-0.24248713236951022,0.2432168923355062,-0.2203439009430689,0.20709825302432386,-0.13865970557786386,0.06786404649446064,0.09124550958884096,-0.08372778215933224,0.17130897691905708,-0.2446075007562061,0.24517154103287592,-0.24759375459071892,0.2499999999999996,-0.22680981073847195,0.21591920058810668,-0.1562212478085965,0.1336988670829296,-0.09923620151837652,-0.18243794322781234,0.24086773631553526,-0.24248000855300728,0.23714449496021933,-0.24108878515877702,0.21535527253782075,-0.21697011319637133,0.1400299531775525,-0.12856655067949052,0.03874058769582101,0.14605199090310045,-0.2348926548772471,0.23356219612787715,-0.23364939400710627,0.2102134202838068,-0.20108552689781387,0.12262130215386649,-0.08679432532158672,0.022086092211996148,-0.027839291845554268,-0.06256902516454287,-0.06230987012870647,-0.20829830596201102,-0.062196169175202994,-0.18218918984078059,-0.06234287178219696,-0.10311687987059893,-0.06194547573312876,-0.0050491346108198125,-0.06242996570787734
0.08421351993049922,0.08500984058328577,-0.20424017740720443,0.08542921661572,-0.1949900038754185,0.08514062533191319,-0.13984784081250007,0.0860755949814677,0.08778917679174482,0.08495575431492416,0.18356873668139823,-0.22408176213065242,0.2252461506056006,-0.22615293600701575,0.23090762147699084,-0.2286352066733884,0.1610991460342559,-0.08993404906614527,-0.07134447060084176,0.08795780110704911,-0.14940777256209445,0.22292148371939152,-0.223539299265179,0.22679744760935774,-0.22680981073847195,0.24999999999999997,-0.23132439947556788,0.17802321149493386,-0.15124486867384776,0.11945681180199778,0.17615736885613728,-0.21925537507501636,0.22090573334623825,-0.2156370817762673,0.22049728628865028,-0.19799026234001793,0.20631434007775493,-0.1275651633992117,0.1253611919965288,-0.025880244165517936,-0.12420792914203072,0.21330160225663244,-0.2119412990258849,0.2120465284385329,-0.1885285815833551,0.18529247226076248,-0.11280295603937174,0.08399625075068316,-0.03601829130016602,0.04593345953179749,0.08505915418943487,0.08483528669316769,0.19046294262623117,0.08472160692316255,0.16563583231861448,0.08486849942243381,0.09634187315932344,0.08446429966953883,0.020770469004936433,0.08495604629914173
-0.06606510874562592,-0.06680012329429014,0.19406451073127293,-0.06719927799384588,0.18153090120576473,-0.06690843738417362,0.14079651112456867,-0.06784719371617036,-0.07434082642508372,-0.06672173367691905,-0.170716588327834,0.21277828193910758,-0.2137490895307265,0.214595611214515,-0.21468820976615874,0.21300123850211367,-0.16010805744534912,0.09680164403672775,0.06144829245275939,-0.07310826293699074,0.14759508984504943,-0.21236321807034864,0.21295772376856986,-0.21578837552697785,0.21591920058810668,-0.23132439947556788,0.2499999999999999,-0.18437823359586752,0.15908398833669213,-0.11731370177104011,-0.16293969729601776,0.21570383021653688,-0.2153854397140655,0.21671657458964827,-0.2184009330468312,0.21337942351756586,-0.22164115425497039,0.14438918235373385,-0.14034213292016492,0.04257988351724191,0.13101827718468018,-0.21616260133157955,0.21545311755725563,-0.21555379220235146,0.20109878562770112,-0.20039473324073365,0.12720981140362458,-0.09410754434076847,0.03394889883843722,-0.03731620316950531,-0.06684356619888975,-0.06660701039374227,-0.19237477429735145,-0.06649177290900747,-0.17437909593617942,-0.06663514700320372,-0.10746190878151012,-0.06623465019271134,-0.016167282165009202,-0.06672203616745798
0.1314703226973671,0.1320810658017247,-0.14177947877894015,0.13245701630644618,-0.14155963013639986,0.13224266133416265,-0.15990043476150417,0.133215572837472,0.051432996204340956,0.13215470004807334,0.14654178810999346,-0.1554802819501501,0.15696731680316703,-0.157929839367277,0.1757370273968088,-0.17680025376813316,0.1916835406123088,-0.1528081209583647,-0.006739636973505988,0.059700828466322804,-0.08628558407061405,0.15237421825127853,-0.15313366394115888,0.15629189478688424,-0.1562212478085965,0.17802321149493386,-0.18437823359586752,0.24999999999999972,-0.2110663233334079,0.17957031815689867,0.14642966983775602,-0.15530055331966397,0.15521110325972973,-0.15633410734692915,0.15820819200644703,-0.15060674989355546,0.15937888695545271,-0.0833195052210388,0.1125415316760145,0.006017768353545757,-0.06910960849852595,0.1554662590505807,-0.1545500414921484,0.15470083275373933,-0.13824649167629793,0.13993165864123047,-0.07783535110014285,0.0691618208324684,-0.06765894306881592,0.08617418532445906,0.13217062099459323,0.1320372887103749,0.14214271075615023,0.13192281652822194,0.12735358719056694,0.13206736393929133,0.06888034723765071,0.13165648604386487,0.05641207035757335,0.1321550207820631
-0.09553012061659229,-0.09604473438478169,0.12154521194068488,-0.09638194939524716,0.1200412961275299,-0.09616589732705787,0.13491782177924583,-0.09710550752137281,-0.030873067096804395,-0.0960725105128745,-0.12072656062390553,0.1327787504841357,-0.13415473419648385,0.13505088580364755,-0.14741934994392325,0.1478633069512148,-0.16181227492151773,0.13305690051573715,-0.006547844589623295,-0.030601486333323255,0.07793778091155341,-0.12988606071440795,0.13058890218484434,-0.13366499908331542,0.1336988670829296,-0.15124486867384776,0.15908398833669213,-0.2110663233334079,0.24999999999999983,-0.17599102830424876,-0.1191940738134651,0.13300557225070997,-0.13274602413742173,0.1341179252645184,-0.13590867706500553,0.1340369030042281,-0.14154780217213578,0.11928746601384031,-0.1486621749485544,0.030070330424360622,0.06420247113357386,-0.1334533936584801,0.1328729668977684,-0.13296210845785947,0.12171313474042686,-0.12449493797281096,0.09987442984980388,-0.09487232479117194,0.07161715208546608,-0.07421212803791158,-0.09610117884877555,-0.09597684041988519,-0.12083478004978808,-0.09586869867999037,-0.10868513774449873,-0.09598831339325999,-0.08694021518829011,-0.09557707409481284,-0.054541325144682566,-0.09607274843140422
0.16890755006809124,0.16934448830301585,-0.09037933186494156,0.16951055739075999,-0.09256553919321135,0.16953650305398157,-0.1143883193652224,0.16943922766947836,0.06550400848151122,0.1695593844954611,0.11647450576181718,-0.09926210636459876,0.10084220928416805,-0.10181641346596687,0.1215773225469276,-0.12278690863957341,0.13941306434141926,-0.10306674292231045,-0.025906936140489757,0.07604115825626813,-0.03347859553671774,0.0954463360210227,-0.09631220686455792,0.09929752917288472,-0.09923620151837652,0.11945681180199778,-0.11731370177104011,0.17957031815689867,-0.17599102830424876,0.24999999999999983,0.12210478275126799,-0.09591170480841739,0.09650870241999338,-0.09559358462049768,0.09838160687309125,-0.08690461149422181,0.09503091843161224,-0.04548776672938213,0.0749636305225616,0.043570237691818135,-0.015040767194025282,0.09402358294268365,-0.09295373916686404,0.09311370226751253,-0.07567210446938656,0.07842841085441214,-0.04445455785226734,0.05758936701822956,-0.09386139632772221,0.11831493253184194,0.16949272423759978,0.16945047204889102,0.08972419745535605,0.1693411797437484,0.07735037475344661,0.16947381912220175,0.04310260029215146,0.16905780372249363,0.08606835832078268,0.16955981225539737
0.12503849424199312,0.12568086064147785,-0.16322377320488202,0.1259272540637091,-0.14208452783546904,0.12583562775469184,-0.10856907435149518,0.1261142856504747,0.10030309668208695,0.1257760718112273,0.1642994346155969,-0.180577119093778,0.18078609299091378,-0.18133624534925014,0.1744610511084502,-0.1657336668337979,0.12477880352185323,-0.06091614984126696,-0.0933041083513446,0.10860430103438849,-0.10894530520910783,0.18262232608384524,-0.1833237894083206,0.1830512972494134,-0.18243794322781234,0.17615736885613728,-0.16293969729601776,0.14642966983775602,-0.1191940738134651,0.12210478275126799,0.24999999999999978,-0.17887033639033767,0.18059463636907525,-0.17545744442356212,0.17707448598099182,-0.15238432475316532,0.15623247981900143,-0.07901420441292092,0.08147202439371544,0.01744285076281887,-0.08379172991123421,0.1729865157770182,-0.1715575497520504,0.17169535311036627,-0.14809609763164608,0.14045207537819066,-0.07402911056460888,0.061963701963842675,-0.05424439411421503,0.07451598659659929,0.1258104288911808,0.12565489070198888,0.1569339647273274,0.12554184256984682,0.13556417039630705,0.12568888323828872,0.06505142851261539,0.12528267781472371,0.043761467204966,0.12577646325707484
-0.0539907053790825,-0.05478267106393081,0.2161455155424154,-0.05517904463931385,0.1818287286674832,-0.05487606347881267,0.12154395964467181,-0.05580744599004525,-0.08401720944318576,-0.05468178319884494,-0.18666036022777802,0.237579651079512,-0.23703987315923714,0.23735835028680835,-0.21326389545279717,0.20027911110395502,-0.1360557541803694,0.06782554261068792,0.08948732284018564,-0.07871402236565454,0.172496090041707,-0.2430486488436059,0.24357064388751518,-0.2417130411725113,0.24086773631553526,-0.21925537507501636,0.21570383021653688,-0.15530055331966397,0.13300557225070997,-0.09591170480841739,-0.17887033639033767,0.24999999999999972,-0.24803427588518412,0.24474282662305963,-0.24239601794744897,0.21882976078396352,-0.2196715319860894,0.1428654796381679,-0.1304818250537428,0.04309634208290781,0.15396607609500307,-0.2428911679985366,0.24156663178222698,-0.2416477150008423,0.21819970263627353,-0.20425921499904567,0.12444362038573244,-0.08655032739091752,0.016952843298087897,-0.02147714448754791,-0.054833661639265875,-0.05456195481871646,-0.2149184986088587,-0.05444802961469542,-0.18841323214936595,-0.05459499048176399,-0.10400649805112143,-0.054199968599005006,0.0006677306550515233,-0.05468206032898369
