x1,x2,x3,x4,x5,x6,x7,x8,x9,x10,x11,x12,x13,x14,x15,x16,x17,x18,x19,x20,x21,x22,x23,x24,x25,x26,x27,x28,x29,x30,x31,x32,x33,x34,x35,x36,x37,x38,x39,x40,x41,x42,x43,x44,x45,x46,x47,x48,x49,x50,x51,x52,x53,x54,x55,x56,x57,x58,x59,x60
0.25000000000000006,0.24976727579571154,0.24975667163320886,0.2498276905088876,0.24970853912838947,0.2498739280759262,0.24958221510438286,0.24985881206035554,0.2497102168240354,0.2498928339960422,0.24975272130136406,0.23819856703279854,0.24402094487819873,0.23327911320684153,0.244623282109436,0.2301887188020272,0.24336101621170406,0.23826083635617082,0.2477848734184637,0.24988324536014334,0.24982632181730308,0.2460414219074655,0.23561495296178434,0.2368899663759211,0.23104759326571633,0.23275995167771124,0.23229504609070406,0.23630787364081382,0.23803427958458223,0.24925792679289593,0.24981391570767458,0.245190343773719,0.23619963745700806,0.23447341540491276,0.23274237953897123,0.23405077124304607,0.2344903334320873,0.24076994314629455,0.24082980250773475,0.24945567116261963,0.24977653074523545,0.2337114520778981,0.24119716733265437,0.23044717047686625,0.24489295695712132,0.2298966638546775,0.244371078175397,0.23919313940913492,0.2485085779846912,0.24987029302079325,0.24976239807384612,0.24984314526251256,0.24977156617420765,0.2498874359453411,0.24973317300114,0.24987718601904635,0.24963930421256428,0.24984490264518008,0.24976324982810905,0.24989327992366223
0.24976727579571154,0.25,0.24972254847815925,0.2497935576508415,0.24967442254947222,0.2498397889006449,0.2495481157845612,0.24982467495030877,0.24967610001590188,0.24985869223772808,0.24971859868603072,0.23816602301072176,0.24398760537025685,0.23324724130809385,0.24458986030680843,0.23015726913026868,0.24332776686691165,0.23822828382651007,0.24775101966152724,0.24984910491188203,0.2497921891462548,0.2460078063506374,0.23558276192752925,0.23685760114219345,0.23101602624971873,0.2327281507097186,0.23226330864071637,0.23627558793585532,0.23800175800837614,0.24922387177915906,0.24977978473161874,0.24515684449595163,0.2361673665398829,0.23444138033391085,0.23271058097178296,0.23401879391605643,0.23445829604964988,0.24073704780841418,0.24079689899153298,0.2494215891319391,0.2497424048769223,0.23367952111059245,0.24116421362501272,0.23041568549399222,0.2448594983100057,0.2298652540851006,0.2443376908302828,0.2391604595030102,0.2484746253511842,0.24983615434215292,0.24972827413641754,0.2498090102929509,0.24973744098418185,0.24985329492453826,0.24969905305660428,0.24984304639864577,0.24960519709290818,0.24981076743551478,0.2497291257743089,0.24985913810442228
0.24975667163320886,0.24972254847815925,0.25000000000000006,0.24978305448617705,0.2496639329082118,0.24982928134889715,0.24953761949614986,0.2498141846016855,0.24966553883863443,0.24984818772423825,0.2497082169023897,0.2381504068430484,0.24397580461993346,0.23323347698335506,0.24457881328451758,0.230144734716731,0.2433149552030324,0.23821574251395708,0.24774036360516322,0.2498385974115224,0.24978168995319802,0.2459969404480273,0.23557080145685355,0.2368456728647804,0.23100372019219256,0.23271353992575697,0.23225110748806532,0.23626255364985074,0.2379903078252283,0.24921333246317168,0.24976926830142557,0.24514591514087314,0.2361550898472805,0.2344297562383166,0.2326983825588655,0.23400904134075748,0.23444646980253464,0.24072604931192143,0.24078547478902285,0.24941110245802195,0.2497319035834062,0.23366886725824398,0.24115332646210044,0.23040406403028543,0.24484894101159346,0.22985388461850387,0.2443275482034763,0.2391500028630574,0.24846419496436667,0.24982564838472637,0.24971777376066187,0.24979850650819418,0.24972694100912526,0.24984278924801145,0.24968854818454364,0.24983254115314205,0.24959469342519205,0.24980026354722434,0.24971862531883632,0.24984863218227188
0.2498276905088876,0.2497935576508415,0.24978305448617705,0.25000000000000006,0.24973491689691782,0.24990032331518813,0.24960857952877064,0.24988520570284878,0.24973659476978577,0.24991923123241647,0.24977910373704207,0.23822372895432073,0.24404672184210444,0.23330375546566118,0.24464912270076944,0.23021303460942222,0.24338672346455464,0.2382860048554645,0.24781104798205114,0.24990964158362924,0.24985271202771472,0.24606741230290038,0.23563984196523102,0.23691499006442418,0.2310719997996515,0.2327845390953039,0.2323195843983543,0.23633283584040068,0.23805942415172637,0.2492842569613384,0.2498403046075763,0.24521624426617322,0.23622458822314935,0.23449818382292217,0.23276696510034448,0.23407549501536604,0.23451510363721895,0.2407953766931449,0.2408552423777822,0.2494820222196354,0.249802915696005,0.2337361400064994,0.24122264600900095,0.2304715135856037,0.2449188260353484,0.22992094881107333,0.24439689212536234,0.23921840639154085,0.24853482899625082,0.24989668787606834,0.2497887815317219,0.24986953725005523,0.24979795060054866,0.2499138326114956,0.24975955337184755,0.2499035816024578,0.249665674667515,0.2498712948183623,0.24978963337595897,0.24991967720714084
0.24970853912838947,0.24967442254947222,0.2496639329082118,0.24973491689691782,0.2500000000000001,0.24978114155572725,0.24948948966238496,0.24976609346496953,0.2496173856203226,0.24980004193722025,0.24966045179621585,0.2381029871771071,0.24392708749530775,0.23318270244660216,0.24453130853941552,0.23009564790645864,0.24326628512442194,0.23816566232988265,0.24769317347204087,0.24979044588749597,0.24973357568048027,0.24595154048919618,0.23552269723666194,0.23680008059319765,0.23095775040891772,0.2326671863617806,0.23220655821305966,0.23621669980745635,0.23794319254540922,0.2491651829091178,0.24972110725176286,0.24509774508450616,0.23610688991447926,0.23438204758348946,0.23265206488853693,0.23396448664209138,0.23440040755302455,0.24067873191830416,0.24073805113430452,0.2493630422539154,0.249683774969363,0.23362279339961967,0.24110587985696283,0.23035735422602063,0.24480150841882128,0.22980726278785918,0.24428072839845727,0.23910323151349497,0.24841635420841834,0.24977750148310576,0.24966964884589968,0.24975036600436837,0.24967881720234222,0.24979464014376396,0.24964041630785977,0.24978439402713706,0.24954656964298763,0.2497521226414762,0.24967050014621114,0.2498004819550368
0.2498739280759262,0.2498397889006449,0.24982928134889715,0.24990032331518813,0.24978114155572725,0.25,0.24965477857112264,0.24993145376708037,0.2497828172324157,0.2499654857337576,0.24982533082994213,0.23826802482392914,0.2440920062725162,0.2333469841082768,0.24469439824744676,0.23025564908471466,0.24343183018098014,0.23833014811466524,0.24785692692313596,0.24995589436483676,0.2498989539083925,0.24611296706577174,0.23568345712822766,0.23695883928923211,0.2311147720571016,0.23282769960967403,0.23236259685493652,0.23637663490077035,0.23810348243745985,0.24933039443954513,0.2498865446503679,0.24526163246579102,0.23626833380800455,0.23454159677334047,0.2328100841608074,0.23411878556986604,0.23455853458319706,0.240839942312709,0.24089983966381281,0.24952819579829877,0.24984914868905067,0.2337794134033483,0.24126730472463942,0.23051420755890864,0.24496415932090854,0.2299635404975858,0.24444212184076175,0.2392626860325681,0.24858082691980427,0.24994293822899016,0.2498350118966255,0.2499157825613129,0.2498441826270143,0.2499600861215005,0.24980577840053703,0.249949833215257,0.2497118822809065,0.24991754045559264,0.24983586389946677,0.2499659317988788
0.24958221510438286,0.2495481157845612,0.24953761949614986,0.24960857952877064,0.24948948966238496,0.24965477857112264,0.25000000000000006,0.2496396723150534,0.24949112176093977,0.2496736678769379,0.24953383783161764,0.23798586568365637,0.2438038756209135,0.23306424719406368,0.24440478407168692,0.22997622412587146,0.24314162046293647,0.23804500915200144,0.2475679397267379,0.24966408128272682,0.24960717182859735,0.24582302124926292,0.23540062128512937,0.23667263008235132,0.2308343415940984,0.2325410692579803,0.23208090587819863,0.23609129756981895,0.23781984976928822,0.24903919229030105,0.24959478043563949,0.24497294894129842,0.23598453457159493,0.23425977638032897,0.23252965120098226,0.23384027799327303,0.23427709733482152,0.24055450788339766,0.24061413309827423,0.2492368882243912,0.24955746392842093,0.2335037147775728,0.2409832467692156,0.23023998714746438,0.2446770579611231,0.22969227023327596,0.24415703704176703,0.2389822939062835,0.24829068618975056,0.2496511411019893,0.24954334441608977,0.24962402082659937,0.24955250182683036,0.249668272556764,0.2495141202908081,0.24965803162946718,0.2494203106311409,0.2496257765691856,0.24954419536558844,0.24967411141845236
0.24985881206035554,0.24982467495030877,0.2498141846016855,0.24988520570284878,0.24976609346496953,0.24993145376708037,0.2496396723150534,0.2500000000000001,0.24976770433013373,0.249950364176362,0.24981021973706238,0.23825331637581093,0.24407707664954684,0.23333284009659772,0.24467962905031929,0.2302417563245383,0.24341702379183494,0.23831567902636958,0.24784190653726265,0.24994077331669484,0.24988383735074568,0.24609809590120307,0.23566924019766466,0.23694458548581668,0.2311008594994446,0.2328136116433892,0.2323485943250807,0.23636231336344893,0.23808912119206485,0.2493153109863764,0.24987142778856106,0.24524679712221842,0.236254037077526,0.23452741227981497,0.23279597516618375,0.23410469342082899,0.2345443364530629,0.24082539224786303,0.24088525148505083,0.24951310069211963,0.24983403416059702,0.2337652531984698,0.24125269162949964,0.23050021114447566,0.24494933592106213,0.22994957152115067,0.24442733858509288,0.23924820423717527,0.24856578968136506,0.24992781801707503,0.24981989823659276,0.2499006640146781,0.24982906846948189,0.24994496489390886,0.24979066643380912,0.2499347126078345,0.24969677610936783,0.2499024218017094,0.24982075018657157,0.2499508102175821
0.2497102168240354,0.24967610001590188,0.24966553883863443,0.24973659476978577,0.2496173856203226,0.2497828172324157,0.24949112176093977,0.24976770433013373,0.24999999999999994,0.2498017147326208,0.2496616715168429,0.23810845237651845,0.24392838100305303,0.23319135552444348,0.24453261114601277,0.2301016347474106,0.2432690520777166,0.23817243136445476,0.24769445093190706,0.24979212858744734,0.24973520925324594,0.24595076242174307,0.23552662097155075,0.23680046317704337,0.23095988827333452,0.2326706761999591,0.2322069683832888,0.23621894900145768,0.2379456082704476,0.24916700940641306,0.2497228164677079,0.24510019528712784,0.23611120912184122,0.23438546669633903,0.23265494488892885,0.23396324787162778,0.23440239485464462,0.2406806888506495,0.24074065196892352,0.2493647098914441,0.24968545378015436,0.23362551468552314,0.2411086283476205,0.23036191500488945,0.24480334144533442,0.22981240187414717,0.24428200171196965,0.2391056643826374,0.2484179688843551,0.24977918070094401,0.24967132614309143,0.2497520438989441,0.24968048903423595,0.24979631841906377,0.24964210664121694,0.24978607223228635,0.24954826599309102,0.24975380062994273,0.2496721775862876,0.249802160268411
0.2498928339960422,0.24985869223772808,0.24984818772423825,0.24991923123241647,0.24980004193722025,0.2499654857337576,0.2496736678769379,0.249950364176362,0.2498017147326208,0.24999999999999992,0.24984423445869658,0.23828586000358495,0.24411037184637985,0.23336459747200675,0.24471291817609958,0.23027306811962767,0.2434501985633981,0.23834814375237065,0.2478756676971017,0.2499748064447733,0.24991786202022612,0.246131577071014,0.2357012886733465,0.23697676917781932,0.2311322559667903,0.23284524925600664,0.23238016668215408,0.2363944682989452,0.23812150055612624,0.24934925882673564,0.24990545140224626,0.2452801866302185,0.236286189339509,0.2345593341426372,0.23282766637080876,0.23413653112060986,0.2345762596619029,0.24085816677516186,0.2409180497033085,0.2495470755788454,0.24986805272273668,0.23379708981071065,0.2412855476446505,0.23053161501765784,0.24498269031291958,0.22998090571478183,0.2444606192944235,0.23928078436186023,0.24859963534805649,0.2499618493577265,0.24985391487316133,0.24993469164886614,0.2498630863342138,0.24997899856051617,0.24982467909988465,0.24996874487849477,0.24973077591544554,0.24993644967550174,0.24985476693957764,0.24998484468016574
0.24975272130136406,0.24971859868603072,0.2497082169023897,0.24977910373704207,0.24966045179621585,0.24982533082994213,0.24953383783161764,0.24981021973706238,0.2496616715168429,0.24984423445869658,0.24999999999999992,0.2381506663662805,0.24397313773317608,0.23323309942337403,0.24457563618417746,0.23014345679832335,0.24331276992722634,0.2382137876410978,0.24773662343059663,0.24983464714290435,0.24977773699756464,0.2459935411272471,0.2355688312674131,0.23684364750256146,0.23100224819610662,0.23271365175272957,0.23224942379945973,0.23626119560243714,0.23798780147292461,0.24920944181081692,0.24976532862836306,0.24514253148791745,0.23615319285869332,0.23442738118010487,0.2326964742245689,0.2340053450730553,0.23444423143169688,0.24072296864096332,0.24078262777645906,0.24940715732084284,0.24972795371326878,0.23366577422945484,0.24115004211707863,0.230401830478442,0.24484525118466668,0.22985153047836815,0.24432359332005257,0.2391465318559968,0.2484602549449088,0.24982169770658286,0.24971382401310818,0.24979455549746146,0.24972299068095774,0.2498388375536973,0.2496846026257116,0.2498285896212855,0.2495907510872645,0.24979631252589818,0.2497146755887594,0.24984468039591254
0.23819856703279854,0.23816602301072176,0.2381504068430484,0.23822372895432073,0.2381029871771071,0.23826802482392914,0.23798586568365637,0.23825331637581093,0.23810845237651845,0.23828586000358495,0.2381506663662805,0.24999999999999994,0.2324255186704378,0.22189729699210678,0.23322674611017197,0.21924189120181684,0.23238606395868402,0.22714773236491417,0.2363590688962478,0.23827675890090486,0.23822009806453734,0.23444790244140445,0.22430460285545173,0.22542954875831442,0.21990229487043494,0.22143387037658108,0.22121431969924998,0.22504474641689207,0.22671366800481157,0.23767251017805863,0.23820913974450844,0.23374338774471076,0.22499841404316623,0.22345750933942493,0.2218585241411595,0.22307846802092948,0.22352108710208143,0.22948090181239983,0.22960386437909056,0.23786919576416019,0.23817496172098832,0.2228513794804985,0.2299920140541681,0.21972603243290317,0.2335198354972394,0.2191911039310457,0.2330224316644404,0.2280623905630327,0.23696582529690127,0.23826435388725703,0.2381614709426258,0.23823846571190185,0.23817024379280835,0.23828069923561787,0.23813339229585034,0.23827092551035864,0.2380434221448688,0.23824014162371834,0.2381622814052507,0.23828627188114979
0.24402094487819873,0.24398760537025685,0.24397580461993346,0.24404672184210444,0.24392708749530775,0.2440920062725162,0.2438038756209135,0.24407707664954684,0.24392838100305303,0.24411037184637985,0.24397313773317608,0.2324255186704378,0.2499999999999999,0.22749481550265974,0.23912829058957855,0.22450105077728455,0.23790592695575785,0.23259064954211536,0.24220763245954938,0.24410099076136682,0.24404491203527745,0.24040295424457445,0.22995508723701225,0.23124692688776544,0.22555124566213094,0.22726705319799992,0.22696276152404077,0.2308653533098853,0.23244681098521425,0.2434836374123236,0.24403196965104934,0.2394725778332613,0.23058977840456532,0.2289534555032232,0.22740935955080427,0.2286651054954759,0.229109200286993,0.2351661949174492,0.23525630806901765,0.24368374512837004,0.24399669613933536,0.22827114559892572,0.2355945204140062,0.22506723017771163,0.23922407254449632,0.2245158272732757,0.23872694179210427,0.23363333865704208,0.2427605602484811,0.24408833151026058,0.24398294393049239,0.24406182230641116,0.24399207350218152,0.24410508448812812,0.2439537565667283,0.24409507205189268,0.24386140639578954,0.24406353569260042,0.24398377230730564,0.24411079352939655
0.23327911320684153,0.23324724130809385,0.23323347698335506,0.23330375546566118,0.23318270244660216,0.2333469841082768,0.23306424719406368,0.23333284009659772,0.23319135552444348,0.23336459747200675,0.23323309942337403,0.22189729699210678,0.22749481550265974,0.24999999999999986,0.22809934053870007,0.21401374188146446,0.2271099622905186,0.22215049458411618,0.23156723364556256,0.23335578752585412,0.2332990555308588,0.22968711499744957,0.2194036788998619,0.22036700196292722,0.2150575118170542,0.2171111430973395,0.2171493808965171,0.22142009566162615,0.22204516442544597,0.2327549754220015,0.2332882310621158,0.2288879465732268,0.22041130253696303,0.2188830724993091,0.21755506164854868,0.21855249906571325,0.21926423228032357,0.22474071275218865,0.22499193716765267,0.23295721124277394,0.23325597000707451,0.21824430685484156,0.22527809636622834,0.215322011045452,0.2287221054206058,0.2146959548638682,0.22821615168866177,0.22332421683155831,0.23207456346070113,0.23334362167670714,0.23324278558370362,0.23331819026330908,0.23325158921278133,0.23335954871653397,0.23321467303802146,0.2333499773085639,0.2331255597338315,0.23331982916841312,0.23324357697703982,0.2333650067094859
0.244623282109436,0.24458986030680843,0.24457881328451758,0.24464912270076944,0.24453130853941552,0.24469439824744676,0.24440478407168692,0.24467962905031929,0.24453261114601277,0.24471291817609958,0.24457563618417746,0.23322674611017197,0.23912829058957855,0.22809934053870007,0.25,0.22501647728034194,0.2383987549726025,0.23321098572803595,0.24276786851178797,0.24470366144389613,0.24464742297550077,0.24094649067348098,0.23057255938395396,0.23195957363313507,0.2261591620278932,0.22797672456549042,0.22757470677735178,0.23147354531658987,0.23302450440197403,0.2440854435565304,0.24463462797846117,0.24006493942387536,0.2311649605193611,0.22955443544455517,0.2280286548849058,0.2292452984619108,0.22968879633448028,0.2357596052689475,0.23584206320070958,0.24428502308380382,0.24459902826995877,0.22883525766197554,0.23618290813465245,0.22563202341409558,0.23981525357430925,0.22508152699688572,0.23931227822005766,0.2342133525801622,0.24335893793262714,0.24469082583871352,0.24458518546636843,0.24466425875170242,0.24459423400460065,0.2447076295613095,0.24455614872870501,0.2446975922498843,0.244463763525258,0.24466597805429333,0.24458601778238837,0.24471335254154575
0.2301887188020272,0.23015726913026868,0.230144734716731,0.23021303460942222,0.23009564790645864,0.23025564908471466,0.22997622412587146,0.2302417563245383,0.2301016347474106,0.23027306811962767,0.23014345679832335,0.21924189120181684,0.22450105077728455,0.21401374188146446,0.22501647728034194,0.25,0.22377965024775914,0.21872980730051964,0.22821960370294023,0.23026504690189695,0.2302092721964032,0.22669122463059838,0.216992983934461,0.2178005761789438,0.2122777316573981,0.21333093834471575,0.21369820319470886,0.2179070341729554,0.2190401820604528,0.22967922425196596,0.23019812113557883,0.22586211543232312,0.21741996090992072,0.2159933228102661,0.21449441816065284,0.2158440022920408,0.21600557521694433,0.2217969223542856,0.22183969283458507,0.22987100509397887,0.23016575517617888,0.21528800629597256,0.2222179973990864,0.21228475723755486,0.22565704282315469,0.2117675083853722,0.22520513840875409,0.22038911459156035,0.229003187117916,0.23025230339060776,0.23015287437259144,0.23022728378141658,0.23016169492995708,0.2302680885974074,0.23012476400737503,0.23025864412813452,0.23003725780092066,0.23022889537377503,0.23015365334290147,0.23027347441968796
0.24336101621170406,0.24332776686691165,0.2433149552030324,0.24338672346455464,0.24326628512442194,0.24343183018098014,0.24314162046293647,0.24341702379183494,0.2432690520777166,0.2434501985633981,0.24331276992722634,0.23238606395868402,0.23790592695575785,0.2271099622905186,0.2383987549726025,0.22377965024775914,0.2500000000000002,0.23186919679390286,0.24145128838545707,0.24344101827899625,0.24338415800353147,0.23974491806696616,0.22950031085181552,0.23071059586206435,0.2249100707786948,0.22658541490853143,0.2261585230661156,0.23012680887451362,0.2317930096047148,0.24282944650584737,0.24337307991559257,0.2388311725882243,0.22999293068785687,0.22832532260912233,0.22667331657869816,0.22793662644315726,0.22839896950097732,0.2345120414135122,0.23458804755592658,0.24302418382283153,0.24333694350230242,0.227659030998433,0.23496793882140996,0.22446188275092072,0.23857210953797672,0.22395520190555102,0.23806711237090697,0.23301693578328067,0.24210052874928328,0.24342819220962933,0.2433231133935348,0.24340177829496337,0.24333191620981673,0.2434449286525076,0.24329467034067978,0.24343494289573564,0.24320312210975156,0.24340349184378257,0.24332394417007158,0.2434506218767902
0.23826083635617082,0.23822828382651007,0.23821574251395708,0.2382860048554645,0.23816566232988265,0.23833014811466524,0.23804500915200144,0.23831567902636958,0.23817243136445476,0.23834814375237065,0.2382137876410978,0.22714773236491417,0.23259064954211536,0.22215049458411618,0.23321098572803595,0.21872980730051964,0.23186919679390286,0.2500000000000001,0.23625552711043898,0.2383388451552216,0.2382838620027294,0.23462772609827007,0.22458727858834265,0.2255859481416059,0.22043955914416985,0.2215876105839265,0.2213497247772359,0.22485556577889343,0.22695771805273568,0.23773737023512695,0.23827205880891608,0.23379962224596998,0.225107771072162,0.22343579811380054,0.2218795905481008,0.22313546464114842,0.22353106843826964,0.22968487997442968,0.22960513680654693,0.23793083597117282,0.23823737069204312,0.22280659726990198,0.22997203412798276,0.2195577799689354,0.23354170194826684,0.21913180501325047,0.23308754781753,0.22812097830651193,0.23702904087062332,0.2383264604533955,0.23822372700353772,0.2383007459860573,0.23823219357271033,0.23834299040246468,0.23819537724469655,0.2383332137367017,0.23810564368793932,0.23830242181542527,0.2382245412429178,0.23834856413212285
0.2477848734184637,0.24775101966152724,0.24774036360516322,0.24781104798205114,0.24769317347204087,0.24785692692313596,0.2475679397267379,0.24784190653726265,0.24769445093190706,0.2478756676971017,0.24773662343059663,0.2363590688962478,0.24220763245954938,0.23156723364556256,0.24276786851178797,0.22821960370294023,0.24145128838545707,0.23625552711043898,0.2499999999999998,0.2478666886008666,0.2478095480708344,0.24406460172123326,0.23371554418052193,0.23498046345294757,0.2291495151513397,0.23088941311031735,0.23038566083908849,0.2343860411961407,0.23609337748647435,0.24724546354681443,0.24779725355805474,0.24320312908102998,0.23426411611710646,0.23254798330345888,0.2308369444238943,0.23214206078520555,0.23258215308126226,0.23881285565511415,0.23887500025133837,0.24744209615426446,0.24776029124138452,0.23181571365883472,0.23924279504446075,0.2285703879650569,0.24291291333589254,0.22803474667517848,0.24239941393275363,0.23725918499019172,0.2465028281440283,0.2478532987705806,0.24774628299882284,0.24782637851089867,0.24775538241373168,0.24787031108246993,0.2477171785843133,0.24786014396108746,0.24762394023574966,0.24782812117967748,0.24774712747506508,0.24787610795029827
0.24988324536014334,0.24984910491188203,0.2498385974115224,0.24990964158362924,0.24979044588749597,0.24995589436483676,0.24966408128272682,0.24994077331669484,0.24979212858744734,0.2499748064447733,0.24983464714290435,0.23827675890090486,0.24410099076136682,0.23335578752585412,0.24470366144389613,0.23026504690189695,0.24344101827899625,0.2383388451552216,0.2478666886008666,0.24999999999999967,0.24990827077952435,0.2461220789382824,0.23569220460968418,0.23696708421917473,0.23112337054307672,0.23283592192666946,0.23237123335712936,0.2363849784408909,0.23811236382752762,0.2493396884174528,0.24989586414227696,0.2452708438470774,0.23627742191496476,0.23455063093287612,0.23281909999303194,0.2341276556713021,0.23456743141275832,0.24084906721733437,0.24090893120324638,0.24953749830503782,0.24985846562787217,0.23378811532831326,0.24127636274651185,0.23052283753283534,0.24497331102144118,0.22997206418434882,0.24445121140071294,0.23927159989617766,0.24859009137583596,0.24995225801369314,0.24984432771406678,0.24992510139340035,0.24985349805352755,0.24996940661995426,0.2498150947368952,0.2499591533297516,0.24972119682264995,0.24992685936602516,0.24984517976434867,0.24997525251372482
0.24982632181730308,0.2497921891462548,0.24978168995319802,0.24985271202771472,0.24973357568048027,0.2498989539083925,0.24960717182859735,0.24988383735074568,0.24973520925324594,0.24991786202022612,0.24977773699756464,0.23822009806453734,0.24404491203527745,0.2332990555308588,0.24464742297550077,0.2302092721964032,0.24338415800353147,0.2382838620027294,0.2478095480708344,0.24990827077952435,0.24999999999999994,0.24606975305182946,0.235639401473762,0.2369205918681035,0.23107761302838475,0.23279703349133588,0.23232794813160929,0.23633603735858325,0.23806119561050043,0.24928281304716768,0.24983892207640265,0.2452142509112304,0.23622229883776413,0.23449542953654792,0.2327671300859587,0.23407593685545472,0.23451607592928128,0.24079482920029902,0.2408542040362573,0.24948065515604498,0.249801547496668,0.2337337399849231,0.24122049284979805,0.2304683635057501,0.24491724862560038,0.22991775476292078,0.24439576691086648,0.23921642807372087,0.2485335093340785,0.24989531731018583,0.24978741309139826,0.249868168368279,0.24979658221322187,0.24991246344712484,0.249758174653797,0.24990221249521555,0.24966428802962193,0.2498699258878898,0.24978826489287217,0.2499183080116034
0.2460414219074655,0.2460078063506374,0.2459969404480273,0.24606741230290038,0.24595154048919618,0.24611296706577174,0.24582302124926292,0.24609809590120307,0.24595076242174307,0.246131577071014,0.2459935411272471,0.23444790244140445,0.24040295424457445,0.22968711499744957,0.24094649067348098,0.22669122463059838,0.23974491806696616,0.23462772609827007,0.24406460172123326,0.2461220789382824,0.24606975305182946,0.24999999999999994,0.23185286109563982,0.23331142336377833,0.2283361304675467,0.22982544871696908,0.22957912160830757,0.2331153351913078,0.23463823775939846,0.24550007449307354,0.24605331203934022,0.24147090750589842,0.23254479531559136,0.23094332208761864,0.22961805303789926,0.2305670825487003,0.23120921003537148,0.2371926513866046,0.23726626867149525,0.24570034042676436,0.24601721671633772,0.2301720294105943,0.23756164211648467,0.22696688871709983,0.24120433215766127,0.22637882736805565,0.24069316619123118,0.23554508745840086,0.24476852085444006,0.24610928717759048,0.24600309904783305,0.24608263181527493,0.24601184002112533,0.2461262587007555,0.24597418755373815,0.246116162826223,0.24588134128289155,0.24608436537094922,0.24600394155018307,0.246132014499459
0.23561495296178434,0.23558276192752925,0.23557080145685355,0.23563984196523102,0.23552269723666194,0.23568345712822766,0.23540062128512937,0.23566924019766466,0.23552662097155075,0.2357012886733465,0.2355688312674131,0.22430460285545173,0.22995508723701225,0.2194036788998619,0.23057255938395396,0.216992983934461,0.22950031085181552,0.22458727858834265,0.23371554418052193,0.23569220460968418,0.235639401473762,0.23185286109563982,0.2499999999999996,0.22269632694496627,0.21874420223729732,0.22150083399655537,0.22263931842854653,0.22502294649550872,0.22582391676688784,0.23507993082638334,0.23562580132224645,0.23111970304293944,0.22202096724462647,0.22102203776224147,0.22120874665309997,0.221246934120768,0.22326027513604527,0.2275447792492156,0.22765387561994313,0.2352872070823354,0.2355922728541819,0.22020543988200683,0.22746901323900448,0.21732721235726687,0.23097708670941647,0.21654443527706954,0.2305059420042339,0.22540345676975834,0.2344043215467386,0.2356797501746586,0.2355782443476242,0.23565441867305284,0.23558619198959874,0.23569619491038066,0.23554910600644197,0.23568652660404574,0.23545869019769203,0.23565607661507093,0.23557906090527733,0.23570170652196007
0.2368899663759211,0.23685760114219345,0.2368456728647804,0.23691499006442418,0.23680008059319765,0.23695883928923211,0.23667263008235132,0.23694458548581668,0.23680046317704337,0.23697676917781932,0.23684364750256146,0.22542954875831442,0.23124692688776544,0.22036700196292722,0.23195957363313507,0.2178005761789438,0.23071059586206435,0.2255859481416059,0.23498046345294757,0.23696708421917473,0.2369205918681035,0.23331142336377833,0.22269632694496627,0.24999999999999967,0.21812637652896813,0.22090036922834835,0.22378789601192753,0.22611952127185828,0.22674192857744432,0.23635174041032295,0.2368994934314445,0.2324530854708935,0.22411270406078249,0.22253939930724306,0.22071676624996797,0.2223661013042229,0.22404287459955305,0.2288851606018717,0.22895326527332113,0.23656198011532933,0.23686672331503433,0.22163470738863034,0.2288138666788629,0.21877874566685152,0.23231106855745381,0.217903811453767,0.2317531691843176,0.22670498558600688,0.23566822329926565,0.23695545005022625,0.23685307372836828,0.23692964504127847,0.23686200031288204,0.2369716475356457,0.23682467736124918,0.23696192733928778,0.23673410278828333,0.23693131256690733,0.23685388009212552,0.23697718939676388
0.23104759326571633,0.23101602624971873,0.23100372019219256,0.2310719997996515,0.23095775040891772,0.2311147720571016,0.2308343415940984,0.2311008594994446,0.23095988827333452,0.2311322559667903,0.23100224819610662,0.21990229487043494,0.22555124566213094,0.2150575118170542,0.2261591620278932,0.2122777316573981,0.2249100707786948,0.22043955914416985,0.2291495151513397,0.23112337054307672,0.23107761302838475,0.2283361304675467,0.21874420223729732,0.21812637652896813,0.24999999999999986,0.21400140995547748,0.21707302667600373,0.2219247122618349,0.2228245048699591,0.2305150966524736,0.2310588506712351,0.22729483304957288,0.22054799433719638,0.21658659410778316,0.21421817371154067,0.21615489935032842,0.22005257329429312,0.2242556524514074,0.2247359913629523,0.23072598929941665,0.23102517172463077,0.21633597573097094,0.22328922237188872,0.2136052841770721,0.22668615181978755,0.21252604626941893,0.22607131118020454,0.2210594326569289,0.22987126495503662,0.2311116200174081,0.23101160192859949,0.23108630490973894,0.23102089816066557,0.23112725984752616,0.2309824680484991,0.23111777950063647,0.2308933325680713,0.23108791974329665,0.23101239697121537,0.23113266512144487
0.23275995167771124,0.2327281507097186,0.23271353992575697,0.2327845390953039,0.2326671863617806,0.23282769960967403,0.2325410692579803,0.2328136116433892,0.2326706761999591,0.23284524925600664,0.23271365175272957,0.22143387037658108,0.22726705319799992,0.2171111430973395,0.22797672456549042,0.21333093834471575,0.22658541490853143,0.2215876105839265,0.23088941311031735,0.23283592192666946,0.23279703349133588,0.22982544871696908,0.22150083399655537,0.22090036922834835,0.21400140995547748,0.24999999999999978,0.2152584856897231,0.2203394349277522,0.22199633256563597,0.23222796439635718,0.23276999155327743,0.22866199357878678,0.22141246730284447,0.2194927046182538,0.21686464439061137,0.21823424131489177,0.21835281100163512,0.22430084002412912,0.22463081247269237,0.23243492040832991,0.2327379513407731,0.21764843494130456,0.22481404704656438,0.21489787100362018,0.2282266208363183,0.21418746882807835,0.22766730191348933,0.2227713798073119,0.2315470264037251,0.2328239675359748,0.23272367689984763,0.23279891426709912,0.23273058184632478,0.23284021067122943,0.2326980563166168,0.23283065796022345,0.23261050297732208,0.23280057702610923,0.23272449453361613,0.2328456540247847
0.23229504609070406,0.23226330864071637,0.23225110748806532,0.2323195843983543,0.23220655821305966,0.23236259685493652,0.23208090587819863,0.2323485943250807,0.2322069683832888,0.23238016668215408,0.23224942379945973,0.22121431969924998,0.22696276152404077,0.2171493808965171,0.22757470677735178,0.21369820319470886,0.2261585230661156,0.2213497247772359,0.23038566083908849,0.23237123335712936,0.23232794813160929,0.22957912160830757,0.22263931842854653,0.22378789601192753,0.21707302667600373,0.2152584856897231,0.24999999999999975,0.21879947158292334,0.22134401017310087,0.23176305969210242,0.23230671872083533,0.2285817599781828,0.22202097413163596,0.22076852754384718,0.21921643557192946,0.21735612532462525,0.2169911233107537,0.22364891786667035,0.22421578608974874,0.23196908980566283,0.2322730245740463,0.21720010161462747,0.22418797010560096,0.21441377917441368,0.22768882447432326,0.2134515752436856,0.2272785460558284,0.2222020584419364,0.23110755070538624,0.23235862488470027,0.2322588431642513,0.2323339544207024,0.23226590845778294,0.2323751437106277,0.23222969683159597,0.23236561122260027,0.23214072964417296,0.23233559029562667,0.2322596597673163,0.23238057725927513
0.23630787364081382,0.23627558793585532,0.23626255364985074,0.23633283584040068,0.23621669980745635,0.23637663490077035,0.23609129756981895,0.23636231336344893,0.23621894900145768,0.2363944682989452,0.23626119560243714,0.22504474641689207,0.2308653533098853,0.22142009566162615,0.23147354531658987,0.2179070341729554,0.23012680887451362,0.22485556577889343,0.2343860411961407,0.2363849784408909,0.23633603735858325,0.2331153351913078,0.22502294649550872,0.22611952127185828,0.2219247122618349,0.2203394349277522,0.21879947158292334,0.24999999999999978,0.22454509717595753,0.2357716628424006,0.23631891047151765,0.23203683360960908,0.22422956333048008,0.22310570033872618,0.22235407294468895,0.22122015012572582,0.22122654048889984,0.22746386612673053,0.22752416927392463,0.23597793618443585,0.2362854400019804,0.22076332432637674,0.22796851626830897,0.2175220981675814,0.23156228087682554,0.21709286818552234,0.23117574835874224,0.2261004565803152,0.23508620256788015,0.23637246364234352,0.23627104951118086,0.23634744602332594,0.23627787808875658,0.23638935522378207,0.23624225005659927,0.23637965773742442,0.2361520047569687,0.2363491182347683,0.23627187602925676,0.23639488233477915
0.23803427958458223,0.23800175800837614,0.2379903078252283,0.23805942415172637,0.23794319254540922,0.23810348243745985,0.23781984976928822,0.23808912119206485,0.2379456082704476,0.23812150055612624,0.23798780147292461,0.22671366800481157,0.23244681098521425,0.22204516442544597,0.23302450440197403,0.2190401820604528,0.2317930096047148,0.22695771805273568,0.23609337748647435,0.23811236382752762,0.23806119561050043,0.23463823775939846,0.22582391676688784,0.22674192857744432,0.2228245048699591,0.22199633256563597,0.22134401017310087,0.22454509717595753,0.24999999999999975,0.23749733133179568,0.23804593963965776,0.2339436312462571,0.2263120490815121,0.22481667057014587,0.22379734039653093,0.22335360430411216,0.2234926844706808,0.2292918652278787,0.22908015840058613,0.2377027325213925,0.2380112947438265,0.2226187525765257,0.2297516987877112,0.2196093186169542,0.23332561517546416,0.21879978058108868,0.23288557476281324,0.22777359729906924,0.2368125547669422,0.2380996200360483,0.23799719411753126,0.23807415104566604,0.23800508898505446,0.23811635580117826,0.23796786786770968,0.23810658814780866,0.23787717220166044,0.23807582550117568,0.23799801898352058,0.23812192394220125
0.24925792679289593,0.24922387177915906,0.24921333246317168,0.2492842569613384,0.2491651829091178,0.24933039443954513,0.24903919229030105,0.2493153109863764,0.24916700940641306,0.24934925882673564,0.24920944181081692,0.23767251017805863,0.2434836374123236,0.2327549754220015,0.2440854435565304,0.22967922425196596,0.24282944650584737,0.23773737023512695,0.24724546354681443,0.2493396884174528,0.24928281304716768,0.24550007449307354,0.23507993082638334,0.23635174041032295,0.2305150966524736,0.23222796439635718,0.23176305969210242,0.2357716628424006,0.23749733133179568,0.24999999999999997,0.2492704442632444,0.2446547586709323,0.23567619851997795,0.23396273974827048,0.23222989114022224,0.23354185174190714,0.2339710718742471,0.24024213368975827,0.24029887368824845,0.24891308001251627,0.2492332042390831,0.23320460022735798,0.24067294104858633,0.22994693874629338,0.24436084291059257,0.229397471855061,0.2438401529049716,0.23867349631620444,0.24796809954709118,0.24932676937890602,0.24921910682778764,0.24929967822333263,0.24922826977455953,0.24934387242198763,0.24918993047043897,0.24933364480790127,0.24909624756957663,0.24930143165721638,0.2492199564540838,0.24934970370382445
0.24981391570767458,0.24977978473161874,0.24976926830142557,0.2498403046075763,0.24972110725176286,0.2498865446503679,0.24959478043563949,0.24987142778856106,0.2497228164677079,0.24990545140224626,0.24976532862836306,0.23820913974450844,0.24403196965104934,0.2332882310621158,0.24463462797846117,0.23019812113557883,0.24337307991559257,0.23827205880891608,0.24779725355805474,0.24989586414227696,0.24983892207640265,0.24605331203934022,0.23562580132224645,0.2368994934314445,0.2310588506712351,0.23276999155327743,0.23230671872083533,0.23631891047151765,0.23804593963965776,0.2492704442632444,0.24999999999999967,0.24520447350092725,0.23621677433103874,0.23449181403100547,0.23275927470664776,0.2340632284196885,0.23450496736705362,0.24078302619969022,0.24084387641821192,0.24946824490867667,0.24978914838228697,0.23372450395195407,0.24121059520977162,0.2304614959761593,0.24490587571573622,0.22990860386602674,0.24438320841514624,0.23920485624176413,0.2485210885160222,0.24988290908672042,0.2497750087191716,0.24985576000324283,0.24978417046952076,0.24990005307420127,0.24974579677287187,0.24988980261625932,0.2496519326319876,0.24985751761293024,0.2497758606731109,0.24990589733403898
0.245190343773719,0.24515684449595163,0.24514591514087314,0.24521624426617322,0.24509774508450616,0.24526163246579102,0.24497294894129842,0.24524679712221842,0.24510019528712784,0.2452801866302185,0.24514253148791745,0.23374338774471076,0.2394725778332613,0.2288879465732268,0.24006493942387536,0.22586211543232312,0.2388311725882243,0.23379962224596998,0.24320312908102998,0.2452708438470774,0.2452142509112304,0.24147090750589842,0.23111970304293944,0.2324530854708935,0.22729483304957288,0.22866199357878678,0.2285817599781828,0.23203683360960908,0.2339436312462571,0.2446547586709323,0.24520447350092725,0.24999999999999967,0.23159603405210483,0.23004484120561988,0.22941036084585795,0.23033245797850171,0.2308945469032359,0.23674179357545555,0.2365577555614917,0.24484926977513938,0.24516649358587703,0.22910500667897502,0.23668563357276617,0.22606950494646452,0.2403452324370176,0.22542144228484995,0.23987568481569832,0.23465679152273825,0.24392993835826732,0.24525778311228502,0.2451521438475298,0.2452314161620025,0.24516048914049657,0.24527488737254927,0.24512227421651298,0.24526482616089404,0.2450294404511905,0.24523313869212304,0.24515299306416993,0.24528062299825848
0.23619963745700806,0.2361673665398829,0.2361550898472805,0.23622458822314935,0.23610688991447926,0.23626833380800455,0.23598453457159493,0.236254037077526,0.23611120912184122,0.236286189339509,0.23615319285869332,0.22499841404316623,0.23058977840456532,0.22041130253696303,0.2311649605193611,0.21741996090992072,0.22999293068785687,0.225107771072162,0.23426411611710646,0.23627742191496476,0.23622229883776413,0.23254479531559136,0.22202096724462647,0.22411270406078249,0.22054799433719638,0.22141246730284447,0.22202097413163596,0.22422956333048008,0.2263120490815121,0.23567619851997795,0.23621677433103874,0.23159603405210483,0.24999999999999983,0.2208686730365049,0.22151491816288288,0.2223656094419156,0.22428406476013782,0.22880557986498676,0.22858029524712428,0.23586686571667595,0.23617752841131115,0.22052343476146,0.22792527514395725,0.21738169425764214,0.23148221275161784,0.21688641686870405,0.23107426932406266,0.2258622936001276,0.23499095458823183,0.23626415900688996,0.23616281346940254,0.23623919481937655,0.23616936301727876,0.2362810821133202,0.23613356360001586,0.23627138867237124,0.23604325466264875,0.23624086315968584,0.23616365633345063,0.23628660629834888
