x1,x2,x3,x4,x5,x6,x7,x8,x9,x10,x11,x12,x13,x14,x15,x16,x17,x18,x19,x20,x21,x22,x23,x24,x25,x26,x27,x28,x29,x30,x31,x32,x33,x34,x35,x36,x37,x38,x39,x40,x41,x42,x43,x44,x45,x46,x47,x48,x49,x50,x51,x52,x53,x54,x55,x56,x57,x58,x59,x60
0.25000000000000006,0.2497044133171649,0.24994583542903362,0.2499600241538151,0.24998129393183258,0.2499812384785626,0.24986677846788147,0.24993346336519695,0.24983735305106092,0.249974505020702,0.24981328510973266,0.24764244975373273,0.24078602923573406,0.24643565341105206,0.2374305826143907,0.24152008043174655,0.23505297129215785,0.24624131390619286,0.24584821507250174,0.24986198237828833,0.24995227332287262,0.24196068162057233,0.24622653764883737,0.2382160891141087,0.2467489979574225,0.22923198482614182,0.24558999194786074,0.24006234758151146,0.24720031053755426,0.2498801908311534,0.24994244629587492,0.24108005388060444,0.24481680579896292,0.23741244349680435,0.24634592414043172,0.23319508290254307,0.2466329208617221,0.2431740924949937,0.24763794003133013,0.24985381678561072,0.2498241676357776,0.2469882309089983,0.23988877721968305,0.24568949231507564,0.23668423757808024,0.24031516935902197,0.23313585441183574,0.24619224376374163,0.2453106782200141,0.24987939334137757,0.2499881896697266,0.2497600001756731,0.2499442617172025,0.24996795861596777,0.24997390154230362,0.24998805470859675,0.24984184429971446,0.24997004433813813,0.24972187144886512,0.24997380318773352
0.2497044133171649,0.25,0.24966681938919233,0.2496813291293223,0.24970257099466478,0.2497025255559925,0.24958819321140877,0.2496548037020298,0.24955880059956606,0.24969579959725585,0.2495347595497573,0.24736635038029134,0.2405177253443346,0.24616089765744698,0.23716591074044097,0.24125081479829671,0.2347909100820793,0.24596678140243888,0.24557411334364718,0.2495834024004451,0.249673592683802,0.2416909249225278,0.24595201619365073,0.23795051417864252,0.24647389286431715,0.2289764382489469,0.24531618114470694,0.2397947043968259,0.24692470028229765,0.24960159057750667,0.24966377660805192,0.24081126337012848,0.24454385324926908,0.2371477417944198,0.24607126629417855,0.23293508477125077,0.2463579435706027,0.2429029706879194,0.2473618410205732,0.24957524592989802,0.249545629831864,0.2467128549671302,0.2396213170438691,0.24541556423496907,0.23642035008115062,0.2400472338248458,0.23287592302513033,0.2459177554892234,0.24503717265155175,0.24960079395922988,0.24970946898640659,0.24948153390892808,0.24966559000646196,0.24968926048897666,0.24969519679700175,0.24970933417574961,0.24956328678917317,0.24969134388569053,0.24944344769268004,0.24969509854441133
0.24994583542903362,0.24966681938919233,0.25000000000000006,0.24992245621712353,0.24994393009220278,0.24994361185158934,0.24982916865289947,0.24989584397387932,0.2497997480798489,0.24993687942621998,0.2497756834129929,0.24760511342970334,0.24074852753411682,0.24639848999850592,0.2373945559598521,0.24148365370714087,0.23501755076234748,0.2462042131017567,0.24581120997912287,0.24982437377255773,0.2499146510199889,0.24192419241845034,0.2461894461187077,0.23818013422866732,0.24671183341690453,0.22919731485256936,0.24555299766702657,0.24002617562227238,0.24716309563338193,0.24984257947319805,0.2499048254973822,0.24104376222080087,0.24477994040411813,0.23737669825248178,0.2463088358064164,0.23315997304157832,0.24659578816830988,0.2431374794982693,0.2476006610366657,0.24981620936037324,0.24978656466747606,0.24695105304535617,0.23985266685201156,0.24565250942302602,0.23664860943462518,0.2402789953321669,0.2331007620704511,0.24615518670367184,0.24527375436259122,0.24984178208007493,0.24995056203080265,0.24972240688324082,0.2499066406817393,0.2499303340221557,0.24993627602053142,0.24995042708998688,0.2498042386346408,0.24993241943040753,0.24968428388246303,0.24993617771422974
0.2499600241538151,0.2496813291293223,0.24992245621712353,0.25,0.24995817849284174,0.2499581305783507,0.24984368117885583,0.24991035987723487,0.24981425847378022,0.24995139773873296,0.24979019278987172,0.2476195620255046,0.24076387910780028,0.24641287654381727,0.23740866263220128,0.24149776231341818,0.2350312475773876,0.24621855733842513,0.24582549068715628,0.2498388854923166,0.24992916809573187,0.24193832278842578,0.24620377982311317,0.2381940800908617,0.24672619121365805,0.22921081288583728,0.2455672933830934,0.24004016224068164,0.2471774608086187,0.24985709227389807,0.24991934197428162,0.24105776803153164,0.2447941766761118,0.23739049661903894,0.24632315333289395,0.23317352653727064,0.24661012379701097,0.24315161475767536,0.24761504942334045,0.2498307206635089,0.2498010742521822,0.24696539969307235,0.23986660243793126,0.24566678109239187,0.23666235894081802,0.24029295517165664,0.2331143037038691,0.24616948619931786,0.2452880020543785,0.24985629485010857,0.24996508112137533,0.24973691272084436,0.24992115722767946,0.24994485193775096,0.24995079431883815,0.24996494617272091,0.24981874928347636,0.2499469374671149,0.24969878751857733,0.24995069596924752
0.24998129393183258,0.24970257099466478,0.24994393009220278,0.24995817849284174,0.24999999999999997,0.2499793938636084,0.2498649349284787,0.24993161926000934,0.24983550876924254,0.24997266060525697,0.2498114422198886,0.24764059512384595,0.24078466469392765,0.24643385023001382,0.2374285519047854,0.24151831770947654,0.23505127729835662,0.24623946781029685,0.2458463873575219,0.249860138897928,0.24995042914925683,0.24195885868102973,0.24622471471699903,0.23821427883578278,0.2467471737265823,0.22923022150207023,0.24558816932301292,0.24006054412560848,0.24719848178737322,0.24987834709388024,0.2499406022308694,0.24107829281257157,0.2448149973871761,0.23741071846112685,0.24634410412433846,0.23319338019901037,0.2466310967095239,0.2431722980093578,0.24763611055607052,0.24985197329059808,0.2498223243633759,0.24698641194185678,0.23988700921442968,0.24568768473661226,0.23668249295490557,0.2403133982010157,0.2331341346031488,0.24619042735830174,0.2453088684784134,0.24987754967601997,0.24998634520458965,0.249758157394071,0.24994241760354358,0.2499661143000652,0.249972057178328,0.24998621024445525,0.2498400009266664,0.24996820000688094,0.24972002896120088,0.24997195882874337
0.2499812384785626,0.2497025255559925,0.24994361185158934,0.2499581305783507,0.2499793938636084,0.25,0.24986488688612427,0.24993157124871965,0.24983546166748372,0.24997261259532935,0.24981139393113513,0.24764057960460456,0.24078435339998588,0.2464337929880185,0.23742880666373098,0.24151825707185642,0.23505119441885508,0.24623945252402302,0.2458463540236975,0.2498600908015786,0.24995038106890302,0.24195885469589312,0.24622467584199248,0.23821429256853896,0.24674713181300598,0.2292302608519875,0.245588134940948,0.24006053281238313,0.24719843963744684,0.24987829911757556,0.2499405541147452,0.2410782290403674,0.24481495350703544,0.23741064675987375,0.24634405977138948,0.23319331804316584,0.24663105442210134,0.24317225222949623,0.24763606562806872,0.2498519252735068,0.24982227634849863,0.24698636118734288,0.2398869613064244,0.24568763244776293,0.23668244593025936,0.24031335018493782,0.23313408952913683,0.2461903800121475,0.24530882111392197,0.24987750163483724,0.24998629713963405,0.24975810937308746,0.2499423695200976,0.24996606623903495,0.24997200912249,0.24998616217952588,0.24983995288053074,0.24996815194541439,0.24971998093561662,0.24997191076655348
0.24986677846788147,0.24958819321140877,0.24982916865289947,0.24984368117885583,0.2498649349284787,0.24986488688612427,0.2499999999999999,0.24981713399096367,0.24972105591528015,0.24985815683345847,0.24969700124232452,0.2475271045240421,0.2406726274874363,0.2463203378721708,0.2373170194958652,0.24140649216612206,0.2349381087142878,0.24612629735269517,0.24573374427538033,0.24974568710057554,0.2498359330428599,0.24184736437688567,0.2461116700024463,0.2381044177845239,0.24663395490853934,0.22912335224320016,0.24547558035243233,0.2399504699257295,0.2470852623345716,0.24976388837790048,0.2498261109806021,0.24096747638805627,0.2447026187822617,0.23730134682825266,0.24623114980732952,0.23308610463882404,0.2465180323559693,0.2430606858605412,0.2475226172188544,0.24973752466711854,0.24970788908257877,0.24687319287613416,0.2397770440376578,0.24557502009782023,0.23657399060055434,0.24020324275974994,0.23302730548584985,0.24607763395175872,0.24519648941630456,0.2497630892494762,0.2498718348396946,0.24964375155462235,0.2498279266818688,0.24985161320241012,0.24985755282070576,0.2498716999413903,0.24972555612514594,0.24985369795371123,0.2496056400462519,0.2498574550537747
0.24993346336519695,0.2496548037020298,0.24989584397387932,0.24991035987723487,0.24993161926000934,0.24993157124871965,0.24981713399096367,0.24999999999999994,0.2497877143835836,0.24992483912405822,0.24976365127493833,0.24759325012530373,0.24073830906479324,0.24638669447201714,0.23738338806715262,0.241472096260378,0.2350062721905301,0.24619239015656724,0.24579936808296374,0.24981233883849735,0.2499026118503984,0.2419126109337556,0.24617761749697872,0.2381687631332454,0.24669997393962023,0.2291864452706088,0.24554119810246935,0.24001465192162924,0.24715119595782548,0.2498305436686464,0.24989278677631097,0.24103215607399842,0.24476816537850016,0.23736527502949167,0.24629697956032132,0.2331487520678719,0.24658391926006407,0.24312577834730098,0.24758873855604563,0.24980417486856502,0.24977453161039928,0.2469391585451091,0.2398411153650033,0.24564067809026716,0.2366372124317415,0.24026742277582483,0.23308953415657777,0.24614332936601735,0.2452619389793181,0.24982974634338845,0.2499385210559795,0.24971037689948872,0.24989460183355938,0.2499182940218029,0.24992423576895859,0.24993838612166397,0.24979220476659092,0.24992037932957487,0.24967225574996801,0.24992413743234768
0.24983735305106092,0.24955880059956606,0.2497997480798489,0.24981425847378022,0.24983550876924254,0.24983546166748372,0.24972105591528015,0.2497877143835836,0.24999999999999975,0.2498287320710345,0.2496676068034185,0.24749792524038888,0.24064640970080606,0.24629155872592043,0.2372913201054892,0.2413783624320175,0.23491594944541686,0.24609733086686844,0.24570469788972132,0.2497162752586661,0.2498065130578969,0.24181918980652425,0.24608273232783856,0.23807653598688092,0.24660494337406802,0.22909684628862761,0.24544655079930694,0.23992194787013915,0.24705608361191983,0.24973447227330087,0.2497966921566386,0.24093944676740747,0.24467389183916383,0.23727394935275853,0.24620218190093354,0.2330590579280667,0.24648900705653368,0.24303220441216214,0.24749347901823845,0.24970811379918795,0.2496784820858096,0.24684418268543987,0.23974884156664905,0.24554619882175818,0.2365461769328305,0.24017499463671535,0.23299988444617392,0.2460486614336594,0.24516762346704063,0.24973367590379145,0.24984240880072398,0.24961435237425783,0.24979850667963424,0.24982218954421773,0.24982812867138057,0.24984227391829777,0.2496961484408544,0.24982427405060834,0.24957624592320307,0.2498280307082345
0.249974505020702,0.24969579959725585,0.24993687942621998,0.24995139773873296,0.24997266060525697,0.24997261259532935,0.24985815683345847,0.24992483912405822,0.2498287320710345,0.24999999999999978,0.24980466504597368,0.24763390902775154,0.2407778744893363,0.24642715459649736,0.23742241817687007,0.24151175009973003,0.23504487064373006,0.24623282000894653,0.24583973178261456,0.24985336060444982,0.2499436484416299,0.24195233758424237,0.24621804350373894,0.2382078756389744,0.2467404854391559,0.229224085602483,0.24558151966485425,0.24005406614812605,0.24719178104683054,0.24987156842820768,0.24993382175251336,0.24107173554045566,0.2448083591513914,0.23740425212658153,0.24633742422111948,0.23318703690703158,0.24662441113334546,0.24316570216928163,0.24762939530009476,0.2498451952961718,0.24981554717031823,0.2469797083982678,0.23988049968072217,0.24568101465467695,0.23667607064188512,0.2403068770915944,0.23312780984740025,0.24618374864103082,0.24530221351327777,0.24987077096968582,0.24997956354407339,0.24975138192395718,0.2499356371086766,0.24995933318840974,0.2499652759114902,0.24997942858760025,0.2498332232271371,0.24996141883860987,0.24971325451394627,0.2499651775585019
0.24981328510973266,0.2495347595497573,0.2497756834129929,0.24979019278987172,0.2498114422198886,0.24981139393113513,0.24969700124232452,0.24976365127493833,0.2496676068034185,0.24980466504597368,0.24999999999999986,0.24747314415649294,0.2406214048681805,0.24626799941170316,0.2372695986761764,0.24135566951831725,0.23489287091113364,0.24607387964997562,0.2456811394079588,0.2496922188679182,0.24978244824023482,0.24179615037606073,0.2460591547854776,0.23805400165367102,0.2465812712443176,0.2290757276728437,0.24542303748100666,0.23989912952995865,0.24703233319721563,0.2497104149484055,0.24977262796249475,0.24091622459811346,0.24465041777258456,0.23725108134918063,0.24617852105564192,0.23303660296791937,0.24646532089446893,0.24300884135937814,0.24746967159270855,0.24968405873454622,0.2496544297488643,0.24682041045496264,0.23972577729414404,0.24552255087739464,0.2365234162699914,0.24015188117812958,0.23297745074488138,0.24602496995287249,0.24514400608065046,0.24970961799088406,0.24981834039493822,0.24959030593929213,0.24977444226844817,0.24979812308667632,0.24980406186230086,0.24981820552550563,0.24967209429069864,0.24980020739181963,0.24955220308535736,0.24980396368754343
0.24764244975373273,0.24736635038029134,0.24760511342970334,0.2476195620255046,0.24764059512384595,0.24764057960460456,0.2475271045240421,0.24759325012530373,0.24749792524038888,0.24763390902775154,0.24747314415649294,0.2499999999999998,0.2384504188635833,0.2441123479500941,0.2351190792395161,0.23919319451027116,0.23277575280355434,0.2439278123272008,0.2435371498964579,0.24752252005242548,0.24761177597072273,0.2396275700877148,0.24392275662021,0.23588909220650717,0.2444601061658641,0.22691237906832512,0.24331866199857746,0.23776829907483524,0.2448880625249578,0.2475405819235912,0.2476020889340429,0.23882039293501806,0.2425143736827122,0.23517990473785955,0.24402865850435973,0.2309932147286987,0.2443139322241192,0.24087541840859972,0.24531176474592928,0.2475143217534544,0.24748493612731112,0.24467332194265518,0.23763628999301226,0.2433855105350197,0.23446055618923403,0.2380590353831316,0.23094862943778294,0.24388425371178346,0.24301278438052032,0.2475396941472104,0.24764746596084958,0.24742141290083638,0.24760393582219759,0.24762742427581402,0.24763325249499607,0.247647332264135,0.24750234843984495,0.24762949053207126,0.24738360625523395,0.24763321418665782
0.24078602923573406,0.2405177253443346,0.24074852753411682,0.24076387910780028,0.24078466469392765,0.24078435339998588,0.2406726274874363,0.24073830906479324,0.24064640970080606,0.2407778744893363,0.2406214048681805,0.2384504188635833,0.24999999999999992,0.2372425018091954,0.22841487637976837,0.23248150964243486,0.22628090748361868,0.2371629591309544,0.23684462415063692,0.2406696972696818,0.24075611018977303,0.23289210412730665,0.23713291068226236,0.22922811411721936,0.23765019512698174,0.220408951886085,0.23654680228269223,0.23114875625998038,0.23810382339165034,0.24068735607559488,0.24074673003833294,0.23216857401441224,0.2357637581818532,0.2286046734961587,0.2372562313723255,0.224547716798148,0.23753612860734033,0.23418146006224666,0.2385123963781147,0.24066162392170598,0.24063301980236376,0.23789007165755197,0.23104751386294542,0.2366338056840662,0.22795926196731447,0.23146034226815937,0.2245505308995085,0.23713057611517577,0.23628352932565738,0.24068628465873243,0.240791061067238,0.24057126656519504,0.24074866004560388,0.24077157427585,0.2407771800677664,0.24079093107308266,0.2406497927546809,0.24077358331096269,0.2405344426732235,0.24077720387083118
0.24643565341105206,0.24616089765744698,0.24639848999850592,0.24641287654381727,0.24643385023001382,0.2464337929880185,0.2463203378721708,0.24638669447201714,0.24629155872592043,0.24642715459649736,0.24626799941170316,0.2441123479500941,0.2372425018091954,0.24999999999999997,0.23388826480839234,0.238051694845996,0.2315409702168741,0.24277848586283682,0.24233120090176136,0.24631655067831024,0.24640498972035,0.23841894700188357,0.24276829845808717,0.2346692740174608,0.24331325123127498,0.22571097170085896,0.242258715848434,0.2365951074843064,0.24371065224247468,0.24633435974282902,0.24639547027160572,0.23765492468057434,0.24133159168045054,0.23402580063311237,0.24282217174763246,0.22982880933189473,0.24312127271089432,0.2396649431998106,0.24410542135595334,0.2463080229336502,0.24627882134543133,0.2434747236306707,0.23646403124264243,0.24219120367718017,0.2333047929824507,0.2368837995762736,0.229816684754268,0.2426897549946783,0.24182692629815572,0.24633340961031688,0.2464406459156816,0.24621569400018978,0.2463973311646467,0.2464207017338486,0.24642639440419511,0.246440512872115,0.24629595364028498,0.24642275808778435,0.24617800920854824,0.24642646359807283
0.2374305826143907,0.23716591074044097,0.2373945559598521,0.23740866263220128,0.2374285519047854,0.23742880666373098,0.2373170194958652,0.23738338806715262,0.2372913201054892,0.23742241817687007,0.2372695986761764,0.2351190792395161,0.22841487637976837,0.23388826480839234,0.2500000000000002,0.22896766796597776,0.22263846478346397,0.23386925578306478,0.23341047848359234,0.2373155129471656,0.2374006065348016,0.22970792634245757,0.23389053204471405,0.225969140475994,0.23436907867325169,0.21698291668509403,0.23325903048282773,0.2278946763224721,0.23479552069930695,0.2373333047298964,0.23739164089264292,0.22889873422557422,0.23246161910673377,0.22537638839492544,0.23395322198989923,0.2214212752027878,0.23422897939528783,0.2309089446005112,0.2351890728168238,0.23730780710067173,0.23727950630783032,0.234572742335099,0.22781742002667263,0.23333174243700897,0.22476729254509298,0.2282298715225935,0.22141125071993337,0.23382161974375634,0.23298945185852743,0.2373320908279198,0.23743540923135859,0.23721867766868068,0.23739362530935318,0.23741619396927707,0.237421723403767,0.23743528104893472,0.2372961096429824,0.23741817504450383,0.23718238834327313,0.23742174514898604
0.24152008043174655,0.24125081479829671,0.24148365370714087,0.24149776231341818,0.24151831770947654,0.24151825707185642,0.24140649216612206,0.241472096260378,0.2413783624320175,0.24151175009973003,0.24135566951831725,0.23919319451027116,0.23248150964243486,0.238051694845996,0.22896766796597776,0.2500000000000001,0.22659162138747144,0.2379082225308076,0.23739814155184055,0.24140375736838618,0.2414895920780959,0.23360578656259282,0.23810016399665593,0.22989287511675136,0.23842535254375655,0.22078387262179142,0.23729791226397495,0.23173153067419075,0.23883512648756833,0.24142076374221993,0.24148054402526925,0.23280081966837465,0.23645625024197325,0.22921305048332516,0.23795703255157358,0.22522762089312773,0.23824103925449946,0.234866348169221,0.2392216687650425,0.2413948707500384,0.24136628950306388,0.2386005461747532,0.23172095732000286,0.23733197849080725,0.2286240234222927,0.23213938005435092,0.22521553789892085,0.23783798503368533,0.2370005493516656,0.24141987660399936,0.2415249728781039,0.24130450770765918,0.24148253672121675,0.24150542639157255,0.2415109180689841,0.24152484248952472,0.24138304138938896,0.2415074418551897,0.24126759145921306,0.24151107345471975
0.23505297129215785,0.2347909100820793,0.23501755076234748,0.2350312475773876,0.23505127729835662,0.23505119441885508,0.2349381087142878,0.2350062721905301,0.23491594944541686,0.23504487064373006,0.23489287091113364,0.23277575280355434,0.22628090748361868,0.2315409702168741,0.22263846478346397,0.22659162138747144,0.24999999999999983,0.2313134141345731,0.23107925163903917,0.2349392269175707,0.23502319879345496,0.22742659004388188,0.23159833176275602,0.2241155605138943,0.2320227846261298,0.21477572793834562,0.23088465269178518,0.2255212411792522,0.23243269244349105,0.23495644299218313,0.23501435728990036,0.22653362429548302,0.2301410763011089,0.22300974425182993,0.2315987369649698,0.21916037197472862,0.2318781889034961,0.2286124040975637,0.23282478683774954,0.23493128034344893,0.2349034716663889,0.2322081141796207,0.22553085167306702,0.2309691954581995,0.2225198811915565,0.22593504302121295,0.2191962459844748,0.23147697236790482,0.23065565394012183,0.23495545471225782,0.23505773037871494,0.23484316925328683,0.2350162954109764,0.2350387075504034,0.235044146221426,0.23505760348096635,0.23491973479794642,0.23504066877638688,0.23480721358305853,0.23504420312964905
0.24624131390619286,0.24596678140243888,0.2462042131017567,0.24621855733842513,0.24623946781029685,0.24623945252402302,0.24612629735269517,0.24619239015656724,0.24609733086686844,0.24623282000894653,0.24607387964997562,0.2439278123272008,0.2371629591309544,0.24277848586283682,0.23386925578306478,0.2379082225308076,0.2313134141345731,0.24999999999999975,0.24211463533245153,0.24612314245508735,0.24621047897709883,0.23836199571439612,0.2427734924491391,0.23480605127701132,0.24334069333519714,0.22565422935965146,0.24190454490860325,0.23635610219411635,0.24350234659170664,0.24613999329134612,0.24620100573033346,0.23736212083505687,0.24120603691317327,0.2336957954569272,0.24269416434772717,0.2295616515991295,0.24290936015268055,0.23948728418009277,0.24390465923985624,0.24611362879831147,0.2460846506995106,0.24326120190074074,0.23625807325075698,0.24196492355991187,0.23310890762914105,0.236678636207703,0.22962997201306828,0.24249194555062886,0.24163426366947038,0.24613916001351488,0.246246299519607,0.24602152507603403,0.24620295197036388,0.24622637107284526,0.2462320384653946,0.24624616658285692,0.24610158752880731,0.2462284258007772,0.24598383204768162,0.2462321283885894
0.24584821507250174,0.24557411334364718,0.24581120997912287,0.24582549068715628,0.2458463873575219,0.2458463540236975,0.24573374427538033,0.24579936808296374,0.24570469788972132,0.24583973178261456,0.2456811394079588,0.2435371498964579,0.23684462415063692,0.24233120090176136,0.23341047848359234,0.23739814155184055,0.23107925163903917,0.24211463533245153,0.2499999999999999,0.24573383126074455,0.2458176272965177,0.2379546463961322,0.2421846871427044,0.23433261050796683,0.24268064681350127,0.22527458049210633,0.24151367953648278,0.23602637743074306,0.2431093534686245,0.24574705049489173,0.2458080823398221,0.23704021282118568,0.24075395837486965,0.23340477006780772,0.24226057196546114,0.22929075920044817,0.24254348481004903,0.23913595277801153,0.24353286326609483,0.24572098364649042,0.24569186864333334,0.24289177041891777,0.23590881572518752,0.24160782680143678,0.23275899187858984,0.2363288559761626,0.22927434004333608,0.24211546434324516,0.2412516364569414,0.2457462022016337,0.245853190123689,0.24562877498471142,0.24580994358633643,0.24583329367554949,0.24583907803714486,0.24585305739609042,0.24570911047488547,0.24583534493224626,0.24559123574506236,0.24583904160754294
0.24986198237828833,0.2495834024004451,0.24982437377255773,0.2498388854923166,0.249860138897928,0.2498600908015786,0.24974568710057554,0.24981233883849735,0.2497162752586661,0.24985336060444982,0.2496922188679182,0.24752252005242548,0.2406696972696818,0.24631655067831024,0.2373155129471656,0.24140375736838618,0.2349392269175707,0.24612314245508735,0.24573383126074455,0.25,0.24983114032398232,0.24184359572931444,0.2461074347154817,0.23810131141883742,0.2466296142837517,0.2291232572338697,0.24547128060123397,0.23994660185291625,0.24708059647583658,0.24975909318562595,0.24982131600677274,0.24096295003984933,0.24469815652078866,0.2372970180440442,0.24622656571745008,0.23308173141782612,0.24651343217188057,0.24305619166444584,0.2475179492532647,0.24973273090222173,0.24970309625612636,0.24686845671784985,0.23977246498411905,0.24557032423007227,0.23656949673073405,0.24019865526296866,0.2330228706453223,0.24607293957594642,0.24519178997092242,0.24975829509960998,0.249867038621537,0.24963895971517158,0.2498231314172131,0.2498468173726493,0.2498527572896566,0.24986690372581932,0.24972076333997087,0.24984890208367858,0.24960084903881216,0.2498526591116241
0.24995227332287262,0.249673592683802,0.2499146510199889,0.24992916809573187,0.24995042914925683,0.24995038106890302,0.2498359330428599,0.2499026118503984,0.2498065130578969,0.2499436484416299,0.24978244824023482,0.24761177597072273,0.24075611018977303,0.24640498972035,0.2374006065348016,0.2414895920780959,0.23502319879345496,0.24621047897709883,0.2458176272965177,0.24983114032398232,0.25000000000000006,0.24193019407276142,0.24619613949760796,0.2381862529336091,0.24671851469139747,0.22920280621314792,0.24555961142166674,0.24003222493780085,0.24716977021067368,0.2498493455798753,0.24991159405867208,0.24105066422212396,0.24478676363223872,0.23738365166314707,0.246315537859666,0.23316651532925559,0.2466024349152319,0.24314402890758732,0.2476073599606458,0.24982297505021483,0.24979332926566397,0.24695780671086326,0.23985918563730918,0.24565926082947057,0.23665501932137126,0.24028552954707413,0.23310706591220853,0.24616185482994435,0.24528039811961921,0.24984854847272642,0.24995733139982712,0.24972917007198864,0.24991340921211125,0.24993710284295845,0.24994304499736866,0.2499571964553545,0.2498110041282408,0.2499391883080785,0.2496910461541733,0.2499429466936914
0.24196068162057233,0.2416909249225278,0.24192419241845034,0.24193832278842578,0.24195885868102973,0.24195885469589312,0.24184736437688567,0.2419126109337556,0.24181918980652425,0.24195233758424237,0.24179615037606073,0.2396275700877148,0.23289210412730665,0.23841894700188357,0.22970792634245757,0.23360578656259282,0.22742659004388188,0.23836199571439612,0.2379546463961322,0.24184359572931444,0.24193019407276142,0.25000000000000006,0.23820586525749446,0.23024232733651048,0.23905460620620803,0.22141246097828887,0.23795815028934278,0.23231777655551378,0.23934251112909857,0.24186162570888098,0.2419212789713484,0.23337650571934068,0.23695708539938226,0.22983050107601152,0.23842218606028662,0.22561089161483572,0.2387412766915848,0.23525561012262228,0.23967915706676549,0.24183540517056068,0.24180667517482812,0.23906977376006514,0.23217453240079905,0.23781147260692181,0.22906190964587275,0.23257105766535155,0.2256331727139084,0.23826837373619822,0.2374334496931286,0.24186030086069943,0.2419655827296584,0.24174471561459449,0.24192306007367326,0.2419460006615183,0.24195151601333945,0.2419654521036181,0.24182336110348132,0.2419480197254687,0.241707689811832,0.24195165794891652
0.24622653764883737,0.24595201619365073,0.2461894461187077,0.24620377982311317,0.24622471471699903,0.24622467584199248,0.2461116700024463,0.24617761749697872,0.24608273232783856,0.24621804350373894,0.2460591547854776,0.24392275662021,0.23713291068226236,0.24276829845808717,0.23389053204471405,0.23810016399665593,0.23159833176275602,0.2427734924491391,0.2421846871427044,0.2461074347154817,0.24619613949760796,0.23820586525749446,0.25000000000000006,0.23446378696623568,0.24356528391249258,0.22671096783790984,0.2432784277586167,0.23703940690907238,0.24395555556773976,0.24612520097179863,0.24618625009968628,0.23738759257602454,0.2410789747261025,0.23376944923309265,0.24303302674757546,0.229746684353114,0.24348914995884063,0.2397460263542354,0.24411535614094285,0.2460985818984044,0.2460698253352945,0.2432468494609043,0.2362272592325751,0.2419488147284605,0.2330824308680782,0.2366450283075025,0.22961114840937646,0.24248960012375664,0.24161824173010188,0.24612440690222942,0.24623152258193465,0.24600676120873272,0.24618823793370032,0.24621159516304544,0.246217449567442,0.2462313896563144,0.2460865949227344,0.2462136499416988,0.24596898886412186,0.24621735230914893
0.2382160891141087,0.23795051417864252,0.23818013422866732,0.2381940800908617,0.23821427883578278,0.23821429256853896,0.2381044177845239,0.2381687631332454,0.23807653598688092,0.2382078756389744,0.23805400165367102,0.23588909220650717,0.22922811411721936,0.2346692740174608,0.225969140475994,0.22989287511675136,0.2241155605138943,0.23480605127701132,0.23433261050796683,0.23810131141883742,0.2381862529336091,0.23024232733651048,0.23446378696623568,0.2500000000000001,0.23499605824203082,0.21759400213640218,0.23514639653510805,0.22889800711888142,0.23592553526267532,0.23811906041178676,0.2381771284208524,0.22982321480741055,0.23330848284743833,0.22636526410668062,0.23471475338060563,0.22216889158157774,0.2352270390285556,0.23154015442465053,0.23600064330616158,0.23809249879272787,0.23806416253959756,0.23537883289760145,0.22855191157259377,0.23412843308173134,0.2254735109928473,0.22893457862242517,0.22209709218267226,0.2345456131680631,0.23374995022387796,0.23811729665992096,0.23822091639077286,0.2380034660336441,0.238179076568951,0.2382016368493061,0.2382067929556471,0.23822078779239655,0.23808003678699485,0.23820362520612254,0.23796686245476845,0.23820720712961874
0.2467489979574225,0.24647389286431715,0.24671183341690453,0.24672619121365805,0.2467471737265823,0.24674713181300598,0.24663395490853934,0.24669997393962023,0.24660494337406802,0.2467404854391559,0.2465812712443176,0.2444601061658641,0.23765019512698174,0.24331325123127498,0.23436907867325169,0.23842535254375655,0.2320227846261298,0.24334069333519714,0.24268064681350127,0.2466296142837517,0.24671851469139747,0.23905460620620803,0.24356528391249258,0.23499605824203082,0.25000000000000017,0.22600065175472828,0.2431154834293928,0.23761588929376995,0.24452604126811123,0.2466472178720976,0.24670877423247725,0.23813366978279196,0.24261393403430198,0.23442543920212197,0.24312032723925253,0.23013375327684427,0.2438326582352101,0.24020639151030282,0.24465555333131142,0.2466207742979325,0.24659198387485837,0.24379525495687507,0.23674419456768067,0.24248096254602297,0.2335906877252005,0.2371588077799007,0.23010422323120752,0.24300265792370243,0.24213190874362622,0.24664664178775716,0.2467539930900105,0.24652875487676496,0.2467106337052453,0.24673402342021447,0.24673978707290475,0.2467538598811651,0.24660883086021265,0.2467360825242241,0.2464909386916575,0.2467397927475038
0.22923198482614182,0.2289764382489469,0.22919731485256936,0.22921081288583728,0.22923022150207023,0.2292302608519875,0.22912335224320016,0.2291864452706088,0.22909684628862761,0.229224085602483,0.2290757276728437,0.22691237906832512,0.220408951886085,0.22571097170085896,0.21698291668509403,0.22078387262179142,0.21477572793834562,0.22565422935965146,0.22527458049210633,0.2291232572338697,0.22920280621314792,0.22141246097828887,0.22671096783790984,0.21759400213640218,0.22600065175472828,0.2500000000000003,0.22484772061162153,0.21966112961655485,0.22700271143358738,0.22913790918181112,0.2291948878410146,0.22106120233689977,0.22485293949870783,0.21778375597284905,0.22581979490849058,0.2139189897036248,0.22605340125838305,0.22283193705647386,0.2270340549435836,0.2291126617927904,0.22908501786807395,0.2264969890962158,0.2198296148893008,0.22527519184930195,0.21684580449157265,0.22029173519193912,0.21364282673108095,0.22568519078904645,0.22492412024372907,0.22913690587578403,0.2292366348304562,0.22902738275598694,0.22919666000018737,0.22921808162464738,0.22922288960909024,0.22923651108115028,0.22910067529529016,0.22921999577442978,0.22899224143437832,0.2292234426158253
0.24558999194786074,0.24531618114470694,0.24555299766702657,0.2455672933830934,0.24558816932301292,0.245588134940948,0.24547558035243233,0.24554119810246935,0.24544655079930694,0.24558151966485425,0.24542303748100666,0.24331866199857746,0.23654680228269223,0.242258715848434,0.23325903048282773,0.23729791226397495,0.23088465269178518,0.24190454490860325,0.24151367953648278,0.24547128060123397,0.24555961142166674,0.23795815028934278,0.2432784277586167,0.23514639653510805,0.2431154834293928,0.22484772061162153,0.2500000000000001,0.23567108510315005,0.2429444622003864,0.24548817463715564,0.2455507345202399,0.2370403281564574,0.2415536640321551,0.23408310250448341,0.24289573690520178,0.22896610326702005,0.24224622512050395,0.23890220056611502,0.24333289178294537,0.2454621616870148,0.2454335598921219,0.2426685776053117,0.2356067616869277,0.24143920232263436,0.23246739986375312,0.23603418980494661,0.22900916237492042,0.24185595564266776,0.2409923036023553,0.24548812308348772,0.24559496394001062,0.24537078304696075,0.24555189868029653,0.24557508784180976,0.24558082681917923,0.24559483135873533,0.245450285568501,0.2455771375064227,0.2453331265786927,0.2455808303051283
0.24006234758151146,0.2397947043968259,0.24002617562227238,0.24004016224068164,0.24006054412560848,0.24006053281238313,0.2399504699257295,0.24001465192162924,0.23992194787013915,0.24005406614812605,0.23989912952995865,0.23776829907483524,0.23114875625998038,0.2365951074843064,0.2278946763224721,0.23173153067419075,0.2255212411792522,0.23635610219411635,0.23602637743074306,0.23994660185291625,0.24003222493780085,0.23231777655551378,0.23703940690907238,0.22889800711888142,0.23761588929376995,0.21966112961655485,0.23567108510315005,0.25000000000000006,0.23728411152010961,0.23996369623254113,0.2400247988925031,0.23149051417683278,0.235709426849825,0.22831833701746615,0.23726674717726662,0.22385273179276768,0.23676300583170104,0.23345807698533982,0.2377578284754159,0.23993680771773054,0.23990873767671814,0.23715953452084548,0.23019304769017562,0.2358943245133716,0.22710207996174497,0.23064693574000153,0.22377310958847377,0.23636405729082857,0.23555569562162865,0.23996276793519355,0.2400672079150442,0.23984807004950712,0.24002542504353847,0.24004777819311374,0.2400530306214089,0.24006707832158156,0.23992504910966295,0.24004978272505997,0.23981131424535176,0.24005339242000942
0.24720031053755426,0.24692470028229765,0.24716309563338193,0.2471774608086187,0.24719848178737322,0.24719843963744684,0.2470852623345716,0.24715119595782548,0.24705608361191983,0.24719178104683054,0.24703233319721563,0.2448880625249578,0.23810382339165034,0.24371065224247468,0.23479552069930695,0.23883512648756833,0.23243269244349105,0.24350234659170664,0.2431093534686245,0.24708059647583658,0.24716977021067368,0.23934251112909857,0.24395555556773976,0.23592553526267532,0.24452604126811123,0.22700271143358738,0.2429444622003864,0.23728411152010961,0.2500000000000001,0.2470986942449186,0.24716013875223525,0.2384588228505509,0.24270752086744973,0.23509643974972566,0.24418628881824636,0.23058273294557893,0.2440001564522137,0.2404459392374787,0.24486020020082228,0.24707190411621277,0.24704283869415733,0.2442580133497141,0.23715624807420077,0.2429727976088276,0.23398346056303135,0.23758249371679047,0.23049987408939254,0.24342938644172374,0.24257120510823713,0.24709776196281205,0.24720531339760587,0.2469796629470591,0.24716192488428623,0.24718530711998493,0.2471910320427594,0.24720517994540994,0.2470598614889467,0.24718737007385524,0.24694182027707884,0.24719108708405696
0.2498801908311534,0.24960159057750667,0.24984257947319805,0.24985709227389807,0.24987834709388024,0.24987829911757556,0.24976388837790048,0.2498305436686464,0.24973447227330087,0.24987156842820768,0.2497104149484055,0.2475405819235912,0.24068735607559488,0.24633435974282902,0.2373333047298964,0.24142076374221993,0.23495644299218313,0.24613999329134612,0.24574705049489173,0.24975909318562595,0.2498493455798753,0.24186162570888098,0.24612520097179863,0.23811906041178676,0.2466472178720976,0.22913790918181112,0.24548817463715564,0.23996369623254113,0.2470986942449186,0.25000000000000006,0.24983951999891338,0.24098027413753426,0.24471606984481878,0.23731400641864822,0.24624488885531556,0.23309869188716123,0.24653127197504057,0.24307427388500638,0.24753585891560187,0.24975092861811962,0.249721291341303,0.24688642718672893,0.23978967482150454,0.24558810397476935,0.23658630401880426,0.2402160526624498,0.23303955017270347,0.24609082448707195,0.24520959297920134,0.24977649626126153,0.24988524744284205,0.24965715190532117,0.24984133598955205,0.24986502471761202,0.24987096350635038,0.24988511253731197,0.2497389554429478,0.24986710958338612,0.2496190369076364,0.2498708668851187
0.24994244629587492,0.24966377660805192,0.2499048254973822,0.24991934197428162,0.2499406022308694,0.2499405541147452,0.2498261109806021,0.24989278677631097,0.2497966921566386,0.24993382175251336,0.24977262796249475,0.2476020889340429,0.24074673003833294,0.24639547027160572,0.23739164089264292,0.24148054402526925,0.23501435728990036,0.24620100573033346,0.2458080823398221,0.24982131600677274,0.24991159405867208,0.2419212789713484,0.24618625009968628,0.2381771284208524,0.24670877423247725,0.2291948878410146,0.2455507345202399,0.2400247988925031,0.24716013875223525,0.24983951999891338,0.2500000000000001,0.24104123704458413,0.2447783030196972,0.23737190686499327,0.2463067060013222,0.23315441684134092,0.2465933149763023,0.24313352744660768,0.24759798661809032,0.24981315095736117,0.24978350877675512,0.24694767191394063,0.23984888643682556,0.24564882165423557,0.2366447959420887,0.2402751385615764,0.233097466384396,0.24615184786769537,0.24527065460910902,0.24983872614322086,0.24994750417234546,0.2497193518111801,0.24990358188105996,0.24992727640956908,0.24993321681928243,0.2499473692332575,0.24980117316078132,0.24992936179405653,0.24968122625734884,0.2499331200318848
0.24108005388060444,0.24081126337012848,0.24104376222080087,0.24105776803153164,0.24107829281257157,0.2410782290403674,0.24096747638805627,0.24103215607399842,0.24093944676740747,0.24107173554045566,0.24091622459811346,0.23882039293501806,0.23216857401441224,0.23765492468057434,0.22889873422557422,0.23280081966837465,0.22653362429548302,0.23736212083505687,0.23704021282118568,0.24096295003984933,0.24105066422212396,0.23337650571934068,0.23738759257602454,0.22982321480741055,0.23813366978279196,0.22106120233689977,0.2370403281564574,0.23149051417683278,0.2384588228505509,0.24098027413753426,0.24104123704458413,0.25,0.23592323241496274,0.2285371004897187,0.23778528972893276,0.22460806860554017,0.23811588227537642,0.23467371061321068,0.2390821783263537,0.2409538259969587,0.24092616864709163,0.23809186396591892,0.2311799861138877,0.23680027875119997,0.22819050551192663,0.23166246786313976,0.22485431902425657,0.23749451509662636,0.2365800857943488,0.2409800479454625,0.24108493274436424,0.2408648707236513,0.24104266916484454,0.24106542227972858,0.24107088212972275,0.2410848026027938,0.24094338726577394,0.24106743366348757,0.24082794619202488,0.24107105864704306
0.24481680579896292,0.24454385324926908,0.24477994040411813,0.2447941766761118,0.2448149973871761,0.24481495350703544,0.2447026187822617,0.24476816537850016,0.24467389183916383,0.2448083591513914,0.24465041777258456,0.2425143736827122,0.2357637581818532,0.24133159168045054,0.23246161910673377,0.23645625024197325,0.2301410763011089,0.24120603691317327,0.24075395837486965,0.24469815652078866,0.24478676363223872,0.23695708539938226,0.2410789747261025,0.23330848284743833,0.24261393403430198,0.22485293949870783,0.2415536640321551,0.235709426849825,0.24270752086744973,0.24471606984481878,0.2447783030196972,0.23592323241496274,0.24999999999999986,0.23224640920460385,0.2417771618644721,0.22896122356575466,0.24270942476869678,0.2388598360562074,0.24318715840736777,0.24468910710866576,0.2446609917452215,0.24190017658218543,0.23491888873414857,0.24059617851495776,0.23177732781239319,0.23531657939063888,0.22828603605411746,0.24114350178775812,0.24023022579024172,0.24471528424852065,0.2448217610242653,0.24459828607168305,0.24477865914565317,0.2448019475298524,0.24480779297435631,0.2448216288636799,0.24467736226563344,0.24480399071849065,0.24456066611504992,0.24480767188972707
