x1,x2,x3,x4,x5,x6,x7,x8,x9,x10,x11,x12,x13,x14,x15,x16,x17,x18,x19,x20,x21,x22,x23,x24,x25,x26,x27,x28,x29,x30,x31,x32,x33,x34,x35,x36,x37,x38,x39,x40,x41,x42,x43,x44,x45,x46,x47,x48,x49,x50,x51,x52,x53,x54,x55,x56,x57,x58,x59,x60
0.25,-0.008064869934378757,-0.030415656060724685,0.15988060779130492,0.042962409822112406,0.07216911625731667,0.03377953142044107,-0.047148678830463524,0.15437788434398847,-0.09290775216965379,0.21848269094940603,-0.21270449343764236,0.2120033752354281,-0.21270449168853842,0.2125372973210286,-0.2121851864339653,0.20595287057108055,-0.21112478110150196,0.2095845427812448,-0.21198159005988512,0.03830719528024337,-0.04548319955233699,0.028076361664280666,-0.043374697110889565,-0.020653800132190342,0.020183778810780657,-0.10210347159555265,0.10199466566170862,-0.21010861525712654,0.20874678701772956,-0.03930528588540784,0.0336173177865067,-0.054111180897758626,0.017828534589314438,-0.07563320383982614,0.0742275440666714,-0.13859341778729298,0.13839314718947338,-0.21165814137744254,0.2116586024874708,0.20977458306456784,-0.21270327168650935,0.208981356982142,-0.2123281804728512,0.20581202472089477,-0.21270449898083546,0.20243038488003745,-0.21270451522527517,0.20346902174360806,-0.21269799439199827,0.17389345063979927,-0.10957190016894501,-0.001948855929882758,-0.00701445287641389,-0.003261157419845229,-0.0452380474852698,0.05762987845065094,-0.09932028642896666,0.18307477864589017,-0.04213096945445049
-0.008064869934378757,0.24999999999999997,-0.2053351754532592,0.0459577359344321,0.17216655375838055,-0.06363038642584448,-0.11948405495351914,0.11388115412770711,-0.012998145925488007,-0.0013413322386018097,-0.003226912345794947,-0.0027074596122684627,0.002451095392261283,-0.0027074599488057832,0.0028558042785847867,-0.0031864613892049216,-0.0010402818684315217,-0.0034960213902466815,0.003156716184497511,-0.0033259475229285764,-0.0007360449147497817,0.0008713692619251008,-0.0012159777666366054,0.0011634214282863428,-0.0025429911250880654,0.0025336518715072254,-0.002882522896473434,0.0028801465008290675,-0.0027276751776008894,0.002702506115984953,0.000714343364337909,-0.000826650063689267,0.0006527592295125656,-0.0014463259147835185,0.0004141759076911778,-0.0004334669580084161,-0.0010357937687056726,0.0010342457736146557,-0.0026836481765990803,0.0026837712226641386,0.0026726727887996307,-0.002707434846118791,0.0026710367065055276,-0.0027002578710133293,0.0026514749768531626,-0.0027074600754744575,0.0026067074492214155,-0.002707460175881148,0.002607484307938036,-0.0027073894512588607,0.002222445588487723,-0.0013718345336472103,6.545495861174281e-6,-3.782661707922682e-5,-1.7068474988130892e-5,-0.0005599791304166343,0.0008104606846628606,-0.0013194220178614022,0.002345783153485774,-0.0005274472168202577
-0.030415656060724685,-0.2053351754532592,0.24999999999999997,-0.058526710950432964,-0.2002595294479681,0.07876501551485555,0.1339989636934388,-0.12513851080034935,0.011293570165481952,0.0052339713207442545,-0.005308173287824919,0.010944060707795217,-0.010408753709809973,0.010944061041128805,-0.011109021406704394,0.01147800823720696,-0.006119633017309369,0.01180820031667915,-0.011378971958722568,0.01163218639682782,-0.0006088475370068002,0.0007161821348720821,0.0003328716616943037,0.00027454171078417197,0.0037000537850347694,-0.0036721180149208365,0.007096579506478535,-0.007089813676816572,0.010872213207301981,-0.010793015603603245,0.0006703505122588821,-0.0003277698790075573,0.001278613495095951,0.0009873442817442185,0.002305469509682241,-0.0022310385564515384,0.006289061258045663,-0.006279906229284414,0.010878128413836542,-0.010878286670465373,-0.010796082845448056,0.010943987557216244,-0.01076501713420149,0.010922035480323866,-0.01062557752777191,0.010944061451394536,-0.010450084748988392,0.010944062166044018,-0.010489063492068315,0.010943740754208762,-0.008957266825328651,0.005611506220878524,6.451672463127811e-5,0.0003019884186463171,0.00013999572893236712,0.0023096368309128176,-0.003053293670792798,0.005173288428335346,-0.009437355673110498,0.0021575523655288694
0.15988060779130492,0.0459577359344321,-0.058526710950432964,0.25,0.021365654398678952,0.08511246210651478,0.03753588066333946,-0.04394521465386948,0.11905830875002862,-0.07431620336833147,0.16529455668465493,-0.1708004638501947,0.17026676533091228,-0.17080046254222622,0.1706498251493332,-0.1703377138658333,0.16464128329244,-0.1694681620667824,0.16823139450236455,-0.17016157833155424,0.030316987985755314,-0.036077202972235795,0.02208469567519314,-0.03437156609425273,-0.01693772068407412,0.01655925581040651,-0.08222809046198326,0.08214052563830565,-0.1687219088009107,0.16762646259610847,-0.031121197035055444,0.02654968466082196,-0.043041178178574516,0.013965632994305963,-0.06050482731779419,0.059377296248254635,-0.11118668343912279,0.11102603173396701,-0.1699585732467307,0.16995896420451323,0.16844887187277488,-0.17079947977277743,0.16781310000953975,-0.17049749990556548,0.16527285514333442,-0.17080046846395727,0.1625551015173768,-0.17080048148589236,0.1633876427710503,-0.17079524752937736,0.13963808515846748,-0.08798122794567613,-0.0015582587304819899,-0.0056227174451869465,-0.0026132939357670125,-0.03632206526867029,0.04629093962616215,-0.0797646699131304,0.14701065096396349,-0.03382945128702337
0.042962409822112406,0.17216655375838055,-0.2002595294479681,0.021365654398678952,0.2500000000000001,-0.07082525056055153,-0.16503682297138927,0.14989284538960448,0.02017262802326828,-0.01970609336666444,0.03866795548727966,-0.04452156394338853,0.04429427479102881,-0.0445215638165023,0.04469842635463368,-0.04509236305051656,0.0393661853149813,-0.045320687562864295,0.0446246590738335,-0.045249024299139455,0.006627029077204475,-0.007832116168777494,0.004059635161118184,-0.007100368950787984,-0.007084610996118203,0.006982324757826237,-0.02328681002027341,0.023262911067502876,-0.04404424107116371,0.04375038424571288,-0.006846327954108471,0.00561394058602116,-0.009768968291655395,0.0017157082396518503,-0.014161261624868002,0.013865079807215932,-0.028117690510584735,0.028077017438083298,-0.044289794523087525,0.04429003304156686,0.04391102897967087,-0.044521297438185795,0.04375543138666317,-0.04443995180535052,0.043116867087274725,-0.04452156536176972,0.042407545365503854,-0.044521568633895114,0.042609695991209874,-0.04452021857209674,0.03640847036327634,-0.022907071976342362,-0.00037031784512569994,-0.0014061509390727919,-0.0006532870468730697,-0.009449965527599578,0.012155403988864628,-0.020855350918209017,0.03833844257109691,-0.008807811292294158
0.07216911625731667,-0.06363038642584448,0.07876501551485555,0.08511246210651478,-0.07082525056055153,0.24999999999999986,-0.007861719747080958,0.004238068309651001,0.1187473858302158,-0.02564661887451487,0.09924103974167166,-0.1030074419742836,0.10312287054332225,-0.10300744101904626,0.10284694278704587,-0.10250272148497341,0.10599692312580788,-0.10153529747236759,0.10035615833647038,-0.10231651591641518,0.01882943382138024,-0.022431433873947915,0.014242405501030161,-0.021917529900086066,-0.008499368602886595,0.008272619035759186,-0.04828524664393126,0.048233526308966254,-0.10171698622505283,0.10106375767793917,-0.019309397508172007,0.01663495813564727,-0.026626785217687885,0.009398409477146312,-0.03745142271727872,0.03677698000879131,-0.0675789048705564,0.06748142978100578,-0.10250707691218078,0.1025072347889031,0.10158810038589652,-0.10300685293094224,0.10119900478268604,-0.10282545959541906,0.09965478309117394,-0.10300744454044633,0.09801335147684603,-0.10300745245685036,0.09852503764131634,-0.1030042876598033,0.08420936153560442,-0.05307485161567182,-0.0009589769192338241,-0.0034241236854537227,-0.0015902995324530815,-0.021914100702156623,0.027867329222393857,-0.04807054190880491,0.08864944325758427,-0.020408269457308077
0.03377953142044107,-0.11948405495351914,0.1339989636934388,0.03753588066333946,-0.16503682297138927,-0.007861719747080958,0.25,-0.2179946769779483,-0.012121312740424882,-0.02364733205237879,0.039415050375678176,-0.03410654706927557,0.0337151252099121,-0.03410654657446515,0.033910053137620445,-0.03348112534992295,0.02965461462147913,-0.03321110171043311,0.03361074297644388,-0.03330030137260248,0.006827916816855373,-0.0081736788041477,0.00525789222211326,-0.007625141289027114,-0.002225334549444742,0.002152050747942403,-0.01570544138368979,0.015688000991887524,-0.033658531703806234,0.03344109086479221,-0.006983419555783754,0.006029583609579531,-0.00944022274665887,0.00386645235124697,-0.012852222617145578,0.012624376880565311,-0.02261339183000283,0.022580567631272443,-0.03394433169167309,0.03394434094380285,0.033635630786605655,-0.03410635634397437,0.03350338747590453,-0.034048069227270314,0.032983284419015865,-0.034106547821180284,0.03244354658899643,-0.03410655048886905,0.032616264081899604,-0.03410549832445913,0.027878009976038443,-0.017582448778753937,-0.00033022524123061867,-0.0011533222926955083,-0.0005373246568323644,-0.007263276323973189,0.00919844835198107,-0.015894462678364384,0.02934734510169556,-0.006760194072521362
-0.047148678830463524,0.11388115412770711,-0.12513851080034935,-0.04394521465386948,0.14989284538960448,0.004238068309651001,-0.2179946769779483,0.25000000000000006,0.0040005869845528815,0.02995699467035762,-0.05337490707706221,0.048243785429092176,-0.04773046282774298,0.04824378488484355,-0.04804746424255309,0.04761837339568049,-0.05330392565402431,0.0473403193301795,-0.04783699726501188,0.047437017008705264,-0.011828309208001458,0.013768192072756794,-0.010056381927298491,0.013689665165618724,0.00048635329398798166,-0.00038777605542080623,0.02033287083102785,-0.020310150757364757,0.04756539715004587,-0.04727341063066097,0.01203364582705552,-0.010819852911490308,0.01546038481812537,-0.007444752005713269,0.019729597065163494,-0.01940815909949921,0.03273354268460601,-0.0326863525821363,0.048025860934877665,-0.04802574165122117,-0.047572102904535986,0.04824353177147716,-0.04737712024084457,0.048164376544748,-0.046614786671424095,0.04824378643555497,-0.045858361986332696,0.04824379033601776,-0.046115127474318736,0.04824228765139926,-0.03941995196739825,0.024897056919342523,0.0005059674345851589,0.0016920325751075419,0.0007902790833804787,0.010294474045775751,-0.01292090569723749,0.022416717925662254,-0.041494095911460915,0.009572318151745411
0.15437788434398847,-0.012998145925488007,0.011293570165481952,0.11905830875002862,0.02017262802326828,0.1187473858302158,-0.012121312740424882,0.0040005869845528815,0.24999999999999986,-0.04640447983283062,0.18156385727159777,-0.18761642587988614,0.18727592548473115,-0.1876164242022963,0.18776499410808498,-0.18699100962851223,0.1805609263601711,-0.18573703047790768,0.186180576980173,-0.18674805108643047,0.032627011775745576,-0.038993752444737594,0.023684339888610406,-0.037279354303955285,-0.01864603511996195,0.018228722128280313,-0.0901418107470674,0.09004562614273352,-0.1853263735738926,0.1841228983404199,-0.033513881353352676,0.028512863767843014,-0.04671615005403252,0.015026640520829138,-0.06638155670679312,0.0651487630928669,-0.12213490130620681,0.12195835180300763,-0.18669118300344292,0.1866916230881894,0.1850350921404773,-0.18761534011548198,0.18433681526614046,-0.18728236918913108,0.181551089311602,-0.18761643071635775,0.17856040178963054,-0.18761644500079996,0.17947551705084416,-0.18761069693649637,0.15338952274204792,-0.09664032120771901,-0.001706025309659883,-0.006169623314528497,-0.0028655445876283585,-0.03989403471299211,0.05085776163479101,-0.08762640318625689,0.1614855264883007,-0.03715958361793727
-0.09290775216965379,-0.0013413322386018097,0.0052339713207442545,-0.07431620336833147,-0.01970609336666444,-0.02564661887451487,-0.02364733205237879,0.02995699467035762,-0.04640447983283062,0.2500000000000001,-0.1061878980430482,0.10876935409021997,-0.10824593635007915,0.1087693531193025,-0.1085825520299194,0.1084713472561159,-0.10574387275601076,0.10751802977898288,-0.10614652168011708,0.10843606314178983,-0.02225097394919491,0.0260123378948564,-0.01731118989746861,0.02529181972124977,0.007290576218040558,-0.0070563653995105394,0.04943681086990649,-0.04938264870514065,0.10737943298171197,-0.10669736943296955,0.022744204555232333,-0.01989993385007325,0.03021372766683465,-0.011755712509599663,0.04067482539677592,-0.03995782522896303,0.07187369672659742,-0.0717692791397347,0.1082493063077806,-0.10824936698088,-0.10726497038316452,0.10876874857588514,-0.10684769945557522,0.10858154925340409,-0.10519247191433588,0.10876935666566666,-0.1034742606198407,0.1087693651411973,-0.10401978654727191,0.10876601187204223,-0.08890560994293868,0.05606587792145563,0.0010477241074098285,0.003665471646265309,0.0017082185055731708,0.02316073557717405,-0.029353169476953815,0.050703249188946586,-0.09359452295623001,0.02155718489160327
0.21848269094940603,-0.003226912345794947,-0.005308173287824919,0.16529455668465493,0.03866795548727966,0.09924103974167166,0.039415050375678176,-0.05337490707706221,0.18156385727159777,-0.1061878980430482,0.2500000000000001,-0.2438827325775686,0.24308677566939596,-0.2438827304707313,0.2436826482935397,-0.24325733686859619,0.23682104564539463,-0.24200336071077483,0.24023372743726962,-0.24301427767334882,0.04398429019763368,-0.05222810491287172,0.032295676937443285,-0.049864321318948496,-0.023487068805722863,0.022948324969996832,-0.11692272619435053,0.1167980880299713,-0.24090197093462887,0.23934134313631222,-0.04512811629013635,0.03861500253980207,-0.06211941144146507,0.02055476907757056,-0.0868291348263685,0.08521803226503794,-0.15896830165639628,0.15873860533722814,-0.24268384655444927,0.24268436633334847,0.24052323214376328,-0.24388133216973237,0.2396130790811127,-0.24345135071448293,0.23597778027483676,-0.24388273883062797,0.2321002057566028,-0.24388275746345653,0.23329217446085326,-0.24387527986233992,0.19938224948303157,-0.12563462836474626,-0.00223672376412727,-0.008046427350651524,-0.003740822816570607,-0.05187005571411078,0.06607153616469794,-0.11387470728838175,0.20990867395358373,-0.04830723452034424
-0.21270449343764236,-0.0027074596122684627,0.010944060707795217,-0.1708004638501947,-0.04452156394338853,-0.1030074419742836,-0.03410654706927557,0.048243785429092176,-0.18761642587988614,0.10876935409021997,-0.2438827325775686,0.25000000000000017,-0.24920281921191131,0.2499998494233555,-0.2497987601365306,0.24937442433444243,-0.24293585521864583,0.24812039808635106,-0.246350657353627,0.2491313507182108,-0.04483514491768646,0.05327690112883131,-0.032867894333876296,0.05090657282766087,0.024233800531607452,-0.02368092440006393,0.1199465900555803,-0.11981879892034897,0.2469472576237657,-0.24534701418280114,0.04600916705906258,-0.039341213899838544,0.06344444765998296,-0.02086568075596683,0.08889115799368798,-0.08724090847436093,0.16290364226291165,-0.162668297092761,0.24877004247350296,-0.24877058638536953,-0.24655667658954136,0.2499984143107405,-0.24562437419480018,0.24955712188412105,-0.24190054714965367,0.24999985804301578,-0.2379241123307427,0.2499998771303879,-0.23914533591674678,0.24999221314227923,-0.2043847388501297,0.12878341646444832,0.002289122194294603,0.008242897974231658,0.0038315489933534704,0.053168845282564735,-0.06773655712407886,0.11673707044766563,-0.2151750179299398,0.04951814476564868
0.2120033752354281,0.002451095392261283,-0.010408753709809973,0.17026676533091228,0.04429427479102881,0.10312287054332225,0.0337151252099121,-0.04773046282774298,0.18727592548473115,-0.10824593635007915,0.24308677566939596,-0.24920281921191131,0.25000000000000017,-0.24920281692215474,0.24900177948782556,-0.24857747083398954,0.2421397918403563,-0.24732363315183722,0.24555411241834632,-0.2483344292666721,0.04464985018338284,-0.0530642944403446,0.032703131742901556,-0.05068777829651688,-0.024194860767755608,0.023643650091804337,-0.11958493053425141,0.11945752369550523,-0.24616048322514564,0.24456513976224614,-0.04582038539263779,0.039167922146319985,-0.06319768454017269,0.0207647391744301,-0.0885891224962281,0.08694408734013852,-0.16237649375286908,0.16214188922515388,-0.24797679704331452,0.24797734100764074,0.24577074342715918,-0.2492013860405763,0.2448415027250889,-0.24876140654279918,0.24113001247444366,-0.24920282551666512,0.23716595518868747,-0.2492028445410143,0.23838319386787543,-0.2491952051848154,0.20373341626600022,-0.12837243515925043,-0.002281187892661341,-0.008215716939974114,-0.0038188024400654806,-0.0529989482320937,0.06752191553871265,-0.1163659346359869,0.21448924161885496,-0.049360151023405005
-0.21270449168853842,-0.0027074599488057832,0.010944061041128805,-0.17080046254222622,-0.0445215638165023,-0.10300744101904626,-0.03410654657446515,0.04824378488484355,-0.1876164242022963,0.1087693531193025,-0.2438827304707313,0.2499998494233555,-0.24920281692215474,0.25000000000000044,-0.2497987578415169,0.2493744220437619,-0.2429358529750396,0.2481203958074538,-0.24635065508997425,0.24913134842993573,-0.044835144506050986,0.05327690063932903,-0.03286789403132975,0.05090657235873038,0.02423380031166608,-0.023680924185202533,0.11994658895559995,-0.1198187978215408,0.2469472553548143,-0.24534701192854153,0.046009166636641396,-0.039341213538488344,0.06344444707694627,-0.020865680563266015,0.08889115717553647,-0.0872409076713548,0.16290364076527605,-0.16266829559728851,0.24877004018772417,-0.2487705840995857,-0.24655667432410908,0.24999841201368572,-0.24562437193794265,0.2495571195911222,-0.2419005449270233,0.24999985574594769,-0.23792411014466255,0.2499998748333198,-0.23914533371942912,0.2499922108452817,-0.20438473697218693,0.12878341528113277,0.0022891221732411486,0.008242897898452763,0.0038315489581347197,0.05316884479402827,-0.0677365565017602,0.11673706937509272,-0.21517501595286734,0.04951814431065327
0.2125372973210286,0.0028558042785847867,-0.011109021406704394,0.1706498251493332,0.04469842635463368,0.10284694278704587,0.033910053137620445,-0.04804746424255309,0.18776499410808498,-0.1085825520299194,0.2436826482935397,-0.2497987601365306,0.24900177948782556,-0.2497987578415169,0.25000000000000006,-0.249173547985117,0.24273544210837852,-0.24791967878162335,0.24615012362522298,-0.24893052410602923,0.04480962518100408,-0.05324515079508365,0.03285233533792997,-0.05087543003247865,-0.024206924632402246,0.023654519630409546,-0.11984619943487657,0.11971851300236169,-0.2467484643810413,0.2451495330104181,-0.045982643560439,0.03931995630905327,-0.06340353679884066,0.02085767820793967,-0.08882471043382921,0.08717574215609925,-0.1627748669054444,0.16253970766073614,-0.24856997722137222,0.24857052021844653,0.24635832903359495,-0.2497973239595626,0.24542674817300883,-0.24935640878368764,0.2417058026311204,-0.24979876645346386,0.23773262993728458,-0.24979878552603182,0.23895290284982657,-0.2497911276521017,0.20422027286544714,-0.12867993156918164,-0.0022874390480473574,-0.008236499745301827,-0.0038285986746208565,-0.05312617201349047,0.06768173331417761,-0.11664290556874995,0.2150018790677296,-0.049478346410260055
-0.2121851864339653,-0.0031864613892049216,0.01147800823720696,-0.1703377138658333,-0.04509236305051656,-0.10250272148497341,-0.03348112534992295,0.04761837339568049,-0.18699100962851223,0.1084713472561159,-0.24325733686859619,0.24937442433444243,-0.24857747083398954,0.2493744220437619,-0.249173547985117,0.2500000000000001,-0.243561268702915,0.24749501627899279,-0.24572527466460034,0.24850592713023337,-0.044251422587801445,0.05268308475392679,-0.03227428387470899,0.0502811692325469,0.02485880969692815,-0.02430621164382708,0.11993756666626676,-0.11980984505846304,0.24632900635536262,-0.24473023532021138,0.0454253175608706,-0.03875764135898882,0.06285050786926528,-0.020272480938332296,0.08826576788348457,-0.08662078932597424,0.16228330565565216,-0.1620487218818895,0.2481446159777433,-0.24814519518018566,-0.24594068159417115,0.24937298709128733,-0.24501352784283764,0.2489318481806584,-0.24130603850452018,0.24937443068053833,-0.23733658649782205,0.24937444968533143,-0.23855255683777568,0.2493668087054126,-0.2038766547479492,0.12845429622775015,0.0022729207581862173,0.008206726562958141,0.003813483915410923,0.053030032550141624,-0.0675901695471484,0.11646186662447454,-0.21464153567898495,0.04939164707271062
0.20595287057108055,-0.0010402818684315217,-0.006119633017309369,0.16464128329244,0.0393661853149813,0.10599692312580788,0.02965461462147913,-0.05330392565402431,0.1805609263601711,-0.10574387275601076,0.23682104564539463,-0.24293585521864583,0.2421397918403563,-0.2429358529750396,0.24273544210837852,-0.243561268702915,0.2500000000000001,-0.24170917395018823,0.23928725195691425,-0.24206744648781614,0.045775914935908935,-0.05415411933447982,0.0346821280755264,-0.05254963168553129,-0.02072764073937769,0.02019595224405702,-0.1145542231219688,0.1144320094610215,-0.23989887273650057,0.23835873058415613,-0.04690119581457262,0.040539824499535415,-0.06389605864168951,0.02238530724085061,-0.08806120260876497,0.0864577577898748,-0.1591114304550746,0.15888191345439961,-0.24175330992759358,0.24175369736782665,0.2395841484468548,-0.24293447495776532,0.23866989715411543,-0.24250905233993206,0.23502340440478084,-0.2429358611986522,0.23116381645498346,-0.24293587988136978,0.23236615514759695,-0.24292841718501468,0.19859565659276157,-0.12517332150036178,-0.0022650005658435847,-0.008075521370071715,-0.003754539936896588,-0.051687393437473285,0.065724874012542,-0.11336719771899743,0.20907621477571864,-0.048129738942709
-0.21112478110150196,-0.0034960213902466815,0.01180820031667915,-0.1694681620667824,-0.045320687562864295,-0.10153529747236759,-0.03321110171043311,0.0473403193301795,-0.18573703047790768,0.10751802977898288,-0.24200336071077483,0.24812039808635106,-0.24732363315183722,0.2481203958074538,-0.24791967878162335,0.24749501627899279,-0.24170917395018823,0.2500000000000001,-0.2475772948319601,0.24725222963341323,-0.04295589778516981,0.05139745566811112,-0.03098905308389477,0.049027121237570664,0.026111664542933247,-0.025560374869496468,0.12182588742048171,-0.12169821820403037,0.24507999433445168,-0.24348311455775526,0.044129715691622426,-0.037462620486729555,0.061564995457588055,-0.018988026316559284,0.08701170492477217,-0.08536232968934687,0.16102419168200402,-0.16079318390084457,0.24689059050694592,-0.24689124362206405,-0.24470609322510006,0.2481189602658232,-0.2437895743866188,0.2476776698794196,-0.24011585950538294,0.24812040448411765,-0.23615710595448855,0.24812042331778264,-0.2373648377289037,0.24811282905975343,-0.20285915707680063,0.1277936156113638,0.0022378321557471096,0.00813267989411134,0.003774594871799871,0.05274948059275487,-0.06729857857574338,0.11591181869123605,-0.21357260748581483,0.04913781254096169
0.2095845427812448,0.003156716184497511,-0.011378971958722568,0.16823139450236455,0.0446246590738335,0.10035615833647038,0.03361074297644388,-0.04783699726501188,0.186180576980173,-0.10614652168011708,0.24023372743726962,-0.246350657353627,0.24555411241834632,-0.24635065508997425,0.24615012362522298,-0.24572527466460034,0.23928725195691425,-0.2475772948319601,0.2500000000000001,-0.2472190061502447,0.04234116304357459,-0.050752869192855245,0.030460267310272487,-0.04837913736500915,-0.02630098771542326,0.025753080773348015,-0.12139366745896814,0.12126703998845104,-0.2433726447638475,0.2417892557051441,-0.043508349083612646,0.036879354382089995,-0.06086313403798442,0.018547248438831196,-0.08617006729032833,0.08453104994802145,-0.15975911008759966,0.1595301418260775,-0.2451279432223984,0.24512861221147098,0.24296131569607365,-0.24634922762649883,0.24205287430421815,-0.24591051765444144,0.23840942800896056,-0.2463506637276168,0.23447658489981862,-0.2463506824071965,0.2356749799509453,-0.24634314452657283,0.20141427654456134,-0.12687824139600762,-0.0022156593241054174,-0.00806596924257777,-0.003742589252427658,-0.05236966944492458,0.06683144026983398,-0.1150944920799245,0.21205206426663079,-0.04878586433652565
-0.21198159005988512,-0.0033259475229285764,0.01163218639682782,-0.17016157833155424,-0.045249024299139455,-0.10231651591641518,-0.03330030137260248,0.047437017008705264,-0.18674805108643047,0.10843606314178983,-0.24301427767334882,0.2491313507182108,-0.2483344292666721,0.24913134842993573,-0.24893052410602923,0.24850592713023337,-0.24206744648781614,0.24725222963341323,-0.2472190061502447,0.24999999999999997,-0.044075427476546095,0.0525145907025321,-0.03211597642712573,0.05013281218780501,0.024962614224025112,-0.024410616489296755,0.12056468561389862,-0.12043727484189885,0.2461370942070969,-0.24454139343729245,0.04524879611988144,-0.03858453685656878,0.06267736902768702,-0.02012458657630485,0.08810408199982857,-0.0864555196195427,0.1620802132476463,-0.16184662653024826,0.24790216574565532,-0.24790275220012623,-0.24570130668963305,0.24912991392860526,-0.24477566185604877,0.24868889717916773,-0.2410734034569608,0.24913135706680267,-0.2371061958947204,0.24913137604496993,-0.23832134848646672,0.24912374343181584,-0.20367894462069353,0.12832755948589752,0.002267892305121855,0.00819535291972693,0.00380732190919072,0.05297653571420758,-0.06752919590792139,0.11635201059748287,-0.21443347865340234,0.049342942268173415
0.03830719528024337,-0.0007360449147497817,-0.0006088475370068002,0.030316987985755314,0.006627029077204475,0.01882943382138024,0.006827916816855373,-0.011828309208001458,0.032627011775745576,-0.02225097394919491,0.04398429019763368,-0.04483514491768646,0.04464985018338284,-0.044835144506050986,0.04480962518100408,-0.044251422587801445,0.045775914935908935,-0.04295589778516981,0.04234116304357459,-0.044075427476546095,0.24999999999999992,-0.2415570299712703,0.22234740186221802,-0.20437450319647207,0.13055114467927867,-0.13010175478941433,0.05209317626436338,-0.05207767238988986,-0.04185017649267875,0.04213442075184301,-0.24881683530252927,0.24217294827934724,-0.21822669370838796,0.17598994111296096,-0.11269087000497238,0.11122261900335856,-0.07090976917942836,0.0707761912100685,-0.04532039647517281,0.04531104644315471,0.043655775147755274,-0.044836537401854025,0.04293035551571265,-0.0452062716116332,0.03991410881956057,-0.04483513401168742,0.04090078297883842,-0.04483514836768354,0.04143268871286607,-0.04483276076144196,0.035256701129243874,-0.02510230335704004,-0.0036823180386566824,-0.0059704483343039965,-0.0034282117561450828,-0.011544944829497033,0.005607727728631391,-0.015785067873012645,0.03739852106461785,-0.0095073892370556
-0.04548319955233699,0.0008713692619251008,0.0007161821348720821,-0.036077202972235795,-0.007832116168777494,-0.022431433873947915,-0.0081736788041477,0.013768192072756794,-0.038993752444737594,0.0260123378948564,-0.05222810491287172,0.05327690112883131,-0.0530642944403446,0.05327690063932903,-0.05324515079508365,0.05268308475392679,-0.05415411933447982,0.05139745566811112,-0.050752869192855245,0.0525145907025321,-0.2415570299712703,0.24999999999999997,-0.22958940784609538,0.2116227250006688,-0.1366015095889589,0.13615791910078662,-0.052347955433615756,0.05233396996201616,0.05028892235432394,-0.050500113958960965,0.2404868903687816,-0.23381846865190994,0.22557956617960515,-0.18333311910746192,0.12035900599886362,-0.11887923149995194,0.07896732957400346,-0.07883205229476291,0.05375635482991001,-0.05374678564231742,-0.05198774521338692,0.05327822630352138,-0.051224415068071225,0.05364580594208853,-0.04806833065700971,0.05327689005259607,-0.04868155560835546,0.053276905357215916,-0.04948541890923866,0.0532742430803754,-0.04216618947136488,0.029551887366132793,0.0037643200072654632,0.006459430081025604,0.0035498388849671894,0.013303247584929035,-0.007579438967000016,0.01948244499227393,-0.04465174559151873,0.011203555602203059
0.028076361664280666,-0.0012159777666366054,0.0003328716616943037,0.02208469567519314,0.004059635161118184,0.014242405501030161,0.00525789222211326,-0.010056381927298491,0.023684339888610406,-0.01731118989746861,0.032295676937443285,-0.032867894333876296,0.032703131742901556,-0.03286789403132975,0.03285233533792997,-0.03227428387470899,0.0346821280755264,-0.03098905308389477,0.030460267310272487,-0.03211597642712573,0.22234740186221802,-0.22958940784609538,0.25000000000000017,-0.23195924713372043,0.1569406670701566,-0.15649325177351264,0.07271303146269305,-0.07266512974382332,-0.02988072180840398,0.03035191014054347,-0.22124630928666272,0.22777602828560664,-0.21942252171837276,0.177622617607818,-0.10986436948090827,0.1090745152584048,-0.06413749758581458,0.06407057124859386,-0.03342112224326412,0.033411840589720694,0.03186031628106979,-0.03286932234771525,0.031211980603786153,-0.03326863880090727,0.028412810066968115,-0.03286788302077958,0.029292666855750146,-0.032867896511453776,0.029995362376934624,-0.03286588288252229,0.025505284262573542,-0.018992045965355607,-0.003494802638783598,-0.0056829173074828595,-0.0031674571596244155,-0.008912693877325168,0.0022025859559959785,-0.01007249577578281,0.02711392675275832,-0.007146587956667501
-0.043374697110889565,0.0011634214282863428,0.00027454171078417197,-0.03437156609425273,-0.007100368950787984,-0.021917529900086066,-0.007625141289027114,0.013689665165618724,-0.037279354303955285,0.02529181972124977,-0.049864321318948496,0.05090657282766087,-0.05068777829651688,0.05090657235873038,-0.05087543003247865,0.0502811692325469,-0.05254963168553129,0.049027121237570664,-0.04837913736500915,0.05013281218780501,-0.20437450319647207,0.2116227250006688,-0.23195924713372043,0.25000000000000006,-0.1748571670857223,0.17447919168524884,-0.07831503825851936,0.07826647115961576,0.047856346684121996,-0.048252558838565274,0.2033359924245349,-0.20985914271605927,0.20161821648721417,-0.15981126211381386,0.12788586653372677,-0.12709297956223142,0.08216696254352716,-0.08209219480132286,0.05145967463063309,-0.05145027100453511,-0.049680971980230276,0.05090770957445546,-0.04899204106470578,0.05113307769472595,-0.04612193657385494,0.05090656275863879,-0.04604789786133022,0.0509065765504713,-0.04720623953816427,0.05090397832496338,-0.04044769413809684,0.028242585855180385,0.003435646505416015,0.006265857507110283,0.0031209212962611493,0.012453995843287624,-0.0070068172839828045,0.018661144018138606,-0.042568357408343124,0.010786859170440007
-0.020653800132190342,-0.0025429911250880654,0.0037000537850347694,-0.01693772068407412,-0.007084610996118203,-0.008499368602886595,-0.002225334549444742,0.00048635329398798166,-0.01864603511996195,0.007290576218040558,-0.023487068805722863,0.024233800531607452,-0.024194860767755608,0.02423380031166608,-0.024206924632402246,0.02485880969692815,-0.02072764073937769,0.026111664542933247,-0.02630098771542326,0.024962614224025112,0.13055114467927867,-0.1366015095889589,0.1569406670701566,-0.1748571670857223,0.25000000000000033,-0.24941795604948383,0.15332121950125183,-0.15319984428376707,0.027280113124004572,-0.026120772350627378,-0.1294928762231562,0.1360611869087418,-0.1265700962516323,0.16891523080791215,-0.1368746434693408,0.13701880393378563,-0.061436845510780845,0.06138085072955282,0.02300418470778392,-0.02301670808622612,-0.024152065779090136,0.02423266558671683,-0.024982360105297852,0.023965156688671333,-0.02682306468796204,0.024233813887394505,-0.026082164701710882,0.024233804708519477,-0.02506266116688338,0.024234375457995585,-0.02074777302652425,0.010131411359401587,-0.0031200456148281854,-0.004517222451063814,-0.0022281090173519613,0.0034488031269875293,-0.014525783718343588,0.01697211352396322,-0.0225285314200027,0.003862559470966679
0.020183778810780657,0.0025336518715072254,-0.0036721180149208365,0.01655925581040651,0.006982324757826237,0.008272619035759186,0.002152050747942403,-0.00038777605542080623,0.018228722128280313,-0.0070563653995105394,0.022948324969996832,-0.02368092440006393,0.023643650091804337,-0.023680924185202533,0.023654519630409546,-0.02430621164382708,0.02019595224405702,-0.025560374869496468,0.025753080773348015,-0.024410616489296755,-0.13010175478941433,0.13615791910078662,-0.15649325177351264,0.17447919168524884,-0.24941795604948383,0.25000000000000017,-0.15373080588073187,0.15360989002406128,-0.026731679410915442,0.025575405029994065,0.1291196194980083,-0.13568735996158415,0.12666518266405277,-0.16899104009746863,0.13733677816871237,-0.1374801865928487,0.06194184572130623,-0.0618855025092962,-0.022451998817658476,0.02246453124803116,0.02360643839066736,-0.023679794857957466,0.024438902848354642,-0.023414230523157366,0.026286645367486986,-0.0236809377470303,0.025567779829822817,-0.023680928526034584,0.024535112227579755,-0.02368151715727901,0.020293896189876717,-0.009843665195001784,0.0031237001386701,0.0045423762246612305,0.00223374809458523,-0.003334782764793925,0.014387297797100537,-0.01672051289222111,0.022053915298264462,-0.003751586799907191
-0.10210347159555265,-0.002882522896473434,0.007096579506478535,-0.08222809046198326,-0.02328681002027341,-0.04828524664393126,-0.01570544138368979,0.02033287083102785,-0.0901418107470674,0.04943681086990649,-0.11692272619435053,0.1199465900555803,-0.11958493053425141,0.11994658895559995,-0.11984619943487657,0.11993756666626676,-0.1145542231219688,0.12182588742048171,-0.12139366745896814,0.12056468561389862,0.05209317626436338,-0.052347955433615756,0.07271303146269305,-0.07831503825851936,0.15332121950125183,-0.15373080588073187,0.2500000000000001,-0.24981415004475496,0.12297243178151099,-0.12138893543902643,-0.051061320284579936,0.05767074361091973,-0.04277929582902911,0.08524668246504274,-0.041161774668509885,0.04275147203552826,0.03285078247855673,-0.03288337068901493,0.11871688188643513,-0.1187242498462755,-0.11845166548544311,0.11994535575218429,-0.11852131297722772,0.1196198645435464,-0.11795145430897161,0.11994660021141924,-0.115887506240596,0.1199466032317245,-0.11583259586359711,0.11994369014445737,-0.09858977899411088,0.06044732371437367,-0.0008192398540408241,0.0009171569849652102,0.00035316600541535954,0.02453767513998357,-0.03705469318207302,0.059212942646962655,-0.10421578008244395,0.02321089462169601
0.10199466566170862,0.0028801465008290675,-0.007089813676816572,0.08214052563830565,0.023262911067502876,0.048233526308966254,0.015688000991887524,-0.020310150757364757,0.09004562614273352,-0.04938264870514065,0.1167980880299713,-0.11981879892034897,0.11945752369550523,-0.1198187978215408,0.11971851300236169,-0.11980984505846304,0.1144320094610215,-0.12169821820403037,0.12126703998845104,-0.12043727484189885,-0.05207767238988986,0.05233396996201616,-0.07266512974382332,0.07826647115961576,-0.15319984428376707,0.15360989002406128,-0.24981415004475496,0.2499999999999999,-0.12286849441933817,0.12128805657233548,0.05105233615871265,-0.05765053072888965,0.04277065899983398,-0.08518422942871653,0.04112055726031774,-0.04270789791889822,-0.0328224270485213,0.03285514679148048,-0.11859047404531828,0.11859783442658109,0.11832565616839444,-0.11981756567354443,0.11839535573345908,-0.11949232247447596,0.11782642168472457,-0.11981880906666222,0.11576398666515253,-0.11981881208245673,0.11570917940150684,-0.11981590209153505,0.09848512186792292,-0.06038267448638202,0.0008189364838527552,-0.0009156247457421686,-0.00035226466324072344,-0.02451110121061098,0.037015969990050177,-0.059150755657446354,0.10410466488498019,-0.023186209874292808
-0.21010861525712654,-0.0027276751776008894,0.010872213207301981,-0.1687219088009107,-0.04404424107116371,-0.10171698622505283,-0.033658531703806234,0.04756539715004587,-0.1853263735738926,0.10737943298171197,-0.24090197093462887,0.2469472576237657,-0.24616048322514564,0.2469472553548143,-0.2467484643810413,0.24632900635536262,-0.23989887273650057,0.24507999433445168,-0.2433726447638475,0.2461370942070969,-0.04185017649267875,0.05028892235432394,-0.02988072180840398,0.047856346684121996,0.027280113124004572,-0.026731679410915442,0.12297243178151099,-0.12286849441933817,0.2500000000000002,-0.2483147871302102,0.04302354223430458,-0.03635703229127386,0.06045615689149808,-0.017880495812176433,0.08583960026368027,-0.08419076895003808,0.15985160152253708,-0.15962323501178166,0.24571745891563293,-0.24571817844099864,-0.24355086416763963,0.2469458200850955,-0.24264399092208308,0.24650483982580562,-0.23900080482746253,0.2469472640646014,-0.23505452190934042,0.2469472827437687,-0.23625322868446466,0.2469397318469671,-0.20190635577539048,0.12717624348769752,0.0022068352478632172,0.008064754205108216,0.003740129435721129,0.05248860109392932,-0.06702408657483284,0.1153954909421007,-0.21257224395596386,0.0489004376032904
0.20874678701772956,0.002702506115984953,-0.010793015603603245,0.16762646259610847,0.04375038424571288,0.10106375767793917,0.03344109086479221,-0.04727341063066097,0.1841228983404199,-0.10669736943296955,0.23934134313631222,-0.24534701418280114,0.24456513976224614,-0.24534701192854153,0.2451495330104181,-0.24473023532021138,0.23835873058415613,-0.24348311455775526,0.2417892557051441,-0.24454139343729245,0.04213442075184301,-0.050500113958960965,0.03035191014054347,-0.048252558838565274,-0.026120772350627378,0.025575405029994065,-0.12138893543902643,0.12128805657233548,-0.2483147871302102,0.2500000000000002,-0.04329792621765974,0.036698052155524984,-0.06063060139172452,0.01846766882246366,-0.08582936639225129,0.08420232014880717,-0.15911558852645366,0.15888830401540446,-0.244129345893288,0.24413001261572137,0.24197182407951398,-0.24534559029580186,0.24106735107535895,-0.24490866177487863,0.23743865984649828,-0.2453470205298291,0.23352003053444764,-0.2453470391337323,0.2347147558020055,-0.24533953191130667,0.20059425897122973,-0.12636137453312715,-0.002205772721564845,-0.008033241952623277,-0.0037264029148657493,-0.05215543978993869,0.06655882211076498,-0.11462568234746251,0.2111880542821905,-0.04858724756041049
-0.03930528588540784,0.000714343364337909,0.0006703505122588821,-0.031121197035055444,-0.006846327954108471,-0.019309397508172007,-0.006983419555783754,0.01203364582705552,-0.033513881353352676,0.022744204555232333,-0.04512811629013635,0.04600916705906258,-0.04582038539263779,0.046009166636641396,-0.045982643560439,0.0454253175608706,-0.04690119581457262,0.044129715691622426,-0.043508349083612646,0.04524879611988144,-0.24881683530252927,0.2404868903687816,-0.22124630928666272,0.2033359924245349,-0.1294928762231562,0.1291196194980083,-0.051061320284579936,0.05105233615871265,0.04302354223430458,-0.04329792621765974,0.2500000000000003,-0.2433088953197231,0.2193763092054368,-0.17711692758319383,0.11383008687748394,-0.11232169743980887,0.07202423777470737,-0.07187577031322939,0.04649413824786899,-0.04648472453208723,-0.044811781587794024,0.0460105594414773,-0.04407678112217829,0.04638021512668265,-0.04103038375466347,0.046009156109880836,-0.04200515552877377,0.04600917062099326,-0.042547149672215276,0.04600674102831935,-0.036209894253867704,0.02571943159221867,0.0037113180733422658,0.006036570754826053,0.003461267881628313,0.011805007933199631,-0.005885448724792741,0.01630203212792695,-0.038401781938443236,0.009743932561872927
0.0336173177865067,-0.000826650063689267,-0.0003277698790075573,0.02654968466082196,0.00561394058602116,0.01663495813564727,0.006029583609579531,-0.010819852911490308,0.028512863767843014,-0.01989993385007325,0.03861500253980207,-0.039341213899838544,0.039167922146319985,-0.039341213538488344,0.03931995630905327,-0.03875764135898882,0.040539824499535415,-0.037462620486729555,0.036879354382089995,-0.03858453685656878,0.24217294827934724,-0.23381846865190994,0.22777602828560664,-0.20985914271605927,0.1360611869087418,-0.13568735996158415,0.05767074361091973,-0.05765053072888965,-0.03635703229127386,0.036698052155524984,-0.2433088953197231,0.25000000000000006,-0.2258962140525528,0.1836536055022377,-0.11590000768373354,0.11439407571878837,-0.06960515983400617,0.06946016528900402,-0.03989064529287633,0.03988083716669223,0.0382171026953897,-0.03934270307418496,0.03748849660294034,-0.03974176553144083,0.03445369822822646,-0.03934120228581088,0.035554876536365854,-0.03934121672574752,0.03611024046747931,-0.03933895083609496,0.030711604546057293,-0.02236997082364618,-0.003766720167377891,-0.006007981494281528,-0.0034523360298509705,-0.010449990636886598,0.0037968552602168568,-0.012971837494363338,0.032614725171278516,-0.008450989215108881
