x1,x2,x3,x4,x5,x6,x7,x8,x9,x10,x11,x12,x13,x14,x15,x16,x17,x18,x19,x20,x21,x22,x23,x24,x25,x26,x27,x28,x29,x30,x31,x32,x33,x34,x35,x36,x37,x38,x39,x40,x41,x42,x43,x44,x45,x46,x47,x48,x49,x50,x51,x52,x53,x54,x55,x56,x57,x58,x59,x60
0.25000000000000006,-0.15308505615386223,0.1559506962808732,-0.13046489874017955,0.13143751039035895,-0.12747103305445934,0.1267461840218978,-0.12680263021965837,0.12568747268346553,-0.12725726278055985,-0.2108910206896188,0.20546983862354268,-0.1861485744735014,0.18059273007058466,-0.15755930130076248,0.1469857016933006,-0.11955673576726514,0.11034891247045193,-0.10571797861837906,0.11443060538533066,0.12676508394281624,-0.15415772729602525,0.15466420705013376,-0.16879180360782073,0.15558126399282193,-0.15834557888996317,0.151982785233897,-0.13837176778320548,0.1383540056470164,-0.11491450316743157,-0.13275871069273237,0.10727354682724793,-0.10774418668023855,0.08533621311221673,-0.08693857954764592,0.048336460376713505,-0.05368357658267418,0.0131591925693054,-0.015490029601135423,-0.041266431863134834,0.04507977969551923,-0.04398541675004756,0.02655689926755023,-0.026236195871810215,-0.007271711079093071,0.00760214844884352,-0.06689017592828218,0.06063314466791411,-0.07432602486885646,0.03752852635173942,-0.06251699488941737,-0.06640562092666266,0.05869826124220914,-0.11655720890386505,0.1084429788082504,-0.12385647255017315,0.11984726859220429,-0.12471207321689444,0.12275525058637714,-0.12725803830193905
-0.15308505615386223,0.2500000000000001,-0.2446054382308853,0.22691537513052565,-0.22679521125151003,0.22392126664544448,-0.22236583708041083,0.22350051455362893,-0.22196103993508393,0.22416853323140962,0.18760365746309055,-0.18387710597553777,0.20203323338793377,-0.19765196934897555,0.20921474545862132,-0.19497825039044386,0.19652136102805193,-0.1835234789964255,0.18352338202773974,-0.1744501410814321,-0.0749558885475663,0.11138053931721324,-0.11498422672264869,0.13836656599066727,-0.12093623494287074,0.14001385547629566,-0.13313745747408887,0.1565747984575195,-0.1570704165332418,0.1751734848114285,0.09439363535317702,-0.05938895126898719,0.05973611282624348,-0.03207895883059882,0.03366699635093918,0.012797966751100969,-0.0045071535787051635,0.05323424658064489,-0.04949369763696749,0.11894430027738033,0.016380037813291972,-0.01788686119527794,0.038816857411198634,-0.039303929467538176,0.07963132492096846,-0.08005603679540389,0.15132963406660757,-0.1437276514488836,0.16020333208509172,-0.11347174198933153,0.009864466614873231,0.15084028057183527,-0.14159011379660072,0.21128180637210517,-0.20150162401846403,0.22007006473819093,-0.21524284313019462,0.22110445533415332,-0.21873152010672706,0.22417104825363332
0.1559506962808732,-0.2446054382308853,0.2500000000000001,-0.22345797504966486,0.22347795720686847,-0.21997751210208144,0.21843759566925317,-0.2195381364068577,0.2180024515307569,-0.22020585186635316,-0.19128151861605058,0.18807848017514114,-0.20670589107263573,0.20206303367124154,-0.2106736041141014,0.19639726940100274,-0.19401209892381954,0.18114822071713743,-0.18051833327255395,0.17294924117988944,0.07899932635641428,-0.11543335085796927,0.11903435439570878,-0.14248584586829274,0.12505117920314385,-0.14386637174893824,0.13696291418781947,-0.15831551136196662,0.1587801280066917,-0.17366732133128196,-0.09829573390006159,0.06341023203962112,-0.06376167138384609,0.036092410337001446,-0.03769155603111477,-0.00878666727089774,0.0005074932348120703,-0.04924842422204595,0.04551563788172847,-0.1149721203112624,-0.012378139224661376,0.013874082701077864,-0.03481416814400935,0.03529566605857267,-0.0756343375175357,0.07605762429931359,-0.14735633352489094,0.13974711651948996,-0.1562273267296678,0.10954027162363074,-0.013650893447882988,-0.14686174644082214,0.13760744498095054,-0.20731593689540578,0.19753374411016128,-0.2161065412563432,0.2112780341888734,-0.21714096818959175,0.2147682265393767,-0.22020831184651526
-0.13046489874017955,0.22691537513052565,-0.22345797504966486,0.2500000000000001,-0.24810845510090185,0.24646176582966114,-0.2448757096320691,0.24606337388728158,-0.24449646709176628,0.24673607120720797,0.16931267974541508,-0.16549870304425077,0.18349245361920105,-0.179926886677126,0.20275571760064426,-0.188606563310422,0.21411777410934496,-0.20035177103985927,0.2041692125939836,-0.1867673261414038,-0.05580967284715611,0.09260176445674301,-0.09631227561509163,0.1198515064392956,-0.10233505786205291,0.12290892583672773,-0.11613110326548731,0.1509923240080666,-0.15165648260311815,0.18752098928007432,0.0761617058702696,-0.04014916976357058,0.04048142941023582,-0.012587119428855273,0.01414625864021261,0.03282754182103903,-0.024348345418750462,0.07364981374146842,-0.06981090642222909,0.1401579831079595,0.03642733963588629,-0.038007187753180315,0.05915366536607537,-0.059674639131067436,0.10047265486594747,-0.10090997708655446,0.1729944374636238,-0.1653258970887097,0.1819950857441689,-0.134409345527283,-0.00878777348509074,0.17252485649300436,-0.16317395067206666,0.2336960359846335,-0.22379752484333407,0.24258797399773419,-0.23770381096049226,0.24363575052147057,-0.24123069696677307,0.2467388429687348
0.13143751039035895,-0.22679521125151003,0.22347795720686847,-0.24810845510090185,0.25000000000000017,-0.24513315512407735,0.24358627616940942,-0.2442503397761522,0.24269515849410858,-0.24492245652805256,-0.1701811684332648,0.16687326706387,-0.18485201585223143,0.18128726418980223,-0.20413708134106648,0.18998386130198194,-0.21349620123010501,0.19977652063373866,-0.20327521864027168,0.18642055899677754,0.05727868644498654,-0.094036039837508,0.09774027477762837,-0.12126110622589117,0.10375247705251175,-0.12431359163327145,0.11753910327754635,-0.15176791139737705,0.15242127875479022,-0.18717192140173666,-0.07757195438777979,0.04163854026751011,-0.04197154130115747,0.014100524753658666,-0.015661190417700373,-0.03126093797332349,0.022787871887077673,-0.07203327708705953,0.06819775651135092,-0.13846505270669424,-0.034858491877222994,0.03643214463966016,-0.05755675274631016,0.05807496479548029,-0.0988268988095053,0.09926313704974846,-0.1712679712483469,0.16360527350843015,-0.18025552631684116,0.13273776566355952,0.007325896474037482,-0.17079698940956456,0.16145607037494236,-0.2318973415780054,0.22201030743639455,-0.2407791733082352,0.23590056071148674,-0.2418256679782828,0.2394236495293994,-0.24492520891159322
-0.12747103305445934,0.22392126664544448,-0.21997751210208144,0.24646176582966114,-0.24513315512407735,0.2500000000000001,-0.24826252076415373,0.24895043465432157,-0.24736699522395927,0.24962292805666333,0.16634119644916256,-0.16246837281676518,0.18045826373695484,-0.17689457893090665,0.19976054787688446,-0.18562558951539115,0.2164200581813421,-0.2025789110918497,0.2072359499545646,-0.18839257364260004,-0.0528183917681909,0.08959262660119327,-0.09330917344002186,0.11683421036165464,-0.09932301246459238,0.11989551496487368,-0.11313547081727524,0.1496495188074281,-0.15033862483297972,0.18914882091422525,0.07325085851786439,-0.03716084248150024,0.037490459875224535,-0.009612038741115566,0.011163848306240344,0.035788487908181066,-0.027315783944558057,0.0765983827644064,-0.07276100230252007,0.1430831377431588,0.03938277129384435,-0.040970414373168104,0.06210508596919881,-0.06263008914671472,0.10341196018724351,-0.10385025566709062,0.175902817333775,-0.16824241179409902,0.18490522946372384,-0.13730739034260175,-0.011596575882987334,0.17543721471276585,-0.16609111467129992,0.23658765100503418,-0.22669246127486917,0.24547620793493305,-0.24059390192806315,0.24652376326719005,-0.24411903190301099,0.24962572468917602
0.1267461840218978,-0.22236583708041083,0.21843759566925317,-0.2448757096320691,0.24358627616940942,-0.24826252076415373,0.25000000000000033,-0.24866153422622664,0.2470525757788385,-0.24802549079590816,-0.16516789745855526,0.16161693952723344,-0.17960803256461988,0.17672900122953478,-0.19964247140883584,0.18681395872043546,-0.21775362046057936,0.20390734711296582,-0.2085650969106384,0.18972817024652774,0.05298483091769267,-0.08973837600888891,0.09344757293996112,-0.11697194526225517,0.10057880332399365,-0.12115594281057476,0.11449966351623306,-0.15100089667931726,0.15168544662609912,-0.19048201308313015,-0.07338594404723095,0.03799725776630288,-0.03833646910305351,0.010986256339779822,-0.012545661937530796,-0.03432433368114217,0.025855311530739236,-0.07510813185489695,0.07127320397343405,-0.1415517024290838,-0.03797195393890373,0.03955338555603401,-0.060631396980635965,0.06115338764752448,-0.10190444005154871,0.10234189845021187,-0.17435309523072504,0.1666948557562335,-0.18334761400063726,0.135792899555983,0.010501220642625876,-0.17388735071753594,0.1645466447713471,-0.23499818500155056,0.2251091882229953,-0.24388137021546977,0.23900201487260123,-0.24492820646695249,0.24252521630804197,-0.24802826952758755
-0.12680263021965837,0.22350051455362893,-0.2195381364068577,0.24606337388728158,-0.2442503397761522,0.24895043465432157,-0.24866153422622664,0.25000000000000033,-0.24829050732340274,0.24932058002330396,0.16554650338843274,-0.16176525667155325,0.17975989590596236,-0.17652142671951185,0.19940945830174342,-0.18589756390769846,0.2167551226418477,-0.20290786225856938,0.20756470075727382,-0.18872214818317973,-0.05255170805798234,0.08933040633142768,-0.09304553431529983,0.11657772819619872,-0.09959905032709883,0.12018370400268047,-0.11346767005570076,0.14998231046012817,-0.15067020820831378,0.18947816671387005,0.07298583860824397,-0.03720929075974626,0.037543383901871695,-0.009909063463254767,0.011464341390207097,0.03546773913136806,-0.02699375957316885,0.07628082956895585,-0.07244309428322845,0.14277141091146878,0.03908802232275358,-0.040674398796694496,0.06178977548682871,-0.06231405767981593,0.10309673883886172,-0.10353494176978928,0.1755945112952634,-0.16793284430498112,0.184597169113735,-0.1369979431562081,-0.011424601530152548,0.17512909976029317,-0.16578217815151633,0.2362841453834228,-0.22638810772771947,0.24517350645156533,-0.2402907587121799,0.24622113725214978,-0.24381625262979945,0.24932337401917024
0.12568747268346553,-0.22196103993508393,0.2180024515307569,-0.24449646709176628,0.24269515849410858,-0.24736699522395927,0.2470525757788385,-0.24829050732340274,0.25000000000000033,-0.2477331088004151,-0.16419657690432113,0.16050822683872482,-0.17851086761659993,0.17549998523725563,-0.19842156262094846,0.18639654029545713,-0.21730671860705367,0.20435507656337842,-0.20903878927197383,0.1902761628984015,0.05193287124678936,-0.08871955663306949,0.09242734976972208,-0.11596438823403767,0.10078208959014855,-0.12140703197391323,0.11510576780765082,-0.15158573893212035,0.15226777212217263,-0.19103030633534474,-0.0723575818007851,0.03771232642539238,-0.03806269638960306,0.011304028887959285,-0.012875633525436535,-0.03383712910476929,0.025359216411204824,-0.0746574753109034,0.07081956036117365,-0.14116196303735098,-0.03759249986163183,0.03917235435608883,-0.06018817499636017,0.06070896563240764,-0.10147741494982487,0.10191495965757384,-0.17399339617165294,0.1663272927433364,-0.18299541982245351,0.1354019038389582,0.010406940004115876,-0.17353106726570497,0.1641825902795808,-0.23469334472067563,0.2247952965345898,-0.24358472772298426,0.23870086933470755,-0.24463249908818527,0.24222739581633598,-0.24773541464490195
-0.12725726278055985,0.22416853323140962,-0.22020585186635316,0.24673607120720797,-0.24492245652805256,0.24962292805666333,-0.24802549079590816,0.24932058002330396,-0.2477331088004151,0.25000000000000044,0.16618702017280776,-0.1622679303630194,0.18026139191768106,-0.1766962599218471,0.19956240079676557,-0.1854244527821083,0.2162180721722195,-0.20237175079329542,0.20702873254777,-0.18818301966342915,-0.052577317419078465,0.08936601592755931,-0.09308436301872569,0.11661733298705218,-0.09910042391421398,0.11967865297790475,-0.11291575781951427,0.1494357976994793,-0.15012567123841647,0.18893994956896226,0.07302391242823765,-0.036912488005098595,0.03724205204754007,-0.009353076212149028,0.010904983265865937,0.03606700203401749,-0.02759148892524649,0.07689517849206545,-0.07305645094433336,0.14340850769999486,0.039662505200037015,-0.041251620535787396,0.06239492935692385,-0.06292053040944195,0.10371979370929174,-0.10415837772435974,0.1762413883888039,-0.16857822220819252,0.18524817296427062,-0.1376277658376017,-0.011852238928141556,0.1757759241798729,-0.16642593399790653,0.23695275891950454,-0.22705329399028934,0.24584512102227837,-0.24096072497053872,0.24689314048250094,-0.2444873280743568,0.24999643413076011
-0.2108910206896188,0.18760365746309055,-0.19128151861605058,0.16931267974541508,-0.1701811684332648,0.16634119644916256,-0.16516789745855526,0.16554650338843274,-0.16419657690432113,0.16618702017280776,0.2500000000000005,-0.24347361092404668,0.22310613183710426,-0.21815175689441157,0.19507664115777892,-0.18051112677343753,0.15318632241766292,-0.14185388574187832,0.13721360056534365,-0.14353474982453582,-0.13121286580860267,0.16759314845513285,-0.1690264639797985,0.18830647633320644,-0.17061549478062024,0.17874388543586456,-0.17111971305019175,0.1635119463039653,-0.16359600405885377,0.14419421544734323,0.14603888602462844,-0.11375190375840177,0.11418378926755428,-0.08661340796855561,0.08831531160105574,-0.04232633273248756,0.049124703221199,-0.0010333457505633814,0.004021537648914109,0.06364121887486678,-0.03872950563973999,0.03738804514327889,-0.016637145281488214,0.016233795720638527,0.023585518018080075,-0.023983848128691747,0.09441515253791469,-0.08696956365612038,0.10323982814894464,-0.05897966765105185,0.06101755929651914,0.09386018478667028,-0.08470710502183067,0.15347128186295161,-0.14382630988028625,0.16214538498612982,-0.1573808712339046,0.16316306472059267,-0.16083410580395396,0.16618891919281267
0.20546983862354268,-0.18387710597553777,0.18807848017514114,-0.16549870304425077,0.16687326706387,-0.16246837281676518,0.16161693952723344,-0.16176525667155325,0.16050822683872482,-0.1622679303630194,-0.24347361092404668,0.2500000000000005,-0.22943919134900487,0.22446536797561623,-0.200805710343642,0.1862010634650251,-0.15382967364217254,0.1424941113007185,-0.1370386739303903,0.14479721210859622,0.1368816019527405,-0.1734901522530395,0.17491679492648188,-0.1943252869205309,0.17659071157922746,-0.18474715460432467,0.17704794281517786,-0.16776823233766922,0.1678239015883952,-0.14545482777547675,-0.15168914076215242,0.11938043487775055,-0.11981841880475776,0.09209400194716603,-0.09381537304049195,0.04752820885734469,-0.05436808796202316,0.005978285087766378,-0.008982279085079961,-0.05909402934483904,0.0439040972544161,-0.04256859223055757,0.021683094294371884,-0.021284279118923145,-0.018784330462306098,0.01918325160834309,-0.09006024318547683,0.08256051119254677,-0.09893211315770817,0.054452803882037853,-0.06606431321105767,-0.08949541580320312,0.08028328655187583,-0.14947335682128152,0.1397691050765392,-0.15820143188255084,0.15340727086925557,-0.15922514969501736,0.15688269534606605,-0.1622697514706022
-0.1861485744735014,0.20203323338793377,-0.20670589107263573,0.18349245361920105,-0.18485201585223143,0.18045826373695484,-0.17960803256461988,0.17975989590596236,-0.17851086761659993,0.18026139191768106,0.22310613183710426,-0.22943919134900487,0.2500000000000007,-0.24259661862258147,0.21894341640677342,-0.20431899011288185,0.1719384089495017,-0.16025136609799948,0.1547968613365794,-0.16037324775475476,-0.11977460639097562,0.15637684314352654,-0.15985806221250154,0.1834063902589402,-0.16586727030622717,0.1809353009617358,-0.1736387631289337,0.17489974470730413,-0.17506946717404728,0.16103223093561936,0.13772598156381008,-0.10410404813960045,0.10449633164834665,-0.07666191692845538,0.07835902939483337,-0.031683431876240814,0.039643462709167826,0.00923979607423289,-0.005684109895464642,0.07509068774166752,-0.0280264862181004,0.02663888259341955,-0.005583246599431718,0.005157756521230086,0.03530880774515818,-0.03571786982987844,0.10728692301185079,-0.09962578358388699,0.11615693531342611,-0.07009516401682098,0.05181164732309874,0.10673874769555386,-0.09744030206614404,0.1673362606243076,-0.15753139848089426,0.17615264448902862,-0.17130997464612086,0.17718769262597303,-0.17481665101657828,0.18026336849556632
0.18059273007058466,-0.19765196934897555,0.20206303367124154,-0.179926886677126,0.18128726418980223,-0.17689457893090665,0.17672900122953478,-0.17652142671951185,0.17549998523725563,-0.1766962599218471,-0.21815175689441157,0.22446536797561623,-0.24259661862258147,0.2500000000000008,-0.22600961606062622,0.21128755369940766,-0.17864348189223866,0.1668940092757702,-0.161387824515502,0.16702125819684266,0.12574265113243394,-0.16265774660147744,0.16620449639841336,-0.18990888732242353,0.1722891133156643,-0.1875210205015671,0.18019329719342092,-0.18156357731699005,0.18172473235772843,-0.1676701193741884,-0.1438854389964146,0.11013705303790858,-0.11053342399847939,0.08247967894673618,-0.0841969949096221,0.03712102081914827,-0.045140051441227506,-0.00417814376741049,0.0005991969573075446,-0.07060897352659551,0.033423945746965895,-0.032039587715325245,0.010794916812619034,-0.01037301018011792,-0.03045468612210586,0.030865417329763757,-0.10308151762652006,0.09534545480737376,-0.11202439213741779,0.06562158061531033,-0.05714468874794234,-0.10252201011749769,0.09313843763100735,-0.16365605645998976,0.15376440507333144,-0.17255117957396013,0.16766526893081105,-0.17359516216977536,0.1712040140164818,-0.17669821638075137
-0.15755930130076248,0.20921474545862132,-0.2106736041141014,0.20275571760064426,-0.20413708134106648,0.19976054787688446,-0.19964247140883584,0.19940945830174342,-0.19842156262094846,0.19956240079676557,0.19507664115777892,-0.200805710343642,0.21894341640677342,-0.22600961606062622,0.25000000000000117,-0.2346323729600615,0.20200565996433723,-0.18916117037789554,0.18364558449299218,-0.182210062177411,-0.10191615367436195,0.1387449548283735,-0.1423419518286576,0.16599659488511967,-0.1489704385007602,0.16953515697141938,-0.1625929897686605,0.17919485070579255,-0.17955122325178738,0.18291312963634931,0.12091859629780964,-0.08659078205666114,0.08696589473529927,-0.0592243747262432,0.060889363534873446,-0.013921405661876125,0.022460047627479395,0.026771668593577904,-0.022925622411433054,0.09315591235230512,-0.010244657218764322,0.008801791837407882,0.012360658420714295,-0.012814260493249317,0.05356239783044615,-0.05398119123463502,0.1260306867754735,-0.11828903214833145,0.13493424253124722,-0.0878728073595296,0.035354500077362294,0.1255021723450966,-0.11614533866962468,0.18654435535088396,-0.17666726639943622,0.19542328764454509,-0.19054626716397238,0.19646674906491066,-0.19407448013436782,0.1995645368961747
0.1469857016933006,-0.19497825039044386,0.19639726940100274,-0.188606563310422,0.18998386130198194,-0.18562558951539115,0.18681395872043546,-0.18589756390769846,0.18639654029545713,-0.1854244527821083,-0.18051112677343753,0.1862010634650251,-0.20431899011288185,0.21128755369940766,-0.2346323729600615,0.25000000000000083,-0.21720311884385882,0.20432391110937626,-0.19881889755712287,0.19729924943399582,0.09110875362879103,-0.12802558112520454,0.13156425621722415,-0.15543151788426365,0.16307226837134103,-0.18424494983974693,0.17729601799703848,-0.19408298552928593,0.19438782309654584,-0.19798771290474806,-0.11016321268619692,0.08992583279083494,-0.0904983184725343,0.07368508639234532,-0.07547386618939761,0.02840961232499284,-0.03697635063443838,-0.012344482415304196,0.008491526191936506,-0.07883900543569139,0.023910350390618555,-0.02252471072113619,0.00204276729025084,-0.0016212201221892674,-0.039175550456529575,0.03958998425378656,-0.11179159087877288,0.10401089937723042,-0.12068618643232717,0.0736731765738112,-0.04357488708103106,-0.11124935957457086,0.10187135122271741,-0.1723837883652572,0.16249096496321747,-0.18127876963665565,0.17639293714073825,-0.18232325467117638,0.17992953872112455,-0.18542640259574122
-0.11955673576726514,0.19652136102805193,-0.19401209892381954,0.21411777410934496,-0.21349620123010501,0.2164200581813421,-0.21775362046057936,0.2167551226418477,-0.21730671860705367,0.2162180721722195,0.15318632241766292,-0.15382967364217254,0.1719384089495017,-0.17864348189223866,0.20200565996433723,-0.21720311884385882,0.2500000000000006,-0.23521704677977723,0.22962996213051334,-0.21256134925161116,-0.05869722215255576,0.09549876000883596,-0.09910105985260963,0.12287533811283011,-0.13084535270928635,0.15199795335171568,-0.14607534535101324,0.18245377391670536,-0.18303122838605526,0.2132890154233145,0.07862324305776738,-0.05785172096991101,0.058403218914591985,-0.04200835625125085,0.04373789404175103,0.002731400830321493,0.005786778699150315,0.04343618288374183,-0.039591739273402315,0.10981992075679842,0.007341329414434205,-0.008809522444343246,0.029095067328863897,-0.0295590295262182,0.07022461700198522,-0.07064983113738482,0.1426622887541129,-0.13495147265484664,0.15159356748777533,-0.10435709882226593,0.013760494507240097,0.14217070300666845,-0.1328265313993499,0.2032011722869492,-0.193323207174027,0.21207863323918374,-0.20720242274395306,0.2131229136229164,-0.21072771966107964,0.21622046072773804
0.11034891247045193,-0.1835234789964255,0.18114822071713743,-0.20035177103985927,0.19977652063373866,-0.2025789110918497,0.20390734711296582,-0.20290786225856938,0.20435507656337842,-0.20237175079329542,-0.14185388574187832,0.1424941113007185,-0.16025136609799948,0.1668940092757702,-0.18916117037789554,0.20432391110937626,-0.23521704677977723,0.25000000000000067,-0.2442833710791172,0.22718961199660245,0.04884583340202332,-0.0857523909174939,0.0893043257312778,-0.1131971719655637,0.1313578393596475,-0.15266543252945336,0.16023305851529152,-0.19704708120305653,0.19757350817618824,-0.2279034540526777,-0.06880309054385961,0.057018980934022745,-0.057702314771169765,0.04848877871947613,-0.05047877854357487,0.011415969851109624,-0.020024835733440154,-0.029289788278035293,0.025439106893543593,-0.09578846519382059,0.0040525747063912924,-0.0026567835240613206,-0.015671640986259987,0.01609881171701792,-0.05612496789673475,0.056540507429103645,-0.12870929943549714,0.12095959487063082,-0.13763286296888935,0.09043306599963297,-0.020768021813402954,-0.12835869833502875,0.119028343811494,-0.1893313616706783,0.17943696279203356,-0.19822545342714312,0.19334011022337277,-0.19927084334915254,0.19687398731710581,-0.20237396038729494
-0.10571797861837906,0.18352338202773974,-0.18051833327255395,0.2041692125939836,-0.20327521864027168,0.2072359499545646,-0.2085650969106384,0.20756470075727382,-0.20903878927197383,0.20702873254777,0.13721360056534365,-0.1370386739303903,0.1547968613365794,-0.161387824515502,0.18364558449299218,-0.19881889755712287,0.22962996213051334,-0.2442833710791172,0.25000000000000067,-0.23098813378371366,-0.04348939446103697,0.08035911309571508,-0.08392179884355021,0.10779439215690803,-0.1259910099462778,0.1472880761185973,-0.15506705435486484,0.19186387055028573,-0.19241580076797163,0.23126945908344682,0.06355997723044418,-0.05174394536238098,0.05242406114516415,-0.043309663220949216,0.04529049269193219,-0.006420978901588988,0.015018497022146778,0.03421552690086787,-0.03036821775115467,0.10060967828403848,0.0009660131002351116,-0.002373912361418364,0.0206357898999052,-0.02106909044344531,0.061016824038559105,-0.06143350393896232,0.1334763055560696,-0.12574713501640178,0.14239293378632667,-0.09521284796813295,0.01592768022923712,0.13313526268001646,-0.12382291087577983,0.19400944004823087,-0.18413054118896333,0.2028889317419321,-0.1980116070318831,0.20393290242713566,-0.20153897566207676,0.2070310079479812
0.11443060538533066,-0.1744501410814321,0.17294924117988944,-0.1867673261414038,0.18642055899677754,-0.18839257364260004,0.18972817024652774,-0.18872214818317973,0.1902761628984015,-0.18818301966342915,-0.14353474982453582,0.14479721210859622,-0.16037324775475476,0.16702125819684266,-0.182210062177411,0.19729924943399582,-0.21256134925161116,0.22718961199660245,-0.23098813378371366,0.2500000000000008,0.05716243816996084,-0.09365035104954986,0.09714528596080842,-0.12063027958143809,0.13989369846854816,-0.16087679008767664,0.1725186584231682,-0.20913008051993281,0.2096368263283725,-0.24856123240964415,-0.07667391797159204,0.06686757224900446,-0.06757578751069294,0.05970042956866253,-0.06176234885508894,0.02506095879383544,-0.03358420164962977,-0.015616036712861195,0.01182251266288333,-0.08194157768430495,0.016945016160891876,-0.01560157111383048,-0.002149275840144372,0.002551721224522919,-0.042276334139279045,0.04268415655776162,-0.1147139039568895,0.10696955603292405,-0.12360658144294892,0.07674000685021123,-0.0321411185124026,-0.11439446447209566,0.1050902243150397,-0.1751724144395112,0.16530196773310513,-0.18404680866793355,0.17917229535204152,-0.18508906461728636,0.18270042407027068,-0.18818507813900756
0.12676508394281624,-0.0749558885475663,0.07899932635641428,-0.05580967284715611,0.05727868644498654,-0.0528183917681909,0.05298483091769267,-0.05255170805798234,0.05193287124678936,-0.052577317419078465,-0.13121286580860267,0.1368816019527405,-0.11977460639097562,0.12574265113243394,-0.10191615367436195,0.09110875362879103,-0.05869722215255576,0.04884583340202332,-0.04348939446103697,0.05716243816996084,0.2500000000000007,-0.21277975855819486,0.2085467983483374,-0.18336358875959277,0.16522768905361002,-0.14173350870836376,0.1328275754145977,-0.09587813758409278,0.09563032865925064,-0.056630444146073475,-0.2279311500604547,0.20002087546300898,-0.19907604774490636,0.1736541740376464,-0.17266146833404852,0.13287420873063113,-0.12655988481359493,0.08387947721057877,-0.08029697563098526,0.02788119975802419,0.13213066462272852,-0.13115713464664,0.11246095719005025,-0.11222760130049803,0.07634888248362878,-0.07602553871185579,0.012119808089945186,-0.017433784868334763,0.0026387440785130933,-0.029600850125539133,-0.1419611558293471,0.012746270356804631,-0.021057645730459953,-0.04107859679848279,0.032367363423534114,-0.04892827010350377,0.04461885568745686,-0.04984293263189974,0.04777873278537561,-0.05257816035958256
-0.15415772729602525,0.11138053931721324,-0.11543335085796927,0.09260176445674301,-0.094036039837508,0.08959262660119327,-0.08973837600888891,0.08933040633142768,-0.08871955663306949,0.08936601592755931,0.16759314845513285,-0.1734901522530395,0.15637684314352654,-0.16265774660147744,0.1387449548283735,-0.12802558112520454,0.09549876000883596,-0.0857523909174939,0.08035911309571508,-0.09365035104954986,-0.21277975855819486,0.2500000000000007,-0.24538445870730569,0.2201353378913302,-0.20172815936692245,0.17819466663800115,-0.16935960428581953,0.13257920171542428,-0.13235333377630493,0.09347055515096045,0.21681314934522397,-0.18993995167486588,0.19057684315772908,-0.16287632434866772,0.1647007345868613,-0.11876862016492004,0.11783632220070694,-0.06983404767573026,0.06900886019053913,-0.006111903151228293,-0.11513361223728666,0.11396934782236123,-0.09312556914206298,0.09282865403703403,-0.053029106893652936,0.05265955920423472,0.017830641513337527,-0.011100996767467992,0.027400726549949156,0.008958287361352117,0.1293489671230006,0.017170975510749024,-0.007995254009551513,0.07666666836059269,-0.06704168692400249,0.08533323207726808,-0.08057309062735557,0.08634542034815675,-0.08404592445944875,0.08936724200121265
0.15466420705013376,-0.11498422672264869,0.11903435439570878,-0.09631227561509163,0.09774027477762837,-0.09330917344002186,0.09344757293996112,-0.09304553431529983,0.09242734976972208,-0.09308436301872569,-0.1690264639797985,0.17491679492648188,-0.15985806221250154,0.16620449639841336,-0.1423419518286576,0.13156425621722415,-0.09910105985260963,0.0893043257312778,-0.08392179884355021,0.09714528596080842,0.2085467983483374,-0.24538445870730569,0.2500000000000007,-0.22448436003424438,0.20599966299940028,-0.181724802178352,0.17287329220694558,-0.136090310202643,0.13586931982500838,-0.09702815581271816,-0.21988152586338303,0.1933782226039531,-0.19414421469346987,0.16590259577255007,-0.16780415192705975,0.12064638807125035,-0.11981090873142908,0.07053313778399144,-0.06974643578719697,0.005076092032689237,0.11685050237537092,-0.11565124448624022,0.09429225177020921,-0.09398603926975288,0.053125801691400854,-0.052745864390489,-0.019627652187873778,0.01270399928144521,-0.029440055409492523,-0.008026970244738184,-0.1314297210205138,-0.018956220135839263,0.009535547934912746,-0.08004476743177032,0.07016167344591834,-0.08894332755629251,0.08405553188685634,-0.0899827386069137,0.08762108532126785,-0.09308561913885079
-0.16879180360782073,0.13836656599066727,-0.14248584586829274,0.1198515064392956,-0.12126110622589117,0.11683421036165464,-0.11697194526225517,0.11657772819619872,-0.11596438823403767,0.11661733298705218,0.18830647633320644,-0.1943252869205309,0.1834063902589402,-0.18990888732242353,0.16599659488511967,-0.15543151788426365,0.12287533811283011,-0.1131971719655637,0.10779439215690803,-0.12063027958143809,-0.18336358875959277,0.2201353378913302,-0.22448436003424438,0.2500000000000007,-0.23002150784988795,0.2057523275650788,-0.19676146370455427,0.1599514133977337,-0.15973249138094592,0.1209514843491316,0.19573459001813728,-0.16842113506305706,0.16916619788107642,-0.14120350076134297,0.14305087395324173,-0.0961084092914836,0.10034924700375907,-0.051277378545127546,0.05297976547435219,0.014414885637317547,-0.09235226798462373,0.09111475245610384,-0.06989212529128619,0.06955514876680816,-0.028898731787426912,0.028512038933947256,0.04346743243509445,-0.03607121451429884,0.05269634596085032,-0.010556173810030713,0.11046328820995593,0.042832429283448985,-0.03346708980011176,0.10364024474208107,-0.09380221571142765,0.1124950411018672,-0.10763128248913406,0.11353076666333078,-0.1111680948870589,0.11661878110012797
0.15558126399282193,-0.12093623494287074,0.12505117920314385,-0.10233505786205291,0.10375247705251175,-0.09932301246459238,0.10057880332399365,-0.09959905032709883,0.10078208959014855,-0.09910042391421398,-0.17061549478062024,0.17659071157922746,-0.16586727030622717,0.1722891133156643,-0.1489704385007602,0.16307226837134103,-0.13084535270928635,0.1313578393596475,-0.1259910099462778,0.13989369846854816,0.16522768905361002,-0.20172815936692245,0.20599966299940028,-0.23002150784988795,0.25000000000000067,-0.22534195203830476,0.2163307233864921,-0.17933694412074555,0.17904487174870742,-0.14021098034494225,-0.17780491117228947,0.17091140979174355,-0.17196305493119518,0.15977328697359636,-0.16179532569759972,0.11462379305396368,-0.11898276371061235,0.06967008097982762,-0.0714201329685084,0.003659186102856869,0.10967081863357558,-0.10850545632731537,0.08822689797287708,-0.08793180861636908,0.04711347193677626,-0.04673119147090303,-0.025629941300737962,0.018157594041465355,-0.034864099031003695,-0.007392996273165437,-0.12008524081382096,-0.024977443166392638,0.015561089586228958,-0.08606057545765164,0.07617674095476995,-0.09495896987640418,0.0900712654612319,-0.09599871937576715,0.09362788005966863,-0.09910164126486348
-0.15834557888996317,0.14001385547629566,-0.14386637174893824,0.12290892583672773,-0.12431359163327145,0.11989551496487368,-0.12115594281057476,0.12018370400268047,-0.12140703197391323,0.11967865297790475,0.17874388543586456,-0.18474715460432467,0.1809353009617358,-0.1875210205015671,0.16953515697141938,-0.18424494983974693,0.15199795335171568,-0.15266543252945336,0.1472880761185973,-0.16087679008767664,-0.14173350870836376,0.17819466663800115,-0.181724802178352,0.2057523275650788,-0.22534195203830476,0.25000000000000094,-0.23767701099921779,0.20063509250103181,-0.20034210469579777,0.1615583581939113,0.15879458005653926,-0.14715355684738465,0.14787844424318486,-0.13610983264388565,0.13808665444752855,-0.09142849224214544,0.10000157613325085,-0.051161914654675594,0.05498776310066904,0.014452865928170805,-0.08651772793290945,0.0853429380026251,-0.06531806806845092,0.06499786727771815,-0.024665175118325708,0.024279724855361964,0.04712610053042725,-0.03932695391552409,0.05578926990900999,-0.009967151261562732,0.10025880697050596,0.04648226673313914,-0.037193728426884,0.10680634386952888,-0.09704814418006945,0.11559025014835482,-0.11076690976062951,0.11661760825447111,-0.11426699731556555,0.11968002726718281
0.151982785233897,-0.13313745747408887,0.13696291418781947,-0.11613110326548731,0.11753910327754635,-0.11313547081727524,0.11449966351623306,-0.11346767005570076,0.11510576780765082,-0.11291575781951427,-0.17111971305019175,0.17704794281517786,-0.1736387631289337,0.18019329719342092,-0.1625929897686605,0.17729601799703848,-0.14607534535101324,0.16023305851529152,-0.15506705435486484,0.1725186584231682,0.1328275754145977,-0.16935960428581953,0.17287329220694558,-0.19676146370455427,0.2163307233864921,-0.23767701099921779,0.25000000000000105,-0.2126182433339407,0.212291843233953,-0.17325599100786537,-0.1501513107320513,0.14269047575094032,-0.14349741088479454,0.1354388454513209,-0.13769378363180737,0.10071809241244696,-0.1094748303824131,0.06013744485050598,-0.06400037900354603,-0.006333846445583434,0.09248244425594511,-0.09134108599135735,0.07343588203564606,-0.07313982206764377,0.03329197122228352,-0.03291204034038653,-0.039420113329702744,0.031507719199278736,-0.048188293906262294,0.0018471072545564187,-0.1036094868939523,-0.03900261325301975,0.029641998198314645,-0.0998761145394906,0.08999111364768231,-0.10877370906917859,0.10388646013642014,-0.10981418455481462,0.1074341387102048,-0.11291704629036743
-0.13837176778320548,0.1565747984575195,-0.15831551136196662,0.1509923240080666,-0.15176791139737705,0.1496495188074281,-0.15100089667931726,0.14998231046012817,-0.15158573893212035,0.1494357976994793,0.1635119463039653,-0.16776823233766922,0.17489974470730413,-0.18156357731699005,0.17919485070579255,-0.19408298552928593,0.18245377391670536,-0.19704708120305653,0.19186387055028573,-0.20913008051993281,-0.09587813758409278,0.13257920171542428,-0.136090310202643,0.1599514133977337,-0.17933694412074555,0.20063509250103181,-0.2126182433339407,0.2500000000000009,-0.249183240999608,0.21016103966885108,0.11449916756585671,-0.10572323457961803,0.10647886653345115,-0.09852601631053229,0.10069533447000396,-0.06388428457921787,0.07258294943916321,-0.023343464930169373,0.027207945144585924,0.04302608948445605,-0.05569874472135905,0.05447409475288982,-0.03665552463002408,0.03630814485238294,0.003461054001818417,-0.0038543821668234985,0.07599859484111522,-0.06816493149352375,0.08481360670438326,-0.03818681731091211,0.0690476127578699,0.07562562387221446,-0.06629783841153006,0.13641800337575297,-0.12654605305322048,0.14529913243844922,-0.14042110837161056,0.14633982759134975,-0.14395696764191745,0.149437434075693
0.1383540056470164,-0.1570704165332418,0.1587801280066917,-0.15165648260311815,0.15242127875479022,-0.15033862483297972,0.15168544662609912,-0.15067020820831378,0.15226777212217263,-0.15012567123841647,-0.16359600405885377,0.1678239015883952,-0.17506946717404728,0.18172473235772843,-0.17955122325178738,0.19438782309654584,-0.18303122838605526,0.19757350817618824,-0.19241580076797163,0.2096368263283725,0.09563032865925064,-0.13235333377630493,0.13586931982500838,-0.15973249138094592,0.17904487174870742,-0.20034210469579777,0.212291843233953,-0.249183240999608,0.25000000000000094,-0.21069473365206315,-0.11428383234151371,0.10544594342115134,-0.1061950339123256,0.0981863540118823,-0.10035599747252037,0.06355021951100027,-0.0722525532975725,0.022934972642584286,-0.026800394522365698,-0.04354592387024556,0.05533144928917333,-0.054100701507143766,0.036262979492715126,-0.035914203793945304,-0.003908241883807161,0.00430226433296129,-0.0765626497517112,0.06871816007967406,-0.08539521571583134,0.038695597463329866,-0.06874365902387086,-0.07619579804608893,0.06685333330588775,-0.13708620120971318,0.1271976344544195,-0.14598194319171504,0.14109562418127347,-0.14702443396115922,0.14463746019629606,-0.15012731505891577
-0.11491450316743157,0.1751734848114285,-0.17366732133128196,0.18752098928007432,-0.18717192140173666,0.18914882091422525,-0.19048201308313015,0.18947816671387005,-0.19103030633534474,0.18893994956896226,0.14419421544734323,-0.14545482777547675,0.16103223093561936,-0.1676701193741884,0.18291312963634931,-0.19798771290474806,0.2132890154233145,-0.2279034540526777,0.23126945908344682,-0.24856123240964415,-0.056630444146073475,0.09347055515096045,-0.09702815581271816,0.1209514843491316,-0.14021098034494225,0.1615583581939113,-0.17325599100786537,0.21016103966885108,-0.21069473365206315,0.25000000000000083,0.07628241031369695,-0.06641771104627159,0.06713347318497354,-0.05925896048646864,0.06134276911663226,-0.024645776187262717,0.033289501957362834,0.015964299157015638,-0.012111717167366278,0.08241927093071287,-0.016505875618925348,0.015161078843833983,0.0026068763634870783,-0.0030104236672857643,0.042792142460925976,-0.043200770248606156,0.11534598724920153,-0.10757653152480555,0.12424096015606875,-0.07719099812702285,0.03178879161350663,0.11503180428297857,-0.1057128492909555,0.17590781966676658,-0.16602088037880838,0.1847967354633626,-0.17991400544727043,0.18584077445953193,-0.1834478355804709,0.1889420140448707
-0.13275871069273237,0.09439363535317702,-0.09829573390006159,0.0761617058702696,-0.07757195438777979,0.07325085851786439,-0.07338594404723095,0.07298583860824397,-0.0723575818007851,0.07302391242823765,0.14603888602462844,-0.15168914076215242,0.13772598156381008,-0.1438854389964146,0.12091859629780964,-0.11016321268619692,0.07862324305776738,-0.06880309054385961,0.06355997723044418,-0.07667391797159204,-0.2279311500604547,0.21681314934522397,-0.21988152586338303,0.19573459001813728,-0.17780491117228947,0.15879458005653926,-0.1501513107320513,0.11449916756585671,-0.11428383234151371,0.07628241031369695,0.2500000000000009,-0.21192656789046677,0.210722702957858,-0.1827626514398929,0.1816859519761339,-0.13574988867683385,0.12949487008711874,-0.08166526501979329,0.07806632931830619,-0.0184430429059134,-0.1351341441166271,0.1340037435567695,-0.11300610555612836,0.11272635546678847,-0.07218195473053692,0.07181136777614237,0.00010337204650142284,0.005960268624310623,0.010703030295645252,0.020645001702331325,0.14728762242769255,-0.0005781637125348914,0.009939396436955277,0.06007330980633314,-0.05025940243283272,0.06891180204425466,-0.06405666392931712,0.06994311285810036,-0.06761332363611307,0.0730249429489509
0.10727354682724793,-0.05938895126898719,0.06341023203962112,-0.04014916976357058,0.04163854026751011,-0.03716084248150024,0.03799725776630288,-0.03720929075974626,0.03771232642539238,-0.036912488005098595,-0.11375190375840177,0.11938043487775055,-0.10410404813960045,0.11013705303790858,-0.08659078205666114,0.08992583279083494,-0.05785172096991101,0.057018980934022745,-0.05174394536238098,0.06686757224900446,0.20002087546300898,-0.18993995167486588,0.1933782226039531,-0.16842113506305706,0.17091140979174355,-0.14715355684738465,0.14269047575094032,-0.10572323457961803,0.10544594342115134,-0.06641771104627159,-0.21192656789046677,0.25000000000000094,-0.2481145393512288,0.22007826657326865,-0.2169517863904293,0.17092486933526418,-0.16113653043367898,0.11363579733579249,-0.10831002919459584,0.05121435413196837,0.172477711730697,-0.1715487481563675,0.15038518102164747,-0.15015246981489663,0.10927458863395467,-0.10891329629937566,0.03643388197447673,-0.0420422656340503,0.025237216493306066,-0.05278363191418768,-0.17349090757430982,0.03718475341554556,-0.046627517599598434,-0.02387346524330529,0.013996281043000906,-0.032774077021371854,0.02788512510874981,-0.0338103936040088,0.03147973819642815,-0.0369130874222763
