x1,x2,x3,x4,x5,x6,x7,x8,x9,x10,x11,x12,x13,x14,x15,x16,x17,x18,x19,x20,x21,x22,x23,x24,x25,x26,x27,x28,x29,x30,x31,x32,x33,x34,x35,x36,x37,x38,x39,x40,x41,x42,x43,x44,x45,x46,x47,x48,x49,x50,x51,x52,x53,x54,x55,x56,x57,x58,x59,x60
0.25000000000000006,0.13827647602961307,-0.13419494401882842,0.18451230714135206,-0.17575412185380795,0.1842723506568892,-0.17164942218482648,0.1860686848874954,-0.17768810548127686,0.1907099262738699,-0.17728292920103575,-0.05942013743317067,0.04181612011633134,-0.04507041980324982,-0.00010184944664083267,0.009120266274563861,-0.02722627550697939,0.030219678283096178,-0.03649819073491006,0.03809767527278697,-0.07158908928886996,0.041290489130220646,-0.06289759831080984,0.011558338135563504,-0.007135075497370048,-0.040396190279664845,0.03694860906704915,-0.04384016811957168,0.039184013599479844,-0.04142824790430667,0.1008450208264524,-0.11666556514499445,0.049159900865001105,-0.04260345750174515,-0.014488933438929354,0.019678953364634395,-0.06953079055540533,0.07278919887744399,-0.10280099038476119,0.10754312948865492,-0.1431624309949555,0.0817913357794079,-0.06596820640102281,-0.020005380099937683,0.03580654297132859,-0.07831811563152465,0.08791404806853421,-0.11805006793361669,0.10781007798863618,-0.10639967986633976,0.16458390326993802,0.1087923937247222,-0.09925738462289381,0.18360780370472338,-0.178275477436303,0.18956740320924081,-0.18245883084505407,0.18706981951319063,-0.18297033663616247,0.19057721068905786
0.13827647602961307,0.2499999999999999,-0.2445903133585449,0.2018236305544118,-0.19404192231141126,0.1959815548512577,-0.18743928411366645,0.19655485405796003,-0.19320333742659018,0.19737389796168667,-0.07076024761992317,-0.1620380624326184,0.13917014938262315,-0.13830451801244506,0.07353430499716165,-0.05968570773358377,0.03349823651209727,-0.029313944492805992,0.02220942928141707,-0.02018790909235983,-0.14290579149752913,0.1320287149658021,-0.1568056026156568,0.09099834562013245,-0.08461328547032083,0.017196818041238855,-0.01892244909726695,0.012185110587598713,-0.017188294893287253,0.015521389982787799,0.15958959389849475,-0.1752365808720774,0.138608738039474,-0.12963961125318105,0.05386229380732658,-0.04510532392730292,-0.02454673454641237,0.03108949495495797,-0.07209637856928815,0.08347900794387642,-0.17400257514622458,0.13915815122419173,-0.12361699057992726,0.043224357954685065,-0.021431780552452873,-0.03719131974181418,0.051035311781554946,-0.09385317368940321,0.08632359833090067,-0.08440051529386565,0.1858317662820397,0.09098507232486414,-0.078654946298806,0.1873252387931581,-0.17978939471650357,0.19576419164813763,-0.18563143342737057,0.192202420959191,-0.18697501461210914,0.19722064869281308
-0.13419494401882842,-0.2445903133585449,0.2499999999999999,-0.19894711370886795,0.1914857824308649,-0.19245798341387185,0.18437685522287367,-0.19222961801659655,0.1891404400993975,-0.19246490215419734,0.06764031239585011,0.16451323850813615,-0.14419984362870836,0.14247059854090532,-0.07763255014948861,0.0636388510537786,-0.037490024055293523,0.03335362935122706,-0.026519052419263982,0.02454089115672548,0.14431462929075412,-0.13485468031124764,0.1589250358200223,-0.09534540876410141,0.08894325963812136,-0.021588558674199298,0.023117584849761334,-0.016581261653226837,0.021484209394359143,-0.019902608686547158,-0.1596396940787834,0.17467068088608906,-0.14124027211361362,0.13247446453093845,-0.058239974926706496,0.049422276166024126,0.020067045930565828,-0.026706122068294917,0.06750882441641705,-0.07910343197186281,0.1715200232028281,-0.13962194496400074,0.12457779329567631,-0.04701845008253376,0.02543180432803143,0.032651191009275334,-0.046479180853382214,0.08921218852386206,-0.08208030985199986,0.08016531476832775,-0.1823055244215878,-0.08713191036014899,0.07492694868665621,-0.1824517672278886,0.17494672462781954,-0.1908596627431579,0.18075097845274138,-0.18730695449688467,0.18212635901608776,-0.19231338219344735
0.18451230714135206,0.2018236305544118,-0.19894711370886795,0.2500000000000002,-0.24017179388569213,0.24271745408895248,-0.23040049554298786,0.24098020204538037,-0.23240572754368746,0.24342704862437997,-0.11267448773912506,-0.12321027145145888,0.09347969996531826,-0.09382644984010825,0.028970432751301817,-0.015302282646316933,-0.010984100300679303,0.015181090391528701,-0.02273221253887538,0.024801790929691703,-0.12170854376729834,0.0926477616881216,-0.11948121860935215,0.04617920332204742,-0.03984755137704562,-0.027865404739681666,0.02424707149270871,-0.03289097820440392,0.0268965614776714,-0.0294736484784682,0.1528180854589564,-0.17146218561993767,0.09971235863409542,-0.09019591512648636,0.008922770110743375,-0.0009397863215322316,-0.06978499117384696,0.07522191131660118,-0.11754449379024619,0.12628333606937114,-0.19339839677491558,0.12682230887819282,-0.10692862196926635,0.0006312422274470155,0.021904447439344315,-0.08250455997762185,0.09631044664042045,-0.13940298550158597,0.12766557004411813,-0.12568768927144866,0.21649129738894515,0.12998034504872052,-0.11679725869014851,0.23328077464170138,-0.22565441948477022,0.24180750419255184,-0.23162817001634148,0.23823029367408508,-0.23261361268315464,0.2432603455032319
-0.17575412185380795,-0.19404192231141126,0.1914857824308649,-0.24017179388569213,0.25,-0.24024241855484535,0.22890007213015615,-0.23175893727012714,0.22368904114186153,-0.23363176362332783,0.10599493679829877,0.12319605545646492,-0.09665927225780428,0.09794831171878503,-0.03876712405945383,0.02509884755714276,0.0011874396432483445,-0.005395498565915664,0.01293567294727046,-0.015009138958004695,0.12052989622441891,-0.09364066592587308,0.12038810792200103,-0.052759897905026186,0.046957317937076276,0.018088558814530763,-0.014823417560864586,0.023094370709766127,-0.017242539867112588,0.019692082086922805,-0.14980784062235813,0.16816108676100866,-0.10192193161622087,0.0931050520662894,-0.016753198576760615,0.008883313556414304,0.05999289922006925,-0.0656523528665884,0.10774847290314861,-0.11690417680832173,0.1875353037610285,-0.12589809554226497,0.10713415042386666,-0.006982408000778818,-0.014824822847427765,0.07349445298310615,-0.08714026099624364,0.12960720538800544,-0.118567472319585,0.11659031058260858,-0.20888109268967925,-0.12286218631178132,0.1099959036904561,-0.22358256594260792,0.21604277593079044,-0.2320125483172556,0.2218687361374939,-0.22843490382771686,0.22288059825966394,-0.23346772547746297
0.1842723506568892,0.1959815548512577,-0.19245798341387185,0.24271745408895248,-0.24024241855484535,0.24999999999999964,-0.23613130680366565,0.24077123078532148,-0.23196376285253265,0.24334383942477997,-0.1126812549916868,-0.12164661097653169,0.09220665805561257,-0.09275096625575892,0.029058944311287284,-0.015390716997578572,-0.010896004431537964,0.01509255429818521,-0.022644716110203685,0.024714419386935763,-0.12053847021244113,0.09115797956106135,-0.11802388223798593,0.045608178200816925,-0.03938752161042554,-0.027782164241874754,0.024156432095478027,-0.032803752968770576,0.02679722825456175,-0.029386659403337137,0.15189335322080613,-0.17058162915099107,0.09846569162393884,-0.08907378829237629,0.008607608412776422,-0.0006821493053462527,-0.06969934474988579,0.07513371367983203,-0.11745888831022866,0.1261681245876561,-0.192986134647394,0.12607342405957858,-0.10622956719785892,0.00010617139612297158,0.02230606848054589,-0.08257936384147371,0.09634858974308397,-0.13931782073621046,0.12754501477397268,-0.12556529557519605,0.2161998910064029,0.13016779770768458,-0.1170159103126408,0.2332152808230886,-0.22560432713533024,0.24172427887909106,-0.23155207991010643,0.23814699644725318,-0.2325274620964338,0.24317716899502498
-0.17164942218482648,-0.18743928411366645,0.18437685522287367,-0.23040049554298786,0.22890007213015615,-0.23613130680366565,0.24999999999999983,-0.2344030923713361,0.2270257445631836,-0.22958722203981533,0.10211327399877519,0.12567903200359323,-0.09770980383065422,0.09868944672497519,-0.038535518252948084,0.026035777980185127,-0.0028483093335727894,-0.0013645449351363966,0.008899304640527492,-0.01097425977683143,0.12167024871491447,-0.09638853266911482,0.12293735335917501,-0.054094889245345536,0.04852988459070831,0.014499257658974318,-0.011049190360213543,0.01905751450884597,-0.013280054705735938,0.015660112980657503,-0.14970053692454188,0.16787030163223218,-0.10419727202928031,0.09532163811944629,-0.018877936263636107,0.011171983925387437,0.0559588535963774,-0.061702244907886776,0.10370856973922993,-0.11306759158776267,0.18548293741245664,-0.12623438621879715,0.10781264751684436,-0.009709112588246917,-0.01195723451433927,0.07021726318120228,-0.08369643052951599,0.12556659572368659,-0.11484181660203674,0.11286749968319158,-0.2059855878528137,-0.11973858013335323,0.10698351082211141,-0.2195884748778706,0.21208521435852118,-0.22796810385164407,0.21785922441195923,-0.2243904243188486,0.21886401252682003,-0.22942418487824578
0.1860686848874954,0.19655485405796003,-0.19222961801659655,0.24098020204538037,-0.23175893727012714,0.24077123078532148,-0.2344030923713361,0.24999999999999978,-0.24069735323645888,0.2451316825696911,-0.11402492936306884,-0.12135993699881381,0.09096515685260537,-0.09135128859826118,0.02696549311527807,-0.013374373869697137,-0.012708072255615167,0.016901977177953838,-0.024455714368819933,0.026524507477555036,-0.12056975087055874,0.09075555221609975,-0.11762374733353943,0.043987566086027545,-0.037722785962354656,-0.029619472566065355,0.02590250949333405,-0.03461374348703094,0.02857895747064809,-0.031194115282962436,0.1522773839535428,-0.17102506359295036,0.09778558826707384,-0.08826387035954152,0.006897225369473474,0.0010154388978080588,-0.07150522390118935,0.07689538168593514,-0.11925996235070598,0.1278834490178951,-0.1939765988512372,0.12607454375596552,-0.10602134481690773,-0.001251691103345323,0.02377606008772478,-0.0843422217084117,0.09811584869360167,-0.14111658907058988,0.12920478345664985,-0.12722480730601493,0.21754127338135276,0.13153194198614862,-0.1183298693260832,0.2349931149900818,-0.22737195437974683,0.2435122154964702,-0.23333921437202254,0.23993538600643965,-0.23430398336062147,0.2449645219802935
-0.17768810548127686,-0.19320333742659018,0.1891404400993975,-0.23240572754368746,0.22368904114186153,-0.23196376285253265,0.2270257445631836,-0.24069735323645888,0.24999999999999975,-0.2358945083977102,0.10697460396859655,0.12468448378727606,-0.09582342411557457,0.09656658667568868,-0.03461052172605997,0.021470402232382554,0.003459344908056485,-0.007664567064911688,0.015204491258727443,-0.017276604810241625,0.1216548491876798,-0.09470428081636892,0.12137806496972647,-0.05058414526838367,0.044675916469304695,0.02054212806204971,-0.017051848641225716,0.025362336151457165,-0.019485904018722182,0.021955899971378628,-0.15107990169563645,0.1694713473493063,-0.10218831489011103,0.09302887377181912,-0.01442752755209532,0.006584834318613078,0.06226008890836859,-0.06786454900461054,0.11001437482935397,-0.11909489368749113,0.1890833519312071,-0.12648792253438784,0.10740447782478527,-0.005613005894308737,-0.016450865042838166,0.07578269577730712,-0.08941868768376054,0.1318725653299304,-0.12069262251754286,0.1187169253567327,-0.21076804133103427,-0.12440204724657561,0.11145142643457218,-0.22582668077911539,0.21826611285066486,-0.2342752249489473,0.2241326815538549,-0.23069776710589912,0.22513072060200529,-0.23572982616730204
0.1907099262738699,0.19737389796168667,-0.19246490215419734,0.24342704862437997,-0.23363176362332783,0.24334383942477997,-0.22958722203981533,0.2451316825696911,-0.2358945083977102,0.25000000000000017,-0.11848431658920697,-0.11757830232623655,0.0869347511449815,-0.08728015040641528,0.02241490127174866,-0.008746882351750708,-0.017538107691253836,0.021721961498272036,-0.029277949558376374,0.03134334438521629,-0.11855829354087677,0.08687437485915504,-0.11385274176500697,0.03964269840623124,-0.03331453720150308,-0.03440374763409894,0.03051940422329097,-0.03942765532298821,0.03329949137846123,-0.03600410663153345,0.15173564990514465,-0.17070743290247828,0.09390198327573988,-0.08432345068833741,0.0023952428855021244,0.005468894861129356,-0.07628600850433669,0.08155313825299797,-0.12399959985308487,0.13233595739572798,-0.1959485819413624,0.1248782367681826,-0.10437498799268864,-0.005563984480615464,0.028174444375120247,-0.08897334927822126,0.10275650773029181,-0.1458370611312963,0.13350103643816416,-0.1315183277693313,0.22063843616570689,0.13545125947549058,-0.12216295848465501,0.239615989447604,-0.2319880043876308,0.24814292443492353,-0.23797259923239258,0.24456942990116187,-0.23890498709720132,0.24959280942741568
-0.17728292920103575,-0.07076024761992317,0.06764031239585011,-0.11267448773912506,0.10599493679829877,-0.1126812549916868,0.10211327399877519,-0.11402492936306884,0.10697460396859655,-0.11848431658920697,0.24999999999999978,-0.013103977853641414,0.008657350439178275,-0.0018874459021620488,0.023732909835737108,-0.027400851612540553,0.03660823217565838,-0.038199058330193755,0.04297634314346307,-0.044025974432957124,0.013035997846900649,0.01593109806258382,-0.00041053692167742733,0.018893495572230936,-0.021133577069360837,0.04527777437431831,-0.042538761621060184,0.046987947973932465,-0.04408568655771887,0.045781941421450534,-0.03789357658356777,0.050073730813639195,0.005428520129918428,-0.0078456237881282,0.03187440918231234,-0.033964321433755856,0.059416691821493846,-0.06034340443801464,0.07553776783348029,-0.07606733411529253,0.07861427128953276,-0.029193026182045848,0.019344187872877172,0.03613485923366484,-0.0434843669590581,0.06334860571367054,-0.06802847252370556,0.08296413489363137,-0.07533625388495889,0.07460309274967042,-0.09599695702637061,-0.07594572604924259,0.07097104591299151,-0.11503205410196377,0.11244902971699493,-0.11792664606723283,0.1144430490603375,-0.11670638888511907,0.11447642081357282,-0.11841445305998742
-0.05942013743317067,-0.1620380624326184,0.16451323850813615,-0.12321027145145888,0.12319605545646492,-0.12164661097653169,0.12567903200359323,-0.12135993699881381,0.12468448378727606,-0.11757830232623655,-0.013103977853641414,0.24999999999999978,-0.21292444433941485,0.1925420897224459,-0.1281168488434216,0.11126328092880126,-0.08645779826335956,0.08367825342228809,-0.08364686162381776,0.08279931344836974,0.1903474030151792,-0.21451090420774238,0.21808620120398517,-0.15203378449606655,0.14537366194558754,-0.0808570649091632,0.07947921482700399,-0.07600216825002468,0.07902477387699089,-0.07899577361861086,-0.17555978939500042,0.17630645710402446,-0.19964264351631292,0.1902379558830449,-0.11629829718238469,0.10667354368836736,-0.04189956327811553,0.03415671413468704,0.00225323966989759,-0.017231288576864973,0.1374312975886552,-0.15386652310666463,0.14529012572133676,-0.10701629110966426,0.08634721086692557,-0.030854266319348934,0.017732355231052526,0.02234549139362115,-0.022063049655588682,0.020401594134036985,-0.13104351253162155,-0.026310752812936964,0.01579038622143732,-0.10823110766136254,0.10121625283788992,-0.11609697483326338,0.10672600049597412,-0.11281862167576218,0.10858277581505928,-0.11745161732977011
0.04181612011633134,0.13917014938262315,-0.14419984362870836,0.09347969996531826,-0.09665927225780428,0.09220665805561257,-0.09770980383065422,0.09096515685260537,-0.09582342411557457,0.0869347511449815,0.008657350439178275,-0.21292444433941485,0.24999999999999975,-0.2285081436410297,0.16269295103969145,-0.1455617523770544,0.12034679594630605,-0.11736524832152759,0.11677970351458598,-0.1158254869605914,-0.16165169187600903,0.18537578788137665,-0.19463074285018414,0.18582595496063073,-0.17911290270401045,0.11379731856789303,-0.11116999116319283,0.10891671779953571,-0.11175974439415488,0.11188407889287964,0.1482360761121662,-0.15121370629381387,0.1896265635491571,-0.185966847958095,0.149746445064525,-0.13979652069258633,0.07445395099031155,-0.06587034405695566,0.029832887868149163,-0.013721564862619476,-0.11378353796944397,0.1404193785921707,-0.13695648776943664,0.12444302888012392,-0.10797335930512016,0.06330067172092602,-0.04996709877709604,0.00950369928620241,-0.00786959279533363,0.009577725592236483,0.10375242264001285,0.006743482133040395,0.0024842432807768984,0.07781898852530365,-0.07109269512584127,0.0854359546775664,-0.07594921843491569,0.08211454412632822,-0.0780017645949315,0.08681546566286644
-0.04507041980324982,-0.13830451801244506,0.14247059854090532,-0.09382644984010825,0.09794831171878503,-0.09275096625575892,0.09868944672497519,-0.09135128859826118,0.09656658667568868,-0.08728015040641528,-0.0018874459021620488,0.1925420897224459,-0.2285081436410297,0.2499999999999998,-0.1835852433407526,0.16609123871390763,-0.13941939885795712,0.13557550796949255,-0.1323147745851184,0.13090041633335725,0.14574853760810713,-0.16793583096341136,0.1934049194287245,-0.20216848529587306,0.19565932820711154,-0.12829225879093661,0.12550056107719842,-0.12326710456881296,0.1264447943819538,-0.12644367742914048,-0.13879177579996435,0.15135794277945147,-0.19239580523727223,0.19056547361785672,-0.1649493088618003,0.15458464703868327,-0.08637229549272998,0.07706387946930608,-0.03861251298473689,0.021419809013903453,0.11493181389202783,-0.1429106553927553,0.14051638886167062,-0.1330579759912808,0.11708594602994804,-0.0735714102199587,0.059456032849501086,-0.01675367292053494,0.014961213329629743,-0.01683236989592199,-0.10439193728332596,-0.005099263488076557,-0.004352946284544379,-0.07764208273494357,0.07057427808439547,-0.08565880684776396,0.07547999378792457,-0.08207490650631263,0.07764568749390124,-0.08714877735067632
-0.00010184944664083267,0.07353430499716165,-0.07763255014948861,0.028970432751301817,-0.03876712405945383,0.029058944311287284,-0.038535518252948084,0.02696549311527807,-0.03461052172605997,0.02241490127174866,0.023732909835737108,-0.1281168488434216,0.16269295103969145,-0.1835852433407526,0.25,-0.2318308696100844,0.204844752023916,-0.20079668266860634,0.196876562184965,-0.1953162980236642,-0.09139807307636699,0.11623897424063898,-0.1394158534320138,0.1835932814934278,-0.19084681939438794,0.19217651287575804,-0.18798770552466407,0.18765903646638873,-0.1904768043365271,0.19073609567381739,0.08013842855148123,-0.09264427526745175,0.1472882650885795,-0.15287851966341365,0.17853701693245835,-0.1739118712590107,0.1507364800956142,-0.1403610882099054,0.10319269740233405,-0.08496867956612747,-0.059151621799141095,0.10168798002451698,-0.10741875255719614,0.14057846282444994,-0.13455039003040306,0.11783933490534244,-0.10827052940697554,0.08138018040826171,-0.07724517191512668,0.07918920553896318,0.043611484753095696,-0.029357470966726577,0.035235407110944646,0.014610632573892062,-0.009039435516686335,0.020799972430980543,-0.011563480343129944,0.017221469597072568,-0.013031337719547929,0.02230194270945248
0.009120266274563861,-0.05968570773358377,0.0636388510537786,-0.015302282646316933,0.02509884755714276,-0.015390716997578572,0.026035777980185127,-0.013374373869697137,0.021470402232382554,-0.008746882351750708,-0.027400851612540553,0.11126328092880126,-0.1455617523770544,0.16609123871390763,-0.2318308696100844,0.24999999999999975,-0.22260692295036213,0.21824310462612262,-0.21174139176633663,0.20972045374777146,0.07729142964653969,-0.1019523610942331,0.12465056220588765,-0.17616591702589596,0.18713313616079294,-0.20612584812780907,0.20171087814132546,-0.2018043958524622,0.20458778612337614,-0.20486929036352966,-0.06570905195433589,0.07834577146832895,-0.13467675218316025,0.1419983752062299,-0.17947799602041778,0.17637263648027243,-0.16476907259179388,0.15416358549666856,-0.1171454117570916,0.09875876159645196,0.04651400118693466,-0.091189678628533,0.09868607285902987,-0.14048741832475486,0.13684075540934432,-0.12656589795491338,0.11815535946617217,-0.09528267559441482,0.09078342583997961,-0.09275340552385632,-0.03025785963792346,0.03598407151894233,-0.04103429205804779,-0.0013812670086012296,-0.0038328888430026187,-0.007128225897808869,-0.001890141716295106,-0.0035410592974422263,-0.0006215896524344863,-0.008636852957897845
-0.02722627550697939,0.03349823651209727,-0.037490024055293523,-0.010984100300679303,0.0011874396432483445,-0.010896004431537964,-0.0028483093335727894,-0.012708072255615167,0.003459344908056485,-0.017538107691253836,0.03660823217565838,-0.08645779826335956,0.12034679594630605,-0.13941939885795712,0.204844752023916,-0.22260692295036213,0.24999999999999978,-0.2447069917140473,0.2374294733596142,-0.2352628650483247,-0.05691657602923024,0.08352885985471786,-0.10469382281783603,0.16371606072810735,-0.17800302416574743,0.22522828795319794,-0.2246975121556533,0.22730885990029584,-0.22993372374924573,0.23033099313257843,0.04295131910169372,-0.05539408440356955,0.11626403008124898,-0.12542298520846304,0.17742145037782198,-0.17746919538648814,0.19035087223651842,-0.17940077576256472,0.14296351729348206,-0.12424420731402823,-0.02384252331036963,0.07418081541457211,-0.08454611940322056,0.1409997504060138,-0.1411580896240247,0.14132358852005988,-0.13542168829804158,0.12118045497323399,-0.11584275456789653,0.11783543443934208,0.005668517503414378,-0.04954771668282549,0.05309578493427861,-0.02401520990631341,0.028538343142438426,-0.019151161256454895,0.027634934410316316,-0.02272608390538821,0.026788390122211573,-0.01764190482987426
0.030219678283096178,-0.029313944492805992,0.03335362935122706,0.015181090391528701,-0.005395498565915664,0.01509255429818521,-0.0013645449351363966,0.016901977177953838,-0.007664567064911688,0.021721961498272036,-0.038199058330193755,0.08367825342228809,-0.11736524832152759,0.13557550796949255,-0.20079668266860634,0.21824310462612262,-0.2447069917140473,0.24999999999999967,-0.24243358628408768,0.24025960934329316,0.05474077049906836,-0.08228396067039959,0.1029810076244913,-0.16353829336707007,0.17845191887951123,-0.22973344118912367,0.22939150314930862,-0.23227899098459504,0.23488333595735264,-0.23530720369688796,-0.03980349340281965,0.05227229896996158,-0.11485962672765873,0.12433890854521319,-0.178711903414997,0.17914499545046708,-0.19517530208153694,0.1841159258877424,-0.14761842545866516,0.1287171382298681,0.020556956529956608,-0.07216296656077571,0.08306508343817544,-0.14231934056728857,0.14299655440569667,-0.14457905001594998,0.13896655099434163,-0.12575395878740028,0.1201927704051848,-0.12219481926720922,-0.0019375160505599978,0.05205598088314578,-0.0554043420860819,0.02811523723032295,-0.03256701556232824,0.023344980903599773,-0.031797028387154265,0.026933380516882106,-0.03099203284314023,0.021829127811868694
-0.03649819073491006,0.02220942928141707,-0.026519052419263982,-0.02273221253887538,0.01293567294727046,-0.022644716110203685,0.008899304640527492,-0.024455714368819933,0.015204491258727443,-0.029277949558376374,0.04297634314346307,-0.08364686162381776,0.11677970351458598,-0.1323147745851184,0.196876562184965,-0.21174139176633663,0.2374294733596142,-0.24243358628408768,0.24999999999999975,-0.24765585853888097,-0.054074405615043244,0.08467381402020509,-0.10432878351886007,0.16719502021286706,-0.18245884121667755,0.23672830490856564,-0.23624064569040507,0.23944248828207298,-0.2419373098039225,0.24245347183270582,0.03630933470539542,-0.04867278757613752,0.11660049459803554,-0.1263914021741167,0.18326674409823468,-0.18392293294747047,0.20240383170500267,-0.19120211199575063,0.1549428890469652,-0.13567904411597154,-0.01559749141640716,0.07047738786359999,-0.08231026073318291,0.14668573905771068,-0.14787009590897077,0.15082729400039555,-0.14545782914026395,0.13311947480224912,-0.12693088507710418,0.12892277389136328,-0.004196082343238458,-0.05730746322170567,0.06038063533605412,-0.03556885788939184,0.039934760696933004,-0.03090259097100027,0.03928969858575751,-0.03448457814735902,0.03848004837287234,-0.029387775640663295
0.03809767527278697,-0.02018790909235983,0.02454089115672548,0.024801790929691703,-0.015009138958004695,0.024714419386935763,-0.01097425977683143,0.026524507477555036,-0.017276604810241625,0.03134334438521629,-0.044025974432957124,0.08279931344836974,-0.1158254869605914,0.13090041633335725,-0.1953162980236642,0.20972045374777146,-0.2352628650483247,0.24025960934329316,-0.24765585853888097,0.24999999999999994,0.053200386210306004,-0.08429558682528884,0.10380601817430687,-0.16764638805664267,0.18316501214256312,-0.23858032075864383,0.23822620754038148,-0.24156589943065174,0.24404034099230612,-0.2445739388740837,-0.03501867356451428,0.047360023566762714,-0.11624337487033147,0.1262037278061832,-0.1844246643328482,0.18517503190960066,-0.20451527612836837,0.1932691048411676,-0.15704358571112778,0.13770265596116463,0.01409363707817757,-0.06972914887333387,0.08182296003917287,-0.1475787044528805,0.14898796911062093,-0.15254737590396397,0.14725938744860986,-0.13521427258471344,0.12889821054294492,-0.13089107300717231,0.005967016714818794,0.058627300641809585,-0.06161220066505862,0.037600692662921785,-0.04193671852552039,0.03297009540030898,-0.04134221444768818,0.03655312477924278,-0.04053827959324129,0.031454386574179094
-0.07158908928886996,-0.14290579149752913,0.14431462929075412,-0.12170854376729834,0.12052989622441891,-0.12053847021244113,0.12167024871491447,-0.12056975087055874,0.1216548491876798,-0.11855829354087677,0.013035997846900649,0.1903474030151792,-0.16165169187600903,0.14574853760810713,-0.09139807307636699,0.07729142964653969,-0.05691657602923024,0.05474077049906836,-0.054074405615043244,0.053200386210306004,0.24999999999999975,-0.2138925157388248,0.18953054501465327,-0.12048096597908567,0.11362416556915288,-0.05177611293211667,0.050747382307809195,-0.04701865086398761,0.04964443865057955,-0.04985006043368532,-0.2120181819637122,0.19321822568646818,-0.17053012067649953,0.16078079412142127,-0.08637085099885884,0.07760120745367256,-0.017008215020272166,0.010719060219127474,0.021289131051159108,-0.031681155805114034,0.14111117389197725,-0.16067548912247026,0.147005325328002,-0.08117701543191569,0.06169959760725276,-0.009501169629929843,-0.0022296097126876958,0.03842994006028614,-0.034345813764153736,0.032847173214681946,-0.1342151579061536,-0.030552895437527237,0.020347622238836818,-0.11037623081143036,0.10420202417836202,-0.11731428291084109,0.1092871979676964,-0.11455911334128109,0.11068583454220735,-0.11844839014241883
0.041290489130220646,0.1320287149658021,-0.13485468031124764,0.0926477616881216,-0.09364066592587308,0.09115797956106135,-0.09638853266911482,0.09075555221609975,-0.09470428081636892,0.08687437485915504,0.01593109806258382,-0.21451090420774238,0.18537578788137665,-0.16793583096341136,0.11623897424063898,-0.1019523610942331,0.08352885985471786,-0.08228396067039959,0.08467381402020509,-0.08429558682528884,-0.2138925157388248,0.24999999999999967,-0.21911946172911212,0.15043203215887935,-0.14364600921848042,0.08308324794774151,-0.08082068620409662,0.07831640167845176,-0.08057166528969477,0.08113455414416441,0.1775895848827991,-0.16424497513730812,0.20012942609967194,-0.1902932552987659,0.1168006860278861,-0.10758655388474041,0.04849471169168459,-0.04145930494364608,0.010402339364760238,0.003798572774717981,-0.11689515878424296,0.14564885303690378,-0.13886559102345056,0.11140425182777806,-0.09219159574904315,0.040726668704779846,-0.029043375298902694,-0.00670199397554594,0.008344666136602723,-0.007012056481183977,0.106193492790932,0.007591605134334063,0.0015375114313526058,0.07873318517117782,-0.07259572877581642,0.08562771096950683,-0.07761955114439435,0.08286933552761123,-0.0794613628358219,0.08677013893576993
-0.06289759831080984,-0.1568056026156568,0.1589250358200223,-0.11948121860935215,0.12038810792200103,-0.11802388223798593,0.12293735335917501,-0.11762374733353943,0.12137806496972647,-0.11385274176500697,-0.00041053692167742733,0.21808620120398517,-0.19463074285018414,0.1934049194287245,-0.1394158534320138,0.12465056220588765,-0.10469382281783603,0.1029810076244913,-0.10432878351886007,0.10380601817430687,0.18953054501465327,-0.21911946172911212,0.2499999999999996,-0.17577914072831638,0.16927754656157376,-0.1017257914749884,0.09995559294311991,-0.09670015561618163,0.09981180283142006,-0.09994422649904862,-0.1778991433855472,0.190879078631044,-0.22960904825855954,0.2194742144138913,-0.13851970556863497,0.1280806377020294,-0.05980523864083074,0.051094352138041796,-0.012044603169495271,-0.005134336001671234,0.14282925469533161,-0.1695369833722118,0.16183198698002216,-0.12949632114871876,0.10712035799425032,-0.04708681504536078,0.03300087798018744,0.009814480933951309,-0.010947001595262464,0.009143255081975906,-0.13271633293970922,-0.01693395895973205,0.005783118719082853,-0.10371080461046428,0.09610232587252844,-0.11222718577020983,0.10204473245964925,-0.10864436082013175,0.10414099161815712,-0.11371085899617363
0.011558338135563504,0.09099834562013245,-0.09534540876410141,0.04617920332204742,-0.052759897905026186,0.045608178200816925,-0.054094889245345536,0.043987566086027545,-0.05058414526838367,0.03964269840623124,0.018893495572230936,-0.15203378449606655,0.18582595496063073,-0.20216848529587306,0.1835932814934278,-0.17616591702589596,0.16371606072810735,-0.16353829336707007,0.16719502021286706,-0.16764638805664267,-0.12048096597908567,0.15043203215887935,-0.17577914072831638,0.24999999999999922,-0.23392835303304577,0.16669828149940996,-0.1621123407435386,0.1617069349000208,-0.16421597353027514,0.16456326099182172,0.10656182351061098,-0.11851458264519824,0.18177132382692796,-0.18617672657700882,0.203843699275432,-0.193236421497223,0.1264650314410255,-0.1164940496651772,0.08080567255804044,-0.06256001730783514,-0.07988669397900937,0.12503540974286526,-0.12916104104270462,0.15515309758126342,-0.1445887861421492,0.11510238914404444,-0.10131633416473304,0.059900728289419836,-0.05500391346247969,0.05679880573798171,0.06323127871263447,-0.02522544913294193,0.03265945497467059,0.030737541105585943,-0.024345415815834406,0.038086630677018334,-0.028308844685665146,0.03465571188867254,-0.03070211543535335,0.03952265431187019
-0.007135075497370048,-0.08461328547032083,0.08894325963812136,-0.03984755137704562,0.046957317937076276,-0.03938752161042554,0.04852988459070831,-0.037722785962354656,0.044675916469304695,-0.03331453720150308,-0.021133577069360837,0.14537366194558754,-0.17911290270401045,0.19565932820711154,-0.19084681939438794,0.18713313616079294,-0.17800302416574743,0.17845191887951123,-0.18245884121667755,0.18316501214256312,0.11362416556915288,-0.14364600921848042,0.16927754656157376,-0.23392835303304577,0.2499999999999995,-0.18226770399020326,0.17731779967067252,-0.17721971703712266,0.17983795146653012,-0.18012699804520094,-0.09982945232825288,0.11236313673454548,-0.17842126569970895,0.18528040344947277,-0.21903009875695983,0.20822249571380447,-0.14034739333953758,0.12975224940809574,-0.09258705925122167,0.07351268041132407,0.07508197360689994,-0.12279011038983198,0.12856467214815437,-0.16246617659351406,0.1533526001382643,-0.12755777897910264,0.11333250557959156,-0.07072800451019319,0.0654503060983771,-0.06734601054433223,-0.057506851524415335,0.029924737094686835,-0.03716762787840129,-0.024200579985835757,0.017709505077116855,-0.031687767358306404,0.021507501118992804,-0.02810154236594071,0.023987297460496063,-0.0331905822015923
-0.040396190279664845,0.017196818041238855,-0.021588558674199298,-0.027865404739681666,0.018088558814530763,-0.027782164241874754,0.014499257658974318,-0.029619472566065355,0.02054212806204971,-0.03440374763409894,0.04527777437431831,-0.0808570649091632,0.11379731856789303,-0.12829225879093661,0.19217651287575804,-0.20612584812780907,0.22522828795319794,-0.22973344118912367,0.23672830490856564,-0.23858032075864383,-0.05177611293211667,0.08308324794774151,-0.1017257914749884,0.16669828149940996,-0.18226770399020326,0.2499999999999995,-0.2396598470038104,0.24017332428202345,-0.23892809888472405,0.2371385127301693,0.032794752693350936,-0.04486172232215886,0.11426291074992609,-0.12401353715405386,0.18217570692188567,-0.18294578437468104,0.20382291925701895,-0.19174656696314188,0.15594535727089293,-0.13673817322763174,-0.011388466060767736,0.067501595287649,-0.07966797737215807,0.14595920752275485,-0.14744754538341193,0.1512866638884943,-0.14618882334728445,0.13463430430597292,-0.12814092047829725,0.13003504559124862,-0.008830791317312748,-0.0598442603073717,0.06261988507598475,-0.04042416847022928,0.04458984111877404,-0.035974635299767944,0.04404827179928173,-0.039429761194207845,0.043240990500120584,-0.034512113875743974
0.03694860906704915,-0.01892244909726695,0.023117584849761334,0.02424707149270871,-0.014823417560864586,0.024156432095478027,-0.011049190360213543,0.02590250949333405,-0.017051848641225716,0.03051940422329097,-0.042538761621060184,0.07947921482700399,-0.11116999116319283,0.12550056107719842,-0.18798770552466407,0.20171087814132546,-0.2246975121556533,0.22939150314930862,-0.23624064569040507,0.23822620754038148,0.050747382307809195,-0.08082068620409662,0.09995559294311991,-0.1621123407435386,0.17731779967067252,-0.2396598470038104,0.24999999999999958,-0.24098887309092082,0.23936771430289105,-0.23709242392911817,-0.03294659526141561,0.04541286503749177,-0.11190734169487593,0.1215578918102388,-0.1787443837818771,0.18005086108155435,-0.20393150004998992,0.192133373371133,-0.1557992546176895,0.13661726256093415,0.013424900554633207,-0.06736782129290379,0.0792633121710846,-0.1438699198044452,0.14544706667691104,-0.1495473352832347,0.14467522143275327,-0.13400086076881404,0.12793537954608808,-0.12992089977484755,0.006016017844366776,0.05703646361435524,-0.05993062311750702,0.036653637721554354,-0.040902573961868985,0.032143834141149866,-0.04040559567379401,0.03571275545084963,-0.039701661663897735,0.030634245205174725
-0.04384016811957168,0.012185110587598713,-0.016581261653226837,-0.03289097820440392,0.023094370709766127,-0.032803752968770576,0.01905751450884597,-0.03461374348703094,0.025362336151457165,-0.03942765532298821,0.046987947973932465,-0.07600216825002468,0.10891671779953571,-0.12326710456881296,0.18765903646638873,-0.2018043958524622,0.22730885990029584,-0.23227899098459504,0.23944248828207298,-0.24156589943065174,-0.04701865086398761,0.07831640167845176,-0.09670015561618163,0.1617069349000208,-0.17721971703712266,0.24017332428202345,-0.24098887309092082,0.24999999999999958,-0.2437522118518786,0.24100783280691462,0.027781119561947155,-0.03984062156782613,0.10938430655340843,-0.11943655332750092,0.18033140064131362,-0.18193949628891268,0.2094705121514821,-0.1970744772752507,0.16100747002710927,-0.14163813096108524,-0.006676826106306193,0.06344186691937344,-0.0761110300972527,0.14492094294661964,-0.14727118035072395,0.15350997976507502,-0.1490325805219725,0.13960438757506147,-0.13300752718252912,0.13489847635499932,-0.013750689518457303,-0.062090964701370044,0.06453971958703897,-0.045236096138842816,0.0492374494753497,-0.04099878386479454,0.048942887349249405,-0.04445130022813081,0.048248940292673945,-0.039536254777033784
0.039184013599479844,-0.017188294893287253,0.021484209394359143,0.0268965614776714,-0.017242539867112588,0.02679722825456175,-0.013280054705735938,0.02857895747064809,-0.019485904018722182,0.03329949137846123,-0.04408568655771887,0.07902477387699089,-0.11175974439415488,0.1264447943819538,-0.1904768043365271,0.20458778612337614,-0.22993372374924573,0.23488333595735264,-0.2419373098039225,0.24404034099230612,0.04964443865057955,-0.08057166528969477,0.09981180283142006,-0.16421597353027514,0.17983795146653012,-0.23892809888472405,0.23936771430289105,-0.2437522118518786,0.24999999999999944,-0.24357866432000336,-0.03144858390097363,0.04388588274293925,-0.11227508605334117,0.1223597162883074,-0.18215230738825142,0.1834435188207231,-0.2067422775818104,0.19547222390313873,-0.15920377048933798,0.1398785022395499,0.011603216262833914,-0.06679791528734609,0.0791445345966316,-0.14608650568567771,0.14798835117842274,-0.15291701417565343,0.1480261155640091,-0.13733923468776274,0.1310552503835363,-0.13305669496827954,0.00828937487497334,0.05906518436460712,-0.061869981455774374,0.03944036807631931,-0.04368503958082262,0.03493228129274578,-0.04323665846452394,0.03852109813538846,-0.0425148602727004,0.03341370320194728
-0.04142824790430667,0.015521389982787799,-0.019902608686547158,-0.0294736484784682,0.019692082086922805,-0.029386659403337137,0.015660112980657503,-0.031194115282962436,0.021955899971378628,-0.03600410663153345,0.045781941421450534,-0.07899577361861086,0.11188407889287964,-0.12644367742914048,0.19073609567381739,-0.20486929036352966,0.23033099313257843,-0.23530720369688796,0.24245347183270582,-0.2445739388740837,-0.04985006043368532,0.08113455414416441,-0.09994422649904862,0.16456326099182172,-0.18012699804520094,0.2371385127301693,-0.23709242392911817,0.24100783280691462,-0.24357866432000336,0.24999999999999964,0.03108848410644797,-0.04314943449233759,0.11258829725587988,-0.12261715751849883,0.18201016747798454,-0.18291245190879185,0.20407003165921797,-0.19273479382338926,0.15664170789999593,-0.13729724574225766,-0.009825370073221996,0.06605685838445759,-0.07837300711470863,0.14539493182508897,-0.1471088204272524,0.15158874038377482,-0.14658798330986042,0.1353330424162819,-0.1287558213535814,0.13061568618168415,-0.010433030719381814,-0.06046852095210011,0.06313332413200315,-0.041932832011137004,0.046029739713728465,-0.03755782034385817,0.0455466556037355,-0.040980369648599475,0.04474524669910669,-0.03610866550365717
0.1008450208264524,0.15958959389849475,-0.1596396940787834,0.1528180854589564,-0.14980784062235813,0.15189335322080613,-0.14970053692454188,0.1522773839535428,-0.15107990169563645,0.15173564990514465,-0.03789357658356777,-0.17555978939500042,0.1482360761121662,-0.13879177579996435,0.08013842855148123,-0.06570905195433589,0.04295131910169372,-0.03980349340281965,0.03630933470539542,-0.03501867356451428,-0.2120181819637122,0.1775895848827991,-0.1778991433855472,0.10656182351061098,-0.09982945232825288,0.032794752693350936,-0.03294659526141561,0.027781119561947155,-0.03144858390097363,0.03108848410644797,0.24999999999999944,-0.22624520700284595,0.15892904880935904,-0.14922192523283198,0.07027758736661276,-0.06127665127925068,-0.004749141389186487,0.01088826372342005,-0.04594036066670768,0.054257862578057585,-0.16904307774716335,0.18174531666483318,-0.16229947998997293,0.06428996313350722,-0.04337310323572573,-0.012733853354387684,0.025361621566135917,-0.06451081247668682,0.0558335352773242,-0.05406399806840461,0.16495879790319506,0.050857665438980286,-0.03911531639893086,0.14286966561464975,-0.13618283313968596,0.15038103475086198,-0.14166096943526413,0.14738180467732181,-0.14281986004129876,0.15161061716841864
-0.11666556514499445,-0.1752365808720774,0.17467068088608906,-0.17146218561993767,0.16816108676100866,-0.17058162915099107,0.16787030163223218,-0.17102506359295036,0.1694713473493063,-0.17070743290247828,0.050073730813639195,0.17630645710402446,-0.15121370629381387,0.15135794277945147,-0.09264427526745175,0.07834577146832895,-0.05539408440356955,0.05227229896996158,-0.04867278757613752,0.047360023566762714,0.19321822568646818,-0.16424497513730812,0.190879078631044,-0.11851458264519824,0.11236313673454548,-0.04486172232215886,0.04541286503749177,-0.03984062156782613,0.04388588274293925,-0.04314943449233759,-0.22624520700284595,0.2499999999999996,-0.17318408480065905,0.16357644865906085,-0.08166072187309495,0.07228860954039747,-0.0029457908516886803,-0.004327808836016228,0.04481496647645275,-0.054330976824165544,0.18953475483907184,-0.2032760282167248,0.18192463817127966,-0.07367768137266859,0.051027074753032066,0.009771602474733911,-0.02373615064027111,0.06667407170074542,-0.056497148454864726,0.05433535891163584,-0.18500294788767366,-0.057252115089401534,0.04405719350003305,-0.1605477475165024,0.15291473527094412,-0.1690845302455158,0.15890316849481434,-0.16550411446889043,0.1600833181338527,-0.17055467824245213
