x1,x2,x3,x4,x5,x6,x7,x8,x9,x10,x11,x12,x13,x14,x15,x16,x17,x18,x19,x20,x21,x22,x23,x24,x25,x26,x27,x28,x29,x30,x31,x32,x33,x34,x35,x36,x37,x38,x39,x40,x41,x42,x43,x44,x45,x46,x47,x48,x49,x50,x51,x52,x53,x54,x55,x56,x57,x58,x59,x60
0.25,0.24971755909417165,0.2490141899762645,0.2497217782163556,0.24855332077203282,0.24975000345592585,0.24916663365180974,0.24966849362242766,0.24719815585732566,0.24972278385722868,0.24967942747585412,0.2221390924679836,0.24463184814560127,0.1689127942323859,0.23388978947893876,0.14619616095565108,0.22977387209320405,0.19179680799933524,0.2384839213190584,0.24879990626663517,0.24784519398088156,0.2474303721194178,0.23256851809562026,0.24337349513039291,0.21915053376168925,0.24040897229816036,0.2260423176491522,0.24449365573415896,0.2408459226613126,0.24808765431303983,0.24893293213811754,0.24679569695171882,0.23162652813587664,0.2431570778963326,0.22125794035351773,0.23900661177485394,0.2340562214339972,0.23956412296119892,0.2428930160562851,0.24818458641866906,0.24959401815218354,0.221572121240409,0.24500797293519347,0.16728732033561608,0.238263721582894,0.1550420361077559,0.2313257815338528,0.18780662741925652,0.240678344462883,0.2492199000287762,0.24969609907071838,0.2495867381047355,0.24863347118013865,0.24974890040144812,0.24914151816525548,0.2497194046423875,0.24923217962054361,0.24970253782139729,0.24838756160327607,0.24973474779099275
0.24971755909417165,0.25000000000000006,0.24919619489836858,0.24990394088175089,0.2487346293358864,0.24993218669161893,0.24934839161586203,0.24985061737868688,0.2473784769105418,0.2499049471461045,0.24986155898834148,0.22230110730849864,0.2448103017813417,0.1690360310846794,0.23406041886484524,0.1463028341462199,0.2299414916641399,0.191936725983616,0.23865788442242683,0.2489813963470006,0.2480259875968769,0.24761086475862965,0.23273817307948963,0.2435510309761852,0.21931040053514317,0.240584346050633,0.226207207039735,0.24467200644953113,0.24102161071715078,0.24826862482704992,0.24911451926472397,0.24697572508376178,0.2317954898199256,0.24333445177876006,0.22141933835179964,0.23918095780120502,0.23422695643458868,0.23973887576642838,0.24307019713401695,0.24836562764822673,0.24977608751046465,0.22173374970225668,0.2451866969391463,0.1674093505377487,0.23843752587265182,0.15515513368137984,0.2314945248334512,0.187943625271098,0.24085391015794744,0.24940169648310115,0.2498782428939038,0.24976880215324565,0.24881483985073183,0.24993108274120018,0.24932325744147124,0.24990156546610343,0.24941398503220039,0.24988468634140792,0.2485687508956057,0.24991691980695308
0.2490141899762645,0.24919619489836858,0.2500000000000001,0.2492005967004429,0.24804542472341906,0.24922897293648358,0.24864614220054743,0.24914733163331113,0.24667907099989908,0.2492015942301733,0.24915864513827798,0.2216826893708585,0.2441479223089748,0.16840376970903045,0.23337509790557787,0.14585181204977388,0.229303714912278,0.1913893880925775,0.23798419861777936,0.24828041570877843,0.2473276899318198,0.24690962861718724,0.23206312231345483,0.2428488877455048,0.21867611087403446,0.23990202565625973,0.22556500755323117,0.24398132258463737,0.24034291850815825,0.24756989308365973,0.2484133786629043,0.2462804823767115,0.23114672337125283,0.24264935140918245,0.22079716589397178,0.23850742065483868,0.23356788646552476,0.23906385445369324,0.2423860388048042,0.24766661177492094,0.24907310649850806,0.22110979660667968,0.2444965305793765,0.1669378778156567,0.23776619564146217,0.15471758496581883,0.23084250415099417,0.18741372217574076,0.24017598172728058,0.2486997683982846,0.24917497638636193,0.2490658436596598,0.24811455264859764,0.24922766751922165,0.24862154912907278,0.24919823331870777,0.24871200355209427,0.24918140169949293,0.2478691638821031,0.24921354444566735
0.2497217782163556,0.24990394088175089,0.2492005967004429,0.2500000000000001,0.24873910560279167,0.24993668177257686,0.2493528763805457,0.24985511095219282,0.24738292725210448,0.24990944178278512,0.24986605308183102,0.22230514833749346,0.2448147016144358,0.1690390513320923,0.2340646098720007,0.14630542410274727,0.22994561638863897,0.1919401642312733,0.23866217950913549,0.24898587437473307,0.24803044851189793,0.24761531700174294,0.23274235249845054,0.24355540798100841,0.21931433792620278,0.2405886670267412,0.2262112748435801,0.24467640447246383,0.24102594534245514,0.24827309004648976,0.2491189996727853,0.2469801669704623,0.23179966061578472,0.24333882818477748,0.2214233227833996,0.23918525985457262,0.234231169397411,0.23974318774270031,0.24307456910186923,0.2483700946013819,0.24978057983006285,0.2217377376395629,0.24519110671702674,0.16741236070020765,0.2384418143012069,0.1551579237307171,0.23149868841254342,0.18794700539020867,0.24085824202698286,0.2494061820682027,0.24988273705003858,0.24977329434105078,0.24881931488862322,0.24993557784767909,0.2493277416174519,0.24990606004170252,0.24941847083769694,0.24988918061342924,0.24857322150287364,0.24992141465870604
0.24855332077203282,0.2487346293358864,0.24804542472341906,0.24873910560279167,0.2500000000000002,0.24876796733528442,0.24818561129263084,0.24868598627183083,0.2462268671811688,0.24874010084158724,0.24869702524002915,0.2211827254425885,0.24365755958179838,0.1679518952089125,0.23292291939182821,0.1453273832098936,0.22881611440184083,0.1909969467261987,0.23754635045787634,0.24782042210083916,0.24687028648409332,0.24644944804665175,0.23161389864875007,0.24238882098332523,0.21822222677203296,0.23942689347053808,0.22512337462923748,0.2435172089399383,0.23989634925881767,0.2471114218454931,0.24795314852350986,0.24582390835815782,0.2307294371130427,0.24219987921811237,0.22040090916481228,0.2380659648726588,0.23313815664077886,0.23862145350444544,0.2419381596032741,0.24720794389251505,0.2486118479496964,0.22070104402045745,0.2440435805100583,0.16662803831549336,0.23732551541653948,0.1544288956440417,0.2304141608558093,0.18706510404194565,0.23973114820796454,0.2482392041938018,0.24871353059248175,0.24860459997258527,0.2476550816806948,0.24876612414556848,0.24816113006852322,0.24873674445223246,0.2482513913196401,0.24871994400401984,0.24741013111636362,0.24875202722657605
0.24975000345592585,0.24993218669161893,0.24922897293648358,0.24993668177257686,0.24876796733528442,0.2500000000000002,0.24938108340562612,0.2498833515405879,0.24741087306234794,0.24993768837863936,0.24989429439798586,0.22233040450527072,0.24484244680546316,0.16905881701652406,0.23409176068623888,0.14632274520634303,0.22997180921867494,0.19196193484775176,0.23868913318558524,0.2490140159144978,0.24805848040162917,0.24764334998095236,0.23276875267196462,0.24358313661382142,0.2193392741130425,0.2406160164452924,0.22623686631434797,0.24470410777153878,0.241053184699306,0.24830115148348983,0.2491471571155616,0.24700808375871508,0.23182584425196615,0.24336633093130852,0.2214483194923184,0.23921228831241573,0.23425764271169003,0.23977028207633574,0.24310204051629933,0.24839816708083218,0.2498088118078147,0.22176279825599,0.24521881940577095,0.16743128516946193,0.23846876264993871,0.15517546687688555,0.23152485150111485,0.18796824863101225,0.24088546488476317,0.2494343717658473,0.24991098060316103,0.2498015255240804,0.2488474380541312,0.24996382737326545,0.2493559223946091,0.24993430623097485,0.24944666190053527,0.24991742489487084,0.24860131697230772,0.24994966258346865
0.24916663365180974,0.24934839161586203,0.24864614220054743,0.2493528763805457,0.24818561129263084,0.24938108340562612,0.24999999999999997,0.2492995485418151,0.24683844256158377,0.24935387712060733,0.2493113998379359,0.22176404991127818,0.2443270086963371,0.16860629251035594,0.23360562090187206,0.1458180005893054,0.2295225018334869,0.19141279580456516,0.2381328412063788,0.24843211822433423,0.24747882060555046,0.2470630623461976,0.2322219811659524,0.2430220127851126,0.21880277831121991,0.24003655085187126,0.22568776482136352,0.24412315790461314,0.2404863883350311,0.24772114625493072,0.24856507795476643,0.24643075203266268,0.23128529850660867,0.24279719994225893,0.22093462320070228,0.23865301173478543,0.2337128526711975,0.2392101666109244,0.24253484022106547,0.24781792701637134,0.24922529836342175,0.2212448189895334,0.24464571927719192,0.16703922830416063,0.2379112109642231,0.15481280078587975,0.2309832120717276,0.18752885571427733,0.24032270269919803,0.2488517468488204,0.24932723297000875,0.24921803354642483,0.24826617081632266,0.24937995630026938,0.24877346935411973,0.2493505041121526,0.24886399839824383,0.24933366220880598,0.2480206209376169,0.249365824597515
0.24966849362242766,0.24985061737868688,0.24914733163331113,0.24985511095219282,0.24868598627183083,0.2498833515405879,0.2492995485418151,0.25000000000000017,0.24733005588528634,0.2498561174240204,0.2498127317181304,0.222257301076729,0.24476260175721282,0.1690026831165724,0.2340138664840924,0.14627462215509274,0.22989683203373343,0.19190001414446378,0.23861127180932526,0.24893274255966324,0.24797751586507027,0.2475624542484966,0.23269264547397275,0.24350320740918963,0.21926754532433151,0.240537483058447,0.22616300185386778,0.24462428076253653,0.24097452700539362,0.2482201144705506,0.24906584468371698,0.24692746853693964,0.23175016782366675,0.24328690020718927,0.22137597960693636,0.23913420366312824,0.23418117210420172,0.239692017685438,0.24302268983057665,0.24831709836327967,0.2497272827683752,0.22169042188386348,0.24513878671364392,0.16737665021943143,0.23839092967184644,0.15512482037358913,0.23144928120614033,0.187906889935695,0.24080684684393341,0.24935296492696352,0.24982941827053148,0.24971999891372196,0.24876622236979032,0.2498822477932891,0.24927454109576808,0.24985273628569502,0.2493652507601434,0.24983586045908196,0.248520181927533,0.24986808762639312
0.24719815585732566,0.2473784769105418,0.24667907099989908,0.24738292725210448,0.2462268671811688,0.24741087306234794,0.24683844256158377,0.24733005588528634,0.2500000000000002,0.2473838974735851,0.247340741789891,0.22004147948896852,0.24234891734384398,0.1671376190037629,0.2316323880055949,0.14495221596102828,0.22757163302103794,0.19000388858297873,0.23615212234183816,0.24646933729968223,0.24552453430235935,0.2451037857484055,0.23034563411020395,0.24105534114719535,0.21707601593112316,0.23815776756130944,0.22392132512394777,0.24219957982880636,0.2385925432403268,0.24576407731265504,0.24660129114215923,0.2444842598878577,0.22946411999793298,0.2408819343797992,0.21919603054967773,0.23676977815530736,0.23186454575150917,0.23732147777485998,0.2406182774166944,0.24586016346272616,0.24725637160939581,0.21949896947008482,0.24271383329014062,0.1657265510177313,0.23603318812182736,0.15359036663925207,0.22916017331886848,0.18604869039600075,0.23842438985184639,0.24688574578360223,0.24735748584240388,0.2472491491481395,0.2463048703789915,0.24740979264327492,0.2468081180239147,0.24738057313662995,0.246897938546777,0.24736386428699217,0.24606121487566704,0.24739577258342219
0.24972278385722868,0.2499049471461045,0.2492015942301733,0.24990944178278512,0.24874010084158724,0.24993768837863936,0.24935387712060733,0.2498561174240204,0.2473838974735851,0.25000000000000006,0.24986705828660316,0.22230600360515845,0.2448157420610632,0.16903977762627773,0.23406554174662728,0.14630633222608913,0.22994666810770667,0.1919411342321568,0.23866313821137042,0.2489868761711302,0.24803144507958197,0.24761631351893215,0.23274329091029428,0.2435563706128429,0.21931525839377275,0.24058971076123647,0.22621219547643132,0.2446774209378691,0.24102691804255427,0.24827408998412706,0.2491200033636329,0.24698116236270257,0.23180058378065527,0.24333980691201842,0.2214241862698401,0.23918621778575097,0.23423210839828404,0.23974414957924683,0.24307554472493526,0.2483710949508376,0.24978158590251825,0.2217386297724691,0.24519209375718592,0.16741303765896393,0.23844277285272644,0.1551585506978391,0.23149961807479963,0.18794775981998593,0.24085921161545834,0.24940718664480682,0.24988374355676565,0.24977430040689674,0.2488203169302564,0.24993658456725448,0.24932874584336245,0.24990706664238668,0.2494194753915341,0.2498901871461271,0.24857422267436974,0.24992242132123438
0.24967942747585412,0.24986155898834148,0.24915864513827798,0.24986605308183102,0.24869702524002915,0.24989429439798586,0.2493113998379359,0.2498127317181304,0.247340741789891,0.24986705828660316,0.2500000000000001,0.22226125464524474,0.24477201018783354,0.16900289355056497,0.23402408017243026,0.1462775406966265,0.22990775330428795,0.19190635070984527,0.2386212621389973,0.24894363900084218,0.2479883728515062,0.24757288322495039,0.23270128715395158,0.24351277840220872,0.2192761166061384,0.24054768406829563,0.22617265537163517,0.2446347238472052,0.2409850577050947,0.24823098558823117,0.24907674985239436,0.2469382697305661,0.23176052598128094,0.24329754918652366,0.22138586138108401,0.23914468247769471,0.23419144051921612,0.23970251609874108,0.24303334470594012,0.2483279730373854,0.24973821928746856,0.221700131751367,0.24514951685514838,0.16738392018835577,0.23840136336956197,0.15513154775962465,0.2314594059189999,0.18791508402734963,0.24081739217346818,0.2493638850015027,0.24984035927442405,0.2497309351259394,0.24877711694385465,0.24989319111074154,0.24928545778887362,0.2498636783107067,0.24937617071901744,0.24984680174503482,0.24853106560747532,0.24987903032371303
0.2221390924679836,0.22230110730849864,0.2216826893708585,0.22230514833749346,0.2211827254425885,0.22233040450527072,0.22176404991127818,0.222257301076729,0.22004147948896852,0.22230600360515845,0.22226125464524474,0.2500000000000003,0.21721100967874415,0.14450289837029218,0.2073822927584086,0.1282923229031074,0.204912036914782,0.17049515343809743,0.21268286696672598,0.22147752206626115,0.22063045835835104,0.22014392942319153,0.20602641470831998,0.21604858473096605,0.19424433235713243,0.21381831394215448,0.20096534468412414,0.21755518655334752,0.21438584969826088,0.22085080898706233,0.2216014086230429,0.21969018970207835,0.20638175722925087,0.21644683130306902,0.19706923452920744,0.21275396248185663,0.20837087673165675,0.21325214057478686,0.2162311079426176,0.22093625666979563,0.22219127413315332,0.19724113695276108,0.2181015428824101,0.1488589050794557,0.21209090672626452,0.13796702097372987,0.20590618120640705,0.16714517899320996,0.21425164528702878,0.22185828487855933,0.22228225721346628,0.22218490283941364,0.22133577165179877,0.22232926153641872,0.22178838299880077,0.22230300407061618,0.22186837621433325,0.22228798905001734,0.2211171670836633,0.22231666272740358
0.24463184814560127,0.2448103017813417,0.2441479223089748,0.2448147016144358,0.24365755958179838,0.24484244680546316,0.2443270086963371,0.24476260175721282,0.24234891734384398,0.2448157420610632,0.24477201018783354,0.21721100967874415,0.25000000000000017,0.16400781925732602,0.23054967559801148,0.14410144311675557,0.22572562338935928,0.1882998231749032,0.2338406658909548,0.2439071721406913,0.24297029853407048,0.24265313721590104,0.2279373549117678,0.2389395518670954,0.21478984045794053,0.23593555026791455,0.22151886429649423,0.23975994950428223,0.23610699158163884,0.24321222774875556,0.24404063749328925,0.24194554408207816,0.22712869838463934,0.23837597987252146,0.21690201939704248,0.23429293694967115,0.22946123997649806,0.23484622546486614,0.23811511762152293,0.24330733308350333,0.24468936583029072,0.21721900157098983,0.2401906699887281,0.16400661772658157,0.23357286888365686,0.15199456688087057,0.22676625113737123,0.18410300274690425,0.23594665547617386,0.2443227054834311,0.24478953378222437,0.244682321557909,0.2437472509305841,0.24484129759428,0.24424570526870604,0.24481238142799122,0.24433445041761603,0.24479584605805288,0.24350646235827514,0.24482742309169048
0.1689127942323859,0.1690360310846794,0.16840376970903045,0.1690390513320923,0.1679518952089125,0.16905881701652406,0.16860629251035594,0.1690026831165724,0.1671376190037629,0.16903977762627773,0.16900289355056497,0.14450289837029218,0.16400781925732602,0.2500000000000005,0.15318949750962782,0.08282917640881646,0.15830746769527923,0.1305301206371048,0.16098304355589962,0.1683806941882853,0.16776203960240696,0.1675671712222392,0.15350829667835536,0.162792048094439,0.1435613501495529,0.16122009801387108,0.15102537881194364,0.16507064284399925,0.16295708682076615,0.1679328981265227,0.16849083858470124,0.16701044593678252,0.15806580072431303,0.1645457412274731,0.15073369110693852,0.16171159170991206,0.15857307690026923,0.16213091375706593,0.1644638902352431,0.16799587841503388,0.16895186403747484,0.14999553318226475,0.1658114280166373,0.1129504110396686,0.1612023825541715,0.10452927674243007,0.15643936558047392,0.12680047566495364,0.16289850250961727,0.1686982834314561,0.16902156891591777,0.16894754203004322,0.1682990207082888,0.16905731052684833,0.16864515616571335,0.16903734453211103,0.16870054779374624,0.16902592731596708,0.16813397663093235,0.16904773049086597
0.23388978947893876,0.23406041886484524,0.23337509790557787,0.2340646098720007,0.23292291939182821,0.23409176068623888,0.23360562090187206,0.2340138664840924,0.2316323880055949,0.23406554174662728,0.23402408017243026,0.2073822927584086,0.23054967559801148,0.15318949750962782,0.2500000000000002,0.13046302929786052,0.21677072495196573,0.17834820140686541,0.22327264080361045,0.23318358094214447,0.2323052360183676,0.23185181824398624,0.21741286670315219,0.22807721826286195,0.20426477857326428,0.22513849789608856,0.21111785298762312,0.22895915457703309,0.22563895435435666,0.23253211316559316,0.23331983266767595,0.2313099880573609,0.21744178571795594,0.22789028609189035,0.20764996965616142,0.22398966023261263,0.21949552429773314,0.2245337942939491,0.22768293333256012,0.23262268402705813,0.23394462446907688,0.20770226099877723,0.22963696894479313,0.15680509382539054,0.22329792496773027,0.14526034129471424,0.21676936255129942,0.17595438331965185,0.22558194114258814,0.23359415602927613,0.23404052566658498,0.23393802125372393,0.23304362598719933,0.2340900164591293,0.23352046579319066,0.23406236999492075,0.23360425589214334,0.23404656074474087,0.23281335240908135,0.23407675120925736
0.14619616095565108,0.1463028341462199,0.14585181204977388,0.14630542410274727,0.1453273832098936,0.14632274520634303,0.1458180005893054,0.14627462215509274,0.14495221596102828,0.14630633222608913,0.1462775406966265,0.1282923229031074,0.14410144311675557,0.08282917640881646,0.13046302929786052,0.25000000000000033,0.12646785630233728,0.09868954514121785,0.1392276443970255,0.14574386973661588,0.14529220419569294,0.1443456233444735,0.13456216391650916,0.14083272503633573,0.12144679919807128,0.13701437660634744,0.12705918089186355,0.14137404730754097,0.14049596476224127,0.14534482162447182,0.14581761949819189,0.14450180645163904,0.13692819299052864,0.14231345457612918,0.13134334845028442,0.13995455358497155,0.13783212709885773,0.14038360406639006,0.1424967225692079,0.14539998621071928,0.1462295608663445,0.1298256051440367,0.14348092907421772,0.09745812397158354,0.13947138716743324,0.09015111290528671,0.1352565927773453,0.10951016536307516,0.14097252698894192,0.14601077692254555,0.14629038323352428,0.14622631192916516,0.14566425455859164,0.14632131797012193,0.14596446658552178,0.146304036937138,0.14600888512210178,0.1462941553066575,0.14552067471513735,0.14631302635544277
0.22977387209320405,0.2299414916641399,0.229303714912278,0.22994561638863897,0.22881611440184083,0.22997180921867494,0.2295225018334869,0.22989683203373343,0.22757163302103794,0.22994666810770667,0.22990775330428795,0.204912036914782,0.22572562338935928,0.15830746769527923,0.21677072495196573,0.12646785630233728,0.25000000000000044,0.1719817035986779,0.21921328108921065,0.2290733587892435,0.22819361905569088,0.22796817718448112,0.2142770813248192,0.2245141665062855,0.2014451167984037,0.22156201127274636,0.20737623628321133,0.2249664308860551,0.22151033274242832,0.22843882093832266,0.2292155570922972,0.22723654173893879,0.2133055844495776,0.22384375743574508,0.20363080192051536,0.21999985295493807,0.21562502320409338,0.2205585138346699,0.22366136086971128,0.22852818926115448,0.22982754352491055,0.2040131032728203,0.2255814975494794,0.15399991441774089,0.21934708964169786,0.14274596910096896,0.2129389907370322,0.17288106257199973,0.2216089830830538,0.22948377177849572,0.22992197809515488,0.22982127678008446,0.22894163409234575,0.22997059806338227,0.22941074107516568,0.2299434380911536,0.22949377432704945,0.22992790706796362,0.22871618341524733,0.22995756627362218
0.19179680799933524,0.191936725983616,0.1913893880925775,0.1919401642312733,0.1909969467261987,0.19196193484775176,0.19141279580456516,0.19190001414446378,0.19000388858297873,0.1919411342321568,0.19190635070984527,0.17049515343809743,0.1882998231749032,0.1305301206371048,0.17834820140686541,0.09868954514121785,0.1719817035986779,0.25000000000000017,0.18072915741405463,0.19120198487780074,0.19047187877717703,0.1901291553151529,0.17852123243431367,0.18685324843547377,0.16726709843279197,0.1833996490798784,0.171011402384066,0.18685737925597998,0.1843495404013247,0.1906819046905263,0.19132468576089293,0.18970814618296292,0.17781585019432733,0.1869160003048923,0.17016302222349317,0.1837748161900765,0.18030236110775788,0.18425054636642507,0.1868175017683677,0.19075916728642187,0.1918422254065236,0.17037710835928674,0.18835098444658024,0.12872627478088322,0.18318021352441172,0.1194005175283663,0.17781241004374557,0.14448907540994582,0.1849872877181869,0.19155547147740343,0.19192043132437756,0.19183637396823378,0.19110641656176744,0.1919610153343068,0.19149551872571832,0.19193834428350035,0.19156773656510434,0.19192538024084196,0.1909143709147973,0.19195013744886544
0.2384839213190584,0.23865788442242683,0.23798419861777936,0.23866217950913549,0.23754635045787634,0.23868913318558524,0.2381328412063788,0.23861127180932526,0.23615212234183816,0.23866313821137042,0.2386212621389973,0.21268286696672598,0.2338406658909548,0.16098304355589962,0.22327264080361045,0.1392276443970255,0.21921328108921065,0.18072915741405463,0.2500000000000002,0.2377440859046428,0.23687738377821546,0.2365298548866926,0.22227657432726358,0.23253251361743835,0.20928343860800508,0.22962200999476728,0.21589027437894165,0.23356725824086644,0.23014659201052048,0.23710025184776373,0.23790768734414156,0.23585894780968777,0.22137119473648553,0.2323744531198466,0.21146873236288374,0.22841083630697456,0.22369982781291808,0.2289467074862588,0.2321362342928667,0.23719272027444033,0.23854000307941248,0.21175256013952276,0.23415111224295687,0.15985198130568223,0.22770246082257942,0.14816029003158535,0.2210695825985195,0.17947783133634693,0.23001807750231046,0.23818260008315367,0.23863763521068276,0.23853311745664513,0.23762184112456639,0.23868809810092806,0.23810750648111176,0.2386599086247473,0.23819408385195562,0.23864378880368387,0.23738698756223117,0.23867457228303543
0.24879990626663517,0.2489813963470006,0.24828041570877843,0.24898587437473307,0.24782042210083916,0.2490140159144978,0.24843211822433423,0.24893274255966324,0.24646933729968223,0.2489868761711302,0.24894363900084218,0.22147752206626115,0.2439071721406913,0.1683806941882853,0.23318358094214447,0.14574386973661588,0.2290733587892435,0.19120198487780074,0.2377440859046428,0.25000000000000017,0.2471155735271713,0.2466987965122835,0.2318575563540376,0.24263822978953167,0.21848292655172363,0.23969154713021895,0.22536747014588066,0.243767768292557,0.2401361232957712,0.24735654602529186,0.24819917571629935,0.24606833117804544,0.23095149746717275,0.24244163673159436,0.22061701819222163,0.2383036319005917,0.2333686863271393,0.23885931014205486,0.24217813728501844,0.24745322157384794,0.24885849640857635,0.2209201444733526,0.24428616574039788,0.16679549537027127,0.23756203600021886,0.1545841625166058,0.23064452327866325,0.1872535565659983,0.2399692031483956,0.24848547832012358,0.2489602710245084,0.2488512323444009,0.2479008219938043,0.2490129167538114,0.24840733701720435,0.24898350791424032,0.2484977366254127,0.24896669079783262,0.24765559814397886,0.24899880584944478
0.24784519398088156,0.2480259875968769,0.2473276899318198,0.24803044851189793,0.24687028648409332,0.24805848040162917,0.24747882060555046,0.24797751586507027,0.24552453430235935,0.24803144507958197,0.2479883728515062,0.22063045835835104,0.24297029853407048,0.16776203960240696,0.2323052360183676,0.14529220419569294,0.22819361905569088,0.19047187877717703,0.23687738377821546,0.2471155735271713,0.2500000000000002,0.24574510499544108,0.2309765883151868,0.24172986215288395,0.21764145052752396,0.2387993516574874,0.22451591516789557,0.24284161383108696,0.23921422664001102,0.24640734622680452,0.24724650794151223,0.24512300087686756,0.23006822515180653,0.24151099135680984,0.21978320606950155,0.23738965472036525,0.23247431929913828,0.23794398880967968,0.24125096140803556,0.24650362710627005,0.2479035523070528,0.22006945292898408,0.24334763110778007,0.16614038178175317,0.23664933023604298,0.1539830779231536,0.2297592948977463,0.18653323285730095,0.23904832760702435,0.24753197589619913,0.24800494332001102,0.24789632306455495,0.24694957104859508,0.24805738702962302,0.2474541218513463,0.2480280910361463,0.24754415227397764,0.24801133845168058,0.2467052853279307,0.2480433302726833
0.2474303721194178,0.24761086475862965,0.24690962861718724,0.24761531700174294,0.24644944804665175,0.24764334998095236,0.2470630623461976,0.2475624542484966,0.2451037857484055,0.24761631351893215,0.24757288322495039,0.22014392942319153,0.24265313721590104,0.1675671712222392,0.23185181824398624,0.1443456233444735,0.22796817718448112,0.1901291553151529,0.2365298548866926,0.2466987965122835,0.24574510499544108,0.25000000000000017,0.23045862831756886,0.2415440800248899,0.2171562183733367,0.23856902027456864,0.22404473822258808,0.2426786187055227,0.23879116368276596,0.2459946873106644,0.24683168135498207,0.24471530218129459,0.22980258799730385,0.24110140440221714,0.21948746631138577,0.23698431460886007,0.23213583247564834,0.23754729183702072,0.24085759479017935,0.24609063840108947,0.24748854269093243,0.21970402357339278,0.24294018011202187,0.1658559919489508,0.23624662754543313,0.15372161471359103,0.2293602715823504,0.18620464896920672,0.23864554766900598,0.2471176880747875,0.24758984952909227,0.2474814109193186,0.2465358336813982,0.24764220548573998,0.2470398622112999,0.24761295851274262,0.24712958933174256,0.247596233986851,0.24629208910825356,0.24762817226243553
0.23256851809562026,0.23273817307948963,0.23206312231345483,0.23274235249845054,0.23161389864875007,0.23276875267196462,0.2322219811659524,0.23269264547397275,0.23034563411020395,0.23274329091029428,0.23270128715395158,0.20602641470831998,0.2279373549117678,0.15350829667835536,0.21741286670315219,0.13456216391650916,0.2142770813248192,0.17852123243431367,0.22227657432726358,0.2318575563540376,0.2309765883151868,0.23045862831756886,0.2500000000000002,0.22639345003785488,0.20323342534252792,0.22438682890018644,0.21097664113577164,0.22856137421981193,0.22445286946369283,0.23121667807039367,0.2320038009742525,0.230039014132136,0.2146883861886613,0.22665345709779325,0.20620620995850233,0.2227397214025752,0.2179903383311524,0.22322915396351758,0.22633722159150826,0.23130884158504647,0.23262322203942448,0.2065426193321417,0.2283798714824416,0.15635149957447714,0.22208002592390563,0.14490746569830118,0.21561463717651327,0.17521615140680027,0.22431517612245117,0.23227574906385584,0.2327184102206457,0.23261648314499445,0.23172833666995885,0.2327676217197341,0.23220164526055337,0.2327401313864587,0.23229106483773165,0.2327244114592772,0.23149865314354484,0.23275443145573657
0.24337349513039291,0.2435510309761852,0.2428488877455048,0.24355540798100841,0.24238882098332523,0.24358313661382142,0.2430220127851126,0.24350320740918963,0.24105534114719535,0.2435563706128429,0.24351277840220872,0.21604858473096605,0.2389395518670954,0.162792048094439,0.22807721826286195,0.14083272503633573,0.2245141665062855,0.18685324843547377,0.23253251361743835,0.24263822978953167,0.24172986215288395,0.2415440800248899,0.22639345003785488,0.2500000000000002,0.21296819920475757,0.23473863924916616,0.2203245461710877,0.23886155484590588,0.23488851747443407,0.241960881777306,0.24278341857898358,0.24071107165312297,0.22599853729378652,0.2371412246793956,0.2158091022419419,0.23307260810454508,0.22833270617596924,0.23361739967947073,0.2368999637578563,0.24205404808691688,0.24343038287928212,0.2160671911763483,0.23895101347022027,0.16304651379121807,0.23234736542816972,0.15127949391732384,0.22557050574296905,0.18318740699534375,0.23472632505738997,0.24306663567217338,0.24353034836378373,0.24342368636465136,0.24249254677131285,0.24358184605390115,0.24298895279128208,0.24355307854574398,0.2430788905533876,0.24353662828516018,0.2422534977116824,0.2435680429681483
0.21915053376168925,0.21931040053514317,0.21867611087403446,0.21931433792620278,0.21822222677203296,0.2193392741130425,0.21880277831121991,0.21926754532433151,0.21707601593112316,0.21931525839377275,0.2192761166061384,0.19424433235713243,0.21478984045794053,0.1435613501495529,0.20426477857326428,0.12144679919807128,0.2014451167984037,0.16726709843279197,0.20928343860800508,0.21848292655172363,0.21764145052752396,0.2171562183733367,0.20323342534252792,0.21296819920475757,0.25000000000000006,0.21000170459283735,0.1971592641375108,0.21509384913282611,0.21153720607972681,0.21786889747894198,0.2186118778803868,0.21700309426808845,0.2038910172332733,0.21374978273204298,0.19084108634571728,0.20980952032063374,0.20589999835130604,0.2101959842642184,0.21314215703987308,0.21795956271764758,0.21920129896752025,0.1946043769588428,0.21525287914800936,0.14738289749650088,0.2092143181059065,0.13717345067228232,0.20310816055947287,0.16537936492055785,0.21135147279698022,0.218876935460542,0.21929178032274227,0.21919572845435756,0.21835460773161766,0.2193381533490353,0.2188038387174677,0.21931224905918625,0.21889375370911598,0.21929743620283598,0.218141228857589,0.21932572425219388
0.24040897229816036,0.240584346050633,0.23990202565625973,0.2405886670267412,0.23942689347053808,0.2406160164452924,0.24003655085187126,0.240537483058447,0.23815776756130944,0.24058971076123647,0.24054768406829563,0.21381831394215448,0.23593555026791455,0.16122009801387108,0.22513849789608856,0.13701437660634744,0.22156201127274636,0.1833996490798784,0.22962200999476728,0.23969154713021895,0.2387993516574874,0.23856902027456864,0.22438682890018644,0.23473863924916616,0.21000170459283735,0.25000000000000006,0.21689100009369533,0.2355744951522134,0.23189882033738074,0.2390103941367028,0.23982467638390195,0.23776958300568776,0.2229693688735988,0.23425168800988652,0.2132963658208471,0.2302275581995735,0.2254829374152578,0.23078438904205345,0.23402999511707467,0.2391044588621029,0.24046492576020556,0.21336859601486677,0.23601900777609833,0.16081480329280567,0.22950469183741343,0.14935609859441612,0.22280905813857355,0.18096471122894983,0.23186054302474268,0.24010634505513984,0.240563926068454,0.2404585625906657,0.23953823858246423,0.2406147965115668,0.24002900711953123,0.24058637935653085,0.24011843542628813,0.24057012951633897,0.23930225663757967,0.24060116159061765
0.2260423176491522,0.226207207039735,0.22556500755323117,0.2262112748435801,0.22512337462923748,0.22623686631434797,0.22568776482136352,0.22616300185386778,0.22392132512394777,0.22621219547643132,0.22617265537163517,0.20096534468412414,0.22151886429649423,0.15102537881194364,0.21111785298762312,0.12705918089186355,0.20737623628321133,0.171011402384066,0.21589027437894165,0.22536747014588066,0.22451591516789557,0.22404473822258808,0.21097664113577164,0.2203245461710877,0.1971592641375108,0.21689100009369533,0.24999999999999997,0.22098319037950032,0.21762070378325882,0.22472998563483992,0.22545764269538404,0.22406365803642958,0.21056598189330106,0.22087955738133483,0.2026524079291238,0.2166140361390198,0.21057946406261308,0.2174488976199655,0.22018853450650372,0.22481590441974733,0.22609554914828592,0.20088238960532878,0.2221064094888069,0.1522846842953236,0.2159797442065904,0.14138156990716225,0.20996413366929179,0.17084127889180076,0.218027109314497,0.2257573917189985,0.22618801158969376,0.22608894436975438,0.2252275620584924,0.22623584282332024,0.22568776839469246,0.2262091237877093,0.22578594227755935,0.22619384522533292,0.22499938752664267,0.2262230227011877
0.24449365573415896,0.24467200644953113,0.24398132258463737,0.24467640447246383,0.2435172089399383,0.24470410777153878,0.24412315790461314,0.24462428076253653,0.24219957982880636,0.2446774209378691,0.2446347238472052,0.21755518655334752,0.23975994950428223,0.16507064284399925,0.22895915457703309,0.14137404730754097,0.2249664308860551,0.18685737925597998,0.23356725824086644,0.243767768292557,0.24284161383108696,0.2426786187055227,0.22856137421981193,0.23886155484590588,0.21509384913282611,0.2355744951522134,0.22098319037950032,0.24999999999999997,0.23580978903757369,0.24307118766961822,0.24390331688962696,0.24183817365756777,0.2268609226383372,0.23829115044216975,0.21673501845973986,0.23415706605409392,0.229459005944574,0.23477103006988068,0.23802573838791283,0.24316769519564752,0.24455082719356558,0.21702867835073744,0.24005594764253504,0.16370625993617424,0.23343666727609105,0.1519425460985321,0.22664361622446902,0.18411180965624788,0.23580539617686763,0.24418568631504267,0.24465124369249586,0.24454409036399918,0.24360914922230453,0.24470297851922007,0.24410750852231947,0.24467407856641393,0.24420004924106453,0.24465755261643166,0.24336837341251483,0.2446891119166612
0.2408459226613126,0.24102161071715078,0.24034291850815825,0.24102594534245514,0.23989634925881767,0.241053184699306,0.2404863883350311,0.24097452700539362,0.2385925432403268,0.24102691804255427,0.2409850577050947,0.21438584969826088,0.23610699158163884,0.16295708682076615,0.22563895435435666,0.14049596476224127,0.22151033274242832,0.1843495404013247,0.23014659201052048,0.2401361232957712,0.23921422664001102,0.23879116368276596,0.22445286946369283,0.23488851747443407,0.21153720607972681,0.23189882033738074,0.21762070378325882,0.23580978903757369,0.2500000000000002,0.2393907054349676,0.2402503571355133,0.2384582023869722,0.22397803385902731,0.23519598970030933,0.2139629004541913,0.23080178160040182,0.2263692348118115,0.23146772039070776,0.23421904204408345,0.2395362647833041,0.24090248103887893,0.21409208957887918,0.23664067884691634,0.16199895673254078,0.23001718923421074,0.15024012090004865,0.22359854893162856,0.1821357885128887,0.23230148090047203,0.24054098543932206,0.24100115991900758,0.24089560612458816,0.23997474442416533,0.24105212355787972,0.2404666393051438,0.24102365496285688,0.24056881534095179,0.24100737563264027,0.23973610050000954,0.24103846377150054
0.24808765431303983,0.24826862482704992,0.24756989308365973,0.24827309004648976,0.2471114218454931,0.24830115148348983,0.24772114625493072,0.2482201144705506,0.24576407731265504,0.24827408998412706,0.24823098558823117,0.22085080898706233,0.24321222774875556,0.1679328981265227,0.23253211316559316,0.14534482162447182,0.22843882093832266,0.1906819046905263,0.23710025184776373,0.24735654602529186,0.24640734622680452,0.2459946873106644,0.23121667807039367,0.241960881777306,0.21786889747894198,0.2390103941367028,0.22472998563483992,0.24307118766961822,0.2393907054349676,0.2500000000000003,0.24748897565298164,0.24536250695427775,0.2302773944185186,0.24174445307075645,0.21996448421802395,0.23761708180770974,0.23269330187750648,0.23817226346651146,0.2414823289990288,0.24674480333474547,0.2481460632538678,0.22028417714804943,0.24358504356618277,0.16631148751330438,0.2368801534166534,0.15414319591878436,0.2299829493473675,0.18671731174618253,0.239282048376129,0.2477741486569873,0.24824756009024007,0.24813883351012037,0.24719105167743596,0.24830005511088407,0.24769617104823125,0.24827073046190032,0.24778633802226596,0.24825396148833007,0.2469466310698525,0.2482859846039936
0.24893293213811754,0.24911451926472397,0.2484133786629043,0.2491189996727853,0.24795314852350986,0.2491471571155616,0.24856507795476643,0.24906584468371698,0.24660129114215923,0.2491200033636329,0.24907674985239436,0.2216014086230429,0.24404063749328925,0.16849083858470124,0.23331983266767595,0.14581761949819189,0.2292155570922972,0.19132468576089293,0.23790768734414156,0.24819917571629935,0.24724650794151223,0.24683168135498207,0.2320038009742525,0.24278341857898358,0.2186118778803868,0.23982467638390195,0.22545764269538404,0.24390331688962696,0.2402503571355133,0.24748897565298164,0.2500000000000001,0.24619374080796205,0.23104172746594176,0.24256732434065909,0.22072393250442532,0.23842734620857303,0.23351952649219507,0.23898521554149035,0.24230387175075138,0.2475854385568418,0.24899153058719292,0.22104246063908362,0.24441793154119607,0.1669000582534108,0.23768673876604113,0.1546854706231811,0.23076515890477423,0.18735566863901995,0.24009707712482647,0.24861830638379262,0.24909338274152162,0.24898428574538656,0.24803319109994348,0.24914605662658154,0.24854013407238795,0.24911663206580706,0.24863055490613617,0.24909980596157302,0.24778793478380678,0.24913193817754908
0.24679569695171882,0.24697572508376178,0.2462804823767115,0.2469801669704623,0.24582390835815782,0.24700808375871508,0.24643075203266268,0.24692746853693964,0.2444842598878577,0.24698116236270257,0.2469382697305661,0.21969018970207835,0.24194554408207816,0.16701044593678252,0.2313099880573609,0.14450180645163904,0.22723654173893879,0.18970814618296292,0.23585894780968777,0.24606833117804544,0.24512300087686756,0.24471530218129459,0.230039014132136,0.24071107165312297,0.21700309426808845,0.23776958300568776,0.22406365803642958,0.24183817365756777,0.2384582023869722,0.24536250695427775,0.24619374080796205,0.24999999999999967,0.2288866589707862,0.24057529044435588,0.21853091635651184,0.23632454269796063,0.23143220592186098,0.23706759319410964,0.24028333755398468,0.2454502161502922,0.24685219127872865,0.21887553308836233,0.24234029076271063,0.1647856393625472,0.23553336854179796,0.15261490323816532,0.22866760168062744,0.1854636197224224,0.23801287549159972,0.24648306144033957,0.24695476894923973,0.24684660602765304,0.24589446239176946,0.24700699152784983,0.24640148173822854,0.2469778195123731,0.24649383494727997,0.24696113795050606,0.24565938598804482,0.24699299436243
0.23162652813587664,0.2317954898199256,0.23114672337125283,0.23179966061578472,0.2307294371130427,0.23182584425196615,0.23128529850660867,0.23175016782366675,0.22946411999793298,0.23180058378065527,0.23176052598128094,0.20638175722925087,0.22712869838463934,0.15806580072431303,0.21744178571795594,0.13692819299052864,0.2133055844495776,0.17781585019432733,0.22137119473648553,0.23095149746717275,0.23006822515180653,0.22980258799730385,0.2146883861886613,0.22599853729378652,0.2038910172332733,0.2229693688735988,0.21056598189330106,0.2268609226383372,0.22397803385902731,0.2302773944185186,0.23104172746594176,0.2288866589707862,0.24999999999999983,0.22524677215229835,0.20442165875288495,0.22159585086481343,0.2172241613263596,0.22251294469948263,0.2256364027942731,0.23036056512116967,0.23167838988156195,0.2048942274336202,0.22724117459455276,0.15274783023822194,0.22088071955944838,0.14254232386671636,0.21461843762869168,0.17395827796323238,0.22337828729094364,0.23133213800433314,0.23177582429803564,0.23167431275401884,0.23077702284553733,0.23182483622662178,0.23125539324830047,0.23179745708530983,0.2313368943937133,0.23178180080755628,0.23056076706703554,0.23181169932841203
