x1,x2,x3,x4,x5,x6,x7,x8,x9,x10,x11,x12,x13,x14,x15,x16,x17,x18,x19,x20,x21,x22,x23,x24,x25,x26,x27,x28,x29,x30,x31,x32,x33,x34,x35,x36,x37,x38,x39,x40,x41,x42,x43,x44,x45,x46,x47,x48,x49,x50,x51,x52,x53,x54,x55,x56,x57,x58,x59,x60
0.25000000000000006,0.24953174035378048,0.2471142417431126,0.24980661523652173,0.2475409425053524,0.24938984934346958,0.24783819813616523,0.24965763172327163,0.24925519737007965,0.24983804257753403,0.24850628263645536,0.15030015323931112,0.16854705350454594,0.15745229406495892,0.12347181545224939,0.17618016878891826,0.13379238264241183,0.2240172086339596,0.11789053996163504,0.24948986001031984,0.24859824684192328,0.17426410769653836,0.19028391965430752,0.15375303332920068,0.17830671799798856,0.14215465329221938,0.1834967238717043,0.1750606856543308,0.18275723974818672,0.24749162343874395,0.2476515708067255,0.1780119028144098,0.18265224291824586,0.1482261140525933,0.1980441455105095,0.14429149803026864,0.19703728985688976,0.1485074195853026,0.18115395402730497,0.24613887375812946,0.2494644683718857,0.18207724704094166,0.1466222958316821,0.17420193219608857,0.137733751998316,0.19739203972343233,0.11902732946703576,0.2204750119710195,0.09553984790031049,0.2493515959024947,0.24980325838970158,0.2496130483375924,0.24880728961901896,0.24983785512108656,0.24773206303509576,0.24963711167005811,0.2472193033133647,0.24975404721564715,0.24866115983945272,0.24984031690609187
0.24953174035378048,0.2500000000000001,0.24696246555805043,0.24965548376464244,0.24739157514376095,0.24923898620396992,0.24768804264767016,0.24950659666038508,0.2491043824636652,0.24968688949186868,0.2483560858405964,0.1502192898472233,0.1684441939317198,0.15736082044267913,0.12339906047346869,0.176074003861703,0.13371159042643846,0.22388204106721804,0.11781829135105198,0.24933892200703378,0.24844794533299713,0.1741450083135313,0.190175535569172,0.1536523759883579,0.17820677365858803,0.14206285899926843,0.18339161671329104,0.1749499742189174,0.1826487855240406,0.24734172563379264,0.24750170852396622,0.1779036939383125,0.18253876968522392,0.14813622748957286,0.19792173472633062,0.14420507661128104,0.1969150914278853,0.14841693253827265,0.18104303997430166,0.24598984146070826,0.24931353210023172,0.1819670361533831,0.14653349772372498,0.17409638489440815,0.13765062582185314,0.19727236478761878,0.11895549803043767,0.22034148499630113,0.09548216449537489,0.2492007328829529,0.24965212634123543,0.2494620313700128,0.2486567575038459,0.2496867021449295,0.24758215069673498,0.24948608022287602,0.2470696665604868,0.24960294497816038,0.24851068619427305,0.24968916243768846
0.2471142417431126,0.24696246555805043,0.25000000000000006,0.24723703893222998,0.24498418122390594,0.24682427044042718,0.24527663077052253,0.2470896189626051,0.24669143401039975,0.24726848040537716,0.24593850245649654,0.148621214485798,0.1659413423651343,0.15616925589518604,0.12209160696295383,0.17459909641275928,0.13219945387444967,0.22173834425132644,0.11655105117688706,0.2469237152341094,0.24604111633335704,0.1722551296204311,0.18834804400914024,0.15196972882359047,0.17652162559757184,0.1404669382013525,0.1816732781644283,0.1732687736599534,0.18083611824601198,0.24494751562643943,0.24510382275302894,0.17611426824710308,0.18083355368987403,0.14661666614222227,0.19606400703108434,0.1427526136678276,0.1950338518968382,0.14691986041936722,0.1793462310979693,0.2436047578256281,0.24689847956892544,0.18024423377517898,0.1450864555649443,0.17244897367070564,0.1363611833444591,0.195387334954313,0.11780915899089274,0.2182013977870711,0.09455353535454694,0.2467869811505817,0.24723406583178414,0.24704581245215343,0.24624905829199678,0.24726830737773015,0.24518289945747135,0.24706964291582642,0.24467519785680739,0.24718536726893472,0.2461029506853423,0.247270743266705
0.24980661523652173,0.24965548376464244,0.24723703893222998,0.25,0.2476642348346472,0.24951339942957856,0.24796126044023406,0.249781321693668,0.24937869793743786,0.24996181286292884,0.24862973835482072,0.15039614301311915,0.1686093803057906,0.1575469834830917,0.12351979344957675,0.17627948966469686,0.13384814864179448,0.22412974065010097,0.1179422584614835,0.2496134695187006,0.248721451548854,0.17433844711431745,0.1903827168156689,0.15382197433554207,0.17840105602096332,0.1422153663953566,0.18359224657835388,0.17514585411448708,0.18284699853623865,0.24761420850703375,0.24777421913660258,0.17809734442692637,0.18274362277979955,0.14829645743284822,0.1981431884050724,0.14436164159887285,0.19713456688789763,0.14857836311245232,0.18124546932961935,0.24626064826463345,0.24958803874678018,0.18216907278241978,0.14669386529574766,0.17428982432415757,0.13780379402707968,0.1974907258739221,0.11908657882942829,0.22058394362979422,0.0955871030977113,0.24947512180790024,0.249927011525563,0.24973670726139294,0.24893057439085878,0.24996162542343678,0.24785472703389963,0.24976078319569442,0.24734169074111603,0.24987777626652555,0.2487843024973182,0.24996408840436152
0.2475409425053524,0.24739157514376095,0.24498418122390594,0.2476642348346472,0.2500000000000001,0.2472471759325912,0.24571877504272036,0.24751672578607384,0.24711770139216907,0.2476954059420729,0.24636726606785875,0.14853139488035566,0.16716425520636083,0.15591369865918184,0.12134770682247055,0.17476923008628584,0.13275186614433226,0.2220619251546879,0.11702796510636518,0.24734983346703113,0.24646457405639965,0.17266853656112643,0.18853820515529063,0.15292867598077053,0.1765933117207335,0.14113068070667184,0.18179315581614708,0.1736628418508092,0.18114237061537783,0.24537247831874975,0.2455282274788308,0.1764879426951551,0.18114712354761525,0.14694195793729423,0.19640366081595598,0.1430212229788002,0.19541080312647044,0.1472406670887085,0.1796257941968592,0.24403036493170754,0.2473252010335631,0.18051595335442375,0.14536312336349158,0.1727110518271194,0.13654922347931625,0.19570646822277707,0.1180030940510753,0.21858691361674448,0.09471736657792726,0.24721318942879558,0.24766093031740272,0.24747235143922106,0.24667361743131355,0.24769523029659835,0.2456080039468059,0.24749620581759152,0.24510026455850845,0.24761214020569539,0.2465291991569844,0.24769767098939857
0.24938984934346958,0.24923898620396992,0.24682427044042718,0.24951339942957856,0.2472471759325912,0.25,0.24754568673115868,0.2493646461539451,0.24896245579375936,0.24954478245870088,0.2482146453492166,0.1500792527089984,0.16838947733353615,0.15721783989026333,0.12341895441838219,0.17593965816061652,0.13366142667933267,0.22375182371492863,0.11776790391619595,0.24919697434756252,0.24830677724887298,0.1740384998781266,0.19008258552101934,0.15353884436294937,0.17812362127421114,0.14197593134177308,0.183302659185946,0.1748309801738291,0.18255791533664983,0.24720024100130208,0.247360803886109,0.17780880072071134,0.18241806741481423,0.14805973674097808,0.19779430360456202,0.14412946749821354,0.19678954713193647,0.14833767110578772,0.18092711239431827,0.24584984292488746,0.24917164093391056,0.18185740444266305,0.14645274181065743,0.1739905485080581,0.1375674965359809,0.19715580118549447,0.11888787452017392,0.2202163011676259,0.09542843479250734,0.2490588879576958,0.249510039463377,0.24932005262606016,0.24851515455816017,0.2495445955135145,0.2474412767757123,0.24934408555962229,0.2469289825358316,0.2494608851892851,0.24836923830636187,0.2495470544675209
0.24783819813616523,0.24768804264767016,0.24527663077052253,0.24796126044023406,0.24571877504272036,0.24754568673115868,0.2500000000000001,0.24781223740616,0.24742234521520576,0.24799249684285868,0.24666751529682585,0.14861062113675028,0.16716495046740698,0.15574908772288737,0.12232573149791674,0.17471782652015594,0.13202310674892706,0.22238543506907582,0.11703854123219808,0.24764493471560742,0.24675689354707367,0.17287787187768316,0.18856481401164632,0.15282178244776676,0.1766698621692937,0.14052905344041036,0.1819978575019984,0.174095766231405,0.18128635251188818,0.24567172139005475,0.24582381332835118,0.17674338401933126,0.18146072298187774,0.14716030502787514,0.1967351239732144,0.1431774583427354,0.1957111235612986,0.1474589412755244,0.1798573518634335,0.24432688923211712,0.24762216495426861,0.18072079930818966,0.1455487664623697,0.17289831357401905,0.13669946773614,0.1959284290621988,0.11813812978983974,0.2188509147538007,0.09482617606295707,0.24750984332542905,0.24795797293870686,0.2477691676294752,0.2469693471036711,0.2479923137274431,0.24590400654107641,0.24779304265109045,0.24539678292743902,0.2479091207578422,0.24682611178966873,0.24799475762340803
0.24965763172327163,0.24950659666038508,0.2470896189626051,0.249781321693668,0.24751672578607384,0.2493646461539451,0.24781223740616,0.25000000000000017,0.24922992090325988,0.2498127406450502,0.24848162549574915,0.15029193230120566,0.16850641972434696,0.15744102869182502,0.12347650098653641,0.1761638318485536,0.13377867165027701,0.22399560007167696,0.1178748099186115,0.2494646028849389,0.2485732596023331,0.17422374267061827,0.1902787281853267,0.15371573674014763,0.17830640378409357,0.14212352372257844,0.18349234505078255,0.1750321032011296,0.18274301480576183,0.24746621639638575,0.24762640925528417,0.1779917936514658,0.1826281739237678,0.14820911423714386,0.19801933682749462,0.1442774723111167,0.1970110301535985,0.14849018687935028,0.18113314333983796,0.24611367372357473,0.24943918113703784,0.18205903073417812,0.14660679200261983,0.17418423865297278,0.13772078362767676,0.1973718485483229,0.1190157709288215,0.22045231873621451,0.09553033387604314,0.2493263320246524,0.2497779604813476,0.24958776970010238,0.2487820993324247,0.2498125537235071,0.2477068844132235,0.2496118308268788,0.24719409669362807,0.24972875441492456,0.24863589827248384,0.2498150152453687
0.24925519737007965,0.2491043824636652,0.24669143401039975,0.24937869793743786,0.24711770139216907,0.24896245579375936,0.24742234521520576,0.24922992090325988,0.2500000000000001,0.24941006899390422,0.2480795906959609,0.15001890019561445,0.16824420412523156,0.15715152713501646,0.12313688340807184,0.17585360713325082,0.13358683778331534,0.22362937128201116,0.11765009619765382,0.24906258248056204,0.24817146969062287,0.17402811643023017,0.18990091774027854,0.15363249176019364,0.17794020804312752,0.14198021774137706,0.1831429095692859,0.17481713242358435,0.18242076626782025,0.2470690118068102,0.2472275186820873,0.17770012425268827,0.1823707251524996,0.14795539525101709,0.19773072194129868,0.14402496887998248,0.19672115975978588,0.14825586388785772,0.18085342489209666,0.24571832652626183,0.24903719934157595,0.1817658834131729,0.14636905696905841,0.1739042486725764,0.13749710556460637,0.19705716117421018,0.11882282608574082,0.22009825612623146,0.09537464940741276,0.24892446693518033,0.2493753449185021,0.24918546064316296,0.24838118049856217,0.2494098823659022,0.24730790657828963,0.24920948097332,0.2467962874270159,0.24932621743231698,0.24823546585783368,0.24941233993084347
0.24983804257753403,0.24968688949186868,0.24726848040537716,0.24996181286292884,0.2476954059420729,0.24954478245870088,0.24799249684285868,0.2498127406450502,0.24941006899390422,0.2500000000000002,0.24866102097608395,0.15041610180295234,0.16862829710399926,0.15756814536560565,0.12353394133804922,0.1763027987661943,0.13386404061077242,0.224158042601904,0.11795656004484566,0.24964486817375495,0.2487527324934926,0.17436043208317237,0.19040646962714095,0.15384126162135747,0.17842334196985038,0.14223284048121299,0.18361526976968723,0.17516815044349704,0.18286974136932338,0.24764536733311765,0.2478053849333217,0.17811952628871006,0.18276695542369165,0.14831481847728592,0.19816843074068702,0.14437957561863812,0.19715958854983953,0.14859685898416652,0.18126854040418294,0.2462916199707293,0.24961943311143217,0.18219213956289043,0.14671222091977523,0.17431190333181104,0.13782128059172155,0.1975156728395757,0.1191015709351164,0.2206116742151516,0.09559910793467065,0.2495065025649898,0.24995844914509166,0.24976812094444914,0.2489618893628963,0.24999306739916932,0.2478859008515652,0.24979219996032773,0.24737280082790808,0.2499092077159702,0.24881559501142153,0.2499955306879148
0.24850628263645536,0.2483560858405964,0.24593850245649654,0.24862973835482072,0.24636726606785875,0.2482146453492166,0.24666751529682585,0.24848162549574915,0.2480795906959609,0.24866102097608395,0.2500000000000003,0.14909447543920626,0.16812120516890947,0.15633990465182374,0.12325303084289572,0.17507458754148159,0.13341867489920448,0.22292412921817895,0.11752846455548868,0.2483140120382309,0.24742743623642313,0.17342889268938114,0.18940306498967355,0.15300350554854897,0.17748714621476475,0.14152922378724367,0.1826737384469277,0.17414820515408838,0.18197262124612154,0.24632215700100482,0.2464849564071686,0.1772318468645981,0.18169501965365079,0.14758775268650737,0.19702699914735777,0.1436433710335283,0.196040708193505,0.147860295112022,0.18020803885888198,0.24498134233190766,0.24828938017867563,0.18116640795227018,0.14595379522296206,0.1733240219480068,0.13703987407119325,0.19642996775784616,0.11846442958321346,0.21944060537443125,0.0950924352344131,0.2481767894916156,0.24862641056808857,0.24843709604380346,0.24763450571260492,0.24866084360208757,0.24656574536535483,0.24846102409137982,0.24605504270769687,0.24857742241742672,0.24749010841866015,0.24866329435351395
0.15030015323931112,0.1502192898472233,0.148621214485798,0.15039614301311915,0.14853139488035566,0.1500792527089984,0.14861062113675028,0.15029193230120566,0.15001890019561445,0.15041610180295234,0.14909447543920626,0.2500000000000004,0.06922410656186553,0.10641256843663524,0.06607301087242017,0.11177994999252375,0.07871499567164303,0.1347000866777189,0.07128303427323134,0.15016656315257337,0.14976170460428895,0.07598003801747323,0.12279272891903856,0.07450217183685999,0.11817860847525419,0.07342760085863784,0.12016165570228891,0.09805021588756695,0.11285685304149219,0.14874628788102848,0.14903419863774106,0.10572303696250553,0.1056046157067451,0.08727451368253153,0.1156178806210844,0.08665996817638225,0.11363181237701261,0.08788970420045014,0.10684239545437962,0.14799780606790944,0.1501737302569624,0.10944240881035093,0.0877363159991975,0.10434770596047473,0.08355263637528183,0.1183561499954247,0.07209266644272154,0.13237991522806458,0.057611927580529146,0.1501128318868783,0.15039571962930434,0.15028120380445453,0.14980051367973127,0.15041655615777957,0.14907845978473505,0.150295689630059,0.14870467363590126,0.15036612220575077,0.14964784070205048,0.15041802967299536
0.16854705350454594,0.1684441939317198,0.1659413423651343,0.1686093803057906,0.16716425520636083,0.16838947733353615,0.16716495046740698,0.16850641972434696,0.16824420412523156,0.16862829710399926,0.16812120516890947,0.06922410656186553,0.2500000000000005,0.07629460588627682,0.09702836335016579,0.10409675979132815,0.09832361129587418,0.14968609225996227,0.0860486530965989,0.16838811103775694,0.1677169391710484,0.1294221877105467,0.12182103504162303,0.12079381801646863,0.11152293723377765,0.10712301199044365,0.11671363597673014,0.12304201140420952,0.12257442314832834,0.16716935913287487,0.16720515614147852,0.12263575121836481,0.12443543961879064,0.10279937060110893,0.13456287819466733,0.09816349636465066,0.13525533813980337,0.10277435960355222,0.12183117452332176,0.16633719963096893,0.1683937383812766,0.121709315749569,0.09991625524895786,0.11652580250649582,0.0913582501478776,0.13273206356960904,0.07997196932576617,0.14915690718581495,0.06448790347534009,0.16830555489660023,0.16860406802116312,0.1684756706353567,0.1679127185405657,0.16862739536149024,0.16728055700475894,0.16849135674755736,0.16697722264855322,0.1685706058144483,0.16789131285481473,0.16862907786423817
0.15745229406495892,0.15736082044267913,0.15616925589518604,0.1575469834830917,0.15591369865918184,0.15721783989026333,0.15574908772288737,0.15744102869182502,0.15715152713501646,0.15756814536560565,0.15633990465182374,0.10641256843663524,0.07629460588627682,0.2500000000000003,0.03138645362383154,0.13939574525613668,0.07454142420875355,0.14404432154079094,0.06577333339393705,0.1573273554426661,0.15684236379779523,0.09758389103158112,0.12491237781192861,0.06271489304753937,0.12033065165547176,0.07456721852588037,0.12559615886986808,0.09986047629419803,0.11885477397882388,0.15577621555390556,0.1561196815202003,0.11085575051253162,0.11050220130293177,0.09138610713696735,0.12055084105129356,0.09082558577172771,0.1181185977995402,0.0920572163381159,0.11124107291965919,0.15500564736934042,0.1573119785736072,0.11446410276328754,0.09196258725706835,0.10905894200718018,0.08752115082169078,0.12377328515486788,0.07555688830937017,0.13863921891323355,0.06036693865422482,0.15724907288340076,0.15754667441183243,0.1574267132379814,0.156920665612875,0.15756850086987992,0.15615955840443496,0.1574418635429518,0.1557580581131456,0.15751566083663104,0.15675538220053722,0.15757004515384673
0.12347181545224939,0.12339906047346869,0.12209160696295383,0.12351979344957675,0.12134770682247055,0.12341895441838219,0.12232573149791674,0.12347650098653641,0.12313688340807184,0.12353394133804922,0.12325303084289572,0.06607301087242017,0.09702836335016579,0.03138645362383154,0.2500000000000003,0.04994830156990321,0.08486762750458854,0.10802703999616994,0.065737008472958,0.1233860151671912,0.12300935161566169,0.09110558283932622,0.09951335713309839,0.08291501442097848,0.09404815294813366,0.07715864873849422,0.0935719715058902,0.08368686662782714,0.09295677292449006,0.12225200395598844,0.1224524490324131,0.08944403321584138,0.08680877544110006,0.07543140963478974,0.09482901129727662,0.0731794650595747,0.09549883421673672,0.07466695679126499,0.08740030054334774,0.1217334694345402,0.12335275798267847,0.08891919721313146,0.07315295291901092,0.08511532041438312,0.06690610544973628,0.09703656677884386,0.05873711510740264,0.10920050740712298,0.047369636449259005,0.12329247521070202,0.12351641696225157,0.12342235620407557,0.12300570467098361,0.1235335076644333,0.12251238609862115,0.12343384213280266,0.1222493148458807,0.12349190984798553,0.12295950240353272,0.1235347387221052
0.17618016878891826,0.176074003861703,0.17459909641275928,0.17627948966469686,0.17476923008628584,0.17593965816061652,0.17471782652015594,0.1761638318485536,0.17585360713325082,0.1763027987661943,0.17507458754148159,0.11177994999252375,0.10409675979132815,0.13939574525613668,0.04994830156990321,0.2500000000000003,0.06064598309981252,0.1681629400233688,0.07287977193923298,0.17604778447205302,0.17545076135189103,0.11292766463943715,0.13822982975202597,0.08601128015482436,0.13189000055681627,0.06967388679347224,0.13673776318725867,0.11428717947283606,0.13086614109900385,0.1744462397255874,0.1746908247400067,0.12317528585605533,0.1274485811732624,0.10116469487859188,0.13881745526547815,0.10021114911103296,0.13481305506212007,0.10226189672480451,0.12662857295504323,0.1734464188094877,0.17601589981287413,0.12909303703911065,0.10239681565410048,0.12296237678756478,0.0990043901689896,0.13912062563991553,0.08461054634399084,0.1550223676480813,0.06741649015674052,0.17594811143902486,0.17627860392511155,0.17614438826907863,0.17559569658495264,0.1763030385615377,0.17472165303901727,0.17616170179907398,0.17429315765367603,0.17624405182868785,0.1753982596757383,0.17630475510485277
0.13379238264241183,0.13371159042643846,0.13219945387444967,0.13384814864179448,0.13275186614433226,0.13366142667933267,0.13202310674892706,0.13377867165027701,0.13358683778331534,0.13386404061077242,0.13341867489920448,0.07871499567164303,0.09832361129587418,0.07454142420875355,0.08486762750458854,0.06064598309981252,0.2500000000000002,0.10826509231451213,0.06643404332848231,0.1336762027596319,0.13322976039890722,0.10074179918334268,0.10370497705208312,0.08698147677208755,0.09719063127856835,0.0878788782652347,0.09912488189033304,0.09257669924615157,0.09923736344836845,0.1325409127641517,0.13269886807465858,0.09629522173793928,0.09590780554861643,0.08076104907653422,0.1042007105289892,0.07858064395003915,0.10438574467065921,0.08078438872358373,0.0956321269051603,0.1319282674227416,0.13366859055891808,0.09674656533566431,0.0791091852321021,0.09263801965377486,0.07278864583908307,0.10538294369973521,0.06366639034456578,0.11829585351999254,0.05130819972695835,0.1336037800685168,0.13384502097799653,0.1337430978747085,0.13329722050660336,0.1338635449726284,0.13275916934574952,0.13375566906305916,0.1324850346887992,0.13381851466965267,0.13324657398513268,0.1338648755966736
0.2240172086339596,0.22388204106721804,0.22173834425132644,0.22412974065010097,0.2220619251546879,0.22375182371492863,0.22238543506907582,0.22399560007167696,0.22362937128201116,0.224158042601904,0.22292412921817895,0.1347000866777189,0.14968609225996227,0.14404432154079094,0.10802703999616994,0.1681629400233688,0.10826509231451213,0.2500000000000003,0.09244353676006409,0.22391350958809172,0.22302660001003408,0.15377141724667648,0.17024159906582975,0.13257333088763543,0.1595878202833833,0.12161944959150477,0.16388482056182063,0.1502288155996596,0.16235946283300587,0.22216660892259077,0.22216373101388645,0.15734383614201378,0.16690646834036665,0.12936098083431707,0.1799702719610999,0.12652997846409864,0.1792367710567382,0.13029037161125423,0.16567427748583036,0.22074133289330694,0.22381066547458112,0.1650705927399771,0.13019710330473028,0.1577652275256341,0.12568236150970347,0.1779381520855667,0.10704460687199722,0.19746134263679638,0.08542045359118505,0.22371793881925217,0.2241268855330769,0.22395624199801356,0.22326641669180164,0.22415795410002495,0.22221089469095623,0.22397843259003702,0.2217444432985624,0.22408300460570343,0.22306982585051377,0.22416013677102248
0.11789053996163504,0.11781829135105198,0.11655105117688706,0.1179422584614835,0.11702796510636518,0.11776790391619595,0.11703854123219808,0.1178748099186115,0.11765009619765382,0.11795656004484566,0.11752846455548868,0.07128303427323134,0.0860486530965989,0.06577333339393705,0.065737008472958,0.07287977193923298,0.06643404332848231,0.09244353676006409,0.2499999999999999,0.11762399800361024,0.11737133088657414,0.08378197615729706,0.08999356934572975,0.08228499588148891,0.08465596987037755,0.07528195702587781,0.08938720537138746,0.0809772649614614,0.09087421905767669,0.11665434679251323,0.11694102638426761,0.08832127463261726,0.08103950666669764,0.07529131417903633,0.0888638573443729,0.07161891271154756,0.08824079467832438,0.07547819575431923,0.07952466350116948,0.1164215526707547,0.11779960092410179,0.08234940628429162,0.07118358723615935,0.07790664125133241,0.06186699263295877,0.09047474320642407,0.05626361767693549,0.10428793004116996,0.045481523767824175,0.1177261261859068,0.11793991551365354,0.11785006931320835,0.11742305729081691,0.11795619410640013,0.11705272604687358,0.11785987841835487,0.11680986623970316,0.11791603691614726,0.11745793434516753,0.1179574022055517
0.24948986001031984,0.24933892200703378,0.2469237152341094,0.2496134695187006,0.24734983346703113,0.24919697434756252,0.24764493471560742,0.2494646028849389,0.24906258248056204,0.24964486817375495,0.2483140120382309,0.15016656315257337,0.16838811103775694,0.1573273554426661,0.1233860151671912,0.17604778447205302,0.1336762027596319,0.22391350958809172,0.11762399800361024,0.2500000000000005,0.24840558325910164,0.17410672000051558,0.1900984468173203,0.1536152781092837,0.1781173641547569,0.14202403012113637,0.18330617591975934,0.17495623081878975,0.18258582264338918,0.24730250441481408,0.24746031560895082,0.17786248692814663,0.18255790871581654,0.14809602858088494,0.19792946792256688,0.14416236304483918,0.19693400567937366,0.14837539315257908,0.18105166016856505,0.24594858367178501,0.24927158220984932,0.1819533896962693,0.14650207304070703,0.17408862599866243,0.13763889801706836,0.19725427696060746,0.11893281810960551,0.22030538933282776,0.0954632409955068,0.24915884702829133,0.24961011132395788,0.24942004851122238,0.24861511557223387,0.24964468151806046,0.24754043713624094,0.24944409986232735,0.24702838118379752,0.24956094083548222,0.24846893054454475,0.2496471412305975
0.24859824684192328,0.24844794533299713,0.24604111633335704,0.248721451548854,0.24646457405639965,0.24830677724887298,0.24675689354707367,0.2485732596023331,0.24817146969062287,0.2487527324934926,0.24742743623642313,0.14976170460428895,0.1677169391710484,0.15684236379779523,0.12300935161566169,0.17545076135189103,0.13322976039890722,0.22302660001003408,0.11737133088657414,0.24840558325910164,0.25000000000000033,0.17315004162698275,0.1896323983976276,0.1528521025016461,0.17777375441225055,0.14135062096300413,0.18300596624669951,0.17410487381270928,0.182140080149627,0.24640786513391325,0.24657481538337003,0.17728865926017365,0.18166819887262614,0.14763427066703427,0.19702408280712688,0.14370208929585115,0.19601095328752244,0.14792472387178257,0.18019386802921242,0.24507109707702335,0.24838082470838718,0.18120685240914575,0.14600760968345658,0.1733483053985898,0.13708298758732715,0.1964845583160343,0.11851903647631475,0.21951942202465125,0.09513175859152981,0.2482680972703719,0.24871810130196922,0.2485287166068057,0.24772580761711757,0.248752546782782,0.24665615117065268,0.24855264000755914,0.2461442757713952,0.2486690903511359,0.24758094814348178,0.24875499855382013
0.17426410769653836,0.1741450083135313,0.1722551296204311,0.17433844711431745,0.17266853656112643,0.1740384998781266,0.17287787187768316,0.17422374267061827,0.17402811643023017,0.17436043208317237,0.17342889268938114,0.07598003801747323,0.1294221877105467,0.09758389103158112,0.09110558283932622,0.11292766463943715,0.10074179918334268,0.15377141724667648,0.08378197615729706,0.17410672000051558,0.17315004162698275,0.2500000000000003,0.11502138484128235,0.1156412868883797,0.11377658922117265,0.11297157815701792,0.11822010643625515,0.12928500086724135,0.12480118719110016,0.1729025976104144,0.17289196426686243,0.12583776062309254,0.13035326519131932,0.1048936444940255,0.14059170631284806,0.10058405771338862,0.1409164748186865,0.10479086438078516,0.12765521208538066,0.171908278485996,0.17411168279777245,0.1268322042331943,0.1028785906469068,0.12170062593524061,0.09531364757378442,0.137846242282193,0.08264310152560707,0.15413999429386172,0.06661156145257557,0.17402797304910314,0.17433582436502304,0.17420307616917147,0.1736295666983956,0.17435996049448368,0.17293974719390506,0.17421980486546995,0.17262341687096072,0.1743014282607983,0.17357796460400568,0.17436168832334467
0.19028391965430752,0.190175535569172,0.18834804400914024,0.1903827168156689,0.18853820515529063,0.19008258552101934,0.18856481401164632,0.1902787281853267,0.18990091774027854,0.19040646962714095,0.18940306498967355,0.12279272891903856,0.12182103504162303,0.12491237781192861,0.09951335713309839,0.13822982975202597,0.10370497705208312,0.17024159906582975,0.08999356934572975,0.1900984468173203,0.1896323983976276,0.11502138484128235,0.2500000000000004,0.09438941902742552,0.1524448131381631,0.09226525579242818,0.15941879031870956,0.12094120951160102,0.15019779205771708,0.18812313682451234,0.18863784086196228,0.14008757962055893,0.12388965898006447,0.11996487264795615,0.14178812137291627,0.11463254043166808,0.14117072966072858,0.117040261568858,0.1293139588178044,0.18766358217662235,0.19012621064330346,0.13433335744363986,0.11295629470968198,0.12731851661403024,0.10225915406243284,0.14726026980909443,0.09123427553191447,0.1678903174270734,0.07307527459785038,0.1900206157535805,0.19038011616908657,0.19023510019915277,0.18958485661142602,0.19040642810719047,0.18882741782417028,0.19025147948703874,0.18836737167770698,0.19034185371081425,0.1895156093954431,0.19040834314348895
0.15375303332920068,0.1536523759883579,0.15196972882359047,0.15382197433554207,0.15292867598077053,0.15353884436294937,0.15282178244776676,0.15371573674014763,0.15363249176019364,0.15384126162135747,0.15300350554854897,0.07450217183685999,0.12079381801646863,0.06271489304753937,0.08291501442097848,0.08601128015482436,0.08698147677208755,0.13257333088763543,0.08228499588148891,0.1536152781092837,0.1528521025016461,0.1156412868883797,0.09438941902742552,0.2500000000000004,0.08238671800029596,0.09972280142580141,0.09515963872400772,0.12050164128758878,0.10843719606063701,0.15267710900697937,0.15262251745608957,0.11240523380105698,0.11742711924968757,0.09317047830297784,0.1247840490829942,0.08892753320591072,0.12633182783840208,0.09446449474362889,0.11175804318362981,0.15188234865064298,0.15363856407956514,0.1105559235101544,0.09190688267463902,0.10643295146761701,0.08178807669891405,0.12106048782428791,0.07230306322931945,0.13655581118511473,0.058841650182705395,0.15355411536945765,0.1538195965768561,0.15370245665324142,0.1531651220513276,0.15384086624042292,0.15265746117649767,0.15371662841109537,0.15241994797612865,0.15378898434063223,0.15320303660514661,0.15384241554316458
0.17830671799798856,0.17820677365858803,0.17652162559757184,0.17840105602096332,0.1765933117207335,0.17812362127421114,0.1766698621692937,0.17830640378409357,0.17794020804312752,0.17842334196985038,0.17748714621476475,0.11817860847525419,0.11152293723377765,0.12033065165547176,0.09404815294813366,0.13189000055681627,0.09719063127856835,0.1595878202833833,0.08465596987037755,0.1781173641547569,0.17777375441225055,0.11377658922117265,0.1524448131381631,0.08238671800029596,0.2500000000000004,0.07088056236632634,0.1595527958767288,0.10894610443057608,0.14593059039596887,0.17617302692125927,0.17681574258181604,0.1329906651894214,0.11915139350603213,0.11371814573246004,0.12724893428115472,0.10834480666161679,0.13011248304854667,0.11363571381159104,0.1167438365749671,0.17600605824687976,0.1781754359801558,0.12409323726894443,0.10719924713866023,0.11634695350449689,0.09417985959241026,0.1369151517110556,0.08553087791332054,0.15775721703994017,0.06859555583770433,0.17806264456342677,0.17839870593394166,0.17826278731397677,0.17763688671471622,0.17842332810421208,0.17701270660572155,0.17827714894078525,0.1765832453173741,0.17836244453361066,0.1776362852062936,0.17842514878504745
0.14215465329221938,0.14206285899926843,0.1404669382013525,0.1422153663953566,0.14113068070667184,0.14197593134177308,0.14052905344041036,0.14212352372257844,0.14198021774137706,0.14223284048121299,0.14152922378724367,0.07342760085863784,0.10712301199044365,0.07456721852588037,0.07715864873849422,0.06967388679347224,0.0878788782652347,0.12161944959150477,0.07528195702587781,0.14202403012113637,0.14135062096300413,0.11297157815701792,0.09226525579242818,0.09972280142580141,0.07088056236632634,0.2500000000000006,0.07612633832716409,0.10085534620354161,0.10276311223527029,0.14084922152413978,0.14106555867096426,0.10264980675833324,0.1028558157697118,0.08526389473430548,0.11030765526490353,0.0851205021641291,0.11066811137760084,0.08773031111167065,0.10060335426656329,0.14020501726675338,0.14203210667855104,0.10193906324862356,0.08534206166241194,0.09872091960684914,0.07536571656622987,0.11155501390748772,0.0671407543055633,0.12597167826170072,0.05504443861305089,0.1419641648003894,0.14221271858336212,0.14210443111449791,0.1415837211094236,0.14223238758330048,0.1410912255491572,0.14211791659924922,0.14081196200006788,0.14218455012957426,0.141584267308367,0.14223382147057315
0.1834967238717043,0.18339161671329104,0.1816732781644283,0.18359224657835388,0.18179315581614708,0.183302659185946,0.1819978575019984,0.18349234505078255,0.1831429095692859,0.18361526976968723,0.1826737384469277,0.12016165570228891,0.11671363597673014,0.12559615886986808,0.0935719715058902,0.13673776318725867,0.09912488189033304,0.16388482056182063,0.08938720537138746,0.18330617591975934,0.18300596624669951,0.11822010643625515,0.15941879031870956,0.09515963872400772,0.1595527958767288,0.07612633832716409,0.25000000000000056,0.10892077752673997,0.14772114383461954,0.18130174739336377,0.18193256170794583,0.13729704197546944,0.12323350669547484,0.11596120456068658,0.1388485737596759,0.1078591472108699,0.1315443718624552,0.11660095011886706,0.11990878274978108,0.18113314058507066,0.18335677368937225,0.12682725116882365,0.1097776745427385,0.11789970920675578,0.09715193433960533,0.1390491163321199,0.08812438016794505,0.16169015209504345,0.06993206383943214,0.1832361256158332,0.18358986335283134,0.18344997102957084,0.18281071377372313,0.18361519112116906,0.18215326049161412,0.18346409917717,0.18170183111165314,0.18355232020132192,0.18280509542943268,0.18361706799561034
0.1750606856543308,0.1749499742189174,0.1732687736599534,0.17514585411448708,0.1736628418508092,0.1748309801738291,0.174095766231405,0.1750321032011296,0.17481713242358435,0.17516815044349704,0.17414820515408838,0.09805021588756695,0.12304201140420952,0.09986047629419803,0.08368686662782714,0.11428717947283606,0.09257669924615157,0.1502288155996596,0.0809772649614614,0.17495623081878975,0.17410487381270928,0.12928500086724135,0.12094120951160102,0.12050164128758878,0.10894610443057608,0.10085534620354161,0.10892077752673997,0.2500000000000005,0.10847259348620336,0.17395644213184355,0.1737353091225378,0.1242280224654252,0.13505026617551197,0.10340637841171978,0.14539471528885,0.10129459217652088,0.14610919918769885,0.1062660544213921,0.13155587353314985,0.17278395828722254,0.17493003746685878,0.1290770542204204,0.10311929303983672,0.12572318064076154,0.09555393859454311,0.1416268116905254,0.08283317238725513,0.15525584673589157,0.06739885382397551,0.17484478580194973,0.17514372294143576,0.1750103788949799,0.1744388541348811,0.17516798587106616,0.17376487258010975,0.175027938782274,0.17348232838142583,0.1751094341336442,0.17440203916532349,0.17516971402762113
0.18275723974818672,0.1826487855240406,0.18083611824601198,0.18284699853623865,0.18114237061537783,0.18255791533664983,0.18128635251188818,0.18274301480576183,0.18242076626782025,0.18286974136932338,0.18197262124612154,0.11285685304149219,0.12257442314832834,0.11885477397882388,0.09295677292449006,0.13086614109900385,0.09923736344836845,0.16235946283300587,0.09087421905767669,0.18258582264338918,0.182140080149627,0.12480118719110016,0.15019779205771708,0.10843719606063701,0.14593059039596887,0.10276311223527029,0.14772114383461954,0.10847259348620336,0.2500000000000006,0.18055816334390296,0.18120725001494215,0.13537473183984897,0.12122747799441771,0.11381632846922125,0.13398500039578823,0.10730994926455135,0.13264317194852956,0.11814363625633272,0.11562986358588427,0.1803047793818136,0.1826065141735306,0.12700182083803585,0.11093666570447132,0.11802684123360672,0.09788924681886414,0.13767419466975991,0.0876042046036101,0.1611064688997456,0.06937798971916205,0.1825059227813035,0.182844267394162,0.18270496969305572,0.1820500082660086,0.18286950383361328,0.1814360771471453,0.18272006103355076,0.18100531124221453,0.18280721501760858,0.18205842898364627,0.18287137309683663
0.24749162343874395,0.24734172563379264,0.24494751562643943,0.24761420850703375,0.24537247831874975,0.24720024100130208,0.24567172139005475,0.24746621639638575,0.2470690118068102,0.24764536733311765,0.24632215700100482,0.14874628788102848,0.16716935913287487,0.15577621555390556,0.12225200395598844,0.1744462397255874,0.1325409127641517,0.22216660892259077,0.11665434679251323,0.24730250441481408,0.24640786513391325,0.1729025976104144,0.18812313682451234,0.15267710900697937,0.17617302692125927,0.14084922152413978,0.18130174739336377,0.17395644213184355,0.18055816334390296,0.25000000000000056,0.24547811763667393,0.1760349642553302,0.18185887217916652,0.14628300002275527,0.19694357790518435,0.1425322020381511,0.19603091805361111,0.14669897765346512,0.18021260780036746,0.24395940139099415,0.24727324226457562,0.18083373730117305,0.14514518435675872,0.17311845248619342,0.13679885670896577,0.1959491011476352,0.11793150874589824,0.21852528846671285,0.09464126016980429,0.24716340312422339,0.24761088737850348,0.24742235088900708,0.246627428129044,0.24764518578998396,0.24554963324551066,0.24744635772627613,0.24504228332946634,0.24756217145030598,0.246473550668202,0.24764762169043913
0.2476515708067255,0.24750170852396622,0.24510382275302894,0.24777421913660258,0.2455282274788308,0.247360803886109,0.24582381332835118,0.24762640925528417,0.2472275186820873,0.2478053849333217,0.2464849564071686,0.14903419863774106,0.16720515614147852,0.1561196815202003,0.1224524490324131,0.1746908247400067,0.13269886807465858,0.22216373101388645,0.11694102638426761,0.24746031560895082,0.24657481538337003,0.17289196426686243,0.18863784086196228,0.15262251745608957,0.17681574258181604,0.14106555867096426,0.18193256170794583,0.1737353091225378,0.18120725001494215,0.24547811763667393,0.25000000000000033,0.1759720214310642,0.18123237593952063,0.14682518745824583,0.19636557282668302,0.14303042413084022,0.19541921204435764,0.14716598728028066,0.17969393989701654,0.24412566754792644,0.24743388280985917,0.18065803405992545,0.14539689432132252,0.172839858465567,0.1366706078758528,0.1957953576271699,0.11805549632806987,0.2186674955458302,0.09475257729743947,0.24732271943264503,0.24777088252037427,0.24758222098146926,0.24678321169420617,0.2478051988586979,0.2457130851602548,0.24760612129881854,0.24520286640911937,0.24772208520581726,0.24663512009596883,0.2478076397967148
0.1780119028144098,0.1779036939383125,0.17611426824710308,0.17809734442692637,0.1764879426951551,0.17780880072071134,0.17674338401933126,0.1779917936514658,0.17770012425268827,0.17811952628871006,0.1772318468645981,0.10572303696250553,0.12263575121836481,0.11085575051253162,0.08944403321584138,0.12317528585605533,0.09629522173793928,0.15734383614201378,0.08832127463261726,0.17786248692814663,0.17728865926017365,0.12583776062309254,0.14008757962055893,0.11240523380105698,0.1329906651894214,0.10264980675833324,0.13729704197546944,0.1242280224654252,0.13537473183984897,0.1760349642553302,0.1759720214310642,0.2500000000000003,0.11109771741692076,0.11802252471705227,0.1290951832057724,0.110187931577504,0.12873252629847146,0.11878110880465646,0.11780681568467176,0.17589637908868488,0.17789961134611906,0.1119718966870395,0.10796196268007797,0.1151018150780275,0.09162968840389452,0.13442659103265037,0.08468144705665186,0.15689210729729863,0.06836472764800393,0.17776798794813756,0.17809466674282248,0.1779589644612143,0.17730415746120629,0.1781192161535619,0.17683061859031948,0.17797273736199168,0.1764411542165586,0.1780582037320591,0.1774134781265642,0.17812106315762605
0.18265224291824586,0.18253876968522392,0.18083355368987403,0.18274362277979955,0.18114712354761525,0.18241806741481423,0.18146072298187774,0.1826281739237678,0.1823707251524996,0.18276695542369165,0.18169501965365079,0.1056046157067451,0.12443543961879064,0.11050220130293177,0.08680877544110006,0.1274485811732624,0.09590780554861643,0.16690646834036665,0.08103950666669764,0.18255790871581654,0.18166819887262614,0.13035326519131932,0.12388965898006447,0.11742711924968757,0.11915139350603213,0.1028558157697118,0.12323350669547484,0.13505026617551197,0.12122747799441771,0.18185887217916652,0.18123237593952063,0.11109771741692076,0.2500000000000004,0.08125237411571813,0.15846981907795474,0.09079288590008919,0.1623117806527971,0.09424026073144308,0.14614419026143685,0.17950240741470727,0.1824362431637482,0.14244996781672895,0.10224952167473715,0.1371895654662585,0.1094997868592318,0.1514263952305154,0.0864765005285791,0.16092438537779158,0.06843151436606128,0.18241067209009568,0.1827415227437539,0.18260248829426048,0.18211742908121545,0.1827669767779007,0.18096282870783237,0.18262415875584226,0.18058737507473654,0.18270720904758567,0.1817354440882107,0.1827686592495855
