x1,x2,x3,x4,x5,x6,x7,x8,x9,x10,x11,x12,x13,x14,x15,x16,x17,x18,x19,x20,x21,x22,x23,x24,x25,x26,x27,x28,x29,x30,x31,x32,x33,x34,x35,x36,x37,x38,x39,x40,x41,x42,x43,x44,x45,x46,x47,x48,x49,x50,x51,x52,x53,x54
0.25000000000000006,-0.07109360652999266,0.1599020235030541,0.07856703801483304,0.19031421108589924,-0.07774546510378545,0.19021960432991467,-0.07936255130584556,0.17670568525475222,0.1899679816240318,0.07950796145482017,0.1644881420317745,0.18971815121584373,-0.07609891808148507,0.19143524303510143,-0.0006495419549939499,0.018347832525048926,0.17266098712405464,0.0019343547972272036,0.1861938796086179,0.1903713528587291,0.19009666474174233,-0.07144081407872144,0.09471721031926279,-0.04281447157762079,0.15513164518663544,0.16275877627039184,0.15902949033125968,0.1499575834039398,-0.06499696750202888,0.11365018882392794,-0.06752499037351903,0.19082856589804237,0.1907949266652895,0.1868798928944208,0.04389034138939586,0.18957157610149017,0.06236917065483614,0.04396520697374349,0.19005046180489799,-0.06759677607389278,0.19011714037248095,0.15272321194514102,0.1012821991112847,0.1905790413017163,0.1668593853701463,-0.057559862130779606,0.18883061588780725,-0.04233659045321156,0.1900179852967342,0.11508089683871789,0.13810180775939312,-0.047853133786191146,0.1663384342290085
-0.07109360652999266,0.25,-0.07865887616844587,-0.01865240951768668,-0.10848216097088186,0.07220579591406515,-0.10845396729766771,0.06960278529970379,-0.0725997195520907,-0.10857923357805876,-0.010934323334108547,-0.0908850497304789,-0.10844110106531202,0.06453597132752048,-0.09950021621219762,0.05450366385996054,0.04391936575680603,-0.09817286808636344,0.048760428670210874,-0.10649088388590897,-0.10842689593406754,-0.1080174921393689,0.06966033997558391,-0.01223267508186441,0.08070956613916112,-0.07631848747702004,-0.09082975956273373,-0.11195888503265107,-0.14447831356681493,0.004946619423258637,-0.12899855362497728,0.016945913096206897,-0.10948653589952387,-0.1095136929626736,-0.10923051156779774,-0.09394394091522668,-0.10949272893305373,-0.09419310681087412,-0.08430552760822116,-0.10905950134960903,-0.018865418832203957,-0.10981648059452417,-0.11099695649639324,-0.1289245166546656,-0.10946815860573293,-0.11132594332840971,0.015019648597680544,-0.10945654489125647,-0.01922164723776818,-0.109478597454936,-0.1376707132589771,-0.11980117786146204,-0.004894951033630604,-0.1072526539330139
0.1599020235030541,-0.07865887616844587,0.24999999999999994,0.09339505427741239,0.200673616739852,-0.08084630323897461,0.20051824407022184,-0.09017533022696984,0.16600306782047913,0.2013320965593717,0.09366280743278226,0.17168830722983358,0.20078942713915096,-0.078630084278588,0.19314082393883353,-0.00909930716491455,0.013055847434691776,0.2113052430373357,0.006968775235110361,0.19660680662304258,0.2004486335863266,0.20007854875791808,-0.07596405242171028,0.0806797986102214,-0.05001777720784614,0.18773063318426148,0.1729211609305916,0.16983863309174108,0.16059079081944833,-0.09783613423153469,0.12074594246159238,-0.06478106426061397,0.2015594719271897,0.20152439945998527,0.1976357044503088,0.07066219224130453,0.20028485737490756,0.05672034165208254,0.049463503832010425,0.20071777173999758,-0.024104560770420166,0.2008409688566877,0.16337161323166122,0.11191100648491423,0.2013050963057905,0.17555452556762075,-0.05892703762415542,0.1995528805240854,-0.023635476233032783,0.20074711729660102,0.125648223605064,0.14872270665002402,-0.060490145927000326,0.1745465961983747
0.07856703801483304,-0.01865240951768668,0.09339505427741239,0.25000000000000006,0.09450417589476423,-0.017317984872782376,0.09486825453514428,-0.03007569451720216,0.08244069506444335,0.09460435892539554,0.05407336172235848,0.1025911370309783,0.09470622614874889,-0.015114343243657926,0.09208348455679471,0.012014249254187967,0.04989122762951918,0.09992399384175818,0.04365622675482619,0.09540541206923475,0.09445237586288686,0.09426493481407686,-0.019061204554025254,0.050321273768639575,0.017127160871527776,0.09137018177093277,0.09535680404188737,0.06344278975465358,0.05411026992330993,-0.04493219168150025,0.01442454074369334,-0.0633363858586406,0.09493807500362278,0.09489893770919504,0.09135658435843699,0.008102392454537699,0.09383523058783942,-0.003328710433431753,-0.051827116328772634,0.09418771087107114,-0.02256621701974568,0.09431262886497681,0.05923985060999666,0.005651367885851439,0.09471902173532254,0.06930993376702961,-0.05100753237278324,0.09295778775486435,-0.018904420568068334,0.09413459765040205,0.027178454918721024,0.04273111876800152,-0.036298201896513296,0.06841380255967736
0.19031421108589924,-0.10848216097088186,0.200673616739852,0.09450417589476423,0.25000000000000006,-0.11008720113905589,0.24670477371108865,-0.11883267817966504,0.19196691151208053,0.24689279214465418,0.08856027143778691,0.2176325460114182,0.2465545078665476,-0.10739473524069429,0.23333377652101095,-0.019560404345638865,0.0007968375892611041,0.2296837671260881,-0.009895724418225166,0.2433514787651932,0.2466424678802675,0.24600892992165438,-0.10670947023631676,0.09297908309586038,-0.0773104219998688,0.19546837834071956,0.21730005967922558,0.21652349954968317,0.20731998290358905,-0.05810533498234659,0.16729923614233572,-0.07401717386146968,0.24833439793717482,0.24830123291143383,0.2443556281697566,0.10083593600796456,0.2470141565141959,0.10332495037823021,0.08653193800278987,0.24744033994691678,-0.015480452636255238,0.24757557695322752,0.21011165663914913,0.1583312639879311,0.2480629707888014,0.22208536900755843,-0.06695928086973942,0.24631630490870507,-0.01546959155775281,0.2475180156649774,0.17229968323217915,0.19533311859673078,-0.03958231615893315,0.22104006727381306
-0.07774546510378545,0.07220579591406515,-0.08084630323897461,-0.017317984872782376,-0.11008720113905589,0.2500000000000003,-0.1100202700888973,0.0493364960934934,-0.08134413929538274,-0.11020880727118493,-0.010833747728513598,-0.09146185760186241,-0.10996025693340958,0.09365720521061194,-0.10196450907690312,0.01552988496582455,0.014037787956465576,-0.09947537193402088,0.049772385580569733,-0.1079480341614363,-0.11014160402472686,-0.10974978383528546,0.04882088191395481,-0.04506500083771264,0.04777998383114272,-0.07738959317206473,-0.09157880823158918,-0.09273418485161915,-0.12043621090433233,0.009192255154508899,-0.1293676397715962,0.020948864921063567,-0.11096810122679368,-0.1109941286795289,-0.10847042552599909,-0.05194302523540771,-0.11043143916740598,-0.08189701167043449,-0.0715313510825608,-0.11135586008824451,0.00013438931678747218,-0.11091898353411583,-0.0895938955990077,-0.08695842036973017,-0.11087134631392256,-0.12673489025881574,0.013797928123147618,-0.10974478134634531,0.004309010409233224,-0.11044729253055519,-0.09658320040961395,-0.0935648960556006,-0.0031974078523579574,-0.12810403938232465
0.19021960432991467,-0.10845396729766771,0.20051824407022184,0.09486825453514428,0.24670477371108865,-0.1100202700888973,0.25,-0.11879512246268309,0.19199743697720129,0.24680635241220478,0.08852027226171028,0.21712519736067998,0.24647082301965048,-0.10736108526986456,0.233296920803103,-0.019584100303149613,0.000806992496823121,0.22957074505648278,-0.009902156850086151,0.24321658612099067,0.2465604492199907,0.24592679242339874,-0.10670075923458301,0.09289643710316786,-0.07730623701130214,0.19544402686655413,0.21713218664487932,0.21645331530628203,0.20724330535901747,-0.05808522596510483,0.1672209690650511,-0.073683391560382,0.24824835310375906,0.24821518695315709,0.24427211670843604,0.10091750474966611,0.24692878180119265,0.10331051829963407,0.08651697629452385,0.2473542682581131,-0.015480101364610819,0.24748976390932975,0.21005081073616583,0.1582793208803601,0.24797703823143086,0.22199479629600283,-0.0666932513958455,0.24623122915943868,-0.015467403181172174,0.24743237665100182,0.17226452890680086,0.19526967333375636,-0.03968993123669127,0.22095030821512107
-0.07936255130584556,0.06960278529970379,-0.09017533022696984,-0.03007569451720216,-0.11883267817966504,0.0493364960934934,-0.11879512246268309,0.25000000000000017,-0.08244383285961937,-0.11896463252959237,-0.02070444520537744,-0.10162847180374895,-0.11879922729129187,0.047409530907135386,-0.10973136055150626,0.044801572747434584,0.028681589556327106,-0.10913582387608575,0.037048183717057266,-0.11694721898601093,-0.11874681382881253,-0.1183859804546183,0.09240772912071593,-0.023987210282611145,0.07347871512079251,-0.08763135433119777,-0.10199949606641912,-0.1466594648202844,-0.1076258020728056,0.012439382890915006,-0.11061054512593842,0.023500191032848852,-0.11983341260732265,-0.11981480174815809,-0.12281648720771707,-0.0839991378422146,-0.11986933488318557,-0.08688073681588876,-0.07293533030935691,-0.11940003354761597,-0.013919753276316319,-0.11967262005509298,-0.14737168790291746,-0.11538475471325883,-0.11970579825055767,-0.10556950912209409,0.023941328015414712,-0.12161659171709756,-0.010382515155836845,-0.1205786954726749,-0.13008850029452554,-0.1280664434351932,0.004173297459491785,-0.10479418502490556
0.17670568525475222,-0.0725997195520907,0.16600306782047913,0.08244069506444335,0.19196691151208053,-0.08134413929538274,0.19199743697720129,-0.08244383285961937,0.25000000000000017,0.1922350648135192,0.08614101015900578,0.16789575788929206,0.19194793483719244,-0.07999162029353955,0.19793434601764262,0.001092261895591493,0.021702559827812516,0.17488941303166705,0.0008114499008245569,0.18848311922321953,0.19256560359016095,0.19237517958036604,-0.07080541548673597,0.10082288997949188,-0.0443170554356003,0.16117667028526797,0.16517871629670497,0.16125019620121925,0.1520260240698804,-0.07265592280332148,0.118684471733153,-0.0689693025932317,0.19297667945422142,0.19294449280877468,0.18904816648608117,0.046622832371910616,0.1917253560808954,0.059006890041621796,0.04694670725874779,0.19227293806056847,-0.05455039901579566,0.192260965745604,0.15494703468312804,0.10344223380759997,0.19272531502186807,0.17067173913909076,-0.05786713494470466,0.19098890812161007,-0.05721365644805295,0.19216784351037128,0.11731763340486531,0.14029033674044872,-0.0556256019681637,0.1704890773882868
0.1899679816240318,-0.10857923357805876,0.2013320965593717,0.09460435892539554,0.24689279214465418,-0.11020880727118493,0.24680635241220478,-0.11896463252959237,0.1922350648135192,0.24999999999999997,0.08887939353387508,0.21661008075568908,0.24667487034595856,-0.10756075492242596,0.2334899738180639,-0.019641421215591533,0.000681504226337945,0.23006043699721246,-0.010017590094242823,0.2433384022579233,0.24676129884632214,0.246127082893058,-0.1067769436676421,0.09298265098966574,-0.07748604942141436,0.19592235332733066,0.2169690902245018,0.2166536958498701,0.20745060759071424,-0.05903802604911089,0.16747042852126928,-0.07312282833122555,0.24844736628658387,0.24841423595499443,0.24447033326373796,0.10108472629185901,0.2471275213564404,0.10317420320999247,0.08684969215339973,0.24755465468129617,-0.015431485898406021,0.24768867008042564,0.2102407134370494,0.1584751447978942,0.24817595187442631,0.22222242549773574,-0.06619262716690687,0.24643031582658212,-0.015407787355293415,0.24763139349340813,0.1724411306765423,0.19546806750384463,-0.03986188680831786,0.22118473721206092
0.07950796145482017,-0.010934323334108547,0.09366280743278226,0.05407336172235848,0.08856027143778691,-0.010833747728513598,0.08852027226171028,-0.02070444520537744,0.08614101015900578,0.08887939353387508,0.25000000000000006,0.07855270116299728,0.08861931423089785,-0.014056752429405803,0.0899626242185911,0.03134990557196381,0.018169155893266,0.08876250992422706,0.04857472918062476,0.08727028554274846,0.08862541816670119,0.08861280989686846,-0.009025309793736098,0.04388260299798476,-0.005313816477309411,0.0941361987687071,0.07836527227356657,0.05734727670383336,0.0489622877114951,-0.061125993414298564,0.00800433579355676,-0.0373485913924796,0.08886045416863272,0.08882239085932339,0.08512771658194841,0.011508344267305737,0.08810079445054983,-0.04155361616046878,-0.0044020983178519844,0.08814483557831816,-0.023340883520738456,0.0882521927088215,0.051217244332558615,0.03269195624815705,0.08878418633076643,0.06317278015455716,-0.03433476613972231,0.08688596617624661,-0.019967629162035767,0.0880665143811462,0.013196474437743353,0.050664626658717904,-0.06170883990082485,0.06238504312940014
0.1644881420317745,-0.0908850497304789,0.17168830722983358,0.1025911370309783,0.2176325460114182,-0.09146185760186241,0.21712519736067998,-0.10162847180374895,0.16789575788929206,0.21661008075568908,0.07855270116299728,0.25000000000000033,0.2163399293990334,-0.08772597472419319,0.20378379338218916,-0.010990384189446896,0.010475176145226342,0.20006291735428372,0.0009750192369473451,0.21668214522892576,0.2164190520303651,0.21590222831799533,-0.08816114082051338,0.08723735894366304,-0.0570121208689628,0.16684155109764068,0.20244915501387142,0.18622168017145402,0.17707075299697841,-0.04637339707145351,0.1372872134685664,-0.09785881561104537,0.21801607568577555,0.2179817822711,0.21406832738018214,0.07523942207596394,0.21672032065957547,0.08394178375656947,0.056790118279801564,0.21713821967052296,-0.017084658014211197,0.21728406460156252,0.17985835539354258,0.12822616169800177,0.21775571000809446,0.1920504622917447,-0.08387854581170455,0.21600515512204413,-0.01966804624881854,0.21720227168915635,0.14214568758474314,0.16508210875681287,-0.03043389636970689,0.1908859446932684
0.18971815121584373,-0.10844110106531202,0.20078942713915096,0.09470622614874889,0.2465545078665476,-0.10996025693340958,0.24647082301965048,-0.11879922729129187,0.19194793483719244,0.24667487034595856,0.08861931423089785,0.2163399293990334,0.24999999999999994,-0.10729182155663332,0.23320850925668715,-0.019646975562603797,0.000755117067065076,0.22996013711290858,-0.009861097025701803,0.24300841464307069,0.24642491214338114,0.2457892967165349,-0.1066356325082131,0.0926729936617411,-0.07730044019503461,0.19610968052769803,0.2168144271570214,0.216342956803278,0.20717203968595016,-0.05857624194262707,0.1671313943587632,-0.0730456125837333,0.24810881858162928,0.24807568928857807,0.2441355315250878,0.1011021735996659,0.2467904999222288,0.10298177039264639,0.08664201069861174,0.2472150418658705,-0.01531736924147014,0.24735124487525645,0.2099362395871318,0.1582061266668731,0.24783761828919718,0.22185572253983826,-0.06625024289070418,0.24609320358328532,-0.015305538723572949,0.2472934623208364,0.1721874617733764,0.19517334283653825,-0.04052606046037147,0.22080796172366843
-0.07609891808148507,0.06453597132752048,-0.078630084278588,-0.015114343243657926,-0.10739473524069429,0.09365720521061194,-0.10736108526986456,0.047409530907135386,-0.07999162029353955,-0.10756075492242596,-0.014056752429405803,-0.08772597472419319,-0.10729182155663332,0.24999999999999994,-0.09969399393205859,0.009689565362262573,0.010789785368348598,-0.0961664042922255,0.04506129563359197,-0.1052293048459311,-0.10752069850765977,-0.10714519913434668,0.046060958063734,-0.04377283579423667,0.04244954463529744,-0.07583352391727746,-0.08879031692845543,-0.08981434045214795,-0.11157190109880535,0.008808035650290083,-0.12188776548447391,0.019950762152611188,-0.10829476079453643,-0.10831587485824526,-0.10583408397130453,-0.049866176067986934,-0.1077248154120326,-0.07575820433654293,-0.06797229171527801,-0.10870949987726004,0.0027786860961743387,-0.10817438891510205,-0.08672133536708238,-0.08006634331704313,-0.10819194924464914,-0.12280325700737423,0.012407797339763773,-0.10708450749263822,0.0058922396156236454,-0.10777958514772644,-0.08874957303981042,-0.08876738452364803,-0.0004987458465472972,-0.1247556312839501
0.19143524303510143,-0.09950021621219762,0.19314082393883353,0.09208348455679471,0.23333377652101095,-0.10196450907690312,0.233296920803103,-0.10973136055150626,0.19793434601764262,0.2334899738180639,0.0899626242185911,0.20378379338218916,0.23320850925668715,-0.09969399393205859,0.2500000000000002,-0.014413865399697814,0.006623403374061149,0.21613247001662833,-0.006405239270889307,0.22966651715471062,0.233501854767882,0.2330573990801183,-0.09764448847389831,0.0955130632747493,-0.06930679337499736,0.18959746822245557,0.20391269738092518,0.20298411011267622,0.19374925313381383,-0.06523394630837079,0.15445465808961004,-0.07261599888763917,0.23473162568377687,0.2346982269025333,0.23076887484200323,0.08724775717999493,0.23343109098594753,0.09038200704261119,0.07535006716223232,0.23386177672989014,-0.02921060824285731,0.23398426759535024,0.19661094478949445,0.14492658230887323,0.23446588532277338,0.20888014676610414,-0.06443582922983575,0.23272219248395293,-0.028851388655298765,0.23391819486326035,0.15885953831935068,0.18185299160803536,-0.04798081414980015,0.20794999931710356
-0.0006495419549939499,0.05450366385996054,-0.00909930716491455,0.012014249254187967,-0.019560404345638865,0.01552988496582455,-0.019584100303149613,0.044801572747434584,0.001092261895591493,-0.019641421215591533,0.03134990557196381,-0.010990384189446896,-0.019646975562603797,0.009689565362262573,-0.014413865399697814,0.2500000000000002,0.042690148594275605,-0.017274592631925774,0.04440920424232553,-0.01870406320404191,-0.01949986816273727,-0.019328724705556476,0.05771661266877496,0.034240527917702,0.05171418516318453,-0.007962452025559003,-0.012444226374130788,-0.051370750152679674,-0.05871114579101683,-0.01647577897341965,-0.06035196768145229,-0.009773868885159688,-0.02002932980625558,-0.020051048440864676,-0.023650437717155397,-0.06664190633953723,-0.020592326665442445,-0.06762768196371478,-0.04283877446993386,-0.019715098518795948,-0.02599543075505107,-0.020558141724662235,-0.057373575060061056,-0.06696902516534523,-0.020048452004223945,-0.021698011052075306,-0.007579343206426902,-0.021896838171525147,-0.025488038297678057,-0.02080417653306826,-0.09456496058311765,-0.053910481953762746,-0.017580626495150107,-0.017894759268072668
0.018347832525048926,0.04391936575680603,0.013055847434691776,0.04989122762951918,0.0007968375892611041,0.014037787956465576,0.000806992496823121,0.028681589556327106,0.021702559827812516,0.000681504226337945,0.018169155893266,0.010475176145226342,0.000755117067065076,0.010789785368348598,0.006623403374061149,0.042690148594275605,0.2500000000000002,0.004566676053460921,0.039926292546006034,0.0019193489852205794,0.000883650264230103,0.001069461138173284,0.033296577069624585,0.04565035857172009,0.07328935006213072,0.015690109930856663,0.011663697780592588,-0.030403225271360378,-0.04037808629327264,-0.026412017939911138,-0.05186270294974031,-0.028096217778301184,0.0003273628314962617,0.0002985163995471141,-0.0030112979194511194,-0.06932726695025601,-0.0007087545806077583,-0.04394795616719836,-0.0671746567913027,0.0003139351213950952,-0.03692081492551933,-0.00023209413466829685,-0.03357545199389576,-0.08781364324617802,0.00013175285883106023,-0.008611408349835075,-0.02501095591578908,-0.0015348499225054236,-0.03816402901093126,-0.00044483879834493397,-0.06345568475211516,-0.05091227393223038,-0.027407082214446928,-0.006060055771451103
0.17266098712405464,-0.09817286808636344,0.2113052430373357,0.09992399384175818,0.2296837671260881,-0.09947537193402088,0.22957074505648278,-0.10913582387608575,0.17488941303166705,0.23006043699721246,0.08876250992422706,0.20006291735428372,0.22996013711290858,-0.0961664042922255,0.21613247001662833,-0.017274592631925774,0.004566676053460921,0.24999999999999997,-0.0016171792593776527,0.22604495061328497,0.22939898374672485,0.22876590323679155,-0.09480786085555107,0.08052610191864581,-0.06716880926836966,0.20693771488856688,0.20138528054939842,0.19932309249842298,0.19005260587149803,-0.0762778797135362,0.15001211053255217,-0.06971420493764306,0.23105894787920453,0.23102498234953794,0.22711363340530846,0.0969651218074094,0.22975757815060371,0.08580010682389236,0.06952709461675716,0.23019163017610197,-0.010801929342354875,0.2303150516261773,0.1928685954019933,0.14123492321402892,0.23079320159813346,0.2048062631032137,-0.06480942068771686,0.22904634318473996,-0.010918154414564708,0.2302443092756506,0.1550585300351191,0.1781068483275448,-0.057827960696605965,0.20374908190289606
0.0019343547972272036,0.048760428670210874,0.006968775235110361,0.04365622675482619,-0.009895724418225166,0.049772385580569733,-0.009902156850086151,0.037048183717057266,0.0008114499008245569,-0.010017590094242823,0.04857472918062476,0.0009750192369473451,-0.009861097025701803,0.04506129563359197,-0.006405239270889307,0.04440920424232553,0.039926292546006034,-0.0016171792593776527,0.25000000000000017,-0.008791088705238722,-0.010072552937507527,-0.00988892252102999,0.04234831973091228,0.009648414263486864,0.048091520186287456,0.009723685238078405,0.00034880015080376934,-0.041553570135503703,-0.04984647803935413,-0.028772330591782507,-0.09096221754406572,-0.020013528614744956,-0.010357718912368167,-0.010399417708153261,-0.01365726106800586,-0.04009211242868964,-0.010921901482949584,-0.07796383561030201,-0.06685379506922312,-0.011026243043548534,-0.01732650011274985,-0.010875798350896663,-0.04449740447609957,-0.05790804695094646,-0.010368636067132094,-0.03576530570496884,-0.02096140565140445,-0.012303621042214613,-0.014558108013767833,-0.011139923429446065,-0.07410732008110553,-0.04453849531160999,-0.033141718705724285,-0.036578333669765054
0.1861938796086179,-0.10649088388590897,0.19660680662304258,0.09540541206923475,0.2433514787651932,-0.1079480341614363,0.24321658612099067,-0.11694721898601093,0.18848311922321953,0.2433384022579233,0.08727028554274846,0.21668214522892576,0.24300841464307069,-0.1052293048459311,0.22966651715471062,-0.01870406320404191,0.0019193489852205794,0.22604495061328497,-0.008791088705238722,0.24999999999999994,0.24309106451459722,0.2424687964338309,-0.10455617754259924,0.09235189660964128,-0.07493897600754622,0.19175515540980617,0.2162955845983124,0.2130178019661292,0.20377670863451697,-0.05609141089470495,0.16383936727947007,-0.07769334838939297,0.24478909932569973,0.24475580467099523,0.2408181909148188,0.09767511865462511,0.2434720485551262,0.10120127967402906,0.08302561571156943,0.24389735809364524,-0.015381646288095203,0.24403345672159307,0.2066132301833724,0.15492166655096123,0.24451914718414683,0.21859131430251752,-0.07026411956210915,0.2427745206023674,-0.01596425112986604,0.2439741409672555,0.16878886417602948,0.19185211048334758,-0.03793426833186079,0.21752911908198247
0.1903713528587291,-0.10842689593406754,0.2004486335863266,0.09445237586288686,0.2466424678802675,-0.11014160402472686,0.2465604492199907,-0.11874681382881253,0.19256560359016095,0.24676129884632214,0.08862541816670119,0.2164190520303651,0.24642491214338114,-0.10752069850765977,0.233501854767882,-0.01949986816273727,0.000883650264230103,0.22939898374672485,-0.010072552937507527,0.24309106451459722,0.25000000000000006,0.24589543147432952,-0.10665138322417898,0.09315028014040691,-0.07732031105747487,0.19552360787581755,0.21676827118475045,0.21640341648404018,0.2072314472426808,-0.058461502776381014,0.16733848083297442,-0.07328109153416508,0.2481965766324735,0.2481635065154538,0.24421937548552275,0.10064842549249595,0.24687715590212936,0.10323558120789489,0.08664021924933464,0.24730564978008787,-0.016257666925212213,0.24743838901900256,0.20999560386279623,0.15823727897684936,0.24792524457453158,0.2220301405804058,-0.0662598535142018,0.2461797369087333,-0.015878464613340228,0.24738062706056763,0.17222640421846713,0.1952254216388301,-0.0399296498125343,0.2210018925866449
0.19009666474174233,-0.1080174921393689,0.20007854875791808,0.09426493481407686,0.24600892992165438,-0.10974978383528546,0.24592679242339874,-0.1183859804546183,0.19237517958036604,0.246127082893058,0.08861280989686846,0.21590222831799533,0.2457892967165349,-0.10714519913434668,0.2330573990801183,-0.019328724705556476,0.001069461138173284,0.22876590323679155,-0.00988892252102999,0.2424687964338309,0.24589543147432952,0.24999999999999997,-0.10627211979259081,0.0931561550865884,-0.07698995293884377,0.19518188339567108,0.2161910565664664,0.21579977752499277,0.20657903753437154,-0.05874009856113062,0.1667377792323885,-0.07317645157346063,0.24755427782267292,0.24752117956844974,0.24358295209132486,0.10014033538475271,0.24623671191683283,0.10266264374842479,0.08632152237112758,0.24666456763544395,-0.016398801691445204,0.2467966078380206,0.20940068075464535,0.15765647397371058,0.2472833167584678,0.22139998362058108,-0.0661300029921171,0.2455401956733547,-0.016370392728830625,0.24673944256298222,0.1716309649248037,0.19462550568226267,-0.04020981970868489,0.2203775126989629
-0.07144081407872144,0.06966033997558391,-0.07596405242171028,-0.019061204554025254,-0.10670947023631676,0.04882088191395481,-0.10670075923458301,0.09240772912071593,-0.07080541548673597,-0.1067769436676421,-0.009025309793736098,-0.08816114082051338,-0.1066356325082131,0.046060958063734,-0.09764448847389831,0.05771661266877496,0.033296577069624585,-0.09480786085555107,0.04234831973091228,-0.10455617754259924,-0.10665138322417898,-0.10627211979259081,0.25000000000000017,-0.014354732999937326,0.07374875353680806,-0.07348797563596898,-0.08928435978500275,-0.1353471240878558,-0.10367073174546124,0.0033213891483451804,-0.10880957852555358,0.016885105806802442,-0.10768325414900135,-0.10767256131434855,-0.11095184636699848,-0.08202576562079533,-0.10781018902672479,-0.0901437621152629,-0.07317108467692343,-0.1073228023538023,-0.015441199138511455,-0.10762868583655959,-0.13856025112215234,-0.11233752982438507,-0.10758131285677784,-0.09737183310379906,0.016790288551560485,-0.1094867043440239,-0.010843715175501947,-0.10843492461681344,-0.13383939639521097,-0.12041274589792851,-0.002458278302693024,-0.09638186843488591
0.09471721031926279,-0.01223267508186441,0.0806797986102214,0.050321273768639575,0.09297908309586038,-0.04506500083771264,0.09289643710316786,-0.023987210282611145,0.10082288997949188,0.09298265098966574,0.04388260299798476,0.08723735894366304,0.0926729936617411,-0.04377283579423667,0.0955130632747493,0.034240527917702,0.04565035857172009,0.08052610191864581,0.009648414263486864,0.09235189660964128,0.09315028014040691,0.0931561550865884,-0.014354732999937326,0.2500000000000001,0.014107093813512276,0.07563022345949597,0.08563289228094131,0.06167760887222384,0.05226196395994047,-0.03957678156608247,0.042904011966937265,-0.04688643247454584,0.09317296121002604,0.09314886330232658,0.08940414847620824,-0.042190822396986405,0.09206009995411017,0.013270836827134353,-0.00010692376171412024,0.09311765872221443,-0.046553067321455706,0.0925271463909406,0.05550897217867211,0.0039650872566970785,0.09294745850724553,0.08537436496493325,-0.04108908469757029,0.091258503772647,-0.047048159180281025,0.09237828351344865,0.017628598784493823,0.04121726722379333,-0.02912885970817169,0.08801356997484076
-0.04281447157762079,0.08070956613916112,-0.05001777720784614,0.017127160871527776,-0.0773104219998688,0.04777998383114272,-0.07730623701130214,0.07347871512079251,-0.0443170554356003,-0.07748604942141436,-0.005313816477309411,-0.0570121208689628,-0.07730044019503461,0.04244954463529744,-0.06930679337499736,0.05171418516318453,0.07328935006213072,-0.06716880926836966,0.048091520186287456,-0.07493897600754622,-0.07732031105747487,-0.07698995293884377,0.07374875353680806,0.014107093813512276,0.24999999999999994,-0.04680705220107331,-0.05920877329045281,-0.10653336318060526,-0.10688421982223853,-0.00894915343166249,-0.10970263277664179,-0.0062217048331175764,-0.07830834584549128,-0.07832589553264321,-0.08125406862955938,-0.101693522390662,-0.07908177204491663,-0.08276396632136623,-0.09572052728951605,-0.0780434265507353,-0.03300439577932546,-0.07865881871056278,-0.10813642780312986,-0.14563604972255642,-0.07842545975403453,-0.07847724926090212,-0.003099464018622759,-0.08002934778906531,-0.03207623043392483,-0.07902825837827822,-0.12508444056302637,-0.11910502322461608,-0.015192848036655448,-0.07555588828783119
0.15513164518663544,-0.07631848747702004,0.18773063318426148,0.09137018177093277,0.19546837834071956,-0.07738959317206473,0.19544402686655413,-0.08763135433119777,0.16117667028526797,0.19592235332733066,0.0941361987687071,0.16684155109764068,0.19610968052769803,-0.07583352391727746,0.18959746822245557,-0.007962452025559003,0.015690109930856663,0.20693771488856688,0.009723685238078405,0.19175515540980617,0.19552360787581755,0.19518188339567108,-0.07348797563596898,0.07563022345949597,-0.04680705220107331,0.24999999999999986,0.16938054808760467,0.16495840011923643,0.1556509377878399,-0.08243520866110096,0.11554717384691499,-0.06144501778733176,0.19663308784970818,0.19659780966324736,0.19273430054158125,0.07195855067254243,0.19537110936098906,0.051773812793055395,0.047909676801887784,0.19579340283575394,-0.019687390036097808,0.19591944685910678,0.15853542273283677,0.10754816049021226,0.19638191411840716,0.17035208750740008,-0.05730261471588336,0.19462802178101377,-0.02100437053466576,0.19582130595199426,0.12074602009850735,0.14408210458928206,-0.08201561967056013,0.169398112425207
0.16275877627039184,-0.09082975956273373,0.1729211609305916,0.09535680404188737,0.21730005967922558,-0.09157880823158918,0.21713218664487932,-0.10199949606641912,0.16517871629670497,0.2169690902245018,0.07836527227356657,0.20244915501387142,0.2168144271570214,-0.08879031692845543,0.20391269738092518,-0.012444226374130788,0.011663697780592588,0.20138528054939842,0.00034880015080376934,0.2162955845983124,0.21676827118475045,0.2161910565664664,-0.08928435978500275,0.08563289228094131,-0.05920877329045281,0.16938054808760467,0.24999999999999994,0.1866096823650253,0.17739697517531744,-0.04799965447354338,0.1373560921228221,-0.07469652395379865,0.218356383071952,0.21832198390608049,0.21441515097276836,0.07783773289712581,0.21705203794427025,0.08410586811373437,0.0568490898071289,0.21747548899998745,-0.014352022568812685,0.21762408650686488,0.18023653165605816,0.12855861460004897,0.21809345698083635,0.19218574583582249,-0.09215337560512563,0.21634756028500196,-0.012815366109645112,0.21754330807782593,0.14255480242027715,0.16549423803093827,-0.03405153816132031,0.19103204541662785
0.15902949033125968,-0.11195888503265107,0.16983863309174108,0.06344278975465358,0.21652349954968317,-0.09273418485161915,0.21645331530628203,-0.1466594648202844,0.16125019620121925,0.2166536958498701,0.05734727670383336,0.18622168017145402,0.216342956803278,-0.08981434045214795,0.20298411011267622,-0.051370750152679674,-0.030403225271360378,0.19932309249842298,-0.041553570135503703,0.2130178019661292,0.21640341648404018,0.21579977752499277,-0.1353471240878558,0.06167760887222384,-0.10653336318060526,0.16495840011923643,0.1866096823650253,0.25,0.18847327133292754,-0.03675936831601472,0.17720528345521783,-0.05188689233049192,0.21809465103333528,0.2180620163446245,0.21968946792023747,0.12328695814525309,0.2176508776016557,0.12614766454106227,0.10887678305080233,0.21732480258433698,0.004416802610102842,0.21762542173861138,0.23226821243090368,0.18065831313983888,0.21786753966896005,0.19335829976547575,-0.049200207688789625,0.2191905525586268,0.0024147153366298186,0.21856343406931159,0.19820408849989185,0.20703492723829808,-0.02099992174482427,0.19234050142942405
0.1499575834039398,-0.14447831356681493,0.16059079081944833,0.05411026992330993,0.20731998290358905,-0.12043621090433233,0.20724330535901747,-0.1076258020728056,0.1520260240698804,0.20745060759071424,0.0489622877114951,0.17707075299697841,0.20717203968595016,-0.11157190109880535,0.19374925313381383,-0.05871114579101683,-0.04037808629327264,0.19005260587149803,-0.04984647803935413,0.20377670863451697,0.2072314472426808,0.20657903753437154,-0.10367073174546124,0.05226196395994047,-0.10688421982223853,0.1556509377878399,0.17739697517531744,0.18847327133292754,0.24999999999999994,-0.03090319440695732,0.19508031827520503,-0.04687215696375736,0.20889931614017992,0.20891986268461796,0.2058168845365181,0.13022876083670132,0.20824983809258202,0.13206495476303654,0.11511734640057754,0.20811673614423556,0.008481368702755367,0.20895677483298386,0.18423856768621727,0.1881515585840437,0.2087816716609875,0.20270806596960675,-0.04129767443242377,0.20736778902332823,0.010300834672465427,0.208277167216288,0.20160581808941289,0.19233663477350124,-0.013130088744861655,0.19783655632216646
-0.06499696750202888,0.004946619423258637,-0.09783613423153469,-0.04493219168150025,-0.05810533498234659,0.009192255154508899,-0.05808522596510483,0.012439382890915006,-0.07265592280332148,-0.05903802604911089,-0.061125993414298564,-0.04637339707145351,-0.05857624194262707,0.008808035650290083,-0.06523394630837079,-0.01647577897341965,-0.026412017939911138,-0.0762778797135362,-0.028772330591782507,-0.05609141089470495,-0.058461502776381014,-0.05874009856113062,0.0033213891483451804,-0.03957678156608247,-0.00894915343166249,-0.08243520866110096,-0.04799965447354338,-0.03675936831601472,-0.03090319440695732,0.2500000000000001,-0.0064228296533462735,0.029647242438376645,-0.05815875342625438,-0.05813360710907901,-0.0556351266144777,0.00658209077505281,-0.05744133294381937,0.023569461871974628,0.01929023605651097,-0.057722409777112384,0.03437069266367783,-0.05774296042269012,-0.032955379238644604,-0.003165459318299305,-0.05803553564048606,-0.042425082998212627,0.026972711398812903,-0.05682009236403562,0.03320967419917557,-0.05761530638642051,-0.009080615790985019,-0.02496920741960926,0.05563685562044065,-0.04213636853067712
0.11365018882392794,-0.12899855362497728,0.12074594246159238,0.01442454074369334,0.16729923614233572,-0.1293676397715962,0.1672209690650511,-0.11061054512593842,0.118684471733153,0.16747042852126928,0.00800433579355676,0.1372872134685664,0.1671313943587632,-0.12188776548447391,0.15445465808961004,-0.06035196768145229,-0.05186270294974031,0.15001211053255217,-0.09096221754406572,0.16383936727947007,0.16733848083297442,0.1667377792323885,-0.10880957852555358,0.042904011966937265,-0.10970263277664179,0.11554717384691499,0.1373560921228221,0.17720528345521783,0.19508031827520503,-0.0064228296533462735,0.24999999999999983,-0.024161850714336644,0.16877036513037877,0.1688044726036325,0.16912605424286764,0.11728431737858504,0.16862066864053107,0.14791485773812862,0.13103453869988402,0.1689727436178506,0.01618656860509755,0.16894632860086822,0.17566243329249612,0.17481474385935972,0.16866165449827125,0.18362013164617086,-0.017747832503952156,0.16921918383670925,0.010805200911931245,0.16894250622137214,0.19160046947669657,0.17534306563853308,0.010009714443024868,0.18326947543843655
-0.06752499037351903,0.016945913096206897,-0.06478106426061397,-0.0633363858586406,-0.07401717386146968,0.020948864921063567,-0.073683391560382,0.023500191032848852,-0.0689693025932317,-0.07312282833122555,-0.0373485913924796,-0.09785881561104537,-0.0730456125837333,0.019950762152611188,-0.07261599888763917,-0.009773868885159688,-0.028096217778301184,-0.06971420493764306,-0.020013528614744956,-0.07769334838939297,-0.07328109153416508,-0.07317645157346063,0.016885105806802442,-0.04688643247454584,-0.0062217048331175764,-0.06144501778733176,-0.07469652395379865,-0.05188689233049192,-0.04687215696375736,0.029647242438376645,-0.024161850714336644,0.25000000000000006,-0.07342738513589453,-0.07340436726160308,-0.07089620065228237,0.0016389319334621619,-0.07263148750396836,-0.008240595617614834,0.013187151251743861,-0.07299195147801726,0.025587114492983155,-0.07300561856243691,-0.04854309427648128,-0.013678126710213631,-0.07327640242537563,-0.05897902722756429,0.049372239040728454,-0.07207816586232119,0.024926725567451125,-0.07287781210662096,-0.026477396703292896,-0.038190542488651204,0.021028372104013645,-0.05868860272692648
0.19082856589804237,-0.10948653589952387,0.2015594719271897,0.09493807500362278,0.24833439793717482,-0.11096810122679368,0.24824835310375906,-0.11983341260732265,0.19297667945422142,0.24844736628658387,0.08886045416863272,0.21801607568577555,0.24810881858162928,-0.10829476079453643,0.23473162568377687,-0.02002932980625558,0.0003273628314962617,0.23105894787920453,-0.010357718912368167,0.24478909932569973,0.2481965766324735,0.24755427782267292,-0.10768325414900135,0.09317296121002604,-0.07830834584549128,0.19663308784970818,0.218356383071952,0.21809465103333528,0.20889931614017992,-0.05815875342625438,0.16877036513037877,-0.07342738513589453,0.24999999999999994,0.2498694766577887,0.24592235728513223,0.10217586349287476,0.24858100869894437,0.1044483761360038,0.08782679493651599,0.24900504952725228,-0.015069856440551825,0.24914267094531622,0.2116787555038214,0.15988933249545328,0.2496306245256826,0.22358694455391823,-0.06652155409456105,0.24788416213363879,-0.015061349819196514,0.24908616318625873,0.1738679480060175,0.19689941383224352,-0.0397001531010351,0.22253173423789746
0.1907949266652895,-0.1095136929626736,0.20152439945998527,0.09489893770919504,0.24830123291143383,-0.1109941286795289,0.24821518695315709,-0.11981480174815809,0.19294449280877468,0.24841423595499443,0.08882239085932339,0.2179817822711,0.24807568928857807,-0.10831587485824526,0.2346982269025333,-0.020051048440864676,0.0002985163995471141,0.23102498234953794,-0.010399417708153261,0.24475580467099523,0.2481635065154538,0.24752117956844974,-0.10767256131434855,0.09314886330232658,-0.07832589553264321,0.19659780966324736,0.21832198390608049,0.2180620163446245,0.20891986268461796,-0.05813360710907901,0.1688044726036325,-0.07340436726160308,0.2498694766577887,0.24999999999999997,0.24588889664787758,0.10218918045408477,0.24854826834456736,0.10447459110925088,0.08785340734509862,0.24897240506164725,-0.015053888009753132,0.2491101693844331,0.2116469287657798,0.1599052251094548,0.24959760005115728,0.22358097103723393,-0.06649710762129282,0.24785086181156796,-0.015046402038202754,0.2490529387240262,0.17388290762126896,0.19688929592245666,-0.03967467420126346,0.2225244347053424
0.1868798928944208,-0.10923051156779774,0.1976357044503088,0.09135658435843699,0.2443556281697566,-0.10847042552599909,0.24427211670843604,-0.12281648720771707,0.18904816648608117,0.24447033326373796,0.08512771658194841,0.21406832738018214,0.2441355315250878,-0.10583408397130453,0.23076887484200323,-0.023650437717155397,-0.0030112979194511194,0.22711363340530846,-0.01365726106800586,0.2408181909148188,0.24421937548552275,0.24358295209132486,-0.11095184636699848,0.08940414847620824,-0.08125406862955938,0.19273430054158125,0.21441515097276836,0.21968946792023747,0.2058168845365181,-0.0556351266144777,0.16912605424286764,-0.07089620065228237,0.24592235728513223,0.24588889664787758,0.25000000000000017,0.10428530740199077,0.24470201545371478,0.10664683727713764,0.08982699483785314,0.2450405162187499,-0.012853660758390319,0.24519145779280394,0.21390478977494579,0.16177502626366824,0.24565525203138633,0.2196747568205673,-0.06446379946588672,0.24426984182880004,-0.01318035206973145,0.24525693837131562,0.1763896605466178,0.19768758196646752,-0.037549378231444046,0.2186558790727891
0.04389034138939586,-0.09394394091522668,0.07066219224130453,0.008102392454537699,0.10083593600796456,-0.05194302523540771,0.10091750474966611,-0.0839991378422146,0.046622832371910616,0.10108472629185901,0.011508344267305737,0.07523942207596394,0.1011021735996659,-0.049866176067986934,0.08724775717999493,-0.06664190633953723,-0.06932726695025601,0.0969651218074094,-0.04009211242868964,0.09767511865462511,0.10064842549249595,0.10014033538475271,-0.08202576562079533,-0.042190822396986405,-0.101693522390662,0.07195855067254243,0.07783773289712581,0.12328695814525309,0.13022876083670132,0.00658209077505281,0.11728431737858504,0.0016389319334621619,0.10217586349287476,0.10218918045408477,0.10428530740199077,0.2500000000000002,0.10266901632582177,0.09012325009446014,0.09042678322365322,0.10160474269823375,0.04878851351597682,0.1024888998953416,0.12466829958087804,0.15320897002486517,0.10224241950377434,0.0956335600742457,0.002998330022435214,0.10339733388874714,0.04400050107281034,0.10269500849368077,0.14393687567100513,0.13297262995527034,0.009621776040426602,0.09131106303104318
