x1,x2,x3,x4,x5,x6,x7,x8,x9,x10,x11,x12,x13,x14,x15,x16,x17,x18,x19,x20,x21,x22,x23,x24,x25,x26,x27,x28,x29,x30,x31,x32,x33,x34,x35,x36,x37,x38,x39,x40,x41,x42,x43,x44,x45,x46,x47,x48,x49,x50,x51,x52,x53,x54,x55,x56,x57,x58,x59,x60
0.24999999999999997,-0.2297595824920269,0.040143791535184034,0.02826151776018429,-0.05280002672717956,0.0606787607933713,-0.022700045273788997,0.03233184795769856,-0.030537621527497404,0.031346657868073426,-0.15027585497837376,0.035685190880358264,-0.006990472110109482,-0.0659668153449093,-0.0013958303299803354,0.0013884972405018687,-0.01088718029631348,0.00731412388059164,-0.007346001106791643,-0.02606808403490026,0.009254329871375436,-0.003877835208453242,-0.022235571630879754,0.06419687110272178,-0.06061728282395411,-0.012923027189174652,0.01316728884974496,-0.012923029093312902,-0.012646833406162409,0.026060078090505062,-0.008918094935120597,-0.013126556174903917,0.02381199073679873,-0.023505433350971744,0.052563547291626,-0.04330447640074668,-0.01283049926285302,-0.012609590540853097,0.012441163217504759,-0.012923020737020232,-0.005856123050511771,0.005871217884008021,-0.008590630240647278,0.024264347710163305,-0.028285475424171515,0.04267948375181937,-0.014417974704671205,0.013949342836438188,-0.012885187931823371,0.012868293341448893,0.0004304186164035431,-7.060206000345794e-5,-0.009477340410537003,0.006674906188227043,-0.010470097861420207,0.01186860795896083,-0.01413201139828178,0.014656964236570527,-0.011426746581478343,0.011012791982837606
-0.2297595824920269,0.24999999999999986,-0.056093887777289096,-0.018026270390520266,0.04368123387737005,-0.05304063611453333,0.01038438141958836,-0.02186163409766035,0.019306628851458563,-0.020834138316114595,0.13142172095232169,-0.02206151349087126,-0.0032791522006498882,0.060460035364919354,-0.006356172865182535,0.006360643988653069,-0.00048519735009094087,0.003716659894268764,-0.0037048409929329226,0.02063622360658209,0.0008155151035687605,-0.008818973226511706,0.01391309528478488,-0.05902953329272165,0.05395974284233515,0.0007740787115860619,-0.001140488541978626,0.000774081257544839,0.0006004009208673902,-0.020641967421234465,-0.0011097702174655223,0.0010514228584278913,-0.015059005988293015,0.014594582430694237,-0.04768562084026187,0.036680355295671326,0.0006888186179389021,0.0005653552998925492,-0.000710923047340301,0.0007740811446321397,-0.0036781686497182435,0.0036262401671041476,-0.001558418643335533,-0.01767820564758407,0.01983686290935031,-0.03629718916919948,0.0024988367089494607,-0.0021965946661246464,0.000749238698878267,-0.001051121677029193,0.00026976364780946483,0.0004902311692392478,0.0005529324984829523,0.00027032696950744436,-0.00036487540838991934,-0.003961971887088168,0.0038233192247057106,-0.0070725828242083335,0.0019365850027432737,-0.0022669126749307223
0.040143791535184034,-0.056093887777289096,0.25000000000000006,-0.16597063789554922,0.14082644802449884,-0.11838819938667668,0.1795066097666838,-0.12264685583091088,0.15132577068707012,-0.14814287287811517,0.03973344473086739,0.08464343268252003,-0.05711407427931096,0.0660127288091179,0.18798820262170685,-0.1879815932065974,0.19064129225896212,-0.1854053354343808,0.18551348599227618,0.0685973348871546,0.06681550365792724,-0.04227737529281553,0.15377379828197638,-0.05932681345372833,0.07397389121980874,0.1912102986326873,-0.1876900585350869,0.1912102907316159,0.19080701992304214,-0.06833781603363447,-0.06443893301171023,0.19045670579969892,-0.12615864201748797,0.1287290099810863,-0.04811088463687116,0.07559969511352137,0.19065872820541846,0.1905511550932492,-0.18596975679328834,0.19121019757315133,0.1608563171787619,-0.16035680159291493,0.17352615466541474,-0.09829627933762525,0.11553485940718268,-0.07419221638182119,0.18663881599371018,-0.1850710438597851,0.19102088602937786,-0.18579589519330109,-0.014089337998741121,-0.00421352958277094,0.13904222478236763,-0.10704551563394706,0.17045872002532272,-0.11975687972752402,0.1588441864661604,-0.11325389118053766,0.1475204032156187,-0.13515317830502974
0.02826151776018429,-0.018026270390520266,-0.16597063789554922,0.2500000000000001,-0.16547543823876099,0.1537343614617352,-0.11134743567615743,0.06545142383572378,-0.08756188932057044,0.08795928615673847,-0.09659977546515713,-0.013949121875121418,-0.006093222165865466,0.00015399634308615713,-0.11119055315197354,0.111187614715832,-0.11329196799866864,0.10889108147032986,-0.10894772952297335,-0.032525109703017516,-0.035686697736209146,0.012320019070271589,-0.07846824584470091,-0.0034538141519406956,-0.010481723826410397,-0.11374267681233242,0.11137854557057465,-0.11374267043299943,-0.11358809203660018,0.03237501495565207,0.03433804338697469,-0.11305236682436351,0.06377342604972334,-0.06572032617781952,-0.00033794141173260615,-0.02383609894553503,-0.11345442648351856,-0.11347748900440009,0.11065526894237485,-0.11374261533640008,-0.09858719303704402,0.0982507476813953,-0.10493987029653379,0.047482795971694094,-0.0560595766260905,0.023279526510899477,-0.11013390890340238,0.10937823138541823,-0.11364372495166035,0.11033475142916864,0.00895110681459172,0.0024301497206240855,-0.08228800999182467,0.06375958141361956,-0.1020710626859308,0.0694200159944588,-0.09269191456302024,0.06367947814670205,-0.08691724398395752,0.07925637279688036
-0.05280002672717956,0.04368123387737005,0.14082644802449884,-0.16547543823876099,0.25000000000000006,-0.21662277809661043,0.19196306008065375,-0.13884901663265703,0.16344907595057473,-0.153920844023961,0.12355931488892194,-0.008361930493224555,0.0402592498461924,0.05289728019073105,0.17580753400138788,-0.1757897055324372,0.1922827002382987,-0.18708204958700053,0.18725112329782975,0.049810372560275526,0.004238372139105405,0.02423975724227027,0.15343963000524946,-0.04739806741018057,0.0640119631187551,0.1958165429578404,-0.19257246179128149,0.195816531927501,0.19495461228329847,-0.04955512467318396,-0.0022598003302632674,0.1949820039645917,-0.13174994224876213,0.13419057242002838,-0.039278213114886135,0.06999077978776054,0.19544220051617928,0.19482300069055003,-0.18986605147602187,0.19581642502519866,0.16284858863914153,-0.1623109772943452,0.17392258510417163,-0.09669991350016746,0.11771945307681356,-0.06787864575243731,0.1904152842542169,-0.1885151285982276,0.19562904779892037,-0.19022253607211548,-0.01305859829729275,-0.0058436838542968335,0.14360199065085966,-0.11120259544446402,0.17493870789271745,-0.12212395412556115,0.16219115353743518,-0.11459449263193987,0.15113327943757657,-0.13864596674420324
0.0606787607933713,-0.05304063611453333,-0.11838819938667668,0.1537343614617352,-0.21662277809661043,0.2500000000000002,-0.17448435415130423,0.12227399577946817,-0.14243973119886222,0.13387760104972515,-0.12955646586400485,0.018751658847004013,-0.040258494808108586,-0.04029098249406515,-0.1516109162647161,0.1515960705652318,-0.1648256787240418,0.15995645126787505,-0.16009350234947223,-0.04472716801324903,7.873950563406021e-5,-0.027095603786248264,-0.12746023565200637,0.03565200254226639,-0.05144270015633113,-0.1676601834265679,0.16485452164608388,-0.16766017386834778,-0.1669380356260729,0.04451088854896392,-0.001659690554414071,-0.16687231154658325,0.10992157839166614,-0.11215061089047504,0.030379492119776922,-0.058020536567068924,-0.167343355904733,-0.16682239789276423,0.16255886004463424,-0.16766008221713644,-0.1398118232324631,0.13934227459298937,-0.1491632675501987,0.08094317867550822,-0.09867087680470096,0.05625020985862658,-0.16303868068023242,0.16142799814008493,-0.16750080657307148,0.16284424661776395,0.01143153115649377,0.0048018311271505534,-0.12264291689096551,0.09503808652997377,-0.149901496430311,0.10456997429729616,-0.13875169296416381,0.09790433280614004,-0.1293013753069052,0.11852574962495509
-0.022700045273788997,0.01038438141958836,0.1795066097666838,-0.11134743567615743,0.19196306008065375,-0.17448435415130423,0.2500000000000001,-0.18813620743246895,0.20956536943716314,-0.1906503687171484,0.10320420010824782,0.02204267285970669,0.010962997087388862,0.09104390969015137,0.2182245718541031,-0.21820491712641704,0.23470593278785165,-0.22894211145234228,0.22913729846820413,0.06892281618018041,0.015312612707819622,0.014033512221937872,0.1943790892531355,-0.08372622707034497,0.10087955228497877,0.23824108348991224,-0.23441504794466317,0.2382410714424974,0.23719851030464295,-0.06861033470120102,-0.012818195032911203,0.237365634735552,-0.16579084743620387,0.16857548439800304,-0.06693418920082368,0.09924327243979432,0.23773608284843703,0.2369856099082751,-0.23102424677511932,0.23824094272112767,0.19665677123032452,-0.19602916382352095,0.21111408460597542,-0.12439085453035517,0.1504847622818172,-0.09659697143006357,0.23237421192485141,-0.22998072234614453,0.23800357464696825,-0.23155165658107832,-0.015852207626377474,-0.006822134813912012,0.17463123789466195,-0.1349107802130681,0.21241294486092513,-0.14989236248749138,0.19853454268830406,-0.14197182608486417,0.1843714884817697,-0.16930168284814529
0.03233184795769856,-0.02186163409766035,-0.12264685583091088,0.06545142383572378,-0.13884901663265703,0.12227399577946817,-0.18813620743246895,0.2500000000000003,-0.21512511324338776,0.16248146174558767,-0.09516781201633584,-0.000771081625640363,-0.03141264207726304,-0.0679568232490418,-0.1577707058488017,0.15775328133185693,-0.1742094273979696,0.16934712040442138,-0.1695077097877517,-0.03393247576386484,-0.0003302257563919664,-0.01915057162188883,-0.14838785077205124,0.062251655656675155,-0.07400145900501166,-0.1777354588804057,0.17499295441474338,-0.17773544808137598,-0.17676947148628747,0.033704608794048733,-0.001779355504150671,-0.17713030820789058,0.12339043470425816,-0.1253621341768912,0.045390600972935485,-0.06933739734066334,-0.17742360624696818,-0.1766240108919531,0.17193135745728821,-0.17773534948124342,-0.14652637952976788,0.14606097695632028,-0.15669015220656832,0.09003627222344202,-0.11030169036390776,0.06720225448160103,-0.1730688643194287,0.17112080430257778,-0.17756196995486206,0.17270871531743928,0.011561592256434602,0.0054676689199726364,-0.13052492277764638,0.10107483799937302,-0.15867816418942393,0.1114840825564815,-0.14774083069800342,0.10506889044290693,-0.13746314668347293,0.12619653341974457
-0.030537621527497404,0.019306628851458563,0.15132577068707012,-0.08756188932057044,0.16344907595057473,-0.14243973119886222,0.20956536943716314,-0.21512511324338776,0.2499999999999998,-0.19427178466738734,0.09869112582794241,0.01823221396172209,0.014471547205147981,0.08689123328604938,0.1875332177161601,-0.18751460414677545,0.20401482474574842,-0.198265425433783,0.19844121436193873,0.051587379709986975,0.011652133818193803,0.010001318003828523,0.17440663734097003,-0.08003271461521794,0.09338899108480134,0.20755003786596524,-0.20432739071992764,0.207550026680058,0.206534762443199,-0.05131720653598041,-0.009250940245608486,0.206850695210595,-0.1459089529410498,0.14824479446358738,-0.06050056182712243,0.08728625735345993,0.20713176238599568,0.20633968452195728,-0.20100633168235105,0.2075499136862855,0.17091849345558788,-0.17037980281364132,0.18343970772014345,-0.10872815222891748,0.13197333070441747,-0.08488990294215243,0.2024356378050997,-0.20023220295805255,0.20734285521770326,-0.20173310435784164,-0.013646646030354195,-0.0060904571175239754,0.15229458327607717,-0.11768707165332618,0.1850418308074514,-0.1306608740940067,0.1730300403239802,-0.12380029281552062,0.16069104626489508,-0.14758859441498895
0.031346657868073426,-0.020834138316114595,-0.14814287287811517,0.08795928615673847,-0.153920844023961,0.13387760104972515,-0.1906503687171484,0.16248146174558767,-0.19427178466738734,0.2500000000000003,-0.09586342845873587,-0.021801020794609063,0.007935627043350766,-0.08955933324278256,-0.17917562934480313,0.17915981062663458,-0.1921143457126855,0.18703131818865285,-0.18717941702198385,-0.06718606045314783,-0.013155379592846003,-0.008693147177576348,-0.16074026231843122,0.0830719692734345,-0.0969492842263351,-0.1948896117383297,0.191888521271134,-0.19488960290236407,-0.1940189646279174,0.06692594983927969,0.011248202042669311,-0.19415351009573045,0.13765759518829088,-0.1400329597099701,0.06677381866046077,-0.09138217700712162,-0.1944401600558614,-0.19382122488532966,0.1889688785854063,-0.1948894982989171,-0.16006064953138147,0.15954955565973347,-0.17254482805217358,0.10618131291563701,-0.1276847423858049,0.08919929498902275,-0.19065832948098355,0.18863222245959702,-0.1946882751600007,0.18949446615100185,0.013153079841919758,0.0051644904900570825,-0.14257823218189294,0.10991657729911405,-0.17347597940806214,0.1236690257995961,-0.16331732519406947,0.11806432751706751,-0.15114454993848866,0.13887487710261848
-0.15027585497837376,0.13142172095232169,0.03973344473086739,-0.09659977546515713,0.12355931488892194,-0.12955646586400485,0.10320420010824782,-0.09516781201633584,0.09869112582794241,-0.09586342845873587,0.25,-0.12447078264402811,0.09515224530938077,0.006887546557876765,0.07300351620472402,-0.07298973631019767,0.08948513877293995,-0.08433569072420775,0.0844301402758801,0.034604553289036805,-0.05864323955142595,0.08785502849879306,0.05004227156132597,-0.0047196866357306876,0.021742433850219435,0.09302039953449032,-0.09165441800190584,0.09302039300309767,0.09237849827630105,-0.03450504262020886,0.05841372037774451,0.09220123775501948,-0.051886188341526786,0.05367941398464992,-0.010623455415479589,0.0313842475839467,0.09293696819732036,0.09238052664736991,-0.0898433377863335,0.09302033515336798,0.07704545171670772,-0.076732336892133,0.08122567477712994,-0.03926976630995378,0.05021660390559675,-0.030110118201489813,0.09072498399169357,-0.08965381969573075,0.0929326961121692,-0.09029048802274278,-0.00684806176143929,-0.002198298141396365,0.06702165490315759,-0.052376483762349726,0.0836026939118392,-0.059054796887666544,0.07727327933247934,-0.05487506021876623,0.07171920695175006,-0.06553629420614315
0.035685190880358264,-0.02206151349087126,0.08464343268252003,-0.013949121875121418,-0.008361930493224555,0.018751658847004013,0.02204267285970669,-0.000771081625640363,0.01823221396172209,-0.021801020794609063,-0.12447078264402811,0.2499999999999999,-0.21684743537357778,0.11497357119069176,0.052523888520956886,-0.05253206551848214,0.03604339464797477,-0.032962021029089225,0.032918591303448805,0.038753809623226554,0.17858886317658057,-0.20753123377003146,0.07531902194975308,-0.10963196075806064,0.0927940145064725,0.03250826111780114,-0.031557106513439286,0.03250826722857933,0.03308843398072793,-0.03867711054544651,-0.17630911200303837,0.03332211318697401,-0.046571382553130265,0.04591616107816087,-0.07906594695660528,0.06105120238800923,0.03195455417712079,0.032785300888811895,-0.03270019883530216,0.032508276859090794,0.026137407950018808,-0.026221108518948426,0.03430397894706078,-0.047928341092410016,0.047013154512646226,-0.06170617293599847,0.03405564521530906,-0.03405798774694137,0.032441865035497744,-0.0320437684859991,-0.0031311387010263944,0.0011348012935697934,0.023563879812415676,-0.01595793199168384,0.026779436247572955,-0.02308879342730007,0.030469425804957876,-0.027027012709325875,0.02640841340841503,-0.024763769590242773
-0.006990472110109482,-0.0032791522006498882,-0.05711407427931096,-0.006093222165865466,0.0402592498461924,-0.040258494808108586,0.010962997087388862,-0.03141264207726304,0.014471547205147981,0.007935627043350766,0.09515224530938077,-0.21684743537357778,0.25,-0.14777061778469236,-0.0193725085947589,0.019381395534681652,-0.0028912639321157993,-0.0001580509514168648,0.00022738396725700827,-0.07156995804892324,-0.14560428834051503,0.17481408556026742,-0.04229987680855375,0.1424408389274887,-0.12552187312836877,0.000644033771142135,-0.0006424450873107742,0.0006440227880060989,6.242030324067963e-5,0.07154089458419793,0.14487346466714934,-0.0001699440622613983,0.028451497920625367,-0.02764145248471762,0.11188198776608879,-0.08362576692753981,0.0011968123341233072,0.0003658698051393265,0.0005566635925448169,0.0006439975399180239,0.005167021043917018,-0.004994564732750869,-0.0027168635242607597,0.04371397558739503,-0.04100939564790612,0.08427872375385964,-0.003831908006858141,0.0038987147246133677,0.000701929814552256,7.449597234297995e-5,0.001445884001104784,-0.00342464048572876,0.001976070569632126,-0.004288145009559251,0.0035567262145490583,0.0065634514094842535,-0.006280694103078343,0.014490990064331674,-0.001989194562303157,0.0025947317926191377
-0.0659668153449093,0.060460035364919354,0.0660127288091179,0.00015399634308615713,0.05289728019073105,-0.04029098249406515,0.09104390969015137,-0.0679568232490418,0.08689123328604938,-0.08955933324278256,0.006887546557876765,0.11497357119069176,-0.14777061778469236,0.25000000000000017,0.08156804392805807,-0.08155068375642462,0.09804982500994487,-0.09401959362291565,0.0941537209925998,0.09507906140474018,0.04538981145355485,-0.07287607988571645,0.14357152879390608,-0.2423049147381057,0.22562084525057188,0.10158503639721495,-0.10118064706951482,0.10158504157464093,0.10075346538188158,-0.0949303986414101,-0.04460644092732888,0.10238102646977924,-0.12960730952623756,0.128837389094887,-0.192537418256912,0.1656097675018385,0.10103143332282517,0.10052184155903297,-0.09874907680808252,0.10158499126918943,0.0692115079105723,-0.06914940485754956,0.08295374003824578,-0.11712744414124691,0.13507394006417545,-0.16335311749184134,0.10456827807151897,-0.1027215876761527,0.10140211194591132,-0.09980202280449689,-0.004751307744334128,-0.0020551890473676187,0.07581889152020886,-0.05588373885454264,0.086580524189507,-0.07456295886573085,0.09511851219766915,-0.08221802946097508,0.08321638034931755,-0.0783814061324405
-0.0013958303299803354,-0.006356172865182535,0.18798820262170685,-0.11119055315197354,0.17580753400138788,-0.1516109162647161,0.2182245718541031,-0.1577707058488017,0.1875332177161601,-0.17917562934480313,0.07300351620472402,0.052523888520956886,-0.0193725085947589,0.08156804392805807,0.25000000000000006,-0.24997822214399454,0.23351470369818464,-0.2278067277233117,0.2278578631993095,0.07424081773796727,0.03872871866378107,-0.010056284618171808,0.18649222741444563,-0.07613941325865022,0.09329268129417817,0.22998275064147616,-0.22608972875648034,0.22998274002830194,0.22919064922036103,-0.07393320246607062,-0.036186852889109666,0.22910734506075106,-0.15746745978664625,0.16030738637473202,-0.06191601498451533,0.09398845135702816,0.22942859307260438,0.2289490020115105,-0.22332007897010714,0.2299826201593326,0.1911439319108119,-0.19053787025010355,0.2055705339198421,-0.11970846325319379,0.1432909021538226,-0.09175051268575976,0.22434852599683586,-0.2222188647321657,0.22975401069111595,-0.2235078120624166,-0.015830932649151107,-0.006100626514489936,0.16818006361649504,-0.12975158476142704,0.20501731698941195,-0.1443922032222868,0.19141924889520323,-0.13670279128729068,0.17778579623786828,-0.16314310274901195
0.0013884972405018687,0.006360643988653069,-0.1879815932065974,0.111187614715832,-0.1757897055324372,0.1515960705652318,-0.21820491712641704,0.15775328133185693,-0.18751460414677545,0.17915981062663458,-0.07298973631019767,-0.05253206551848214,0.019381395534681652,-0.08155068375642462,-0.24997822214399454,0.2500000000000002,-0.23349783418879919,0.22779012931072065,-0.22784118636007739,-0.07423511700258197,-0.03873777008881521,0.010066383951055698,-0.18647331584607163,0.0761233938856079,-0.09327626085612453,-0.22996257603956338,0.22606974063524746,-0.22996256542740337,-0.22917067179510037,0.07392752747500786,0.03619600615591084,-0.2290871942936132,0.15744968902592368,-0.1602895211853877,0.06190312555324537,-0.09397456918091739,-0.2294084435562784,-0.2289290243260795,0.22330061353209524,-0.22996244557128645,-0.19112845360428057,0.19052243899829102,-0.20555377324708268,0.11969511764012494,-0.14327432565957188,0.09173704565630891,-0.22432867727301953,0.2221993214458756,-0.22973385953665137,0.22348815373644998,0.015829959526246315,0.006099809284650394,-0.16816497432225933,0.1297399544448785,-0.20499948037678636,0.14437900947919324,-0.1914019415346127,0.1366898182856852,-0.17776991538586584,0.16312837588669327
-0.01088718029631348,-0.00048519735009094087,0.19064129225896212,-0.11329196799866864,0.1922827002382987,-0.1648256787240418,0.23470593278785165,-0.1742094273979696,0.20401482474574842,-0.1921143457126855,0.08948513877293995,0.03604339464797477,-0.0028912639321157993,0.09804982500994487,0.23351470369818464,-0.23349783418879919,0.25000000000000006,-0.24420541420320033,0.244272246610597,0.07537253651679339,0.023254566084481617,0.006425020847754009,0.2022041046298795,-0.09103611626480906,0.10834808999781965,0.2464645299361705,-0.24247896376618489,0.2464645180099113,0.24541269233767482,-0.07504389686719976,-0.020698216914318085,0.2455848945401583,-0.17316602267034692,0.17601566732754145,-0.07400913503092392,0.10647986850256565,0.24591036065565244,0.24519857880418602,-0.2391078841435479,0.24646438633153317,0.20332188020513886,-0.202678496579512,0.2186711068195992,-0.13109679036539532,0.15784803562674862,-0.10379549219044945,0.24057518420418836,-0.23812236366925912,0.24621607303258977,-0.23957871470495445,-0.016453443339316795,-0.006914822138211193,0.1806513788623334,-0.13940585629386038,0.21957791008098235,-0.15530814507738186,0.20567967284999195,-0.14750448733376798,0.19084263200397292,-0.17529754453304636
0.00731412388059164,0.003716659894268764,-0.1854053354343808,0.10889108147032986,-0.18708204958700053,0.15995645126787505,-0.22894211145234228,0.16934712040442138,-0.198265425433783,0.18703131818865285,-0.08433569072420775,-0.032962021029089225,-0.0001580509514168648,-0.09401959362291565,-0.2278067277233117,0.22779012931072065,-0.24420541420320033,0.2500000000000001,-0.24979409479409292,-0.06969526096990375,-0.020674511291032205,-0.008964847959624354,-0.196809615529001,0.08706383060987061,-0.10406113124094629,-0.24067051274669185,0.23676497773152222,-0.2406705006410934,-0.2396193756916076,0.0693787809604479,0.01813981222637307,-0.23981215266055045,0.16782391612414752,-0.1706025115453066,0.06993138801342585,-0.10186403420662957,-0.24014340383138402,-0.23940969392167383,0.23340985630327402,-0.24067037166853422,-0.19868274977490852,0.198054498549577,-0.21349345031241948,0.1264684998265763,-0.1526242201752013,0.09922804376703218,-0.23484821880759374,0.23243337553082322,-0.24042941223856362,0.23392538424523165,0.016115104252193157,0.006755987060091665,-0.1763205651872283,0.13614748825571063,-0.21452158158868842,0.15155881786475137,-0.20068431573918297,0.14371134610091674,-0.1862859610327137,0.1710575332427604
-0.007346001106791643,-0.0037048409929329226,0.18551348599227618,-0.10894772952297335,0.18725112329782975,-0.16009350234947223,0.22913729846820413,-0.1695077097877517,0.19844121436193873,-0.18717941702198385,0.0844301402758801,0.032918591303448805,0.00022738396725700827,0.0941537209925998,0.2278578631993095,-0.22784118636007739,0.244272246610597,-0.24979409479409292,0.25000000000000006,0.0696618363319885,0.020615547723255568,0.009039702587819755,0.19699128309906272,-0.08718904513705993,0.10419245777924697,0.24087369462179384,-0.23696587412093745,0.24087368249996585,0.23981967027182421,-0.06934510713669897,-0.0180790105266288,0.24001497534133498,-0.1679826576684798,0.17076261994309183,-0.07002576769787895,0.10197411861062508,0.2403463486490189,0.23961036751355005,-0.23360431903292417,0.24087355340907848,0.19884488966770195,-0.19821616039967624,0.21366747938042818,-0.1265855843067602,0.15276921632611923,-0.09933469592166994,0.23504726680717508,-0.23262888190289727,0.24063237673732746,-0.2341230856978793,-0.016127429118264203,-0.006762476927484357,0.17647062842835373,-0.13626352985513407,0.21470227344000786,-0.15168942979407143,0.2008560144175883,-0.14383694467822736,0.18644447608910283,-0.1712036006332827
-0.02606808403490026,0.02063622360658209,0.0685973348871546,-0.032525109703017516,0.049810372560275526,-0.04472716801324903,0.06892281618018041,-0.03393247576386484,0.051587379709986975,-0.06718606045314783,0.034604553289036805,0.038753809623226554,-0.07156995804892324,0.09507906140474018,0.07424081773796727,-0.07423511700258197,0.07537253651679339,-0.06969526096990375,0.0696618363319885,0.24999999999999992,-0.008531992085960692,-0.02006548275707232,0.09106105997734815,-0.09822352580951085,0.10354211650440293,0.07878768574258978,-0.07932442186855027,0.07878770762662034,0.07983998931322245,-0.24954447154727488,0.006803789534746165,0.07789911277377488,-0.11870447370931979,0.12059247520695114,-0.11706430974814984,0.1249181949745636,0.0782338962432981,0.07955350759036446,-0.08011680087981016,0.07878765971029057,0.054222714390843106,-0.053891490472965806,0.0645842752466377,-0.10968451347753824,0.12337478068871663,-0.12365635898212074,0.07919646987602663,-0.07938557254865787,0.07864493270713618,-0.07753727650279,-2.60769822356377e-5,-0.0050926378568606065,0.06399727285244666,-0.046426646199302576,0.06564695982809034,-0.05369108681637887,0.07287428404104629,-0.06090361524748368,0.06459124163016548,-0.06239344694718164
0.009254329871375436,0.0008155151035687605,0.06681550365792724,-0.035686697736209146,0.004238372139105405,7.873950563406021e-5,0.015312612707819622,-0.0003302257563919664,0.011652133818193803,-0.013155379592846003,-0.05864323955142595,0.17858886317658057,-0.14560428834051503,0.04538981145355485,0.03872871866378107,-0.03873777008881521,0.023254566084481617,-0.020674511291032205,0.020615547723255568,-0.008531992085960692,0.25000000000000006,-0.22031999749364872,0.007405181108485268,-0.04245481345867681,0.025634662571890985,0.019719448704038103,-0.01811630662757762,0.019719449029320574,0.020717120817998196,0.00861702957219713,-0.24743388823322274,0.0206086998102486,0.021367388012658493,-0.022165272198668977,-0.01980624393591342,0.0007520565326917718,0.01916576078928239,0.020446979945145115,-0.02051663268012508,0.019719480058101185,0.024683684391167353,-0.02485823164907056,0.030584536039209458,0.008863113352785485,-0.01819028218740437,-0.002587705055423741,0.021389524128427713,-0.02201760653569962,0.019702580405452624,-0.0189436900144628,-0.008033493630365771,0.0058203776355491834,0.006779879985281767,-0.004604543162438623,0.018538159640816496,-0.014060874522517221,0.015718344595761324,-0.012351002995556559,0.013879314159634533,-0.010567478718336345
-0.003877835208453242,-0.008818973226511706,-0.04227737529281553,0.012320019070271589,0.02423975724227027,-0.027095603786248264,0.014033512221937872,-0.01915057162188883,0.010001318003828523,-0.008693147177576348,0.08785502849879306,-0.20753123377003146,0.17481408556026742,-0.07287607988571645,-0.010056284618171808,0.010066383951055698,0.006425020847754009,-0.008964847959624354,0.009039702587819755,-0.02006548275707232,-0.22031999749364872,0.2499999999999999,-0.03447362592871167,0.07088853160811207,-0.05388556357894037,0.009960316906492355,-0.010757926034626357,0.009960309543106546,0.00896057603497866,0.02003512447414119,0.21806028926981025,0.009070934291969934,0.005935293375314061,-0.005123194255821332,0.048314693204337934,-0.028981494701104636,0.010513914135206385,0.009229968714328803,-0.008282311994887317,0.00996026783041485,0.004830457940384815,-0.004637377559297547,-0.0010045269312544992,0.01881069405235999,-0.009225094118219456,0.03083297551769039,0.007716646042358553,-0.007029119569678622,0.009976138728238004,-0.009367167859002544,0.0018205565490186737,-0.0035099457683265755,0.008725951277038669,-0.009076544815436733,0.010740290060903298,-0.0050270620657415005,0.006283029246119782,-0.0007979739118592154,0.007272313249149503,-0.006634441243877568
-0.022235571630879754,0.01391309528478488,0.15377379828197638,-0.07846824584470091,0.15343963000524946,-0.12746023565200637,0.1943790892531355,-0.14838785077205124,0.17440663734097003,-0.16074026231843122,0.05004227156132597,0.07531902194975308,-0.04229987680855375,0.14357152879390608,0.18649222741444563,-0.18647331584607163,0.2022041046298795,-0.196809615529001,0.19699128309906272,0.09106105997734815,0.007405181108485268,-0.03447362592871167,0.25000000000000006,-0.1383267959087013,0.1551514850563452,0.2055658669690904,-0.20238847866305687,0.20556586100641172,0.20451230705258183,-0.09086947164616105,-0.004911652411414468,0.20644085677996338,-0.22095597522233343,0.22019013185404776,-0.12064356627151114,0.14575626334329195,0.20501169729771157,0.20428257274568978,-0.1994490804796571,0.2055657457687273,0.16314186939165515,-0.16280791211155168,0.17868607646486467,-0.174303170448535,0.19755846819183595,-0.14299594458466963,0.20030977077500503,-0.1979110509561825,0.20531921934410252,-0.20056415934597843,-0.008243022932290744,-0.009814305497950128,0.1593988366452277,-0.12060365800478057,0.17918317511138515,-0.1286638003178842,0.17521300224116435,-0.12918898898282033,0.16171149906783067,-0.15161650190652942
0.06419687110272178,-0.05902953329272165,-0.05932681345372833,-0.0034538141519406956,-0.04739806741018057,0.03565200254226639,-0.08372622707034497,0.062251655656675155,-0.08003271461521794,0.0830719692734345,-0.0047196866357306876,-0.10963196075806064,0.1424408389274887,-0.2423049147381057,-0.07613941325865022,0.0761233938856079,-0.09103611626480906,0.08706383060987061,-0.08718904513705993,-0.09822352580951085,-0.04245481345867681,0.07088853160811207,-0.1383267959087013,0.25,-0.2325938194393284,-0.09389295962268787,0.09366596282075998,-0.09389296576890038,-0.0930641395433647,0.09808884345956072,0.04194397973720956,-0.09477567614999202,0.12747720739283003,-0.1265097462716069,0.1995662088564128,-0.16991273225442247,-0.0933404198182218,-0.09283258072806061,0.09128934481141217,-0.09389291939547798,-0.061998191378967046,0.061967391080257644,-0.07566490785475724,0.11698624421743223,-0.13445799372324446,0.16766243884583723,-0.0974027520865201,0.0955769297263754,-0.09371268091609017,0.09238841561993709,0.004155648400578542,0.0017462032809969956,-0.07022758216838773,0.05141452963775475,-0.07948947024435843,0.07040397508005,-0.08936253685700368,0.07897681411445603,-0.07754009635686233,0.07328961643087725
-0.06061728282395411,0.05395974284233515,0.07397389121980874,-0.010481723826410397,0.0640119631187551,-0.05144270015633113,0.10087955228497877,-0.07400145900501166,0.09338899108480134,-0.0969492842263351,0.021742433850219435,0.0927940145064725,-0.12552187312836877,0.22562084525057188,0.09329268129417817,-0.09327626085612453,0.10834808999781965,-0.10406113124094629,0.10419245777924697,0.10354211650440293,0.025634662571890985,-0.05388556357894037,0.1551514850563452,-0.2325938194393284,0.2500000000000001,0.11122672411711405,-0.110925226469229,0.11122672882762086,0.1101741041107789,-0.10341036828714224,-0.02511956423539033,0.11208826083967835,-0.1442843005630784,0.14336366074665777,-0.21498163517580926,0.18590702245480065,0.11067314115141938,0.10994344095757294,-0.10796379317255585,0.11122666937136426,0.07441906157571021,-0.07434761425308484,0.08911851689074302,-0.12939972218437498,0.1506434205384331,-0.18313016169253654,0.11466025396319565,-0.11250906836111998,0.11102380813587057,-0.10930939328847748,-0.004888658809055374,-0.002468659318721768,0.08319750189338017,-0.06143839856533744,0.09477184648423448,-0.08229072933378835,0.1046397430330064,-0.09093566850759645,0.09137686859796251,-0.08616103536782387
-0.012923027189174652,0.0007740787115860619,0.1912102986326873,-0.11374267681233242,0.1958165429578404,-0.1676601834265679,0.23824108348991224,-0.1777354588804057,0.20755003786596524,-0.1948896117383297,0.09302039953449032,0.03250826111780114,0.000644033771142135,0.10158503639721495,0.22998275064147616,-0.22996257603956338,0.2464645299361705,-0.24067051274669185,0.24087369462179384,0.07878768574258978,0.019719448704038103,0.009960316906492355,0.2055658669690904,-0.09389295962268787,0.11122672411711405,0.2500000000000002,-0.2460055027562336,0.24999975221058657,0.24894573742280096,-0.07845676881944226,-0.01716308676117169,0.24911032338295036,-0.1765230122631789,0.17939258506929504,-0.07621012614385565,0.10892376635437027,0.24944559170871186,0.24871646113899318,-0.2425591365888847,0.24999961770430976,0.2058952266627347,-0.20524183040508467,0.22142640362896537,-0.13345114418076773,0.160934967388203,-0.10614004846736572,0.24403603078038877,-0.24154731729150497,0.24974725300917056,-0.24302436192321145,-0.016535248276157436,-0.007142964525279474,0.1833588730040984,-0.14150991075058847,0.22270446636125169,-0.1576195619097908,0.20871943045018984,-0.14977737520794698,0.193641346329338,-0.17791025423114332
0.01316728884974496,-0.001140488541978626,-0.1876900585350869,0.11137854557057465,-0.19257246179128149,0.16485452164608388,-0.23441504794466317,0.17499295441474338,-0.20432739071992764,0.191888521271134,-0.09165441800190584,-0.031557106513439286,-0.0006424450873107742,-0.10118064706951482,-0.22608972875648034,0.22606974063524746,-0.24247896376618489,0.23676497773152222,-0.23696587412093745,-0.07932442186855027,-0.01811630662757762,-0.010757926034626357,-0.20238847866305687,0.09366596282075998,-0.110925226469229,-0.2460055027562336,0.24999999999999994,-0.24600549134573846,-0.24495738268075173,0.07900067946987151,0.015661595720995337,-0.24511825754723215,0.17417141115899332,-0.1770244073775948,0.07657322175350338,-0.10841952933281115,-0.24654599626601478,-0.2447283195427242,0.23866364222053724,-0.24600535859387415,-0.20222404285776413,0.2015790472157997,-0.2176357384206301,0.1317154825853273,-0.15904048316590627,0.10564813476370163,-0.2401933027798635,0.23772768122999194,-0.24575637155468577,0.23915199963124176,0.01612864804760284,0.007132136784352981,-0.1804711460751378,0.13928025949228,-0.2191206763893824,0.1552431795347776,-0.205501024807918,0.1476256264738815,-0.19061132099691197,0.17515338463921834
-0.012923029093312902,0.000774081257544839,0.1912102907316159,-0.11374267043299943,0.195816531927501,-0.16766017386834778,0.2382410714424974,-0.17773544808137598,0.207550026680058,-0.19488960290236407,0.09302039300309767,0.03250826722857933,0.0006440227880060989,0.10158504157464093,0.22998274002830194,-0.22996256542740337,0.2464645180099113,-0.2406705006410934,0.24087368249996585,0.07878770762662034,0.019719449029320574,0.009960309543106546,0.20556586100641172,-0.09389296576890038,0.11122672882762086,0.24999975221058657,-0.24600549134573846,0.24999999999999997,0.248945725838718,-0.07845679071583929,-0.017163087397610244,0.24911031152972912,-0.17652301137619197,0.17939258422291585,-0.07621013479683998,0.1089237724357273,0.24944557988266836,0.24871644953131547,-0.24255912556661535,0.24999960590055315,0.20589521557081467,-0.205241819326065,0.22142639252043222,-0.13345114579860684,0.1609349684592387,-0.10614005463335512,0.24403601957248341,-0.24154730631243512,0.24974724120957054,-0.24302435056529792,-0.01653524686881281,-0.007142964524166727,0.18335886505324633,-0.14150990425645435,0.222704455304835,-0.157619555018552,0.20871942147960265,-0.14977736986535875,0.19364133762864272,-0.17791024659003585
-0.012646833406162409,0.0006004009208673902,0.19080701992304214,-0.11358809203660018,0.19495461228329847,-0.1669380356260729,0.23719851030464295,-0.17676947148628747,0.206534762443199,-0.1940189646279174,0.09237849827630105,0.03308843398072793,6.242030324067963e-5,0.10075346538188158,0.22919064922036103,-0.22917067179510037,0.24541269233767482,-0.2396193756916076,0.23981967027182421,0.07983998931322245,0.020717120817998196,0.00896057603497866,0.20451230705258183,-0.0930641395433647,0.1101741041107789,0.24894573742280096,-0.24495738268075173,0.248945725838718,0.2500000000000001,-0.07951073075011603,-0.018215553863463383,0.2480562976579139,-0.17547001392401843,0.17833946291323702,-0.07561445349431088,0.10787131124226586,0.24839156569643114,0.24907534974113438,-0.24360894164308025,0.24894559161707028,0.20484156153457236,-0.20418949638552103,0.2203726576918933,-0.13240112630497092,0.15988206600427635,-0.10508787428774768,0.24298206832758945,-0.2419220332461057,0.2486938340392046,-0.24198986794999106,-0.016362401403822835,-0.007233305778118323,0.1825623353624237,-0.14086272712189532,0.22172284458679503,-0.15680636092933853,0.20779737784310598,-0.14911333586279896,0.19281173264507454,-0.17718640558836535
0.026060078090505062,-0.020641967421234465,-0.06833781603363447,0.03237501495565207,-0.04955512467318396,0.04451088854896392,-0.06861033470120102,0.033704608794048733,-0.05131720653598041,0.06692594983927969,-0.03450504262020886,-0.03867711054544651,0.07154089458419793,-0.0949303986414101,-0.07393320246607062,0.07392752747500786,-0.07504389686719976,0.0693787809604479,-0.06934510713669897,-0.24954447154727488,0.00861702957219713,0.02003512447414119,-0.09086947164616105,0.09808884345956072,-0.10341036828714224,-0.07845676881944226,0.07900067946987151,-0.07845679071583929,-0.07951073075011603,0.2500000000000001,-0.006884075443973334,-0.0775730028200007,0.11854973649023773,-0.12042689425882333,0.11697151624133459,-0.12479009529451447,-0.07790414900597652,-0.07922403933770401,0.07979608941501672,-0.07845674294474475,-0.053947573182134244,0.05361770233797349,-0.06428732402195558,0.10956326487336326,-0.12321380588460196,0.12353102524166057,-0.07887033567136652,0.07906244807811097,-0.07831433905511542,0.07721600280088646,-1.779029343525315e-6,0.005088731232784237,-0.06376496628603431,0.04624606596368471,-0.06534931804594035,0.053476959474588866,-0.07259801648548261,0.06070349487775021,-0.06433622157581645,0.062162160585627325
-0.008918094935120597,-0.0011097702174655223,-0.06443893301171023,0.03433804338697469,-0.0022598003302632674,-0.001659690554414071,-0.012818195032911203,-0.001779355504150671,-0.009250940245608486,0.011248202042669311,0.05841372037774451,-0.17630911200303837,0.14487346466714934,-0.04460644092732888,-0.036186852889109666,0.03619600615591084,-0.020698216914318085,0.01813981222637307,-0.0180790105266288,0.006803789534746165,-0.24743388823322274,0.21806028926981025,-0.004911652411414468,0.04194397973720956,-0.02511956423539033,-0.01716308676117169,0.015661595720995337,-0.017163087397610244,-0.018215553863463383,-0.006884075443973334,0.25000000000000006,-0.018052592683484414,-0.023687710735244196,0.024488521503665976,0.019679849144627212,-4.8808395336411676e-5,-0.016610418747976474,-0.017936167281569965,0.018097209910289926,-0.017163119820914053,-0.022650937214394696,0.022831862618447683,-0.028336513059670224,-0.01037823935539049,0.019984098630251666,0.0019335842741074367,-0.018948905402964664,0.019633606764253575,-0.01714842555598224,0.016459578690087934,0.007963405782075463,-0.005995517210548205,-0.004803206594250631,0.0030740290504343653,-0.016264501234198207,0.012547550267144518,-0.013637810735220897,0.010942193703845108,-0.01190898882159974,0.008730898211927815
-0.013126556174903917,0.0010514228584278913,0.19045670579969892,-0.11305236682436351,0.1949820039645917,-0.16687231154658325,0.237365634735552,-0.17713030820789058,0.206850695210595,-0.19415351009573045,0.09220123775501948,0.03332211318697401,-0.0001699440622613983,0.10238102646977924,0.22910734506075106,-0.2290871942936132,0.2455848945401583,-0.23981215266055045,0.24001497534133498,0.07789911277377488,0.0206086998102486,0.009070934291969934,0.20644085677996338,-0.09477567614999202,0.11208826083967835,0.24911032338295036,-0.24511825754723215,0.24911031152972912,0.2480562976579139,-0.0775730028200007,-0.018052592683484414,0.25000000000000017,-0.17741242536586718,0.1802463067809711,-0.0770995733041487,0.10980835099636238,0.24855615079602164,0.2478270210519314,-0.2416964663109607,0.2491101775343091,0.20652424648575568,-0.2061307392460505,0.2220608561607801,-0.1343405528178046,0.16182151268817319,-0.10702945324172479,0.24314659877015865,-0.24065830921975606,0.2488578123503771,-0.2421590118045693,-0.017424361269117707,-0.006254172605427472,0.18246985144631028,-0.14066156030363805,0.22181503837921035,-0.15680936972738022,0.20789832187123014,-0.14918757370488295,0.19288032997996418,-0.17716093017103868
