x1,x2,x3,x4,x5,x6,x7,x8,x9,x10,x11,x12,x13,x14,x15,x16,x17,x18,x19,x20,x21,x22,x23,x24,x25,x26,x27,x28,x29,x30,x31,x32,x33,x34,x35,x36,x37,x38,x39,x40,x41,x42,x43,x44,x45,x46,x47,x48,x49,x50,x51,x52,x53,x54,x55,x56,x57,x58,x59,x60
0.25000000000000006,0.23838713401830539,-0.19903940318534247,0.23848972625822318,-0.20895280780459405,0.23935817879804683,-0.18621992039111965,0.23769438594180098,-0.18069718038072652,0.2415873277256953,0.16801523259642814,-0.16139830737145675,0.19136722759921151,-0.1863343097481788,0.1970350613470723,-0.16477905964679873,0.17355899528347898,-0.1662793205309351,0.16476338269003823,-0.15602368467469976,-0.03561522902327458,0.09321026333004274,-0.09334596773244382,0.1403393614056087,-0.10833142886776222,0.13513306683457288,-0.13031888070629677,0.14881957963422224,-0.15050650761220052,0.16223441910062902,0.04441921211727514,-0.00036495208529137985,0.0070309746905366025,0.05882988914600082,-0.04566846320871036,0.09879124995223729,-0.08848359317315908,0.13134304599561017,-0.13021392275948096,0.15968488765277497,0.11475080382306617,-0.11594878845857459,0.16088625735389808,-0.15737637638247517,0.1817987178761004,-0.17517826331966707,0.18613148485833012,-0.16743456776350266,0.1678569758150332,-0.1589341825143503,0.2347525944143962,0.2378209928730024,-0.18012456224001502,0.23550424798532166,-0.19820595913044092,0.23816405448875722,-0.19743672380392574,0.2387339040986672,-0.18036946388963665,0.2415882013267104
0.23838713401830539,0.2500000000000001,-0.2073126682471446,0.24358641450637644,-0.21386530402484105,0.24452655380531518,-0.18946624797668923,0.2428904455202419,-0.18329981110569973,0.24679597262163647,0.17631399332026132,-0.16773677138516688,0.19781278177158473,-0.19221800260271535,0.2017818912452927,-0.16775710173403324,0.17582649075295279,-0.16834160100803425,0.1667827021247542,-0.15793719524003977,-0.03873745583813303,0.09804269900787017,-0.09815974483288191,0.14569421217127312,-0.11201735902721757,0.13837378961127555,-0.13339962947330758,0.15116869797019522,-0.15287734112435,0.16430828724508986,0.047767976492324025,-0.002367389341148038,0.00920855239064479,0.058999852126469465,-0.045472355633568995,0.10006488141989343,-0.08966049261309096,0.13370365027609182,-0.1325626453181552,0.16283914614709372,0.11631557141455465,-0.11753867575356249,0.16386592348413098,-0.1602621119950128,0.1853585543188732,-0.17855555587247196,0.18981375350559976,-0.17077633555654081,0.17121272335984913,-0.16207570649019643,0.23983677624862398,0.24292556606931032,-0.1836381912220021,0.24054514690310425,-0.20221989414152952,0.2432782937135557,-0.201434515990196,0.24386392900197892,-0.184057110768983,0.24679687348050924
-0.19903940318534247,-0.2073126682471446,0.25,-0.20762981647870882,0.21728619972440574,-0.2050223978505746,0.1871687938897523,-0.20253980537784877,0.17873374200864134,-0.20422133298300715,-0.1992231234686175,0.2088797640850355,-0.23931855660935758,0.23246613576302189,-0.22125122752647705,0.18703460016315152,-0.18240823427827985,0.17493304738110507,-0.17339859684781248,0.16618268932964012,0.08056660564152494,-0.13971880796523672,0.13973154669959376,-0.18653025480421162,0.1527178910432966,-0.16886617848075408,0.16359340064231231,-0.1668782508940881,0.16824331369620618,-0.17242125456634566,-0.08908852029426056,0.04427819186232473,-0.05110185976083857,-0.017077669971614196,0.0034774952980743262,-0.05800089054746578,0.04831859559811818,-0.0922500852870149,0.09118574907216243,-0.12134468747353327,-0.07432488103603252,0.07532365545814296,-0.12152903627801276,0.11793497453881219,-0.14295935626636183,0.13617581718173188,-0.14743034803926705,0.1291516676390885,-0.12962590209834046,0.12081060084957501,-0.19902578418341496,-0.20036415901457333,0.14133420491246598,-0.19798812570747645,0.1598195826562675,-0.2007131738677754,0.15913208188448777,-0.20129761126697404,0.14238843433680942,-0.20422183280244477
0.23848972625822318,0.24358641450637644,-0.20762981647870882,0.25,-0.21788164214985112,0.24452607509800392,-0.19224415134223022,0.24288440785729046,-0.18564499654135358,0.24658632723153318,0.17788098617147058,-0.16959831516547333,0.19978441248078782,-0.19425172590145817,0.2049329925245481,-0.17083422342056015,0.1789988428458048,-0.17148817297466437,0.1699238972642862,-0.16102912484402096,-0.04010977232660737,0.09965851518964448,-0.0997744816398131,0.14752973712840056,-0.11377086838686064,0.1407362353977066,-0.13574862345157918,0.15401774738336035,-0.1557393901802386,0.16742828800875748,0.04915171950046589,-0.0035963632771041296,0.010467504646913123,0.05799403653007959,-0.04440506658465698,0.09923219547236985,-0.08874515151043212,0.13297620843143046,-0.13182646706371584,0.16223345263389016,0.1155685909929768,-0.116790284211309,0.16330299342452806,-0.15968355022120123,0.1848867307381616,-0.17805468409451075,0.18936109338407053,-0.17020936232423248,0.17064845827772557,-0.16147377826608939,0.2396496255087566,0.24269950230113285,-0.1831623159773233,0.24030880235121466,-0.2018214406647823,0.24305360227325326,-0.20103504016323945,0.2436417311583181,-0.18355047319962042,0.24658720066243642
-0.20895280780459405,-0.21386530402484105,0.21728619972440574,-0.21788164214985112,0.24999999999999997,-0.21693210011510575,0.20346829249040546,-0.21351805027662038,0.19596699505989668,-0.21447600997066765,-0.18336461271868368,0.19075930847059885,-0.2211668765245952,0.22498241411983477,-0.2358833521913006,0.20172742553044568,-0.20124830125955417,0.1937582743041233,-0.1922134057344148,0.18437387400558483,0.07129948914269649,-0.13050325630972476,0.1307117618170908,-0.17840995631290463,0.14489057678247486,-0.17180345318129758,0.1667017598392154,-0.1799784350519884,0.18154840372068065,-0.19071527862768237,-0.07985623561444599,0.03491925608758482,-0.04177708050992954,-0.02646657940776241,0.012824927677717951,-0.06757865141832912,0.0570513018634529,-0.10117278360831475,0.1000207615363474,-0.1303471375501814,-0.0840074932808564,0.08506023684873637,-0.13141214879860555,0.12780087307989552,-0.1529376866216955,0.14612342491409555,-0.15741481013422243,0.13830194642178073,-0.13876599331622677,0.12976224909701112,-0.20886572800795014,-0.210600941464337,0.1512867830684622,-0.20821458555788577,0.16986345526933866,-0.210951984939225,0.1691456694240923,-0.21153873318266178,0.15164190047876847,-0.21447643410768666
0.23935817879804683,0.24452655380531518,-0.2050223978505746,0.24452607509800392,-0.21693210011510575,0.24999999999999975,-0.19282319784209065,0.24370396691123533,-0.18558161660058342,0.24753862763598428,0.1763298534414233,-0.16764794552973858,0.19782814851625774,-0.19327196979904224,0.2039899087927034,-0.16989877825627325,0.17864866434962784,-0.17113777309393188,0.1695726036764983,-0.16060754279276532,-0.039133653904190824,0.09866110432566261,-0.09879687574917234,0.14655056957943213,-0.11282163206358944,0.13979122940268823,-0.13480812867263417,0.15341911048179488,-0.15514892580978792,0.16700851058656327,0.048188227759489256,-0.0026254768701369294,0.009496902188298677,0.058942637930700606,-0.04535628846683691,0.10018157640452979,-0.08969617825783802,0.13392727660133744,-0.13277765324830174,0.16318484189542828,0.11652079194850576,-0.1177475112701029,0.16425494373301092,-0.16063539139860888,0.1858387131033362,-0.17900663354489013,0.19031265654102272,-0.1711608476791033,0.17159915236929046,-0.16241991041193057,0.24056221092806826,0.24365174365538345,-0.18411231954228854,0.2412610779416277,-0.20277244209779896,0.24400589874117182,-0.20198400914276016,0.24459402578941503,-0.18450102788320452,0.24753951260647136
-0.18621992039111965,-0.18946624797668923,0.1871687938897523,-0.19224415134223022,0.20346829249040546,-0.19282319784209065,0.24999999999999992,-0.19436794667480803,0.21749969357751922,-0.19036883637996016,-0.15099903883235086,0.15872352660808986,-0.18904664605647756,0.19275539554550844,-0.20385365416788945,0.22395572375881512,-0.2337348789514052,0.2262346687624392,-0.2246795090998817,0.21574329500998551,0.052202919380884096,-0.10372265161759547,0.10453147303040239,-0.15192194611572166,0.16701528931511703,-0.19470238039132895,0.18985943304130126,-0.20859790251058175,0.21023143439430933,-0.2220688743834572,-0.060639558094729616,0.02484708728627722,-0.03223636855807607,-0.0029284069419456826,-0.010710367722586975,-0.043869696688100646,0.033311936405414154,-0.07733470931155445,0.07618108493566594,-0.10643580714444412,-0.06993294767889373,0.0708725459398301,-0.10770489974605273,0.10391968032442261,-0.12897529443502706,0.12217614567061819,-0.13345046335685684,0.11437220763711321,-0.11485082472595713,0.10593741808763414,-0.18556354367650366,-0.18652109418026755,0.12755937229398634,-0.18412187690544093,0.1458876835167969,-0.18685258662220078,0.14520181337665258,-0.18743807701707585,0.12770273816982686,-0.1903688516421351
0.23769438594180098,0.2428904455202419,-0.20253980537784877,0.24288440785729046,-0.21351805027662038,0.24370396691123533,-0.19436794667480803,0.24999999999999972,-0.1882525749628417,0.24598455577945,0.17391256976693997,-0.16505932571608767,0.19523654520251468,-0.19069393879714608,0.20140704033467458,-0.17137267721161856,0.18019967750752983,-0.17269223164441014,0.17112801077835935,-0.16216246209574448,-0.03750920522719188,0.09647272797788914,-0.09665445876676858,0.1443937316719082,-0.11428752094834402,0.1413176248015615,-0.1363566159570955,0.1549736802790638,-0.1567010452225916,0.16856162807296798,0.04656341916464696,-0.0016687676880954364,0.008581063035522106,0.057398704071007695,-0.04381078280362287,0.09863095569424979,-0.08814197956122119,0.13237342567743277,-0.13122352729473016,0.16163069664997484,0.11569266443883341,-0.11691221665466055,0.16271641241652157,-0.15908323208711875,0.1842846252229838,-0.1774524670993319,0.18875911076493287,-0.16960671021012075,0.17004601187526344,-0.16087097271974987,0.2390585700735308,0.2420990526763326,-0.1825753328278967,0.23970699240078236,-0.20122010207117014,0.24245179645224482,-0.20043347978263004,0.24303993213101113,-0.18294830462435943,0.24598541969795829
-0.18069718038072652,-0.18329981110569973,0.17873374200864134,-0.18564499654135358,0.19596699505989668,-0.18558161660058342,0.21749969357751922,-0.1882525749628417,0.24999999999999972,-0.1842655704034713,-0.14237716914352913,0.14960011038598642,-0.17990549236933778,0.1843582518796966,-0.1955422195935054,0.21782117032028453,-0.22754865458680032,0.23159426961478957,-0.23248332231543978,0.22343686303561183,0.04732164373110555,-0.09797652099830947,0.09889626725693368,-0.14611252803212801,0.16377028741239777,-0.19149356093767295,0.19560816078610707,-0.21442978989033656,0.21605511150222123,-0.2278973003371586,-0.055693108505144924,0.021648728338726362,-0.029096664121115747,0.00045427543103093715,-0.014047685711990984,-0.03778233859547442,0.027219245138393577,-0.07125125862748025,0.07010134547485022,-0.10035044578829631,-0.06683832747504816,0.06774480195756262,-0.1022059580603526,0.09837951727243037,-0.12282990467538737,0.1160096239526111,-0.12729972783906954,0.10827636584447688,-0.10875930703691596,0.099873741984103,-0.17962386788761625,-0.1804731124836842,0.12207792480899876,-0.1780142480998147,0.1397631572011541,-0.18074548563807818,0.1390755500495,-0.18133199217099005,0.12161904416690636,-0.18426548792129546
0.2415873277256953,0.24679597262163647,-0.20422133298300715,0.24658632723153318,-0.21447600997066765,0.24753862763598428,-0.19036883637996016,0.24598455577945,-0.1842655704034713,0.24999999999999975,0.17603814852823912,-0.16622290628313827,0.1963803854258235,-0.19084583283526188,0.2015348988165845,-0.1674418397874811,0.1761910832353025,-0.16868050963260148,0.1671150795483255,-0.1581504803346888,-0.03670117466768296,0.09624984988816948,-0.09637377140996858,0.14412163762489044,-0.11036677981152816,0.13733297210279455,-0.13235862163400222,0.15096125331323537,-0.15269493273799503,0.16455354834073926,0.045795277272868924,-0.00018749409778458237,0.007058382692454276,0.06139362503548594,-0.04781418709230506,0.10263386803004199,-0.09215403180385089,0.13638456400051568,-0.13523538202922572,0.1656425831192779,0.1189597258829863,-0.12019938726542043,0.1667125037566962,-0.16309311304521396,0.188296412892561,-0.18146435378586903,0.19276922064207766,-0.1736185568425145,0.17405482426808738,-0.16486416610329663,0.2429176437044398,0.2461091894293667,-0.18656459196688893,0.24371868164198168,-0.20522734576065846,0.2464635141449693,-0.20443372261070836,0.24705162777293044,-0.1869560591387163,0.24999711356066784
0.16801523259642814,0.17631399332026132,-0.1992231234686175,0.17788098617147058,-0.18336461271868368,0.1763298534414233,-0.15099903883235086,0.17391256976693997,-0.14237716914352913,0.17603814852823912,0.24999999999999964,-0.23750065485221894,0.2069155353814478,-0.20006170807125767,0.18842121570755455,-0.15437585332937043,0.14410389996501316,-0.136625293381124,0.1350965822181265,-0.12919485831066088,-0.1092565305502306,0.1685219048445688,-0.16795027943458457,0.18779700862262236,-0.15399705987329176,0.15161415479653692,-0.1461306754129069,0.1365137023518297,-0.13762172822403462,0.1353005902141769,0.11714213293394443,-0.0725994079467187,0.07941529352832503,-0.011230857155183849,0.024867122921377285,0.029741038475380052,-0.025204333207775608,0.0692239920243564,-0.06868638257412377,0.09867714125071872,0.04621947768990269,-0.04706879678861338,0.09327243187810604,-0.0896726058958985,0.1147187918960687,-0.10792810043154837,0.11926707426109705,-0.10577387041111255,0.10630120574945794,-0.09827820198837407,0.17203170843713908,0.17217929378404948,-0.11315456646163992,0.16979934463719798,-0.1316265511526763,0.1725266351677855,-0.1310431565835162,0.17311346959120824,-0.11871272073792233,0.17603869313368212
-0.16139830737145675,-0.16773677138516688,0.2088797640850355,-0.16959831516547333,0.19075930847059885,-0.16764794552973858,0.15872352660808986,-0.16505932571608767,0.14960011038598642,-0.16622290628313827,-0.23750065485221894,0.24999999999999992,-0.2193241191518396,0.21242639851671924,-0.20077624577513836,0.16641147523032424,-0.1561245151358644,0.14862106535821173,-0.14708769587045004,0.14115065790437226,0.1204257234580288,-0.17997063152870885,0.17937389579299998,-0.19967648548770375,0.16557124298564496,-0.16347011793781768,0.15793125982049766,-0.1484380298273439,0.14953619343820934,-0.14727432065397936,-0.12817278305507443,0.08358613798080751,-0.09043059077914825,0.021823076718156725,-0.03554848320270215,-0.019318153960901016,0.014668437370261257,-0.05887965822431121,0.05833072381644397,-0.08845322268279211,-0.03587241036067987,0.03666964063589096,-0.08309971738335623,0.07948469708814618,-0.10463861043344654,0.0978185575446958,-0.10921057707914743,0.09559022794930402,-0.09612823542113642,0.08811110065453316,-0.16263939536107772,-0.162347799540178,0.10309045134753388,-0.15995696815328214,0.12163127604715304,-0.16269596335913902,0.12106719588468241,-0.16328536208385794,0.10860092593944079,-0.1662232207852129
0.19136722759921151,0.19781278177158473,-0.23931855660935758,0.19978441248078782,-0.2211668765245952,0.19782814851625774,-0.18904664605647756,0.19523654520251468,-0.17990549236933778,0.1963803854258235,0.2069155353814478,-0.2193241191518396,0.25,-0.24277886012265437,0.23110836582737856,-0.1967489215164083,0.1864399728112177,-0.17892495538673925,0.17738984405414146,-0.17083625595669016,-0.09027959191306693,0.1498256422041528,-0.14981538855453483,0.19672278213544334,-0.1627880580401046,0.17873471563662058,-0.17338835606372996,0.17329527960380525,-0.1745893875284344,0.17709857046139973,0.0987419354996972,-0.053760187255092275,0.06063350391735772,0.00795867444892942,0.005761694533649761,0.049160448422387384,-0.03944725588793065,0.0836875605538973,-0.08262002710751484,0.11298696457693246,0.06565398749515247,-0.06661092707555544,0.11311213788725236,-0.10949231412132154,0.13469076035591224,-0.12785984170813874,0.1391978696382707,-0.12084056600826415,0.1213261057569599,-0.11249974673097961,0.19153362307236854,0.1924967859370663,-0.13307527926937052,0.19010354391032536,-0.1516790739136284,0.19284754462582523,-0.1510068333880396,0.19343612684555272,-0.1341759476431237,0.19638072085650302
-0.1863343097481788,-0.19221800260271535,0.23246613576302189,-0.19425172590145817,0.22498241411983477,-0.19327196979904224,0.19275539554550844,-0.19069393879714608,0.1843582518796966,-0.19084583283526188,-0.20006170807125767,0.21242639851671924,-0.24277886012265437,0.24999999999999986,-0.2382362879194416,0.203871750635572,-0.19343243506270336,0.18591720554182734,-0.18438289532375143,0.17783507756047692,0.09584189074679962,-0.15517777620270418,0.15539194451094415,-0.2032665224608757,0.1693440490989464,-0.18565196903944664,0.18028338568702126,-0.18026649771057424,0.18155216831867688,-0.18409678899352358,-0.10422842228559769,0.05933223770961811,-0.06620799790085986,-0.0024074851698625555,-0.011332866062149949,-0.043612182197281885,0.033719900528556765,-0.07796788317030631,0.07688235962821749,-0.10726073559177673,-0.0601272596242317,0.06105505048542321,-0.10756282719188782,0.10394226426714875,-0.12914514098472424,0.12231301328657813,-0.13365371170574702,0.11513845799321372,-0.11562778173608457,0.10680467949696912,-0.18622936249481759,-0.18696175732327333,0.1275415170979406,-0.1845677552482608,0.1461427467646368,-0.1873122099058509,0.14548076070333035,-0.18790087096055955,0.1284930005880307,-0.19084603185709756
0.1970350613470723,0.2017818912452927,-0.22125122752647705,0.2049329925245481,-0.2358833521913006,0.2039899087927034,-0.20385365416788945,0.20140704033467458,-0.1955422195935054,0.2015348988165845,0.18842121570755455,-0.20077624577513836,0.23110836582737856,-0.2382362879194416,0.24999999999999994,-0.21518705014735529,0.20472935052165392,-0.19722702784899673,0.19569339366209057,-0.18903946677423558,-0.0843912978507301,0.14358423293533676,-0.14381680045433598,0.1916325073748622,-0.15834779165139232,0.18529729663570474,-0.1801185724049896,0.18762949167954546,-0.18906811103620882,0.19536376430094624,0.09280142443766737,-0.048014304725391116,0.05488630166729912,0.013293391943973581,0.0004047505863794959,0.054458011786970004,-0.04388531882440072,0.0880722805401615,-0.08691620793520567,0.11728545033610518,0.07100863652439006,-0.07199316094468751,0.11835370809619598,-0.11473593975527621,0.1399087392924743,-0.13308473563525156,0.1443983133733187,-0.1252517576616512,0.12572742704807346,-0.11677228968845385,0.1964665472013533,0.19765495670365554,-0.138284891725995,0.19526435747863607,-0.1568735210462682,0.19800556710204417,-0.1561826390122431,0.19859321732544274,-0.1386250389969157,0.20153507961169392
-0.16477905964679873,-0.16775710173403324,0.18703460016315152,-0.17083422342056015,0.20172742553044568,-0.16989877825627325,0.22395572375881512,-0.17137267721161856,0.21782117032028453,-0.1674418397874811,-0.15437585332937043,0.16641147523032424,-0.1967489215164083,0.203871750635572,-0.21518705014735529,0.2499999999999999,-0.23943856220630783,0.23192105388349693,-0.23039054702912545,0.22370655534973558,0.065981933835422,-0.11580195414470151,0.1167742523100579,-0.1644126326899065,0.1918351337975542,-0.219875402500915,0.21457705785072323,-0.2222745405574072,0.2236617175861885,-0.23001007449548216,-0.07425748985002842,0.040692831987643806,-0.04825509659229034,0.020971698418555618,-0.0347360839647851,-0.020266027102787354,0.009602635256702645,-0.05384924973017381,0.05268557651903967,-0.08309022752579598,-0.04884723979033971,0.049669244637167244,-0.08438878981718219,0.08053966459862143,-0.10574161278764284,0.09890936013867374,-0.11025049748946827,0.091066339733621,-0.09156622271103783,0.08270974575129415,-0.16356146021079981,-0.16357789599169817,0.10438791179853348,-0.16116342563995145,0.12276520184937653,-0.16390766311460137,0.12212245367938905,-0.16449618903826196,0.10448819442017837,-0.167441513371343
0.17355899528347898,0.17582649075295279,-0.18240823427827985,0.1789988428458048,-0.20124830125955417,0.17864866434962784,-0.2337348789514052,0.18019967750752983,-0.22754865458680032,0.1761910832353025,0.14410389996501316,-0.1561245151358644,0.1864399728112177,-0.19343243506270336,0.20472935052165392,-0.23943856220630783,0.24999999999999992,-0.24185257302857693,0.24029747385798006,-0.23133648067880266,-0.05595930912171767,0.10561283062415877,-0.10661547932723624,0.15416491138566696,-0.18215790677902421,0.21018112127842875,-0.20536964345142317,0.22418745396912718,-0.22580259593904317,0.23766918775679224,0.06427395952909715,-0.03087718438200141,0.03843857655016038,-0.011853179298418295,0.025572333594844787,0.029203701794361214,-0.01857087876173109,0.06275338753962774,-0.06159263433370972,0.09195484780425686,0.05795372798636994,-0.058822016859304944,0.09328835219429327,-0.08944110758281938,0.1145787273009211,-0.1077550628872059,0.11907599087942732,-0.09992009689047329,0.10041168177854717,-0.09152452637465976,0.17193604269509374,0.17233486915109567,-0.11323898475767305,0.16992159128436085,-0.13156802746136526,0.17266189762735557,-0.13090587633779474,0.17324954865476305,-0.11331342941724769,0.17619074288272954
-0.1662793205309351,-0.16834160100803425,0.17493304738110507,-0.17148817297466437,0.1937582743041233,-0.17113777309393188,0.2262346687624392,-0.17269223164441014,0.23159426961478957,-0.16868050963260148,-0.136625293381124,0.14862106535821173,-0.17892495538673925,0.18591720554182734,-0.19722702784899673,0.23192105388349693,-0.24185257302857693,0.25000000000000006,-0.24836764636869554,0.23944636277622255,0.0512912027719455,-0.10078096161663777,0.10185463820178818,-0.14947976181219622,0.17859699437980503,-0.20676581694483845,0.21329835056574636,-0.23227371951414896,0.23387929067800067,-0.24577777913647061,-0.05958830367793414,0.028051982287943325,-0.03573956534029021,0.01601719674087354,-0.02977215432269638,-0.02154745965146214,0.010839064152815988,-0.055085106186777255,0.05392155901546813,-0.08432631931997815,-0.05384087410252942,0.054667650986959214,-0.08653340169986902,0.0826364297408953,-0.10701022809375711,0.10014763092644781,-0.11148726185639804,0.09230269784548085,-0.09279922772660373,0.08392496258470834,-0.1646319208962169,-0.16489348299347512,0.1065065325925996,-0.16240564165193516,0.1240264969148817,-0.1651462369793303,0.12335114636051786,-0.16573475958424344,0.10572119121747722,-0.16868010122340002
0.16476338269003823,0.1667827021247542,-0.17339859684781248,0.1699238972642862,-0.1922134057344148,0.1695726036764983,-0.2246795090998817,0.17112801077835935,-0.23248332231543978,0.1671150795483255,0.1350965822181265,-0.14708769587045004,0.17738984405414146,-0.18438289532375143,0.19569339366209057,-0.23039054702912545,0.24029747385798006,-0.24836764636869554,0.24999999999999983,-0.24087528252151635,-0.051336254543947364,0.10016005905628983,-0.10123105444255912,0.14835697777836215,-0.17757421201164847,0.20549523478449946,-0.21251729905560696,0.231415211843578,-0.2330133282948834,0.2448606783745136,0.059534533567646625,-0.02823285539267764,0.035839354692175654,-0.016596577241528743,0.03022816020499186,0.020704104806936935,-0.0101041962084667,0.054132919342563965,-0.05298134165737502,0.08322521974884,0.052932923611150665,-0.05375174394529607,0.0853403057084894,-0.08146047717973498,0.10569766980106188,-0.09887063043211652,0.11016616901241663,-0.09114858766148226,0.09164422998573594,-0.08282895205724222,0.1631138994035908,0.1633469264167538,-0.10523406591932527,0.16086552387957695,-0.12264563634458304,0.16359521995439427,-0.12198232874550377,0.16418170209324529,-0.10450536653552715,0.1671146568660451
-0.15602368467469976,-0.15793719524003977,0.16618268932964012,-0.16102912484402096,0.18437387400558483,-0.16060754279276532,0.21574329500998551,-0.16216246209574448,0.22343686303561183,-0.1581504803346888,-0.12919485831066088,0.14115065790437226,-0.17083625595669016,0.17783507756047692,-0.18903946677423558,0.22370655534973558,-0.23133648067880266,0.23944636277622255,-0.24087528252151635,0.2500000000000001,0.04960615486026339,-0.09623815523676392,0.09733185362748506,-0.14351984168206897,0.17480222528241932,-0.2023420575346854,0.21031738285250776,-0.22902001010169906,0.2305667025355152,-0.2422100322199775,-0.057622307767910635,0.02805192664869277,-0.03547272015288082,0.01923350262062569,-0.03245321577911159,-0.016481980582501637,0.006086014473627946,-0.048689863544505024,0.04756191796037119,-0.07683088223168605,-0.04851048422581544,0.04928433189322622,-0.07910964330712807,0.07534068568272209,-0.0987151798790627,0.09210617807581035,-0.10303768575894973,0.0845138399467017,-0.0849953201329163,0.07646395085232195,-0.15440560407937073,-0.15451231619946143,0.09836643963241613,-0.1521027049593932,0.11512039489106522,-0.15474400700706945,0.11448195782226747,-0.1553115901726599,0.09745173655878897,-0.15815004745857916
-0.03561522902327458,-0.03873745583813303,0.08056660564152494,-0.04010977232660737,0.07129948914269649,-0.039133653904190824,0.052202919380884096,-0.03750920522719188,0.04732164373110555,-0.03670117466768296,-0.1092565305502306,0.1204257234580288,-0.09027959191306693,0.09584189074679962,-0.0843912978507301,0.065981933835422,-0.05595930912171767,0.0512912027719455,-0.051336254543947364,0.04960615486026339,0.25000000000000017,-0.19013906515350582,0.18925043478270398,-0.1404988514728031,0.11793885447750643,-0.0864629380055649,0.08111406533932454,-0.05961260849084584,0.060302092745561725,-0.051440136244668734,-0.23974640658306481,0.19656301323178454,-0.18880317275957495,0.1216383852156643,-0.1174067724556396,0.06929227404961125,-0.05834567534499504,0.026614288092828512,-0.025472878585024773,0.006656912634316146,0.08271640454929508,-0.08256665252068278,0.039540653792648886,-0.042020128777763156,0.019057228551848326,-0.023336841740157547,0.012583126443636338,-0.004804342195959567,0.004102411861454869,-0.006482489820742588,-0.03826392769732519,-0.033160162787242375,-0.0209242277009235,-0.03093915093572541,-0.00346656643629527,-0.033511069169654246,-0.0018604153465147058,-0.034120245006001686,0.0053588987042553545,-0.0367010749592166
0.09321026333004274,0.09804269900787017,-0.13971880796523672,0.09965851518964448,-0.13050325630972476,0.09866110432566261,-0.10372265161759547,0.09647272797788914,-0.09797652099830947,0.09624984988816948,0.1685219048445688,-0.17997063152870885,0.1498256422041528,-0.15517777620270418,0.14358423293533676,-0.11580195414470151,0.10561283062415877,-0.10078096161663777,0.10016005905628983,-0.09623815523676392,-0.19013906515350582,0.25000000000000017,-0.24716808432958468,0.19816066568964402,-0.16470084559108372,0.13284274296047388,-0.127205576912996,0.10717084166700487,-0.10803069222005822,0.10023475493134999,0.19653243381450464,-0.15304248434872553,0.15983824504859376,-0.09124040787504335,0.1049718074697989,-0.05014362161464972,0.04280241253098935,0.0014066024263696124,-0.0020888940109452946,0.03167973878868687,-0.033478768548171806,0.033052297783993066,0.01326773814498551,-0.009661723351396565,0.034770634173549,-0.027973739400125656,0.039521641881604966,-0.03712196532717476,0.03778476285658724,-0.031674017269808626,0.09560406363345089,0.09238526345148379,-0.03337072192232243,0.08999405036255213,-0.051812916382741436,0.09272845011117282,-0.051513850039823554,0.09332168124978409,-0.049388039447665226,0.09624990554078118
-0.09334596773244382,-0.09815974483288191,0.13973154669959376,-0.0997744816398131,0.1307117618170908,-0.09879687574917234,0.10453147303040239,-0.09665445876676858,0.09889626725693368,-0.09637377140996858,-0.16795027943458457,0.17937389579299998,-0.14981538855453483,0.15539194451094415,-0.14381680045433598,0.1167742523100579,-0.10661547932723624,0.10185463820178818,-0.10123105444255912,0.09733185362748506,0.18925043478270398,-0.24716808432958468,0.25000000000000017,-0.20073192432448816,0.16700841365080055,-0.13506697622332384,0.12937680854256736,-0.10913069817320553,0.1099389440718868,-0.1013455007620161,-0.1965292704069162,0.15376162051398276,-0.16063675079441053,0.09178039289712195,-0.1056247911756226,0.050584874465522164,-0.043402436821160954,-0.0009743500027193798,0.0016386712092095138,-0.031353926261538656,0.033819633264853564,-0.03339309908617282,-0.013103023603890616,0.009482174459081878,-0.03468135669143234,0.02785694378068566,-0.03944216028587308,0.036845501315833,-0.037509613773840565,0.03135034877126124,-0.09573402286476897,-0.09249556130110477,0.03327537791678,-0.09009656508095464,0.05178269276131903,-0.09284014628469892,0.05147774067135912,-0.09343520499969762,0.04916825956623313,-0.0963738198399525
0.1403393614056087,0.14569421217127312,-0.18653025480421162,0.14752973712840056,-0.17840995631290463,0.14655056957943213,-0.15192194611572166,0.1443937316719082,-0.14611252803212801,0.14412163762489044,0.18779700862262236,-0.19967648548770375,0.19672278213544334,-0.2032665224608757,0.1916325073748622,-0.1644126326899065,0.15416491138566696,-0.14947976181219622,0.14835697777836215,-0.14351984168206897,-0.1404988514728031,0.19816066568964402,-0.20073192432448816,0.25000000000000017,-0.21413756544108137,0.18213598679023865,-0.17586453719004136,0.1561560913542715,-0.15695717219565714,0.14881604969753107,0.1483561342520961,-0.10505756107235992,0.11193767520759408,-0.04370122971572837,0.05752723334667463,-0.0026578536514908907,0.009305794965843788,0.034866898131179,-0.03411778473489811,0.06429579927953658,0.014095877952247563,-0.014776964342756028,0.06106586686302982,-0.05745170378872752,0.08258641583844807,-0.07577136071342525,0.08714148274798529,-0.07170057920543907,0.07224523531103835,-0.06408166402326473,0.14144437707943947,0.14025087876769854,-0.08108827175400958,0.13786052260859372,-0.09959032037751753,0.14059722950075312,-0.09905564235987065,0.14118560608278885,-0.08485349783806097,0.14412173764682215
-0.10833142886776222,-0.11201735902721757,0.1527178910432966,-0.11377086838686064,0.14489057678247486,-0.11282163206358944,0.16701528931511703,-0.11428752094834402,0.16377028741239777,-0.11036677981152816,-0.15399705987329176,0.16557124298564496,-0.1627880580401046,0.1693440490989464,-0.15834779165139232,0.1918351337975542,-0.18215790677902421,0.17859699437980503,-0.17757421201164847,0.17480222528241932,0.11793885447750643,-0.16470084559108372,0.16700841365080055,-0.21413756544108137,0.24999999999999997,-0.217695965810071,0.21124933941353427,-0.19007794382802734,0.19069063952140128,-0.18028204373884923,-0.12583510897748168,0.09591897542601438,-0.10351652253510651,0.07789436415367502,-0.09178750507129799,0.03669894557511539,-0.04358662993475726,-0.0007003168303519902,-7.17525585440603e-5,-0.03018246799522347,0.007400534394518833,-0.006879616234378192,-0.02732576540356477,0.02346576386010072,-0.04866686713329225,0.041835452310444866,-0.05324830145521366,0.03762452398673952,-0.0381931132134954,0.03009800446203698,-0.10885656068113835,-0.1065071385365662,0.047444349727634345,-0.10408852181564669,0.06575455930146251,-0.10683237577991742,0.06526647282188143,-0.10742251749922496,0.05085341453778654,-0.11036641026920813
0.13513306683457288,0.13837378961127555,-0.16886617848075408,0.1407362353977066,-0.17180345318129758,0.13979122940268823,-0.19470238039132895,0.1413176248015615,-0.19149356093767295,0.13733297210279455,0.15161415479653692,-0.16347011793781768,0.17873471563662058,-0.18565196903944664,0.18529729663570474,-0.219875402500915,0.21018112127842875,-0.20676581694483845,0.20549523478449946,-0.2023420575346854,-0.0864629380055649,0.13284274296047388,-0.13506697622332384,0.18213598679023865,-0.217695965810071,0.24999999999999994,-0.239577355256534,0.21860842770471847,-0.21917668156169795,0.20871830602419697,0.09427800677318571,-0.06470265865667041,0.07225595611924163,-0.04754346444314799,0.06124484176499707,-0.007164519014857457,0.017835807218012183,0.025632427058609845,-0.024469403535046747,0.054357797975791586,0.0218281497706368,-0.022494565950346233,0.05589245775047097,-0.05209751199390884,0.07682480292898806,-0.0701079124466792,0.08123867122715096,-0.06222316603520656,0.06273452036281235,-0.05413069577979208,0.13464431501292526,0.13354547423966984,-0.07555891480468549,0.13117668910430527,-0.09354901030607078,0.13386693508110392,-0.09295757125669624,0.13444354051426594,-0.07543098467901084,0.13733260986379484
-0.13031888070629677,-0.13339962947330758,0.16359340064231231,-0.13574862345157918,0.1667017598392154,-0.13480812867263417,0.18985943304130126,-0.1363566159570955,0.19560816078610707,-0.13235862163400222,-0.1461306754129069,0.15793125982049766,-0.17338835606372996,0.18028338568702126,-0.1801185724049896,0.21457705785072323,-0.20536964345142317,0.21329835056574636,-0.21251729905560696,0.21031738285250776,0.08111406533932454,-0.127205576912996,0.12937680854256736,-0.17586453719004136,0.21124933941353427,-0.239577355256534,0.25000000000000006,-0.22777753604956594,0.2282418204452074,-0.21693550716074,-0.08906616257196516,0.06141977983529691,-0.06914739177249735,0.05147036075322262,-0.0653249928213697,0.01468330760999785,-0.025481348651096594,-0.01877204374939945,0.01760216405712133,-0.048005943997376205,-0.018646440281145895,0.019281440554308533,-0.050401946819165315,0.04649140597234889,-0.07069401543904386,0.0638250235919977,-0.07518137618295641,0.055982339504278555,-0.05650842736559479,0.04780059038111416,-0.1297921095722876,-0.12858998003733343,0.07044789677207766,-0.1260845480876539,0.08775012529936867,-0.12882417757042894,0.08714523510492525,-0.1294128936386247,0.06943953635133537,-0.13235820525629088
0.14881957963422224,0.15116869797019522,-0.1668782508940881,0.15401774738336035,-0.1799784350519884,0.15341911048179488,-0.20859790251058175,0.1549736802790638,-0.21442978989033656,0.15096125331323537,0.1365137023518297,-0.1484380298273439,0.17329527960380525,-0.18026649771057424,0.18762949167954546,-0.2222745405574072,0.22418745396912718,-0.23227371951414896,0.231415211843578,-0.22902001010169906,-0.05961260849084584,0.10717084166700487,-0.10913069817320553,0.1561560913542715,-0.19007794382802734,0.21860842770471847,-0.22777753604956594,0.2500000000000004,-0.2478831220628851,0.23618343964730534,0.06745166677703558,-0.040209461580113834,0.0478957667415517,-0.030514511173732273,0.04419772400855142,0.006198810064449653,0.004552633678620986,0.03899848144780593,-0.03783221735671709,0.06778176505000662,0.03877844170124736,-0.03951459762862503,0.07023959687223155,-0.06639163343406264,0.09035435168724304,-0.08359530059764804,0.09474244657212119,-0.07566676261522544,0.07616565500260286,-0.06746692941636495,0.14759518108354738,0.14724077399806132,-0.08989663491591164,0.14479528852630963,-0.1070932667374546,0.147487843756821,-0.10644424919211277,0.14806567505292853,-0.08888752667023624,0.15096083345261585
-0.15050650761220052,-0.15287734112435,0.16824331369620618,-0.1557393901802386,0.18154840372068065,-0.15514892580978792,0.21023143439430933,-0.1567010452225916,0.21605511150222123,-0.15269493273799503,-0.13762172822403462,0.14953619343820934,-0.1745893875284344,0.18155216831867688,-0.18906811103620882,0.2236617175861885,-0.22580259593904317,0.23387929067800067,-0.2330133282948834,0.2305667025355152,0.060302092745561725,-0.10803069222005822,0.1099389440718868,-0.15695717219565714,0.19069063952140128,-0.21917668156169795,0.2282418204452074,-0.2478831220628851,0.25000000000000017,-0.23779839620660786,-0.0682613478631752,0.04089509650646642,-0.0486238131624729,0.031173351788491552,-0.04497100309145451,-0.005607323661752386,-0.005145937616773906,-0.039103349417259244,0.037937042831871534,-0.06834145178381679,-0.03894217234666931,0.03968459512562337,-0.07074354889948291,0.06683221430795079,-0.09103100737197231,0.08416191427955491,-0.09550872613058506,0.07631786690687964,-0.07682707983633935,0.06802403354726735,-0.14928247286994664,-0.14892549478562064,0.09074549435119153,-0.1464208750074267,0.10806402328835257,-0.14916059175556906,0.10741575159329181,-0.14974919522113153,0.08975305703553536,-0.1526945157492017
0.16223441910062902,0.16430828724508986,-0.17242125456634566,0.16742828800875748,-0.19071527862768237,0.16700851058656327,-0.2220688743834572,0.16856162807296798,-0.2278973003371586,0.16455354834073926,0.1353005902141769,-0.14727432065397936,0.17709857046139973,-0.18409678899352358,0.19536376430094624,-0.23001007449548216,0.23766918775679224,-0.24577777913647061,0.2448606783745136,-0.2422100322199775,-0.051440136244668734,0.10023475493134999,-0.1013455007620161,0.14881604969753107,-0.18028204373884923,0.20871830602419697,-0.21693550716074,0.23618343964730534,-0.23779839620660786,0.25000000000000017,0.0598225869632215,-0.028960859714073355,0.03668166212411331,-0.01926333945654682,0.03301859852805017,0.017529433322593393,-0.006806414281021193,0.05102598402652541,-0.04986220920392543,0.08024819723634916,0.050791439150116864,-0.051596491926451285,0.08264422780837238,-0.07873561829695647,0.10292671000353777,-0.09606222101882805,0.10739661354249952,-0.0882199754185285,0.0887189724157426,-0.0798653116165586,0.16064699114574524,0.16078504241559546,-0.1026086215228322,0.1582832187843551,-0.11993600595757019,0.16102139298375145,-0.11926314512961037,0.161609583842703,-0.10163429773098072,0.16455313426289228
0.04441921211727514,0.047767976492324025,-0.08908852029426056,0.04915171950046589,-0.07985623561444599,0.048188227759489256,-0.060639558094729616,0.04656341916464696,-0.055693108505144924,0.045795277272868924,0.11714213293394443,-0.12817278305507443,0.0987419354996972,-0.10422842228559769,0.09280142443766737,-0.07425748985002842,0.06427395952909715,-0.05958830367793414,0.059534533567646625,-0.057622307767910635,-0.23974640658306481,0.19653243381450464,-0.1965292704069162,0.1483561342520961,-0.12583510897748168,0.09427800677318571,-0.08906616257196516,0.06745166677703558,-0.0682613478631752,0.0598225869632215,0.2500000000000002,-0.20421911188383224,0.19637650731315245,-0.12724734427380588,0.12299492904347692,-0.06982580823215156,0.05874369118714423,-0.02454011497609207,0.023378944825520998,-0.003082603753516075,-0.08410689486299577,0.08394319339324681,-0.037456387793701376,0.04037045083880893,-0.015152476300504035,0.01999290777940956,-0.008293752089582163,0.0010540058080355796,-0.0003006086315839973,0.0029190377461167363,0.047212112799712935,0.04192035835202937,0.017187947558755367,0.03951860507357973,-0.0018608816248689999,0.04230752732486657,-0.0034372397924079846,0.04296467607792502,-0.010164976736249826,0.045795196957659115
-0.00036495208529137985,-0.002367389341148038,0.04427819186232473,-0.0035963632771041296,0.03491925608758482,-0.0026254768701369294,0.02484708728627722,-0.0016687676880954364,0.021648728338726362,-0.00018749409778458237,-0.0725994079467187,0.08358613798080751,-0.053760187255092275,0.05933223770961811,-0.048014304725391116,0.040692831987643806,-0.03087718438200141,0.028051982287943325,-0.02823285539267764,0.02805192664869277,0.19656301323178454,-0.15304248434872553,0.15376162051398276,-0.10505756107235992,0.09591897542601438,-0.06470265865667041,0.06141977983529691,-0.040209461580113834,0.04089509650646642,-0.028960859714073355,-0.20421911188383224,0.2500000000000003,-0.24005611571911023,0.17072493341099787,-0.1569499414473886,0.10407680855252553,-0.09155283019119277,0.0611674923820959,-0.05972760610330396,0.04297211761233849,0.12950898837834143,-0.12958538946311873,0.08308084924968119,-0.08589225717264673,0.060659745195636654,-0.06504409730622626,0.05328759100093181,-0.042250915099536185,0.041436548648072925,-0.04259792591091089,-0.0035075870744737435,0.003685994001868518,-0.06271372997962667,0.006090222910215755,-0.043615495752618534,0.003294398020681879,-0.04152550787466774,0.0026225074208679005,-0.031331283512629,-0.00018725790426141854
