x1,x2,x3,x4,x5,x6,x7,x8,x9,x10,x11,x12,x13,x14,x15,x16,x17,x18,x19,x20,x21,x22,x23,x24,x25,x26,x27,x28,x29,x30,x31,x32,x33,x34,x35,x36,x37,x38,x39,x40,x41,x42,x43,x44,x45,x46,x47,x48,x49,x50,x51,x52,x53,x54
0.25000000000000006,0.19905135024963877,0.1661650135620823,0.1948326002582377,-0.18247476078991967,0.19904425374362333,-0.1942675427419771,0.19898984970372202,0.19742808276779664,-0.16675380102321788,0.19290155720175112,0.1640887780726472,-0.1767982051319846,0.19907724992848544,-0.18545983034296226,0.19868587378655747,0.199208031688982,-0.1986171987938063,0.1989081895516397,-0.19680124170389265,-0.14237902116679763,-0.14744466897837413,0.1990202126305433,0.20504116067657552,0.19909306131416518,0.16934065832796438,0.16857630488687017,-0.19907437511837608,-0.19956304071736672,0.14387216289271315,-0.1870340880970794,0.16297579965680078,-0.19800823382143595,-0.1978547151178002,-0.19504254975126303,-0.22092802299851225,-0.19505950868566715,-0.1902668816445936,-0.19042352330681522,-0.19484826192823093,0.11186575690525434,-0.19883661610474346,-0.1987543639672967,-0.19156906561475148,-0.19697822872498252,-0.19945936159222968,0.18477623453472766,-0.1988788803724853,0.11918766014694464,-0.19698552895880755,-0.1922001838825121,-0.19931522042978986,0.15383111726810947,-0.19938507156781982
0.19905135024963877,0.25000000000000017,0.20973317316125656,0.2436535501166396,-0.21820662659250858,0.2498495461972281,-0.24426852401966012,0.24987876656246935,0.19855817680804008,-0.21341360287808084,0.2410397494960385,0.2081012790113357,-0.2252164026732902,0.24986121803505515,-0.23627323643150402,0.249503147131044,0.2490384456762437,-0.24943922504696878,0.24872965567687716,-0.24727454806082783,-0.19307764818111744,-0.19397214497489168,0.2499223471949362,0.24148635114571682,0.2498350997502691,0.2098796287478305,0.21067034133171877,-0.2493556606040931,-0.24878041065897935,0.1864722738414774,-0.23306560205130047,0.18938169652663875,-0.2487031134224428,-0.2485088666449733,-0.24492864849632592,-0.22760552421528424,-0.2449565102074023,-0.23759664886940066,-0.2378081184987089,-0.2446906479439738,0.1619065210118457,-0.24964510726527578,-0.24955855739008137,-0.2399911346579826,-0.2473917183208439,-0.2493374632149826,0.23172976168993964,-0.24969557056913677,0.16305900955310212,-0.2473581413101524,-0.2408593159120013,-0.2491520002060562,0.19799397603498609,-0.24929596627776973
0.1661650135620823,0.20973317316125656,0.25000000000000006,0.2058056714812996,-0.18016121763514584,0.2097321331551283,-0.20479017062881105,0.20966122486728694,0.16623460291126757,-0.17348640383184794,0.21783912908145828,0.17650587053706965,-0.18735094747800693,0.209773805742153,-0.20239214283919083,0.20934580914456352,0.21002691551909425,-0.20924430252219536,0.20968519998957566,-0.20736370138601373,-0.16344778611266256,-0.1649644415612923,0.20969815891489063,0.20337376925119102,0.2097958482074711,0.19700791400636497,0.17933674337718364,-0.20922484708008285,-0.20979708273043235,0.14706121969202207,-0.19811134727806973,0.1553761773612572,-0.20874918702585962,-0.20849916321072226,-0.2055075900700083,-0.19103784696406648,-0.2055240346137708,-0.2218462890593516,-0.2015599279193357,-0.2053014337801198,0.1373734918827528,-0.20945773740529464,-0.20984068547715912,-0.202736964355167,-0.20768820758455794,-0.21031267320489694,0.1942014520943019,-0.20950605656603247,0.13891164993116017,-0.2076836390779359,-0.2037566465383738,-0.21014899777015572,0.16337399999873217,-0.2102099990692303
0.1948326002582377,0.2436535501166396,0.2058056714812996,0.25000000000000006,-0.2120318448442746,0.24365197248303488,-0.2380575676615694,0.24357552718245812,0.1944902346716683,-0.20721717492424788,0.23597139829336877,0.21322651201642567,-0.2190480382314719,0.243698258353581,-0.2300016582522053,0.24320866388508036,0.24393224732027835,-0.24314320706103543,0.2435539387043349,-0.2409832770781669,-0.18695581971678998,-0.187864316584481,0.24361800873795983,0.2364214734951709,0.24372123544994953,0.20551959422982502,0.2158844708506613,-0.2430771897045628,-0.24368177496460497,0.18042827251103863,-0.22866052062224607,0.18321213446065657,-0.24242997436026945,-0.24231029393520193,-0.23874968786377126,-0.2225382977762857,-0.2387691580635229,-0.23258565232712652,-0.24298562771414345,-0.23851035663173156,0.15586539238091957,-0.24334816312899957,-0.24326653257829045,-0.23531699220763316,-0.24133576104332602,-0.24422181374617566,0.2255209723682616,-0.243399602307897,0.15699595057168508,-0.24114355651207922,-0.2359264091537203,-0.2441514367669489,0.1921910009621502,-0.2441813455469111
-0.18247476078991967,-0.21820662659250858,-0.18016121763514584,-0.2120318448442746,0.25,-0.21819223170949903,0.21907770052258912,-0.21823383010576872,-0.18195699747753602,0.18188701646594108,-0.20935506449945118,-0.17650175297749904,0.19364027545655246,-0.21819864937186959,0.20464449196920462,-0.21790618709846196,-0.21733067782258883,0.21779017703947015,-0.21707332597858406,0.2189039513053891,0.16150433590858684,0.16239079457761194,-0.21827220561047742,-0.21359661361750729,-0.2181688688855355,-0.18168542373399368,-0.1811338302176024,0.21794834516466993,0.21727489093954422,-0.1587387954202682,0.20344669675587568,-0.220635508063309,0.21719480711240186,0.21699958376709225,0.2139103638191107,0.2078639665347729,0.2139364307631634,0.20588491041545862,0.20616611525049633,0.21370430534940574,-0.13430106266285263,0.21801754013779437,0.2179215768544642,0.2092326614313684,0.21577088119559365,0.21758908360028772,-0.20856788845266971,0.21808641614442292,-0.13519415108308253,0.21605038616410147,0.21004276944579373,0.21741497352648378,-0.16865618469145985,0.21755635005622648
0.19904425374362333,0.2498495461972281,0.2097321331551283,0.24365197248303488,-0.21819223170949903,0.2500000000000001,-0.24425493553479988,0.2498648350205632,0.19855620921151743,-0.21340121765698464,0.24103820887297597,0.20810085948605073,-0.22520349862966052,0.249848710024449,-0.2362596853253403,0.24948923548704707,0.24903651559814102,-0.2494253753595699,0.2487270345755317,-0.2472608007744082,-0.19306562264970165,-0.19396045426981323,0.2499084195410234,0.24148449017159196,0.2498230836644865,0.20987897832258562,0.2106696478418379,-0.24934185855662797,-0.24877846019772182,0.1864609492992378,-0.23306451844700682,0.18936792355783386,-0.24868925759323054,-0.24849505769599464,-0.24491499223128574,-0.22760338349966822,-0.2449427753600156,-0.2375953284857878,-0.23780659938656087,-0.24467693355812403,0.16189527769241993,-0.24963124083376753,-0.24954467812450026,-0.2399898436967962,-0.24737842653817185,-0.2493354661877388,0.23171652779298976,-0.24968171230944358,0.1630481108956035,-0.24734450551151338,-0.24085647822173867,-0.24915027546227633,0.19798188023596244,-0.2492935647850165
-0.1942675427419771,-0.24426852401966012,-0.20479017062881105,-0.2380575676615694,0.21907770052258912,-0.24425493553479988,0.25,-0.24429299373178806,-0.19381570277384771,0.20785547798585394,-0.23538330031652643,-0.20257459904665767,0.21967311516792795,-0.2442631864956178,0.2307012760805837,-0.2439258689302844,-0.2433644396659214,0.24385254393484165,-0.24306919458898898,0.2461961904047238,0.18752609106120888,0.18843902697030565,-0.2443356472285965,-0.23587195034555297,-0.24423325757057654,-0.20537620838774737,-0.20513487990085755,0.24377542528296242,0.2431064789463255,-0.18238273544550207,0.22777502972580718,-0.19464518059570288,0.243141744222973,0.24292750455211243,0.23945366127356815,0.22204202514929147,0.23948156373980348,0.23194123882286102,0.23224152943590456,0.23922161101726097,-0.15804165925214503,0.24406277068247345,0.2439743718193871,0.23451382814955168,0.24181010436145914,0.2436565828594732,-0.23687864276656456,0.2441119169020666,-0.15904040192367463,0.2418473191896945,0.2353747251150846,0.24347232423532428,-0.19265662458877855,0.2436195838822224
0.19898984970372202,0.24987876656246935,0.20966122486728694,0.24357552718245812,-0.21823383010576872,0.2498648350205632,-0.24429299373178806,0.2500000000000001,0.19849264347518797,-0.21344100983980555,0.24096164528787142,0.2080273302347525,-0.22524234301394008,0.24987352625847614,-0.23629873856801026,0.2495274651566434,0.24896156435238329,-0.24946306922825767,0.24865873841352756,-0.24729864886488498,-0.19310681358568746,-0.1940005064870071,0.24994664386686585,0.24140905823586173,0.24984325566452412,0.20980524523059674,0.21059665451116152,-0.2493789668451937,-0.24870365180893242,0.1865026212746941,-0.23298726234127923,0.18941231077242587,-0.24872725749013247,-0.24853269203088005,-0.24495251846306756,-0.2275300238143734,-0.24498103422518097,-0.23751758811480103,-0.23773113519467137,-0.24471509832327126,0.1619401825259249,-0.24966899347300905,-0.2495825521391656,-0.2399123027933696,-0.24741164221441783,-0.24926103224015547,0.2317559864913992,-0.249719358580783,0.16309292969852043,-0.24738091108623536,-0.24079320338526658,-0.24907333171134344,0.19802372600213053,-0.24922297238467755
0.19742808276779664,0.19855817680804008,0.16623460291126757,0.1944902346716683,-0.18195699747753602,0.19855620921151743,-0.19381570277384771,0.19849264347518797,0.25,-0.16653493675529357,0.1926130204910502,0.16371628046145828,-0.1763083021291997,0.1985940693977898,-0.1849629649737919,0.1981923687040636,0.19880802362105407,-0.19812777731694656,0.19850314015968648,-0.19631965765919218,-0.14562981132487474,-0.14276799137015095,0.1985259479355439,0.20464911922248719,0.1986137293570537,0.16914411275916993,0.16821110483652987,-0.19858192221569743,-0.19916306201902376,0.14385168717172336,-0.18667313391598434,0.16297172895830062,-0.19751675701399898,-0.19736310324786624,-0.19455811041998353,-0.22054941358773014,-0.19457441520659155,-0.19003440839395647,-0.19001479138998548,-0.1943637399237346,0.11696700488546784,-0.1983467036294722,-0.19826409358710842,-0.19119030437585507,-0.19649089546308643,-0.19905861976671757,0.1843470511919112,-0.1983833176320715,0.11247728561989594,-0.19649302042422362,-0.1918109266558828,-0.19891634670616298,0.15337920641042022,-0.19898091440331786
-0.16675380102321788,-0.21341360287808084,-0.17348640383184794,-0.20721717492424788,0.18188701646594108,-0.21340121765698464,0.20785547798585394,-0.21344100983980555,-0.16653493675529357,0.2500000000000003,-0.20459862484330968,-0.17649838205321172,0.19221140192697264,-0.21340583071597344,0.20645623894775678,-0.2131209679750964,-0.21254817171772003,0.21365899231010618,-0.21229734812791423,0.21084365419516043,0.16307056578486842,0.16419542008888238,-0.2134789504268779,-0.20514767174497373,-0.21337627972929657,-0.1779110022189419,-0.17884838851441415,0.21295267560411152,0.2122816250918138,-0.22248153717599736,0.1988636708175744,-0.15592727280064936,0.21245474085935848,0.2122719546803817,0.2092133996435333,0.19112910460852084,0.20923845748137815,0.20111456229723623,0.20130707546313847,0.20901133119959486,-0.13422645736303537,0.21323793616715178,0.2131321135404375,0.20483283960963067,0.21129851373987704,0.21279930507432188,-0.1967976880908119,0.21328020235113557,-0.13548013857758875,0.21094858868132685,0.2055423156235711,0.212627465177183,-0.16817692752900373,0.2127667209813283
0.19290155720175112,0.2410397494960385,0.21783912908145828,0.23597139829336877,-0.20935506449945118,0.24103820887297597,-0.23538330031652643,0.24096164528787142,0.1926130204910502,-0.20459862484330968,0.24999999999999994,0.20133460943805317,-0.2163785308840228,0.2410839730519956,-0.22738223539117122,0.24059938104100312,0.24132123858849883,-0.24052835222867858,0.24094127499328233,-0.23836631421356447,-0.1843101066753008,-0.18521925234306696,0.2410043301378803,0.2338070334168814,0.24110678053548318,0.21753572874573834,0.20422380007095206,-0.24046149233093395,-0.24106063981296422,0.1776634854288904,-0.2269258944986858,0.18139069353684814,-0.2398726254849572,-0.23962507723647086,-0.23618810487290082,-0.21991419482636246,-0.23620747496727781,-0.24565104128232787,-0.23015226196778316,-0.2359516514339625,0.1532085452373827,-0.24073594963396433,-0.24097589450788,-0.23279648532055358,-0.23863981524798808,-0.24163265077372229,0.22320524673499967,-0.24078824331741483,0.1543262103227248,-0.23861152194166552,-0.23380145633157728,-0.24144809641705256,0.18924446006364937,-0.24152617846908944
0.1640887780726472,0.2081012790113357,0.17650587053706965,0.21322651201642567,-0.17650175297749904,0.20810085948605073,-0.20257459904665767,0.2080273302347525,0.16371628046145828,-0.17649838205321172,0.20133460943805317,0.25,-0.1872656392822193,0.20814342755770382,-0.19682667719055547,0.20771353520643032,0.20842614545023788,-0.20764719969689066,0.20808844053519138,-0.20544011840874407,-0.1591584647419383,-0.16006999917120857,0.2080631323866772,0.20107486939556432,0.20816712760541092,0.1752418178058564,0.19583058331443462,-0.20757058370881515,-0.20817888288982464,0.15291886325190499,-0.1957593217096735,0.14844315976264943,-0.20705200167195087,-0.2070319113453288,-0.20390541878489574,-0.18709163184573824,-0.20392126315975115,-0.19835239219772927,-0.21990205072432256,-0.20370008260875236,0.13200437823065006,-0.20782718977364914,-0.2077592824629416,-0.20135769675529658,-0.20631246756199845,-0.20867523165183718,0.1915598731411713,-0.20787114901078854,0.13305364958138208,-0.20596416113045385,-0.20172545225997981,-0.20872236263841895,0.16446564736667155,-0.20868805761741724
-0.1767982051319846,-0.2252164026732902,-0.18735094747800693,-0.2190480382314719,0.19364027545655246,-0.22520349862966052,0.21967311516792795,-0.22524234301394008,-0.1763083021291997,0.19221140192697264,-0.2163785308840228,-0.1872656392822193,0.24999999999999997,-0.2252098164369267,0.2116821147392686,-0.2249039713840437,-0.22434328872677978,0.22527377183572672,-0.2240751359851987,0.22265058183179962,0.16853033449683957,0.16942620439487677,-0.22528176151903379,-0.21691975125959453,-0.22518043826071255,-0.1852358243684938,-0.18883561554429676,0.22474340414373206,0.22408132324749214,-0.16627317026745403,0.20983163306020372,-0.16640297604386728,0.22406528671850667,0.22400498165361335,0.22078049179620268,0.203012833189368,0.22080651694651154,0.21290746794079982,0.21323149890320692,0.22056681348477927,-0.13911764176253982,0.22503675452868244,0.22492856413744197,0.2161718592533412,0.2230001504780652,0.22461012451892456,-0.2080467492630277,0.22507502017404507,-0.14039137705158117,0.22296623075334218,0.2169612708976556,0.2244346038359175,-0.2221896422995653,0.22457600090667668
0.19907724992848544,0.24986121803505515,0.209773805742153,0.243698258353581,-0.21819864937186959,0.249848710024449,-0.2442631864956178,0.24987352625847614,0.1985940693977898,-0.21340583071597344,0.2410839730519956,0.20814342755770382,-0.2252098164369267,0.24999999999999997,-0.23626723876904474,0.2494979100186568,0.24908242698140057,-0.24943421652816478,0.24877072717896725,-0.24726940530069236,-0.19306907264281478,-0.1939637463237118,0.2499171315205955,0.24153006377577949,0.24983773384836552,0.20992113189597644,0.21071235006052294,-0.24935090074616503,-0.2488243133625776,0.18646223589070451,-0.23310986645137138,0.1893714218505025,-0.24869794032570416,-0.24850384810302836,-0.244923508473754,-0.2276474065820069,-0.2449510527162907,-0.2376411798337368,-0.23785248891659344,-0.24468521923725592,0.16189523490035157,-0.24964008296614668,-0.24955347448506324,-0.24003584711454076,-0.24738857311162715,-0.24938123281529923,0.23172321437088114,-0.2496905952412502,0.16304723392158016,-0.247353602343053,-0.2408978525711277,-0.24919685949231452,0.197984870197504,-0.24933806584707083
-0.18545983034296226,-0.23627323643150402,-0.20239214283919083,-0.2300016582522053,0.20464449196920462,-0.2362596853253403,0.2307012760805837,-0.23629873856801026,-0.1849629649737919,0.20645623894775678,-0.22738223539117122,-0.19682667719055547,0.2116821147392686,-0.23626723876904474,0.25000000000000017,-0.23594363624875156,-0.2353783374869248,0.23588878656898107,-0.23509493599451056,0.2336969336565213,0.19977624555038434,0.2014682118955033,-0.2363399798422656,-0.22788880414273766,-0.2362373671576876,-0.19786070456652335,-0.1995915045529499,0.23578590546101091,0.23511616661099535,-0.17989629789317885,0.22047979854469893,-0.1766757991982697,0.2352339689215637,0.23501000897774452,0.2316179332012614,0.21393165057082303,0.23164490378256924,0.22393511641069405,0.22413038758470755,0.23139343616035254,-0.17552531573902946,0.23606294673366177,0.23598296337027064,0.22685661051181172,0.23394829639867673,0.2356597219895748,-0.21902113644935198,0.2361155460408554,-0.17667665553302042,0.23391754562992584,0.22764221643377455,0.23547808592989378,-0.185454521926543,0.23562363308708523
0.19868587378655747,0.249503147131044,0.20934580914456352,0.24320866388508036,-0.21790618709846196,0.24948923548704707,-0.2439258689302844,0.2495274651566434,0.1981923687040636,-0.2131209679750964,0.24059938104100312,0.20771353520643032,-0.2249039713840437,0.2494979100186568,-0.23594363624875156,0.25000000000000017,0.2485872121539512,-0.24908809023978426,0.24828484953701646,-0.24692695975767073,-0.19281728103877052,-0.19370911062053925,0.2495709321454652,0.24104548955344426,0.24946767992971106,0.20948977106485633,0.21027879040624672,-0.24900408288107992,-0.24832965973554527,0.18622347812282813,-0.23263686300256578,0.1891274870381195,-0.2483533806153797,-0.24815909899338864,-0.2445843138268043,-0.22718601470920222,-0.24461278750169058,-0.23716052274242108,-0.23737241051275895,-0.24434725131084328,0.1616979186777701,-0.24929369758743797,-0.24920738782736654,-0.2395515527607277,-0.24703972062848353,-0.24888622934286286,0.23140770549884926,-0.24934398650111822,0.16284815286028165,-0.24700904963706202,-0.24043115381844976,-0.2486987984284789,0.1977263486637585,-0.24884822625021846
0.199208031688982,0.2490384456762437,0.21002691551909425,0.24393224732027835,-0.21733067782258883,0.24903651559814102,-0.2433644396659214,0.24896156435238329,0.19880802362105407,-0.21254817171772003,0.24132123858849883,0.20842614545023788,-0.22434328872677978,0.24908242698140057,-0.2353783374869248,0.2485872121539512,0.24999999999999997,-0.24852885621563592,0.2489104542572508,-0.24636688434217474,-0.19224974656924995,-0.19315309607284512,0.24900558845481183,0.2417608962839313,0.24910410768866512,0.21019745782343607,0.21098592406382932,-0.24845181603496624,-0.24902832929084623,0.18563813711536079,-0.2333718135847794,0.1885453654740006,-0.2477912091904374,-0.24760116498814733,-0.2440295320566721,-0.22789959689893988,-0.24404980405541718,-0.23789720080433888,-0.2380926015919352,-0.24378546630801515,0.16110636683529728,-0.24873377682261574,-0.2486461550479145,-0.24028521186249466,-0.24653176361236698,-0.24958009708346016,0.23083753063218068,-0.24878524105300948,0.16225556088367493,-0.24646551769125752,-0.24100488222595592,-0.2494208801066014,0.19714659549966168,-0.24949922126996216
-0.1986171987938063,-0.24943922504696878,-0.20924430252219536,-0.24314320706103543,0.21779017703947015,-0.2494253753595699,0.24385254393484165,-0.24946306922825767,-0.19812777731694656,0.21365899231010618,-0.24052835222867858,-0.20764719969689066,0.22527377183572672,-0.24943421652816478,0.23588878656898107,-0.24908809023978426,-0.24852885621563592,0.24999999999999986,-0.2482262577944915,0.2468582890739902,0.19269363547701238,0.1935878805914486,-0.24950653461227268,-0.24097686249191014,-0.24940423150697824,-0.20937651502037005,-0.21029234057472465,0.24893939185158226,0.24827079123277473,-0.1869175139371227,0.23258956631940392,-0.18909511342927302,0.24828764309090626,0.24809501606824,0.2445211984712114,0.22709371644028048,0.24454962858971965,0.23708340456905155,0.23729766701073396,0.24428416419904492,-0.16156215883575822,0.2492293810517078,0.24914259268444985,0.23949492356538113,0.24697608075056932,0.2488277086311332,-0.23134009612867082,0.2492796380064005,-0.16271317309781064,0.24694138751608072,0.2403737444202344,0.24864035173878715,-0.1984253543301877,0.24878948810288817
0.1989081895516397,0.24872965567687716,0.20968519998957566,0.2435539387043349,-0.21707332597858406,0.2487270345755317,-0.24306919458898898,0.24865873841352756,0.19850314015968648,-0.21229734812791423,0.24094127499328233,0.20808844053519138,-0.2240751359851987,0.24877072717896725,-0.23509493599451056,0.24828484953701646,0.2489104542572508,-0.2482262577944915,0.2500000000000002,-0.24606741130000348,-0.19202829037175986,-0.19292928200269516,0.24870267186389416,0.2413938835500367,0.2487893720807852,0.20985536764895119,0.21064432858152668,-0.2481488873357254,-0.24865217703757983,0.18542622330509714,-0.2330128481347033,0.1883283044106567,-0.24748969130773285,-0.247299624890633,-0.24373271137089883,-0.22755200874046236,-0.2437534311603158,-0.23751481945876865,-0.2377129932027313,-0.24348938065025763,0.1609308584260469,-0.24843092560019336,-0.2483430811452814,-0.23991825351935614,-0.24622858824569613,-0.2492034408955481,0.23056017838918855,-0.24848224748105585,0.16207800326153782,-0.24616466402182885,-0.24064598048022562,-0.2490426982534002,0.1969176877484671,-0.24912512151316873
-0.19680124170389265,-0.24727454806082783,-0.20736370138601373,-0.2409832770781669,0.2189039513053891,-0.2472608007744082,0.2461961904047238,-0.24729864886488498,-0.19631965765919218,0.21084365419516043,-0.23836631421356447,-0.20544011840874407,0.22265058183179962,-0.24726940530069236,0.2336969336565213,-0.24692695975767073,-0.24636688434217474,0.2468582890739902,-0.24606741130000348,0.25000000000000017,0.19050079642720805,0.191401234152203,-0.24734177644809954,-0.23883658962376816,-0.24723944629938274,-0.2077480155978164,-0.20800044293226475,0.24677733600007207,0.24610862787881047,-0.18459892839511172,0.23056939931299683,-0.19205848445204232,0.24613416525312268,0.24592969888709548,0.24239970896754656,0.22496732230534844,0.24242791578521164,0.23491844169032727,0.23513191410583908,0.24216476068880038,-0.1601401859033092,0.2470663327076979,0.24697866803454002,0.23740882130256077,0.24480955737829357,0.24666288051432364,-0.2343397856676376,0.24711613507027402,-0.16121401196875804,0.24481231060012523,0.23828017621527192,0.2464764403403015,-0.19552033508771163,0.2466250013411354
-0.14237902116679763,-0.19307764818111744,-0.16344778611266256,-0.18695581971678998,0.16150433590858684,-0.19306562264970165,0.18752609106120888,-0.19310681358568746,-0.14562981132487474,0.16307056578486842,-0.1843101066753008,-0.1591584647419383,0.16853033449683957,-0.19306907264281478,0.19977624555038434,-0.19281728103877052,-0.19224974656924995,0.19269363547701238,-0.19202829037175986,0.19050079642720805,0.2499999999999998,0.1584402511762152,-0.193141112198543,-0.1849377348863744,-0.19304029714262558,-0.15862945240062182,-0.16053669133524173,0.19263565625619017,0.19197666857093498,-0.13909993122623115,0.17982495155875308,-0.13612870972709815,0.19226305974357244,0.19205241144000357,0.18928248541877618,0.17080767119909582,0.1893049587935065,0.18082306754406,0.18104150694938356,0.18909942896174295,-0.21840253415406521,0.1929103232675937,0.19280316159478317,0.18526691202478293,0.19120116687381405,0.1924738455242024,-0.1774795717510782,0.19292476134914183,-0.13600207488289115,0.19119382400082988,0.18589290185644836,0.19231230714421935,-0.14518021843411782,0.19244454682583048
-0.14744466897837413,-0.19397214497489168,-0.1649644415612923,-0.187864316584481,0.16239079457761194,-0.19396045426981323,0.18843902697030565,-0.1940005064870071,-0.14276799137015095,0.16419542008888238,-0.18521925234306696,-0.16006999917120857,0.16942620439487677,-0.1939637463237118,0.2014682118955033,-0.19370911062053925,-0.19315309607284512,0.1935878805914486,-0.19292928200269516,0.191401234152203,0.1584402511762152,0.25000000000000017,-0.194034445668715,-0.18582727592346565,-0.19393541521884294,-0.1595519378267064,-0.16150676517994061,0.19352703984898087,0.19288069651982273,-0.1401835147812208,0.18068303156098664,-0.13697972226732558,0.193155038526145,0.19294036023885097,0.19015781738767096,0.17168593495120246,0.19018045331368758,0.1817323837483517,0.181956861408843,0.18997397243741065,-0.13655474837105078,0.19376314969573533,0.1936952735930899,0.1861313785139914,0.19208240936387552,0.19337835624538888,-0.17831468339579373,0.19384978342769948,-0.21864192482753136,0.19213336602309533,0.18676300325308312,0.19321646340687626,-0.14601964626510114,0.19334847179547096
0.1990202126305433,0.2499223471949362,0.20969815891489063,0.24361800873795983,-0.21827220561047742,0.2499084195410234,-0.2443356472285965,0.24994664386686585,0.1985259479355439,-0.2134789504268779,0.2410043301378803,0.2080631323866772,-0.22528176151903379,0.2499171315205955,-0.2363399798422656,0.2495709321454652,0.24900558845481183,-0.24950653461227268,0.24870267186389416,-0.24734177644809954,-0.193141112198543,-0.194034445668715,0.2500000000000001,0.24145120250854507,0.24988688253295385,0.2098424029497178,0.2106327540185984,-0.24942239027025404,-0.24874760265472037,0.1865362360470167,-0.2330284428739882,0.18944513334291832,-0.24877058752929637,-0.2485759818723066,-0.24499518850120494,-0.22756844232836201,-0.24502370500408924,-0.23755969391463153,-0.2377719355566536,-0.24475772310854657,0.16196942512921528,-0.2497124869549492,-0.24962603090545638,-0.23995475800071633,-0.24745475207470957,-0.24930510470380643,0.2317964325538497,-0.2497628611231706,0.16312158174778532,-0.2474240077461306,-0.24083573926424517,-0.2491173759634621,0.19805843861997327,-0.24926701133427182
0.20504116067657552,0.24148635114571682,0.20337376925119102,0.2364214734951709,-0.21359661361750729,0.24148449017159196,-0.23587195034555297,0.24140905823586173,0.20464911922248719,-0.20514767174497373,0.2338070334168814,0.20107486939556432,-0.21691975125959453,0.24153006377577949,-0.22788880414273766,0.24104548955344426,0.2417608962839313,-0.24097686249191014,0.2413938835500367,-0.23883658962376816,-0.1849377348863744,-0.18582727592346565,0.24145120250854507,0.2500000000000001,0.2415525938984496,0.20388385243370777,0.20425285984746616,-0.24107527631315742,-0.24169140857756444,0.1786237985598958,-0.22647503755382598,0.18660249752736952,-0.24026073300783685,-0.24007449284479956,-0.23662593760971704,-0.2336071466385381,-0.23664550870169573,-0.23039426973321037,-0.2305959701763523,-0.23638922817081537,0.15392907800723882,-0.24119850630056014,-0.2411016592978177,-0.2328866956356749,-0.23902967372188413,-0.24204957329591034,0.22385100277155026,-0.2412481210008577,0.1550526452683084,-0.23898623823708393,-0.2335898338058372,-0.24188849098290413,0.1901335642252165,-0.24196559749339366
0.19909306131416518,0.2498350997502691,0.2097958482074711,0.24372123544994953,-0.2181688688855355,0.2498230836644865,-0.24423325757057654,0.24984325566452412,0.1986137293570537,-0.21337627972929657,0.24110678053548318,0.20816712760541092,-0.22518043826071255,0.24983773384836552,-0.2362373671576876,0.24946767992971106,0.24910410768866512,-0.24940423150697824,0.2487893720807852,-0.24723944629938274,-0.19304029714262558,-0.19393541521884294,0.24988688253295385,0.2415525938984496,0.25,0.20994423872296827,0.21073575962513352,-0.24932120435644772,-0.2488459549006386,0.18643291422483674,-0.23313345146530898,0.1893421676152203,-0.24866785590808668,-0.24847394549571286,-0.2448938337724359,-0.2276702459763112,-0.24492104073785528,-0.23766469250343483,-0.2378756949216258,-0.24465526392344417,0.16186633206457493,-0.24961006413685521,-0.24952340450989335,-0.24005917931084275,-0.24736075496240573,-0.24940266155996146,0.2316932711136772,-0.24966062324957597,0.16301825052757626,-0.24732432098401208,-0.24091459544284974,-0.2492194541603409,0.19795546806621445,-0.24935773834008912
0.16934065832796438,0.2098796287478305,0.19700791400636497,0.20551959422982502,-0.18168542373399368,0.20987897832258562,-0.20537620838774737,0.20980524523059674,0.16914411275916993,-0.1779110022189419,0.21753572874573834,0.1752418178058564,-0.1852358243684938,0.20992113189597644,-0.19786070456652335,0.20948977106485633,0.21019745782343607,-0.20937651502037005,0.20985536764895119,-0.2077480155978164,-0.15862945240062182,-0.1595519378267064,0.2098424029497178,0.20388385243370777,0.20994423872296827,0.25000000000000006,0.17810492538507935,-0.20938066484284687,-0.20998135193962034,0.15417797478853715,-0.19819355873292538,0.1573916244617522,-0.20889214086837363,-0.20863016473832396,-0.20564883996195502,-0.19232408463318956,-0.20566522590229067,-0.2213066614791295,-0.20044668503476695,-0.205442518054246,0.13086699489832226,-0.20960817263478657,-0.20997177408517612,-0.20286273693698276,-0.20780174068973264,-0.21048223196274793,0.19494619668343832,-0.20965469824287428,0.13198822321930473,-0.20779196485665696,-0.20387613826927228,-0.21030881794527614,0.15867308979586897,-0.21037416186248115
0.16857630488687017,0.21067034133171877,0.17933674337718364,0.2158844708506613,-0.1811338302176024,0.2106696478418379,-0.20513487990085755,0.21059665451116152,0.16821110483652987,-0.17884838851441415,0.20422380007095206,0.19583058331443462,-0.18883561554429676,0.21071235006052294,-0.1995915045529499,0.21027879040624672,0.21098592406382932,-0.21029234057472465,0.21064432858152668,-0.20800044293226475,-0.16053669133524173,-0.16150676517994061,0.2106327540185984,0.20425285984746616,0.21073575962513352,0.17810492538507935,0.24999999999999975,-0.21016652934438568,-0.2107710165767722,0.1548219450560277,-0.1983001883155136,0.1550502437424661,-0.20961157622216975,-0.20958537459595392,-0.20642364608597077,-0.1917173756328639,-0.2064398319359594,-0.20140754362908714,-0.22256389420364686,-0.2062158872485851,0.1328919272652762,-0.21039420686212437,-0.21033909904325318,-0.2038088977632616,-0.2088394855914555,-0.21124018141902895,0.1932532435879499,-0.2104405292996624,0.13403042024596437,-0.20850370623172143,-0.2041986790770248,-0.21128506565624197,0.16536394385835845,-0.2112519668882014
-0.19907437511837608,-0.2493556606040931,-0.20922484708008285,-0.2430771897045628,0.21794834516466993,-0.24934185855662797,0.24377542528296242,-0.2493789668451937,-0.19858192221569743,0.21295267560411152,-0.24046149233093395,-0.20757058370881515,0.22474340414373206,-0.24935090074616503,0.23578590546101091,-0.24900408288107992,-0.24845181603496624,0.24893939185158226,-0.2481488873357254,0.24677733600007207,0.19263565625619017,0.19352703984898087,-0.24942239027025404,-0.24107527631315742,-0.24932120435644772,-0.20938066484284687,-0.21016652934438568,0.2500000000000002,0.24820236593147033,-0.18605201378962768,0.23251885202592812,-0.18923565644274218,0.24820510636302315,0.24801090788967126,0.244438722734389,0.2275945250041521,0.24446710836331625,0.2370219748944653,0.23724575329678563,0.24420173704931275,-0.1614986730720738,0.24914568573069504,0.2490590765190218,0.23941547692317802,0.24689205427042019,0.2487507717683773,-0.23126735555203917,0.24919607204820535,-0.1626475106857276,0.2468621156963898,0.24029366007871727,0.24856357813961324,-0.1975634605639666,0.24871226919149514
-0.19956304071736672,-0.24878041065897935,-0.20979708273043235,-0.24368177496460497,0.21727489093954422,-0.24877846019772182,0.2431064789463255,-0.24870365180893242,-0.19916306201902376,0.2122816250918138,-0.24106063981296422,-0.20817888288982464,0.22408132324749214,-0.2488243133625776,0.23511616661099535,-0.24832965973554527,-0.24902832929084623,0.24827079123277473,-0.24865217703757983,0.24610862787881047,0.19197666857093498,0.19288069651982273,-0.24874760265472037,-0.24169140857756444,-0.2488459549006386,-0.20998135193962034,-0.2107710165767722,0.24820236593147033,0.25000000000000017,-0.18537833808874365,0.23313797278312604,-0.18856591269065662,0.24753391231357197,0.24734406323030358,0.2437766929228785,0.22826315157676058,0.24379695557201503,0.2376361513789655,0.2378523010270187,0.24353289222597257,-0.160825510065902,0.24847650584575398,0.24838849226989998,0.24002915840777747,0.24627527123596168,0.24932131431676974,-0.23059695033721536,0.24852797264364396,-0.16197548206819531,0.2462100675563231,0.24074862480306344,0.24916210137799416,-0.19689291049321453,0.24924043416809788
0.14387216289271315,0.1864722738414774,0.14706121969202207,0.18042827251103863,-0.1587387954202682,0.1864609492992378,-0.18238273544550207,0.1865026212746941,0.14385168717172336,-0.22248153717599736,0.1776634854288904,0.15291886325190499,-0.16627317026745403,0.18646223589070451,-0.17989629789317885,0.18622347812282813,0.18563813711536079,-0.1869175139371227,0.18542622330509714,-0.18459892839511172,-0.13909993122623115,-0.1401835147812208,0.1865362360470167,0.1786237985598958,0.18643291422483674,0.15417797478853715,0.1548219450560277,-0.18605201378962768,-0.18537833808874365,0.2500000000000002,-0.17352334508072942,0.1364434174161791,-0.18564640848683378,-0.18547559575674966,-0.18280901018641657,-0.16514625392988314,-0.18283152169275615,-0.17412536390438543,-0.17458606827542836,-0.1826330549883245,0.11247416741059295,-0.18632593963492075,-0.18619934507152816,-0.1788800350078611,-0.1846014135875036,-0.18585391358308617,0.1726990299965631,-0.1863614431076554,0.11379559307255101,-0.18413082164874156,-0.17948198748162725,-0.18569505926490104,0.1436994547330673,-0.18582639593200884
-0.1870340880970794,-0.23306560205130047,-0.19811134727806973,-0.22866052062224607,0.20344669675587568,-0.23306451844700682,0.22777502972580718,-0.23298726234127923,-0.18667313391598434,0.1988636708175744,-0.2269258944986858,-0.1957593217096735,0.20983163306020372,-0.23310986645137138,0.22047979854469893,-0.23263686300256578,-0.2333718135847794,0.23258956631940392,-0.2330128481347033,0.23056939931299683,0.17982495155875308,0.18068303156098664,-0.2330284428739882,-0.22647503755382598,-0.23313345146530898,-0.19819355873292538,-0.1983001883155136,0.23251885202592812,0.23313797278312604,-0.17352334508072942,0.2499999999999999,-0.17653468944858894,0.23189644222243036,0.2317163960126084,0.22837160959529065,0.21383281497085876,0.22839007694548535,0.22420436396155904,0.2235851094917763,0.22814272673938293,-0.15056076075144298,0.23277349776927436,0.2327238808554224,0.22497345412661113,0.23072754605430215,0.23364886060852483,-0.21604520266599336,0.23282244239017844,-0.15162860202993866,0.2306597289446304,0.22566232495724306,0.23350438353611508,-0.1842581751102505,0.2335705612736222
0.16297579965680078,0.18938169652663875,0.1553761773612572,0.18321213446065657,-0.220635508063309,0.18936792355783386,-0.19464518059570288,0.18941231077242587,0.16297172895830062,-0.15592727280064936,0.18139069353684814,0.14844315976264943,-0.16640297604386728,0.1893714218505025,-0.1766757991982697,0.1891274870381195,0.1885453654740006,-0.18909511342927302,0.1883283044106567,-0.19205848445204232,-0.13612870972709815,-0.13697972226732558,0.18944513334291832,0.18660249752736952,0.1893421676152203,0.1573916244617522,0.1550502437424661,-0.18923565644274218,-0.18856591269065662,0.1364434174161791,-0.17653468944858894,0.2500000000000001,-0.1885057380629159,-0.18831209106078578,-0.1856592148328585,-0.1847928607688855,-0.1856825621682751,-0.1782677286802098,-0.17725204401058636,-0.1854811087496687,0.11292927154265085,-0.18921745949767094,-0.18913179505600713,-0.18139637901113984,-0.187110351058618,-0.18876814349781756,0.18549640336832723,-0.18929015262669147,0.11372649840661306,-0.1875209217087472,-0.18214153749813217,-0.1886030179985742,0.14435557197824903,-0.18873758370982402
-0.19800823382143595,-0.2487031134224428,-0.20874918702585962,-0.24242997436026945,0.21719480711240186,-0.24868925759323054,0.243141744222973,-0.24872725749013247,-0.19751675701399898,0.21245474085935848,-0.2398726254849572,-0.20705200167195087,0.22406528671850667,-0.24869794032570416,0.2352339689215637,-0.2483533806153797,-0.2477912091904374,0.24828764309090626,-0.24748969130773285,0.24613416525312268,0.19226305974357244,0.193155038526145,-0.24877058752929637,-0.24026073300783685,-0.24866785590808668,-0.20889214086837363,-0.20961157622216975,0.24820510636302315,0.24753391231357197,-0.18564640848683378,0.23189644222243036,-0.1885057380629159,0.2499999999999999,0.24736328228955703,0.24379996014730587,0.2264156340590406,0.24382833473637988,0.23646549194812266,0.23661301123478276,0.2435636507126662,-0.16126082536185835,0.24849410800818245,0.24840952523279106,0.23878583892917715,0.24624773116216053,0.24808935596951656,-0.23066418709689993,0.24854430700854216,-0.1624068891962845,0.24621715729166171,0.23966368377970007,0.24790245966416188,-0.19689873449659975,0.24805134639313592
-0.1978547151178002,-0.2485088666449733,-0.20849916321072226,-0.24231029393520193,0.21699958376709225,-0.24849505769599464,0.24292750455211243,-0.24853269203088005,-0.19736310324786624,0.2122719546803817,-0.23962507723647086,-0.2070319113453288,0.22400498165361335,-0.24850384810302836,0.23501000897774452,-0.24815909899338864,-0.24760116498814733,0.24809501606824,-0.247299624890633,0.24592969888709548,0.19205241144000357,0.19294036023885097,-0.2485759818723066,-0.24007449284479956,-0.24847394549571286,-0.20863016473832396,-0.20958537459595392,0.24801090788967126,0.24734406323030358,-0.18547559575674966,0.2317163960126084,-0.18831209106078578,0.24736328228955703,0.24999999999999986,0.24360924239622997,0.22623547315818254,0.2436375683358768,0.23619099421931442,0.23657837300178491,0.24337308980923383,-0.1610523928273936,0.24829978041483122,0.24821333856028355,0.23860459375698506,0.24605724944779575,0.2478989468781039,-0.23045113546721532,0.24834988928123125,-0.16219758053663613,0.24602433878957267,0.23947812978235972,0.2477136948953419,-0.19693521633462355,0.24786157491148797
-0.19504254975126303,-0.24492864849632592,-0.2055075900700083,-0.23874968786377126,0.2139103638191107,-0.24491499223128574,0.23945366127356815,-0.24495251846306756,-0.19455811041998353,0.2092133996435333,-0.23618810487290082,-0.20390541878489574,0.22078049179620268,-0.244923508473754,0.2316179332012614,-0.2445843138268043,-0.2440295320566721,0.2445211984712114,-0.24373271137089883,0.24239970896754656,0.18928248541877618,0.19015781738767096,-0.24499518850120494,-0.23662593760971704,-0.2448938337724359,-0.20564883996195502,-0.20642364608597077,0.244438722734389,0.2437766929228785,-0.18280901018641657,0.22837160959529065,-0.1856592148328585,0.24379996014730587,0.24360924239622997,0.24999999999999997,0.22302019546612847,0.24012794847592378,0.23281227414226888,0.23302054703161568,0.239867280749611,-0.15873381670432768,0.24472303733943268,0.24463830839602782,0.23515954936636393,0.24251039258010393,0.24432306686992075,-0.22716502686885245,0.24477240329103642,-0.15986277525612064,0.24248027828831614,0.2360230137025877,0.24413907469227722,-0.19410116199512312,0.2442857604124686
-0.22092802299851225,-0.22760552421528424,-0.19103784696406648,-0.2225382977762857,0.2078639665347729,-0.22760338349966822,0.22204202514929147,-0.2275300238143734,-0.22054941358773014,0.19112910460852084,-0.21991419482636246,-0.18709163184573824,0.203012833189368,-0.2276474065820069,0.21393165057082303,-0.22718601470920222,-0.22789959689893988,0.22709371644028048,-0.22755200874046236,0.22496732230534844,0.17080767119909582,0.17168593495120246,-0.22756844232836201,-0.2336071466385381,-0.2276702459763112,-0.19232408463318956,-0.1917173756328639,0.2275945250041521,0.22826315157676058,-0.16514625392988314,0.21383281497085876,-0.1847928607688855,0.2264156340590406,0.22623547315818254,0.22302019546612847,0.24999999999999992,0.22303878371493624,0.216504499030029,0.21668694266666425,0.22279730975473325,-0.13967713371206816,0.22735571672065025,0.22723817727144602,0.21920253563660835,0.22522991496985745,0.22818267379441076,-0.21100269684629527,0.22740204178331588,-0.1407748812531321,0.225240027517054,0.2198845664426517,0.22801416020860554,-0.17679608706068223,0.2280921318407602
