x1,x2,x3,x4,x5,x6,x7,x8,x9,x10,x11,x12,x13,x14,x15,x16,x17,x18,x19,x20,x21,x22,x23,x24,x25,x26,x27,x28,x29,x30,x31,x32,x33,x34,x35,x36,x37,x38,x39,x40,x41,x42,x43,x44,x45,x46,x47,x48,x49,x50,x51,x52,x53,x54,x55,x56,x57,x58,x59,x60
0.25000000000000006,-0.002572844453184886,-0.04970043569699974,0.04515818135502735,-0.008106924075396402,-0.11823994290779435,-0.18377385405381047,-0.18626680042745775,-0.09645223246116462,-0.19146252773686878,0.1925623228313076,-0.1915664561373404,0.04253763912504448,-0.16690065525449055,0.14660806849890687,-0.19156638653420932,0.18621877189040187,-0.19156639916459123,0.17998644030395422,-0.1888906280143698,-0.14078767709004875,0.1406086516599534,-0.145044589359579,0.13253252062298035,-0.17973884179728328,0.17846476675440123,-0.19156632491589748,0.19142708156662203,-0.1915661796655278,0.18187024021539472,0.13984379737867972,-0.1402016455364244,0.11179258847931929,-0.1464329999805271,0.14046405943017976,-0.1570583157070926,0.15466389614930942,-0.15471312418172473,0.15298145375727226,-0.1542017152022209,0.16930667844625835,-0.18502218643627444,-0.01691566977333448,0.011215495569853393,-0.15319529629483075,0.15021898766266872,-0.17036416993793443,0.14770524488652714,-0.1534407287769672,0.14994540019952585,0.06863861641838041,0.032499967961773145,-0.03968493122385835,0.025170564201245495,0.05420368148279989,0.050104362163597795,0.06966399790163336,0.03714686562179855,0.02448418840378867,-0.027645255610935986
-0.002572844453184886,0.25000000000000006,-0.09297991292638291,0.058866720882413986,0.07878022238555957,0.04600887380843476,-0.01970976025095412,-0.03160473540137783,-0.09530923509278083,-0.026547538291334213,0.02337940069636444,-0.026455782379285555,-0.06496766988130732,-0.004741005264337295,0.012099877268039913,-0.026455748439617163,0.025201200415546746,-0.026455760937486073,0.026260430727682606,-0.028840791810918857,-0.028163228655751427,0.028158072170856845,-0.0266183679954188,0.014668236239916796,-0.028663665916298587,0.028492785761938418,-0.026455766978644466,0.02643702794220711,-0.026455742175755522,0.025306949667385416,0.02800734425523226,-0.027921605357928102,0.02397609387200734,-0.025338771882308504,0.02440083528461023,-0.022428963456285065,0.02206254346047835,-0.02206597754118997,0.021811590487242443,-0.021990955410923642,0.023597340944442546,-0.025616345833942167,-0.004186225799510432,0.0032800065903269802,-0.021855153885993343,0.021401021895925076,-0.02391952435168516,0.021089581303847627,-0.021884485904516707,0.021402780801047634,0.008826393238430952,0.004301542964961509,-0.002927603204436531,0.0032553253045180556,0.00746591411756361,0.006888634829934788,0.009405276630641649,0.004863661493951056,0.002795357217612942,-0.004340503821399191
-0.04970043569699974,-0.09297991292638291,0.25000000000000006,-0.07997558948561546,-0.08201703167693762,-0.04482527305125562,0.017221633768917628,0.0022391965027066603,0.0648067654495428,-0.0028740108234853574,-0.00797715431253024,-0.002968856411328294,0.007486525603584524,-0.014540936279569868,-0.0022444998026252753,-0.002968873266487416,0.0034241742734495337,-0.002968866958297796,0.0021250146777019793,-0.000578382272697494,0.0006353807959040205,-0.0006540548795475212,-0.0006949038768582399,0.005928463363838661,-0.0008089078905280701,0.0007807435731199377,-0.002968852015496649,0.0029659407042210025,-0.002968850869671607,0.0026524022228555312,-0.0006404847274027813,0.000556317786225819,-0.00112504786734586,0.00048765535477496617,-0.000534387254721373,-0.0018633859824159784,0.0018723943007202338,-0.0018736234149004558,0.0018665375617722333,-0.0018822914300319778,0.0025599510117801463,-0.0029051562519172513,0.00127652334397151,-0.001325111000340318,-0.001867498095696856,0.0018375562517747438,-0.0023587291566160773,0.0017879204409647696,-0.0018746206202245538,0.0018199985182491421,0.0010207192339064632,0.0002673936331552114,-0.0017687405670054148,0.00019091385097501544,0.0006094104400337195,0.0005927375892165275,0.00107988171129184,0.0006444329373429651,0.0006928488672736169,-0.00015680942805400516
0.04515818135502735,0.058866720882413986,-0.07997558948561546,0.25000000000000017,0.087761224403561,0.058112982870728865,-0.05797029670789826,-0.057378725089978246,-0.047943396928836174,-0.057045618190502176,0.05405936270089316,-0.057040681771631865,-0.03911424844284285,-0.009095288757011363,-0.010917323898277756,-0.05704062726724761,0.05533320244629461,-0.05704066626233585,0.053071940719636924,-0.05707348060130589,-0.031946021824830806,0.031899590701379814,-0.03226875466101214,0.005542854287408428,-0.05386059247147427,0.053604286613601344,-0.057040649436392324,0.0570096721342905,-0.0570406207268187,0.054029520513741866,0.03167295961628169,-0.03173742835615416,0.02593224904980306,-0.046427133990762565,0.044669791537266544,-0.049843802929437964,0.04882084864997613,-0.04884254141737832,0.04816062236613524,-0.048513827858077486,0.050060470763784594,-0.05462901026505143,-0.009576573807453288,0.007995084070132935,-0.04819054885437245,0.047337366493577414,-0.05213625237411891,0.046524450205631264,-0.04824605374145547,0.047207693737305,0.0240597037088459,0.012871119826133356,-0.012259326921285398,0.0105153787347063,0.018843529781774435,0.017140143488508165,0.021672629232404417,0.011554079328523958,0.006517102280783903,-0.00873648443952882
-0.008106924075396402,0.07878022238555957,-0.08201703167693762,0.087761224403561,0.25,0.09636572071809475,-0.03888230927185394,-0.021001779666614512,-0.07794427475479428,-0.015744814558695735,0.011935098828486779,-0.015648344224544704,-0.05061664777567821,0.03475128763303103,-0.03325042457864269,-0.015648295487119712,0.014513805183504364,-0.01564833132273468,0.015085901838220795,-0.018045507444727736,-0.006379218518543707,0.006383360972929843,-0.004697497766797635,-0.02336737000286195,-0.017074856538276686,0.017090207377373608,-0.015648340984796005,0.015647171693708845,-0.015648340539090342,0.014862349571451215,0.006297642909821916,-0.0062149795218829785,0.006402661981721091,-0.017376804489729787,0.016850321941669626,-0.016153048133952776,0.015640374126484193,-0.015649521169131472,0.015341102374912291,-0.01543643200461681,0.013603538882859702,-0.014695765381237392,-0.0067785738892148445,0.006363382790544506,-0.015333202485065207,0.015099551025029053,-0.015463662356943582,0.014851010343167785,-0.015334130052042684,0.015051375691265493,0.008745580831302887,0.005630637245179216,-0.002333170885889171,0.004846264345268919,0.007009218232641684,0.006206101630729933,0.0064742960216004185,0.003371552075124195,0.0009611971083105892,-0.0030100437594813034
-0.11823994290779435,0.04600887380843476,-0.04482527305125562,0.058112982870728865,0.09636572071809475,0.25,0.11372118778271639,0.11814897179040638,0.059660690185175315,0.12341687065012406,-0.11021829780545264,0.12351995330616065,-0.1004137851683598,0.17210947059918913,-0.1550381010807618,0.12351996648670474,-0.12017502636043784,0.12351991048767882,-0.11831160840104381,0.12111477618167034,0.11185872980318955,-0.1117383520416633,0.11566705828269423,-0.1424686037463012,0.11647060678847555,-0.11544136022574898,0.12351985776861274,-0.12341231287349522,0.12351973731133446,-0.11753252027866401,-0.11122485821355262,0.1114906740403634,-0.0886156374136025,0.09116554786112994,-0.0872346143949533,0.09621062096433085,-0.09519724467333637,0.09521486574038993,-0.09438168073982485,0.0951913855170496,-0.1098677729226625,0.12016703725547605,0.0032925022378315462,0.0006351440531991405,0.09458516550860745,-0.09259142698635782,0.10755869745784921,-0.0910965880427153,0.0947720559035954,-0.09251474515314326,-0.037651138022967726,-0.01524863606482331,0.023889555617963965,-0.010821291794743308,-0.030211442177061114,-0.02840755529656572,-0.04319175616193415,-0.02297765065676814,-0.01689239116137354,0.01715245136547024
-0.18377385405381047,-0.01970976025095412,0.017221633768917628,-0.05797029670789826,-0.03888230927185394,0.11372118778271639,0.25,0.22534370758840772,0.13459751949765647,0.2247175287828842,-0.21128719001158877,0.2248172981737191,-0.05340545367172707,0.17452047576247667,-0.13991842258178494,0.2248172080547846,-0.21818041257517837,0.22481723005029336,-0.21194507486922193,0.22228882606794095,0.1610288312438508,-0.16082367038665615,0.16562232845776356,-0.13734627733783725,0.21115642645664998,-0.20972788796172417,0.22481714662373858,-0.22465939538891,0.2248169835663048,-0.21337079816371674,-0.15992358843832907,0.16032557896223218,-0.12840364966939918,0.17342756814515228,-0.16642100818803998,0.18596762640319825,-0.18299870136387184,0.1830593695379006,-0.18094035946495698,0.18236887908330543,-0.1985324970551459,0.21693325285866913,0.021973674075099505,-0.015330935855122768,0.18117619438355675,-0.17769666097048498,0.20069609257208185,-0.1747161967014696,0.181454706183792,-0.1773541855635451,-0.08232409435274664,-0.039706558913348525,0.04665820122360686,-0.031021529015174094,-0.06497954445061999,-0.059922553895186616,-0.08219644560901787,-0.0438177953645899,-0.028281575948892045,0.032745082121686565
-0.18626680042745775,-0.03160473540137783,0.0022391965027066603,-0.057378725089978246,-0.021001779666614512,0.11814897179040638,0.22534370758840772,0.2499999999999999,0.15900981911683418,0.24451923428712946,-0.23105959851765792,0.24461464840572308,-0.02964497047891677,0.19421012395621493,-0.15999788352393426,0.2446145482111473,-0.23746901987324934,0.24461457135306872,-0.2310165469448268,0.24223763706832752,0.18080930160972,-0.18058874207785647,0.18533969219528126,-0.15697476459545662,0.23094160214692655,-0.2293574498679596,0.24461448267309172,-0.2444403275469044,0.244614299842719,-0.23223041946072975,-0.17959544068849564,0.1799989667665984,-0.14457985879789192,0.18968340068025516,-0.18201564055554126,0.2017958064850538,-0.19863508587873233,0.1986980646854668,-0.19643045364247724,0.19799120862914546,-0.2161808624856251,0.23618204888750677,0.02331943796756448,-0.01602052067869129,0.1967007579024878,-0.19289147237378643,0.21813755072741425,-0.18967749810221907,0.19700679249245306,-0.19254492230758968,-0.088404141854178,-0.04230183618370835,0.04978677607905947,-0.03288636628008199,-0.06998944232079365,-0.06460918342570818,-0.08911702973434917,-0.047456034168480245,-0.03077195652905077,0.03567592688084325
-0.09645223246116462,-0.09530923509278083,0.0648067654495428,-0.047943396928836174,-0.07794427475479428,0.059660690185175315,0.13459751949765647,0.15900981911683418,0.24999999999999994,0.15376349978910323,-0.14038029069848532,0.15367418557410806,0.028485458017621732,0.1358713830823738,-0.11621501597638582,0.15367412455166235,-0.14823006339453446,0.15367411100135336,-0.1511251582218494,0.15637361683540565,0.1445861071211285,-0.14447874636591299,0.14477854950441232,-0.1305828791704838,0.15180268897550842,-0.1506793795335048,0.1536740790711312,-0.15355372969681577,0.15367393766028728,-0.1463551811581968,-0.14375913792255723,0.14381921759859354,-0.1184853274175101,0.12553329674822525,-0.12044735889290988,0.12462155332447566,-0.12294906357732427,0.12297168935576554,-0.12171653812415859,0.12273445143091025,-0.13669378512102268,0.14916132456755862,0.011896236830140674,-0.006912754931900857,0.12195981495640211,-0.11943635430532074,0.136177934413642,-0.11756909851729226,0.12216335546706324,-0.11936006967036389,-0.04968667096469707,-0.02213836664991456,0.025608264726141507,-0.016388090403474317,-0.04060152909785458,-0.03778970367854029,-0.05435182558568583,-0.028633664081761497,-0.01901556383348431,0.022895067858323695
-0.19146252773686878,-0.026547538291334213,-0.0028740108234853574,-0.057045618190502176,-0.015744814558695735,0.12341687065012406,0.2247175287828842,0.24451923428712946,0.15376349978910323,0.2500000000000001,-0.23632220734895193,0.24989193975687005,-0.034884898423644964,0.1994873652240975,-0.16434596217016612,0.24989183886388766,-0.2426721404488392,0.24989186258917312,-0.2358367669824829,0.2471848935598903,0.18377313864050632,-0.18354610640613836,0.1885834049126454,-0.16021249561555323,0.23557629631414692,-0.23395948669283012,0.24989177027013876,-0.2497139644564091,0.24989158413127158,-0.23722103264429675,-0.18253527356943014,0.1829593619428286,-0.1468165515775317,0.193347397386012,-0.18552493491983854,0.20612590067431427,-0.2028960069895731,0.20296074938408662,-0.2006432435155916,0.20223654102045066,-0.2208200053333885,0.24126509454004513,0.023716349583468764,-0.01627246321422206,0.2009176225240598,-0.19703056078073805,0.222828114887709,-0.19374306537068006,0.20123042296263235,-0.19667223671163833,-0.09042263109269043,-0.04327690862185226,0.05110068195657861,-0.033658983744080224,-0.07153984460004817,-0.06603762360452799,-0.09107250197350363,-0.04851117806522596,-0.03147816251082519,0.036405136508614655
0.1925623228313076,0.02337940069636444,-0.00797715431253024,0.05405936270089316,0.011935098828486779,-0.11021829780545264,-0.21128719001158877,-0.23105959851765792,-0.14038029069848532,-0.23632220734895193,0.2500000000000001,-0.23642899969429482,0.024775510763177275,-0.1861654653827689,0.15428408480896993,-0.23642890204113395,0.22963384546040574,-0.2364289281514002,0.22293504294198543,-0.2337232503577112,-0.1721816253040799,0.1719658475126207,-0.1768021402844342,0.14853214603646978,-0.22261935974700406,0.22110128257836806,-0.2364288399301471,0.23626160434611373,-0.236428665625299,0.2244126903209405,0.17101328974802418,-0.17142075295908282,0.13748777744462334,-0.18281135155314665,0.1754213956913826,-0.1952671871663921,0.19218338893893902,-0.1922456223525364,0.19003773293202011,-0.19154329871512082,0.20887109682610103,-0.22821502640704078,-0.022751868783993677,0.01573009261024182,-0.19029282985557405,0.1866218992744748,-0.21093168596251077,0.18350228425794324,-0.19058740071760863,0.18627494019014218,0.08596366047681851,0.04127896051310176,-0.0485932151656167,0.03216448077146791,0.06795615761244038,0.06270326031345237,0.0862759561992432,0.04596807723939181,0.02975244092348428,-0.03445227349849223
-0.1915664561373404,-0.026455782379285555,-0.002968856411328294,-0.057040681771631865,-0.015648344224544704,0.12351995330616065,0.2248172981737191,0.24461464840572308,0.15367418557410806,0.24989193975687005,-0.23642899969429482,0.25,-0.03498142920418043,0.19959432698778684,-0.1644335488843681,0.2499997150447171,-0.24277824399956424,0.24999973877814902,-0.2359354549301086,0.2472864450558297,0.18383171037467813,-0.1836045434185555,0.188647837448106,-0.16027633991110027,0.23567060555866515,-0.23405313237903708,0.24999964638886982,-0.24982176669206635,0.24999946018424665,-0.23732301140335907,-0.18259336413546554,0.18301788230055802,-0.14686048373183355,0.19342191112383836,-0.18559630170627067,0.2062145740355741,-0.20298324197346598,0.203048021529235,-0.20072948392634765,0.20232344422552323,-0.22091477888496322,0.24136894774450146,0.02372466669995659,-0.016277842823225783,0.20100394137066288,-0.1971152981666731,0.22292406153671365,-0.1938262898905484,0.20131687928165098,-0.19675672420603235,-0.0904642844019087,-0.043297140706028026,0.051127897441037,-0.03367506589577302,-0.07157176719014748,-0.06606701412457507,-0.0911125837274867,-0.04853282419850219,-0.03149261272833552,0.036420016144906045
0.04253763912504448,-0.06496766988130732,0.007486525603584524,-0.03911424844284285,-0.05061664777567821,-0.1004137851683598,-0.05340545367172707,-0.02964497047891677,0.028485458017621732,-0.034884898423644964,0.024775510763177275,-0.03498142920418043,0.25,-0.08538488161232975,0.07294639776141068,-0.034981480342126524,0.03367350964682975,-0.03498142163965119,0.033481266476258584,-0.032584635113376795,-0.019886706821868477,0.019839215422717837,-0.02424191412877926,0.05225156005469,-0.026923170426999703,0.02659820693091358,-0.034981395604396684,0.03494796514998291,-0.03498136649880787,0.03322589197209638,0.01974812406383744,-0.020024964084544832,0.013020736691964109,-0.017385404077632678,0.016447736087132507,-0.025555683170411053,0.0253756555701863,-0.025384728785271204,0.025203917489383016,-0.02541795670996897,0.030840367883294185,-0.034008173671276905,0.0026792823530532805,-0.0036255863959776635,-0.025245418019298433,0.02474193940262534,-0.029602785374489845,0.02427452912837763,-0.02530855854560819,0.024667238537188312,0.01104540971195386,0.004053853162742705,-0.010636380527904166,0.0028827421408219277,0.008112339451178674,0.007703736902392452,0.012406180787455338,0.006835961830289053,0.005832586441750644,-0.003956550049786075
-0.16690065525449055,-0.004741005264337295,-0.014540936279569868,-0.009095288757011363,0.03475128763303103,0.17210947059918913,0.17452047576247667,0.19421012395621493,0.1358713830823738,0.1994873652240975,-0.1861654653827689,0.19959432698778684,-0.08538488161232975,0.25,-0.21483752043328994,0.19959431788852558,-0.19404618524100514,0.19959425277193205,-0.19122083148542351,0.19719058845136378,0.1780610537337255,-0.1778770040370541,0.18291435887592086,-0.21067193366631015,0.18967442921569494,-0.18807827370521096,0.19959417645350372,-0.19942618945716545,0.19959398813243323,-0.18992156457417322,-0.1770333919239138,0.17739061758460684,-0.14184653924243884,0.1505713198777797,-0.14419460801196077,0.15738458836843316,-0.15556556568518268,0.1555969095533709,-0.15415515854337114,0.1554613085807724,-0.1774102015190159,0.19393703565298723,0.008484381610530774,-0.002163537272480777,0.15446976702314283,-0.15125230529761594,0.1746979926180857,-0.14881315252507565,0.15476070904901024,-0.1511147442505414,-0.06261882396108888,-0.026340479559453248,0.03800624452552902,-0.019078761165070214,-0.050295139510588456,-0.047112040200334854,-0.07023646798591258,-0.03731524078416573,-0.026686384517136064,0.02816098842911959
0.14660806849890687,0.012099877268039913,-0.0022444998026252753,-0.010917323898277756,-0.03325042457864269,-0.1550381010807618,-0.13991842258178494,-0.15999788352393426,-0.11621501597638582,-0.16434596217016612,0.15428408480896993,-0.1644335488843681,0.07294639776141068,-0.21483752043328994,0.2500000000000001,-0.1644335484961493,0.1598626778199187,-0.1644334864741736,0.15781668279672878,-0.16248445836727768,-0.14907926335496224,0.14892870871616334,-0.15324772080217755,0.18107798431459773,-0.15623182521972334,0.15488927166281735,-0.164433423404163,0.16429267448129561,-0.16443326497716929,0.15652191371901564,0.1482294333923845,-0.14853029768431628,0.11864951365140713,-0.12352666518586859,0.11826621565009143,-0.12902141142199033,0.12759074542213117,-0.12761494281880406,0.1264638339529537,-0.1275423920761795,0.1462371384608414,-0.15987612757470723,-0.0060283458907038874,0.0007934509269749811,-0.12673060860532637,0.12407178933867363,-0.14363462126702423,0.12207692774584064,-0.12697389772477427,0.12396974289863437,0.0507984957370669,0.021009759924701946,-0.03115877078120406,0.015064619160895895,0.04085826544593387,0.0383384996979472,0.05765856724701134,0.030629529962058012,0.02213400521525637,-0.02310593326384463
-0.19156638653420932,-0.026455748439617163,-0.002968873266487416,-0.05704062726724761,-0.015648295487119712,0.12351996648670474,0.2248172080547846,0.2446145482111473,0.15367412455166235,0.24989183886388766,-0.23642890204113395,0.2499997150447171,-0.034981480342126524,0.19959431788852558,-0.1644335484961493,0.24999999999999994,-0.2427781460640195,0.24999963787093593,-0.23593536186145722,0.24728634471816707,0.18383165840429444,-0.18360449153538375,0.18864778470058097,-0.1602763378904492,0.23567051088626928,-0.23405303813008446,0.2499995454816901,-0.2498216658371245,0.249999359277113,-0.23732291592476704,-0.1825933126399363,0.18301783067269553,-0.14686044169229262,0.19342182925537066,-0.18559622291673813,0.2062144852288275,-0.20298315504998832,0.20304793456468187,-0.20072939820806188,0.20232335788763428,-0.22091469046375245,0.24136885124733948,0.02372464885525404,-0.016277827719789122,0.20100385561153736,-0.19711521389901046,0.22292396902971498,-0.1938262070851982,0.2013167934278285,-0.19675664018877514,-0.09046424075269224,-0.043297117051212676,0.05112787511157274,-0.03367504644889741,-0.07157173314734501,-0.0660669832180792,-0.09111254509468063,-0.048532803571221556,-0.03149260126909037,0.03642000067243693
0.18621877189040187,0.025201200415546746,0.0034241742734495337,0.05533320244629461,0.014513805183504364,-0.12017502636043784,-0.21818041257517837,-0.23746901987324934,-0.14823006339453446,-0.2426721404488392,0.22963384546040574,-0.24277824399956424,0.03367350964682975,-0.19404618524100514,0.1598626778199187,-0.2427781460640195,0.24999999999999967,-0.2427781692510021,0.22910222287575677,-0.24010861407630402,-0.17829987307682407,0.1780790277204569,-0.18301306043663154,0.1555828982076471,-0.22878433814125407,0.2272139548818556,-0.2427780792972086,0.2426053678858194,-0.24277789863013297,0.23046474358984395,0.17709786218768028,-0.17751247913397755,0.1424101424090994,-0.18774145027894704,0.18014434971364143,-0.20025556011196846,0.1971170091207756,-0.1971800175367042,0.19492809678926026,-0.19647574510313354,0.21452741370377637,-0.23439334428077954,-0.02302117180795945,0.015792416359997823,-0.19519419110319064,0.19141890339966236,-0.21648250038494757,0.18822389548046667,-0.19549810909334403,0.1910696690035632,0.08787996449818944,0.04206391671858335,-0.04970524813924706,0.0327197475376995,0.06951621671213597,0.06416865710445148,0.08848908841549423,0.04713848387896611,0.030591713899585066,-0.03535935507111629
-0.19156639916459123,-0.026455760937486073,-0.002968866958297796,-0.05704066626233585,-0.01564833132273468,0.12351991048767882,0.22481723005029336,0.24461457135306872,0.15367411100135336,0.24989186258917312,-0.2364289281514002,0.24999973877814902,-0.03498142163965119,0.19959425277193205,-0.1644334864741736,0.24999963787093593,-0.2427781692510021,0.2499999999999997,-0.23593538104115014,0.24728636794967412,0.18383164346048012,-0.18360447656872597,0.1886477695967866,-0.16027627396047722,0.23567053102116617,-0.23405305840432472,0.24999956921511995,-0.24982168957861706,0.24999938301056465,-0.23732293798860352,-0.18259329762233972,0.1830178157010577,-0.14686042973713312,0.19342185031510134,-0.1855962433855335,0.20621451166842864,-0.20298318045198824,0.20304795999352884,-0.20072942302363841,0.20232338281921644,-0.2209147103811832,0.24136887293918283,0.023724660976744718,-0.016277839526510327,0.20100388035697148,-0.1971152383944582,0.22292399328227494,-0.19382623107939526,0.20131681816419653,-0.1967566644970054,-0.09046425881706902,-0.043297129205414786,0.0511278832417008,-0.033675057286385014,-0.07157174659291149,-0.0660669949674473,-0.0911125562305836,-0.04853280963101118,-0.03149260289743043,0.036420004900467255
0.17998644030395422,0.026260430727682606,0.0021250146777019793,0.053071940719636924,0.015085901838220795,-0.11831160840104381,-0.21194507486922193,-0.2310165469448268,-0.1511251582218494,-0.2358367669824829,0.22293504294198543,-0.2359354549301086,0.033481266476258584,-0.19122083148542351,0.15781668279672878,-0.23593536186145722,0.22910222287575677,-0.23593538104115014,0.2499999999999997,-0.23862754278619852,-0.17550034653751798,0.17528649771728713,-0.18003968053141867,0.1544133341199488,-0.22261396744246906,0.2210712452118306,-0.23593529436395186,0.2357662102217182,-0.23593511560535116,0.22413072958144017,0.17432766973490937,-0.174725645717368,0.1402313340522466,-0.18247683398030592,0.17507156395926718,-0.1942468494867618,0.19122298622352854,-0.19128287790948204,0.18911283182435368,-0.19061928284821136,0.2085519000322425,-0.2278616712353089,-0.021845766028706564,0.014793400037401353,-0.1893776980579361,0.18570059059523422,-0.2102094088909244,0.18260774105514002,-0.1896752122378312,0.185371339411798,0.084821412519192,0.04039556639742889,-0.04803203360621595,0.031337032209886435,0.06716092457513802,0.06203336411311242,0.08584024861868443,0.04571485143954287,0.02979155194666897,-0.03433350291282665
-0.1888906280143698,-0.028840791810918857,-0.000578382272697494,-0.05707348060130589,-0.018045507444727736,0.12111477618167034,0.22228882606794095,0.24223763706832752,0.15637361683540565,0.2471848935598903,-0.2337232503577112,0.2472864450558297,-0.032584635113376795,0.19719058845136378,-0.16248445836727768,0.24728634471816707,-0.24010861407630402,0.24728636794967412,-0.23862754278619852,0.2499999999999997,0.18218803809229178,-0.18196369363270876,0.1869478244149808,-0.15870786933684145,0.23315332463782973,-0.23154862985357225,0.24728627703748424,-0.2471100541272711,0.24728609190693535,-0.23493920246908265,-0.1809594453233994,0.18137874524138928,-0.14549891845117444,0.191257341496437,-0.18350934306523933,0.20386563465299354,-0.2006669506477305,0.20073082959807087,-0.198440281977398,0.2000171526468754,-0.2185314250397187,0.23876285593351299,0.023340812683599044,-0.015970886036739584,0.19871298899541864,-0.1948655867120165,0.2204446942919705,-0.1916145598788218,0.1990232843316231,-0.19451248919666428,-0.08934589775891215,-0.042709591022495955,0.05055495134606706,-0.033197121999995735,-0.07068849521982835,-0.06526257072788937,-0.09008989865432113,-0.04798821239621803,-0.031185374058360988,0.036002479337011915
-0.14078767709004875,-0.028163228655751427,0.0006353807959040205,-0.031946021824830806,-0.006379218518543707,0.11185872980318955,0.1610288312438508,0.18080930160972,0.1445861071211285,0.18377313864050632,-0.1721816253040799,0.18383171037467813,-0.019886706821868477,0.1780610537337255,-0.14907926335496224,0.18383165840429444,-0.17829987307682407,0.18383164346048012,-0.17550034653751798,0.18218803809229178,0.24999999999999972,-0.24976993241512252,0.2451065648367335,-0.21673872216819595,0.19772569810242877,-0.19615119908631576,0.18383158483222212,-0.1836681775713954,0.1838313553935867,-0.17502048193378847,-0.248754176169078,0.24845931115573872,-0.21240333669932834,0.1665863916404248,-0.15978577256632548,0.1452828588381093,-0.1439724784744235,0.1439558670796386,-0.14279402294918894,0.14411004074882156,-0.16564784267242647,0.18043330660927162,0.0070262763271373915,-6.15778936721435e-5,0.14326622044661194,-0.13992397080454053,0.16151668597026497,-0.1380493575865329,0.14352797182292124,-0.14017689571923972,-0.045951314880124286,-0.01629211129943609,0.01651590576112549,-0.009801951305778258,-0.041188556530089085,-0.03904965240725293,-0.06113634281634256,-0.03138430400566072,-0.02139921523051042,0.028952131153398702
0.1406086516599534,0.028158072170856845,-0.0006540548795475212,0.031899590701379814,0.006383360972929843,-0.1117383520416633,-0.16082367038665615,-0.18058874207785647,-0.14447874636591299,-0.18354610640613836,0.1719658475126207,-0.1836045434185555,0.019839215422717837,-0.1778770040370541,0.14892870871616334,-0.18360449153538375,0.1780790277204569,-0.18360447656872597,0.17528649771728713,-0.18196369363270876,-0.24976993241512252,0.24999999999999964,-0.24495557829017411,0.21659311240862578,-0.1975126358792945,0.19593952325626637,-0.18360441800553756,0.18344116758707005,-0.18360418873779824,0.1748049824725527,0.24860582305773898,-0.24831062077115804,0.2122859853235193,-0.16640980359501825,0.15961536094221837,-0.14509381879916255,0.14378626902567615,-0.14376958589148733,0.14260989871762184,-0.14392449223992343,0.1654475580184997,-0.18021471347492918,-0.006998174665452849,4.003209938898071e-5,-0.1430818929461575,0.13974312319842996,-0.16131320571339303,0.13787157125573865,-0.14334337102733044,0.13999643936780434,0.04586533020216974,0.016249423923189777,-0.016468544465332333,0.009768206911370236,0.041121067691599705,0.03898758696533886,0.06105247087490642,0.03133956459828295,0.02137085962448676,-0.028918882646661474
-0.145044589359579,-0.0266183679954188,-0.0006949038768582399,-0.03226875466101214,-0.004697497766797635,0.11566705828269423,0.16562232845776356,0.18533969219528126,0.14477854950441232,0.1885834049126454,-0.1768021402844342,0.188647837448106,-0.02424191412877926,0.18291435887592086,-0.15324772080217755,0.18864778470058097,-0.18301306043663154,0.1886477695967866,-0.18003968053141867,0.1869478244149808,0.2451065648367335,-0.24495557829017411,0.24999999999999994,-0.22162740472887735,0.20255427355301364,-0.20097938373623075,0.18864770917929216,-0.18848309672853658,0.18864748175900314,-0.17966941828322178,-0.24394494870621458,0.24422372717194998,-0.20816223908556453,0.16618070121275277,-0.15925643799877268,0.14822072122222202,-0.14679247097295572,0.14678013606458246,-0.1455566753069426,0.14689307337311536,-0.16977006387002055,0.18502987128590145,0.005920418668114924,0.0010959909527740407,0.146024826657701,-0.1426455580368238,0.1651925212283705,-0.14068196466604535,0.14630012972695824,-0.14285952209814848,-0.04783064594265066,-0.016972291386939436,0.019780715950937784,-0.010323190862772476,-0.04220764576580552,-0.040040873178516595,-0.0629973022997763,-0.03251203680722385,-0.02270392722581502,0.029075514323117665
0.13253252062298035,0.014668236239916796,0.005928463363838661,0.005542854287408428,-0.02336737000286195,-0.1424686037463012,-0.13734627733783725,-0.15697476459545662,-0.1305828791704838,-0.16021249561555323,0.14853214603646978,-0.16027633991110027,0.05225156005469,-0.21067193366631015,0.18107798431459773,-0.1602763378904492,0.1555828982076471,-0.16027627396047722,0.1544133341199488,-0.15870786933684145,-0.21673872216819595,0.21659311240862578,-0.22162740472887735,0.24999999999999975,-0.17460526841090543,0.17303431370879935,-0.16027622036119174,0.16011686003108752,-0.1602760016954313,0.15298068238817994,0.21575435690321246,-0.21602188687514495,0.18056997457343718,-0.13855311623958969,0.1328584864071394,-0.12053126709116839,0.11976044740835058,-0.11974666289240864,0.11897070953536876,-0.1201061945910723,0.14467941026810416,-0.15749881969313798,-0.002072594594103067,-0.003979850064592078,-0.11940231331797906,0.11650021797852934,-0.13779543171056613,0.11492148770240591,-0.11966865500515116,0.11673843904058785,0.03560781566486935,0.010219523282011206,-0.01637693928831252,0.00474110342703674,0.031779232345393274,0.03068448234614543,0.05240166567884015,0.027072881931979063,0.020929321467234124,-0.023643549118756414
-0.17973884179728328,-0.028663665916298587,-0.0008089078905280701,-0.05386059247147427,-0.017074856538276686,0.11647060678847555,0.21115642645664998,0.23094160214692655,0.15180268897550842,0.23557629631414692,-0.22261935974700406,0.23567060555866515,-0.026923170426999703,0.18967442921569494,-0.15623182521972334,0.23567051088626928,-0.22878433814125407,0.23567053102116617,-0.22261396744246906,0.23315332463782973,0.19772569810242877,-0.1975126358792945,0.20255427355301364,-0.17460526841090543,0.24999999999999964,-0.24838114164537445,0.23567046167628622,-0.2354961371242336,0.2356702516468374,-0.22374664884332263,-0.19650705617015057,0.1969077760575611,-0.16077422716077908,0.20733381968687925,-0.19992539181464478,0.1923733160027961,-0.1891448541038187,0.18920675067465378,-0.1870181327041179,0.18853068401003714,-0.20930291488989045,0.22704359126763987,0.03768673628055456,-0.030274673780408178,0.1873212229973429,-0.18350222190688764,0.20899389477785552,-0.18058973082642268,0.1876337926453772,-0.18332646345952905,-0.0801347647491888,-0.03872572228008994,0.037920124263650934,-0.02937369517043101,-0.06459550475701636,-0.05990711119332922,-0.08489721609711505,-0.04471327797954953,-0.02948196291510345,0.035087554818340236
0.17846476675440123,0.028492785761938418,0.0007807435731199377,0.053604286613601344,0.017090207377373608,-0.11544136022574898,-0.20972788796172417,-0.2293574498679596,-0.1506793795335048,-0.23395948669283012,0.22110128257836806,-0.23405313237903708,0.02659820693091358,-0.18807827370521096,0.15488927166281735,-0.23405303813008446,0.2272139548818556,-0.23405305840432472,0.2210712452118306,-0.23154862985357225,-0.19615119908631576,0.19593952325626637,-0.20097938373623075,0.17303431370879935,-0.24838114164537445,0.2499999999999997,-0.23405298908106503,0.2338789605868113,-0.2340527793576806,0.22221554523414577,0.1949423851883664,-0.1953427617689542,0.15925237400458428,-0.20576859262388955,0.1984268236116473,-0.19081198474992553,0.18763478399406167,-0.18769655667221097,0.18553557703344617,-0.18703680046801754,0.20787304958529287,-0.22547523130148314,-0.03749283356852796,0.030135111565413725,-0.18583645725467957,0.18204411585514393,-0.20745015695974559,0.17915374114303512,-0.18614828876685216,0.1818701013263415,0.07945015858161512,0.03835312969944205,-0.03768609583143552,0.029067621611663288,0.06401822662728177,0.05938763414562048,0.08429414494050415,0.044401470688544886,0.02936419218756858,-0.03479072181416886
-0.19156632491589748,-0.026455766978644466,-0.002968852015496649,-0.057040649436392324,-0.015648340984796005,0.12351985776861274,0.22481714662373858,0.24461448267309172,0.1536740790711312,0.24989177027013876,-0.2364288399301471,0.24999964638886982,-0.034981395604396684,0.19959417645350372,-0.164433423404163,0.2499995454816901,-0.2427780792972086,0.24999956921511995,-0.23593529436395186,0.24728627703748424,0.18383158483222212,-0.18360441800553756,0.18864770917929216,-0.16027622036119174,0.23567046167628622,-0.23405298908106503,0.24999999999999958,-0.24982159725406883,0.24999929062141268,-0.23732285014191787,-0.18259323945420455,0.18301775737230835,-0.14686038427395776,0.19342179622892613,-0.18559619194930219,0.20621443548557766,-0.20298310521646573,0.20304788473963728,-0.20072934856260702,0.20232330776674973,-0.22091462921029678,0.24136878312075075,0.02372466497170101,-0.016277846105778426,0.20100380579952845,-0.197115165196639,0.22292391076627496,-0.1938261591838317,0.20131674349489798,-0.19675659150791516,-0.09046422400056932,-0.04329711357978913,0.051127858093884225,-0.033675044938359835,-0.07157171965182552,-0.06606697014544143,-0.09111252245143052,-0.04853279132689554,-0.0314925908587856,0.03641999209850826
0.19142708156662203,0.02643702794220711,0.0029659407042210025,0.0570096721342905,0.015647171693708845,-0.12341231287349522,-0.22465939538891,-0.2444403275469044,-0.15355372969681577,-0.2497139644564091,0.23626160434611373,-0.24982176669206635,0.03494796514998291,-0.19942618945716545,0.16429267448129561,-0.2498216658371245,0.2426053678858194,-0.24982168957861706,0.2357662102217182,-0.2471100541272711,-0.1836681775713954,0.18344116758707005,-0.18848309672853658,0.16011686003108752,-0.2354961371242336,0.2338789605868113,-0.24982159725406883,0.24999999999999964,-0.2498214111102321,0.2371507858411637,0.18243079320325062,-0.18285517314860264,0.14671481305487571,-0.19326658301617275,0.1854475955777159,-0.20605095507067922,0.20282378416856559,-0.20288854244287566,0.20057239738625307,-0.20216515293284126,0.220756990427274,-0.2411962962158004,-0.023701580681481423,0.01626052381792016,-0.2008466232089357,0.19696091688118517,-0.22275748788303076,0.19367425880542335,-0.20115943654615406,0.1966025056935683,0.09039433013520565,0.04326105767188478,-0.051105436160553054,0.03364606043639696,0.0715134212258219,0.06601405697636885,0.09104744343088216,0.04849909226473558,0.031477413846182384,-0.03638866922478153
-0.1915661796655278,-0.026455742175755522,-0.002968850869671607,-0.0570406207268187,-0.015648340539090342,0.12351973731133446,0.2248169835663048,0.244614299842719,0.15367393766028728,0.24989158413127158,-0.236428665625299,0.24999946018424665,-0.03498136649880787,0.19959398813243323,-0.16443326497716929,0.249999359277113,-0.24277789863013297,0.24999938301056465,-0.23593511560535116,0.24728609190693535,0.1838313553935867,-0.18360418873779824,0.18864748175900314,-0.1602760016954313,0.2356702516468374,-0.2340527793576806,0.24999929062141268,-0.2498214111102321,0.24999999999999975,-0.2373226728629021,-0.18259301109790055,0.1830175291183315,-0.14686019211534315,0.1934216201620618,-0.18559602263894817,0.2062142886536403,-0.20298296007162067,0.20304773958772793,-0.20072920470161976,0.2023231626201334,-0.22091446180208626,0.24136860172807406,0.02372464401752322,-0.01627783193355603,0.20100366152630753,-0.19711502424277702,0.22292374763466494,-0.19382602018004183,0.20131659894895956,-0.1967564503646947,-0.09046417445915159,-0.04329709366505329,0.05112784074471655,-0.03367503196524764,-0.07157167655885828,-0.06606692941717551,-0.09111245927070152,-0.04853275876628207,-0.031492568295494766,0.03641996330078655
0.18187024021539472,0.025306949667385416,0.0026524022228555312,0.054029520513741866,0.014862349571451215,-0.11753252027866401,-0.21337079816371674,-0.23223041946072975,-0.1463551811581968,-0.23722103264429675,0.2244126903209405,-0.23732301140335907,0.03322589197209638,-0.18992156457417322,0.15652191371901564,-0.23732291592476704,0.23046474358984395,-0.23732293798860352,0.22413072958144017,-0.23493920246908265,-0.17502048193378847,0.1748049824725527,-0.17966941828322178,0.15298068238817994,-0.22374664884332263,0.22221554523414577,-0.23732285014191787,0.2371507858411637,-0.2373226728629021,0.24999999999999936,0.17381749747041475,-0.17422707443680457,0.13883695312895145,-0.18248555382389764,0.17486014206006317,-0.19447519525852708,0.19136063639406922,-0.1914221965495851,0.1892630527808441,-0.19077341213390603,0.20977677333416414,-0.2291719205364144,-0.021772789326010084,0.014704972250973834,-0.18952722812159817,0.18583593915009103,-0.21091471835680115,0.18272950842254357,-0.18983322182565188,0.18550222090444463,0.08477173240557243,0.04015511930750413,-0.04882517612898632,0.031060670974317778,0.06695718040487438,0.061914968987835176,0.08627148570929928,0.045990559388089415,0.030410806821932156,-0.03421992194273474
0.13984379737867972,0.02800734425523226,-0.0006404847274027813,0.03167295961628169,0.006297642909821916,-0.11122485821355262,-0.15992358843832907,-0.17959544068849564,-0.14375913792255723,-0.18253527356943014,0.17101328974802418,-0.18259336413546554,0.01974812406383744,-0.1770333919239138,0.1482294333923845,-0.1825933126399363,0.17709786218768028,-0.18259329762233972,0.17432766973490937,-0.1809594453233994,-0.248754176169078,0.24860582305773898,-0.24394494870621458,0.21575435690321246,-0.19650705617015057,0.1949423851883664,-0.18259323945420455,0.18243079320325062,-0.18259301109790055,0.17381749747041475,0.24999999999999942,-0.24956114321181122,0.21350632408238643,-0.1671896518141371,0.16040081141499557,-0.14467025865558525,0.14337416509830556,-0.1433567640208137,0.1422068128008036,-0.14351736278044863,0.16458440536064403,-0.179225231721408,-0.007735618818332023,0.0007845446988611357,-0.14267883041895826,0.1393451488069023,-0.16063872766654735,0.1374930455255169,-0.14293629910117622,0.1396082873789902,0.045584660294628446,0.016252614632609207,-0.015537923711368043,0.009791842461104573,0.04103354115854846,0.03888247025782775,0.06069091461127059,0.031103982425632,0.021011766823173055,-0.028963690787305072
-0.1402016455364244,-0.027921605357928102,0.000556317786225819,-0.03173742835615416,-0.0062149795218829785,0.1114906740403634,0.16032557896223218,0.1799989667665984,0.14381921759859354,0.1829593619428286,-0.17142075295908282,0.18301788230055802,-0.020024964084544832,0.17739061758460684,-0.14853029768431628,0.18301783067269553,-0.17751247913397755,0.1830178157010577,-0.174725645717368,0.18137874524138928,0.24845931115573872,-0.24831062077115804,0.24422372717194998,-0.21602188687514495,0.1969077760575611,-0.1953427617689542,0.18301775737230835,-0.18285517314860264,0.1830175291183315,-0.17422707443680457,-0.24956114321181122,0.2499999999999994,-0.21383870851537967,0.16758786802047435,-0.16070773090581955,0.145009432160445,-0.14367035120291805,0.14365311782986678,-0.1424989740839494,0.14381200400778615,-0.16486390087450034,0.17953849459702304,0.0077560196349972296,-0.0007908463393049155,0.14297159544892185,-0.13963217062196456,0.160990433241981,-0.13777411729227584,0.14322993130412381,-0.13989415977419165,-0.04572709602174824,-0.016330461902823043,0.015721533467269833,-0.009850615322824515,-0.04114285743804506,-0.03898496365393496,-0.06085178393438192,-0.031193510197674468,-0.021092898668223777,0.029003428981345124
