x1,x2,x3,x4,x5,x6,x7,x8,x9,x10,x11,x12,x13,x14,x15,x16,x17,x18,x19,x20,x21,x22,x23,x24,x25,x26,x27,x28,x29,x30,x31,x32,x33,x34,x35,x36,x37,x38,x39,x40,x41,x42,x43,x44,x45,x46,x47,x48,x49,x50,x51,x52,x53,x54,x55,x56,x57,x58,x59,x60
0.25000000000000006,0.24919575804659597,0.23952552605331123,0.24889877637117272,0.2306132955533573,0.2473684364705337,0.2385652185893154,0.24256597727677626,0.22690913389783793,0.24949554490382048,0.24612044798638633,-0.014803487884262546,0.014750893359476245,0.0940106981253648,-0.0711094651896075,0.19996148492917054,-0.15321820207596287,0.22911466056260427,-0.20531120444169257,0.243479945418461,0.23206585960090306,0.046717572948976244,-0.04013991428362009,0.050767220969987766,-0.03617679090998495,0.05226489802239744,-0.015360888907778453,0.03654725859188778,-0.029944884403505675,0.2465933492707759,0.24637279279210958,-0.04584683211595889,0.051951700814891186,-0.044097153696181286,0.05250127639361009,-0.04615913417466598,0.06467417175624796,-0.03343753627613526,0.04282489619254182,0.2393562884746365,0.24623658791258865,0.07396141109536958,-0.07557563848045329,0.14679198591362408,-0.10474972593095871,0.21243870853047506,-0.14823608511498299,0.2240438678888263,-0.1769198134260998,0.2258018254085807,0.24915262245131473,0.24932252965281826,0.24324284739124255,0.2481395812836517,0.23131765720956335,0.2417768596112657,0.24129662376923056,0.2374504771620191,0.22407003301935982,0.24949672839443118
0.24919575804659597,0.25000000000000017,0.23970749668235744,0.2490992777078654,0.23079135055219896,0.24756972246948533,0.23875714785298688,0.2427602378148744,0.22708759491803948,0.24969540501953102,0.24619273154717441,-0.015218650521016733,0.01518646259815914,0.093815946931214,-0.07090807243068961,0.20009073684187537,-0.1533572909429064,0.22929563441931797,-0.2054503145386543,0.24367877728611337,0.23222831110154982,0.04714986688813601,-0.04056067149883756,0.051190508962816975,-0.03657989624305334,0.05267298079661866,-0.015716638556197024,0.03690788377846787,-0.03029644213595452,0.24679634962816213,0.24657537240618824,-0.04625440179701156,0.05237309715368077,-0.04451197635243823,0.05292175274044435,-0.04657092534692216,0.06507812246275385,-0.03378069452243616,0.043173524063247516,0.23953546089329306,0.2464331255319043,0.07433915483479349,-0.07594381482722576,0.14710832914851557,-0.10497805397751744,0.21266384040999833,-0.14831860726823362,0.22420985166436577,-0.17698758088643113,0.22595233127559483,0.24935233269961052,0.24952209328806707,0.24344098099707492,0.24833675356806503,0.2314917563935827,0.24196063249651173,0.2414815526524177,0.2376253388935728,0.22421907218599782,0.24969659200927194
0.23952552605331123,0.23970749668235744,0.25000000000000017,0.2394066545957114,0.22180386810107716,0.23790476900424204,0.22930063654406047,0.23317423721890584,0.21785167202444022,0.24000343164976629,0.2366305917854815,-0.007900300337960799,0.006367028672504784,0.09416872576162647,-0.07123555588020274,0.1925305213471561,-0.1459759786982317,0.22005515470168796,-0.19651633597156057,0.23402836918051492,0.22353828558134392,0.03983703239527568,-0.033625696625134927,0.04413209776722588,-0.03017009200918276,0.04608300995965764,-0.010584497370301607,0.03134041782318744,-0.02504252101334479,0.2371529753229458,0.23693554224940952,-0.03957147235587479,0.045329641827981625,-0.03776578650509651,0.045902446880781815,-0.03984790493211883,0.057909761826266296,-0.02831148074631608,0.03743135285865365,0.23040309035402712,0.23687721781084414,0.06725887339513692,-0.06894294975001115,0.13879857962344858,-0.09901312974428719,0.20368643101975492,-0.14304582538663946,0.21568777701100303,-0.17109544386696202,0.21758247528363817,0.2396719802296246,0.2398388817811086,0.23394676371747464,0.23871858306500449,0.2226547001022831,0.2326994217541674,0.23221922390358093,0.2286041898629199,0.21591784459128488,0.24000449039709698
0.24889877637117272,0.2490992777078654,0.2394066545957114,0.25000000000000017,0.23049071029015586,0.24727020452295154,0.23846349864046004,0.24246338880517898,0.22680229714187658,0.24939733644465237,0.245901866749702,-0.015536521357569184,0.015504597649068114,0.09350901843593598,-0.0705990947281856,0.19979058768563784,-0.15308711333885114,0.22899882636973093,-0.20516357773123892,0.2433824275304363,0.23192904871374712,0.047468585404515984,-0.04087843852173434,0.051502544002177394,-0.03689692538748487,0.052975267634773074,-0.016032188678874407,0.037199932101927444,-0.03059440653870047,0.2464988421374779,0.24628609958781078,-0.04655961704455567,0.05268008110990827,-0.04482888316877733,0.05322911375132046,-0.04688241543223407,0.0653476063690279,-0.0340530392975893,0.043439641259932396,0.2392371921787737,0.24613826282600174,0.074560887876114,-0.07615314641469574,0.14712766761164614,-0.10499459975292659,0.21246397112374654,-0.14810643688098488,0.22392901887774563,-0.1767041428787864,0.22565297675780602,0.24905479406861125,0.2492240762673391,0.2431534910326829,0.24803874294596517,0.23120452835438846,0.24166213485503854,0.2411851219988797,0.2373267041383493,0.2239217089390142,0.24939852307696145
0.2306132955533573,0.23079135055219896,0.22180386810107716,0.23049071029015586,0.2500000000000002,0.22895961890766214,0.22059890304564975,0.2242157240407949,0.20907867904181165,0.23108768369334998,0.22801385693650023,-0.0176740284846062,0.017481658034873403,0.09124564196884978,-0.085046320367643,0.1899480297524925,-0.14388887280889073,0.2119467650224736,-0.18893279944385322,0.22522599659196346,0.21462691785244042,0.04880554207271317,-0.04228248320664403,0.0520826441113515,-0.03793345400331103,0.050618300258595164,-0.018041832056714623,0.0382872243837029,-0.03212090844215782,0.22847432608838047,0.22826369708390987,-0.04733739860241942,0.053088393176473556,-0.0457479203614087,0.053530801481275495,-0.04758512517901406,0.06444583278074172,-0.034824505066610154,0.043700534830833526,0.22154360872692277,0.22805971640958694,0.07268712465424065,-0.07403481457407284,0.13858100057274558,-0.09890244198660422,0.19744591749881465,-0.13667878006082088,0.20717175520503428,-0.16279761266614645,0.20876406011374363,0.23077138321359625,0.2309252668515126,0.22533861966571794,0.22981175277008695,0.21410644135630746,0.2238154851755663,0.22336933626771327,0.21974077228546182,0.20714713427364745,0.23108861819878776
0.2473684364705337,0.24756972246948533,0.23790476900424204,0.24727020452295154,0.22895961890766214,0.25000000000000017,0.23692438679063887,0.24094855763568412,0.22531208034951372,0.24786701146355725,0.24440320300008714,-0.01700456761147508,0.01697425230816558,0.09200315637429513,-0.06913778119807257,0.19827912901377096,-0.151732310480867,0.22748428765082299,-0.20369620667820545,0.24186104797789007,0.2304034534222804,0.04891377354757142,-0.042329524365612145,0.05292037850842849,-0.03834825366216081,0.054357355174602134,-0.017488661692050284,0.03853571295400049,-0.03195894423886073,0.24498681530771219,0.2447984904084899,-0.04795371802470472,0.05407756139684512,-0.0462740734864135,0.05462640517789337,-0.048302586344737594,0.06655583827432414,-0.035292275265105345,0.04463947189275697,0.2377119846135113,0.24462472676775246,0.07554902239680363,-0.07708233921926487,0.14713234623142077,-0.1050100929632372,0.2114108336355672,-0.14703382735292625,0.22249316466908448,-0.17528391709731345,0.22413058408499262,0.2475271278246032,0.24769408948422414,0.2416759412338931,0.24650948046888424,0.22973518328535172,0.24013434444545476,0.23966718631379028,0.2358008156015449,0.2224095533455769,0.24786819315636713
0.2385652185893154,0.23875714785298688,0.22930063654406047,0.23846349864046004,0.22059890304564975,0.23692438679063887,0.24999999999999997,0.23211607940840912,0.2170644219071608,0.2390520822554606,0.2356703002329605,-0.02093915132720073,0.02087232100146882,0.0879750081393099,-0.06692335571492827,0.1956415471298839,-0.15884493318055293,0.22306828310781998,-0.19945654899900223,0.2331546070724274,0.2218836958915269,0.05267360135603983,-0.04611638396717983,0.05644288008011082,-0.04204733825906679,0.05657531364021349,-0.021321780913927554,0.03799172373439699,-0.03161618083767282,0.23695741865654357,0.2361677548884611,-0.051561833214391006,0.057562345683343105,-0.04990805715187171,0.05762184065779043,-0.0514081819978726,0.06611502414425613,-0.03508140853830942,0.04264269173435215,0.2291103585312331,0.23591503925147994,0.0770955846691984,-0.07841959086847403,0.14422312049306665,-0.10288171861936281,0.20447692723456543,-0.14103981897936316,0.21417147694333713,-0.16786876654617358,0.21575579118901203,0.23872587836126774,0.2388831339045673,0.23314399311173895,0.23772169831326018,0.2213993813887168,0.23146332359309732,0.23101093582603455,0.2272120962749664,0.21407720420203485,0.23905321800522178
0.24256597727677626,0.2427602378148744,0.23317423721890584,0.24246338880517898,0.2242157240407949,0.24094855763568412,0.23211607940840912,0.2500000000000001,0.22046069045943723,0.24305724671053755,0.23965595831070263,-0.021786561099891442,0.02175277156187285,0.08718871082482191,-0.06444023956646384,0.19346346287134195,-0.14723298827149772,0.2226832531223437,-0.1988610144505012,0.23706570193575488,0.22559629305706785,0.0536617562872781,-0.047093779024079074,0.05759160647931526,-0.04311593685330112,0.05895307383207715,-0.022261017383547348,0.04296227897596894,-0.0364739542384758,0.240244447706773,0.24012595777690263,-0.052547677581841104,0.05868637177312987,-0.051030968746536134,0.05923847212889294,-0.052984803783557764,0.07056454271478807,-0.03937781226362494,0.04861049025589254,0.23291113010455217,0.23986733389751136,0.07883843568392264,-0.08018002315816496,0.14726496539753342,-0.10514436162929107,0.2081327638579222,-0.14364192585148533,0.21797183984344248,-0.17077756027743937,0.21932852949845671,0.24272578933625577,0.24288529789185867,0.2370336504830531,0.24170214635488366,0.22511080453278448,0.23532692883188633,0.2348915298428541,0.23099628722697133,0.2176395870114783,0.24305841391542773
0.22690913389783793,0.22708759491803948,0.21785167202444022,0.22680229714187658,0.20907867904181165,0.22531208034951372,0.2170644219071608,0.22046069045943723,0.2500000000000001,0.22738584699083503,0.22429529650015828,-0.0358183109313897,0.03565052657604716,0.07275087968141589,-0.05073619209862154,0.17853095770538652,-0.13456388323963536,0.2083587743632381,-0.21799796606145236,0.22338296975347857,0.21002527090585713,0.06755342805627176,-0.0610781339802702,0.07125788260596327,-0.057120371279179724,0.07231989813683135,-0.036380300339943786,0.05569130365288243,-0.049394213617027484,0.22484011590003075,0.22488072395644434,-0.06600077388907588,0.07215391454780747,-0.06497932162424006,0.07267035158606434,-0.06665697484609497,0.08238423188304556,-0.05157396360947486,0.060302183787125846,0.21732162113621767,0.2243692719557048,0.08826696070722372,-0.0890273147829046,0.14687117412691653,-0.10498105387901335,0.19722544830100155,-0.13273156524365431,0.20329274183272666,-0.15639855777679104,0.20380826518167625,0.22708143789983815,0.22721783612137061,0.22189701856090666,0.22604543100110958,0.21008915367407544,0.21970439386738974,0.21936493050870598,0.21540576111721316,0.20222414845073908,0.22738707077019377
0.24949554490382048,0.24969540501953102,0.24000343164976629,0.24939733644465237,0.23108768369334998,0.24786701146355725,0.2390520822554606,0.24305724671053755,0.22738584699083503,0.24999999999999992,0.24648830269981784,-0.014975806720420513,0.01494388919468418,0.09408325317457301,-0.07116257286847079,0.20037885628498273,-0.15362746875218586,0.22959143290911996,-0.20573757821448072,0.2439774583610074,0.23252448176183513,0.046913582533040725,-0.04032120431058649,0.05095751267147201,-0.03633909494749634,0.05244327383679132,-0.015471430245404589,0.036686972183434585,-0.03007009652991094,0.2470886932506833,0.24686738773423378,-0.046023320586727805,0.052142748449108184,-0.04427312932167352,0.05269202267526041,-0.04633634245836156,0.06488617061753918,-0.03357893666012257,0.042981650771202244,0.2398327394488732,0.24672954494840915,0.07418228008125081,-0.07579733484873685,0.14713061082815643,-0.10499209838008582,0.21287681336327655,-0.14852483931887617,0.22448985148465372,-0.17725741408599613,0.22624701848640952,0.24965161643061912,0.24982179851222122,0.24373080480704204,0.2486361479619457,0.23177830842210267,0.2422587684345094,0.2417779594573472,0.23792246577065804,0.2245117639701146,0.2499963831399996
0.24612044798638633,0.24619273154717441,0.2366305917854815,0.245901866749702,0.22801385693650023,0.24440320300008714,0.2356703002329605,0.23965595831070263,0.22429529650015828,0.24648830269981784,0.2500000000000001,-0.0178737822168054,0.017148326415885918,0.09149158772412135,-0.06977334350268101,0.19750339036262057,-0.151321420544689,0.2262764946921521,-0.20290473945076512,0.24057321060494063,0.2290979682639454,0.04905419046812591,-0.04247631375471569,0.05291832262416698,-0.03840382873247872,0.05406062508021011,-0.017605391676796926,0.03848247025514804,-0.03193427420932247,0.24364708596338527,0.24344075332302653,-0.04796200806631738,0.05405832348947309,-0.04629631558123543,0.05458725189671293,-0.048294109915187136,0.06644912247461048,-0.0353201529616797,0.0445934092045552,0.23638127454310245,0.24326347309778404,0.0753636897453084,-0.07688037505992293,0.14645391131871668,-0.10452663496447502,0.21027249219326816,-0.14618122382109788,0.22123815131967997,-0.17425004692549986,0.22286249803211255,0.2461503921256246,0.24631622681445153,0.24033473013735954,0.24513719729464878,0.22844898055054172,0.23879169027783836,0.23832719173482644,0.23447844573343266,0.22115043434499357,0.2464894759372759
-0.014803487884262546,-0.015218650521016733,-0.007900300337960799,-0.015536521357569184,-0.0176740284846062,-0.01700456761147508,-0.02093915132720073,-0.021786561099891442,-0.0358183109313897,-0.014975806720420513,-0.0178737822168054,0.25,-0.23960861033338332,0.13582689894864416,-0.10531738011446938,0.0034201909843748373,0.04964231304189847,-0.021275111215670526,0.0468094771437366,-0.020835141695189876,-0.0013314773525356046,-0.2163383597671745,0.210974710888326,-0.20312473153604604,0.19809406900772938,-0.18493795939442573,0.1795671989937161,-0.164309066892669,0.1619665983805623,-0.0174573474522593,-0.017509770407720938,0.19586545188599008,-0.20104650067417257,0.20068203086900058,-0.199155838650445,0.19678378930282095,-0.18374287731211233,0.16283032942342246,-0.15911541822450914,-0.00784734298130303,-0.014406357545226175,-0.16985622584355195,0.16434689770950273,-0.11118984101471145,0.08063907403133493,-0.04114544049743163,-0.010231029152398135,-0.006322240539489445,-0.027986203707750908,0.002266240292714331,-0.01501986844777474,-0.01488272286429423,-0.0163745660536309,-0.014060125927792395,-0.008021550351053792,-0.009354886603740122,-0.010115929102902032,-0.0062602591043731245,0.0024227520512658243,-0.014976793663723233
0.014750893359476245,0.01518646259815914,0.006367028672504784,0.015504597649068114,0.017481658034873403,0.01697425230816558,0.02087232100146882,0.02175277156187285,0.03565052657604716,0.01494388919468418,0.017148326415885918,-0.23960861033338332,0.25000000000000006,-0.14026559211423278,0.11020193747633591,-0.00418268762946887,-0.0489627322550587,0.02119347519009754,-0.0464815754144581,0.020781554516607792,0.0017390286414876914,0.20871410665568077,-0.20413758050195305,0.1982813068979598,-0.19378721561737464,0.1808869627931779,-0.17583395460253476,0.16064018349934014,-0.15837617524226405,0.017384644996345237,0.01741228095992538,-0.1911924098383988,0.196269719272208,-0.1959424468440855,0.19443533000629004,-0.19214244814050194,0.17943164971929026,-0.1593186430347699,0.15562972477140097,0.00795928553963565,0.014383830492406706,0.16583912857268324,-0.1604682354098467,0.10868258923461796,-0.07884064186364316,0.040471558438311385,0.009585329959398502,0.006690679974720468,0.02693431572383637,-0.0019372037544004785,0.014986618627296293,0.014852750722317424,0.016301627137250214,0.014047143346287531,0.008131873437540144,0.009440094631041345,0.010211904908352847,0.006409830973620495,-0.002075733942884796,0.014944894285730302
0.0940106981253648,0.093815946931214,0.09416872576162647,0.09350901843593598,0.09124564196884978,0.09200315637429513,0.0879750081393099,0.08718871082482191,0.07275087968141589,0.09408325317457301,0.09149158772412135,0.13582689894864416,-0.14026559211423278,0.2500000000000001,-0.21719785451674428,0.11237596242888345,-0.05851808500211094,0.08769628718750383,-0.0617947461809566,0.08817929552724701,0.09505369039094867,-0.10597815676732102,0.11157845211706398,-0.10427101861458422,0.11387723558677114,-0.09968126755086967,0.11142029255242418,-0.0923285343270521,0.09363064397756825,0.09136194267827673,0.09122592040517473,0.1021417406658855,-0.10291980757470023,0.1065221188469026,-0.10218390320439603,0.10369216164650133,-0.08814094333814167,0.09135156478917938,-0.085414063546349,0.09444973478183812,0.09308460946886406,-0.0744060321682957,0.07037299883506579,-0.008115887175841935,0.006886032544487837,0.06202754048984212,-0.06575519235363454,0.08673299281684037,-0.0892685269040263,0.095185783910908,0.09391231723446664,0.09407020329624322,0.09063620932321881,0.09410266077616826,0.09087256386972546,0.09445060405108274,0.09349556496979018,0.09462117347170877,0.09440965562401793,0.09408298569278373
-0.0711094651896075,-0.07090807243068961,-0.07123555588020274,-0.0705990947281856,-0.085046320367643,-0.06913778119807257,-0.06692335571492827,-0.06444023956646384,-0.05073619209862154,-0.07116257286847079,-0.06977334350268101,-0.10531738011446938,0.11020193747633591,-0.21719785451674428,0.25000000000000006,-0.11999782388552183,0.06811914149314151,-0.0661615044079985,0.04251392212287187,-0.06561192517626398,-0.07194458134397226,0.08041668093160392,-0.08582890732432301,0.08200780089440035,-0.0909934375888661,0.10019331202085555,-0.09092051440597694,0.07379218735654514,-0.07480455835572357,-0.06902511032789053,-0.06895195132074806,-0.08074344828778886,0.08148632175253923,-0.08439884286606733,0.0814696196871733,-0.08269057163771018,0.07068022110902657,-0.07364932923880853,0.0684266809431146,-0.07161191344680592,-0.07041349178020655,0.05937426741891187,-0.056228833361733094,0.008202254387932076,-0.0067888994979747475,-0.04619657228258736,0.04947271504956526,-0.06507644492052955,0.06783363686793376,-0.07236798076823174,-0.07103147206422729,-0.07115445346044746,-0.06853858460593942,-0.07119716312723672,-0.06884574115309877,-0.0715631615319829,-0.0707398620109022,-0.071759771258442,-0.07173354614425934,-0.0711622032384462
0.19996148492917054,0.20009073684187537,0.1925305213471561,0.19979058768563784,0.1899480297524925,0.19827912901377096,0.1956415471298839,0.19346346287134195,0.17853095770538652,0.20037885628498273,0.19750339036262057,0.0034201909843748373,-0.00418268762946887,0.11237596242888345,-0.11999782388552183,0.2500000000000001,-0.1944035306009555,0.19465350199073514,-0.1684975515201147,0.19455802417240303,0.18713437688772422,0.02452490137834262,-0.01802837160024917,0.026382670819303965,-0.012734107587270378,0.004785253803827168,0.0058106309016869966,0.014350834398995458,-0.008995490466238987,0.19766830496296675,0.1976676310609399,-0.022338375296516836,0.026811453523991065,-0.02031474452893594,0.02669692720711462,-0.021550113522219513,0.037341483375584295,-0.011858915436452342,0.02021023133169055,0.19281792514596666,0.1977891020189036,0.04687332584158339,-0.0485885312055988,0.10991239863640313,-0.07820696209069077,0.1681782100454215,-0.1193210171531393,0.1792245994453243,-0.14421411696271993,0.18267894478224814,0.200097695226851,0.20024670348164308,0.19524550547274233,0.19936076190544613,0.18622380459838384,0.19461642966082734,0.1940058907501689,0.19138198742684975,0.18119913493596712,0.2003796677776498
-0.15321820207596287,-0.1533572909429064,-0.1459759786982317,-0.15308711333885114,-0.14388887280889073,-0.151732310480867,-0.15884493318055293,-0.14723298827149772,-0.13456388323963536,-0.15362746875218586,-0.151321420544689,0.04964231304189847,-0.0489627322550587,-0.05851808500211094,0.06811914149314151,-0.1944035306009555,0.25000000000000006,-0.1701522241810247,0.14331411666457242,-0.1487709599358525,-0.14001518810095986,-0.07736235148235401,0.07104229162587926,-0.07868279927641711,0.06598060726249189,-0.05715892469710587,0.04684945969451039,-0.04217408469564151,0.037621697717633296,-0.1526269828552019,-0.1523463464980841,0.07357335317217036,-0.07839180068455671,0.07313241942388048,-0.07597420145452367,0.07122389884754639,-0.07078877790136551,0.044676444665494704,-0.04440715908501648,-0.14601760306758488,-0.15153159857768125,-0.08318302485025333,0.08287596149747815,-0.11225583305996915,0.08002243302579017,-0.13657029101366122,0.08520050332661812,-0.13479690286942625,0.09898532306177583,-0.13551132694951898,-0.1534302839322379,-0.15350211206100972,-0.15028030434721826,-0.15260767835670228,-0.1410348206726959,-0.14772937969214567,-0.14743643326083275,-0.14443703121174642,-0.1343173730140034,-0.15362820924535245
0.22911466056260427,0.22929563441931797,0.22005515470168796,0.22899882636973093,0.2119467650224736,0.22748428765082299,0.22306828310781998,0.2226832531223437,0.2083587743632381,0.22959143290911996,0.2262764946921521,-0.021275111215670526,0.02119347519009754,0.08769628718750383,-0.0661615044079985,0.19465350199073514,-0.1701522241810247,0.25000000000000033,-0.21873795628214762,0.22414417766977474,0.2129790256277313,0.0526452796082933,-0.04613793541120785,0.05648354997610115,-0.0422393533225439,0.057571064368481514,-0.021340410400168625,0.01897208486893302,-0.01275405267065182,0.22670952319906956,0.22686069667906072,-0.05210675980204138,0.057814055840459885,-0.049991333064774685,0.05577660887613546,-0.049509741602066726,0.05638587631430059,-0.024679263173513308,0.026078352496559185,0.22008828980650944,0.2265712474613289,0.07517551294908854,-0.07636886402438357,0.1378731541675832,-0.09803844676975051,0.19600491697452707,-0.13416231707977178,0.204698025051551,-0.16022031066101203,0.20714465536330393,0.22927822951236662,0.22942858741970915,0.22401969474198954,0.228310797442422,0.2125390413874216,0.2222824860239735,0.22174733301786131,0.21818921778522685,0.20546006053134563,0.2295924901286685
-0.20531120444169257,-0.2054503145386543,-0.19651633597156057,-0.20516357773123892,-0.18893279944385322,-0.20369620667820545,-0.19945654899900223,-0.1988610144505012,-0.21799796606145236,-0.20573757821448072,-0.20290473945076512,0.0468094771437366,-0.0464815754144581,-0.0617947461809566,0.04251392212287187,-0.1684975515201147,0.14331411666457242,-0.21873795628214762,0.25000000000000017,-0.2102912166965268,-0.18902603952082522,-0.07805125881321483,0.07170111607512268,-0.08156593713209495,0.06784687056397397,-0.08232685194872602,0.04703581196147985,-0.04425613159204329,0.038122537006625025,-0.20315402124790521,-0.20371202023399126,0.07662669578071167,-0.08249235832698032,0.07550041362830857,-0.08062210350688188,0.07471966207294486,-0.0791775416238696,0.047967686000892434,-0.049185533893771664,-0.19619900652705538,-0.20297357566534963,-0.09311318565925891,0.09330951251303195,-0.1396421478704262,0.09955596951958039,-0.18010457294231105,0.11735163182128809,-0.18239766084012143,0.13762997113111491,-0.18316042978409072,-0.2054669588243747,-0.20557876601212874,-0.20100841333401756,-0.20446002282637038,-0.18955159414124104,-0.19838486561972202,-0.19803727449519135,-0.19427533395786512,-0.18164906747148873,-0.2057386405184643
0.243479945418461,0.24367877728611337,0.23402836918051492,0.2433824275304363,0.22522599659196346,0.24186104797789007,0.2331546070724274,0.23706570193575488,0.22338296975347857,0.2439774583610074,0.24057321060494063,-0.020835141695189876,0.020781554516607792,0.08817929552724701,-0.06561192517626398,0.19455802417240303,-0.1487709599358525,0.22414417766977474,-0.2102912166965268,0.24999999999999983,0.226516477817722,0.05274211493929492,-0.04617264353657719,0.056694604627283866,-0.042195701565951906,0.058052870673696265,-0.02133485120087558,0.041972856489761144,-0.035430455591138665,0.2410821895568377,0.2410195222674645,-0.051634664015057355,0.05777884188839914,-0.05011367451177493,0.05832354820895193,-0.05205438457474032,0.06972560877505345,-0.038514991754935106,0.04773586736695447,0.2338302751309336,0.24077756733374928,0.07817769083663173,-0.07955927038165503,0.1472081074389242,-0.10509757234538648,0.20875566665152528,-0.144286701730548,0.21883380565157956,-0.17164005470807708,0.22024870788881795,0.24364438757606088,0.2438053326699602,0.237922583969405,0.24262197731418245,0.22599555829708518,0.23624719306213637,0.2358050749805112,0.23191628542149773,0.21855323178116795,0.24397863065734732
0.23206585960090306,0.23222831110154982,0.22353828558134392,0.23192904871374712,0.21462691785244042,0.2304034534222804,0.2218836958915269,0.22559629305706785,0.21002527090585713,0.23252448176183513,0.2290979682639454,-0.0013314773525356046,0.0017390286414876914,0.09505369039094867,-0.07194458134397226,0.18713437688772422,-0.14001518810095986,0.2129790256277313,-0.18902603952082522,0.226516477817722,0.24999999999999975,0.029451853982923538,-0.02327230617814703,0.03376124828652934,-0.02032700333744405,0.03623877607074763,-0.0020956013270658413,0.02294595409879673,-0.0169268411945438,0.2296421924483948,0.22942959371279908,-0.029627558914013495,0.03498941913209353,-0.02765296173006332,0.03561777972427923,-0.029836794102229135,0.048043836430794254,-0.020178310716771855,0.029203185345858362,0.22351955368315835,0.22951255362243458,0.05770734030450075,-0.059591466953130355,0.12985598701481046,-0.09257183625042224,0.19605363037054782,-0.13942250922343585,0.2092572701202199,-0.16748614272718457,0.2115193159601056,0.23220049037895363,0.23236887443890242,0.22657706952917778,0.23131757707875736,0.21598105760831338,0.22568200705134736,0.22517686489663263,0.22184293518185466,0.20990672021946893,0.23252553443531263
0.046717572948976244,0.04714986688813601,0.03983703239527568,0.047468585404515984,0.04880554207271317,0.04891377354757142,0.05267360135603983,0.0536617562872781,0.06755342805627176,0.046913582533040725,0.04905419046812591,-0.2163383597671745,0.20871410665568077,-0.10597815676732102,0.08041668093160392,0.02452490137834262,-0.07736235148235401,0.0526452796082933,-0.07805125881321483,0.05274211493929492,0.029451853982923538,0.2500000000000001,-0.24056473750044888,0.23302537139238966,-0.22224341260182875,0.20928650500325563,-0.1990383912865905,0.1851427871789038,-0.18176106387465168,0.04932070774898022,0.0493671481233787,-0.22428170262525288,0.2307558739162568,-0.22909665839014323,0.2283776812003887,-0.22479126342691874,0.21236634039200886,-0.18371210513089126,0.1806162180874273,0.037801867567064995,0.045882701671246626,0.19864797548740035,-0.192667782866978,0.14186856891118566,-0.10253406459569611,0.07139621312537409,-0.005568549809551747,0.03313587030585425,0.010475936233535332,0.024914676677422205,0.04692043777490061,0.04678914763792609,0.047722623330206,0.045734030152536916,0.03695743415858088,0.03974524661965232,0.04040061672159987,0.03578948071541072,0.024456267700710587,0.046914697966933976
-0.04013991428362009,-0.04056067149883756,-0.033625696625134927,-0.04087843852173434,-0.04228248320664403,-0.042329524365612145,-0.04611638396717983,-0.047093779024079074,-0.0610781339802702,-0.04032120431058649,-0.04247631375471569,0.210974710888326,-0.20413758050195305,0.11157845211706398,-0.08582890732432301,-0.01802837160024917,0.07104229162587926,-0.04613793541120785,0.07170111607512268,-0.04617264353657719,-0.02327230617814703,-0.24056473750044888,0.25000000000000006,-0.23867199536175868,0.23012246550273505,-0.21678593241782118,0.20700562968306482,-0.1928430136544215,0.18956415649264058,-0.04284716307760878,-0.04297087341750891,0.23119311716003896,-0.23771771962020077,0.23640023803351398,-0.23550422978894042,0.23205233863328606,-0.21903296281249393,0.19088784632353237,-0.18775210635816209,-0.031175470267327306,-0.03936111697992304,-0.20370583963209937,0.19745599759413157,-0.1424422510580695,0.1030492092526071,-0.0670845189398347,0.0011421668645479476,-0.02722483193766862,-0.01659438061723106,-0.018242374531355025,-0.040340023672388516,-0.04019762581578348,-0.04136315655277687,-0.03913995978747935,-0.03059731329205501,-0.03312575294264548,-0.033867971794519176,-0.029157255991328585,-0.01785057803822611,-0.04032227631891029
0.050767220969987766,0.051190508962816975,0.04413209776722588,0.051502544002177394,0.0520826441113515,0.05292037850842849,0.05644288008011082,0.05759160647931526,0.07125788260596327,0.05095751267147201,0.05291832262416698,-0.20312473153604604,0.1982813068979598,-0.10427101861458422,0.08200780089440035,0.026382670819303965,-0.07868279927641711,0.05648354997610115,-0.08156593713209495,0.056694604627283866,0.03376124828652934,0.23302537139238966,-0.23867199536175868,0.25000000000000006,-0.23520835024298536,0.22230383959146885,-0.21194280757658446,0.1981329343647533,-0.19477682716683756,0.05341228713681648,0.05350874824807212,-0.2356953521234822,0.24258362155592894,-0.24099868093083993,0.24042773079507718,-0.2367922680830707,0.22429943382318787,-0.19590524146201627,0.19309212407564846,0.04123623899891033,0.04985328278001977,0.20901811688110752,-0.2027672045146993,0.15005602336630458,-0.10856738323770562,0.07665282208913675,-0.00799776677048974,0.037541594607383204,0.009010750379898999,0.027571505073194485,0.05096306836958682,0.0508250296759439,0.0517557205191027,0.049702174638214,0.04037813431529603,0.04333384371165702,0.04418080901268188,0.03912635688749824,0.027169255030116683,0.05095862268656136
-0.03617679090998495,-0.03657989624305334,-0.03017009200918276,-0.03689692538748487,-0.03793345400331103,-0.03834825366216081,-0.04204733825906679,-0.04311593685330112,-0.057120371279179724,-0.03633909494749634,-0.03840382873247872,0.19809406900772938,-0.19378721561737464,0.11387723558677114,-0.0909934375888661,-0.012734107587270378,0.06598060726249189,-0.0422393533225439,0.06784687056397397,-0.042195701565951906,-0.02032700333744405,-0.22224341260182875,0.23012246550273505,-0.23520835024298536,0.2500000000000004,-0.23295661578723342,0.22372503505065314,-0.20545649278865805,0.2024104876625202,-0.03893017553797364,-0.0389834808800858,0.22724862005198748,-0.23390814356210549,0.23437520402378156,-0.23347249302178522,0.23117727435052943,-0.2180912473927188,0.20022937441126099,-0.19726735959010608,-0.027001753577697966,-0.03543915871004961,-0.19967750389147695,0.1936206130613802,-0.13868424742798607,0.10120117887599345,-0.06472094772680982,0.004923671680734979,-0.030164738548201602,-0.014850649594342704,-0.014154037874598626,-0.0363667147996128,-0.03621611424822024,-0.03743488735033141,-0.035149405383306034,-0.02694679109047644,-0.029091939280660655,-0.03067464997260155,-0.025096011297078273,-0.014251038570750123,-0.0363401218693832
0.05226489802239744,0.05267298079661866,0.04608300995965764,0.052975267634773074,0.050618300258595164,0.054357355174602134,0.05657531364021349,0.05895307383207715,0.07231989813683135,0.05244327383679132,0.05406062508021011,-0.18493795939442573,0.1808869627931779,-0.09968126755086967,0.10019331202085555,0.004785253803827168,-0.05715892469710587,0.057571064368481514,-0.08232685194872602,0.058052870673696265,0.03623877607074763,0.20928650500325563,-0.21678593241782118,0.22230383959146885,-0.23295661578723342,0.25000000000000017,-0.21282149143717494,0.19560253665886415,-0.19231436645510555,0.05481200625105251,0.054673748377376756,-0.21506865040237638,0.22176445539702577,-0.22087992009538487,0.22127936535078854,-0.21883410806288614,0.2083832654445931,-0.19062705581361108,0.18809301761247443,0.0429554161908135,0.05136007686895758,0.19166244239818872,-0.18606521263000508,0.1404043452046079,-0.10225194641024744,0.07618540465171576,-0.016417774761434658,0.045582996478268994,2.7486769725845305e-5,0.02998625014211204,0.05244362634029484,0.05231575854735566,0.05297616467581004,0.05123219376136386,0.04236219092064895,0.045106535608246914,0.046644006247771964,0.041055721081877966,0.030008084578700883,0.05244436346924908
-0.015360888907778453,-0.015716638556197024,-0.010584497370301607,-0.016032188678874407,-0.018041832056714623,-0.017488661692050284,-0.021321780913927554,-0.022261017383547348,-0.036380300339943786,-0.015471430245404589,-0.017605391676796926,0.1795671989937161,-0.17583395460253476,0.11142029255242418,-0.09092051440597694,0.0058106309016869966,0.04684945969451039,-0.021340410400168625,0.04703581196147985,-0.02133485120087558,-0.0020956013270658413,-0.1990383912865905,0.20700562968306482,-0.21194280757658446,0.22372503505065314,-0.21282149143717494,0.2500000000000003,-0.2262588143915632,0.2236468954922629,-0.018215125130757084,-0.01809070198966492,0.20469371063365543,-0.21113939150796585,0.2120487725510047,-0.21157916651474742,0.21272806035506503,-0.20032057125984287,0.2119269317011425,-0.20918173159551307,-0.006555111728729584,-0.014872515855517944,-0.1774519270756214,0.1717391431998147,-0.11731113061562322,0.08739953081458031,-0.04720648559013628,0.009625220932010622,-0.02863204738540658,-0.015076308556908495,0.004788943760637817,-0.015530857773295673,-0.015363488966974311,-0.0168645019228405,-0.01438069494660529,-0.008150403730539145,-0.008805854956306418,-0.012515095864938645,-0.005135022744364188,0.0033413646444207406,-0.015472290431652378
0.03654725859188778,0.03690788377846787,0.03134041782318744,0.037199932101927444,0.0382872243837029,0.03853571295400049,0.03799172373439699,0.04296227897596894,0.05569130365288243,0.036686972183434585,0.03848247025514804,-0.164309066892669,0.16064018349934014,-0.0923285343270521,0.07379218735654514,0.014350834398995458,-0.04217408469564151,0.01897208486893302,-0.04425613159204329,0.041972856489761144,0.02294595409879673,0.1851427871789038,-0.1928430136544215,0.1981329343647533,-0.20545649278865805,0.19560253665886415,-0.2262588143915632,0.25000000000000033,-0.24283652137432904,0.039393725132369876,0.038782617216689116,-0.19057330300350894,0.1973022052681801,-0.19831846772260256,0.20135067707630894,-0.201582702322053,0.20517300763736374,-0.219505646826732,0.22763867851060848,0.02729758429246429,0.035848234656521254,0.1702244572155875,-0.1651735163798796,0.12366600521275287,-0.09148483638958867,0.06290278298719895,-0.025401449803245806,0.04937208743569434,-0.004000987717861473,0.01569648221857657,0.03671242766821232,0.03657140901651808,0.03726213250007525,0.035546890308355394,0.02842089389269199,0.02977722800195412,0.0335643315570549,0.02596340967121846,0.017141863715212282,0.03668793311409582
-0.029944884403505675,-0.03029644213595452,-0.02504252101334479,-0.03059440653870047,-0.03212090844215782,-0.03195894423886073,-0.03161618083767282,-0.0364739542384758,-0.049394213617027484,-0.03007009652991094,-0.03193427420932247,0.1619665983805623,-0.15837617524226405,0.09363064397756825,-0.07480455835572357,-0.008995490466238987,0.037621697717633296,-0.01275405267065182,0.038122537006625025,-0.035430455591138665,-0.0169268411945438,-0.18176106387465168,0.18956415649264058,-0.19477682716683756,0.2024104876625202,-0.19231436645510555,0.2236468954922629,-0.24283652137432904,0.24999999999999994,-0.032886966575274026,-0.03221315779060461,0.1872418792855797,-0.19393359702972462,0.19508582602639063,-0.19800384753658393,0.19928154146986304,-0.20262828196085542,0.22604731701825279,-0.2342315138596786,-0.020683519324088913,-0.02931890620473827,-0.16640341607507395,0.16135173808609615,-0.11877027690555074,0.08846324988081593,-0.057862574484214196,0.02649834167421912,-0.04879723272925696,0.0032223266309868875,-0.009382545302102994,-0.03010688816437566,-0.029957740673893462,-0.030784705780694435,-0.028945459420093397,-0.02234722143241205,-0.023246486891218922,-0.02772577010499414,-0.019481656535975965,-0.01127162319531249,-0.030071018048999185
0.2465933492707759,0.24679634962816213,0.2371529753229458,0.2464988421374779,0.22847432608838047,0.24498681530771219,0.23695741865654357,0.240244447706773,0.22484011590003075,0.2470886932506833,0.24364708596338527,-0.0174573474522593,0.017384644996345237,0.09136194267827673,-0.06902511032789053,0.19766830496296675,-0.1526269828552019,0.22670952319906956,-0.20315402124790521,0.2410821895568377,0.2296421924483948,0.04932070774898022,-0.04284716307760878,0.05341228713681648,-0.03893017553797364,0.05481200625105251,-0.018215125130757084,0.039393725132369876,-0.032886966575274026,0.2500000000000002,0.24403983896737613,-0.04853631175889793,0.05464022717807071,-0.0468087813164275,0.05517387091947648,-0.04887860252753171,0.06713038564894759,-0.03605588324834125,0.04537737134150958,0.23693667616613764,0.2438550880698818,0.07594314268443698,-0.07744316399134953,0.14708345147030677,-0.10498017502605499,0.21086220169363884,-0.14659814148664974,0.22186506741137596,-0.17466199486898906,0.22336270352553644,0.24675013743391122,0.24691597696473921,0.24092177396846884,0.24573197078017658,0.22899398827731682,0.23935917864016024,0.23890893968298907,0.23502760737270026,0.22165473908556238,0.2470898637135435
0.24637279279210958,0.24657537240618824,0.23693554224940952,0.24628609958781078,0.22826369708390987,0.2447984904084899,0.2361677548884611,0.24012595777690263,0.22488072395644434,0.24686738773423378,0.24344075332302653,-0.017509770407720938,0.01741228095992538,0.09122592040517473,-0.06895195132074806,0.1976676310609399,-0.1523463464980841,0.22686069667906072,-0.20371202023399126,0.2410195222674645,0.22942959371279908,0.0493671481233787,-0.04297087341750891,0.05350874824807212,-0.0389834808800858,0.054673748377376756,-0.01809070198966492,0.038782617216689116,-0.03221315779060461,0.24403983896737613,0.25000000000000017,-0.04914680284380739,0.054765169463909066,-0.04695193037980208,0.05519027589308201,-0.048878080909058604,0.06696395754994955,-0.03569822039921529,0.04491489451086028,0.23672273692230117,0.2436345590246593,0.07626365466048063,-0.07774567372298267,0.1469823143362849,-0.10488814524857142,0.21065796808981066,-0.14627553472107513,0.2215304023471305,-0.17434459614286382,0.22314133955833645,0.24652921890257612,0.24669472410303148,0.24072949469567664,0.24551082068819444,0.2287713936245093,0.23913808764420474,0.23867437475126885,0.23480670235180057,0.2214250768594746,0.24686857336878576
-0.04584683211595889,-0.04625440179701156,-0.03957147235587479,-0.04655961704455567,-0.04733739860241942,-0.04795371802470472,-0.051561833214391006,-0.052547677581841104,-0.06600077388907588,-0.046023320586727805,-0.04796200806631738,0.19586545188599008,-0.1911924098383988,0.1021417406658855,-0.08074344828778886,-0.022338375296516836,0.07357335317217036,-0.05210675980204138,0.07662669578071167,-0.051634664015057355,-0.029627558914013495,-0.22428170262525288,0.23119311716003896,-0.2356953521234822,0.22724862005198748,-0.21506865040237638,0.20469371063365543,-0.19057330300350894,0.1872418792855797,-0.04853631175889793,-0.04914680284380739,0.24999999999999983,-0.24167227125895702,0.23655643091312656,-0.23375766453457653,0.23017708878047338,-0.21720334313322143,0.18854617212086877,-0.18551543041809712,-0.03648214093512341,-0.04488818188236186,-0.22041689694666083,0.21307053198383435,-0.14786728864137005,0.10562936664775364,-0.07092875556171778,0.0021078227913401944,-0.0318921065519944,-0.014498715562446715,-0.02266761659048208,-0.04603626877739365,-0.04589166874972112,-0.04776464048300417,-0.04477210391677023,-0.03543055967732898,-0.038408902225078284,-0.03919697927644767,-0.03420723415087852,-0.022247977192313792,-0.04602437721320709
