x1,x2,x3,x4,x5,x6,x7,x8,x9,x10,x11,x12,x13,x14,x15,x16,x17,x18,x19,x20,x21,x22,x23,x24,x25,x26,x27,x28,x29,x30,x31,x32,x33,x34,x35,x36,x37,x38,x39,x40,x41,x42,x43,x44,x45,x46,x47,x48,x49,x50,x51,x52,x53,x54,x55,x56,x57,x58,x59,x60
0.25000000000000006,0.2496955681859357,0.2498063730140309,0.2498612786684218,0.24986982984598574,0.2499421769495516,0.24978610664440265,0.2498982082901485,0.24993482942144712,0.24994555804741203,0.24975408795715864,0.2391389383163707,0.2455892956653999,0.23630887259317931,0.2461302754233131,0.23423792378984587,0.24439083534923467,0.23903571740265822,0.2478995839476777,0.24984492587681167,0.2498569584538799,0.2457828651667345,0.234836169506428,0.23875233474843136,0.23267825891637423,0.23575138085750605,0.23220516642505082,0.23766966945588922,0.2383840015012891,0.24925278648851792,0.24980935264770696,0.24454836430437243,0.2352556990093504,0.2368227806820196,0.23368360170150415,0.23809812648726283,0.23486055198072378,0.24089077474759446,0.24060845916389956,0.24944640950534003,0.24977830449019522,0.23648493642843724,0.24360271127748723,0.23259521556857357,0.24601025014035602,0.23252563551755648,0.24446572978027284,0.24007265695734517,0.24820313714575226,0.24991456891161168,0.24988290543668426,0.24974618953313057,0.24980634701562493,0.2499140262796339,0.24983350995244233,0.24994030847688395,0.24984950281553134,0.24988051949823378,0.2499361277083097,0.24994360931028367
0.2496955681859357,0.25000000000000006,0.24959033068956255,0.24964518885939546,0.2496537326415664,0.24972601717652684,0.24957008184708357,0.2496820865429404,0.24971867600285208,0.24972939535028166,0.2495380908508531,0.23893212160676694,0.245376900434406,0.23610450343513303,0.2459174123318602,0.23403534566934586,0.2441794765936091,0.23882898996253937,0.24768519068899256,0.2496288502103194,0.24964087238114455,0.24557030252926323,0.23463307399962713,0.23854585238871848,0.23247702965507488,0.23554749384012325,0.23200434631264646,0.23746412342747816,0.23817783769057832,0.24903722292733474,0.2495933077463349,0.24433686931154375,0.2350522406770224,0.2366179670761525,0.2334815029804325,0.23789220991244853,0.23465743538700506,0.24068244298130861,0.24040037155517543,0.24923067849139668,0.24956228644048428,0.2362804150034978,0.2433920341223918,0.2323940581264097,0.24579749085146296,0.23232453825094246,0.2442543062530132,0.23986503273133108,0.24798848136238524,0.2496984330150978,0.24966679692398228,0.2495301992576907,0.2495903047136409,0.24969789085240948,0.24961744415888765,0.24972415031978704,0.24963342319072293,0.24966441304898473,0.24971997316690497,0.2497274482984969
0.2498063730140309,0.24959033068956255,0.24999999999999997,0.2497559713311763,0.24976448563605164,0.2498368359136295,0.24968083449180625,0.24979288661773236,0.24982948958208512,0.24984021545420326,0.249648854629964,0.23903663756097002,0.24548551126390714,0.23621106531314054,0.24602765483762729,0.23414062848461342,0.24428781975874814,0.23893557168467874,0.24779522057125822,0.24973962956668463,0.24975166433591844,0.2456800704686045,0.2347389818110639,0.2386538857414503,0.23258243934377698,0.23565476283881043,0.2321095536909369,0.23757123051527534,0.238284629723402,0.24914775402733846,0.24970407145649218,0.2444459033345774,0.23515834544941824,0.23672445535795353,0.2335868710459068,0.23799878079730222,0.23476336409933862,0.24079020243864493,0.2405080957520186,0.24934128077951656,0.2496730313993866,0.23638584995055462,0.24350048991915382,0.23249801802798462,0.2459067166674222,0.23242792421072578,0.24436267416918164,0.23997162154343038,0.24809853017751113,0.24980923969279822,0.24977758898125416,0.24964093069590765,0.24970106417512908,0.24980869671045125,0.24972821481214585,0.2498349678314251,0.24974420262875302,0.24977520405121886,0.24983078885439708,0.24983826727370143
0.2498612786684218,0.24964518885939546,0.2497559713311763,0.25000000000000006,0.2498194153598904,0.24989174786648777,0.2497357090505515,0.24984778807833324,0.24988440182084257,0.24989512828216776,0.24970369682349394,0.23909068892712665,0.24553974483271615,0.2362611942064817,0.24608061544093152,0.23419066324398846,0.24434152632149775,0.23898748883957519,0.24784956698430266,0.2497945164154159,0.2498065465647553,0.2457332752788877,0.2347887882567208,0.23870416336148204,0.23263131305317783,0.23570381495201206,0.23215831601441403,0.23762171651073571,0.23833590443035982,0.24920249649894044,0.24975895036367252,0.2444990234931207,0.23520823311411243,0.23677499860768442,0.2336364529973329,0.2380500870953336,0.23481316581153475,0.24084217190257842,0.24055991327972218,0.24939608044980163,0.24972790847052942,0.23643722251857102,0.24355356126402525,0.2325482864604517,0.24596061437463437,0.23247872044811382,0.24441640564161038,0.24002421917822758,0.24815305893657272,0.24986414539882743,0.2498324883124175,0.24969579999307454,0.24975594533801487,0.24986360287633266,0.24978310279435664,0.2498898797708078,0.24979909243067766,0.24983010285536117,0.24988569984575779,0.24989317993822133
0.24986982984598574,0.2496537326415664,0.24976448563605164,0.2498194153598904,0.24999999999999994,0.24990029994318558,0.24974424447787752,0.24985633316234335,0.24989295511912268,0.24990368058538046,0.24971223693282435,0.23909639959604764,0.24554710769507865,0.2362686558205004,0.2460881805384831,0.2341969116226105,0.24434917232713288,0.23899445891558507,0.2478577982055095,0.24980305832296162,0.24981509226706694,0.2457410499318321,0.23479548927397245,0.23871080764990718,0.23263760659357796,0.23570905893536456,0.2321643337397408,0.23762813188959894,0.2383432192862897,0.24921099726197973,0.24976749399882997,0.24450687481872801,0.23521465257713126,0.2367819659559136,0.23364289079989586,0.23805762263642172,0.23481962106439458,0.24084961745646988,0.2405671561294564,0.24940460982505788,0.24973645517005108,0.23644465477254675,0.24356144068936705,0.23255527966711886,0.24596888663665206,0.23248614219228278,0.244424825096261,0.24003226806713038,0.24816155397286113,0.24987269544378488,0.24984103849986808,0.24970434549981874,0.24976449014227697,0.24987215413031105,0.24979165174724477,0.24989843192703382,0.2498076427381975,0.24983865296660204,0.24989425182733452,0.24990173220756587
0.2499421769495516,0.24972601717652684,0.2498368359136295,0.24989174786648777,0.24990029994318558,0.24999999999999994,0.24981656665585417,0.24992868201226937,0.24996530757803836,0.2499760375239283,0.24978454434340616,0.23916809823177418,0.24561925556492667,0.23633769355656434,0.2461602872488915,0.23426648408046283,0.2444206318276433,0.2390648624853839,0.24792981090522387,0.24987539306356552,0.2498874271438496,0.2458128362246359,0.23486480505191987,0.23878144688577962,0.23270663096411556,0.23578012234930293,0.23223347972145053,0.2376986476720355,0.23841307003149417,0.2492831814057976,0.24983981551701745,0.2445781847431469,0.23528438478427935,0.23685165910896544,0.23371209619444513,0.23812716054727218,0.23488918951904716,0.24092014860172603,0.24063779827466258,0.24947682809800864,0.24980876356348466,0.2365137734355435,0.2436324166797355,0.23262357731827618,0.24604024935034252,0.23255398898098983,0.24449554104363344,0.24010193222610215,0.24823340409937703,0.24994504460363381,0.24991337727195503,0.2497766446966119,0.24983680950450896,0.24994450190995265,0.24986397577139674,0.24997078731219524,0.24987997059857253,0.24991099104261183,0.2499666060337138,0.24997408854811481
0.24978610664440265,0.24957008184708357,0.24968083449180625,0.2497357090505515,0.24974424447787752,0.24981656665585417,0.2499999999999998,0.24977261864148934,0.24980922230882535,0.24981994624002743,0.2496286232689042,0.23901699863621662,0.2454670461734971,0.23619061590970108,0.24600568742452697,0.2341183161658992,0.2442665255583298,0.23891401049196284,0.24777435214344917,0.2497193562714066,0.2497313926058056,0.24565880517723457,0.2347169877147733,0.2386310386463863,0.23255988297874966,0.2356298569610914,0.23208664951831584,0.23754832067311102,0.2382634196705332,0.24912748637659346,0.24968380696921644,0.2444249369399279,0.23513591934409192,0.23670283319594626,0.23356472265716038,0.23797788562570366,0.23474097232384658,0.24076888637107421,0.24048652194353026,0.24932104071357566,0.24965277551495127,0.23636540635263714,0.2434798469460823,0.2324772455125913,0.24588643579965822,0.23240803387980297,0.24434291681757941,0.2399518222597995,0.2480783946675343,0.2497889706907037,0.2497573249350056,0.24962067772887425,0.24968080075740529,0.24978843014559587,0.24970795600942353,0.24981469914156382,0.24972394419927046,0.24975494021104377,0.24981052043269872,0.2498179983165456
0.2498982082901485,0.2496820865429404,0.24979288661773236,0.24984778807833324,0.24985633316234335,0.24992868201226937,0.24977261864148934,0.24999999999999986,0.2499213349048324,0.24993206290938844,0.24974060241566573,0.23912595952520532,0.24557596299885015,0.23629612277415324,0.24611697427445103,0.23422525915315806,0.24437761247555406,0.23902279370576043,0.24788619244325572,0.24983143607322375,0.2498434682277535,0.24576958869667156,0.23482348574561837,0.23873943026102767,0.23266569110425026,0.23573860608782876,0.2321926167062946,0.23765680961616123,0.23837112979168035,0.2492393284212881,0.24979586482225352,0.24453515655783523,0.23524298132406787,0.23680998627255764,0.23367096761761622,0.2380852731514074,0.2348478559879807,0.24087776427372393,0.2405954569276108,0.249432941256495,0.24976481836185116,0.2364721606426592,0.2435895533980713,0.23258264535897166,0.2459969661123589,0.232513072795052,0.24445253150689686,0.24005969398154955,0.24818973617100415,0.24990107542632092,0.24986941367874282,0.24973270515667637,0.2497928593534211,0.2499005328414989,0.24982002087995986,0.2499268136197873,0.2498360129228503,0.24986702786930431,0.24992263307682802,0.24993011427497228
0.24993482942144712,0.24971867600285208,0.24982948958208512,0.24988440182084257,0.24989295511912268,0.24996530757803836,0.24980922230882535,0.2499213349048324,0.24999999999999983,0.24996868899367003,0.2497772027042853,0.23916085813990115,0.2456122600518022,0.23633073839841062,0.24615357895047693,0.2342595414285631,0.24441359233732823,0.23905768691615323,0.24792753775565818,0.24986804767761028,0.24988008349070734,0.2458056295299995,0.2348582049818856,0.2387747971065232,0.2327000898802883,0.23577326004677904,0.2322269724164068,0.23769186745190035,0.23840624836316615,0.24927585090467355,0.24983247158219857,0.2445711377805864,0.23527773244595523,0.23684507667817117,0.23370558708865508,0.23812042188154758,0.23488260023580693,0.2409132480609699,0.24063086740653863,0.2494694932766847,0.2498014198924958,0.23650684978523984,0.24362530637785057,0.2326167737746552,0.24603303555548775,0.2325470669777994,0.24448836989267084,0.24009486431841354,0.2482261109491087,0.2499376967526124,0.24990603058735997,0.24976930202982486,0.24982946450986615,0.2499371543119056,0.24985663090238916,0.2499634389429439,0.24987262642685157,0.24990364443124602,0.2499592577896617,0.249966740081908
0.24994555804741203,0.24972939535028166,0.24984021545420326,0.24989512828216776,0.24990368058538046,0.2499760375239283,0.24981994624002743,0.24993206290938844,0.24996868899367003,0.24999999999999997,0.249787923047244,0.23917134087741782,0.24562257096120232,0.23634089010961887,0.24616362327467936,0.23426966217484413,0.24442394497570985,0.23906810336857912,0.2479331683787704,0.2498787732914776,0.2498908075112902,0.24581616493618222,0.23486798871424666,0.23878468623045718,0.23270978739823878,0.2357833291080936,0.23223663116540272,0.2377018733314704,0.23841629938222128,0.2492865537303338,0.24984319523876594,0.24458149582301159,0.2352875753114243,0.23685486789711296,0.23371526476380644,0.23813038497166933,0.2348923745879015,0.24092341178467316,0.24064105839155178,0.2494802029279509,0.24981214286183537,0.23651697568600255,0.24363571434883727,0.23262672869864284,0.24604357848029818,0.23255713773362827,0.24449884833374547,0.24010518090957297,0.24823676212308987,0.24994842574714943,0.24991675798028637,0.24978002355533224,0.24984018919297296,0.24994788303929194,0.24986735580464517,0.2499741687970845,0.2498833508364154,0.24991437171860273,0.24996998746220847,0.24997747007765989
0.24975408795715864,0.2495380908508531,0.249648854629964,0.24970369682349394,0.24971223693282435,0.24978454434340616,0.2496286232689042,0.24974060241566573,0.2497772027042853,0.249787923047244,0.2499999999999998,0.23898255214159994,0.2454336473173875,0.23616042154864367,0.24597497677524016,0.2340900574827674,0.24423644064395847,0.23888459180734173,0.24774295966838963,0.24968735410015125,0.2496993779093061,0.2456276696636908,0.2346879316478027,0.238601400534418,0.23253123700394315,0.2356021010003631,0.23205844318106106,0.23751945278631173,0.23823360763556461,0.24909558909935586,0.24965180384525693,0.2443941473998184,0.23510731144741787,0.23667344158581038,0.23353616684845088,0.23794795300209326,0.23471238981025672,0.24073885344195647,0.24045668626843392,0.2492890889843131,0.24962077514702846,0.2363357868856266,0.24344907706499952,0.2324485141246768,0.24585509108217307,0.23237898063028994,0.24431155290527015,0.2399212416556522,0.2480466028602068,0.249756953458837,0.24972530995242048,0.2495886802728168,0.24964879973323925,0.2497564111680398,0.24967594557287853,0.24978267678965316,0.24969192836347923,0.24972292551852684,0.24977849865973087,0.24978597554128656
0.2391389383163707,0.23893212160676694,0.23903663756097002,0.23909068892712665,0.23909639959604764,0.23916809823177418,0.23901699863621662,0.23912595952520532,0.23916085813990115,0.23917134087741782,0.23898255214159994,0.24999999999999992,0.23485726975233318,0.2255988410013495,0.23550755719985683,0.22377103027482056,0.23414582251154123,0.22856482462011068,0.23730035315408135,0.23907374739763443,0.2390831626269363,0.23502246187115336,0.22441063208341747,0.22827276940946287,0.22244883674968624,0.22546738234299976,0.2219779473481575,0.2274571362208243,0.22787687931991052,0.23850466534069698,0.2390404515173599,0.2339550904082829,0.22492689551398803,0.22652258045630708,0.22360312993243753,0.22772474879749716,0.22464068295198664,0.2303623911600147,0.23017850504255424,0.2386931513230959,0.23901144751694564,0.22624397237160715,0.23307628401752983,0.2225098805724381,0.23539842604053515,0.22246318105442708,0.23393138916170214,0.22969364276790863,0.2375034804588964,0.23914155708658408,0.2391113838670525,0.238980561742401,0.2390378895156912,0.23914116269886146,0.23906408724405154,0.23916631205546274,0.23907924046920367,0.23910910029172924,0.239162304190591,0.2391694706014522
0.2455892956653999,0.245376900434406,0.24548551126390714,0.24553974483271615,0.24554710769507865,0.24561925556492667,0.2454670461734971,0.24557596299885015,0.2456122600518022,0.24562257096120232,0.2454336473173875,0.23485726975233318,0.2499999999999998,0.2319886385076613,0.2418965430718421,0.22996918905250505,0.24027460140580933,0.2347679458450134,0.24368200564878356,0.24552250929951605,0.24553426317970642,0.24159275471817446,0.23070724339570137,0.23466789710858213,0.22884504905069125,0.2318956282017648,0.22834434142813767,0.23371950727406554,0.23419485703790188,0.2449384004786362,0.24548800830045467,0.24028972009094235,0.2310873969606461,0.23267652987884546,0.2296995510019116,0.23399388379165453,0.23081765428581352,0.23667871401460466,0.23643899341488298,0.2451315150649257,0.24545837681758614,0.23234272270691325,0.23936347391174698,0.22851532770153268,0.24175653349230292,0.22846215656173122,0.2402467195954229,0.23589721016850698,0.24391176755715818,0.24559198954041164,0.24556099806481824,0.24542664734502248,0.24548556057044718,0.24559158007520107,0.24551239707004327,0.24561740776457855,0.2455280144644668,0.24555865291570325,0.2456132946673701,0.2456206515058201
0.23630887259317931,0.23610450343513303,0.23621106531314054,0.2362611942064817,0.2362686558205004,0.23633769355656434,0.23619061590970108,0.23629612277415324,0.23633073839841062,0.23634089010961887,0.23616042154864367,0.2255988410013495,0.2319886385076613,0.24999999999999992,0.23252715239327337,0.22088056128559333,0.230995070032794,0.22564463908458798,0.23452961830941443,0.23624338290309752,0.23625268512917494,0.23249499380897337,0.22160778956671173,0.22516613460748053,0.21955937377064988,0.22279389785773607,0.21973679501919702,0.2254054944768328,0.2251697098680192,0.2356802374453608,0.23621112429951702,0.23117421518741435,0.22226997402750076,0.22389170539110642,0.22096304204320755,0.22516618498004357,0.22234498160078292,0.22766067829794145,0.22764838955283984,0.2358684862054433,0.23618302731469804,0.22358239507000718,0.23035327731820276,0.21995524152558285,0.232638885633198,0.21985307111267122,0.23116241237407262,0.22696324854474187,0.2346923816128991,0.23631141343480166,0.2362816453740075,0.2361523724418739,0.23620910100270565,0.23631107083158848,0.23623480998300558,0.23633592239806112,0.2362495561850269,0.23627938755264552,0.2363319557633604,0.23633904354700203
0.2461302754233131,0.2459174123318602,0.24602765483762729,0.24608061544093152,0.2460881805384831,0.2461602872488915,0.24600568742452697,0.24611697427445103,0.24615357895047693,0.24616362327467936,0.24597497677524016,0.23550755719985683,0.2418965430718421,0.23252715239327337,0.24999999999999967,0.2304619795631347,0.24071120091172604,0.23530184738222765,0.24424307889890567,0.2460637175132671,0.24607504551207043,0.2421135350777916,0.23125573408608457,0.23524005983075144,0.22927203629736767,0.23234782253380828,0.2287228853607598,0.23421467874909968,0.23469821044418324,0.24547920450969496,0.24602912496891807,0.24081597659572587,0.231588097285791,0.23319602557618746,0.23021786544129605,0.2344843509238765,0.23130778703465896,0.2371963344525154,0.23695044893951975,0.24567153674729023,0.24599903883271754,0.2328653988760301,0.2398972138648606,0.22902866768992997,0.24228340876134208,0.2289764079809757,0.24077099183665068,0.23642105647419293,0.24444817383276124,0.24613301078024177,0.2461019152829201,0.24596726842757335,0.246026330336887,0.24613256487342156,0.24605322942835725,0.24615844944660373,0.24606890269873755,0.24609956511953363,0.2461543281732348,0.24616170033382462
0.23423792378984587,0.23403534566934586,0.23414062848461342,0.23419066324398846,0.2341969116226105,0.23426648408046283,0.2341183161658992,0.23422525915315806,0.2342595414285631,0.23426966217484413,0.2340900574827674,0.22377103027482056,0.22996918905250505,0.22088056128559333,0.2304619795631347,0.24999999999999983,0.22872252582006028,0.22353515037560054,0.23225893231980596,0.23417302195503592,0.23418216337661732,0.23062479377952236,0.22013725031731762,0.22359957881831716,0.2175780080836988,0.22010875392233792,0.21724235532151626,0.22275946102028954,0.22320966840927847,0.2336184391084426,0.23414157271449337,0.22912171012157515,0.2204400752873384,0.22192302403902123,0.21894502032965393,0.22320924237040546,0.21999824132130194,0.22568900154473048,0.22542539082101398,0.23380102852736828,0.23411311871605564,0.22157518891572786,0.22828234388226598,0.2179469305133354,0.2305635899787358,0.21790072898987625,0.22913741247356584,0.22499924812682587,0.23263775592338473,0.23424049000704125,0.2342109338996676,0.23408279293886414,0.23413885841956736,0.23424010259043831,0.2341645754201504,0.2342647365199578,0.23417948075252454,0.23420869729856664,0.23426081435616966,0.2342678303333651
0.24439083534923467,0.2441794765936091,0.24428781975874814,0.24434152632149775,0.24434917232713288,0.2444206318276433,0.2442665255583298,0.24437761247555406,0.24441359233732823,0.24442394497570985,0.24423644064395847,0.23414582251154123,0.24027460140580933,0.230995070032794,0.24071120091172604,0.22872252582006028,0.25,0.23354165147829375,0.24242310806540887,0.24432623861742883,0.2443370069757438,0.2404516108727137,0.22981490264447663,0.23353529053086383,0.22756055008136566,0.23062494393249844,0.22705158904445,0.23249185196702293,0.2330868482367218,0.24374569027219695,0.2442907713811509,0.2391369080073723,0.23002720714110378,0.2315370941925901,0.22849428652799475,0.23280473320414127,0.22966434133347746,0.23554127400513464,0.23528408667969253,0.24393568721760303,0.24426042696362932,0.231235280737454,0.23820870366709035,0.2274187886880091,0.24057078742428967,0.2273777711458203,0.23906317842993402,0.2347609976894835,0.24271942678503405,0.24439361055522585,0.24436267550028937,0.24422897999029006,0.2442877452144087,0.2443931086988044,0.2443143481281845,0.24441881026424989,0.24432991456853978,0.24436034206650792,0.24441471971672554,0.244422038175126
0.23903571740265822,0.23882898996253937,0.23893557168467874,0.23898748883957519,0.23899445891558507,0.2390648624853839,0.23891401049196284,0.23902279370576043,0.23905768691615323,0.23906810336857912,0.23888459180734173,0.22856482462011068,0.2347679458450134,0.22564463908458798,0.23530184738222765,0.22353515037560054,0.23354165147829375,0.2499999999999996,0.23703420361792,0.238969857071166,0.238981103713256,0.23506700941529587,0.22449680569552916,0.22818557750731452,0.2225315119071499,0.22508788409444933,0.2219073828103691,0.2268349447620919,0.22799597177179975,0.23840539636041538,0.23893792140200673,0.2338469149637556,0.22507667025442119,0.2263918302811844,0.2235584153658418,0.22754665364176144,0.2244773602723154,0.23038701064329503,0.2300258666357781,0.23858969402330676,0.2389083667461969,0.22612412742823024,0.23295020071019307,0.22233957504277063,0.23527620232476734,0.22235164750167588,0.2338314758288261,0.229613878025664,0.23740302004059322,0.23903836427806924,0.2390081742147384,0.2388774081784114,0.23893456140506478,0.23903794076603174,0.238960909082838,0.23906307931973936,0.2389762093058523,0.2390058923287358,0.23905907901199755,0.2390662365089139
0.2478995839476777,0.24768519068899256,0.24779522057125822,0.24784956698430266,0.2478577982055095,0.24792981090522387,0.24777435214344917,0.24788619244325572,0.24792753775565818,0.2479331683787704,0.24774295966838963,0.23730035315408135,0.24368200564878356,0.23452961830941443,0.24424307889890567,0.23225893231980596,0.24242310806540887,0.23703420361792,0.2499999999999997,0.24784497481478818,0.2478454075454288,0.24386163743734274,0.23302905218953776,0.2369070276916603,0.23084843178621117,0.23400699958810184,0.2303477598718512,0.23581069374303154,0.2364562391502311,0.24724565712282967,0.2477980784119832,0.24257542046248268,0.23335939842931416,0.23490054033545843,0.23179891377272657,0.23615831324685468,0.23296995942660775,0.23893952219128126,0.23867377219443392,0.24743796538220644,0.24776728202649548,0.2345753124273818,0.24163918420641295,0.23071497750169812,0.24402776657067185,0.2306524703093533,0.24249571319507462,0.23813598468365882,0.24620422234285722,0.24790242004158358,0.24787101972543596,0.24773540464303406,0.24779505614226438,0.2479018899289895,0.2478220142108919,0.2479279605008991,0.24783783499946815,0.2478686528665724,0.24792381210038425,0.24793123475629117
0.24984492587681167,0.2496288502103194,0.24973962956668463,0.2497945164154159,0.24980305832296162,0.24987539306356552,0.2497193562714066,0.24983143607322375,0.24986804767761028,0.2498787732914776,0.24968735410015125,0.23907374739763443,0.24552250929951605,0.23624338290309752,0.2460637175132671,0.23417302195503592,0.24432623861742883,0.238969857071166,0.24784497481478818,0.24999999999999964,0.24979017958033886,0.245716895775807,0.2347731941548574,0.23868531457734882,0.23261651340357867,0.2356868380371217,0.2321422948210529,0.23760403898485533,0.2383199593081173,0.2491862105728212,0.24974260395968056,0.2444833213202993,0.235194208795039,0.23676019952964136,0.23362315215097124,0.2380348520403476,0.23479896743211395,0.24082668376514238,0.24054489664372147,0.24937975871746942,0.24971156735267003,0.23642203880723328,0.24353788929781167,0.232533671168621,0.24594464395008386,0.23246382757539819,0.24440047045102903,0.2400085157373546,0.24813684919303242,0.2498477931204728,0.2498161374193543,0.2496794580584208,0.2497396008458179,0.24984724993764226,0.24976675332637707,0.2498735251076734,0.2497827394912581,0.24981375210402681,0.24986934547954645,0.24987682505875522
0.2498569584538799,0.24964087238114455,0.24975166433591844,0.2498065465647553,0.24981509226706694,0.2498874271438496,0.2497313926058056,0.2498434682277535,0.24988008349070734,0.2498908075112902,0.2496993779093061,0.2390831626269363,0.24553426317970642,0.23625268512917494,0.24607504551207043,0.23418216337661732,0.2443370069757438,0.238981103713256,0.2478454075454288,0.24979017958033886,0.2499999999999997,0.245730700803622,0.23478356585026972,0.23870410151257013,0.23263208820296488,0.23570269293125518,0.2321580592518684,0.23761889237129152,0.23833087313318693,0.2491981205983106,0.24975460873915223,0.24449445932503128,0.23520171914149243,0.23677043681702992,0.23363159088615798,0.23804767359530227,0.2348082896486559,0.24083729702396633,0.24055482127329594,0.2493917585623227,0.24972359438423747,0.2364317014816681,0.24354844812288198,0.23254284021804106,0.2459564529437772,0.23247368394613482,0.24441251071000247,0.24001966469635275,0.24814883997554568,0.24985982268239676,0.24982816861397666,0.24969148267571223,0.24975162396643869,0.24985928262327203,0.24977878142875481,0.2498855590619362,0.24979476778197796,0.24982578318366472,0.24988137916284228,0.24988885917209358
0.2457828651667345,0.24557030252926323,0.2456800704686045,0.2457332752788877,0.2457410499318321,0.2458128362246359,0.24565880517723457,0.24576958869667156,0.2458056295299995,0.24581616493618222,0.2456276696636908,0.23502246187115336,0.24159275471817446,0.23249499380897337,0.2421135350777916,0.23062479377952236,0.2404516108727137,0.23506700941529587,0.24386163743734274,0.245716895775807,0.245730700803622,0.24999999999999978,0.23074091922851686,0.23481533130737203,0.22958511926577513,0.23266677763459817,0.2292936258421408,0.23436131123557874,0.23456748263319943,0.24512990997988737,0.24568187222601795,0.24045482950008104,0.23127586142698572,0.23286439561115943,0.23010662740135165,0.23415155770196208,0.23121946077427022,0.23694692167491,0.23669523253438823,0.24532369548556518,0.24565191856649993,0.2325131266792678,0.23955658300048485,0.22868013968487358,0.24193055908585642,0.22860833771228817,0.24042747494301897,0.23605566896207528,0.24410205658412745,0.2457854741177662,0.24575454462832755,0.24562008770967356,0.24567871783441453,0.245785151069499,0.24570597717733406,0.24581099940808787,0.24572166962811307,0.2457521980512229,0.2458068784603123,0.24581424572132043
0.234836169506428,0.23463307399962713,0.2347389818110639,0.2347887882567208,0.23479548927397245,0.23486480505191987,0.2347169877147733,0.23482348574561837,0.2348582049818856,0.23486798871424666,0.2346879316478027,0.22441063208341747,0.23070724339570137,0.22160778956671173,0.23125573408608457,0.22013725031731762,0.22981490264447663,0.22449680569552916,0.23302905218953776,0.2347731941548574,0.23478356585026972,0.23074091922851686,0.2499999999999996,0.2236845037320473,0.21935241329939925,0.22326155085710833,0.22245863118807607,0.22570709688648805,0.22520092873553652,0.23419694512511763,0.23473784095007041,0.22960122233851646,0.22021369988832912,0.22230055257192483,0.22128814867618488,0.22457477225215539,0.223167004701869,0.22708995933767973,0.2268686801138708,0.23439328702081194,0.23471217903964428,0.22189188235753882,0.22884146838731145,0.21823911371868157,0.23116565463478364,0.21817801980637277,0.22975430335088995,0.22540238422558703,0.23324258155651273,0.23483796190227335,0.23480911183415082,0.23468064626600685,0.23473523823097028,0.23483835291159277,0.2347623914166508,0.23486305069326682,0.23477728070997944,0.2348068681862018,0.23485909619470827,0.2348661524315233
0.23875233474843136,0.23854585238871848,0.2386538857414503,0.23870416336148204,0.23871080764990718,0.23878144688577962,0.2386310386463863,0.23873943026102767,0.2387747971065232,0.23878468623045718,0.238601400534418,0.22827276940946287,0.23466789710858213,0.22516613460748053,0.23524005983075144,0.22359957881831716,0.23353529053086383,0.22818557750731452,0.2369070276916603,0.23868531457734882,0.23870410151257013,0.23481533130737203,0.2236845037320473,0.24999999999999967,0.2215328782077427,0.22551357756689075,0.2253985630347544,0.22945903435449716,0.2286802703979691,0.23810779957178535,0.2386529036092279,0.23357806441161813,0.2248273065870007,0.22637213166443862,0.2231216989872007,0.22776218988305516,0.22592841315978637,0.23070805044176124,0.23056525610565834,0.23830466116601362,0.238625437918159,0.22580460109796807,0.23274970360820493,0.2221923098715462,0.2350596608634814,0.221997967819597,0.23355570426017455,0.2292410857814629,0.2371206709728483,0.2387544890673054,0.2387248249450814,0.2385942151916095,0.23865066772246873,0.2387545547446512,0.2386776159345856,0.23877966420541027,0.23869274281366212,0.23872254461904,0.23877564460775985,0.2387828176735441
0.23267825891637423,0.23247702965507488,0.23258243934377698,0.23263131305317783,0.23263760659357796,0.23270663096411556,0.23255988297874966,0.23266569110425026,0.2327000898802883,0.23270978739823878,0.23253123700394315,0.22244883674968624,0.22884504905069125,0.21955937377064988,0.22927203629736767,0.2175780080836988,0.22756055008136566,0.2225315119071499,0.23084843178621117,0.23261651340357867,0.23263208820296488,0.22958511926577513,0.21935241329939925,0.2215328782077427,0.24999999999999972,0.21852379895124027,0.2182207671627272,0.22424440948302268,0.2243078151796694,0.23204200398828728,0.23258155608190204,0.22820188951391898,0.22107335628923838,0.22052028125056702,0.21663252492999333,0.2217597048911003,0.22169784301412981,0.22581888304670067,0.22594143186928628,0.23223994741259857,0.23255571609755382,0.22010355238676405,0.22692419065959443,0.21670579507642498,0.22916092480404152,0.21626704151591739,0.22766293513280353,0.22336282640116453,0.23110956871490246,0.2326800174993682,0.23265145093762574,0.23252416708729443,0.23257869835934736,0.23268042241105147,0.23260501721179058,0.23270489310759457,0.23261983083078228,0.2326492269172688,0.2327009814548048,0.23270796632823904
0.23575138085750605,0.23554749384012325,0.23565476283881043,0.23570381495201206,0.23570905893536456,0.23578012234930293,0.2356298569610914,0.23573860608782876,0.23577326004677904,0.2357833291080936,0.2356021010003631,0.22546738234299976,0.2318956282017648,0.22279389785773607,0.23234782253380828,0.22010875392233792,0.23062494393249844,0.22508788409444933,0.23400699958810184,0.2356868380371217,0.23570269293125518,0.23266677763459817,0.22326155085710833,0.22551357756689075,0.21852379895124027,0.25,0.21805776908518523,0.22409725959721755,0.22474024188754144,0.2351171706133232,0.235655699871934,0.2309248111474042,0.223514438238681,0.22422440005951266,0.22026460040172766,0.22456754388166356,0.2213752572757955,0.22700255377900372,0.22713911838061923,0.2353085737046227,0.2356260634102652,0.22290786276447602,0.2297641512073405,0.21934898660850982,0.23202719893916163,0.21921070915966942,0.23058471985551263,0.22639626731408044,0.2341294373978092,0.23575337587918532,0.23572421358504447,0.2355952432415525,0.2356502111531802,0.23575357178524745,0.23567801145621287,0.2357783667342236,0.23569344465074912,0.23572196451274835,0.23577438655027672,0.23578148063305612
0.23220516642505082,0.23200434631264646,0.2321095536909369,0.23215831601441403,0.2321643337397408,0.23223347972145053,0.23208664951831584,0.2321926167062946,0.2322269724164068,0.23223663116540272,0.23205844318106106,0.2219779473481575,0.22834434142813767,0.21973679501919702,0.2287228853607598,0.21724235532151626,0.22705158904445,0.2219073828103691,0.2303477598718512,0.2321422948210529,0.2321580592518684,0.2292936258421408,0.22245863118807607,0.2253985630347544,0.2182207671627272,0.21805776908518523,0.24999999999999997,0.21996837535541186,0.22132968124197888,0.23157265541157537,0.23210872355731624,0.2279843288068491,0.2213278017526207,0.22296156682382745,0.21983474246073398,0.221141275398745,0.21718889944431344,0.22349270666671606,0.22355371747323444,0.23176579016581147,0.2320827920065537,0.2195036362322821,0.22621790517913606,0.2162309220120193,0.22854462382868193,0.21570878298215398,0.22720650519062335,0.22289276829433546,0.23063518640005462,0.23220692025286715,0.2321784112173625,0.23205138474710732,0.23210498263631796,0.2322073250413656,0.23213228447344125,0.23223174642969838,0.23214737128029353,0.23217619354348432,0.23222784559103787,0.23223481343439367
0.23766966945588922,0.23746412342747816,0.23757123051527534,0.23762171651073571,0.23762813188959894,0.2376986476720355,0.23754832067311102,0.23765680961616123,0.23769186745190035,0.2377018733314704,0.23751945278631173,0.2274571362208243,0.23371950727406554,0.2254054944768328,0.23421467874909968,0.22275946102028954,0.23249185196702293,0.2268349447620919,0.23581069374303154,0.23760403898485533,0.23761889237129152,0.23436131123557874,0.22570709688648805,0.22945903435449716,0.22424440948302268,0.22409725959721755,0.21996837535541186,0.24999999999999997,0.2261518997972477,0.23702743893826778,0.23757234705135338,0.23282488372393798,0.2248295111274994,0.2264600227213856,0.22406939436219903,0.22623129784568774,0.22277668182317734,0.22870595894444887,0.22854812432616375,0.23722192163254924,0.2375440847395691,0.22451555766892364,0.23146515647750548,0.22073253016508765,0.23387438912664937,0.22080216555656362,0.23250118603532255,0.22816405057272188,0.23604669388600466,0.23767154448860547,0.23764228380120325,0.23751226672634132,0.23756727020275584,0.23767187893882932,0.23759520813583365,0.2376968749653896,0.23761045532057726,0.2376400144056581,0.23769286817028495,0.23770001415071013
0.2383840015012891,0.23817783769057832,0.238284629723402,0.23833590443035982,0.2383432192862897,0.23841307003149417,0.2382634196705332,0.23837112979168035,0.23840624836316615,0.23841629938222128,0.23823360763556461,0.22787687931991052,0.23419485703790188,0.2251697098680192,0.23469821044418324,0.22320966840927847,0.2330868482367218,0.22799597177179975,0.2364562391502311,0.2383199593081173,0.23833087313318693,0.23456748263319943,0.22520092873553652,0.2286802703979691,0.2243078151796694,0.22474024188754144,0.22132968124197888,0.2261518997972477,0.25,0.23773040610920462,0.23828457385535964,0.23360166194736087,0.22589220353519152,0.2273080109738701,0.22510912302749939,0.2277049606610954,0.2241044932654763,0.2296015748877435,0.22908258374876078,0.23793498050635817,0.23825777899898054,0.22541469832916253,0.2322961596391471,0.221997656732111,0.23466006742705334,0.22160803010558747,0.23322881888683178,0.22888743448001078,0.23676739912064185,0.23838616436211005,0.23835653481234706,0.23822612767959206,0.2382821860561776,0.23838621832776952,0.23830916970510116,0.23841128881396573,0.23832442639135737,0.23835425777744348,0.23840729157844417,0.23841443739911397
0.24925278648851792,0.24903722292733474,0.24914775402733846,0.24920249649894044,0.24921099726197973,0.2492831814057976,0.24912748637659346,0.2492393284212881,0.24927585090467355,0.2492865537303338,0.24909558909935586,0.23850466534069698,0.2449384004786362,0.2356802374453608,0.24547920450969496,0.2336184391084426,0.24374569027219695,0.23840539636041538,0.24724565712282967,0.2491862105728212,0.2491981205983106,0.24512990997988737,0.23419694512511763,0.23810779957178535,0.23204200398828728,0.2351171706133232,0.23157265541157537,0.23702743893826778,0.23773040610920462,0.24999999999999978,0.24915063894170358,0.2439012402446614,0.23462358345886894,0.23619724781336066,0.23305763355870798,0.23747292050483804,0.23423359337842378,0.24025180261955173,0.23996791419424468,0.24878873269738022,0.2491197425072213,0.2358621005923102,0.24295999877891947,0.23198525414621482,0.24536264197682203,0.23191407341021159,0.243821633385202,0.2394404829417451,0.24754877816538662,0.2492556483012152,0.24922406631768637,0.24908771092180548,0.2491477249036411,0.24925510505888435,0.2491747949323185,0.24928131793946515,0.24919072963190977,0.24922168660620153,0.2492771481459979,0.24928461006851746
0.24980935264770696,0.2495933077463349,0.24970407145649218,0.24975895036367252,0.24976749399882997,0.24983981551701745,0.24968380696921644,0.24979586482225352,0.24983247158219857,0.24984319523876594,0.24965180384525693,0.2390404515173599,0.24548800830045467,0.23621112429951702,0.24602912496891807,0.23414157271449337,0.2442907713811509,0.23893792140200673,0.2477980784119832,0.24974260395968056,0.24975460873915223,0.24568187222601795,0.23473784095007041,0.2386529036092279,0.23258155608190204,0.235655699871934,0.23210872355731624,0.23757234705135338,0.23828457385535964,0.24915063894170358,0.24999999999999972,0.24445203275590904,0.23516028551640544,0.23673010257448363,0.23359360932794074,0.23800178499094585,0.23476682542943722,0.24079104372919924,0.24051215083781888,0.2493442413951209,0.2496760093134397,0.23638865177697208,0.24350404686341007,0.2325021702560027,0.24590948788654063,0.23243046936521042,0.24436515933984868,0.23997417643119714,0.24810137429395918,0.24981221658473507,0.24978056825420095,0.249643908329663,0.24970403619356682,0.2498116763614021,0.24973119635442748,0.2498379478056752,0.2497471855426963,0.2497781833037407,0.24983376854604758,0.24984124728780557
0.24454836430437243,0.24433686931154375,0.2444459033345774,0.2444990234931207,0.24450687481872801,0.2445781847431469,0.2444249369399279,0.24453515655783523,0.2445711377805864,0.24458149582301159,0.2443941473998184,0.2339550904082829,0.24028972009094235,0.23117421518741435,0.24081597659572587,0.22912171012157515,0.2391369080073723,0.2338469149637556,0.24257542046248268,0.2444833213202993,0.24449445932503128,0.24045482950008104,0.22960122233851646,0.23357806441161813,0.22820188951391898,0.2309248111474042,0.2279843288068491,0.23282488372393798,0.23360166194736087,0.2439012402446614,0.24445203275590904,0.24999999999999975,0.22989918275601276,0.23171452005876586,0.22959091651364016,0.23376101562876458,0.23077397741415157,0.23634856059165318,0.23580433523868957,0.2440893423527151,0.24441920795989733,0.2311582602748797,0.23840831859109818,0.2275390883977628,0.24074518139485887,0.2273713647276753,0.239259577455009,0.23482652573633467,0.2428968275045787,0.24455077213831877,0.24452018743939125,0.24438640853301097,0.2444441862495761,0.24455063881211117,0.24447145536995418,0.24457635725752988,0.24448729545855424,0.24451785145692648,0.24457227119951355,0.2445795872429191
0.2352556990093504,0.2350522406770224,0.23515834544941824,0.23520823311411243,0.23521465257713126,0.23528438478427935,0.23513591934409192,0.23524298132406787,0.23527773244595523,0.2352875753114243,0.23510731144741787,0.22492689551398803,0.2310873969606461,0.22226997402750076,0.231588097285791,0.2204400752873384,0.23002720714110378,0.22507667025442119,0.23335939842931416,0.235194208795039,0.23520171914149243,0.23127586142698572,0.22021369988832912,0.2248273065870007,0.22107335628923838,0.223514438238681,0.2213278017526207,0.2248295111274994,0.22589220353519152,0.23462358345886894,0.23516028551640544,0.22989918275601276,0.24999999999999972,0.222176855505477,0.22136998755295592,0.22543537705493555,0.2239013894071506,0.22847918198672068,0.22775312039907297,0.23480718817301535,0.2351322031624877,0.2221702001492747,0.22917203591410132,0.21832115192276025,0.23149937253539182,0.21839307064520241,0.23018158820173493,0.22571367675452006,0.23367271398329167,0.23525727455931195,0.23522859156395404,0.235099896642567,0.23515330934119402,0.23525788590887195,0.2351816907758848,0.2352826282008362,0.23519688316921986,0.2352263452481291,0.23527868028411503,0.23528573549826237
