x1,x2,x3,x4,x5,x6,x7,x8,x9,x10,x11,x12,x13,x14,x15,x16,x17,x18,x19,x20,x21,x22,x23,x24,x25,x26,x27,x28,x29,x30,x31,x32,x33,x34,x35,x36,x37,x38,x39,x40,x41,x42,x43,x44,x45,x46,x47,x48,x49,x50,x51,x52,x53,x54,x55,x56,x57,x58,x59,x60
0.25000000000000006,-0.1917191020605741,0.19049255653647088,-0.18504665914067653,0.18491405812677839,-0.1848247536009876,0.1847065141516803,-0.18476265151805907,0.1845763079013195,-0.18479878076890385,-0.2487843553949418,0.2306652450233963,-0.11764526655600283,0.10985923461570841,-0.025397328321675114,0.02341069468795406,0.000600881099764819,-0.0011833570817211224,0.008047078024242413,-0.007871467395808018,0.1646679730039568,-0.1648788262245079,0.16298626452935,-0.039518489992516295,0.04245169081450544,0.022929220872863875,-0.01504649965503426,0.019997919830891518,-0.01070818418764816,0.013085842698207508,-0.15759835143622333,0.15802830505790255,-0.10434192756027447,0.10057143612551123,0.022720460356012044,-0.02364859682171554,0.10438821995581828,-0.09955196304166945,0.13357701866796654,-0.12345081223996801,-0.06028681057423577,0.07136410816853277,-0.07215278674669176,0.1051838385505238,-0.10256859831732515,0.14117836041009169,-0.132895078036341,0.1438803668479548,-0.12766621817057458,0.12723671569703404,0.06074481627334363,-0.15830832572160655,0.1587293659079831,-0.18440430669643623,0.18449516925490697,-0.18474153416604552,0.18470597777372352,-0.18474094261745844,0.18469124224714387,-0.184729271337499
-0.1917191020605741,0.2500000000000001,-0.2486764508617506,0.24331119756193517,-0.24304101399644734,0.2430470345924334,-0.24290207452200452,0.24303583232722564,-0.2427991825895395,0.2430010218838314,0.19179271815248491,-0.20612451589979644,0.09213091128765018,-0.09384324707648785,0.007525209182893511,-0.006645692431178501,-0.021424825942703368,0.021966983673274272,-0.034473613127176825,0.03448828572610839,-0.15210419255001884,0.13042556943317477,-0.13714150102023343,0.009593466069188955,-0.014267960551375858,-0.05504825943939229,0.04454438796566539,-0.05156843898225766,0.038637248706756895,-0.04111972036446996,0.14557282271404132,-0.15209831301579899,0.07455842439628908,-0.07069271790550542,-0.0606157309193701,0.06138816212105463,-0.15064092985907723,0.14462034321123968,-0.18526267085175174,0.1711671006345423,0.10128439790834826,-0.11751946837918502,0.11834324955606784,-0.1560542126230895,0.15283058795850601,-0.19426117046240465,0.18450991727686003,-0.19688993592825899,0.17586485505001664,-0.17538226367911258,-0.10167959869179526,0.21374722959162165,-0.21425785203935113,0.2426399200203323,-0.2427459467327758,0.24300522163632177,-0.24296740178458998,0.2430045265545059,-0.2429496737621774,0.2429904884647937
0.19049255653647088,-0.2486764508617506,0.2500000000000001,-0.24430719783536006,0.24403646082784,-0.24403466433798834,0.24389070512865524,-0.24402393050594326,0.24378626423672717,-0.2439872747601347,-0.19062182234572142,0.20674646625199544,-0.09295178369639415,0.09466336176335825,-0.008189062692246965,0.007318019995493761,0.02089018953265448,-0.021436298718254223,0.03408469638204538,-0.034104725519809656,0.15266803790161032,-0.13080046558395153,0.13758190720799357,-0.009981347754162526,0.01468282025550443,0.054834187364802965,-0.04428399225613214,0.051329035187629664,-0.03829636593967872,0.04078881153741417,-0.14611918362630671,0.15270794980616,-0.07483957922712832,0.07096477758187235,0.06062506479098689,-0.06140326243650667,0.15104047869491813,-0.14499215205025323,0.18588683480325305,-0.17174586677179582,-0.10170848438039319,0.1180096651402775,-0.11883606980102032,0.15667362843961652,-0.1534253119735924,0.1949651438856059,-0.18515645533073585,0.19758732600225404,-0.1764736903077964,0.1759883979241465,0.102105915483762,-0.21462370240464346,0.21513671335059972,-0.2436261772748329,0.24373297992079934,-0.24399314827474838,0.24395510241111945,-0.24399247252749762,0.24393725674711558,-0.2439783590872487
-0.18504665914067653,0.24331119756193517,-0.24430719783536006,0.25000000000000017,-0.24968491175503993,0.24971052035126617,-0.24956151042493271,0.2497042282796036,-0.24946063659275605,0.2496654880692828,0.1852109941622676,-0.2019465359153516,0.08728184305924928,-0.09155128748990474,0.005072459185629263,-0.004353409357061338,-0.024084500102418943,0.024613808471347923,-0.037671832230733046,0.0376958039157049,-0.15051991838568593,0.125972155378464,-0.13434661159749994,0.006069752797566275,-0.01093397389485871,-0.05878080278694462,0.047981939671786884,-0.055242636017614886,0.04195942416608187,-0.044454853568444724,0.14412815771950238,-0.15179609613751213,0.07129503476754073,-0.06741254972352906,-0.06499313032972179,0.06575353795118409,-0.1560364846154424,0.14989671469468133,-0.191320545478477,0.1767688765379855,0.10600193163796023,-0.12281850771374497,0.12364721726949153,-0.16193082708891304,0.15864912113749677,-0.2004311841314311,0.19053286915492718,-0.2030703114154355,0.1815096636281612,-0.18102216516967562,-0.1063889930852007,0.22009084304388013,-0.22061121932355449,0.2493043605878555,-0.24941178549837786,0.24967253046105453,-0.24963453453015894,0.24967180223122815,-0.24961653888533125,0.2496575140791497
0.18491405812677839,-0.24304101399644734,0.24403646082784,-0.24968491175503993,0.24999999999999992,-0.24945474994355943,0.24931021258312255,-0.24942652993578882,0.24918350979021905,-0.24938781887353725,-0.18507994615331302,0.20181579035734057,-0.08739119583256846,0.09166671014121941,-0.005356069860739207,0.004636190276395634,0.02380184528315059,-0.024331433189519646,0.03738929789259697,-0.037413701512981554,0.15047531705091982,-0.1259564959596038,0.13433129587082185,-0.006266629604067542,0.011126804028264844,0.05849865866238293,-0.04771074750197295,0.05496033144308978,-0.04167898434218316,0.04417335768092113,-0.14408867763353728,0.15175793856869904,-0.07134544755598497,0.06746685486890604,0.06477907745506306,-0.0655404113397814,0.15575685836249867,-0.14962222255590893,0.1910419637459145,-0.17651222711785308,-0.10583805173976066,0.12263226063187453,-0.12346033595865362,0.16170634516325613,-0.15842386983109497,0.20016132819105592,-0.19026530275724293,0.20279190578619022,-0.1812534252913275,0.1807660248663311,0.10622535859857325,-0.21983606583955675,0.22035606874486394,-0.24902687003954585,0.24913432573679806,-0.24939487079383316,0.24935687438403792,-0.2493941507614148,0.2493388770399662,-0.2493798692688521
-0.1848247536009876,0.2430470345924334,-0.24403466433798834,0.24971052035126617,-0.24945474994355943,0.2500000000000001,-0.24981254569805586,0.24993489734240848,-0.24969081864039572,0.24989612215165682,0.18499238477791916,-0.20170398738665474,0.08703335473600594,-0.09130701914415643,0.004826842900600203,-0.0041078106739149516,-0.024330083005752068,0.024858977800125425,-0.037915846223905245,0.037939597739305775,-0.15029415858196427,0.1257312592185022,-0.1341091124056038,0.005827576780681104,-0.010699886746174015,-0.059023049471819335,0.048213646449612145,-0.05548517886129101,0.04220221601606329,-0.04469824463386586,0.14390291590716905,-0.1515739743213654,0.07105660524831141,-0.06717527719035557,-0.06523172048943301,0.06598998703485282,-0.1562731105422383,0.15012869778405497,-0.1915551833524781,0.17698458035195844,0.10621018216557383,-0.12305090746081446,0.12387916105246129,-0.16216436722573555,0.15888179690985185,-0.2006647003805058,0.19076433508019325,-0.2033041507221833,0.18172467383373456,-0.18123718173075942,-0.10659660046458742,0.22032154358388123,-0.22084216527116884,0.24953504168219975,-0.24964246140952578,0.24990316136187765,-0.24986517936650715,0.24990243114660587,-0.24984717854324767,0.24988813772868668
0.1847065141516803,-0.24290207452200452,0.24389070512865524,-0.24956151042493271,0.24931021258312255,-0.24981254569805586,0.2499999999999999,-0.24978961333122549,0.24954587991089894,-0.24975081335861662,-0.1848758151638386,0.2016134674638342,-0.08709709688500963,0.09137174554445833,-0.004973321715506088,0.004254699602814861,0.024170330994637043,-0.024699304711824577,0.03775780052089918,-0.037781869934444406,0.15026384996867276,-0.12571095674680685,0.13408868850370192,-0.005938147899959806,0.010808548721404325,0.058867120797506285,-0.048063295608156954,0.055328616422122084,-0.04204585711684698,0.044541346097362634,-0.1438754686750921,0.1515470624565923,-0.07107584062071938,0.06719691197454541,0.06511475674152933,-0.06587355660164877,0.15612247362272647,-0.14998065411107153,0.19140665119207845,-0.17684774958098237,-0.10612728516961599,0.12295650557639679,-0.12378437651854203,0.16204839162716614,-0.15876508827025307,0.20052163134821796,-0.19062206647550523,0.20315627097984884,-0.18158829050020436,0.18110083576011074,0.10651382691975006,-0.22018909586954027,0.22070952683362852,-0.24938986702369442,0.2494973115140711,-0.24975789478661636,0.2497199110291113,-0.2497571695302892,0.2497019084089947,-0.24974287919463845
-0.18476265151805907,0.24303583232722564,-0.24402393050594326,0.2497042282796036,-0.24942652993578882,0.24993489734240848,-0.24978961333122549,0.25000000000000006,-0.2497283202375859,0.2499336547181315,0.18492950300828495,-0.20166619242854741,0.08699682538846258,-0.09127007640222155,0.004789700827415838,-0.004071051917372375,-0.024367042657354426,0.024895893735317136,-0.037954366498419684,0.0379781727493389,-0.15025946806464885,0.12569083924367358,-0.13406987199532705,0.005788170231198167,-0.010661779661557524,-0.059062393326917394,0.04825129013215808,-0.05552455715184853,0.04224095441277723,-0.044736992393465666,0.14386848174246944,-0.15154043219445945,0.07101745319905166,-0.06713632079345469,-0.06527053217328614,0.06602845767321307,-0.15631167421518677,0.15016652590230706,-0.19159350285017945,0.17701983119050194,0.10624402658420087,-0.12308868119675091,0.12391686753492173,-0.16220258827678516,0.15891987935562543,-0.200702804541176,0.190802119260757,-0.20334232015727985,0.1817598019875747,-0.1812723120063763,-0.10663033677933774,0.2203590990403493,-0.22087976038363952,0.24957261870543118,-0.24968003762251872,0.249940729580507,-0.24990274990573916,0.24993999902240946,-0.2498847483381434,0.24992570476327228
0.1845763079013195,-0.2427991825895395,0.24378626423672717,-0.24946063659275605,0.24918350979021905,-0.24969081864039572,0.24954587991089894,-0.2497283202375859,0.25000000000000017,-0.24968951390167013,-0.18474305219201673,0.20147841058354435,-0.08687354685324425,0.09115829668490949,-0.004971642059127826,0.004256891487368981,0.02411044280696341,-0.02463853692263649,0.03769024525893616,-0.03771426613658266,0.1501335975607519,-0.12560443949143327,0.13397829744133793,-0.005867989421191586,0.01074046698436624,0.0588010292758451,-0.047996962604439496,0.05526032089530242,-0.041978298461129854,0.044473738229255086,-0.14374501488606553,0.15141670858042325,-0.07097665659067251,0.06709920121225217,0.06515795090374193,-0.06591472588694311,0.15605778307842785,-0.14991629298672185,0.19134321663274637,-0.17678814722249875,-0.10611352051526306,0.12294130173770448,-0.12376884599489618,0.1620157559322015,-0.15873178733008833,0.20047268900069254,-0.19057279687661755,0.20309326813036652,-0.18152896269596008,0.18104150474820246,0.10649997322126646,-0.22013926191699676,0.22065961247989038,-0.2493286747297625,0.2494361438274908,-0.24969661332438556,0.24965864418285202,-0.24969589190486616,0.24964062402080456,-0.24968160268688055
-0.18479878076890385,0.2430010218838314,-0.2439872747601347,0.2496654880692828,-0.24938781887353725,0.24989612215165682,-0.24975081335861662,0.2499336547181315,-0.24968951390167013,0.25000000000000006,0.18496509372431494,-0.20164076644550244,0.0869739870762208,-0.09124552623585787,0.004774190630555897,-0.004055453502333238,-0.024377183492578586,0.024905843179720895,-0.0379586937257351,0.03798225375359425,-0.15024239109725862,0.12568009957969248,-0.13405461927042348,0.005782290503612703,-0.010654979071748342,-0.05906060417901619,0.048251231980598726,-0.055523515361053676,0.042243565208503295,-0.04473934228202638,0.14385183471037025,-0.15152004537982428,0.07100929837537238,-0.06712859464185233,-0.06526381952854834,0.06602157049641588,-0.15629068366665977,0.15014648502955133,-0.1915653998739332,0.17699374433785425,0.10622592422315605,-0.12306791331028125,0.12389599909522957,-0.16217665390315453,0.15889464016370514,-0.2006726648434322,0.19077374834352948,-0.20331206180133213,0.1817328411046306,-0.18124543191486525,-0.1066121743467286,0.22032441464681782,-0.2208449928804228,0.2495338628002489,-0.24964125999571907,0.249901917947299,-0.24986394495202705,0.2499011871112808,-0.24984594661866907,0.24988689530406666
-0.2487843553949418,0.19179271815248491,-0.19062182234572142,0.1852109941622676,-0.18507994615331302,0.18499238477791916,-0.1848758151638386,0.18492950300828495,-0.18474305219201673,0.18496509372431494,0.2500000000000002,-0.23169649506204573,0.11843540656066352,-0.1106475867750395,0.026077784803045942,-0.024084199856296694,-3.7475929034955224e-5,0.0006259132499306201,-0.007609832168668576,0.007440789827906177,-0.1653043880891134,0.16549492005429398,-0.16366405319228317,0.03995225730027839,-0.042883745187188446,-0.022596562193504952,0.014707110445826985,-0.019655450741197844,0.01030514092283849,-0.012683961724651699,0.15822895091830233,-0.15870682837900413,0.10488893438407737,-0.10110832157453198,-0.022455720904286006,0.023389387480865144,-0.10431509964026213,0.09947350142578133,-0.13360003463792755,0.12347614015642873,0.06018237458325077,-0.0712564488654162,0.07204757447445082,-0.10515503004087312,0.1025331851892398,-0.1412287422074835,0.13292583630308089,-0.1439323123459386,0.12770386791028493,-0.12727330111686713,-0.060642340025160876,0.15841211415622594,-0.15883390206075657,0.184570228010516,-0.18466136063348765,0.18490835018062593,-0.18487268558747896,0.18490776234181205,-0.18485791706272228,0.1848960672101761
0.2306652450233963,-0.20612451589979644,0.20674646625199544,-0.2019465359153516,0.20181579035734057,-0.20170398738665474,0.2016134674638342,-0.20166619242854741,0.20147841058354435,-0.20164076644550244,-0.23169649506204573,0.25000000000000017,-0.1347146005853412,0.127257423253594,-0.04087359390273068,0.038783686296864094,-0.011655501211082955,0.010933122990990665,-0.000565556963177713,0.0005369454997738027,0.17407701092102634,-0.17351475642863418,0.17386322235708562,-0.04634403706616426,0.049704010140667,0.01837540822487647,-0.009694115938333471,0.014981499051960053,-0.003297416249222746,0.0057746324028602825,-0.16674998470212704,0.1691913163347269,-0.11151488252413691,0.1075166628069153,0.02275200323757543,-0.023786521578758803,0.1109215029653785,-0.10562685001129747,0.1442182595602076,-0.1333836264871487,-0.06689484941070291,0.07903556593512756,-0.07987582159674983,0.11520708373618554,-0.11219311564925166,0.15324037090213907,-0.14397368304261723,0.15578149524579604,-0.13811831244916914,0.1376435866853134,0.06739817525441434,-0.1731277790464128,0.17359021180313025,-0.20127478810861665,0.2013785553775722,-0.20164292687025281,0.2016035147239564,-0.2016426228244681,0.20158679473645788,-0.20162966168482974
-0.11764526655600283,0.09213091128765018,-0.09295178369639415,0.08728184305924928,-0.08739119583256846,0.08703335473600594,-0.08709709688500963,0.08699682538846258,-0.08687354685324425,0.0869739870762208,0.11843540656066352,-0.1347146005853412,0.25000000000000017,-0.2377822797732307,0.15168842696787874,-0.14946123540891493,0.12250627824147174,-0.12174250224726818,0.11141147194502142,-0.1111245215843462,-0.12991675058571894,0.13332985030456931,-0.13427533611221024,0.15695066643720018,-0.1585452529434986,0.09273778833508765,-0.09632264715854941,0.0960496329802669,-0.10644695015102569,0.10455378724132318,0.1264789184276905,-0.1291285463652658,0.11949239964535649,-0.11830651413400808,0.08893334254672243,-0.08692033177846313,0.0019610718637168923,-0.0049329519855942465,-0.0307007637916678,0.029166875043810592,0.012087076905016803,-0.015215532401379066,0.015564687575799267,-0.02997537733587002,0.026336822255903513,-0.039488930531518536,0.0314455214588761,-0.042031774215729706,0.03390907042033164,-0.03351109440319945,-0.012614599186803284,0.07113315275487933,-0.07142107813364416,0.08672832616651209,-0.08684451706506202,0.0869890795479562,-0.08694659526553544,0.08699284778716655,-0.08693497712526087,0.08698282397452406
0.10985923461570841,-0.09384324707648785,0.09466336176335825,-0.09155128748990474,0.09166671014121941,-0.09130701914415643,0.09137174554445833,-0.09127007640222155,0.09115829668490949,-0.09124552623585787,-0.1106475867750395,0.127257423253594,-0.2377822797732307,0.25000000000000017,-0.16334669354421735,0.16104259643826183,-0.1327570957668739,0.13193689628585126,-0.11995409069198604,0.11959857214957685,0.12702210804687594,-0.12915004222065046,0.13756970122598638,-0.1645078027926342,0.1662220732385358,-0.09966179471103329,0.10342880475974157,-0.10319186946527234,0.1145369666182452,-0.11264370854950584,-0.12435706608960126,0.1323427637925971,-0.12337097642660502,0.1221848219550243,-0.09332250520015484,0.09115811512917114,-0.002402303211181597,0.005380289678108534,0.032883369751507956,-0.03138279903869634,-0.01455391626865214,0.017843571591730573,-0.01818948093764176,0.0327257552906261,-0.028925280309571227,0.042028546689302435,-0.033683636315641516,0.044633560414023735,-0.03629952416635689,0.03589284405150427,0.015095683015178682,-0.07507137632119044,0.07536899070545026,-0.09099461063885297,0.09111552505061589,-0.0912624403111426,0.09121851609880066,-0.09126642337955404,0.09120676487823022,-0.09125600600673461
-0.025397328321675114,0.007525209182893511,-0.008189062692246965,0.005072459185629263,-0.005356069860739207,0.004826842900600203,-0.004973321715506088,0.004789700827415838,-0.004971642059127826,0.004774190630555897,0.026077784803045942,-0.04087359390273068,0.15168842696787874,-0.16334669354421735,0.2500000000000001,-0.24713321209977068,0.21891008665791578,-0.2180628619680577,0.20605474522525002,-0.20561932929855642,-0.06271754486164292,0.074887807637052,-0.0808686155896881,0.16193126492959378,-0.1640395532384986,0.18566108435204862,-0.1871062655455437,0.18928121202907067,-0.2000603063830983,0.19848104492242727,0.061056547686386076,-0.06857473285353446,0.08282713099361039,-0.08302188425498702,0.11011636135413291,-0.10886011952223812,0.08869329102836346,-0.09043867826247419,0.05347795518222116,-0.048886119201494486,-0.02664746922071815,0.028576025773496598,-0.02847748877710203,0.02867542797661954,-0.03282521420856255,0.03552393504245412,-0.04339177351715827,0.041751766749916375,-0.043868077316111004,0.04425369747563802,0.02611102490608996,-0.0014615111109042885,0.0012811133455244278,0.004606014739517191,-0.004742284502065535,0.004794729606090368,-0.004759069839707221,0.004801960653641983,-0.004738158450316322,0.004793636469479491
0.02341069468795406,-0.006645692431178501,0.007318019995493761,-0.004353409357061338,0.004636190276395634,-0.0041078106739149516,0.004254699602814861,-0.004071051917372375,0.004256891487368981,-0.004055453502333238,-0.024084199856296694,0.038783686296864094,-0.14946123540891493,0.16104259643826183,-0.24713321209977068,0.2500000000000002,-0.22150087609533362,0.22062009704397637,-0.2077552765832047,0.20727078158831885,0.06119068995601075,-0.07364410513027429,0.07959591963802928,-0.16161561853748438,0.1637565020309378,-0.1867768005135241,0.18821287594132743,-0.19039521153507005,0.20156493716735302,-0.20003046508890762,-0.059534678170937966,0.06706139186218732,-0.08180170965275714,0.08202024846822828,-0.10998934437520008,0.10875022072022257,-0.08960177122295007,0.09134471956963687,-0.05431622166963327,0.0496519118747403,0.026799296478873292,-0.0287510029500582,0.028657464248080883,-0.029087753163093633,0.03325403744794527,-0.03618805969553219,0.04407174702874042,-0.04256596343658028,0.04462301054284582,-0.04500863323579375,-0.02626320575787685,0.0020415948134007334,-0.0018619589486925457,-0.0038883245863665086,0.004025108888190255,-0.004076156268713683,0.004040579701036379,-0.004083448311934814,0.004019499396777478,-0.004075124719817819
0.000600881099764819,-0.021424825942703368,0.02089018953265448,-0.024084500102418943,0.02380184528315059,-0.024330083005752068,0.024170330994637043,-0.024367042657354426,0.02411044280696341,-0.024377183492578586,-3.7475929034955224e-5,-0.011655501211082955,0.12250627824147174,-0.1327570957668739,0.21891008665791578,-0.22150087609533362,0.24999999999999994,-0.24853639960840324,0.2356517158946262,-0.23513375955429258,-0.041918188907674056,0.060442942556006934,-0.0656807282711345,0.16816181177603204,-0.16983921072628316,0.21315644020073046,-0.21405964077293158,0.21830708264656673,-0.22926585730627308,0.22783983977730057,0.040248553710652155,-0.04779273063063784,0.07490536738119055,-0.07558736236224792,0.12053774903619019,-0.11946741676179799,0.11778600527724836,-0.11908934147045565,0.0825955223728899,-0.07577507980418458,-0.04098630577416593,0.04479673497836912,-0.04478727254504815,0.05002502656276644,-0.05428604808804834,0.062277107383819856,-0.06995706899682581,0.07087740261363148,-0.07072081036478542,0.07109455669356224,0.040444075709806855,-0.027401045749597525,0.02726035082709167,-0.024522206537658797,0.0243814622279004,-0.024358541696564186,0.024392195678258462,-0.024350253502095288,0.024415124372211827,-0.024357864366958335
-0.0011833570817211224,0.021966983673274272,-0.021436298718254223,0.024613808471347923,-0.024331433189519646,0.024858977800125425,-0.024699304711824577,0.024895893735317136,-0.02463853692263649,0.024905843179720895,0.0006259132499306201,0.010933122990990665,-0.12174250224726818,0.13193689628585126,-0.2180628619680577,0.22062009704397637,-0.24853639960840324,0.25000000000000006,-0.23692135913634352,0.2364003660105506,0.04153549164260264,-0.0602868436490294,0.06551419679632665,-0.1684530820375646,0.17012356681861246,-0.21412240774966765,0.21503284182876536,-0.21936462258169842,0.23047525442856867,-0.2290616979461308,-0.03986202303122197,0.04742085696731315,-0.07481681736027095,0.07550788208608256,-0.12081672730576977,0.11975153360199674,-0.1185698258383452,0.11987146976711288,-0.08328427293582273,0.07640702538179171,0.041297833260321985,-0.04514502689102154,0.045137000454272866,-0.05047947154640169,0.054753938427058405,-0.0628449763797988,0.07054430883272236,-0.07153398363316785,0.07133823584479368,-0.07171272014890262,-0.04075412533828993,0.027879553737472973,-0.02773911234576131,0.025051023229734216,-0.0249098037824774,0.024887356707752033,-0.024921036322470676,0.02487902675279606,-0.024944088129634057,0.02488664712514189
0.008047078024242413,-0.034473613127176825,0.03408469638204538,-0.037671832230733046,0.03738929789259697,-0.037915846223905245,0.03775780052089918,-0.037954366498419684,0.03769024525893616,-0.0379586937257351,-0.007609832168668576,-0.000565556963177713,0.11141147194502142,-0.11995409069198604,0.20605474522525002,-0.2077552765832047,0.2356517158946262,-0.23692135913634352,0.25000000000000006,-0.2482614141818577,-0.037522207478530994,0.05901143496682798,-0.06385382203841905,0.16946318299133922,-0.1706981589873037,0.22473292477798174,-0.22552112598003904,0.23114133957166116,-0.24212247986864,0.24075716518963827,0.03631813735186725,-0.04377120440407333,0.07458448610975574,-0.07534149702776362,0.12384513969671225,-0.12289033019566509,0.13101065668720055,-0.13210455656589284,0.09595728074312736,-0.08816279271919894,-0.049291110777453455,0.054105680529420615,-0.054109680854662924,0.06094493452813128,-0.06518966938512072,0.07445676824474136,-0.08201855151993578,0.0842847383774152,-0.08310732625508054,0.0834775321132354,0.04873703569306046,-0.03992989363497316,0.039807030701537724,-0.03810072822772872,0.037959023269281765,-0.037944644626100824,0.0379771160803755,-0.037936017702849004,0.038001235235160045,-0.03794326452806875
-0.007871467395808018,0.03448828572610839,-0.034104725519809656,0.0376958039157049,-0.037413701512981554,0.037939597739305775,-0.037781869934444406,0.0379781727493389,-0.03771426613658266,0.03798225375359425,0.007440789827906177,0.0005369454997738027,-0.1111245215843462,0.11959857214957685,-0.20561932929855642,0.20727078158831885,-0.23513375955429258,0.2364003660105506,-0.2482614141818577,0.24999999999999983,0.03817785261444416,-0.05972839665036204,0.06460381239974454,-0.1702455681141183,0.1714673878188975,-0.22574095639846134,0.22654909923897004,-0.23224801531885467,0.24362989679311756,-0.24229647239041974,-0.036978300171174316,0.044466651413850096,-0.0752851185625631,0.07603353152255557,-0.12436784792354011,0.12340878636833923,-0.13155456060862533,0.13265793625868433,-0.09630543724900109,0.08846693588157739,0.0495956312562468,-0.05443101371210904,0.05443238978811042,-0.06121931479563692,0.06548339813699167,-0.07468721086014664,0.0822924178864326,-0.08456763358713561,0.08338343241387457,-0.08375549405068092,-0.04903780729540721,0.04001723585886864,-0.039893308198678465,0.03812590663812773,-0.03798347814666513,0.03796846832483597,-0.038001123144917444,0.03795980895565693,-0.038025353948276795,0.037967099651785415
0.1646679730039568,-0.15210419255001884,0.15266803790161032,-0.15051991838568593,0.15047531705091982,-0.15029415858196427,0.15026384996867276,-0.15025946806464885,0.1501335975607519,-0.15024239109725862,-0.1653043880891134,0.17407701092102634,-0.12991675058571894,0.12702210804687594,-0.06271754486164292,0.06119068995601075,-0.041918188907674056,0.04153549164260264,-0.037522207478530994,0.03817785261444416,0.25,-0.2251847758588581,0.22131637082816397,-0.09429890325743025,0.09583019538522759,-0.029606392099058326,0.03595654368545476,-0.03290640935173479,0.03855972836599665,-0.03552881195113955,-0.23993480373203294,0.23715705316130944,-0.15963805084502566,0.15538795230329908,-0.025953185128852113,0.024542257367964292,0.06062748825673472,-0.0563447793604961,0.09288280465614418,-0.08563126742196871,-0.018810713484270988,0.02571465776346279,-0.026725966959192635,0.06405226980279666,-0.06128916726735922,0.10199730856299793,-0.09330796962155948,0.10443235775226405,-0.09043795375519507,0.08994831694250462,0.019431174961029272,-0.12129625364422573,0.12170424489027722,-0.14986786064803725,0.14997219108411614,-0.15024440805581846,0.15020257613453547,-0.15024428554702557,0.15018615979179928,-0.1502326171433618
-0.1648788262245079,0.13042556943317477,-0.13080046558395153,0.125972155378464,-0.1259564959596038,0.1257312592185022,-0.12571095674680685,0.12569083924367358,-0.12560443949143327,0.12568009957969248,0.16549492005429398,-0.17351475642863418,0.13332985030456931,-0.12915004222065046,0.074887807637052,-0.07364410513027429,0.060442942556006934,-0.0602868436490294,0.05901143496682798,-0.05972839665036204,-0.2251847758588581,0.25000000000000006,-0.24037265796897647,0.11364472145945895,-0.114611059965761,0.05248813378544242,-0.05789111722500009,0.0557821536241953,-0.06129076412520957,0.05835019012359105,0.215468125781296,-0.21356067213295093,0.1789494213002369,-0.17468316265650186,0.04653401704927879,-0.04499673718296306,-0.03685190410263115,0.03299318521115822,-0.06878278877725527,0.06373964528869884,0.0028098510890250516,-0.007403470911373477,0.008315013323604986,-0.04056613235302193,0.037929367823789285,-0.07813514549049397,0.06975581793064418,-0.08023799806225107,0.06854954344403939,-0.06808096783065197,-0.003503239831018937,0.09829185550248731,-0.09866640781222231,0.12530631089230795,-0.12540723984195376,0.12567946639270447,-0.12563742028665612,0.1256798352496309,-0.1256218410437969,0.12566883958490355
0.16298626452935,-0.13714150102023343,0.13758190720799357,-0.13434661159749994,0.13433129587082185,-0.1341091124056038,0.13408868850370192,-0.13406987199532705,0.13397829744133793,-0.13405461927042348,-0.16366405319228317,0.17386322235708562,-0.13427533611221024,0.13756970122598638,-0.0808686155896881,0.07959591963802928,-0.0656807282711345,0.06551419679632665,-0.06385382203841905,0.06460381239974454,0.22131637082816397,-0.24037265796897647,0.2500000000000001,-0.12171499855741541,0.12275408456951542,-0.0568629378170829,0.0625284114074754,-0.060328843928211175,0.06599520375816706,-0.06297526688624039,-0.2133307194722946,0.221033483555305,-0.1868789006394968,0.1824906592362451,-0.050649618908935296,0.048863973075010704,0.040396814721795044,-0.036587088078524725,0.07568252565659817,-0.0704262007615357,-0.007326759022522138,0.012243385729642953,-0.013165414951677104,0.046311979663954034,-0.043588443863179956,0.08479362648801572,-0.07618169064417292,0.08743276431308138,-0.0753550780727736,0.07488340191897004,0.008034014407145096,-0.10584529030671622,0.106232610921316,-0.1336742041500368,0.1337774720078572,-0.1340572768683152,0.13401378618536205,-0.134057611519738,0.1339988911515628,-0.13404621484993695
-0.039518489992516295,0.009593466069188955,-0.009981347754162526,0.006069752797566275,-0.006266629604067542,0.005827576780681104,-0.005938147899959806,0.005788170231198167,-0.005867989421191586,0.005782290503612703,0.03995225730027839,-0.04634403706616426,0.15695066643720018,-0.1645078027926342,0.16193126492959378,-0.16161561853748438,0.16816181177603204,-0.1684530820375646,0.16946318299133922,-0.1702455681141183,-0.09429890325743025,0.11364472145945895,-0.12171499855741541,0.2500000000000001,-0.2434919308666322,0.17886421414339956,-0.1758208379992144,0.17875490781094408,-0.1729295810491206,0.17046868096997575,0.09252006474775641,-0.10089251087319316,0.13622086688382798,-0.13688127952034218,0.1741376676798922,-0.17127681913411028,0.0851010964471527,-0.08634857725338614,0.05084388799707686,-0.04595404896149224,-0.026225997837906787,0.030078068826512143,-0.03010605996335617,0.03158811616917946,-0.03573156380215107,0.04207010048015176,-0.04937629562680141,0.03944744598197333,-0.04109940165099934,0.04145683469720984,0.02564579629814083,-0.0010727828543956879,0.0009110192686577602,0.005601223643696031,-0.005727803402801153,0.0057907798256252585,-0.005745233983194155,0.005797645150349663,-0.005736501941965439,0.0057895133591394496
0.04245169081450544,-0.014267960551375858,0.01468282025550443,-0.01093397389485871,0.011126804028264844,-0.010699886746174015,0.010808548721404325,-0.010661779661557524,0.01074046698436624,-0.010654979071748342,-0.042883745187188446,0.049704010140667,-0.1585452529434986,0.1662220732385358,-0.1640395532384986,0.1637565020309378,-0.16983921072628316,0.17012356681861246,-0.1706981589873037,0.1714673878188975,0.09583019538522759,-0.114611059965761,0.12275408456951542,-0.2434919308666322,0.2500000000000002,-0.18018731065255353,0.1772623954920969,-0.179913577258513,0.1740567283460632,-0.17152149771065767,-0.09384381689958579,0.10239890495584612,-0.1373100616471732,0.13795107530319373,-0.1739659885435497,0.17108644594774328,-0.08299111184687201,0.0843818969128355,-0.04771370861821946,0.042989154120811716,0.02430164599268652,-0.027741835060499938,0.02775607483360179,-0.028586604966754605,0.03284462279887411,-0.03856865068410825,0.046150460775917126,-0.03596629866458067,0.03798830298032644,-0.038357189192267806,-0.023712441578793018,-0.0032265681205860854,0.003401008775927525,-0.010465854217424022,0.010596074439986029,-0.010663808336665975,0.010617162287991035,-0.010670748571999225,0.010607996396475741,-0.0106622568020899
0.022929220872863875,-0.05504825943939229,0.054834187364802965,-0.05878080278694462,0.05849865866238293,-0.059023049471819335,0.058867120797506285,-0.059062393326917394,0.0588010292758451,-0.05906060417901619,-0.022596562193504952,0.01837540822487647,0.09273778833508765,-0.09966179471103329,0.18566108435204862,-0.1867768005135241,0.21315644020073046,-0.21412240774966765,0.22473292477798174,-0.22574095639846134,-0.029606392099058326,0.05248813378544242,-0.0568629378170829,0.17886421414339956,-0.18018731065255353,0.24999999999999997,-0.23827038704908948,0.241723118114473,-0.22955454179485735,0.2271138140080009,0.02978026689460979,-0.037314596185739346,0.07853911537345898,-0.07971196867804961,0.14153655980775645,-0.14041149114676335,0.14857992177577423,-0.14917326255353683,0.11485320370204861,-0.10608874946622429,-0.05735910580518921,0.0641269782403395,-0.06424288484523816,0.07545888642240105,-0.07968206156481845,0.09414994344570998,-0.10120974341216663,0.10362618022994632,-0.10120140884808153,0.10155971239755227,0.05680924055989173,-0.058343260748007435,0.05826323913854584,-0.0591805227597144,0.05904148788346576,-0.0590513440921084,0.05908325696567498,-0.059042153164158735,0.059106686069412516,-0.059048615702144064
-0.01504649965503426,0.04454438796566539,-0.04428399225613214,0.047981939671786884,-0.04771074750197295,0.048213646449612145,-0.048063295608156954,0.04825129013215808,-0.047996962604439496,0.048251231980598726,0.014707110445826985,-0.009694115938333471,-0.09632264715854941,0.10342880475974157,-0.1871062655455437,0.18821287594132743,-0.21405964077293158,0.21503284182876536,-0.22552112598003904,0.22654909923897004,0.03595654368545476,-0.05789111722500009,0.0625284114074754,-0.1758208379992144,0.1772623954920969,-0.23827038704908948,0.2500000000000001,-0.24223057820726568,0.23018711004322082,-0.2276133060365842,-0.03565677833697377,0.043420867456006824,-0.07998798003594637,0.08097276735708175,-0.1365121050460757,0.1354201490717835,-0.14192735068793838,0.14282006593834248,-0.10664187975741334,0.09850702243506043,0.05341743237830674,-0.05938347883919467,0.05944833003673851,-0.06866357915058796,0.07301546868561007,-0.0852252766508482,0.09273341948198502,-0.09489160893365148,0.0934062284275538,-0.09378732679391598,-0.052849492059048896,0.04895514721985512,-0.048850853650403,0.04838808242767863,-0.04824419512196026,0.048241475474960535,-0.04827472734325125,0.04823234940829795,-0.048299350575868656,0.04823943741197169
0.019997919830891518,-0.05156843898225766,0.051329035187629664,-0.055242636017614886,0.05496033144308978,-0.05548517886129101,0.055328616422122084,-0.05552455715184853,0.05526032089530242,-0.055523515361053676,-0.019655450741197844,0.014981499051960053,0.0960496329802669,-0.10319186946527234,0.18928121202907067,-0.19039521153507005,0.21830708264656673,-0.21936462258169842,0.23114133957166116,-0.23224801531885467,-0.03290640935173479,0.0557821536241953,-0.060328843928211175,0.17875490781094408,-0.179913577258513,0.241723118114473,-0.24223057820726568,0.2500000000000002,-0.2365460725248458,0.23401096617237976,0.032948441628877854,-0.04064021646899758,0.07986692262657599,-0.08097472692482871,0.14051691327630442,-0.13941865389995067,0.14843288398364934,-0.14917939415640358,0.11343574222535788,-0.10476447276203874,-0.0571259226553454,0.06363857422998638,-0.06372526458816959,0.074076621621837,-0.07841732625706123,0.09184919188672287,-0.09923443396161201,0.10178197904007603,-0.09969645185563993,0.10007113927373253,0.056557528408440305,-0.05549165355173816,0.05539894760157952,-0.055653662336661434,0.055510051448149904,-0.0555137619990776,0.05554658448242862,-0.05550446061371214,0.05557117670117571,-0.055511303816065984
-0.01070818418764816,0.038637248706756895,-0.03829636593967872,0.04195942416608187,-0.04167898434218316,0.04220221601606329,-0.04204585711684698,0.04224095441277723,-0.041978298461129854,0.042243565208503295,0.01030514092283849,-0.003297416249222746,-0.10644695015102569,0.1145369666182452,-0.2000603063830983,0.20156493716735302,-0.22926585730627308,0.23047525442856867,-0.24212247986864,0.24362989679311756,0.03855972836599665,-0.06129076412520957,0.06599520375816706,-0.1729295810491206,0.1740567283460632,-0.22955454179485735,0.23018711004322082,-0.2365460725248458,0.24999999999999997,-0.24621565177863242,-0.03755886402312979,0.04507066790507219,-0.07850438069064788,0.07925633232129943,-0.128232400004072,0.12724621356002458,-0.13591605395636136,0.13694037859348387,-0.10063063276069605,0.09247159526470455,0.052852956911711185,-0.058087729036690516,0.058092101256942016,-0.06528460297453285,0.06954037865365297,-0.07892721834128807,0.08649739136200672,-0.08888035431719303,0.0873758486628568,-0.08774806546637479,-0.052284856259789105,0.04412349110944977,-0.044004492275570954,0.04238821215242391,-0.04224568253321934,0.04223095168767375,-0.04226374729566853,0.04222221508159331,-0.04228801477888917,0.0422294104952171
0.013085842698207508,-0.04111972036446996,0.04078881153741417,-0.044454853568444724,0.04417335768092113,-0.04469824463386586,0.044541346097362634,-0.044736992393465666,0.044473738229255086,-0.04473934228202638,-0.012683961724651699,0.0057746324028602825,0.10455378724132318,-0.11264370854950584,0.19848104492242727,-0.20003046508890762,0.22783983977730057,-0.2290616979461308,0.24075716518963827,-0.24229647239041974,-0.03552881195113955,0.05835019012359105,-0.06297526688624039,0.17046868096997575,-0.17152149771065767,0.2271138140080009,-0.2276133060365842,0.23401096617237976,-0.24621565177863242,0.25000000000000006,0.03473562345787178,-0.041995326174388725,0.07618929927311391,-0.07695826040564072,0.1269714341766977,-0.12596230067079311,0.1352068557205227,-0.1360060056059021,0.10036813559732513,-0.09206367061531182,-0.052412385630277586,0.0577698278999138,-0.057791237422220976,0.06550205437826985,-0.06956901169606029,0.07947333716831591,-0.0866348150173424,0.08917296899922827,-0.08720265680051463,0.08755147575694795,0.05187026299335114,-0.04601575788791858,0.04590946774352206,-0.044872375405061636,0.04473593635012171,-0.044726600375000376,0.04475771378604154,-0.04471810316325629,0.04478061051109853,-0.044724840166016806
-0.15759835143622333,0.14557282271404132,-0.14611918362630671,0.14412815771950238,-0.14408867763353728,0.14390291590716905,-0.1438754686750921,0.14386848174246944,-0.14374501488606553,0.14385183471037025,0.15822895091830233,-0.16674998470212704,0.1264789184276905,-0.12435706608960126,0.061056547686386076,-0.059534678170937966,0.040248553710652155,-0.03986202303122197,0.03631813735186725,-0.036978300171174316,-0.23993480373203294,0.215468125781296,-0.2133307194722946,0.09252006474775641,-0.09384381689958579,0.02978026689460979,-0.03565677833697377,0.032948441628877854,-0.03755886402312979,0.03473562345787178,0.25,-0.23834093188815458,0.1593559019548567,-0.15500540437015767,0.026809504330004775,-0.025263772984280366,-0.05870929999070557,0.055043958033345185,-0.09058610825297667,0.08372881817199412,0.01682489931410132,-0.02322427635047091,0.02422016748684415,-0.06087698091362332,0.05838258758504793,-0.09836757949621029,0.09047932572097127,-0.10128220173970152,0.08821409487841925,-0.0877620812434107,-0.017416917108021176,0.1157476003708421,-0.1161344896847975,0.1434932255450371,-0.14358932932512203,0.14385431597496423,-0.1438149682654745,0.14385389235198184,-0.1438005762961811,0.14384293297707856
0.15802830505790255,-0.15209831301579899,0.15270794980616,-0.15179609613751213,0.15175793856869904,-0.1515739743213654,0.1515470624565923,-0.15154043219445945,0.15141670858042325,-0.15152004537982428,-0.15870682837900413,0.1691913163347269,-0.1291285463652658,0.1323427637925971,-0.06857473285353446,0.06706139186218732,-0.04779273063063784,0.04742085696731315,-0.04377120440407333,0.044466651413850096,0.23715705316130944,-0.21356067213295093,0.221033483555305,-0.10089251087319316,0.10239890495584612,-0.037314596185739346,0.043420867456006824,-0.04064021646899758,0.04507066790507219,-0.041995326174388725,-0.23834093188815458,0.2500000000000001,-0.1694360045116289,0.16496389976602163,-0.033065883238209436,0.03122719754538319,0.058180176893762495,-0.05473180059841779,0.09403793290255771,-0.08719359133014425,-0.017983013517392028,0.024677247357868005,-0.025709789997235704,0.06376235950404696,-0.06095825491072149,0.10226454057108102,-0.09404853107858982,0.10552933042613968,-0.09207483019792122,0.09160590952675589,0.018622156052175792,-0.12204174333435605,0.12245359924481418,-0.15114169085497728,0.15124788006459286,-0.1515251348210439,0.15148286341798575,-0.15152502515157187,0.15146796304372262,-0.1515132333519598
