x1,x2,x3,x4,x5,x6,x7,x8,x9,x10,x11,x12,x13,x14,x15,x16,x17,x18,x19,x20,x21,x22,x23,x24,x25,x26,x27,x28,x29,x30,x31,x32,x33,x34,x35,x36,x37,x38,x39,x40,x41,x42,x43,x44,x45,x46,x47,x48,x49,x50,x51,x52,x53,x54,x55,x56,x57,x58,x59,x60
0.25,0.2495072577309139,0.2496389592547421,0.24981266555442388,0.24979962358421787,0.2498424850884581,0.24973030461029072,0.24983158175871376,0.24952307758937128,0.24984810146119343,0.24980053629177112,0.23631497356690837,0.24141449322770592,0.22367869927491846,0.2419705134681734,0.2328808468978079,0.23723785719028695,0.23580779572513588,0.23962349273967898,0.24892714752998998,0.2494345744234293,0.23509200143483888,0.19790616861546678,0.21696536857498372,0.20212718701564275,0.22669243980602893,0.191806185523346,0.22464851322757243,0.21900923062619274,0.2495617553470797,0.24904069934554357,0.23225239584177482,0.20600029253892277,0.21628224033918117,0.2093902496215608,0.22621368967093652,0.2069265661810407,0.2280026279125781,0.22202458769087696,0.24968571253924324,0.24978609416702402,0.23400182353261836,0.23607935083181783,0.22357304551566043,0.23749550169905498,0.23660627733939374,0.2383266133739425,0.24068966515793822,0.24386981792321524,0.24954449880669813,0.249616568158792,0.24975849148219476,0.24972412185870968,0.24982049104342516,0.24964245221297476,0.24984229839408814,0.24981274453608626,0.24983604542569268,0.249812393019754,0.24984877684354084
0.2495072577309139,0.25000000000000006,0.2494432513368211,0.24961749349861329,0.24960446355734955,0.24964728998847088,0.24953519992371745,0.24963639521469125,0.24932812624587075,0.24965290197801035,0.24960537550841844,0.2361304547575108,0.24122597175898067,0.2235042062011706,0.24178150332627424,0.23269907476895166,0.23705248241433552,0.23562370417828427,0.23943630933099902,0.24873266677367598,0.2492397003493973,0.2349084793817242,0.19775217321716618,0.21679606333285653,0.20196986060276462,0.2265153353285451,0.19165703114597843,0.2244731284416437,0.21883844301716845,0.24936677906557933,0.24884613187986607,0.23207100670417985,0.20583922409525787,0.21611355925809836,0.20922670762559586,0.22603719065824965,0.2067648511798565,0.22782462736353323,0.2218512115661273,0.24949064109382185,0.24959094343896018,0.23381890433571625,0.23589489520799017,0.22339819355196117,0.23730997030273834,0.23642139675950954,0.23814042627739662,0.24050160492921807,0.24367930153997328,0.24934953756674172,0.24942155071514582,0.24956336201368473,0.24952901884427156,0.24962531313770667,0.24944741449611463,0.24964710345109345,0.2496175727797069,0.24964085536797317,0.24961722144101134,0.24965357683911343
0.2496389592547421,0.2494432513368211,0.2500000000000001,0.24974879343821668,0.2497357606238261,0.24977860632261448,0.2496668498430814,0.24976772317203721,0.2494598427609332,0.24978422109815915,0.24973683623331477,0.2362473795662706,0.24134979734126305,0.22361005411125615,0.24190786043169055,0.23281346934286146,0.23717781550780173,0.23574085918922175,0.23956751712938848,0.24886356472541163,0.2493708223193628,0.23503354274493368,0.19783908354523616,0.2169208165839914,0.20205989587550152,0.22664510729338466,0.19173373929661341,0.22459637600531607,0.21894537339372103,0.24949802789792103,0.2489770217175928,0.23218857034549037,0.205961367151762,0.2162165041317878,0.20935178952362143,0.22614711350087097,0.20688662447114417,0.22793911236597952,0.22197005244774257,0.24962180008899107,0.24972220923638905,0.2339457053037645,0.23601672517029545,0.22352638082734094,0.23743340866160942,0.23654958905037532,0.23826632521763103,0.2406305032684296,0.2438069549969379,0.2494806278312505,0.24955267291012567,0.24969463401721076,0.24966029564932127,0.24975661764363757,0.24957855311581076,0.24977841940575402,0.2497488645649985,0.24977216803596347,0.2497485216774066,0.24978489619867794
0.24981266555442388,0.24961749349861329,0.24974879343821668,0.2500000000000002,0.24990998664154762,0.24995286548475135,0.2498406352002046,0.2499419572828239,0.24963331133305608,0.24995848433828496,0.24991089836358127,0.23641948055826886,0.2415212048476874,0.22377770652551446,0.24207743477973126,0.2329838610051627,0.23734265577389227,0.2359120862459685,0.23972933909852945,0.24903712207707634,0.24954477544285308,0.2351959040373911,0.1979939610759201,0.21706121696752942,0.20221685623752042,0.22679252602005906,0.19189140818649972,0.2247477964362326,0.21910618575169036,0.2496720106992984,0.24915072549890105,0.232355063295389,0.20609112242892352,0.2163779911027108,0.20948266136468174,0.22631379553025913,0.2070178665083366,0.22810345315359593,0.22212270588487654,0.24979602475380996,0.24989644993692972,0.2341051313922474,0.23618366231387894,0.22367165404593287,0.23760044762643012,0.2367107627811952,0.23843190908989176,0.2407959762949371,0.24397756985674504,0.24965474852689817,0.24972684981151924,0.24986883477149024,0.24983444962450832,0.2499308617253534,0.24975274525556437,0.24995267871069365,0.24992311190157612,0.2499464229797391,0.24992276012416847,0.24995916002232713
0.24979962358421787,0.24960446355734955,0.2497357606238261,0.24990998664154762,0.2500000000000002,0.24993981866262827,0.24982781324630804,0.24992891962526204,0.24962045922522147,0.24994543658454538,0.2498979715664715,0.23640775174013287,0.24150748888134246,0.2237638312392839,0.2420643697165765,0.23297076891376992,0.23733087547003565,0.23589993161731931,0.23971776120195465,0.24902401187703083,0.24953173984164934,0.23518082010426156,0.19797674054125863,0.21704622191469172,0.2022049935176384,0.22678184197988643,0.19188160772982452,0.22473836026266547,0.21909429938686223,0.24965894062227773,0.24913762063123235,0.23234264693532874,0.20607585507653464,0.2163650745705418,0.20946966247414261,0.22630136586433997,0.20700605923480705,0.22809107958967673,0.22211192551816836,0.24978299088704492,0.24988340588309882,0.2340924600883464,0.23617160491842262,0.22365826775767164,0.23758853130181062,0.23669701754070485,0.23841990937634805,0.24078315455580876,0.24396500703286786,0.24964171976686095,0.24971381808770007,0.24985579163048804,0.24982140826327434,0.24991781535193677,0.2497397116431121,0.24993963119921733,0.24991006618613024,0.2499333757948279,0.24990971417445665,0.24994611217254323
0.2498424850884581,0.24964728998847088,0.24977860632261448,0.24995286548475135,0.24993981866262827,0.25000000000000006,0.24987045743130407,0.24997179230143846,0.24966310760407154,0.24998832136662893,0.24994072954172575,0.2364477422468218,0.24155004529593752,0.2238044684965812,0.24210633336712184,0.23301170894747777,0.23737098652823788,0.23594028298752587,0.23975793452648567,0.2490668482159077,0.24957456297315822,0.2352239588510509,0.19801765247551512,0.21708705790546445,0.20224107633259614,0.226819551570565,0.1919144444468375,0.22477461269927027,0.2191323827740741,0.2497018129307977,0.24918046562273924,0.23238282069971056,0.20611562887200255,0.21640386847033302,0.2095075825579472,0.22634085468991902,0.20704250757539178,0.2281307073020242,0.22214921524544404,0.24982584280477813,0.24992627966974043,0.23413305334223727,0.23621186741650085,0.2236982888062762,0.23762881918988213,0.2367389917835008,0.23846036961417777,0.24082470623310936,0.24400669664151575,0.24968454967307877,0.2497566595994058,0.24989866109835748,0.24986427172802825,0.24996069545671476,0.2497825581170142,0.24998251504637534,0.249952944753325,0.24997625856868794,0.2499525928885311,0.24998899713167053
0.24973030461029072,0.24953519992371745,0.2496668498430814,0.2498406352002046,0.24982781324630804,0.24987045743130407,0.2500000000000001,0.24985955358995435,0.24956070931430427,0.24987607468420708,0.24982874981368144,0.23634800030416073,0.24144430041158974,0.22369852698168663,0.24199908565358808,0.23290449963321125,0.23728319836543238,0.23583240872319636,0.23965499086544884,0.24895489846732907,0.2494625645892014,0.23511981261555776,0.1979225955069897,0.21699951895957442,0.20215076956088068,0.22672881294302644,0.1918264201408474,0.22468228914768487,0.21903407897607,0.2495896902188963,0.24906847960515002,0.2322760898784153,0.20602360019953975,0.2163031381866228,0.20942149040008667,0.22623715965357627,0.20695513257265138,0.22802663172264787,0.2220530923333265,0.24971364764271717,0.2498140541790454,0.23402747526866768,0.2361041983859372,0.22359866173135104,0.23752222545639295,0.23663291999396227,0.23835446527879395,0.24071753851015276,0.24389724616900657,0.24957241873049765,0.2496444949371086,0.24978645504704403,0.2497520873064795,0.2498484615288786,0.2496703817119595,0.2498702713178127,0.24984071049153025,0.24986401764929475,0.2498403625951778,0.249876750492582
0.24983158175871376,0.24963639521469125,0.24976772317203721,0.2499419572828239,0.24992891962526204,0.24997179230143846,0.24985955358995435,0.25000000000000017,0.24965220980023767,0.2499774116110253,0.2499298216562527,0.2364374770830906,0.24153951520262223,0.2237947633610067,0.24209576965567423,0.23300158730370416,0.2373606272432305,0.2359300333270976,0.23974744270491247,0.24905597739551558,0.24956367106077376,0.235213661332695,0.19800907300244508,0.21707748259276238,0.20223234929030998,0.22680958936049742,0.19190623305016596,0.2247647855672936,0.21912287099850064,0.24969091484676295,0.24916959038785147,0.2323727074720592,0.2061065048363549,0.21639448415416945,0.20949832116919076,0.22633103266756444,0.20703337581818462,0.2281207838558866,0.22213951184049952,0.24981494068699783,0.24991537276542236,0.23412280626813609,0.23620157620599747,0.2236884408643165,0.237618461952318,0.23672862352434737,0.238449962056531,0.24081417820855142,0.24399605279701236,0.2496736536670573,0.24974576049273564,0.24988775525518975,0.2498533672308734,0.24994978690691355,0.24977165785689487,0.24997160554443892,0.24994203660211234,0.24996534933979184,0.2499416846924304,0.24997808734685004
0.24952307758937128,0.24932812624587075,0.2494598427609332,0.24963331133305608,0.24962045922522147,0.24966310760407154,0.24956070931430427,0.24965220980023767,0.2500000000000003,0.24966872138766383,0.24962130641517266,0.23614323115900177,0.2412334964279529,0.22350712412222015,0.24179550761102575,0.23270786405440744,0.23706713499601426,0.23563129270222938,0.23950130941948142,0.2487482583233086,0.24925542071503715,0.23491284740726384,0.19772732093690168,0.2167945457670014,0.20195420097980718,0.2265333228819545,0.19163340508961355,0.22448567225913577,0.2188353259156353,0.24938253521348439,0.24886165258766635,0.23207959131183858,0.20584298657278724,0.21610918585199662,0.2092315735137674,0.22603867014383278,0.20677589947487915,0.22782985895291655,0.22186100797980735,0.24950638942328654,0.24960674211623465,0.23383510709529537,0.23590799422619943,0.22341461243074986,0.23732470475701406,0.236435157418324,0.2381561036759833,0.24051739011322298,0.2436945095763815,0.2493652828820537,0.2494372943658188,0.249579176086652,0.24954484882256223,0.2496411310754703,0.24946316095543342,0.249662922760094,0.24963338012835645,0.2496566742809655,0.24963303885640006,0.24966939655822318
0.24984810146119343,0.24965290197801035,0.24978422109815915,0.24995848433828496,0.24994543658454538,0.24998832136662893,0.24987607468420708,0.2499774116110253,0.24966872138766383,0.25000000000000017,0.2499463482679429,0.23645301679218947,0.2415554653693266,0.22380945177917944,0.24211177368764408,0.23301691379398223,0.23737632203996215,0.23594555302147793,0.2397633417031767,0.249072447972059,0.24958017339178648,0.23522926226168572,0.19802204568411175,0.21709199554860747,0.20224554284094584,0.22682468996431732,0.19191863381723553,0.2247796735505917,0.2191372668018488,0.2497074266809589,0.24918606753234013,0.23238802461277122,0.20612034706926063,0.21640868640460953,0.2095123657978813,0.22634590043833364,0.20704722424975833,0.22813581097240598,0.22215421199781277,0.2498314584215724,0.2499318978252966,0.2341383378141917,0.2362171665309385,0.22370337659183748,0.23763415216974382,0.23674433759608984,0.23846573045612507,0.2408301319090778,0.24401217840471856,0.24969016215166498,0.2497622736665641,0.24990427873359375,0.24986988869990667,0.24996631448603562,0.24978817278261814,0.24998813456612703,0.24995856356681348,0.24998187794779544,0.2499582117356424,0.24999461679713647
0.24980053629177112,0.24960537550841844,0.24973683623331477,0.24991089836358127,0.2498979715664715,0.24994072954172575,0.24982874981368144,0.2499298216562527,0.24962130641517266,0.2499463482679429,0.2500000000000003,0.2364070926873861,0.24150797095625898,0.22376610084336343,0.2420656943059475,0.23297381790486033,0.23733161893742755,0.23590167151110134,0.23971745695879715,0.2490249301645823,0.24953264987945592,0.23518186108954775,0.1979814415701556,0.21704575148901245,0.20220906310170986,0.22678101733555953,0.19188557984211635,0.2247369697599071,0.21909618144239285,0.24965984576157416,0.2491385490858635,0.23234427379012657,0.2060751092481309,0.21636774768521527,0.20946800398007356,0.2263037085541348,0.20700425496160213,0.22809282126525743,0.2221116353260117,0.24978391254466245,0.24988432096281982,0.2340926070410097,0.23617278948205966,0.22365747342661196,0.23758955778920207,0.23669756712834317,0.23842049451447583,0.24078369056990664,0.24396592851569324,0.24964264230843342,0.2497147415185878,0.24985670301412566,0.24982231490410503,0.24991872697555012,0.24974063476482022,0.2499405429045718,0.2499109792639828,0.24993428747738272,0.24991062577070097,0.2499470239015566
0.23631497356690837,0.2361304547575108,0.2362473795662706,0.23641948055826886,0.23640775174013287,0.2364477422468218,0.23634800030416073,0.2364374770830906,0.23614323115900177,0.23645301679218947,0.2364070926873861,0.25000000000000033,0.22806360504321135,0.21107728587298544,0.22907533726701954,0.2206119504298313,0.2246467514844507,0.22327063833907163,0.226748738616489,0.23555337517200853,0.23605908881170748,0.22172170190767249,0.18584140097857102,0.20416298540093494,0.19144108265594184,0.21489960975761557,0.18184715493481973,0.21283807518707065,0.20721765201990766,0.2361716929719564,0.23566508709572037,0.21983655094984692,0.1936121532396946,0.20443607400547018,0.19731405827796797,0.214073890876395,0.19523676429477643,0.21576362407055272,0.21015626561218767,0.23630194432586396,0.2363949342720805,0.22126585298528118,0.22356506054963485,0.21097062190671348,0.22491955986902842,0.22352179002578793,0.2256207664054023,0.2276780565597538,0.23084092788555624,0.23616809002005706,0.23623657492614258,0.23636821201767688,0.23633507499564674,0.23642689062412486,0.23626086841801552,0.23644752928150828,0.23641986848449337,0.23644161155875873,0.23641922722679476,0.23645366040842866
0.24141449322770592,0.24122597175898067,0.24134979734126305,0.2415212048476874,0.24150748888134246,0.24155004529593752,0.24144430041158974,0.24153951520262223,0.2412334964279529,0.2415554653693266,0.24150797095625898,0.22806360504321135,0.2500000000000004,0.2153836508450976,0.2339782050948545,0.2248722407147484,0.22976197262153678,0.22780188728317718,0.23222490216401262,0.2406583668772353,0.24116005012446923,0.22755422916220702,0.1907997720986663,0.21056337664302857,0.1953770876580788,0.22022142202436107,0.1850925433183803,0.21804048662551795,0.21178841404963045,0.2412803046841999,0.2407698994299331,0.2243525311399809,0.19958848175321436,0.20884531718617894,0.20345891655110787,0.21852306750192674,0.20080608721920218,0.2202896033371258,0.2150982699588089,0.24139629390671072,0.24149474800209483,0.22629631817226198,0.22808488099709312,0.2164325155446426,0.22958982313169496,0.22884196123460648,0.23052807494998567,0.2328030366677009,0.23578260043429017,0.24125952663457412,0.24132910903191734,0.24146883281323273,0.241436441478566,0.24152877199126613,0.24135417148749289,0.24154985513146407,0.24152090454114722,0.24154380970066386,0.24152094233487093,0.24155611855371467
0.22367869927491846,0.2235042062011706,0.22361005411125615,0.22377770652551446,0.2237638312392839,0.2238044684965812,0.22369852698168663,0.2237947633610067,0.22350712412222015,0.22380945177917944,0.22376610084336343,0.21107728587298544,0.2153836508450976,0.2500000000000001,0.2159502778492329,0.2085870793210343,0.2126786233641731,0.21207615975124455,0.21466666707186352,0.22293027843252392,0.2234317264785807,0.20957092423391263,0.17456930232370754,0.19096487997058226,0.17966316931064646,0.20306193212101595,0.1752061971690721,0.2018129718198261,0.19703144295063152,0.2235276091271811,0.22304005825964957,0.20835913608547896,0.18073689760521955,0.19430992954190643,0.18531509098730253,0.20360243038335205,0.18343129392190885,0.20475373417499426,0.19882154697679777,0.22367368944896207,0.22375661573160244,0.20875755079201425,0.21184789299762052,0.19818860892455148,0.21316207608472612,0.21095345315300473,0.21357913869301248,0.21526492664968636,0.21857451317870003,0.2235474818980757,0.2236129186949169,0.22372916985185434,0.22369510018726782,0.2237847196737634,0.2236353662333556,0.22380425612749152,0.22377907391563726,0.223798654849146,0.22377746744752827,0.2238100594252306
0.2419705134681734,0.24178150332627424,0.24190786043169055,0.24207743477973126,0.2420643697165765,0.24210633336712184,0.24199908565358808,0.24209576965567423,0.24179550761102575,0.24211177368764408,0.2420656943059475,0.22907533726701954,0.2339782050948545,0.2159502778492329,0.2500000000000001,0.22514285405540982,0.22993378836580305,0.22871062599296246,0.2323629845823527,0.24122262394645938,0.2417134477755314,0.22827776668488697,0.19232445572593657,0.21081251733385475,0.1966885817972219,0.21990458025498116,0.1863826751548993,0.21810719138487936,0.212446225040739,0.24183463474389902,0.24132968118248552,0.2250801555527253,0.19986278377907363,0.20974526591204232,0.20331214555765023,0.21930587545297545,0.20084153737303656,0.22098368110761937,0.2154231063600778,0.2419548019124049,0.24205164522783348,0.2267719551616454,0.22874655852156175,0.21668446443214898,0.2301527107276735,0.22928234804737047,0.2310011788097075,0.23325416738239138,0.2363332097591148,0.24181748635066727,0.24188742025474902,0.24202493815774848,0.24199174860185768,0.24208501813684616,0.24191250047017812,0.24210615026343849,0.24207748164721515,0.24210009091420365,0.2420771708843163,0.2421124281148396
0.2328808468978079,0.23269907476895166,0.23281346934286146,0.2329838610051627,0.23297076891376992,0.23301170894747777,0.23290449963321125,0.23300158730370416,0.23270786405440744,0.23301691379398223,0.23297381790486033,0.2206119504298313,0.2248722407147484,0.2085870793210343,0.22514285405540982,0.2500000000000001,0.22042694083212913,0.21977720948347426,0.22340416778053881,0.232132633774409,0.23262591904380822,0.21862113552477908,0.18534447444538577,0.2008652623940468,0.18719254421253553,0.20999616982765193,0.17677783380427375,0.2092295502502662,0.20344993978738604,0.2327392754694031,0.23224523371567143,0.21643203275046416,0.18980847741449947,0.2013801191727255,0.19336547469064758,0.2107939421700783,0.19127215601870037,0.2121360152913655,0.20612769540370354,0.23286656561333058,0.23295957403918569,0.21765853949675734,0.21992211562833566,0.2073097653450752,0.22157852562274305,0.22024127794308018,0.22227184500695238,0.22430812487241739,0.22747989298530058,0.2327357488563185,0.23280276008977335,0.23293333550414147,0.23290005597834557,0.23299116253580104,0.2328267157084627,0.2330115014514654,0.23298336762669752,0.2330056697272786,0.23298361068180737,0.23301754348447504
0.23723785719028695,0.23705248241433552,0.23717781550780173,0.23734265577389227,0.23733087547003565,0.23737098652823788,0.23728319836543238,0.2373606272432305,0.23706713499601426,0.23737632203996215,0.23733161893742755,0.2246467514844507,0.22976197262153678,0.2126786233641731,0.22993378836580305,0.22042694083212913,0.2500000000000003,0.2233701741810153,0.22763969548489418,0.23650367133690267,0.23698324427278708,0.22365172174540535,0.1883024400595822,0.20656549325914147,0.19266867146858824,0.2155311165167726,0.18382625854984935,0.21369850982455615,0.20871409608537783,0.23710187904242755,0.2366028047335224,0.22096780645558378,0.19593352577909198,0.20579396163278152,0.19899981983534518,0.21515205227413906,0.19666022717233694,0.21702208925315544,0.21116350229151648,0.23722394951956866,0.23731810166520903,0.22232089920350762,0.22469290570922726,0.21232478195475374,0.22580474053832036,0.22471354683457143,0.22641839141047548,0.2286910751240691,0.2317008149696597,0.23709037079015577,0.2371590989639099,0.23729118441838576,0.2372578113039823,0.237350090558343,0.23718357222176442,0.23737080958114537,0.23734358824729648,0.2373648687440068,0.23734239700570528,0.23737696464202393
0.23580779572513588,0.23562370417828427,0.23574085918922175,0.2359120862459685,0.23589993161731931,0.23594028298752587,0.23583240872319636,0.2359300333270976,0.23563129270222938,0.23594555302147793,0.23590167151110134,0.22327063833907163,0.22780188728317718,0.21207615975124455,0.22871062599296246,0.21977720948347426,0.2233701741810153,0.2500000000000001,0.22576651444948984,0.23505167836016963,0.23555083724657536,0.22146308579508395,0.18681064053404062,0.20350762208705464,0.1903476394278405,0.2134466643310225,0.17842594759166755,0.21079013929478302,0.20546284023398512,0.2356707386276332,0.2351727423709369,0.21915059108812693,0.1930629956670282,0.20387087267775178,0.19647025533686824,0.21303928830058058,0.1942963690766827,0.2145512968371162,0.20862830016839115,0.23578781590349043,0.2358864780603053,0.22052026214723033,0.22271781478812436,0.2105544946123809,0.22433197652634712,0.2232981786976082,0.22498973166708364,0.22729210666281185,0.23026897485335093,0.2356572114114356,0.23572452041502168,0.23586093334199343,0.23582806356011674,0.2359194805302743,0.23574874791378353,0.23594007407434586,0.23591147855172362,0.23593416903798117,0.235911832746469,0.23594619202884135
0.23962349273967898,0.23943630933099902,0.23956751712938848,0.23972933909852945,0.23971776120195465,0.23975793452648567,0.23965499086544884,0.23974744270491247,0.23950130941948142,0.2397633417031767,0.23971745695879715,0.226748738616489,0.23222490216401262,0.21466666707186352,0.2323629845823527,0.22340416778053881,0.22763969548489418,0.22576651444948984,0.25000000000000033,0.23886257585538537,0.2393670076752658,0.2258542099948294,0.18984241052176792,0.20911276262660003,0.1939675175786065,0.21787233392089772,0.18442766098225488,0.21579910025829463,0.21034564497278563,0.23948935243628516,0.23898514371446639,0.22295596015370472,0.19828123091774116,0.20749765373861695,0.20137582496718226,0.21700811001784714,0.1988723641287101,0.21890919410220003,0.21321485541641466,0.23960676601933728,0.2397037529833333,0.22464657283849332,0.2267349882478671,0.21475610255880345,0.2279758534817314,0.2271118853482197,0.2287109380200917,0.23104808569793525,0.23401501249354056,0.23947183635698868,0.23954098818178873,0.23967735018260322,0.23964444275975794,0.2397368460763435,0.23956583121610175,0.23975777303640677,0.23972970867767368,0.23975177245610627,0.23972907474554586,0.23976398998856757
0.24892714752998998,0.24873266677367598,0.24886356472541163,0.24903712207707634,0.24902401187703083,0.2490668482159077,0.24895489846732907,0.24905597739551558,0.2487482583233086,0.249072447972059,0.2490249301645823,0.23555337517200853,0.2406583668772353,0.22293027843252392,0.24122262394645938,0.232132633774409,0.23650367133690267,0.23505167836016963,0.23886257585538537,0.25000000000000033,0.24866009282295934,0.23434609588962937,0.1972056238383878,0.21629786152284758,0.20142427492533385,0.22601374450895761,0.19110638449389342,0.22395490177847582,0.21828823206221723,0.2487871753698974,0.24826738003875864,0.23151483454564226,0.20538395184323574,0.21556518923890625,0.20875990585546664,0.2254755798726343,0.20631059426914045,0.22727295534090897,0.2213316217847721,0.24891031201250102,0.2490105667350343,0.2332874347035146,0.23534057440191197,0.22290928053701037,0.2367540837195442,0.23588092424414417,0.2375873723169437,0.23994864667421914,0.2431107637443225,0.24876956442357104,0.24884138783292237,0.24898311649792634,0.24894892707995667,0.2490449233040864,0.2488671998426533,0.24906666291077478,0.2490371723018091,0.249060429354243,0.24903685037720508,0.24907312124740097
0.2494345744234293,0.2492397003493973,0.2493708223193628,0.24954477544285308,0.24953173984164934,0.24957456297315822,0.2494625645892014,0.24956367106077376,0.24925542071503715,0.24958017339178648,0.24953264987945592,0.23605908881170748,0.24116005012446923,0.2234317264785807,0.2417134477755314,0.23262591904380822,0.23698324427278708,0.23555083724657536,0.2393670076752658,0.24866009282295934,0.25000000000000017,0.23482416562807532,0.19769020023845263,0.2167451679406194,0.20191310066183343,0.22645359699716372,0.19160049353395794,0.22441341616179614,0.21877791431444746,0.2492941714355112,0.24877367085160312,0.2320016048503091,0.20578073060101654,0.21605087283681337,0.20917583074766374,0.225971264757857,0.20670744213752418,0.22775783941440678,0.2217878853909712,0.24941793101063114,0.24951822669337365,0.23374858786664438,0.2358228559636826,0.22333342778237184,0.23724012840755385,0.2363544581693453,0.2380714843787303,0.24043272582386158,0.24360819120961888,0.24927687628330697,0.24934886497299477,0.24949065955306118,0.2494563278382459,0.24955259260576365,0.24937472131211103,0.24957437656757342,0.24954484910230168,0.2495681303045893,0.2495445032626336,0.24958084806972639
0.23509200143483888,0.2349084793817242,0.23503354274493368,0.2351959040373911,0.23518082010426156,0.2352239588510509,0.23511981261555776,0.235213661332695,0.23491284740726384,0.23522926226168572,0.23518186108954775,0.22172170190767249,0.22755422916220702,0.20957092423391263,0.22827776668488697,0.21862113552477908,0.22365172174540535,0.22146308579508395,0.2258542099948294,0.23434609588962937,0.23482416562807532,0.25000000000000017,0.1832809610980655,0.20486591126419382,0.19022569807985293,0.21578305689243396,0.18042813181331538,0.21334819202707,0.20616726101530422,0.23496228341922545,0.23445624983201638,0.2183867670261147,0.1933638461977326,0.20316553395914697,0.19887997270126187,0.21258648087194784,0.19613295251620033,0.21440532313834887,0.2097099839461291,0.2350719843638894,0.23516958109046404,0.22035705017462723,0.22207800982075218,0.21092819681940353,0.2235915071802564,0.22288040700977435,0.22454438258680293,0.22678056874611358,0.22959944501017918,0.2349393355925002,0.23500695796560198,0.23514490278080433,0.23511387211622592,0.2352032693056783,0.23503128874417542,0.23522379984844718,0.2351955262511672,0.2352179127377768,0.2351956442554742,0.23522989922886678
0.19790616861546678,0.19775217321716618,0.19783908354523616,0.1979939610759201,0.19797674054125863,0.19801765247551512,0.1979225955069897,0.19800907300244508,0.19772732093690168,0.19802204568411175,0.1979814415701556,0.18584140097857102,0.1907997720986663,0.17456930232370754,0.19232445572593657,0.18534447444538577,0.1883024400595822,0.18681064053404062,0.18984241052176792,0.1972056238383878,0.19769020023845263,0.1832809610980655,0.25000000000000017,0.16519614496467555,0.15827108134873383,0.18067948424436844,0.15968230570261027,0.18129732388326597,0.17596378613951846,0.1977508883894626,0.19728286609397092,0.18399574869284085,0.15443385823138275,0.17116553795151726,0.16319406991732,0.18104740330191046,0.1629633649462637,0.18189064965827,0.17626411011137474,0.1979075690195342,0.19797743440489282,0.18398819283607884,0.18822007148246545,0.17388063387597136,0.18920870709602874,0.1857198329681953,0.1891373757732306,0.19028326358297099,0.19348793772780296,0.1977989584309044,0.19785776671115649,0.19795100914359837,0.1979180865345763,0.19800016475789295,0.19787660870346896,0.19801745122100325,0.19799735903269208,0.19801249532616408,0.19799374914439355,0.1980225858629914
0.21696536857498372,0.21679606333285653,0.2169208165839914,0.21706121696752942,0.21704622191469172,0.21708705790546445,0.21699951895957442,0.21707748259276238,0.2167945457670014,0.21709199554860747,0.21704575148901245,0.20416298540093494,0.21056337664302857,0.19096487997058226,0.21081251733385475,0.2008652623940468,0.20656549325914147,0.20350762208705464,0.20911276262660003,0.21629786152284758,0.2167451679406194,0.20486591126419382,0.16519614496467555,0.25000000000000033,0.16938263640263612,0.1981728004093351,0.16787477722661473,0.19879201744328473,0.19100288327476195,0.21685704085287094,0.21638441640718442,0.20141595873208948,0.17860441964660403,0.18838723715508357,0.18310155143166634,0.1969172384196951,0.18373749280718218,0.1982495963104188,0.19436282117296566,0.21693938842309346,0.21703553018257019,0.2035399708105753,0.20501182648448002,0.19574514929526649,0.20633726997056565,0.20609110849792445,0.20723589971881248,0.20954914935874916,0.211820624973932,0.21681983661580556,0.216881858081918,0.21701415317003486,0.21698680439635015,0.21706800906549975,0.21690385632407236,0.21708695505623507,0.21706126414159602,0.21708152184177074,0.21706097036262914,0.2170925841188612
0.20212718701564275,0.20196986060276462,0.20205989587550152,0.20221685623752042,0.2022049935176384,0.20224107633259614,0.20215076956088068,0.20223234929030998,0.20195420097980718,0.20224554284094584,0.20220906310170986,0.19144108265594184,0.1953770876580788,0.17966316931064646,0.1966885817972219,0.18719254421253553,0.19266867146858824,0.1903476394278405,0.1939675175786065,0.20142427492533385,0.20191310066183343,0.19022569807985293,0.15827108134873383,0.16938263640263612,0.2500000000000001,0.1791179710243379,0.15701277459253904,0.18322260198702014,0.18129651227424148,0.20197244775178608,0.20150784367407795,0.1900164805395836,0.16279913457469328,0.17537819461138332,0.1622359932775063,0.18329549820538432,0.16643823215110007,0.18721220202298536,0.18180051291388194,0.20213351006916133,0.20220094140081235,0.18844301716001793,0.19277415988043936,0.17825146246059767,0.19326871910654578,0.18985977044238744,0.19314136840759022,0.19435132750801412,0.19760447507354614,0.20201964842152415,0.20208036278678856,0.20217299028525929,0.20213966640502504,0.20222319492344049,0.2020995930069959,0.20224085019151508,0.20222154464088257,0.2022357885949422,0.20221664258677102,0.20224609434695678
0.22669243980602893,0.2265153353285451,0.22664510729338466,0.22679252602005906,0.22678184197988643,0.226819551570565,0.22672881294302644,0.22680958936049742,0.2265333228819545,0.22682468996431732,0.22678101733555953,0.21489960975761557,0.22022142202436107,0.20306193212101595,0.21990458025498116,0.20999616982765193,0.2155311165167726,0.2134466643310225,0.21787233392089772,0.22601374450895761,0.22645359699716372,0.21578305689243396,0.18067948424436844,0.1981728004093351,0.1791179710243379,0.25000000000000033,0.16880322520592708,0.2040373104488048,0.19864058206926546,0.22656857693064636,0.22608871205224682,0.21101411740010856,0.1891109880176101,0.19719990908379165,0.1902971304634137,0.20546305111043775,0.18742457611600122,0.20654551145916075,0.2018466936906725,0.22666920422637207,0.2267667927983248,0.2124201056869628,0.21415877126518074,0.2037598518347166,0.2156228261398186,0.21490675514400254,0.21639604081135888,0.21866354756465922,0.2213421227987368,0.22654385738283075,0.22660851304308396,0.2267433482924619,0.2267128915630883,0.22679962577353557,0.22663158013852605,0.226819422237158,0.22679209036795397,0.22681374545568314,0.2267922726102783,0.2268253036780453
0.191806185523346,0.19165703114597843,0.19173373929661341,0.19189140818649972,0.19188160772982452,0.1919144444468375,0.1918264201408474,0.19190623305016596,0.19163340508961355,0.19191863381723553,0.19188557984211635,0.18184715493481973,0.1850925433183803,0.1752061971690721,0.1863826751548993,0.17677783380427375,0.18382625854984935,0.17842594759166755,0.18442766098225488,0.19110638449389342,0.19160049353395794,0.18042813181331538,0.15968230570261027,0.16787477722661473,0.15701277459253904,0.16880322520592708,0.24999999999999992,0.1667191928091666,0.16473103647881512,0.1916460390681337,0.19118943093695398,0.18032272355762458,0.153180714636896,0.16885486123056315,0.1575097365242155,0.172612721859302,0.1490463972342019,0.17349873260857376,0.16670525803375816,0.19180098182880742,0.19187559870175833,0.17728579610605155,0.18220843488785662,0.16720162193642188,0.18365723901939354,0.17976322299205374,0.18281435466623025,0.18444528463088647,0.1874134459346654,0.19170384611390281,0.19175860112840817,0.19184978685488893,0.19181323617646534,0.1918974288412252,0.19177667427284004,0.1919141827795636,0.1918932706263377,0.19190937962281707,0.19189121123345382,0.19191915915041405
0.22464851322757243,0.2244731284416437,0.22459637600531607,0.2247477964362326,0.22473836026266547,0.22477461269927027,0.22468228914768487,0.2247647855672936,0.22448567225913577,0.2247796735505917,0.2247369697599071,0.21283807518707065,0.21804048662551795,0.2018129718198261,0.21810719138487936,0.2092295502502662,0.21369850982455615,0.21079013929478302,0.21579910025829463,0.22395490177847582,0.22441341616179614,0.21334819202707,0.18129732388326597,0.19879201744328473,0.18322260198702014,0.2040373104488048,0.1667191928091666,0.25000000000000006,0.19398484198291605,0.2245051910764225,0.22403209367671387,0.20897068730414603,0.18657817585927627,0.19429933336444505,0.1906091491796058,0.20248834496960252,0.18455816633868607,0.20422675587712824,0.19905468103324614,0.22462816534862906,0.2247227130782844,0.21012478531851145,0.21206432903700365,0.20104430754969158,0.21382733746026655,0.2125476512188415,0.21456454998652374,0.2165735030969847,0.2194152440024427,0.22450286689465784,0.22456700176417765,0.22469906083359517,0.22466840296298438,0.22475483507447866,0.2245898339794502,0.22477445368503934,0.22474682018651645,0.22476882809667273,0.2247475488470935,0.22478028211190448
0.21900923062619274,0.21883844301716845,0.21894537339372103,0.21910618575169036,0.21909429938686223,0.2191323827740741,0.21903407897607,0.21912287099850064,0.2188353259156353,0.2191372668018488,0.21909618144239285,0.20721765201990766,0.21178841404963045,0.19703144295063152,0.212446225040739,0.20344993978738604,0.20871409608537783,0.20546284023398512,0.21034564497278563,0.21828823206221723,0.21877791431444746,0.20616726101530422,0.17596378613951846,0.19100288327476195,0.18129651227424148,0.19864058206926546,0.16473103647881512,0.19398484198291605,0.25000000000000006,0.21885573517986553,0.218373306250724,0.2046273359615307,0.17960290036979476,0.19041670467954233,0.18325480137919786,0.19786696782919658,0.17827562030167254,0.19931669242261973,0.19145969175816216,0.21899398836949394,0.21908431695662248,0.20428274823219195,0.20774932506894125,0.19467379810261176,0.20900301801754517,0.2067410367414799,0.20890831024234272,0.21105544479819743,0.21389309094276746,0.21887743530410347,0.21894004395268368,0.21905867082143232,0.2190239824766331,0.21911305244074358,0.2189618340234469,0.21913217978475125,0.21910745453425118,0.21912669540642393,0.21910595030720123,0.21913786190370083
0.2495617553470797,0.24936677906557933,0.24949802789792103,0.2496720106992984,0.24965894062227773,0.2497018129307977,0.2495896902188963,0.24969091484676295,0.24938253521348439,0.2497074266809589,0.24965984576157416,0.2361716929719564,0.2412803046841999,0.2235276091271811,0.24183463474389902,0.2327392754694031,0.23710187904242755,0.2356707386276332,0.23948935243628516,0.2487871753698974,0.2492941714355112,0.23496228341922545,0.1977508883894626,0.21685704085287094,0.20197244775178608,0.22656857693064636,0.1916460390681337,0.2245051910764225,0.21885573517986553,0.25,0.24890033732291245,0.23211024467496416,0.20589871730839393,0.21613461309785345,0.20928535189256572,0.22606720994539725,0.20681826260215214,0.22786239931160385,0.22188931348354166,0.24954498008582368,0.2496454147276832,0.23387405893419927,0.235940774605234,0.2234615906923794,0.23735907630406583,0.23647814693330155,0.23819306665707377,0.24055805731837454,0.24373143802517933,0.24940386470603557,0.2494758789114816,0.24961786733241556,0.24958354766274163,0.24967983182748943,0.24950175333643143,0.24970162687497835,0.2496720705061657,0.24969537742698164,0.24967173833832315,0.24970810167651647
0.24904069934554357,0.24884613187986607,0.2489770217175928,0.24915072549890105,0.24913762063123235,0.24918046562273924,0.24906847960515002,0.24916959038785147,0.24886165258766635,0.24918606753234013,0.2491385490858635,0.23566508709572037,0.2407698994299331,0.22304005825964957,0.24132968118248552,0.23224523371567143,0.2366028047335224,0.2351727423709369,0.23898514371446639,0.24826738003875864,0.24877367085160312,0.23445624983201638,0.19728286609397092,0.21638441640718442,0.20150784367407795,0.22608871205224682,0.19118943093695398,0.22403209367671387,0.218373306250724,0.24890033732291245,0.25000000000000006,0.23159456690812014,0.20543058720448737,0.21564616956922142,0.2088099718505708,0.22557051802567668,0.20635806002455326,0.22736834788693816,0.2214176143133086,0.24902384655331025,0.24912416039305962,0.23337919266080398,0.23544559519938935,0.22298728066952414,0.236865633336445,0.23597538116164105,0.23769692971423054,0.24005532899352106,0.2432224342640961,0.24888306195348553,0.24895491177049112,0.24909669530283815,0.24906246847295954,0.24915853032238977,0.24898072974847363,0.2491802798491123,0.24915076810223635,0.24917404344901856,0.24915045371593986,0.2491867411318476
0.23225239584177482,0.23207100670417985,0.23218857034549037,0.232355063295389,0.23234264693532874,0.23238282069971056,0.2322760898784153,0.2323727074720592,0.23207959131183858,0.23238802461277122,0.23234427379012657,0.21983655094984692,0.2243525311399809,0.20835913608547896,0.2250801555527253,0.21643203275046416,0.22096780645558378,0.21915059108812693,0.22295596015370472,0.23151483454564226,0.2320016048503091,0.2183867670261147,0.18399574869284085,0.20141595873208948,0.1900164805395836,0.21101411740010856,0.18032272355762458,0.20897068730414603,0.2046273359615307,0.23211024467496416,0.23159456690812014,0.25000000000000017,0.18854320741487784,0.2010401283915358,0.19417316048317262,0.21148108565170579,0.1926242530048512,0.2130843634287267,0.20698513604756005,0.23223883619040833,0.23233206439576157,0.21671301045396496,0.22028976215715487,0.20697101826318154,0.22131220342651794,0.2195341420060088,0.22156860964444014,0.22374448563297838,0.2268266107873572,0.2321116348235012,0.23217885312513062,0.23230467449034717,0.23227017416352516,0.23236234396186017,0.232202243065629,0.23238262781033991,0.23235687260831092,0.2323768118091203,0.2323548122987043,0.23238865352028865
0.20600029253892277,0.20583922409525787,0.205961367151762,0.20609112242892352,0.20607585507653464,0.20611562887200255,0.20602360019953975,0.2061065048363549,0.20584298657278724,0.20612034706926063,0.2060751092481309,0.1936121532396946,0.19958848175321436,0.18073689760521955,0.19986278377907363,0.18980847741449947,0.19593352577909198,0.1930629956670282,0.19828123091774116,0.20538395184323574,0.20578073060101654,0.1933638461977326,0.15443385823138275,0.17860441964660403,0.16279913457469328,0.1891109880176101,0.153180714636896,0.18657817585927627,0.17960290036979476,0.20589871730839393,0.20543058720448737,0.18854320741487784,0.2500000000000002,0.17259936807869886,0.17264643918721728,0.18600308763955886,0.17783992128737952,0.1881172663770172,0.18499833437973606,0.20596363899548784,0.20606459724703105,0.19234418399701564,0.19480227686836335,0.1841620321285737,0.19594415689253547,0.19629839192902826,0.1966313283462848,0.19940412141166147,0.20097179553333372,0.20585416958613795,0.20591183157960516,0.2060464514865096,0.20602229605600172,0.20609757181714952,0.20593298602479396,0.2061155582320617,0.20609086147657363,0.20611039957300764,0.20609088674878498,0.2061209027716768
