x1,x2,x3,x4,x5,x6,x7,x8,x9,x10,x11,x12,x13,x14,x15,x16,x17,x18,x19,x20,x21,x22,x23,x24,x25,x26,x27,x28,x29,x30,x31,x32,x33,x34,x35,x36,x37,x38,x39,x40,x41,x42,x43,x44,x45,x46,x47,x48,x49,x50,x51,x52,x53,x54,x55,x56,x57,x58,x59,x60
0.25,0.24985343846404784,0.2480419030999047,0.24979381490169766,0.24915218715474816,0.24986432362198763,0.24890923593409925,0.24983877681108485,0.2480312305068662,0.2498570858831664,0.24946065466029782,0.2131911420516623,0.24232174052319538,0.16348433647770397,0.22432157434891328,0.13671602240288838,0.23992957869649914,0.1723842133086247,0.24552538263276327,0.24899378206113537,0.24741517427878632,0.2362153039622464,0.22321230812831605,0.2330470004532169,0.20953945205513788,0.22778689499105859,0.22389811544344992,0.2373931254042039,0.23697717038328056,0.24755614067089252,0.24871268506852612,0.22915525121784303,0.2393691743671581,0.2258082488964398,0.22459217214341354,0.22798322878146174,0.22863537338522355,0.240528490626917,0.23443992276565206,0.24804885005074068,0.24916660161313395,0.23005995644179855,0.23516833354542108,0.18340160705814404,0.2255061335447954,0.15377556259015224,0.24085088576529692,0.17426930377877783,0.24643834949657187,0.24953827853155963,0.24977778430122302,0.24973109655819528,0.2486805574884193,0.2498044527695779,0.2492521446298086,0.24984246251279218,0.2490091994052588,0.24983649899208207,0.24924502072349922,0.2498664153638872
0.24985343846404784,0.25,0.24812248985139546,0.24987497083476312,0.24923313462829472,0.24994550246274994,0.2489901044748147,0.2499199473519007,0.2481118137909202,0.24993826237244743,0.24954170235237166,0.2132604060807227,0.24240046884143632,0.16353745117901713,0.22439445456286142,0.1367604403015762,0.2400075298212564,0.17244021950590466,0.24560515178768216,0.24907467807018377,0.24749555741129492,0.2362920483500321,0.22328482795089394,0.23312271548554167,0.20960752968048735,0.22786090105886364,0.22397085807912104,0.23747025245638081,0.2370541622951304,0.2476365696022096,0.2487934897514995,0.22922970185320649,0.23944694342120945,0.22588161211858443,0.22466514027233453,0.22805729863648286,0.22870965511660268,0.24060663633317986,0.23451609034685197,0.2481294390592373,0.2492475537698178,0.23013470100836556,0.23524473778122554,0.18346119271502767,0.22557939861217488,0.15382552299157165,0.24092913621505907,0.1743259224262746,0.24651841526683235,0.24961935144298306,0.2498589350260793,0.24981223211459214,0.24876135173340927,0.24988561215879795,0.24933312457870732,0.2499236342510617,0.24909010042327437,0.24991766879285318,0.24932599835789984,0.24994759488423868
0.2480419030999047,0.24812248985139546,0.25,0.2480627734530659,0.2474270344634331,0.24813320290510432,0.2471935537766197,0.24810830850150534,0.24630596246779113,0.24812611354487477,0.24773204042192215,0.2115690371289724,0.24061454962585654,0.16214750781757786,0.22270571998833597,0.1358542658355671,0.23828554696892099,0.17122528803351048,0.24382955230855044,0.24726861449106816,0.24569997400369525,0.23451442797934136,0.22166733778261596,0.23137965919158937,0.20810035268603563,0.22620158666605492,0.2223545078640839,0.23574385798100503,0.2353364098700074,0.24584111392206592,0.24698978930947976,0.22756814654700977,0.2377043326214315,0.2242435955440853,0.2230297113747486,0.22640259542727048,0.22704741090631828,0.2388621675856942,0.23281445278737792,0.24633040435374334,0.24744041092939897,0.22846622701879732,0.2335392136473088,0.18213403395594244,0.22394321638434217,0.15271196748288024,0.23918191513148046,0.17306151401123815,0.24473105939241718,0.24780951022392364,0.24804735981093606,0.2480009955140926,0.24695774086879305,0.24807384352297657,0.24752536668899153,0.24811158993998825,0.2472840935884178,0.24810566773364423,0.2475182877535011,0.248135376849143
0.24979381490169766,0.24987497083476312,0.2480627734530659,0.25000000000000006,0.24917365941319347,0.24988585931301352,0.24893065704273626,0.24986030687597205,0.248052701252513,0.2498786185427064,0.2494821546458936,0.21321042580182423,0.24234349490720014,0.16350071250845502,0.22434140137792105,0.13672744873977224,0.23995030515389473,0.1723989132943104,0.24554651230704666,0.24901524123464278,0.24743650213403018,0.23623612653735326,0.22323163315127575,0.233067425466198,0.20955747042941017,0.2278065713885877,0.22391736771894916,0.23741359669778478,0.23699758294465043,0.2475774748642294,0.24873411829560124,0.2291749989030407,0.2393898453645315,0.2258277063398902,0.22461156079830538,0.22800288009041864,0.22865509658937336,0.24054922074948185,0.23446013436976706,0.24807022684522417,0.24918807478143976,0.2300797840189379,0.23518859799486155,0.18341740397430265,0.22552556735936355,0.15378879932705802,0.24087164149062693,0.17428431804589095,0.24645958755144068,0.24955978371132775,0.2497993101520533,0.2497526183854814,0.2487019888057514,0.24982598091870606,0.24927362516599916,0.2498639939376007,0.24903065899470203,0.24985802990295394,0.2492665006563481,0.24988794885295196
0.24915218715474816,0.24923313462829472,0.2474270344634331,0.24917365941319347,0.2500000000000001,0.24924397904652887,0.24829328733233705,0.2492185943760495,0.2474171964914883,0.24923677821713658,0.24884106132270448,0.2126257138066513,0.24171223377964526,0.16291348969323613,0.22370001158297087,0.1363411642553988,0.2393279200048037,0.1719818644692692,0.244920470563004,0.2483746941697638,0.24679883273989314,0.23559716754881627,0.22265934462425813,0.23242635794321811,0.20904050472646776,0.22718763519157484,0.22334801741206414,0.23678100053053866,0.23638816612687982,0.246941508665498,0.24809541616311728,0.22858690856573902,0.2387713662485209,0.22524465415047182,0.22402498057955778,0.22741450332314964,0.2280623601095999,0.2399318777836223,0.23385647594142825,0.2474330138575358,0.24854799957196028,0.22948971724884257,0.23458375505060522,0.18295274895895935,0.22494372324151354,0.15339305395496686,0.24025113271719928,0.17383328348011876,0.2458265308254614,0.24891873065651288,0.24915766828931277,0.24911109646106738,0.24806320418482844,0.24918427055008002,0.24863334812803442,0.2492221859272181,0.24839095831212812,0.24921623721170885,0.2486262265151891,0.24924607931076384
0.24986432362198763,0.24994550246274994,0.24813320290510432,0.24988585931301352,0.24924397904652887,0.2500000000000001,0.24900094487440283,0.24993083522899015,0.24812266866016974,0.24994915121848912,0.24955257555492502,0.21327023682369137,0.24241160946213036,0.16354590231460217,0.2244045444832463,0.1367669223105673,0.2400180962375381,0.17244777976641174,0.24561583983553734,0.24908552963132022,0.24750633845009576,0.2363025663106988,0.22329471450648675,0.2331331099504801,0.20961680439103342,0.22787094500524846,0.22398065786076152,0.2374806031864531,0.237064490521451,0.24764735804993235,0.24880432941857694,0.22923969467423944,0.23945737532741138,0.2258914524115611,0.2246749125546876,0.22806723030069911,0.22871961269554456,0.24061712311356587,0.23452630367788407,0.2481402490949994,0.24925841251332762,0.23014472664440505,0.2352549873281681,0.18346919669583736,0.22558922603579984,0.15383223504248544,0.2409396332122017,0.17433351499537297,0.2465291551474434,0.2496302264213018,0.24986982042348735,0.2498231154773267,0.24877218932031328,0.2498964987184224,0.24934398707966407,0.24993452246716283,0.2491009523436639,0.24992855674906214,0.2493368605401388,0.24995848414421387
0.24890923593409925,0.2489901044748147,0.2471935537766197,0.24893065704273626,0.24829328733233705,0.24900094487440283,0.24999999999999994,0.24897559530353036,0.24717079619594576,0.24899372634139053,0.24859798853681783,0.21244959273326805,0.2414961169924009,0.1629758398346577,0.22374175367294782,0.13614124010078404,0.2391570741490411,0.17173038464378498,0.2446878051806078,0.24813288195342104,0.2465594158052636,0.23536318163601214,0.22245973394489132,0.23226069559150875,0.2088376797444736,0.22698121149985256,0.22312985461460483,0.23655591185846786,0.2361588358136314,0.24670075150754484,0.24785347728489887,0.22836404168403482,0.23853967043238036,0.22502701940947575,0.2238092114043073,0.22719454871125824,0.22784223848231877,0.23969816094559246,0.23362849269531358,0.24719175372794022,0.24830563780020998,0.22926477262562206,0.23435592803226396,0.18276917876624846,0.22472690090799657,0.15324608795746797,0.24001873205250626,0.17366663234970495,0.24558682502537416,0.24867603995357215,0.24891471172578253,0.24886818530358754,0.24782126742017427,0.24894128804349658,0.24839088292163675,0.2489791664492429,0.24814879226024358,0.24897322353456014,0.24838379079452305,0.24900303653477174
0.24983877681108485,0.2499199473519007,0.24810830850150534,0.24986030687597205,0.2492185943760495,0.24993083522899015,0.24897559530353036,0.25,0.24809723127388741,0.24992359582752444,0.2495270478117693,0.21324614652060325,0.24238566395958647,0.16352692314470338,0.22438104094572286,0.13675130353118736,0.23999321951680053,0.17242976519540648,0.24559077843478136,0.24906006324725577,0.24748103897870943,0.2362778233163938,0.22327151288818226,0.23310877441842018,0.20959492411998334,0.22784725572275868,0.22395755037930226,0.23745629573783164,0.23704022928959584,0.24762203796751342,0.2487788877614389,0.2292162378619445,0.23943292400311028,0.22586835548862494,0.22465201755813705,0.22804392605577323,0.22869626465967696,0.2405925084785008,0.23450234482817262,0.24811487849631744,0.24923292769530273,0.23012119974129272,0.23523092826513206,0.18345040226514012,0.225566158405237,0.15381645419346482,0.24091499328634414,0.1743156890620066,0.24650394926529412,0.24960470341385133,0.24984427305055712,0.24979757287967175,0.24874675423264941,0.24987094861785356,0.24931849344639978,0.24990896847894292,0.2490754834417362,0.24990300337079277,0.24931136764467693,0.24993292770608205
0.2480312305068662,0.2481118137909202,0.24630596246779113,0.248052701252513,0.2474171964914883,0.24812266866016974,0.24717079619594576,0.24809723127388741,0.25000000000000006,0.24811542677274162,0.2477199583082977,0.2117297616693417,0.24063682575721468,0.16248566249519275,0.22276688895508362,0.1358955318260567,0.2382444435756221,0.17122192987746265,0.24381103063426085,0.24725841256405592,0.24568890115553615,0.2345108700096984,0.22166400006324574,0.2313707586899453,0.2081134414824088,0.22622414221700166,0.2223470673556209,0.23574936915796568,0.23532358169678586,0.24583046502729072,0.24697904515911426,0.22755948618045738,0.2376937711439959,0.2242358952689035,0.22302393085502828,0.22639330980608968,0.22703844461412892,0.23885201087831406,0.23280491082535226,0.24631979300393425,0.24742976359289795,0.22845635463407254,0.23352958369532456,0.1821281071880721,0.2239342065508374,0.15270723212788637,0.23917205985189102,0.17305486225028327,0.24472053322271461,0.24779885398899978,0.24803668698446288,0.24799032468185833,0.24694711837885078,0.24806316955567384,0.2475147285474737,0.24810091434849174,0.24727345788455316,0.24809499239695462,0.2475076389006523,0.24812470023417357
0.2498570858831664,0.24993826237244743,0.24812611354487477,0.2498786185427064,0.24923677821713658,0.24994915121848912,0.24899372634139053,0.24992359582752444,0.24811542677274162,0.24999999999999997,0.24954534651465868,0.21326339064789523,0.24240395394557782,0.16353966602065587,0.22439766049429413,0.13676267428211195,0.24001113350736863,0.17244277078947814,0.24560873268698002,0.24907831490657292,0.2474991720713677,0.2362954418192466,0.22328809268720748,0.2331260887384068,0.2096105687352523,0.22786428019674962,0.2239741230931354,0.23747374395180307,0.2370576216017043,0.24764018461784934,0.2487971214608337,0.22923304786502732,0.2394504416377951,0.22588491070079839,0.2246684295854004,0.22806062918764772,0.2287129976634994,0.24061014830025013,0.2345195157480818,0.24813306129680557,0.24925119234332618,0.2301380605780625,0.23524817165974943,0.18346386838921303,0.2255826919181669,0.1538277656062389,0.24093265335166714,0.1743284674080697,0.24652201398298298,0.2496229954411771,0.24986258252543855,0.24981587893217205,0.248764983208682,0.24988926004759685,0.24933676439861038,0.24992728269491618,0.24909373669417467,0.24992131714962254,0.2493296380773222,0.24995124367787616
0.24946065466029782,0.24954170235237166,0.24773204042192215,0.2494821546458936,0.24884106132270448,0.24955257555492502,0.24859798853681783,0.2495270478117693,0.2477199583082977,0.24954534651465868,0.24999999999999997,0.21286734724909825,0.24201453069144346,0.16325924619835333,0.2240366836734328,0.13655441210131897,0.23963455114729124,0.17217013644897464,0.24521907889458874,0.2486831230203653,0.24710641192950455,0.23590913564339572,0.22293359385744058,0.23275130437769395,0.20927943714342626,0.2275030293719087,0.22361932754423966,0.2370974280662553,0.23668157920258812,0.24724727125448365,0.24840238050455737,0.22886937701527832,0.2390700692082663,0.22552656921521758,0.22431174777891222,0.22769871854147256,0.22834990212185885,0.2402283715180987,0.23414734509713273,0.24773936606065589,0.24885572272483558,0.22977293327347606,0.2348749463744012,0.18317306481551315,0.225224753578863,0.15358393992594863,0.24055037655785183,0.17405192335548925,0.24613087490819374,0.2492269354976776,0.24946614258148067,0.24941951308972513,0.24837028593810537,0.2494927777761896,0.24894116010029016,0.24953074009555462,0.24869851613544067,0.24952478401539355,0.24893404365908167,0.2495546630612458
0.2131911420516623,0.2132604060807227,0.2115690371289724,0.21321042580182423,0.2126257138066513,0.21327023682369137,0.21244959273326805,0.21324614652060325,0.2117297616693417,0.21326339064789523,0.21286734724909825,0.24999999999999983,0.20573340062258508,0.1321965113924334,0.19009287129069977,0.11717280795061508,0.2052798667651251,0.14824683883216694,0.20976381040002273,0.21251713553203772,0.21116672901806233,0.1996396292174187,0.19037583358112534,0.1973211448475625,0.1785336319978039,0.19414508336131525,0.19115889598913227,0.2024420166609971,0.202291499666108,0.21129975338971868,0.2122871978241902,0.1955806677397197,0.20424548582035576,0.1927067529034453,0.19165366941421744,0.19457896647614115,0.19508078954219343,0.20529587914644518,0.20009457931647226,0.21172005752214634,0.21267418109752542,0.1963750048441223,0.20071696744322023,0.15658055525927683,0.19245635132333044,0.13122583484172295,0.20555825537487826,0.1487195276552314,0.21034553828936672,0.2129911311018644,0.21319583207024284,0.21315598217073797,0.212259602713454,0.2132185947427509,0.21274725140492587,0.21325103765180659,0.21253949867286487,0.2132459475331088,0.21274109543137015,0.2132714824098954
0.24232174052319538,0.24240046884143632,0.24061454962585654,0.24234349490720014,0.24171223377964526,0.24241160946213036,0.2414961169924009,0.24238566395958647,0.24063682575721468,0.24240395394557782,0.24201453069144346,0.20573340062258508,0.2499999999999999,0.1561177928392178,0.21834805663605883,0.13011028143074155,0.23255895072002353,0.16668376308584792,0.23822095870381924,0.24155741871026734,0.24005321272511454,0.2295438533681766,0.21599770199100712,0.2265550312312934,0.20254517359145532,0.22055883749133487,0.21693237388908332,0.23016700329351866,0.22986825352224202,0.24017132622069168,0.2412882082980893,0.22228637285892489,0.23245308111298446,0.21903389446459345,0.2180779227990269,0.22120340291913165,0.22190119510463052,0.23334604508133508,0.2274897217872585,0.2406494938315397,0.24173413919093678,0.22321067220151813,0.22813361776862146,0.1778745556057888,0.21876484700647747,0.14906490643073766,0.2336509088779308,0.169040978906378,0.23908731443686312,0.24209433952049692,0.24232707132398695,0.24228177633098028,0.24126290388138485,0.24235294436707386,0.24181708465455048,0.24238982030575817,0.2415810612028145,0.24238403466998476,0.24181015807368456,0.24241305864858265
0.16348433647770397,0.16353745117901713,0.16214750781757786,0.16350071250845502,0.16291348969323613,0.16354590231460217,0.1629758398346577,0.16352692314470338,0.16248566249519275,0.16353966602065587,0.16325924619835333,0.1321965113924334,0.1561177928392178,0.25000000000000006,0.13802508500188068,0.08137623000131773,0.15787463312941594,0.11736034927641668,0.16074216001470107,0.16290678048754983,0.1618002042305828,0.15325383723952096,0.14366882231391528,0.14676751067378438,0.13572441693610068,0.14501612928785212,0.14590950831511385,0.15368437948853697,0.15496718324219552,0.16203129489627294,0.16278814007917397,0.14991866250981098,0.15658307264860932,0.14751618911652054,0.14664483716164925,0.14906744142087494,0.14937189741107348,0.15739405665440195,0.15345192497241011,0.16235454770230692,0.16308770813768042,0.15068258066743664,0.1538082881836122,0.12034645702805503,0.14734097872344087,0.10018910504640592,0.15743954955783887,0.11372438746270307,0.16130117538504438,0.16332783858642314,0.16348793282971955,0.16345737472581298,0.16277332977582465,0.16350538850051746,0.1631445264459222,0.16353026711856547,0.1629807999405796,0.16352636376581364,0.16313907128996905,0.16354594499498
0.22432157434891328,0.22439445456286142,0.22270571998833597,0.22434140137792105,0.22370001158297087,0.2244045444832463,0.22374175367294782,0.22438104094572286,0.22276688895508362,0.22439766049429413,0.2240366836734328,0.19009287129069977,0.21834805663605883,0.13802508500188068,0.2500000000000001,0.1112221630150035,0.21516552757101148,0.1522805729870025,0.2203150913347892,0.22361367428165077,0.22225055182637343,0.21253669925338578,0.1994128410097627,0.2088436913480473,0.18608146402862655,0.20312138687459516,0.19982252612828344,0.21276247319036015,0.21261066610075657,0.22232922917042372,0.22335185835039864,0.2057246956477565,0.21547026850963008,0.2027036615811559,0.2022054354547561,0.20480514437342753,0.20561934574764862,0.21599290055443385,0.2107005712419919,0.22277270985606504,0.22377763350307606,0.20666379502946203,0.21114081368830231,0.1645754829177692,0.20246469974714318,0.13769493831742255,0.2162417942976834,0.15639950195439836,0.22132738293768803,0.22410998471461016,0.22432650902335471,0.22428457887159925,0.22334241528114646,0.2243504603332798,0.22385448187637716,0.22438459705043068,0.2236347755018564,0.2243792411760951,0.22384788957914756,0.2244061091727769
0.13671602240288838,0.1367604403015762,0.1358542658355671,0.13672744873977224,0.1363411642553988,0.1367669223105673,0.13614124010078404,0.13675130353118736,0.1358955318260567,0.13676267428211195,0.13655441210131897,0.11717280795061508,0.13011028143074155,0.08137623000131773,0.1112221630150035,0.2499999999999999,0.12693798657198352,0.08029801673949262,0.13511063438586807,0.13621232441664546,0.13528778793298943,0.12540164515101224,0.12413541628604115,0.1216328413450986,0.11307624385100257,0.11473173843693266,0.11932398913961907,0.12587574353435246,0.12903447286354813,0.13549722899594893,0.13612822575515374,0.12535480481639757,0.1309179347744172,0.12309091779371462,0.12254478355912883,0.12455887557543484,0.12533238063110122,0.13166971064644692,0.1284978338013378,0.13576954684787743,0.1363842318689794,0.12612797363261746,0.12849933080560008,0.10078711681959533,0.12298987653394712,0.08319298085080118,0.1314684826942127,0.09476590695811693,0.13489209802972213,0.13658158957597966,0.13671902942383662,0.1366934755524458,0.1361260439443427,0.13673362752654844,0.13643306612143002,0.13675443260951226,0.13629106078022712,0.13675116836721582,0.13642678189714272,0.13676754337186678
0.23992957869649914,0.2400075298212564,0.23828554696892099,0.23995030515389473,0.2393279200048037,0.2400180962375381,0.2391570741490411,0.23999321951680053,0.2382444435756221,0.24001113350736863,0.23963455114729124,0.2052798667651251,0.23255895072002353,0.15787463312941594,0.21516552757101148,0.12693798657198352,0.2500000000000003,0.16254879064517871,0.23582524512479688,0.23918550026386598,0.237668993208078,0.22646321294935085,0.21479141931303444,0.22358102555282353,0.20075090961914704,0.218411600502836,0.21443209193714197,0.22813463028272005,0.2274474059086685,0.2377983224452162,0.23890471555632278,0.22012691949706675,0.2299889482982178,0.21689725739180318,0.21582328768556422,0.219009648563114,0.21973290203222065,0.2310496914309385,0.2252590897768653,0.2382732256575846,0.239347634451384,0.22100275790058183,0.2258777005873453,0.17611292778479815,0.21659403274978065,0.14754784231096585,0.23132880596397307,0.1673440495576687,0.23672672977723253,0.23970430881851607,0.23993485690894395,0.23989000905227284,0.2388810867360849,0.23996047450677133,0.2394297272457715,0.23999698640774308,0.23919609346234974,0.23999125788237183,0.239423091922831,0.24001999534382149
0.1723842133086247,0.17244021950590466,0.17122528803351048,0.1723989132943104,0.1719818644692692,0.17244777976641174,0.17173038464378498,0.17242976519540648,0.17122192987746265,0.17244277078947814,0.17217013644897464,0.14824683883216694,0.16668376308584792,0.11736034927641668,0.1522805729870025,0.08029801673949262,0.16254879064517871,0.25000000000000006,0.16820057636203226,0.17177965813274138,0.17060431878361687,0.16078391264570677,0.15524929078438693,0.1586402566934407,0.14488203902570757,0.15366831753309892,0.15230331270928252,0.16019010166317854,0.16297282892974643,0.17085548195294817,0.1716584263301438,0.1582178577816718,0.1646315813395981,0.1556099787729367,0.15428901470062006,0.15724273446954135,0.157785963217937,0.16613471665816937,0.16195576349284624,0.17119446975267497,0.17196623448563508,0.15884380032024148,0.16224742746984952,0.12678905263427853,0.15549882680019983,0.10611113735985425,0.16612690639442595,0.12016725483957211,0.17008638432938689,0.17222082947306339,0.17238800545338673,0.1723557836351123,0.17163423008212123,0.1724064113174986,0.17202673249063702,0.17243264430874392,0.17185576023602966,0.17242852850831064,0.17201997479340872,0.17244917571427468
0.24552538263276327,0.24560515178768216,0.24382955230855044,0.24554651230704666,0.244920470563004,0.24561583983553734,0.2446878051806078,0.24559077843478136,0.24381103063426085,0.24560873268698002,0.24521907889458874,0.20976381040002273,0.23822095870381924,0.16074216001470107,0.2203150913347892,0.13511063438586807,0.23582524512479688,0.16820057636203226,0.2499999999999999,0.2447497740836122,0.2432047432080848,0.2322533729907334,0.219536262390202,0.22914147124778386,0.20600919114018176,0.22366906615390256,0.2201099868729341,0.23332374308764617,0.23296444549377185,0.24334706034996753,0.2444848961052533,0.225262379687308,0.23528557317939897,0.22196511736635172,0.22074211775442548,0.22410338746661965,0.22473193955391602,0.23644355021537572,0.23044594932851878,0.24383128798942097,0.24492999127935805,0.22614848693042863,0.23117089559497717,0.18029673715028977,0.22167213073399572,0.15116987833997572,0.23675583493330185,0.17130259306855777,0.2422482694679591,0.2452953706913245,0.24553078398017872,0.24548489007009208,0.24445221725681754,0.2455569990021053,0.24501408912159742,0.24559436246170843,0.24477531331385777,0.24558850033902704,0.24500708012813865,0.24561790803980538
0.24899378206113537,0.24907467807018377,0.24726861449106816,0.24901524123464278,0.2483746941697638,0.24908552963132022,0.24813288195342104,0.24906006324725577,0.24725841256405592,0.24907831490657292,0.2486831230203653,0.21251713553203772,0.24155741871026734,0.16290678048754983,0.22361367428165077,0.13621232441664546,0.23918550026386598,0.17177965813274138,0.2447497740836122,0.2500000000000001,0.24664558123565233,0.23543818465131194,0.22250236059195805,0.23226923512375802,0.20884023821236442,0.2270895142662887,0.22316542013592322,0.23668531853486655,0.23622658769758514,0.2467843767618832,0.24793676998742567,0.22843997234747324,0.23862961078707529,0.22510563956754967,0.22391141544190535,0.22727380328070637,0.2279326131737694,0.23977679707881738,0.2337143971760797,0.2472756690281874,0.24838998465958742,0.22934418991024505,0.23443383653560143,0.1828281693707076,0.22480127181148363,0.15328670614923617,0.2400982343133216,0.1737246648954862,0.24567019605745388,0.24876045612609682,0.2489992597080731,0.24895271749501977,0.24790550637102426,0.2490258450590846,0.24847528138670436,0.249063736330638,0.24823300999037892,0.24905779139734416,0.24846815252392432,0.2490876145227288
0.24741517427878632,0.24749555741129492,0.24569997400369525,0.24743650213403018,0.24679883273989314,0.24750633845009576,0.2465594158052636,0.24748103897870943,0.24568890115553615,0.2474991720713677,0.24710641192950455,0.21116672901806233,0.24005321272511454,0.1618002042305828,0.22225055182637343,0.13528778793298943,0.237668993208078,0.17060431878361687,0.2432047432080848,0.24664558123565233,0.2500000000000003,0.23387011298400576,0.2210631970478149,0.2308945839511937,0.20742302056733714,0.225660795089055,0.22170618900933495,0.2351941453037013,0.23471993697862334,0.24521969762402654,0.2463639816261286,0.2269877944474697,0.23714251964122476,0.22367702300800785,0.22251854206799365,0.22583691680837129,0.22650518164138675,0.23825483201507244,0.23223985559666957,0.24570791361759622,0.24681520194110493,0.2278906637893593,0.23294537983597077,0.1816549577570206,0.2233755745096343,0.15229794815610598,0.23857500021007044,0.1726212512447425,0.24411261006701002,0.24718329787057075,0.2474206171908738,0.24737437005868912,0.24633379643846073,0.24744703399924065,0.24689993022881204,0.24748468504244547,0.2466591963270588,0.24747877779950644,0.24689287391115325,0.24750841184739517
0.2362153039622464,0.2362920483500321,0.23451442797934136,0.23623612653735326,0.23559716754881627,0.2363025663106988,0.23536318163601214,0.2362778233163938,0.2345108700096984,0.2362954418192466,0.23590913564339572,0.1996396292174187,0.2295438533681766,0.15325383723952096,0.21253669925338578,0.12540164515101224,0.22646321294935085,0.16078391264570677,0.2322533729907334,0.23543818465131194,0.23387011298400576,0.25000000000000006,0.20965548804509598,0.22084462711638347,0.19718533259863244,0.21469383039269285,0.21109358229715047,0.22406220055025478,0.22395152163682594,0.2341185343553658,0.23520560024403947,0.21669296915138123,0.22668811815270765,0.21348603629629265,0.21271591089743985,0.21562330546864183,0.21642324608261257,0.22748429257247832,0.22181117947592421,0.23458526597362597,0.23564269208247168,0.2176177379221841,0.22237297951030732,0.1734807305281506,0.21322743192129018,0.14529487626639492,0.22774454749736076,0.1647721143230572,0.23306363981617698,0.2359930464903584,0.23622050031578004,0.23617634694314088,0.23518462135125126,0.23624572149482323,0.2357243317768846,0.23628166817139304,0.2354926418910067,0.23627602833776015,0.23571645255394957,0.23630432089774328
0.22321230812831605,0.22328482795089394,0.22166733778261596,0.22323163315127575,0.22265934462425813,0.22329471450648675,0.22245973394489132,0.22327151288818226,0.22166400006324574,0.22328809268720748,0.22293359385744058,0.19037583358112534,0.21599770199100712,0.14366882231391528,0.1994128410097627,0.12413541628604115,0.21479141931303444,0.15524929078438693,0.219536262390202,0.22250236059195805,0.2210631970478149,0.20965548804509598,0.2500000000000001,0.20655289543814584,0.18806239323058555,0.20379883622187078,0.20232174952376478,0.2126920793764273,0.21208497402547985,0.22122857893539397,0.22228115181186006,0.20484796746756734,0.21294846457780164,0.20183413790986346,0.19990996016756238,0.20365509705250187,0.2036617922916572,0.21499224509211853,0.20919703569245984,0.2216712693850253,0.2226699779896142,0.20546238569080008,0.21018295427826184,0.1637774387003177,0.20160620925889622,0.13749631491126602,0.21529319554904466,0.1556245883139033,0.22022898048299328,0.22300570814436171,0.223217219112166,0.22317549503715545,0.2222305613231531,0.22324105116100407,0.22274295204467306,0.22327501905759367,0.22253338389071162,0.22326968964594637,0.22274188212684595,0.22329642492896934
0.2330470004532169,0.23312271548554167,0.23137965919158937,0.233067425466198,0.23242635794321811,0.2331331099504801,0.23226069559150875,0.23310877441842018,0.2313707586899453,0.2331260887384068,0.23275130437769395,0.1973211448475625,0.2265550312312934,0.14676751067378438,0.2088436913480473,0.1216328413450986,0.22358102555282353,0.1586402566934407,0.22914147124778386,0.23226923512375802,0.2308945839511937,0.22084462711638347,0.20655289543814584,0.25000000000000006,0.19281182713287912,0.211679588776435,0.20839649520383374,0.22076394373764702,0.22109742321621312,0.23097667768000785,0.2320494927619676,0.21390013919462678,0.22368608783067864,0.21068350880519973,0.20979272157476803,0.2128484286166585,0.21345204400137988,0.22454647269440323,0.2187741102459892,0.23144052905568432,0.23248234082000369,0.21467853643199436,0.21943930763819086,0.17124770318510757,0.2105034458663244,0.14365111895300903,0.22478160454359525,0.1626773677117335,0.2299419128730677,0.23282926747940066,0.23305212717765006,0.2330085657946141,0.2320293818937257,0.23307700996310113,0.2325628384321156,0.2331124745057785,0.2323365593869123,0.23310691032972078,0.23255489912878666,0.23313482342429073
0.20953945205513788,0.20960752968048735,0.20810035268603563,0.20955747042941017,0.20904050472646776,0.20961680439103342,0.2088376797444736,0.20959492411998334,0.2081134414824088,0.2096105687352523,0.20927943714342626,0.1785336319978039,0.20254517359145532,0.13572441693610068,0.18608146402862655,0.11307624385100257,0.20075090961914704,0.14488203902570757,0.20600919114018176,0.20884023821236442,0.20742302056733714,0.19718533259863244,0.18806239323058555,0.19281182713287912,0.24999999999999983,0.18754904156973157,0.18917642667504006,0.1980834414976456,0.199617429442586,0.20766932427641344,0.2086988815167643,0.19286280616203788,0.19989409329439317,0.18980887597056656,0.18447314371710724,0.1912153970468961,0.19028999177832048,0.20190991206612288,0.19580324070482322,0.20809274856911458,0.20902656180175377,0.19249395094121696,0.19741499077140126,0.15256951392149054,0.18940849922286687,0.12913591582330522,0.2021995360047797,0.14592473714135856,0.20672548374031283,0.2093518125034725,0.20954406312644633,0.20950489255321847,0.20860108615930326,0.20956643418805793,0.2090865388875063,0.20959832141467422,0.20891113774578762,0.20959331840741516,0.20909927073738932,0.20961841628639152
0.22778689499105859,0.22786090105886364,0.22620158666605492,0.2278065713885877,0.22718763519157484,0.22787094500524846,0.22698121149985256,0.22784725572275868,0.22622414221700166,0.22786428019674962,0.2275030293719087,0.19414508336131525,0.22055883749133487,0.14501612928785212,0.20312138687459516,0.11473173843693266,0.218411600502836,0.15366831753309892,0.22366906615390256,0.2270895142662887,0.225660795089055,0.21469383039269285,0.20379883622187078,0.211679588776435,0.18754904156973157,0.24999999999999992,0.20190824845648103,0.21613401866482027,0.2158535593597609,0.22576172298695524,0.22680123534622293,0.20910271176458528,0.21818322644308807,0.20618659033989906,0.20514262615542864,0.20830994912676593,0.2085345741869985,0.21948741113528056,0.21395591665724026,0.22621506780389863,0.22723412519013766,0.20973348111907683,0.21449574329022822,0.16676001807873705,0.20585952385503684,0.1401377332826138,0.21975896002104545,0.1590674658262232,0.22474744140140632,0.22757536413430945,0.2277919061228342,0.2277493275152735,0.2267879471644008,0.22781622709335503,0.227310178852699,0.22785089117869156,0.22709461342023976,0.2278454525914123,0.22730615875827015,0.2278727357092434
0.22389811544344992,0.22397085807912104,0.2223545078640839,0.22391736771894916,0.22334801741206414,0.22398065786076152,0.22312985461460483,0.22395755037930226,0.2223470673556209,0.2239741230931354,0.22361932754423966,0.19115889598913227,0.21693237388908332,0.14590950831511385,0.19982252612828344,0.11932398913961907,0.21443209193714197,0.15230331270928252,0.2201099868729341,0.22316542013592322,0.22170618900933495,0.21109358229715047,0.20232174952376478,0.20839649520383374,0.18917642667504006,0.20190824845648103,0.25,0.21152722683944003,0.21206336890389701,0.22190196755506217,0.22300717545705329,0.20624422415370694,0.2138315276328984,0.2032766667160557,0.20037948708940645,0.20448482940751256,0.20280853194592105,0.21605892138120222,0.2098467843956356,0.22234840498443523,0.22335049944757013,0.2058595375611779,0.21102268360279466,0.1637015580706635,0.20255279279415606,0.13893556477421334,0.2163937465054886,0.15653305647976545,0.22088911165411818,0.2236982338844704,0.2239030417344027,0.22386118784868508,0.222906591096194,0.2239269465293694,0.22342493352339188,0.2239610188261841,0.2232260111675168,0.22395567307393305,0.2234268848720762,0.22398249068826231
0.2373931254042039,0.23747025245638081,0.23574385798100503,0.23741359669778478,0.23678100053053866,0.2374806031864531,0.23655591185846786,0.23745629573783164,0.23574936915796568,0.23747374395180307,0.2370974280662553,0.2024420166609971,0.23016700329351866,0.15368437948853697,0.21276247319036015,0.12587574353435246,0.22813463028272005,0.16019010166317854,0.23332374308764617,0.23668531853486655,0.2351941453037013,0.22406220055025478,0.2126920793764273,0.22076394373764702,0.1980834414976456,0.21613401866482027,0.21152722683944003,0.25000000000000006,0.22459148195210443,0.23526993172388053,0.236362718303645,0.21800976279244902,0.2277236629182887,0.2150369037563195,0.21399033157700587,0.21672019701374176,0.2175224448539095,0.22858591048150015,0.2229881517943904,0.2357527663684307,0.23681726850146698,0.21865594917840547,0.22352975712874634,0.174380753259511,0.2143398192917314,0.14623102129778637,0.22892309464233673,0.16575882916378915,0.23422091790552813,0.23717049286792494,0.23739834799500947,0.23735397427154536,0.23635654796702665,0.23742369460093346,0.23690007465113527,0.23745982048848538,0.23666690554127284,0.23745415254816532,0.2368919767697679,0.23748258619771329
0.23697717038328056,0.2370541622951304,0.2353364098700074,0.23699758294465043,0.23638816612687982,0.237064490521451,0.2361588358136314,0.23704022928959584,0.23532358169678586,0.2370576216017043,0.23668157920258812,0.202291499666108,0.22986825352224202,0.15496718324219552,0.21261066610075657,0.12903447286354813,0.2274474059086685,0.16297282892974643,0.23296444549377185,0.23622658769758514,0.23471993697862334,0.22395152163682594,0.21208497402547985,0.22109742321621312,0.199617429442586,0.2158535593597609,0.21206336890389701,0.22459148195210443,0.24999999999999997,0.23476526877861645,0.23601278677698417,0.2180735559047789,0.22683530438434754,0.21487473778494906,0.21250396519083642,0.21642016071839165,0.2171480202919488,0.22874365076760766,0.2217111316681304,0.2353377424094341,0.2363992819318241,0.2180193921851942,0.2232324060301929,0.17330259659777503,0.21437973563120694,0.1468765366878099,0.22906793386178864,0.1658373341142888,0.23380752166091345,0.23676286313047873,0.23698238361839333,0.23693808598782787,0.23593470080718187,0.23700768572258055,0.23648211935031227,0.2370437483962396,0.23626367773643545,0.2370380903962924,0.23647744267773022,0.23706647442555226
0.24755614067089252,0.2476365696022096,0.24584111392206592,0.2475774748642294,0.246941508665498,0.24764735804993235,0.24670075150754484,0.24762203796751342,0.24583046502729072,0.24764018461784934,0.24724727125448365,0.21129975338971868,0.24017132622069168,0.16203129489627294,0.22232922917042372,0.13549722899594893,0.2377983224452162,0.17085548195294817,0.24334706034996753,0.2467843767618832,0.24521969762402654,0.2341185343553658,0.22122857893539397,0.23097667768000785,0.20766932427641344,0.22576172298695524,0.22190196755506217,0.23526993172388053,0.23476526877861645,0.25000000000000017,0.2465062513338916,0.2271241280210372,0.23723775910593653,0.22380852004664098,0.2225835688334379,0.22595990933575125,0.2266016794858121,0.23839523710587474,0.23235566395170432,0.24584802946977152,0.24695582942802347,0.2280173048857845,0.2330814428132157,0.18177429142549373,0.22350778186976167,0.1524134835826834,0.23871475380710713,0.1727214528884814,0.24425176634039467,0.2473242247395026,0.24756158669597886,0.2475153131884959,0.24647402000431975,0.24758801854019438,0.2470405343154504,0.2476256910353636,0.24679985572822769,0.24761978042762034,0.24703354978921066,0.24764943136220816
0.24871268506852612,0.2487934897514995,0.24698978930947976,0.24873411829560124,0.24809541616311728,0.24880432941857694,0.24785347728489887,0.2487788877614389,0.24697904515911426,0.2487971214608337,0.24840238050455737,0.2122871978241902,0.2412882082980893,0.16278814007917397,0.22335185835039864,0.13612822575515374,0.23890471555632278,0.1716584263301438,0.2444848961052533,0.24793676998742567,0.2463639816261286,0.23520560024403947,0.22228115181186006,0.2320494927619676,0.2086988815167643,0.22680123534622293,0.22300717545705329,0.236362718303645,0.23601278677698417,0.2465062513338916,0.25000000000000006,0.228099328477064,0.23831673018725913,0.2248621625246568,0.2235743563462596,0.22702184277083678,0.22761266016219905,0.23952332424131081,0.23341731246542427,0.24699663367419386,0.24810951804732545,0.22907637929736144,0.23417878129361408,0.18262109895847092,0.22456808476919465,0.15315231922377998,0.23984220404364223,0.17352620297463517,0.24539304338007992,0.24848000315637825,0.24871815655454915,0.24867166678794794,0.24762507155499194,0.24874471185831024,0.2481944594063782,0.24878256035690866,0.24795333223550262,0.2487766221319721,0.2481877089981135,0.24880641159967232
0.22915525121784303,0.22922970185320649,0.22756814654700977,0.2291749989030407,0.22858690856573902,0.22923969467423944,0.22836404168403482,0.2292162378619445,0.22755948618045738,0.22923304786502732,0.22886937701527832,0.1955806677397197,0.22228637285892489,0.14991866250981098,0.2057246956477565,0.12535480481639757,0.22012691949706675,0.1582178577816718,0.225262379687308,0.22843997234747324,0.2269877944474697,0.21669296915138123,0.20484796746756734,0.21390013919462678,0.19286280616203788,0.20910271176458528,0.20624422415370694,0.21800976279244902,0.2180735559047789,0.2271241280210372,0.228099328477064,0.25000000000000006,0.21876520600573648,0.20688236640135946,0.20497480999862797,0.20864797866200543,0.20902346555356405,0.22016059901227011,0.21496328343308657,0.2275588565329647,0.228583486374809,0.2095158770135397,0.2154145499610203,0.1663203118248539,0.20701956332936067,0.13928250502867864,0.22100979955113126,0.1591843588055271,0.22605107570784133,0.22894030378234512,0.22916029235882387,0.22911745634224917,0.22813390885416662,0.2291847594101578,0.22865990520265256,0.2292196317955573,0.22845258367770338,0.22921416033007275,0.22867235317283605,0.22924160759642695
0.2393691743671581,0.23944694342120945,0.2377043326214315,0.2393898453645315,0.2387713662485209,0.23945737532741138,0.23853967043238036,0.23943292400311028,0.2376937711439959,0.2394504416377951,0.2390700692082663,0.20424548582035576,0.23245308111298446,0.15658307264860932,0.21547026850963008,0.1309179347744172,0.2299889482982178,0.1646315813395981,0.23528557317939897,0.23862961078707529,0.23714251964122476,0.22668811815270765,0.21294846457780164,0.22368608783067864,0.19989409329439317,0.21818322644308807,0.2138315276328984,0.2277236629182887,0.22683530438434754,0.23723775910593653,0.23831673018725913,0.21876520600573648,0.2499999999999999,0.21541646789910204,0.21587816138886978,0.2183509730335111,0.22016794222491745,0.23053683012185883,0.2251709944403133,0.237714602926104,0.23878860988433182,0.22061622527221003,0.2251438740996434,0.17592165465713375,0.2158017062937265,0.1468823952982461,0.23069106659290517,0.16682270570422875,0.23617036745605402,0.2391401717065082,0.23937443945556267,0.2393296973909672,0.238331971220531,0.23939999809838347,0.23887474903125397,0.23943642468570936,0.23863037262618203,0.23943070955701629,0.23886307292982759,0.23945937982801138
