x1,x2,x3,x4,x5,x6,x7,x8,x9,x10,x11,x12,x13,x14,x15,x16,x17,x18,x19,x20,x21,x22,x23,x24,x25,x26,x27,x28,x29,x30,x31,x32,x33,x34,x35,x36,x37,x38,x39,x40,x41,x42,x43,x44,x45,x46,x47,x48,x49,x50,x51,x52,x53,x54,x55,x56,x57,x58,x59,x60
0.25000000000000006,0.2490034373024815,0.24865677048647428,0.24928909742530284,0.24550369161399985,0.24919076954755495,0.24203736352452138,0.24925690922138685,0.24621046254686865,0.2494130546854832,0.24846573356842044,0.17750517542472533,-0.04201955577594714,0.1980140525224359,0.04422828178484458,0.1767963600329343,0.043078397097554386,0.17865767487966813,-0.03761298753131328,0.2492509052834119,0.24718169498289239,-0.005913171970618289,0.15408329124225248,0.028635020673780535,0.11630605421717478,0.07088754787080047,0.10128230995368988,0.06337819990259409,0.12869500452480231,0.248715899052477,0.24752560665467324,0.02650641508520114,0.09920365377786164,0.06057174134753747,0.04881793910292519,0.10327205133877357,0.021603782486815735,0.12002893895600054,0.04958220081580751,0.24906864226238218,0.24897449819516598,0.14825766762706533,-0.016671052046740187,0.17491724137073228,0.024101827525926517,0.18509278605150148,0.03666358840437633,0.1694207341101948,-0.029338027597950962,0.24918920570499492,0.24881091046672793,0.24923005490549904,0.24867613785740642,0.24937848769263757,0.24410822663813653,0.24914220127300435,0.2377616199214937,0.2492696369619938,0.24393327432305,0.24941546755042898
0.2490034373024815,0.25000000000000017,0.24881531853758082,0.24945464557469818,0.2456658091961563,0.24935647422527166,0.24218866549442006,0.24942260276531308,0.24637320162038712,0.24957871444652394,0.24863234114096783,0.1777134082075044,-0.042056023008933144,0.19825768740895428,0.04422009379391268,0.1769208883423982,0.04308980114785751,0.1788512529680803,-0.037689667350087296,0.24941650622275505,0.2473458548185361,-0.005913907901549968,0.15421801281070424,0.028662051182437757,0.11638824244610223,0.07093801632295767,0.10135037633040254,0.06343226176578272,0.12877591715588352,0.24888114378467968,0.2476899610835809,0.026529121881295116,0.09926207597133391,0.06060969892197941,0.0488421355991881,0.10333827699166577,0.02161579685681036,0.12010834531241173,0.04961455898113876,0.24923407294392147,0.249139857285492,0.1483518135513456,-0.016678597709636547,0.17503064750086572,0.02411859195917501,0.18521600842827984,0.03668830791120317,0.16953250633294675,-0.029357719808324592,0.24935471444015955,0.24897617001714464,0.24939559285516966,0.24884129160994986,0.2495441240968053,0.24427027293316675,0.24930767826134523,0.23791941095790978,0.2494351998732512,0.24409524040572578,0.24958112864899468
0.24865677048647428,0.24881531853758082,0.2500000000000002,0.24910070714046278,0.24531300432581155,0.24901213717593024,0.24183473072033634,0.24906909660435622,0.2460187413790256,0.24922490219569515,0.248278337215319,0.17781458128855143,-0.04272719154434983,0.19824784954034477,0.04397362688128027,0.17670613818262532,0.042923973219640026,0.1787546943807575,-0.037785728232637185,0.2490629572150185,0.24699299511541556,-0.006241431638319603,0.15420015702842427,0.028423357336861157,0.11637365588017695,0.07073945995224766,0.10130099508544056,0.06322184131769042,0.12865736138490896,0.24852883414508856,0.24733932487254995,0.026558179379928836,0.09903871299731154,0.06059768367263071,0.048684644462631994,0.10326295213644036,0.021481211466742308,0.12000434436660318,0.04948443689183944,0.24888069101933574,0.24878653456511698,0.1480952346228623,-0.016610197039348868,0.1747512337146075,0.02409966223502495,0.18493778936173186,0.036627269824195334,0.16928384488568662,-0.029305518787888618,0.24900113948529656,0.2486232127416967,0.249042040564812,0.24848844222679142,0.2491903613910135,0.24392208121430192,0.24895416769865103,0.23757774499636147,0.24908155966139986,0.24374767248501078,0.24922731338677181
0.24928909742530284,0.24945464557469818,0.24910070714046278,0.2500000000000003,0.24594777610154608,0.2496412784132986,0.2424712252231758,0.2497077523911395,0.2466563278808295,0.2498641002694078,0.2489159367358059,0.17786953238795836,-0.04205055188143436,0.19843012460584036,0.04427222109640558,0.17712031279853463,0.04312829836466495,0.17904513747955803,-0.037724797663235256,0.2497017047248646,0.24762869847529456,-0.005894884918969282,0.1543691760388591,0.028716256544691517,0.11649982607572826,0.07103545124713732,0.1014469597435136,0.0635149364909298,0.12890919902736003,0.24916566828599493,0.24797309064703527,0.02654645154213087,0.0993915363251393,0.06066160218395323,0.04891850895948822,0.10344111004670152,0.02166164455251692,0.12023169240604492,0.04968379925166218,0.24951907488700656,0.24942477228553792,0.14853078669818545,-0.016707051543421367,0.17523762857258868,0.0241433569977482,0.18543081702612252,0.036732305853931335,0.16972816747720793,-0.029393468720923282,0.24963986177756825,0.24926086683094326,0.24968076937991074,0.24912585314490474,0.24982947031383052,0.24454998641156225,0.24959277011324182,0.2381923761291237,0.24972042731964247,0.24437466062771188,0.24986651731307447
0.24550369161399985,0.2456658091961563,0.24531300432581155,0.24594777610154608,0.25000000000000017,0.24584683014340403,0.23871435614472733,0.24591524137050796,0.2428685307095414,0.24606961502181368,0.24514960486660933,0.17605476075475826,-0.042188891973057495,0.19643723427154955,0.04061085235286676,0.17513327374512513,0.042042806554067176,0.17744721542011355,-0.03810422118238094,0.24590953806842614,0.243855504284253,-0.007199109390021887,0.15281667096442592,0.0276905658519215,0.11529639274469859,0.06951310716044957,0.1002679138486668,0.06195656133900432,0.12718313493346153,0.2453839717852067,0.24420925347944403,0.026449518414013405,0.09755119449838232,0.05999076450072371,0.04785369607629819,0.10211101168304831,0.02094796206697821,0.11864498593068798,0.04868689991612697,0.24572960699554663,0.24563648863087253,0.1460707451092342,-0.016270653879770804,0.17244928800607118,0.02383388041014953,0.18256138029757346,0.03614461740354312,0.16711698492398758,-0.028909340405724064,0.24584851740076683,0.24547554776303993,0.2458890724277552,0.24534222427664282,0.2460355142241322,0.24082916850626965,0.24580210316810674,0.2345596802062088,0.24592800728396622,0.24065804981044336,0.24607199966397003
0.24919076954755495,0.24935647422527166,0.24901213717593024,0.2496412784132986,0.24584683014340403,0.25000000000000017,0.24236873173089654,0.24960915106386766,0.24655645110507682,0.24976539612238247,0.2488183365687981,0.17787447692766972,-0.042154580918385934,0.19843504579480226,0.044217830459243414,0.17706562116257643,0.043110542034358386,0.17900343434035756,-0.037735223323805585,0.2496030659219993,0.24753065630598087,-0.005947178637551622,0.15435419955241086,0.028660470840416032,0.116495157988867,0.07097574716249981,0.10144241990097046,0.06346259509365039,0.12888390637238523,0.24906736460630918,0.24787531969656557,0.026559727653550396,0.09932407336664077,0.060668378694862246,0.04886424288009019,0.10342765775650176,0.02161530465384855,0.12020925613795164,0.049641436519838204,0.2494204883681019,0.24932618878947344,0.14845542346578164,-0.01668390938456965,0.17515647298542897,0.02413885692275889,0.18535210911163919,0.036714133605647285,0.16965799012523924,-0.0293779473798623,0.24954121573882687,0.2491624012181279,0.2495821377010663,0.24902740901311174,0.24973078012864555,0.2444526822948349,0.24949414476396034,0.23809667795100148,0.24962176976246972,0.24427758545536885,0.24976781228335404
0.24203736352452138,0.24218866549442006,0.24183473072033634,0.2424712252231758,0.23871435614472733,0.24236873173089654,0.2500000000000003,0.24243478067571667,0.2395538704114109,0.24259124839769894,0.24165959551332628,0.17366396632857584,-0.04126825244588567,0.19401875054903586,0.04325681840711307,0.17302629998420563,0.036573725008670795,0.177750024457793,-0.0401776503790838,0.2424343090176167,0.24038644111056054,-0.009403815033986117,0.15312167996240644,0.024666588333175275,0.11622171495746898,0.06659078163577602,0.10128896219812158,0.05859780615305642,0.12721787837725393,0.24192074070460512,0.2407704199282222,0.02757753204138745,0.09456035565443821,0.06108374345217463,0.04527996248371673,0.10236582858975159,0.018396997222256295,0.11852695080842143,0.04651237264960521,0.24225488345796883,0.24216124238253084,0.14300206526692363,-0.01507094672089948,0.16931627664588003,0.023782916556479246,0.17965151093802814,0.03539408362547519,0.16457495720429358,-0.028258626723728218,0.24237153364360803,0.24200558118558263,0.2424132490820818,0.24187253180759977,0.24255763609359254,0.23738438766972225,0.24232584868331206,0.23115160530709883,0.24245104051208588,0.237225324317209,0.24259359200014227
0.24925690922138685,0.24942260276531308,0.24906909660435622,0.2497077523911395,0.24591524137050796,0.24960915106386766,0.24243478067571667,0.25000000000000006,0.24662341198138185,0.2498319364413949,0.24888432263066937,0.17792161132611292,-0.04212965431505409,0.19848489878945916,0.04423109533376047,0.17711682729731712,0.04309298166607063,0.17907802415404098,-0.037767138259251605,0.24966957561536823,0.24759649176718185,-0.005944867212571071,0.15439730741013583,0.02867441576649448,0.11652290485114479,0.07099923764883187,0.10146514701174157,0.06347839732175363,0.12891417051142637,0.24913370630664486,0.2479413247666273,0.026564629788784367,0.09935339433570935,0.0606783430214361,0.048882737749613416,0.10344972142644321,0.021626995079482354,0.12023708456168203,0.04965773363261716,0.24948693950061168,0.24939262071707988,0.14849664937721352,-0.016690462734724847,0.17520468458785554,0.024144582183833876,0.18540249908653889,0.036724609208670524,0.16970354242599,-0.029386458509741857,0.24960770191511525,0.24922878086669537,0.24964862921569841,0.24909375602335213,0.2497973111386853,0.24451791564767197,0.24956061705638347,0.23816038031352696,0.2496882731383428,0.24434274924285057,0.24983435325725112
0.24621046254686865,0.24637320162038712,0.2460187413790256,0.2466563278808295,0.2428685307095414,0.24655645110507682,0.2395538704114109,0.24662341198138185,0.25000000000000017,0.2467787575021724,0.24584588260129997,0.17562338289863821,-0.0409111051757088,0.1962164069782438,0.04388766622092895,0.17482392300110056,0.04137541047767855,0.17871745260435185,-0.039253737503947686,0.2466189113504822,0.24455254504818355,-0.006312901167203372,0.15325529553953715,0.02758659833957744,0.11580135869380563,0.06953295262470964,0.10079685405101403,0.061764035204312555,0.12781638291488398,0.24609094738577184,0.24491407109324556,0.026696510477923794,0.09761702357446642,0.06030531472798521,0.04781363628791453,0.10253105061425763,0.02079307215259389,0.11914341655334726,0.04864022520098764,0.2464376430598166,0.24634405842924936,0.14636754842894886,-0.016209733824735385,0.17286842997022456,0.02392420523256252,0.1830675111282421,0.03622774840842058,0.1675697315126792,-0.0289661547148828,0.24655686805520902,0.24618296377384544,0.24659767925301,0.24604908215674295,0.2467445438869392,0.2415195321934045,0.24651031579327637,0.23522792532230732,0.24663667450008453,0.24134896731582167,0.24678113375911295
0.2494130546854832,0.24957871444652394,0.24922490219569515,0.2498641002694078,0.24606961502181368,0.24976539612238247,0.24259124839769894,0.2498319364413949,0.2467787575021724,0.2500000000000003,0.2490396537556001,0.17796562810535438,-0.04209222427451557,0.198533376685655,0.044291192665059737,0.17720841569006932,0.04314828417658808,0.17913640089838526,-0.03774589606833366,0.24982588730015992,0.2477518092056382,-0.005904974637410293,0.15444980875829706,0.028726284549409557,0.11656074184619844,0.07106890863255659,0.10149912810211952,0.06354408212136374,0.1289745226880422,0.24928959366564107,0.24809642235313537,0.026560839501452653,0.09943946033958177,0.06069315293385553,0.048941285261313326,0.10349391143573862,0.021670496467041587,0.12029271963046537,0.04970742159062602,0.24964316528941802,0.2495488145500609,0.14860383450082676,-0.016714557342217815,0.1753242221044802,0.02415565160054088,0.18552273356807752,0.03675040118202925,0.16981243196934623,-0.0294078861473499,0.24976401190191533,0.2493848299803773,0.24980494134845282,0.24924974775390402,0.24995371623756277,0.24467157159792532,0.24971689676354986,0.2383107531739248,0.24984461841085684,0.24449616526719453,0.24999078165929606
0.24846573356842044,0.24863234114096783,0.248278337215319,0.2489159367358059,0.24514960486660933,0.2488183365687981,0.24165959551332628,0.24888432263066937,0.24584588260129997,0.2490396537556001,0.25000000000000033,0.17704433535340297,-0.04243403061606651,0.19833683420166118,0.04380332221435778,0.1767772751197677,0.04250548534498557,0.17911886040542377,-0.03818454570956074,0.24887794271799507,0.24680651338381615,-0.006378378214263918,0.15431654863396602,0.028251121957679096,0.11649728641581567,0.0705136173941885,0.10143281645866735,0.06296169954501886,0.12870050813759848,0.24834452176010421,0.24715650331069333,0.026667036418332495,0.09882479886929499,0.0606864015087109,0.048493268497306785,0.10330095782594344,0.021291827346734744,0.12003248835856063,0.049328187610112435,0.248695617179243,0.2486013775462797,0.14789915691156394,-0.016518364463673718,0.17456405374725978,0.02410356817714317,0.18477791819531442,0.036583422144942146,0.16914160741603548,-0.029265921432653635,0.248815930811409,0.24843841328948782,0.2488569290614713,0.24830359504781177,0.2490051402676961,0.24373766199759772,0.2487689939699073,0.23739422259584214,0.24889637203114065,0.2435641333579557,0.2490420642604976
0.17750517542472533,0.1777134082075044,0.17781458128855143,0.17786953238795836,0.17605476075475826,0.17787447692766972,0.17366396632857584,0.17792161132611292,0.17562338289863821,0.17796562810535438,0.17704433535340297,0.2500000000000002,-0.11342534596476606,0.18968912945449107,0.001411547526217243,0.13728262987817896,0.017092423923345916,0.1517084694903403,-0.047582879175996254,0.17785314755881876,0.17605765025473122,-0.07436868525182595,0.1548233228181658,-0.02015692810368603,0.11844377187323805,0.02152733570139079,0.09913364819486027,0.020087348629648144,0.11019507229488822,0.17757178408022015,0.17675715215750257,0.03612848612814557,0.049590590505897494,0.06503907085161172,0.009862862366215273,0.09368905233494464,-0.01255679068279595,0.10397368914975498,0.019169569531282998,0.1777051926609009,0.17761503075842955,0.09386140219137272,6.2020632475676074e-6,0.11633138560354774,0.021085642137294476,0.12790724999060557,0.023501568124212866,0.11864909501365571,-0.018036132941199493,0.17778340703410309,0.17753624095595738,0.17783518200277149,0.17741789646049982,0.17794122350884253,0.17366410863854462,0.17775075891130326,0.1684556261731777,0.1778553907365042,0.1736472412572704,0.17796749849183094
-0.04201955577594714,-0.042056023008933144,-0.04272719154434983,-0.04205055188143436,-0.042188891973057495,-0.042154580918385934,-0.04126825244588567,-0.04212965431505409,-0.0409111051757088,-0.04209222427451557,-0.04243403061606651,-0.11342534596476606,0.2500000000000001,-0.09329056388330245,0.03091769029765947,-0.04227671730421348,0.00012961412145061365,-0.04917094180148346,0.024460666458659495,-0.04206036063854348,-0.04133034468119916,0.06460210652016915,-0.06657081359396749,0.042514242010472915,-0.05641287072883371,0.01756969686136873,-0.04527415979734503,0.018325794114759014,-0.041767115643735475,-0.04208780113108311,-0.041924594363635014,-0.02226487464505245,0.004962024868231991,-0.03390519729616366,0.017502372589200944,-0.03934759132731485,0.026195854544406653,-0.03996760980267442,0.008980227465300673,-0.0420185198575501,-0.041979081869846877,-0.012659554989453816,-0.009594281119243446,-0.020729291237093952,-0.008158005893501817,-0.02671139586030671,-0.003292056281843962,-0.026305585321824778,0.0018254464671211615,-0.04203075403976681,-0.04199106971097774,-0.04206166191289767,-0.04194634753124225,-0.042086871066869314,-0.040653186626427376,-0.04202383676574702,-0.03885658340994015,-0.042059908232210806,-0.040735914822243494,-0.04209297230936434
0.1980140525224359,0.19825768740895428,0.19824784954034477,0.19843012460584036,0.19643723427154955,0.19843504579480226,0.19401875054903586,0.19848489878945916,0.1962164069782438,0.198533376685655,0.19833683420166118,0.18968912945449107,-0.09329056388330245,0.25000000000000006,-0.006730983960071543,0.15144325642768303,0.02176569683569392,0.16615577693150393,-0.05293956156695065,0.1984103947236101,0.19643133584547015,-0.046068523391393605,0.1590758477914461,-0.01879094451410366,0.12603189127067368,0.031333359838918134,0.10594726485570953,0.025831695746044714,0.12029740728936648,0.1980836571152928,0.19716616358034708,0.0383834250861952,0.05834052613546896,0.07012546527407724,0.014383782697565193,0.10205788789875767,-0.010292396732397934,0.1135196538334181,0.02339513089159154,0.19824495027330985,0.19814703655538143,0.10601773816130461,-0.0013847357516875432,0.13074702009573255,0.02297019016918309,0.1432475979556568,0.026524076676066606,0.1327237267615861,-0.020554151778025456,0.1983332394386097,0.19805435351755318,0.1983878587590003,0.19792464535335888,0.19850615203582384,0.19380209344791696,0.19829679030700254,0.1880894045512428,0.19841160915101916,0.19377509966693104,0.19853546547331505
0.04422828178484458,0.04422009379391268,0.04397362688128027,0.04427222109640558,0.04061085235286676,0.044217830459243414,0.04325681840711307,0.04423109533376047,0.04388766622092895,0.044291192665059737,0.04380332221435778,0.001411547526217243,0.03091769029765947,-0.006730983960071543,0.25000000000000044,-0.027526092878522753,0.033671505934970695,0.014832209192861786,0.007486318791031132,0.04426173167134976,0.04459143085914582,0.02003808227949236,0.017004025101140834,0.02635796749394887,0.008027454903887472,0.03878612434066474,0.011133431288968494,0.027508776775117177,0.018804835351628642,0.044081133638753066,0.04391713651568994,-0.001959047306537819,0.023995586764029152,0.003798734087846094,0.015750953073468105,0.01087704382905569,0.013575327145830623,0.015635119212938718,0.01354936195352115,0.04423701428218567,0.044223968233005694,0.030640911355532843,-0.007114219152122879,0.033809276115104425,0.0027715617334421122,0.03446203110801788,0.007376857800737699,0.030505581978148892,-0.006157270680416032,0.044258680098101584,0.044184157602289255,0.04425862685865264,0.04416779534627657,0.044284966970645066,0.043528015505298875,0.044251078311067255,0.04263878914715621,0.044268740155662595,0.04346328374687984,0.04429154875514266
0.1767963600329343,0.1769208883423982,0.17670613818262532,0.17712031279853463,0.17513327374512513,0.17706562116257643,0.17302629998420563,0.17711682729731712,0.17482392300110056,0.17720841569006932,0.1767772751197677,0.13728262987817896,-0.04227671730421348,0.15144325642768303,-0.027526092878522753,0.2500000000000005,-0.02884820865236401,0.1328290309313672,-0.031057276321029715,0.17708055817320065,0.1751567792879716,-0.023625448188831055,0.1224938520757223,0.0014092350212535846,0.10207527654892798,0.0030220196529672397,0.09349679604273264,0.025330346291444962,0.10762061544415923,0.17679890004185111,0.17598697827444237,0.03421200705882991,0.0550768916864355,0.06481294362533384,0.013434299276179144,0.09285189694364646,-0.008673142784899467,0.10123153432275882,0.021430688616459966,0.17694992042084148,0.1768637026992987,0.09515476162240441,-0.0014727837428670583,0.11685328527913039,0.020238171900022736,0.12787244886947868,0.023420779474301885,0.11883361749145728,-0.01827869961568013,0.17702939830267192,0.17678072457700866,0.17707838946148016,0.17666598823795446,0.1771840869425927,0.1729882169329934,0.17699784154458312,0.1678839041667775,0.1771002252586685,0.17297165335383688,0.17721014453386924
0.043078397097554386,0.04308980114785751,0.042923973219640026,0.04312829836466495,0.042042806554067176,0.043110542034358386,0.036573725008670795,0.04309298166607063,0.04137541047767855,0.04314828417658808,0.04250548534498557,0.017092423923345916,0.00012961412145061365,0.02176569683569392,0.033671505934970695,-0.02884820865236401,0.2500000000000004,-0.027476317740855568,0.03835734764667251,0.04309024302276879,0.04324842983789003,0.014734715912934727,0.017822958826303033,0.003532461768948259,0.013788419151822436,0.03257803557274049,0.0059588463196935575,0.03523933771803888,0.013667966205205117,0.04298998303970285,0.04277817724311392,-0.004006890595044248,0.024125165421550635,0.003009261847853267,0.01594920698000202,0.010847842144947183,0.01386426124952587,0.014142175506498975,0.016099158411607098,0.04309444505605757,0.04308470059228595,0.031115093698423055,-0.007625628485958752,0.03356573413483259,0.0031127587469246486,0.03312537266167531,0.007550393412444524,0.02999647110973592,-0.0060217324681063845,0.043115753284152764,0.04304419426043136,0.04311674764301011,0.0430286125014907,0.043142362439184366,0.042397501104065954,0.04310821727984316,0.04149181690577489,0.04312590527371712,0.04231988476792256,0.043148819137781486
0.17865767487966813,0.1788512529680803,0.1787546943807575,0.17904513747955803,0.17744721542011355,0.17900343434035756,0.177750024457793,0.17907802415404098,0.17871745260435185,0.17913640089838526,0.17911886040542377,0.1517084694903403,-0.04917094180148346,0.16615577693150393,0.014832209192861786,0.1328290309313672,-0.027476317740855568,0.2500000000000005,-0.10801944954584788,0.179107209278412,0.17709573467173376,-0.021945765866165437,0.1347821637688863,0.004107841534506955,0.1068485609212199,0.026555059740318934,0.10181302729838078,-0.0055096213975740355,0.11540608573663624,0.17867784341091983,0.17791079169577118,0.03599524641166724,0.05281773111392206,0.06014136382489964,0.017425328652262023,0.08932194684465368,-0.007943053412139411,0.10256744092186584,0.01794047467688374,0.1788768911589718,0.17879212154094484,0.09513604396016877,-0.0017809185645054797,0.11844459160684725,0.019913222928671846,0.1301632735782899,0.02376930449469623,0.11949699892486958,-0.01858595101290247,0.17895993255026157,0.1787039603498846,0.17900490598658758,0.17859245846374108,0.17911160895060563,0.1749369034981766,0.17892543553819318,0.1699016390421198,0.17902733609846672,0.174904181250864,0.17913808716672067
-0.03761298753131328,-0.037689667350087296,-0.037785728232637185,-0.037724797663235256,-0.03810422118238094,-0.037735223323805585,-0.0401776503790838,-0.037767138259251605,-0.039253737503947686,-0.03774589606833366,-0.03818454570956074,-0.047582879175996254,0.024460666458659495,-0.05293956156695065,0.007486318791031132,-0.031057276321029715,0.03835734764667251,-0.10801944954584788,0.25000000000000033,-0.0377996599459566,-0.036999024790645596,0.01816871076946563,-0.04114062209755216,0.01653193645703941,-0.0383556889174927,0.012683708273371052,-0.03927618989770029,0.028101611821846575,-0.03959812013945615,-0.03769816776590421,-0.03756781546383052,-0.018908065667072326,0.0017856185683951663,-0.025608980300329435,0.009923919529268249,-0.03113917398061077,0.019100626020653544,-0.03348986348010918,0.008046701183630772,-0.037681508592173035,-0.037650878333761545,-0.012316098770539878,-0.006980146628309821,-0.019790617379997235,-0.006219302414682467,-0.02519891654333414,-0.0030802234256164756,-0.02374470914482695,0.002011503186634143,-0.03769614661380317,-0.037654821734066944,-0.037718150373544215,-0.03762012547495524,-0.037740753330569185,-0.036564294962163346,-0.0376890915703792,-0.035121195755986316,-0.037718504767594266,-0.03662546141624035,-0.03774622394983387
0.2492509052834119,0.24941650622275505,0.2490629572150185,0.2497017047248646,0.24590953806842614,0.2496030659219993,0.2424343090176167,0.24966957561536823,0.2466189113504822,0.24982588730015992,0.24887794271799507,0.17785314755881876,-0.04206036063854348,0.1984103947236101,0.04426173167134976,0.17708055817320065,0.04309024302276879,0.179107209278412,-0.0377996599459566,0.2500000000000004,0.24759003429132542,-0.005941146586926633,0.15439073655276103,0.028677637212744262,0.11652200426702519,0.07100363222522008,0.10146334704875991,0.06345322008694602,0.1289155300833915,0.24912758589867726,0.24793536892526113,0.026560839184526383,0.09935550371683322,0.060669890995779165,0.04889207490748073,0.10344064587464279,0.02163392351396241,0.12023086496860927,0.0496566356721456,0.24948090337045725,0.24938659651667922,0.14849566335398978,-0.016693701072858537,0.17520324691492176,0.02414255237704824,0.18539940563391027,0.03672458096166165,0.16969937763469312,-0.02938613787275315,0.24960166742851142,0.24922274615270343,0.24964258440299342,0.24908773762971673,0.24979126262551818,0.2445121868241715,0.2495545813495529,0.2381550534504097,0.24968222985108268,0.24433697333582535,0.24982830393693448
0.24718169498289239,0.2473458548185361,0.24699299511541556,0.24762869847529456,0.243855504284253,0.24753065630598087,0.24038644111056054,0.24759649176718185,0.24455254504818355,0.2477518092056382,0.24680651338381615,0.17605765025473122,-0.04133034468119916,0.19643133584547015,0.04459143085914582,0.1751567792879716,0.04324842983789003,0.17709573467173376,-0.036999024790645596,0.24759003429132542,0.25000000000000033,-0.008007364458004063,0.1526917864448524,0.029328152686373322,0.11467422912965,0.07163483525541796,0.09958399126228379,0.06350808826853208,0.12719135871951756,0.2470573643562571,0.24587202588682197,0.02588194296057746,0.09905136183075715,0.05935920418531271,0.04925533156690489,0.10189254368411543,0.022317312429638782,0.11863218815277128,0.04974948893497934,0.24741007805407741,0.24731737246099872,0.14756650562888324,-0.016886620970411145,0.1739898866333072,0.023841047778490408,0.18398928922822896,0.03652411759498346,0.1683470131389182,-0.02923272637469869,0.24753019187629338,0.2471536702830567,0.24757002842671885,0.2470203296569105,0.2477174616316103,0.24249773657029144,0.24748338054672628,0.2362151518695702,0.24760955375093577,0.24232060408695902,0.24775420531041198
-0.005913171970618289,-0.005913907901549968,-0.006241431638319603,-0.005894884918969282,-0.007199109390021887,-0.005947178637551622,-0.009403815033986117,-0.005944867212571071,-0.006312901167203372,-0.005904974637410293,-0.006378378214263918,-0.07436868525182595,0.06460210652016915,-0.046068523391393605,0.02003808227949236,-0.023625448188831055,0.014734715912934727,-0.021945765866165437,0.01816871076946563,-0.005941146586926633,-0.008007364458004063,0.2500000000000004,-0.1008239339030642,0.07715900164275169,-0.07501532583256726,0.050664847901231026,-0.059467383722649085,0.047389472715775316,-0.04440987095802014,-0.006058715446803056,-0.0061376599792779115,-0.03692692728880906,0.041407291324932,-0.050319367232651756,0.05098027400235819,-0.045868673797417756,0.05756717868988731,-0.04169571848299512,0.03347043195697079,-0.005866065509768041,-0.005813463371534763,0.021379270069989156,-0.024607842139821652,0.013874886344347259,-0.008434560945130572,0.004309388710425215,0.005247589796962208,0.00043348585915394065,-0.00535168654145433,-0.005852263403356513,-0.005891017948842629,-0.005900629572254433,-0.005842240705181664,-0.00590453313570951,-0.004698370668359944,-0.0058542797089044946,-0.0031460544020010628,-0.005885551058880843,-0.004942897301131479,-0.005905062109770413
0.15408329124225248,0.15421801281070424,0.15420015702842427,0.1543691760388591,0.15281667096442592,0.15435419955241086,0.15312167996240644,0.15439730741013583,0.15325529553953715,0.15444980875829706,0.15431654863396602,0.1548233228181658,-0.06657081359396749,0.1590758477914461,0.017004025101140834,0.1224938520757223,0.017822958826303033,0.1347821637688863,-0.04114062209755216,0.15439073655276103,0.1526917864448524,-0.1008239339030642,0.2500000000000003,-0.0665222161772196,0.16178854396063663,-0.01723548807766836,0.13843281792772796,-0.014713200571180474,0.13022348789832272,0.15424120498430413,0.15362660553693888,0.06442626071004222,0.007277837770126453,0.10187009616604353,-0.038187464042228995,0.11995060326191942,-0.06073451261806852,0.12385546511024856,-0.013690186846802548,0.15419914094106396,0.15407330816199852,0.058995468292834634,0.022377596169129082,0.08455983442690211,0.02494257233809587,0.10352617851309207,0.014849163228288945,0.09938908555599135,-0.01071371565209692,0.15425036251577562,0.1540773338674769,0.15433648797609334,0.1539314634879368,0.1544289240192238,0.149766637337766,0.15422577621516315,0.14405185024099457,0.15434078512737381,0.14999701640939134,0.15445136059902975
0.028635020673780535,0.028662051182437757,0.028423357336861157,0.028716256544691517,0.0276905658519215,0.028660470840416032,0.024666588333175275,0.02867441576649448,0.02758659833957744,0.028726284549409557,0.028251121957679096,-0.02015692810368603,0.042514242010472915,-0.01879094451410366,0.02635796749394887,0.0014092350212535846,0.003532461768948259,0.004107841534506955,0.01653193645703941,0.028677637212744262,0.029328152686373322,0.07715900164275169,-0.0665222161772196,0.2500000000000004,-0.10415545618244434,0.10035354127914799,-0.07974570115235936,0.07645910948441778,-0.05137989266722511,0.028323205382848785,0.028009906010836198,-0.054673814532896776,0.08028826372295009,-0.08143177519743952,0.09438730083246082,-0.06500452521181282,0.10239630107886212,-0.05219515178260367,0.06198952513464206,0.02873662826364441,0.02881486585055743,0.05615482736521219,-0.04276538015201869,0.04958591585784692,-0.01010130614413195,0.03640842285806446,0.015564660209477367,0.02592063298676766,-0.013293114879822165,0.028783459481487857,0.028656355931285193,0.02870521395453334,0.028714775171260903,0.028721380212032802,0.02994343098981805,0.02876913505089303,0.03165771829681326,0.028735714648084314,0.029505512573384463,0.028726486057832106
0.11630605421717478,0.11638824244610223,0.11637365588017695,0.11649982607572826,0.11529639274469859,0.116495157988867,0.11622171495746898,0.11652290485114479,0.11580135869380563,0.11656074184619844,0.11649728641581567,0.11844377187323805,-0.05641287072883371,0.12603189127067368,0.008027454903887472,0.10207527654892798,0.013788419151822436,0.1068485609212199,-0.0383556889174927,0.11652200426702519,0.11467422912965,-0.07501532583256726,0.16178854396063663,-0.10415545618244434,0.2500000000000004,-0.06207675673620231,0.17170358374086508,-0.05357835444756071,0.1461951320312796,0.11652501950264868,0.11625389825547712,0.0869771926998296,-0.0316986733273101,0.1337508972276805,-0.08090076886790985,0.13969048850412172,-0.10491379984478746,0.13586011981220122,-0.048874976058168845,0.11634137962028025,0.1161961331990498,0.01908318245925605,0.042207189618227794,0.04538596589964965,0.026543102918303835,0.06868098187756524,0.0047091024826486525,0.07043853651349496,-0.001343264437634834,0.11636166155314151,0.11627994361158575,0.11647519077515579,0.11612762822856373,0.11654547628858504,0.11192311768618403,0.11634710315375656,0.10616945863866056,0.11646284927059646,0.11236422461179915,0.1165619290106187
0.07088754787080047,0.07093801632295767,0.07073945995224766,0.07103545124713732,0.06951310716044957,0.07097574716249981,0.06659078163577602,0.07099923764883187,0.06953295262470964,0.07106890863255659,0.0705136173941885,0.02152733570139079,0.01756969686136873,0.031333359838918134,0.03878612434066474,0.0030220196529672397,0.03257803557274049,0.026555059740318934,0.012683708273371052,0.07100363222522008,0.07163483525541796,0.050664847901231026,-0.01723548807766836,0.10035354127914799,-0.06207675673620231,0.25000000000000017,-0.07705294934575817,0.10061759947703502,-0.03204144254147951,0.07055246626155633,0.07002343329320015,-0.050658826262629124,0.0938310831749219,-0.06950631127152825,0.10097670989639573,-0.049506487704339866,0.10796236213954788,-0.033120401824005864,0.07194162915945719,0.07102588198704494,0.07107946928747712,0.08185138119895868,-0.04574928626497574,0.07893763430979783,-0.005990606772053013,0.06782550436352099,0.021323912087403245,0.05515500503206596,-0.019097891827813428,0.07108752674504201,0.0708968225917016,0.07101681295634203,0.07092806474947347,0.07105816732601897,0.07137688537376728,0.07106632220951743,0.07205029105721444,0.07105394618092761,0.07093310016425333,0.07106956886173928
0.10128230995368988,0.10135037633040254,0.10130099508544056,0.1014469597435136,0.1002679138486668,0.10144241990097046,0.10128896219812158,0.10146514701174157,0.10079685405101403,0.10149912810211952,0.10143281645866735,0.09913364819486027,-0.04527415979734503,0.10594726485570953,0.011133431288968494,0.09349679604273264,0.0059588463196935575,0.10181302729838078,-0.03927618989770029,0.10146334704875991,0.09958399126228379,-0.059467383722649085,0.13843281792772796,-0.07974570115235936,0.17170358374086508,-0.07705294934575817,0.2500000000000001,-0.08481341903776081,0.15985263748962575,0.10143224272661572,0.10136545586360349,0.0913836395860111,-0.042407683340051135,0.143874315357341,-0.09565759763526932,0.14997119247484011,-0.1239553706751247,0.14278675882697714,-0.06577890906283047,0.10129554509114565,0.1011423442707812,0.005043979243842929,0.04848553586728638,0.031193029071647543,0.025946503958687663,0.055807137057834105,0.0009548321623367522,0.0583501416297076,0.0029065014904051654,0.10130213931444737,0.101254746006915,0.1014246144521407,0.10111066850807215,0.10148627610749403,0.0969633811556953,0.10129303393498099,0.0912050897676058,0.10140811837162814,0.09744308199299387,0.10150016205616705
0.06337819990259409,0.06343226176578272,0.06322184131769042,0.0635149364909298,0.06195656133900432,0.06346259509365039,0.05859780615305642,0.06347839732175363,0.061764035204312555,0.06354408212136374,0.06296169954501886,0.020087348629648144,0.018325794114759014,0.025831695746044714,0.027508776775117177,0.025330346291444962,0.03523933771803888,-0.0055096213975740355,0.028101611821846575,0.06345322008694602,0.06350808826853208,0.047389472715775316,-0.014713200571180474,0.07645910948441778,-0.05357835444756071,0.10061759947703502,-0.08481341903776081,0.2500000000000001,-0.05719176412748057,0.0632204251326485,0.0625818032250959,-0.053127961849071745,0.09144048049078488,-0.0625376369476497,0.0899727988535333,-0.04609399924368993,0.09969044265750376,-0.03693186455779028,0.0786350419128562,0.06351188794029482,0.06355610327898609,0.08009448958752219,-0.044696840032385846,0.07350343591613892,-0.005309402028954194,0.060269205073615585,0.01907564484292285,0.05212898061493034,-0.0189686732946339,0.06355870088063811,0.06339027288824844,0.06349753094233988,0.06341470681881847,0.0635346624116618,0.06386527189835874,0.06354388493247426,0.06442410912721581,0.06353188797128101,0.06343650643434419,0.06354470731063029
0.12869500452480231,0.12877591715588352,0.12865736138490896,0.12890919902736003,0.12718313493346153,0.12888390637238523,0.12721787837725393,0.12891417051142637,0.12781638291488398,0.1289745226880422,0.12870050813759848,0.11019507229488822,-0.041767115643735475,0.12029740728936648,0.018804835351628642,0.10762061544415923,0.013667966205205117,0.11540608573663624,-0.03959812013945615,0.1289155300833915,0.12719135871951756,-0.04440987095802014,0.13022348789832272,-0.05137989266722511,0.1461951320312796,-0.03204144254147951,0.15985263748962575,-0.05719176412748057,0.2500000000000003,0.1283830813052802,0.12843942769822933,0.07692466275809307,-0.01659648251270106,0.11781192884409003,-0.05705758248236526,0.1315528002027255,-0.08816452937051171,0.1482505926184351,-0.06410387614915886,0.12874329716680039,0.1286106938182984,0.030646393464297903,0.03450983903266391,0.058431724585824886,0.022249022706524436,0.08314529906649643,0.008912813103956954,0.07285033925337998,0.000983086261770362,0.12877815402812073,0.12866360537282084,0.12887985534362928,0.1285497962421967,0.12895743335208593,0.12444512688614914,0.12876037995437567,0.11880512991654092,0.1288745550527923,0.12475825732806523,0.1289757980053527
0.248715899052477,0.24888114378467968,0.24852883414508856,0.24916566828599493,0.2453839717852067,0.24906736460630918,0.24192074070460512,0.24913370630664486,0.24609094738577184,0.24928959366564107,0.24834452176010421,0.17757178408022015,-0.04208780113108311,0.1980836571152928,0.044081133638753066,0.17679890004185111,0.04298998303970285,0.17867784341091983,-0.03769816776590421,0.24912758589867726,0.2470573643562571,-0.006058715446803056,0.15424120498430413,0.028323205382848785,0.11652501950264868,0.07055246626155633,0.10143224272661572,0.0632204251326485,0.1283830813052802,0.2500000000000001,0.24740375993799937,0.026814982374303773,0.09883004266574835,0.06099268570640906,0.04834831629819788,0.1036225249661979,0.0211030463357516,0.1202128150490511,0.049389269985488364,0.2489450612869933,0.24885056668836988,0.14796999166463343,-0.01643811094857611,0.17467400446195494,0.024166156360270936,0.1849193215859501,0.03658438259001634,0.169342437786809,-0.029298022763347413,0.2490654666064915,0.24868775010782582,0.2491066840228042,0.24855248415228037,0.24925504859838288,0.24397795157013352,0.24901851711557643,0.23762295504496933,0.24914612432579275,0.2438058296437999,0.2492920053225785
0.24752560665467324,0.2476899610835809,0.24733932487254995,0.24797309064703527,0.24420925347944403,0.24787531969656557,0.2407704199282222,0.2479413247666273,0.24491407109324556,0.24809642235313537,0.24715650331069333,0.17675715215750257,-0.041924594363635014,0.19716616358034708,0.04391713651568994,0.17598697827444237,0.04277817724311392,0.17791079169577118,-0.03756781546383052,0.24793536892526113,0.24587202588682197,-0.0061376599792779115,0.15362660553693888,0.028009906010836198,0.11625389825547712,0.07002343329320015,0.10136545586360349,0.0625818032250959,0.12843942769822933,0.24740375993799937,0.24999999999999986,0.025132030665520697,0.09828975473932355,0.06097143835090682,0.047800835321848346,0.10350440418258824,0.020620824228490934,0.12015654552003997,0.048600964296110376,0.24775355424915055,0.24765896480902397,0.14724386547844,-0.016318136453355277,0.17379162504332776,0.024033768224183162,0.18399417713782945,0.0363838483980491,0.16840930433968157,-0.029042064966688205,0.24787304800708143,0.24749746116877905,0.2479143880069678,0.2473632858075488,0.24806205073309312,0.24280627558601295,0.247826438021691,0.2364717036295433,0.2479535929748146,0.24263424320756716,0.24809882255673044
0.02650641508520114,0.026529121881295116,0.026558179379928836,0.02654645154213087,0.026449518414013405,0.026559727653550396,0.02757753204138745,0.026564629788784367,0.026696510477923794,0.026560839501452653,0.026667036418332495,0.03612848612814557,-0.02226487464505245,0.0383834250861952,-0.001959047306537819,0.03421200705882991,-0.004006890595044248,0.03599524641166724,-0.018908065667072326,0.026560839184526383,0.02588194296057746,-0.03692692728880906,0.06442626071004222,-0.054673814532896776,0.0869771926998296,-0.050658826262629124,0.0913836395860111,-0.053127961849071745,0.07692466275809307,0.026814982374303773,0.025132030665520697,0.25000000000000006,-0.12331126004011417,0.10340790904725956,-0.09000730632643561,0.08562870987954051,-0.09484306075387797,0.07497890368590879,-0.06115514753078522,0.026393139209910967,0.026331464999884674,-0.07089327099027126,0.07469702621515191,-0.0350270125271325,0.024681581546585177,0.002238446252731578,-0.0010096160108270763,0.005735967449273611,0.012279582644289418,0.026449014311028293,0.02649719566279276,0.02654130942661137,0.026294986393625115,0.026556775708298785,0.023379737170824352,0.026431589746163265,0.020127471217260794,0.026504779317646457,0.024213781972558,0.026561120802904653
