x1,x2,x3,x4,x5,x6,x7,x8,x9,x10,x11,x12,x13,x14,x15,x16,x17,x18,x19,x20,x21,x22,x23,x24,x25,x26,x27,x28,x29,x30,x31,x32,x33,x34,x35,x36,x37,x38,x39,x40,x41,x42,x43,x44,x45,x46,x47,x48,x49,x50,x51,x52,x53,x54,x55,x56,x57,x58,x59,x60
0.25,0.24706229119819106,-0.09894438118650095,0.2468320139211008,-0.12599990923429485,0.24681553901633665,-0.15420077568467772,0.2465255073948358,-0.041935398216238644,0.24731809703258562,0.09861494403517455,-0.08918666138733976,0.09263721270731219,-0.092444250074874,0.1246583474178951,-0.12359309440748054,0.1537801868005626,-0.14672020605270425,0.03676557794708419,0.03538317948584906,-0.015220703173402291,0.07015906575994031,-0.07138657653926667,0.07701315839679689,-0.06987156406177637,0.08814392437642758,-0.07405979090855928,0.12363472078467837,-0.10156831594357249,0.1487661700271524,0.09390320906815099,-0.062070042000460963,0.06293612251052143,-0.05062347467025737,0.05334358471629741,-0.029098496138849184,0.03668983909990247,0.05742007134389798,-0.042112223853410985,0.11255511087846148,-0.023627214226229366,0.043958462263503396,-0.03786073824135475,0.03555939005585987,0.008891031741542623,-0.0050082609970033215,0.06498300810688329,-0.07086572496613787,0.023358425849109132,0.029363977088096467,0.24721500060430482,0.24727293355540828,0.027242764690306957,0.246955464316799,-0.01582911954796835,0.247095701530513,-0.07283086477418471,0.24597344091659246,-0.03370525607856952,0.24732082327815064
0.24706229119819106,0.24999999999999994,-0.10178030420857204,0.24925604564240583,-0.128626155139768,0.24923566149596624,-0.15664863198610543,0.24894397647629982,-0.04219382951516218,0.24973674122701717,0.10125075429026321,-0.09184963010611143,0.09533154357378172,-0.09512863430797111,0.12731058167676731,-0.12618099483242126,0.1562536069996514,-0.14896101970445552,0.03717073058716836,0.03562257600753263,-0.016756334593093856,0.07252702022198362,-0.0737663697848959,0.0794797446836456,-0.07228010376120751,0.09060816374152729,-0.0763851268288928,0.1259603280139378,-0.10362089580316956,0.1509532125028146,0.09622006999844943,-0.06431691718289431,0.06519442180098389,-0.05275000268958671,0.05552000791415166,-0.03090694636632322,0.038592355238706064,0.05696241030281199,-0.041550402851737486,0.11301712104668254,-0.025326192303862672,0.04597139578821105,-0.03980490653137064,0.037481030093466886,0.007634377628186622,-0.0037266069864689165,0.06464827793524291,-0.07070025272812815,0.023330533968144405,0.02980318183047853,0.2496332446427727,0.24969091990535267,0.029006538568063588,0.24936851352483635,-0.014681360336181642,0.24951090894233913,-0.07261893847350774,0.2483713741775143,-0.03390254274623879,0.24973950258398414
-0.09894438118650095,-0.10178030420857204,0.2499999999999998,-0.10206999683403538,0.20854780169821258,-0.10202823212919215,0.15986378864762385,-0.10191541178998924,-0.0029659771678784983,-0.10157812971861427,-0.2252321012531742,0.23960538540386492,-0.2429243008849642,0.24189143360772886,-0.21185672421872537,0.19999328960192453,-0.16084167238839936,0.14138085887616933,-0.015307493203445406,-0.0057999000577763065,0.16419340544581532,-0.2197999423786914,0.22046314477664752,-0.22643136715190026,0.21923339154955596,-0.21215357201397278,0.2000428073385687,-0.16717665203280577,0.15228533600795668,-0.13653831258851123,-0.1976826803150262,0.2115076565291022,-0.21237122826511115,0.1995346370808571,-0.20220277193146938,0.17427689993472933,-0.17939769877621414,0.08486320776150427,-0.08595868266079672,0.02148216992256027,0.17046112335664781,-0.1917065111057944,0.1864141894502897,-0.184550602840068,0.13977851628736723,-0.13965193750063615,0.07652439170345321,-0.06208954050020243,0.016433842782619716,-0.02684821208591169,-0.10160180147830988,-0.10153627014532669,-0.17388258556119304,-0.1012104894155456,-0.13259392866673336,-0.10135221885216482,-0.06839552509887101,-0.10021953644280636,0.00109965628148401,-0.10158017226415511
0.2468320139211008,0.24925604564240583,-0.10206999683403538,0.24999999999999967,-0.12913224828203387,0.24900868808649293,-0.15678162819637936,0.24872309208193022,-0.042193228869670744,0.24950591485340542,0.10162154901009937,-0.09227110098497142,0.09575497014963454,-0.09555243511519372,0.12776857168469094,-0.12660182061996442,0.1564829017081621,-0.1491435368671834,0.03725130249810507,0.03550256899996615,-0.017135915630420023,0.07293777565744575,-0.07417671371246612,0.07989448641995728,-0.07269095941888244,0.09101440541051528,-0.07678426030965749,0.12620279774796783,-0.10386505537794448,0.15107276230745587,0.09652864859164619,-0.06472322640624623,0.06560119350967132,-0.053148992642053826,0.055921407510405384,-0.031292413313240806,0.038981060564714044,0.056626942175830905,-0.0412338359411146,0.11272892703606417,-0.025705370329741104,0.04636377669891854,-0.040196117792261794,0.037872152697838175,0.007267914457745963,-0.003360492323841623,0.06432011350323064,-0.0703962906826844,0.02323509971368812,0.029821328307178215,0.24940267828759233,0.24946007572586998,0.029387226485076603,0.24913747773582215,-0.01431925453094109,0.2492799523123032,-0.07229560968441967,0.24813978327749614,-0.03383086553844574,0.24950867421836903
-0.12599990923429485,-0.128626155139768,0.20854780169821258,-0.12913224828203387,0.2499999999999997,-0.12914978814086697,0.1893874854349219,-0.12909446615980044,0.02226062420701896,-0.1286442934489866,-0.1997092600921357,0.21079973768232618,-0.21418381290227992,0.21405680535148652,-0.24216078400477475,0.22852724925465487,-0.18911005227819455,0.1641338637906904,-0.03936333566023986,-0.0019791261035111392,0.13615744866080162,-0.19157700717785459,0.19243293652027696,-0.19846864324399333,0.19130296808725353,-0.20169409630580007,0.18801938999508405,-0.1692326147379267,0.15229347982264735,-0.1478623251751078,-0.178038820179069,0.18343890124273457,-0.18430330757235222,0.17160975376990922,-0.1745625654721907,0.14899222051450772,-0.15595718843053955,0.06119206216700687,-0.06608053714861697,-0.00044533043154932456,0.14292698211966612,-0.16397970462144107,0.158565829620632,-0.15663561182710914,0.11197344062292545,-0.11456901617048809,0.05266534711098464,-0.03991243483362167,0.011063888216072381,-0.029184342589231596,-0.12864442450039165,-0.12860175814207844,-0.14639364123657797,-0.12827778229583228,-0.10483808135615544,-0.12841910083687183,-0.04461780291327837,-0.12728807203424233,0.005183023881391564,-0.12864636886524475
0.24681553901633665,0.24923566149596624,-0.10202823212919215,0.24900868808649293,-0.12914978814086697,0.24999999999999975,-0.15725796680645093,0.24892510218695058,-0.04210539142869723,0.24948991892714412,0.10162380732982923,-0.09229133182943047,0.0957752952910716,-0.09557290636705375,0.1277923071613464,-0.12668042574528351,0.1567880377623274,-0.1492467299847095,0.0373186509770165,0.03547669345235254,-0.01715528862315241,0.07295785077024872,-0.07419676706452784,0.07991470660705914,-0.07271101916422248,0.09106292781462876,-0.07682965358462483,0.1262147336851928,-0.10387699432125241,0.15103260607130664,0.09654338382414362,-0.06474322463587019,0.06562120503109238,-0.05316871615547892,0.05594178848012825,-0.031316010663004504,0.03900781002324587,0.056602233995184964,-0.041210769822153284,0.1127071622171843,-0.025724483060975665,0.04638323336395347,-0.04021561385011489,0.03789168337802917,0.0072489290513788295,-0.0033371416121925237,0.06429639397477234,-0.07037357741237263,0.023225810610105337,0.029824917376402665,0.24938669853396983,0.24944408026670853,0.029406346828610968,0.24912147773302137,-0.014300380803419322,0.24926395400638524,-0.0722719575698852,0.24812376852626272,-0.0338227775847869,0.24949267878061182
-0.15420077568467772,-0.15664863198610543,0.15986378864762385,-0.15678162819637936,0.1893874854349219,-0.15725796680645093,0.24999999999999983,-0.15754408685826932,0.07060441838027669,-0.1567532112181381,-0.15320430027876075,0.15713178046925058,-0.16055494271660858,0.16038979740105683,-0.19089155892292015,0.20318202276008643,-0.23835190167414322,0.20400301845867524,-0.08402541657780764,0.020445456136333705,0.08758562973549916,-0.1398714188240018,0.14085912852602464,-0.1467952629090944,0.15128504984707003,-0.16929779589161165,0.1681598276736075,-0.18422578868995523,0.16450909119725246,-0.1764834083658772,-0.1384731579648395,0.1332228389428178,-0.1336901634338308,0.1348177501289124,-0.1398454571231634,0.12311631271960083,-0.13086763379335006,0.03550463008221561,-0.046173332288021035,-0.023225460780796087,0.10745602491184846,-0.12717658175509736,0.12536356986184927,-0.12525213460605972,0.084497976676684,-0.08859029959132367,0.027052708973330467,-0.01607569205178678,0.006943127173047155,-0.03372013756703915,-0.15672711966368721,-0.1567103201610897,-0.11348510939911716,-0.1563858270606833,-0.07727481505615431,-0.1565272323964159,-0.018996027323480102,-0.1553909411913546,0.007930808257597885,-0.15675537090732045
0.2465255073948358,0.24894397647629982,-0.10191541178998924,0.24872309208193022,-0.12909446615980044,0.24892510218695058,-0.15754408685826932,0.24999999999999967,-0.04303574611011881,0.24919721363977757,0.10174276283049706,-0.09248268870158523,0.09596632416721015,-0.09576406524481279,0.12797915989342779,-0.1269170643929805,0.15710749714839387,-0.1498245129156899,0.037982470770012565,0.03488399108080481,-0.017367070490034255,0.0731566026227246,-0.07439471221686852,0.08011322730615311,-0.07294945680015755,0.09130289587015625,-0.07711683152681972,0.1267695584651938,-0.10441993469165943,0.15156448254842797,0.09665897091587357,-0.06494746331057512,0.06582402941894715,-0.05341810908018242,0.05619878257842901,-0.03160079590577374,0.03929294413590952,0.05631446244755586,-0.040884242415881664,0.11239439435031247,-0.02597475666814589,0.04662978759351354,-0.040477096629235716,0.038160745304370344,0.006964101694190216,-0.0030512932917066914,0.06401117765112187,-0.07010286597076429,0.02311990693932837,0.029856657348404907,0.24909423035945438,0.24915138167563697,0.029664661529013966,0.2488287794870311,-0.014015982268432862,0.2489712494490763,-0.07198682022377971,0.2478310975652206,-0.03372985148815537,0.24919996805021968
-0.041935398216238644,-0.04219382951516218,-0.0029659771678784983,-0.042193228869670744,0.02226062420701896,-0.04210539142869723,0.07060441838027669,-0.04303574611011881,0.2499999999999998,-0.04226109422813241,0.007448847085759377,-0.010275990729071332,0.006949636432407449,-0.007099931526326077,-0.023960803540743765,0.03584372048897018,-0.07101526851657891,0.09965197946310646,-0.2265273181867124,0.16096750052649528,-0.017095581700322816,0.012314959508882041,-0.011786425570639178,0.010615259891108174,-0.004592426194998955,-0.010575045602967844,0.019635055665617122,-0.06396162309358629,0.06634452227440206,-0.0812947020714618,0.003804650412153875,-0.011325016737605132,0.011441300168977582,-0.0031136190645010184,0.0016950991850091279,0.0031949710669983054,-0.0056214249216909986,-0.004026216991394195,-0.005051066073291705,-0.011179371526727254,-0.006315033228116892,0.004160277834354874,-0.001807961416884461,0.0005154429498731622,-0.004890590841276289,0.002345654438259289,-0.007995124189024268,0.007053143338083621,0.003132232733688302,-0.012951959987330291,-0.042238777681925035,-0.042252183411667754,0.003590713773001286,-0.0421997437300539,0.006254811438787415,-0.04221785735626585,0.009444337707861118,-0.04200486827789087,-0.0011036519798165649,-0.042259899003286555
0.24731809703258562,0.24973674122701717,-0.10157812971861427,0.24950591485340542,-0.1286442934489866,0.24948991892714412,-0.1567532112181381,0.24919721363977757,-0.04226109422813241,0.24999999999999975,0.10120783251129702,-0.09178339709740028,0.09526763204601058,-0.09506496422397716,0.12729322899948206,-0.12617596671660516,0.1563338171078237,-0.14904943795009723,0.03721052657685683,0.03566264679106634,-0.016648609395368833,0.07245031247140842,-0.07369080816808392,0.07940714521400992,-0.07220371730050637,0.09055778005918966,-0.07632585701455384,0.12599880229079446,-0.10364109840487266,0.1510500285151429,0.09619278993834195,-0.06423574783555146,0.06511374306078305,-0.052662971541148344,0.05543454256302582,-0.03081003722644328,0.03850128067166669,0.057107179880481015,-0.04167501229968675,0.11318686387324209,-0.025225270612156892,0.04588143457231074,-0.03971089473033484,0.037385396144710745,0.007755249462879973,-0.003842770305555563,0.06479669279283894,-0.07084540580702173,0.023375443767010486,0.02982172022992597,0.24988890157842586,0.24994670644412273,0.02890790683089181,0.2496241238018898,-0.014806035566252682,0.24976659875863277,-0.07277165971008728,0.24862642647398397,-0.0339477880855756,0.24999531977776868
0.09861494403517455,0.10125075429026321,-0.2252321012531742,0.10162154901009937,-0.1997092600921357,0.10162380732982923,-0.15320430027876075,0.10174276283049706,0.007448847085759377,0.10120783251129702,0.2499999999999998,-0.23268044611461125,0.23098671451297031,-0.2300210073670933,0.20263404561499218,-0.19120109075114605,0.1541886269189974,-0.13449148215937673,0.010574707565829369,0.010004432590876985,-0.157987202900383,0.2121600093027353,-0.21232466341396586,0.21745547630686776,-0.2103520640663548,0.20302317219999438,-0.19109957695169302,0.1590884998044925,-0.144468650985833,0.12978503036388161,0.19088533631681762,-0.20350838767675897,0.2043451975546153,-0.19167200145318286,0.19416466708608676,-0.16681040938977454,0.17163417597010722,-0.07970533820420334,0.08063457356317415,-0.018084462288218098,-0.16342498148862136,0.1840875042848244,-0.178864605967069,0.17701321564807165,-0.13342871728774044,0.1331496731430864,-0.0716935396032914,0.05776387215261127,-0.014943131195452708,0.025760484749966544,0.10122876471616335,0.10116709752084552,0.1667144966513758,0.10085050059455278,0.1264513252528309,0.10098834349220298,0.06379406823304547,0.09988777643144268,-0.0019713700297877314,0.10120985378138897
-0.08918666138733976,-0.09184963010611143,0.23960538540386492,-0.09227110098497142,0.21079973768232618,-0.09229133182943047,0.15713178046925058,-0.09248268870158523,-0.010275990729071332,-0.09178339709740028,-0.23268044611461125,0.25,-0.2464935913900394,0.2454711335047739,-0.21441816894240157,0.2019066539663063,-0.15836029337472635,0.1371293567797229,-0.009910256227190788,-0.007523822199538202,0.17363460388063512,-0.22910327864904123,0.22899076339320484,-0.23393046878446955,0.22677497933671084,-0.21723120689019024,0.20533279335833218,-0.16584701083302902,0.15150131931362368,-0.1314167623967272,-0.20345184305704228,0.2199832232923939,-0.2208315662048801,0.20794386111395924,-0.21046967439796704,0.18225627299709674,-0.18693674624315776,0.09292295961721382,-0.09267474376561088,0.029206550156410882,0.1788981042301354,-0.2000943035255946,0.19485076677879573,-0.19300923641676096,0.14843689681078964,-0.14778496334723815,0.08466747256909554,-0.06973648756222031,0.01846053020878821,-0.026119537842538617,-0.09181496933738097,-0.09174198445516316,-0.1822691430778187,-0.09141748612098258,-0.14127881357979347,-0.09155857012113981,-0.07656298805359611,-0.09043192060148754,-0.0005816280441194327,-0.09178539232440885
0.09263721270731219,0.09533154357378172,-0.2429243008849642,0.09575497014963454,-0.21418381290227992,0.0957752952910716,-0.16055494271660858,0.09596632416721015,0.006949636432407449,0.09526763204601058,0.23098671451297031,-0.2464935913900394,0.24999999999999994,-0.24885560789819472,0.21782127797297138,-0.20531136376946663,0.16179575697067444,-0.14056569860844587,0.013330310113916244,0.005600255813564379,-0.17095284275470884,0.22665082770017073,-0.2273044476417978,0.2333124621419892,-0.22607173698607486,0.21838547526197336,-0.20625342644315053,0.1683186908983384,-0.15377407156353062,0.13483231792241937,0.20251963320846147,-0.21835397284423955,0.21921963954434573,-0.2063096125858666,0.20898500875727574,-0.18091408119907276,0.18598959695019676,-0.09132629425121953,0.09165063531203817,-0.02740968240885033,-0.17711279049297984,0.19842289323814155,-0.1931505257362184,0.1912991807985679,-0.14645749655399584,0.14623530525378842,-0.08293173380709051,0.06810725257843855,-0.018240718382417045,0.02676623444554319,0.09529692057607426,0.09522587674370137,0.18052223904369094,0.0948994083369838,0.13925513141579074,0.09504134445159597,0.07478339783270697,0.09390703514103858,0.0003703684765397778,0.09526964858776758
-0.092444250074874,-0.09512863430797111,0.24189143360772886,-0.09555243511519372,0.21405680535148652,-0.09557290636705375,0.16038979740105683,-0.09576406524481279,-0.007099931526326077,-0.09506496422397716,-0.2300210073670933,0.2454711335047739,-0.24885560789819472,0.2500000000000002,-0.21775446774420698,0.20524771622528165,-0.1616516061714475,0.14049251219362538,-0.013234616575718594,-0.00547081020039246,0.1713946577664589,-0.22715504848411736,0.22789788609126926,-0.23404393681602478,0.22679313329304074,-0.2188185854992982,0.20670371529296594,-0.16854578913008417,0.1540278276846376,-0.13494686134865655,-0.20298773632898473,0.2189530744455463,-0.21982119357169125,0.20690480244966997,-0.2095920883613044,0.18146060709587608,-0.18653367088001643,0.09175683837359278,-0.0920423382604404,0.027732979977370214,0.17766603588226781,-0.19900482713763207,0.19373133946160037,-0.19188051822211674,0.14698242255588714,-0.146733541663371,0.08334527315400335,-0.06848542011901376,0.01834809029310045,-0.02679084440296434,-0.09509456751957605,-0.09502315666614886,-0.1810820252283435,-0.09469623804893916,-0.1397696202663499,-0.09483835555213643,-0.07518516652617384,-0.09370247966605876,-0.00043764541709948306,-0.09506697721884366
0.1246583474178951,0.12731058167676731,-0.21185672421872537,0.12776857168469094,-0.24216078400477475,0.1277923071613464,-0.19089155892292015,0.12797915989342779,-0.023960803540743765,0.12729322899948206,0.20263404561499218,-0.21441816894240157,0.21782127797297138,-0.21775446774420698,0.25,-0.23384663244069945,0.19218747467185304,-0.16653311680292776,0.04060535774817516,0.0009044879958245299,-0.13932252920368798,0.19511876381507928,-0.19597360519671742,0.2020566876728164,-0.1948130046153541,0.2056298814962329,-0.19179110963596419,0.17167292483512406,-0.15468140470893732,0.14932243181152327,0.18079090039998283,-0.18692345433130472,0.18779451630017496,-0.17497429728349873,0.1779557324947953,-0.15223754667979875,0.15929042566511112,-0.0638843833135887,0.06867175780982908,-0.0017430212432256445,-0.14607068155157185,0.16727642902654952,-0.1618302108100765,0.15988939233634045,-0.11492325626621677,0.11758878272587861,-0.055271401203503434,0.042311953382425736,-0.011845792401845356,0.029441896586760087,0.12729526964644608,0.1272504601115117,0.14955030541546754,0.12692426757254618,0.1077382473569075,0.12706652171272603,0.04716903913574861,0.12592796569160478,-0.004617782775332264,0.12729530091633864
-0.12359309440748054,-0.12618099483242126,0.19999328960192453,-0.12660182061996442,0.22852724925465487,-0.12668042574528351,0.20318202276008643,-0.1269170643929805,0.03584372048897018,-0.12617596671660516,-0.19120109075114605,0.2019066539663063,-0.20531136376946663,0.20524771622528165,-0.23384663244069945,0.24999999999999986,-0.20541144587248358,0.17962875371970682,-0.05395717727054211,0.0074468120700702635,0.12989048145866147,-0.18414149141694275,0.18501567476575098,-0.19107565835679083,0.19568373744832643,-0.21354270526230038,0.1991325231532408,-0.18075062929246508,0.1631846368397407,-0.1577203400653455,-0.17130089579832405,0.17748280496540045,-0.17796217037385823,0.1728353377622291,-0.1790646549250814,0.1542896975794274,-0.16208857732171075,0.06650164389794869,-0.07225311029406001,0.004675685281889793,0.14353126852282608,-0.16434138202535542,0.15953402097388128,-0.15794718905298447,0.1157564152187382,-0.1196952199215081,0.057720618866473006,-0.04484928218199308,0.014491852454840236,-0.03180992384311947,-0.12617773799833829,-0.12613351092349734,-0.1472688334135851,-0.12580743146547663,-0.10851858374686857,-0.12594929620040166,-0.04962254373826894,-0.12481052344946851,0.0019837441396116495,-0.12617800299778498
0.1537801868005626,0.1562536069996514,-0.16084167238839936,0.1564829017081621,-0.18911005227819455,0.1567880377623274,-0.23835190167414322,0.15710749714839387,-0.07101526851657891,0.1563338171078237,0.1541886269189974,-0.15836029337472635,0.16179575697067444,-0.1616516061714475,0.19218747467185304,-0.20541144587248358,0.2499999999999999,-0.21211777583794716,0.08780928343000897,-0.024026328810982843,-0.08863672389370367,0.14106130306232056,-0.1420505426348567,0.14800678063213035,-0.15276759964054676,0.17105755140823803,-0.1696745039175244,0.19011554941183165,-0.17007599456037825,0.18072576074293314,0.1393598256720056,-0.13443157548226875,0.13489182767094893,-0.1360651862559667,0.1412025749555598,-0.12430260208909591,0.13210092337342663,-0.03648701594693889,0.047832247482788415,0.022019741381175798,-0.10857982243666582,0.12836488004393554,-0.12650510315379437,0.12637375162022751,-0.08554676604172046,0.08968747959480648,-0.027992820650731297,0.0169497010408754,-0.007388466831881887,0.034098600054332365,0.156308323053119,0.15629078681026565,0.11458530699455297,0.15596541965238342,0.07830306001140651,0.15610718590565098,0.01991466832502305,0.15496786876937088,-0.0075652377912541514,0.15633592949140415
-0.14672020605270425,-0.14896101970445552,0.14138085887616933,-0.1491435368671834,0.1641338637906904,-0.1492467299847095,0.20400301845867524,-0.1498245129156899,0.09965197946310646,-0.14904943795009723,-0.13449148215937673,0.1371293567797229,-0.14056569860844587,0.14049251219362538,-0.16653311680292776,0.17962875371970682,-0.21211777583794716,0.2500000000000001,-0.12217470790853521,0.05449415539056897,0.07475272958547534,-0.12298775198123799,0.123961562037162,-0.12960119894613756,0.13486142202092802,-0.15300314823003844,0.16061171645738576,-0.20789567648505186,0.18764567931731685,-0.19454178969677416,-0.12300710731773291,0.11690695399932927,-0.11730700529736132,0.12307640752997054,-0.12741522234167743,0.11684784384169009,-0.12431182933800815,0.03411729116408486,-0.04894610590924982,-0.019006286001408662,0.09802935448185701,-0.1161304823252138,0.11654226520792119,-0.11749704157629541,0.0799263724130682,-0.08405328519583578,0.025900264095684945,-0.01571697737758517,0.008666013976716451,-0.0349378181893346,-0.14902331075593447,-0.14900858798579475,-0.10524521907358077,-0.1487002625890723,-0.0730251257064217,-0.1488341271560656,-0.01823276843939453,-0.1477527336104673,0.005436797974664937,-0.14905119197735295
0.03676557794708419,0.03717073058716836,-0.015307493203445406,0.03725130249810507,-0.03936333566023986,0.0373186509770165,-0.08402541657780764,0.037982470770012565,-0.2265273181867124,0.03721052657685683,0.010574707565829369,-0.009910256227190788,0.013330310113916244,-0.013234616575718594,0.04060535774817516,-0.05395717727054211,0.08780928343000897,-0.12217470790853521,0.25000000000000006,-0.17683585811967922,0.000172690592079133,0.00713146369255944,-0.007646881933885276,0.009060444028140466,-0.015181069641249394,0.030819964803749017,-0.03997365700357493,0.08553404734617358,-0.08709369984970418,0.09656001189335894,0.011617597143388749,-0.007774006735837792,0.007682347884976622,-0.01598483142705512,0.017626388118100685,-0.021687128091109835,0.024448279855463616,-0.010291456562403753,0.019918669712698355,-0.0003116504414465078,-0.011316825202627744,0.014479961765633197,-0.016835815128958445,0.01817057678808857,-0.011819603019022636,0.014476567959231993,-0.005768603970433632,0.005501312095374549,-0.007399522698889749,0.015015231643783208,0.037197670921919286,0.03719968593798321,0.014323021161683906,0.03713115299805944,0.010089507502731288,0.037156024438963625,0.0039143249640537624,0.03688771952945356,0.0040362372600437416,0.03720919967381611
0.03538317948584906,0.03562257600753263,-0.0057999000577763065,0.03550256899996615,-0.0019791261035111392,0.03547669345235254,0.020445456136333705,0.03488399108080481,0.16096750052649528,0.03566264679106634,0.010004432590876985,-0.007523822199538202,0.005600255813564379,-0.00547081020039246,0.0009044879958245299,0.0074468120700702635,-0.024026328810982843,0.05449415539056897,-0.17683585811967922,0.25,0.005369144385804695,0.0024420810076191428,-0.0024176086939264904,0.0031593638943836965,0.0033626993307265905,-0.01189160664057527,0.02269297687333016,-0.051992240911387724,0.06452719599867107,-0.06289621638088425,0.006669973371490812,0.0002685396156248669,1.2163196278204553e-5,0.009337211049100184,-0.009898918007255274,0.01866072231219436,-0.019019266675590014,0.033144418722785625,-0.0380959991673181,0.037181620669719355,0.011697417900781418,-0.00957406386599798,0.012923551005319086,-0.014545060624829144,0.019557379397150253,-0.02065948051426706,0.02958814177422061,-0.03120357849200083,0.015945306259599522,-0.007509632713376096,0.03564193480006512,0.03566089616240193,-0.013187411438672048,0.03564384401928567,-0.019641955194568614,0.035658843613658876,-0.02977263024378348,0.0356355702407046,-0.014878587621994894,0.035664313548979115
-0.015220703173402291,-0.016756334593093856,0.16419340544581532,-0.017135915630420023,0.13615744866080162,-0.01715528862315241,0.08758562973549916,-0.017367070490034255,-0.017095581700322816,-0.016648609395368833,-0.157987202900383,0.17363460388063512,-0.17095284275470884,0.1713946577664589,-0.13932252920368798,0.12989048145866147,-0.08863672389370367,0.07475272958547534,0.000172690592079133,0.005369144385804695,0.25000000000000017,-0.1941625213389994,0.1928242363594616,-0.18706762022873535,0.1832139047952587,-0.16467625193148347,0.15850579709350437,-0.11008938771630022,0.10300717669904101,-0.07183889473017328,-0.17039817193296564,0.19498163390252307,-0.19528300522352088,0.18604749302691356,-0.18500400346197796,0.1634009829253213,-0.16266342989563387,0.10028252122975356,-0.09400691742412078,0.05504105172076805,0.16596734640614305,-0.18054580043474122,0.17710167117131856,-0.17591110799729906,0.14569893223779362,-0.14010564598104644,0.09533417643941118,-0.08243099856542536,0.020455268917680486,-0.012960521531454008,-0.016708505978357505,-0.01662160100051846,-0.1680707269574673,-0.01640100937317286,-0.14082306856289686,-0.01649638701578934,-0.08975043289273299,-0.015738972407036374,-0.006360956574304268,-0.016649549576755313
0.07015906575994031,0.07252702022198362,-0.2197999423786914,0.07293777565744575,-0.19157700717785459,0.07295785077024872,-0.1398714188240018,0.0731566026227246,0.012314959508882041,0.07245031247140842,0.2121600093027353,-0.22910327864904123,0.22665082770017073,-0.22715504848411736,0.19511876381507928,-0.18414149141694275,0.14106130306232056,-0.12298775198123799,0.00713146369255944,0.0024420810076191428,-0.1941625213389994,0.25000000000000017,-0.24723598817431536,0.2421580564568628,-0.23574363240486432,0.21796603365235734,-0.20749353445440874,0.15984022231588135,-0.14712631628359868,0.12017623386684194,0.21603524470536406,-0.23734916525769448,0.2380630334432394,-0.22520438625294992,0.22662964470651564,-0.19719373466174428,0.19939961211846444,-0.10670358901222717,0.1034116033837674,-0.042421760823538414,-0.19619379985097699,0.21733909377541255,-0.21220382568932702,0.21041299703190766,-0.16614909823199467,0.162914818199224,-0.09897763300816463,0.08291779785589037,-0.020908617193315195,0.02331965932363054,0.07249740160024556,0.07240950768133446,0.19949269608573175,0.07208667605260746,0.15902410930805957,0.0722268405019771,0.09087066547407545,0.07110998780177386,0.0023471198608078407,0.07245204157527894
-0.07138657653926667,-0.0737663697848959,0.22046314477664752,-0.07417671371246612,0.19243293652027696,-0.07419676706452784,0.14085912852602464,-0.07439471221686852,-0.011786425570639178,-0.07369080816808392,-0.21232466341396586,0.22899076339320484,-0.2273044476417978,0.22789788609126926,-0.19597360519671742,0.18501567476575098,-0.1420505426348567,0.123961562037162,-0.007646881933885276,-0.0024176086939264904,0.1928242363594616,-0.24723598817431536,0.25000000000000006,-0.2434526891730392,0.23711707882809924,-0.21902968875712134,0.2086398167256365,-0.16094779161544695,0.14821896220754582,-0.12120731847726024,-0.21803971366057448,0.23937315139905585,-0.2400865359795335,0.2271927152330701,-0.2285977357080694,0.19885210981963275,-0.20094745234658512,0.10736486700982482,-0.10400764813077942,0.042353680862717714,0.19787806397401245,-0.21924620847638354,0.2140836775955585,-0.21228756348258476,0.16755569760997907,-0.1641850033473443,0.09954430009931076,-0.08334821760682454,0.020955968383023046,-0.023527710856975925,-0.07373800574466917,-0.07364952529278215,-0.20123458470140085,-0.07332307704358312,-0.16034773191878346,-0.07346472928110798,-0.09134115061387246,-0.0723349018370508,-0.002203561268822544,-0.07369254957383867
0.07701315839679689,0.0794797446836456,-0.22643136715190026,0.07989448641995728,-0.19846864324399333,0.07991470660705914,-0.1467952629090944,0.08011322730615311,0.010615259891108174,0.07940714521400992,0.21745547630686776,-0.23393046878446955,0.2333124621419892,-0.23404393681602478,0.2020566876728164,-0.19107565835679083,0.14800678063213035,-0.12960119894613756,0.009060444028140466,0.0031593638943836965,-0.18706762022873535,0.2421580564568628,-0.2434526891730392,0.25000000000000017,-0.24218014123894943,0.2245793996687835,-0.21329874508029664,0.1658262467012788,-0.15292676795511728,0.12703251816666297,0.21364565554236883,-0.23436798149001062,0.23523250463581197,-0.2222753075627783,0.22478144210236428,-0.19542241243499828,0.1994823685554121,-0.10507035312133776,0.10307944264845777,-0.040133116560443736,-0.19288979096289488,0.2142830823088891,-0.2090947876819917,0.20728787936831816,-0.162443416895648,0.16067200839371204,-0.09677348420873941,0.08099771819832433,-0.02137776877589759,0.025385333676761764,0.07944991479945639,0.0793656606765292,0.19627291961338625,0.07903854579745118,0.1552206991689076,0.07918053036335274,0.08858842856053437,0.07804655269251268,0.002778218575234643,0.07940896610044194
-0.06987156406177637,-0.07228010376120751,0.21923339154955596,-0.07269095941888244,0.19130296808725353,-0.07271101916422248,0.15128504984707003,-0.07294945680015755,-0.004592426194998955,-0.07220371730050637,-0.2103520640663548,0.22677497933671084,-0.22607173698607486,0.22679313329304074,-0.1948130046153541,0.19568373744832643,-0.15276759964054676,0.13486142202092802,-0.015181069641249394,0.0033626993307265905,0.1832139047952587,-0.23574363240486432,0.23711707882809924,-0.24218014123894943,0.25000000000000006,-0.23108010244971947,0.21996907793552636,-0.1721135288384945,0.15925654545378481,-0.13060264343029876,-0.20817055964713013,0.23080418290333318,-0.23125478996278492,0.22638675965352564,-0.23219696129212866,0.20273292137678486,-0.206712136017878,0.11225657108615968,-0.11012167894470656,0.047213237624313634,0.19647660756010424,-0.2175078173885586,0.21300448263752195,-0.21157797841557563,0.16962185932661056,-0.1679523447131,0.10392650677095029,-0.08783770611172882,0.02474006301576263,-0.026792366834064156,-0.0722513964865299,-0.07216266089783492,-0.20011393027658356,-0.07183510913591318,-0.16232927779392178,-0.07197683681382916,-0.09571615904992622,-0.07084205505332011,-0.005851530035710551,-0.07220545942957567
0.08814392437642758,0.09060816374152729,-0.21215357201397278,0.09101440541051528,-0.20169409630580007,0.09106292781462876,-0.16929779589161165,0.09130289587015625,-0.010575045602967844,0.09055778005918966,0.20302317219999438,-0.21723120689019024,0.21838547526197336,-0.2188185854992982,0.2056298814962329,-0.21354270526230038,0.17105755140823803,-0.15300314823003844,0.030819964803749017,-0.01189160664057527,-0.16467625193148347,0.21796603365235734,-0.21902968875712134,0.2245793996687835,-0.23108010244971947,0.2500000000000002,-0.23483376579703977,0.19001363316173095,-0.1757406278958261,0.14857695330244095,0.19513227233276634,-0.21223921634143678,0.2126911413142632,-0.20791673206420125,0.21446242839721238,-0.18966862188831787,0.19755405684413094,-0.10203247725230015,0.10430740553777502,-0.03816755972124844,-0.17817781863807935,0.19910903000464825,-0.19453466040832665,0.19307247947323194,-0.15113881738122867,0.15512250989383983,-0.09292907207092799,0.07808454363697506,-0.02502306446987778,0.03189576281433686,0.09059010008279945,0.09051627121808671,0.18185433859996647,0.09018944347636841,0.14386514067503214,0.09033109400081636,0.08480516234962027,0.08919358330614643,0.0068475416555527965,0.09055961467667763
-0.07405979090855928,-0.0763851268288928,0.2000428073385687,-0.07678426030965749,0.18801938999508405,-0.07682965358462483,0.1681598276736075,-0.07711683152681972,0.019635055665617122,-0.07632585701455384,-0.19109957695169302,0.20533279335833218,-0.20625342644315053,0.20670371529296594,-0.19179110963596419,0.1991325231532408,-0.1696745039175244,0.16061171645738576,-0.03997365700357493,0.02269297687333016,0.15850579709350437,-0.20749353445440874,0.2086398167256365,-0.21329874508029664,0.21996907793552636,-0.23483376579703977,0.25000000000000017,-0.1997707115296876,0.1857489549103837,-0.15290362760511514,-0.18489831891037764,0.20290438923930446,-0.20336507005101295,0.20980750497792172,-0.21438802337451499,0.20387974520326813,-0.21177407304237558,0.1162593140259963,-0.11814006006270451,0.05216051865978171,0.18265726280776876,-0.20203095573222996,0.20323455473739854,-0.20464037678243546,0.16516428829021756,-0.16933504541453784,0.10709192834138466,-0.0916644539502571,0.03144972977781727,-0.03455466768966225,-0.07636820222785322,-0.07628508551051824,-0.1903588615293084,-0.07595766508656888,-0.15780966113082592,-0.07609895584968224,-0.0989406512521248,-0.07496152066807833,-0.01270746812371854,-0.07632748459192017
0.12363472078467837,0.1259603280139378,-0.16717665203280577,0.12620279774796783,-0.1692326147379267,0.1262147336851928,-0.18422578868995523,0.1267695584651938,-0.06396162309358629,0.12599880229079446,0.1590884998044925,-0.16584701083302902,0.1683186908983384,-0.16854578913008417,0.17167292483512406,-0.18075062929246508,0.19011554941183165,-0.20789567648505186,0.08553404734617358,-0.051992240911387724,-0.11008938771630022,0.15984022231588135,-0.16094779161544695,0.1658262467012788,-0.1721135288384945,0.19001363316173095,-0.1997707115296876,0.25000000000000006,-0.2267195838831674,0.20048477651861346,0.1513262162921386,-0.15455421478060305,0.15497961443011665,-0.16084282160250485,0.16547706795108066,-0.154131420851532,0.1619659636736649,-0.06654033774396059,0.08192043537438533,-0.01055333644679725,-0.13404967563538336,0.15327964134390507,-0.1538703590458439,0.1549620749496902,-0.11537174573393415,0.11958642704994817,-0.05776939523255737,0.04521500237595326,-0.018487150641009448,0.03752289994628223,0.12599825174238247,0.12595669782151456,0.14159283875047718,0.12563092462351969,0.10807714926049183,0.12577222337508734,0.04967228171008361,0.12463490534384568,0.0021624585769573117,0.1260006242748653
-0.10156831594357249,-0.10362089580316956,0.15228533600795668,-0.10386505537794448,0.15229347982264735,-0.10387699432125241,0.16450909119725246,-0.10441993469165943,0.06634452227440206,-0.10364109840487266,-0.144468650985833,0.15150131931362368,-0.15377407156353062,0.1540278276846376,-0.15468140470893732,0.1631846368397407,-0.17007599456037825,0.18764567931731685,-0.08709369984970418,0.06452719599867107,0.10300717669904101,-0.14712631628359868,0.14821896220754582,-0.15292676795511728,0.15925654545378481,-0.1757406278958261,0.1857489549103837,-0.2267195838831674,0.2500000000000004,-0.2025331107805842,-0.1372699220654459,0.14206912463057736,-0.14249731745659752,0.1486589449770472,-0.15322179377116324,0.1442905331624961,-0.15170507274717066,0.08907859624438715,-0.10456728888237722,0.03309639716814217,0.12482352986406495,-0.14174253599110587,0.14286204753381088,-0.14407631862419087,0.10856911945590311,-0.1129654271656153,0.07132556135960712,-0.06541598318842809,0.032153839269837094,-0.045897799878428715,-0.10364684931534807,-0.10360225687084813,-0.13142793374225661,-0.10330621399005233,-0.10133571613367479,-0.10341633322406153,-0.0633395286229194,-0.102279942813545,-0.015084842889293496,-0.10364256545427011
0.1487661700271524,0.1509532125028146,-0.13653831258851123,0.15107276230745587,-0.1478623251751078,0.15103260607130664,-0.1764834083658772,0.15156448254842797,-0.0812947020714618,0.1510500285151429,0.12978503036388161,-0.1314167623967272,0.13483231792241937,-0.13494686134865655,0.14932243181152327,-0.1577203400653455,0.18072576074293314,-0.19454178969677416,0.09656001189335894,-0.06289621638088425,-0.07183889473017328,0.12017623386684194,-0.12120731847726024,0.12703251816666297,-0.13060264343029876,0.14857695330244095,-0.15290362760511514,0.20048477651861346,-0.2025331107805842,0.25000000000000033,0.12058169644217132,-0.1135004560567912,0.11398564573740377,-0.11687751241954218,0.12124316091763916,-0.10860858833144374,0.11612952493714467,-0.04176337336340113,0.05723382032680219,0.01426361176898503,-0.09194365696790616,0.10990020488213763,-0.1094120478738823,0.109872151737008,-0.07183357231038512,0.07612454056275597,-0.02756565149452529,0.021392780095465327,-0.0143905201643448,0.040919793871834996,0.15102025848154227,0.15100885747002538,0.09814478794456023,0.15070314151171463,0.06463862248770923,0.15082469061877943,0.019572993612205245,0.14968678594086707,-0.000564753682982034,0.15105185218341882
0.09390320906815099,0.09622006999844943,-0.1976826803150262,0.09652864859164619,-0.178038820179069,0.09654338382414362,-0.1384731579648395,0.09665897091587357,0.003804650412153875,0.09619278993834195,0.19088533631681762,-0.20345184305704228,0.20251963320846147,-0.20298773632898473,0.18079090039998283,-0.17130089579832405,0.1393598256720056,-0.12300710731773291,0.011617597143388749,0.006669973371490812,-0.17039817193296564,0.21603524470536406,-0.21803971366057448,0.21364565554236883,-0.20817055964713013,0.19513227233276634,-0.18489831891037764,0.1513262162921386,-0.1372699220654459,0.12058169644217132,0.2499999999999999,-0.21792807303385706,0.21847687714227199,-0.2057007974563665,0.20541081910962183,-0.17596173626017045,0.17743393143170294,-0.0838150020237625,0.08229867942424293,-0.01998170687976653,-0.17661731340700557,0.19795512806994203,-0.19264963575685892,0.1907799553428746,-0.1458691797065088,0.14125087194358973,-0.07633506449856166,0.06130797016903617,-0.013384567960327845,0.022650151932393215,0.09622079212796947,0.09615076400258077,0.1800284101851717,0.09582385963192273,0.1386615138465164,0.09596602059732519,0.06811228245245374,0.09483273186645268,-0.004318502240642484,0.09619461700044349
-0.062070042000460963,-0.06431691718289431,0.2115076565291022,-0.06472322640624623,0.18343890124273457,-0.06474322463587019,0.1332228389428178,-0.06494746331057512,-0.011325016737605132,-0.06423574783555146,-0.20350838767675897,0.2199832232923939,-0.21835397284423955,0.2189530744455463,-0.18692345433130472,0.17748280496540045,-0.13443157548226875,0.11690695399932927,-0.007774006735837792,0.0002685396156248669,0.19498163390252307,-0.23734916525769448,0.23937315139905585,-0.23436798149001062,0.23080418290333318,-0.21223921634143678,0.20290438923930446,-0.15455421478060305,0.14206912463057736,-0.1135004560567912,-0.21792807303385706,0.2500000000000001,-0.24892263136238368,0.23704370323035537,-0.23429061117333322,0.20418298158116857,-0.20400589836696706,0.11105458335571566,-0.10558221240468976,0.04570755647073383,0.2079298791088138,-0.2293962786102842,0.22427469479759407,-0.22250043846280346,0.17766523329718967,-0.16964716675055397,0.1037592111894364,-0.08686685886430005,0.019666851166342182,-0.019993561019171692,-0.0642908822000119,-0.06419451232991985,-0.21128709227169878,-0.06386687944414256,-0.17043012281267064,-0.06400891284238967,-0.09548041467998732,-0.06287845877727369,-0.0005402052710666524,-0.06423735252926212
