x1,x2,x3,x4,x5,x6,x7,x8,x9,x10,x11,x12,x13,x14,x15,x16,x17,x18,x19,x20,x21,x22,x23,x24,x25,x26,x27,x28,x29,x30,x31,x32,x33,x34,x35,x36,x37,x38,x39,x40,x41,x42,x43,x44,x45,x46,x47,x48,x49,x50,x51,x52,x53,x54,x55,x56,x57,x58,x59,x60
0.25000000000000006,0.24787418485741303,-0.07739338787504506,0.2479366469930826,-0.08805302212925227,0.24810670533367934,-0.1138983615178639,0.24694827239254544,0.09720777280626583,0.24829321274445115,0.1267441076187047,-0.0829374050052967,0.08324698641281258,-0.08361024105123488,0.10914088550173799,-0.10069672256155257,0.1270051867284569,-0.07831301114438798,-0.07208101150313215,0.1576451655848722,-0.0008368918347844414,0.07665504755721678,-0.07548370723441768,0.07878850229579867,-0.0721127190768971,0.08585811319187758,-0.07791126750490546,0.1356144210238642,-0.09232715127816503,0.17007774142005533,0.13678433456239325,-0.06493891337921553,0.06807888927140418,-0.06020858701553593,0.06334216632510001,-0.037136478212663526,0.0461737966186526,0.03894166637751234,-0.014983405083233203,0.13414139603935327,0.03715114525142099,0.054534601116854875,-0.05163073851292997,0.051496203694147875,-0.01916715305165884,0.021986023642375865,0.026559413283397747,-0.0018894668985474747,-0.0907641675852117,0.1552140421238035,0.24825598971970572,0.24826476630943747,0.052818371648673444,0.24790629114393978,0.02688679165014591,0.24821035231929056,-0.02785105713975676,0.24658239842427168,0.08749898576547116,0.24829345969060565
0.24787418485741303,0.25000000000000006,-0.07890065217846193,0.2492246408925511,-0.08947505349069833,0.24939043652292028,-0.11496020999815305,0.248233706950146,0.09801540863606055,0.2495765067318006,0.12829763828299057,-0.08462220072704604,0.08493396075975837,-0.08529599588565975,0.1108134473979939,-0.10216842645169931,0.1282265339829165,-0.07901607358240778,-0.07273834253424812,0.1586369717905687,-0.0017720151516782915,0.07827648761307489,-0.07709261092628451,0.08042900384039005,-0.07367382623991706,0.08734725893482645,-0.07935844561515559,0.1370144411834065,-0.09344361106037595,0.17127055804256652,0.13825813732379338,-0.06644264440848494,0.06961578784461193,-0.06165218930336427,0.06481259957528032,-0.03834972369705637,0.04745319777316545,0.03841467441763914,-0.014383764236901094,0.13448766620026228,0.03657189022087415,0.05592165779457537,-0.05299268552874069,0.05285640757912097,-0.020234329747991588,0.02304944319896181,0.026020499305080224,-0.0014058597427162366,-0.09124737958975375,0.15597396666640512,0.24953918246721893,0.24954784030835694,0.05405579008270624,0.24918618814659232,0.027880200260188313,0.24949292125047073,-0.02742916639845135,0.24785067770731153,0.08785318749637892,0.24957675701531903
-0.07739338787504506,-0.07890065217846193,0.2500000000000002,-0.07890119688242284,0.17776278223485567,-0.07869373820213185,0.12533868610147675,-0.07920444080147375,-0.08217345539357863,-0.07854238716609079,-0.18574455452435473,0.22965107653970612,-0.22983984576705546,0.22928497550427726,-0.20454287920639458,0.18625751834230236,-0.13849963674490384,0.07816233247833648,0.0730927440249677,-0.0787568555534001,0.15238922931216828,-0.22258487181405484,0.22113121114290676,-0.2246078211220255,0.21846257051614243,-0.1992688134683517,0.19768552443261098,-0.1561727565428342,0.13312128333857534,-0.10363215461055594,-0.16734678932380423,0.21188483127092356,-0.21464546890711586,0.20711487016947577,-0.20938577548139797,0.18398208753147985,-0.18982377785596152,0.11024395933485931,-0.10816664269579136,0.015570183799087525,0.11694054038032164,-0.20169914243671655,0.19927331153854777,-0.1990968907329603,0.16933116697630532,-0.16711116806968954,0.10566812954448541,-0.0829676054236255,0.0322433196870471,-0.042605584142287316,-0.07854581457045436,-0.07852108409914363,-0.17775238595105214,-0.07818409350523413,-0.15264295619530596,-0.07846602182596493,-0.08661134628490945,-0.07695853672548662,-0.012256473381661156,-0.07854279292308924
0.2479366469930826,0.2492246408925511,-0.07890119688242284,0.2500000000000002,-0.0898413021721759,0.24945287041209635,-0.11524491643980564,0.24830244174167232,0.09800000249394183,0.24963897989969083,0.1285480359234181,-0.08495371413455631,0.08526571994955931,-0.08562799399578709,0.11115184803583344,-0.10249079899668684,0.12854818490089145,-0.07926753404906621,-0.07267410210972032,0.15863924459735887,-0.002005023062977303,0.07859983482618985,-0.0774140137491689,0.08075493625302127,-0.07399096107364854,0.08766650852349489,-0.07967053314432727,0.13734529134108184,-0.09373116172565955,0.1715009018830991,0.13848292248037256,-0.06675167084447081,0.06992859609583554,-0.06195428398861454,0.06511833666474418,-0.03862319490565291,0.04773620883716192,0.03823239452040177,-0.014185218848052855,0.13442101348243915,0.03638508014929663,0.05621650502942627,-0.05328447350936865,0.05314795167354316,-0.020487552775249277,0.023300652486060714,0.02585096073296153,-0.001277194247638055,-0.09127725605253013,0.15600560776545194,0.2496016686706986,0.24961028680534986,0.054314639937128185,0.24924820428293412,0.02810622260343244,0.24955529648609198,-0.027288527889670382,0.24791113337071558,0.08785321091965381,0.24963922994982338
-0.08805302212925227,-0.08947505349069833,0.17776278223485567,-0.0898413021721759,0.2500000000000002,-0.08967624665112542,0.13289966494353914,-0.09054274147417984,-0.07484617111179981,-0.0894879109992611,-0.1625166858423327,0.1959967641541974,-0.19621606856991952,0.19666847071857343,-0.2186266750838106,0.19765687665767714,-0.14878550308375418,0.08933205442856482,0.05243731545999595,-0.0822302615721297,0.12504762688115903,-0.1904767346207546,0.18916845315612768,-0.19234380372522003,0.18626853625420742,-0.18901967044642967,0.18368419724817966,-0.15606476993330168,0.1311521312416351,-0.10532504410898091,-0.15122994995027925,0.18026217555917912,-0.18295309278073474,0.17559272298524567,-0.17816990583125508,0.1549785794585626,-0.16196018087935196,0.08790696934015994,-0.0919112366624986,0.0012239681081178037,0.09184680962301588,-0.17047964286735443,0.16818476134310556,-0.16802343218273788,0.1402362600564539,-0.1397018176545233,0.08473485005602939,-0.06856449240785262,0.036065835855104623,-0.05109366795665285,-0.0894868799873767,-0.08946755473286193,-0.1507641434976447,-0.08915575575945305,-0.1273775382213312,-0.0894170369361899,-0.06896449763417445,-0.08801972930963012,-0.019330873171146592,-0.08948821207789973
0.24810670533367934,0.24939043652292028,-0.07869373820213185,0.24945287041209635,-0.08967624665112542,0.24999999999999997,-0.11518754805464392,0.24854836831284963,0.09810840427387578,0.24980909744643573,0.128464330505489,-0.08478267785800436,0.08509476944996736,-0.08545709969702626,0.11098821332469005,-0.10233286778494713,0.12843093854099552,-0.07915434987155466,-0.07278308774259126,0.15877342183190857,-0.0018344177404583878,0.0784292147963102,-0.0772438093316214,0.08058426433643132,-0.07382019099428361,0.08750232812353831,-0.07950516579390436,0.13722393891717882,-0.09360353911677763,0.1714615159816629,0.13843693561392334,-0.06658084757979402,0.06975795370343892,-0.061783855039628216,0.0649479872559698,-0.03845300466813663,0.04756663679163788,0.03840138973722774,-0.014344320105662193,0.1345869306389445,0.0365553768000835,0.056046277979697405,-0.05311393634390507,0.05297746823711973,-0.020316876817373226,0.023133714008542822,0.025999783812620112,-0.0013743523507604813,-0.09133391507485751,0.15611731275300564,0.24977174435683594,0.24978039948363423,0.05416947081488162,0.24941832312740891,0.02796239513892947,0.24972541450648256,-0.027417069727382587,0.2480812537123479,0.08792913956423147,0.24980934807174918
-0.1138983615178639,-0.11496020999815305,0.12533868610147675,-0.11524491643980564,0.13289966494353914,-0.11518754805464392,0.24999999999999997,-0.11634668508154719,-0.04172797224472329,-0.11500481132542291,-0.1276684232688509,0.13657364939297448,-0.13680858058490283,0.1371735971665038,-0.15832282910377413,0.1766749091946969,-0.21538141023779045,0.14762689409223592,0.009990828845286544,-0.06985802636915679,0.0781273250321959,-0.13207787586898992,0.13092161911253994,-0.13384276653429322,0.1369522187416316,-0.15994155560578305,0.15415184217768496,-0.17613351713781714,0.14390402564645383,-0.12609392389479626,-0.1237295618798778,0.12894969286736843,-0.12880368022006508,0.13148652037706277,-0.13305919646114503,0.12019083310902555,-0.12758696119811727,0.057171301678601,-0.07198004371356077,-0.022905842450292625,0.05515182386270666,-0.12905682800960372,0.1273114796879819,-0.12727728282441575,0.10493679390281642,-0.10604532628491216,0.056953519814903576,-0.05089702556268301,0.04818312071575429,-0.07106877810012391,-0.11499580111885595,-0.11498408326154592,-0.11540636994524532,-0.11468584734240088,-0.09733003444518326,-0.1149363656145497,-0.045137617903891265,-0.1135944824564535,-0.03526548008981037,-0.11500474834451238
0.24694827239254544,0.248233706950146,-0.07920444080147375,0.24830244174167232,-0.09054274147417984,0.24854836831284963,-0.11634668508154719,0.24999999999999986,0.09687833156339576,0.2486495466780592,0.12909599579051464,-0.08592110286354394,0.08623244178620314,-0.08659577026243205,0.11212111339132964,-0.10347399352092465,0.1296004272383211,-0.08035414367565487,-0.07155774669368015,0.15756825718029605,-0.0029786977133049817,0.0795666362902758,-0.07837851534062835,0.0817218943828373,-0.07496123106952926,0.08864918224667968,-0.08065207455889833,0.13839763512764766,-0.09477936742939846,0.17220469937170307,0.13873461690943806,-0.06772211578959822,0.07089708851380845,-0.0629245847432945,0.06608888484629698,-0.039598866399699936,0.048711650118036735,0.03725048823169725,-0.013187974792862127,0.1334294557389863,0.03540859935304673,0.05718652881131944,-0.05425663484366642,0.054119857294111215,-0.02146371432859452,0.024258153171205454,0.02499245471064415,-0.0007173960028830377,-0.09095255486401554,0.15536400169334214,0.2486124813688933,0.24862088721312534,0.05514176563013415,0.24825879115377072,0.02892815720076104,0.24856586955952392,-0.02654652588926771,0.2469217915413572,0.0874179565190925,0.24864979739445744
0.09720777280626583,0.09801540863606055,-0.08217345539357863,0.09800000249394183,-0.07484617111179981,0.09810840427387578,-0.04172797224472329,0.09687833156339576,0.25000000000000006,0.0981829213171486,0.0924842567469385,-0.09052460924897639,0.09055865487559907,-0.09036428693564608,0.08547016362686737,-0.06808800547628667,0.032891623365894705,0.039015491002141654,-0.20580210287522244,0.1617262790507933,-0.04187435206967357,0.08583149920916137,-0.08504837973553872,0.0873264263663994,-0.08146007560591755,0.07041977330892145,-0.06870692551540142,0.04098089852089318,-0.024078427314662962,0.0484715862449804,0.08873709643895,-0.0777607103618351,0.08012447897601613,-0.07348264427991315,0.07515435441524078,-0.05815982283235614,0.06183695012066381,-0.01166616091936468,0.010343124981956468,0.043461549276578165,-0.0189516541616683,0.069793505217337,-0.06816179433694813,0.06804834002722308,-0.0494474623730219,0.04923242566877388,-0.01609026570920825,0.0177045317704193,-0.03425128290060769,0.05786078347706896,0.09817314883308388,0.09816965505297076,0.0629476730376986,0.09797425183970714,0.04767712539858871,0.09813925058609575,0.011038677853641191,0.09726365539214042,0.028583666951864678,0.098184058906201
0.24829321274445115,0.2495765067318006,-0.07854238716609079,0.24963897989969083,-0.0894879109992611,0.24980909744643573,-0.11500481132542291,0.2486495466780592,0.0981829213171486,0.24999999999999986,0.12839812741998222,-0.08459588802417053,0.08490806528267048,-0.08527028510414338,0.1108035146667259,-0.1021521555461673,0.12826940618141605,-0.07901986159523322,-0.07289551117257195,0.15891004538253506,-0.001647767195069285,0.07824268750014866,-0.0770577369045631,0.08039768120159275,-0.07363345075223862,0.08731844319893853,-0.07932074529848779,0.13708320824470224,-0.09345654477865581,0.17146674341522897,0.13838684237214757,-0.06639405184857115,0.0695713730794504,-0.06159745063067662,0.06476158749739648,-0.038266543829992686,0.04738054060538932,0.03858693948696215,-0.014520820098411609,0.13476964830229607,0.03674178071876555,0.055860078485581964,-0.05292738952555181,0.05279097905637822,-0.020130111625808775,0.022950789408277463,0.026162995791756165,-0.0014809419242465237,-0.09139584117475825,0.156239541130992,0.24995820215825018,0.24996689778002001,0.05401067338645327,0.2496048276906624,0.027805025858064495,0.2499119185760925,-0.027558064462157854,0.24826775811700724,0.08801217170639782,0.24999585236553384
0.1267441076187047,0.12829763828299057,-0.18574455452435473,0.1285480359234181,-0.1625166858423327,0.128464330505489,-0.1276684232688509,0.12909599579051464,0.0924842567469385,0.12839812741998222,0.25,-0.20165003373343227,0.20179568970761172,-0.20144351209155834,0.18817780864679237,-0.17166110205621538,0.14131430462357947,-0.0802529350980358,-0.07908663429352655,0.1054770950711694,-0.11907220064463543,0.19433280254474675,-0.19288214153131267,0.19648843937483307,-0.1898688861529138,0.17813841707834213,-0.17483508907300455,0.15698279461907058,-0.12749616764551694,0.1259713074378333,0.16750708544237838,-0.1828041200281022,0.1858127256945437,-0.17778872064322987,0.18039976102836963,-0.1534660828783822,0.16043049077047467,-0.07534140133116232,0.07990916182709167,0.024294086363147175,-0.08113731452189912,0.17202607391032607,-0.16934787654318076,0.16917360421219213,-0.13721114986392166,0.13621523628183574,-0.07516089756827164,0.0641380311398521,-0.04965220719128719,0.07516285261902708,0.12839075449946916,0.12837384614325154,0.15288712405401056,0.12801415200619787,0.12628800264870488,0.12831620028167273,0.059956756623011205,0.1267005937076939,0.03319007549270346,0.12839853286816064
-0.0829374050052967,-0.08462220072704604,0.22965107653970612,-0.08495371413455631,0.1959967641541974,-0.08478267785800436,0.13657364939297448,-0.08592110286354394,-0.09052460924897639,-0.08459588802417053,-0.20165003373343227,0.24999999999999992,-0.24961351239400315,0.24904753744185332,-0.22373558111364233,0.2038360563713351,-0.1511380684540297,0.08451884801196406,0.08015854674920739,-0.08633564997386517,0.16572125909314916,-0.24178641898840836,0.24020915815199803,-0.24397870555754753,0.2373563163341548,-0.21721031202246138,0.2153859041729703,-0.16896018639392518,0.1441459011059781,-0.11178295671739404,-0.18152618555298536,0.23021624510064229,-0.23319640981198267,0.22507402296732648,-0.22754302718821123,0.20006052956281892,-0.20643732582660604,0.12012769805256637,-0.11771498018758815,0.017405212320550843,0.12732626100999545,-0.21921256110274095,0.21658568277779092,-0.216394707960946,0.18414278339700854,-0.18176259714397422,0.115095351884803,-0.09031909966080626,0.03480000908665192,-0.045833778573108074,-0.08459976172871907,-0.08457282977402261,-0.19317333661177943,-0.08420744304034032,-0.16596160196799836,-0.08451311242628178,-0.09436487751217025,-0.0828786639002038,-0.01306359351963285,-0.08459634809460534
0.08324698641281258,0.08493396075975837,-0.22983984576705546,0.08526571994955931,-0.19621606856991952,0.08509476944996736,-0.13680858058490283,0.08623244178620314,0.09055865487559907,0.08490806528267048,0.20179568970761172,-0.24961351239400315,0.24999999999999997,-0.24927250846055352,0.22399180518121406,-0.20408809892594507,0.15140193789937295,-0.08471988658579288,-0.08013756317313342,0.08647872390265013,-0.1658158533647093,0.2420009966299191,-0.24042176353641984,0.2441964099068862,-0.23756920837875883,0.21744330674758605,-0.21560818298581982,0.16922175949460155,-0.14435119498946888,0.11204399616237486,0.18177225803638122,-0.23041618282525997,0.23339958247986786,-0.2252704336514591,0.22774368253565508,-0.20022296374545562,0.20661400732722313,-0.12016677346469834,0.11778110233295029,-0.017279687399105098,-0.12736318052253248,0.21940099528419846,-0.21676975603773924,0.21657859505906812,-0.18427554094606705,0.1818977436446156,-0.11514239700170302,0.09037783769017087,-0.03492126439313171,0.0460273657568349,0.08491190126798412,0.08488496199457474,0.19334453029639617,0.0845189690335008,0.16609121122257853,0.08482514952572273,0.09439746650199324,0.08318795240719247,0.013167265766533025,0.08490852510845012
-0.08361024105123488,-0.08529599588565975,0.22928497550427726,-0.08562799399578709,0.19666847071857343,-0.08545709969702626,0.1371735971665038,-0.08659577026243205,-0.09036428693564608,-0.08527028510414338,-0.20144351209155834,0.24904753744185332,-0.24927250846055352,0.24999999999999994,-0.22444193477421195,0.2045466500494238,-0.15184568424954822,0.08519022131165113,0.07958391882252548,-0.08634767276236309,0.166107180474891,-0.2424796748831321,0.24089719582876515,-0.24467882491468942,0.23805201505189838,-0.21791160203294,0.2160701359503813,-0.1696555244007254,0.14472771003553792,-0.1124197947742628,-0.18220181494720272,0.23087734491729672,-0.23386341386025505,0.22573107887418262,-0.2282090240760633,0.200630989242204,-0.20704110361130137,0.12038092731276319,-0.11801136513796082,0.017213113966470815,0.12756705873646704,-0.2198503994190146,0.21721262005072536,-0.2170211908881732,0.18463785037597327,-0.18225803452539446,0.11535139335116884,-0.09056416916456396,0.035075845984688624,-0.046248292616334334,-0.08527409385997306,-0.08524711056034885,-0.1937446492855499,-0.08488011008274611,-0.16642508153709148,-0.0851871352528331,-0.0945650471878924,-0.08354536679321704,-0.01327514726335779,-0.08527074271391626
0.10914088550173799,0.1108134473979939,-0.20454287920639458,0.11115184803583344,-0.2186266750838106,0.11098821332469005,-0.15832282910377413,0.11212111339132964,0.08547016362686737,0.1108035146667259,0.18817780864679237,-0.22373558111364233,0.22399180518121406,-0.22444193477421195,0.25000000000000006,-0.22707331286702254,0.1765843336636319,-0.10792920166087915,-0.05890986386213008,0.09688619932496058,-0.1407582464184051,0.2172091835816569,-0.21568604316184617,0.21940212521997365,-0.2127496769617863,0.2167160230303527,-0.21047738567410254,0.18380056028584776,-0.15366072594617167,0.13026406159123133,0.17558073944585578,-0.20556167803327094,0.20857946137571456,-0.20046762506359428,0.20344045674156866,-0.1766750638106761,0.1848996989426357,-0.09791617435717669,0.10377226530099574,0.0036523472514397646,-0.10221450352156738,0.1945962654228453,-0.1919158340102783,0.19173408303428136,-0.1592930881131602,0.15880964305959847,-0.09479942952247015,0.07750683644931246,-0.04447972098171647,0.06392133514510345,0.1108008961954742,0.11077941036466689,0.1722863403069744,0.11041295701514428,0.14505972729296124,0.11072017196091377,0.07691191217797333,0.10907704935454347,0.025425007940299643,0.11080387519262112
-0.10069672256155257,-0.10216842645169931,0.18625751834230236,-0.10249079899668684,0.19765687665767714,-0.10233286778494713,0.1766749091946969,-0.10347399352092465,-0.06808800547628667,-0.1021521555461673,-0.17166110205621538,0.2038360563713351,-0.20408809892594507,0.2045466500494238,-0.22707331286702254,0.2500000000000002,-0.19614154240333817,0.12728329137019284,0.03961794834755739,-0.0859791556635151,0.13142624779253895,-0.19749112910721864,0.19603639625958288,-0.19962885049284326,0.2019488247040699,-0.2265388571183345,0.21964135768592108,-0.19451038488604688,0.16422838831392422,-0.13257088653800198,-0.1600841687676382,0.19272098591418865,-0.19295412779439697,0.19455734579230163,-0.19658351159529702,0.17962795829752198,-0.18834279664970674,0.10309085828343385,-0.11068043595032077,0.003928046679873451,0.10241245139973004,-0.19121716267250188,0.1891043789871653,-0.18903296032410494,0.16159578160886962,-0.16207178503275949,0.09921926085159719,-0.08114499546409834,0.044975383844728996,-0.06072009873034,-0.10215059825206009,-0.1021287246408725,-0.16944186425959085,-0.10177010046170121,-0.14682912296168443,-0.10207045696727048,-0.08084738505532657,-0.10046242824218399,-0.02549308366662358,-0.10215235971029457
0.1270051867284569,0.1282265339829165,-0.13849963674490384,0.12854818490089145,-0.14878550308375418,0.12843093854099552,-0.21538141023779045,0.1296004272383211,0.032891623365894705,0.12826940618141605,0.14131430462357947,-0.1511380684540297,0.15140193789937295,-0.15184568424954822,0.1765843336636319,-0.19614154240333817,0.25000000000000017,-0.17417478840220546,0.005818506308708588,0.0681471564711118,-0.0859321066443315,0.14603975197767108,-0.14476479562540984,0.1479772770102079,-0.15094779029730646,0.176850696386613,-0.17019929433205483,0.2034220284741796,-0.16642464566424472,0.15091647560585425,0.13722027140552356,-0.14222957841021167,0.1422137736362704,-0.14466752789843831,0.1464897520188307,-0.131826104833851,0.1400963517940081,-0.06248909693384344,0.08078645231448715,0.025529531215031827,-0.06005758705234822,0.1418485396137771,-0.13989046508939557,0.13984755273003924,-0.11490952951680526,0.11619022461942892,-0.06214511027968061,0.05572428250741921,-0.05363608689212556,0.07940639256950698,0.12825914386065038,0.1282463977977329,0.12687536282817985,0.12791655757912698,0.10666440351629951,0.1281936506097312,0.049204261118968855,0.12670918018733784,0.03946078508418619,0.12826929385820668
-0.07831301114438798,-0.07901607358240778,0.07816233247833648,-0.07926753404906621,0.08933205442856482,-0.07915434987155466,0.14762689409223592,-0.08035414367565487,0.039015491002141654,-0.07901986159523322,-0.0802529350980358,0.08451884801196406,-0.08471988658579288,0.08519022131165113,-0.10792920166087915,0.12728329137019284,-0.17417478840220546,0.2500000000000002,-0.08101595663582013,-0.003098960947105934,0.04891501696910141,-0.0835436746455625,0.08277305730255802,-0.08459690977931057,0.08846776933299846,-0.11349966488963378,0.10846555182412186,-0.15978634727133015,0.13251387603906317,-0.1152106820208407,-0.08055095220769494,0.08277930189852395,-0.0821365244210105,0.08582232792033387,-0.08682785144926496,0.0801380726512028,-0.08571069679622932,0.03949878360383815,-0.05785686295901497,-0.01258507396993504,0.035072104242861224,-0.08463473941397108,0.08355003686067398,-0.08354995396864362,0.06926040222531141,-0.07054466370909374,0.03844367514187222,-0.034878993027668725,0.03455110609243965,-0.050273025650878905,-0.07901293651813125,-0.07900537859371919,-0.07583059039533148,-0.07880310087657535,-0.06434731246907122,-0.07897296131614327,-0.03052458640209531,-0.07806054054876264,-0.025804797977630748,-0.07901940865026626
-0.07208101150313215,-0.07273834253424812,0.0730927440249677,-0.07267410210972032,0.05243731545999595,-0.07278308774259126,0.009990828845286544,-0.07155774669368015,-0.20580210287522244,-0.07289551117257195,-0.07908663429352655,0.08015854674920739,-0.08013756317313342,0.07958391882252548,-0.05890986386213008,0.03961794834755739,0.005818506308708588,-0.08101595663582013,0.2500000000000001,-0.16359064343249047,0.03948480948635158,-0.07553308269578692,0.0748107325388855,-0.07690106905478865,0.07107569025834913,-0.04952015766219338,0.05010416046748392,-0.005632455524612726,-0.004291091695244417,-0.017038247880722553,-0.07314486075830477,0.0681837061607156,-0.0704042209479172,0.06396169568199954,-0.06519916242484673,0.050268029144920554,-0.05231973939262667,0.011679297034577762,-0.004173983050550344,-0.03320050302994435,0.020306504205983067,-0.06075509330110761,0.05941291581371262,-0.05930714645973841,0.04410483825330343,-0.043141254787429376,0.015599377066275939,-0.015355941826429638,0.02419616692891185,-0.04153059451038383,-0.0728893788174066,-0.0728855508877694,-0.054482665397607724,-0.07273166053204963,-0.04195405550545817,-0.07286156007130201,-0.011136453972023994,-0.07217459249158903,-0.019345790215580104,-0.07289675898049289
0.1576451655848722,0.1586369717905687,-0.0787568555534001,0.15863924459735887,-0.0822302615721297,0.15877342183190857,-0.06985802636915679,0.15756825718029605,0.1617262790507933,0.15891004538253506,0.1054770950711694,-0.08633564997386517,0.08647872390265013,-0.08634767276236309,0.09688619932496058,-0.0859791556635151,0.0681471564711118,-0.003098960947105934,-0.16359064343249047,0.2500000000000002,-0.023322878651860918,0.08008902168205878,-0.07885997908373617,0.08210721097542534,-0.0755797583910716,0.08030572272167456,-0.07499125373016353,0.07181214798593243,-0.039251073955153044,0.0807769003494074,0.10659948668948517,-0.07006679187201718,0.07278823008334079,-0.06557830785689145,0.06798453217126854,-0.047723378185223354,0.05388629545553267,0.012923145572390975,-0.005597901802768733,0.08277128201595939,0.005501104060453087,0.061136083112104646,-0.05902796150289872,0.058907137882785836,-0.03516434279916959,0.03659119159661056,0.004209839667631828,0.006763130918427087,-0.05581294309240903,0.09664797211828521,0.15888902378941883,0.15889102753667161,0.056738657710105486,0.15863621115446772,0.03757067559225232,0.15885219338468662,-0.007363536962668128,0.15770779615936842,0.051756638329962766,0.15891084420936227
-0.0008368918347844414,-0.0017720151516782915,0.15238922931216828,-0.002005023062977303,0.12504762688115903,-0.0018344177404583878,0.0781273250321959,-0.0029786977133049817,-0.04187435206967357,-0.001647767195069285,-0.11907220064463543,0.16572125909314916,-0.1658158533647093,0.166107180474891,-0.1407582464184051,0.13142624779253895,-0.0859321066443315,0.04891501696910141,0.03948480948635158,-0.023322878651860918,0.25000000000000017,-0.17331351227096695,0.1743223179572965,-0.17095001319205677,0.1716573148284041,-0.15032845088017283,0.15273760358127042,-0.10043164416923904,0.09185276777022268,-0.04510992756088888,-0.11303735591978813,0.17501834591345206,-0.17556498877836935,0.17326743257856814,-0.17326163021709812,0.15929124322886595,-0.16116095262767086,0.11191306736763297,-0.10234920431663151,0.05180893826643443,0.11849758275634373,-0.17057792204015065,0.16927603755437937,-0.16917591318684602,0.15185296782242008,-0.1480926849276173,0.10471936873703708,-0.07676700487231895,0.004087026317762893,0.004887764831021916,-0.0016615036854001715,-0.0016361216288890733,-0.14898280115521156,-0.0014260492975935535,-0.13417038750723084,-0.0016005807971098869,-0.08743272778641546,-0.0006680353706217011,0.013477456990532577,-0.0016480279899717123
0.07665504755721678,0.07827648761307489,-0.22258487181405484,0.07859983482618985,-0.1904767346207546,0.0784292147963102,-0.13207787586898992,0.0795666362902758,0.08583149920916137,0.07824268750014866,0.19433280254474675,-0.24178641898840836,0.2420009966299191,-0.2424796748831321,0.2172091835816569,-0.19749112910721864,0.14603975197767108,-0.0835436746455625,-0.07553308269578692,0.08008902168205878,-0.17331351227096695,0.25000000000000017,-0.24645840179373543,0.24546637542524224,-0.24048480012044426,0.21602596820464423,-0.2155632469746633,0.1663687113787922,-0.14289024063283562,0.10848536955706926,0.18285188064253213,-0.2362844558271495,0.2390804540238394,-0.23103723220345995,0.23324492474577824,-0.20557423897775023,0.2111938702393957,-0.1251903465955171,0.1211164887208266,-0.022470862214975545,-0.13345737855387435,0.22524200052661453,-0.22262889750356424,0.22243598364963313,-0.1902218650116241,0.187205528392303,-0.11981638029810252,0.09319615947820754,-0.03235532101332835,0.04141332108851252,0.07824809182686833,0.07821983258734762,0.19828283573483366,0.07785465541119012,0.1710808298420206,0.07815999221481777,0.098405648435541,0.07652747579683976,0.009981991413096256,0.07824312508114499
-0.07548370723441768,-0.07709261092628451,0.22113121114290676,-0.0774140137491689,0.18916845315612768,-0.0772438093316214,0.13092161911253994,-0.07837851534062835,-0.08504837973553872,-0.0770577369045631,-0.19288214153131267,0.24020915815199803,-0.24042176353641984,0.24089719582876515,-0.21568604316184617,0.19603639625958288,-0.14476479562540984,0.08277305730255802,0.0748107325388855,-0.07885997908373617,0.1743223179572965,-0.24645840179373543,0.24999999999999994,-0.24580266843520893,0.24160544415011187,-0.21561748672648823,0.21568322521857494,-0.1656698843031317,0.14257089895507508,-0.10758355069309276,-0.1839566036798548,0.23877910253191129,-0.241510370710301,0.23349650431066263,-0.23561770676560134,0.20777550586344914,-0.2131199576636503,0.12687779959215267,-0.12224261725957872,0.02369170838412449,0.13553678132150074,-0.22770782545108575,0.22508782965174198,-0.22489397415505574,0.19255685009301624,-0.18930406861469026,0.1214425479029423,-0.09426429835309122,0.03189497769020551,-0.04051186276620719,-0.07706353438377415,-0.07703482522458766,-0.20040234727542378,-0.07666799681585813,-0.1730966557955459,-0.07697467332996896,-0.09977336464088801,-0.07533493778687418,-0.009266687421195878,-0.07705817113643364
0.07878850229579867,0.08042900384039005,-0.2246078211220255,0.08075493625302127,-0.19234380372522003,0.08058426433643132,-0.13384276653429322,0.0817218943828373,0.0873264263663994,0.08039768120159275,0.19648843937483307,-0.24397870555754753,0.2441964099068862,-0.24467882491468942,0.21940212521997365,-0.19962885049284326,0.1479772770102079,-0.08459690977931057,-0.07690106905478865,0.08210721097542534,-0.17095001319205677,0.24546637542524224,-0.24580266843520893,0.25000000000000006,-0.24282546397631727,0.21841738110405004,-0.21734246913915256,0.1685752874499406,-0.1444039666556332,0.11040890628714226,0.18343268231321552,-0.2356522793491705,0.23863338515165666,-0.23049287301569452,0.23288427164394027,-0.2051648955767652,0.21125298702713552,-0.12468549824334198,0.12107901315937207,-0.021327846925631534,-0.1323633216541308,0.22460964055958657,-0.2219804791609282,0.2217872529986617,-0.18941940759775663,0.18669763828420094,-0.11925970718108998,0.09304442471357449,-0.03329977805971861,0.042909472215097486,0.08040267985670739,0.08037465650894815,0.19778842555315132,0.08000763101308382,0.17045350129746306,0.08031455424927936,0.0979244109259569,0.0786734030730343,0.01097983900899723,0.08039812522703704
-0.0721127190768971,-0.07367382623991706,0.21846257051614243,-0.07399096107364854,0.18626853625420742,-0.07382019099428361,0.1369522187416316,-0.07496123106952926,-0.08146007560591755,-0.07363345075223862,-0.1898688861529138,0.2373563163341548,-0.23756920837875883,0.23805201505189838,-0.2127496769617863,0.2019488247040699,-0.15094779029730646,0.08846776933299846,0.07107569025834913,-0.0755797583910716,0.1716573148284041,-0.24048480012044426,0.24160544415011187,-0.24282546397631727,0.2500000000000002,-0.22262152163491553,0.22194996540170672,-0.17224156742751476,0.14852351138319583,-0.10950452456470917,-0.17896720927894347,0.23650322130055532,-0.23779877732992788,0.2363308476094882,-0.23860398318233642,0.21158824367399726,-0.2175762758215529,0.13109585617028183,-0.12694187937150953,0.027709455883452555,0.13849866544114742,-0.23040183484626348,0.2280084893512744,-0.2278737116223404,0.19589076587205498,-0.19301265640258997,0.12496187587290344,-0.09685141816083061,0.03142138123119636,-0.03870949222515405,-0.07364002589458295,-0.0736106243627843,-0.2028864244043055,-0.07324373766993658,-0.17590557749515826,-0.0735503628059877,-0.10284370285209929,-0.07191075266402774,-0.008347575161489073,-0.07363384660959271
0.08585811319187758,0.08734725893482645,-0.1992688134683517,0.08766650852349489,-0.18901967044642967,0.08750232812353831,-0.15994155560578305,0.08864918224667968,0.07041977330892145,0.08731844319893853,0.17813841707834213,-0.21721031202246138,0.21744330674758605,-0.21791160203294,0.2167160230303527,-0.2265388571183345,0.176850696386613,-0.11349966488963378,-0.04952015766219338,0.08030572272167456,-0.15032845088017283,0.21602596820464423,-0.21561748672648823,0.21841738110405004,-0.22262152163491553,0.2500000000000001,-0.24122740058774791,0.19712741404506876,-0.1703512159675264,0.12915083415215586,0.1671988447378513,-0.2126528114631908,0.2127906993316913,-0.21464169147445744,0.2166496342918695,-0.1999748493083007,0.20887328450130324,-0.12162963206870381,0.12619060155196737,-0.019515822227314926,-0.12097713935101966,0.21139928494578,-0.20929652688502368,0.2092218292884434,-0.18156258065080508,0.18178602284467218,-0.11587862712941192,0.09243079645270055,-0.04036581338488392,0.05079785804924191,0.08732109000705494,0.08729517339082428,0.1867767117080737,0.08692905992452223,0.16386657647059,0.08723525424527385,0.09514494521143292,0.08559619135261017,0.018602976392320454,0.087318718477867
-0.07791126750490546,-0.07935844561515559,0.19768552443261098,-0.07967053314432727,0.18368419724817966,-0.07950516579390436,0.15415184217768496,-0.08065207455889833,-0.06870692551540142,-0.07932074529848779,-0.17483508907300455,0.2153859041729703,-0.21560818298581982,0.2160701359503813,-0.21047738567410254,0.21964135768592108,-0.17019929433205483,0.10846555182412186,0.05010416046748392,-0.07499125373016353,0.15273760358127042,-0.2155632469746633,0.21568322521857494,-0.21734246913915256,0.22194996540170672,-0.24122740058774791,0.2500000000000002,-0.19213790298487804,0.16671353062544178,-0.12253080225743446,-0.1646268486123055,0.2145881892914376,-0.21425660909346297,0.21746992681141236,-0.2192511291184609,0.2070298522836948,-0.21587811169145485,0.12873107266100248,-0.1318274199351603,0.026526620303527673,0.1255446639523735,-0.2146114734222492,0.21273302200066996,-0.21269078618284482,0.18829980727611817,-0.18878928520162466,0.12241955337109023,-0.09728090653917587,0.03979012106353408,-0.04681173044844281,-0.07932500698126009,-0.07929788131199679,-0.18946429265591694,-0.07893297789766876,-0.1695613329263569,-0.07923787437432307,-0.10078975870947013,-0.07760496912334267,-0.017198181873807897,-0.07932102048458817
0.1356144210238642,0.1370144411834065,-0.1561727565428342,0.13734529134108184,-0.15606476993330168,0.13722393891717882,-0.17613351713781714,0.13839763512764766,0.04098089852089318,0.13708320824470224,0.15698279461907058,-0.16896018639392518,0.16922175949460155,-0.1696555244007254,0.18380056028584776,-0.19451038488604688,0.2034220284741796,-0.15978634727133015,-0.005632455524612726,0.07181214798593243,-0.10043164416923904,0.1663687113787922,-0.1656698843031317,0.1685752874499406,-0.17224156742751476,0.19712741404506876,-0.19213790298487804,0.25000000000000017,-0.20543206993244276,0.17583114556534,0.15364716975097456,-0.16291209706813123,0.162942540595358,-0.16549414912318047,0.16752024616502484,-0.15102969198738836,0.16007413569790735,-0.0742923025410729,0.09823061171223879,0.02189580446435113,-0.07165118524721295,0.16229897333265078,-0.1601330227646339,0.16008267113487823,-0.13236839917135262,0.13357341137147852,-0.0730834501291254,0.06433096322615259,-0.05771538127811794,0.0849075312833317,0.1370732478544507,0.13705803314531503,0.1449560480430296,0.13669266318591486,0.12244495463763441,0.13699949260051852,0.05815469764712542,0.13535630810092272,0.04146986136642434,0.1370832275964559
-0.09232715127816503,-0.09344361106037595,0.13312128333857534,-0.09373116172565955,0.1311521312416351,-0.09360353911677763,0.14390402564645383,-0.09477936742939846,-0.024078427314662962,-0.09345654477865581,-0.12749616764551694,0.1441459011059781,-0.14435119498946888,0.14472771003553792,-0.15366072594617167,0.16422838831392422,-0.16642464566424472,0.13251387603906317,-0.004291091695244417,-0.039251073955153044,0.09185276777022268,-0.14289024063283562,0.14257089895507508,-0.1444039666556332,0.14852351138319583,-0.1703512159675264,0.16671353062544178,-0.20543206993244276,0.25000000000000033,-0.17190193672534076,-0.12331391698314606,0.1407721778858849,-0.14060516929085834,0.14347811049201895,-0.14538326332652676,0.1332962510544496,-0.14244681602871806,0.11777050976830689,-0.14172310181142592,0.021667879960118822,0.07007086367588601,-0.1406616165605942,0.1387468891819342,-0.138712801259539,0.1161187624500943,-0.11752140172703625,0.09975851339326065,-0.0944675164671913,0.06253594811133605,-0.06812584003658481,-0.09345167035398134,-0.09343420179081664,-0.12443378201082264,-0.09309222263445924,-0.10476474317640111,-0.09337587068814324,-0.08396723097023771,-0.09174500279211381,-0.041826111537086076,-0.09345652335398665
0.17007774142005533,0.17127055804256652,-0.10363215461055594,0.1715009018830991,-0.10532504410898091,0.1714615159816629,-0.12609392389479626,0.17220469937170307,0.0484715862449804,0.17146674341522897,0.1259713074378333,-0.11178295671739404,0.11204399616237486,-0.1124197947742628,0.13026406159123133,-0.13257088653800198,0.15091647560585425,-0.1152106820208407,-0.017038247880722553,0.0807769003494074,-0.04510992756088888,0.10848536955706926,-0.10758355069309276,0.11040890628714226,-0.10950452456470917,0.12915083415215586,-0.12253080225743446,0.17583114556534,-0.17190193672534076,0.2500000000000002,0.12929305781979594,-0.10149388715263649,0.10287067447327634,-0.10081477354856881,0.10331909992875193,-0.08318891422511865,0.09233310749665417,-0.039920919365651564,0.06393086216261114,0.056254321772901565,-0.015626261083721213,0.09658473265701045,-0.09413737909063118,0.094051090264624,-0.06567770002345504,0.06771116395170525,-0.036463057690493954,0.046708550614300876,-0.07717586660370389,0.1121862908515835,0.17144529346335174,0.17144107082501253,0.08773027921181022,0.1710900624939102,0.06401541605828578,0.17138448405378562,0.02804942748576047,0.16974690464614522,0.06512161053122323,0.17146665970685127
0.13678433456239325,0.13825813732379338,-0.16734678932380423,0.13848292248037256,-0.15122994995027925,0.13843693561392334,-0.1237295618798778,0.13873461690943806,0.08873709643895,0.13838684237214757,0.16750708544237838,-0.18152618555298536,0.18177225803638122,-0.18220181494720272,0.17558073944585578,-0.1600841687676382,0.13722027140552356,-0.08055095220769494,-0.07314486075830477,0.10659948668948517,-0.11303735591978813,0.18285188064253213,-0.1839566036798548,0.18343268231321552,-0.17896720927894347,0.1671988447378513,-0.1646268486123055,0.15364716975097456,-0.12331391698314606,0.12929305781979594,0.24999999999999997,-0.177879607257386,0.18044102287821823,-0.17258626909759742,0.17434399655735858,-0.14713619011872628,0.15356046568668077,-0.06752658997725282,0.07289237501441125,0.032944672119833936,-0.07455088136436092,0.1669222292274189,-0.16418866872701632,0.1640146427575121,-0.13154242211044226,0.12988699271654702,-0.06858305471018519,0.05983111052385025,-0.05275267183080706,0.08140455335474461,0.13837732210018036,0.13836185845533955,0.1485989372587372,0.1379965458417366,0.12169765437798871,0.13830351279648884,0.05412760985066414,0.13666147001345916,0.03697439030677127,0.13838720528457052
-0.06493891337921553,-0.06644264440848494,0.21188483127092356,-0.06675167084447081,0.18026217555917912,-0.06658084757979402,0.12894969286736843,-0.06772211578959822,-0.0777607103618351,-0.06639405184857115,-0.1828041200281022,0.23021624510064229,-0.23041618282525997,0.23087734491729672,-0.20556167803327094,0.19272098591418865,-0.14222957841021167,0.08277930189852395,0.0681837061607156,-0.07006679187201718,0.17501834591345206,-0.2362844558271495,0.23877910253191129,-0.2356522793491705,0.23650322130055532,-0.2126528114631908,0.2145881892914376,-0.16291209706813123,0.1407721778858849,-0.10149388715263649,-0.177879607257386,0.25000000000000017,-0.24671494088220894,0.2424657930669632,-0.2424474013294936,0.21590219301639835,-0.2195958653158933,0.1342518789858133,-0.1277129237485293,0.03190801005889317,0.1457446816662169,-0.23770954876469294,0.23511008492000546,-0.2349118501390435,0.2026450521236539,-0.1975336244275151,0.12841371852795985,-0.09822663727650624,0.027472380256519588,-0.03298327879604631,-0.06640239387796036,-0.06637148077460521,-0.20883755871023071,-0.06600518443558022,-0.18159937906857157,-0.06631115469995924,-0.10567007175824364,-0.06467550720733414,-0.003846941341138108,-0.06639444066397733
