x1,x2,x3,x4,x5,x6,x7,x8,x9,x10,x11,x12,x13,x14,x15,x16,x17,x18,x19,x20,x21,x22,x23,x24,x25,x26,x27,x28,x29,x30,x31,x32,x33,x34,x35,x36,x37,x38,x39,x40,x41,x42,x43,x44,x45,x46,x47,x48,x49,x50,x51,x52,x53,x54,x55,x56,x57,x58,x59,x60
0.25,-0.1796879915504453,0.1676036936441511,-0.16720079178821706,0.1489655277005505,-0.1635635474769359,0.15910880349070172,-0.16194615823069203,0.15823957946848935,-0.16711984141800723,-0.2427022951281384,0.22037810553126796,-0.08487545103356917,0.08464460421595733,0.1404645491991146,-0.14056966655155834,0.1543083761098668,-0.1525401292126857,0.16255156465095807,-0.15930041830877797,0.14974167138472214,-0.16639076726309102,0.1622267115781687,-0.05493077649389512,0.05814305985732478,0.16312850771614446,-0.08344443964189827,0.1624879304918349,0.050029838506950176,0.15955054251800807,-0.14846899420679807,0.16540580997252805,-0.14716510703765448,0.1653688008461722,-0.05557739159871964,0.16353432315246824,0.08406248030164462,0.15656875272841836,-0.050071651517963285,0.15788286388929143,0.1226771685599731,-0.12230450406166207,0.14914182716763286,-0.1477485815494777,0.16442490543217822,-0.1625005831533859,0.1652204955308831,-0.15562413029675026,0.1655130370965057,-0.15773982493322947,-0.09246257857785589,-0.11966987986632749,0.10823832834473357,-0.14474106622126165,0.09637722639951998,-0.14201506845821404,0.11040018418261162,-0.1396699385782733,0.11228069685301446,-0.15067152353554691
-0.1796879915504453,0.25,-0.2349063368253796,0.23588514362955765,-0.19006441716104608,0.2270363784997349,-0.21758966953833409,0.22514051031931254,-0.20882380310762008,0.22854782312041153,0.1737983636584702,-0.1878912903462972,0.0215517096631012,-0.022460893103214714,-0.21065999427651835,0.2107307340642942,-0.22456031200797855,0.22162144765605837,-0.23281022926335976,0.22805966264735184,-0.16137848310593103,0.1328608790779965,-0.2300247654815067,-0.009113510161854636,0.003036189527941387,-0.2333861847462441,0.050062609398670674,-0.23161115868968798,-0.024162696275489642,-0.22827898034248462,0.16025037555635446,-0.23566690329230514,0.21397515173356987,-0.23560234479093545,-0.0057038697790492,-0.2325136498924455,-0.050768858951296014,-0.22346730461545009,0.02418534211765605,-0.22613335852828417,-0.18274698356560046,0.1822304437297808,-0.21863021360899904,0.21679301451857289,-0.2343967302837673,0.23118213374825505,-0.2354072018250617,0.22188430728421873,-0.23388573513825942,0.22573443486332403,0.1369666737127308,0.16966960410201007,-0.1532700595338778,0.2058420810893387,-0.13836289385133457,0.20270590386300355,-0.15734296614980642,0.19887652491887423,-0.16008367960297779,0.2144258273495786
0.1676036936441511,-0.2349063368253796,0.2500000000000001,-0.2353506974146824,0.18920303338129554,-0.21521164132518777,0.20652124100681568,-0.2133198938090206,0.1968428270285564,-0.21645317055103103,-0.16276941068166462,0.17675665630419798,-0.033721556260777344,0.03463164125551012,0.1985471357306381,-0.19862450736476137,0.21244863643737183,-0.21022309524263327,0.22069926697759493,-0.2167048943434515,0.15069025671014538,-0.12290639827283606,0.2183346525055107,-0.0030470127676458783,0.008551127452418135,0.2212752974555944,-0.05610397540708395,0.2202252883145628,0.02564987769228887,0.2169410574923912,-0.14959410813195817,0.2235561402913428,-0.20240233661269222,0.22349637500897002,-0.005888763820254604,0.2207651611719029,0.05679792957967449,0.2114520634724638,-0.0256768648474672,0.2140875846433759,0.1724615540520218,-0.1719705127403403,0.2065874516765456,-0.20482998283730403,0.222338924449497,-0.21948736874053423,0.22331262950698796,-0.20995541070239424,0.22182536007494225,-0.2137022333246777,-0.12940055424015015,-0.16108334352283285,0.14556534492948683,-0.19532774228627714,0.13115191639191293,-0.19224972637068266,0.1492789947568555,-0.18868545043416193,0.1518900141864433,-0.20344554955391844
-0.16720079178821706,0.23588514362955765,-0.2353506974146824,0.25,-0.2021921550726098,0.22804322511184463,-0.2154594481120806,0.22507509252865687,-0.20895286638650457,0.22908743156545933,0.16349908737467103,-0.18380779892859095,0.020484681132206695,-0.021402946252700204,-0.21140465869043715,0.21147492384730332,-0.22528490537600845,0.22262420112754444,-0.23352289289651348,0.22902570444620143,-0.15938672754414682,0.12918414247030624,-0.23071500484917168,-0.010115402357711863,0.004014567933772938,-0.234098009434527,0.049245134055514686,-0.2326047208089974,-0.02276787085467797,-0.22924638580420936,0.1582740031491989,-0.2363754319350054,0.21467952980520183,-0.23631068793062524,-0.006679936826165862,-0.23322908698502454,-0.04995276327802657,-0.2240439643195517,0.022791935433890614,-0.2267707021894255,-0.18342325761321304,0.18290550494377172,-0.21935883864264016,0.21751881687384292,-0.23510384480171223,0.2318959658552928,-0.23611557475752043,0.2224481099589928,-0.23450569921455788,0.22636182235897653,0.13747460849476711,0.17017451574889922,-0.15372955663118,0.20645923582413725,-0.1387985246078034,0.20332129371986765,-0.15782219560567187,0.1994756107837864,-0.16057609598989953,0.21506881687022728
0.1489655277005505,-0.19006441716104608,0.18920303338129554,-0.2021921550726098,0.2500000000000002,-0.19402973047010938,0.17714354340434382,-0.18131434442983993,0.16353972820336543,-0.18290510088446701,-0.14635372670873079,0.1628556883664597,-0.009775743648178375,0.010612341183142627,0.16480909899213705,-0.16489096913017154,0.17870869247675808,-0.1762915468768709,0.18695918969827813,-0.18281210239741388,0.13457083966572383,-0.11622096165579168,0.1854793511561007,0.018745002728866124,-0.013885907208103131,0.187535897452888,-0.03172021636671099,0.18625845245332043,0.017390477835692194,0.18304554756139146,-0.13365775126279764,0.18981593793899965,-0.17328733140252356,0.18976620719601286,0.016071100268189937,0.18703634937424188,0.03255030879833647,0.1806373574557214,-0.017407220446074637,0.18261987117850514,0.14808703245495855,-0.14767195840819797,0.17692250524741884,-0.17545865314391365,0.18880624845729485,-0.18598014845755634,0.18960320735433683,-0.17936562596615072,0.18850979056434292,-0.18231545183698925,-0.11082610317060805,-0.13651967937042622,0.1232679124729289,-0.16572640204248673,0.11153716135896265,-0.16330600487173735,0.12670394194956464,-0.16015118015529975,0.1288958041990887,-0.17266645432580519
-0.1635635474769359,0.2270363784997349,-0.21521164132518777,0.22804322511184463,-0.19402973047010938,0.2500000000000003,-0.23158636494735244,0.23100241218926024,-0.21283995036624317,0.23259352949037818,0.1665899036005023,-0.18863338892314813,0.011723574711008072,-0.012641436705305273,-0.21510159724859804,0.21516609720243732,-0.22881986106709012,0.22574990855628438,-0.23706841487200023,0.2321699876510373,-0.16373669980975333,0.13420504844903663,-0.23410343464341865,-0.018604652460585083,0.012247443017383614,-0.23764545150651503,0.04382981326090999,-0.235733542466294,-0.02123479078914952,-0.23238145185318318,0.16262272422551072,-0.23992463060340227,0.21833464734861022,-0.23985805048086498,-0.01487437922290026,-0.23658418637482537,-0.04455707896794489,-0.2277991010596503,0.021255558084526376,-0.23048494136115272,-0.18681590202052528,0.18629112307968076,-0.2232314039542439,0.22137431359818888,-0.23864281049709818,0.23524166377950906,-0.23965876625812488,0.22617653998298093,-0.23806487917459965,0.2300758518597,0.13991401428256972,0.1726339450111985,-0.15591386996193868,0.20951327790127777,-0.14095377227386813,0.20640210630854153,-0.16017578451633238,0.20244964964707085,-0.16296263740889,0.21827004777394596
0.15910880349070172,-0.21758966953833409,0.20652124100681568,-0.2154594481120806,0.17714354340434382,-0.23158636494735244,0.2499999999999996,-0.23622919050227664,0.21385280068567813,-0.22134205140851146,-0.1631531265140144,0.18485763147998935,-0.0166388686083902,0.017545850163696933,0.20317561201239168,-0.20323040492563596,0.21602417716091227,-0.2135350909746853,0.22427455911961783,-0.21976094419591904,0.15860716365349256,-0.13258450905523572,0.22158548140595488,0.01249996518793732,-0.006534796048768492,0.2248581137451882,-0.04555968625248163,0.22351137586901865,0.02273324599183131,0.21997814382599842,-0.15751361220069424,0.22713137198990235,-0.2063380490587052,0.2270679152631498,0.009098993012387343,0.22398410858980183,0.04628781528057447,0.21564425002511345,-0.022757872362809378,0.21813143487270664,0.17639558485518073,-0.1758981256718546,0.21096691494210695,-0.2092004446441383,0.22591073496400085,-0.22270528458652106,0.22687917790301065,-0.2141236160473642,0.225498383933612,-0.2177574753499475,-0.1321580573291759,-0.1634738463124809,0.14765225118826622,-0.1983627840706602,0.13337259712316046,-0.19537342633734098,0.15162946163515859,-0.19166044844848956,0.15426562981881614,-0.2066449622335642
-0.16194615823069203,0.22514051031931254,-0.2133198938090206,0.22507509252865687,-0.18131434442983993,0.23100241218926024,-0.23622919050227664,0.24999999999999997,-0.22552647182395913,0.23230891500450063,0.16505092970069282,-0.18773508638731543,0.011952204231418198,-0.012873276526115612,-0.21396458734612867,0.21401857327230583,-0.22693966849059954,0.2242511542810688,-0.23518353996520378,0.23040030741350376,-0.1633718372266657,0.1340487525723816,-0.2321819385413072,-0.017546251594316734,0.011199786895129748,-0.23576655367723187,0.04428755648472531,-0.23422223660636501,-0.021390778177501436,-0.23061114513277486,0.16226017139613502,-0.238038125222931,0.21647294414062487,-0.23797115982718559,-0.013818222982029994,-0.234719395231008,-0.045010237183443186,-0.2260082647255235,0.021414437016459554,-0.2286607090710471,-0.18526689992452222,0.18474631559912558,-0.22140575161490728,0.2195618938220938,-0.2367652872508991,0.23338625191491164,-0.23777412709201115,0.2244017926935756,-0.23622028408784293,0.22825792465959188,0.13876965026357957,0.17128235279551476,-0.154695659828699,0.20786912862154702,-0.1398307577635848,0.20477382369290184,-0.158913663666162,0.2008580603044157,-0.1616797004138854,0.21655565992290388
0.15823957946848935,-0.20882380310762008,0.1968428270285564,-0.20895286638650457,0.16353972820336543,-0.21283995036624317,0.21385280068567813,-0.22552647182395913,0.2499999999999999,-0.22873923107753283,-0.16143354029063592,0.18302526141463807,-0.016150956964426602,0.01702402036117363,0.19892273076325204,-0.19896524931615026,0.2110428624350216,-0.20894728749604052,0.21929293524005447,-0.21483195808220426,0.15614890359448677,-0.1314976176917635,0.21667595464447276,0.012118702083285082,-0.00623463652697998,0.21988214401916453,-0.044841807923062874,0.2189113304439736,0.022319089515144722,0.21504871019293903,-0.15507081318689464,0.2221496270279907,-0.20174493046036762,0.2220869979159238,0.00875980595070638,0.2190587486351454,0.04557468498315814,0.21093305682546204,-0.02234597774280551,0.21335170916594606,0.1725086297332434,-0.17202244535595396,0.20632327510972204,-0.20459554362626223,0.22095588350189005,-0.21780829179228636,0.22190271033779618,-0.20944846889574567,0.22057669223617657,-0.2129888635656686,-0.12925972139619057,-0.15988496458049095,0.14441013326234062,-0.1940110142899807,0.13044024824043268,-0.1910857180239912,0.14830050142166906,-0.18745525720296247,0.15087943989874136,-0.20211172925496135
-0.16711984141800723,0.22854782312041153,-0.21645317055103103,0.22908743156545933,-0.18290510088446701,0.23259352949037818,-0.22134205140851146,0.23230891500450063,-0.22873923107753283,0.2499999999999999,0.16974608457721096,-0.19214876229037758,0.011381925078732244,-0.012300960022865653,-0.21793720808013,0.21799973237255502,-0.2315419211176178,0.22844084717926758,-0.23976085711540657,0.2347538833537394,-0.16663748579885074,0.1371472767640808,-0.23668722478142581,-0.018947539644369064,0.012477739251898809,-0.2403344266776547,0.04431249358163336,-0.23838646916059714,-0.02175449414453074,-0.23496128883719203,0.16550549210929946,-0.24260683215062956,0.22074372902486494,-0.24253912771888414,-0.015123693630693033,-0.23921103425839418,-0.045030769287082204,-0.23039960239939022,0.021775900122109355,-0.23309246987815657,-0.18889376565470742,0.1883630841140361,-0.22573058460760043,0.22385224289012598,-0.24131023915705396,0.2378531222931312,-0.24233755972864987,0.22876168244981587,-0.2407579134182944,0.23268238487089665,0.14146700878330218,0.1745598896112016,-0.15765016365899992,0.21185348476719915,-0.14252561006999415,0.20870856036698715,-0.16196287453604197,0.20471115112782434,-0.16477912971342665,0.22070909252957993
-0.2427022951281384,0.1737983636584702,-0.16276941068166462,0.16349908737467103,-0.14635372670873079,0.1665899036005023,-0.1631531265140144,0.16505092970069282,-0.16143354029063592,0.16974608457721096,0.2499999999999998,-0.22718793820975358,0.08299256459252842,-0.08274121933847353,-0.14254078585449878,0.1426448103151521,-0.15639758177243585,0.1543742404968589,-0.16464431182219363,0.1611271395153922,-0.15433537524693813,0.17274585465161235,-0.16424079147025727,0.053013463223978076,-0.05634534797883464,-0.16522122775709747,0.08270966379254577,-0.16431997323743555,-0.050865998216784114,-0.16137175295527847,0.1530389120840025,-0.16749979944718812,0.14914226724037963,-0.16746185481044437,0.05377759854158026,-0.16552837120039715,-0.08332789558615004,-0.15877982740946797,0.050907017741491256,-0.16003775866554978,-0.12439045337002663,0.12401309489472422,-0.15120664376293536,0.14979781664109415,-0.1665080970268987,0.1644838059549655,-0.167310701026696,0.15782830614270998,-0.16768677978219762,0.1599020936272821,0.09371136432299254,0.12115021369032745,-0.10955982496870725,0.14655630549950419,-0.09761058762142719,0.14381941923888492,-0.1117863994188323,0.1414286919737762,-0.11368385430940404,0.15256896199245815
0.22037810553126796,-0.1878912903462972,0.17675665630419798,-0.18380779892859095,0.1628556883664597,-0.18863338892314813,0.18485763147998935,-0.18773508638731543,0.18302526141463807,-0.19214876229037758,-0.22718793820975358,0.25000000000000017,-0.06702091053826356,0.06675300548856797,0.16524955870523916,-0.16534364530456036,0.1791511748122172,-0.17600973782397,0.18740182220598967,-0.1826550410722522,0.17697487564402103,-0.19429165323399555,0.18614558897720668,-0.03523008586050206,0.039646965783574774,0.1879780314455118,-0.07527289733719587,0.18594953356378094,0.05015182323326291,0.182874848809697,-0.17558842725231683,0.1902587491474622,-0.1704908192240962,0.1902110574309842,-0.037022223482923854,0.18764354889185625,0.0758953186795321,0.18126366160236784,-0.050188228137251156,0.18255905593543453,0.14325194101153757,-0.14282611412413576,0.17346574566645118,-0.17189799615831008,0.1891598044535236,-0.1864893259050214,0.19003911749685015,-0.18016132276745686,0.19043132645810518,-0.18240602511152187,-0.10764401334501275,-0.13733683569850408,0.12409841894600264,-0.16633911841810758,0.11110370387395241,-0.16344805941043292,0.12694081462884063,-0.16058894534608664,0.12908031639783188,-0.1732187231336379
-0.08487545103356917,0.0215517096631012,-0.033721556260777344,0.020484681132206695,-0.009775743648178375,0.011723574711008072,-0.0166388686083902,0.011952204231418198,-0.016150956964426602,0.011381925078732244,0.08299256459252842,-0.06702091053826356,0.24999999999999986,-0.24901731161286636,0.017585948483705396,-0.017393041554508312,0.003795647341688972,-0.0009590742098423664,-0.004432075063610951,0.007906801763123706,-0.03466278105315202,0.060519357680472306,-0.00867382428009078,0.2175528713980345,-0.2133479386024552,-0.005008794287990992,0.16759471542244825,-0.009064292544474394,-0.08316572809469995,-0.008357120464526392,0.033752678960182005,-0.007280375711397731,-0.0051107479930539955,-0.007295677313250283,0.21082011986796773,-0.009936425907295897,-0.16802099602983084,-0.0007342288589531065,0.08323238746979374,-0.0011424196695914348,0.012433465542930039,-0.012476271183129961,0.008408764322237796,-0.008782855725044466,-0.006971042726517459,0.009585360381717263,-0.007299871885850181,0.000986432119763945,-0.008800812584240529,0.0012553884849035037,-0.007000599968946054,0.00755970823380095,-0.007581476940591277,0.007449528367550049,-0.002098865134117019,0.005458587516929644,-0.005050817439629599,0.006589237636918953,-0.0051841759421818855,0.007307126112811868
0.08464460421595733,-0.022460893103214714,0.03463164125551012,-0.021402946252700204,0.010612341183142627,-0.012641436705305273,0.017545850163696933,-0.012873276526115612,0.01702402036117363,-0.012300960022865653,-0.08274121933847353,0.06675300548856797,-0.24901731161286636,0.25,-0.01680163387100959,0.01660874086750127,-0.002899992536515371,6.295272020083865e-5,0.005350903736284678,-0.008822658183056246,0.03432426582076198,-0.06014079762605463,0.009592085244853898,-0.2183229407329702,0.21412527368849396,0.00592748290453336,-0.1684021043208218,0.009988974094858275,0.08382513419616593,0.009273620960548172,-0.03340968958203014,0.008207231217570827,0.004272491792598126,0.008222434660012892,-0.21158991770074367,0.010862278062086977,0.16883201284524219,0.0016319110543365697,-0.0838915732363487,0.0020461189485272546,-0.01173542680790868,0.011780955677617819,-0.0075835870801468416,0.007964730274976243,0.007892890716569519,-0.01050576388624569,0.00822595115618659,-0.0018776649533085881,0.009724180469542452,-0.0021573269333047106,0.00650357442926756,-0.008235240379907771,0.008196789619578112,-0.008262967792689422,0.002634514182904138,-0.006252852082746408,0.0056684024331246224,-0.007372006383977892,0.005815539080033426,-0.008152649912093557
0.1404645491991146,-0.21065999427651835,0.1985471357306381,-0.21140465869043715,0.16480909899213705,-0.21510159724859804,0.20317561201239168,-0.21396458734612867,0.19892273076325204,-0.21793720808013,-0.14254078585449878,0.16524955870523916,0.017585948483705396,-0.01680163387100959,0.25000000000000017,-0.24969899191034048,0.23605668705614716,-0.23288616662772912,0.22783582927290788,-0.22392034644703793,0.14698949461935565,-0.11631029540224243,0.2205915659310769,0.025398801297848588,-0.0191713849699552,0.22725402778869613,-0.03296991788719396,0.22304811097769445,0.013384955658159024,0.22342623386270385,-0.14602494192898502,0.2249906537591964,-0.20615409588195904,0.22494016334959735,0.02016706628213891,0.22166063333702124,0.031430091440930674,0.21401006930767638,-0.013411921624445695,0.21655065452174446,0.17561396194849593,-0.17511778452395116,0.20979299013610248,-0.20804799671680363,0.22378388199597837,-0.2203926140748945,0.22473644646991384,-0.2124571642576725,0.22305401491441784,-0.21614932321264632,-0.13131940100275052,-0.16183860431126784,0.14613220492325613,-0.19644510872007007,0.13225710044852054,-0.19358285454538945,0.1501966647765032,-0.18983741560577083,0.15279543459898332,-0.2046699907100961
-0.14056966655155834,0.2107307340642942,-0.19862450736476137,0.21147492384730332,-0.16489096913017154,0.21516609720243732,-0.20323040492563596,0.21401857327230583,-0.19896524931615026,0.21799973237255502,0.1426448103151521,-0.16534364530456036,-0.017393041554508312,0.01660874086750127,-0.24969899191034048,0.25000000000000017,-0.2361603033921989,0.23299043402247777,-0.22790941460433586,0.22399811871737507,-0.1470568123166366,0.1163849475340317,-0.22065327061438728,-0.02517625616068829,0.018950224318088744,-0.22732752086601565,0.033151794231986775,-0.22311641980838187,-0.013470698294141166,-0.22350280315852156,0.14609113958540793,-0.22505384277420076,0.20619695245166336,-0.22500333509135748,-0.019944748721583305,-0.22172563301729803,-0.03160581627743424,-0.21406425284461403,0.01349775346503725,-0.21660593976707995,-0.17564325168512904,0.17514689961134072,-0.20983536246198,0.20808949102245328,-0.22384639859076885,0.22045686789843125,-0.2247995836947524,0.21251118145690576,-0.2231180139009702,0.21620459544154627,0.1313437209778669,0.1618865255013234,-0.14617624161033435,0.19650144403071934,-0.13229184192264148,0.19363633080128168,-0.15023897743469444,0.1898911915725045,-0.15283852107737717,0.20472820844378337
0.1543083761098668,-0.22456031200797855,0.21244863643737183,-0.22528490537600845,0.17870869247675808,-0.22881986106709012,0.21602417716091227,-0.22693966849059954,0.2110428624350216,-0.2315419211176178,-0.15639758177243585,0.1791511748122172,0.003795647341688972,-0.002899992536515371,0.23605668705614716,-0.2361603033921989,0.25000000000000017,-0.246752519072393,0.2417347992296007,-0.2368231496013234,0.15942615055553594,-0.12718250674942602,0.23310499811703567,0.022899105686216833,-0.016369336237639465,0.2379879561052265,-0.03742259225148278,0.23690883438368254,0.014993519998477596,0.23632075412880654,-0.15836521774633977,0.2388922734757781,-0.21760446311217757,0.23882610674249172,0.018519271261489237,0.235429523236448,0.037461055075846926,0.226894633799604,-0.015027194710745512,0.2296123161958579,0.18632812320666478,-0.1858032985720396,0.22254765212482064,-0.22069614589364323,0.23761308650184176,-0.23408694123925192,0.23862422269112304,-0.2252622800556505,0.23691297131911032,-0.22919527762263797,-0.13945375911259297,-0.17186456620512047,0.15520548440766632,-0.2085978626102153,0.14040427789069493,-0.20553367040479126,0.15948880561942141,-0.20157558846071316,0.16226011203163812,-0.2173229999561612
-0.1525401292126857,0.22162144765605837,-0.21022309524263327,0.22262420112754444,-0.1762915468768709,0.22574990855628438,-0.2135350909746853,0.2242511542810688,-0.20894728749604052,0.22844084717926758,0.1543742404968589,-0.17600973782397,-0.0009590742098423664,6.295272020083865e-5,-0.23288616662772912,0.23299043402247777,-0.246752519072393,0.24999999999999992,-0.23854839040741038,0.2336383364804535,-0.15629180391761643,0.12410507121832613,-0.22990993981545754,-0.0198520666774933,0.01332999343413802,-0.23478872180782434,0.040428909071621257,-0.23979315279712768,-0.011929948974053618,-0.23313426356130007,0.15524227838382024,-0.23569327896857817,0.214446316538094,-0.2356271649426316,-0.015477152687943859,-0.23223202785322544,-0.04046172425801268,-0.22370479650654068,0.012011239534187926,-0.22642029068501943,-0.18385569247405756,0.18334113215523692,-0.21936921185395783,0.21755109786646626,-0.23443999318933623,0.2309173008621683,-0.23542888843839382,0.22209530545734327,-0.23371731617289856,0.2260090168717624,0.13770956878413493,0.16955462792350776,-0.15315249354381147,0.20581070420518907,-0.13846367660894113,0.20275528482685967,-0.15733676983270353,0.19887013600235587,-0.16010848810068956,0.21441102324380626
0.16255156465095807,-0.23281022926335976,0.22069926697759493,-0.23352289289651348,0.18695918969827813,-0.23706841487200023,0.22427455911961783,-0.23518353996520378,0.21929293524005447,-0.23976085711540657,-0.16464431182219363,0.18740182220598967,-0.004432075063610951,0.005350903736284678,0.22783582927290788,-0.22790941460433586,0.2417347992296007,-0.23854839040741038,0.2500000000000001,-0.24486773037104642,0.16493040995207484,-0.1321815587261687,0.24103768162393824,0.020903358714407457,-0.014199695643978006,0.24490956933571842,-0.04000845749103912,0.2428699557388742,0.017234788492382268,0.24436282240171198,-0.16381393168861794,0.24714294545549026,-0.22487694818722906,0.24707318407787282,0.016854903680641006,0.24365692796220179,0.0406994270829037,0.23451931536381426,-0.017256000738508283,0.23736294388103527,0.19254096612430163,-0.19199709131612208,0.23007668577992244,-0.2281564771344232,0.2458153558303728,-0.24226342551822028,0.24686722177644477,-0.23283514656341506,0.24510161861748253,-0.2369308048965506,-0.14412515321950722,-0.1778457877097363,0.16061519560227008,-0.21582055688239,0.14525284660285792,-0.21263249771082363,0.16501684871425348,-0.20855088629501467,0.16787635138291188,-0.22484119357858942
-0.15930041830877797,0.22805966264735184,-0.2167048943434515,0.22902570444620143,-0.18281210239741388,0.2321699876510373,-0.21976094419591904,0.23040030741350376,-0.21483195808220426,0.2347538833537394,0.1611271395153922,-0.1826550410722522,0.007906801763123706,-0.008822658183056246,-0.22392034644703793,0.22399811871737507,-0.2368231496013234,0.2336383364804535,-0.24486773037104642,0.2500000000000003,-0.1598535952079564,0.1275149151293294,-0.23594801053325543,-0.015915706611685974,0.009223237708097855,-0.23981794564962855,0.0349978160137296,-0.23777568702673083,-0.01221722925302454,-0.24927556805468334,0.15875526023903477,-0.24205035800940164,0.21979682471582135,-0.24198067520500752,-0.011868750025102908,-0.23857493393194218,-0.035668136034657634,-0.22943132197923813,0.012240475733811967,-0.2322741703450028,-0.18804120719317605,0.18750031057907557,-0.22503932183877545,0.22312987845704998,-0.24072329828949254,0.23717524809733181,-0.2417757774253409,0.22778127167106513,-0.2400120322884181,0.23185130148766414,0.14065999710732413,0.1742925637976314,-0.15740914129749553,0.21141507505540294,-0.14227971920464624,0.20825907756747733,-0.16165485490313303,0.20428479000711708,-0.16442422773871435,0.22023915586951218
0.14974167138472214,-0.16137848310593103,0.15069025671014538,-0.15938672754414682,0.13457083966572383,-0.16373669980975333,0.15860716365349256,-0.1633718372266657,0.15614890359448677,-0.16663748579885074,-0.15433537524693813,0.17697487564402103,-0.03466278105315202,0.03432426582076198,0.14698949461935565,-0.1470568123166366,0.15942615055553594,-0.15629180391761643,0.16493040995207484,-0.1598535952079564,0.2500000000000002,-0.21653316078538795,0.16166995096701126,-0.007233239641267555,0.012324402608713071,0.16587827802096342,-0.049158100497336724,0.16341381728807908,0.03876701311003984,0.1600308448358698,-0.2483865864957331,0.16773060553581823,-0.14780048475338264,0.16766110753681446,-0.01014460912565538,0.16426214121021115,0.04970314663939603,0.16100370610346537,-0.038823101850368635,0.16129167233058522,0.12537572653279877,-0.12502238084040312,0.15353282150137137,-0.1520915060863282,0.16671593503796323,-0.16320552216963088,0.16750670052106836,-0.160193856990836,0.16933254033193246,-0.16134266967536467,-0.095242378710225,-0.1207373642181557,0.10878805276319882,-0.14647148641301364,0.09800784206400655,-0.1441317358478877,0.11183059330572996,-0.14150973275790338,0.11349571977387488,-0.15262107818448176
-0.16639076726309102,0.1328608790779965,-0.12290639827283606,0.12918414247030624,-0.11622096165579168,0.13420504844903663,-0.13258450905523572,0.1340487525723816,-0.1314976176917635,0.1371472767640808,0.17274585465161235,-0.19429165323399555,0.060519357680472306,-0.06014079762605463,-0.11631029540224243,0.1163849475340317,-0.12718250674942602,0.12410507121832613,-0.1321815587261687,0.1275149151293294,-0.21653316078538795,0.25000000000000017,-0.14070079846222094,0.03888106148506143,-0.04251898818767373,-0.1327500334617057,0.05818311331988202,-0.13032626196715189,-0.03755187836984797,-0.12768514626119998,0.21511983715624597,-0.13459575000745674,0.1271398199047544,-0.13466211988713378,0.04040216409990686,-0.13206634092683772,-0.05871932247188229,-0.12799411283355158,0.03760675269460753,-0.12827411016415013,-0.09660750147940766,0.09631795380304947,-0.1206672001703542,0.1194285551970371,-0.13371039461772344,0.1311354596028733,-0.13441319572051666,0.12740773462554217,-0.13621360965000465,0.12835267535773884,0.0738933893037183,0.09737650411183527,-0.08778293801552599,0.11773864095921523,-0.07842003907536328,0.11558369199290808,-0.0898731446777367,0.11367448699173847,-0.09105960065605842,0.12261348324559926
0.1622267115781687,-0.2300247654815067,0.2183346525055107,-0.23071500484917168,0.1854793511561007,-0.23410343464341865,0.22158548140595488,-0.2321819385413072,0.21667595464447276,-0.23668722478142581,-0.16424079147025727,0.18614558897720668,-0.00867382428009078,0.009592085244853898,0.2205915659310769,-0.22065327061438728,0.23310499811703567,-0.22990993981545754,0.24103768162393824,-0.23594801053325543,0.16166995096701126,-0.14070079846222094,0.25000000000000017,0.01727297059019825,-0.01059759163621952,0.24160478182091283,-0.03653595152326877,0.23956867929324271,0.013756504455129163,0.23615175916856307,-0.1605294237307442,0.24388575987202243,-0.23364642363887803,0.2439512914269026,0.01324337522786289,0.24040329432158775,0.03727120150210229,0.2312424703201892,-0.013772532708011227,0.2340893253859419,0.18892650193057867,-0.18838420082310808,0.22676951667803896,-0.22485446531894812,0.24255641574348044,-0.2390031410081418,0.2436105260129835,-0.22958020237365942,0.24184621396151715,-0.23366344993360408,-0.1413052817394039,-0.17567826634286934,0.15862856508574225,-0.21303225308968166,0.14341692549060325,-0.2098677018329466,0.16294695002240506,-0.20585632925268954,0.1656420677185776,-0.22192565475229178
-0.05493077649389512,-0.009113510161854636,-0.0030470127676458783,-0.010115402357711863,0.018745002728866124,-0.018604652460585083,0.01249996518793732,-0.017546251594316734,0.012118702083285082,-0.018947539644369064,0.053013463223978076,-0.03523008586050206,0.2175528713980345,-0.2183229407329702,0.025398801297848588,-0.02517625616068829,0.022899105686216833,-0.0198520666774933,0.020903358714407457,-0.015915706611685974,-0.007233239641267555,0.03888106148506143,0.01727297059019825,0.2500000000000002,-0.24316269262168613,0.025436860665416856,0.17471721442577118,0.019070387584977793,-0.08085407327759604,0.015764126236159807,0.006408581878200625,0.023387032968113872,-0.030819118547207813,0.023318756184623028,0.24075394426160135,0.020008264567766977,-0.17500209263560898,0.029600545020453818,0.08093134697216696,0.029299579323907844,0.03885376603201588,-0.03884116418578357,0.03888966542075463,-0.03908573579635499,0.02358548119509438,-0.020254479538644905,0.02333347952766241,-0.02912884172883421,0.02171031839957876,-0.029142610366887714,-0.026665832918845306,-0.014095854455741526,0.011878221815223319,-0.019151924313496688,0.016090646742319466,-0.020988114958347074,0.015323635537750659,-0.019190657459442876,0.015585724206255551,-0.02047482384706911
0.05814305985732478,0.003036189527941387,0.008551127452418135,0.004014567933772938,-0.013885907208103131,0.012247443017383614,-0.006534796048768492,0.011199786895129748,-0.00623463652697998,0.012477739251898809,-0.05634534797883464,0.039646965783574774,-0.2133479386024552,0.21412527368849396,-0.0191713849699552,0.018950224318088744,-0.016369336237639465,0.01332999343413802,-0.014199695643978006,0.009223237708097855,0.012324402608713071,-0.04251898818767373,-0.01059759163621952,-0.24316269262168613,0.2500000000000002,-0.018954939090119166,-0.17884866893064538,-0.012363638786623995,0.0823098592604242,-0.009067724163256359,-0.011468166786947433,-0.01667448511421938,0.02491607534260867,-0.016606672054036455,-0.2468874237480411,-0.013296305785560729,0.1793342432445343,-0.02334560359192985,-0.08237528588897297,-0.022968020755888056,-0.03386468115017945,0.03386614531553582,-0.0329670867870242,0.03321780571117629,-0.01691050362573483,0.013582847856253879,-0.016626398037564202,0.02290973072518281,-0.015009661557489987,0.022818188537411882,0.02285447604599928,0.009241186582157567,-0.007467774585823806,0.013273312080168414,-0.012216811055781604,0.01524072629833266,-0.010856920359852928,0.013525736785311491,-0.01101505604235748,0.01436004952310531
0.16312850771614446,-0.2333861847462441,0.2212752974555944,-0.234098009434527,0.187535897452888,-0.23764545150651503,0.2248581137451882,-0.23576655367723187,0.21988214401916453,-0.2403344266776547,-0.16522122775709747,0.1879780314455118,-0.005008794287990992,0.00592748290453336,0.22725402778869613,-0.22732752086601565,0.2379879561052265,-0.23478872180782434,0.24490956933571842,-0.23981794564962855,0.16587827802096342,-0.1327500334617057,0.24160478182091283,0.025436860665416856,-0.018954939090119166,0.2500000000000002,-0.04463415530845227,0.24340183118680464,0.021791704120057924,0.23997587082178617,-0.1647815108183684,0.24771891539315197,-0.2255859278197599,0.247649033259973,0.02012874479986349,0.24422532123290408,0.04306445143405459,0.23550321528362123,-0.021816404893442734,0.23828057488589416,0.19324711976194953,-0.1927065216016811,0.23078664329550463,-0.22887615500817018,0.24640128980976495,-0.24284597424596113,0.24744410458444283,-0.23380757079919395,0.24568134230455332,-0.23784351649606944,-0.1446825851324264,-0.1781735421463825,0.1608988711202762,-0.2162902521486231,0.14555545332405267,-0.21311476902353085,0.1653546985464236,-0.2090079944860828,0.1682390854502339,-0.22534245377912654
-0.08344443964189827,0.050062609398670674,-0.05610397540708395,0.049245134055514686,-0.03172021636671099,0.04382981326090999,-0.04555968625248163,0.04428755648472531,-0.044841807923062874,0.04431249358163336,0.08270966379254577,-0.07527289733719587,0.16759471542244825,-0.1684021043208218,-0.03296991788719396,0.033151794231986775,-0.03742259225148278,0.040428909071621257,-0.04000845749103912,0.0349978160137296,-0.049158100497336724,0.05818311331988202,-0.03653595152326877,0.17471721442577118,-0.17884866893064538,-0.04463415530845227,0.2500000000000002,-0.0468310672565374,-0.11379883015124148,-0.034825287085474596,0.04831880926700437,-0.04251470071356969,0.022308379990033163,-0.042445394435526584,0.1784152498874722,-0.03905799420884634,-0.24732783338598,-0.030331459419688615,0.11407947032381491,-0.0332546065334077,-0.01951072531093468,0.019461722677082398,-0.0259525009580431,0.025544983351551098,-0.04224181938963098,0.03883785058838171,-0.0424050317996901,0.029874835920624825,-0.04051865530021929,0.03287827689738275,0.018065006490249592,0.03243863338533701,-0.030209580587897453,0.038097279622871384,-0.02304264911557523,0.03580185370528234,-0.02873970729763705,0.036288826297999524,-0.029509975301231936,0.039218788256582995
0.1624879304918349,-0.23161115868968798,0.2202252883145628,-0.2326047208089974,0.18625845245332043,-0.235733542466294,0.22351137586901865,-0.23422223660636501,0.2189113304439736,-0.23838646916059714,-0.16431997323743555,0.18594953356378094,-0.009064292544474394,0.009988974094858275,0.22304811097769445,-0.22311641980838187,0.23690883438368254,-0.23979315279712768,0.2428699557388742,-0.23777568702673083,0.16341381728807908,-0.13032626196715189,0.23956867929324271,0.019070387584977793,-0.012363638786623995,0.24340183118680464,-0.0468310672565374,0.2500000000000003,0.015431495072168573,0.23794109365580374,-0.16230201300309602,0.24568281156260788,-0.2234183087811935,0.24561293755674488,0.015038811917415225,0.2421872262081483,0.047546904514236814,0.23303729925557357,-0.015518660495462137,0.23588507347783513,0.19169192951658706,-0.1911599145915765,0.22857897536717212,-0.22669638911040868,0.24438863288760354,-0.24083308459742364,0.24541111439310426,-0.23136502014108928,0.2436406268936825,-0.23545559546175426,-0.14368960110162618,-0.17672924971449602,0.1596523146594334,-0.21453411091194602,0.14429952304166488,-0.21133545058620914,0.16400063406473436,-0.2072950277695151,0.16691142544849202,-0.22349527988029802
0.050029838506950176,-0.024162696275489642,0.02564987769228887,-0.02276787085467797,0.017390477835692194,-0.02123479078914952,0.02273324599183131,-0.021390778177501436,0.022319089515144722,-0.02175449414453074,-0.050865998216784114,0.05015182323326291,-0.08316572809469995,0.08382513419616593,0.013384955658159024,-0.013470698294141166,0.014993519998477596,-0.011929948974053618,0.017234788492382268,-0.01221722925302454,0.03876701311003984,-0.03755187836984797,0.013756504455129163,-0.08085407327759604,0.0823098592604242,0.021791704120057924,-0.11379883015124148,0.015431495072168573,0.25000000000000017,0.01200775301188681,-0.038736979625648926,0.019747748353733857,-0.005766776798430289,0.019678507112760882,-0.08178089099392664,0.023142870345968125,0.11295381732898707,0.032316434952651685,-0.24890698132053954,0.029488504200674365,0.0022744848046003345,-0.002232554420908998,0.010977721775210508,-0.010589391731709356,0.01942298882576326,-0.02281643817934762,0.01977748629506476,-0.032155372022811074,0.021646942515776677,-0.029451011379938313,-0.001850616184978223,-0.014176355663133954,0.01246182513916118,-0.017248832733879293,0.009147367617531274,-0.016160537627704082,0.011993776391613996,-0.01630201636664193,0.012093117812655034,-0.01804738041644163
0.15955054251800807,-0.22827898034248462,0.2169410574923912,-0.22924638580420936,0.18304554756139146,-0.23238145185318318,0.21997814382599842,-0.23061114513277486,0.21504871019293903,-0.23496128883719203,-0.16137175295527847,0.182874848809697,-0.008357120464526392,0.009273620960548172,0.22342623386270385,-0.22350280315852156,0.23632075412880654,-0.23313426356130007,0.24436282240171198,-0.24927556805468334,0.1600308448358698,-0.12768514626119998,0.23615175916856307,0.015764126236159807,-0.009067724163256359,0.23997587082178617,-0.034825287085474596,0.23794109365580374,0.01200775301188681,0.2500000000000003,-0.15892859364466616,0.2422567955652582,-0.21997637520342503,0.24218708495314198,0.011730045414180034,0.23877537983904717,0.035519132491434194,0.2296113893256767,-0.012030323284382954,0.2324591271729431,0.18818233545272195,-0.18764067322966768,0.22522183847751948,-0.22330967614205718,0.24092759608067496,-0.23737320229711276,0.2419817957766066,-0.22796020907923542,0.24021672826989307,-0.2320361434907797,-0.1407627183408952,-0.17444577914980886,0.1575474894342422,-0.21159702872984804,0.14240289427170766,-0.20843741599282317,0.16179488292143615,-0.2044604704401257,0.1645650316346237,-0.22042822354571026
-0.14846899420679807,0.16025037555635446,-0.14959410813195817,0.1582740031491989,-0.13365775126279764,0.16262272422551072,-0.15751361220069424,0.16226017139613502,-0.15507081318689464,0.16550549210929946,0.1530389120840025,-0.17558842725231683,0.033752678960182005,-0.03340968958203014,-0.14602494192898502,0.14609113958540793,-0.15836521774633977,0.15524227838382024,-0.16381393168861794,0.15875526023903477,-0.2483865864957331,0.21511983715624597,-0.1605294237307442,0.006408581878200625,-0.011468166786947433,-0.1647815108183684,0.04831880926700437,-0.16230201300309602,-0.038736979625648926,-0.15892859364466616,0.25000000000000017,-0.16660352873253292,0.14672114433641456,-0.16653388096356883,0.00931154355554404,-0.1631352375548476,-0.04885430446979239,-0.16004239315312335,0.03879352252766267,-0.16029213940751963,-0.1245959439227195,0.12424626096861453,-0.1525600668006783,0.1511294606124692,-0.16559662407169187,0.16208690867880898,-0.16638071919114403,0.15924030253911906,-0.16823169636542637,0.1603470043730682,0.09467875474304406,0.11989756520153197,-0.10802162575269464,0.14547526736138147,-0.0973439293840947,0.1431617492668907,-0.11106697449502764,0.140550930573281,-0.11272171012255654,0.15158790909812736
0.16540580997252805,-0.23566690329230514,0.2235561402913428,-0.2363754319350054,0.18981593793899965,-0.23992463060340227,0.22713137198990235,-0.238038125222931,0.2221496270279907,-0.24260683215062956,-0.16749979944718812,0.1902587491474622,-0.007280375711397731,0.008207231217570827,0.2249906537591964,-0.22505384277420076,0.2388922734757781,-0.23569327896857817,0.24714294545549026,-0.24205035800940164,0.16773060553581823,-0.13459575000745674,0.24388575987202243,0.023387032968113872,-0.01667448511421938,0.24771891539315197,-0.04251470071356969,0.24568281156260788,0.019747748353733857,0.2422567955652582,-0.16660352873253292,0.25000000000000017,-0.2276983706595361,0.24993003286333954,0.019351699138612188,0.24650429910763616,0.04323914680976311,0.2373543807155683,-0.019767877554572398,0.2402021263295229,0.19502853365658884,-0.19448244128057682,0.23288321369269624,-0.2309549948699797,0.24867020049743316,-0.24511190517193907,0.24972325528239192,-0.23565122628517757,0.24795550764983568,-0.23976495326977182,-0.14603567410317936,-0.17984686008913645,0.16242078547342695,-0.2182948871940787,0.1469225807730829,-0.21508674657699656,0.16690584456084062,-0.2109464253954062,0.16981350801244144,-0.22742509232498898
