x1,x2,x3,x4,x5,x6,x7,x8,x9,x10,x11,x12,x13,x14,x15,x16,x17,x18,x19,x20,x21,x22,x23,x24,x25,x26,x27,x28,x29,x30,x31,x32,x33,x34,x35,x36,x37,x38,x39,x40,x41,x42,x43,x44,x45,x46,x47,x48,x49,x50,x51,x52,x53,x54
0.25,0.013867644551235929,0.18125282320967923,0.19811754322139513,0.20494323539309103,-0.002649259971250295,0.20468386713641137,0.018041968328704354,0.22775427010976246,0.20495413591248557,0.18306387593391216,0.19605250530045956,0.20476207638175764,-0.004255190305504276,0.20530922489710735,0.18645074076323156,0.1867932112504691,0.20497248449648572,0.17572990279369624,0.20509629614063485,0.2049755856204391,0.2049765162605806,0.008782102036589138,0.2159621933995699,0.026301644189236185,0.1792459726927782,0.1884362269522647,0.09450405727936981,0.08555843092680257,-0.06514883781316677,-0.13388470006919753,-0.09453255752448253,0.2051505895729855,0.20523812429949087,0.20491762991306983,-0.14187978193158884,0.20493981092440894,-0.0813874503981893,-0.10169811304021113,0.20497539186345126,-0.11672911058546911,0.2053176231570968,0.10206054927387707,-0.15609437677335505,0.20516996572267598,0.11910617896085066,-0.07440950125447802,0.2052080980208972,-0.11741943681159336,0.20524897938786335,-0.15306418585966933,0.07799950627234434,-0.06794816821078631,0.12435909685518821
0.013867644551235929,0.25000000000000006,-0.0067396416240781045,0.02297222437957194,-0.014444303212194505,0.01085451369877221,-0.014434499910282752,0.015817713003810553,0.012608306459675572,-0.014354601932238673,0.004391194410501107,0.021875252974683287,-0.014480501259550346,0.011021126447978096,-0.014327779574522762,0.024925588441062494,0.02636263277534819,-0.014193222804684914,0.020921761049523677,-0.014272270528654084,-0.01444207443859248,-0.014451401149478188,0.016264236141281252,0.01648809673366438,0.015169821977604305,-0.002657355281083485,0.015107942409133717,-0.022448382169199685,-0.0928981567088228,0.006918317264318598,-0.03723032728980161,-0.023756268051195586,-0.014434672977365953,-0.014439708387706342,-0.01451623337073267,-0.029785617939874318,-0.014654056426853319,-0.018345942033975327,-0.03635388151499786,-0.014349839433396027,-0.017845302862865144,-0.014539564225560794,-0.021709215811625018,-0.03735378375223044,-0.014498192118021808,-0.015638990386674385,-0.01401064314053856,-0.014476860981168318,-0.01380014981499528,-0.014507186239517997,-0.04009501955075697,-0.018811225621934116,-0.0013236794320555197,-0.009720410676001445
0.18125282320967923,-0.0067396416240781045,0.25000000000000006,0.1906120029661355,0.22488928121125207,-0.008985391692524543,0.2247119064722729,-0.001757640377525945,0.18280427635544727,0.22516022881352887,0.22464650066878475,0.19364125288550835,0.22464880909292806,-0.00921548421072284,0.22532815159324673,0.18625362986391486,0.18327165483705418,0.22558520006662108,0.18680203046908897,0.2254728680256712,0.224856751310095,0.22480567344616162,0.006993169552398919,0.1774604627118747,0.019715153818792387,0.23024141401062453,0.20166313722596205,0.11910328916188055,0.11005798168860781,-0.11501161528468616,-0.12645863475017904,-0.08183558295328718,0.22508122808205663,0.2251615314190904,0.2248354107107478,-0.0912860240945789,0.22486011844794052,-0.10110506618933413,-0.08864179927951057,0.22486379273579696,-0.062394268952359416,0.22524580705455322,0.11665387105849867,-0.14567483271424292,0.22509329226380242,0.14024301437643152,-0.0828423843763422,0.22513323703632257,-0.06120944923128409,0.22517290936381498,-0.14241982419374297,0.09331933166368599,-0.10535520010252204,0.1420457934339368
0.19811754322139513,0.02297222437957194,0.1906120029661355,0.24999999999999994,0.1894969476743778,0.012064439444981293,0.18925723146684056,0.026421208056357743,0.19720173586376763,0.18965588495426539,0.19951273645946632,0.21082812007594745,0.18922368200234638,0.01093295677807189,0.18992574616107658,0.20598761140808985,0.20577678777674968,0.19004900379851916,0.19629110360521357,0.18997963810151122,0.18940147634178406,0.18934053778934828,0.026609887391105546,0.20838741548911235,0.04433064122529329,0.190913090030395,0.20305887681399248,0.0793974130272442,0.0701375586945334,-0.07962586250436088,-0.16708384322354256,-0.11159507942548309,0.1896161220762087,0.18968957334888503,0.18940769994840623,-0.13210921928761388,0.18943010171398394,-0.10802882558880256,-0.12867706799942205,0.18946795551194853,-0.09446019905722286,0.18978973438982166,0.08143818092010532,-0.1894911856858239,0.1896165689453518,0.10227047679586643,-0.09012504277764151,0.1896834914492865,-0.09345142398295121,0.18968633501607673,-0.18595583071596075,0.05723173035557561,-0.08309979054252348,0.10740821895013149
0.20494323539309103,-0.014444303212194505,0.22488928121125207,0.1894969476743778,0.24999999999999986,-0.022046361292156477,0.24853948827644629,-0.009470807327622021,0.2066190738962362,0.24879022451044885,0.21778959965563122,0.18632522268594545,0.248569741438749,-0.02363740400466903,0.24906072271259394,0.18242894819363403,0.1799726310554351,0.24883280774818786,0.17989162577679507,0.24895103983818645,0.24876740080507695,0.24873529145323445,-0.009169522555897801,0.19950635305282347,0.006325820270760921,0.2225393225470256,0.19292143278809243,0.13861874119017906,0.1296050605741898,-0.09123903898011959,-0.11140811468000172,-0.06820392089379619,0.24904816093691914,0.24914158601635136,0.2487846264791958,-0.0976854936777362,0.24880862048972005,-0.07679290228479668,-0.07278612497853923,0.2487964062658954,-0.07483871954415383,0.24920801218312066,0.14082736137282703,-0.13146843898281815,0.24907807392735815,0.16142961684286186,-0.06723879064588724,0.24908208523485545,-0.07558884178953229,0.24916070356348063,-0.12798194392272982,0.11672484091920615,-0.08899470848539646,0.16593193300135628
-0.002649259971250295,0.01085451369877221,-0.008985391692524543,0.012064439444981293,-0.022046361292156477,0.24999999999999994,-0.022037244352847662,0.0038953026312473996,-0.003679467179750125,-0.021957678688897177,-0.002415076586704681,0.014253748581769612,-0.022113684359579125,0.0502024811448897,-0.02196573525353417,0.0146882727209224,0.01469259205628103,-0.021775526577239624,0.01421964921427643,-0.02187812812119624,-0.022072765486543057,-0.022086017866829347,0.017391287416670058,0.004026289061359001,0.01927343874432118,-0.006031076703558347,0.009770926889399283,-0.019246435096946877,-0.023628986165984158,0.002838789963261907,-0.027122727662746163,-0.020030673168097146,-0.022360096090522544,-0.022315397797566246,-0.022052692616988424,-0.01733081831890574,-0.0221313779578714,-0.018913895299271705,-0.0322053792702541,-0.022480195810655395,-0.005531620798932887,-0.02210741703158841,-0.016466885544663457,-0.027520348189541237,-0.02212095181628634,-0.06992700723562086,-0.008500366786402938,-0.022090922365541818,-0.004239185417986275,-0.02209783692675696,-0.02682432360814179,-0.01910826204572931,0.002220707900462265,-0.07208463592906418
0.20468386713641137,-0.014434499910282752,0.2247119064722729,0.18925723146684056,0.24853948827644629,-0.022037244352847662,0.2499999999999997,-0.009481194599654002,0.20633173396611754,0.24854026766440118,0.21761809152104775,0.18593323365980421,0.24831914608264224,-0.02366965846232069,0.24881011751046783,0.18219956820907204,0.17973422441397338,0.24858355995809422,0.1796900114306255,0.24870083529059653,0.24851698248921245,0.24848491575492437,-0.00920980419051104,0.1991841394715258,0.006227617061818837,0.22238618382547418,0.1926834133798814,0.13850663445257577,0.12954434498990813,-0.09121879557667191,-0.11119575812031146,-0.06797636133286622,0.24879732159220855,0.24889060115723863,0.24853408743169703,-0.09749856794317578,0.24855813170478688,-0.07671151299654268,-0.07253549648442552,0.24854578060284513,-0.07464663609999869,0.2489569166405678,0.14073219049485805,-0.13122779294690573,0.24882719210551676,0.1613085146848242,-0.06712034928620551,0.24883113538676355,-0.0754026942453905,0.2489097099247693,-0.12779938583175696,0.11668113369819298,-0.08895251194012103,0.16580675811429452
0.018041968328704354,0.015817713003810553,-0.001757640377525945,0.026421208056357743,-0.009470807327622021,0.0038953026312473996,-0.009481194599654002,0.24999999999999983,0.01811685147857385,-0.009395658908472498,0.009417402299589723,0.02397837244900984,-0.009528955472875536,0.0072557995163590695,-0.009358295372416489,0.029134687443055984,0.02915041663179682,-0.00921162691348592,0.02372899418814946,-0.009295498338503643,-0.009509021063330857,-0.009490639837146517,0.011101794347119514,0.020255302860472134,0.017911377438588904,0.0008856521407064699,0.016993801814302423,-0.08366784591250492,-0.01654205180754085,0.005397056205642183,-0.035896019221096316,-0.02280903137636381,-0.00941658617451598,-0.009439710449977143,-0.009681568938317113,-0.0345145062901606,-0.00956271849728038,-0.01926878517216018,-0.03402074507099463,-0.009306119802267407,-0.017672276325804544,-0.009496335585712574,-0.01949694656679524,-0.04234369719542591,-0.009566496011847957,-0.002208653062540023,-0.01328731742466551,-0.009632284461379299,-0.01979287470255867,-0.009559688533074248,-0.038203501069235334,-0.0279359896805177,-0.0026162371624698358,0.0005304552151122915
0.22775427010976246,0.012608306459675572,0.18280427635544727,0.19720173586376763,0.2066190738962362,-0.003679467179750125,0.20633173396611754,0.01811685147857385,0.2499999999999999,0.2065985186749062,0.18407227522521977,0.1941801910260772,0.20640502762798507,-0.0053500949027802305,0.20695006310650085,0.1850868180972789,0.18524000514962344,0.20661332749617686,0.17491023719776683,0.2067372967958771,0.20662367888047256,0.2066272798167841,0.007359591286193719,0.21392263025461442,0.02477208761763536,0.18075524692544145,0.18748492555631593,0.09617135060162361,0.08721475123778619,-0.06612773375775335,-0.13142097166925093,-0.09214850955218394,0.20679541435047474,0.20688340696696386,0.20656081031873866,-0.14026444695548576,0.20658287332020192,-0.0804070905754966,-0.0991811397671829,0.20661637274960595,-0.11514505493385996,0.2069623117316081,0.10398653002526434,-0.15345415387216718,0.2068163399254529,0.12081745290340484,-0.07330867422844235,0.20685210446312763,-0.11587459510200092,0.20689536498412348,-0.15044918953901593,0.07994218366371995,-0.06859030388435856,0.12602913290703027
0.20495413591248557,-0.014354601932238673,0.22516022881352887,0.18965588495426539,0.24879022451044885,-0.021957678688897177,0.24854026766440118,-0.009395658908472498,0.2065985186749062,0.25,0.21805220111183451,0.18639138610575945,0.24856930496286544,-0.023570560359973222,0.24906256609111013,0.18262615163682921,0.18015526492897854,0.24883884783777757,0.1801096199327576,0.24895477193730564,0.24876733014150637,0.24873512255937102,-0.008984967705444671,0.19947500805878554,0.006417221117293038,0.22280332448196535,0.19312291580077998,0.1385861974982534,0.12960591266293203,-0.09165546883116815,-0.1115910927157181,-0.06824713354754545,0.24904777128435665,0.24914115110770113,0.2487840619146271,-0.09772741446098783,0.24880825105515275,-0.07720573399792939,-0.07285468439425415,0.2487960229632636,-0.07476204956082372,0.2492079420514562,0.1407079562909716,-0.13166277399081433,0.24907753645342381,0.16142444556694796,-0.06735903647338372,0.2490819780804981,-0.07550571161412607,0.2491602156772264,-0.1282292380046511,0.11662241114382553,-0.08919253970361596,0.16585814290424658
0.18306387593391216,0.004391194410501107,0.22464650066878475,0.19951273645946632,0.21778959965563122,-0.002415076586704681,0.21761809152104775,0.009417402299589723,0.18407227522521977,0.21805220111183451,0.2499999999999995,0.19798248016570114,0.21751615417227124,-0.0034253782450088532,0.2182302586205542,0.19568204528201724,0.19297145552189723,0.218504376039191,0.19427088231073636,0.2183813110726459,0.2177326093072515,0.21767385613652193,0.010254866667830228,0.18412672132696078,0.026114492924763796,0.22510868721280505,0.20353359615738326,0.10758960544965204,0.09855323861173779,-0.10359736999850988,-0.14182780465650743,-0.08823585227629516,0.21795464907713474,0.2180320107708628,0.21772236749301738,-0.10168550418137962,0.2177440668699557,-0.10203647651615534,-0.1012668108940608,0.21775357806833792,-0.06608015007142219,0.21812099379855293,0.1097185984943928,-0.16207150312178534,0.21796586504245902,0.13040074500396373,-0.0850120372021186,0.21800694456666997,-0.06492789833991743,0.21803915018834016,-0.1588094478698664,0.0856224832075423,-0.10253056961356569,0.13496951396628978
0.19605250530045956,0.021875252974683287,0.19364125288550835,0.21082812007594745,0.18632522268594545,0.014253748581769612,0.18593323365980421,0.02397837244900984,0.1941801910260772,0.18639138610575945,0.19798248016570114,0.24999999999999972,0.18591490874765174,0.014023968824786516,0.18663568098691122,0.19984028868641496,0.20037075668677523,0.18685397834361092,0.19188558657780688,0.18675580131752287,0.18607668305893163,0.18601260338063294,0.02731039944997733,0.20201881039196293,0.04686706005483091,0.19404219085364346,0.20959183429125042,0.07848728500031904,0.06708424712695366,-0.0861518988578369,-0.1637755749974152,-0.12532994277722284,0.18627420092668642,0.18634742009222166,0.18606574341335938,-0.1271511105129727,0.18608336074203888,-0.10530475352726032,-0.13579971406056532,0.1861351318731829,-0.0984072972554761,0.18643857221839533,0.07875243023837238,-0.18535986321510212,0.18626859776960836,0.09904791818225074,-0.10115582100580382,0.18634211783253837,-0.09610491626380448,0.18634447715688515,-0.17835455818627746,0.05369786011844039,-0.09075474998136097,0.10383186942085813
0.20476207638175764,-0.014480501259550346,0.22464880909292806,0.18922368200234638,0.248569741438749,-0.022113684359579125,0.24831914608264224,-0.009528955472875536,0.20640502762798507,0.24856930496286544,0.21751615417227124,0.18591490874765174,0.24999999999999967,-0.023719859494113236,0.24883938358823154,0.1821504029049003,0.17969270673958146,0.24861074315981282,0.17961805649787285,0.24872905462105016,0.24854696996637632,0.24851495231568244,-0.009241992406797479,0.19927309943351162,0.006192582792636976,0.22228145153491752,0.1926273899212375,0.13856115897156004,0.12960127926541468,-0.09111999781510877,-0.11112254000306393,-0.06795056019055075,0.24882763602187874,0.24892094192105044,0.24856431551875519,-0.09752374318372319,0.24858839705201383,-0.07662366208065137,-0.0724782384637941,0.24857607254126493,-0.07472777534978581,0.24898714388804455,0.14077172862918672,-0.13115607563330656,0.2488574890815568,0.16136405984087146,-0.06706442744997607,0.24886135364917844,-0.07549020712480506,0.2489400144618993,-0.12772656937747587,0.11672451029360803,-0.08885634906287235,0.16585855732323856
-0.004255190305504276,0.011021126447978096,-0.00921548421072284,0.01093295677807189,-0.02363740400466903,0.0502024811448897,-0.02366965846232069,0.0072557995163590695,-0.0053500949027802305,-0.023570560359973222,-0.0034253782450088532,0.014023968824786516,-0.023719859494113236,0.24999999999999964,-0.023585600884185313,0.01343900179015383,0.013915466693150884,-0.02338971245920356,0.013597556572585925,-0.02349215044449248,-0.023691135588212193,-0.02370324075200067,0.019857698160193258,0.0021094500599865376,0.02050951924067028,-0.007619647026911084,0.00811585224243781,-0.0186078353680774,-0.0192699876885304,9.830079918336783e-5,-0.027485244566046656,-0.020586745787305613,-0.023976753153776263,-0.023937283811923393,-0.023678381143563063,-0.018354317637121625,-0.023732930863399195,-0.020634645763199094,-0.03269474900256275,-0.02408721011569084,-0.006273972395577085,-0.023721928777984375,-0.0217873514770157,-0.026464322522952423,-0.02374406075704673,-0.06730024205346317,-0.00867637030176953,-0.023720453825825903,-0.004696332207600147,-0.023724596857604325,-0.02739788427494467,-0.02334956125661375,0.0022647832071337626,-0.07391129473695536
0.20530922489710735,-0.014327779574522762,0.22532815159324673,0.18992574616107658,0.24906072271259394,-0.02196573525353417,0.24881011751046783,-0.009358295372416489,0.20695006310650085,0.24906256609111013,0.2182302586205542,0.18663568098691122,0.24883938358823154,-0.023585600884185313,0.24999999999999967,0.18288506402013463,0.18042223922380723,0.24910774542478953,0.18033930533875198,0.2492243674148359,0.2490378904150495,0.2490056906761579,-0.009076937320844112,0.19984972174839621,0.006419645445997915,0.22297476974285066,0.19336573557049905,0.13865716372225448,0.1296830669348192,-0.09148697780318284,-0.11179234593136213,-0.06840305946251034,0.24931853530553819,0.24941203986154772,0.24905473341724108,-0.09801503664124195,0.24907885684969977,-0.07710733307407368,-0.07302062579840628,0.24906664160003777,-0.07502602705792528,0.24947878333492918,0.14091185588357955,-0.13190226956428325,0.2493484239558103,0.1615384638076377,-0.06745855699836456,0.24935268089196008,-0.07577534666314337,0.24943117168598436,-0.12846456011814314,0.11677741620365187,-0.08923176423187616,0.16605219909939228
0.18645074076323156,0.024925588441062494,0.18625362986391486,0.20598761140808985,0.18242894819363403,0.0146882727209224,0.18219956820907204,0.029134687443055984,0.1850868180972789,0.18262615163682921,0.19568204528201724,0.19984028868641496,0.1821504029049003,0.01343900179015383,0.18288506402013463,0.24999999999999975,0.20646928875794157,0.1830223727998607,0.19788866389819246,0.18293244303510175,0.18232888455495744,0.1822664443207442,0.029841418232236704,0.20076371841094728,0.047392195133058194,0.18633160978666677,0.19439515541334415,0.07234548697737053,0.06343905080287565,-0.07672965688483237,-0.17223212360303708,-0.10329299476232548,0.18253715648536076,0.18260687125266048,0.18233646651266533,-0.12980046073920953,0.1823598676401554,-0.1131480836723703,-0.12899076388687397,0.18238991884726874,-0.0827697562767519,0.18271985247690445,0.07485171513208216,-0.19439912324599626,0.18254066180786246,0.09577286078860227,-0.08315354469355982,0.18260822228030218,-0.08201139942705858,0.18260156285084791,-0.19126923430946782,0.05077034642129848,-0.07936591424296541,0.10078375091902672
0.1867932112504691,0.02636263277534819,0.18327165483705418,0.20577678777674968,0.1799726310554351,0.01469259205628103,0.17973422441397338,0.02915041663179682,0.18524000514962344,0.18015526492897854,0.19297145552189723,0.20037075668677523,0.17969270673958146,0.013915466693150884,0.18042223922380723,0.20646928875794157,0.24999999999999972,0.18054754311156035,0.19631091836809184,0.1804627208287926,0.1798661612582853,0.17980372217901253,0.030417416978472167,0.2011927139619861,0.04797693792363727,0.18342925034473131,0.19383925744967304,0.0713791942110863,0.060930047361400674,-0.07498623924055861,-0.1721406574577775,-0.10509941159923049,0.18007448657237154,0.18014360557515577,0.17987392207832636,-0.13065453215461523,0.17989622888524268,-0.11197252946989268,-0.12993135411563192,0.1799321960119317,-0.08488114101888727,0.180253502716885,0.07283074205931538,-0.19415485614349245,0.18007532139532728,0.094058220686261,-0.08377716155532285,0.18014455147736189,-0.08400495031493213,0.18013590983431843,-0.19103828031442732,0.04881064167729139,-0.07820399111027412,0.0991323300762439
0.20497248449648572,-0.014193222804684914,0.22558520006662108,0.19004900379851916,0.24883280774818786,-0.021775526577239624,0.24858355995809422,-0.00921162691348592,0.20661332749617686,0.24883884783777757,0.218504376039191,0.18685397834361092,0.24861074315981282,-0.02338971245920356,0.24910774542478953,0.1830223727998607,0.18054754311156035,0.24999999999999967,0.1805418361658954,0.24900339243876168,0.24880943940805816,0.248776718926973,-0.008886223252561925,0.19953766665704742,0.006594463667757973,0.2232665566583355,0.19360253906688937,0.13844228219286983,0.12946529360177284,-0.09187112589075695,-0.11207118079694904,-0.06862722136756774,0.2490896101415118,0.24918291473654441,0.24882603812050208,-0.09784438455390297,0.24885013147683924,-0.07744585420360271,-0.07328341225263824,0.24883811887296056,-0.07475082968234875,0.24924983140503817,0.1406583987326513,-0.1321713182020781,0.24911921290866612,0.16131443205752657,-0.0677483082083974,0.24912388875569066,-0.07546826726382512,0.24920191105868225,-0.12873548931088757,0.11652692216149824,-0.08958632270559673,0.16581710525404667
0.17572990279369624,0.020921761049523677,0.18680203046908897,0.19629110360521357,0.17989162577679507,0.01421964921427643,0.1796900114306255,0.02372899418814946,0.17491023719776683,0.1801096199327576,0.19427088231073636,0.19188558657780688,0.17961805649787285,0.013597556572585925,0.18033930533875198,0.19788866389819246,0.19631091836809184,0.1805418361658954,0.2499999999999995,0.1804361253052944,0.17980136455023468,0.17973419902841326,0.022048065285788086,0.18739062661612027,0.039925492571651684,0.1870965791000173,0.19827415833370252,0.07539373624511113,0.06514237609147656,-0.08053687828536975,-0.17570992386465029,-0.09731682111955955,0.17998387730864437,0.1800555093407908,0.17982483861649598,-0.11853839725816072,0.17983333233290996,-0.10675513937539242,-0.1200579820528952,0.17983294044613413,-0.074860032797658,0.18016630441882,0.08000297075412764,-0.18212748043560992,0.18000866045765126,0.09295858572056685,-0.09204396329650158,0.18006304256055586,-0.07423965410850532,0.18007468848304425,-0.17876476457021168,0.0556351746796285,-0.08016385481220022,0.0976975652322563
0.20509629614063485,-0.014272270528654084,0.2254728680256712,0.18997963810151122,0.24895103983818645,-0.02187812812119624,0.24870083529059653,-0.009295498338503643,0.2067372967958771,0.24895477193730564,0.2183813110726459,0.18675580131752287,0.24872905462105016,-0.02349215044449248,0.2492243674148359,0.18293244303510175,0.1804627208287926,0.24900339243876168,0.1804361253052944,0.24999999999999947,0.2489275584556164,0.2488950052607972,-0.008991758395636817,0.19965093395596764,0.0065040849044519415,0.22313910564274844,0.1934959643526951,0.13856533468138627,0.12958485974240772,-0.09168787738957866,-0.11192091843297411,-0.0685188491921787,0.2492080852583398,0.2493014773424469,0.24894441405024895,-0.0978581588741012,0.24896850379223176,-0.07725724428611011,-0.07315344599003278,0.24895638105384874,-0.07483029783577227,0.2493682655694503,0.14079649621357276,-0.13201809163892733,0.2492378174006103,0.16143564375527109,-0.06762754784118731,0.24924224964834035,-0.07556047848522586,0.2493205304250718,-0.12856930995705518,0.11666248196863464,-0.08942807202711808,0.1659462170609632
0.2049755856204391,-0.01444207443859248,0.224856751310095,0.18940147634178406,0.24876740080507695,-0.022072765486543057,0.24851698248921245,-0.009509021063330857,0.20662367888047256,0.24876733014150637,0.2177326093072515,0.18607668305893163,0.24854696996637632,-0.023691135588212193,0.2490378904150495,0.18232888455495744,0.1798661612582853,0.24880943940805816,0.17980136455023468,0.2489275584556164,0.2499999999999993,0.24871352635655558,-0.009245152693047546,0.19943198842166762,0.006215447891956873,0.22249441944262607,0.19281112105592949,0.138622756897973,0.1296254634887709,-0.09121330576527607,-0.1112367683218705,-0.06800869119184352,0.24902534266005447,0.2491187828797303,0.24876190466707057,-0.09775390662900539,0.24878590353523233,-0.07671614831278402,-0.07256478829637483,0.2487735067738241,-0.07489752751181572,0.2491852257226696,0.14087409861304337,-0.13129398992419392,0.24905541781384227,0.16143360119446962,-0.06713427240915786,0.2490593490217225,-0.07565926951681672,0.24913804212601104,-0.12786823113041274,0.1167930226587027,-0.08894270365740452,0.16593866115331302
0.2049765162605806,-0.014451401149478188,0.22480567344616162,0.18934053778934828,0.24873529145323445,-0.022086017866829347,0.24848491575492437,-0.009490639837146517,0.2066272798167841,0.24873512255937102,0.21767385613652193,0.18601260338063294,0.24851495231568244,-0.02370324075200067,0.2490056906761579,0.1822664443207442,0.17980372217901253,0.248776718926973,0.17973419902841326,0.2488950052607972,0.24871352635655558,0.24999999999999944,-0.009268259227344238,0.19939126467674384,0.006195452999029149,0.22243629000967308,0.19273827005151392,0.13856805206071507,0.12962755450237462,-0.09117988548942205,-0.11116807958991236,-0.06796408217039013,0.24899323347048724,0.24908667105474502,0.24872966512064912,-0.09777116336549496,0.24875378460788766,-0.07667272903236144,-0.07251305271000436,0.24874143249723188,-0.07492156150680733,0.24915310401280996,0.14086605578048522,-0.13122336175778948,0.24902328371354637,0.1614196652049319,-0.06708452263477019,0.2490271457565528,-0.07568866857076809,0.24910589961116225,-0.1277943600864882,0.11678215163144412,-0.08890601721820605,0.16592257256981485
0.008782102036589138,0.016264236141281252,0.006993169552398919,0.026609887391105546,-0.009169522555897801,0.017391287416670058,-0.00920980419051104,0.011101794347119514,0.007359591286193719,-0.008984967705444671,0.010254866667830228,0.02731039944997733,-0.009241992406797479,0.019857698160193258,-0.009076937320844112,0.029841418232236704,0.030417416978472167,-0.008886223252561925,0.022048065285788086,-0.008991758395636817,-0.009245152693047546,-0.009268259227344238,0.24999999999999967,0.019384748514316222,0.020772626524367895,0.0047771052270390085,0.02145743307981389,-0.0037450504754431694,-0.021334517408186534,-0.0026244442420125485,-0.03605587030246323,-0.026389841380186685,-0.009283124497327018,-0.00928619445984378,-0.009478710195645767,-0.026814098516145832,-0.009263794740498196,-0.02843181748384915,-0.03887324609907199,-0.009319808786609159,-0.01039528042759985,-0.00923022161699666,-0.07911785429626518,-0.04555134142455938,-0.0092430475228927,-0.018480998006886257,-0.015988615970984266,-0.009194925172611395,-0.01014092011376253,-0.009385169154572322,-0.041193442921586144,-0.02122437574845827,-0.0028326663726882992,-0.025146421685916378
0.2159621933995699,0.01648809673366438,0.1774604627118747,0.20838741548911235,0.19950635305282347,0.004026289061359001,0.1991841394715258,0.020255302860472134,0.21392263025461442,0.19947500805878554,0.18412672132696078,0.20201881039196293,0.19927309943351162,0.0021094500599865376,0.19984972174839621,0.20076371841094728,0.2011927139619861,0.19953766665704742,0.18739062661612027,0.19965093395596764,0.19943198842166762,0.19939126467674384,0.019384748514316222,0.2499999999999997,0.0372611686882897,0.17567226009978432,0.1921194561906523,0.08927235753126127,0.08035588946175883,-0.06132444259895642,-0.15603232315756788,-0.1017657324215794,0.19967509998625899,0.19975752175236833,0.19945637598754484,-0.14028560651350605,0.1994812983400447,-0.09415510230689043,-0.11738139102585848,0.19950913623940933,-0.10720817825001618,0.1998510357588953,0.09185762602582837,-0.17913113186524413,0.19968716075732318,0.11245183308740939,-0.07606074463128822,0.19973692643080046,-0.1077906148547196,0.19975927041522992,-0.1758703652294907,0.06770374443452043,-0.0651857672846184,0.11775138901717072
0.026301644189236185,0.015169821977604305,0.019715153818792387,0.04433064122529329,0.006325820270760921,0.01927343874432118,0.006227617061818837,0.017911377438588904,0.02477208761763536,0.006417221117293038,0.026114492924763796,0.04686706005483091,0.006192582792636976,0.02050951924067028,0.006419645445997915,0.047392195133058194,0.04797693792363727,0.006594463667757973,0.039925492571651684,0.0065040849044519415,0.006215447891956873,0.006195452999029149,0.020772626524367895,0.0372611686882897,0.24999999999999944,0.014173495782010817,0.03226039532218917,-0.008043329847339005,-0.0056444889336843785,-0.011415502100703787,-0.0554081349946328,-0.039248444370253266,0.006199834710367788,0.0062038005405835525,0.0061457772216813025,-0.03727766769249067,0.006060120431748609,-0.03367131620812779,-0.04623255136129898,0.006188176965974928,-0.020830724391477082,0.006276548843732207,-0.012323825797600432,-0.05877577608536031,0.006094302954655365,-0.01037351771667221,-0.020018384379001147,0.006233842040876325,-0.01960125505154269,0.0062051984473329965,-0.06330102190507911,-0.08249380931119275,-0.007095436021104487,-0.01059684410409723
0.1792459726927782,-0.002657355281083485,0.23024141401062453,0.190913090030395,0.2225393225470256,-0.006031076703558347,0.22238618382547418,0.0008856521407064699,0.18075524692544145,0.22280332448196535,0.22510868721280505,0.19404219085364346,0.22228145153491752,-0.007619647026911084,0.22297476974285066,0.18633160978666677,0.18342925034473131,0.2232665566583355,0.1870965791000173,0.22313910564274844,0.22249441944262607,0.22243629000967308,0.0047771052270390085,0.17567226009978432,0.014173495782010817,0.24999999999999947,0.20213582423563814,0.11557739938931134,0.10572723509278678,-0.1073400358933788,-0.12768717945286068,-0.08259314488815092,0.22270905431824906,0.2227896299106793,0.22246725684200708,-0.09055909039656786,0.22249797025468,-0.10350539186066762,-0.08942600629525767,0.2224946669571537,-0.06109137714418187,0.22286818294710595,0.11698001881671763,-0.14720666808356123,0.22275483969150403,0.13494015685790123,-0.08361514807112676,0.22275845262617971,-0.059810713731052116,0.2228003955262464,-0.1437969558736748,0.09697935519763247,-0.11517297864393644,0.14051986140844136
0.1884362269522647,0.015107942409133717,0.20166313722596205,0.20305887681399248,0.19292143278809243,0.009770926889399283,0.1926834133798814,0.016993801814302423,0.18748492555631593,0.19312291580077998,0.20353359615738326,0.20959183429125042,0.1926273899212375,0.00811585224243781,0.19336573557049905,0.19439515541334415,0.19383925744967304,0.19360253906688937,0.19827415833370252,0.1934959643526951,0.19281112105592949,0.19273827005151392,0.02145743307981389,0.1921194561906523,0.03226039532218917,0.20213582423563814,0.2499999999999994,0.08688060841205274,0.07626513021918108,-0.0918755947624257,-0.15383992207630962,-0.10780417485118159,0.19299718806510802,0.19307388292820354,0.192780205770208,-0.11511145440896708,0.19281108948165993,-0.09891363248684305,-0.12922856768714652,0.19283716626055028,-0.08600078580103461,0.19316062019007824,0.08794025989066769,-0.1725708998133772,0.19303204492891568,0.1061811119629842,-0.12130386338544036,0.19306276502555603,-0.08383438733565045,0.19307327947721886,-0.16848408352223782,0.06791319338498637,-0.08967753246593503,0.10972654192139285
0.09450405727936981,-0.022448382169199685,0.11910328916188055,0.0793974130272442,0.13861874119017906,-0.019246435096946877,0.13850663445257577,-0.08366784591250492,0.09617135060162361,0.1385861974982534,0.10758960544965204,0.07848728500031904,0.13856115897156004,-0.0186078353680774,0.13865716372225448,0.07234548697737053,0.0713791942110863,0.13844228219286983,0.07539373624511113,0.13856533468138627,0.138622756897973,0.13856805206071507,-0.0037450504754431694,0.08927235753126127,-0.008043329847339005,0.11557739938931134,0.08688060841205274,0.24999999999999956,0.07695545783062187,-0.05043307094871296,-0.027483559616237448,-0.01699030180604425,0.13871054745333297,0.13878162782385411,0.1386626737433517,-0.025826033862095674,0.13862102443195884,-0.02310237855855823,-0.009847883046371799,0.13847940810824366,-0.026311666474749414,0.13885380486157517,0.07729280102344938,-0.03339210063518505,0.13883491947087712,0.08390050217150428,-0.023278972833770548,0.1388563089848129,-0.025440062315163655,0.13886699538521502,-0.03445898481607332,0.07526959270317848,-0.043414341270025206,0.08554331269098893
0.08555843092680257,-0.0928981567088228,0.11005798168860781,0.0701375586945334,0.1296050605741898,-0.023628986165984158,0.12954434498990813,-0.01654205180754085,0.08721475123778619,0.12960591266293203,0.09855323861173779,0.06708424712695366,0.12960127926541468,-0.0192699876885304,0.1296830669348192,0.06343905080287565,0.060930047361400674,0.12946529360177284,0.06514237609147656,0.12958485974240772,0.1296254634887709,0.12962755450237462,-0.021334517408186534,0.08035588946175883,-0.0056444889336843785,0.10572723509278678,0.07626513021918108,0.07695545783062187,0.24999999999999953,-0.04748631986307477,-0.017012655739471486,-0.010259098770551279,0.12977694437125548,0.12982830509916204,0.129720201453525,-0.020946688122470258,0.1299099551286239,-0.017977811356601873,-0.00012487150163762063,0.12956836233487057,-0.020613334999393874,0.1299919927926656,0.08370908282536789,-0.028683776937659704,0.12985143771761143,0.08687563824261837,-0.01790097051527552,0.12982141234350747,-0.02516246386661676,0.12990567390679109,-0.02440923133546152,0.06387472115898328,-0.03945469294015339,0.08337323060570563
-0.06514883781316677,0.006918317264318598,-0.11501161528468616,-0.07962586250436088,-0.09123903898011959,0.002838789963261907,-0.09121879557667191,0.005397056205642183,-0.06612773375775335,-0.09165546883116815,-0.10359736999850988,-0.0861518988578369,-0.09111999781510877,9.830079918336783e-5,-0.09148697780318284,-0.07672965688483237,-0.07498623924055861,-0.09187112589075695,-0.08053687828536975,-0.09168787738957866,-0.09121330576527607,-0.09117988548942205,-0.0026244442420125485,-0.06132444259895642,-0.011415502100703787,-0.1073400358933788,-0.0918755947624257,-0.05043307094871296,-0.04748631986307477,0.24999999999999942,0.05255966949182372,0.039436656681540005,-0.09129052886995542,-0.0913198130328438,-0.09119707155323509,0.028465463925925447,-0.09119865184969862,0.05040934436836211,0.03780038960477664,-0.09120449871309652,0.018335730945266963,-0.09135930502712696,-0.047193176630147236,0.05955706730287748,-0.09128208477561799,-0.05734790987666356,0.04415749381335042,-0.09131665081082863,0.016694019863752657,-0.09132745268203271,0.05854426691581831,-0.03434881290804229,0.05618267462785484,-0.05655050073915886
-0.13388470006919753,-0.03723032728980161,-0.12645863475017904,-0.16708384322354256,-0.11140811468000172,-0.027122727662746163,-0.11119575812031146,-0.035896019221096316,-0.13142097166925093,-0.1115910927157181,-0.14182780465650743,-0.1637755749974152,-0.11112254000306393,-0.027485244566046656,-0.11179234593136213,-0.17223212360303708,-0.1721406574577775,-0.11207118079694904,-0.17570992386465029,-0.11192091843297411,-0.1112367683218705,-0.11116807958991236,-0.03605587030246323,-0.15603232315756788,-0.0554081349946328,-0.12768717945286068,-0.15383992207630962,-0.027483559616237448,-0.017012655739471486,0.05255966949182372,0.24999999999999936,0.0992274802514752,-0.11138090114319313,-0.11142480220389915,-0.11129310486943148,0.11357389813006347,-0.11127972981565752,0.10311859500830838,0.12873918417276975,-0.11132481886381237,0.0666583932905065,-0.11152694920949101,-0.030616645149930694,0.1814340619301274,-0.11138087258793619,-0.0438295523682049,0.07582377599512065,-0.11144855286958205,0.06544834674932958,-0.1114361228152715,0.17753032479996786,-0.010072191613871576,0.05724616760377915,-0.04815940028811708
-0.09453255752448253,-0.023756268051195586,-0.08183558295328718,-0.11159507942548309,-0.06820392089379619,-0.020030673168097146,-0.06797636133286622,-0.02280903137636381,-0.09214850955218394,-0.06824713354754545,-0.08823585227629516,-0.12532994277722284,-0.06795056019055075,-0.020586745787305613,-0.06840305946251034,-0.10329299476232548,-0.10509941159923049,-0.06862722136756774,-0.09731682111955955,-0.0685188491921787,-0.06800869119184352,-0.06796408217039013,-0.026389841380186685,-0.1017657324215794,-0.039248444370253266,-0.08259314488815092,-0.10780417485118159,-0.01699030180604425,-0.010259098770551279,0.039436656681540005,0.0992274802514752,0.24999999999999928,-0.06807560452789166,-0.0681042829839537,-0.06800146717990699,0.0739418039301525,-0.06800383730413151,0.05956452451382393,0.08916847670523984,-0.0680501288685481,0.060072627271608794,-0.06815662141876822,-0.01606445634261196,0.10990988695570618,-0.06805504614286023,-0.025499314423771353,0.06211590511590551,-0.0681222559298271,0.05772505016559752,-0.06809875999138675,0.1049752166630797,-0.0028858461950541934,0.04438378977874164,-0.02823352093087115
0.2051505895729855,-0.014434672977365953,0.22508122808205663,0.1896161220762087,0.24904816093691914,-0.022360096090522544,0.24879732159220855,-0.00941658617451598,0.20679541435047474,0.24904777128435665,0.21795464907713474,0.18627420092668642,0.24882763602187874,-0.023976753153776263,0.24931853530553819,0.18253715648536076,0.18007448657237154,0.2490896101415118,0.17998387730864437,0.2492080852583398,0.24902534266005447,0.24899323347048724,-0.009283124497327018,0.19967509998625899,0.006199834710367788,0.22270905431824906,0.19299718806510802,0.13871054745333297,0.12977694437125548,-0.09129052886995542,-0.11138090114319313,-0.06807560452789166,0.24999999999999964,0.24940125158211993,0.24904250091666727,-0.09770646593209863,0.24906693076713132,-0.07679254146302048,-0.07261811832064947,0.24905686677854152,-0.0748488371094749,0.24946650929775177,0.14101271620588585,-0.13146537966449043,0.24933655962137252,0.1618696380612302,-0.06719985745924595,0.24934031401402773,-0.07561592720206126,0.24941914636677515,-0.1280227524515661,0.11691876479610835,-0.08903585599064535,0.16640458202096353
0.20523812429949087,-0.014439708387706342,0.2251615314190904,0.18968957334888503,0.24914158601635136,-0.022315397797566246,0.24889060115723863,-0.009439710449977143,0.20688340696696386,0.24914115110770113,0.2180320107708628,0.18634742009222166,0.24892094192105044,-0.023937283811923393,0.24941203986154772,0.18260687125266048,0.18014360557515577,0.24918291473654441,0.1800555093407908,0.2493014773424469,0.2491187828797303,0.24908667105474502,-0.00928619445984378,0.19975752175236833,0.0062038005405835525,0.2227896299106793,0.19307388292820354,0.13878162782385411,0.12982830509916204,-0.0913198130328438,-0.11142480220389915,-0.0681042829839537,0.24940125158211993,0.24999999999999933,0.24913600076294662,-0.09775553912160966,0.24916034994915726,-0.07682269420897091,-0.07265474128737695,0.24914983127810056,-0.0748878954583307,0.2495600843166991,0.1410724712408002,-0.13151434378228763,0.24943010759513956,0.16188528607221414,-0.06722393388488046,0.24943387785114876,-0.07565479353120183,0.24951274236319548,-0.12807191772666804,0.1169694357961754,-0.08906237401934422,0.16641708296830976
0.20491762991306983,-0.01451623337073267,0.2248354107107478,0.18940769994840623,0.2487846264791958,-0.022052692616988424,0.24853408743169703,-0.009681568938317113,0.20656081031873866,0.2487840619146271,0.21772236749301738,0.18606574341335938,0.24856431551875519,-0.023678381143563063,0.24905473341724108,0.18233646651266533,0.17987392207832636,0.24882603812050208,0.17982483861649598,0.24894441405024895,0.24876190466707057,0.24872966512064912,-0.009478710195645767,0.19945637598754484,0.0061457772216813025,0.22246725684200708,0.192780205770208,0.1386626737433517,0.129720201453525,-0.09119707155323509,-0.11129310486943148,-0.06800146717990699,0.24904250091666727,0.24913600076294662,0.24999999999999958,-0.09760365105202072,0.2488034126005371,-0.07669834263384656,-0.07253863235036469,0.2487903306374038,-0.07476285252374264,0.24920267080106073,0.1409124584374093,-0.13129520319780458,0.24907284623049045,0.16139820822383255,-0.06709942511169409,0.24907662516615436,-0.07552656481083057,0.24915560994951155,-0.12788183197719408,0.11678854179990598,-0.08892083315442902,0.1659021076469046
-0.14187978193158884,-0.029785617939874318,-0.0912860240945789,-0.13210921928761388,-0.0976854936777362,-0.01733081831890574,-0.09749856794317578,-0.0345145062901606,-0.14026444695548576,-0.09772741446098783,-0.10168550418137962,-0.1271511105129727,-0.09752374318372319,-0.018354317637121625,-0.09801503664124195,-0.12980046073920953,-0.13065453215461523,-0.09784438455390297,-0.11853839725816072,-0.0978581588741012,-0.09775390662900539,-0.09777116336549496,-0.026814098516145832,-0.14028560651350605,-0.03727766769249067,-0.09055909039656786,-0.11511145440896708,-0.025826033862095674,-0.020946688122470258,0.028465463925925447,0.11357389813006347,0.0739418039301525,-0.09770646593209863,-0.09775553912160966,-0.09760365105202072,0.24999999999999933,-0.09761874711612001,0.06671998170510328,0.09052736668110194,-0.0976344096662225,0.08521815808493911,-0.09784733004424447,-0.03205198875718971,0.12917549569445433,-0.09772363689054579,-0.040301613364840935,0.049655659559785854,-0.09778007148203711,0.08540756147215824,-0.09776415452428498,0.12751927938142232,-0.01635521746959861,0.03250573147758315,-0.04343358327609149
