x1,x2,x3,x4,x5,x6,x7,x8,x9,x10,x11,x12,x13,x14,x15,x16,x17,x18,x19,x20,x21,x22,x23,x24,x25,x26,x27,x28,x29,x30,x31,x32,x33,x34,x35,x36,x37,x38,x39,x40,x41,x42,x43,x44,x45,x46,x47,x48,x49,x50,x51,x52,x53,x54,x55,x56,x57,x58,x59,x60
0.2500000000000001,0.24967893174163744,0.2484451437755113,0.24982547225334897,0.24376621117170083,0.2484503596142005,0.23446415081058597,0.24919075041732092,0.23745404573683937,0.24994197080176977,0.24823163626044506,0.14911190907365623,0.003897419276248336,0.18612186736355615,0.0754378644590668,0.17833137799417215,0.0023143232523628833,0.16747777992816015,-0.038899480422039986,0.24973121307088833,0.2497575925327346,0.003663937503856464,0.13016161202187382,0.06285301635312115,0.12130673978997725,0.09636132336322371,0.12031227570322232,0.07759211474612837,0.12782643068029706,0.24944468410926177,0.24959804832604554,0.029874280735597725,0.09455093006839822,0.08463575208026443,0.04706823373144457,0.13133176623012677,0.08889559186865366,0.11494792760474938,0.07300179987166486,0.24939313160587717,0.2495167135799144,0.1482675782593211,0.013683298319255141,0.1696951654965335,0.06875201211885575,0.17357717080806742,0.03171280515247957,0.15113507863956607,-0.042119558905103535,0.24978515735618317,0.24986748813306464,0.24988471784570146,0.24795236383835545,0.24974910472063402,0.23287328393021794,0.24787528746262344,0.22910370845859462,0.24913605375358014,0.23605982262000438,0.24994787203145416
0.24967893174163744,0.24999999999999992,0.24822591374781403,0.24960643296207816,0.24354366643721898,0.2482305772685766,0.23424663605406387,0.24897254951171477,0.2372323178316083,0.24972290127016206,0.24801432417015912,0.14901873221712997,0.0038327601082079853,0.185987383851954,0.07535627101256157,0.17817691034199523,0.002326387559989027,0.1673114913945812,-0.038831705387284296,0.24951232953844807,0.24953869447509625,0.003648113320188628,0.1300432472202048,0.06278666126615587,0.12119105251753533,0.09628023148527447,0.12019533704164838,0.07753307514892988,0.1277045728571754,0.2492260312711583,0.24937926288493015,0.029835353812861756,0.09447960168836263,0.08454985278566812,0.047040497058220575,0.13120837679616765,0.08882778985735755,0.11483950960883556,0.07294703839105895,0.24917454630799488,0.24929801094447385,0.14814485675850333,0.013667341444130282,0.16955019385034775,0.06869216618253988,0.17342598683311425,0.03168361722585194,0.15100580966378174,-0.04208489939128841,0.24956623083540977,0.24964848428764796,0.24966569892867646,0.24773513808590308,0.24953021287959135,0.23267011046125444,0.2476581035413006,0.2289038922957083,0.24891771400589524,0.23585353848605578,0.24972879774052328
0.2484451437755113,0.24822591374781403,0.25,0.24837256043732606,0.24233916300965647,0.2470019168187814,0.2331092784666298,0.24774012769423165,0.23600116531603454,0.24848896904221007,0.24678406914078438,0.14947253672292515,0.0025250952911725286,0.18556398029046248,0.0747574769699881,0.17748834175482034,0.001899964962211993,0.1666172508940008,-0.038794792690365745,0.24828032242359066,0.2483049486529443,0.0024332332379380624,0.13018046744503248,0.06162751545197469,0.12126377574385894,0.0952825075757752,0.12018760981358644,0.07672581184821897,0.12749801793097687,0.24799561967973102,0.2481479737905678,0.030044230854211866,0.0936711302694241,0.08450397232475569,0.04633671600440673,0.13083700107677018,0.08802145130491368,0.1145556021166428,0.07225574828845818,0.24794343604861627,0.2480663396508001,0.14720617462776478,0.013681143846769677,0.168597825539756,0.06832774124445194,0.1725392538215552,0.0315937752769738,0.1501399080322389,-0.041782652617748946,0.24833293963786984,0.24841492747756755,0.24843205587677197,0.2465078423348096,0.24829700616583478,0.23149027730884716,0.24643249800200093,0.22774200886473034,0.24768723707646656,0.23466935041005899,0.2484948436492143
0.24982547225334897,0.24960643296207816,0.24837256043732606,0.2499999999999999,0.24368538757416178,0.24837613971684885,0.23438388214024977,0.24911848039094914,0.23736807683301916,0.24986946085273093,0.24815950673378545,0.14911617834006732,0.0038474110056471063,0.18610188820900686,0.07538640634774113,0.17830367576776346,0.00229272755023082,0.16742971372561885,-0.03887850539473596,0.24965880120484563,0.24968510500976035,0.00360148000995637,0.13016415358471442,0.06278966510454267,0.12130362313028582,0.0963054414481912,0.12030389257808244,0.07755002234560758,0.12780834991187157,0.24937237036919874,0.2495256820498472,0.029880304989604253,0.09450905573893982,0.08462710006505193,0.04703376419090167,0.13130568287925007,0.08885345200965486,0.11492704613858257,0.0729660823029621,0.2493207898545636,0.24944433374916136,0.14821587968471842,0.01368247088948967,0.16964097267567865,0.06873100199769897,0.17352547607229984,0.031706733591801685,0.15108591283495423,-0.04210307293826975,0.24971268773774039,0.24979500027316437,0.24981222493528038,0.24788029351546118,0.24967664152568256,0.23280442865428275,0.24780330226610467,0.22903594392442192,0.24906375749959372,0.23599055072497344,0.2498753608319628
0.24376621117170083,0.24354366643721898,0.24233916300965647,0.24368538757416178,0.2499999999999999,0.24230969852812798,0.22845172933524327,0.24305889717416798,0.23132339451182796,0.2438017892509425,0.24215450808848235,0.14613358583957597,0.002368602284836754,0.18373785050551222,0.06993548309374725,0.1786146916309884,-0.0014646213154739718,0.16456892289139993,-0.039006318582064936,0.2435985469293853,0.24361855353043974,-0.0007010227904500174,0.13017207673138873,0.05820249793398069,0.12117352788006155,0.0915025848842941,0.11987494022668362,0.07385931984732073,0.12653171788559173,0.2433213695471209,0.24347032735430188,0.030779593371693965,0.09063773780886476,0.08424326031807404,0.043772921765753994,0.12936039713592945,0.08505268469615149,0.11339081634767653,0.0697242612022023,0.24326714027661253,0.24338773729846677,0.1436668116376379,0.013749806919322517,0.1649979246445654,0.06696227006156931,0.16917480474324995,0.03121991052088915,0.14689039275746313,-0.04067280285026321,0.2436482184547782,0.24372915464994224,0.24374595594960236,0.241846517220864,0.24361260812095695,0.2270158712773205,0.24177717650477362,0.22333727490769525,0.24301317789546795,0.23017581072817817,0.24380756194598877
0.2484503596142005,0.2482305772685766,0.2470019168187814,0.24837613971684885,0.24230969852812798,0.25,0.23300845010834143,0.2477456834868816,0.23600838078787104,0.24849252904615962,0.24679128737809988,0.14875308237916304,0.0032660356172471566,0.18540902977122495,0.07470762479869154,0.17753181824315506,0.0020637686393601045,0.166521474253477,-0.038610131402240684,0.24828348711159684,0.248308868837035,0.0029516424367696382,0.1298569237695671,0.06197960183532585,0.12096775345396085,0.09548868066632227,0.11991985422027132,0.07691687332237723,0.12730402206643224,0.2479987098183972,0.24815110306432683,0.029872345559543954,0.09383544469775765,0.08432865847529425,0.04655713524010973,0.13070862330249805,0.0881929579500885,0.11442503363305621,0.07241102419379673,0.24794696287737739,0.24806981783376822,0.1473071746044556,0.013640675592255812,0.16865421427222405,0.06834051660425385,0.1725555181363149,0.031564228191716934,0.150197585225159,-0.041826505874215957,0.2483365654875514,0.24841848542297393,0.24843561461669297,0.2465128782312146,0.2483006754595811,0.23150784389860357,0.24643695211692165,0.22775998661985736,0.24769104912804035,0.23468169855622792,0.24849840294021053
0.23446415081058597,0.23424663605406387,0.2331092784666298,0.23438388214024977,0.22845172933524327,0.23300845010834143,0.24999999999999986,0.23374963994286696,0.2220451049161968,0.234500155705757,0.232931601952944,0.14324403047281328,0.0028809083500668936,0.17579954623254676,0.06870857780854536,0.1748537545729124,-0.011640072134354128,0.16157817455682347,-0.040205317853034134,0.23431230539813272,0.23431749074330108,-0.01028492988337348,0.13356291900352696,0.049139465931171744,0.12360866393410709,0.0837237828001503,0.12152949154837242,0.06609983754125942,0.12644558585160495,0.2340503875559395,0.23419159254929484,0.034079324577673265,0.0827607255109787,0.08559303535159307,0.03635741762004665,0.12779491855412906,0.07740169792053483,0.11243696926585155,0.06311797546185124,0.23398821203978204,0.23410401785927276,0.13551653651433515,0.014415317296995281,0.15724384601508035,0.06419653393535558,0.16231252816114164,0.030806547539502495,0.13985216797462544,-0.03802206082276789,0.23435074820097923,0.23443030590851635,0.23444645293415883,0.23257954630750963,0.23431527889241408,0.2179831271729502,0.23252856589068227,0.21444242164317415,0.23373454822592732,0.2211632402645513,0.23450571707601195
0.24919075041732092,0.24897254951171477,0.24774012769423165,0.24911848039094914,0.24305889717416798,0.2477456834868816,0.23374963994286696,0.24999999999999986,0.23673319263839934,0.24923476516575668,0.24752888048478316,0.14896850686288157,0.0035970017727929675,0.18578069860650623,0.07506692800157132,0.17797384310367048,0.0021194365346796414,0.16704084961344537,-0.03878550830392974,0.24902489581811327,0.24905068695351354,0.003238641606531773,0.13007938552321657,0.06237121672984121,0.12119877081873195,0.09589413051857854,0.12017180732882868,0.07722378232537291,0.12760985445823975,0.24873926595826432,0.24889214318292024,0.02990842447940097,0.09416786569237236,0.08452159293244002,0.04677399693325101,0.13105405253300917,0.08851809237042225,0.11471921865284065,0.07268245482886168,0.24868753317185335,0.24881076616273934,0.14777839379094257,0.013671459663845836,0.16917589749769105,0.06854937209774539,0.17307559473096512,0.03164652752665972,0.15066638743700791,-0.04196784722403821,0.24907835255117847,0.2491604967143459,0.24917767727499177,0.24724970490181025,0.2490423701440829,0.23220415299757344,0.24717331139484286,0.22844511818896707,0.2484309582461319,0.23538559599285258,0.24924065301931259
0.23745404573683937,0.2372323178316083,0.23600116531603454,0.23736807683301916,0.23132339451182796,0.23600838078787104,0.2220451049161968,0.23673319263839934,0.24999999999999983,0.23748324779080857,0.23585177689329004,0.14292488344808857,0.0038059103027467157,0.17588063248958138,0.07360272361359158,0.16821384223915106,-0.003159257699597744,0.1650789092531524,-0.049542494803891536,0.2372990068795291,0.23729919570333544,-0.007299681294745973,0.1337523829946268,0.051499906578444755,0.12569127868586186,0.08486626348186974,0.12425609572014173,0.06619849697168204,0.12885573798006886,0.2370266799128381,0.23717178675067033,0.0353988888187072,0.08344067151017084,0.08733687309438096,0.036385008837871755,0.12983837040470902,0.07800277044346465,0.1142722741596916,0.06341399149791882,0.23696045170006813,0.2370824798252114,0.13691303450394157,0.01475176349061351,0.15912118364549607,0.06485688328806007,0.1644063328128403,0.031213223040068544,0.14148796491187535,-0.038402895723699634,0.23733151627671656,0.23741269622688074,0.23742904590834812,0.23553429853578708,0.23729556967034537,0.22070417976130444,0.23548065028102555,0.21708934375408453,0.2367062715199316,0.22392960177628687,0.23748906577435835
0.24994197080176977,0.24972290127016206,0.24848896904221007,0.24986946085273093,0.2438017892509425,0.24849252904615962,0.234500155705757,0.24923476516575668,0.23748324779080857,0.24999999999999978,0.24827549701558435,0.149131994398511,0.0039001314714688304,0.18615077512288272,0.07545757530300232,0.178351114304904,0.0023395302833628833,0.16749363259135114,-0.03888555656480371,0.24977516620932944,0.2498016078350254,0.0036972970686806185,0.13015716515741502,0.06288757656687134,0.1213018988576905,0.09639664121145798,0.12030919065268467,0.07762391051844006,0.12783084164218644,0.2494885757772962,0.24964197089014423,0.02986255013268802,0.09458353129680558,0.08463362972119419,0.047097466537740156,0.1313423930369745,0.08892743159188454,0.11495566754338508,0.07302935115652054,0.24943705489211615,0.2495606521361272,0.14830346726910776,0.013681409564480726,0.16973033984930525,0.06876515447136128,0.1736090972786684,0.03171563907936653,0.15116695142115244,-0.042131006311942186,0.2498291576721938,0.24991149608173624,0.24992872888032264,0.24799618034346996,0.2497931029935866,0.23291567829084237,0.24791903777163485,0.2291454904984582,0.24917996009328927,0.23610227662552283,0.24999189415609774
0.24823163626044506,0.24801432417015912,0.24678406914078438,0.24815950673378545,0.24215450808848235,0.24679128737809988,0.232931601952944,0.24752888048478316,0.23585177689329004,0.24827549701558435,0.24999999999999983,0.1474856426615478,0.0041702301773710974,0.18491330851956855,0.07460582812827131,0.17753157345596082,0.0016263143229852126,0.16652400707586318,-0.03887170932118362,0.24806695683095883,0.24809199022682482,0.0029568226444202515,0.129800514260699,0.061896200675746506,0.12092994381018282,0.09539680294959531,0.11989266701700826,0.07679742225609143,0.12725293644033187,0.24778215587099764,0.2479344684319793,0.02990276025562239,0.09370915965601775,0.08430914833635013,0.04645841476374264,0.13063395184388527,0.0880687503246299,0.11436627213900084,0.07230022841556753,0.24773033653570836,0.24785317850459426,0.147145736098103,0.01364392140613401,0.16849139520049963,0.06827588515871179,0.17240114681305704,0.031544435726505185,0.15004965815914736,-0.04177740104923309,0.24811963848117816,0.2482015166415924,0.24821863070374972,0.24629710773927754,0.24808376816471425,0.2313010305365947,0.24622134413996066,0.22755575715551052,0.24747460523191595,0.23447349708770837,0.24828136429927058
0.14911190907365623,0.14901873221712997,0.14947253672292515,0.14911617834006732,0.14613358583957597,0.14875308237916304,0.14324403047281328,0.14896850686288157,0.14292488344808857,0.149131994398511,0.1474856426615478,0.24999999999999978,-0.09631507596148287,0.15145006802017896,0.03585766029264585,0.11068838373392346,0.006484835507711914,0.10092379150586674,-0.02116641114035729,0.14904712695457867,0.14895949937662184,-0.09403952498690928,0.14486033778330654,-0.02860159254595365,0.12795319537790145,0.014190115550266981,0.11891562883053464,0.010396346783809643,0.11044406389317671,0.1489284191557534,0.14900377722343375,0.04697132458917534,0.027686831774049795,0.08128657782286063,-0.01176768688136773,0.10139102649145731,0.02222717395175792,0.0919641350889058,0.01626448132200662,0.14882183307139374,0.14889151387264565,0.07120067486968575,0.01515623197136081,0.09152823914822437,0.03928457302138173,0.10089653957220014,0.024533478116512804,0.08023190943718134,-0.01733360563233873,0.149027561494824,0.14908773467613476,0.1490979205089843,0.1476769991892315,0.14899798411748646,0.13644818037092282,0.14774577754382975,0.13419921605246846,0.14860779912876357,0.13931793411059382,0.14913566233524725
0.003897419276248336,0.0038327601082079853,0.0025250952911725286,0.0038474110056471063,0.002368602284836754,0.0032660356172471566,0.0028809083500668936,0.0035970017727929675,0.0038059103027467157,0.0039001314714688304,0.0041702301773710974,-0.09631507596148287,0.24999999999999983,-0.059473727484287815,0.023045324854773383,-0.0038249116102114624,-0.0021796380081355337,0.003395980977869693,-0.006502280394042222,0.003862232314284077,0.003944489393494585,0.07613417494979238,-0.04874893829072564,0.0635620993484037,-0.04132151153511004,0.03658356528169433,-0.034904248250368836,0.02664193988532725,-0.023703341317785228,0.0038273410897633484,0.003836525468767005,-0.01905951251538483,0.019059310392575284,-0.020267385256517837,0.028530643132323893,-0.014196067290666551,0.023124998449673643,-0.01491783368658597,0.020580873722487045,0.003886252336093671,0.003885081244545838,0.013565733915924734,-0.0037541883191841556,0.009090731656366138,0.0027723004072415527,0.0043427799012476665,-0.0034974934588815456,0.009388814738516275,-0.0062797996066359255,0.0039051111125840625,0.0038984651439454483,0.0038988049210373636,0.004049476763643686,0.003909805156372283,0.005358172288385593,0.003970829712513734,0.005342209875469877,0.003915435355118083,0.004754527986314529,0.0038997462573503914
0.18612186736355615,0.185987383851954,0.18556398029046248,0.18610188820900686,0.18373785050551222,0.18540902977122495,0.17579954623254676,0.18578069860650623,0.17588063248958138,0.18615077512288272,0.18491330851956855,0.15145006802017896,-0.059473727484287815,0.2499999999999998,0.01233045763649434,0.1437850327006028,-0.00948995689102261,0.12869285662980648,-0.028938686421902962,0.18602120293830054,0.18597926421313302,-0.041128373422587045,0.1255203473769687,0.0015365877066639147,0.11834702112532551,0.04874707132238746,0.11462629037459457,0.042603354866365815,0.11225284425012115,0.18581520547380137,0.18593138462036043,0.035022200978592835,0.060111744225480705,0.07677148814521675,0.018173996747056633,0.10798586026460776,0.052882359026004154,0.09606607028363501,0.042119962487612385,0.18573440865764917,0.18583874314693596,0.1036064415075814,0.012444608618548018,0.1225409521718697,0.04978469394567,0.12847038139612632,0.025974356869698855,0.10823706032547378,-0.0278907042636623,0.18602839229783966,0.18609540763073124,0.18610819229676814,0.18455960149479944,0.1859986049378812,0.1723603782949198,0.18454297246373152,0.16946481376219552,0.18553197118562306,0.17511332921464265,0.18615525736228183
0.0754378644590668,0.07535627101256157,0.0747574769699881,0.07538640634774113,0.06993548309374725,0.07470762479869154,0.06870857780854536,0.07506692800157132,0.07360272361359158,0.07545757530300232,0.07460582812827131,0.03585766029264585,0.023045324854773383,0.01233045763649434,0.2499999999999998,0.004259961670762601,0.035139757201776145,0.04734934203786295,-0.009322997656467217,0.07539549946339874,0.07541326423881675,0.003989282680170343,0.03791805380888095,0.027188855901235837,0.029519470983550185,0.04531145925604316,0.027412151852167204,0.023735480820939098,0.03353992055142177,0.07531301923792151,0.07534712153413083,0.006680038010876362,0.02636105570910457,0.022416003876765248,0.016757505205704303,0.03724242505543517,0.0295006684244455,0.03222940283807477,0.02499391628041384,0.07531624042313138,0.07532944254773358,0.04537950833458213,0.004310267888877693,0.05153148241794536,0.021883648007941188,0.052130421392664064,0.00942209798121777,0.04642714256780297,-0.013380769411061753,0.07541300185092487,0.07543510262855961,0.0754403203486665,0.0748711159449318,0.07540206655498054,0.07052788346916655,0.07485766026440362,0.0695443769000179,0.07522072298172623,0.07148093610453043,0.07545937698543836
0.17833137799417215,0.17817691034199523,0.17748834175482034,0.17830367576776346,0.1786146916309884,0.17753181824315506,0.1748537545729124,0.17797384310367048,0.16821384223915106,0.178351114304904,0.17753157345596082,0.11068838373392346,-0.0038249116102114624,0.1437850327006028,0.004259961670762601,0.2499999999999997,-0.06855012572322125,0.13183332052093827,-0.03515666729189348,0.1782152281664145,0.17819573887246087,-0.009999418484081252,0.10249960707139347,0.03757107230060844,0.0991138086874274,0.029689455108072742,0.09910227266038728,0.04979901198266604,0.1002781882933282,0.17800913954927927,0.17812187302128016,0.02715964715986653,0.06434595196149631,0.06701019716132568,0.025625589610036716,0.09912610608070026,0.056156191668643496,0.08780200764245472,0.04528384409231074,0.1779522391215863,0.1780495922393075,0.10254276341682132,0.010708492699062185,0.11937773684392806,0.047914995733849025,0.12372186956739684,0.023461956756457954,0.10570786559635394,-0.028377108748621493,0.1782359090256503,0.17829777637982586,0.17831004410679255,0.17687917491260083,0.17820849405107556,0.16562185606029442,0.17683800425107352,0.1628564180937877,0.17776521748032503,0.1680635607837117,0.17835512573844114
0.0023143232523628833,0.002326387559989027,0.001899964962211993,0.00229272755023082,-0.0014646213154739718,0.0020637686393601045,-0.011640072134354128,0.0021194365346796414,-0.003159257699597744,0.0023395302833628833,0.0016263143229852126,0.006484835507711914,-0.0021796380081355337,-0.00948995689102261,0.035139757201776145,-0.06855012572322125,0.24999999999999975,-0.07941244251837354,0.06028222137492256,0.0022718427096333027,0.002376377722775349,0.010180063252869425,-0.0077005728479105934,0.005853251078011825,-0.018167358448403493,0.034489875707682936,-0.023847719427494175,0.03448075746886373,-0.018407663496252547,0.002307680071289053,0.0023044343909015253,-0.01702598855719565,0.01332445522100923,-0.016295833248466937,0.019332027218006427,-0.011687894508636415,0.016478757020483494,-0.01201673060938889,0.01620340635432164,0.0023549101699136777,0.0023289719535480036,0.010700182979044326,-0.003705085752963066,0.006096603833937725,0.0028502342783997504,0.002214327796000124,-0.0015600329792802184,0.006466530340012433,-0.004162004146597546,0.0023468514017190023,0.002339150178511793,0.0023393713376970264,0.0024534848056874167,0.0023508471275616024,0.0035633886739133056,0.002429584908665505,0.0037382832366770146,0.00236462698640624,0.003194485642649712,0.002339923777726263
0.16747777992816015,0.1673114913945812,0.1666172508940008,0.16742971372561885,0.16456892289139993,0.166521474253477,0.16157817455682347,0.16704084961344537,0.1650789092531524,0.16749363259135114,0.16652400707586318,0.10092379150586674,0.003395980977869693,0.12869285662980648,0.04734934203786295,0.13183332052093827,-0.07941244251837354,0.2499999999999998,-0.12096908125247088,0.16746775575937728,0.1673366397787244,-0.014919009393679438,0.10684960013422527,0.02995203968980289,0.1109127029002231,0.042802107070047786,0.11657042291772882,-0.0019174862263099796,0.11498802699499495,0.16721448846395526,0.16731516524865703,0.048813092193007904,0.03848663319452062,0.08409695986243271,0.0004152602173114658,0.10821905037062932,0.03496419777596324,0.09732905217075487,0.0249265227517638,0.1671082634457383,0.1672208225351889,0.0833973816042885,0.016282394202192935,0.10582841942585368,0.04358468784422129,0.1147432919394629,0.02482475742443184,0.09304666751033695,-0.02207426436266711,0.167375517306977,0.16744348947357945,0.16745494711744507,0.16593583233790243,0.16734428564413975,0.15381364511622794,0.16593822381893814,0.15105211498358478,0.1669025716761674,0.15665846966906402,0.16749732631569172
-0.038899480422039986,-0.038831705387284296,-0.038794792690365745,-0.03887850539473596,-0.039006318582064936,-0.038610131402240684,-0.040205317853034134,-0.03878550830392974,-0.049542494803891536,-0.03888555656480371,-0.03887170932118362,-0.02116641114035729,-0.006502280394042222,-0.028938686421902962,-0.009322997656467217,-0.03515666729189348,0.06028222137492256,-0.12096908125247088,0.24999999999999964,-0.03893647907762346,-0.03883307006908267,0.016470079166152344,-0.034361892448002515,0.0007548770829101701,-0.04141878031204202,0.0030707847941639074,-0.04618249219380052,0.028537083585736357,-0.04195336679086282,-0.038847896907517186,-0.03887084714259701,-0.025905145381581885,0.0022205245620035537,-0.03396199374900273,0.0159205227948258,-0.035689936628382456,0.00443710085111568,-0.03299139037260797,0.006528758695359994,-0.03878174667731015,-0.0388277437851604,-0.011665834531946466,-0.007073270133016981,-0.02071505692324687,-0.008556781590395905,-0.0260268894172495,-0.007390780140030872,-0.017474951570728658,0.002055491877444204,-0.03885119244562495,-0.03887369871119661,-0.03887631129011435,-0.038414373048547557,-0.03884035852853219,-0.03458174238811636,-0.038436308355739156,-0.03378859791953147,-0.03872197977013968,-0.03557892673831647,-0.03888618089490505
0.24973121307088833,0.24951232953844807,0.24828032242359066,0.24965880120484563,0.2435985469293853,0.24828348711159684,0.23431230539813272,0.24902489581811327,0.2372990068795291,0.24977516620932944,0.24806695683095883,0.14904712695457867,0.003862232314284077,0.18602120293830054,0.07539549946339874,0.1782152281664145,0.0022718427096333027,0.16746775575937728,-0.03893647907762346,0.24999999999999972,0.24959081470899924,0.0035642372021393253,0.13015657499952368,0.06274479086070603,0.12130269007404434,0.09624042197158295,0.12030829025657319,0.07745946404250531,0.12780179336252911,0.24927836343768564,0.24943159793184116,0.029913897977915167,0.09443104953834228,0.08463899185091835,0.04696403059750341,0.13128819917575113,0.0887802706200174,0.11491517263735244,0.07290169805940301,0.24922671436221536,0.24935022007304972,0.14813377544232786,0.013689878067089465,0.1695635559441278,0.06870265962365399,0.17345666180600927,0.031700623145592396,0.15101594244069005,-0.04207769229576711,0.2496184341028302,0.24970073293481254,0.249717950972733,0.24778637923518276,0.24958238899359206,0.23271304902258994,0.2477095317059797,0.22894586322746263,0.24896968860153176,0.2358992027200916,0.24978106312586418
0.2497575925327346,0.24953869447509625,0.2483049486529443,0.24968510500976035,0.24361855353043974,0.248308868837035,0.23431749074330108,0.24905068695351354,0.23729919570333544,0.2498016078350254,0.24809199022682482,0.14895949937662184,0.003944489393494585,0.18597926421313302,0.07541326423881675,0.17819573887246087,0.002376377722775349,0.1673366397787244,-0.03883307006908267,0.24959081470899924,0.24999999999999972,0.003579708965635082,0.12998497400810488,0.06279178414991549,0.12113136507124511,0.09631968195435553,0.12014364629462633,0.0776608329935881,0.12767012906529415,0.2493044089234273,0.24945771973138373,0.029758557733713477,0.09459823214553367,0.08449681550045544,0.04715431554751161,0.13119209092422895,0.08893048508880533,0.1148204183496075,0.07303691910849117,0.24925306641048273,0.24937653860697123,0.14824333770766326,0.013644215294510645,0.1696315685722713,0.06871509790314272,0.17348903458584522,0.03168052309257641,0.15107771911783005,-0.0421161242584219,0.24964492211563127,0.24972716693269087,0.2497443872068043,0.24781395834381362,0.24960891379571998,0.23275019410248096,0.24773664953573998,0.2289829209781898,0.24899631649218051,0.23593213187388237,0.24980750576596022
0.003663937503856464,0.003648113320188628,0.0024332332379380624,0.00360148000995637,-0.0007010227904500174,0.0029516424367696382,-0.01028492988337348,0.003238641606531773,-0.007299681294745973,0.0036972970686806185,0.0029568226444202515,-0.09403952498690928,0.07613417494979238,-0.041128373422587045,0.003989282680170343,-0.009999418484081252,0.010180063252869425,-0.014919009393679438,0.016470079166152344,0.0035642372021393253,0.003579708965635082,0.24999999999999986,-0.11571698943889179,0.10801376586480535,-0.09303061691899961,0.07519978996963811,-0.07931316503455142,0.06564120037926117,-0.05948020401472617,0.0035119271478375835,0.0035537668828256506,-0.055879798683674695,0.05761617606618479,-0.056819994535354135,0.07462669952858607,-0.0408633223695985,0.05798466106953562,-0.04101518973620586,0.05132195277814666,0.003654070705446017,0.003665799920888262,0.03493872534642897,-0.013630307326368853,0.02086593884052821,0.004001196919922262,0.007447263776719013,-0.009475671632750154,0.020416802580909933,-0.01471005060569692,0.0037154846459774775,0.0036963522191556307,0.003696781700978726,0.004164556742118934,0.0037305668426559,0.008086067573915971,0.003956358931423113,0.00801345671958531,0.003768754631316531,0.00634174102287219,0.003697604562499436
0.13016161202187382,0.1300432472202048,0.13018046744503248,0.13016415358471442,0.13017207673138873,0.1298569237695671,0.13356291900352696,0.13007938552321657,0.1337523829946268,0.13015716515741502,0.129800514260699,0.14486033778330654,-0.04874893829072564,0.1255203473769687,0.03791805380888095,0.10249960707139347,-0.0077005728479105934,0.10684960013422527,-0.034361892448002515,0.13015657499952368,0.12998497400810488,-0.11571698943889179,0.24999999999999972,-0.05682724578345376,0.16821971465893465,-0.012380752563385158,0.15300996493485375,-0.025844331061842293,0.13566575869973307,0.13009430874480413,0.13012977440292645,0.08851155762684329,-0.023988936222761173,0.11588475554548214,-0.061879126626755356,0.11948843007475585,-0.01845717082999343,0.10999695961823089,-0.02056719195855966,0.12990073104666594,0.12996801022726906,0.035965310089441205,0.026058523895425338,0.0659359303550017,0.03265453087985367,0.0844301575365189,0.027681426765736365,0.05735988220541683,-0.005744253113357583,0.13004858753770074,0.1301181347699696,0.13012690336605628,0.1285183956309902,0.1300111728517113,0.11562014036141188,0.12870354373889498,0.11356712945837708,0.12962621967143548,0.11938575108389848,0.13015992289034783
0.06285301635312115,0.06278666126615587,0.06162751545197469,0.06278966510454267,0.05820249793398069,0.06197960183532585,0.049139465931171744,0.06237121672984121,0.051499906578444755,0.06288757656687134,0.061896200675746506,-0.02860159254595365,0.0635620993484037,0.0015365877066639147,0.027188855901235837,0.03757107230060844,0.005853251078011825,0.02995203968980289,0.0007548770829101701,0.06274479086070603,0.06279178414991549,0.10801376586480535,-0.05682724578345376,0.2500000000000001,-0.06556553093704248,0.09780620561890357,-0.04590372170723665,0.07911693883379214,-0.02310416245233054,0.06259916862097083,0.06267241759967704,-0.03567293971290466,0.06630021766867367,-0.02529011984752334,0.07313313853346187,-0.001809519432225735,0.0696896645806652,-0.006625990749656543,0.06038049326110892,0.06272449006221419,0.0627628006893725,0.06225846017232556,-0.005298964003318683,0.05728308654345582,0.02021343204947088,0.047534705202354074,-0.0014313480029706407,0.053501756359006766,-0.023120274888237872,0.06286394091084954,0.06286892409150042,0.06287341354786274,0.06278034703629194,0.06286652207371272,0.06231070779881946,0.06257612609857656,0.06134727773245953,0.06274079485486385,0.06163796601913326,0.06288920869823211
0.12130673978997725,0.12119105251753533,0.12126377574385894,0.12130362313028582,0.12117352788006155,0.12096775345396085,0.12360866393410709,0.12119877081873195,0.12569127868586186,0.1213018988576905,0.12092994381018282,0.12795319537790145,-0.04132151153511004,0.11834702112532551,0.029519470983550185,0.0991138086874274,-0.018167358448403493,0.1109127029002231,-0.04141878031204202,0.12130269007404434,0.12113136507124511,-0.09303061691899961,0.16821971465893465,-0.06556553093704248,0.25000000000000006,-0.03216644012792764,0.16460508509059976,-0.04111060657319205,0.14337093638466802,0.12127665967512126,0.12130706613789335,0.09583110084261881,-0.031993042377793476,0.12391943557511371,-0.07956882962207527,0.12315714481846966,-0.032382014341487624,0.11342593467175206,-0.032573070338918736,0.12104175461923616,0.12113256257900183,0.02405911741395974,0.028538363123564447,0.05579600856867376,0.0307793283244773,0.07606059723220186,0.030786102013399177,0.0475446588431605,-0.0004632015419267817,0.12119281182323563,0.1212655001927082,0.12127363324414918,0.11962645917430816,0.1211558242431221,0.10640688677092229,0.1198564329102984,0.10441164754594903,0.12078124884991724,0.11043015941979008,0.12130443064126628
0.09636132336322371,0.09628023148527447,0.0952825075757752,0.0963054414481912,0.0915025848842941,0.09548868066632227,0.0837237828001503,0.09589413051857854,0.08486626348186974,0.09639664121145798,0.09539680294959531,0.014190115550266981,0.03658356528169433,0.04874707132238746,0.04531145925604316,0.029689455108072742,0.034489875707682936,0.042802107070047786,0.0030707847941639074,0.09624042197158295,0.09631968195435553,0.07519978996963811,-0.012380752563385158,0.09780620561890357,-0.03216644012792764,0.24999999999999994,-0.032975331625175776,0.09084181811525165,-0.008026529302828444,0.09605496572494943,0.09614482514093568,-0.03927213756963064,0.08279438487128156,-0.019428808228133903,0.08507211759307341,0.011320372110912892,0.08642080069508332,0.004765595944775804,0.07511357535671714,0.09618218627891319,0.09620984371120406,0.08726860002592654,-0.007067700893858947,0.08202284573096781,0.029786785782634353,0.0712385093513077,0.0025853785723438365,0.0753708559999574,-0.029665631499137562,0.09635719684660175,0.09636809491672954,0.09637490847294028,0.0960824757426065,0.0963565427260486,0.09412558250847701,0.09587729741587869,0.09281101589927483,0.09616503313398582,0.09376445045596019,0.09639915901359422
0.12031227570322232,0.12019533704164838,0.12018760981358644,0.12030389257808244,0.11987494022668362,0.11991985422027132,0.12152949154837242,0.12017180732882868,0.12425609572014173,0.12030919065268467,0.11989266701700826,0.11891562883053464,-0.034904248250368836,0.11462629037459457,0.027412151852167204,0.09910227266038728,-0.023847719427494175,0.11657042291772882,-0.04618249219380052,0.12030829025657319,0.12014364629462633,-0.07931316503455142,0.15300996493485375,-0.04590372170723665,0.16460508509059976,-0.032975331625175776,0.2500000000000001,-0.05190607031757936,0.15453210779065255,0.12025181923707542,0.12032405883791195,0.09864436387206175,-0.02944797589809743,0.12493797515100194,-0.07916667869191833,0.1258823869534048,-0.037860465563551896,0.11800524163848723,-0.03869573980852893,0.11999809730683104,0.12014264527778432,0.0225602092158329,0.02941424613575341,0.055661713754260704,0.027013258781924534,0.07717764821302496,0.027924438214972556,0.04700906905093964,-0.0008754543828214317,0.12019435738084158,0.12027310490004527,0.12028114874659418,0.118615322950506,0.12015696957911823,0.10511157992108644,0.11879951419695178,0.10275299233041821,0.11976762226662899,0.10902032651163783,0.12031171056470984
0.07759211474612837,0.07753307514892988,0.07672581184821897,0.07755002234560758,0.07385931984732073,0.07691687332237723,0.06609983754125942,0.07722378232537291,0.06619849697168204,0.07762391051844006,0.07679742225609143,0.010396346783809643,0.02664193988532725,0.042603354866365815,0.023735480820939098,0.04979901198266604,0.03448075746886373,-0.0019174862263099796,0.028537083585736357,0.07745946404250531,0.0776608329935881,0.06564120037926117,-0.025844331061842293,0.07911693883379214,-0.04111060657319205,0.09084181811525165,-0.05190607031757936,0.24999999999999992,-0.04418307796584583,0.07736001476663575,0.07738405727912157,-0.05256953907086318,0.08475726358004187,-0.034882062843570726,0.0915420656825653,-0.005797165230898197,0.08993518319627541,-0.01272193967621754,0.08322442316721188,0.07747655299483198,0.07746162243482446,0.08448566885153998,-0.012796873341715866,0.07312715708932639,0.02567397495899208,0.058978857400552955,-0.0014217555743590334,0.06817016133618915,-0.029526648968810625,0.07760472336643807,0.07760095816572642,0.07760651804034362,0.07757475508891075,0.07761006495324388,0.07783263957359766,0.07737057375398794,0.07703590238720422,0.07748755657982764,0.07693455800598696,0.07762599707573802
0.12782643068029706,0.1277045728571754,0.12749801793097687,0.12780834991187157,0.12653171788559173,0.12730402206643224,0.12644558585160495,0.12760985445823975,0.12885573798006886,0.12783084164218644,0.12725293644033187,0.11044406389317671,-0.023703341317785228,0.11225284425012115,0.03353992055142177,0.1002781882933282,-0.018407663496252547,0.11498802699499495,-0.04195336679086282,0.12780179336252911,0.12767012906529415,-0.05948020401472617,0.13566575869973307,-0.02310416245233054,0.14337093638466802,-0.008026529302828444,0.15453210779065255,-0.04418307796584583,0.24999999999999994,0.12736439423834964,0.12778823595624994,0.0896741238261962,-0.01643017493557783,0.11691995158371547,-0.062181497223112156,0.11899654240545375,-0.02566768186325767,0.12142040671329306,-0.04359923387322001,0.12748658938952417,0.12764866623304222,0.02916312247481738,0.02748078960138757,0.06311194169239107,0.026203711490258828,0.08577251566324884,0.027548900885938792,0.05036455079031464,-0.00081382896201517,0.12771197588825334,0.1277926004395367,0.12780112120791262,0.12611917110067095,0.12767108573690308,0.11213566211922342,0.1262608714885383,0.1094353273447138,0.12726835684648405,0.11592314205518041,0.12783360811620326
0.24944468410926177,0.2492260312711583,0.24799561967973102,0.24937237036919874,0.2433213695471209,0.2479987098183972,0.2340503875559395,0.24873926595826432,0.2370266799128381,0.2494885757772962,0.24778215587099764,0.1489284191557534,0.0038273410897633484,0.18581520547380137,0.07531301923792151,0.17800913954927927,0.002307680071289053,0.16721448846395526,-0.038847896907517186,0.24927836343768564,0.2493044089234273,0.0035119271478375835,0.13009430874480413,0.06259916862097083,0.12127665967512126,0.09605496572494943,0.12025181923707542,0.07736001476663575,0.12736439423834964,0.2499999999999998,0.2491455947579054,0.030047871766518547,0.09420825769972999,0.08470755987943716,0.04675804180460113,0.1312601498124502,0.08856348446910002,0.11483725522504079,0.07276546035362083,0.24894043148401013,0.24906418315721512,0.14789103302643727,0.013736334779454377,0.1693228361638327,0.06862844462818261,0.1732367413482283,0.03166835226784708,0.15081768174938234,-0.042019657318775785,0.24933192187399397,0.24941422736973892,0.2494314254467916,0.24750093543149054,0.2492958860966541,0.23243438790237753,0.24742391704709707,0.22866877072836803,0.2486835469871497,0.23561941514145215,0.2494944653798662
0.24959804832604554,0.24937926288493015,0.2481479737905678,0.2495256820498472,0.24347032735430188,0.24815110306432683,0.23419159254929484,0.24889214318292024,0.23717178675067033,0.24964197089014423,0.2479344684319793,0.14900377722343375,0.003836525468767005,0.18593138462036043,0.07534712153413083,0.17812187302128016,0.0023044343909015253,0.16731516524865703,-0.03887084714259701,0.24943159793184116,0.24945771973138373,0.0035537668828256506,0.13012977440292645,0.06267241759967704,0.12130706613789335,0.09614482514093568,0.12032405883791195,0.07738405727912157,0.12778823595624994,0.2491455947579054,0.25000000000000017,0.02977634294394377,0.09432051045694076,0.08468572233824623,0.046855205744531225,0.13127810518325245,0.08866804910261418,0.1149190321517509,0.07278982233881617,0.24909380520004826,0.24921729284342978,0.14801155317811826,0.013714258606686184,0.16945368701467164,0.06864054116988433,0.17337948238408554,0.031660550106131134,0.15091640915498353,-0.04204788546133718,0.24948528519608157,0.24956757695021337,0.24958478547341426,0.24765363657774866,0.24944920608961837,0.23258159280910967,0.2475766584185662,0.2288150934338034,0.2488366552283756,0.23576706330124597,0.24964786422095217
0.029874280735597725,0.029835353812861756,0.030044230854211866,0.029880304989604253,0.030779593371693965,0.029872345559543954,0.034079324577673265,0.02990842447940097,0.0353988888187072,0.02986255013268802,0.02990276025562239,0.04697132458917534,-0.01905951251538483,0.035022200978592835,0.006680038010876362,0.02715964715986653,-0.01702598855719565,0.048813092193007904,-0.025905145381581885,0.029913897977915167,0.029758557733713477,-0.055879798683674695,0.08851155762684329,-0.03567293971290466,0.09583110084261881,-0.03927213756963064,0.09864436387206175,-0.05256953907086318,0.0896741238261962,0.030047871766518547,0.02977634294394377,0.2499999999999999,-0.12481424266567931,0.12197928474569321,-0.11333993051130292,0.0915890522274047,-0.08281724689144171,0.0860225007953111,-0.07502865321586562,0.02969279757108743,0.029892996978294457,-0.0690983331127264,0.05580510687987488,-0.020905776342312728,0.005343953948996784,0.010650533529349934,0.013430622870042852,-0.011403478955529206,0.014080289045337218,0.029776661541698873,0.029853461923199574,0.029855248965290144,0.028480170269955262,0.02974368338903771,0.017511047689491924,0.02869816276985692,0.016116982732113018,0.029472264275630555,0.021267195753219025,0.02986299104127575
