x1,x2,x3,x4,x5,x6,x7,x8,x9,x10,x11,x12,x13,x14,x15,x16,x17,x18,x19,x20,x21,x22,x23,x24,x25,x26,x27,x28,x29,x30,x31,x32,x33,x34,x35,x36,x37,x38,x39,x40,x41,x42,x43,x44,x45,x46,x47,x48,x49,x50,x51,x52,x53,x54,x55,x56,x57,x58,x59,x60
0.25000000000000006,0.24751054072849857,-0.06818874837785487,0.24673792498851052,-0.07454367581341705,0.2475751380409176,-0.1095523078960708,0.24780170916429417,-0.1729436163410112,0.24818046241214778,0.04881527651960929,-0.05933663019919693,0.06230249767272522,-0.07414448678347715,0.06934890760255885,-0.07929093390743147,0.10217615735553057,-0.14731276031483811,0.15858227555892707,-0.14011379319110234,-0.040692841349414234,0.053679971744764306,-0.06583034509487057,0.06473056432963385,-0.056842758432559835,0.05450724754256788,-0.05447765745752682,0.10281146519559131,-0.107788347165391,0.15424414237853157,0.07190935722057971,-0.06977250881530397,0.06490382082859793,-0.06008072638249147,0.05349523874427034,-0.036272054575042345,0.04348123337878092,0.025652044888706843,-0.027714718581818162,0.13438644951417106,-0.06764376063503394,0.06301765744878116,-0.057163361585583175,0.05257836344021977,-0.02863726913965115,0.010579659115307382,0.021463998741855485,-0.07167281201064453,0.10538101529771933,-0.10841096452583653,0.24676184684380784,0.2474659147911671,0.04471737992061661,0.2462953975630451,0.017945361793791012,0.24627908017549613,-0.032147770193369236,0.24731606380325194,-0.12684629649027854,0.24818187399790517
0.24751054072849857,0.25000000000000006,-0.0705671999964897,0.24788334686022978,-0.07641279264747261,0.2487172555556225,-0.11110478177444331,0.24894151060080685,-0.17389069307928312,0.2493266150218078,0.05114585572464048,-0.061681042462833596,0.06464615532692493,-0.07639024796609667,0.07123481149485911,-0.08103435564476018,0.10373366715693456,-0.14847436341383607,0.15961439233400573,-0.141261857378747,-0.04277098257861611,0.05590742015846428,-0.06798871096834617,0.06687896670851527,-0.05886189695484058,0.05626830014404048,-0.05618387524201909,0.10417598959223122,-0.10915268515734017,0.15532983304134956,0.07402990863827155,-0.07190130476191309,0.06705305599835291,-0.062150882795451806,0.055482555340625545,-0.038026903430442904,0.04514808572891567,0.024731318260099333,-0.026813843974972024,0.13456948741010633,-0.0696614015472453,0.0650648195352255,-0.05917357882847869,0.05457547646341176,-0.030367570283004783,0.012075056667669254,0.02044157456375972,-0.07121642572641632,0.10526802255574795,-0.10833243716293431,0.24791417578212155,0.2486047498533624,0.04659809742764217,0.24742186095830024,0.019565007863283912,0.24740579049807113,-0.03123022371319216,0.24845415104802387,-0.12695116566186274,0.249328025342762
-0.06818874837785487,-0.0705671999964897,0.24999999999999997,-0.07140763027018039,0.19886216364756845,-0.07006671727537739,0.1540861942499687,-0.06959540823279885,0.07873517756559398,-0.06996338327652665,-0.22852247539761378,0.23895303539842075,-0.24197242588271056,0.23055017594450541,-0.20315705775009257,0.18451007432870944,-0.15692327893799513,0.1068496977687545,-0.0907781982595754,0.10768802046199104,0.21396404421198204,-0.22762631882776854,0.2223731080331403,-0.22152228007486913,0.21282544256067898,-0.1902502696324395,0.18413331557995216,-0.1388811635918952,0.1379751201843292,-0.09911212325386193,-0.21695256941933705,0.21833891733722194,-0.22163764773247285,0.21583502256216874,-0.21015473895502274,0.1926269921770999,-0.18216930660184696,0.1136593698758675,-0.11189295133957848,0.013451152763584422,0.20752720109264933,-0.21183443812886749,0.20956332087067378,-0.20968203498201782,0.18702275488738565,-0.16923514858602637,0.12345089468510322,-0.0715641994183803,0.04036004799755331,-0.03714507983496287,-0.07097143634779557,-0.06932080449811283,-0.19794349577301742,-0.0682097108325398,-0.1770514958240216,-0.06820338022499252,-0.11401185478837336,-0.06924582959851185,-0.02057968818408401,-0.0699627551482061
0.24673792498851052,0.24788334686022978,-0.07140763027018039,0.24999999999999997,-0.07752505174526277,0.247975414773173,-0.11136558409394212,0.24816759645993625,-0.17368300376998635,0.24855274438215977,0.05202909402489567,-0.06256967581747791,0.06553554542189334,-0.07737536187793242,0.07230056443102699,-0.08183374662248571,0.104062595564633,-0.14845669081581186,0.1594985309427283,-0.14137069496106952,-0.04367231212411496,0.056816602952287715,-0.06896895413679266,0.06785948169819576,-0.05983497489014608,0.05708235591383147,-0.05696935054539542,0.1045808515887297,-0.10953902512741714,0.15536467573366547,0.07495514983402873,-0.07284517430777865,0.06803388025254259,-0.06312430001895887,0.05645809243641628,-0.03899219569584261,0.04598869007639915,0.023960273775676125,-0.026043192003335297,0.13387168649755643,-0.07055334885893183,0.06600418201232415,-0.060126401411686264,0.05554922736981196,-0.03132625477721341,0.013024986178253078,0.019627742726690357,-0.0704742398934899,0.10454942929970161,-0.1076186011807293,0.24715285461179476,0.24783053002807534,0.04754207473381133,0.24664672269004292,0.020516095934477216,0.24663061306339495,-0.030420806796981458,0.2476802603533253,-0.12624694700251807,0.24855414047178295
-0.07454367581341705,-0.07641279264747261,0.19886216364756845,-0.07752505174526277,0.25000000000000006,-0.07669808467060643,0.20020063125696802,-0.0760352199160125,0.1215287239399416,-0.07608646460337433,-0.19300652665400966,0.20271998796222723,-0.2057262508417606,0.21752260927236003,-0.24468208997368168,0.2260184486235615,-0.2029974708193763,0.15080190684131778,-0.13455775969936398,0.14831667770288684,0.18339733300506467,-0.1970213831834323,0.20899262360359921,-0.208121110541813,0.21254911852488356,-0.212007255649205,0.20608939993816966,-0.167576182892181,0.16742423165997378,-0.13941112619046625,-0.20456783716587992,0.2057853933291943,-0.20847112064524387,0.20912488890413744,-0.21030958822543916,0.20768935525454546,-0.20273480303871672,0.12835907084513723,-0.12644818450764816,0.01864900962873086,0.19888627242155266,-0.2027232816962407,0.20198599311409798,-0.20371861419523452,0.1860386562690647,-0.1825114042200059,0.13581359995118658,-0.08223174040864754,0.048078532523348365,-0.0445865461007844,-0.0769912251429305,-0.07546052803573199,-0.18997692756080098,-0.07432427718496153,-0.1755435355254864,-0.07418830494572311,-0.12544641978971963,-0.07528776440286154,-0.026413670425656174,-0.07608554865015063
0.2475751380409176,0.2487172555556225,-0.07006671727537739,0.247975414773173,-0.07669808467060643,0.24999999999999994,-0.11161524658408326,0.24899987785736738,-0.1743098398525773,0.24938425513805476,0.05080513052015653,-0.06133272526639341,0.06429840265661398,-0.07614206003492545,0.07147790439110138,-0.0813646382322191,0.10421300130952672,-0.1488886945887521,0.1600369469677362,-0.14162620954817817,-0.04244040060729803,0.055580289283665305,-0.06773617077678103,0.06662647722594665,-0.05877095870241929,0.056477858142026216,-0.05639439722015239,0.10442493394368257,-0.10940745025538917,0.1556925140700922,0.07378865694481325,-0.07165682467313432,0.06680303697336142,-0.0619804313604851,0.05539629107834432,-0.038124218502669185,0.04533368162857167,0.02459285242353311,-0.026676598741361232,0.13450685870443269,-0.06946894604280272,0.06486440494374686,-0.05899353320485705,0.054416126000599724,-0.030275910315628922,0.012159798099486339,0.020338536151572932,-0.07111047222101191,0.10518552007088873,-0.10825188602214539,0.24797009978266904,0.24866283256049115,0.046417762080862145,0.24748005208023227,0.019470796039150584,0.24746243804592652,-0.031134964859403116,0.24851103099729602,-0.12688378267110068,0.24938566410413426
-0.1095523078960708,-0.11110478177444331,0.1540861942499687,-0.11136558409394212,0.20020063125696802,-0.11161524658408326,0.24999999999999978,-0.1113871811406582,0.1670270854138502,-0.11101255000834492,-0.14677889782204204,0.15611353460297486,-0.15911966093313684,0.17091547746686883,-0.19680111107652326,0.21456709381381003,-0.2424144345937513,0.18957319938764847,-0.1782856157344901,0.1739058305627172,0.13691652816229777,-0.15040613754619644,0.1624105190529675,-0.1615190159712713,0.1695915993750922,-0.1912903265101667,0.189936417627951,-0.16776474925807333,0.16874264072397227,-0.16677306944215037,-0.16078773321039846,0.1611608518412251,-0.16191761118751202,0.16472942483739508,-0.1680057951411684,0.1714591588618566,-0.18073485781924803,0.10740772797083645,-0.10546417333692243,-0.0023343930758787587,0.15764097368708618,-0.15925274577562876,0.15835248068607832,-0.1595953001734148,0.1443866820529438,-0.1463702434186837,0.1103226506639036,-0.061101561863084464,0.026987700472128152,-0.023666102495124023,-0.11137537627121054,-0.11040815629252942,-0.14660236844404417,-0.10930560796872095,-0.13405498200985239,-0.10912515079035799,-0.09973877474875525,-0.11016096573859746,-0.005288160020289321,-0.11101177705653392
0.24780170916429417,0.24894151060080685,-0.06959540823279885,0.24816759645993625,-0.0760352199160125,0.24899987785736738,-0.1113871811406582,0.24999999999999994,-0.1746992052551261,0.24961125681400345,0.050259665047995714,-0.06077977980959708,0.06374535990958959,-0.07558910039822006,0.07089573110431185,-0.08100089582050353,0.10399032387422412,-0.14909342688906924,0.16033661359696003,-0.14186294163742197,-0.041889497604195226,0.055027354662597464,-0.06718358453175957,0.06607413145802253,-0.05831444672970877,0.05615600159762687,-0.05618782059646874,0.10452946739975479,-0.10952770320808601,0.1560184976841791,0.07326446441426651,-0.07112360759391023,0.06625206577008719,-0.06148555251151511,0.054963996741219934,-0.03785972025868417,0.04511944251049284,0.024792234315775055,-0.026876095376418843,0.13470610171253683,-0.06898928119054146,0.06436424197163335,-0.05850380209579374,0.05393292448785832,-0.029861444494990903,0.011899193517578857,0.02056879721764863,-0.07131023576057732,0.10538501466011492,-0.10845080962591325,0.24819168533804464,0.24889054580125092,0.04593507060614767,0.24770859218425936,0.019060581592904996,0.24768973611998926,-0.03136561688856606,0.24873793120900256,-0.12708323113941894,0.2496126676007212
-0.1729436163410112,-0.17389069307928312,0.07873517756559398,-0.17368300376998635,0.1215287239399416,-0.1743098398525773,0.1670270854138502,-0.1746992052551261,0.25000000000000017,-0.17433098508938882,-0.06758027255409271,0.07631557495333156,-0.07929967127800844,0.09110989826870089,-0.11779125725648314,0.13722635643434006,-0.16362440604572276,0.21746188020964952,-0.23507978875841254,0.21626540205002578,0.05954883559207113,-0.07256784739102481,0.08463656359881996,-0.08370740622953028,0.09481107563387803,-0.11894850227424694,0.1263816992632468,-0.17479031974553957,0.1794920564983258,-0.22536393539852173,-0.08861073289170093,0.0873494843490904,-0.08414239859483473,0.08906278597836131,-0.09396118763149679,0.1025205541450101,-0.11562918977701742,0.04682903207151082,-0.044872823381736635,-0.06115807831592575,0.08860211849795943,-0.08647735591968217,0.08451389414361124,-0.08405003624446494,0.07119930554444576,-0.07782310903788889,0.04735578568336218,-0.0011678952737848589,-0.032351280893359355,0.0354695657042538,-0.17367399751263857,-0.17374768529459308,-0.07319177449552923,-0.1726981942819358,-0.061189927906933346,-0.1724829294001978,-0.0368127788097271,-0.17346912197532463,0.053698754106972314,-0.17432979960170572
0.24818046241214778,0.2493266150218078,-0.06996338327652665,0.24855274438215977,-0.07608646460337433,0.24938425513805476,-0.11101255000834492,0.24961125681400345,-0.17433098508938882,0.2500000000000001,0.050587547926611964,-0.061127678413647205,0.06409318893186816,-0.07593690193568328,0.0708659905183011,-0.08075433492323851,0.10360578828085071,-0.14871180867602019,0.15995528755602065,-0.14148126190335314,-0.042235728756793524,0.0553750569816852,-0.06753151541411917,0.06642048913141722,-0.058401567332277485,0.05586693582873949,-0.05580399026325515,0.10414680032962664,-0.10914629568694693,0.15563737855230939,0.0736126878719863,-0.07147208346863937,0.06659486381830823,-0.0616932334460438,0.05501877356414485,-0.03755576324359809,0.044735079049015566,0.02517628456659865,-0.027260647289745463,0.13509094596070642,-0.06925791071627688,0.0646313839023737,-0.0587257049062864,0.054110140414273936,-0.029887043494901545,0.011584935880998098,0.020902464808835272,-0.0716947624818823,0.10576964174200938,-0.10883485577565188,0.24857591846920724,0.2492741355029995,0.04614189722378866,0.24809052404274728,0.019077317359370058,0.2480744189994326,-0.031699921758757486,0.24912323301029687,-0.1274678987375351,0.2499979748091785
0.04881527651960929,0.05114585572464048,-0.22852247539761378,0.05202909402489567,-0.19300652665400966,0.05080513052015653,-0.14677889782204204,0.050259665047995714,-0.06758027255409271,0.050587547926611964,0.2500000000000002,-0.23928951253127664,0.23617401866942386,-0.22450525756171155,0.19782686965224722,-0.17872275930207823,0.15001052806656112,-0.097151597202391,0.08047667464495202,-0.09837668887628155,-0.21552958504283282,0.22834989405666736,-0.21706778113433897,0.21629514135167258,-0.20800295639161676,0.185538111294796,-0.1794151411008772,0.1314826297005957,-0.1302540559257284,0.08889592633878193,0.21124200643815816,-0.21276757135723018,0.21639066066140913,-0.2108523318518975,0.20556095564789967,-0.18907170618830363,0.1781984876332014,-0.11531691161226451,0.11371261679367402,-0.023912442093489604,-0.20206365472854407,0.20672581024272083,-0.20485966509786274,0.20527512532462544,-0.18440523268461273,0.16774883954404762,-0.12475759201314515,0.07694562410765196,-0.04847148631013089,0.045505230582395584,0.05170604040807555,0.0500009293602738,0.19423108043066956,0.048983083252093954,0.1752899314758779,0.0489806551111306,0.11617836077948428,0.049938800935416416,0.03042822018342491,0.05058677011734924
-0.05933663019919693,-0.061681042462833596,0.23895303539842075,-0.06256967581747791,0.20271998796222723,-0.06133272526639341,0.15611353460297486,-0.06077977980959708,0.07631557495333156,-0.061127678413647205,-0.23928951253127664,0.25,-0.2467865318933106,0.2351269699767265,-0.20752210972976926,0.18812325068296948,-0.15920784240392674,0.10602963443404606,-0.08913446047200989,0.10702563944241714,0.22460677950680064,-0.2383686834194717,0.22709177576006995,-0.22625405112948954,0.21748598041823727,-0.1942942708498662,0.18795089645137017,-0.14001541740823148,0.13891918562841193,-0.0977261685485314,-0.22127361921176475,0.2227774041413912,-0.22635907232934455,0.22050098675131172,-0.21484059871044475,0.19726855319221273,-0.18629545469692077,0.11868686737420313,-0.11695151805574039,0.020116712292859943,0.211643034282396,-0.2163080261961347,0.21418266281124798,-0.21446627482382538,0.19204547607423383,-0.17426600922787178,0.1285969271386051,-0.07729406674020108,0.04659351626548959,-0.04341235334324676,-0.06223611896961076,-0.060495080144209415,-0.20273323199455873,-0.05939945694832896,-0.1822241004568117,-0.059395388118206695,-0.11932818658784407,-0.060424739952516016,-0.027135643811928324,-0.06112691840504048
0.06230249767272522,0.06464615532692493,-0.24197242588271056,0.06553554542189334,-0.2057262508417606,0.06429840265661398,-0.15911966093313684,0.06374535990958959,-0.07929967127800844,0.06409318893186816,0.23617401866942386,-0.2467865318933106,0.2500000000000001,-0.2380273987563725,0.21042415965132955,-0.19102408912250307,0.1620963644722236,-0.10892336583154183,0.09202586264397432,-0.10989927735066332,-0.22153907022145777,0.2353187076627725,-0.22979930077695604,0.22895060740601716,-0.22020326511114136,0.19712069570397173,-0.19080054521259754,0.14285146053601988,-0.14178867721464003,0.10061707567857141,0.22397002972341887,-0.22549376041514246,0.22906638768812093,-0.22320581784142068,0.2175392386733941,-0.19992163523166753,0.18902660849116587,-0.1200119541506483,0.11824229442176454,-0.01926050590675924,-0.2142883458035738,0.21895185130955425,-0.21678019328490894,0.21705509550062252,-0.19427918524947105,0.17641625465759447,-0.12999166263621578,0.07769792803792612,-0.04631957316406214,0.043073401760556795,0.06519866802995793,0.06344794873556514,0.2050936166492408,0.06232996961102073,0.18425104181109422,0.06232341771163008,0.12051284663839266,0.06337354031521046,0.02643091471667827,0.064092428002683
-0.07414448678347715,-0.07639024796609667,0.23055017594450541,-0.07737536187793242,0.21752260927236003,-0.07614206003492545,0.17091547746686883,-0.07558910039822006,0.09110989826870089,-0.07593690193568328,-0.22450525756171155,0.2351269699767265,-0.2380273987563725,0.25000000000000006,-0.22232565420751307,0.2029375253822124,-0.1739903738045541,0.12084186889161298,-0.10394139925847848,0.1217483390450319,0.21568307561806468,-0.22941756075324896,0.24131911717981774,-0.2403940219903105,0.23173854572318747,-0.20885284468635207,0.20261590885039274,-0.15456773441414748,0.1536472117512821,-0.11251818817351647,-0.23543221688965943,0.23702063629804396,-0.24057185640682227,0.23469415718339148,-0.2289988395720698,0.2111448876573078,-0.20039367996666885,0.1255713202071264,-0.12365515213328145,0.015880631010692477,0.22550080020917934,-0.23017830132577038,0.2278205606181168,-0.22806651439605302,0.203817005448507,-0.18557665596036,0.13591517366688835,-0.07948524574251502,0.045328722621159834,-0.041813748967785176,-0.077034903091797,-0.07523965591847795,-0.21515875279507546,-0.0740297532433776,-0.19293856044188645,-0.07401317344345763,-0.1255778877699977,-0.07514946344123208,-0.0236749876613477,-0.07593615026446128
0.06934890760255885,0.07123481149485911,-0.20315705775009257,0.07230056443102699,-0.24468208997368168,0.07147790439110138,-0.19680111107652326,0.07089573110431185,-0.11779125725648314,0.0708659905183011,0.19782686965224722,-0.20752210972976926,0.21042415965132955,-0.22232565420751307,0.25000000000000006,-0.23033949861082054,0.20136538357233766,-0.14818422994120253,0.13128419922207826,-0.14751095726792893,-0.18819788622440603,0.20182919883989886,-0.21379929787914068,0.21293427161856426,-0.21743040512026654,0.21700312043288097,-0.2109170504808468,0.1700489994200191,-0.16971321905725942,0.1383279159064544,0.20902539643436224,-0.21035060356870822,0.21328528138237757,-0.21395181240611313,0.21520857922592285,-0.21267247747525397,0.20763717152644715,-0.13319801570173426,0.13129393964360306,-0.023572754930782366,-0.20321164629371713,0.2073140158501947,-0.20669599078814693,0.20858535191265787,-0.19095826215638434,0.18752722770731706,-0.140693610209217,0.08711190587393151,-0.052981346669670644,0.04948238629024791,0.07184556071190425,0.0702417174078152,0.19469704224141066,0.06910594032639292,0.18047095442690603,0.06896930476131216,0.13034112157716113,0.07006867837472872,0.031331748600765014,0.07086501824224786
-0.07929093390743147,-0.08103435564476018,0.18451007432870944,-0.08183374662248571,0.2260184486235615,-0.0813646382322191,0.21456709381381003,-0.08100089582050353,0.13722635643434006,-0.08075433492323851,-0.17872275930207823,0.18812325068296948,-0.19102408912250307,0.2029375253822124,-0.23033949861082054,0.25000000000000006,-0.2209387667968301,0.16771632381141144,-0.15081462859479106,0.16583563875453086,0.16882170474481945,-0.18242711728231617,0.19441427451262652,-0.19355472678809418,0.20227059450802903,-0.22506785613766908,0.21936208488047593,-0.1840413076000132,0.18377337813006292,-0.15679675369952695,-0.19054654565002066,0.19158401609117717,-0.19395884338677005,0.19669429291606766,-0.20000400633529103,0.20201788871396065,-0.21050593496496078,0.1365200908628962,-0.13460859577156226,0.026790212322413572,0.18643559822335387,-0.18969312444860603,0.18945085864384595,-0.19163604075458124,0.1759729689904288,-0.17695846665880624,0.13993641824528516,-0.09025095751623738,0.056118480626832806,-0.05274203214530555,-0.08158060777569774,-0.0801499387510315,-0.1776387008301898,-0.07903650027807829,-0.16559626269149924,-0.0788638710559801,-0.1293883719053802,-0.07990671603182656,-0.034411641769731126,-0.0807533157845228
0.10217615735553057,0.10373366715693456,-0.15692327893799513,0.104062595564633,-0.2029974708193763,0.10421300130952672,-0.2424144345937513,0.10399032387422412,-0.16362440604572276,0.10360578828085071,0.15001052806656112,-0.15920784240392674,0.1620963644722236,-0.1739903738045541,0.20136538357233766,-0.2209387667968301,0.2499999999999999,-0.19382736223023056,0.1768316925515886,-0.1740465532072219,-0.1400593415365619,0.15352547506960096,-0.16550719406412884,0.16463151795623787,-0.17408040334866448,0.19780457279553207,-0.1965704741126715,0.17351814634383586,-0.1739808598462057,0.16503883687908488,0.1634770893887636,-0.1639542868196273,0.16504815450773375,-0.16853413627813663,0.1726121740167926,-0.17778180269678767,0.1874190753120979,-0.1142169739744186,0.11228690672431998,-0.004748991540080898,-0.16058924123728954,0.16247873667406237,-0.16194319290628312,0.16359037259007242,-0.14916340689014632,0.15281541610303903,-0.11689726936839925,0.06803153347520043,-0.03399841929073694,0.030673743204405662,0.10405114157548091,0.10301196030782847,0.15029339802046163,0.10191924540295037,0.13889761105885062,0.10172565745710321,0.10634676203829932,0.10275621935847873,0.012350303754245293,0.10360473198016794
-0.14731276031483811,-0.14847436341383607,0.1068496977687545,-0.14845669081581186,0.15080190684131778,-0.1488886945887521,0.18957319938764847,-0.14909342688906924,0.21746188020964952,-0.14871180867602019,-0.097151597202391,0.10602963443404606,-0.10892336583154183,0.12084186889161298,-0.14818422994120253,0.16771632381141144,-0.19382736223023056,0.25,-0.23179711118423146,0.2190675781996268,0.08857673664513342,-0.10193071650505467,0.11399353141737391,-0.1130816312297407,0.12460939587437325,-0.14938124779651907,0.15678342167947806,-0.20541738984530644,0.2067083305606173,-0.20995317919928,-0.11576443473592699,0.11503840143752328,-0.11352704793938319,0.11852192569223964,-0.12381611571191543,0.13270652518179932,-0.14600714705473206,0.07597124732108754,-0.07401871388828632,-0.03380852682197606,0.11495030174625685,-0.11426998646534108,0.11305010527839551,-0.11360180354863823,0.1006489430243374,-0.10766452944858779,0.0765213013349879,-0.029575379189845596,-0.0045209126430273035,0.0077355131479045856,-0.14846781903990316,-0.14812504108743885,-0.10153770282991346,-0.14705403705825854,-0.09046484103279327,-0.14683283601798466,-0.0658241947031563,-0.14783599507477718,0.026235575339259257,-0.14871055154508228
0.15858227555892707,0.15961439233400573,-0.0907781982595754,0.1594985309427283,-0.13455775969936398,0.1600369469677362,-0.1782856157344901,0.16033661359696003,-0.23507978875841254,0.15995528755602065,0.08047667464495202,-0.08913446047200989,0.09202586264397432,-0.10394139925847848,0.13128419922207826,-0.15081462859479106,0.1768316925515886,-0.23179711118423146,0.25000000000000006,-0.2302937101800507,-0.07245795005751865,0.08551857660485217,-0.09758268182684325,0.09667120412998749,-0.10821674293566654,0.13299688568584592,-0.14074730319814946,0.18930818311213168,-0.1922136899753155,0.21598105765943243,0.10044469751395788,-0.09944988305550218,0.09711324803970099,-0.10221874193000774,0.10749370977883482,-0.1167282940301579,0.13003549820955632,-0.06121578209005924,0.05927824554948533,0.046761575928658886,-0.1001619066669649,0.09875272331339961,-0.09723742404347853,0.09733969177819224,-0.08478351314704069,0.0920811261491933,-0.06164055273616133,0.015569301455962534,0.017956931859074904,-0.021096509477036618,0.1595046971418901,0.15937755173716625,0.085939101121771,0.15832880117978296,0.0747849893560999,0.15810806562543778,0.051108047482222106,0.15909307177088186,-0.03930919813854439,0.15995386417844387
-0.14011379319110234,-0.141261857378747,0.10768802046199104,-0.14137069496106952,0.14831667770288684,-0.14162620954817817,0.1739058305627172,-0.14186294163742197,0.21626540205002578,-0.14148126190335314,-0.09837668887628155,0.10702563944241714,-0.10989927735066332,0.1217483390450319,-0.14751095726792893,0.16583563875453086,-0.1740465532072219,0.2190675781996268,-0.2302937101800507,0.24999999999999972,0.09064926077630817,-0.10378152474481366,0.11574607066845909,-0.11485451142830236,0.12635322567142288,-0.15106929000204067,0.1588456397256488,-0.2069175107941479,0.2098091416635798,-0.23402082729955273,-0.11775923643950048,0.1171304634473284,-0.11529719476463243,0.12031282133696491,-0.12571344988165878,0.1349946464397491,-0.14825457402099987,0.07942016625601596,-0.07750721317204873,-0.028477594942076356,0.11682161346517399,-0.11638833343625814,0.1151045685719298,-0.11554484585017412,0.10302697135215959,-0.11040601936501307,0.07986651099917225,-0.033822431332998316,0.0003075033926010443,0.002858186339814158,-0.14130921063987728,-0.14090644709791858,-0.10380009053815843,-0.13985647993751196,-0.09302816779564753,-0.13963517067636744,-0.06935533907907299,-0.140619993238748,0.021037233466458527,-0.1414798459447519
-0.040692841349414234,-0.04277098257861611,0.21396404421198204,-0.04367231212411496,0.18339733300506467,-0.04244040060729803,0.13691652816229777,-0.041889497604195226,0.05954883559207113,-0.042235728756793524,-0.21552958504283282,0.22460677950680064,-0.22153907022145777,0.21568307561806468,-0.18819788622440603,0.16882170474481945,-0.1400593415365619,0.08857673664513342,-0.07245795005751865,0.09064926077630817,0.2499999999999999,-0.2360614562744793,0.2240423566003983,-0.2221656898363296,0.21337884780714447,-0.18692525401221888,0.18049498885962192,-0.1288287773727856,0.1272087620862528,-0.08080800542345731,-0.2179052363429596,0.2192002699888953,-0.22334382712937662,0.21748235402133748,-0.2119234000222156,0.1944559289824883,-0.18044824109171298,0.1182026298405886,-0.116636830255366,0.027967340235713137,0.2079692829614629,-0.21304593257590196,0.21131702800901325,-0.2119221164015455,0.19087543779039534,-0.17341914579425763,0.1284635616309116,-0.08035513667245037,0.05223387230524296,-0.04926638649313238,-0.0434535356760984,-0.04165340094136459,-0.20078469648575165,-0.04064216492547966,-0.18185181864743613,-0.04064848523193052,-0.12004614136972266,-0.04160796875825545,-0.03442880860416684,-0.042234919422944654
0.053679971744764306,0.05590742015846428,-0.22762631882776854,0.056816602952287715,-0.1970213831834323,0.055580289283665305,-0.15040613754619644,0.055027354662597464,-0.07256784739102481,0.0553750569816852,0.22834989405666736,-0.2383686834194717,0.2353187076627725,-0.22941756075324896,0.20182919883989886,-0.18242711728231617,0.15352547506960096,-0.10193071650505467,0.08551857660485217,-0.10378152474481366,-0.2360614562744793,0.24999999999999992,-0.23778011534823967,0.23584581373863805,-0.22708185306175482,0.20045929608457833,-0.19408894033702584,0.14204021638032566,-0.14067124323057467,0.09415922595125983,0.2313096310722558,-0.23290755014795156,0.2370471608209981,-0.23114141832602553,0.22552498218845762,-0.20785608311688897,0.19373825802152694,-0.12464447539728493,0.12288715969443462,-0.024213610647900213,-0.22128677923879048,0.2264062634606807,-0.22447061362279147,0.22504930396157594,-0.2023096806114971,0.1844377532471806,-0.13555180899912608,0.08250513491339119,-0.05121526536239687,0.04793671220261484,0.056590341187959935,0.05473293600414964,0.21281536579353497,0.05361640198182041,0.19230548049930854,0.05361031109605791,0.12615792962059308,0.054670947610719715,0.03139761766259289,0.055374247532624196
-0.06583034509487057,-0.06798871096834617,0.2223731080331403,-0.06896895413679266,0.20899262360359921,-0.06773617077678103,0.1624105190529675,-0.06718358453175957,0.08463656359881996,-0.06753151541411917,-0.21706778113433897,0.22709177576006995,-0.22979930077695604,0.24131911717981774,-0.21379929787914068,0.19441427451262652,-0.16550719406412884,0.11399353141737391,-0.09758268182684325,0.11574607066845909,0.2240423566003983,-0.23778011534823967,0.25000000000000006,-0.24774482407866721,0.23904244600549085,-0.212338012322578,0.20604921198805728,-0.15388783578489457,0.15268543576463417,-0.10621989771654505,-0.24310614891848686,0.24486293574364687,-0.24898598479924453,0.2430594135351468,-0.2374095888046502,0.21953552828722955,-0.20536435254658356,0.13029664278052577,-0.12838811220943658,0.02061689250351479,0.23291277509068803,-0.23805135190279586,0.2359261613062617,-0.23647719730882644,0.21222457259864871,-0.19398379725834594,0.14161207889002875,-0.0842573436750618,0.05009241937109308,-0.046533735241849714,-0.06873918036352855,-0.06683575898768836,-0.22326425502516284,-0.06562430489567023,-0.20134266411617224,-0.06560772892415254,-0.13133291239793332,-0.06675800750383587,-0.028448963304594312,-0.06753071353771119
0.06473056432963385,0.06687896670851527,-0.22152228007486913,0.06785948169819576,-0.208121110541813,0.06662647722594665,-0.1615190159712713,0.06607413145802253,-0.08370740622953028,0.06642048913141722,0.21629514135167258,-0.22625405112948954,0.22895060740601716,-0.2403940219903105,0.21293427161856426,-0.19355472678809418,0.16463151795623787,-0.1130816312297407,0.09667120412998749,-0.11485451142830236,-0.2221656898363296,0.23584581373863805,-0.24774482407866721,0.2500000000000001,-0.23821973732410534,0.2115267537696028,-0.20523778467875697,0.15304119408587155,-0.15181655654203982,0.10530252270443716,0.24111874794252686,-0.2428703680062369,0.2470014979243625,-0.24112626974759271,0.23552662873636876,-0.2177146940428366,0.2042911921215939,-0.12997720219611003,0.12808821554707855,-0.021428484494192327,-0.23101578307669834,0.23612325302271395,-0.23403570341431862,0.23460596840787892,-0.21056448181659213,0.19242461844687528,-0.1410336733188179,0.08440687251723267,-0.050595084618542424,0.04707765746688904,0.06762559165172176,0.06573159406808132,0.22149991314940917,0.06453202370764614,0.19979180739052077,0.06451629277333308,0.13085209318161659,0.06565262211113945,0.029172705552138127,0.06641968462698779
-0.056842758432559835,-0.05886189695484058,0.21282544256067898,-0.05983497489014608,0.21254911852488356,-0.05877095870241929,0.1695915993750922,-0.05831444672970877,0.09481107563387803,-0.058401567332277485,-0.20800295639161676,0.21748598041823727,-0.22020326511114136,0.23173854572318747,-0.21743040512026654,0.20227059450802903,-0.17408040334866448,0.12460939587437325,-0.10821674293566654,0.12635322567142288,0.21337884780714447,-0.22708185306175482,0.23904244600549085,-0.23821973732410534,0.2500000000000002,-0.22281178853586509,0.2165336533647439,-0.16445044963236188,0.16322461781126987,-0.11685467697684726,-0.23246186618329556,0.2341872814628876,-0.23866733553794253,0.24240904144942022,-0.24650166728877243,0.2287062748032139,-0.21546162006720782,0.14038135167690302,-0.13848452261608224,0.030684051228062816,0.2273955605204079,-0.2325332818449799,0.23277589453768877,-0.23621066282276623,0.21493203559841886,-0.20317000306342242,0.15144939622309767,-0.09433235571498962,0.060158803225355266,-0.05658979781182978,-0.059649176019556084,-0.05774271414888425,-0.2203809256350419,-0.0565503721251225,-0.20414598805440692,-0.05647722316044841,-0.14116017706732367,-0.057624203211853894,-0.03850508015020403,-0.05840059883063973
0.05450724754256788,0.05626830014404048,-0.1902502696324395,0.05708235591383147,-0.212007255649205,0.056477858142026216,-0.1912903265101667,0.05615600159762687,-0.11894850227424694,0.05586693582873949,0.185538111294796,-0.1942942708498662,0.19712069570397173,-0.20885284468635207,0.21700312043288097,-0.22506785613766908,0.19780457279553207,-0.14938124779651907,0.13299688568584592,-0.15106929000204067,-0.18692525401221888,0.20045929608457833,-0.212338012322578,0.2115267537696028,-0.22281178853586509,0.24999999999999992,-0.24130507201371343,0.18919246940503215,-0.18789337437547882,0.141661495343531,0.20599965344364793,-0.2074805171217799,0.21196267622615905,-0.21596445734881936,0.22082427381086372,-0.22444179763636987,0.23270731402177242,-0.15843282846022802,0.1565572823989816,-0.04951778531872607,-0.20215154041195454,0.20652356865688237,-0.20753036379728118,0.21123286336891614,-0.19660805527104944,0.1996633529610863,-0.16195056558774418,0.11253440439338948,-0.07863879869144791,0.07523848399527479,0.05701054582584583,0.05528268351376267,0.1958967559447576,0.05418132502652413,0.1863454058134235,0.05399280811835056,0.1515178273166963,0.055030544503328366,0.05708796914545268,0.055865763867387244
-0.05447765745752682,-0.05618387524201909,0.18413331557995216,-0.05696935054539542,0.20608939993816966,-0.05639439722015239,0.189936417627951,-0.05618782059646874,0.1263816992632468,-0.05580399026325515,-0.1794151411008772,0.18795089645137017,-0.19080054521259754,0.20261590885039274,-0.2109170504808468,0.21936208488047593,-0.1965704741126715,0.15678342167947806,-0.14074730319814946,0.1588456397256488,0.18049498885962192,-0.19408894033702584,0.20604921198805728,-0.20523778467875697,0.2165336533647439,-0.24130507201371343,0.24999999999999994,-0.19718987371819457,0.19589166800650742,-0.14956522154437318,-0.1998066284522032,0.20123802253702644,-0.2056850379724532,0.2102012453627337,-0.21609013378619624,0.22510785649044998,-0.23890511937016046,0.16421445586093922,-0.1623280537507421,0.05451249623866681,0.19647777974138889,-0.2006592927370816,0.20193268577427773,-0.2058102641652155,0.1929694441462439,-0.2003163227305312,0.16575418682914977,-0.11794059245447017,0.08380862455671904,-0.08041906182177816,-0.056921883623059506,-0.055236044494535494,-0.19041490225796573,-0.05415054901257279,-0.18276463243080895,-0.05392723479687988,-0.1551936917643071,-0.05494557950721586,-0.06208944667486031,-0.0558026772786157
0.10281146519559131,0.10417598959223122,-0.1388811635918952,0.1045808515887297,-0.167576182892181,0.10442493394368257,-0.16776474925807333,0.10452946739975479,-0.17479031974553957,0.10414680032962664,0.1314826297005957,-0.14001541740823148,0.14285146053601988,-0.15456773441414748,0.1700489994200191,-0.1840413076000132,0.17351814634383586,-0.20541738984530644,0.18930818311213168,-0.2069175107941479,-0.1288287773727856,0.14204021638032566,-0.15388783578489457,0.15304119408587155,-0.16445044963236188,0.18919246940503215,-0.19718987371819457,0.24999999999999986,-0.24479637017409242,0.19819995713682248,0.15260729712428917,-0.1527523208812199,0.15347908623466133,-0.1582866096239976,0.16390545424433745,-0.1731083801393097,0.1866147404683074,-0.1167707771450918,0.11503107096043758,-0.008977803904756929,-0.15053724668131044,0.15207397964948546,-0.15186103226098582,0.15372348544415226,-0.14112718870697982,0.14851928032708828,-0.11774018869143249,0.07120243366638936,-0.037702135212854086,0.03449964697197495,0.10454017511884063,0.10357747639187088,0.1405057589189705,0.10251746781200718,0.13106984315325917,0.10229453360990129,0.10726079363110917,0.10328588524168358,0.01636970472637476,0.10414548973696983
-0.107788347165391,-0.10915268515734017,0.1379751201843292,-0.10953902512741714,0.16742423165997378,-0.10940745025538917,0.16874264072397227,-0.10952770320808601,0.1794920564983258,-0.10914629568694693,-0.1302540559257284,0.13891918562841193,-0.14178867721464003,0.1536472117512821,-0.16971321905725942,0.18377337813006292,-0.1739808598462057,0.2067083305606173,-0.1922136899753155,0.2098091416635798,0.1272087620862528,-0.14067124323057467,0.15268543576463417,-0.15181655654203982,0.16322461781126987,-0.18789337437547882,0.19589166800650742,-0.24479637017409242,0.24999999999999992,-0.20294347013719855,-0.15172502671363716,0.15177571160472839,-0.1522627797197659,0.15706767879424197,-0.16264659465012507,0.17177759793440767,-0.1853173293760993,0.11542360020341508,-0.11356921509256168,0.005749435458990891,0.149645846924888,-0.15102426600524982,0.15067020862323294,-0.15238740629153422,0.13956516803450028,-0.14686726393469726,0.11576375227558644,-0.06908953401189177,0.034997941564987166,-0.0317313336104494,-0.1094927861401401,-0.10856793397346667,-0.13916471335523467,-0.1074930334501682,-0.1293871173855681,-0.10727051525069638,-0.1051034148006851,-0.1082707622787221,-0.013286747706943202,-0.10914499052187021
0.15424414237853157,0.15532983304134956,-0.09911212325386193,0.15536467573366547,-0.13941112619046625,0.1556925140700922,-0.16677306944215037,0.1560184976841791,-0.22536393539852173,0.15563737855230939,0.08889592633878193,-0.0977261685485314,0.10061707567857141,-0.11251818817351647,0.1383279159064544,-0.15679675369952695,0.16503883687908488,-0.20995317919928,0.21598105765943243,-0.23402082729955273,-0.08080800542345731,0.09415922595125983,-0.10621989771654505,0.10530252270443716,-0.11685467697684726,0.141661495343531,-0.14956522154437318,0.19819995713682248,-0.20294347013719855,0.24999999999999994,0.1092764718918843,-0.10841048895274132,0.105747703258397,-0.11082713209986404,0.11615937807057455,-0.12543500796312643,0.13880015954599462,-0.06883270400956079,0.06687547082338598,0.04084054168127902,-0.10863153960107838,0.10758434686901723,-0.10592067389326824,0.10590200617685341,-0.09309932334293301,0.10041168340550313,-0.0693353729610383,0.02247511343281678,0.011582753885969167,-0.014782783420791448,0.15528776588903692,0.1550501442855561,0.09442612623546225,0.15398428622992627,0.08293669153563082,0.153760866587552,0.058644317875063745,0.15476241193344917,-0.033272779611772677,0.15563608520464012
0.07190935722057971,0.07402990863827155,-0.21695256941933705,0.07495514983402873,-0.20456783716587992,0.07378865694481325,-0.16078773321039846,0.07326446441426651,-0.08861073289170093,0.0736126878719863,0.21124200643815816,-0.22127361921176475,0.22397002972341887,-0.23543221688965943,0.20902539643436224,-0.19054654565002066,0.1634770893887636,-0.11576443473592699,0.10044469751395788,-0.11775923643950048,-0.2179052363429596,0.2313096310722558,-0.24310614891848686,0.24111874794252686,-0.23246186618329556,0.20599965344364793,-0.1998066284522032,0.15260729712428917,-0.15172502671363716,0.1092764718918843,0.24999999999999978,-0.24710563004340938,0.24237499305205615,-0.23649329879255615,0.23081836582845605,-0.21298570987835647,0.19882170452651426,-0.12394641626461678,0.12203338584886843,-0.014444872616416388,-0.23417273250977655,0.2391957408809031,-0.23357447672392426,0.22990868829963773,-0.20569234239538728,0.18746250646333557,-0.13522974155913595,0.07797712373020409,-0.04387111276868864,0.040332273161243104,0.07477836589201085,0.07290285333439202,0.22081877185693463,0.07170856583363522,0.19483161052826137,0.07169218145864076,0.12496233769660164,0.07284031806717998,0.0222653979611998,0.07361193706318117
-0.06977250881530397,-0.07190130476191309,0.21833891733722194,-0.07284517430777865,0.2057853933291943,-0.07165682467313432,0.1611608518412251,-0.07112360759391023,0.0873494843490904,-0.07147208346863937,-0.21276757135723018,0.2227774041413912,-0.22549376041514246,0.23702063629804396,-0.21035060356870822,0.19158401609117717,-0.1639542868196273,0.11503840143752328,-0.09944988305550218,0.1171304634473284,0.2192002699888953,-0.23290755014795156,0.24486293574364687,-0.2428703680062369,0.2341872814628876,-0.2074805171217799,0.20123802253702644,-0.1527523208812199,0.15177571160472839,-0.10841048895274132,-0.24710563004340938,0.2499999999999998,-0.24512112892525284,0.23921637528027714,-0.23354448364841318,0.21567899764173307,-0.20072725077323433,0.1256358436139312,-0.12372157873844865,0.015922650163626678,0.23681462320385882,-0.24198178250431857,0.23633260382991375,-0.2326323291237266,0.2083705996337429,-0.19011079489335986,0.13715913403222466,-0.07958740238034286,0.04541253086567262,-0.04185646727397316,-0.0726721261799499,-0.07076090269053295,-0.22354912088700046,-0.06956428232166728,-0.19748799101656023,-0.06954783139500892,-0.12688515550509769,-0.07070136398244856,-0.023766766961096798,-0.07147131103400933
