x1,x2,x3,x4,x5,x6,x7,x8,x9,x10,x11,x12,x13,x14,x15,x16,x17,x18,x19,x20,x21,x22,x23,x24,x25,x26,x27,x28,x29,x30,x31,x32,x33,x34,x35,x36,x37,x38,x39,x40,x41,x42,x43,x44,x45,x46,x47,x48,x49,x50,x51,x52,x53,x54,x55,x56,x57,x58,x59,x60
0.25000000000000006,0.11976185999040487,-0.15670248031210976,0.19740460998169723,0.1540594609021217,-0.14212640288129283,0.1350053240252262,-0.15498686334590625,-0.08297345474448807,-0.2368291291916551,0.2415212563871848,-0.23685479316021835,0.22484077404251562,-0.23685482056701754,0.22106123299695682,-0.23685479874090853,0.18392253247773463,-0.23685479319853708,0.21673317786525637,-0.23679686794934854,0.04502873384598336,-0.045059726487300174,0.008043187622477159,-0.008145237148373367,-0.06376898725989315,0.0636230457575118,-0.17256002783022595,0.1724061306831809,-0.23568807220722784,0.2326698632230528,-0.04783973502328578,0.04608458649847944,-0.12978858213031153,0.11048553428705786,-0.15308014905616701,0.11765360169531144,-0.1480968966757148,0.13162449429442,-0.23406602794486625,0.23373833100548613,0.23108968074741582,-0.23685476578313489,0.23089005244040606,-0.23526654279664097,0.15321062001413996,-0.2127211171195568,0.058856198233472115,-0.13866030248678388,0.06711106451738534,-0.23678029834367686,-0.17545576244627845,-0.23525923869000784,-0.22722184912462068,-0.23608267686941112,-0.13556248937786056,-0.06152500903269337,0.0727743225552712,-0.07572301784046252,0.09174894429607737,-0.04510504374813936
0.11976185999040487,0.25,-0.20975685097166766,0.14851880939924178,0.17962707606076578,-0.1475794421757232,0.06002119298352679,-0.056552165114404154,-0.06153434384999998,-0.1272914962439067,0.12177210227415505,-0.12730433063081553,0.1281200889372262,-0.12730434463568382,0.12052754468788736,-0.1273043333716814,0.0803723570119538,-0.1273043302662159,0.1099161942194095,-0.12725360513341683,0.028098607283769582,-0.02811463830748028,0.007322319934137823,-0.007377013418015476,-0.03463356771442729,0.03455657867820881,-0.09367314341874951,0.0935870897982143,-0.12670058968059117,0.12506500379924698,-0.029552606089582538,0.028570457530938776,-0.07186713337816791,0.0606246148777577,-0.08269071159886306,0.06336777187795414,-0.07965677758373464,0.07082795566680279,-0.12583836218578354,0.12566149048911168,0.12419595271115257,-0.1273043173714743,0.12409501667959064,-0.1264799376287263,0.08218727050241428,-0.11415427433494955,0.03164115484031824,-0.07459112446629726,0.036161375391170036,-0.12726428290537917,-0.09433949497435172,-0.1264466467008592,-0.12212268267954166,-0.12688909033499718,-0.07282589598867004,-0.033093291840441505,0.03907723495484051,-0.04079245391578204,0.049288488379268296,-0.02426251753220449
-0.15670248031210976,-0.20975685097166766,0.2500000000000001,-0.16549437950790644,-0.20719386683026195,0.17506552591065402,-0.07412644361398515,0.07730365385255768,0.07695428255621588,0.15725356454917302,-0.15179871683431212,0.15726872550901114,-0.15639799689878275,0.15726874291030044,-0.14850826984290508,0.15726872913051068,-0.10449468903510015,0.15726872522264546,-0.13757541756663128,0.15721131333909522,-0.03431428326153687,0.03433415621711692,-0.008934712246963293,0.009002377152379632,0.04222452150111064,-0.04212875061646272,0.11527581443537614,-0.11517021593909514,0.1565130470189837,-0.15449923519993922,0.03611629303998201,-0.03491508280471592,0.08857528112883613,-0.07486230896912559,0.10220384087652175,-0.07832456828281444,0.09842022352219756,-0.08746696952168166,0.1554547750348524,-0.15523634835814853,-0.15342884495191839,0.15726870891944858,-0.1533041808693379,0.15624755432406856,-0.10156992037872634,0.1410531017868949,-0.03908082547577326,0.09211486025663201,-0.044639594848660466,0.15721924694501144,0.11653995659394237,0.15620914604235156,0.15086776740447072,0.15675576064337837,0.08997869143065156,0.040864693056372664,-0.04829911472753367,0.0503587115042802,-0.060909450021607886,0.02996107194772574
0.19740460998169723,0.14851880939924178,-0.16549437950790644,0.25000000000000006,0.15004146428361495,-0.11698279950430322,0.12100259052500932,-0.12220610210488884,-0.06147807134049622,-0.20090837714887338,0.19590021398263688,-0.20093240021676576,0.19078179880272828,-0.20093242287485863,0.18585325517048265,-0.20093240422647052,0.14990870037797627,-0.20093239980241853,0.181633163309955,-0.20087685605186759,0.03809586855989907,-0.038122175758938504,0.006639377341009777,-0.006725555605184449,-0.054958093760310744,0.05483524615690765,-0.14701426633533893,0.1468834593957373,-0.19995619448930982,0.19738588874142854,-0.040482137846679804,0.03898987860065485,-0.11004490023084854,0.09349781480895875,-0.1296557541434182,0.09965120153315708,-0.12555224277070492,0.11165992358898458,-0.19856465099285747,0.19828670418427288,0.1960415926350072,-0.200932377034364,0.19587295456948975,-0.199583895994926,0.12993562184939156,-0.18042641947220053,0.04990224640951633,-0.11763652753299687,0.05693940553768678,-0.20086921406331043,-0.14885299100821678,-0.1995790825700441,-0.1927617380769034,-0.20027751114197662,-0.11500744559380949,-0.05220280120404165,0.06170821340111064,-0.06425490172529903,0.07780016797590195,-0.03828151034005045
0.1540594609021217,0.17962707606076578,-0.20719386683026195,0.15004146428361495,0.25,-0.17945528419334128,0.06279906677663588,-0.08053902746907092,-0.08066039953912804,-0.16068105467625857,0.15494768051527344,-0.16069625298934836,0.1504828427895361,-0.16069627103566347,0.1747061006293494,-0.16069625708083263,0.10778630140205232,-0.160696253017836,0.14092791991123135,-0.16063861157816917,0.03507898326072299,-0.035099330406431546,0.011098440329734689,-0.011168810525460178,-0.040525546633045216,0.04042614183578928,-0.11672999524970018,0.11662544082924249,-0.15990518454513628,0.15786009654847313,-0.03692009092921249,0.03577425580730099,-0.09059737506963862,0.0767950746545907,-0.10469787104831757,0.07989867097625546,-0.10032169093727938,0.08899787673023186,-0.15884276962055302,0.15861980825924463,0.156759623670163,-0.1606962358884706,0.1566470081756254,-0.15965450436080547,0.10383106929534133,-0.1440640430453452,0.039657111163959806,-0.09374726040714866,0.04529027118283587,-0.16064567503460853,-0.11911675129927252,-0.1596146852182826,-0.15416204478730786,-0.16017266559816146,-0.09207347331235119,-0.04155831658753117,0.04949824280273854,-0.051164410614666804,0.062305260805993405,-0.030554952830373197
-0.14212640288129283,-0.1475794421757232,0.17506552591065402,-0.11698279950430322,-0.17945528419334128,0.24999999999999994,-0.10399727044201083,0.08470111391466825,0.08470252116343402,0.1504536789501553,-0.1448428518899286,0.1504683520743655,-0.1415103222314382,0.150468370090786,-0.14188346220190906,0.15046835768113395,-0.12635314248016258,0.15046835212640178,-0.13083596379961132,0.15041130747269665,-0.03213114641791231,0.03215030845859696,-0.009532682983416689,0.009598437017158724,0.03680283624969796,-0.03670743396939324,0.1078065278595118,-0.10770918082724895,0.14970258480423065,-0.14779312134687572,0.03386558193343576,-0.03278684828053413,0.08443209958929619,-0.07200758193089479,0.09829238239259822,-0.07523523178316105,0.09425293570089131,-0.08347970749733134,0.14872975617729753,-0.14852093424705928,-0.1467888172516194,0.15046833567093787,-0.14667476832903079,0.14948785086243632,-0.09734533269904201,0.13504766486505865,-0.037309479642884766,0.08791218437398693,-0.04250706315034334,0.15042097926432987,0.11149188666304001,0.1494545769439326,0.14434507315331488,0.14997761039753824,0.08615983986618088,0.03897780724524132,-0.04635511631897336,0.04797211948973482,-0.058389418546389654,0.028594270388196293
0.1350053240252262,0.06002119298352679,-0.07412644361398515,0.12100259052500932,0.06279906677663588,-0.10399727044201083,0.24999999999999986,-0.09771863582530428,-0.03766312931480919,-0.14721195385111963,0.1413945662569504,-0.147235916874097,0.1413210591920113,-0.14723593446163596,0.13236489282750297,-0.14723591937781252,0.13274821307280543,-0.14723591650721515,0.1277570115361911,-0.14717951133584506,0.02883015910615616,-0.028849303365977266,0.006210788537939446,-0.006274818111574658,-0.03743837105725884,0.037345835032934746,-0.10625223176140271,0.10615756682994495,-0.1465015584102201,0.1446209624562304,-0.03056555601632653,0.029489718676539496,-0.08116088831092243,0.06941903294249607,-0.09570984576666827,0.07336544843209891,-0.09209913094426352,0.08170401712178925,-0.14551106608465417,0.14530724656689292,0.1436475603833151,-0.14723589983653695,0.14352759520467945,-0.1462559357452259,0.09528115444748034,-0.13223105619259187,0.03654353615671216,-0.08606115414352833,0.04160808069765591,-0.14718958187505665,-0.10907556887996868,-0.14624403237417066,-0.14124728100512077,-0.14675589277291437,-0.08429467450052772,-0.038155715487203645,0.045343186646239424,-0.04695437047062554,0.05712066620021375,-0.027985694266727226
-0.15498686334590625,-0.056552165114404154,0.07730365385255768,-0.12220610210488884,-0.08053902746907092,0.08470111391466825,-0.09771863582530428,0.25000000000000006,0.14507870119875016,0.16778531613855718,-0.1618463934926225,0.16778023451080784,-0.15636938384835744,0.16778025586526746,-0.1520644820324909,0.16778024228731636,-0.17474550368669994,0.16778023854509447,-0.1812007194824192,0.16781795678623204,-0.037936261309864786,0.037957312340724324,-0.013298477175767659,0.013373139137992771,0.033936472708508095,-0.03382325009272291,0.11532947177104008,-0.11522170624589963,0.16680248471190817,-0.1647917075194996,0.03983809031584027,-0.03865779601753115,0.09531388028107977,-0.08258345581490474,0.11143008408093188,-0.08520816078822278,0.10577688497574214,-0.09309784914615207,0.16586780960650846,-0.16563432823992685,-0.16367355656882243,0.1677802164926466,-0.16354379305899172,0.16670579086744083,-0.1088113910694841,0.15078733104359623,-0.04180666252282986,0.09797076595492964,-0.04734840975477617,0.16772732213445224,0.1242718631080142,0.16664784854455858,0.160940887769927,0.16723197961574676,0.09603269947879314,0.043384892640765886,-0.05191966666298646,0.053367180506901965,-0.06537673499293538,0.031746748353025954
-0.08297345474448807,-0.06153434384999998,0.07695428255621588,-0.06147807134049622,-0.08066039953912804,0.08470252116343402,-0.03766312931480919,0.14507870119875016,0.25,0.09094447760707382,-0.08728930796375341,0.09091944642751809,-0.08118566635046784,0.09091945812506155,-0.08378095438488954,0.09091945388258067,-0.09970781688002368,0.09091945039042687,-0.10386777437164389,0.09095492397666367,-0.02487842705724825,0.024889190233074263,-0.012775145119469217,0.012816528428325546,0.0133109001342754,-0.013245949605913259,0.059855122596282506,-0.059797189888230455,0.09033943733692125,-0.08929166228689563,0.025845604370383243,-0.02525661573224319,0.054077501731582836,-0.047081063721390114,0.061761445595953875,-0.04685426495754947,0.057568382641706724,-0.05026947733257055,0.08992399924558199,-0.0897966767120284,-0.08867277731572178,0.090919437870234,-0.08861810311748136,0.090372354076458,-0.059007873330609584,0.08162061641114432,-0.022561613873060625,0.05286093632727146,-0.0254886707406399,0.09089070887752573,0.06737435021555253,0.09030552303305904,0.08720823100627298,0.09062201732192003,0.052091917170149736,0.023369486291476827,-0.028303621435662354,0.028739264455039534,-0.03557188199433206,0.01712034525037101
-0.2368291291916551,-0.1272914962439067,0.15725356454917302,-0.20090837714887338,-0.16068105467625857,0.1504536789501553,-0.14721195385111963,0.16778531613855718,0.09094447760707382,0.25000000000000006,-0.24396638894837622,0.24997388689861327,-0.23780333553323726,0.24997391535679753,-0.23409275411433417,0.2499738924946915,-0.19684614133885622,0.24997388651901498,-0.22974945176771178,0.2499156620752421,-0.047176128035048184,0.04720889058645628,-0.008037014369626524,0.008144436076400429,0.06731414772395722,-0.06715989953468258,0.1819955488160839,-0.18183317033665333,0.24873914551356588,-0.24555588989625643,0.05014786200786769,-0.04829121223931399,0.13678179735798565,-0.11651750200917436,0.16154796965837848,-0.12420876938341556,0.15633648718620904,-0.1389437269966629,0.24702798842463486,-0.2466821783196157,-0.24389177586726732,0.24997385746676531,-0.24367881019127227,0.24829499129872593,-0.16171598501916523,0.2245342930228332,-0.06214940869901987,0.1463690122991175,-0.07084908768177774,0.24989526571859444,0.18516522456281242,0.24828979833701734,0.23980686370274373,0.24915894211297804,0.14305986019433609,0.06494658538571058,-0.07680250053764037,0.07993234454309658,-0.09683562064496867,0.04760247943050809
0.2415212563871848,0.12177210227415505,-0.15179871683431212,0.19590021398263688,0.15494768051527344,-0.1448428518899286,0.1413945662569504,-0.1618463934926225,-0.08728930796375341,-0.24396638894837622,0.2500000000000002,-0.24399227452139036,0.23182781853163342,-0.24399230286483078,0.22811650328559466,-0.24399228033650122,0.19087497842653392,-0.24399227457309153,0.22377344968576782,-0.24393406957371913,0.04660305049327236,-0.046634943706779106,0.008527888007342594,-0.008633103065490675,-0.06535443974737803,0.0652038061039483,-0.17756293925589445,0.17740440145313094,-0.24278628090163956,0.2396803392302223,-0.049495557722536825,0.04768847943276558,-0.1338200975094947,0.11395931775352522,-0.15779022465127804,0.12125820477458257,-0.15258708310334557,0.13558817962671915,-0.2411216792744002,0.2407840596568349,0.23805274633189055,-0.2439922462798536,0.23784743306333497,-0.24235795074333166,0.1578345294176643,-0.2191332528806679,0.06063449368397345,-0.14283239464089514,0.06912907143022284,-0.24391553029096635,-0.180742726039478,-0.24234856792530696,-0.234068515203559,-0.24319684643746634,-0.1396467763182401,-0.06337327805420871,0.07497852523801612,-0.07799784439158144,0.09452574571865574,-0.04645797089716013
-0.23685479316021835,-0.12730433063081553,0.15726872550901114,-0.20093240021676576,-0.16069625298934836,0.1504683520743655,-0.147235916874097,0.16778023451080784,0.09091944642751809,0.24997388689861327,-0.24399227452139036,0.25000000000000006,-0.2378291706617768,0.2499998062753389,-0.23411850891408953,0.2499997834108385,-0.19687147576663294,0.24999977743480395,-0.22977529117848391,0.24994155290322814,-0.04718051896934461,0.0472132849861893,-0.008037142112635185,0.008144574987036446,0.06732127198088922,-0.06716700755897154,0.18201426956351055,-0.18185187413850662,0.24876490282083852,-0.24558132162025173,0.05015256790365547,-0.04829571724843674,0.13679568220871824,-0.11652942213632145,0.16156466419044122,-0.12422168991785519,0.15635274133019003,-0.13895817475542552,0.24705357038081663,-0.2467077245027047,-0.24391704054049973,0.2499997483792223,-0.24370404905722853,0.24832070443652945,-0.1617327595995627,0.22455759464632125,-0.06215590303157223,0.14638422910229776,-0.07085646931491246,0.24992114849274233,0.18518438913000573,0.24831551456247575,0.23983170060319256,0.24918474851493977,0.14307465670267017,0.06495334118622542,-0.07681044334506035,0.07994065812851749,-0.09684565219692845,0.04760741224930456
0.22484077404251562,0.1281200889372262,-0.15639799689878275,0.19078179880272828,0.1504828427895361,-0.1415103222314382,0.1413210591920113,-0.15636938384835744,-0.08118566635046784,-0.23780333553323726,0.23182781853163342,-0.2378291706617768,0.2499999999999998,-0.23782919792062027,0.22196347279207324,-0.23782917615715826,0.18550868836105344,-0.23782917045349042,0.2176454766720328,-0.2377710870531137,0.05328422558573529,-0.05331406143112987,0.014809048409094357,-0.014912422951240034,-0.05907019611938717,0.05892079040907819,-0.17134558345364828,0.17118648506621748,-0.23662202903874305,0.23362722416352985,-0.05598853841041217,0.054167424942874534,-0.13470518157377132,0.11484009384732838,-0.15588838371515706,0.11933378956689722,-0.14925775211305903,0.13227264053258214,-0.2351034417049189,0.23477273103257013,0.2320225035974826,-0.23782914532918165,0.23183054663319985,-0.23629727503989761,0.1537642405519033,-0.21344189806006397,0.05925090805433329,-0.1392529773287216,0.06746660596107025,-0.23775428393471107,-0.1762049389251743,-0.2362254693329996,-0.22814173224742396,-0.2370527188331528,-0.13603067210166833,-0.061725101517581475,0.07322118267317441,-0.07605978131490373,0.09231597679507991,-0.045201310742559946
-0.23685482056701754,-0.12730434463568382,0.15726874291030044,-0.20093242287485863,-0.16069627103566347,0.150468370090786,-0.14723593446163596,0.16778025586526746,0.09091945812506155,0.24997391535679753,-0.24399230286483078,0.2499998062753389,-0.23782919792062027,0.2499999999999998,-0.23411853588411446,0.24999981187183185,-0.19687150008804766,0.24999980589579668,-0.22977531797618814,0.24994158135942615,-0.047180524441524006,0.04721329046208472,-0.008037143199403393,0.008144576086143029,0.06732127929177176,-0.06716701485195649,0.18201429005989053,-0.18185189461652304,0.2487649311365811,-0.24558134957698438,0.0501525737126857,-0.048295722848994374,0.1367956978403398,-0.11652943550787094,0.16156468266614732,-0.12422170411110967,0.15635275915248406,-0.138958190566687,0.24705359850760733,-0.24670775259009967,-0.24391706830847154,0.24999977684021196,-0.24370407680124942,0.2483207327072912,-0.16173277802343045,0.22455762021694312,-0.06215591010919138,0.1463842457560578,-0.0708564773719427,0.24992117694477953,0.18518441021125315,0.24831554283167165,0.23983172790627547,0.24918477688311633,0.14307467299245527,0.06495334857297622,-0.07681045210225089,0.07994066721743986,-0.09684566323470006,0.0476074176622121
0.22106123299695682,0.12052754468788736,-0.14850826984290508,0.18585325517048265,0.1747061006293494,-0.14188346220190906,0.13236489282750297,-0.1520644820324909,-0.08378095438488954,-0.23409275411433417,0.22811650328559466,-0.23411850891408953,0.22196347279207324,-0.23411853588411446,0.2500000000000001,-0.23411851441270176,0.18100120299241232,-0.2341185087179564,0.21410030181895032,-0.2340603082306851,0.04925495221072659,-0.04928487327442323,0.013733075255671115,-0.013835518166480472,-0.058127191465145715,0.05798014360425451,-0.16871601894111032,0.16856416238286454,-0.23293198148191746,0.22997760866398592,-0.05196402245789881,0.05027077544667125,-0.1309440550883513,0.11166453771608546,-0.15272568121373156,0.11680292495643163,-0.1464550720762269,0.12982448302176838,-0.231405179369008,0.23108050767872962,0.2283969711272894,-0.23411848285305686,0.22821883807109983,-0.23258686820797664,0.1514220259048939,-0.21009862953253447,0.057998872841242145,-0.13673335434354245,0.06609271160223638,-0.2340448103160967,-0.17348255955933745,-0.2325415869040252,-0.2245943823108399,-0.23335519943696145,-0.1340702469597569,-0.060610715129880956,0.07213617144634035,-0.07460648886647583,0.09084281398982932,-0.04448818378727284
-0.23685479874090853,-0.1273043333716814,0.15726872913051068,-0.20093240422647052,-0.16069625708083263,0.15046835768113395,-0.14723591937781252,0.16778024228731636,0.09091945388258067,0.2499738924946915,-0.24399228033650122,0.2499997834108385,-0.23782917615715826,0.24999981187183185,-0.23411851441270176,0.24999999999999994,-0.19687148462793913,0.2499997830312965,-0.22977529770312102,0.24994155850253705,-0.047180524127973675,0.04721329014493083,-0.008037147151797678,0.008144580029377273,0.06732126940921802,-0.06716700498137429,0.18201427186282193,-0.18185187643400738,0.2487649083563804,-0.24558132711355718,0.05015257306871563,-0.04829572240210011,0.136795687559029,-0.1165294268513102,0.16156466901618013,-0.12422169322435747,0.1563527449831844,-0.1389581776990497,0.24705357594921828,-0.24670773006264102,-0.24391704598240826,0.24999975397571514,-0.24370405450849852,0.24832071002840156,-0.161732763217266,0.22455759955792898,-0.06215590432736977,0.1463842321703847,-0.07085647075114924,0.24992115408741994,0.18518439331174974,0.24831552012114308,0.239831705968215,0.24918475409294322,0.1430746599473142,0.06495334250606007,-0.07681044521343568,0.07994065976164884,-0.09684565448859736,0.047607413242373206
0.18392253247773463,0.0803723570119538,-0.10449468903510015,0.14990870037797627,0.10778630140205232,-0.12635314248016258,0.13274821307280543,-0.17474550368669994,-0.09970781688002368,-0.19684614133885622,0.19087497842653392,-0.19687147576663294,0.18550868836105344,-0.19687150008804766,0.18100120299241232,-0.19687148462793913,0.24999999999999994,-0.19687147923524528,0.17665963055259468,-0.1968133543972709,0.050345884360782765,-0.05036971253149996,0.022705681241715042,-0.022795879872421498,-0.03078895128453093,0.030649482596707012,-0.13157602231941362,0.13145237343650878,-0.1956931719935234,0.19330972144812691,-0.052493431031071895,0.05115935539236971,-0.11511801184010778,0.10069171491474918,-0.1332597827516887,0.1010010176366835,-0.12430856530461865,0.10879301947163238,-0.19468370790532116,0.19440882132278428,0.19202627711597647,-0.1968714562678789,0.19189627421626673,-0.1956588851941305,0.1277572325093297,-0.17681017615395092,0.048867093595243924,-0.11443163724887967,0.05514764632373814,-0.19680927347772598,-0.14587098863292988,-0.19554254743620417,-0.18884172697712379,-0.19622780874032328,-0.11277543396245741,-0.050550833908826295,0.061328393307890416,-0.06218417743907317,0.07705114590667018,-0.03704701333519208
-0.23685479319853708,-0.1273043302662159,0.15726872522264546,-0.20093239980241853,-0.160696253017836,0.15046835212640178,-0.14723591650721515,0.16778023854509447,0.09091945039042687,0.24997388651901498,-0.24399227457309153,0.24999977743480395,-0.23782917045349042,0.24999980589579668,-0.2341185087179564,0.2499997830312965,-0.19687147923524528,0.24999999999999994,-0.22977529257876628,0.24994155252921008,-0.04718052616010098,0.04721329217579662,-0.008037150708275582,0.008144583583553645,0.06732126553517985,-0.06716700110942488,0.18201426624437617,-0.18185187081872892,0.24876490238609456,-0.24558132123779838,0.05015257498352655,-0.04829572438480926,0.13679568605190023,-0.11652942546629254,0.16156466586428034,-0.12422169064720422,0.156352741435397,-0.13895817434378596,0.2470535700727033,-0.24670772419376472,-0.24391704013764715,0.24999974799968228,-0.24370404867836276,0.24832070411756463,-0.1617327593403196,0.22455759410722806,-0.06215590280961014,0.14638422860905578,-0.07085646902520798,0.24992114811323365,0.1851843889071756,0.24831551418512474,0.23983170023105138,0.2491847481361264,0.14307465654239873,0.06495334091900812,-0.07681044342356895,0.07994065781453064,-0.096845652217858,0.04760741208237029
0.21673317786525637,0.1099161942194095,-0.13757541756663128,0.181633163309955,0.14092791991123135,-0.13083596379961132,0.1277570115361911,-0.1812007194824192,-0.10386777437164389,-0.22974945176771178,0.22377344968576782,-0.22977529117848391,0.2176454766720328,-0.22977531797618814,0.21410030181895032,-0.22977529770312102,0.17665963055259468,-0.22977529257876628,0.24999999999999983,-0.22983289242699986,0.041956837597527996,-0.041987157742117934,0.005785380306988371,-0.005883411655424059,-0.06402188744280554,0.06388075621276355,-0.16715825380876542,0.1670066454932098,-0.22859089205585215,0.2257456126700126,-0.044707602776269444,0.04299340884415301,-0.12492941768290036,0.10616034587555588,-0.14786144352156763,0.11419348381165534,-0.14393934477547976,0.12799736390492816,-0.22705526067560658,0.2267374337576632,0.22419247474129536,-0.22977526365646728,0.223986618357373,-0.22822046889070213,0.14869371870464893,-0.20650380957256248,0.0573041685672999,-0.13483470751112944,0.06535865694009826,-0.22970305034831495,-0.17016397912754513,-0.22822658184754574,-0.22042638078837548,-0.22902591252032295,-0.1314369803537225,-0.05989024633517152,0.07043288974145955,-0.07369697010356178,0.08890422415502773,-0.043831920174213876
-0.23679686794934854,-0.12725360513341683,0.15721131333909522,-0.20087685605186759,-0.16063861157816917,0.15041130747269665,-0.14717951133584506,0.16781795678623204,0.09095492397666367,0.2499156620752421,-0.24393406957371913,0.24994155290322814,-0.2377710870531137,0.24994158135942615,-0.2340603082306851,0.24994155850253705,-0.1968133543972709,0.24994155252921008,-0.22983289242699986,0.25,-0.047237615654925805,0.04727035906560343,-0.008094410233999578,0.008201825179575321,0.0672638528386704,-0.06710960095206583,0.18195645210129413,-0.18179406278548296,0.2487069282722633,-0.24563810143743972,0.05020744488352865,-0.04835062649406892,0.13679058425315072,-0.1165244310837348,0.16153462448168623,-0.12419185370676819,0.15631354722968946,-0.13891940670124256,0.24699631051340293,-0.2466505381212037,-0.2438601077776647,0.24994152349656723,-0.2436472542852468,0.2482633979562986,-0.16169545012609457,0.22450264072947235,-0.06213648266195173,0.14634366805679588,-0.07083486660998148,0.2498629411596412,0.18514236371318543,0.24825769617450597,0.23977585486457428,0.24912671842380618,0.14304367584972258,0.06493497619215649,-0.07679468119500835,0.07991774767795015,-0.09682396239126725,0.04759551552320879
0.04502873384598336,0.028098607283769582,-0.03431428326153687,0.03809586855989907,0.03507898326072299,-0.03213114641791231,0.02883015910615616,-0.037936261309864786,-0.02487842705724825,-0.047176128035048184,0.04660305049327236,-0.04718051896934461,0.05328422558573529,-0.047180524441524006,0.04925495221072659,-0.047180524127973675,0.050345884360782765,-0.04718052616010098,0.041956837597527996,-0.047237615654925805,0.24999999999999975,-0.24996567793179897,0.21085378090838275,-0.21090377582114017,0.1354960275157365,-0.1356057405149709,0.02080428455540411,-0.02096141333013189,-0.04594605685469857,0.046463080009893985,-0.24702548415682202,0.24526312911497325,-0.15708227183326579,0.13697009025787335,-0.09390924888678828,0.05681829598158631,-0.0441934450426694,0.027964240849356236,-0.048837330147917135,0.048723466495947304,0.045434874197202706,-0.04718059021513495,0.04572275723189728,-0.04874476748026476,0.027974295383790322,-0.0370932537429781,0.014830709219082578,-0.026938586992704256,0.014604743261454637,-0.04716318677395056,-0.03601239879631311,-0.04682273625078308,-0.04485577222379257,-0.046995740236201254,-0.024948727764802593,-0.010086622933869723,0.019032987070254664,-0.014953148865560787,0.02371323582921379,-0.006349074439877238
-0.045059726487300174,-0.02811463830748028,0.03433415621711692,-0.038122175758938504,-0.035099330406431546,0.03215030845859696,-0.028849303365977266,0.037957312340724324,0.024889190233074263,0.04720889058645628,-0.046634943706779106,0.0472132849861893,-0.05331406143112987,0.04721329046208472,-0.04928487327442323,0.04721329014493083,-0.05036971253149996,0.04721329217579662,-0.041987157742117934,0.04727035906560343,-0.24996567793179897,0.24999999999999975,-0.21082319270861857,0.21087319738232285,-0.13546487120888304,0.13557459218258047,-0.020772115473346574,0.020929244614717204,0.045978812172754305,-0.04649522195176763,0.24699429643763077,-0.24523195261079248,0.15707935963133585,-0.13696703821876538,0.09392028356572922,-0.05682900311755904,0.0442113486943616,-0.0279818584318844,0.04886935593935342,-0.0487554549051521,-0.045466922341698066,0.04721335621582437,-0.04575474037829252,0.048777014814691516,-0.027995885280926183,0.037123443735950175,-0.014838100544422462,0.026957575369124128,-0.014613577530325526,0.04719594288010546,0.03603654830901151,0.04685528925419845,0.04488727707338439,0.04702840501711789,0.024967910846556546,0.010095314671094658,-0.0190424223300801,0.014963432739018127,-0.023725079391691366,0.006355702694255298
0.008043187622477159,0.007322319934137823,-0.008934712246963293,0.006639377341009777,0.011098440329734689,-0.009532682983416689,0.006210788537939446,-0.013298477175767659,-0.012775145119469217,-0.008037014369626524,0.008527888007342594,-0.008037142112635185,0.014809048409094357,-0.008037143199403393,0.013733075255671115,-0.008037147151797678,0.022705681241715042,-0.008037150708275582,0.005785380306988371,-0.008094410233999578,0.21085378090838275,-0.21082319270861857,0.2499999999999996,-0.2498803105500153,0.17450915598007652,-0.17460140490243983,0.05989978693027227,-0.05992065518154692,-0.006820886625333031,0.007906667461478513,-0.20788439798024208,0.2094338241385213,-0.12124123757378885,0.1030541067055473,-0.058674747844301975,0.02366087027941107,-0.008684774810815907,-0.005009260861664768,-0.009827103754503196,0.009780949113277808,0.006847692714112593,-0.008037204791505919,0.0076429371003677755,-0.009654078294826255,0.0033465895203154956,0.0004558702895667841,-0.004840061109605683,0.006572728205202074,-0.005805185314338379,-0.008032244604382531,-0.008273021254191621,-0.007990577367793784,-0.00758273270060641,-0.008005222291909525,-0.007288237420664624,0.004805088203624359,0.009076957746999091,0.00532273949475215,0.008030874352622445,0.001513377548917063
-0.008145237148373367,-0.007377013418015476,0.009002377152379632,-0.006725555605184449,-0.011168810525460178,0.009598437017158724,-0.006274818111574658,0.013373139137992771,0.012816528428325546,0.008144436076400429,-0.008633103065490675,0.008144574987036446,-0.014912422951240034,0.008144576086143029,-0.013835518166480472,0.008144580029377273,-0.022795879872421498,0.008144583583553645,-0.005883411655424059,0.008201825179575321,-0.21090377582114017,0.21087319738232285,-0.2498803105500153,0.2499999999999999,-0.17453360813699645,0.1746259595985922,-0.05984084041927723,0.059861776647462346,0.00692745507401701,-0.008012159888345721,0.20793523509092526,-0.20948408940678354,0.12131661642174281,-0.1031256326918047,0.05875911871932854,-0.02371947831955711,0.008751975226060055,0.004952603288058825,0.009933549647895994,-0.009887242291763248,-0.006952367546134405,0.008144637662139725,-0.0077476407891631455,0.009761037141762997,-0.0034163471620625246,-0.00035994574752825655,0.004814375322470174,-0.00651331832831758,0.005777454277605941,0.008139643015026432,0.008352956108015784,0.00809728727978104,0.007685783142884383,0.008112303737683428,0.007350034604616074,-0.00477984074962451,-0.009112876168775787,-0.005291270858912763,-0.00807490191525187,-0.001494414709207325
-0.06376898725989315,-0.03463356771442729,0.04222452150111064,-0.054958093760310744,-0.040525546633045216,0.03680283624969796,-0.03743837105725884,0.033936472708508095,0.0133109001342754,0.06731414772395722,-0.06535443974737803,0.06732127198088922,-0.05907019611938717,0.06732127929177176,-0.058127191465145715,0.06732126940921802,-0.03078895128453093,0.06732126553517985,-0.06402188744280554,0.0672638528386704,0.1354960275157365,-0.13546487120888304,0.17450915598007652,-0.17453360813699645,0.2499999999999999,-0.24982988162035316,0.13510371069454935,-0.13500947494646648,0.0684956222101579,-0.06632715288794813,-0.13252592452701273,0.13415995476454573,-0.04588285243117909,0.06574353677661281,-0.021113537030996464,-0.010239503678595855,0.04031130580050248,-0.050755500525938135,0.06513024654452038,-0.06505837625497317,-0.06634565472692247,0.06732122037236482,-0.06569149106445947,0.06564581863992555,-0.0421035100946976,0.06432141647178655,-0.022849539425267157,0.05469771774486047,-0.031075732949058486,0.06730306764633126,0.048285500059264505,0.06686536705091342,0.06465156251616976,0.06710699867659357,0.035788119059700495,0.02782120757908808,-0.009456864059051762,0.03402267882026017,-0.017013688202845018,0.018406071868871245
0.0636230457575118,0.03455657867820881,-0.04212875061646272,0.05483524615690765,0.04042614183578928,-0.03670743396939324,0.037345835032934746,-0.03382325009272291,-0.013245949605913259,-0.06715989953468258,0.0652038061039483,-0.06716700755897154,0.05892079040907819,-0.06716701485195649,0.05798014360425451,-0.06716700498137429,0.030649482596707012,-0.06716700110942488,0.06388075621276355,-0.06710960095206583,-0.1356057405149709,0.13557459218258047,-0.17460140490243983,0.1746259595985922,-0.24982988162035316,0.24999999999999994,-0.1351523006463893,0.13505819967567628,-0.06834489964050129,0.06617726850480808,0.13263591660850763,-0.13426906186856605,0.04600805596383906,-0.06586743933563935,0.021247234166314168,0.010120791721497496,-0.04018357780689192,0.05065942996569401,-0.06497695851598351,0.06490533152380179,0.06619523815187625,-0.06716695594701491,0.06554146171125717,-0.06549190312746356,0.04199537928148571,-0.06417546316422656,0.022800449199520286,-0.05459888906119748,0.03102485413645842,-0.06714885357961929,-0.048173284968891485,-0.06671222222319469,-0.0645040948668056,-0.06695327989067153,-0.035702696146484185,-0.027776191874839526,0.0094095210968527,-0.03396834655105066,0.01695092712278125,-0.018377359150334113
-0.17256002783022595,-0.09367314341874951,0.11527581443537614,-0.14701426633533893,-0.11672999524970018,0.1078065278595118,-0.10625223176140271,0.11532947177104008,0.059855122596282506,0.1819955488160839,-0.17756293925589445,0.18201426956351055,-0.17134558345364828,0.18201429005989053,-0.16871601894111032,0.18201427186282193,-0.13157602231941362,0.18201426624437617,-0.16715825380876542,0.18195645210129413,0.02080428455540411,-0.020772115473346574,0.05989978693027227,-0.05984084041927723,0.13510371069454935,-0.1351523006463893,0.25000000000000006,-0.24982136313779296,0.18314897796109464,-0.1800473099461538,-0.017832950609317007,0.019608448774257835,0.06881014857631976,-0.04887466162863137,0.09357915908107162,-0.05748768044519591,0.08836735750452089,-0.09072934894717914,0.17918323005747552,-0.17895521061044925,-0.17766897881585716,0.18201423412452816,-0.17772569115324535,0.18033730167348938,-0.11189739804158742,0.15765754441724553,-0.035588902559378494,0.0975673823403482,-0.044009059934721734,0.18195818764600075,0.13662283007585532,0.18085430070751807,0.17503383519618138,0.18145597624764684,0.10706134130009957,0.042043577817541165,-0.057187080759209766,0.052451443110178665,-0.06895711402920052,0.034611723236850675
0.1724061306831809,0.0935870897982143,-0.11517021593909514,0.1468834593957373,0.11662544082924249,-0.10770918082724895,0.10615756682994495,-0.11522170624589963,-0.059797189888230455,-0.18183317033665333,0.17740440145313094,-0.18185187413850662,0.17118648506621748,-0.18185189461652304,0.16856416238286454,-0.18185187643400738,0.13145237343650878,-0.18185187081872892,0.1670066454932098,-0.18179406278548296,-0.02096141333013189,0.020929244614717204,-0.05992065518154692,0.059861776647462346,-0.13500947494646648,0.13505819967567628,-0.24982136313779296,0.25000000000000017,-0.1830853361169855,0.17998463494121003,0.01798853182850215,-0.01976252167320843,-0.06865266944628809,0.04875294599139143,-0.09345529350514761,0.05740768327559136,-0.08826909828183094,0.09064803548903161,-0.1790217415459557,0.17879395292174124,0.17751085383784357,-0.18185183868462038,0.17756678890308497,-0.18017503257799014,0.11179590823457478,-0.15751952948613626,0.03556059990484097,-0.0974819590435569,0.04397034334183866,-0.18179584348589012,-0.13650002484466991,-0.1806929544441579,-0.1748777510859568,-0.181294090510849,-0.10696401573730155,-0.042005686215850505,0.0571353812453145,-0.05240603466153164,0.06889477479872558,-0.03458067152205285
-0.23568807220722784,-0.12670058968059117,0.1565130470189837,-0.19995619448930982,-0.15990518454513628,0.14970258480423065,-0.1465015584102201,0.16680248471190817,0.09033943733692125,0.24873914551356588,-0.24278628090163956,0.24876490282083852,-0.23662202903874305,0.2487649311365811,-0.23293198148191746,0.2487649083563804,-0.1956931719935234,0.24876490238609456,-0.22859089205585215,0.2487069282722633,-0.04594605685469857,0.045978812172754305,-0.006820886625333031,0.00692745507401701,0.0684956222101579,-0.06834489964050129,0.18314897796109464,-0.1830853361169855,0.2500000000000001,-0.24680360381743657,0.048918091783529676,-0.047062303313313715,0.1355609976676464,-0.11529538004100867,0.16032992159836285,-0.1229870427036462,0.15511801803357222,-0.13772450091954563,0.24581881242778192,-0.24547530051118036,-0.2427062718349759,0.2487648733471755,-0.24249792130559086,0.2470858589528101,-0.16087337005446536,0.22332280655189055,-0.06139467390680251,0.14515020631825845,-0.07008720026086142,0.24868667924903975,0.18436659663969263,0.24709178950506844,0.23866173757388992,0.24795526703941226,0.14251831798738673,0.06432999152524801,-0.07656411008700928,0.07921291970724009,-0.09636323910860164,0.047328638729409435
0.2326698632230528,0.12506500379924698,-0.15449923519993922,0.19738588874142854,0.15786009654847313,-0.14779312134687572,0.1446209624562304,-0.1647917075194996,-0.08929166228689563,-0.24555588989625643,0.2396803392302223,-0.24558132162025173,0.23362722416352985,-0.24558134957698438,0.22997760866398592,-0.24558132711355718,0.19330972144812691,-0.24558132123779838,0.2257456126700126,-0.24563810143743972,0.046463080009893985,-0.04649522195176763,0.007906667461478513,-0.008012159888345721,-0.06632715288794813,0.06617726850480808,-0.1800473099461538,0.17998463494121003,-0.24680360381743657,0.2500000000000001,-0.049384068709828595,0.04755200133158264,-0.13440305835955607,0.11443738316076976,-0.15865418527970943,0.1218185813932203,-0.15341468817595005,0.1361062660572417,-0.2426842775218416,0.24234486432315902,0.23961082219706317,-0.24558129303320864,0.23939278298174652,-0.24393276805973418,0.1588121588964929,-0.22052011008261246,0.060769541715510425,-0.1434190343646133,0.06931325589828144,-0.24550408738662935,-0.18199843400131005,-0.24392888494670548,-0.23560299020963715,-0.2447816103441932,-0.1406016738344212,-0.06352980460856973,0.07560586662527645,-0.07829276407671049,0.09518575590097024,-0.04670050064638719
-0.04783973502328578,-0.029552606089582538,0.03611629303998201,-0.040482137846679804,-0.03692009092921249,0.03386558193343576,-0.03056555601632653,0.03983809031584027,0.025845604370383243,0.05014786200786769,-0.049495557722536825,0.05015256790365547,-0.05598853841041217,0.0501525737126857,-0.05196402245789881,0.05015257306871563,-0.052493431031071895,0.05015257498352655,-0.044707602776269444,0.05020744488352865,-0.24702548415682202,0.24699429643763077,-0.20788439798024208,0.20793523509092526,-0.13252592452701273,0.13263591660850763,-0.017832950609317007,0.01798853182850215,0.048918091783529676,-0.049384068709828595,0.2500000000000001,-0.24814285366605726,0.1599787005339662,-0.13981708353700092,0.09678674046681031,-0.059636254212950365,0.04708075524651701,-0.03076050444892143,0.0518067682668035,-0.051687779022330946,-0.048368875679735274,0.050152639508503745,-0.04863938949242675,0.05171556071033056,-0.029894866685714554,0.0400117534535349,-0.016506617632085805,0.02974490390667262,-0.016349453423617172,0.05013428853048744,0.03804607289666887,0.04976955546328029,0.04768318910513503,0.04995555895134981,0.026255167180595222,0.011406765165899954,-0.019718693392842542,0.016615895805913997,-0.024906024048656272,0.006982439905851311
0.04608458649847944,0.028570457530938776,-0.03491508280471592,0.03898987860065485,0.03577425580730099,-0.03278684828053413,0.029489718676539496,-0.03865779601753115,-0.02525661573224319,-0.04829121223931399,0.04768847943276558,-0.04829571724843674,0.054167424942874534,-0.048295722848994374,0.05027077544667125,-0.04829572240210011,0.05115935539236971,-0.04829572438480926,0.04299340884415301,-0.04835062649406892,0.24526312911497325,-0.24523195261079248,0.2094338241385213,-0.20948408940678354,0.13415995476454573,-0.13426906186856605,0.019608448774257835,-0.01976252167320843,-0.047062303313313715,0.04755200133158264,-0.24814285366605726,0.2500000000000001,-0.16149882554452138,0.1413378121093172,-0.09701616064769442,0.059911144383888636,-0.04666492112472336,0.030368209371572287,-0.05002100199304515,0.04990357299130314,0.04654471128629182,-0.048295790288509166,0.04684172211939063,-0.04990626483664382,0.02848757440974382,-0.038405021758327815,0.01661499245411967,-0.029221874757879938,0.016353430753064085,-0.048278011064383466,-0.03663028832127473,-0.0479228697759844,-0.04589049524172954,-0.04810334751179913,-0.024837775406114593,-0.011073260624880833,0.01917147465302413,-0.016419429971178956,0.024345548470934314,-0.006585179973482452
