x1,x2,x3,x4,x5,x6,x7,x8,x9,x10,x11,x12,x13,x14,x15,x16,x17,x18,x19,x20,x21,x22,x23,x24,x25,x26,x27,x28,x29,x30,x31,x32,x33,x34,x35,x36,x37,x38,x39,x40,x41,x42,x43,x44,x45,x46,x47,x48,x49,x50,x51,x52,x53,x54,x55,x56,x57,x58,x59,x60
0.25000000000000006,0.24943327227684514,0.2496179609686948,0.24987985357249698,0.24959798204004385,0.24987831001731034,0.2498317084024928,0.2499004231132342,0.2496386714078585,0.249896543642763,0.24848086531937152,0.22225461753734752,0.22838337339244408,0.18605745933202367,0.2410235813452565,0.17925249910773275,0.24136237183801845,0.18416971698644644,0.23935146702949497,0.24918014280837317,0.24952682427495929,0.2271527976430067,0.21150787497230275,0.22678920012089246,0.21140108982467248,0.23022391658162342,0.19874892229412486,0.2414084238520446,0.2228015789883774,0.24786772081659644,0.24916455394326356,0.2401957597954109,0.20688644816925367,0.22961717285226624,0.20887025165259154,0.2385822021143627,0.20810262653511183,0.24501647699152387,0.23335776568182665,0.248434216063346,0.24947330622381642,0.21901030015052125,0.23586345830375186,0.18557083831588736,0.2446903671438385,0.18050477465858247,0.23660789964644055,0.18531437065302406,0.23849883967709123,0.2496268849408274,0.24979168931501466,0.24973659515018531,0.24965178945521566,0.24984643201530804,0.24951188268843513,0.2498924032380273,0.24984437528585637,0.24988628671101987,0.24985949810762512,0.24990012389447466
0.24943327227684514,0.24999999999999994,0.2492497712360137,0.24951159458775934,0.2492300588199029,0.24951005255647446,0.24946352756813245,0.24953213331870275,0.2492707768573393,0.24952825956392427,0.248114609071605,0.22192514994373816,0.22804531431680933,0.18578191887329482,0.240667839929323,0.17898314834750575,0.2410062131411284,0.18389753173162846,0.23899861095205832,0.2488129319241424,0.24915907433541942,0.2268193315122298,0.2111939314271222,0.22645752624940962,0.21109087993884826,0.22988699410103966,0.19845705153306556,0.2410531867156763,0.22247416024872163,0.2475024691535412,0.24879732389479528,0.2398422822842743,0.2065798433459572,0.22927853228179185,0.208560021367484,0.23823048677213834,0.20779489713704197,0.2446553893811662,0.23301370171568478,0.24806800324989403,0.24910564325808957,0.21868734314861094,0.23551651801476006,0.18529577225572616,0.244329955955773,0.18023639996441995,0.23625863680303996,0.18504081788293014,0.23814728517154804,0.24925898984722675,0.249423552292191,0.24936854680479173,0.24928387630978108,0.24947822179856413,0.24914416751987303,0.24952412527216197,0.24947616814533743,0.24951801775950092,0.24949126911996056,0.24953183455046116
0.2496179609686948,0.2492497712360137,0.24999999999999975,0.24969633771024868,0.24941482186003316,0.24969479591353383,0.24964824678220238,0.24971689570688685,0.24945534080081552,0.24971301855151504,0.2482980052094879,0.2220807068691369,0.22820317420622113,0.18590827436690394,0.24085059771215014,0.17910407753850507,0.24118807427985692,0.18402635804201478,0.23917614792335198,0.2489972371508909,0.24934364006187903,0.2269988629070687,0.2113423273368133,0.22663711840780104,0.2112560042210318,0.23007175712162792,0.19860267314862506,0.24123669412789386,0.2226386943501585,0.24768632182074532,0.2489816373658267,0.24002443112402852,0.20673672312296867,0.22945432370661156,0.20871441852143324,0.23840880214810511,0.20795253165261424,0.24483798136304025,0.23318856048826953,0.2482516320214004,0.24929008070995887,0.2188495954115038,0.23569370437907808,0.18543324986705617,0.2445118733062953,0.1803641716049478,0.23643387990090156,0.18517674077901067,0.23832379957638342,0.24944355690856632,0.249608243215477,0.2495531875723957,0.24946851225015423,0.2496629437708709,0.249328692754162,0.24970888123431656,0.24966088950561233,0.24970276919975176,0.24967600236728738,0.2497165962210962
0.24987985357249698,0.24951159458775934,0.24969633771024868,0.2499999999999997,0.24967635325063703,0.24995677158586302,0.24991015567895017,0.24997889162366937,0.24971705801692448,0.249975010934181,0.24855888811399,0.22232437455105644,0.22845509422517746,0.1861158509020458,0.2410992294473958,0.1793086374316008,0.24143814110774361,0.18422753034147885,0.23942662241105667,0.2492583850982726,0.2496051745797148,0.2272241025743823,0.2115742344610342,0.22686043182251,0.2114674571652076,0.23029621911575596,0.19881136320060658,0.24148422521516602,0.22287157530713972,0.24794554871634325,0.24924279031107618,0.240271174700103,0.2069513317470159,0.22968922868131808,0.2089357694712937,0.23865709820824324,0.20816791164663026,0.24509340389195303,0.23343101706724181,0.24851222218314015,0.24955164062602847,0.21907905133563738,0.23593753067634302,0.1856290324545481,0.2447672026912866,0.1805614011313848,0.236682172589505,0.18537254840785042,0.2385737214796434,0.24970526737989507,0.24987012345010645,0.24981501221825772,0.2497301798962813,0.24992488357203754,0.24959022919299786,0.24997086922968562,0.24992282620007095,0.2499647507820956,0.24993795377306594,0.24997859231041344
0.24959798204004385,0.2492300588199029,0.24941482186003316,0.24967635325063703,0.24999999999999967,0.24967481193295823,0.24962831539661362,0.24969691093963503,0.24943548069455754,0.24969303197796577,0.24827792395307646,0.222058427384654,0.22820772986502544,0.18588233943105104,0.24082395005488194,0.17907322225690106,0.24117092996307463,0.18400327873453465,0.23915808865308488,0.24897731342588786,0.24932366331998163,0.2269791687349872,0.21131706192707606,0.2266252657848188,0.21124317392913494,0.2300639174882598,0.19858835479062695,0.24122139077883795,0.22262286780347548,0.24766664706986954,0.24896178298101546,0.2400074766021773,0.2067206335323558,0.22943735293598888,0.20869865067007357,0.23838944096839432,0.20793594616577107,0.24481877489737383,0.23316970639514034,0.2482317917877917,0.24927013226199396,0.21883036397372976,0.23567710603378414,0.18541398122006478,0.24449312945358365,0.18034567922295483,0.23641453437265364,0.1851610547324698,0.2383041386270111,0.24942361517936526,0.24958827641533315,0.2495332138380166,0.24944856772098847,0.24964296124343505,0.24930879260446182,0.24968889502874986,0.24964090869908115,0.24968278348329614,0.2496560193883904,0.24969660939787533
0.24987831001731034,0.24951005255647446,0.24969479591353383,0.24995677158586302,0.24967481193295823,0.2499999999999996,0.24990861207855794,0.2499773474589996,0.2497155153891724,0.24997346679125007,0.24855735585750924,0.22232305029855562,0.2284537653197296,0.18611471233941146,0.24109772515149674,0.17930756543110496,0.24143664923603442,0.18422640000625912,0.2394251496548189,0.2492568443309511,0.24960363188104695,0.22722259937671435,0.21157295572106047,0.22685892739908334,0.21146605886347242,0.23029469463557423,0.1988101308086219,0.24148270665560345,0.22287020746522668,0.2479440111381944,0.2492412503943779,0.24026965438253742,0.20695002162188758,0.22968775446441136,0.20893450481313916,0.2386555998391973,0.20816658854237488,0.24509187717133984,0.2334295468808707,0.24851068852393057,0.2495500992594033,0.21907767804491166,0.235936057378212,0.18562784783634043,0.24476568529781806,0.1805603282774713,0.23668070626804597,0.18537140962639415,0.23857224024094362,0.24970372510484323,0.24986858000707496,0.2498134690637091,0.24972863672714332,0.24992333973873426,0.2495886873692646,0.24996932511228434,0.24992128238395284,0.2499632067024838,0.24993640984242813,0.24997704814529953
0.2498317084024928,0.24946352756813245,0.24964824678220238,0.24991015567895017,0.24962831539661362,0.24990861207855794,0.24999999999999978,0.24993072745267003,0.249668963366197,0.24992684734069046,0.24851083713898137,0.22227587412438285,0.22841350164661747,0.18606911987315422,0.24105912856691147,0.1792628407713284,0.24139451951124458,0.1841855147916409,0.23938107037281905,0.24921034905690262,0.24955706967720617,0.22718461723540267,0.2115269290362071,0.22682076539086807,0.21142652696547598,0.23025598446754228,0.198771755000405,0.2414401909458952,0.22282978615094956,0.24789778884064487,0.24919478337893555,0.2402260573796226,0.2069099479178898,0.22964490404540977,0.20889469308918543,0.23861051610345904,0.20812632324966227,0.24504628647680357,0.2333853227833076,0.24846432346413866,0.24950356211144428,0.21903512972369113,0.2358937066713176,0.18558825247344377,0.24472061204975676,0.18052278420632012,0.23663575811093943,0.1853359072488801,0.23852717507383273,0.24965716902147161,0.24982198318369625,0.24976687954912413,0.24968207547481974,0.24987672972710012,0.24954217799960998,0.2499227065235129,0.24987467392337634,0.24991658925472796,0.24988979785719323,0.2499304281160926
0.2499004231132342,0.24953213331870275,0.24971689570688685,0.24997889162366937,0.24969691093963503,0.2499773474589996,0.24993072745267003,0.24999999999999958,0.24973761383302806,0.24999558830843044,0.24857934926099623,0.2223427062370386,0.22847393158874535,0.18613118875913973,0.24111910338586362,0.17932355536375874,0.241458041670579,0.18424270500721873,0.23944633421991568,0.24927890345550202,0.24962572251192391,0.22724282552869665,0.211591707615877,0.22687907997820433,0.21148487507928934,0.23031516452365186,0.19882768512548105,0.24150410660954935,0.2228898788598849,0.24796596154103376,0.24926330878321823,0.24029096051897786,0.20696846172536135,0.22970818645180813,0.20895305388205795,0.23867676406385002,0.20818511605787945,0.2451135886450813,0.23345025766094976,0.24853268175300564,0.24957218316009785,0.21909710338318944,0.23595693983942975,0.18564439579694397,0.2447873482383498,0.18057632659879896,0.23670168136971775,0.18538782051085764,0.2385933670449133,0.24972582281529696,0.24989069249242624,0.2498355764214068,0.24975073709306864,0.24994545681955588,0.2496107749599402,0.2499914462626266,0.24994339927649467,0.24998532731137768,0.2499585280884474,0.2499991699790987
0.2496386714078585,0.2492707768573393,0.24945534080081552,0.24971705801692448,0.24943548069455754,0.2497155153891724,0.249668963366197,0.24973761383302806,0.24999999999999978,0.24973373685425218,0.2483182847878107,0.22209919297851108,0.2282492613094955,0.18592502439323194,0.24086517616991862,0.1791198149247876,0.24119935350825086,0.18404213626875654,0.23919179614002875,0.2490177932683471,0.24936417483118908,0.22700197451205836,0.21136000804374033,0.22664467842913522,0.2112657378964307,0.2300796867359983,0.19862593832002504,0.2412528554335923,0.2226608127394519,0.24770619148209147,0.2490021521409956,0.2400400625951071,0.20674527770746992,0.22946489353583469,0.20872794534325287,0.23842529511258137,0.20796167497474685,0.24485645037406822,0.2332040145680723,0.24827215584855303,0.24931077385551165,0.21886589147197685,0.23571180068142794,0.18544255429047513,0.24453154748764347,0.18038030059682397,0.23645169146969613,0.18519217370487578,0.23834281617600253,0.24946424013990479,0.24962893184498572,0.24957389264011298,0.24948915977574396,0.2496836579437761,0.24934934326643038,0.24972959921723362,0.24968160321337793,0.24972348667533692,0.2496967165634063,0.2497373148438841
0.249896543642763,0.24952825956392427,0.24971301855151504,0.249975010934181,0.24969303197796577,0.24997346679125007,0.24992684734069046,0.24999558830843044,0.24973373685425218,0.24999999999999972,0.24857548996573503,0.22233925721266465,0.2284703414838783,0.18612831411287353,0.24111537030432093,0.17932077822283002,0.24145429027839535,0.18423985213692165,0.23944261520161134,0.24927503370275328,0.24962184733980258,0.22723930329998412,0.21158842731366467,0.22687555971225098,0.21148159547451723,0.23031158652637787,0.19882460156124468,0.24150035516818488,0.22288641826540892,0.2479621123228447,0.24925943908107803,0.24028723042163305,0.20696524561293436,0.2297046209988962,0.2089498025505163,0.23867306015261508,0.2081818842343023,0.2451097836156588,0.23344663502559518,0.2485288232264003,0.2495683087657804,0.21909370499673236,0.23595327622243065,0.18564151823044445,0.2447835478128827,0.18057352141736244,0.23669800642948283,0.18538494246214543,0.23858966411705593,0.2497219459971296,0.24988681314011663,0.24983169795759916,0.24974685996903043,0.24994157664997238,0.24960689992255095,0.24998756537910533,0.24993951913672055,0.24998144652284796,0.24995464771711484,0.24999528897567475
0.24848086531937152,0.248114609071605,0.2482980052094879,0.24855888811399,0.24827792395307646,0.24855735585750924,0.24851083713898137,0.24857934926099623,0.2483182847878107,0.24857548996573503,0.24999999999999972,0.2209233153063027,0.22719838140872536,0.18506472139867533,0.23973729681110392,0.1782674583170096,0.24009276058478823,0.18317811923674351,0.2380914610643552,0.2478620922764635,0.24820692444610795,0.22587884670859704,0.21038875028484805,0.22552803727853288,0.21021804639050987,0.22895569163969554,0.19770500148562173,0.24012121135849945,0.2216433178166472,0.24655259777836191,0.24784714228452484,0.23890223567851296,0.2057543288634369,0.22835554449330067,0.20777895692433795,0.23729800653574892,0.20696232295114866,0.2437109621043925,0.2320967374337704,0.24712176173177766,0.2481546318035209,0.21782813740144547,0.2346123023080148,0.1845327319247434,0.24339531021802385,0.17956333403495225,0.23534825077385127,0.18433480781603886,0.23722908594315884,0.24830745129786522,0.24847122050856907,0.24841638710007002,0.24833166079623895,0.24852564324858248,0.24819297505190896,0.24857137141725089,0.248523606050033,0.24856528722037843,0.2485386297587669,0.24857905125428095
0.22225461753734752,0.22192514994373816,0.2220807068691369,0.22232437455105644,0.222058427384654,0.22232305029855562,0.22227587412438285,0.2223427062370386,0.22209919297851108,0.22233925721266465,0.2209233153063027,0.24999999999999986,0.20085270347535877,0.16338624052558426,0.2139906475415515,0.15759271469693623,0.21496554991539035,0.16318443186535106,0.2134532490832273,0.22167635171386815,0.2219828242799695,0.19964330904388286,0.1877795582247579,0.2004300993272753,0.18675202008326272,0.20379822939838188,0.1775703984554373,0.21452583089995853,0.19900321718397807,0.22041761836933188,0.2216770669009058,0.21319067451300697,0.18279122875377737,0.20297886274565355,0.18575733487418555,0.2116402435804051,0.18375509227182346,0.21772829178136852,0.2068408538045737,0.2210424929550572,0.22196590793557636,0.1941700403745675,0.2098891346775366,0.16326217864020834,0.21770872104933497,0.1603998878747174,0.21015228807000813,0.16476862212072713,0.21194490089488788,0.2221026125449703,0.22224509460900063,0.22219694734213585,0.2221140143844446,0.22229467005258083,0.22200043511231557,0.22233557114238975,0.22229307975698875,0.22233012903098376,0.22230612388202742,0.22234244030544192
0.22838337339244408,0.22804531431680933,0.22820317420622113,0.22845509422517746,0.22820772986502544,0.2284537653197296,0.22841350164661747,0.22847393158874535,0.2282492613094955,0.2284703414838783,0.22719838140872536,0.20085270347535877,0.24999999999999978,0.1646371316629155,0.22065467710256711,0.1612849680353707,0.2214196640678934,0.16763865330263178,0.2189950522329202,0.22781186039004445,0.22812336880683762,0.20718790202291268,0.19226407085262515,0.2063771152917797,0.19380244334403093,0.21100610740866552,0.18226419780745895,0.22076594597437277,0.20404761344292507,0.22663122127985258,0.22779274939023048,0.21979542997531856,0.18862263413736732,0.2098389293030505,0.19018175867969048,0.21805637229626654,0.18979925752471413,0.2240069991120744,0.21328487327633572,0.2271042859528387,0.22808245916169795,0.20015885748716658,0.21587911581755773,0.1690915611186932,0.2237822921406939,0.16417735768333866,0.21612874954357061,0.1692642649614563,0.21802536808912498,0.2282209911666869,0.22837195727181592,0.22832410977124204,0.22825030386107248,0.22842452926592005,0.22811964026806691,0.22846655917365893,0.2284226715961835,0.2284609671273073,0.22843664739888184,0.2284736179068678
0.18605745933202367,0.18578191887329482,0.18590827436690394,0.1861158509020458,0.18588233943105104,0.18611471233941146,0.18606911987315422,0.18613118875913973,0.18592502439323194,0.18612831411287353,0.18506472139867533,0.16338624052558426,0.1646371316629155,0.25,0.17731481427802215,0.12648338302010542,0.1805321340395442,0.13435369263850863,0.17886540527908584,0.18552608512358862,0.1857841905753685,0.16481192846839315,0.15488138109603894,0.1631440595474707,0.15297913622579637,0.16845532030611032,0.148470235279034,0.17916487577461182,0.167513793285289,0.18429196652103727,0.1855557456280058,0.17740705803052048,0.15100924991833592,0.16748089585079573,0.15537937550874564,0.17592409599751352,0.1515079973116528,0.18176168143811822,0.17177718306618434,0.1850711156984947,0.185822172086267,0.16129716223775656,0.17562596000259825,0.13348573542262646,0.1822165169691379,0.13438847114586924,0.17539202112028185,0.13782146247629495,0.17696880100138557,0.18593878861508037,0.18605002739761536,0.1860091869118233,0.18592372220034897,0.18609099042216143,0.18585146509730832,0.18612522877330406,0.18609011668317665,0.18612067279380365,0.1861001524138753,0.18613097897937275
0.2410235813452565,0.240667839929323,0.24085059771215014,0.2410992294473958,0.24082395005488194,0.24109772515149674,0.24105912856691147,0.24111910338586362,0.24086517616991862,0.24111537030432093,0.23973729681110392,0.2139906475415515,0.22065467710256711,0.17731481427802215,0.24999999999999964,0.17051297855726386,0.2329816556790382,0.17725177800316647,0.23116255680057482,0.24042195555434956,0.24075858118828014,0.2195243394199206,0.20348135959883065,0.2183834916694396,0.20461582835348385,0.22211781432847427,0.19173985544636174,0.2330649985869889,0.21486676696803614,0.23919866785173433,0.24040873929121698,0.2320119874112467,0.1997692118573864,0.2218903258682836,0.20126586111772896,0.23030334279816408,0.20092621133894797,0.23647383245148343,0.2253491446935281,0.23969269500302823,0.2407057065259581,0.21147588152747598,0.22766661454731735,0.1793206692666799,0.23612086390914028,0.17385292044349065,0.22832989248335922,0.17876073366460252,0.23017799236909917,0.24085343031395462,0.24101365342186232,0.2409610372750934,0.2408830643143999,0.241067015059481,0.24074418462098401,0.24111137116914608,0.24106498517489308,0.24110546961356147,0.24107974242362382,0.24111882057278913
0.17925249910773275,0.17898314834750575,0.17910407753850507,0.1793086374316008,0.17907322225690106,0.17930756543110496,0.1792628407713284,0.17932355536375874,0.1791198149247876,0.17932077822283002,0.1782674583170096,0.15759271469693623,0.1612849680353707,0.12648338302010542,0.17051297855726386,0.24999999999999986,0.17092654971138482,0.130268780925444,0.172248031409397,0.17874961098947037,0.17900138957488368,0.1597501808786139,0.1484239722063055,0.15845160216093865,0.14638169737399448,0.1597696359940176,0.13913922241206597,0.17165565543542438,0.15949640957654163,0.17763302561429495,0.17876893806347982,0.17091978866774013,0.14819400631192242,0.1623791567282371,0.1503256103650637,0.17000376764404293,0.1467443472952219,0.1752531809257881,0.16625407505283035,0.17831956550878517,0.17902301095246356,0.15644849506968014,0.16862410568928318,0.13172581039658182,0.17536883086452282,0.1307918428021682,0.16958697971503625,0.13319893692978557,0.17086278656662532,0.17913405016717387,0.17924678942589073,0.1792059884851176,0.17912454090482358,0.17928480312835696,0.1790415328404296,0.179317789837612,0.17928347919444695,0.17931340054074832,0.17929355405851363,0.17932332981007676
0.24136237183801845,0.2410062131411284,0.24118807427985692,0.24143814110774361,0.24117092996307463,0.24143664923603442,0.24139451951124458,0.241458041670579,0.24119935350825086,0.24145429027839535,0.24009276058478823,0.21496554991539035,0.2214196640678934,0.1805321340395442,0.2329816556790382,0.17092654971138482,0.24999999999999958,0.17585832460556225,0.2320126813801981,0.2407517593516449,0.2410981282967207,0.21939681637418473,0.20457789171955773,0.21864431191041733,0.20402834494814273,0.22255610206030213,0.19138417456691217,0.23377562076151304,0.2149517605077095,0.2395006313745942,0.24075493888966273,0.23211837176392777,0.20008488601874175,0.22203540065483685,0.20202906686746325,0.23053778380895684,0.20159681046854905,0.2367590903970799,0.2256269971987981,0.2400589654613562,0.24104559022361244,0.21167713990170017,0.22784449148939448,0.1796206744222888,0.23641770657041655,0.17477337826258693,0.22877334678030448,0.17915496838061626,0.2304668932959175,0.24119588045611362,0.2413550255541562,0.2412997409577897,0.24121764583488184,0.24140586707201814,0.24108391652966224,0.2414502851282557,0.24140390052389998,0.2414443752162586,0.24141844172047996,0.24145774493686978
0.18416971698644644,0.18389753173162846,0.18402635804201478,0.18422753034147885,0.18400327873453465,0.18422640000625912,0.1841855147916409,0.18424270500721873,0.18404213626875654,0.18423985213692165,0.18317811923674351,0.16318443186535106,0.16763865330263178,0.13435369263850863,0.17725177800316647,0.130268780925444,0.17585832460556225,0.24999999999999947,0.1738574793073191,0.1836870199851675,0.18393545973397973,0.16563974491375436,0.1538287289260249,0.16605109872333698,0.1536306624306146,0.1692990878208746,0.14280802019701344,0.17595260278923933,0.16299313039383134,0.18264604490273592,0.18367214331824114,0.176371603804729,0.1530315246201095,0.16819429846689896,0.15355000406047448,0.17547845860206077,0.1516891450035928,0.18035947228105917,0.17162751714439883,0.18316956678560892,0.18392925000239815,0.16139354200695954,0.17353110230552157,0.13652214858729045,0.18027166438690834,0.13344402831941618,0.17441875106139287,0.13688337367780745,0.17581286472136673,0.1840404012389687,0.18416135260631014,0.18412192687558154,0.18405171135787685,0.18420290585618962,0.18395015444662768,0.18423679857919364,0.18420129704733948,0.18423228903594677,0.18421232265864626,0.184242490702125
0.23935146702949497,0.23899861095205832,0.23917614792335198,0.23942662241105667,0.23915808865308488,0.2394251496548189,0.23938107037281905,0.23944633421991568,0.23919179614002875,0.23944261520161134,0.2380914610643552,0.2134532490832273,0.2189950522329202,0.17886540527908584,0.23116255680057482,0.172248031409397,0.2320126813801981,0.1738574793073191,0.24999999999999936,0.23875852781555496,0.2390868306435907,0.21754813178743518,0.20309328642528254,0.21712876668292883,0.20204241551355864,0.22034643904100282,0.19012354021347838,0.23178294761277868,0.21351351896767867,0.2374658141537902,0.23874492555840043,0.23001853220063784,0.19786234530976024,0.21975951035825567,0.20027233788784582,0.22845804406954334,0.1995493499716928,0.23471276431167212,0.2234749951940893,0.23805737259335294,0.23903841160312247,0.2096484555038904,0.2259853564809798,0.17740848360197156,0.2344580414620968,0.17317524526548017,0.22670265742101825,0.17759384599384268,0.2284498758296453,0.23918725291950999,0.23934357243229018,0.23928935890214417,0.23920548707246503,0.23939460013112918,0.239076698339729,0.23943864790361694,0.23939273980953207,0.2394327872045844,0.23940702539550962,0.23944604552966278
0.24918014280837317,0.2488129319241424,0.2489972371508909,0.2492583850982726,0.24897731342588786,0.2492568443309511,0.24921034905690262,0.24927890345550202,0.2490177932683471,0.24927503370275328,0.2478620922764635,0.22167635171386815,0.22781186039004445,0.18552608512358862,0.24042195555434956,0.17874961098947037,0.2407517593516449,0.1836870199851675,0.23875852781555496,0.24999999999999972,0.24890627131977452,0.22658382108957265,0.21092451761494707,0.22622102107403125,0.21094132458397255,0.22970621841534083,0.19829215235445494,0.2408382255735218,0.22225007341859548,0.24725495819018267,0.2485452764561305,0.2396236084777032,0.20639592218289718,0.2290794641944863,0.2083449678806337,0.23799853951125405,0.20760337771115983,0.24441382831355016,0.23279302464810883,0.24781588489693396,0.2488527729473596,0.21847469956851348,0.23528855459609527,0.18512780058004707,0.24408591280694347,0.1800305453211138,0.23602383207999386,0.18485039560366756,0.237909073140567,0.24900601263470085,0.24917046575848273,0.24911548298992264,0.24903122158007573,0.2492250466979692,0.24889147797853398,0.24927090360200696,0.24922299570097137,0.24926480228966,0.24923808945460937,0.24927860505918284
0.24952682427495929,0.24915907433541942,0.24934364006187903,0.2496051745797148,0.24932366331998163,0.24960363188104695,0.24955706967720617,0.24962572251192391,0.24936417483118908,0.24962184733980258,0.24820692444610795,0.2219828242799695,0.22812336880683762,0.1857841905753685,0.24075858118828014,0.17900138957488368,0.2410981282967207,0.18393545973397973,0.2390868306435907,0.24890627131977452,0.24999999999999947,0.22687363103606098,0.21127038135160064,0.22653143184271535,0.21115831979568034,0.22997026476061375,0.19848640321903382,0.24114733512412578,0.22253163010339397,0.24759580264719158,0.2488914061850174,0.23993292542457473,0.20671766155025537,0.22938386907174213,0.208689728423502,0.23832493644413935,0.20790248974752495,0.24474971938171522,0.23311008041481462,0.24816277621900903,0.24919911188018962,0.21877399231234462,0.2355979950822349,0.18539986286092958,0.24442027660693427,0.1803404739048819,0.236360694731029,0.18511916111584664,0.23823848699507572,0.24935268474325428,0.24951728969745784,0.2494620745583753,0.24937729013478718,0.24957179067220028,0.24923769997668077,0.24961771134789473,0.24956973787165987,0.24961160154221665,0.24958483623733457,0.24962542351516545
0.2271527976430067,0.2268193315122298,0.2269988629070687,0.2272241025743823,0.2269791687349872,0.22722259937671435,0.22718461723540267,0.22724282552869665,0.22700197451205836,0.22723930329998412,0.22587884670859704,0.19964330904388286,0.20718790202291268,0.16481192846839315,0.2195243394199206,0.1597501808786139,0.21939681637418473,0.16563974491375436,0.21754813178743518,0.22658382108957265,0.22687363103606098,0.2499999999999995,0.1888676757218371,0.20641774688551393,0.19356521866866863,0.21113781622652533,0.18161161050898086,0.22079957559631155,0.20328570935307033,0.22543386051011402,0.2265785418458054,0.21908309793956687,0.18735796148977896,0.20898995784331714,0.1893542246782258,0.21673851834287042,0.18867594441032173,0.22285778800947573,0.21207105155119574,0.22589071509291292,0.2268543851849366,0.1987129166684888,0.21512861428750588,0.16720272117385254,0.22271161379616747,0.16249232617224832,0.21489110788040583,0.16811231808723673,0.21672093787261906,0.22699679487478897,0.22714430064893015,0.2270938555852299,0.2270248083331257,0.2271937321515215,0.22690258582547176,0.22723553524531787,0.22719222075781956,0.22722997330416533,0.22720588742563957,0.2272425559017576
0.21150787497230275,0.2111939314271222,0.2113423273368133,0.2115742344610342,0.21131706192707606,0.21157295572106047,0.2115269290362071,0.211591707615877,0.21136000804374033,0.21158842731366467,0.21038875028484805,0.1877795582247579,0.19226407085262515,0.15488138109603894,0.20348135959883065,0.1484239722063055,0.20457789171955773,0.1538287289260249,0.20309328642528254,0.21092451761494707,0.21127038135160064,0.1888676757218371,0.24999999999999956,0.18850915417573932,0.17473359811354786,0.19407133427102527,0.16780625068804225,0.20481374217423823,0.19003028950754441,0.20961065209997587,0.21097321624747836,0.20265671577550892,0.16873415533497524,0.19212447949719702,0.18148974387662434,0.20116191605528877,0.178002392166143,0.20698286477834058,0.19651835129788994,0.2104710492787578,0.21124150248386273,0.18369180768399385,0.19972062333048754,0.15335358587000827,0.20724120637626045,0.1545201323429155,0.200100473006315,0.15714319108791425,0.20126448285040127,0.2113841576792057,0.21151000983828844,0.21145300100127823,0.2113603359236074,0.21154599325215248,0.21128523024691329,0.21158491453036712,0.21154519469277197,0.21157973528145996,0.21155632370444427,0.2115914512203898
0.22678920012089246,0.22645752624940962,0.22663711840780104,0.22686043182251,0.2266252657848188,0.22685892739908334,0.22682076539086807,0.22687907997820433,0.22664467842913522,0.22687555971225098,0.22552803727853288,0.2004300993272753,0.2063771152917797,0.1631440595474707,0.2183834916694396,0.15845160216093865,0.21864431191041733,0.16605109872333698,0.21712876668292883,0.22622102107403125,0.22653143184271535,0.20641774688551393,0.18850915417573932,0.2499999999999994,0.1884080258961252,0.21096777343350234,0.18124508396610076,0.22149888134842172,0.20387809700808304,0.22489887293855662,0.22623322166065804,0.21779813609203286,0.18666836743103557,0.20733726331257457,0.1899690397888021,0.2157992443368157,0.18874973933804162,0.22214127735818504,0.21095407581113756,0.2255961198349441,0.22649785043900358,0.1974902684018127,0.21458258151965162,0.1652985590698523,0.22230162580270615,0.16342737172019892,0.21443512070265117,0.16806171197810485,0.21603694431611234,0.22664512410708665,0.22678535279908796,0.22673035754831708,0.22664596399897474,0.22683007085885007,0.2265466337237709,0.22687180552492905,0.2268289635507431,0.2268662522773645,0.22684169675442314,0.2268788147059537
0.21140108982467248,0.21109087993884826,0.2112560042210318,0.2114674571652076,0.21124317392913494,0.21146605886347242,0.21142652696547598,0.21148487507928934,0.2112657378964307,0.21148159547451723,0.21021804639050987,0.18675202008326272,0.19380244334403093,0.15297913622579637,0.20461582835348385,0.14638169737399448,0.20402834494814273,0.1536306624306146,0.20204241551355864,0.21094132458397255,0.21115831979568034,0.19356521866866863,0.17473359811354786,0.1884080258961252,0.24999999999999956,0.19182951021339048,0.16352437861384087,0.2044282255566352,0.1880850096770788,0.2096645780819709,0.21092779283885607,0.20285531950066404,0.18041680625741935,0.1944783991476983,0.17079616655618077,0.20209025056480903,0.18259098739300075,0.20768267061321857,0.19807406090517934,0.2103848409934919,0.2111288965360367,0.1853274977107438,0.19902113760876725,0.15820559454302746,0.20694315978846198,0.1560284284404637,0.20079539514097666,0.1570824392543103,0.2017156452802379,0.21127215896404186,0.21140691186935165,0.21134623786774584,0.2112612253414073,0.21143918762996472,0.21116517111705474,0.21147809033958423,0.2114377460383591,0.2114729138138665,0.2114495691687025,0.2114846238771581
0.23022391658162342,0.22988699410103966,0.23007175712162792,0.23029621911575596,0.2300639174882598,0.23029469463557423,0.23025598446754228,0.23031516452365186,0.2300796867359983,0.23031158652637787,0.22895569163969554,0.20379822939838188,0.21100610740866552,0.16845532030611032,0.22211781432847427,0.1597696359940176,0.22255610206030213,0.1692990878208746,0.22034643904100282,0.22970621841534083,0.22997026476061375,0.21113781622652533,0.19407133427102527,0.21096777343350234,0.19182951021339048,0.2499999999999992,0.1791788426108711,0.2230407762999527,0.20557513144360798,0.2283039528987654,0.22966050341268154,0.2207289883705456,0.19393872981358765,0.2108795551288074,0.19419849736844802,0.21941899183188818,0.19144299182810984,0.22553309537537278,0.2144727605445175,0.22901739638472193,0.2299270634243664,0.20103614943844775,0.217344451897371,0.16952127017685678,0.2255493036297362,0.16667996013713043,0.21795818668807831,0.17110923398006747,0.2195214949974316,0.2300728013768364,0.23021856040193425,0.23016418023325924,0.23007555349940853,0.23026540585217153,0.22996580036437533,0.2303077729922848,0.23026391262683352,0.230302135671466,0.23027711051951813,0.23031488837721392
0.19874892229412486,0.19845705153306556,0.19860267314862506,0.19881136320060658,0.19858835479062695,0.1988101308086219,0.198771755000405,0.19882768512548105,0.19862593832002504,0.19882460156124468,0.19770500148562173,0.1775703984554373,0.18226419780745895,0.148470235279034,0.19173985544636174,0.13913922241206597,0.19138417456691217,0.14280802019701344,0.19012354021347838,0.19829215235445494,0.19848640321903382,0.18161161050898086,0.16780625068804225,0.18124508396610076,0.16352437861384087,0.1791788426108711,0.24999999999999933,0.19037026708937296,0.17592845317501155,0.1969556268694031,0.19826070190823403,0.18996933774656052,0.16781861759935848,0.1831758356698565,0.17515092012417385,0.18922388361118325,0.15715852541957176,0.19465383303239528,0.18393986542589974,0.19769916062651408,0.19849299226076464,0.1721972389797761,0.18731540167639052,0.14423049052771064,0.19445169019435105,0.14241708779785753,0.18779309214329484,0.14693119541820354,0.18924902115944336,0.19862385597401644,0.19874464909858686,0.19869735628991478,0.19861035354330325,0.19878474047747363,0.19853075065526635,0.1988213144451656,0.1987837439119003,0.1988164477049553,0.19879456162009682,0.19882745690773584
0.2414084238520446,0.2410531867156763,0.24123669412789386,0.24148422521516602,0.24122139077883795,0.24148270665560345,0.2414401909458952,0.24150410660954935,0.2412528554335923,0.24150035516818488,0.24012121135849945,0.21452583089995853,0.22076594597437277,0.17916487577461182,0.2330649985869889,0.17165565543542438,0.23377562076151304,0.17595260278923933,0.23178294761277868,0.2408382255735218,0.24114733512412578,0.22079957559631155,0.20481374217423823,0.22149888134842172,0.2044282255566352,0.2230407762999527,0.19037026708937296,0.24999999999999956,0.21443525665300706,0.2394934286631592,0.24079192575485614,0.23194035526273302,0.20041297737619707,0.22136389849763763,0.20269938326760764,0.23036651942099956,0.2011226771278504,0.23674410810247454,0.2253345154459469,0.24010383444774236,0.24109316965784164,0.21132740621897633,0.2279798916663998,0.17861561192115089,0.23652285937375048,0.17442542618438156,0.2285846329806503,0.1791534483979411,0.23036275117398933,0.24124398736764135,0.24140069711864975,0.24134578265929396,0.24126024350804312,0.2414519278086891,0.24113310982010744,0.24149635397054345,0.2414501308650382,0.2414904428873846,0.24146443978106333,0.24150381514811178
0.2228015789883774,0.22247416024872163,0.2226386943501585,0.22287157530713972,0.22262286780347548,0.22287020746522668,0.22282978615094956,0.2228898788598849,0.2226608127394519,0.22288641826540892,0.2216433178166472,0.19900321718397807,0.20404761344292507,0.167513793285289,0.21486676696803614,0.15949640957654163,0.2149517605077095,0.16299313039383134,0.21351351896767867,0.22225007341859548,0.22253163010339397,0.20328570935307033,0.19003028950754441,0.20387809700808304,0.1880850096770788,0.20557513144360798,0.17592845317501155,0.21443525665300706,0.2499999999999994,0.22087112866354708,0.22222591327804714,0.2136425376283271,0.18273014766212137,0.20344014952264644,0.1867756746863692,0.21202224728668653,0.18367891948972115,0.218243503657026,0.20642423540375418,0.22158996662019914,0.2225137299497504,0.1940079328361307,0.21058229781057083,0.16188847110921337,0.21830832020870206,0.1602750522156756,0.2105144855836067,0.1652097427688132,0.2122704614475078,0.2226546501146776,0.22279388602465092,0.22274376954085107,0.22265847038667286,0.22284173074034255,0.22255536474024606,0.2228827319006885,0.22284044049523755,0.22287727633108848,0.22285315199840158,0.22288961788547373
0.24786772081659644,0.2475024691535412,0.24768632182074532,0.24794554871634325,0.24766664706986954,0.2479440111381944,0.24789778884064487,0.24796596154103376,0.24770619148209147,0.2479621123228447,0.24655259777836191,0.22041761836933188,0.22663122127985258,0.18429196652103727,0.23919866785173433,0.17763302561429495,0.2395006313745942,0.18264604490273592,0.2374658141537902,0.24725495819018267,0.24759580264719158,0.22543386051011402,0.20961065209997587,0.22489887293855662,0.2096645780819709,0.2283039528987654,0.1969556268694031,0.2394934286631592,0.22087112866354708,0.2499999999999995,0.24723759043580662,0.2384239180836554,0.2054627978460791,0.2280916537398802,0.20730590112721498,0.2368460469197017,0.2066556156932387,0.24315795414577543,0.23165765254830986,0.24650922483372747,0.24754165211032425,0.21741739747879799,0.23403302133326045,0.1843815056347087,0.24279532164017906,0.1790795840238026,0.2348154546981506,0.1838903154466093,0.23668773076723398,0.247693908143147,0.247858027766702,0.2478034011922581,0.247720382143614,0.24791238809546837,0.2475799334660674,0.24795800356323167,0.24791031369585081,0.2479519343974909,0.2479253834992044,0.24796566447061186
0.24916455394326356,0.24879732389479528,0.2489816373658267,0.24924279031107618,0.24896178298101546,0.2492412503943779,0.24919478337893555,0.24926330878321823,0.2490021521409956,0.24925943908107803,0.24784714228452484,0.2216770669009058,0.22779274939023048,0.1855557456280058,0.24040873929121698,0.17876893806347982,0.24075493888966273,0.18367214331824114,0.23874492555840043,0.2485452764561305,0.2488914061850174,0.2265785418458054,0.21097321624747836,0.22623322166065804,0.21092779283885607,0.22966050341268154,0.19826070190823403,0.24079192575485614,0.22222591327804714,0.24723759043580662,0.2499999999999995,0.23957272013488945,0.20632834833912844,0.22906232916854743,0.20831621210494888,0.23797037561658582,0.20752960341475368,0.24439412799003823,0.23275235372177078,0.24780018103109322,0.24883729826516623,0.2184279303147148,0.23527198236898633,0.18501314817712589,0.2440679728214435,0.17998414263174894,0.2359889530286786,0.18481856893620294,0.23788197002197953,0.2489905814470818,0.24915483373318179,0.24909989829386003,0.24901534361047656,0.24920945505707867,0.2488761360545705,0.2492553090631127,0.24920741638789742,0.24924920812900372,0.24922249102088642,0.2492630100342137
0.2401957597954109,0.2398422822842743,0.24002443112402852,0.240271174700103,0.2400074766021773,0.24026965438253742,0.2402260573796226,0.24029096051897786,0.2400400625951071,0.24028723042163305,0.23890223567851296,0.21319067451300697,0.21979542997531856,0.17740705803052048,0.2320119874112467,0.17091978866774013,0.23211837176392777,0.176371603804729,0.23001853220063784,0.2396236084777032,0.23993292542457473,0.21908309793956687,0.20265671577550892,0.21779813609203286,0.20285531950066404,0.2207289883705456,0.18996933774656052,0.23194035526273302,0.2136425376283271,0.2384239180836554,0.23957272013488945,0.2499999999999993,0.19729809641691778,0.22104640264483066,0.20049046171580845,0.2302216771782843,0.20043042666331096,0.23593376939929808,0.22461151590300255,0.23885415298521168,0.23987690609511012,0.20962313710048988,0.2268230387090231,0.17690565630044164,0.23532609203597338,0.17236719518105478,0.22719715220589368,0.17780908398908282,0.22922336545541958,0.24002676152081445,0.24018430796766782,0.24013343185111508,0.2400537954663751,0.2402390445948617,0.23992091369706542,0.24028324812466165,0.24023718144885844,0.2402773668192969,0.2402517386833928,0.24029067191351872
0.20688644816925367,0.2065798433459572,0.20673672312296867,0.2069513317470159,0.2067206335323558,0.20695002162188758,0.2069099479178898,0.20696846172536135,0.20674527770746992,0.20696524561293436,0.2057543288634369,0.18279122875377737,0.18862263413736732,0.15100924991833592,0.1997692118573864,0.14819400631192242,0.20008488601874175,0.1530315246201095,0.19786234530976024,0.20639592218289718,0.20671766155025537,0.18735796148977896,0.16873415533497524,0.18666836743103557,0.18041680625741935,0.19393872981358765,0.16781861759935848,0.20041297737619707,0.18273014766212137,0.2054627978460791,0.20632834833912844,0.19729809641691778,0.24999999999999933,0.18670187730083415,0.1689456553318542,0.19711760249651003,0.17351437069945408,0.20303477458397734,0.1939867039804503,0.20572168666583873,0.20661238861788125,0.18016979355748391,0.19497830338063588,0.1505803357199464,0.20249105195972789,0.1477263064450943,0.1960066302715762,0.15322132241524197,0.19752131533493877,0.20673791386468846,0.2068743647516611,0.2068327627475099,0.20675903187863848,0.20692373044488654,0.20664072756907162,0.20696180400684566,0.20692194829195248,0.20695673827610886,0.20693448851139698,0.2069681982843279
