x1,x2,x3,x4,x5,x6,x7,x8,x9,x10,x11,x12,x13,x14,x15,x16,x17,x18,x19,x20,x21,x22,x23,x24,x25,x26,x27,x28,x29,x30,x31,x32,x33,x34,x35,x36,x37,x38,x39,x40,x41,x42,x43,x44,x45,x46,x47,x48,x49,x50,x51,x52,x53,x54,x55,x56,x57,x58,x59,x60
0.25,0.009550782008498354,-0.0642007274081012,0.08192426134491683,0.04588695288653667,-0.10272128670085552,-0.124828779898849,-0.13817185270821458,-0.10911390837626603,-0.13902859083765287,0.13884996519230514,-0.13904761497528673,0.08236003043236649,-0.13903237401147242,0.09846643826730084,-0.1390475870220799,0.12823467523729323,-0.1390476157649201,0.1384045826192453,-0.1390041045395845,-0.10091926118002152,0.10082523298815914,-0.10710692011220707,0.1068866340408595,-0.12472352103407516,0.12385104037104934,-0.13904642328733927,0.13879503988925013,-0.13904756072495125,0.1300602173685791,0.09906570662605992,-0.09917317968342723,0.07016080596677828,-0.08689389498555769,0.07470155778128353,-0.09779431714774788,0.0918216947318781,-0.092163917413475,0.08936997149434038,-0.09079386252127496,0.12962220548555697,-0.13382636140278892,0.023432114733375135,-0.026822629886876972,-0.0894876334639232,0.08882202036220861,-0.09901258943931382,0.08587767938930185,-0.09335274013053724,0.08716032471141286,0.03477029164729218,0.037225288713658725,-0.05111205960400319,0.02958717907104009,0.039720233540177056,0.0619337181446881,0.06885855821702025,0.038567970155238745,0.06399164356831823,0.021155407834323375
0.009550782008498354,0.2500000000000001,-0.09913822195476917,0.02490690472053452,0.05775498979397485,0.005389692419106547,-0.03722832114723253,-0.023248441416784404,-0.050355726224007066,-0.022214050419622326,0.022314986023304475,-0.02220575686033685,0.0417264064043426,-0.022193835338580513,-0.00842652559151456,-0.022205735612064716,0.01667565808149334,-0.022205753692718287,0.0221415416846117,-0.02229535484663688,-0.02142792734570574,0.021403654000361573,-0.02133603397301554,0.021303780046921125,-0.021929049398608312,0.02179082613001399,-0.022205534964611303,0.022161104665551733,-0.02220574779996898,0.020771724088857885,0.02141684718522756,-0.021407464864795854,0.016001553095483935,-0.01652706304868309,0.014312739044367449,-0.01556510536578419,0.014792674227056615,-0.014851613895260313,0.01442797502624798,-0.014662352728204807,0.020644492483964327,-0.021314258494891724,0.003061535730662806,-0.0036577950452112793,-0.01446296429360372,0.014350352986253078,-0.015945901066808855,0.013885384917282221,-0.015069022075737555,0.014090316894965933,0.005254393962061765,0.006191145924146708,-0.0070135295537194445,0.0049950096585126775,0.0063587534789866455,0.00982472099057213,0.010940860186252234,0.006101167174770867,0.009973599589158024,0.0031713596290840616
-0.0642007274081012,-0.09913822195476917,0.24999999999999997,-0.04967747938075828,-0.12547237045744034,-0.0003818688657432913,0.1019802752747325,-0.0367897615022379,0.051778987534097966,-0.04015164051905791,0.03871335893066058,-0.04016760249588741,-0.14622286044381527,-0.040179921184155296,0.07465078296552814,-0.04016764629151567,0.04592731636464507,-0.040167634147823414,0.03970987301708061,-0.03964602876908323,-0.028592146356009547,0.02860652851205343,-0.03563095419205452,0.03552905589948721,-0.037763074610425544,0.03745639034265985,-0.0401672706197627,0.04009743655202498,-0.04016759607476263,0.03768141995727522,0.026363237804140374,-0.026562874146403292,0.018805224454921835,-0.021263478961873847,0.017921601604083993,-0.025654397164430423,0.024315806533592162,-0.024417415490151622,0.023673309121429623,-0.02407769757649129,0.03752892458034899,-0.03875202553926846,0.009281455844637703,-0.0102698252506352,-0.023740204350937186,0.02355223927497809,-0.026857778102029623,0.02272979391431285,-0.025026969161612796,0.023088293617533652,0.008915189337807914,0.008899853244743324,-0.0159585373136949,0.006983434807896818,0.009913415843798156,0.01744798056474903,0.01972231029790805,0.010155183599911468,0.019195486488317152,0.0063984091912598256
0.08192426134491683,0.02490690472053452,-0.04967747938075828,0.2500000000000001,-0.02045112329961898,-0.010663059059089158,-0.03827590798323384,-0.1101621613683777,-0.054974467674284655,-0.11235956226420059,0.11280435774074393,-0.11237512794760963,0.017915307770697057,-0.1123613219229336,0.0788980520434599,-0.11237511820706395,0.1039965224990984,-0.11237514424404575,0.11171540145009139,-0.11211796333658151,-0.08223552384715063,0.08217187961313202,-0.08868392472794227,0.08849664950557834,-0.10163219798777692,0.10090671747215738,-0.11237415738625749,0.11217115002685177,-0.11237509334281862,0.10513924439504724,0.08024999526566279,-0.0803865631685005,0.05699487632705883,-0.06942348314346418,0.059583970987057144,-0.0781904046631232,0.07351536777741742,-0.07379351860521305,0.07155915271228769,-0.07270878057727377,0.10477605110055489,-0.10817587823789397,0.01962934414869874,-0.02238110756845589,-0.07166725229433993,0.07112970600506328,-0.07947743229311707,0.06876007170115078,-0.07484415214152043,0.06979280629757402,0.027684630348343918,0.029526621128687137,-0.04150671505062531,0.02344955839573012,0.03159876205614899,0.049899333071434335,0.05558594278697589,0.030841212786256605,0.05190573866968022,0.01715587550498101
0.04588695288653667,0.05775498979397485,-0.12547237045744034,-0.02045112329961898,0.24999999999999994,-0.01920567510236336,-0.10259125368034196,0.013417178843194663,-0.08492161524688834,0.017260540552437465,-0.017880618086545234,0.01728374969644094,0.12195442739517397,0.01728413578872115,-0.010329678861849751,0.01728375988682643,-0.02416646333225526,0.017283777822479685,-0.016995406500855827,0.016838798036582007,0.004582734245937989,-0.004616631711608237,0.009955153619038726,-0.009915351346941336,0.013575053643913622,-0.013443529537024858,0.017283617353603894,-0.017259708592103323,0.01728375501002561,-0.016217009789037985,-0.0030970293212756986,0.003246152655430131,-0.0009872916699376548,0.004731611998167168,-0.0036960841851442173,0.010528505845814554,-0.009757530767723913,0.009795908742585667,-0.009454935887072642,0.009617447870561019,-0.016245976715016396,0.01677277530926455,-0.005383023397692564,0.005732411521878405,0.009465633311625343,-0.009394661920431539,0.010950906981991297,-0.009040121807619022,0.010075746640059186,-0.009191375000875572,-0.003928617543566166,-0.003063746922886753,0.008719435911700614,-0.002250986140828433,-0.0038640626332708304,-0.007489165625485174,-0.008518745265929545,-0.004205244822184705,-0.008761126500353584,-0.003096130688655013
-0.10272128670085552,0.005389692419106547,-0.0003818688657432913,-0.010663059059089158,-0.01920567510236336,0.2500000000000002,0.11686806009236785,0.08822136743144757,0.05323819177929097,0.08933426537521855,-0.08844288388650386,0.08935312151517924,-0.03558079792381758,0.08933774229608113,-0.048591759398799596,0.0893530900206414,-0.08861282578400193,0.08935312365702863,-0.08895911989207646,0.08930588039692366,0.06492586026206393,-0.06487477255267438,0.06931442378324085,-0.06917651742373947,0.08027769132243266,-0.07972054961283052,0.08935235763872236,-0.08919095980238857,0.08935308569743801,-0.08358870586999685,-0.06360300724176951,0.06368334496769769,-0.04506711698615061,0.05557155573237315,-0.04774703390752674,0.06255222312941093,-0.058756317598569904,0.058976714917780684,-0.05718894114351064,0.05810334217537635,-0.08330302601161786,0.08600469399909506,-0.015257701186870008,0.017438207926396616,0.057267826682533676,-0.056840385512885186,0.0634300843289015,-0.05495172365073838,0.059770760120472395,-0.05577458701206392,-0.02218227640560178,-0.023726376966071886,0.03292623201306278,-0.018842674457859077,-0.025343820467698553,-0.0397441062868797,-0.04422583224179851,-0.02466505020670749,-0.041189826480075124,-0.013614533961563478
-0.124828779898849,-0.03722832114723253,0.1019802752747325,-0.03827590798323384,-0.10259125368034196,0.11686806009236785,0.2500000000000001,0.05945541817701344,0.060489610642982965,0.0593732341451699,-0.05863507032394098,0.05938820496792136,-0.1524418807804496,0.059373145698013496,-0.018767779745357357,0.059388162876495454,-0.058532988556475166,0.05938818420136042,-0.05921666288294144,0.059609374665821516,0.033861749654247174,-0.033798528208771536,0.0336974460803653,-0.03364293532720906,0.048050682622941675,-0.04774390014694146,0.05938775254159153,-0.05928542550402272,0.059388178643233175,-0.05543417235808413,-0.0342514744954444,0.03418595952020842,-0.022578178535167488,0.035866380995333264,-0.030971148120933285,0.04436811642637652,-0.04111332467709623,0.041248916973293984,-0.039952695931239963,0.04055476038376127,-0.05538490679148457,0.057176459057516275,-0.008901265541198059,0.010240016296786046,0.03994225892226529,-0.03966540906007509,0.04372718960531431,-0.03837111579735645,0.041449360495205555,-0.03893037096122607,-0.01650894724869635,-0.017225290380664303,0.02280731877516542,-0.013648938040282641,-0.018444186418847253,-0.027003309322841923,-0.02967775232801566,-0.017534949216376664,-0.02710306152334134,-0.009145304665170818
-0.13817185270821458,-0.023248441416784404,-0.0367897615022379,-0.1101621613683777,0.013417178843194663,0.08822136743144757,0.05945541817701344,0.24999999999999994,0.13544573080892894,0.24559257409937751,-0.24349837245427286,0.24561908149743042,0.0003750593851584342,0.2456034826181761,-0.20462359131072144,0.2456190829536876,-0.23233535006534126,0.2456191196440629,-0.2441637480508184,0.24502267915052683,0.18708273062521677,-0.18694581267913146,0.2020557698376091,-0.20162386308289576,0.22581899604235878,-0.22420995841433683,0.2456169585179693,-0.24516874820849863,0.24561900177980045,-0.22987386005785873,-0.18228075784654027,0.18262031129609188,-0.1307748027388545,0.15379265074566387,-0.1319944365644023,0.16968944877122097,-0.15991042717099618,0.1605256890694607,-0.1557037944135729,0.1582234814064411,-0.22896634968317112,0.2364000650509499,-0.04306401243714328,0.049160729010023455,0.15597839690345044,-0.15479634313989146,0.17315165589304876,-0.14963661964103617,0.16297972805542205,-0.15188881704842347,-0.05961386035234729,-0.06408115020908432,0.08961303040435342,-0.05096406316428042,-0.06841599481566676,-0.10878136214070103,-0.12134359756409947,-0.0669040584650381,-0.11341082478454409,-0.03733131014639688
-0.10911390837626603,-0.050355726224007066,0.051778987534097966,-0.054974467674284655,-0.08492161524688834,0.05323819177929097,0.060489610642982965,0.13544573080892894,0.2500000000000003,0.1318169844262393,-0.13030199903502612,0.13179223209551605,-0.039315679801824,0.13177681473187605,-0.0915108719770364,0.13179221181529013,-0.12187047118886722,0.1317922355931621,-0.13169070301157362,0.13233562158120138,0.11626234611008227,-0.11616313933478796,0.1216886845938133,-0.12143787934525474,0.12757764711071515,-0.12673442204135146,0.13179105131245045,-0.13153830870357672,0.13179217738082355,-0.12341496069045586,-0.11419603981257691,0.1143223207193497,-0.08436906015793653,0.08999533124548785,-0.07752730388169848,0.09060732723021352,-0.0859527092608021,0.0862959668545618,-0.0837839292904778,0.08515610101653757,-0.12269840007374759,0.12668386243011473,-0.02136957964337397,0.024807689423862668,0.08398398309013563,-0.08333128730030696,0.09312258062054726,-0.08058140512918491,0.08772530862283266,-0.08178887341174446,-0.030985408114885985,-0.03491924301898204,0.04478137756706192,-0.02798765763267449,-0.03659160923333385,-0.05812519650236121,-0.06492568035906376,-0.03562187590896799,-0.06019574041035059,-0.019444952455655706
-0.13902859083765287,-0.022214050419622326,-0.04015164051905791,-0.11235956226420059,0.017260540552437465,0.08933426537521855,0.0593732341451699,0.24559257409937751,0.1318169844262393,0.25000000000000006,-0.24784459469737857,0.2499711586881691,0.0015101785389854724,0.24995555214529025,-0.20896496443601517,0.2499711606891539,-0.23656039283389405,0.24997119782647598,-0.24847337274421066,0.2493411961665686,0.18968148163542167,-0.189543065429204,0.2050018706876814,-0.20456315193896443,0.22952055948714495,-0.22788288149449729,0.2499690000391285,-0.2495133844439144,0.24997107778303812,-0.23394366738269562,-0.18478124001514026,0.185128277494428,-0.13245720218112436,0.15620338418145063,-0.13405278643543533,0.17273267389180447,-0.1627509793074314,0.1633765304281096,-0.15846536675903236,0.16102882857695536,-0.23303002059842493,0.2405955291336282,-0.04388959710892914,0.050086749893039385,0.1587422293242911,-0.1575400400516406,0.17622093537004443,-0.15228786878744957,0.16586724382024423,-0.15458009321842642,-0.06072251930312556,-0.06520402802713594,0.0913429968574586,-0.05184780095798704,-0.06964340275614911,-0.11072266269089984,-0.12350304695723778,-0.06810824474088949,-0.1154456399362742,-0.03801749948367037
0.13884996519230514,0.022314986023304475,0.03871335893066058,0.11280435774074393,-0.017880618086545234,-0.08844288388650386,-0.05863507032394098,-0.24349837245427286,-0.13030199903502612,-0.24784459469737857,0.2500000000000001,-0.24787309304380006,-0.0021629762332366913,-0.24785751062904435,0.20692998428536005,-0.24787309463233825,0.2345487935538026,-0.24787313177936737,0.24638376943784093,-0.24724376540440826,-0.18798987222587105,0.18785287950637433,-0.203220467826502,0.20278543167690344,-0.22756469032503318,0.2259407515001995,-0.247870952346329,0.2474192365704097,-0.2478730126905585,0.23198099227794466,0.18312497037607012,-0.18347002268736445,0.1312544545974449,-0.15483289667909958,0.13287328458696313,-0.17127552117170788,0.16137526672733618,-0.16199549894183515,0.15712528926272917,-0.15966708720855316,0.23107543220983287,-0.23857747842776345,0.04354123717538563,-0.04968541457938386,-0.15739962395545798,0.15620765310735718,-0.17473357971990372,0.15099956517732133,-0.16446561157714748,0.15327250813583013,0.06021412791339999,0.06464615496842763,-0.09060079062446613,0.05140247380920804,0.06905327470836176,0.1097930076398561,0.12246685983647905,0.0675342663036196,0.11448342801749935,0.03770302090246818
-0.13904761497528673,-0.02220575686033685,-0.04016760249588741,-0.11237512794760963,0.01728374969644094,0.08935312151517924,0.05938820496792136,0.24561908149743042,0.13179223209551605,0.2499711586881691,-0.24787309304380006,0.25000000000000006,0.0014999275653046176,0.24998411532561873,-0.2089930886534687,0.24999972395970516,-0.23658749256131056,0.24999976109958316,-0.24850171952953737,0.2493696168022465,0.18969462941393553,-0.18955620139895432,0.2050170601680619,-0.20457830433161694,0.2295430024882012,-0.22790515085045104,0.2499975630911823,-0.24954190142411337,0.24999964104475383,-0.23397035241666106,-0.18479393211943582,0.18514100325538763,-0.13246493439761392,0.15621800671429387,-0.13406525708380163,0.17275320275056633,-0.16276995937663644,0.16339557427223764,-0.15848379438854057,0.16104753963816096,-0.23305671637455486,0.24062308877252217,-0.0438950080295256,0.050092777089258196,0.15876065263129513,-0.15755833509433104,0.17624132084621263,-0.15230554765072618,0.16588645392155474,-0.15459803706914793,-0.06073023132499908,-0.065211579506379,0.0913549707740161,-0.051853704662800246,-0.06965175130690902,-0.11073553915617303,-0.12351729379955066,-0.06811638306959113,-0.11545903777662898,-0.03802209940517994
0.08236003043236649,0.0417264064043426,-0.14622286044381527,0.017915307770697057,0.12195442739517397,-0.03558079792381758,-0.1524418807804496,0.0003750593851584342,-0.039315679801824,0.0015101785389854724,-0.0021629762332366913,0.0014999275653046176,0.2499999999999999,0.0014845723946658616,-0.01410340951611253,0.001499958179902817,-0.011424625835858968,0.0014999634089859447,-0.0011934294139530994,0.0009484667466788502,0.011976038927165991,-0.012029221453322978,0.019401054908403877,-0.019341252674790612,0.009178715600940327,-0.009092076898951584,0.00149986055882036,-0.0014921807646448148,0.001499931086643681,-0.0016167597275119296,-0.009740171494711469,0.009985930205830712,-0.00899223830315659,-4.020130248902634e-5,0.00046006965715902535,-0.003847463004185363,0.002801403223417189,-0.0027828653136398288,0.002647993071499597,-0.002629524568127818,-0.0014253605876476977,0.0014816986988853186,-0.003293860588568398,0.003471396613955936,-0.0025503147119313317,0.002563908142976297,-0.0018558146852476393,0.0025317050479238576,-0.0022191758979277043,0.0025399072639011055,0.0024160567244368605,0.0024594897316509955,0.00012201896711830845,0.0019594983472868157,0.002427516967223787,0.0003046031880884027,-0.00030023462500628525,0.0015450808173307637,-0.0014384068189925337,-0.0002811025075409448
-0.13903237401147242,-0.022193835338580513,-0.040179921184155296,-0.1123613219229336,0.01728413578872115,0.08933774229608113,0.059373145698013496,0.2456034826181761,0.13177681473187605,0.24995555214529025,-0.24785751062904435,0.24998411532561873,0.0014845723946658616,0.25,-0.20900813423734166,0.24998411734998066,-0.23657236222223416,0.24998415446693728,-0.24848617277461593,0.2493540116753748,0.1896793896905864,-0.1895409687028539,0.20500149472829782,-0.2045627629982945,0.22952741509210658,-0.22788966678321607,0.24998195662414474,-0.2495263259712915,0.249984034420397,-0.23395574419959653,-0.18477893506637574,0.18512599750571587,-0.132453687259966,0.15620668545611835,-0.134055479121591,0.17274256066044255,-0.1627598110044272,0.1633853839799882,-0.15847389348800262,0.16103747457874498,-0.2330421998814927,0.24060810124872298,-0.04389263219570132,0.050089979585000534,0.158750723229139,-0.15754848457570492,0.17623030858811403,-0.1522960205173729,0.1658760794959432,-0.15458836727606778,-0.060726690378994266,-0.06520742543263511,0.09134995705262963,-0.05185036258869078,-0.06964746114324193,-0.11072868836264109,-0.12350962683657746,-0.06811221218276924,-0.11545195884787501,-0.03801984874909237
0.09846643826730084,-0.00842652559151456,0.07465078296552814,0.0788980520434599,-0.010329678861849751,-0.048591759398799596,-0.018767779745357357,-0.20462359131072144,-0.0915108719770364,-0.20896496443601517,0.20692998428536005,-0.2089930886534687,-0.01410340951611253,-0.20900813423734166,0.25,-0.20899314887001477,0.19686970920048597,-0.20899312554945224,0.2076518233229868,-0.20836398705497206,-0.15106692580197126,0.15094840186986969,-0.16593307779045086,0.1655559748229947,-0.18941728769312047,0.1880455485973625,-0.208991352955951,0.20861619701575435,-0.20899302521897103,0.19559800436343014,0.1467785123334939,-0.14711549467449866,0.10414820369871504,-0.12682217341919927,0.10866486926598952,-0.1444392263059538,0.13584834780898933,-0.13636547800968804,0.13222785004638832,-0.13436142978173451,0.19490869588022516,-0.20123660703256388,0.03773020210995158,-0.04283732968441423,-0.13243798779776328,0.13144162439893745,-0.14711198725433067,0.12704388076688453,-0.1384139763337429,0.12895994451464396,0.051166337766088525,0.0541293562757865,-0.07798094855575681,0.04294307096682038,0.058172036782765016,0.0926538260141057,0.10333092011336002,0.057003981349003446,0.09687607208090673,0.03207924789508531
-0.1390475870220799,-0.022205735612064716,-0.04016764629151567,-0.11237511820706395,0.01728375988682643,0.0893530900206414,0.059388162876495454,0.2456190829536876,0.13179221181529013,0.2499711606891539,-0.24787309463233825,0.24999972395970516,0.001499958179902817,0.24998411734998066,-0.20899314887001477,0.2500000000000001,-0.23658749462599257,0.24999976310247207,-0.248501721411374,0.24936961865421658,0.1896946260356609,-0.18955619802207302,0.20501705914685137,-0.20457830329398718,0.2295430030787456,-0.22790515141884818,0.24999756509409604,-0.2495419034274472,0.24999964304763886,-0.2339703543128563,-0.18479392835159097,0.18514099954843577,-0.13246493104323281,0.15621800494717578,-0.13406525539616787,0.17275320373056496,-0.16276996018187878,0.16339557507920557,-0.15848379514588196,0.16104754040881328,-0.23305671830591213,0.24062309076746138,-0.043895009448443274,0.050092778512431414,0.1587606533825965,-0.15755833584224568,0.17624132183542948,-0.15230554835695245,0.16588645476956174,-0.15459803779154144,-0.06073023188164352,-0.0652115794831691,0.09135497272160034,-0.051853704567659135,-0.06965175157716817,-0.11073554002354828,-0.12351729480852136,-0.06811638349413826,-0.11545903904223187,-0.03802209994286516
0.12823467523729323,0.01667565808149334,0.04592731636464507,0.1039965224990984,-0.02416646333225526,-0.08861282578400193,-0.058532988556475166,-0.23233535006534126,-0.12187047118886722,-0.23656039283389405,0.2345487935538026,-0.23658749256131056,-0.011424625835858968,-0.23657236222223416,0.19686970920048597,-0.23658749462599257,0.24999999999999997,-0.23658753063695454,0.23514690882205164,-0.23596021350825602,-0.1787440733495378,0.17861562506921344,-0.19367975735744333,0.19326538530390427,-0.21706307078612652,0.2155190754609379,-0.2365854666045163,0.23615494014199195,-0.23658741658163496,0.22142614848406436,0.17402768222169993,-0.1743677914741618,0.12464989208229064,-0.14730628938684986,0.12638468126939528,-0.16338254032581093,0.15392618201293953,-0.15451776326610675,0.1498688795750292,-0.15229385345270413,0.2205647140948034,-0.22772582664794833,0.04174675922502656,-0.047604983774516246,-0.15013012515269067,0.14899334760451738,-0.16669377229394436,0.1440228580386813,-0.1568823947847203,0.14619183188966287,0.057466394458961415,0.06159955830847252,-0.08666166795001347,0.048968511553538756,0.0658464684264093,0.10478490245209834,0.11689120835960168,0.06442822043888757,0.10932874389727454,0.036023074524063815
-0.1390476157649201,-0.022205753692718287,-0.040167634147823414,-0.11237514424404575,0.017283777822479685,0.08935312365702863,0.05938818420136042,0.2456191196440629,0.1317922355931621,0.24997119782647598,-0.24787313177936737,0.24999976109958316,0.0014999634089859447,0.24998415446693728,-0.20899312554945224,0.24999976310247207,-0.23658753063695454,0.25000000000000006,-0.24850175835037364,0.24936965571192243,0.1896946600866211,-0.18955623205853728,0.20501709400287071,-0.20457833809005305,0.22954303914997135,-0.22790518724211856,0.24999760223359696,-0.2495419404950044,0.2499996801875021,-0.23397038906899179,-0.18479396166018588,0.18514103287875916,-0.13246495576426,0.15621803091957717,-0.13406527780777774,0.17275322931670387,-0.16276998449115895,0.1633955994859876,-0.15848381884972998,0.16104756450081267,-0.23305675286959027,0.24062312645443312,-0.04389501526832782,0.05009278531039956,0.1587606771455667,-0.15755835941995947,0.17624134815484696,-0.15230557115988697,0.16588647957976346,-0.15459806093512268,-0.06073024059293802,-0.0652115894258814,0.09135498509117834,-0.051853712553213784,-0.06965176193922662,-0.11073555640455887,-0.12351731309985908,-0.06811639355117813,-0.11545905593888563,-0.038022105375769125
0.1384045826192453,0.0221415416846117,0.03970987301708061,0.11171540145009139,-0.016995406500855827,-0.08895911989207646,-0.05921666288294144,-0.2441637480508184,-0.13169070301157362,-0.24847337274421066,0.24638376943784093,-0.24850171952953737,-0.0011934294139530994,-0.24848617277461593,0.2076518233229868,-0.248501721411374,0.23514690882205164,-0.24850175835037364,0.2500000000000001,-0.249110694897852,-0.1884214169379319,0.1882846233757027,-0.2036770969311896,0.20324068214165844,-0.22811612204647624,0.22648422113844946,-0.24849956837832451,0.24804664895519601,-0.24850163887534008,0.2325905221166904,0.1835521526981198,-0.18389751280506447,0.13155851614598435,-0.155226574043173,0.13321333918813433,-0.17172629499842304,0.16179777562960176,-0.16241953105343926,0.1575366100732808,-0.1600848429288331,0.23166133946630674,-0.2391824226899708,0.04364224159478578,-0.04980139022074007,-0.15781132714905485,0.1566163538239268,-0.1751870787279152,0.15139483358014905,-0.16489421079952007,0.15367361879275163,0.06037711038764964,0.0648201133433101,-0.09083211632931658,0.05154100624964204,0.0692385721879905,0.11007490536433731,0.12277904051937083,0.06771252274057103,0.11477116442756441,0.03779853076831705
-0.1390041045395845,-0.02229535484663688,-0.03964602876908323,-0.11211796333658151,0.016838798036582007,0.08930588039692366,0.059609374665821516,0.24502267915052683,0.13233562158120138,0.2493411961665686,-0.24724376540440826,0.2493696168022465,0.0009484667466788502,0.2493540116753748,-0.20836398705497206,0.24936961865421658,-0.23596021350825602,0.24936965571192243,-0.249110694897852,0.25000000000000006,0.1890890185910295,-0.18895166987970174,0.2043873405979165,-0.20394967410200798,0.22891307257889457,-0.22727663105307894,0.24936745978743763,-0.24891297965417689,0.24936953597739298,-0.23342196980652166,-0.18420491388661142,0.1845511650925016,-0.13202200961209704,0.15577308787982105,-0.13368055941108425,0.17232351157076037,-0.16235944588116655,0.16298338015802158,-0.15808325356224243,0.16064038032620853,-0.23247045024934837,0.24001774481709873,-0.043793898912077175,0.04997465689094987,0.15835888091736355,-0.1571597364093331,0.17579605762395512,-0.15192003265655762,0.16546678186108876,-0.15420675588609026,-0.06058414537568568,-0.06504413114714247,0.09114912204968083,-0.05171849433775697,-0.06947750193347374,-0.11045839297739055,-0.1232073545612694,-0.06794700985945978,-0.11517263414528894,-0.03793039706685482
-0.10091926118002152,-0.02142792734570574,-0.028592146356009547,-0.08223552384715063,0.004582734245937989,0.06492586026206393,0.033861749654247174,0.18708273062521677,0.11626234611008227,0.18968148163542167,-0.18798987222587105,0.18969462941393553,0.011976038927165991,0.1896793896905864,-0.15106692580197126,0.1896946260356609,-0.1787440733495378,0.1896946600866211,-0.1884214169379319,0.1890890185910295,0.2500000000000002,-0.24981456343155534,0.23466242629367895,-0.23422835384581225,0.21014465047778522,-0.20855383661105825,0.1896924774671943,-0.1892746071488473,0.18969453564100905,-0.17757358830340148,-0.24509548804840658,0.2447974833445939,-0.192142112961927,0.16965459633922292,-0.1480322935123777,0.13166719987658976,-0.12773026542612367,0.1282841020217778,-0.125023175401037,0.1271050327375247,-0.17571171487088338,0.18146450712252366,-0.019827882212857806,0.025555194279316476,0.12555228514209962,-0.12451720849443414,0.13774179091984645,-0.12060627635742883,0.1306039455344504,-0.12235782654447426,-0.041972807216164566,-0.05551518862836878,0.04710827245025823,-0.04580055083001572,-0.0545587588940019,-0.08321141061688372,-0.09287282867506592,-0.05152961143390811,-0.08250246490386319,-0.024867455969973373
0.10082523298815914,0.021403654000361573,0.02860652851205343,0.08217187961313202,-0.004616631711608237,-0.06487477255267438,-0.033798528208771536,-0.18694581267913146,-0.11616313933478796,-0.189543065429204,0.18785287950637433,-0.18955620139895432,-0.012029221453322978,-0.1895409687028539,0.15094840186986969,-0.18955619802207302,0.17861562506921344,-0.18955623205853728,0.1882846233757027,-0.18895166987970174,-0.24981456343155534,0.2500000000000002,-0.23453872414168897,0.23410494649344676,-0.21001291626947358,0.20842323067217305,-0.18955405057000477,0.18913647357594862,-0.18955610768053546,0.1774441611254019,0.24493039926913385,-0.2446336009926199,0.1920144434882817,-0.16951930096251777,0.14791226652432232,-0.1315547148401809,0.12762349503224205,-0.12817696361580097,0.12491883218192236,-0.1269991585740735,0.17558379718955294,-0.18133239327849493,0.01982577262343979,-0.02554922557640313,-0.12544780898306965,0.12441348698760317,-0.13763064193827487,0.12050561370497286,-0.13049682798026063,0.12225580859256045,0.041933255187716255,0.055463927305632016,-0.04707611906067265,0.045758239013394764,0.054508895148552824,0.08314750084896264,0.09280367558460607,0.051485338417822726,0.08244564165837627,0.024850123381786646
-0.10710692011220707,-0.02133603397301554,-0.03563095419205452,-0.08868392472794227,0.009955153619038726,0.06931442378324085,0.0336974460803653,0.2020557698376091,0.1216886845938133,0.2050018706876814,-0.203220467826502,0.2050170601680619,0.019401054908403877,0.20500149472829782,-0.16593307779045086,0.20501705914685137,-0.19367975735744333,0.20501709400287071,-0.2036770969311896,0.2043873405979165,0.23466242629367895,-0.23453872414168897,0.2500000000000002,-0.2495554220549967,0.22547039620248394,-0.22387066313664722,0.2050149072589992,-0.20458620031713054,0.20501696526201693,-0.19223738527606232,-0.2297762927239468,0.23010765317089094,-0.17744750642089682,0.15939488110835426,-0.13771277742456606,0.13352642831824588,-0.12902720265816858,0.12961434482686063,-0.12610253742178584,0.1282912066624391,-0.19048881597746486,0.196668340905204,-0.03134337399130049,0.03727389917935182,0.1266468855899471,-0.12557685664401358,0.1414802330511385,-0.12143123970433492,0.13281529745337634,-0.12327770924712332,-0.041419961563837315,-0.052071474493067677,0.06037678504758545,-0.042101285855997685,-0.05275410434355649,-0.08845994650642791,-0.09989769311194004,-0.05200077230939105,-0.09286915670632781,-0.028696692506531125
0.1068866340408595,0.021303780046921125,0.03552905589948721,0.08849664950557834,-0.009915351346941336,-0.06917651742373947,-0.03364293532720906,-0.20162386308289576,-0.12143787934525474,-0.20456315193896443,0.20278543167690344,-0.20457830433161694,-0.019341252674790612,-0.2045627629982945,0.1655559748229947,-0.20457830329398718,0.19326538530390427,-0.20457833809005305,0.20324068214165844,-0.20394967410200798,-0.23422835384581225,0.23410494649344676,-0.2495554220549967,0.2500000000000001,-0.22503501788141447,0.22343699874576242,-0.20457615345163388,0.20414863919610965,-0.20457820973181873,0.19182588447577345,0.22935071532317652,-0.22968194102073508,0.17710943003333046,-0.15905561608597674,0.13740992486165138,-0.13320516978911875,0.12871919091182718,-0.12930517251911333,0.12580258566966362,-0.12798651496004446,0.1900814603322048,-0.19624767992113895,0.03128992456101512,-0.037208948646714056,-0.12634581254921393,0.12527806243354067,-0.1411529221833129,0.12114180491990181,-0.13250347053473613,0.12298414188851853,0.04130537772960023,0.051937311568520224,-0.060247430351356886,0.04199082186583754,0.05261724252332772,0.08826273443619899,0.09968016266061498,0.05187310276928874,0.09267683481284857,0.028635572044180442
-0.12472352103407516,-0.021929049398608312,-0.037763074610425544,-0.10163219798777692,0.013575053643913622,0.08027769132243266,0.048050682622941675,0.22581899604235878,0.12757764711071515,0.22952055948714495,-0.22756469032503318,0.2295430024882012,0.009178715600940327,0.22952741509210658,-0.18941728769312047,0.2295430030787456,-0.21706307078612652,0.22954303914997135,-0.22811612204647624,0.22891307257889457,0.21014465047778522,-0.21001291626947358,0.22547039620248394,-0.22503501788141447,0.24999999999999997,-0.2483580393775655,0.22954084691942536,-0.22909885684772058,0.2295429152142152,-0.2150273461944901,-0.2052505758644623,0.20558314662321214,-0.1529216883212234,0.1766707745309968,-0.15452165746941413,0.1531443312229394,-0.1432011379750118,0.14382385438638376,-0.13931681737581852,0.14170412077674258,-0.21366351171456802,0.22016638042607115,-0.02355364849405746,0.02967032507789571,0.13944124018078602,-0.1382997535990496,0.1567162386555298,-0.13361824798513433,0.14648143495112811,-0.13568252804960076,-0.04255913765882673,-0.058234110505974254,0.07272612949330472,-0.04433415480211281,-0.05784061293498653,-0.09891832305092794,-0.11169858498725674,-0.057361645038581995,-0.10481645107091475,-0.03217931439252885
0.12385104037104934,0.02179082613001399,0.03745639034265985,0.10090671747215738,-0.013443529537024858,-0.07972054961283052,-0.04774390014694146,-0.22420995841433683,-0.12673442204135146,-0.22788288149449729,0.2259407515001995,-0.22790515085045104,-0.009092076898951584,-0.22788966678321607,0.1880455485973625,-0.22790515141884818,0.2155190754609379,-0.22790518724211856,0.22648422113844946,-0.22727663105307894,-0.20855383661105825,0.20842323067217305,-0.22387066313664722,0.22343699874576242,-0.2483580393775655,0.2500000000000001,-0.22790710999004937,0.22746759926094734,-0.22790506533342936,0.21346729200804565,0.20368273827523575,-0.20401493372403628,0.15141902249499212,-0.17512265218749812,0.1530275933204256,-0.15161101999176374,0.1416828425933177,-0.1423015169197536,0.13781697674741583,-0.14018540168901086,0.2121551771085042,-0.21860686280257627,0.02358580126668703,-0.02965941736778273,-0.13793720052200928,0.13680516556236447,-0.15518679683634254,0.13216335543711874,-0.14496694025976214,0.13421010397991315,0.04185550802436818,0.057433368170830106,-0.07241459943079136,0.04363721153435341,0.05704479989840237,0.09809942553014613,0.11085028961520313,0.05670093993827805,0.10420925798895037,0.03198255276933578
-0.13904642328733927,-0.022205534964611303,-0.0401672706197627,-0.11237415738625749,0.017283617353603894,0.08935235763872236,0.05938775254159153,0.2456169585179693,0.13179105131245045,0.2499690000391285,-0.247870952346329,0.2499975630911823,0.00149986055882036,0.24998195662414474,-0.208991352955951,0.24999756509409604,-0.2365854666045163,0.24999760223359696,-0.24849956837832451,0.24936745978743763,0.1896924774671943,-0.18955405057000477,0.2050149072589992,-0.20457615345163388,0.22954084691942536,-0.22790710999004937,0.2500000000000001,-0.24954385081209962,0.24999748225638854,-0.23396825872421048,-0.18479189761666454,0.185138942091837,-0.13246716812611253,0.1562202167226418,-0.13406751884103804,0.17275538493545683,-0.16277215908431705,0.16339776449033525,-0.15848599776037858,0.1610497331664354,-0.23305457013641923,0.24062092637650284,-0.0438928498869582,0.0500905525388892,0.15876285322683156,-0.157560537995012,0.1762427159001412,-0.15230775016237844,0.16588830979644853,-0.15460023966826544,-0.06073238069522061,-0.06521378016372394,0.09135275946427164,-0.05185590013251174,-0.06965384121573939,-0.11073538852045679,-0.1235165830037509,-0.06811757261002878,-0.11545703590023869,-0.038021519041089795
0.13879503988925013,0.022161104665551733,0.04009743655202498,0.11217115002685177,-0.017259708592103323,-0.08919095980238857,-0.05928542550402272,-0.24516874820849863,-0.13153830870357672,-0.2495133844439144,0.2474192365704097,-0.24954190142411337,-0.0014921807646448148,-0.2495263259712915,0.20861619701575435,-0.2495419034274472,0.23615494014199195,-0.2495419404950044,0.24804664895519601,-0.24891297965417689,-0.1892746071488473,0.18913647357594862,-0.20458620031713054,0.20414863919610965,-0.22909885684772058,0.22746759926094734,-0.24954385081209962,0.25000000000000017,-0.24954182044773981,0.23352334710785208,0.18438001239970733,-0.18472663628362848,0.1321022937012944,-0.1558424166705894,0.13370791189939335,-0.17236432660821976,0.16239068493006895,-0.1630151665933625,0.15811367046970917,-0.16067225360184592,0.2326328218508914,-0.2401853446877575,0.043866143449870894,-0.050052138449674884,-0.15838890016108093,0.1571890688342133,-0.17585326502769236,0.15194681306549523,-0.16550803532337965,0.15423466492776286,0.06056499239850691,0.0650276523197498,-0.09123886393698068,0.05169629984061976,0.06946506561039306,0.11051655472033829,0.12328427357194371,0.06795427230628577,0.11527365855962145,0.037961611866924753
-0.13904756072495125,-0.02220574779996898,-0.04016759607476263,-0.11237509334281862,0.01728375501002561,0.08935308569743801,0.059388178643233175,0.24561900177980045,0.13179217738082355,0.24997107778303812,-0.2478730126905585,0.24999964104475383,0.001499931086643681,0.249984034420397,-0.20899302521897103,0.24999964304763886,-0.23658741658163496,0.2499996801875021,-0.24850163887534008,0.24936953597739298,0.18969453564100905,-0.18955610768053546,0.20501696526201693,-0.20457820973181873,0.2295429152142152,-0.22790506533342936,0.24999748225638854,-0.24954182044773981,0.2500000000000001,-0.2339702967088873,-0.18479386263542147,0.18514093271040952,-0.13246506309496764,0.15621814165052764,-0.1340653878270683,0.17275332902149568,-0.1627700828027594,0.163395697297227,-0.15848391741800325,0.16104766243175822,-0.2330566340990601,0.2406230066824012,-0.04389490370694249,0.050092670004695,0.15876077529372226,-0.1575584577534748,0.17624140613481265,-0.1523056697778438,0.1658865604585266,-0.15459815942358948,-0.060730340416159725,-0.0652116937193809,0.09135487092681596,-0.05185381668363294,-0.06965185982832338,-0.1107355425315907,-0.12351727104936644,-0.06811644755811713,-0.11545895109243928,-0.03802207443946625
0.1300602173685791,0.020771724088857885,0.03768141995727522,0.10513924439504724,-0.016217009789037985,-0.08358870586999685,-0.05543417235808413,-0.22987386005785873,-0.12341496069045586,-0.23394366738269562,0.23198099227794466,-0.23397035241666106,-0.0016167597275119296,-0.23395574419959653,0.19559800436343014,-0.2339703543128563,0.22142614848406436,-0.23397038906899179,0.2325905221166904,-0.23342196980652166,-0.17757358830340148,0.1774441611254019,-0.19223738527606232,0.19182588447577345,-0.2150273461944901,0.21346729200804565,-0.23396825872421048,0.23352334710785208,-0.2339702967088873,0.2500000000000002,0.17289660874242987,-0.17323989215309551,0.12211752749888093,-0.14409651445003913,0.12263456629868047,-0.15891438669778132,0.14929340922040543,-0.14988189899125742,0.14526732682599514,-0.14765516278730365,0.21819079640101688,-0.2252778312418943,0.042816241880317414,-0.04862416603103112,-0.14550437459921178,0.1443866205128532,-0.1624526965182241,0.1395094179284904,-0.15241467248931512,0.14163779494002662,0.05453581703858519,0.0586302331791174,-0.08682100856054893,0.04623205348770213,0.06287241565444895,0.1029583857874434,0.11529668384476172,0.062246313611895844,0.10893401469406797,0.035818870819823774
0.09906570662605992,0.02141684718522756,0.026363237804140374,0.08024999526566279,-0.0030970293212756986,-0.06360300724176951,-0.0342514744954444,-0.18228075784654027,-0.11419603981257691,-0.18478124001514026,0.18312497037607012,-0.18479393211943582,-0.009740171494711469,-0.18477893506637574,0.1467785123334939,-0.18479392835159097,0.17402768222169993,-0.18479396166018588,0.1835521526981198,-0.18420491388661142,-0.24509548804840658,0.24493039926913385,-0.2297762927239468,0.22935071532317652,-0.2052505758644623,0.20368273827523575,-0.18479189761666454,0.18438001239970733,-0.18479386263542147,0.17289660874242987,0.25000000000000006,-0.249629369193514,0.19698306262444962,-0.1737620092499515,0.15215908919421256,-0.12803932284144023,0.12417759900851068,-0.12472798083859403,0.12156029069657978,-0.12360214158165138,0.17104927082123753,-0.1765784287473888,0.015565368678312149,-0.021146527755909493,-0.12206250571487366,0.12104110161294873,-0.13398896068806473,0.11725065704555972,-0.1270041288998577,0.11895396595908951,0.03887789138722157,0.05455274339337301,-0.0427432212375602,0.04478839964043887,0.05263594844117974,0.08068911601290359,0.09019987801373901,0.04960500516194944,0.07975969539335499,0.023526662111657642
-0.09917317968342723,-0.021407464864795854,-0.026562874146403292,-0.0803865631685005,0.003246152655430131,0.06368334496769769,0.03418595952020842,0.18262031129609188,0.1143223207193497,0.185128277494428,-0.18347002268736445,0.18514100325538763,0.009985930205830712,0.18512599750571587,-0.14711549467449866,0.18514099954843577,-0.1743677914741618,0.18514103287875916,-0.18389751280506447,0.1845511650925016,0.2447974833445939,-0.2446336009926199,0.23010765317089094,-0.22968194102073508,0.20558314662321214,-0.20401493372403628,0.185138942091837,-0.18472663628362848,0.18514093271040952,-0.17323989215309551,-0.249629369193514,0.24999999999999986,-0.19732011137133745,0.17409912771258307,-0.1524832892857851,0.12836711824805813,-0.12450132959325949,0.12505247401811093,-0.12187889898042678,0.12392468442508862,-0.1713717702358677,0.17691036370065322,-0.015577788664557833,0.0211666922394083,0.12238283299123871,-0.1213594805297663,0.1343144265302742,-0.11756046877979581,0.1273265218820467,-0.11926755666744182,-0.03902934154752996,-0.054718897073817344,0.04281291301312123,-0.04493475725283691,-0.052806851976819315,-0.08086399453834042,-0.09038078205653573,-0.04974750335563833,-0.07989028482578879,-0.023569640973399027
