x1,x2,x3,x4,x5,x6,x7,x8,x9,x10,x11,x12,x13,x14,x15,x16,x17,x18,x19,x20,x21,x22,x23,x24,x25,x26,x27,x28,x29,x30,x31,x32,x33,x34,x35,x36,x37,x38,x39,x40,x41,x42,x43,x44,x45,x46,x47,x48,x49,x50,x51,x52,x53,x54,x55,x56,x57,x58,x59,x60
0.25,0.23984877631629928,0.23075696315193037,0.23983580077414407,0.23222389177530595,0.23983563104260563,0.2348288484553601,0.23983747459240656,0.23597383041834072,0.23983874988385642,-0.23976828739759126,0.23937430117733607,-0.23834057767344916,0.2387403131370905,-0.2377502385777425,0.23910028853831272,-0.2376141226085835,0.23982408855973747,-0.23606781392881043,0.2364605617712075,-0.034282507811869214,0.035114487361584235,0.005860937296268923,-0.004117262613501387,0.07347563628161001,-0.07292363514517242,0.16329709634926337,-0.16281469663403067,0.23778795998756191,-0.23497233740560344,0.03762750245595042,-0.03735614697516626,0.08762342859597742,-0.06959227488811129,0.11137477945323745,-0.1044496145685647,0.15155432925484416,-0.14797232873046218,0.22107092896692096,-0.21982002706962128,-0.2394035068665893,0.2398393544723353,-0.23908351973883116,0.23983948271795905,-0.23940735136602134,0.23970599227735356,-0.23847730364844846,0.23906966346962377,-0.22682916772259004,0.22707181132080273,0.23898441134314005,0.2398395314512615,0.23874439266787464,0.23983962515972693,0.2377701812738562,0.23983946002391995,0.23721002472810315,0.23983917748596836,0.23694841191968719,0.23983954647486946
0.23984877631629928,0.25000000000000006,0.2409064853857755,0.24998187500482677,0.24236966481594613,0.24998170450784096,0.24497406024944968,0.24998353422808764,0.24611452607633585,0.24998481845742554,-0.2497876530483499,0.24943005946801283,-0.24843925076657433,0.2488778182506353,-0.24783852265875064,0.24923107290797666,-0.24767564439812986,0.24996969316343426,-0.24605479819360498,0.2464641530584015,-0.03574738128344828,0.03661450297112245,0.006127435057206476,-0.004310157797356384,0.07659356242621733,-0.07601819526371979,0.1702052106975361,-0.16970243899904616,0.24784737175223082,-0.24491293756301735,0.03923364792639485,-0.038950745250100054,0.09134094818702002,-0.07254690562628097,0.11609407470160739,-0.10887633873595286,0.1579711280828694,-0.15423754790051158,0.23042407104673407,-0.22912003649799878,-0.24953114092321363,0.24998543132933485,-0.2491975951287249,0.24998556499139823,-0.24953514689265002,0.2498464359419567,-0.2485657865845002,0.2491832023244727,-0.2364252979935597,0.23667821489990248,0.24909429930692112,0.2499856157759709,0.24884412183003865,0.2499857134487777,0.24782869198159177,0.24998554132717807,0.2472448367287063,0.24998524683688117,0.246972164012552,0.24998563143535646
0.23075696315193037,0.2409064853857755,0.25000000000000006,0.24091653755979667,0.2333012015845662,0.24091321504290297,0.2359057581209938,0.24091504003581415,0.23704658785770033,0.24091630429769098,-0.24074336207388897,0.24133446937076808,-0.24101057064654302,0.2404462182472956,-0.23883294034408833,0.2401791793463967,-0.2386799271199378,0.2409015633575763,-0.2371093315743386,0.2375059266066225,-0.03381117345658625,0.0346489337476564,0.006400713090622082,-0.004644728508582349,0.0741019759734825,-0.0735475193771356,0.1641500210668594,-0.16366526751028657,0.23885275041871581,-0.2360126253222185,0.037180910237564396,-0.03690882308630671,0.08755422088836617,-0.0694968677300292,0.11159162875859172,-0.10464879678197235,0.15207833024362852,-0.1484855481646928,0.22206005136884005,-0.2208028792605036,-0.24047969599962662,0.24091691930453418,-0.24015919338074823,0.24091704851659757,-0.24048300448005477,0.24078261021119296,-0.23954888480069625,0.2401442955527974,-0.2278476819882089,0.22809141770954422,0.24005853012022793,0.2409170978474929,0.23981740046545885,0.24091719198027978,0.2388385919493179,0.24091702610237847,0.23827568991899553,0.24091674229866547,0.23801281387906814,0.24091711294535828
0.23983580077414407,0.24998187500482677,0.24091653755979667,0.2500000000000001,0.24237991491610064,0.24999205172761577,0.2449843429411312,0.2499938814572764,0.24612481843165857,0.24999516570550015,-0.24979787488593808,0.24944057885067436,-0.24844998736398355,0.2488883207183473,-0.24784880597752731,0.24924140086023963,-0.2476859030836979,0.24998003989204912,-0.24606498027793258,0.24647435244485794,-0.03574889516398378,0.036616052590636924,0.006127669480282663,-0.004310317171129768,0.0765966977598019,-0.07602130670728965,0.17021223133558094,-0.16970943888368317,0.2478576294801219,-0.24492307254580623,0.03923530554082187,-0.03895239109896323,0.091344754225313,-0.07254993639684015,0.11609890117111708,-0.10888086585053529,0.1579776797351194,-0.15424394414156203,0.23043360885388264,-0.22912952033304723,-0.24954146934271826,0.24999577859342642,-0.24920790968533027,0.24999591226100487,-0.2495454755187416,0.24985677747477453,-0.24857607502682097,0.2491935162978971,-0.2364350841439707,0.2366880115193188,0.24910460966120168,0.24999596304765498,0.24885442183177445,0.24999606072450462,0.2478389499653541,0.24999588859578067,0.2472550705588975,0.24999559409329425,0.24698238656122162,0.24999597870768855
0.23222389177530595,0.24236966481594613,0.2333012015845662,0.24237991491610064,0.25000000000000006,0.24238341820759607,0.23737256546431876,0.2423815877030002,0.23851361969135007,0.24238285839773174,-0.24218860201921855,0.24183871408769383,-0.2408526210004046,0.24245302538917368,-0.24172254340923674,0.24194523847548868,-0.24013237474067672,0.2423680552721656,-0.23855849526352751,0.238956868910698,-0.0345937809298782,0.035434698745925114,0.006163368846054812,-0.004400732445286213,0.07417151173285631,-0.07361313167386645,0.16494892623797686,-0.1644620936352704,0.2403057464188838,-0.2374524843394259,0.037975016531317206,-0.03770035812158822,0.08851364231591721,-0.07035086887921368,0.11258737608202685,-0.1055896873915026,0.1531913602678884,-0.14956833698724561,0.22341697006312639,-0.22215153584698985,-0.24194302186319322,0.24238347591997636,-0.24161966497626372,0.24238360559271865,-0.2419468867113175,0.24224869758312084,-0.2410067542789963,0.24160542388760584,-0.22923663707097866,0.22948189002852842,0.2415194248336749,0.24238365483432997,0.24127684095317525,0.24238374953961175,0.24029223585943635,0.2423835826526898,0.23972609474340387,0.24238329711917744,0.23946172270747365,0.2423836700221629
0.23983563104260563,0.24998170450784096,0.24091321504290297,0.24999205172761577,0.24238341820759607,0.25000000000000006,0.24498417771581338,0.24999371093972803,0.24612465171526784,0.24999499518636648,-0.24979769576656677,0.24944014403141518,-0.24844937785000584,0.24888823832078738,-0.24784895232943116,0.24924129745798093,-0.2476857332776147,0.24997986938405098,-0.2460648133082651,0.24647418506228672,-0.0357488989221021,0.03661605568301217,0.006127682574393889,-0.0043103317575994005,0.07659661999225373,-0.07602122925354343,0.17021209963653505,-0.16970930767060405,0.24785746049895846,-0.24492290606389272,0.03923530649870891,-0.03895239213750138,0.09134471266825739,-0.07254991417878506,0.11609884370201586,-0.10888081265855443,0.15797758605972057,-0.15424385231797316,0.23043345222989234,-0.22912936436181408,-0.24954129910557124,0.24999560807390764,-0.24920773962625947,0.24999574174138278,-0.2495453053025206,0.2498566070701728,-0.24857590544706093,0.24919334628035125,-0.2364349231638703,0.23668785037472112,0.24910443971666196,0.24999579252797402,0.24885425205482017,0.24999589020475735,0.24783878088103864,0.24999571807615092,0.24725490187712357,0.24999542357386548,0.2469822180748709,0.2499958081879975
0.2348288484553601,0.24497406024944968,0.2359057581209938,0.2449843429411312,0.23737256546431876,0.24498417771581338,0.24999999999999994,0.24498867868833882,0.24111705094839833,0.24498728439052433,-0.24479934523371483,0.244432524872167,-0.24344415829995833,0.2438803804563526,-0.24284229462904225,0.24469317429801815,-0.24314958903260436,0.24498061088135234,-0.24113980818721847,0.2415407381565209,-0.03509956938955939,0.03594911062842247,0.005954976679523327,-0.004174556507001688,0.07510143332581998,-0.07453710685599756,0.16666625958914016,-0.16617338458840872,0.2428921255645976,-0.24001856799003324,0.03851507582192636,-0.03823773209080877,0.08956435494706705,-0.07112562929938208,0.11378880601822199,-0.10672544112534338,0.15483054202343224,-0.15116771144176772,0.2258240601024914,-0.22454596643477973,-0.24454263665404244,0.24498790218531827,-0.24421566345299933,0.24498803313064643,-0.24454660713576967,0.2448517149825558,-0.2435963097199339,0.24420135621410474,-0.23170193984392431,0.23194981588574232,0.2441145323551615,0.24498808286806292,0.24386935457808676,0.24498817858767058,0.24287423452481757,0.24498800990690212,0.24230206368895144,0.2449877213034577,0.2420348497172976,0.24498809821332468
0.23983747459240656,0.24998353422808764,0.24091504003581415,0.2499938814572764,0.2423815877030002,0.24999371093972803,0.24498867868833882,0.25000000000000006,0.24612647522039893,0.24999682491323202,-0.24979952158365723,0.24944196891407136,-0.24845120237828733,0.24888980932376178,-0.24785044635612224,0.24924314939318581,-0.2476876329234032,0.24998170069371864,-0.24606661790959125,0.2464759923108149,-0.035749144894253695,0.03661630806199702,0.006127717181030959,-0.004310353020627128,0.07659723929577034,-0.07602184437396275,0.17021334899051918,-0.1697105531713823,0.24785927564906107,-0.244924701788755,0.03923557823803287,-0.038952661877854726,0.09134536967617246,-0.07255042005051304,0.11609967133746704,-0.10888159050509971,0.1579787297283275,-0.1542449690439228,0.23043514016068403,-0.22913104280636748,-0.24954312553947852,0.2499974378028793,-0.2492095636548358,0.24999757147133417,-0.24954713173217732,0.24985843576535424,-0.24857772480569537,0.24919517017674986,-0.23643665415002657,0.23668958321309705,0.2491062629389008,0.24999762225831693,0.24885607344359567,0.24999771993581463,0.2478405948310676,0.24999754780594816,0.24725671154572468,0.24999725330150707,0.24698402574360245,0.24999763791845409
0.23597383041834072,0.24611452607633585,0.23704658785770033,0.24612481843165857,0.23851361969135007,0.24612465171526784,0.24111705094839833,0.24612647522039893,0.24999999999999997,0.24612853270426152,-0.24593139248345963,0.24557304295116159,-0.24458434391617176,0.24502129289149138,-0.24398841709586747,0.24537463611000715,-0.24382024063985944,0.24611265052152015,-0.242198812149134,0.24260750805587436,-0.03511688562496468,0.03597091771907328,0.006120572494150503,-0.0043307858673625604,0.07547171046745668,-0.07490513591975778,0.16757866312383385,-0.16708319505284364,0.2440087194893031,-0.24108051814556836,0.038550645910212226,-0.03827215836568306,0.08987324977485908,-0.07137784940618155,0.11426886090136028,-0.10716704642067872,0.15551815204564523,-0.1518430379297966,0.22687118304849258,-0.2255872233258328,-0.24568115335562327,0.2461283751170713,-0.2453528590418724,0.24612850676616319,-0.24568503609516149,0.24599148141708047,-0.24473072331192292,0.24533866485612635,-0.23277921525692347,0.23302823633009284,0.2452510327606269,0.24612855681289766,0.24500470965697793,0.24612865297910316,0.24400491463903246,0.24612848351308525,0.2434300365261947,0.24612819356705196,0.24316155969219844,0.24612857223150866
0.23983874988385642,0.24998481845742554,0.24091630429769098,0.24999516570550015,0.24238285839773174,0.24999499518636648,0.24498728439052433,0.24999682491323202,0.24612853270426152,0.2500000000000001,-0.24980081565023685,0.24944326199124062,-0.24845248747713258,0.248891095340865,-0.247851730705323,0.249244339214526,-0.24768881730283018,0.24998298319971726,-0.24606787115574066,0.2464772486372046,-0.03574929744576591,0.036616465181278354,0.00612777616871657,-0.004310402442308271,0.07659763988099541,-0.07602224209452867,0.1702142544630428,-0.16971145600455181,0.24786054648059935,-0.2449259506371828,0.039235749198306843,-0.038952831419770885,0.0913458159238411,-0.07255077492408718,0.11610025614148801,-0.10888213703153198,0.15797953342635804,-0.15424575462648873,0.23043632299844574,-0.22913221896134747,-0.24954440748344114,0.24999872205382576,-0.2492108439294788,0.2499988557229865,-0.24954841367191447,0.24985971928626166,-0.24857900185534956,0.24919645041555732,-0.23643786839645264,0.2366907987568817,0.24910754263222068,0.2499989065102477,0.2488573518506379,0.2499990041882475,0.24784186801239763,0.24999883205749687,0.24725798171811847,0.24999853755154317,0.2469852945112203,0.24999892217046596
-0.23976828739759126,-0.2497876530483499,-0.24074336207388897,-0.24979787488593808,-0.24218860201921855,-0.24979769576656677,-0.24479934523371483,-0.24979952158365723,-0.24593139248345963,-0.24980081565023685,0.2500000000000001,-0.2493761221513767,0.24832923488860562,-0.24869438900409555,0.24765505928007744,-0.2490474623251405,0.24749230312357712,-0.2497856796362325,0.24587187725657336,-0.24628102746473088,0.03570812251751137,-0.03657463929666058,-0.006083564969099467,0.004267354301838829,-0.0765096567927968,0.0759347013217736,-0.17006829074101704,0.16956583968494088,-0.24766430610187035,0.24473098847177402,-0.03919201825766209,0.03890942132032119,-0.09126424163490218,0.07248473626016182,-0.11600240341129871,0.10878935979079017,-0.15784994053018914,0.1541188068127907,-0.2302528694032583,0.22895016745429153,0.24934744901971814,-0.24980141122359412,0.24901416656672604,-0.24980154479612854,0.24935146848972983,-0.24966251109117468,0.24838273821666526,-0.24899969620868806,0.23625063962355328,-0.23650335585416765,-0.24891096385232395,-0.24980159555260337,-0.2486609803452754,-0.24980169315327203,-0.2476463121737029,-0.2498015211582973,-0.24706289476708201,-0.24980122688467207,-0.24679041180120198,-0.24980161120003255
0.23937430117733607,0.24943005946801283,0.24133446937076808,0.24944057885067436,0.24183871408769383,0.24944014403141518,0.244432524872167,0.24944196891407136,0.24557304295116159,0.24944326199124062,-0.2493761221513767,0.2500000000000002,-0.24891797032537766,0.24835211230038723,-0.24731232925692634,0.24868958745365052,-0.24713428549199506,0.24942812077913948,-0.2455132734780958,0.2459223847777506,-0.03519394766341633,0.03606081979880499,0.006243674635544233,-0.004426605825212556,0.07651711377397463,-0.07594304571224471,0.16988050889099415,-0.1693784526038778,0.24730882360889578,-0.24437521131400874,0.03868013222456822,-0.038398684647965566,0.09079140039958035,-0.07206826639038946,0.1156156903968575,-0.10841945479764374,0.1574943119667273,-0.1537715155930904,0.22991437367105125,-0.22861459466701836,-0.24899092253084582,0.24944385953018458,-0.24865880607977528,0.24944399319747354,-0.24899461795562403,0.24930489642830514,-0.24802707448957945,0.24864339905251628,-0.23590940443000208,0.23616170293790537,0.24855506412333667,0.24944404417379162,0.24830545377316798,0.2494441416357178,0.24729214782255643,0.24944396988646186,0.2467094448835372,0.24944367603588594,0.24643725115136347,0.24944405980113285
-0.23834057767344916,-0.24843925076657433,-0.24101057064654302,-0.24844998736398355,-0.2408526210004046,-0.24844937785000584,-0.24344415829995833,-0.24845120237828733,-0.24458434391617176,-0.24845248747713258,0.24832923488860562,-0.24891797032537766,0.25000000000000017,-0.24839137842870246,0.2467410225879281,-0.24770613888480872,0.24615177967748847,-0.24843736612170467,0.24452868450160573,-0.2449365943955606,0.034964872248655576,-0.03582858854793573,-0.0064491775649360705,0.004638328642486927,-0.07616453636218803,0.07559244497166506,-0.16917938230124113,0.1686798622002999,-0.24632392825642835,0.24339643557010118,-0.038438593631586034,0.03815797327411441,-0.09036433481610133,0.07176805364849798,-0.1151605841272612,0.10799263362913611,-0.15687880090412687,0.15316955645364333,-0.22900063824612424,0.22770498000933304,0.24800201666771496,-0.2484530932784738,0.24767131091194947,-0.24845322649698326,0.2480056361118562,-0.2483146549238604,0.2470418417797487,-0.24765576795195876,0.2349728501198854,-0.23522417296083406,-0.2475678285489961,-0.24845327729237202,-0.24731919179536505,-0.24845337436967693,-0.24630984743156414,-0.2484532033030594,-0.24572940863658502,-0.2484529106210799,-0.2454583029443975,-0.24845329286204326
0.2387403131370905,0.2488778182506353,0.2404462182472956,0.2488883207183473,0.24245302538917368,0.24888823832078738,0.2438803804563526,0.24888980932376178,0.24502129289149138,0.248891095340865,-0.24869438900409555,0.24835211230038723,-0.24839137842870246,0.25000000000000017,-0.24833128992185635,0.24815457568351418,-0.24659855208201722,0.24887596387368743,-0.24496140913631548,0.2453702290834101,-0.03464210765102582,0.03550867679279003,0.007234509924563051,-0.005418305234816309,0.07648192960747308,-0.07590846087901658,0.16956182760960964,-0.16906256570628336,0.24676088594526424,-0.2438287594560187,0.038127973032632774,-0.03784621778466841,0.09023822059661683,-0.07171372167949612,0.1152599704994145,-0.1080866376422055,0.15711518972947722,-0.15340162219411355,0.22940790682201526,-0.22810637173446532,-0.24844024001956302,0.24889170215629722,-0.24810946474323847,0.2488918358870478,-0.24844342572054182,0.24875283968606837,-0.24747821069686574,0.24809349994530228,-0.23539010192630766,0.23564197228334507,0.2480049430561526,0.24889188694852796,0.24775578073840152,0.24889198420373415,0.24674438841050528,0.24889181283614423,0.24616270119697853,0.24889151964195164,0.24589113409727417,0.24889190255769852
-0.2377502385777425,-0.24783852265875064,-0.23883294034408833,-0.24784880597752731,-0.24172254340923674,-0.24784895232943116,-0.24284229462904225,-0.24785044635612224,-0.24398841709586747,-0.247851730705323,0.24765505928007744,-0.24731232925692634,0.2467410225879281,-0.24833128992185635,0.25000000000000044,-0.24814620982580723,0.24628773926556494,-0.24783666886819775,0.24392832428533132,-0.24433616236239541,0.03457118689445,-0.03543394921384045,-0.007027521472282777,0.005219703116560014,-0.07638828270803309,0.07581674993868145,-0.16867685965269108,0.16817856418851926,-0.2457250664425369,0.2427983126781006,-0.03804141437035304,0.03776102628060565,-0.08991630099398691,0.07138870872136664,-0.11473789870092191,0.10761740968929975,-0.15644579575604156,0.15274396727285072,-0.2284632720265561,0.22716766350447543,0.24740273425336304,-0.2478523374896421,0.2470732778511888,-0.2478524705806985,0.24740590783998645,-0.2477140579108527,0.2464444059670319,-0.24705712356853887,0.23441313172444006,-0.2346639623221854,-0.24696925824006719,-0.2478525214333053,-0.2467211368171593,-0.24785261827956656,-0.24571398871874153,-0.24785244762689576,-0.2451347448860569,-0.24785215565579685,-0.24486430489912836,-0.24785253697251677
0.23910028853831272,0.24923107290797666,0.2401791793463967,0.24924140086023963,0.24194523847548868,0.24924129745798093,0.24469317429801815,0.24924314939318581,0.24537463611000715,0.249244339214526,-0.2490474623251405,0.24868958745365052,-0.24770613888480872,0.24815457568351418,-0.24814620982580723,0.25,-0.24813621454349594,0.2492292129474288,-0.24531444443146908,0.24572347699647235,-0.03499519198355804,0.03586195079083461,0.006880581762674101,-0.005065046694434951,0.07735131375372963,-0.07677710617660169,0.1697031327708299,-0.16920039098823855,0.24710995336525077,-0.24417561890832684,0.03848124117830593,-0.03819932413665284,0.09059148871694668,-0.07179973147329399,0.11534601540161096,-0.10820762064144696,0.15730501848777875,-0.1535867206834518,0.22976877750394026,-0.2284652881885682,-0.2487928320049038,0.24924495035555475,-0.24846131258098617,0.24924508396439884,-0.248795916760651,0.2491059477216556,-0.24782978660817134,0.24844593811224464,-0.23573805197413641,0.23599036184510566,0.24835673131065342,0.2492451350531971,0.24810716747795444,0.24924523243900915,0.24709435223079992,0.2492450608266287,0.24651186280710968,0.24924476721265537,0.2462399581732763,0.24924515067193165
-0.2376141226085835,-0.24767564439812986,-0.2386799271199378,-0.2476859030836979,-0.24013237474067672,-0.2476857332776147,-0.24314958903260436,-0.2476876329234032,-0.24382024063985944,-0.24768881730283018,0.24749230312357712,-0.24713428549199506,0.24615177967748847,-0.24659855208201722,0.24628773926556494,-0.24813621454349594,0.25000000000000033,-0.2477048833140863,0.243798334095477,-0.24420473911684598,0.03614907493187933,-0.03700569327933824,-0.005470251614029503,0.0036745915914158846,-0.07577205161714279,0.07520060410683688,-0.16812613576529023,0.1676277341589975,-0.24557831380061554,0.2426610683992978,-0.03959186096382751,0.03931091224096757,-0.09104232323439357,0.07230946861157732,-0.11531091812659891,0.10818000815202534,-0.15670401850120366,0.15298839858267854,-0.2283315022050316,0.22703985358079692,0.24723863661167342,-0.24768943059949539,0.24690708535229736,-0.247689562567719,0.24724322156922843,-0.24755209296011285,0.2462817092837507,-0.2468930431794509,0.23426423759671436,-0.23451487083758762,-0.24680599939285353,-0.2476896124723721,-0.24655814696675332,-0.24768970924320985,-0.24555226787902196,-0.24768953870219249,-0.2449740112388459,-0.24768924691229002,-0.24470393458053538,-0.2476896279784509
0.23982408855973747,0.24996969316343426,0.2409015633575763,0.24998003989204912,0.2423680552721656,0.24997986938405098,0.24498061088135234,0.24998170069371864,0.24611265052152015,0.24998298319971726,-0.2497856796362325,0.24942812077913948,-0.24843736612170467,0.24887596387368743,-0.24783666886819775,0.2492292129474288,-0.2477048833140863,0.2500000000000002,-0.24607648916998243,0.2464854097240369,-0.03573343573671303,0.03660058436180323,0.006143782298960981,-0.004326428247329912,0.07661376877025422,-0.07603851581916102,0.17023032823195036,-0.16972806525004014,0.24786877071020785,-0.2449342258146542,0.03921987760873532,-0.038936986544669545,0.09133012862193252,-0.07253510003748817,0.11608465686302998,-0.10886651659014089,0.157964081781491,-0.1542305967565908,0.23042142492247927,-0.22911732412489194,-0.24952933194960328,0.24998359606452694,-0.24919581519201672,0.24998372973317737,-0.2495333163698282,0.24984459280302682,-0.2485639403791875,0.249181361360585,-0.23642290492768317,0.23667581944089403,0.2490924812502356,0.24998378052745315,0.24884230400879764,0.24998387819961163,0.2478268761382914,0.24998370607930553,0.24724301918885158,0.2499834115912226,0.24697034759682074,0.24998379618687347
-0.23606781392881043,-0.24605479819360498,-0.2371093315743386,-0.24606498027793258,-0.23855849526352751,-0.2460648133082651,-0.24113980818721847,-0.24606661790959125,-0.242198812149134,-0.24606787115574066,0.24587187725657336,-0.2455132734780958,0.24452868450160573,-0.24496140913631548,0.24392832428533132,-0.24531444443146908,0.243798334095477,-0.24607648916998243,0.25000000000000033,-0.24957443633905596,0.032494435469961336,-0.03335625943248981,-0.006064806436223202,0.004260867782244293,-0.07552598578679524,0.07496363035966118,-0.1682407894253876,0.1678006519455391,-0.24591802419486541,0.24802152914541234,-0.035963552739453654,0.03568655799920889,-0.087910727409667,0.06914622313251505,-0.11254243569989254,0.105330572176797,-0.1542868198032979,0.15055680694912046,-0.22654016208772323,0.22523900949571216,0.24562614789722845,-0.24606848023636502,0.24530340545820903,-0.24606861340202554,0.24562583198145477,-0.24592988635175894,0.2446576172879671,-0.24526712001401085,0.23253519638402464,-0.23278383574227726,-0.2451937892573211,-0.24606866543640754,-0.24494733243497563,-0.24606876159512792,-0.24394693434684075,-0.24606859218008337,-0.24337113414399955,-0.24606830231238006,-0.24310249248661672,-0.24606868088444733
0.2364605617712075,0.2464641530584015,0.2375059266066225,0.24647435244485794,0.238956868910698,0.24647418506228672,0.2415407381565209,0.2464759923108149,0.24260750805587436,0.2464772486372046,-0.24628102746473088,0.2459223847777506,-0.2449365943955606,0.2453702290834101,-0.24433616236239541,0.24572347699647235,-0.24420473911684598,0.2464854097240369,-0.24957443633905596,0.25000000000000017,-0.03223449755076305,0.03309890568182611,0.006360742796253413,-0.004552070484039885,0.07585395800060153,-0.07529084442753038,0.16863056812754657,-0.1681897509309317,0.2463332671076539,-0.2484452198665378,0.03571437134277191,-0.035437127694228264,0.08782456195577389,-0.06904822356035473,0.11257911536916435,-0.105361558576562,0.15445852883730482,-0.1507263043737031,0.22691548435004366,-0.22561152725597314,-0.24603511556825086,0.24647785744649175,-0.24571231279865824,0.24647799102299225,-0.2460344778801954,0.24633885388790489,-0.24506485935709826,0.2456755860099955,-0.23292158174297095,0.23317064645740893,0.24560189767774546,0.24647804333881135,0.24535500391406834,0.24647813965918042,0.24435281494290145,0.2464779699622378,0.24377593021513264,0.24647767961414632,0.24350680614087783,0.24647805881602383
-0.034282507811869214,-0.03574738128344828,-0.03381117345658625,-0.03574889516398378,-0.0345937809298782,-0.0357488989221021,-0.03509956938955939,-0.035749144894253695,-0.03511688562496468,-0.03574929744576591,0.03570812251751137,-0.03519394766341633,0.034964872248655576,-0.03464210765102582,0.03457118689445,-0.03499519198355804,0.03614907493187933,-0.03573343573671303,0.032494435469961336,-0.03223449755076305,0.25000000000000006,-0.249126405769172,0.2064510147667964,-0.20506682725073527,0.1330314843924584,-0.13319723104528067,0.043607630885999324,-0.04363180886567603,-0.03367866910707158,0.03134883244208443,-0.24650804980870758,0.24627927229640292,-0.19421122987727224,0.17572496840058766,-0.13324908517212683,0.1268925108626322,-0.08805522835450101,0.08484031692650262,-0.034268145119510436,0.034449011293275635,0.035440116159577525,-0.03574968490372185,0.03502358987058115,-0.035749555333519485,0.03567813273534329,-0.035868935591670266,0.03543197811942448,-0.03536081509408309,0.03411674554542589,-0.034148006828923334,-0.035471084631647665,-0.035749410853911125,-0.03545247309485294,-0.03574942359999383,-0.03539975742740905,-0.03574939905167208,-0.03541070468957839,-0.0357493555341068,-0.03540290007506978,-0.03574941054241356
0.035114487361584235,0.03661450297112245,0.0346489337476564,0.036616052590636924,0.035434698745925114,0.03661605568301217,0.03594911062842247,0.03661630806199702,0.03597091771907328,0.036616465181278354,-0.03657463929666058,0.03606081979880499,-0.03582858854793573,0.03550867679279003,-0.03543394921384045,0.03586195079083461,-0.03700569327933824,0.03660058436180323,-0.03335625943248981,0.03309890568182611,-0.249126405769172,0.25000000000000044,-0.20725086163657241,0.20586706094877336,-0.13366989527424025,0.13383675770131048,-0.042774978475294934,0.042799404519865775,0.034543444892414094,-0.03220113006037216,0.24582673562934837,-0.24559956687542223,0.19503100873376172,-0.1765229772379425,0.13406061554149643,-0.12769976880337738,0.08888161677346039,-0.08566443695953373,0.03512644731369098,-0.03530682524413175,-0.036305178841666036,0.036616855712386896,-0.03588698240131754,0.03661672622337426,-0.03654352147371698,0.036736056777063715,-0.03629711516860279,0.03622761556094374,-0.034976671361303294,0.03500872454052028,0.03633520702124169,0.03661658137016462,0.03631567591906595,0.03661659445256361,0.03625956903956857,0.03661656930455867,0.03626901796606983,0.03661652476219581,0.03626022909706635,0.036616581104649305
0.005860937296268923,0.006127435057206476,0.006400713090622082,0.006127669480282663,0.006163368846054812,0.006127682574393889,0.005954976679523327,0.006127717181030959,0.006120572494150503,0.00612777616871657,-0.006083564969099467,0.006243674635544233,-0.0064491775649360705,0.007234509924563051,-0.007027521472282777,0.006880581762674101,-0.005470251614029503,0.006143782298960981,-0.006064806436223202,0.006360742796253413,0.2064510147667964,-0.20725086163657241,0.2500000000000003,-0.24816002441045062,0.17598116170958092,-0.17606872558044373,0.08524688216839324,-0.08520654428941402,0.008162380515323066,-0.007231360583516008,-0.20314156343479425,0.20310940245733336,-0.15252572884136317,0.13921817049952467,-0.096545821360231,0.0909587342457871,-0.0499720022943612,0.047077297046339325,0.006673978974846442,-0.0057983750220260534,-0.006350142517050126,0.0061275427532906605,-0.0066577902225626725,0.006127671444862301,-0.006108949213932979,0.006005044961807561,-0.006311025286940506,0.006478343686004446,-0.006418636831687252,0.006449463242791072,0.006205533645226967,0.0061278004354470535,0.006170154126710065,0.00612780428108611,0.006040248214715479,0.006127800102974569,0.005927259026527828,0.006127794335642838,0.005906815575972598,0.00612780375946311
-0.004117262613501387,-0.004310157797356384,-0.004644728508582349,-0.004310317171129768,-0.004400732445286213,-0.0043103317575994005,-0.004174556507001688,-0.004310353020627128,-0.0043307858673625604,-0.004310402442308271,0.004267354301838829,-0.004426605825212556,0.004638328642486927,-0.005418305234816309,0.005219703116560014,-0.005065046694434951,0.0036745915914158846,-0.004326428247329912,0.004260867782244293,-0.004552070484039885,-0.20506682725073527,0.20586706094877336,-0.24816002441045062,0.2500000000000002,-0.17770968615723437,0.17779952673457872,-0.0837342723257414,0.08369460854791885,-0.00634892555564278,0.005428294879317355,0.20180136540145033,-0.2017689096693735,0.1516386862114428,-0.13833249565974307,0.09836133257333594,-0.09276194404589322,0.051777951945143424,-0.048870656905661426,-0.004877624273136138,0.0040023586337666756,0.004534614178511365,-0.0043101640542451925,0.004843031226083752,-0.004310291120123887,0.004293196060210801,-0.004187667669808118,0.004498788126806858,-0.0046626375722307175,0.004616136024273701,-0.004645455074540823,-0.004393200607133339,-0.004310420848709246,-0.004359641655401147,-0.0043104240182046845,-0.004237221064685744,-0.004310421101201838,-0.004127706799172504,-0.004310417494881317,-0.004109303581838785,-0.004310424122545721
0.07347563628161001,0.07659356242621733,0.0741019759734825,0.0765966977598019,0.07417151173285631,0.07659661999225373,0.07510143332581998,0.07659723929577034,0.07547171046745668,0.07659763988099541,-0.0765096567927968,0.07651711377397463,-0.07616453636218803,0.07648192960747308,-0.07638828270803309,0.07735131375372963,-0.07577205161714279,0.07661376877025422,-0.07552598578679524,0.07585395800060153,0.1330314843924584,-0.13366989527424025,0.17598116170958092,-0.17770968615723437,0.2500000000000003,-0.24940539458071376,0.15537978528512342,-0.15491472076341253,0.07843945335207919,-0.07634200456293709,-0.1296651240087292,0.1296779196730968,-0.07937792967445884,0.09744964705723891,-0.05730083720328672,0.05295999444217497,-0.003932818041436114,0.001219436329242977,0.07363988672994243,-0.07252907614690511,-0.0766599813385412,0.07659765538903188,-0.07679989664847553,0.07659776918783148,-0.07643952981391869,0.07645872959613403,-0.07650280428311704,0.0768208409156699,-0.07356448901858641,0.0736691611893094,0.07638947345840699,0.07659788988088449,0.07628261886439874,0.07659792031154582,0.075884580841026,0.07659786747017333,0.0756245294976509,0.07659777809453189,0.07553570064061788,0.07659789594152845
-0.07292363514517242,-0.07601819526371979,-0.0735475193771356,-0.07602130670728965,-0.07361313167386645,-0.07602122925354343,-0.07453710685599756,-0.07602184437396275,-0.07490513591975778,-0.07602224209452867,0.0759347013217736,-0.07594304571224471,0.07559244497166506,-0.07590846087901658,0.07581674993868145,-0.07677710617660169,0.07520060410683688,-0.07603851581916102,0.07496363035966118,-0.07529084442753038,-0.13319723104528067,0.13383675770131048,-0.17606872558044373,0.17779952673457872,-0.24940539458071376,0.25000000000000044,-0.15580375462395032,0.15533939152901627,-0.07788261081531855,0.07578692788544517,0.12995263483210365,-0.12996454101179977,0.07974386330075461,-0.0978090785827399,0.057850612840984895,-0.053506173958982634,0.00449285917348316,-0.0017534075499370028,-0.07309404270112001,0.07198460448731864,0.07608607785111618,-0.07602225574628903,0.07622726573701698,-0.07602236936207626,0.07586505014245601,-0.07588334939803651,0.07593194566607664,-0.07624892271009245,0.07300926767025036,-0.07311340902974503,-0.07581621934969734,-0.07602249027217906,-0.0757098818246461,-0.07602252048127432,-0.07531400982350102,-0.07602246803664112,-0.07505506809668247,-0.07602237934196222,-0.0749668614092921,-0.07602249630370235
0.16329709634926337,0.1702052106975361,0.1641500210668594,0.17021223133558094,0.16494892623797686,0.17021209963653505,0.16666625958914016,0.17021334899051918,0.16757866312383385,0.1702142544630428,-0.17006829074101704,0.16988050889099415,-0.16917938230124113,0.16956182760960964,-0.16867685965269108,0.1697031327708299,-0.16812613576529023,0.17023032823195036,-0.1682407894253876,0.16863056812754657,0.043607630885999324,-0.042774978475294934,0.08524688216839324,-0.0837342723257414,0.15537978528512342,-0.15580375462395032,0.25000000000000033,-0.24948625830808893,0.17204349469463293,-0.16908760687406918,-0.04029232531722704,0.0404120407186615,0.01175742733772602,0.006732286813526188,0.03632292582948874,-0.029161224292694632,0.07819527322582494,-0.0799077506259991,0.15601847021966744,-0.154848395183377,-0.17001209837028436,0.17021459861010496,-0.16990480379073383,0.170214719936571,-0.16989902740949683,0.1700755820178471,-0.16965031466965674,0.1701299585938154,-0.16018466734687345,0.1603651271093103,0.16964198270758019,0.17021480329313513,0.16945628461620652,0.17021486997016086,0.1687259482743349,0.17021475274031073,0.16829297968335102,0.17021455255564305,0.16810783447251762,0.17021481442832415
-0.16281469663403067,-0.16970243899904616,-0.16366526751028657,-0.16970943888368317,-0.1644620936352704,-0.16970930767060405,-0.16617338458840872,-0.1697105531713823,-0.16708319505284364,-0.16971145600455181,0.16956583968494088,-0.1693784526038778,0.1686798622002999,-0.16906256570628336,0.16817856418851926,-0.16920039098823855,0.1676277341589975,-0.16972806525004014,0.1678006519455391,-0.1681897509309317,-0.04363180886567603,0.042799404519865775,-0.08520654428941402,0.08369460854791885,-0.15491472076341253,0.15533939152901627,-0.24948625830808893,0.2500000000000003,-0.17183695855845638,0.16888617567151937,0.0404675168503227,-0.04058657126795129,-0.011574517726214916,-0.006874892790361541,-0.03600723147150268,0.02884858593952705,-0.0777450162173083,0.07946137831507663,-0.1555267329967851,0.15435754618219466,0.16951046792102223,-0.16971179869458974,0.1694041743937334,-0.16971191977680244,0.16939705636973965,-0.16957281734144233,0.1691490796569113,-0.16962781167861193,0.159690794371897,-0.15987080410633975,-0.16914094823088344,-0.16971200328488253,-0.16895569550965683,-0.1697120697737145,-0.16822719377386514,-0.1697119528920626,-0.16779516299269795,-0.1697117533047034,-0.16761059129590386,-0.16971201440380482
0.23778795998756191,0.24784737175223082,0.23885275041871581,0.2478576294801219,0.2403057464188838,0.24785746049895846,0.2428921255645976,0.24785927564906107,0.2440087194893031,0.24786054648059935,-0.24766430610187035,0.24730882360889578,-0.24632392825642835,0.24676088594526424,-0.2457250664425369,0.24710995336525077,-0.24557831380061554,0.24786877071020785,-0.24591802419486541,0.2463332671076539,-0.03367866910707158,0.034543444892414094,0.008162380515323066,-0.00634892555564278,0.07843945335207919,-0.07788261081531855,0.17204349469463293,-0.17183695855845638,0.25000000000000056,-0.24703742191325032,0.0371065286180573,-0.03682704608330669,0.08921480172283044,-0.0704310339024449,0.11396542746177486,-0.10674761332236224,0.15584165936252123,-0.15210886130699083,0.2282987471251809,-0.226994730286905,-0.2474138540744988,0.24786115418711063,-0.2470868115985928,0.24786128779523448,-0.247415046458999,0.2477221507912279,-0.24644551692896455,0.24705888579775095,-0.2343030607710184,0.234553646378079,0.24697920564588488,0.24786133951017894,0.24673101586630106,0.24786143636403643,0.24572360251273143,0.2478612657109043,0.24514396586216264,0.24786097372930466,0.24487344345898338,0.2478613550594611
-0.23497233740560344,-0.24491293756301735,-0.2360126253222185,-0.24492307254580623,-0.2374524843394259,-0.24492290606389272,-0.24001856799003324,-0.244924701788755,-0.24108051814556836,-0.2449259506371828,0.24473098847177402,-0.24437521131400874,0.24339643557010118,-0.2438287594560187,0.2427983126781006,-0.24417561890832684,0.2426610683992978,-0.2449342258146542,0.24802152914541234,-0.2484452198665378,0.03134883244208443,-0.03220113006037216,-0.007231360583516008,0.005428294879317355,-0.07634200456293709,0.07578692788544517,-0.16908760687406918,0.16888617567151937,-0.24703742191325032,0.2500000000000005,-0.03475387251363343,0.03447881773409237,-0.08676687809779368,0.06805828975933205,-0.11143402211888302,0.10422775944820242,-0.15316788120885091,0.14943754864365258,-0.22540366093612857,0.22410309286995123,0.24448803719987516,-0.24492655467449193,0.24416880215417353,-0.24492668786760968,0.24448619304193808,-0.24478796765305472,0.24351799394074272,-0.24412526690360464,0.23140001874793426,-0.23164742369396882,-0.2440567904171425,-0.24492674038619203,-0.2438114089636039,-0.24492683610808627,-0.24281529911749275,-0.2449266674827618,-0.2422417565174071,-0.24492637896570102,-0.24197425370080267,-0.2449267557808363
0.03762750245595042,0.03923364792639485,0.037180910237564396,0.03923530554082187,0.037975016531317206,0.03923530649870891,0.03851507582192636,0.03923557823803287,0.038550645910212226,0.039235749198306843,-0.03919201825766209,0.03868013222456822,-0.038438593631586034,0.038127973032632774,-0.03804141437035304,0.03848124117830593,-0.03959186096382751,0.03921987760873532,-0.035963552739453654,0.03571437134277191,-0.24650804980870758,0.24582673562934837,-0.20314156343479425,0.20180136540145033,-0.1296651240087292,0.12995263483210365,-0.04029232531722704,0.0404675168503227,0.0371065286180573,-0.03475387251363343,0.25000000000000044,-0.24970305437899304,0.19764060488181864,-0.17904131574996865,0.1365811623938616,-0.13020523024933345,0.09142820103556995,-0.08819914282615866,0.037722127059805766,-0.03789563610412472,-0.03892028710568976,0.03923614913524045,-0.038496929519972196,0.03923601982408575,-0.03915827014751716,0.03935529936501585,-0.03890973830110311,0.03884535589363817,-0.03756982273805734,0.037604782560988335,0.03894433461052848,0.03923587374362099,0.038921968525140474,0.03923588787279934,0.038855176131198745,0.03923586092184092,0.038859410875059446,0.03923581330143615,0.03884791361466081,0.03923587367361232
-0.03735614697516626,-0.038950745250100054,-0.03690882308630671,-0.03895239109896323,-0.03770035812158822,-0.03895239213750138,-0.03823773209080877,-0.038952661877854726,-0.03827215836568306,-0.038952831419770885,0.03890942132032119,-0.038398684647965566,0.03815797327411441,-0.03784621778466841,0.03776102628060565,-0.03819932413665284,0.03931091224096757,-0.038936986544669545,0.03568655799920889,-0.035437127694228264,0.24627927229640292,-0.24559956687542223,0.20310940245733336,-0.2017689096693735,0.1296779196730968,-0.12996454101179977,0.0404120407186615,-0.04058657126795129,-0.03682704608330669,0.03447881773409237,-0.24970305437899304,0.25000000000000044,-0.19760453529675373,0.17901235445327424,-0.13641285751486426,0.1300445683765308,-0.09121729531600957,0.08799474493255965,-0.03745959834762104,0.037633323857296716,0.038637912979079043,-0.0389532305303994,0.038214951057920866,-0.03895310113447329,0.0388758298963883,-0.0390724952150544,0.038628584554990374,-0.038563548015764705,0.0372996339681424,-0.03733436355702932,-0.038662354293926685,-0.03895295504871296,-0.03864024539198595,-0.03895296906962824,-0.03857454120959721,-0.03895294231404319,-0.0385793481740774,-0.038952895028368774,-0.03856818377149388,-0.03895295496527794
