x1,x2,x3,x4,x5,x6,x7,x8,x9,x10,x11,x12,x13,x14,x15,x16,x17,x18,x19,x20,x21,x22,x23,x24,x25,x26,x27,x28,x29,x30,x31,x32,x33,x34,x35,x36,x37,x38,x39,x40,x41,x42,x43,x44,x45,x46,x47,x48,x49,x50,x51,x52,x53,x54,x55,x56,x57,x58,x59,x60
0.25,0.2432709138618416,-0.13583092712238523,0.24327653421695555,-0.15505825526384753,0.2432926408110256,-0.1314167180090322,0.24191951899055247,0.07443055478172544,0.2435778111284074,0.2080752587781008,-0.13469226185829503,0.14137584361320454,-0.1384439168454946,0.1659403566877849,-0.14008293483672232,0.14889878667732806,-0.03548280335300976,-0.0495007500077056,0.18659460233080036,0.09266735328937209,0.10865807466763405,-0.08670720550595291,0.12961916450415398,-0.08467295529876502,0.12017797091648999,-0.08069203397182992,0.1241373846305543,-0.08651620812656863,0.205430544769383,0.18044504949765197,-0.013428729686606203,0.04682781094076773,0.006195260991103891,0.02957497745506575,0.011834119411881328,0.02427311796971648,0.04420730570053147,-0.0044501678686149305,0.19636771652765672,0.14636861537410328,-0.017097430897750232,0.023865198185340664,-0.018087544550100216,0.05903750623290768,-0.03994743159837878,0.08296672519931446,-0.00589516590004408,-0.03172565608590346,0.16918761342613634,0.24064179531740532,0.24338941514594065,-0.025072110502856557,0.24327949529645596,-0.05450510013300172,0.2432263963472761,-0.08048589725874938,0.24122813250771916,0.056113783747679044,0.2435839445399502
0.2432709138618416,0.24999999999999994,-0.14217799905814965,0.24937270638432982,-0.16076025576543404,0.2493895394704502,-0.13591650156551016,0.24801880517491104,0.07637908031436388,0.24967413389001003,0.21421573447547299,-0.14085372904537655,0.1476297004035741,-0.14463637244529487,0.17213726576775254,-0.14567487140686014,0.15392716135375675,-0.03724075791306297,-0.05058376351564784,0.1911764771632129,0.0938746425646478,0.11397693215965497,-0.09130132635430842,0.1355371021389662,-0.08915488894107572,0.12551979638217334,-0.08490131021351174,0.1289806830480452,-0.09047419343991094,0.21110302467239703,0.18574675843684785,-0.015653791756227844,0.05013519291641549,0.004609722986969454,0.032301711269664676,0.01044082875411491,0.026824078369847897,0.043866283699276164,-0.002954986595686587,0.20096044796618245,0.14931887139570157,-0.015864464003864893,0.022850330381115582,-0.01688652207175982,0.059160927440675755,-0.03947652167199771,0.08395287978156496,-0.005277589250965106,-0.032804549769025776,0.1734901380847004,0.2466818617307173,0.24947983801954773,-0.02418401565767107,0.24936616021556146,-0.05464656187965829,0.24931134312959388,-0.08151443415970097,0.24724866923449879,0.05770660910872344,0.24968047173500338
-0.13583092712238523,-0.14217799905814965,0.25000000000000006,-0.1421988639771252,0.1860315533601065,-0.142082173687068,0.14524027389261368,-0.14326600799291916,-0.04189054570073379,-0.14188508089601018,-0.17261973076145337,0.2326914709215288,-0.23805542475413255,0.23506827225807228,-0.2097394085407868,0.19827211214360657,-0.16003382884334977,0.07258089416163699,0.015214328277843293,-0.10216454189409348,0.007506807627556158,-0.20676076261157839,0.18455781410789013,-0.22599958135973439,0.18219013679405568,-0.20138100509157744,0.17015799823562844,-0.17064156761638416,0.15161647068120285,-0.14978765321487997,-0.14864580977112252,0.11244971522223476,-0.14544486020626662,0.09298754495623118,-0.12811609942875463,0.0872488763755104,-0.12279444894604061,0.055166689938997926,-0.08746799315827887,-0.09632649558889636,-0.045693909188151464,-0.0821658286369093,0.07556376173407013,-0.08123918487522865,0.04076730394425225,-0.05859713542609156,0.012410416275441606,-0.03936083234927668,0.03451588584788064,-0.10241344651071603,-0.1411319279398332,-0.1417094597087715,-0.06951749790913729,-0.14158954217387912,-0.036109286637401865,-0.14153700644313638,-0.008006690955353125,-0.139573391139048,-0.04333315970373005,-0.14189134482702975
0.24327653421695555,0.24937270638432982,-0.1421988639771252,0.2499999999999998,-0.16118061298652536,0.24939456350052855,-0.13621503709769778,0.24804137624366934,0.07628609415704109,0.24967943032727602,0.2143468449932955,-0.14120028257252223,0.14798084331185588,-0.14498871873306934,0.17252109704936597,-0.14603944547910513,0.15424065477080234,-0.03749179866812879,-0.05041856907409278,0.19113058886115072,0.09373867842838186,0.11430030683738811,-0.09160346147803819,0.13588060601432644,-0.08945779290574883,0.12585989179657342,-0.08520305521244444,0.12931496311345045,-0.09077553656578018,0.21120441921413893,0.18584849561048195,-0.015888894087371506,0.050401104250581336,0.004392523609396298,0.032552655023719845,0.010228794572994377,0.02707007892658037,0.043684407869300945,-0.002736493841534198,0.20092153174119615,0.14923306011431203,-0.015657712003090223,0.02264957766164552,-0.01668043264912756,0.05899311030506382,-0.039292951907127435,0.08381770698747312,-0.005179826357601983,-0.03284198429783189,0.17350301098005666,0.24668925093783256,0.2494849818885451,-0.023995252514205062,0.24937117592767039,-0.05449506946222313,0.24931630907210203,-0.08139242892142311,0.2472517917468309,0.05773230257526505,0.2496857741007988
-0.15505825526384753,-0.16076025576543404,0.1860315533601065,-0.16118061298652536,0.24999999999999994,-0.16116870156617744,0.1519739544966012,-0.16186133364624503,-0.039233551147047074,-0.16087098183306245,-0.17609785946177908,0.1934369577535221,-0.1959973440440472,0.19707831927047606,-0.22326541175814263,0.19752075975026706,-0.16702490943644507,0.07308614950215139,0.00866528209690008,-0.11558160630177718,-0.019662317682389,-0.16946471152920653,0.1486158723753261,-0.18869443689779916,0.14596593129332155,-0.1792225621739936,0.14220830476001756,-0.1617335687674335,0.13440643591416263,-0.15999257310622464,-0.1488678488729151,0.07983496079386879,-0.11131879474704652,0.06098276128033325,-0.09438283332400568,0.0556914423531141,-0.08941200254129812,0.025452518603464244,-0.05978578403872225,-0.11719368427554501,-0.06999290720627031,-0.05088479291986734,0.04452385780178409,-0.049885196671878615,0.011639492075088843,-0.02881434233115583,-0.013826239862156583,-0.025134788407447886,0.031834870398196005,-0.11440719286868871,-0.15957728166608665,-0.16070216074527854,-0.04013753750114769,-0.1605919228670011,-0.009715465998225259,-0.16054229910738316,0.016138784496080687,-0.1586837398561138,-0.044293882520724984,-0.16087684079810144
0.2432926408110256,0.2493895394704502,-0.142082173687068,0.24939456350052855,-0.16116870156617744,0.24999999999999994,-0.13628611127845203,0.24803681620043969,0.07624506903831138,0.2496952196880302,0.2143491240312307,-0.14118148663432348,0.14794929277886062,-0.14497244427252828,0.17248607052747966,-0.1460347666423373,0.154296929439445,-0.037509888595913726,-0.0504037049927829,0.1911369403214731,0.09375467233508844,0.11428375767912409,-0.09158704520190963,0.13586443638334567,-0.08944186571751907,0.12584835900503755,-0.08518948115747797,0.12932658931789787,-0.09077712934395192,0.21121758755398062,0.185853074215884,-0.015872694486800395,0.050384768567855814,0.004408517227228424,0.03253670099357714,0.010244740908082478,0.027054148467634997,0.04370030115772858,-0.0027486666166615984,0.2009367587654016,0.14924894312685064,-0.015673735709296303,0.02266557147536353,-0.016696420600121067,0.05900906818398257,-0.03930875588910743,0.08383287179504034,-0.005186886567215142,-0.03284153404397145,0.1735134301155321,0.24670469595440594,0.24950076975497096,-0.024010455007499692,0.2493869656849426,-0.054509555729360726,0.24933209887419733,-0.08140649086873819,0.24726758102128268,0.057734282876671025,0.24970156350508682
-0.1314167180090322,-0.13591650156551016,0.14524027389261368,-0.13621503709769778,0.1519739544966012,-0.13628611127845203,0.25,-0.13765070139451488,0.001943951168731097,-0.13599037160290123,-0.1423578638769859,0.14583067048043127,-0.14971070931269057,0.1495911625568985,-0.16764914588748145,0.18295327005728232,-0.22028064344951714,0.12058495096383123,-0.04032499097226059,-0.08377531789903739,-0.015418932681299844,-0.12546704631557296,0.10877407337994867,-0.14379780195128547,0.1312606848757271,-0.15699193863085778,0.13121598680578603,-0.1678200516053784,0.13654752455444488,-0.14361544817909405,-0.12082927422835663,0.06334916575176978,-0.0829832231675421,0.059538302125411696,-0.0890090939764322,0.054914398589949606,-0.08465185476902137,0.028304838172861453,-0.06117387842425865,-0.09707028611535164,-0.05646773722810835,-0.04756045875524884,0.04463443604322333,-0.04964296976518454,0.016076635407848195,-0.0311755285330302,-0.006531945983626846,-0.025624355476784426,0.02878423224808294,-0.0971912428958335,-0.13497420399456442,-0.13584271828421152,-0.04045078988733332,-0.13574462319662958,-0.01385555420456052,-0.1357008611774938,0.008986894542108114,-0.13406289596593796,-0.03877849769300133,-0.13599581938440872
0.24191951899055247,0.24801880517491104,-0.14326600799291916,0.24804137624366934,-0.16186133364624503,0.24803681620043969,-0.13765070139451488,0.2499999999999999,0.07488413262180356,0.24831948578904317,0.21390075912080067,-0.14246222754417934,0.14904809306179623,-0.1462742937286299,0.17378891662337198,-0.14736365684906816,0.1555681665279984,-0.03886986785932763,-0.04908355645675775,0.18976579361528226,0.09240081022244917,0.11559061168122745,-0.09289291775025271,0.13716626235892806,-0.09077399264159564,0.1271692466850735,-0.0865252582806201,0.13065276210880758,-0.09210963692575573,0.21064595407306602,0.18541896501599203,-0.017206014169323817,0.05170640228693748,0.0030626604840198546,0.033878075247433484,0.008898203249103636,0.028396042449659188,0.042348960934214454,-0.001402939931186674,0.19956694436157327,0.1478857957588214,-0.014329597406404267,0.021317022347589705,-0.015348913654234755,0.05765567205811066,-0.03797116309567321,0.08253846620530748,-0.0045631689922721675,-0.03288388864691979,0.17261328721489624,0.2453585491726592,0.24812520448926056,-0.022727293790031997,0.24801126252854258,-0.053280809052838815,0.2479564023917542,-0.08020574867130306,0.24589231485083252,0.0575648809526449,0.24832582986878718
0.07443055478172544,0.07637908031436388,-0.04189054570073379,0.07628609415704109,-0.039233551147047074,0.07624506903831138,0.001943951168731097,0.07488413262180356,0.24999999999999994,0.0764713738799603,0.06480258104831138,-0.04655178075138149,0.04462721529372733,-0.04226177911826795,0.04066137039098216,-0.01913268031241745,-0.0009668740678352012,0.11294620622100392,-0.2027736212855675,0.12040822016922344,0.03364848221107049,0.03875561630871006,-0.031248020486459527,0.03786467724359289,-0.008952212111404387,0.01717298319396245,-0.00011527193626559919,-0.007289158386186871,0.009397301498800728,0.050884249962338694,0.05791324065793361,-0.00047295622863596223,0.01629275673590226,0.01582731789326254,-0.0077924862737611435,0.01804640337060872,-0.009506478327734203,0.026919442661598573,-0.02026394992398492,0.06527725886276747,0.05118779465385956,-0.015937343513014533,0.02006278275085556,-0.01881186568280564,0.02950090463469637,-0.024908575259719012,0.03554737005929336,-0.0096655430773602,-0.006579688612561369,0.05222212791790717,0.07541611215212457,0.07642711873200786,-0.019669178392678524,0.07640115372652438,-0.027017193039742374,0.07638788878066702,-0.03380957502133892,0.07588062173169872,0.015190678594224245,0.07647841772328158
0.2435778111284074,0.24967413389001003,-0.14188508089601018,0.24967943032727602,-0.16087098183306245,0.2496952196880302,-0.13599037160290123,0.24831948578904317,0.0764713738799603,0.2499999999999997,0.2144319044518179,-0.1408874960033336,0.14767112273888378,-0.14467589445379625,0.17223178742625736,-0.1457406720489361,0.15402093818245738,-0.03722393793564623,-0.05067228800213642,0.19142096598624875,0.09404490284576943,0.11398788145567486,-0.09129292294058848,0.13556877726027564,-0.0891465222346124,0.12555332418826473,-0.08489458926822294,0.12903491556236948,-0.09048478500948985,0.21133156621789276,0.1859358865647004,-0.015579392821569475,0.05009065583175371,0.0047011107348049,0.032243095484165624,0.010537151151596518,0.026760736006695887,0.04399192739712981,-0.0030407615449826635,0.20122383130125365,0.14953755686250647,-0.015965905159329493,0.02295783302825168,-0.0169887272232779,0.059300336035326855,-0.039597645695489174,0.08410993416452729,-0.005322153055714171,-0.032830646533343374,0.1736999155829806,0.24698422931912764,0.24978655293817523,-0.024288422998495894,0.24967278497344686,-0.054773944940538694,0.24961791966818273,-0.0816633092317094,0.24755341974613712,0.05776810342011223,0.24998737240907062
0.2080752587781008,0.21421573447547299,-0.17261973076145337,0.2143468449932955,-0.17609785946177908,0.2143491240312307,-0.1423578638769859,0.21390075912080067,0.06480258104831138,0.2144319044518179,0.24999999999999972,-0.1762276928332572,0.18038346946661327,-0.17834845835974714,0.19208987045067263,-0.16984370215749714,0.16020330650694709,-0.05186785257736419,-0.03733193570919123,0.16164356901870394,0.058574410624935236,0.14936747282417745,-0.12642932921871472,0.16949959868421455,-0.12352510784138084,0.155623679995753,-0.11721735074944999,0.1471194132850933,-0.11455796300341152,0.19240999103415946,0.17509261474449997,-0.05089090893493284,0.08536454566673862,-0.030590762452788498,0.06720161651127692,-0.02458542139962294,0.06164950496647262,0.008914900021587215,0.029647237040503115,0.16615421361709212,0.11408941289911596,0.019331065006589425,-0.012374698528667164,0.018322393609538676,0.02392931492145653,-0.004700618780958814,0.05044729463599773,0.01069268249195145,-0.033847107628669895,0.15036327933121793,0.21220399299940945,0.21424148136496174,0.009313682373116972,0.2141238610659134,-0.022662109504540007,0.21406905488435865,-0.05042910160245024,0.21201170729329666,0.05331581361130825,0.2144383208267289
-0.13469226185829503,-0.14085372904537655,0.2326914709215288,-0.14120028257252223,0.1934369577535221,-0.14118148663432348,0.14583067048043127,-0.14246222754417934,-0.04655178075138149,-0.1408874960033336,-0.1762276928332572,0.24999999999999972,-0.24305812923042416,0.24323407409811376,-0.21739232022005867,0.20520222075457656,-0.16225648076260515,0.07175029262620478,0.01988017486925772,-0.10242016454375975,0.014649172576307014,-0.2222184804633147,0.19849709835709084,-0.23597366679478013,0.19180785015061166,-0.20940931119398348,0.17870696405322548,-0.17522478644999648,0.15748679858642237,-0.15041106854855285,-0.15233184756483323,0.12339042554064136,-0.15773360215848978,0.1030648807198517,-0.13816351910065272,0.09628421120861146,-0.13229987779249522,0.06252731401333195,-0.09481838215415585,-0.09406184720703395,-0.04097356278941732,-0.09184792076956079,0.08497234716592718,-0.0908622608066458,0.04882577960252858,-0.06676150505101695,0.018598248020472174,-0.04314363669857126,0.03558709275047875,-0.1019425744418854,-0.1402434332745567,-0.1407058470138592,-0.07833963925529532,-0.14058057244656744,-0.04339271654751425,-0.14052601199084006,-0.013683118124413033,-0.13848857238654802,-0.043817672094445675,-0.14089406955293404
0.14137584361320454,0.1476297004035741,-0.23805542475413255,0.14798084331185588,-0.1959973440440472,0.14794929277886062,-0.14971070931269057,0.14904809306179623,0.04462721529372733,0.14767112273888378,0.18038346946661327,-0.24305812923042416,0.2499999999999997,-0.24588892773066812,0.22027636837348766,-0.20804555274183906,0.16552228852983453,-0.07467033558522944,-0.017035816046943136,0.10672263387504456,-0.008087799763705982,0.21592690000390904,-0.19279880536947472,0.2363317152852866,-0.1904513826572011,0.21088981593577674,-0.17806484135924383,0.1773657980738903,-0.15790501206769061,0.15592657890368414,0.15494940769591745,-0.11755562030049468,0.1519945252298352,-0.09720309648587454,0.13390823367465576,-0.09126737168992355,0.1283792329648722,-0.05784358259140365,0.09142333529648868,0.10017063702786198,0.0473810923664799,0.08593522263237961,-0.0790394343432899,0.08495507871004494,-0.04275914750139324,0.06137644501030334,-0.013209445067900668,0.04118118054005698,-0.036015527787560474,0.1066136067947128,0.1468916092305455,0.14748805945703236,0.07272518272219555,0.14736300821490533,0.03787900148673587,0.14730823567638154,0.008594205773139381,0.14526097935885093,0.045165638205712684,0.14767766355827552
-0.1384439168454946,-0.14463637244529487,0.23506827225807228,-0.14498871873306934,0.19707831927047606,-0.14497244427252828,0.1495911625568985,-0.1462742937286299,-0.04226177911826795,-0.14467589445379625,-0.17834845835974714,0.24323407409811376,-0.24588892773066812,0.2499999999999999,-0.2224097891427949,0.21064415096974404,-0.1670240213416966,0.07742148887128628,0.014325956291140324,-0.10379562745603109,0.01107660515212082,-0.21889007969172364,0.19580942366902787,-0.23996642276659427,0.19393575449060396,-0.21430549211100647,0.1814475112661147,-0.18017709063748052,0.16091275035466387,-0.15470008718868722,-0.1540805074354608,0.1205881965163143,-0.1550244680105897,0.10024055359615383,-0.13710458749009205,0.09439382477298724,-0.13161115869332482,0.061013575390756344,-0.09457691218669587,-0.09713771827708098,-0.04436851778710867,-0.08896733299094417,0.08207553925165449,-0.08799114477527684,0.04578966769146214,-0.06443772986741952,0.016147344440644668,-0.042654767878351194,0.03617418569145728,-0.10467516486626843,-0.14396205394862088,-0.14449303844712383,-0.0756167441948764,-0.14436762455479363,-0.040629689269887005,-0.14431284189111734,-0.011309724060341874,-0.14226550306514713,-0.04484986031789187,-0.14468235272625093
0.1659403566877849,0.17213726576775254,-0.2097394085407868,0.17252109704936597,-0.22326541175814263,0.17248607052747966,-0.16764914588748145,0.17378891662337198,0.04066137039098216,0.17223178742625736,0.19208987045067263,-0.21739232022005867,0.22027636837348766,-0.2224097891427949,0.24999999999999997,-0.22304730555997165,0.18544501865609453,-0.08586637198034618,-0.005441620197960725,0.1224247247782241,0.01630997398016728,0.19171082265160558,-0.168725728875604,0.2131340558197954,-0.16688065951982634,0.20294491290304936,-0.16255452779335394,0.1831219866519643,-0.15337225630864856,0.17427360759163524,0.16253078421941342,-0.0933235619134599,0.12780248413196946,-0.07298477792573642,0.10993274374665625,-0.06715475638760394,0.10444570660728862,-0.033743996920423514,0.07152576462408769,0.12397386925897015,0.07180543879407385,0.06170097958351013,-0.054780252235534496,0.060715068876951606,-0.01844973486176542,0.037390508060002395,0.009942065736448768,0.030386894143175965,-0.03540123514790177,0.12281065002913406,0.17092296671434398,0.17204576083134074,0.049658886945534414,0.17192327472736504,0.01580865199121692,0.17186842441676115,-0.012888250286549026,0.1698148434715652,0.04830371920955653,0.17223823070457184
-0.14008293483672232,-0.14567487140686014,0.19827211214360657,-0.14603944547910513,0.19752075975026706,-0.1460347666423373,0.18295327005728232,-0.14736365684906816,-0.01913268031241745,-0.1457406720489361,-0.16984370215749714,0.20520222075457656,-0.20804555274183906,0.21064415096974404,-0.22304730555997165,0.24999999999999972,-0.20502540056684657,0.10838075427696786,-0.01681957512746274,-0.09712767378445018,0.0019205488186974885,-0.1823750695917871,0.16082835270374543,-0.20369146745925165,0.1806757153261864,-0.21517639459119697,0.17784236130577644,-0.19448126500695948,0.1668887358744486,-0.15955343048486764,-0.14390382147554212,0.10078499652089003,-0.127811214453761,0.09105311328503476,-0.12673989562103943,0.08543176313855412,-0.12144314325364731,0.053187375339409274,-0.08928494459019361,-0.0991952245265414,-0.04920945627826881,-0.0777609127049948,0.07316604169646664,-0.07911014088540053,0.03841126718504793,-0.05651285205647762,0.010107677376179916,-0.03926294519247337,0.035221652263359576,-0.10519039365442653,-0.14492164816878525,-0.14556340495968867,-0.06718461471742505,-0.1454426022095795,-0.03397121169349118,-0.14538962754221393,-0.005825881663974205,-0.14340901788053426,-0.04444046395016539,-0.1457468757456007
0.14889878667732806,0.15392716135375675,-0.16003382884334977,0.15424065477080234,-0.16702490943644507,0.154296929439445,-0.22028064344951714,0.1555681665279984,-0.0009668740678352012,0.15402093818245738,0.16020330650694709,-0.16225648076260515,0.16552228852983453,-0.1670240213416966,0.18544501865609453,-0.20502540056684657,0.25000000000000006,-0.13306933150417544,0.0421422671727888,0.0956181448519001,0.018847397931419256,0.14026128619110037,-0.12153971260892892,0.16075589440856683,-0.14530404159741975,0.1749863779995895,-0.14544923122754572,0.18742477885741207,-0.15193946180255366,0.16183975610572165,0.13628273284076384,-0.06984027388939058,0.09228224884733167,-0.06484414171443836,0.09783107508989354,-0.05966659196784799,0.0929527333452728,-0.029879839878300327,0.06686252786276864,0.11042653900750563,0.06497475029936306,0.05161271719244164,-0.04818316067613437,0.05377384388566932,-0.016192949194798432,0.03310950965223515,0.009035369704716236,0.027832183809706285,-0.032137069412274635,0.1099683057926595,0.1528444783033602,0.15385538017549455,0.043590827626420595,0.15374579594370888,0.01387227733841409,0.15369681186372122,-0.011657585004284902,0.1518631460728242,0.04360598012458846,0.15402695946454079
-0.03548280335300976,-0.03724075791306297,0.07258089416163699,-0.03749179866812879,0.07308614950215139,-0.037509888595913726,0.12058495096383123,-0.03886986785932763,0.11294620622100392,-0.03722393793564623,-0.05186785257736419,0.07175029262620478,-0.07467033558522944,0.07742148887128628,-0.08586637198034618,0.10838075427696786,-0.13306933150417544,0.2500000000000002,-0.15774058811803457,0.021061778708738335,0.01903582470210595,-0.06393231044860213,0.057739367487415226,-0.07830234247869555,0.09419817139558209,-0.10386093651472225,0.10459570756033344,-0.13736749562956957,0.11555128994225415,-0.06650339890735156,-0.04198767043066143,0.04965010128165902,-0.050001346044146744,0.06289062562869993,-0.07871750459185375,0.06105057767312102,-0.07673930343004666,0.04785971336768604,-0.06738947393941765,-0.016653157642759143,0.0028510968269671332,-0.05311824898559502,0.054842787415476865,-0.05771880825415082,0.04077830280756609,-0.04848018914432379,0.028154778644962672,-0.0295330448254623,0.0168192101426956,-0.028846366078557978,-0.037403197899008596,-0.03714826568808325,-0.051092268385858675,-0.037093879483957676,-0.03664955558347066,-0.03707125609664289,-0.024564569635586606,-0.03623311434409269,-0.01675236259139489,-0.037222998397505876
-0.0495007500077056,-0.05058376351564784,0.015214328277843293,-0.05041856907409278,0.00866528209690008,-0.0504037049927829,-0.04032499097226059,-0.04908355645675775,-0.2027736212855675,-0.05067228800213642,-0.03733193570919123,0.01988017486925772,-0.017035816046943136,0.014325956291140324,-0.005441620197960725,-0.01681957512746274,0.0421422671727888,-0.15774058811803457,0.25000000000000017,-0.1091932197401753,-0.029593988800365165,-0.01667142557271784,0.01217612644256509,-0.011361850839593806,-0.01413127691457228,0.014257166086047596,-0.025396284894560618,0.04801928272490644,-0.04061629441772726,-0.021256916312822338,-0.03557928049706697,-0.009971598541746025,-0.0022557889557926034,-0.025526014091898853,0.02309740489319803,-0.02705893071872275,0.024086967734283683,-0.031191231242966196,0.03208433281634961,-0.04684917304541974,-0.03983016254515686,0.02347602604512007,-0.027059511717269374,0.026716769345962094,-0.03131244860601307,0.029562183289115487,-0.033398611886567814,0.014050000966258407,0.0012674194365250478,-0.03377981921048961,-0.04982585602524206,-0.05065592738846121,0.025970987094059126,-0.050647651085836624,0.028526769692966407,-0.0506423373155356,0.03127198423256714,-0.05043288983252058,-0.00791565084575246,-0.050679308908809804
0.18659460233080036,0.1911764771632129,-0.10216454189409348,0.19113058886115072,-0.11558160630177718,0.1911369403214731,-0.08377531789903739,0.18976579361528226,0.12040822016922344,0.19142096598624875,0.16164356901870394,-0.10242016454375975,0.10672263387504456,-0.10379562745603109,0.1224247247782241,-0.09712767378445018,0.0956181448519001,0.021061778708738335,-0.1091932197401753,0.2500000000000002,0.07884735669849079,0.08067030200905177,-0.06235943017822001,0.09604251602454213,-0.05456546367652152,0.08294688149224001,-0.04915062288585998,0.07458078176824423,-0.047831699032659616,0.15316609804588774,0.1393842804677962,-0.0021276022321950793,0.029927554716566395,0.016910486840187477,0.010384191115625774,0.020770786521565932,0.006564168424278952,0.04478648752346024,-0.016183086285386193,0.156772900717,0.11988241142159105,-0.023927936625166082,0.02993312397789782,-0.025733390751454952,0.05614043912598363,-0.04163838493482106,0.07317773928136988,-0.010564771147471067,-0.02255510281471373,0.13245380711202848,0.18899629656418743,0.19128324130492697,-0.030163423179579492,0.19120458520300415,-0.05163010738457004,0.19116623519760567,-0.07052277273997407,0.18970407703784137,0.04245998397712087,0.19142733240589513
0.09266735328937209,0.0938746425646478,0.007506807627556158,0.09373867842838186,-0.019662317682389,0.09375467233508844,-0.015418932681299844,0.09240081022244917,0.03364848221107049,0.09404490284576943,0.058574410624935236,0.014649172576307014,-0.008087799763705982,0.01107660515212082,0.01630997398016728,0.0019205488186974885,0.018847397931419256,0.01903582470210595,-0.029593988800365165,0.07884735669849079,0.2500000000000001,-0.04190519534983104,0.06321122241362115,-0.019649120073437026,0.05536693988795842,-0.02419922740208644,0.054732766868825396,-0.016533258881453423,0.03707789799080533,0.06040857786457719,0.03094327431783853,0.09972601591332095,-0.08737273876598367,0.11028514928830258,-0.09233165932926034,0.09998982098003528,-0.08804263122957626,0.09253216602473713,-0.07973304459151631,0.09121710850529373,0.10112213754564862,-0.10823372266541174,0.11059429318848715,-0.11112261010148004,0.10902542228253104,-0.10189774590426434,0.09617223186729937,-0.04376849294435651,0.0012080900990728987,0.06318102091494217,0.09186199121457489,0.09404932044400237,-0.10440723622410715,0.09407239481207157,-0.0989314453323334,0.09407828231394984,-0.08999007505278452,0.09422289821321364,0.013582115255050837,0.09404610224590686
0.10865807466763405,0.11397693215965497,-0.20676076261157839,0.11430030683738811,-0.16946471152920653,0.11428375767912409,-0.12546704631557296,0.11559061168122745,0.03875561630871006,0.11398788145567486,0.14936747282417745,-0.2222184804633147,0.21592690000390904,-0.21889007969172364,0.19171082265160558,-0.1823750695917871,0.14026128619110037,-0.06393231044860213,-0.01667142557271784,0.08067030200905177,-0.04190519534983104,0.25000000000000006,-0.2253273854546873,0.22091388829773656,-0.1885228757819344,0.19354077574843703,-0.17419853412808425,0.1591197019373378,-0.14922220209011325,0.1265526783638803,0.14272691210747346,-0.1499084970453964,0.18419374122236465,-0.12958199022490888,0.1542721852336838,-0.1167214614717351,0.14592658293176217,-0.0798034350054926,0.10553460364869043,0.07045824528047111,0.014224649213535182,0.1183879629144075,-0.11153537523354472,0.11740344878519882,-0.07544424860402114,0.0892079493651907,-0.040518020582443796,0.05022208995080566,-0.03295913886938678,0.08298821396746808,0.11390399946919336,0.11380849808082485,0.10334126918442094,0.11368041896502361,0.06757826294667915,0.11362594670279587,0.034566080891978844,0.11160368635127549,0.03759086442219029,0.11399357505560358
-0.08670720550595291,-0.09130132635430842,0.18455781410789013,-0.09160346147803819,0.1486158723753261,-0.09158704520190963,0.10877407337994867,-0.09289291775025271,-0.031248020486459527,-0.09129292294058848,-0.12642932921871472,0.19849709835709084,-0.19279880536947472,0.19580942366902787,-0.168725728875604,0.16082835270374543,-0.12153971260892892,0.057739367487415226,0.01217612644256509,-0.06235943017822001,0.06321122241362115,-0.2253273854546873,0.24999999999999986,-0.20487227784983833,0.184143312409523,-0.17783183242298714,0.1690247834551023,-0.1443537857573631,0.1411935105984778,-0.10557432826179898,-0.13493305163174324,0.1730856131730649,-0.2072733379965647,0.15300867317056638,-0.16804301021513648,0.134360699033822,-0.15732073620802192,0.09431625262725288,-0.11423366997176282,-0.050631796855356626,0.00875675070116171,-0.14169781200831513,0.13490562352549307,-0.1407880276121727,0.09871535039701154,-0.1086316024720468,0.05930789933680156,-0.056159666592955654,0.03057567924791825,-0.06690866868253148,-0.09168994506257742,-0.09111468155535167,-0.12530793442093782,-0.0909836269103477,-0.0887200513738882,-0.09092899774360905,-0.05250077649052038,-0.08891176872321833,-0.03216581004755664,-0.09129784054381539
0.12961916450415398,0.1355371021389662,-0.22599958135973439,0.13588060601432644,-0.18869443689779916,0.13586443638334567,-0.14379780195128547,0.13716626235892806,0.03786467724359289,0.13556877726027564,0.16949959868421455,-0.23597366679478013,0.2363317152852866,-0.23996642276659427,0.2131340558197954,-0.20369146745925165,0.16075589440856683,-0.07830234247869555,-0.011361850839593806,0.09604251602454213,-0.019649120073437026,0.22091388829773656,-0.20487227784983833,0.25,-0.2029442482411438,0.21703044942389188,-0.18746827353411158,0.18071774029384988,-0.16436189076912072,0.14871215173527041,0.15130946909654958,-0.12964461492284787,0.1640403985355185,-0.10933914866913119,0.14626234017813103,-0.10352887211545783,0.1407837697835754,-0.07017036464209693,0.10252551013790065,0.08820741518408126,0.035265170801154794,0.09805359917909184,-0.09118016659698477,0.09709278039096063,-0.05489744497103884,0.07348211805019224,-0.024853948088554224,0.04680021715151886,-0.036475108985476026,0.09869843953504123,0.1350523114740465,0.13538658047450222,0.08427635805137641,0.13526014410905335,0.048897876682316134,0.13520536263255795,0.01937985732372811,0.13315925705734602,0.04374352402698868,0.1355749161151923
-0.08467295529876502,-0.08915488894107572,0.18219013679405568,-0.08945779290574883,0.14596593129332155,-0.08944186571751907,0.1312606848757271,-0.09077399264159564,-0.008952212111404387,-0.0891465222346124,-0.12352510784138084,0.19180785015061166,-0.1904513826572011,0.19393575449060396,-0.16688065951982634,0.1806757153261864,-0.14530404159741975,0.09419817139558209,-0.01413127691457228,-0.05456546367652152,0.05536693988795842,-0.1885228757819344,0.184143312409523,-0.2029442482411438,0.25000000000000017,-0.21301736048378428,0.21428653015806656,-0.19242210832626433,0.185312051800262,-0.11974783792867677,-0.11825392954335408,0.1485124536471344,-0.16295739534461057,0.15569597656467932,-0.19242051889809542,0.14976970900257358,-0.18687527225584608,0.11636902680727883,-0.1430253389124603,-0.0427263439856621,0.009979683837815766,-0.13826634556950793,0.13673176028995387,-0.14319262505213315,0.10129236868656176,-0.11939308975910579,0.06918488211068723,-0.06877383519516295,0.03869907074409972,-0.06831585716019825,-0.0896297575753846,-0.08896834662132473,-0.12746764970766308,-0.08883622597996076,-0.09104029578408852,-0.08878146846383857,-0.060488187884260365,-0.08674199919523266,-0.03869053788052153,-0.08915116792794991
0.12017797091648999,0.12551979638217334,-0.20138100509157744,0.12585989179657342,-0.1792225621739936,0.12584835900503755,-0.15699193863085778,0.1271692466850735,0.01717298319396245,0.12555332418826473,0.155623679995753,-0.20940931119398348,0.21088981593577674,-0.21430549211100647,0.20294491290304936,-0.21517639459119697,0.1749863779995895,-0.10386093651472225,0.014257166086047596,0.08294688149224001,-0.02419922740208644,0.19354077574843703,-0.17783183242298714,0.21703044942389188,-0.21301736048378428,0.25,-0.20883036061152033,0.20607512154949628,-0.18490935030473404,0.14983901600819466,0.1368908151041046,-0.122312617360924,0.14579112372357644,-0.11924303590142628,0.15615771848419133,-0.11343316747375491,0.1506739233096032,-0.080103093661216,0.11470635278977315,0.07785737694016398,0.02607867611699054,0.10379952698077173,-0.10052862179463579,0.10682018279946148,-0.06482820183769313,0.08331719483983482,-0.03444585172156202,0.05228358048518895,-0.03743497411411631,0.09229896569734027,0.12524939917793965,0.12537208779733017,0.0930928255912699,0.1252442493940695,0.057929217521310736,0.1251894964521543,0.028270555442714562,0.12314538564247904,0.0430537532539184,0.1255589284002663
-0.08069203397182992,-0.08490131021351174,0.17015799823562844,-0.08520305521244444,0.14220830476001756,-0.08518948115747797,0.13121598680578603,-0.0865252582806201,-0.00011527193626559919,-0.08489458926822294,-0.11721735074944999,0.17870696405322548,-0.17806484135924383,0.1814475112661147,-0.16255452779335394,0.17784236130577644,-0.14544923122754572,0.10459570756033344,-0.025396284894560618,-0.04915062288585998,0.054732766868825396,-0.17419853412808425,0.1690247834551023,-0.18746827353411158,0.21428653015806656,-0.20883036061152033,0.2500000000000001,-0.20576759392760072,0.19493335103917275,-0.12006896769781446,-0.10996315322134094,0.14498994022677084,-0.1529811390869043,0.1585075958004437,-0.19243026189439452,0.15334911100603946,-0.19046031909567385,0.12013879342689662,-0.1489448284252643,-0.03823074588501778,0.013583436062967264,-0.14006054042766902,0.1400042019354222,-0.14659908822938122,0.10491715109740264,-0.12299553105329052,0.07285433849695158,-0.07095210533051427,0.039071646617795136,-0.0656252576089069,-0.08546095320174436,-0.08471717414149556,-0.1305659289095642,-0.08458489923603395,-0.09433971924073885,-0.08453031616238844,-0.06389025283365733,-0.08249774425074319,-0.03838745554746227,-0.08489882743792093
0.1241373846305543,0.1289806830480452,-0.17064156761638416,0.12931496311345045,-0.1617335687674335,0.12932658931789787,-0.1678200516053784,0.13065276210880758,-0.007289158386186871,0.12903491556236948,0.1471194132850933,-0.17522478644999648,0.1773657980738903,-0.18017709063748052,0.1831219866519643,-0.19448126500695948,0.18742477885741207,-0.13736749562956957,0.04801928272490644,0.07458078176824423,-0.016533258881453423,0.1591197019373378,-0.1443537857573631,0.18071774029384988,-0.19242210832626433,0.20607512154949628,-0.20576759392760072,0.25000000000000006,-0.2112734407919767,0.16205538294710953,0.12794970165804023,-0.1041222126153171,0.11800686048526565,-0.11598178475108746,0.15232939472518017,-0.11027863343438501,0.1475590436642647,-0.07691617669201788,0.11782355341013391,0.08029277796460707,0.03010463387584187,0.09700492841485811,-0.09686894178246494,0.10350818005597381,-0.06161399885375621,0.0801464599802844,-0.03143945580226436,0.051950978429583614,-0.038036273456359515,0.09483261809080779,0.1286555824600161,0.12885252194186353,0.08955016290442412,0.1287245719395223,0.05502328744070046,0.12866973984097607,0.025475126401797745,0.12662196265239428,0.04405709678566584,0.12903967926646112
-0.08651620812656863,-0.09047419343991094,0.15161647068120285,-0.09077553656578018,0.13440643591416263,-0.09077712934395192,0.13654752455444488,-0.09210963692575573,0.009397301498800728,-0.09048478500948985,-0.11455796300341152,0.15748679858642237,-0.15790501206769061,0.16091275035466387,-0.15337225630864856,0.1668887358744486,-0.15193946180255366,0.11555128994225415,-0.04061629441772726,-0.047831699032659616,0.03707789799080533,-0.14922220209011325,0.1411935105984778,-0.16436189076912072,0.185312051800262,-0.18490935030473404,0.19493335103917275,-0.2112734407919767,0.2500000000000002,-0.12909988094944416,-0.10317309314018498,0.11274565236086562,-0.1229194374540192,0.1272529625675584,-0.15906202546252957,0.12995395852786493,-0.16221903365909604,0.11540555140676022,-0.15622762119265246,-0.0417717787258538,-0.00018085227391597102,-0.1106910492253043,0.1125210269864711,-0.11706847269352832,0.08720859161005495,-0.10473721367433607,0.06882458757636552,-0.07677025278769987,0.04815963556008448,-0.07064508724477193,-0.09071415527527038,-0.09031802146617195,-0.10456558770490337,-0.09018489061513513,-0.07811557619267766,-0.0901185024032881,-0.060561495361721826,-0.08807394575871567,-0.047606225507973755,-0.09048867794503468
0.205430544769383,0.21110302467239703,-0.14978765321487997,0.21120441921413893,-0.15999257310622464,0.21121758755398062,-0.14361544817909405,0.21064595407306602,0.050884249962338694,0.21133156621789276,0.19240999103415946,-0.15041106854855285,0.15592657890368414,-0.15470008718868722,0.17427360759163524,-0.15955343048486764,0.16183975610572165,-0.06650339890735156,-0.021256916312822338,0.15316609804588774,0.06040857786457719,0.1265526783638803,-0.10557432826179898,0.14871215173527041,-0.11974783792867677,0.14983901600819466,-0.12006896769781446,0.16205538294710953,-0.12909988094944416,0.25000000000000017,0.16652405081957586,-0.04128471581437242,0.06948697869354982,-0.031068006904535168,0.0678287523703149,-0.026069092066853594,0.06283514727614564,0.005347682108972013,0.035597366215620756,0.16257668539040734,0.11226498065922606,0.01762121330545702,-0.012912092307729526,0.018861563495390345,0.022040834425580098,-0.0027749278687097126,0.04711684054351568,0.013711146060980664,-0.035420819235170084,0.14860320236467361,0.20914705416968338,0.21114222042516573,0.009802022772641403,0.21102383703391353,-0.02095561711512299,0.21096774606650567,-0.047318620102859074,0.20890831601572696,0.05425154079478956,0.21133736867985187
0.18044504949765197,0.18574675843684785,-0.14864580977112252,0.18584849561048195,-0.1488678488729151,0.185853074215884,-0.12082927422835663,0.18541896501599203,0.05791324065793361,0.1859358865647004,0.17509261474449997,-0.15233184756483323,0.15494940769591745,-0.1540805074354608,0.16253078421941342,-0.14390382147554212,0.13628273284076384,-0.04198767043066143,-0.03557928049706697,0.1393842804677962,0.03094327431783853,0.14272691210747346,-0.13493305163174324,0.15130946909654958,-0.11825392954335408,0.1368908151041046,-0.10996315322134094,0.12794970165804023,-0.10317309314018498,0.16652405081957586,0.2500000000000003,-0.07954606058050616,0.10960176992009449,-0.05795427711379769,0.08269689812376507,-0.04581929731676657,0.07396171701722781,-0.008303415794240479,0.03927385564558967,0.1414514688856129,0.08551660626987685,0.04799238353945178,-0.04105005481322868,0.04698877420700885,-0.004720551674059118,0.019204296627830908,0.027186031998865372,0.017978145579537894,-0.03084623118353872,0.13016438180265127,0.18430548574253813,0.18574754245870398,0.03627718676585635,0.18562661440881692,0.0033683090652281006,0.18557176937790676,-0.02822537970270029,0.18352644643001895,0.04652180989650346,0.18594146264490533
-0.013428729686606203,-0.015653791756227844,0.11244971522223476,-0.015888894087371506,0.07983496079386879,-0.015872694486800395,0.06334916575176978,-0.017206014169323817,-0.00047295622863596223,-0.015579392821569475,-0.05089090893493284,0.12339042554064136,-0.11755562030049468,0.1205881965163143,-0.0933235619134599,0.10078499652089003,-0.06984027388939058,0.04965010128165902,-0.009971598541746025,-0.0021276022321950793,0.09972601591332095,-0.1499084970453964,0.1730856131730649,-0.12964461492284787,0.1485124536471344,-0.122312617360924,0.14498994022677084,-0.1041222126153171,0.11274565236086562,-0.04128471581437242,-0.07954606058050616,0.25000000000000044,-0.21530541098227504,0.21640602029478254,-0.18921671914989208,0.18560547658034016,-0.17703327568288751,0.13264574054310452,-0.13419194189077827,0.013847177042336631,0.08478301315059021,-0.21814353112417298,0.2113020073832782,-0.21715160308667356,0.17501682417799375,-0.17040466148339228,0.11958850078022162,-0.07368321383290455,0.021204426177293734,-0.01268293379082967,-0.017557928901769344,-0.015406217882055888,-0.1970273147130123,-0.015266224629166904,-0.15805148681300135,-0.015211398025173743,-0.11035321113819332,-0.01322782565888793,-0.012926351367168382,-0.015581795271555116
