x1,x2,x3,x4,x5,x6,x7,x8,x9,x10,x11,x12,x13,x14,x15,x16,x17,x18,x19,x20,x21,x22,x23,x24,x25,x26,x27,x28,x29,x30,x31,x32,x33,x34,x35,x36,x37,x38,x39,x40,x41,x42,x43,x44,x45,x46,x47,x48,x49,x50,x51,x52,x53,x54,x55,x56,x57,x58,x59,x60
0.25000000000000006,0.030446847322594808,-0.022299716262775885,0.04428652741695735,-0.040287510030325366,0.046259744142374874,-0.04193017948735799,0.04761707237271716,-0.04491884570586757,0.0484287915274812,-0.052995310198344074,0.04450800182329306,-0.00597404556781565,0.0022666798486871537,0.01633739348724072,-0.01838186514531321,0.024329684970853065,-0.024484138020666155,0.024418893999593003,-0.02406440575393418,0.05287229674680214,-0.05403153960391382,0.050874734152127024,-0.03172559474849475,0.031062314223257743,-0.009349243008645258,0.006637811837576013,0.012828027919606534,-0.014450094324244751,0.02380165032596732,-0.051434503089215315,0.051557238163927724,-0.05170812378674094,0.05157405921801544,-0.051996422581371736,0.05054376864316326,-0.044846801411959035,0.04329374673858179,-0.04210401142117103,0.042440115383942656,0.04817713219729856,-0.050663635676959695,0.05022087873903816,-0.05034661973450639,0.04952473102017694,-0.049504941661538605,0.04890773282469641,-0.04542585391889362,0.04487663846562835,-0.042451092973210806,0.0008828730325021049,0.04887918071618167,-0.04913362579604129,0.04854069708620529,-0.048709637542691774,0.04850406300771664,-0.04836683856651367,0.04849100663249797,-0.048162350670053596,0.048429989666601815
0.030446847322594808,0.2500000000000001,-0.24041502236747578,0.2329562728500574,-0.22788824258967055,0.23115397923485173,-0.2183588659525436,0.22912346228227393,-0.2207406444014395,0.23201296418675624,0.16243416021541612,-0.16558256671079055,0.20314837692355614,-0.19113111346586162,0.19984107155743097,-0.17989364145467168,0.17874584979358463,-0.1663680966104477,0.16384652612576606,-0.15529320102423347,-0.042572152219951295,0.0877163067177148,-0.09573908029963595,0.13236636522358966,-0.10950936040270133,0.12852954002720832,-0.123681576196465,0.14092483475448156,-0.1449165889840855,0.15689161147823685,0.048385297198834824,-0.01706734361765393,0.01624915008770347,0.03171761899319372,-0.02613329874275584,0.07110768091787992,-0.06632044084828834,0.114371088639473,-0.11613545236327286,0.14650097463446332,0.06053172500992537,-0.06876746205172378,0.1213841244040122,-0.11945552150866062,0.17135358305620363,-0.17187459393546164,0.17860428900143263,-0.16200611708749585,0.1593895488930399,-0.14723099759731348,0.09949978837186861,0.19719935448202652,-0.18300296620814221,0.22609094115196937,-0.2148945864730533,0.227991699278616,-0.21909238836640368,0.2286463105125155,-0.21987914468444927,0.23201530446230506
-0.022299716262775885,-0.24041502236747578,0.25000000000000006,-0.22748857919675403,0.22395895301149424,-0.22324043854976972,0.2115869176080712,-0.2200539967180966,0.2126150806293515,-0.22294407114682746,-0.16961659947521918,0.17395118845187307,-0.21226812438021864,0.19958309495236984,-0.2029846454611679,0.18226355970048405,-0.1796447002083226,0.1672130832814249,-0.16469232201449702,0.1561863673307015,0.05165213700665056,-0.09681629114790438,0.10475978327716157,-0.14111332730725062,0.1180788484179405,-0.13489110615024877,0.12959144505855674,-0.14363909838598385,0.1473549523384366,-0.15781629628921073,-0.05741793958512157,0.02614268659303608,-0.02532492262365228,-0.02268434158169877,0.017063510786190287,-0.062105683524150496,0.05767618824580424,-0.10577168528904442,0.10760966579615222,-0.137918326788959,-0.051890762561164316,0.05969917056119144,-0.11231772362393484,0.11038527338363217,-0.162286712909858,0.1628077796832849,-0.16957892795880047,0.15321235376505266,-0.15063670487148154,0.13865190987862883,-0.09938464635795376,-0.1881581253651334,0.173959072837797,-0.21702198060580766,0.20583194207596842,-0.21892291632507274,0.21007709662854096,-0.21957754068195626,0.21084235621199274,-0.22294637839993717
0.04428652741695735,0.2329562728500574,-0.22748857919675403,0.25000000000000033,-0.24167370490959536,0.24452529811171517,-0.23039979320503767,0.24255591504445795,-0.23279856489593537,0.24545227383536494,0.15133012124972772,-0.15403237353329866,0.1909968356250494,-0.179866297405618,0.1957175422176484,-0.17753940328408177,0.18008213777571824,-0.16779257075013404,0.16526106259626308,-0.15657021422729442,-0.030056697820213276,0.07532949703346128,-0.08347765182310374,0.12057012208882392,-0.09788467796014345,0.12024825114820328,-0.11615368110200555,0.13900150795358573,-0.14347972041377383,0.15812011271192888,0.03594626312423503,-0.004469851290680063,0.0036485313650719093,0.044421623417814346,-0.03886887888965644,0.0838990282410873,-0.07856156560934086,0.1267104077799546,-0.1283712307628091,0.15892533557369448,0.07278657012242266,-0.08164797198286813,0.134441317221666,-0.1325113448384633,0.18458222045267264,-0.18510480233449395,0.1917976229913471,-0.17479705347785165,0.17211110833956933,-0.15965332200110327,0.10001599117079694,0.2104809921278184,-0.19623969986312312,0.23951007036838343,-0.22826653540021835,0.24141709468508707,-0.23241277761090062,0.24207392564809282,-0.23322930813596027,0.24545468924882935
-0.040287510030325366,-0.22788824258967055,0.22395895301149424,-0.24167370490959536,0.25000000000000017,-0.24009724888344017,0.22806327269995605,-0.23423556676453738,0.22596833088424076,-0.2371313137506484,-0.15094891285867407,0.15604424138022016,-0.1940022433020185,0.18749723125362794,-0.20374489619661526,0.1852095415978753,-0.1868759385367248,0.17456598260689804,-0.1720371897809853,0.16337234863759312,0.03807595864352939,-0.08333199315644613,0.09143151292837454,-0.12855851310138597,0.1058602665279846,-0.12812331226712986,0.12391970532183777,-0.14616651178329754,0.15057701676516813,-0.1649272712156944,-0.04392198033042878,0.012539872869141913,-0.011725941561999376,-0.03629669461513924,0.03070844068926637,-0.07572657859980314,0.0703986613812574,-0.11851723739729186,0.12018095217779445,-0.1507086373710655,-0.06500246241483694,0.07348767274938534,-0.1262169554507027,0.12428182806469477,-0.17630900855268922,0.17682891633801326,-0.18353463565134343,0.16655070387527518,-0.16387327561008055,0.15144303327962233,-0.0999556840249486,-0.20221396865246472,0.18798189149732625,-0.23119349251243362,0.21996396952793557,-0.2330992513236102,0.22415015246190936,-0.23375555121644004,0.22492077244963865,-0.23713372027108862
0.046259744142374874,0.23115397923485173,-0.22324043854976972,0.24452529811171517,-0.24009724888344017,0.25,-0.2350677105439217,0.24412278612390334,-0.23413283955083086,0.2470188589622995,0.14931074199928673,-0.15183295781673284,0.18856608642805722,-0.17822341896624916,0.19414295859056854,-0.17611724098807333,0.17902527753379494,-0.16674807561165486,0.16421638842290304,-0.15551674976029906,-0.028471864409723012,0.07374008844732031,-0.08189584012100413,0.11898258515805626,-0.09632647282140026,0.1187544790883101,-0.11469977098895731,0.13780135357062387,-0.1423033136218428,0.15706408637370078,0.034368373105613484,-0.0028850969965492513,0.0020648982446952817,0.045988898546093226,-0.040441664465668825,0.08546340527716882,-0.08011655395018542,0.12826232862758857,-0.12992072634516494,0.1604760561630588,0.07429102613347566,-0.0832240651674364,0.13601176668381587,-0.13408200689264635,0.18615002499412797,-0.1866727027267705,0.19336141362140763,-0.17635525292614923,0.1736673342265547,-0.16120277384806983,0.10000742654581747,0.21204376393987875,-0.19780343783639776,0.24107680677107224,-0.2298324562762813,0.24298375775228656,-0.2339702558917571,0.24364058055443047,-0.23479488469093776,0.2470212837623675
-0.04193017948735799,-0.2183588659525436,0.2115869176080712,-0.23039979320503767,0.22806327269995605,-0.2350677105439217,0.2500000000000001,-0.23499551592461929,0.22842906991383588,-0.23210192408146624,-0.13998602532497323,0.14460840023678478,-0.18195864181287685,0.17869939177672878,-0.19582552613300389,0.18799846503629528,-0.19288982211933953,0.1806200269409588,-0.1780953910315462,0.16941301625009852,0.03040999743484997,-0.07544670012368394,0.08349799331666896,-0.12230332115210125,0.10814290853156512,-0.1322992152472867,0.12857581224283793,-0.15173474423380903,0.15619933567019106,-0.17095508016814898,-0.03631950177811286,0.007046023557951965,-0.007184209478714459,-0.03387817547373884,0.02738742264429064,-0.07120597731431155,0.0656467991763668,-0.11366564048191553,0.11531535378476021,-0.14579026410539528,-0.0658511721693737,0.0741484722086946,-0.12309244272714712,0.12071822768323198,-0.1715300862261954,0.1719201514357662,-0.17861468937056488,0.16162681514467492,-0.15895100193866352,0.14652525380745934,-0.09693549848013643,-0.1975882846765291,0.18354327002793933,-0.2261758821364676,0.214980474751998,-0.22807793317867653,0.21916038786331926,-0.22873289561134616,0.2199120075497182,-0.23210432649512577
0.04761707237271716,0.22912346228227393,-0.2200539967180966,0.24255591504445795,-0.23423556676453738,0.24412278612390334,-0.23499551592461929,0.2500000000000001,-0.23952431576542021,0.24709661428682436,0.14521853402698026,-0.14741758871155353,0.18391992321282918,-0.17408175022632502,0.1902320810030946,-0.17538746839694125,0.1789321239441427,-0.16665636172159745,0.16412495478700562,-0.15542582584502196,-0.024565284008913956,0.06978729986319239,-0.07794296348383367,0.11556836031292415,-0.09558807691036166,0.11852146626318139,-0.11459749169295519,0.1377105136410888,-0.14221189321376027,0.15697262356274136,0.030495193271138754,0.00035796201776699976,-0.0008797746337002454,0.046769858882661525,-0.04094219504026424,0.0856047541530743,-0.08020081622264075,0.12834459796329184,-0.13000290676681642,0.16055702195214094,0.07605040640991324,-0.08499754327253285,0.13662566762924191,-0.1345573738604731,0.1862709943697567,-0.18675324724574993,0.1934402839575948,-0.17643570622254287,0.1737475110275615,-0.16128279988069288,0.09909944395678552,0.21222383191516173,-0.19803479542711003,0.24115479974825277,-0.22991359900951847,0.24306166908703214,-0.23404373268753628,0.2437184658369677,-0.23487305191377708,0.24709903331711405
-0.04491884570586757,-0.2207406444014395,0.2126150806293515,-0.23279856489593537,0.22596833088424076,-0.23413283955083086,0.22842906991383588,-0.23952431576542021,0.2500000000000001,-0.23664590114175946,-0.1395951232213017,0.14344239155091867,-0.1804996173109661,0.1750533045833766,-0.1919370409835366,0.182370519774702,-0.1866054786268575,0.17614827540383246,-0.17411068304025862,0.16541387272223596,0.026425410342188226,-0.07147482312007855,0.07955775253830219,-0.1183018456487411,0.10377652839175269,-0.12788396474017136,0.12435819363163891,-0.1475468319556699,0.15202396164024162,-0.16679090329612623,-0.03235809630106781,0.002950201062513288,-0.003051895893576353,-0.03827342640513352,0.031827520155198484,-0.07561536223810979,0.07005427932975622,-0.11811174254270765,0.11976343368618712,-0.1502625786146396,-0.06995128170194208,0.07845258952281237,-0.12753708816778292,0.12517543160540465,-0.1760226980735422,0.1764137374932318,-0.1831057013902491,0.16611271175583736,-0.16343281162855786,0.15099430440647565,-0.09704949213461933,-0.20209084445275668,0.18803603533817606,-0.23071471861803194,0.219507110956136,-0.23261838039916183,0.22366755094316093,-0.23327394933758797,0.22444535009029246,-0.23664829932685255
0.0484287915274812,0.23201296418675624,-0.22294407114682746,0.24545227383536494,-0.2371313137506484,0.2470188589622995,-0.23210192408146624,0.24709661428682436,-0.23664590114175946,0.24999999999999983,0.14809407036455385,-0.15002209947807774,0.18645749623383445,-0.17532442531614845,0.1911751642123444,-0.17314864051570164,0.1760562210464777,-0.16377899650883462,0.16124707740504088,-0.15254853433237392,-0.025524023549276815,0.07078627218216174,-0.07895918042715741,0.11602691114699572,-0.09338987280440214,0.11578502227984125,-0.11174216261019877,0.1348318311645691,-0.13933915492503887,0.15409574111918192,0.03143650780570601,7.250300466661591e-5,-0.0008941145656119342,0.048945194105610414,-0.04341134495375652,0.08842605510107704,-0.0830883346078153,0.13123408350430504,-0.13289325733238552,0.16344868132337692,0.07711975152713967,-0.08618734298221684,0.13898084454947354,-0.13705297700141372,0.18912246670339747,-0.18964589964283038,0.19632888199085924,-0.17932840087084678,0.17663915715249418,-0.16417273201938976,0.09999566189917161,0.21500745954968836,-0.2007675884523023,0.2440508520490666,-0.23280428172474804,0.24595777609972613,-0.2369263909130126,0.24661462618615407,-0.23776852835772877,0.2499954074055475
-0.052995310198344074,0.16243416021541612,-0.16961659947521918,0.15133012124972772,-0.15094891285867407,0.14931074199928673,-0.13998602532497323,0.14521853402698026,-0.1395951232213017,0.14809407036455385,0.25000000000000017,-0.2336499964600445,0.190794320806307,-0.17052700299093462,0.14897557862321062,-0.12546219064604838,0.11628132641143646,-0.10419050348462162,0.10181787018961935,-0.09452351310838876,-0.11611398289248234,0.15962060670838638,-0.16152499599937817,0.16066872482383837,-0.136086752938533,0.1177448594477876,-0.10919727097906087,0.09741366797753073,-0.09880386623721181,0.09647798644380795,0.1188621632304601,-0.08956919367122804,0.08877762462771334,-0.042291455873365594,0.047790312744504584,-0.003590851875512463,-0.0016744357813843133,0.04847720094930303,-0.052098589810093916,0.07946940404833441,-0.01173245227641497,0.007618120248314136,0.04273232008303854,-0.04089809917321253,0.09040849608120449,-0.09096967435384931,0.09813139773402382,-0.08872988458049726,0.08723691425897105,-0.08010921862065395,0.09091853852744602,0.11515110853079914,-0.10161319619848641,0.14246009060833245,-0.1318632622524838,0.14426964717535298,-0.13622304074117125,0.14489378728357924,-0.1373783795007931,0.14809531948544705
0.04450800182329306,-0.16558256671079055,0.17395118845187307,-0.15403237353329866,0.15604424138022016,-0.15183295781673284,0.14460840023678478,-0.14741758871155353,0.14344239155091867,-0.15002209947807774,-0.2336499964600445,0.2500000000000003,-0.2070322435263661,0.1865237179500527,-0.16484530396165623,0.1406428644693423,-0.1312818974851745,0.11856001373539929,-0.11607713572678184,0.10843585609913121,0.12518830547173587,-0.17051801223391616,0.17276572670853213,-0.17378306479602978,0.148284038618875,-0.13080106120167315,0.12200307425341093,-0.11081558833842906,0.11234396044325452,-0.11045914988346961,-0.12815561199563272,0.09765602096234684,-0.09683872420634301,0.048440198265730275,-0.0542044752887763,0.008168987657486337,-0.00316465489072452,-0.04558313250255077,0.049265796201850766,-0.0778751371073402,0.016369749599130425,-0.012257926115727662,-0.04019242216483599,0.0382725355608919,-0.08988017820798873,0.09045943274784235,-0.09790577410154609,0.0877875148138485,-0.08618746767374742,0.07855179617298341,-0.09498907002860336,-0.11569449477162236,0.101580151592915,-0.14414810581039153,0.13310254649594305,-0.14603481684338465,0.13767214497297056,-0.14668542779939137,0.13881166019563704,-0.15002345303349773
-0.00597404556781565,0.20314837692355614,-0.21226812438021864,0.1909968356250494,-0.1940022433020185,0.18856608642805722,-0.18195864181287685,0.18391992321282918,-0.1804996173109661,0.18645749623383445,0.190794320806307,-0.2070322435263661,0.2500000000000003,-0.2286571162712331,0.20689610557221144,-0.18269558512316075,0.17327837666950757,-0.16056488516997164,0.15804445693730546,-0.14978316242990725,-0.08881104763263728,0.13414551353736287,-0.1413443564395423,0.1736693179657511,-0.14973426755076502,0.15476110684013591,-0.14731430093375317,0.14600522648595152,-0.1484137282861599,0.15157905521738485,0.09419119555337903,-0.06304483100705026,0.062226977888775514,-0.013939600999076452,0.019707472922027184,0.02576631051533582,-0.02358059137538689,0.07200819150611454,-0.07430325847065257,0.10430089198803313,0.016909253474481918,-0.022960306208229538,0.07568025929205195,-0.0737320498871574,0.12572690189065608,-0.12625525426932538,0.13325272722884807,-0.11832314989853143,0.11598673588537295,-0.10504034366685891,0.09872072178121453,0.15173223904404876,-0.13750233863489075,0.18052699939206224,-0.1693478502055169,0.18243120810791594,-0.1737892681635772,0.183086910922074,-0.17453476216383057,0.18645943044328037
0.0022666798486871537,-0.19113111346586162,0.19958309495236984,-0.179866297405618,0.18749723125362794,-0.17822341896624916,0.17869939177672878,-0.17408175022632502,0.1750533045833766,-0.17532442531614845,-0.17052700299093462,0.1865237179500527,-0.2286571162712331,0.25000000000000033,-0.22807869269927494,0.20375651298600128,-0.19402120388030727,0.18129764836849097,-0.17877331746688085,0.1704563823446404,0.1000553948362152,-0.14545619264744358,0.15334542925858957,-0.1906947340744895,0.1667258415410465,-0.1737734825321467,0.1663855597328443,-0.16607005997468421,0.16853865124428938,-0.17222917456878983,-0.10573370732438211,0.0745912289417263,-0.07377532749056184,0.025416230859392933,-0.03125947133531826,-0.014224006769666129,0.011087771386356311,-0.059522494716528526,0.061642349865888166,-0.09184226884337919,-0.005978511422141344,0.01155992240182075,-0.06434555920460162,0.06238354158974127,-0.11447085202588599,0.1149888920618913,-0.1219673483295572,0.10638986874384847,-0.10396607420602716,0.09260453470597976,-0.0993536428946193,-0.14057116576320286,0.12631045079546818,-0.16938154943756187,0.1581868357563398,-0.17128990959464854,0.1627001788703332,-0.17194672356745858,0.16330345694220996,-0.17532636965564002
0.01633739348724072,0.19984107155743097,-0.2029846454611679,0.1957175422176484,-0.20374489619661526,0.19414295859056854,-0.19582552613300389,0.1902320810030946,-0.1919370409835366,0.1911751642123444,0.14897557862321062,-0.16484530396165623,0.20689610557221144,-0.22807869269927494,0.2500000000000002,-0.22464643594513392,0.2148357265924283,-0.2021482014848433,0.1996286023698222,-0.1912672780170418,-0.08019217998907945,0.1253855683126379,-0.1332644530473521,0.17106403458983965,-0.1501065484729938,0.1703771963486541,-0.16491146494901254,0.1788574834978735,-0.18249508900175854,0.19289998369995093,0.08586056892378281,-0.05535329193610666,0.05478609718279018,-0.008449655896572225,0.014438065051472809,0.030409576823355745,-0.025391958531420237,0.07344972325963653,-0.07519107205252673,0.10557418912488908,0.022903152200300637,-0.029300513177932735,0.08096890721728828,-0.07890798740251191,0.13055034883998506,-0.1310317728977739,0.13783711091011983,-0.12111303124722772,0.11850727340312958,-0.10634124779623234,0.09903923996734475,0.15656673259289955,-0.1423960320574274,0.18525225454279434,-0.17408518665401337,0.1871539128962714,-0.17849491964759853,0.1878083181133297,-0.17903867514603872,0.19117720689234735
-0.01838186514531321,-0.17989364145467168,0.18226355970048405,-0.17753940328408177,0.1852095415978753,-0.17611724098807333,0.18799846503629528,-0.17538746839694125,0.182370519774702,-0.17314864051570164,-0.12546219064604838,0.1406428644693423,-0.18269558512316075,0.20375651298600128,-0.22464643594513392,0.2500000000000003,-0.24006974260712763,0.22735698590447334,-0.22483404802614823,0.21644057035736364,0.058126967546774655,-0.10301964787847462,0.11078647379553558,-0.15473545182322215,0.16348875912329283,-0.19261862147088915,0.18731638896698688,-0.20305612269945228,0.2067992686876065,-0.2180584323336552,-0.06404553206598255,0.04048116201993847,-0.043172793841903916,0.020220473472331496,-0.029363325276925086,-0.012388726204294468,0.006374219546519581,-0.05455189554305944,0.05621536389188645,-0.08676162856237392,-0.022906535249971906,0.028602968675936136,-0.06801478154261265,0.06445025117209749,-0.11273466170977055,0.11280707685727229,-0.11963453181898155,0.10256823888112779,-0.09992010831191002,0.08754404380385239,-0.09008615641364005,-0.13949942386078182,0.1257844516100808,-0.1672059121528364,0.15604206380624372,-0.16911421115814437,0.16049362116378255,-0.16977061929568174,0.16094075904881647,-0.17315061585857125
0.024329684970853065,0.17874584979358463,-0.1796447002083226,0.18008213777571824,-0.1868759385367248,0.17902527753379494,-0.19288982211933953,0.1789321239441427,-0.1866054786268575,0.1760562210464777,0.11628132641143646,-0.1312818974851745,0.17327837666950757,-0.19402120388030727,0.2148357265924283,-0.24006974260712763,0.2500000000000002,-0.23636748630642623,0.2338348753774387,-0.2251442987878519,-0.048774833096272174,0.0935150315978726,-0.1012447886588861,0.14573450083256348,-0.15753411384146215,0.1873932233564574,-0.1843807525308307,0.20761844062992776,-0.2119583308326811,0.22668876359236512,0.054713223700837456,-0.032085442979730074,0.035178346626641495,-0.015254013693035012,0.024755621178907113,0.01583154289401217,-0.009557695748899482,0.05760446512932042,-0.05924147592537433,0.08973081546275499,0.02882639653066225,-0.03468779943940576,0.07223007709932118,-0.06846286898371215,0.11587534754717045,-0.11586127494896138,0.12265624759334562,-0.10556346205292068,0.10290850962413779,-0.09050839501696296,0.08839808632722315,0.14269611511573918,-0.12912386707662132,0.1701279282724935,-0.1589947677184974,0.1720315249298554,-0.16340507485826214,0.1726863400175038,-0.16386804823257733,0.17605818611682292
-0.024484138020666155,-0.1663680966104477,0.1672130832814249,-0.16779257075013404,0.17456598260689804,-0.16674807561165486,0.1806200269409588,-0.16665636172159745,0.17614827540383246,-0.16377899650883462,-0.10419050348462162,0.11856001373539929,-0.16056488516997164,0.18129764836849097,-0.2021482014848433,0.22735698590447334,-0.23636748630642623,0.25000000000000017,-0.24744105310064518,0.2387329778849147,0.037170532494602976,-0.08191636894345149,0.08955766194794237,-0.13649962366230933,0.15925808007613507,-0.1919233977807413,0.19670376255470023,-0.22104777820041877,0.22538881324750415,-0.24027580322688458,-0.0432719227928037,0.024058581700171177,-0.02876151639008687,0.020336077050166115,-0.031486215147550047,-0.00403565120526288,-0.003126441690704353,-0.0450408788873439,0.046678731220960695,-0.07724402724027526,-0.02880704563869125,0.03421056688135463,-0.06450109962219724,0.05983755115043692,-0.10385988956857747,0.103440619897178,-0.11026756619217915,0.09311393266342234,-0.09045570185586342,0.07802900890899107,-0.08225415397411098,-0.13139321122850572,0.1182891988203132,-0.15783608793741105,0.14671200413609625,-0.1597445419359122,0.15114251158809236,-0.16040088181771883,0.15156188676614374,-0.16378084413672056
0.024418893999593003,0.16384652612576606,-0.16469232201449702,0.16526106259626308,-0.1720371897809853,0.16421638842290304,-0.1780953910315462,0.16412495478700562,-0.17411068304025862,0.16124707740504088,0.10181787018961935,-0.11607713572678184,0.15804445693730546,-0.17877331746688085,0.1996286023698222,-0.22483404802614823,0.2338348753774387,-0.24744105310064518,0.2500000000000002,-0.24117948844549625,-0.03580098550884508,0.08004589225624287,-0.08762183798633642,0.1346419158267074,-0.15885380037299995,0.19171360641894897,-0.19705720210318078,0.22145342860397732,-0.22577706415866447,0.24064740512948593,0.041829125252151496,-0.02307237355090358,0.027914054233943383,-0.020890103489706546,0.03215072523177527,0.002758002805646283,0.004436499791456696,0.04338301304111629,-0.045003418672598196,0.07534734990175057,0.028477596188041892,-0.033790127809409376,0.06308592360197685,-0.05837340138685073,0.10179136250215462,-0.1013479957731347,0.10813093008711655,-0.09110283425823425,0.08846411050036777,-0.07612737589769925,0.08104058828811792,0.12917552381392733,-0.11620475896486371,0.15534483123192347,-0.14430665187382744,0.1572408035330946,-0.14870541269055487,0.15789279805852208,-0.14911866087046138,0.16124890129708194
-0.02406440575393418,-0.15529320102423347,0.1561863673307015,-0.15657021422729442,0.16337234863759312,-0.15551674976029906,0.16941301625009852,-0.15542582584502196,0.16541387272223596,-0.15254853433237392,-0.09452351310838876,0.10843585609913121,-0.14978316242990725,0.1704563823446404,-0.1912672780170418,0.21644057035736364,-0.2251442987878519,0.2387329778849147,-0.24117948844549625,0.2500000000000002,0.03142577166789362,-0.07521828486700881,0.08265523883362343,-0.1298460863376118,0.15592538556946522,-0.18902573761594035,0.20156630406668183,-0.22667101595014752,0.23095258317959563,-0.24579265582965856,-0.03739969422672294,0.019978508133323206,-0.02534207981234309,0.022449957585931546,-0.03425367016146732,0.003318321771226001,-0.01107894091119972,-0.03613327462400681,0.03771869677657148,-0.06769857344289021,-0.027600487152972027,0.0326089090374581,-0.05834933606312497,0.05332575217335519,-0.09410465098413363,0.09343195158039759,-0.1001348014588791,0.08328167788469384,-0.080673240076546,0.0684726545777782,-0.07697790083105388,-0.12151052193242706,0.10900278852466458,-0.14672047215957354,0.1358496414173729,-0.1485933431259622,0.1401931569221436,-0.14923724271007635,0.14057353617728316,-0.15255026986338896
0.05287229674680214,-0.042572152219951295,0.05165213700665056,-0.030056697820213276,0.03807595864352939,-0.028471864409723012,0.03040999743484997,-0.024565284008913956,0.026425410342188226,-0.025524023549276815,-0.11611398289248234,0.12518830547173587,-0.08881104763263728,0.1000553948362152,-0.08019217998907945,0.058126967546774655,-0.048774833096272174,0.037170532494602976,-0.03580098550884508,0.03142577166789362,0.2500000000000003,-0.20393163710393214,0.19501622870952154,-0.14491988245094792,0.11928902808067886,-0.08061612449960331,0.07006108118294876,-0.04297516178645538,0.04265652190347774,-0.03194603897616809,-0.23975243880041586,0.2093038696140408,-0.19689716156694584,0.1468789715807579,-0.1371284180656659,0.09115444566728614,-0.0719236248984863,0.031053984393028557,-0.025960787111175786,0.008102415991989825,0.12735417387396003,-0.1295742717585847,0.07873368063501568,-0.07894814328369391,0.029189011306838757,-0.026060957676184642,0.01729220439768241,-0.010954781283952395,0.010288922431754844,-0.0077052710324306715,-0.0795117118124273,0.00674990147767916,-0.02017725644586993,-0.019966277139675,0.01036449397592966,-0.021820013135003553,0.014989154144136586,-0.02247040064858425,0.017528490562210657,-0.025524226525263736
-0.05403153960391382,0.0877163067177148,-0.09681629114790438,0.07532949703346128,-0.08333199315644613,0.07374008844732031,-0.07544670012368394,0.06978729986319239,-0.07147482312007855,0.07078627218216174,0.15962060670838638,-0.17051801223391616,0.13414551353736287,-0.14545619264744358,0.1253855683126379,-0.10301964787847462,0.0935150315978726,-0.08191636894345149,0.08004589225624287,-0.07521828486700881,-0.20393163710393214,0.2500000000000004,-0.2400624519238451,0.18978559342203305,-0.16263417257553076,0.12400147321609266,-0.11305616526803378,0.08637925420607417,-0.08645813806510774,0.07649334975568102,0.20383115464801568,-0.17488529850449652,0.17369462366468538,-0.12515601210606683,0.13045508039926706,-0.08337856575188379,0.06822196310476447,-0.018997673447599138,0.013385091641196027,0.013113868037546937,-0.09051713014806445,0.09042926850321992,-0.038289589229043096,0.04014294994176557,0.011194924000085456,-0.011946198167740164,0.020166112005790573,-0.017057599870506136,0.016538273212846084,-0.01372335835207418,0.09001573897247989,0.036904244418796674,-0.022862849186650134,0.06495098615355492,-0.054079924579986255,0.06683042025643737,-0.058995342666319416,0.06747984539883542,-0.06057925748764224,0.07078693256901236
0.050874734152127024,-0.09573908029963595,0.10475978327716157,-0.08347765182310374,0.09143151292837454,-0.08189584012100413,0.08349799331666896,-0.07794296348383367,0.07955775253830219,-0.07895918042715741,-0.16152499599937817,0.17276572670853213,-0.1413443564395423,0.15334542925858957,-0.1332644530473521,0.11078647379553558,-0.1012447886588861,0.08955766194794237,-0.08762183798633642,0.08265523883362343,0.19501622870952154,-0.2400624519238451,0.2500000000000003,-0.19928325314124448,0.17179525041967678,-0.13294941561334717,0.12184950710512553,-0.09474219324670398,0.09477689790436648,-0.08405618093349271,-0.19846949997863558,0.1704986156637374,-0.1701403187282103,0.12138014285655363,-0.12762032589159356,0.08010289316735232,-0.06614465179679299,0.01575387630817758,-0.01023238202490289,-0.017362193553326626,0.08524082864256351,-0.08476003733708125,0.0319772632916645,-0.03398209211279986,-0.01813910109078968,0.01870661774185739,-0.026939257990868038,0.022420134176805315,-0.021706301950536678,0.018003542874088684,-0.09231607843493238,-0.044466419001863086,0.03018313457407665,-0.0730148535713971,0.061890533788252766,-0.07492529972458167,0.06687711321214096,-0.07558442495384769,0.06835298240096213,-0.07895993631585514
-0.03172559474849475,0.13236636522358966,-0.14111332730725062,0.12057012208882392,-0.12855851310138597,0.11898258515805626,-0.12230332115210125,0.11556836031292415,-0.1183018456487411,0.11602691114699572,0.16066872482383837,-0.17378306479602978,0.1736693179657511,-0.1906947340744895,0.17106403458983965,-0.15473545182322215,0.14573450083256348,-0.13649962366230933,0.1346419158267074,-0.1298460863376118,-0.14491988245094792,0.18978559342203305,-0.19928325314124448,0.25000000000000017,-0.21978580038723583,0.1809829843226865,-0.16995235947600645,0.14287247553769822,-0.1428649708504863,0.13179099145206077,0.1484040350992913,-0.12294088819934876,0.12354248507280949,-0.08161242922412303,0.08850937678008414,-0.04264981898305044,0.03948280165821159,0.009207999369268206,-0.012564993683034896,0.04152504529514406,-0.04482966281700253,0.04217000696206841,0.007120665198937211,-0.004800840267853733,0.055867809126692196,-0.05634205464919727,0.06375609204926225,-0.052403010118337784,0.05064679206713318,-0.04225278599746651,0.09376373720005535,0.08193557017473128,-0.06787786698393752,0.11014306809245598,-0.09910849908219511,0.11203356608663262,-0.10385281172311853,0.11268457639137733,-0.10465605072233813,0.11602815246189399
0.031062314223257743,-0.10950936040270133,0.1180788484179405,-0.09788467796014345,0.1058602665279846,-0.09632647282140026,0.10814290853156512,-0.09558807691036166,0.10377652839175269,-0.09338987280440214,-0.136086752938533,0.148284038618875,-0.14973426755076502,0.1667258415410465,-0.1501065484729938,0.16348875912329283,-0.15753411384146215,0.15925808007613507,-0.15885380037299995,0.15592538556946522,0.11928902808067886,-0.16263417257553076,0.17179525041967678,-0.21978580038723583,0.25000000000000033,-0.21027138397139586,0.19898845594946346,-0.17081977030242693,0.17058976769467663,-0.15805030768077566,-0.12325368650898758,0.10844703373387317,-0.11353450115976642,0.10210765560663171,-0.11315050467532353,0.0668495547826527,-0.06421472450126145,0.015091528748663935,-0.011803412562954163,-0.017500566409647127,0.04851601918978502,-0.04680737470972634,0.011915818034717607,-0.016054657626100595,-0.032921671067461744,0.033088019037209614,-0.04058101709507372,0.028753114184575802,-0.02693864754952852,0.018252948767221784,-0.08448164374923811,-0.05976903269653144,0.04593710077428646,-0.0874460647271134,0.07633381193168348,-0.089356001605721,0.08118449387145059,-0.09001332211414721,0.08186348716326415,-0.09339100510902527
-0.009349243008645258,0.12852954002720832,-0.13489110615024877,0.12024825114820328,-0.12812331226712986,0.1187544790883101,-0.1322992152472867,0.11852146626318139,-0.12788396474017136,0.11578502227984125,0.1177448594477876,-0.13080106120167315,0.15476110684013591,-0.1737734825321467,0.1703771963486541,-0.19261862147088915,0.1873932233564574,-0.1919233977807413,0.19171360641894897,-0.18902573761594035,-0.08061612449960331,0.12400147321609266,-0.13294941561334717,0.1809829843226865,-0.21027138397139586,0.25000000000000017,-0.23298771306754387,0.20474998725109617,-0.20445815483372867,0.19167853772821852,0.08445674837874301,-0.07092911344923285,0.07639056626797565,-0.06799379172610688,0.07912216807131593,-0.04044743438447748,0.046391813485609106,0.0007243383998003818,-0.002425851475141872,0.03222310283482913,-0.017491889630676462,0.014300272629817526,0.016601505904615274,-0.012228329654378438,0.05710547150402031,-0.05694160128048679,0.06374347935872253,-0.047355480146592015,0.04484284428206657,-0.03302360426528148,0.08213324258784055,0.08374719882351984,-0.07066694442699,0.10997906548740435,-0.09915059453918754,0.11184613972700722,-0.10372427639825085,0.11248776919585227,-0.10392552302332264,0.11578643740464457
0.006637811837576013,-0.123681576196465,0.12959144505855674,-0.11615368110200555,0.12391970532183777,-0.11469977098895731,0.12857581224283793,-0.11459749169295519,0.12435819363163891,-0.11174216261019877,-0.10919727097906087,0.12200307425341093,-0.14731430093375317,0.1663855597328443,-0.16491146494901254,0.18731638896698688,-0.1843807525308307,0.19670376255470023,-0.19705720210318078,0.20156630406668183,0.07006108118294876,-0.11305616526803378,0.12184950710512553,-0.16995235947600645,0.19898845594946346,-0.23298771306754387,0.2500000000000002,-0.2207121483598656,0.21927733788941545,-0.20452466585045612,-0.0741600089139467,0.06333095342498322,-0.06971980800041458,0.06610445359809244,-0.07816273384715183,0.04706460919822402,-0.05511179869798559,0.006943464926514029,-0.005318737806675355,-0.02524319565926816,0.013502104161713928,-0.010377106677024487,-0.015934847911745518,0.010773121345120233,-0.05215336396326277,0.051421803753031396,-0.05834389601616409,0.04109999590039347,-0.03846425735771539,0.026071192717695854,-0.07864268134459518,-0.08029682128530408,0.06756108535525075,-0.10579972246312258,0.09473513208895555,-0.10770884801547473,0.09940133433843593,-0.10836478699466447,0.09953325941014789,-0.11174353427856552
0.012828027919606534,0.14092483475448156,-0.14363909838598385,0.13900150795358573,-0.14616651178329754,0.13780135357062387,-0.15173474423380903,0.1377105136410888,-0.1475468319556699,0.1348318311645691,0.09741366797753073,-0.11081558833842906,0.14600522648595152,-0.16607005997468421,0.1788574834978735,-0.20305612269945228,0.20761844062992776,-0.22104777820041877,0.22145342860397732,-0.22667101595014752,-0.04297516178645538,0.08637925420607417,-0.09474219324670398,0.14287247553769822,-0.17081977030242693,0.20474998725109617,-0.2207121483598656,0.25000000000000017,-0.24468815056722448,0.22971957086860156,0.04751369173713397,-0.03539962453072039,0.041591135974176366,-0.03881914773965893,0.050751139713407466,-0.02050478733762027,0.028595554684186123,0.018511823651920566,-0.02005608801778046,0.05002016858834279,0.011690395545507007,-0.015921441050574525,0.041291989305514795,-0.036246754526458966,0.0765687673602625,-0.07586356783576353,0.0825793156092917,-0.06564576249343453,0.06303669068920942,-0.05080997095290666,0.07660445258771843,0.10402160341402095,-0.09158821086380786,0.1290145357461352,-0.1181876422420337,0.13088492240511335,-0.12260678105070087,0.13152772147547945,-0.12287634017759,0.13483340390143644
-0.014450094324244751,-0.1449165889840855,0.1473549523384366,-0.14347972041377383,0.15057701676516813,-0.1423033136218428,0.15619933567019106,-0.14221189321376027,0.15202396164024162,-0.13933915492503887,-0.09880386623721181,0.11234396044325452,-0.1484137282861599,0.16853865124428938,-0.18249508900175854,0.2067992686876065,-0.2119583308326811,0.22538881324750415,-0.22577706415866447,0.23095258317959563,0.04265652190347774,-0.08645813806510774,0.09477689790436648,-0.1428649708504863,0.17058976769467663,-0.20445815483372867,0.21927733788941545,-0.24468815056722448,0.25000000000000006,-0.23451614520700304,-0.04747856323344389,0.03499046908832642,-0.041203194207809976,0.038370697549533615,-0.050424853370751276,0.019559246565018,-0.02755141550540511,-0.02061806657063994,0.02224998272145,-0.05281527896278353,-0.013395746409171816,0.017774700949962956,-0.043710655444230154,0.038512806021217115,-0.07975190950921875,0.0790082635666527,-0.08587602272485832,0.06868037389182449,-0.06603161544653027,0.05361830346673824,-0.0781883157200361,-0.10784254073453464,0.09513350109909224,-0.13339646364648663,0.12231180660667854,-0.13530516912063398,0.12682996194428325,-0.13596130719824548,0.12712517267581216,-0.139340770457541
0.02380165032596732,0.15689161147823685,-0.15781629628921073,0.15812011271192888,-0.1649272712156944,0.15706408637370078,-0.17095508016814898,0.15697262356274136,-0.16679090329612623,0.15409574111918192,0.09647798644380795,-0.11045914988346961,0.15157905521738485,-0.17222917456878983,0.19289998369995093,-0.2180584323336552,0.22668876359236512,-0.24027580322688458,0.24064740512948593,-0.24579265582965856,-0.03194603897616809,0.07649334975568102,-0.08405618093349271,0.13179099145206077,-0.15805030768077566,0.19167853772821852,-0.20452466585045612,0.22971957086860156,-0.23451614520700304,0.2500000000000003,0.03810353068385541,-0.02093986300182341,0.026431361566789727,-0.023667499434309725,0.03562097721858837,-0.004727392816910068,0.012643018691683803,0.03549195839710739,-0.037127475132855796,0.067661027864626,0.027451083440719583,-0.03249655263423884,0.05844869791785643,-0.05326728471247396,0.09452782893889342,-0.09379753436430356,0.1006364642863775,-0.08350266719380484,0.08085178965123546,-0.06844982686873999,0.0780913867146834,0.12255129126663443,-0.1098454261542071,0.14815519531866067,-0.13706615283134824,0.15006320695771824,-0.14150350419816624,0.15071930400065223,-0.14188941863151464,0.1540974915742104
-0.051434503089215315,0.048385297198834824,-0.05741793958512157,0.03594626312423503,-0.04392198033042878,0.034368373105613484,-0.03631950177811286,0.030495193271138754,-0.03235809630106781,0.03143650780570601,0.1188621632304601,-0.12815561199563272,0.09419119555337903,-0.10573370732438211,0.08586056892378281,-0.06404553206598255,0.054713223700837456,-0.0432719227928037,0.041829125252151496,-0.03739969422672294,-0.23975243880041586,0.20383115464801568,-0.19846949997863558,0.1484040350992913,-0.12325368650898758,0.08445674837874301,-0.0741600089139467,0.04751369173713397,-0.04747856323344389,0.03810353068385541,0.2500000000000003,-0.21684094795704495,0.20390014077203678,-0.1533588897493845,0.1430828761096255,-0.09513304504953206,0.07546229578793615,-0.031966321921653836,0.026596793345032985,-0.007467307157292263,-0.12905906284018584,0.1311334382877062,-0.07848679133883847,0.07882900954699049,-0.026556942576296254,0.023671773161921535,-0.014545326938580818,0.009534845501737258,-0.008999703211996557,0.007032053897723211,0.08396492214774352,-0.0026655309176499345,0.016839919124319265,0.025547291600835093,-0.01534428704441743,0.027509108304207667,-0.02019904748828039,0.02819406373938038,-0.022709764807985953,0.03143677780394807
0.051557238163927724,-0.01706734361765393,0.02614268659303608,-0.004469851290680063,0.012539872869141913,-0.0028850969965492513,0.007046023557951965,0.00035796201776699976,0.002950201062513288,7.250300466661591e-5,-0.08956919367122804,0.09765602096234684,-0.06304483100705026,0.0745912289417263,-0.05535329193610666,0.04048116201993847,-0.032085442979730074,0.024058581700171177,-0.02307237355090358,0.019978508133323206,0.2093038696140408,-0.17488529850449652,0.1704986156637374,-0.12294088819934876,0.10844703373387317,-0.07092911344923285,0.06333095342498322,-0.03539962453072039,0.03499046908832642,-0.02093986300182341,-0.21684094795704495,0.2500000000000003,-0.23623833622438803,0.1847724304044852,-0.16712271015216507,0.11883318218595706,-0.09877470997360943,0.05723713278504555,-0.05212543977650166,0.03529957253873378,0.1600656154513932,-0.16373399544839562,0.1108279095117072,-0.11098772230166165,0.058199841331968004,-0.05463822333740041,0.04521947521861178,-0.0386070376719413,0.03784677097529377,-0.03489043316766762,-0.08255245134786918,0.03436724897489352,-0.048663866363145424,0.006016888400496885,-0.0161665367730889,0.004025314528723008,-0.011129544321032168,0.003326395327287157,-0.00854763384855334,7.252548972403437e-5
