x1,x2,x3,x4,x5,x6,x7,x8,x9,x10,x11,x12,x13,x14,x15,x16,x17,x18,x19,x20,x21,x22,x23,x24,x25,x26,x27,x28,x29,x30,x31,x32,x33,x34,x35,x36,x37,x38,x39,x40,x41,x42,x43,x44,x45,x46,x47,x48,x49,x50,x51,x52,x53,x54,x55,x56,x57,x58,x59,x60
0.25,0.24821005917102848,-0.061822263877529204,0.24746845146324412,-0.05581027000549318,0.24823223778114575,-0.08434618391615231,0.24786524529383874,-0.13615170609767788,0.2485835234948752,0.044936303264681336,-0.05358560678927456,0.05431551106637301,-0.05812189564876129,0.054457460142111405,-0.0656989518846173,0.0787911466726698,-0.13921207015746545,0.13153284166524032,-0.12761002746698402,-0.05032463811632965,0.053212879287335244,-0.05631185727961863,0.05587837630760922,-0.04774557185366614,0.055108897966854524,-0.05206465143368344,0.12094732526662873,-0.12397554776246648,0.16667264118941003,0.059082659750063785,-0.05798495357989171,0.05584272405084356,-0.04830870466168859,0.04692623430450391,-0.028418067866485895,0.034620514518072465,0.031865064188679716,-0.034762840829509145,0.10225166712141222,-0.05748171593044444,0.05655587043456301,-0.05398641935702929,0.0442422069670765,-0.035771772800704,0.018092565142801678,0.0016320607609866423,-0.049961915175268094,0.05601515274590019,-0.06428792879690937,0.24796969799995175,0.2483778902478915,0.04894883843183106,0.24789652662759373,0.029353429720170784,0.24833653499172145,-0.009783003643850988,0.24809337324357994,-0.056953362997490216,0.24859226069281706
0.24821005917102848,0.25,-0.06355775195719876,0.24849952614028006,-0.05726307745300625,0.24925553920442597,-0.08570600776890686,0.24888920784618673,-0.13718256378756,0.24960622150496853,0.046405169542202834,-0.055079672351355025,0.05581024533958277,-0.05961048071034562,0.05592979097922639,-0.06712872885694733,0.08018948687101449,-0.14045305431936705,0.13257213173995674,-0.12861997966072464,-0.05177123304807367,0.054684222930561445,-0.05778227910608555,0.057347168547115426,-0.049187303726132184,0.05651645627905034,-0.05344717407843162,0.12220585423902366,-0.12522620793432626,0.16785290728707364,0.0605452997690302,-0.05944817881411988,0.05731135900124236,-0.04974652963287813,0.04836208443873893,-0.029715090038409792,0.03589916789865706,0.03116685311454939,-0.03410237913285129,0.10215247023971945,-0.0588835670898925,0.057996732897024374,-0.05541744966157454,0.045651179364276186,-0.03711778019757028,0.01930691431805808,0.0006629259296343726,-0.04941505866106582,0.05578464095896295,-0.06414132775563702,0.2489934038298865,0.24939885253720312,0.0503106108220353,0.24891345098743958,0.03062434572768087,0.24935713385708175,-0.008901604656756802,0.24911192997408152,-0.05674124799395375,0.24961500033192577
-0.061822263877529204,-0.06355775195719876,0.24999999999999994,-0.06432991864264001,0.22117304352699046,-0.06338675344983581,0.19168386396208123,-0.06381126594714813,0.08777258092752346,-0.06320211589414973,-0.22711642998438483,0.23965329662621296,-0.24052671426005012,0.23616912820832126,-0.22677144472811933,0.2115930838945099,-0.19918743030046454,0.13456491849777152,-0.09266285945635677,0.09099991838690498,0.23223466288664985,-0.23528419209284973,0.233941139187421,-0.23384058234395358,0.22567311888853042,-0.2126667375515291,0.208489729856743,-0.1465260857130122,0.1435996191050945,-0.10888623487163833,-0.23166726709453178,0.23222836740015235,-0.2337372792069163,0.2254346078505857,-0.22495520939475502,0.20613158627931888,-0.19926902761991058,0.13022885547184343,-0.12491739431117714,0.06006035821883198,0.22145315154017592,-0.22876964252700302,0.22684790673366026,-0.22238375094896692,0.21416033753395985,-0.1967869558886544,0.16293338990872047,-0.11266898916340058,0.06080443619355219,-0.05033794666260989,-0.06366990150430671,-0.0629988958970715,-0.21725111560529614,-0.06252801113650729,-0.20425781294770676,-0.06295807538688088,-0.15172041302683012,-0.06272093632388778,-0.05813411787064019,-0.06320663994426833
0.24746845146324412,0.24849952614028006,-0.06432991864264001,0.25000000000000017,-0.058296251641767126,0.24851549219008998,-0.0863547305598169,0.24816243209460567,-0.13641615309326977,0.24886462850129426,0.04738982697387673,-0.05609729451084301,0.05682875342021052,-0.06063125470090062,0.05694953584406819,-0.06798422060797428,0.08089753557809051,-0.1401611245119096,0.13191745254402468,-0.1280623469637831,-0.05278464239735802,0.05570106712819902,-0.05879960349471441,0.05836599969046834,-0.050198221408678405,0.05742565054816861,-0.05434484739376485,0.12206245198160116,-0.1250449368585619,0.16716564229315187,0.06155981281696704,-0.060466426678793525,0.05832985637812778,-0.050753616037012596,0.0493726964411211,-0.030705351232252067,0.036825327876279235,0.03033594827736244,-0.03329555720291136,0.10139917913683034,-0.05984735632352139,0.059004128641164,-0.056422298728596595,0.046659680720714546,-0.0381189381652634,0.02029157490918138,-0.0002147838084809189,-0.04860044624087192,0.05522897819077926,-0.06360668260439487,0.24825706997799513,0.24865707342271273,0.051285561559997084,0.2481712285652934,0.031599843664821256,0.24861531804363987,-0.008048877155599207,0.24836989264756668,-0.056195764083395744,0.24887341348366646
-0.05581027000549318,-0.05726307745300625,0.22117304352699046,-0.058296251641767126,0.25000000000000006,-0.05753596996199553,0.20546502149546955,-0.05785238137468048,0.09817684874755318,-0.057171273114176024,-0.2167881593546207,0.22914804315127632,-0.2299055597776729,0.23405943166170182,-0.243445422249943,0.2285134566329651,-0.21537623690928853,0.14644325342213832,-0.10342781987456778,0.10199129858892542,0.2259545970303566,-0.22877295499500985,0.23145124304934986,-0.23141962270651562,0.2339085122736978,-0.22805520198413784,0.2239499120318132,-0.15871948786760265,0.15563038754191677,-0.11906025671784849,-0.22914682978597714,0.22971451561416154,-0.23145428633110796,0.2326228756699586,-0.23330154002489611,0.2179356277648404,-0.2133071415347559,0.1427775124846968,-0.13734630286566635,0.0710821142454097,0.21919588545589308,-0.2265909560066968,0.22665721088040675,-0.2294781227828246,0.22263392181946434,-0.2083533537386246,0.17574909125282695,-0.12484496659030099,0.07128567103799692,-0.06041740445385695,-0.0576580189735707,-0.05696651261296945,-0.2168199691575044,-0.05648706238255467,-0.21245502948372333,-0.056921736372368754,-0.16415680655157,-0.05667925169466804,-0.06844922260042725,-0.05717559090476573
0.24823223778114575,0.24925553920442597,-0.06338675344983581,0.24851549219008998,-0.05753596996199553,0.25000000000000006,-0.08604156457777325,0.24891195187443246,-0.1375280262723899,0.24962823854108862,0.04650246841378191,-0.055189815412081455,0.05592110209163186,-0.05973261024269853,0.056183792467255786,-0.06740704367204502,0.0804832825864893,-0.14077379885316732,0.13291376408668976,-0.12894812785248785,-0.05188180754319052,0.05479548161792972,-0.05789776463808423,0.05746293316628668,-0.049402188863500514,0.056782160084517246,-0.05371028938355346,0.12252231230886718,-0.12554145620415966,0.16817700895462304,0.06065439077283159,-0.05955839644002882,0.057428407907042844,-0.04995105162677231,0.04857750470887886,-0.029949961216014905,0.03614420256440404,0.030984061784615345,-0.03392223462516999,0.10203516432167056,-0.058990216180667424,0.058107804138949656,-0.055547438542319784,0.04585231635737707,-0.037326167331417595,0.01953238611537309,0.0004526750734130762,-0.049248924761175795,0.05566243291364393,-0.06403018733619152,0.24901573681195568,0.24942070286512552,0.05043210213401916,0.24893486630786146,0.030823347014647298,0.24937891429257894,-0.00870272221967831,0.24913348226517573,-0.056622259285120144,0.24963701745601807
-0.08434618391615231,-0.08570600776890686,0.19168386396208123,-0.0863547305598169,0.20546502149546955,-0.08604156457777325,0.25,-0.08638996192715209,0.12483178771473162,-0.0856810525278413,-0.18555797108650435,0.19708290471402257,-0.19781819934183084,0.20192935326598688,-0.20957748272516438,0.2246205005693741,-0.23600605730484875,0.16401714534363646,-0.1270208112822427,0.1228755328039174,0.19397608981088552,-0.1967283544956541,0.19946139858428485,-0.19937597609885463,0.20297175542333848,-0.21442914218354206,0.21061609979337215,-0.16541282784175224,0.16360625608614396,-0.14652683157429527,-0.19732225995139774,0.19772308455873797,-0.19943400366409533,0.20172890059672893,-0.20237674472567468,0.18765423857273023,-0.19416715027721324,0.12495720920523776,-0.12004202290506268,0.053999303164937826,0.18877998559411463,-0.19493540192885042,0.19522011036942646,-0.19844631562005535,0.19180358467123917,-0.17803024006700188,0.1556181061982679,-0.10714284293980003,0.060448227993588836,-0.04997361799873437,-0.08598986985443317,-0.08547810650809898,-0.18612646193158028,-0.08500224806975791,-0.1823304321760848,-0.08543317882908157,-0.14455073273392818,-0.08519186436609145,-0.05781380972094518,-0.08568549289276388
0.24786524529383874,0.24888920784618673,-0.06381126594714813,0.24816243209460567,-0.05785238137468048,0.24891195187443246,-0.08638996192715209,0.2500000000000001,-0.137981772830274,0.2492612482205971,0.04698836995446295,-0.05568658093288657,0.056418053044741345,-0.06022526801967201,0.05655471569650343,-0.06778608734142365,0.08086195606995523,-0.14112291944519345,0.13334190125530446,-0.12929257913452258,-0.05237656331538538,0.05529243413209651,-0.05839387696433235,0.05795953921826681,-0.04980451447035361,0.05715875203339111,-0.05408649669078788,0.12292704318501708,-0.12593574105590338,0.16844519559982332,0.06112099815829834,-0.06003222056880696,0.05792358595665684,-0.05036055937700496,0.04897899349020705,-0.030317117948201418,0.03651772794245457,0.030610377188480923,-0.033547495032790184,0.1016613825423398,-0.0594317327299506,0.05857107829527283,-0.055997454147808996,0.04626402585791161,-0.03772482116527965,0.01990168730231104,7.881216653514863e-5,-0.04887495819775407,0.055397609247628106,-0.06376964583829468,0.2486511970142269,0.2490536605640985,0.05087042173636129,0.24856780108446372,0.03121406229507455,0.24901189273340366,-0.008336227685464272,0.24876645715207296,-0.05636152077723031,0.2492699968356586
-0.13615170609767788,-0.13718256378756,0.08777258092752346,-0.13641615309326977,0.09817684874755318,-0.1375280262723899,0.12483178771473162,-0.137981772830274,0.25,-0.1372667173978962,-0.07320681231590567,0.082589287372325,-0.0833303504389087,0.08755066623561952,-0.09699582075852681,0.11251605639501613,-0.12476523117194945,0.18468304229375124,-0.23880724474106085,0.22506174399057655,0.08174476587360266,-0.08380904006638566,0.08674802099835116,-0.08656536848463697,0.09486086026627433,-0.10733029898175951,0.11274804654199691,-0.1770330860371092,0.17886518563577816,-0.20407379761731193,-0.0847228007652541,0.08480357919476987,-0.08669350347213083,0.09363688149304114,-0.09442800866342739,0.09104043680510424,-0.09756087147379028,0.043318641829153334,-0.04115316651178006,-0.014776879518501616,0.08185885815212307,-0.0834070450739883,0.08476220213986962,-0.09063302991257058,0.08791219978632568,-0.08263485562402663,0.06768664689901593,-0.028391909937994505,0.00899188285704242,-0.0011383083996164272,-0.13708114722745957,-0.13709213292182565,-0.07916726888312821,-0.1367008279643631,-0.08143936843981119,-0.13705171835624014,-0.05968956410199894,-0.13684944590359036,-0.007450020221109975,-0.1372623116919281
0.2485835234948752,0.24960622150496853,-0.06320211589414973,0.24886462850129426,-0.057171273114176024,0.24962823854108862,-0.0856810525278413,0.2492612482205971,-0.1372667173978962,0.2500000000000003,0.046289828075853225,-0.054972587485626286,0.055703799748443326,-0.05951060450370816,0.055829505524614624,-0.06705785197963005,0.08014939674744419,-0.1405258810210152,0.13264594232290225,-0.12869889171660337,-0.05166291494777345,0.05457831676548153,-0.05768113476548367,0.05724535434533143,-0.049079209937778374,0.05642839311408216,-0.05335717910993615,0.12223789454879035,-0.12526520470789854,0.16798206725689555,0.060453366377805975,-0.05935340844835162,0.05720958808971292,-0.04963952239317764,0.04825319440851152,-0.029590660914294967,0.03578859093848996,0.03133496018443908,-0.034271975747649994,0.10238300789133649,-0.05879734007017446,0.05790267841499392,-0.055320334901736164,0.04553978267093364,-0.03699890218359951,0.01917259869976657,0.0008059846688087694,-0.04959949645412465,0.055936035412697614,-0.06429817292565164,0.24936540759815212,0.24977211926234227,0.05021296149352029,0.24928628802675834,0.030502756228736286,0.24973036418835162,-0.009049190404634042,0.24948494250809192,-0.056891960768959624,0.24998846057422755
0.044936303264681336,0.046405169542202834,-0.22711642998438483,0.04738982697387673,-0.2167881593546207,0.04650246841378191,-0.18555797108650435,0.04698836995446295,-0.07320681231590567,0.046289828075853225,0.2500000000000002,-0.23693780171871248,0.2360807608944177,-0.23194831154009493,0.22239716340393184,-0.2065477647315718,0.19343113454728697,-0.1223334488468045,0.07865841144339798,-0.07772178405184747,-0.22963953931228148,0.2325191661898685,-0.2298445708296224,0.22976329120268543,-0.22150206761842212,0.20807029717281209,-0.2038462316113739,0.13540174343512262,-0.13221758053302807,0.09406217630240515,0.22747248533922587,-0.22809038310367188,0.22965447470796568,-0.2212915385140948,0.22083459878215128,-0.2029046084324328,0.19580467374269053,-0.13154775060582152,0.12641961321294817,-0.06648369314571675,-0.21734839294598476,0.22472048425014732,-0.2228394260353473,0.21853284453182048,-0.21076110705745313,0.19431315550238357,-0.16203631985490158,0.11530427091319596,-0.0640054129285969,0.054158366949288085,0.04679885048523886,0.04610175412705755,0.2136213828797761,0.04566564773443568,0.20134246185155205,0.046064191421475754,0.15143497447447002,0.045844770478873476,0.061414573812765445,0.04629417315789911
-0.05358560678927456,-0.055079672351355025,0.23965329662621296,-0.05609729451084301,0.22914804315127632,-0.055189815412081455,0.19708290471402257,-0.05568658093288657,0.082589287372325,-0.054972587485626286,-0.23693780171871248,0.2500000000000002,-0.24907249530776066,0.24480829016465266,-0.23499647948914848,0.2188031331230088,-0.20538857926777226,0.13275367970794483,-0.08829477442452036,0.08719323888910224,0.24224221226589682,-0.24532727200315785,0.24257938221436465,-0.2424840534886111,0.2340612468992847,-0.22027264113014078,0.21602183015820284,-0.14600807168649202,0.1427477418007373,-0.10384338089449313,-0.24015648939346423,0.2407757897370722,-0.24237462163750378,0.2338091082377881,-0.23334445677538176,0.2144016796298083,-0.20709845037913507,0.13778725566838562,-0.13232050697120015,0.06750237412670858,0.22950560607796855,-0.23721657831050522,0.23526125801722755,-0.23080338415836404,0.22254669411476616,-0.20508925457445806,0.17063284628010197,-0.1202253977965318,0.06614970070838296,-0.05556766545340578,-0.05549069052671115,-0.05476920656405339,-0.22544023306507593,-0.05429810314571999,-0.21247216663733845,-0.0547284329092844,-0.15926495887883502,-0.054491221492659954,-0.06339699642905451,-0.054977033275635544
0.05431551106637301,0.05581024533958277,-0.24052671426005012,0.05682875342021052,-0.2299055597776729,0.05592110209163186,-0.19781819934183084,0.056418053044741345,-0.0833303504389087,0.055703799748443326,0.2360807608944177,-0.24907249530776066,0.2500000000000003,-0.24557098490613988,0.23576303330895026,-0.21956406935763334,0.2061476199520405,-0.1335043397339073,0.08904712993955678,-0.0879318200927127,-0.2416091281589256,0.2446856885628531,-0.24332700368286792,0.24324089396142015,-0.23481929926581643,0.2210262717288302,-0.21677944903944477,0.14675266508171522,-0.14349717303120715,0.10458902916489092,0.24091417753778732,-0.24153244978136953,0.24313163522048098,-0.2345636259797467,0.23409898591426537,-0.2150850269039994,0.20777839597929296,-0.13811628925423555,0.1326277227953434,-0.06746667968132623,-0.23023273584873677,0.23796149978387432,-0.2360027083309197,0.23153804959746171,-0.2232478323090955,0.20572141349667045,-0.17112426890188984,0.12046197145956924,-0.06622429512358059,0.05559234116538573,0.05622177934012019,0.05549934881481947,0.22614275808774142,0.055025794325889645,0.21312990899121587,0.05545834826783825,0.15970489007936906,0.05521988967047339,0.06346142305981799,0.055708253731724805
-0.05812189564876129,-0.05961048071034562,0.23616912820832126,-0.06063125470090062,0.23405943166170182,-0.05973261024269853,0.20192935326598688,-0.06022526801967201,0.08755066623561952,-0.05951060450370816,-0.23194831154009493,0.24480829016465266,-0.24557098490613988,0.25000000000000033,-0.24003228131445664,0.2238444956840648,-0.21042925303034465,0.13779498758260642,-0.09334634008274312,0.092162696352025,0.2413134326818397,-0.2443774199063131,0.24706844511453677,-0.24700750914719516,0.23894532186172102,-0.22527082603129053,0.22104472922555474,-0.15100859261447347,0.1477662897741345,-0.10888118130356704,-0.2446868906952876,0.24529868110956232,-0.2469037628217285,0.23863683849031442,-0.23821031444661317,0.21895494462001594,-0.21164056202587728,0.1400762485963984,-0.13447063488508415,0.06744810854706884,0.23386308266843403,-0.2416799449306232,0.23976857161442472,-0.23550709153460223,0.2270905977948104,-0.20931208062164802,0.17396224475122235,-0.12192025288955988,0.06681691837604205,-0.055909819637240496,-0.060027639263814145,-0.05930042144534532,-0.22969946603395616,-0.058813624422521235,-0.21673652380219094,-0.059258086142461044,-0.16226109146406056,-0.05901285528367658,-0.06399687926992846,-0.05951507237028666
0.054457460142111405,0.05592979097922639,-0.22677144472811933,0.05694953584406819,-0.243445422249943,0.056183792467255786,-0.20957748272516438,0.05655471569650343,-0.09699582075852681,0.055829505524614624,0.22239716340393184,-0.23499647948914848,0.23576303330895026,-0.24003228131445664,0.25000000000000017,-0.23361571303519701,0.22020613293632801,-0.14752268752016484,0.10310588615158692,-0.10187072050367901,-0.2317759921217451,0.2346452407176673,-0.23738422395277237,0.23735470536435277,-0.23913587084947197,0.23307716784426766,-0.2288972750906841,0.16022370613557935,-0.1569822051643357,0.11859965850661758,0.23500950666095338,-0.2356013274080376,0.2373793769776525,-0.23789414383577048,0.23851436197934844,-0.2226907557998428,0.21809602118274735,-0.14661190458728898,0.141064846301137,-0.07399276718872973,-0.22476209074271042,0.2323811455442121,-0.232314284656808,0.23472508623995733,-0.22769249637720052,0.21300257631336109,-0.17999728232281603,0.12845697285108212,-0.07355047174003454,0.0625208509739374,0.05633710092841266,0.05562199101368488,0.22228534541200465,0.05513645640240559,0.21734102275673486,0.05557685774855832,0.1682197206822661,0.05533134820288382,0.07065657014122292,0.055833867152565046
-0.0656989518846173,-0.06712872885694733,0.2115930838945099,-0.06798422060797428,0.2285134566329651,-0.06740704367204502,0.2246205005693741,-0.06778608734142365,0.11251605639501613,-0.06705785197963005,-0.2065477647315718,0.2188031331230088,-0.21956406935763334,0.2238444956840648,-0.23361571303519701,0.25000000000000044,-0.23610821657437073,0.1633812490956115,-0.11901662048643472,0.11682312122284438,0.21566899900884376,-0.21845608773932867,0.2212234265520465,-0.2211806689809961,0.226603827052342,-0.23883707569468085,0.23475410849815384,-0.16988964399572354,0.1668526758725023,-0.1337990795851203,-0.2189342852779099,0.21943046456453957,-0.22125676082746507,0.22508250724256412,-0.22602790795640315,0.2115385653757483,-0.21816707986502115,0.14703537038891776,-0.14167628909836502,0.07446867693184607,0.20926806654284807,-0.21643691714343347,0.2170540456982861,-0.22183168365449363,0.21530758132952932,-0.20179873292502393,0.178422348523907,-0.12888098856253688,0.07607151161916376,-0.0650985126995361,-0.06748923087522024,-0.06685138470575858,-0.20726452845724572,-0.06636635577687186,-0.2052527025572932,-0.06680508297310649,-0.1667600301706752,-0.06655896418403061,-0.07317193822260624,-0.06706224723700444
0.0787911466726698,0.08018948687101449,-0.19918743030046454,0.08089753557809051,-0.21537623690928853,0.0804832825864893,-0.23600605730484875,0.08086195606995523,-0.12476523117194945,0.08014939674744419,0.19343113454728697,-0.20538857926777226,0.2061476199520405,-0.21042925303034465,0.22020613293632801,-0.23610821657437073,0.2500000000000004,-0.17527991518997618,0.13093596490833273,-0.12708331215879404,-0.2022701579516994,0.20504319949434877,-0.2078368202189806,0.20776828010026419,-0.21321468901778334,0.22564600380032995,-0.22173570430051506,0.17658402726630532,-0.17393394648093152,0.14440753475871398,0.2056408628927204,-0.20607235856940714,0.20784868349488214,-0.21175073252037302,0.2126321742538705,-0.1982083991971258,0.20494060573143547,-0.1344710353475105,0.12949130949045998,-0.062221244996578336,-0.19664973503122493,0.20319411025803624,-0.20381294707286093,0.2084333839506481,-0.20191316652557667,0.1884262051540875,-0.1656884127738625,0.11633483302801462,-0.06716359975373037,0.056398329954823356,0.0805009749226084,0.07994318865028567,0.19438567523848232,0.07945872624048342,0.19213521226505587,0.0798969230871363,0.15428350815101743,0.07965109809855149,0.0644013482719473,0.0801538690221955
-0.13921207015746545,-0.14045305431936705,0.13456491849777152,-0.1401611245119096,0.14644325342213832,-0.14077379885316732,0.16401714534363646,-0.14112291944519345,0.18468304229375124,-0.1405258810210152,-0.1223334488468045,0.13275367970794483,-0.1335043397339073,0.13779498758260642,-0.14752268752016484,0.1633812490956115,-0.17527991518997618,0.2500000000000002,-0.1929513002130087,0.17894721580186596,0.1309155593122263,-0.133521916146322,0.1364496683219811,-0.13627125799403259,0.14482459411340862,-0.15738763609930997,0.16261133141229003,-0.22961173698871173,0.22645423456648303,-0.19851374048074982,-0.1346841768335843,0.13475368402640764,-0.13640291720556116,0.14335407194162303,-0.14428534860764552,0.13845802625746267,-0.14506009231361675,0.07782835102856028,-0.07498042780570681,0.006870041436955304,0.12920388439556937,-0.1325342088330988,0.13373517430145518,-0.13980785597814957,0.1359378134736152,-0.12830426343964368,0.10840055276413406,-0.059671384131135256,0.028484161774896263,-0.018592501976589227,-0.14048241931738345,-0.14032169158294114,-0.12610767728913022,-0.1398420959108792,-0.12744796846374254,-0.1402727011454882,-0.09813973994670543,-0.14002661822177256,-0.026330301648879503,-0.14053013139528248
0.13153284166524032,0.13257213173995674,-0.09266285945635677,0.13191745254402468,-0.10342781987456778,0.13291376408668976,-0.1270208112822427,0.13334190125530446,-0.23880724474106085,0.13264594232290225,0.07865841144339798,-0.08829477442452036,0.08904712993955678,-0.09334634008274312,0.10310588615158692,-0.11901662048643472,0.13093596490833273,-0.1929513002130087,0.24999999999999994,-0.23392092797706565,-0.08745159531100921,0.08952747322741411,-0.092503079348009,0.0923310461894495,-0.1010008159498963,0.11377012724561891,-0.11921210786607421,0.184975203531797,-0.18616604493714625,0.20076348795954874,0.09043228420369025,-0.09053891745212093,0.09246248139833477,-0.09971412719046895,0.10057149968668005,-0.09723511645437151,0.10388207955652415,-0.04928314261032671,0.04712983309191103,0.009200918169397082,-0.08722504823928706,0.089048509881257,-0.09047002669737252,0.09671573676485795,-0.09401787747340057,0.08879295674336883,-0.07381686955175555,0.03425783670687606,-0.013293184543751222,0.005315413966232716,0.13249752704361978,0.13247607590811486,0.08468665843483825,0.13208201948435064,0.08739064991567017,0.13243527661840893,0.06565677479171651,0.13223154945923546,0.011678510344435237,0.13264733006917387
-0.12761002746698402,-0.12861997966072464,0.09099991838690498,-0.1280623469637831,0.10199129858892542,-0.12894812785248785,0.1228755328039174,-0.12929257913452258,0.22506174399057655,-0.12869889171660337,-0.07772178405184747,0.08719323888910224,-0.0879318200927127,0.092162696352025,-0.10187072050367901,0.11682312122284438,-0.12708331215879404,0.17894721580186596,-0.23392092797706565,0.2500000000000001,0.08692428071069148,-0.08895790254532503,0.09188216922373349,-0.09171670068782,0.10038031745776531,-0.11298562623503322,0.11840887809328611,-0.1829192930718407,0.18528016305156617,-0.2105433715153152,-0.08949335866889908,0.08970938513483077,-0.09184647106134193,0.09909724524138351,-0.0999622618469664,0.09681089839219813,-0.1033555538332231,0.04981222516280525,-0.047711206894984405,-0.007560061995629743,0.08638760434293781,-0.08822582935975433,0.0897033971021096,-0.09616097765338512,0.09355998585123537,-0.08853336656390927,0.07387155348192248,-0.03507314558503165,0.014212793083138405,-0.006362580489563611,-0.12856081083237497,-0.12853257301017681,-0.08399721724186461,-0.12814601531158964,-0.08703280084461164,-0.12849243796584783,-0.0658392662389101,-0.12829255538626852,-0.012612479756585271,-0.12870045805115687
-0.05032463811632965,-0.05177123304807367,0.23223466288664985,-0.05278464239735802,0.2259545970303566,-0.05188180754319052,0.19397608981088552,-0.05237656331538538,0.08174476587360266,-0.05166291494777345,-0.22963953931228148,0.24224221226589682,-0.2416091281589256,0.2413134326818397,-0.2317759921217451,0.21566899900884376,-0.2022701579516994,0.1309155593122263,-0.08745159531100921,0.08692428071069148,0.25000000000000017,-0.24683237597013905,0.2436443418298693,-0.24355216449745026,0.23537024338479104,-0.2214115784067546,0.21721537583578732,-0.14656110815017304,0.14324806860935804,-0.10284702354565575,-0.240984894965719,0.24162626353768585,-0.24344417145957634,0.23508953287175247,-0.23466198115536668,0.21587766410985715,-0.20842042532889735,0.1395489033585027,-0.13409834972972665,0.0697234764450424,0.23029720019554803,-0.23807968319070505,0.23621458046912533,-0.23211499276776873,0.22393559584868364,-0.20663902535581646,0.17220981623976517,-0.12210633972784053,0.0676885510763067,-0.057138019654290724,-0.05219393224922665,-0.051460773401303395,-0.22638714531065202,-0.050992820379083946,-0.2138713154644801,-0.05142019743405889,-0.16086473521591044,-0.05118456052076449,-0.06492498217719081,-0.05166710151559891
0.053212879287335244,0.054684222930561445,-0.23528419209284973,0.05570106712819902,-0.22877295499500985,0.05479548161792972,-0.1967283544956541,0.05529243413209651,-0.08380904006638566,0.05457831676548153,0.2325191661898685,-0.24532727200315785,0.2446856885628531,-0.2443774199063131,0.2346452407176673,-0.21845608773932867,0.20504319949434877,-0.133521916146322,0.08952747322741411,-0.08895790254532503,-0.24683237597013905,0.25000000000000017,-0.24671618529702932,0.24661876980890754,-0.23819738189931466,0.22414153695301736,-0.2198854420540863,0.14915528732394165,-0.14579767829083382,0.10542291657770987,0.24405707005643928,-0.24469459833307192,0.2465083025208894,-0.23792657875492473,0.23747342293803164,-0.21836764470130204,0.2108915949948401,-0.14066748759240003,0.13513294763414327,-0.06945204528391068,-0.23324066042788386,0.24109480975873762,-0.23917176318758143,0.23488581066577682,-0.22655261361941753,0.20893495645684945,-0.17396039204407185,0.12287315457697259,-0.0678379897432978,0.057100289098305376,0.055108938312157456,0.05437212827684243,0.22919513846500425,0.05389478389322717,0.216323403262158,0.05433073627540068,0.16242114924417955,0.054090364670056984,0.06503716097298927,0.05458263097588482
-0.05631185727961863,-0.05778227910608555,0.233941139187421,-0.05879960349471441,0.23145124304934986,-0.05789776463808423,0.19946139858428485,-0.05839387696433235,0.08674802099835116,-0.05768113476548367,-0.2298445708296224,0.24257938221436465,-0.24332700368286792,0.24706844511453677,-0.23738422395277237,0.2212234265520465,-0.2078368202189806,0.1364496683219811,-0.092503079348009,0.09188216922373349,0.2436443418298693,-0.24671618529702932,0.25,-0.2493487084482854,0.24092936891578695,-0.22687887507316493,0.22263804717427896,-0.15202770835386176,0.14869841610754497,-0.10840474048833296,-0.2467844943034624,0.24741571683976238,-0.2492389365483134,0.24064606296253027,-0.2401914080511805,0.22080319089189815,-0.21332876996985675,0.14173644787432765,-0.13611977039950202,0.06909531852633595,0.2358614353201388,-0.24377402988562955,0.24183849509451147,-0.23752557856097575,0.2290596299081816,-0.21116916229347085,0.1756612061321909,-0.12358006808118824,0.06797311317514816,-0.057043227352129286,-0.05820982768260217,-0.057470753919556444,-0.2317158031735068,-0.056983812284146604,-0.21866541677788995,-0.057428473858514496,-0.16392479275553315,-0.05718322049774954,-0.06513486569981003,-0.0576854784814511
0.05587837630760922,0.057347168547115426,-0.23384058234395358,0.05836599969046834,-0.23141962270651562,0.05746293316628668,-0.19937597609885463,0.05795953921826681,-0.08656536848463697,0.05724535434533143,0.22976329120268543,-0.2424840534886111,0.24324089396142015,-0.24700750914719516,0.23735470536435277,-0.2211806689809961,0.20776828010026419,-0.13627125799403259,0.0923310461894495,-0.09171670068782,-0.24355216449745026,0.24661876980890754,-0.2493487084482854,0.25000000000000017,-0.24092452390483488,0.2268667981026234,-0.22263122994212836,0.15188497773248483,-0.1485498464700641,0.10817251336273474,0.24672114007038304,-0.24735440128906294,0.24918230145353532,-0.2406334582130745,0.24018569002472648,-0.2208359464717781,0.21334909472653615,-0.14185227376203102,0.13623914175306634,-0.06931306894350112,-0.23579990911455723,0.24371567532677643,-0.24179102286198534,0.2375189763744474,-0.22907044808513713,0.21121699626357796,-0.17573383768521814,0.12372224309224931,-0.06811052024862374,0.05719146165524688,0.0577752607264927,0.057035280575357346,0.231674334481989,0.05654904325340047,0.21868431346880188,0.05699305021893119,0.16400797991367513,0.05674815001196907,0.06527287153352565,0.05724968255095296
-0.04774557185366614,-0.049187303726132184,0.22567311888853042,-0.050198221408678405,0.2339085122736978,-0.049402188863500514,0.20297175542333848,-0.04980451447035361,0.09486086026627433,-0.049079209937778374,-0.22150206761842212,0.2340612468992847,-0.23481929926581643,0.23894532186172102,-0.23913587084947197,0.226603827052342,-0.21321468901778334,0.14482459411340862,-0.1010008159498963,0.10038031745776531,0.23537024338479104,-0.23819738189931466,0.24092936891578695,-0.24092452390483488,0.2500000000000001,-0.23543098858755027,0.23119308782775008,-0.16054036569116967,0.1572066815582962,-0.1168350158701614,-0.23830614521703464,0.23893798517864356,-0.24104368734191775,0.247311177529744,-0.2486854894738318,0.22933933484286223,-0.22188461059088502,0.15029475712659215,-0.14468473451999442,0.07766945401088718,0.22813259455456092,-0.2359287479924678,0.23710997017284588,-0.24404808311535858,0.23618281968551635,-0.21971334257035108,0.18421148993064432,-0.13214813219340268,0.07611204200406524,-0.06500223375360165,-0.049620836236678664,-0.04887192578757339,-0.22693547460002222,-0.04838360845907225,-0.22568461720053734,-0.04882635095701072,-0.1723276893325053,-0.04858105408720356,-0.07317743365572485,-0.0490832715811235
0.055108897966854524,0.05651645627905034,-0.2126667375515291,0.05742565054816861,-0.22805520198413784,0.056782160084517246,-0.21442914218354206,0.05715875203339111,-0.10733029898175951,0.05642839311408216,0.20807029717281209,-0.22027264113014078,0.2210262717288302,-0.22527082603129053,0.23307716784426766,-0.23883707569468085,0.22564600380032995,-0.15738763609930997,0.11377012724561891,-0.11298562623503322,-0.2214115784067546,0.22414153695301736,-0.22687887507316493,0.2268667981026234,-0.23543098858755027,0.2500000000000004,-0.243894822368998,0.17319755571839981,-0.16987970448529918,0.12944345787884998,0.22431831331358254,-0.22486522326663452,0.22697846013530193,-0.23357035748476887,0.23489901926806084,-0.22060761106624768,0.2273584001598602,-0.1564311775587159,0.15099336751992967,-0.0841906874190511,-0.21439995481326973,0.22191507039173652,-0.2231629671684324,0.2303553068026354,-0.22402749250493242,0.21095639608601907,-0.187665149849837,0.138382074711443,-0.08348518237672703,0.07241745719902808,0.056910822115175126,0.05622346100777466,0.21318546332047378,0.05574081130387994,0.2138366367429224,0.05617670176105517,0.17587408586344255,0.055931862546489346,0.0804897597295982,0.056432423060194886
-0.05206465143368344,-0.05344717407843162,0.208489729856743,-0.05434484739376485,0.2239499120318132,-0.05371028938355346,0.21061609979337215,-0.05408649669078788,0.11274804654199691,-0.05335717910993615,-0.2038462316113739,0.21602183015820284,-0.21677944903944477,0.22104472922555474,-0.2288972750906841,0.23475410849815384,-0.22173570430051506,0.16261133141229003,-0.11921210786607421,0.11840887809328611,0.21721537583578732,-0.2198854420540863,0.22263804717427896,-0.22263122994212836,0.23119308782775008,-0.243894822368998,0.2500000000000001,-0.17876486268124853,0.17544671324456199,-0.1350143728290194,-0.22008032445728237,0.22062352804584803,-0.22273570700440493,0.22933146329302515,-0.23070037943396227,0.2250037009433374,-0.23184602330225068,0.16061428048630844,-0.15517849882214288,0.0880461977841535,0.21030881143024946,-0.2176982257794931,0.21895358325451936,-0.22625497226915298,0.22255492976088762,-0.2152012322071064,0.19192029869247124,-0.14247878825755603,0.08757271261546351,-0.07636960173164796,-0.05383657442095109,-0.05315301046957011,-0.2090104002245526,-0.052673756832521665,-0.21232013518964227,-0.05310396780187839,-0.1800430222028646,-0.052857844278486006,-0.08452454882326967,-0.05336081149056527
0.12094732526662873,0.12220585423902366,-0.1465260857130122,0.12206245198160116,-0.15871948786760265,0.12252231230886718,-0.16541282784175224,0.12292704318501708,-0.1770330860371092,0.12223789454879035,0.13540174343512262,-0.14600807168649202,0.14675266508171522,-0.15100859261447347,0.16022370613557935,-0.16988964399572354,0.17658402726630532,-0.22961173698871173,0.184975203531797,-0.1829192930718407,-0.14656110815017304,0.14915528732394165,-0.15202770835386176,0.15188497773248483,-0.16054036569116967,0.17319755571839981,-0.17876486268124853,0.25000000000000006,-0.24372873214405266,0.20344194811616248,0.1495702198305866,-0.1498746497207406,0.15201059863987004,-0.15898916508538563,0.16001770635032042,-0.1546500440795011,0.16131023606089204,-0.09461149990246574,0.09184675278905742,-0.0242055417418587,-0.14326013241913552,0.1473790454844044,-0.14869279963387025,0.15555865767352947,-0.15187796678525484,0.14463782972036157,-0.1249702979757405,0.076604351497085,-0.04125031649454278,0.031209720139826518,0.12229561299035811,0.12203513432120645,0.14066093401730786,0.12155911974449957,0.14311165841003345,0.12198621974216294,0.1144547594754226,0.1217418117843491,0.038921978827153925,0.12224172115811861
-0.12397554776246648,-0.12522620793432626,0.1435996191050945,-0.1250449368585619,0.15563038754191677,-0.12554145620415966,0.16360625608614396,-0.12593574105590338,0.17886518563577816,-0.12526520470789854,-0.13221758053302807,0.1427477418007373,-0.14349717303120715,0.1477662897741345,-0.1569822051643357,0.1668526758725023,-0.17393394648093152,0.22645423456648303,-0.18616604493714625,0.18528016305156617,0.14324806860935804,-0.14579767829083382,0.14869841610754497,-0.1485498464700641,0.1572066815582962,-0.16987970448529918,0.17544671324456199,-0.24372873214405266,0.2500000000000003,-0.20706285433822466,-0.14624519671038555,0.14653850434226953,-0.14867408719006972,0.15566348565598292,-0.15668030748967077,0.15203822305214654,-0.1587153239754626,0.09315690377011307,-0.09036201955818181,0.022220410956116505,0.14013140323622855,-0.1440837790548353,0.1454000029445058,-0.1522090642962905,0.1487892866509838,-0.1420385283084227,0.12258548359755053,-0.07495071040414111,0.04012871878377305,-0.030028239853352914,-0.12530376358805392,-0.12506160655544776,-0.13745706600811924,-0.12458607426174756,-0.1400788049978294,-0.1250133304930297,-0.11204361339572905,-0.12476568379554188,-0.03781121877683907,-0.12526907570472706
0.16667264118941003,0.16785290728707364,-0.10888623487163833,0.16716564229315187,-0.11906025671784849,0.16817700895462304,-0.14652683157429527,0.16844519559982332,-0.20407379761731193,0.16798206725689555,0.09406217630240515,-0.10384338089449313,0.10458902916489092,-0.10888118130356704,0.11859965850661758,-0.1337990795851203,0.14440753475871398,-0.19851374048074982,0.20076348795954874,-0.2105433715153152,-0.10284702354565575,0.10542291657770987,-0.10840474048833296,0.10817251336273474,-0.1168350158701614,0.12944345787884998,-0.1350143728290194,0.20344194811616248,-0.20706285433822466,0.2500000000000002,0.10607898184070962,-0.10619542442877906,0.10831223529953724,-0.1154775710627934,0.11628408682521642,-0.1109500615201069,0.11744924458821153,-0.050473398195126515,0.04762992840822546,0.020499218614476022,-0.10254766168840246,0.10447355131996026,-0.10582044836848134,0.11178944938448315,-0.1080400651617706,0.10068435479498836,-0.08086535958744809,0.032283382436342094,-0.00854042339356901,-0.00102326242887424,0.1677703627894635,0.1677782511256817,0.09896938102071684,0.167299344408148,0.10011139223598947,0.16772922896623696,0.0711319173507591,0.16748313404659093,0.0066853631513923255,0.16798657757185356
0.059082659750063785,0.0605452997690302,-0.23166726709453178,0.06155981281696704,-0.22914682978597714,0.06065439077283159,-0.19732225995139774,0.06112099815829834,-0.0847228007652541,0.060453366377805975,0.22747248533922587,-0.24015648939346423,0.24091417753778732,-0.2446868906952876,0.23500950666095338,-0.2189342852779099,0.2056408628927204,-0.1346841768335843,0.09043228420369025,-0.08949335866889908,-0.240984894965719,0.24405707005643928,-0.2467844943034624,0.24672114007038304,-0.23830614521703464,0.22431831331358254,-0.22008032445728237,0.1495702198305866,-0.14624519671038555,0.10607898184070962,0.25,-0.2488253266786686,0.24662635285644882,-0.23803347433259367,0.23756632267024186,-0.21818150537056,0.21075549538309418,-0.13913401507628387,0.13351480004554736,-0.06645582678940122,-0.236827692850698,0.24473532058883515,-0.24201929438956526,0.23493455152943235,-0.22645560259725023,0.20853201529132642,-0.17306118001236864,0.12096600786346577,-0.06565875558477952,0.05477355049050678,0.06097401887001279,0.06024231666036286,0.23193050872159113,0.05975580924224995,0.21609897785569523,0.060200712406971155,0.16136890382320798,0.05995534921825264,0.06284900656539903,0.060457856565910045
-0.05798495357989171,-0.05944817881411988,0.23222836740015235,-0.060466426678793525,0.22971451561416154,-0.05955839644002882,0.19772308455873797,-0.06003222056880696,0.08480357919476987,-0.05935340844835162,-0.22809038310367188,0.2407757897370722,-0.24153244978136953,0.24529868110956232,-0.2356013274080376,0.21943046456453957,-0.20607235856940714,0.13475368402640764,-0.09053891745212093,0.08970938513483077,0.24162626353768585,-0.24469459833307192,0.24741571683976238,-0.24735440128906294,0.23893798517864356,-0.22486522326663452,0.22062352804584803,-0.1498746497207406,0.14653850434226953,-0.10619542442877906,-0.2488253266786686,0.2500000000000001,-0.24776850766305103,0.2391696718857036,-0.2387079615210806,0.2193161383224549,-0.21133536850146434,0.13968938438852097,-0.1340632494543078,0.06699960024025395,0.2379283736212148,-0.24587566905665156,0.2431598541640353,-0.23607628490929544,0.22759674826027532,-0.20966904883153747,0.1737201493140234,-0.12151936270359333,0.06598278416636563,-0.05508520402767156,-0.059880639870247346,-0.0591422845178695,-0.2330457828316728,-0.058655706811797895,-0.21721408443318888,-0.05910068349974202,-0.16201025579280495,-0.0588553104283737,-0.06316677460937231,-0.05935785481191984
