x1,x2,x3,x4,x5,x6,x7,x8,x9,x10,x11,x12,x13,x14,x15,x16,x17,x18,x19,x20,x21,x22,x23,x24,x25,x26,x27,x28,x29,x30,x31,x32,x33,x34,x35,x36,x37,x38,x39,x40,x41,x42,x43,x44,x45,x46,x47,x48,x49,x50,x51,x52,x53,x54,x55,x56,x57,x58,x59,x60
0.25000000000000006,0.24993424498871158,0.24836877724335418,0.2494181405768831,0.24736513208077848,0.2480605441259955,0.23681145241939272,0.2484704632536599,0.23712589751410695,0.24999296765734655,0.2489945311670329,0.19329935435616413,-0.1268402924248853,0.21891393714728488,-0.070518907455517,0.21603296744263403,-0.07500941696350993,0.1816791401160918,-0.09824854691948047,0.24962189062725676,0.24959659991669406,-0.10357192579374119,0.17723981230995126,-0.07962590875421625,0.1739445337591083,-0.0265859862374222,0.13198380917726357,0.01297659271482381,0.09962106090327938,0.2488414328468629,0.24959720050350664,-0.04483683224991617,0.12214514201026108,-0.0039349873939908304,0.09341664647499678,0.039533721518637197,0.08903069883116425,0.05406836096331015,0.06357979624612661,0.24460327749855285,0.24937102657104476,0.1820530266502274,-0.1133412522369,0.2218786703252574,-0.05016949069412635,0.18458885140475376,-0.03020006611702349,0.16046484667170471,-0.08432592264505502,0.24940908947563248,0.2499830033294464,0.24999277862059666,0.24706870043120485,0.24941878942141704,0.23936018161519973,0.2465844724002575,0.22738085388959958,0.248407075271707,0.22488588969813145,0.2499896452046984
0.24993424498871158,0.24999999999999997,0.2483154019803397,0.2493650081461494,0.2473123996495234,0.24800773081846436,0.2367609692861564,0.2484175437573762,0.23707534766389785,0.2499397300650448,0.24894150263257306,0.19325822194838368,-0.12681283074143104,0.21886722199607103,-0.07050387138927311,0.2159869573321773,-0.07499406023979287,0.18164095445976342,-0.09822820007293932,0.2495687335557689,0.24954344623683017,-0.10354968867671277,0.177201998704202,-0.07960885556214778,0.1739074815312761,-0.026580565969138832,0.13195587814443985,0.012973389659812231,0.09960011515454498,0.2487884406090212,0.24954404737505795,-0.04482704811428573,0.12211893973877952,-0.0039339223972976525,0.09339655303774931,0.039525472369247285,0.08901156901368897,0.054056998174598136,0.06356609446837223,0.24455118584685148,0.24931792152340315,0.18201418229431285,-0.11331704568134822,0.22183138517794646,-0.0501588081372095,0.18454950206986853,-0.030193573867627173,0.16043062341197897,-0.0843079094914508,0.24935597571981089,0.24992976786206025,0.24993954107144653,0.24701608232706712,0.2493656738015696,0.2393091999381771,0.24653195888676904,0.2273324127319773,0.2483541747598303,0.22483798158506743,0.24993640832290645
0.24836877724335418,0.2483154019803397,0.24999999999999997,0.24779908195903383,0.2457522180693374,0.24644884383574683,0.23520298945932516,0.24685867663074987,0.2355292996977565,0.24837376689347662,0.2473840001490148,0.19355588455617198,-0.12820820635199828,0.21814195770465689,-0.07019575961176686,0.21451978409818664,-0.07444577857214774,0.18052941480751397,-0.09765288622864038,0.2480039821306326,0.24797914276679234,-0.1045808302832414,0.1769755429665667,-0.08022434934513974,0.17353942321759463,-0.02702271442383599,0.13179692768007442,0.012274354786578139,0.09956443328596903,0.24723067187915207,0.2479806537343022,-0.04410672927263901,0.12100625707838306,-0.0034717494656333688,0.09237137265579648,0.039721775611653916,0.08796473476631754,0.05418776958364569,0.06265977911440644,0.24301626684259395,0.2477560555714929,0.18070814922932704,-0.1124763083909197,0.22037307479834625,-0.04993316870513885,0.18331145544441882,-0.02984104082285359,0.15927101875725314,-0.08360218819576455,0.2477927308856734,0.2483638656928221,0.24837357746595018,0.24546193877534972,0.24780252003132253,0.23779162088956962,0.24498392214975462,0.22586472000378657,0.2467970249279041,0.22339102006771802,0.2483704647423827
0.2494181405768831,0.2493650081461494,0.24779908195903383,0.2500000000000001,0.24679595469878207,0.24749241947662426,0.23626173908363174,0.24790526408961971,0.23658254986869443,0.24942360208418196,0.24842815275154578,0.19293032229958446,-0.1266599024818386,0.21845368995453665,-0.0703507311662948,0.21552858966784796,-0.07490257497344695,0.18136351937345094,-0.09814548971072656,0.2490530267569137,0.24902801084555257,-0.10353300969474868,0.1769347476626992,-0.07956917116505642,0.17364283545070475,-0.026585216016444722,0.13177001259804122,0.012837907373854724,0.09947639949269738,0.24827469435145058,0.24902878790191063,-0.044691597499558616,0.121837631266994,-0.0038827714145650387,0.09315803704160891,0.03949468527908736,0.08877154647590593,0.05400288108553607,0.06337153683782183,0.24404620913061736,0.2488030938989227,0.1816232588665097,-0.11307307381123805,0.22136716599278938,-0.05006747580189515,0.18415909370570457,-0.030109766632986423,0.1600796050814652,-0.08411187652372662,0.2488409628439871,0.24941365853171374,0.24942341153894387,0.24650541453940286,0.24885065407590973,0.23881331674559605,0.24602257729981966,0.2268585627765268,0.24784123207994468,0.22436987738071257,0.24942028530351157
0.24736513208077848,0.2473123996495234,0.2457522180693374,0.24679595469878207,0.25000000000000017,0.24543865843533155,0.23421280964550273,0.2458607801376856,0.23451720368458356,0.24737050871880456,0.24638711354716208,0.19073823979618976,-0.12466205027629942,0.2164185856768027,-0.07287915932862477,0.21421008696270613,-0.07445534264738198,0.17963173148747746,-0.09700095074005183,0.2470037788915277,0.24697871025887624,-0.10244002686431902,0.17536470129513984,-0.07879228804131438,0.17206891380867767,-0.026608223004670747,0.13052982101494415,0.012966682213623062,0.09843396821150269,0.24623167068201526,0.24697901399114092,-0.04454761386583067,0.12099632874013824,-0.0040432482823904055,0.09254020628413036,0.03902640363674626,0.08818636396811982,0.05342744491061687,0.0629930200733556,0.24203945356786716,0.24675501476996262,0.18019308658258412,-0.11219166186209777,0.21957240887412077,-0.049626330908203654,0.1826760483492527,-0.02992284504558245,0.15880528076369685,-0.08346928844497738,0.2467931508459792,0.2473606385377377,0.24737031129625736,0.24447878886481747,0.24680249386428538,0.2368532599686246,0.2439985030095991,0.22500670515471297,0.24580143211794783,0.22253565678645237,0.24736721070310286
0.2480605441259955,0.24800773081846436,0.24644884383574683,0.24749241947662426,0.24543865843533155,0.25000000000000006,0.23488629864432461,0.2465583367331512,0.2353026601164031,0.2480660146339907,0.24707877969420933,0.19199100245306375,-0.1262288001689045,0.217359494284486,-0.07004453408760111,0.2143747030029811,-0.07446524520448838,0.18042577610789612,-0.09766345593448626,0.24769669778200357,0.2476725448084558,-0.10325295325335938,0.17611428455036787,-0.0793112099158096,0.17282595905914253,-0.026481510636948622,0.13111985349832306,0.012709055968992501,0.09897847097584106,0.2469232181795624,0.24767335909871632,-0.04446221635631634,0.12119388970606862,-0.0038720599275517934,0.09265328914644401,0.03929429240931938,0.08827014604433336,0.05373747287140046,0.06299281605109935,0.2427187636119583,0.247448871053149,0.18064126542801198,-0.11246906530020397,0.22016555334239843,-0.04980719623635427,0.18315503845245215,-0.02993356828775556,0.159197214388548,-0.08364252432916552,0.24748658519227587,0.24805612184318773,0.24806582176230002,0.24516403070115358,0.2474961927656522,0.23751400494256922,0.24468371086501503,0.22562412836640783,0.24649235077188958,0.22314921173878724,0.24806271256345416
0.23681145241939272,0.2367609692861564,0.23520298945932516,0.23626173908363174,0.23421280964550273,0.23488629864432461,0.24999999999999997,0.235294905648855,0.2239692451500216,0.23681667504726955,0.2358666515428865,0.18232359363495154,-0.11814870314083678,0.20620619613314803,-0.06371803462124492,0.20501656258580084,-0.08679872702628062,0.17635255899788033,-0.0950691439687217,0.23645338754673773,0.23642760053118292,-0.10395710978741905,0.17103017754429492,-0.0809355476311245,0.16842703150914526,-0.03005391098451119,0.13028345490683613,0.006585581194450809,0.0994103308044744,0.23574022729039157,0.23644622312481034,-0.038559859171605856,0.11291127406265199,0.00020339494938042104,0.08451374743349163,0.04130714891090624,0.08012594122911845,0.05511636702800148,0.056041936009638624,0.23167920758091812,0.23622927016230053,0.17096097010786857,-0.10614272555847039,0.20956878185669991,-0.04819659647002356,0.1741408362486215,-0.02722467556544938,0.15071193563818386,-0.07839629875724817,0.23625465324415032,0.23680713870306472,0.23681639704375937,0.23398792857619272,0.23626568000640386,0.22658176045226727,0.23355547473082938,0.21501071437529404,0.2353034607488567,0.21268910831201246,0.23681343202152214
0.2484704632536599,0.2484175437573762,0.24685867663074987,0.24790526408961971,0.2458607801376856,0.2465583367331512,0.235294905648855,0.2500000000000001,0.23561613866965542,0.24847591769205501,0.2474873086432657,0.1922487611690025,-0.12633476421991757,0.21767891843668033,-0.07015780908026426,0.2147554158057154,-0.07463091161243161,0.18068681397736663,-0.09772343856415587,0.24810638667681278,0.24808185479061035,-0.10324521640459798,0.17631469378076126,-0.0793281899923478,0.1730267339585072,-0.026493101964709713,0.13127142667728117,0.012789796688488226,0.09908837824937863,0.2473312514669852,0.24808258237772393,-0.04456167160258236,0.12141030388837502,-0.0039045392265912144,0.09283595298440518,0.03932435733941555,0.08845572364643332,0.05378508530739955,0.06314224633000327,0.24311980393616808,0.24785774348844491,0.1809498027495011,-0.11266088442785713,0.22053313681695605,-0.04987870241300011,0.1834634582614015,-0.029997784755457023,0.15947418661288199,-0.08379654300251063,0.24789558637651699,0.24846600975315125,0.24847572571595036,0.24556949531304606,0.247905207807986,0.23790756050848486,0.24508819756907826,0.2259998684407758,0.24689970040501627,0.22352042580755935,0.2484726113440366
0.23712589751410695,0.23707534766389785,0.2355292996977565,0.23658254986869443,0.23451720368458356,0.2353026601164031,0.2239692451500216,0.23561613866965542,0.25000000000000006,0.23713100768014736,0.236142303266965,0.18179171372083344,-0.11784003404243029,0.2063517358095878,-0.06212117758773916,0.20327851478742096,-0.07486587811937472,0.17910730668948177,-0.10998641071129404,0.23677288415491282,0.23673875162903893,-0.10415141189326425,0.17059509349205246,-0.07970543841841125,0.1687066057310345,-0.030038980673467528,0.13126376389589692,0.004166376875120008,0.10086136135266156,0.23604325997402437,0.23676132912892625,-0.038086785233879906,0.11266514273692672,0.0006417589350278686,0.08416442509351287,0.04185785433950339,0.07966832029449658,0.05582026741373145,0.055404957289350916,0.23198919138377347,0.23654315239139342,0.1710183680413555,-0.10615885171624383,0.20976871364771926,-0.04833849214211426,0.17427632315517774,-0.027015586659784784,0.1506896995983595,-0.07827174102202518,0.2365670850497482,0.23712157377680462,0.23713084429166925,0.23429141047616509,0.23657869014439567,0.22686365756125737,0.23386190336004095,0.2152456611170269,0.23561465410639257,0.21292545797246024,0.23712787557481219
0.24999296765734655,0.2499397300650448,0.24837376689347662,0.24942360208418196,0.24737050871880456,0.2480660146339907,0.23681667504726955,0.24847591769205501,0.23713100768014736,0.24999999999999997,0.24899999785674465,0.19330369710813028,-0.12684271369163913,0.21891864494756583,-0.07052041306309755,0.21603769120723848,-0.07501205027143844,0.1816839240703983,-0.09825164134919621,0.24962737690957038,0.24960208321454908,-0.10357425440721707,0.1772437541581596,-0.079627727881524,0.17394848180904063,-0.02658701664172662,0.1319871039130188,0.012976131548262224,0.0996237523362884,0.2488469009184754,0.24960268517044298,-0.044837407756218785,0.1221475030150054,-0.003934675353403635,0.09341832974081964,0.03953492171056318,0.08903231002974216,0.05406986448144122,0.06358085430493458,0.24460864904084467,0.24937650607931586,0.18205688812662651,-0.11334361943085801,0.22188348381550285,-0.050170617738121856,0.1845928359256094,-0.03020060973735554,0.16046826656869653,-0.0843276584638234,0.24941456875464962,0.24998849610987087,0.2499982716156884,0.24707412335234075,0.24942426920996116,0.23936542556021795,0.24658988732005188,0.22738581460219834,0.24841253229646787,0.22489079901389447,0.24999513813114146
0.2489945311670329,0.24894150263257306,0.2473840001490148,0.24842815275154578,0.24638711354716208,0.24707877969420933,0.2358666515428865,0.2474873086432657,0.236142303266965,0.24899999785674465,0.25,0.1924047916214638,-0.12623739465485606,0.21797191146110048,-0.07019015218002517,0.21517983153093145,-0.07497651451688263,0.18122452155400723,-0.09826640311126751,0.24863014470521963,0.24860484562739674,-0.10329969325874275,0.1765917397295917,-0.07939136927702083,0.17334143369838173,-0.026590490298984783,0.13159167947760153,0.012698834733490306,0.0993765131450065,0.24785308770602293,0.24860594451098544,-0.044568076263749416,0.121597067002852,-0.0038293007193884337,0.09295331039647727,0.03947024627852919,0.08857550104154371,0.05395287950763867,0.0632189156642095,0.243631499069994,0.24838056505408332,0.181298329158502,-0.11286678834662049,0.22098390748750488,-0.04998575732146148,0.1838374103387359,-0.030042489959336265,0.15979321538376146,-0.08395338691708434,0.24841824341157617,0.24899007208492757,0.2489998085134599,0.24608607440716868,0.24842795201964296,0.23840586181375803,0.24560436463335555,0.22646893478530875,0.24742017794717772,0.22398487512882465,0.24899668761166097
0.19329935435616413,0.19325822194838368,0.19355588455617198,0.19293032229958446,0.19073823979618976,0.19199100245306375,0.18232359363495154,0.1922487611690025,0.18179171372083344,0.19330369710813028,0.1924047916214638,0.24999999999999983,-0.18325986558853388,0.20768092440747737,-0.07051310633146043,0.16058027431108574,-0.03635206123359776,0.1289992927793016,-0.06448103828970118,0.19297290566173844,0.1929755728171877,-0.1553739354566911,0.17919186935611667,-0.11376214937153557,0.168932524139457,-0.045907559106476675,0.12992663097670182,-0.011636808882617018,0.10004470387227321,0.19244487223198417,0.19299367638572934,-0.016952884733220742,0.08055920871887566,0.01451849909263282,0.05523042446912057,0.04786576123766389,0.05003702127023613,0.059978040699657426,0.029471750336659473,0.18901582727283817,0.19283056184748426,0.13437809994471617,-0.08263558414726072,0.16892407611885257,-0.042316827368475286,0.13945092281833496,-0.016875103702569776,0.11810351627430066,-0.05830371473046656,0.19281447097249954,0.19329591873637952,0.19330346956475827,0.1907938489788478,0.19282912290321727,0.18438222576758906,0.19053617784994897,0.17412630001842366,0.19203505902464832,0.17240284820109517,0.19330106224868696
-0.1268402924248853,-0.12681283074143104,-0.12820820635199828,-0.1266599024818386,-0.12466205027629942,-0.1262288001689045,-0.11814870314083678,-0.12633476421991757,-0.11784003404243029,-0.12684271369163913,-0.12623739465485606,-0.18325986558853388,0.25000000000000006,-0.15777024362694952,0.06038217220317217,-0.10784012522800422,0.019712854978876752,-0.07984022335746095,0.03584701382539637,-0.1265932514801953,-0.12660116609809222,0.12877409999289224,-0.13311139405272676,0.09941545680847855,-0.1278555510920663,0.046373093560399065,-0.09848632202044723,0.017137871434859807,-0.07495012438945836,-0.12627796093578544,-0.12663664753598972,0.008337860200976795,-0.05231015626798291,-0.012743580533371268,-0.03325425282953917,-0.03605630193874571,-0.028054055139639076,-0.04499806210773291,-0.012915803531307496,-0.12407222017659973,-0.12653257665991752,-0.0878046035210455,0.05452737062889635,-0.1107042213202782,0.029245784298175103,-0.09051437777481057,0.008448181492252398,-0.0753736076943954,0.03597437697548349,-0.126515826015289,-0.12683756184740583,-0.12684251540359995,-0.12518698448340482,-0.12652710047119742,-0.12092054346457037,-0.12501959283246478,-0.11396396855698496,-0.12601071238387973,-0.11288896802675664,-0.12684093957230103
0.21891393714728488,0.21886722199607103,0.21814195770465689,0.21845368995453665,0.2164185856768027,0.217359494284486,0.20620619613314803,0.21767891843668033,0.2063517358095878,0.21891864494756583,0.21797191146110048,0.20768092440747737,-0.15777024362694952,0.25,-0.10088678534952265,0.18634602872261824,-0.05392594176504224,0.15103779507018475,-0.07723398629317044,0.21856215898698247,0.21856965142447193,-0.13088942916840404,0.1833264358893548,-0.10831990781505449,0.1803964469420077,-0.04235306133784763,0.13455262924364458,-0.0018943408090996503,0.10165013275911251,0.2179016293392601,0.2185671988374046,-0.027901404385616765,0.09866622466435604,0.007811182369545644,0.07186062348377564,0.04446359300933057,0.06783624472447473,0.05735882474020283,0.044855254331045515,0.21408917606711575,0.2183785507488332,0.15575414942676155,-0.09616429258858007,0.19276147578910857,-0.045480848646905755,0.15957558288035495,-0.02270145116379451,0.13721395092650596,-0.0700090591230254,0.21838241955465196,0.2189098812499367,0.2189184371258886,0.2162154657989022,0.21839727328795464,0.2091944655593873,0.21584569759286043,0.19809934960727893,0.2175007179781172,0.1960107468923322,0.21891570151924528
-0.070518907455517,-0.07050387138927311,-0.07019575961176686,-0.0703507311662948,-0.07287915932862477,-0.07004453408760111,-0.06371803462124492,-0.07015780908026426,-0.06212117758773916,-0.07052041306309755,-0.07019015218002517,-0.07051310633146043,0.06038217220317217,-0.10088678534952265,0.2500000000000001,-0.10400566408879615,0.03128344461108968,-0.04202183966315382,0.013679909708749265,-0.07036124631149737,-0.07036923522935895,0.03166299435488398,-0.053868129464511014,0.03250368455069571,-0.06545744395328111,0.038107971526632735,-0.046946453983378746,-0.008514754079019991,-0.025088636898621845,-0.07003726377107396,-0.07039482812104689,0.028521492601092668,-0.048082572631824236,0.015269854753700605,-0.03809995233207457,-0.002512915267646344,-0.03381936248978709,-0.009934376916171642,-0.023203240668830283,-0.06920296007304996,-0.07033784846007235,-0.05682358040267611,0.0368202684895022,-0.06488106708144949,0.013208274943317716,-0.054104360051038004,0.010711552956105303,-0.04671193815638116,0.025694856383965157,-0.07038522603751389,-0.07051757643211036,-0.07052033682471855,-0.06991366898642626,-0.07037453533752347,-0.06799553980994022,-0.06963661365330753,-0.06514927461327677,-0.07009734408227125,-0.06422575037217844,-0.07051944716611634
0.21603296744263403,0.2159869573321773,0.21451978409818664,0.21552858966784796,0.21421008696270613,0.2143747030029811,0.20501656258580084,0.2147554158057154,0.20327851478742096,0.21603769120723848,0.21517983153093145,0.16058027431108574,-0.10784012522800422,0.18634602872261824,-0.10400566408879615,0.25000000000000033,-0.1085612994043253,0.16452746826549972,-0.08990557178733255,0.21567500479237342,0.2156465210795259,-0.07898695620553574,0.14548279901107722,-0.0636753904941969,0.15174772262695405,-0.0577801918829677,0.1270370163604826,0.004055137649479934,0.0924503853298068,0.21502483533458694,0.21571445285691748,-0.0378700359113247,0.10389390465100412,-0.0009142482207091761,0.07511052649123448,0.03860274591857354,0.07105745995852655,0.05218020207630798,0.049406877814725365,0.2113459545790398,0.21550272337167897,0.15512987982982135,-0.09529660845167766,0.19077815880576496,-0.04288173963398223,0.1592165127829009,-0.0255466921082427,0.13695388330309288,-0.07094360762493471,0.2155259208374479,0.21602907027044257,0.21603751343191346,0.21340861458156635,0.21552705143888934,0.20652125887579525,0.21300317970991506,0.19591452758589384,0.21462900648035402,0.1936740844434637,0.21603480999257388
-0.07500941696350993,-0.07499406023979287,-0.07444577857214774,-0.07490257497344695,-0.07445534264738198,-0.07446524520448838,-0.08679872702628062,-0.07463091161243161,-0.07486587811937472,-0.07501205027143844,-0.07497651451688263,-0.03635206123359776,0.019712854978876752,-0.05392594176504224,0.03128344461108968,-0.1085612994043253,0.25000000000000017,-0.14269959947132735,0.10611431895922738,-0.074821755986642,-0.07477485856613852,0.014413478322466814,-0.03898459506733759,0.004978707427031725,-0.05060612773124418,0.04239864803693779,-0.06514198470603316,0.0448978795773836,-0.060287055738918946,-0.07457074482358747,-0.07492761950287367,-0.004641851150073784,-0.01939762919828999,-0.01701258000423254,-0.005887054639005148,-0.03074456878078803,-0.004334198199303235,-0.036915963294695604,0.002951338303501034,-0.07321595699950853,-0.0748364514316012,-0.045421266683604494,0.025030885190689117,-0.06253248070167958,0.0158171030241317,-0.05250098142951999,0.0035061944114108,-0.04140713571886038,0.017824318047853307,-0.07478593395730415,-0.0750088988443651,-0.07501182141044156,-0.0737375601346705,-0.07479529811878037,-0.07072622398474523,-0.07373354112041867,-0.06590596417846542,-0.07443702455947263,-0.06518677148784346,-0.07501089487679677
0.1816791401160918,0.18164095445976342,0.18052941480751397,0.18136351937345094,0.17963173148747746,0.18042577610789612,0.17635255899788033,0.18068681397736663,0.17910730668948177,0.1816839240703983,0.18122452155400723,0.1289992927793016,-0.07984022335746095,0.15103779507018475,-0.04202183966315382,0.16452746826549972,-0.14269959947132735,0.25000000000000006,-0.16610504194687475,0.18135789424331422,0.18130317643805974,-0.07140307124709444,0.12332166061594783,-0.05046655479898425,0.12933419392478493,-0.039254799025367014,0.1259214249716475,-0.051882907018320545,0.11083660605561069,0.18078279285335455,0.1814398651139548,-0.01007263080101516,0.0700932726530253,0.019257029559659758,0.04348178353631002,0.05110013633450978,0.03932768676366451,0.06342868826552915,0.020043186507963155,0.1776004658899303,0.18124340228006475,0.1228402454207133,-0.07394107591019934,0.1571134201517395,-0.03865089030205325,0.13027213033454205,-0.0139460596271624,0.10846334356540303,-0.05233297867658454,0.18119978999586378,0.18167657391718764,0.1816836682822391,0.17916126579899444,0.1812220239752218,0.17286137960368275,0.17896294034399213,0.16272786730710656,0.1804416605789143,0.1610437541453435,0.18168140616064504
-0.09824854691948047,-0.09822820007293932,-0.09765288622864038,-0.09814548971072656,-0.09700095074005183,-0.09766345593448626,-0.0950691439687217,-0.09772343856415587,-0.10998641071129404,-0.09825164134919621,-0.09826640311126751,-0.06448103828970118,0.03584701382539637,-0.07723398629317044,0.013679909708749265,-0.08990557178733255,0.10611431895922738,-0.16610504194687475,0.2500000000000004,-0.09855521167515625,-0.09797240699245512,0.042669259586647565,-0.0674611672315498,0.02972571124135107,-0.07596858655054066,0.03845367493457598,-0.0914311537554981,0.06919981186478709,-0.08787250761432096,-0.09776189700685875,-0.09814910943415765,-0.014292372839874974,-0.022555637366782066,-0.029841099846251874,-0.0033605714819551695,-0.0459626820233223,-0.0008679745579351399,-0.05310869507194294,0.009332645283887674,-0.09583686192910656,-0.09802337120848602,-0.05837560552655929,0.032781178521478306,-0.08154745285778943,0.023035068568151334,-0.06720129825112536,0.001322325802558047,-0.05244632317511785,0.021264890179297846,-0.09793955391676266,-0.0982476374474565,-0.09825146542568768,-0.09656101980277558,-0.09796420489848329,-0.09258758991568561,-0.09658122173209953,-0.08593503049749089,-0.09750847268307195,-0.08515726235757472,-0.09825025593374687
0.24962189062725676,0.2495687335557689,0.2480039821306326,0.2490530267569137,0.2470037788915277,0.24769669778200357,0.23645338754673773,0.24810638667681278,0.23677288415491282,0.24962737690957038,0.24863014470521963,0.19297290566173844,-0.1265932514801953,0.21856215898698247,-0.07036124631149737,0.21567500479237342,-0.074821755986642,0.18135789424331422,-0.09855521167515625,0.25000000000000033,0.2492313837352871,-0.10332665078595024,0.17693095598102673,-0.07943555679155502,0.17365604011261737,-0.026529337759989228,0.13181396989349017,0.01295488105339868,0.0994969790621138,0.24847740849626537,0.2492322377800709,-0.044729606662404824,0.12192490613952461,-0.0038903678159333873,0.09322924395230828,0.03951199848010295,0.08885039598996482,0.05402725785406151,0.06345010084594561,0.2442439298825266,0.24900638356402444,0.18175613021679707,-0.11314269860165911,0.22154256780142884,-0.050100322530168113,0.18431771487059428,-0.030155519752088127,0.16022110404767334,-0.08418889834444349,0.2490442047461058,0.2496174274251057,0.24962718837921605,0.2467062221689688,0.24905388382658913,0.2390069744503346,0.24622300655133156,0.2270419806846338,0.24804347568661178,0.22455044005740807,0.2496240596016127
0.24959659991669406,0.24954344623683017,0.24797914276679234,0.24902801084555257,0.24697871025887624,0.2476725448084558,0.23642760053118292,0.24808185479061035,0.23673875162903893,0.24960208321454908,0.24860484562739674,0.1929755728171877,-0.12660116609809222,0.21856965142447193,-0.07036923522935895,0.2156465210795259,-0.07477485856613852,0.18130317643805974,-0.09797240699245512,0.2492313837352871,0.25000000000000033,-0.10393206687122586,0.17699664655709071,-0.07951566202250653,0.17366030222957754,-0.02646829656622687,0.13171478620367458,0.012994421833336869,0.09940561532798486,0.24845189584112384,0.24920678512497066,-0.04478988832331894,0.12194207964904359,-0.003957686066155749,0.09329376436208651,0.03944161010094497,0.08891655612502823,0.05395932208800928,0.06350932476939973,0.2442204957697879,0.24898111409100046,0.1817683893388563,-0.11315710761708862,0.22153171272854805,-0.05008153747930703,0.18430906732000552,-0.030174423542796855,0.16022573038746388,-0.08420540661932789,0.24901918285149405,0.2495921346297185,0.2496018946268208,0.2466823229066331,0.24902879284160312,0.2389857601903541,0.24619878248750282,0.2270266118737331,0.24801858434469826,0.22453474211771723,0.24959876610691537
-0.10357192579374119,-0.10354968867671277,-0.1045808302832414,-0.10353300969474868,-0.10244002686431902,-0.10325295325335938,-0.10395710978741905,-0.10324521640459798,-0.10415141189326425,-0.10357425440721707,-0.10329969325874275,-0.1553739354566911,0.12877409999289224,-0.13088942916840404,0.03166299435488398,-0.07898695620553574,0.014413478322466814,-0.07140307124709444,0.042669259586647565,-0.10332665078595024,-0.10393206687122586,0.25000000000000044,-0.17596626618854766,0.14473952628533684,-0.13730938707128734,0.06280545059993263,-0.10473635271815701,0.034249489258039084,-0.08303383878287311,-0.1032632403753716,-0.10340761151135903,-0.02391811795775196,-0.012155649163862208,-0.04055443550953451,0.0022673651722996953,-0.05465911815546344,0.0050085281769992485,-0.06091044501961635,0.014608561569033904,-0.10102857337115104,-0.10333645867535851,-0.05913249134744698,0.03301501529926971,-0.0850822875110097,0.027295658266451264,-0.0692744934907358,0.00036479915940136354,-0.05451663724330976,0.020810573520436183,-0.10325335661783315,-0.1035699377501797,-0.10357396828887072,-0.10170418118650289,-0.10326378687197484,-0.0974018160325535,-0.10184141760100841,-0.09034565717892529,-0.10280840061650484,-0.08979528826708749,-0.10357270574209324
0.17723981230995126,0.177201998704202,0.1769755429665667,0.1769347476626992,0.17536470129513984,0.17611428455036787,0.17103017754429492,0.17631469378076126,0.17059509349205246,0.1772437541581596,0.1765917397295917,0.17919186935611667,-0.13311139405272676,0.1833264358893548,-0.053868129464511014,0.14548279901107722,-0.03898459506733759,0.12332166061594783,-0.0674611672315498,0.17693095598102673,0.17699664655709071,-0.17596626618854766,0.24999999999999994,-0.15202666251464542,0.18527842802892794,-0.05716760706692511,0.13172515592994144,-0.018118273882146204,0.10019800747384225,0.17643228891320356,0.17693727575082327,0.0013311317933085666,0.05148949596221733,0.028894307221548853,0.036376687354523006,0.054314975720870025,0.03445403481887507,0.06481650187280695,0.01692562820873327,0.1732572528979565,0.17681822401360844,0.116524198319978,-0.06932460056064312,0.15177052524521076,-0.03929239656471249,0.12563404001959463,-0.013488614994975185,0.10598900357668858,-0.05064418985784368,0.17677521398965407,0.17723658913279222,0.17724350698872057,0.1746357776527646,0.17678776070981728,0.16836926854357775,0.17460940201745503,0.1584701565690866,0.17604466419997106,0.15710970307018396,0.1772413083538713
-0.07962590875421625,-0.07960885556214778,-0.08022434934513974,-0.07956917116505642,-0.07879228804131438,-0.0793112099158096,-0.0809355476311245,-0.0793281899923478,-0.07970543841841125,-0.079627727881524,-0.07939136927702083,-0.11376214937153557,0.09941545680847855,-0.10831990781505449,0.03250368455069571,-0.0636753904941969,0.004978707427031725,-0.05046655479898425,0.02972571124135107,-0.07943555679155502,-0.07951566202250653,0.14473952628533684,-0.15202666251464542,0.2500000000000002,-0.1550896001445301,0.0731885724477167,-0.10414375281748908,0.03912722242754958,-0.07704827494033184,-0.07938817622663769,-0.07950598941382839,-0.030511955221017666,0.00018042243741715048,-0.044003275805954034,0.014065619224617777,-0.052821947486101514,0.01490713189963783,-0.05738206293090371,0.02220336932837385,-0.07768263402835764,-0.07945041859467825,-0.041133892511054294,0.02172811641107622,-0.06356873852552913,0.022909226377609702,-0.05087982644022512,-0.0029638311523678693,-0.03898177607446657,0.012541999264598432,-0.07937033101500252,-0.07962441831361074,-0.07962751187520023,-0.0780110615116711,-0.07937352958011609,-0.07444376485585191,-0.0782464360650238,-0.06861363126158002,-0.0790240485452705,-0.0683996030499347,-0.07962655150967161
0.1739445337591083,0.1739074815312761,0.17353942321759463,0.17364283545070475,0.17206891380867767,0.17282595905914253,0.16842703150914526,0.1730267339585072,0.1687066057310345,0.17394848180904063,0.17334143369838173,0.168932524139457,-0.1278555510920663,0.1803964469420077,-0.06545744395328111,0.15174772262695405,-0.05060612773124418,0.12933419392478493,-0.07596858655054066,0.17365604011261737,0.17366030222957754,-0.13730938707128734,0.18527842802892794,-0.1550896001445301,0.2500000000000002,-0.102381131829121,0.16962429661593686,-0.04275736711220571,0.1243127490797691,0.17308215158840398,0.17367549238193317,0.013024381417530265,0.04913317462357398,0.04267970654322063,0.020480840987169815,0.06869928712015035,0.018075247802446442,0.0791178312779774,0.00015266546683753734,0.17004820069490822,0.17353526588155704,0.11085142481936343,-0.06561002623047504,0.14760182364200755,-0.04106147961762702,0.1200767184804912,-0.006593069271791883,0.0983728490518792,-0.043578641266734434,0.17346532271487666,0.17394144446232324,0.17394822809523203,0.171265907983713,0.1734800661875723,0.164805879125284,0.1712741580064273,0.1543565355150937,0.17274270669174102,0.15313865113431016,0.17394608173170253
-0.0265859862374222,-0.026580565969138832,-0.02702271442383599,-0.026585216016444722,-0.026608223004670747,-0.026481510636948622,-0.03005391098451119,-0.026493101964709713,-0.030038980673467528,-0.02658701664172662,-0.026590490298984783,-0.045907559106476675,0.046373093560399065,-0.04235306133784763,0.038107971526632735,-0.0577801918829677,0.04239864803693779,-0.039254799025367014,0.03845367493457598,-0.026529337759989228,-0.02646829656622687,0.06280545059993263,-0.05716760706692511,0.0731885724477167,-0.102381131829121,0.2500000000000003,-0.14360325455054973,0.08353168593094683,-0.0985937507665238,-0.026365280576365613,-0.026582193948021228,-0.053656412055474514,0.03137046998642176,-0.06173041748662207,0.053761729830267495,-0.06444465336852236,0.056011679857045256,-0.0687085134418425,0.060311620561346924,-0.025565162375507013,-0.026549033025760407,0.0036184702345729612,-0.00857305006898608,-0.013794902819048592,0.01242212597778506,-0.008330762746966404,-0.017242820781337837,0.0034582119200862477,-0.014412430878083068,-0.026395248185865586,-0.026585858300741623,-0.026586867531557083,-0.025337503407882996,-0.02640790536343878,-0.022731153654249034,-0.025637395870110075,-0.018031740129342447,-0.026206930661652493,-0.01816556759917537,-0.02658658477067775
0.13198380917726357,0.13195587814443985,0.13179692768007442,0.13177001259804122,0.13052982101494415,0.13111985349832306,0.13028345490683613,0.13127142667728117,0.13126376389589692,0.1319871039130188,0.13159167947760153,0.12992663097670182,-0.09848632202044723,0.13455262924364458,-0.046946453983378746,0.1270370163604826,-0.06514198470603316,0.1259214249716475,-0.0914311537554981,0.13181396989349017,0.13171478620367458,-0.10473635271815701,0.13172515592994144,-0.10414375281748908,0.16962429661593686,-0.14360325455054973,0.2500000000000006,-0.1048778983718471,0.1663348594940976,0.1310623484167512,0.1318276877081122,0.04416889824293013,0.012521931720563031,0.06763971867701776,-0.02024536085439531,0.08918942173512437,-0.02733164109654652,0.10227564749298103,-0.045942812204867324,0.12855208075895633,0.13169141727447536,0.06971702731365725,-0.036683276338734104,0.10593789572957081,-0.03603861079333684,0.08472774319054589,0.008677449129121292,0.06065144430258198,-0.017084380580957292,0.13151583857555146,0.1319817321890998,0.13198686034142332,0.12938358534333305,0.13154969576417067,0.12333262843698618,0.12952130405777496,0.11288046235835672,0.13091596403861838,0.11204086037588826,0.13198526308583006
0.01297659271482381,0.012973389659812231,0.012274354786578139,0.012837907373854724,0.012966682213623062,0.012709055968992501,0.006585581194450809,0.012789796688488226,0.004166376875120008,0.012976131548262224,0.012698834733490306,-0.011636808882617018,0.017137871434859807,-0.0018943408090996503,-0.008514754079019991,0.004055137649479934,0.0448978795773836,-0.051882907018320545,0.06919981186478709,0.01295488105339868,0.012994421833336869,0.034249489258039084,-0.018118273882146204,0.03912722242754958,-0.04275736711220571,0.08353168593094683,-0.1048778983718471,0.25000000000000033,-0.13699644423322532,0.013291601763620521,0.012892422209548492,-0.07878716232252893,0.07044071161669097,-0.07708508129688839,0.08663382377103157,-0.07584146040919838,0.09175461148522736,-0.08294473174884257,0.09594842257136682,0.013189808755664213,0.012906100095539021,0.040438263522382965,-0.033870245666457514,0.02508137832563734,0.005329250663411021,0.023669728752731118,-0.028969973799800763,0.03664983421762663,-0.03585697375573188,0.01312829935645285,0.012975748407464786,0.012976293599484998,0.014126483817056187,0.013101512169904841,0.016135372685111445,0.0136143973494457,0.020195647034439063,0.013193916760167674,0.019646106164262617,0.012976071698720346
0.09962106090327938,0.09960011515454498,0.09956443328596903,0.09947639949269738,0.09843396821150269,0.09897847097584106,0.0994103308044744,0.09908837824937863,0.10086136135266156,0.0996237523362884,0.0993765131450065,0.10004470387227321,-0.07495012438945836,0.10165013275911251,-0.025088636898621845,0.0924503853298068,-0.060287055738918946,0.11083660605561069,-0.08787250761432096,0.0994969790621138,0.09940561532798486,-0.08303383878287311,0.10019800747384225,-0.07704827494033184,0.1243127490797691,-0.0985937507665238,0.1663348594940976,-0.13699644423322532,0.2500000000000003,0.09851892132995736,0.09948394414053077,0.06441640285677509,-0.01800697041709529,0.08214281237598313,-0.04929915211452398,0.10070189062965575,-0.05781589500923545,0.11887596295068877,-0.08129396361566547,0.0970563692148762,0.09941408092426107,0.04116456674554678,-0.016554323775504243,0.07425186605161467,-0.02668218366738108,0.05725617178268522,0.019893730387683814,0.03163462181184888,0.001764425930007635,0.09918849754956033,0.09961967750681058,0.0996235336278443,0.09710866146945951,0.09922757178254289,0.09140926925090742,0.09735619468766925,0.08145220794620821,0.09865406259466566,0.08077127380075853,0.09962234495527221
0.2488414328468629,0.2487884406090212,0.24723067187915207,0.24827469435145058,0.24623167068201526,0.2469232181795624,0.23574022729039157,0.2473312514669852,0.23604325997402437,0.2488469009184754,0.24785308770602293,0.19244487223198417,-0.12627796093578544,0.2179016293392601,-0.07003726377107396,0.21502483533458694,-0.07457074482358747,0.18078279285335455,-0.09776189700685875,0.24847740849626537,0.24845189584112384,-0.1032632403753716,0.17643228891320356,-0.07938817622663769,0.17308215158840398,-0.026365280576365613,0.1310623484167512,0.013291601763620521,0.09851892132995736,0.25000000000000017,0.2484531713795967,-0.04421438761193619,0.1212851254556442,-0.003516237392746504,0.09264380503472927,0.03959058835664398,0.0883610026901346,0.053905795747093664,0.06324580505249151,0.24346937092759033,0.24822804542645807,0.1810369322951449,-0.11262538548810432,0.2207938066650149,-0.04994845317742262,0.18371126794242978,-0.030070737822350042,0.1597142322803595,-0.08389691887411709,0.248264808670629,0.2488369821283576,0.24884671238807698,0.2459294532772252,0.24827452146136,0.23824563846939628,0.2454495241142029,0.22630484196298342,0.2472666115336061,0.2238227701889915,0.2488435936440755
0.24959720050350664,0.24954404737505795,0.2479806537343022,0.24902878790191063,0.24697901399114092,0.24767335909871632,0.23644622312481034,0.24808258237772393,0.23676132912892625,0.24960268517044298,0.24860594451098544,0.19299367638572934,-0.12663664753598972,0.2185671988374046,-0.07039482812104689,0.21571445285691748,-0.07492761950287367,0.1814398651139548,-0.09814910943415765,0.2492322377800709,0.24920678512497066,-0.10340761151135903,0.17693727575082327,-0.07950598941382839,0.17367549238193317,-0.026582193948021228,0.1318276877081122,0.012892422209548492,0.09948394414053077,0.2484531713795967,0.25000000000000044,-0.045038842228413103,0.12213171798904353,-0.004090965444079137,0.09327006297956907,0.03948819925188937,0.08882377347164715,0.05407677619976328,0.06338228861911677,0.2442238091142515,0.24898171372146338,0.18176764761900321,-0.1131562646847117,0.22153222975268275,-0.05011059523606704,0.1843326553032244,-0.03017095373399035,0.1601885911165723,-0.08416728720070953,0.24901996677067992,0.2495927363439402,0.24960249630865705,0.24668270596702,0.24902930744173657,0.2389852682947086,0.2461990772938775,0.22702599285341468,0.24801899803411936,0.22453226201650328,0.2495993678546
-0.04483683224991617,-0.04482704811428573,-0.04410672927263901,-0.044691597499558616,-0.04454761386583067,-0.04446221635631634,-0.038559859171605856,-0.04456167160258236,-0.038086785233879906,-0.044837407756218785,-0.044568076263749416,-0.016952884733220742,0.008337860200976795,-0.027901404385616765,0.028521492601092668,-0.0378700359113247,-0.004641851150073784,-0.01007263080101516,-0.014292372839874974,-0.044729606662404824,-0.04478988832331894,-0.02391811795775196,0.0013311317933085666,-0.030511955221017666,0.013024381417530265,-0.053656412055474514,0.04416889824293013,-0.07878716232252893,0.06441640285677509,-0.04421438761193619,-0.045038842228413103,0.25000000000000033,-0.17214902135117885,0.14271622929770642,-0.14131444883548355,0.07931513197361052,-0.10440428886046013,0.057652333812411256,-0.08000921166061023,-0.04639396930688867,-0.04462664907131247,-0.11035299706204689,0.09584909221900177,-0.06866811264003815,0.008707303142807843,-0.05490850281137325,0.020165638695490814,-0.04241866910843997,0.034279624672992066,-0.04505950179342852,-0.04483568818651398,-0.044837489231914586,-0.04721899576980259,-0.04496311491134743,-0.04939798157967379,-0.045466942398629646,-0.053265367183483486,-0.044997158229196664,-0.050999464803521154,-0.04483685790702796
