x1,x2,x3,x4,x5,x6,x7,x8,x9,x10,x11,x12,x13,x14,x15,x16,x17,x18,x19,x20,x21,x22,x23,x24,x25,x26,x27,x28,x29,x30,x31,x32,x33,x34,x35,x36,x37,x38,x39,x40,x41,x42,x43,x44,x45,x46,x47,x48,x49,x50,x51,x52,x53,x54,x55,x56,x57,x58,x59,x60
0.25,0.2436527806871449,-0.06108329975608047,0.24432160857472413,-0.08628034834624697,0.2440524623939792,-0.07503244376631682,0.24259277129683263,0.15319560870111415,0.24436302307288535,0.2200809568169506,-0.11668708424410665,0.1274707935214646,-0.12417069178467247,0.15690223574860812,-0.12265042412865165,0.1374086328158409,0.031163019447836934,-0.08716476556129588,0.22136913312345505,0.15154889630926563,0.09290025008969498,-0.05942366080021895,0.11331943901505422,-0.04236605233944871,0.12548362548255199,-0.06018478048054073,0.14251077682161736,-0.08946401677946544,0.22918627087060414,0.19684523803079804,0.0022566310359206404,0.032110013440713736,0.01738171682272195,0.011319261205686984,0.032379198021430626,0.011090810922574116,0.045489085472246504,0.019972456917801376,0.21486469094159028,0.19084388832525248,-0.01891208920969699,0.029158873502528784,-0.024524251611495598,0.0769147074132187,-0.04849746468660076,0.07680962458030452,0.060483116015154575,-0.09067535763333674,0.2274960085068337,0.2425959790719305,0.2442965371198636,0.020942868535649327,0.24429499418960685,-0.02168034263562046,0.24367420932009187,-0.031368064668674686,0.24123301658412247,0.15052701949665834,0.2443682354602921
0.2436527806871449,0.2499999999999999,-0.06447103077007808,0.24923206927062097,-0.08947152220051531,0.24896441039766354,-0.07744796155434042,0.24751244518989055,0.1560636052989176,0.24927390401996885,0.22499662228910985,-0.12150330397308332,0.13251501818930211,-0.12914114474659663,0.16180949378246623,-0.1269220195183581,0.141177471708585,0.03135831296772508,-0.08885018043027827,0.22579440231652873,0.15395685719217583,0.09707976956172501,-0.06269653544546257,0.11799811680969662,-0.04517154957429574,0.12994433520763868,-0.06319032531873492,0.14686361643458382,-0.09276671532560758,0.23398255445123153,0.20124981982868365,0.0006420854565865577,0.03464680211881421,0.016171965521940567,0.013297207143551301,0.0315737638881807,0.012963235598511065,0.045077981066553974,0.02177889704076263,0.21901425799348234,0.19431387137800152,-0.017751034254543024,0.02826619484486965,-0.023509465859789073,0.07730988944353143,-0.048212710764510745,0.07738121942692068,0.06233437202334915,-0.0927010257543837,0.2320993316778102,0.2474782846277355,0.24920568011293154,0.022541841777110532,0.24920401998117078,-0.021274820163806926,0.24856648278144586,-0.031221568033389872,0.24605961853991035,0.15371168164361365,0.24927922962824953
-0.06108329975608047,-0.06447103077007808,0.24999999999999994,-0.0638405357938856,0.0950998837735356,-0.06395783157061538,0.07237594067013993,-0.06435965156022641,-0.029827649186098898,-0.0637908156806818,-0.0851012660284789,0.16960868759053074,-0.17291284114471206,0.17190349645541114,-0.1418003706076172,0.134049575354185,-0.09049000578777679,0.014711329352937518,0.020272335686875007,-0.056619522146121745,-0.0035916475592322923,-0.15498254362078548,0.13302192987758749,-0.1649902811451249,0.12107316197060748,-0.1429886815499051,0.11736896648402513,-0.12100405525751545,0.10818670077225413,-0.07055081503512949,-0.0767439602547096,0.09309795514431077,-0.11523253304980706,0.08332768242636084,-0.10156975621097764,0.07361193128283358,-0.09601148669397705,0.06285493625571978,-0.08444362487071223,-0.04658887642799571,-0.029224594167028644,-0.08196736340095018,0.075724939415591,-0.07856626517674742,0.0447637931220648,-0.05831656385482676,0.034728755831653864,-0.05163201486601743,0.03514204230806989,-0.06115843082692784,-0.06372038336532453,-0.06375071265709026,-0.071863043919601,-0.06374545266344031,-0.04175020329074059,-0.06334237574333547,-0.03559255995594729,-0.06176890655753874,-0.048293294408940576,-0.06379255229035165
0.24432160857472413,0.24923206927062097,-0.0638405357938856,0.24999999999999983,-0.08984053394370198,0.24963173380876352,-0.07763874971133314,0.24817190890634483,0.15649030818569554,0.24994242366876032,0.2256041718610991,-0.12183674788802508,0.13286843426552108,-0.12949047216772575,0.1622965569331973,-0.12730455931115503,0.14157142558559255,0.03143759344381712,-0.08910178092591708,0.22640001533638582,0.15436762861965406,0.09734800423952805,-0.06287143891018349,0.11831914314781021,-0.04529773112875188,0.13032513627591993,-0.06337823969412723,0.14727003802507752,-0.09302773323310852,0.23461147736460736,0.2017909421737791,0.0006385137855924953,0.03474573499474043,0.016210293997945657,0.013338172990743547,0.03165372486453896,0.013007682949926115,0.04519332247922022,0.021846252713134492,0.21960067609509762,0.1948338166652279,-0.01779368528574313,0.028337223172367025,-0.0235676432229711,0.07751350600522008,-0.04833789913659651,0.07758560249247677,0.06250388657050149,-0.09295040355922415,0.23272187589027746,0.24814201041837275,0.24987401449383806,0.0226060856182851,0.24987234963622693,-0.021329152322190414,0.2492330888475482,-0.03130282566762312,0.24671944792754338,0.1541244844718074,0.24994776258807735
-0.08628034834624697,-0.08947152220051531,0.0950998837735356,-0.08984053394370198,0.2500000000000001,-0.0901171094045663,0.08011900916815816,-0.09145026133486808,-0.05545205197819928,-0.08980109166269858,-0.10314109130806728,0.14751149714559939,-0.15117758112974478,0.1520446053667473,-0.17122190601332238,0.14729252058983378,-0.10853878877079857,0.014780989552313615,0.029141971170063438,-0.08032894355703532,-0.028865636379834747,-0.1319928732746932,0.10985463751556214,-0.14482100209313592,0.09815009579831023,-0.14943210955281264,0.10797146709174102,-0.13045015558652281,0.10784883498333597,-0.09399267840314071,-0.09134184643944285,0.0692128474316472,-0.09180670753860426,0.05911611707970174,-0.07784244166014812,0.049279206876567304,-0.07690380342521878,0.040097761328983406,-0.07273760502298875,-0.07133073112360211,-0.05477192114607603,-0.057909282513890804,0.051416034748084205,-0.054334067433768896,0.02007563133666707,-0.03511837961941456,0.0125710756336764,-0.049103219865664294,0.04185268832400475,-0.08487454423833075,-0.08944297139111634,-0.08975947382793048,-0.057184040823870304,-0.08975528891575606,-0.027381332656967267,-0.08934746606534728,-0.02104787698574456,-0.08775241543968397,-0.061987785787610564,-0.08980306429428579
0.2440524623939792,0.24896441039766354,-0.06395783157061538,0.24963173380876352,-0.0901171094045663,0.24999999999999994,-0.07795483417661389,0.24790849224380546,0.1562230564880951,0.24967333235416783,0.2254620851297268,-0.12211113345878744,0.13314348561900413,-0.12976549555442113,0.16257034597566497,-0.12757898837852052,0.14182764510918355,0.031172224667059604,-0.08885094684992191,0.22613181666938814,0.15409710463917756,0.0976220319185958,-0.0631445016773592,0.11859350297730532,-0.04557142579963709,0.1305987024860511,-0.06365152803032158,0.14753677666155654,-0.09329691038883481,0.2344111728575812,0.20164723621250188,0.0003657883578641717,0.03501849066273487,0.015937606818544118,0.013611150320117744,0.03138126156348118,0.013280007296319259,0.04492115970724715,0.02211673699544028,0.21933135485789465,0.19456423335132086,-0.01752212234173339,0.02806463437226324,-0.023295449126114275,0.0772416952848776,-0.048079598934990204,0.07734361259509287,0.0625405428558916,-0.09288223708960933,0.23247582735775124,0.247875989513105,0.249604929664365,0.02277454059167124,0.24960325249932064,-0.021168457093012138,0.248963979799797,-0.03114263837062549,0.24645032602183134,0.15398353531198258,0.2496786655397408
-0.07503244376631682,-0.07744796155434042,0.07237594067013993,-0.07763874971133314,0.08011900916815816,-0.07795483417661389,0.25000000000000006,-0.07941218385869293,-0.028610641978565183,-0.0776476779691926,-0.08539567420982322,0.10237476412790815,-0.10951479087725766,0.10828868195559531,-0.12453193324428896,0.15068921836222443,-0.17843966187208618,0.07019299351237981,-0.022216627301221252,-0.06207834175338859,-0.03003148630220398,-0.08864376581705961,0.07178647698363999,-0.102507735837069,0.07285461709093516,-0.12193074117859752,0.0849940249297841,-0.13238441626117248,0.1022672922430271,-0.0832553963338841,-0.07396670097578711,0.04488747023866973,-0.05987402221044604,0.040658458685927004,-0.05601367818240094,0.032865644606146265,-0.056700389859407174,0.026471961857097014,-0.06316372721738427,-0.06201610903461187,-0.04995416054053204,-0.03835015678867178,0.03447000514947936,-0.036826787945416224,0.009628977073973798,-0.02194086528519243,0.004294019534695194,-0.03803560150973572,0.034523328846658825,-0.07307780070706235,-0.07729014860976556,-0.0776141748041885,-0.0414728316466414,-0.07761112844303626,-0.018023790506387406,-0.07728727162845747,-0.012939814500168125,-0.07601987695514663,-0.052295796345919916,-0.07764909916142744
0.24259277129683263,0.24751244518989055,-0.06435965156022641,0.24817190890634483,-0.09145026133486808,0.24790849224380546,-0.07941218385869293,0.2500000000000001,0.1548116393358642,0.24820684076443555,0.22484536870699912,-0.12356196665599531,0.1345002679294641,-0.13121685114421702,0.1639501911580297,-0.12901946463268027,0.14324474047591254,0.02971232488080447,-0.08761491673484324,0.2246656588985129,0.15263423933166653,0.09907434541447364,-0.06459566475211352,0.1200432443412469,-0.04702678116144377,0.1320401373898543,-0.06510198717601676,0.14898266423996973,-0.09474745494824369,0.23331843052118556,0.20085605741736634,-0.001090729652841944,0.03647115265805604,0.014479681170906304,0.015066918034701334,0.029922698544478987,0.014732205924617126,0.04346220883074652,0.023570646276442692,0.2178662620023244,0.19310165239977992,-0.01606992491507364,0.026605788924866963,-0.021839279471928735,0.07578116618924063,-0.04669469869960246,0.07604248881787422,0.06272849899192484,-0.09250673534864474,0.23113426482353658,0.2464261053569508,0.24813848098406108,0.0236713133115309,0.24813673830087996,-0.020307900518561604,0.2474974779413391,-0.0302837603959312,0.24498405423721786,0.15321227393682277,0.24821214285607338
0.15319560870111415,0.1560636052989176,-0.029827649186098898,0.15649030818569554,-0.05545205197819928,0.1562230564880951,-0.028610641978565183,0.1548116393358642,0.25,0.15652334984969282,0.1392925275072975,-0.06385551269490332,0.07122079054156193,-0.06866588745714193,0.09984075918013421,-0.06495092535095422,0.059694575473101696,0.11082447939663977,-0.17306407572365629,0.15995352378024974,0.09940786418106581,0.05017898562097385,-0.03103873679624092,0.061439332124705384,-0.01627044864136377,0.07156563815781142,-0.028327741465707983,0.0701806856661018,-0.0411891295642883,0.14448485583165696,0.12461465175158477,0.007525710993307618,0.014287566274362637,0.018550617373647507,-0.001839276870094436,0.027773340566715446,-0.001380526505004484,0.035774927987101926,0.0016481216622488,0.13879732427465513,0.12389958098727394,-0.018741820458884225,0.02561727652333114,-0.022796989879961885,0.05468333362448292,-0.037007095793726165,0.053714621757960844,0.03580481669040496,-0.05726322192504211,0.14561853084261633,0.15536116381213785,0.15648456041851797,0.00789582250574557,0.1564839708011125,-0.01784957915602585,0.15610623167468957,-0.023691171565876454,0.15461985597287856,0.09577862611101841,0.15652856666818846
0.24436302307288535,0.24927390401996885,-0.0637908156806818,0.24994242366876032,-0.08980109166269858,0.24967333235416783,-0.0776476779691926,0.24820684076443555,0.15652334984969282,0.25,0.22562595384180315,-0.12179676365990591,0.13283428144438622,-0.1294507428813472,0.16225914146228912,-0.12726658781567085,0.14154363094436576,0.03146938101824959,-0.08912752005425778,0.22644064639912218,0.15440929503405906,0.09730771756325113,-0.0628310299599146,0.11827934547338696,-0.04525729975604384,0.13028708387822227,-0.06333883861553881,0.14723876535267555,-0.09299307089920505,0.2346441278087285,0.20181398760458744,0.0006793254423657282,0.03470517568910637,0.016251191643717713,0.013297506610618813,0.031694708383504806,0.0129674028216478,0.04523418873360516,0.021808463608517077,0.21964245370307053,0.1948756441984853,-0.017834438345900868,0.028378201761499633,-0.023608525404820106,0.07755475113714076,-0.04837689655335866,0.07762241965203903,0.062498860293456665,-0.09296124701062151,0.23276045148829366,0.2481837195697417,0.24991619539336013,0.02258107210439761,0.24991453236310954,-0.021353345510403566,0.2492752683749078,-0.03132704883923025,0.24676160981543788,0.15414670370775013,0.24998994588932633
0.2200809568169506,0.22499662228910985,-0.0851012660284789,0.2256041718610991,-0.10314109130806728,0.2254620851297268,-0.08539567420982322,0.22484536870699912,0.1392925275072975,0.22562595384180315,0.24999999999999994,-0.14577478772605446,0.1548462633232321,-0.1520682575271937,0.17396010601131626,-0.14228484001314812,0.1443742286584343,0.02133558733372716,-0.07944555931010036,0.20388309200551924,0.1301351494388027,0.12134943494794016,-0.08683806255378992,0.14110434615192766,-0.0689063914306969,0.14677128838347667,-0.08369588931377356,0.15612530387856347,-0.10687340594867545,0.21473218547560532,0.1886451466273691,-0.023402308158551384,0.05871120179665464,-0.007855760300021187,0.03723833879591472,0.007570254464555385,0.03574071779428295,0.02160398153026091,0.0406295361238698,0.19575183616390365,0.17060741543152735,0.006180550961657363,0.0042501419392043495,0.0004729952057370136,0.05337583819227694,-0.025467667518810425,0.0560229079091554,0.0655959954093732,-0.08682996425387547,0.21052770247322006,0.22410068255164056,0.2255583418157399,0.03740014133354511,0.22555559582602952,-0.0071193140978892825,0.22491683776773,-0.017058360782253017,0.22240812815517264,0.14142197898872896,0.22563083351632224
-0.11668708424410665,-0.12150330397308332,0.16960868759053074,-0.12183674788802508,0.14751149714559939,-0.12211113345878744,0.10237476412790815,-0.12356196665599531,-0.06385551269490332,-0.12179676365990591,-0.14577478772605446,0.24999999999999994,-0.2386578740157544,0.23967523362603443,-0.2082719920379038,0.19176594458087826,-0.1387961143211042,0.007213255279615236,0.04609287315603572,-0.10832869867869087,-0.02630449681615745,-0.22512870501614055,0.19017185891081553,-0.23202699829944262,0.16769028033596886,-0.20470973268003217,0.1650793036367886,-0.17974822547900599,0.15623681235577153,-0.12821958101775377,-0.13264347524395276,0.12664312720563287,-0.16172021737021325,0.11116302334174012,-0.13910081050426537,0.0957739587473004,-0.13144017738962369,0.07889119405060888,-0.11608939921458074,-0.09430189691305975,-0.06703434765228422,-0.109092133547296,0.09911929103949205,-0.10365418213953935,0.0500939321207822,-0.07261449520857419,0.036431915255157814,-0.07897323666278856,0.06083976137137611,-0.11581831891440955,-0.12144900851183053,-0.12173258127512969,-0.10099213623658802,-0.12172518764998809,-0.05384896775978399,-0.12108708486231744,-0.04408932943964687,-0.11859360337251962,-0.08730561133126007,-0.12179985053073916
0.1274707935214646,0.13251501818930211,-0.17291284114471206,0.13286843426552108,-0.15117758112974478,0.13314348561900413,-0.10951479087725766,0.1345002679294641,0.07122079054156193,0.13283428144438622,0.1548462633232321,-0.2386578740157544,0.24999999999999978,-0.24568841548336892,0.2150859286947903,-0.19827376556557308,0.14754237944494916,-0.015189824387483782,-0.04287739169158656,0.11892340730536251,0.0372995414857095,0.21426871096725617,-0.17959122179152773,0.23385193165796048,-0.16195053558861416,0.20961397035552023,-0.16164536712403366,0.18664444106420838,-0.1578285818087339,0.13850567080282858,0.13881810458542046,-0.11629833957500788,0.15147720801319683,-0.10078100694565241,0.13013319935799253,-0.08535024084546605,0.12328773113393782,-0.06918865718497168,0.11163949625593976,0.10476335597427726,0.07790455260254137,0.09874129495295461,-0.08869877405454127,0.09326497172297434,-0.039537111228442536,0.06268354980523694,-0.026958987661888725,0.0778509648317939,-0.063658264030141,0.12587401168458695,0.132364039549849,0.1327696082512243,0.09467874175009086,0.13276267591319374,0.04769274371882345,0.13212284206423291,0.037860674839649326,0.12962130709766573,0.09309404047509101,0.13283759216836705
-0.12417069178467247,-0.12914114474659663,0.17190349645541114,-0.12949047216772575,0.1520446053667473,-0.12976549555442113,0.10828868195559531,-0.13121685114421702,-0.06866588745714193,-0.1294507428813472,-0.1520682575271937,0.23967523362603443,-0.24568841548336892,0.2500000000000001,-0.21713570343331579,0.20090330064120046,-0.14707815309562183,0.01650382841443291,0.041706958011286085,-0.11594461348938276,-0.03399901174741134,-0.21734945536896755,0.18271381906009307,-0.23751961414178188,0.16533366607001299,-0.212349752541655,0.1645687106266131,-0.18753699336735502,0.15953075483932133,-0.13569690634069537,-0.13695248631342608,0.11949435067909182,-0.1546413260394499,0.1039903879347629,-0.13338315352177585,0.08857142040188053,-0.12637914889608887,0.07236995610349059,-0.11407140304322022,-0.1014635896291827,-0.0745662468605037,-0.1019391098359817,0.09191816065938617,-0.09647531718711178,0.04279291028374087,-0.06575421614603258,0.029874673539867072,-0.07823315367809137,0.06279571887968619,-0.12278434640167687,-0.12901818569452198,-0.12938622076384437,-0.09663167109403273,-0.1293791457310757,-0.049594892094935526,-0.12873976312337004,-0.03977448425668371,-0.12624039408745838,-0.0913171931631484,-0.1294539932971571
0.15690223574860812,0.16180949378246623,-0.1418003706076172,0.1622965569331973,-0.17122190601332238,0.16257034597566497,-0.12453193324428896,0.1639501911580297,0.09984075918013421,0.16225914146228912,0.17396010601131626,-0.2082719920379038,0.2150859286947903,-0.21713570343331579,0.24999999999999994,-0.2125011841386885,0.16620691648263275,-0.014544006185342856,-0.05311346058802699,0.14556459309471995,0.066711724625382,0.18489756308342412,-0.1502851801771079,0.20579116392547414,-0.1329137144697207,0.2138739012831707,-0.1485754960915435,0.1935538162070882,-0.15434166541483899,0.16454631665146643,0.15464006445020517,-0.08695220695126374,0.12218603891984349,-0.07141959003403783,0.10089961357758437,-0.05598383093837405,0.09955305354436816,-0.04173790992829798,0.09605830012183007,0.1330115443935849,0.1072762860779542,0.06949386762215799,-0.05932432464365295,0.06394228452231997,-0.010151914652555574,0.03484873439149602,-0.0006733736826594681,0.07419511240368919,-0.07101042560511242,0.15267070095632784,0.16145462747373587,0.16219322041082765,0.07657925922225972,0.16218761318666158,0.030373008772847272,0.16154782981087107,0.020433301328725745,0.15904292122822639,0.10839791189780591,0.16226266500911307
-0.12265042412865165,-0.1269220195183581,0.134049575354185,-0.12730455931115503,0.14729252058983378,-0.12757898837852052,0.15068921836222443,-0.12901946463268027,-0.06495092535095422,-0.12726658781567085,-0.14228484001314812,0.19176594458087826,-0.19827376556557308,0.20090330064120046,-0.2125011841386885,0.24999999999999994,-0.1954638702653437,0.05046183177105616,0.0178909356957995,-0.11050490256775651,-0.04295483223298034,-0.17117305513488223,0.14096956138070435,-0.1912802963139694,0.13619669640856305,-0.2122126535936086,0.15219211768929014,-0.19322374339886852,0.15739645448477904,-0.1339387435119812,-0.12621757091483155,0.09060999177101238,-0.11864054464482304,0.08095341657473384,-0.1074144877604864,0.06721319088136891,-0.10682294017987248,0.054775183884962525,-0.10425448334479855,-0.10108857820408845,-0.07845279097921,-0.07766246061688857,0.07011288687846244,-0.07422880435307255,0.026357112368925274,-0.047524653569529715,0.016097575271261582,-0.06838835115489118,0.05884293134525794,-0.12019907113053506,-0.1267458066159186,-0.1272085069705559,-0.07883520397235924,-0.12720272377437486,-0.037273463261648036,-0.12663256156880964,-0.028461370766986398,-0.1244023305249973,-0.08747884305739252,-0.12726952569207878
0.1374086328158409,0.141177471708585,-0.09049000578777679,0.14157142558559255,-0.10853878877079857,0.14182764510918355,-0.17843966187208618,0.14324474047591254,0.059694575473101696,0.14154363094436576,0.1443742286584343,-0.1387961143211042,0.14754237944494916,-0.14707815309562183,0.16620691648263275,-0.1954638702653437,0.25,-0.07676520978237387,0.009573706843463701,0.11804115075519653,0.06762939908159481,0.11918667046722307,-0.09293197327596382,0.13848904994913736,-0.09038851935394981,0.16227941190528597,-0.10752691052890676,0.18179704535235836,-0.13533782126953928,0.14462445503716484,0.1266660110465083,-0.049358182559698725,0.07371607814845067,-0.04134473299162358,0.06484258239080794,-0.029289706965642735,0.06541547729678902,-0.019185022368061574,0.07547466292521353,0.11744016017842733,0.09864959800972088,0.03839106852347321,-0.03179668712619954,0.0354661914253137,0.006624781073830692,0.013486928916650109,0.01255182987004008,0.055944712186314305,-0.05884080901237416,0.13264331687611444,0.14074714527713253,0.14149142952902516,0.0508908768089503,0.1414876900499379,0.015175532225916426,0.14098718108609212,0.007323834868807014,0.13902581697056135,0.09213347412029854,0.14154647573550574
0.031163019447836934,0.03135831296772508,0.014711329352937518,0.03143759344381712,0.014780989552313615,0.031172224667059604,0.07019299351237981,0.02971232488080447,0.11082447939663977,0.03146938101824959,0.02133558733372716,0.007213255279615236,-0.015189824387483782,0.01650382841443291,-0.014544006185342856,0.05046183177105616,-0.07676520978237387,0.2500000000000001,-0.18060020059287088,0.05492561588456456,0.025132321515973523,-0.004113295586983992,0.005593194689810901,-0.015588220395790582,0.02121770617698846,-0.0337078784681501,0.03012718606424946,-0.06311560958659203,0.04892013417367489,0.0203792214074083,0.022185271535809445,0.014175600605493967,-0.009212005257387803,0.01954943106091198,-0.02000460422360716,0.020465217167762725,-0.022973473017948495,0.022970292078060665,-0.0354302180196593,0.031407080411957264,0.028448253696207716,-0.01785324708533905,0.02002624768400456,-0.019781550976693266,0.02261196664507722,-0.02022800061778793,0.020446897222807434,0.000788756697487201,-0.009908850369803499,0.02916144177083941,0.03116744718931841,0.03146620748473242,-0.01022611427528357,0.03146695514889065,-0.012089487664453818,0.03143398587207145,-0.012421084950828725,0.03130200357205017,0.018020826971498982,0.03147092510077349
-0.08716476556129588,-0.08885018043027827,0.020272335686875007,-0.08910178092591708,0.029141971170063438,-0.08885094684992191,-0.022216627301221252,-0.08761491673484324,-0.17306407572365629,-0.08912752005425778,-0.07944555931010036,0.04609287315603572,-0.04287739169158656,0.041706958011286085,-0.05311346058802699,0.0178909356957995,0.009573706843463701,-0.18060020059287088,0.24999999999999994,-0.11257648122291995,-0.0527821053816195,-0.04169963998854758,0.03070983189564876,-0.03934114392318028,0.014262392287039077,-0.030368651660706077,0.013259706746979804,-0.0036405248493966286,0.001440432557601123,-0.07834895481713373,-0.0737245683301185,0.005415561820394132,-0.019845011024743054,-0.003134309335656648,-0.005723766357612707,-0.008980307773546256,-0.00319716970175038,-0.015608866603023007,0.007246618998740535,-0.07946813958652242,-0.0687291061951371,0.00263505314865832,-0.007448597880966692,0.0057152762383283285,-0.025600027395092033,0.015045398198053787,-0.025752032278171955,-0.023465550461448898,0.03390961627865485,-0.08321293307568496,-0.08849989916260664,-0.08910357805567716,-0.01020806874414258,-0.08910281918150588,0.00612020249683949,-0.08886693862732642,0.009585887635413355,-0.08793975522723105,-0.05557500451889363,-0.08913061913363061
0.22136913312345505,0.22579440231652873,-0.056619522146121745,0.22640001533638582,-0.08032894355703532,0.22613181666938814,-0.06207834175338859,0.2246656588985129,0.15995352378024974,0.22644064639912218,0.20388309200551924,-0.10832869867869087,0.11892340730536251,-0.11594461348938276,0.14556459309471995,-0.11050490256775651,0.11804115075519653,0.05492561588456456,-0.11257648122291995,0.25,0.14019460603639955,0.08674108836763784,-0.055996997934509934,0.10569400949279492,-0.03923010163372572,0.1147603707189855,-0.05456867509217847,0.12455846669370234,-0.07864221690429803,0.21149266417590584,0.1826272690881114,0.001453681652426667,0.030639563010314667,0.01592354975089634,0.010545495388353426,0.02985878431726308,0.00996576119493972,0.04221139942774309,0.016393248906074312,0.19927479335520318,0.17678392823196187,-0.01717252603308812,0.026823437035176492,-0.02252790469418348,0.07112437937932838,-0.04478264881114556,0.07102336150167367,0.056141578628330725,-0.08410855693485485,0.2108374972297938,0.2248044229624505,0.22637916830498137,0.019567755724396084,0.22637772534588005,-0.019982050270267178,0.22580185871822517,-0.028939483195102558,0.22353732813568206,0.13955417091159558,0.22644566392695897
0.15154889630926563,0.15395685719217583,-0.0035916475592322923,0.15436762861965406,-0.028865636379834747,0.15409710463917756,-0.03003148630220398,0.15263423933166653,0.09940786418106581,0.15440929503405906,0.1301351494388027,-0.02630449681615745,0.0372995414857095,-0.03399901174741134,0.066711724625382,-0.04295483223298034,0.06762939908159481,0.025132321515973523,-0.0527821053816195,0.14019460603639955,0.24999999999999994,0.001794170949432302,0.031456471114820486,0.022849494404463145,0.04367618211024697,0.03698312432342215,0.025063595484584124,0.05438701489958792,-0.010096194981282544,0.1399441138758697,0.10680548281000606,0.07481508520964025,-0.05369209281504267,0.08589466525893358,-0.06964689099991721,0.0897257484145583,-0.0650042121735232,0.09111958074150618,-0.04315413770069391,0.14288288637363,0.13803265179992052,-0.08414264822598778,0.08989045117964718,-0.08843759989463543,0.10436291140319048,-0.09179751385603113,0.09681777848604556,0.00710351691041097,-0.046752469625786046,0.14205525844137853,0.15295821010682223,0.15438716924805332,-0.04373951253072682,0.1543906168908044,-0.05443051095784427,0.15421029541986844,-0.058593201353855394,0.15349061471495906,0.08682493544622305,0.154412458063881
0.09290025008969498,0.09707976956172501,-0.15498254362078548,0.09734800423952805,-0.1319928732746932,0.0976220319185958,-0.08864376581705961,0.09907434541447364,0.05017898562097385,0.09730771756325113,0.12134943494794016,-0.22512870501614055,0.21426871096725617,-0.21734945536896755,0.18489756308342412,-0.17117305513488223,0.11918667046722307,-0.004113295586983992,-0.04169963998854758,0.08674108836763784,0.001794170949432302,0.24999999999999994,-0.21418225822902132,0.21890268538577162,-0.17743857257996312,0.1866647170246545,-0.17022143193381514,0.16208371648553793,-0.15083763800921368,0.10493186213626661,0.11895892999710109,-0.1497809612102333,0.1846900413754112,-0.13435739338213543,0.15814532962990205,-0.1190516783076034,0.14893815281128345,-0.10032523900417904,0.1252539299216747,0.07115027474748031,0.042878747745944065,0.1322204884976307,-0.12238984946488188,0.12685797509285646,-0.07363293717994013,0.09476809534290179,-0.05754357876098913,0.08147528449366363,-0.0545869022952956,0.09351415477040556,0.0972323133759822,0.09724452138020852,0.11512250531792027,0.09723609592677285,0.06759218021257518,0.09660142288766048,0.05799010338895555,0.09412421026907855,0.07446887274438965,0.09731024513685159
-0.05942366080021895,-0.06269653544546257,0.13302192987758749,-0.06287143891018349,0.10985463751556214,-0.0631445016773592,0.07178647698363999,-0.06459566475211352,-0.03103873679624092,-0.0628310299599146,-0.08683806255378992,0.19017185891081553,-0.17959122179152773,0.18271381906009307,-0.1502851801771079,0.14096956138070435,-0.09293197327596382,0.005593194689810901,0.03070983189564876,-0.055996997934509934,0.031456471114820486,-0.21418225822902132,0.24999999999999978,-0.1940788457635905,0.19248619656448024,-0.15984869640919114,0.1780687880220647,-0.13561984359798623,0.14261906140005035,-0.071847377568721,-0.10033858783119705,0.18456507575907566,-0.21919635531229817,0.16939545406940712,-0.18703068215346808,0.15405224286991667,-0.1754236048334318,0.13234224264583408,-0.13898850585454284,-0.038410042102150474,-0.008324913611400192,-0.16701910149523652,0.1574076909884345,-0.161829039888662,0.10853325251664406,-0.12788512005401514,0.08878801377743323,-0.08596585679420314,0.04612290671305128,-0.06217499227776749,-0.0631496307515378,-0.06276860756604352,-0.13681561085209168,-0.06275859209938371,-0.08822702013330126,-0.06212211541302479,-0.07878503981885342,-0.05964204264202672,-0.05666509325489277,-0.06283278502469739
0.11331943901505422,0.11799811680969662,-0.1649902811451249,0.11831914314781021,-0.14482100209313592,0.11859350297730532,-0.102507735837069,0.1200432443412469,0.061439332124705384,0.11827934547338696,0.14110434615192766,-0.23202699829944262,0.23385193165796048,-0.23751961414178188,0.20579116392547414,-0.1912802963139694,0.13848904994913736,-0.015588220395790582,-0.03934114392318028,0.10569400949279492,0.022849494404463145,0.21890268538577162,-0.1940788457635905,0.24999999999999994,-0.17680854889480235,0.20564494714336626,-0.1692365099422417,0.18344153805590568,-0.1598262468174294,0.12543816810995548,0.13101738727065185,-0.13085217930677395,0.16599536596553938,-0.11535364896210948,0.14477867740180633,-0.09992168244218999,0.13542240153283067,-0.08289869931008376,0.11951569002785808,0.0907711359564244,0.0633647230441464,0.11325191032663764,-0.10327534717666384,0.10781694473778096,-0.05410878835682146,0.07649537038435152,-0.03999492758988446,0.07970653389696856,-0.06004407744175856,0.11262123616149171,0.11797449371491463,0.11821505950904557,0.10366744333616747,0.11820746946111181,0.05628692020172485,0.11756747953201067,0.046505301620161706,0.11506710124324458,0.08553885191481184,0.11828233398452218
-0.04236605233944871,-0.04517154957429574,0.12107316197060748,-0.04529773112875188,0.09815009579831023,-0.04557142579963709,0.07285461709093516,-0.04702678116144377,-0.01627044864136377,-0.04525729975604384,-0.0689063914306969,0.16769028033596886,-0.16195053558861416,0.16533366607001299,-0.1329137144697207,0.13619669640856305,-0.09038851935394981,0.02121770617698846,0.014262392287039077,-0.03923010163372572,0.04367618211024697,-0.17743857257996312,0.19248619656448024,-0.17680854889480235,0.24999999999999983,-0.1648643562552305,0.19148467821689255,-0.14132469761681452,0.14931697104434746,-0.057833045729430495,-0.07956541812990715,0.18246304534253305,-0.19366770544702616,0.1878650445706602,-0.21709581326537863,0.17246657925323913,-0.1943399908096138,0.1505641366797283,-0.15027317740861668,-0.021303911244382235,0.008731741554846658,-0.17857686138083947,0.17556191105150667,-0.1801121201262193,0.1267700324810585,-0.14548940773174177,0.10553980890050445,-0.08876734901566492,0.04202747722679235,-0.04625073814607544,-0.04577716982477062,-0.04519515378059982,-0.14806610898015005,-0.04518424879139076,-0.09907273874026788,-0.04454509605475364,-0.09006767693940446,-0.04205645814503976,-0.047726012676488905,-0.045258663796972486
0.12548362548255199,0.12994433520763868,-0.1429886815499051,0.13032513627591993,-0.14943210955281264,0.1305987024860511,-0.12193074117859752,0.1320401373898543,0.07156563815781142,0.13028708387822227,0.14677128838347667,-0.20470973268003217,0.20961397035552023,-0.212349752541655,0.2138739012831707,-0.2122126535936086,0.16227941190528597,-0.0337078784681501,-0.030368651660706077,0.1147603707189855,0.03698312432342215,0.1866647170246545,-0.15984869640919114,0.20564494714336626,-0.1648643562552305,0.24999999999999964,-0.1829529640723602,0.20583227000649806,-0.17338616145564334,0.13845178494771615,0.13299165916745181,-0.11061455520298177,0.13780736233107488,-0.10339271857728967,0.132849883236374,-0.08795854844421729,0.1322543571698589,-0.07369902427240652,0.12194510068772443,0.10151763353170866,0.07564227445415458,0.09845898439510313,-0.09119187076957726,0.0958147867396024,-0.042130815757845406,0.06528902200084381,-0.02942974921756339,0.07855518518813596,-0.06311142734804331,0.12352350782080876,0.12984500465723256,0.1302222041145796,0.09616561519321909,0.1302151398509685,0.04923447213074851,0.129575107361762,0.03949250976916931,0.12707301189675493,0.09179322965405196,0.13029006616724462
-0.06018478048054073,-0.06319032531873492,0.11736896648402513,-0.06337823969412723,0.10797146709174102,-0.06365152803032158,0.0849940249297841,-0.06510198717601676,-0.028327741465707983,-0.06333883861553881,-0.08369588931377356,0.1650793036367886,-0.16164536712403366,0.1645687106266131,-0.1485754960915435,0.15219211768929014,-0.10752691052890676,0.03012718606424946,0.013259706746979804,-0.05456867509217847,0.025063595484584124,-0.17022143193381514,0.1780687880220647,-0.1692365099422417,0.19148467821689255,-0.1829529640723602,0.24999999999999942,-0.16587490718564524,0.16786549554632207,-0.07655477659898033,-0.08865705224775614,0.1639949221941756,-0.17480554210287888,0.17021964688355753,-0.19113964554317717,0.15479430925734036,-0.19877121264160943,0.1393105614490674,-0.15597588272663523,-0.03720194337216871,-0.009258886716349099,-0.16065936823098625,0.15787353255395062,-0.16247004448726238,0.10900545267555296,-0.12889808852512322,0.08973310814264024,-0.08802712287481568,0.04722773425751042,-0.06270761377237594,-0.06365679209867998,-0.06327592332660867,-0.13716139867979277,-0.06326582562549547,-0.08866718289118923,-0.06262559117292307,-0.07948040577495356,-0.0601305083059735,-0.057521443056005116,-0.06334045183685962
0.14251077682161736,0.14686361643458382,-0.12100405525751545,0.14727003802507752,-0.13045015558652281,0.14753677666155654,-0.13238441626117248,0.14898266423996973,0.0701806856661018,0.14723876535267555,0.15612530387856347,-0.17974822547900599,0.18664444106420838,-0.18753699336735502,0.1935538162070882,-0.19322374339886852,0.18179704535235836,-0.06311560958659203,-0.0036405248493966286,0.12455846669370234,0.05438701489958792,0.16208371648553793,-0.13561984359798623,0.18344153805590568,-0.14132469761681452,0.20583227000649806,-0.16587490718564524,0.24999999999999947,-0.1955345640825716,0.1578916083552324,0.1412864883960313,-0.09028984362944159,0.11570598749861113,-0.08632170773871814,0.11573875671678427,-0.07089574184701952,0.11531876119487976,-0.05744558288486244,0.12435792928948904,0.11692005414312694,0.09272941881023108,0.08018884036234114,-0.07407247077442898,0.0787494425775096,-0.025090246317313155,0.04911820744819167,-0.014086275474968301,0.07581686064720568,-0.06670928459579781,0.1388019018992146,0.146601459593238,0.1471730418078628,0.08558245969495701,0.147166729293734,0.03916714326003339,0.1465269912966274,0.029325902743815704,0.14402409908589806,0.10015369527744744,0.14724169758357455
-0.08946401677946544,-0.09276671532560758,0.10818670077225413,-0.09302773323310852,0.10784883498333597,-0.09329691038883481,0.1022672922430271,-0.09474745494824369,-0.0411891295642883,-0.09299307089920505,-0.10687340594867545,0.15623681235577153,-0.1578285818087339,0.15953075483932133,-0.15434166541483899,0.15739645448477904,-0.13533782126953928,0.04892013417367489,0.001440432557601123,-0.07864221690429803,-0.010096194981282544,-0.15083763800921368,0.14261906140005035,-0.1598262468174294,0.14931697104434746,-0.17338616145564334,0.16786549554632207,-0.1955345640825716,0.24999999999999953,-0.10831987821022555,-0.10195677979931224,0.1129894796179902,-0.13111673508336438,0.11846744392907739,-0.13794201286107066,0.10456217408586717,-0.14609839631181512,0.1107660829420383,-0.1773894629702532,-0.06280830622725506,-0.043952227659371165,-0.10894926055047856,0.10789745514352495,-0.11243820302394274,0.06387996012044665,-0.08532517471563872,0.06132396249579381,-0.08766014392782807,0.06145043207816506,-0.08994163824803622,-0.09288448293581317,-0.09293254117679856,-0.10258198878783988,-0.09292243803703544,-0.059580160448874556,-0.09228399420889859,-0.061081507064740914,-0.08979889102272572,-0.07757175695140196,-0.09299502146042946
0.22918627087060414,0.23398255445123153,-0.07055081503512949,0.23461147736460736,-0.09399267840314071,0.2344111728575812,-0.0832553963338841,0.23331843052118556,0.14448485583165696,0.2346441278087285,0.21473218547560532,-0.12821958101775377,0.13850567080282858,-0.13569690634069537,0.16454631665146643,-0.1339387435119812,0.14462445503716484,0.0203792214074083,-0.07834895481713373,0.21149266417590584,0.1399441138758697,0.10493186213626661,-0.071847377568721,0.12543816810995548,-0.057833045729430495,0.13845178494771615,-0.07655477659898033,0.1578916083552324,-0.10831987821022555,0.2499999999999996,0.1923205088707643,-0.011507236292360192,0.04508526370021968,0.0019311325084517524,0.027468073984649993,0.017310628172385743,0.02721209003945994,0.030143592524237567,0.036852091710255996,0.20433702038615792,0.1798687547915239,-0.004325279687506175,0.014008667519075367,-0.009258495074761878,0.06294455285115345,-0.0345456888080094,0.06412238357135892,0.06454451158699379,-0.0892999799898984,0.2187528498291244,0.23301292221331846,0.2345763145489419,0.03124456962061787,0.23457392686830492,-0.01285095457281389,0.2339353389625786,-0.022401316376010425,0.23142639454597252,0.14626012954042808,0.23464911957918194
0.19684523803079804,0.20124981982868365,-0.0767439602547096,0.2017909421737791,-0.09134184643944285,0.20164723621250188,-0.07396670097578711,0.20085605741736634,0.12461465175158477,0.20181398760458744,0.1886451466273691,-0.13264347524395276,0.13881810458542046,-0.13695248631342608,0.15464006445020517,-0.12621757091483155,0.1266660110465083,0.022185271535809445,-0.0737245683301185,0.1826272690881114,0.10680548281000606,0.11895892999710109,-0.10033858783119705,0.13101738727065185,-0.07956541812990715,0.13299165916745181,-0.08865705224775614,0.1412864883960313,-0.10195677979931224,0.1923205088707643,0.2499999999999996,-0.04720284369716455,0.0798547815988507,-0.031131084670535266,0.0559986243068185,-0.015154916955117424,0.05177469818361105,0.0010617439545789467,0.04920417220253962,0.17328874327216426,0.1468627690385066,0.029744137300633904,-0.01942239794308611,0.024101399383555655,0.029674965018082,-0.0030710472235854856,0.03484796828825419,0.0679543333581532,-0.08056301763991076,0.188827720998746,0.2005577798051902,0.20174711295336714,0.052000693485461456,0.2017432980884495,0.00682617122775868,0.20110484055258973,-0.002978503007727342,0.19860019193925207,0.12884499083526837,0.2018183881976095
0.0022566310359206404,0.0006420854565865577,0.09309795514431077,0.0006385137855924953,0.0692128474316472,0.0003657883578641717,0.04488747023866973,-0.001090729652841944,0.007525710993307618,0.0006793254423657282,-0.023402308158551384,0.12664312720563287,-0.11629833957500788,0.11949435067909182,-0.08695220695126374,0.09060999177101238,-0.049358182559698725,0.014175600605493967,0.005415561820394132,0.001453681652426667,0.07481508520964025,-0.1497809612102333,0.18456507575907566,-0.13085217930677395,0.18246304534253305,-0.11061455520298177,0.1639949221941756,-0.09028984362944159,0.1129894796179902,-0.011507236292360192,-0.04720284369716455,0.2499999999999995,-0.21433286821464095,0.22662226998009233,-0.2063886448971334,0.2016442987501313,-0.19324396816410355,0.17158872182505716,-0.1440249179107012,0.019297168618169148,0.05517926750354764,-0.23065191910403027,0.22123140237487773,-0.2255480193510974,0.17228224524773056,-0.18778178329037046,0.1452025623673834,-0.08561305926418651,0.025143120498258384,-0.0038601214103834336,-0.00035058760542568465,0.0007400692719020946,-0.17667465060478743,0.0007530345150728786,-0.12565409805472488,0.0013907768440972734,-0.11689682274162165,0.003867704436159829,-0.020456010089128868,0.0006789967367640364
