x1,x2,x3,x4,x5,x6,x7,x8,x9,x10,x11,x12,x13,x14,x15,x16,x17,x18,x19,x20,x21,x22,x23,x24,x25,x26,x27,x28,x29,x30,x31,x32,x33,x34,x35,x36,x37,x38,x39,x40,x41,x42,x43,x44,x45,x46,x47,x48,x49,x50,x51,x52,x53,x54,x55,x56,x57,x58,x59,x60
0.25,0.2493813248761824,0.24870704782147388,0.24984133642012596,0.24956220617331215,0.2495868182599589,0.249002280821347,0.24965806280720854,0.2485828421347454,0.24984918854659283,0.24742695534253237,0.23693069801294622,0.17019420162563503,0.22567082281755946,0.15165242440029844,0.2236719011596854,0.17533302519832866,0.2101015991004711,0.1794720434280922,0.24956945425828073,0.2482793792145239,0.17925116895039103,0.23288795868289577,0.1471640656532673,0.22456105468032617,0.1325828223260234,0.23831641320115873,0.17900768489785496,0.2233660549182659,0.24736217154640436,0.2476677091926569,0.18640021673724316,0.22934247729824847,0.15251092076916084,0.21929688140484838,0.13209671105834042,0.22690751466376294,0.1740249022490876,0.22301977441166015,0.24593195102486648,0.2488271878831832,0.24234092311272198,0.15899833562060758,0.23314823116956718,0.1670416239544253,0.22187103043416087,0.1698548381245972,0.20911867436106163,0.17755283473262676,0.24876136840401133,0.2495918623853556,0.24958197011243277,0.24947556227510123,0.24983270797249424,0.24940559098724097,0.24962261107262024,0.24943565152160962,0.2497419119558094,0.2496581816727729,0.24984950073943824
0.2493813248761824,0.24999999999999986,0.24838766332021076,0.2495221762015104,0.24924324267765408,0.2492680042690463,0.24868380489107603,0.24933915492586115,0.24826489006952657,0.24953001784797058,0.24711074643304395,0.23662390474886671,0.16996671003165714,0.2253693004362773,0.15144791367507562,0.22337362897582735,0.17509820443795035,0.20983141338652006,0.17924202371552214,0.24925059098415223,0.2479622866795996,0.1790277017088477,0.23258419079919238,0.1469831863234689,0.22426907205264776,0.13242013103036368,0.23800892971624668,0.17876906477466828,0.2230809033318331,0.24704554161679868,0.24735106281560748,0.1861621939789206,0.22904440905112772,0.15231664824036922,0.21901095715253344,0.1319255018052882,0.22661509104542193,0.17380365654357247,0.22273585053245004,0.24561758009107296,0.24850930351188544,0.24203135216881286,0.15879710223406165,0.2328460083221622,0.16683228122811422,0.2215832336303646,0.16964170025148273,0.20885496737471645,0.17732625461048449,0.24844338743621514,0.24927301589598982,0.2492631406555268,0.24915673532533078,0.24951355821602608,0.24908689840270726,0.24930372970699363,0.24911688908892035,0.24942287818363576,0.24933918609324865,0.2495303295298496
0.24870704782147388,0.24838766332021076,0.25,0.24884732935906212,0.2485727100874953,0.24859297065593736,0.24801144219989588,0.24866422626054283,0.24758910641019782,0.24885518053522263,0.24643576649967006,0.23603453249432357,0.16927795745007468,0.2249686932317136,0.1511943543443396,0.22290759476960142,0.174676181227321,0.2092525150595963,0.1787390009927776,0.24857673633188687,0.24728982136844807,0.1784052976755591,0.23205289013389088,0.14643335396918997,0.2237294417082258,0.1319156137624735,0.2374072335540777,0.17832783508962113,0.22246925729033767,0.24638212744112678,0.24668253180285407,0.18562846882230613,0.228487852010062,0.15183709030786943,0.21851601587242137,0.1315119501588485,0.22605000857954793,0.1733149160046104,0.22214237377160215,0.24495552912752078,0.24783814155148393,0.2413815000053412,0.1583515789521762,0.2322517854070726,0.16638747456776978,0.22102276746203023,0.1691909190802738,0.20826605523804284,0.1768381939141798,0.24777330190747013,0.2485988785321696,0.24858902735919436,0.24848443627474898,0.24883876759672702,0.24841481396167792,0.24862950641693235,0.24844412110929814,0.2487483328039677,0.24866549331331092,0.24885549356106157
0.24984133642012596,0.2495221762015104,0.24884732935906212,0.24999999999999994,0.24970294993998998,0.24972753174251458,0.24914248034354236,0.24979881431380466,0.24872285387661472,0.24999003348623086,0.2475662719529103,0.23706752179714252,0.1702815950925712,0.22579303889263372,0.15173655650661627,0.22379299507305384,0.17542683714849996,0.21021895922648817,0.17956540028720958,0.2497101315831909,0.24841945672547294,0.17935553795079062,0.23301901322402283,0.14725977114740293,0.22468722112783998,0.1326695584561644,0.23845072644781676,0.17910573298758153,0.22349139029356155,0.24750156542814522,0.24780722741732966,0.18650670779569195,0.22946644437726083,0.15260233031144735,0.21941251611085888,0.13217379977908444,0.2270309003801924,0.17411878072391965,0.22314647415462632,0.24606997242048745,0.24896729930688127,0.24247671951113822,0.1590878647400567,0.23327739609134823,0.16713595915258192,0.22199103026664063,0.1699445239720954,0.2092358265749846,0.17765015629918202,0.24890136704545168,0.2497325421251684,0.2497226645679454,0.24961614584237826,0.24997354376623115,0.24954610632352592,0.24976332842287455,0.24957617826176368,0.24988269656768064,0.24979889653062395,0.24999034600054562
0.24956220617331215,0.24924324267765408,0.2485727100874953,0.24970294993998998,0.2499999999999999,0.24944829038713168,0.2488639401549476,0.24951969193307272,0.24844674192616606,0.2497107936334571,0.24728853650760982,0.23682483254002062,0.17006893369102455,0.2255605248490262,0.15148149439062236,0.22355908649427192,0.17525121421862436,0.20997098256949823,0.17935243235349677,0.24943118945328385,0.2481413723680212,0.17913067846618627,0.2327909030438889,0.14703867708123672,0.2244562370189081,0.13247867463149057,0.2381948170987515,0.17891210269069432,0.22323323598541275,0.24722619647515962,0.24752966399675153,0.1862803548828504,0.22922967482146547,0.15239748639754871,0.21920245064068644,0.1319820205654102,0.2267961872864952,0.1739070911987171,0.22290907039287208,0.24579486775392573,0.24868949134085658,0.24220767208253907,0.15890572499297592,0.23302285860583258,0.1669679257283007,0.22174641558378552,0.169762391887622,0.20899579108995728,0.17744153055457268,0.24862352997143988,0.2494535404335401,0.24944372294408274,0.24933784878122564,0.2496943218542251,0.24926800982268058,0.24948434121900326,0.24929751576119616,0.24960357612584155,0.24952004129098837,0.24971110532334523
0.2495868182599589,0.2492680042690463,0.24859297065593736,0.24972753174251458,0.24944829038713168,0.24999999999999994,0.24888849519848752,0.24954436911854594,0.24846946776571147,0.2497353768796953,0.24731431047535776,0.2368182246601991,0.17010417460342844,0.22554969171169617,0.15156283402869275,0.22355146138636467,0.17523506722139207,0.21000051355930413,0.17938819430279906,0.24945567613520933,0.24816627801364627,0.179174718880544,0.2327749783387761,0.14709827762602515,0.2244524116985822,0.13252506864409458,0.23820405666901998,0.17890989912401867,0.22326378975190292,0.2472485719346293,0.24755438931701604,0.18631318522422943,0.229232547405339,0.15243753091489293,0.21919274417719486,0.1320272400875481,0.22680262056176392,0.17394618273043808,0.22292089306783627,0.24581966234821173,0.24871386853151195,0.24223088735651357,0.15892849157363187,0.2330358192352847,0.16697423370465786,0.2217639783135909,0.16978564892516482,0.20902849582316502,0.17747167329277566,0.24864778109889712,0.24947815830615602,0.2494682798657786,0.2493617663626567,0.2497189035150739,0.249291919526456,0.2495089023117737,0.2493218567886262,0.24962814885134257,0.24954436574682362,0.24973568863083115
0.249002280821347,0.24868380489107603,0.24801144219989588,0.24914248034354236,0.2488639401549476,0.24888849519848752,0.25,0.2489591419185288,0.24791587549154123,0.2491503101434319,0.2467294693875719,0.23626474712388115,0.16964561809686005,0.2249881996448171,0.15114412855395143,0.22299135818384708,0.1746715219111653,0.20953201075982675,0.17901249206950817,0.24887080578178156,0.24758300943504327,0.17874854474666,0.2322152459817636,0.14671484024722414,0.22391757471419552,0.13205067633174494,0.2376505165575314,0.17838981905209947,0.22271612150558143,0.24666851012684815,0.2469701859375897,0.1858170743598176,0.22873606062872662,0.1519608766849507,0.21875915668906765,0.13154733589103138,0.22630787332762545,0.17348880337676156,0.22243750727661551,0.2452415555015797,0.24813196999079087,0.24166878226036076,0.15855476010547526,0.23247874768553806,0.1666688111555251,0.2212244740493732,0.16943624130868717,0.20853675467675314,0.17702445266221062,0.2480644780437743,0.2488935039446574,0.2488838391865306,0.2487782996765173,0.24913387555232216,0.24870933792577707,0.24892436600737042,0.24873731069844787,0.2490433334593438,0.2489598280940296,0.24915062134676508
0.24965806280720854,0.24933915492586115,0.24866422626054283,0.24979881431380466,0.24951969193307272,0.24954436911854594,0.2489591419185288,0.24999999999999986,0.2485403502713523,0.2498066628455328,0.24738467200929712,0.23688997642485063,0.17015545297037082,0.22561845277847087,0.15161429525849862,0.2236201234403693,0.1752890348742529,0.21006318118838457,0.17943583042703662,0.24952691877068697,0.24823720390604379,0.17922574080638656,0.23284406218963644,0.1471488988185913,0.2245188694574176,0.13257079674266609,0.23827388170426422,0.17896537673744806,0.22332733517705175,0.24731952879612334,0.24762519545029668,0.1863683032290871,0.22929648829378846,0.15248670311413395,0.2192512194792529,0.132070734099196,0.2268645974335376,0.17399217396303499,0.22298409113519163,0.24588946389548388,0.24878472906021368,0.242299230785019,0.15897261779521346,0.23310338302637887,0.16701823045086475,0.22182598831087766,0.16982574867218428,0.20908519802131956,0.1775202504659421,0.2487186973987433,0.24954935917249865,0.24953948989082034,0.24943297883112014,0.24979018507073683,0.249363048366583,0.24958012391998757,0.24939303594060178,0.24969940450565592,0.24961562178733512,0.24980697497928087
0.2485828421347454,0.24826489006952657,0.24758910641019782,0.24872285387661472,0.24844674192616606,0.24846946776571147,0.24791587549154123,0.2485403502713523,0.24999999999999983,0.24873066852550976,0.24631602100987446,0.2358328535416056,0.169555999422713,0.22458065049247847,0.15103611055584643,0.22259654075029903,0.17469640301518685,0.20919464706938887,0.17842339696281379,0.2484516597943477,0.24716583543652748,0.1784843377713639,0.2318999945298431,0.14646703199451466,0.22358488323515507,0.13195402437119688,0.23726910093447945,0.17807162394215345,0.22236305203445614,0.24625114915251473,0.24655564890226406,0.18554358846686844,0.2282853927153748,0.1517919556476657,0.21830055088167769,0.13144222347878295,0.22588271115818057,0.1732251369796783,0.2220426447910345,0.2448282134543538,0.2477132475708123,0.2412570757151596,0.1582921971341289,0.23207508460511475,0.1663466829950759,0.22084233676513393,0.16912300279077885,0.20819826969454766,0.17674272594795024,0.24764613734573232,0.24847436971179848,0.24846464867751128,0.24835831668407182,0.24871426400761065,0.2482891239091177,0.2485051075315822,0.24831811484241065,0.2486238744323532,0.24854019502672076,0.24873098159401483
0.24984918854659283,0.24953001784797058,0.24885518053522263,0.24999003348623086,0.2497107936334571,0.2497353768796953,0.2491503101434319,0.2498066628455328,0.24873066852550976,0.24999999999999983,0.24757403925147115,0.23707486593647167,0.17028727875263935,0.22580026690155525,0.15174148868402795,0.22380011265128547,0.17543237054353283,0.21022557410291673,0.1795710690533287,0.24971797843967278,0.24842726307151475,0.1793610879313619,0.23302638845629298,0.14726431332129072,0.22469432215519713,0.13267367791193993,0.23845824119140813,0.17911143480370342,0.22349840962740405,0.24750934570863029,0.24781501516052679,0.1865125581515517,0.2294736962560642,0.1526070964576249,0.21941946690424186,0.13217794124660096,0.22703806251769967,0.1741242513125054,0.22315348383624278,0.2460777067647806,0.24897512306703456,0.24248434113095027,0.1590928542470032,0.23328475183994024,0.16714120064939858,0.22199803701696127,0.16994986624439143,0.2092423864287812,0.17765574076417542,0.2489091896396963,0.24974038941573318,0.2497305115010644,0.2496239903290234,0.2499813985825954,0.24955394853798535,0.24977117663369836,0.24958402134092947,0.24989054852939824,0.24980674626887445,0.24999820134488349
0.24742695534253237,0.24711074643304395,0.24643576649967006,0.2475662719529103,0.24728853650760982,0.24731431047535776,0.2467294693875719,0.24738467200929712,0.24631602100987446,0.24757403925147115,0.2499999999999998,0.2346591405476612,0.16864495505754917,0.22358960579913845,0.1501043778837921,0.2216325420071642,0.1737463166168066,0.2081715103520196,0.17797646879359558,0.24729644426368363,0.24601561810692912,0.17754073253131158,0.23073388965876823,0.14551917748405815,0.22248673602471591,0.1311189228314822,0.23612689826917346,0.17731350531031373,0.22134086840854958,0.24510424239825987,0.2454106271415843,0.18464888572982524,0.22734047317497527,0.15095618430713367,0.21746189768926882,0.13074853468044403,0.22493895804041134,0.17253520726090035,0.2209904984866938,0.24370446480018224,0.2465652308305683,0.24015594864966625,0.15757077311424045,0.231032531488916,0.1655877124634018,0.2199226414088532,0.16851034088145594,0.2072666498870021,0.17599384797700426,0.2464994789505502,0.2473194326213032,0.24730925363712974,0.24720400634884615,0.24755770846071037,0.24713605778785136,0.2473495248068094,0.24716496795171033,0.24746773914991654,0.24738466102298656,0.2475743482779063
0.23693069801294622,0.23662390474886671,0.23603453249432357,0.23706752179714252,0.23682483254002062,0.2368182246601991,0.23626474712388115,0.23688997642485063,0.2358328535416056,0.23707486593647167,0.2346591405476612,0.2499999999999996,0.1574348931041189,0.2165903602798854,0.1439882443953567,0.21483910582776689,0.16695657862112734,0.1995744193183523,0.17039117891610225,0.23681111979021907,0.23555966522653435,0.16673194141622025,0.22272331965866585,0.13749551027948104,0.2140698784008578,0.12350227281728172,0.22700627342866203,0.16975707500294815,0.2120519143979937,0.23475688958935173,0.23501563892694757,0.17666620461996135,0.21807215867442373,0.1441630065370808,0.20891526964432147,0.12512906593569906,0.2156424272714685,0.1651213927660806,0.21158545504560036,0.2333902090532497,0.23611407437948756,0.2299956704686821,0.15071777391685662,0.22159621565697185,0.1583984003283108,0.21097891319000972,0.16124198557183894,0.19821015134191655,0.16850598618264467,0.23606302387879918,0.23683141543809944,0.23682134643063552,0.23673306212666057,0.23705926420232198,0.23666585554821967,0.23685990870451634,0.2366925525437581,0.23697311047281694,0.23689904570267203,0.23707519842978997
0.17019420162563503,0.16996671003165714,0.16927795745007468,0.1702815950925712,0.17006893369102455,0.17010417460342844,0.16964561809686005,0.17015545297037082,0.169555999422713,0.17028727875263935,0.16864495505754917,0.1574348931041189,0.2500000000000001,0.14613576505872425,0.09499683803516765,0.14891032801792856,0.11975396481286242,0.1421373618334445,0.1230559635677446,0.17009296098686938,0.1692258555603848,0.12119932248515085,0.1572096015394222,0.09590697438832188,0.15183638787537834,0.08900823427645072,0.16165301711292182,0.12387264105568102,0.15237791677488305,0.16859822040975123,0.16885002919322345,0.127467128176513,0.15657952817616083,0.10440608271803371,0.14970526438153672,0.0914173145126562,0.15474825363863906,0.11965761588689512,0.1514454058904562,0.16770990896667196,0.16960055887603825,0.16520097146957016,0.10844904335904157,0.15918076175317156,0.1130041846517967,0.15193452769212715,0.11603152397075309,0.1426694775310413,0.12168453461245655,0.16957875728234928,0.17011622100647927,0.17010515684608224,0.17002780936127496,0.17027605221217856,0.1699774984351118,0.17013286279905457,0.17001863866720218,0.17021416948079976,0.17015804498747342,0.17028749734900414
0.22567082281755946,0.2253693004362773,0.2249686932317136,0.22579303889263372,0.2255605248490262,0.22554969171169617,0.2249881996448171,0.22561845277847087,0.22458065049247847,0.22580026690155525,0.22358960579913845,0.2165903602798854,0.14613576505872425,0.24999999999999986,0.12763070893267972,0.20613033821925467,0.15953322509621806,0.18847122062861474,0.1624031173903046,0.22553485412548674,0.22426948049238235,0.15825721843730114,0.21321273964908294,0.12351878016576685,0.2041892769710491,0.11315558188806675,0.21606378590781783,0.1595103432506277,0.2018753993888753,0.2235015982677891,0.22376682782783655,0.166910806789071,0.20899574872478233,0.1337919384726674,0.20193177217473965,0.11559108675473373,0.20720262705696826,0.1582121575343924,0.20195731500072722,0.2224471816514558,0.22495060905270978,0.21941968042928808,0.14382991685581628,0.21105096743570384,0.15270469260689296,0.2018121315563487,0.1570859796386027,0.18954350064865447,0.16106925520527232,0.22488039232230894,0.22557217047564043,0.22555880853268,0.2254862965198804,0.22578541335203647,0.22544973275492944,0.22559553673926577,0.22544281968024127,0.22570335508154923,0.22563243517190726,0.2258005893276249
0.15165242440029844,0.15144791367507562,0.1511943543443396,0.15173655650661627,0.15148149439062236,0.15156283402869275,0.15114412855395143,0.15161429525849862,0.15103611055584643,0.15174148868402795,0.1501043778837921,0.1439882443953567,0.09499683803516765,0.12763070893267972,0.2499999999999999,0.12562092557033633,0.10614051542567922,0.12564975603167822,0.10696244847522561,0.15157737286966344,0.15084403235444752,0.10693721557702997,0.14138516401890092,0.08957498663915518,0.1364769293228109,0.08292112939088578,0.14443518272074451,0.11432098758210171,0.13481319097251696,0.15049594298459504,0.15049715900394234,0.11408808540264556,0.139019154738024,0.09583815462304182,0.13137396050405506,0.08310377463100393,0.13656383963911348,0.10301481310526878,0.13558182603644706,0.14912356604079055,0.15104195352663446,0.14673627026172326,0.09568238795231923,0.14233028988959148,0.09959409793983334,0.1339806625408806,0.09801766036083642,0.1252483706161907,0.10622117401897681,0.15104343572745563,0.15157656165889286,0.1515792831852561,0.15154195405043847,0.15173155760294937,0.1514637788917912,0.1516039545201926,0.15149775047494748,0.1516764167203697,0.15164344909321117,0.15174175740489892
0.2236719011596854,0.22337362897582735,0.22290759476960142,0.22379299507305384,0.22355908649427192,0.22355146138636467,0.22299135818384708,0.2236201234403693,0.22259654075029903,0.22380011265128547,0.2216325420071642,0.21483910582776689,0.14891032801792856,0.20613033821925467,0.12562092557033633,0.2499999999999999,0.14939362615657112,0.18650448851926998,0.16172361256084483,0.22353386241477036,0.2222770291056206,0.15660293904265596,0.21116169629443296,0.12480973240044085,0.20276252169428582,0.10685911755633969,0.215008233679474,0.158644032220021,0.20021340165096915,0.22148742950859504,0.22179523814958155,0.16605480626367633,0.20634322685229828,0.13396954992133733,0.19862966781359667,0.11643702006267262,0.20410104025631548,0.15709473152739728,0.19966097500588165,0.22044445432993257,0.22293769444354183,0.21734408394357657,0.14270753857058108,0.20884604265651,0.1507362898969873,0.19955725636269891,0.15505764243005005,0.18788228977839663,0.15989687378147677,0.2228691463179065,0.22357456684741822,0.22356077492574042,0.2234687039500119,0.22378537375397495,0.22342440698905594,0.22359718247952887,0.22343739217150105,0.22370404278772,0.22362690167591398,0.22380041525966168
0.17533302519832866,0.17509820443795035,0.174676181227321,0.17542683714849996,0.17525121421862436,0.17523506722139207,0.1746715219111653,0.1752890348742529,0.17469640301518685,0.17543237054353283,0.1737463166168066,0.16695657862112734,0.11975396481286242,0.15953322509621806,0.10614051542567922,0.14939362615657112,0.25000000000000006,0.13587822383003542,0.11950482984053583,0.17523260864297738,0.17428817868004537,0.1229170206240378,0.16388562579095242,0.09810265349923575,0.1586232787688849,0.08587516875172119,0.16751357132651593,0.12640611101092994,0.156819687879436,0.17411736153097426,0.17406972514593538,0.13122468684257252,0.16406677572816772,0.1079994779776899,0.15656560965618127,0.09495358916664944,0.1603163720085287,0.12065914204190205,0.15608223996808404,0.17270983638122928,0.174696004964297,0.16998843304494704,0.11040404699592121,0.16637541007018117,0.11440483065763511,0.1578159539821737,0.1152968380899661,0.14435388855208206,0.12396594751248764,0.174763530462491,0.17525129965165112,0.1752447732992358,0.17524944163766398,0.17542082380069773,0.175164345437782,0.17527330153048162,0.17520865939074715,0.17535707383117832,0.17534087320109507,0.17543261583161496
0.2101015991004711,0.20983141338652006,0.2092525150595963,0.21021895922648817,0.20997098256949823,0.21000051355930413,0.20953201075982675,0.21006318118838457,0.20919464706938887,0.21022557410291673,0.2081715103520196,0.1995744193183523,0.1421373618334445,0.18847122062861474,0.12564975603167822,0.18650448851926998,0.13587822383003542,0.24999999999999967,0.14002248726792593,0.2099989409760284,0.20882283156803969,0.1489034670492122,0.19646651934537365,0.12425101954619479,0.1886222310208341,0.10715232182680387,0.20229995959772945,0.14019507895797625,0.18949639218754716,0.20818931055785286,0.20841960550718666,0.1572963258556138,0.19206421285636363,0.1293318668987737,0.18342673467298087,0.11293799922617025,0.19011389869054468,0.14597311673819607,0.18723531712238872,0.20687416147827803,0.20933512476702168,0.20375327145075842,0.13364646134998287,0.19645753522435122,0.13941845797533542,0.1864728648504629,0.14091843073499052,0.17520637752344173,0.14912957398335372,0.20930113029379763,0.21000805709758488,0.21000073065130365,0.20991093643853095,0.21021170280881346,0.2098359997127261,0.2100349268263613,0.2098805638240249,0.21013530721326004,0.21006761497346335,0.21022583263963807
0.1794720434280922,0.17924202371552214,0.1787390009927776,0.17956540028720958,0.17935243235349677,0.17938819430279906,0.17901249206950817,0.17943583042703662,0.17842339696281379,0.1795710690533287,0.17797646879359558,0.17039117891610225,0.1230559635677446,0.1624031173903046,0.10696244847522561,0.16172361256084483,0.11950482984053583,0.14002248726792593,0.2500000000000002,0.1793699289231619,0.17836949616077913,0.12854637666355853,0.16687191120456732,0.10105550360951145,0.16117902320966507,0.08795690336441014,0.17084568696530153,0.12418060222748384,0.1612630327243092,0.17780385158062528,0.1780590097827393,0.13404625602078352,0.16589402798126546,0.10904510223127456,0.15907645228526443,0.09595997175117796,0.16381146454778536,0.1265572418857663,0.15952701335450825,0.17694097453400445,0.1788713484419723,0.17432454579072654,0.11426430156189003,0.16827007187971188,0.11915607927463488,0.16097077526462297,0.12310213654750339,0.15035377388470103,0.12861063524362915,0.178861246792372,0.17939324176460858,0.1793789662801563,0.17930948695536453,0.1795591790794827,0.1792609914354268,0.17940818363887087,0.17930210027543148,0.1794939223921571,0.17943998123311197,0.1795712480798614
0.24956945425828073,0.24925059098415223,0.24857673633188687,0.2497101315831909,0.24943118945328385,0.24945567613520933,0.24887080578178156,0.24952691877068697,0.2484516597943477,0.24971797843967278,0.24729644426368363,0.23681111979021907,0.17009296098686938,0.22553485412548674,0.15157737286966344,0.22353386241477036,0.17523260864297738,0.2099989409760284,0.1793699289231619,0.2499999999999998,0.24814844068896436,0.17914098865259764,0.23277890922751837,0.14704898299565797,0.22445874146732706,0.132482941035422,0.2382012491450054,0.17894078349110565,0.22324191137161986,0.24723472569294508,0.2475377952232348,0.18629303297961408,0.22924589291374262,0.15241375965254322,0.2192124139243041,0.13200922106877863,0.2268012317448915,0.1739135621254668,0.22290788497399605,0.24580237306525998,0.24869652349418372,0.242213523086271,0.15890673414885362,0.2330392188951691,0.16695351152039398,0.2217620999197266,0.16975027260675052,0.20899357691783646,0.17744882876669954,0.24863109978258863,0.24946074177265115,0.24945090069662448,0.2493451818393233,0.24970150681628228,0.24927516152182622,0.24949152017060974,0.2493049595296384,0.24961075848994563,0.2495273461485196,0.2497182907708702
0.2482793792145239,0.2479622866795996,0.24728982136844807,0.24841945672547294,0.2481413723680212,0.24816627801364627,0.24758300943504327,0.24823720390604379,0.24716583543652748,0.24842726307151475,0.24601561810692912,0.23555966522653435,0.1692258555603848,0.22426948049238235,0.15084403235444752,0.2222770291056206,0.17428817868004537,0.20882283156803969,0.17836949616077913,0.24814844068896436,0.24999999999999986,0.17782475392060107,0.2316472653822656,0.1460768727062321,0.22334543932275655,0.13146956703229998,0.23695778377359838,0.17784871169772815,0.22209384943887903,0.24594681244194952,0.24625371228208365,0.1852664840860223,0.22811767690253795,0.1514477749118788,0.2182082917325716,0.13115235318228718,0.2257013485735081,0.17309899814735116,0.22176556283123255,0.24454161322302603,0.2474148882043073,0.24098276346662129,0.15811235333351192,0.23180869753359903,0.1661952566647215,0.22065164135966778,0.16910124654323758,0.20798366607373914,0.17658365981495058,0.24734779056177272,0.24817165203325445,0.24816156583941706,0.24805580897522453,0.24841087686903593,0.24798794683257416,0.24820197560928076,0.24801616131365717,0.24832059747298849,0.24823706574341955,0.2484275740331594
0.17925116895039103,0.1790277017088477,0.1784052976755591,0.17935553795079062,0.17913067846618627,0.179174718880544,0.17874854474666,0.17922574080638656,0.1784843377713639,0.1793610879313619,0.17754073253131158,0.16673194141622025,0.12119932248515085,0.15825721843730114,0.10693721557702997,0.15660293904265596,0.1229170206240378,0.1489034670492122,0.12854637666355853,0.17914098865259764,0.17782475392060107,0.24999999999999994,0.1626118045930235,0.1020685741451588,0.1606626073958351,0.0920319069550892,0.17000771750859223,0.12654542223434603,0.16059254244449556,0.17746676774754616,0.17778228296397408,0.1337505381188979,0.16490759352603238,0.1090296166177575,0.1576489968704096,0.09459502402599038,0.16315864283396597,0.12625335397278142,0.15982448982303438,0.1766579662762291,0.17865515009029145,0.1741414518429857,0.1145424970597777,0.1670870537020718,0.12023891305840229,0.15966995309353083,0.12375280161946456,0.150933953076007,0.12827008648215785,0.17859672917920802,0.17918099097740622,0.1791692512796951,0.17907369050171718,0.1793492539052014,0.17903440761550699,0.17919843373700514,0.1790622131087859,0.17928407268023108,0.17921522456180763,0.17936130860591568
0.23288795868289577,0.23258419079919238,0.23205289013389088,0.23301901322402283,0.2327909030438889,0.2327749783387761,0.2322152459817636,0.23284406218963644,0.2318999945298431,0.23302638845629298,0.23073388965876823,0.22272331965866585,0.1572096015394222,0.21321273964908294,0.14138516401890092,0.21116169629443296,0.16388562579095242,0.19646651934537365,0.16687191120456732,0.23277890922751837,0.2316472653822656,0.1626118045930235,0.25,0.13037510570369068,0.2119653674076961,0.12145416069770094,0.2239048543368377,0.16571831975895882,0.2082575133312948,0.23074026738061545,0.23094926130253732,0.17332278477479965,0.21281383464229078,0.14106094797180344,0.2064348541101919,0.12166510691346846,0.21230719766814962,0.1617354492039154,0.20841921996939144,0.22938361277612007,0.23208588135578861,0.22603556210141154,0.1481912242902718,0.21778895717113583,0.15629763603701188,0.2073308349685243,0.15864435561175574,0.1947942988319896,0.16530252787599928,0.2320320634970481,0.2327853426106958,0.23277718790772664,0.23270330952793045,0.23301104108856965,0.23264492304713938,0.23281508688695196,0.23265033941713542,0.23292635834416636,0.23285681673503944,0.23302670327706676
0.1471640656532673,0.1469831863234689,0.14643335396918997,0.14725977114740293,0.14703867708123672,0.14709827762602515,0.14671484024722414,0.1471488988185913,0.14646703199451466,0.14726431332129072,0.14551917748405815,0.13749551027948104,0.09590697438832188,0.12351878016576685,0.08957498663915518,0.12480973240044085,0.09810265349923575,0.12425101954619479,0.10105550360951145,0.14704898299565797,0.1460768727062321,0.1020685741451588,0.13037510570369068,0.24999999999999994,0.1221112897833773,0.07418472672807178,0.13851286838883212,0.09918510249303653,0.1322957010109353,0.1454786258599063,0.14588938386683115,0.11025196621294793,0.1321554200010605,0.09031438344018979,0.12713859881903297,0.0776322800669839,0.13272575722096497,0.10420285497958887,0.1316313936718362,0.1449335976527982,0.14666532685164585,0.14289514620211946,0.09467821271739985,0.13549107908710917,0.10013044394316155,0.12908696647660522,0.10253612812058438,0.12500607959792462,0.10531120376684078,0.14655190826652545,0.1471138729814086,0.14710685148921582,0.14697877116554686,0.14725464498752458,0.14696007157450375,0.14713081498132788,0.14697162526894678,0.14720112700088428,0.14711858862195387,0.14726454218672694
0.22456105468032617,0.22426907205264776,0.2237294417082258,0.22468722112783998,0.2244562370189081,0.2244524116985822,0.22391757471419552,0.2245188694574176,0.22358488323515507,0.22469432215519713,0.22248673602471591,0.2140698784008578,0.15183638787537834,0.2041892769710491,0.1364769293228109,0.20276252169428582,0.1586232787688849,0.1886222310208341,0.16117902320966507,0.22445874146732706,0.22334543932275655,0.1606626073958351,0.2119653674076961,0.1221112897833773,0.24999999999999986,0.10758344898422526,0.2155068897072049,0.1624206647706541,0.20006393773624573,0.22259058846421645,0.22265805836404942,0.16612045084999338,0.2089688713652476,0.13432091353216896,0.19462977257199968,0.11590490181617992,0.20605921425447218,0.15472170823520134,0.20143265472870067,0.22112325383928574,0.2237849720120751,0.21799995522769733,0.1425384999715955,0.21003429757947167,0.15134806372014362,0.19943578329325873,0.15277550468408552,0.1874467880033302,0.1586348583136877,0.22373497562352473,0.22445834976074838,0.22445403005662073,0.22439427570209652,0.22467951780856193,0.22434438472294616,0.22449056493615457,0.22433401384796536,0.22459786299596718,0.22453975719161734,0.2246946202101864
0.1325828223260234,0.13242013103036368,0.1319156137624735,0.1326695584561644,0.13247867463149057,0.13252506864409458,0.13205067633174494,0.13257079674266609,0.13195402437119688,0.13267367791193993,0.1311189228314822,0.12350227281728172,0.08900823427645072,0.11315558188806675,0.08292112939088578,0.10685911755633969,0.08587516875172119,0.10715232182680387,0.08795690336441014,0.132482941035422,0.13146956703229998,0.0920319069550892,0.12145416069770094,0.07418472672807178,0.10758344898422526,0.2500000000000001,0.1213191825343023,0.08557659269449347,0.12009133737279105,0.1311126084390713,0.131502123746746,0.10011860655591638,0.11897866402654078,0.08362479279029118,0.11296794447144806,0.07288434140288297,0.11870920192901704,0.09401714365479344,0.11784817792080444,0.13054207073844734,0.13210740027433684,0.12847120962235603,0.0847783225548839,0.12199326892003634,0.08881185757623399,0.11583968763435412,0.09049879768092052,0.11114835345228745,0.09490317020389683,0.1320395429893752,0.13253843169012422,0.13253182409469852,0.13241442511274093,0.1326649745486925,0.13238074516285314,0.13255341648614127,0.1324203429821329,0.13261676040723006,0.13254837133459227,0.13267389145802086
0.23831641320115873,0.23800892971624668,0.2374072335540777,0.23845072644781676,0.2381948170987515,0.23820405666901998,0.2376505165575314,0.23827388170426422,0.23726910093447945,0.23845824119140813,0.23612689826917346,0.22700627342866203,0.16165301711292182,0.21606378590781783,0.14443518272074451,0.215008233679474,0.16751357132651593,0.20229995959772945,0.17084568696530153,0.2382012491450054,0.23695778377359838,0.17000771750859223,0.2239048543368377,0.13851286838883212,0.2155068897072049,0.1213191825343023,0.25000000000000017,0.16766392756266366,0.21346957806457728,0.2361106822154059,0.2363605608671921,0.17759709645193938,0.21926602739159323,0.14473926052381897,0.2102544437912869,0.12497037810781662,0.2157304763139334,0.16496344472095173,0.2131058038287221,0.2347097703992135,0.23748457651207783,0.23126759729575516,0.15136220825318067,0.2228582773016646,0.1588838823430315,0.21247917479508519,0.16132040076571363,0.19953800796511886,0.16892212757113137,0.23743403231984375,0.23821134741687194,0.23820321869577082,0.2381133259934816,0.23844252277009867,0.23804674625932187,0.23824200138445567,0.2380721878759034,0.2383558663568145,0.2382846334592573,0.23845855008729308
0.17900768489785496,0.17876906477466828,0.17832783508962113,0.17910573298758153,0.17891210269069432,0.17890989912401867,0.17838981905209947,0.17896537673744806,0.17807162394215345,0.17911143480370342,0.17731350531031373,0.16975707500294815,0.12387264105568102,0.1595103432506277,0.11432098758210171,0.158644032220021,0.12640611101092994,0.14019507895797625,0.12418060222748384,0.17894078349110565,0.17784871169772815,0.12654542223434603,0.16571831975895882,0.09918510249303653,0.1624206647706541,0.08557659269449347,0.16766392756266366,0.25000000000000017,0.15275105656982593,0.1775343725758434,0.17766303951636095,0.13380950186346147,0.16627054942401534,0.10903181628663924,0.15969443466725983,0.09740751432472515,0.16352963632337977,0.12621198791848118,0.1589714675515294,0.17648869839506753,0.1784034127065501,0.1736848600765182,0.11359506400261633,0.1682390272006284,0.117971323316143,0.160827048832723,0.1218255699925865,0.14870117794423696,0.12839848821610772,0.17844232979425992,0.17893445243244704,0.17891990242425207,0.17887414822846964,0.17909965237107087,0.17881426304895415,0.17894904391752364,0.17886926431197253,0.17903456397405554,0.1789972595248355,0.17911169087332413
0.2233660549182659,0.2230809033318331,0.22246925729033767,0.22349139029356155,0.22323323598541275,0.22326378975190292,0.22271612150558143,0.22332733517705175,0.22236305203445614,0.22349840962740405,0.22134086840854958,0.2120519143979937,0.15237791677488305,0.2018753993888753,0.13481319097251696,0.20021340165096915,0.156819687879436,0.18949639218754716,0.1612630327243092,0.22324191137161986,0.22209384943887903,0.16059254244449556,0.2082575133312948,0.1322957010109353,0.20006393773624573,0.12009133737279105,0.21346957806457728,0.15275105656982593,0.25000000000000044,0.2210285249356224,0.22146640288964858,0.16648247946573116,0.2039451436338431,0.1353676855699215,0.19484527746417699,0.11611374329287245,0.2017258186728834,0.15460092533604936,0.19698769668483612,0.21984184483679137,0.2225391181121901,0.2164193964956156,0.14194370267715598,0.2077015494969744,0.1491674495568681,0.1967859991836475,0.14986969821062993,0.18480104906214107,0.15816351981094223,0.2224773001707139,0.2232633275321162,0.22325937383724906,0.22314956108129863,0.22348366421132704,0.22307815516089932,0.2232957242989291,0.22311322876107792,0.22340244513154908,0.22332676602351365,0.2234986862506771
0.24736217154640436,0.24704554161679868,0.24638212744112678,0.24750156542814522,0.24722619647515962,0.2472485719346293,0.24666851012684815,0.24731952879612334,0.24625114915251473,0.24750934570863029,0.24510424239825987,0.23475688958935173,0.16859822040975123,0.2235015982677891,0.15049594298459504,0.22148742950859504,0.17411736153097426,0.20818931055785286,0.17780385158062528,0.24723472569294508,0.24594681244194952,0.17746676774754616,0.23074026738061545,0.1454786258599063,0.22259058846421645,0.1311126084390713,0.2361106822154059,0.1775343725758434,0.2210285249356224,0.2500000000000004,0.24535410336077007,0.18467464692115357,0.2272981275523413,0.15114685829099958,0.2173005625527483,0.13098143054685568,0.22476876844184024,0.17228630649897944,0.22091519504334656,0.24362471450753986,0.24649466990496116,0.24005601302796273,0.15746041216833487,0.23105882474831382,0.1653503585159119,0.21983995290101419,0.1680382975064302,0.20704694814169577,0.1758418742621248,0.24643379479002803,0.24725425311283797,0.24724463262285065,0.24714202718901032,0.24749302199271242,0.2470708802262781,0.24728489252655714,0.24710185407478388,0.24740307641762027,0.24732175977940707,0.24750965754243617
0.2476677091926569,0.24735106281560748,0.24668253180285407,0.24780722741732966,0.24752966399675153,0.24755438931701604,0.2469701859375897,0.24762519545029668,0.24655564890226406,0.24781501516052679,0.2454106271415843,0.23501563892694757,0.16885002919322345,0.22376682782783655,0.15049715900394234,0.22179523814958155,0.17406972514593538,0.20841960550718666,0.1780590097827393,0.2475377952232348,0.24625371228208365,0.17778228296397408,0.23094926130253732,0.14588938386683115,0.22265805836404942,0.131502123746746,0.2363605608671921,0.17766303951636095,0.22146640288964858,0.24535410336077007,0.25000000000000033,0.18437695282208838,0.2274042758418154,0.15135275337303125,0.2173710611995131,0.13099551290854497,0.22494650878658717,0.17237804757571926,0.22125639677334127,0.24390641193150048,0.24679628059442194,0.24034228613056152,0.15768613357550895,0.2312005165115944,0.16572245342807143,0.21989673940335835,0.1682234598411984,0.20732937974748925,0.1759620525967991,0.2467287183193473,0.24755887479876032,0.24754997374944648,0.24744452736818068,0.2477986696804786,0.24737417912880438,0.2475902826811396,0.24740262790659973,0.24770861295738075,0.24762564162831763,0.24781532578019502
0.18640021673724316,0.1861621939789206,0.18562846882230613,0.18650670779569195,0.1862803548828504,0.18631318522422943,0.1858170743598176,0.1863683032290871,0.18554358846686844,0.1865125581515517,0.18464888572982524,0.17666620461996135,0.127467128176513,0.166910806789071,0.11408808540264556,0.16605480626367633,0.13122468684257252,0.1572963258556138,0.13404625602078352,0.18629303297961408,0.1852664840860223,0.1337505381188979,0.17332278477479965,0.11025196621294793,0.16612045084999338,0.10011860655591638,0.17759709645193938,0.13380950186346147,0.16648247946573116,0.18467464692115357,0.18437695282208838,0.25000000000000044,0.16611745337987527,0.11295446395130865,0.15929878992582186,0.09865263505402319,0.16660667673240237,0.12895150806000188,0.16672670230361705,0.18335500407374383,0.18570405982306415,0.17949892165828854,0.11956882823633527,0.17139221196505966,0.1256152831492845,0.16225487776171318,0.12591271988020208,0.15513872868361975,0.13218660342128555,0.1856154095368161,0.1863148247593906,0.1863130902139638,0.18618778613873616,0.18650026574413092,0.18614048650168363,0.18634342860226272,0.1861615681394882,0.18643248690658015,0.18635398503456538,0.18651280171205478
0.22934247729824847,0.22904440905112772,0.228487852010062,0.22946644437726083,0.22922967482146547,0.229232547405339,0.22873606062872662,0.22929648829378846,0.2282853927153748,0.2294736962560642,0.22734047317497527,0.21807215867442373,0.15657952817616083,0.20899574872478233,0.139019154738024,0.20634322685229828,0.16406677572816772,0.19206421285636363,0.16589402798126546,0.22924589291374262,0.22811767690253795,0.16490759352603238,0.21281383464229078,0.1321554200010605,0.2089688713652476,0.11897866402654078,0.21926602739159323,0.16627054942401534,0.2039451436338431,0.2272981275523413,0.2274042758418154,0.16611745337987527,0.25000000000000067,0.13227219741469737,0.20859703761993895,0.11432619587939477,0.2112817961917178,0.15750374528859765,0.20546841192714857,0.22586935709595732,0.2285903665776932,0.2232503046535194,0.14517189440883072,0.21494927080062104,0.15601657821940296,0.20421032053281,0.15774511298272947,0.1910074382771354,0.16212431258826943,0.22846206568253055,0.22923228275442523,0.22922826481461783,0.22916424030454643,0.22945855063286275,0.229104049600151,0.22926557660934152,0.22908782584263523,0.2293751574503086,0.2293035647164596,0.2294739739237282
