x1,x2,x3,x4,x5,x6,x7,x8,x9,x10,x11,x12,x13,x14,x15,x16,x17,x18,x19,x20,x21,x22,x23,x24,x25,x26,x27,x28,x29,x30,x31,x32,x33,x34,x35,x36,x37,x38,x39,x40,x41,x42,x43,x44,x45,x46,x47,x48,x49,x50,x51,x52,x53,x54,x55,x56,x57,x58,x59,x60
0.25,0.24976806071482432,0.24996236363762322,0.2499335308406548,0.24992042276742674,0.24997225128960998,0.24984515050106834,0.24992279591375505,0.24987408052881122,0.2499833653050744,0.2499415565545067,0.24498765968850453,0.24837243903382955,0.2414544575657672,0.24605988897009562,0.23320774203879943,0.24342994788202954,0.24000930880501706,0.24868595131351434,0.24994844625056417,0.2498763591223096,0.24761023681806366,0.24691426617587647,0.24629260659367294,0.24752057854221857,0.2431458354155282,0.24745706904053175,0.2460641396613303,0.24873667763642682,0.24977622196977836,0.24991651897792297,0.2475277033221498,0.24622975952505388,0.24655826846913476,0.247396560168509,0.24344957820927546,0.2485867261037146,0.24647169635818383,0.24921003546885534,0.2497608966964173,0.2499487652841605,0.24494029835745704,0.24856056529489612,0.24120734515261755,0.2465717424775559,0.23400964017739023,0.24267848681078005,0.24039953384972443,0.24843502836829864,0.24995587517647622,0.24997221364820424,0.24980689444788626,0.24995033552134704,0.24993287356681904,0.2498632293681392,0.2499764871572126,0.24961753878494614,0.2499531381847527,0.24964622030376138,0.2499826830719344
0.24976806071482432,0.25000000000000006,0.24976091839012987,0.24973210882957927,0.24971901132017776,0.24977079807363495,0.24964379971591308,0.2497213825539819,0.2496727064288796,0.24978190313228865,0.2497401280754897,0.24479022356643967,0.2481722751102548,0.2412598688594721,0.24586158873597083,0.23301979937963782,0.2432337671235156,0.239815884747454,0.24848553472966803,0.24974701221912515,0.24967498318605408,0.2474106871550191,0.2467152773971834,0.2460941188118765,0.2473211011349862,0.2429498836239083,0.24725764281575346,0.2458658360015633,0.24853622017211896,0.249574926734286,0.24971511067674668,0.24732822017304054,0.24603132239185516,0.24635956658981759,0.24719718270797086,0.24325338163063515,0.24838638948569414,0.24627306424753115,0.24900919652437434,0.24955961381159802,0.2497473309956115,0.24474290040399832,0.24836024975993204,0.2410129555947881,0.24637302973950453,0.23382105126666236,0.24248291165648267,0.24020579530889413,0.24823481400383426,0.24975443515804857,0.24977076046256436,0.2496055744933727,0.24974889996734026,0.2497314520854418,0.24966186401318302,0.249775030527542,0.24941637143259962,0.24975170037207298,0.2494450298369125,0.2497812214489618
0.24996236363762322,0.24976091839012987,0.2500000000000001,0.24992688433786367,0.2499137766132197,0.2499656037571228,0.24983850634858282,0.24991614969643863,0.24986743560698702,0.24997671747703126,0.24993490983828712,0.24498114471166887,0.2483658340452801,0.24144803654766378,0.246053345479379,0.2332015403262755,0.24342347432955108,0.24000292621787292,0.2486793379877077,0.2499417993511261,0.24986971413989054,0.24760365209882013,0.24690769996463688,0.24628605691427727,0.24751399620726475,0.24313936941847522,0.2474504883944911,0.24605759605757418,0.24873006296165062,0.24976957965031468,0.24990987292752925,0.24752112079772604,0.246223211516955,0.2465517117249713,0.247389981131586,0.2434431041347654,0.24858011541661135,0.24646514191623922,0.24920340820603515,0.2497542547844997,0.24994211837623823,0.24493378464010476,0.24855395530348934,0.24120093070599466,0.2465651853750768,0.23400341713992337,0.24267203324196673,0.2403931408852934,0.24842842171530588,0.24994922807948003,0.24996556611671775,0.24980025131274664,0.2499436885716672,0.24992622708150647,0.24985658473488057,0.24996983951208038,0.24961090068535718,0.2499464911605416,0.2496395814414425,0.24997603526203369
0.2499335308406548,0.24973210882957927,0.24992688433786367,0.2500000000000002,0.24988494942069414,0.24993677058641117,0.24980968783837335,0.2498873222301814,0.24983861375982944,0.2499478830243681,0.24990608020807442,0.2449528864910959,0.24833718540569005,0.24142018586600553,0.24602496358199902,0.23317464086602427,0.24339539578400296,0.23997524222760017,0.24865065318589136,0.24991296892621828,0.2498408920299072,0.24757509137581452,0.24687921951870348,0.24625764817397006,0.247485445825937,0.24311132364401764,0.2474219453386973,0.24602921366989627,0.24870137230878192,0.24974076909069992,0.24988104618528814,0.24749256959458651,0.24619481002577337,0.2465232723417658,0.24736144505521768,0.243415023324948,0.24855144205997526,0.24643671251873628,0.2491746629534775,0.24972544599258642,0.24991328791453132,0.24490553188244774,0.24852528496438453,0.24117310852763757,0.2465367444377057,0.23397642518434195,0.24264404137406093,0.24036541188432345,0.24839976585631848,0.24992039679767913,0.24993673295034793,0.24977143721520034,0.24991485792884063,0.24989739845283762,0.2498277641393556,0.24994100585278056,0.24958210842913178,0.24991766019444045,0.24961078587693342,0.24994720088806316
0.24992042276742674,0.24971901132017776,0.2499137766132197,0.24988494942069414,0.25000000000000017,0.24992366234327065,0.2497965858779766,0.2498742203477791,0.24982551241827305,0.2499347741992684,0.2498929728412667,0.24494008850645266,0.24832390786630368,0.24140786067282385,0.246011106133617,0.23316305977208854,0.2433827939805759,0.23996280582307736,0.24863760382249978,0.2498998616603371,0.2498277890433182,0.24756218829894835,0.24686628146303702,0.24624460463115208,0.24747263135004305,0.2430989105650793,0.2474091078582181,0.24601627574494409,0.24868833626228853,0.2497276718446658,0.2498679395170421,0.24747966320594175,0.24618205072021854,0.24651052728122017,0.2473485784108551,0.2434023844780473,0.24853843489518768,0.24642378147372043,0.24916162112897355,0.24971234860837693,0.24990018055312774,0.24489270630879656,0.24851227910711038,0.2411605085767307,0.24652382540368487,0.23396415816045726,0.24263129929397498,0.24035278449528666,0.24838672220254696,0.24990728941327098,0.24992362470906657,0.24975833764339817,0.24990175103808215,0.24988429227446146,0.24981466041185874,0.24992789738751015,0.24956901973548182,0.24990455295354383,0.2495976950971089,0.24993409209789258
0.24997225128960998,0.24977079807363495,0.2499656037571228,0.24993677058641117,0.24992366234327065,0.2500000000000001,0.24984838910120083,0.24992603552036066,0.2498773195039471,0.24998660569680645,0.24994479640429568,0.24499083532375512,0.24837565854404337,0.24145758740213438,0.24606307850404263,0.23321076497769888,0.2434331033255506,0.2400124199087457,0.24868917488760925,0.2499516861896602,0.2498795981269812,0.24761344644828495,0.2469174667846275,0.24629579914420532,0.24752378701025077,0.24314898717626116,0.24746027668532644,0.2460673292503762,0.24873990186805792,0.2497794596764294,0.24991975850316386,0.24753091188253643,0.24623295126093556,0.24656146446329083,0.24739976702896188,0.24345273390725317,0.24858994839160947,0.24647489123015484,0.24921326583635361,0.24976413420441557,0.24995200522739205,0.24494347337878936,0.2485637872436833,0.2412104717858075,0.24657493864636768,0.23401267351083732,0.24268163251353989,0.24040265001171704,0.24843824868982198,0.249959115211869,0.24997545389538336,0.2498101325521269,0.24995357548493233,0.24993611330405513,0.24986646820261743,0.24997972745978672,0.2496207744346773,0.24995637818466748,0.24964945632527488,0.24998592345482273
0.24984515050106834,0.24964379971591308,0.24983850634858282,0.24980968783837335,0.2497965858779766,0.24984838910120083,0.25000000000000006,0.249798957427201,0.24975026700156863,0.2498594976110285,0.24981771227712504,0.24486614171467574,0.24824924514662994,0.2413346604956679,0.24593830619746446,0.23309224229687306,0.2433093731133325,0.23989065457944586,0.24856275372641168,0.24982459609712598,0.24975254529518734,0.24748767774969052,0.2467921126365946,0.24617090725613044,0.24739803010625566,0.24302568726972187,0.24733455361293258,0.24594241059255123,0.24861347417352017,0.24965245795298258,0.2497926844383513,0.24740512827941666,0.2461077833458363,0.2464362109360884,0.24727399096458555,0.24332907810044882,0.24846356815162335,0.2463496519472467,0.24908655902922466,0.24963713961423709,0.2498249147870776,0.244818969775282,0.24843741321577187,0.24108791926776518,0.24644961028487572,0.23389382143939544,0.24255830565030834,0.24028046557484392,0.2483119500148865,0.2498320211045028,0.24984835147844842,0.24968311419462486,0.24982648478353775,0.24980903089017364,0.24973942245343647,0.24985262286990143,0.24949385187443407,0.24982928546695546,0.24952251953371213,0.2498588157145383
0.24992279591375505,0.2497213825539819,0.24991614969643863,0.2498873222301814,0.2498742203477791,0.24992603552036066,0.249798957427201,0.24999999999999994,0.24982788298316425,0.2499371474810878,0.24989534646356462,0.24494236520110294,0.24832649462126719,0.24140982808336348,0.24601433098900732,0.23316465392221755,0.24338494943581715,0.23996494563401374,0.24863997343046834,0.24990223487500826,0.24983016110788506,0.24756446273089994,0.24686861868103133,0.24624706923415143,0.24747482384982156,0.24310089967642604,0.24741132516104272,0.24601864779144436,0.2486906912883135,0.24973004249363004,0.24987031345169192,0.2474819436715715,0.24618424214949813,0.24651269283241856,0.24735082487422555,0.24340457579273284,0.24854076792711238,0.24642612894025737,0.24916396175567407,0.24971472000153355,0.24990255384312685,0.2448950144711489,0.24851461188362725,0.24116275364379536,0.24652615668277855,0.23396637835797762,0.24263362010806835,0.24035508802671454,0.2483890965331382,0.24990966243494261,0.24992599788590983,0.24976070925041902,0.24990412382287766,0.24988666507785762,0.2498170337277888,0.24993027060482065,0.24957138862599823,0.2499069259492022,0.24960006482512917,0.24993646537402
0.24987408052881122,0.2496727064288796,0.24986743560698702,0.24983861375982944,0.24982551241827305,0.2498773195039471,0.24975026700156863,0.24982788298316425,0.24999999999999992,0.24988842930018496,0.24984663142513713,0.24489444391364906,0.24827839162091572,0.24136255499438308,0.24596641253603166,0.23311899034342612,0.24333738801894397,0.23991774938983124,0.24859146730726656,0.24985352314724754,0.24978146240717294,0.24751593676792777,0.24682021589404876,0.24619858910815248,0.24742644139523723,0.24305301051268446,0.2473629538500566,0.24597040242858892,0.24864214780900995,0.24968136300132202,0.2498216084218329,0.2474335898019894,0.2461362120295954,0.246464477311475,0.24730259337913954,0.24335692924100596,0.2484922953193972,0.24637796675816884,0.2491153835245757,0.2496660445650768,0.24985384233529534,0.24484721454638406,0.2484661539240329,0.24111559754836565,0.24647803243877914,0.23392056168297062,0.24258622015710898,0.24030815735956845,0.2483406461576133,0.24986094960676647,0.2498772818768334,0.24971202545933802,0.24985541115927878,0.24983795673567846,0.24976833704004442,0.2498815537629193,0.2495227424873886,0.249858213657666,0.24955141254435612,0.2498877473246009
0.2499833653050744,0.24978190313228865,0.24997671747703126,0.2499478830243681,0.2499347741992684,0.24998660569680645,0.2498594976110285,0.2499371474810878,0.24988842930018496,0.24999999999999994,0.24995590919423263,0.2450017275662739,0.24838670197019133,0.2414683226399532,0.24607401805035398,0.23322113370972172,0.2434439265354882,0.24002309082693246,0.24870023182235604,0.2499627992904837,0.24989070802208502,0.24762445533268568,0.24692844476967155,0.24630674928706017,0.24753479208425966,0.2431597974989319,0.24747127893502593,0.2460782694281362,0.24875096104517594,0.24979056511925687,0.24993087018443588,0.24754191729024042,0.2462438990252127,0.24657242675364552,0.24741076667891132,0.24346355795103863,0.24860100093714815,0.2464858496597432,0.24922434610434974,0.2497752389663312,0.24996311834255694,0.2449543637716141,0.24857483863270588,0.241221196157224,0.2465859015688057,0.23402307780869286,0.24269242230594004,0.24041333849490074,0.2484492944750623,0.24997022864328877,0.24998656805323932,0.24982123935963108,0.2499646886694824,0.24994722571278918,0.24987757751327005,0.2499908418076497,0.2496318728238533,0.24996749149439823,0.24966055598917697,0.24999703807816567
0.2499415565545067,0.2497401280754897,0.24993490983828712,0.24990608020807442,0.2498929728412667,0.24994479640429568,0.24981771227712504,0.24989534646356462,0.24984663142513713,0.24995590919423263,0.2500000000000001,0.24496170438066117,0.24834506393788802,0.24142792801556168,0.24603277880014876,0.2331820308625198,0.24340317356672297,0.23998292352942363,0.24865863885906217,0.24992099396946202,0.2498489146760647,0.24758307547028746,0.24688713912842986,0.24626554557651084,0.24749338585268144,0.24311910210141807,0.2474298824709427,0.24603710165277304,0.2487093555559637,0.24974878846468582,0.24988907032120491,0.24750050777936275,0.24620270863120153,0.2465311738669062,0.2473693856774109,0.243422821040579,0.24855942071090079,0.24644461772940365,0.24918266309714865,0.24973346498409038,0.24992131298934897,0.24491339053037614,0.24853326318050042,0.2411808402728624,0.24654465567696027,0.2339839234725734,0.24265182610275135,0.24037312526593255,0.2484077407911982,0.24992842208954574,0.2499447587670295,0.2497794577239651,0.2499228829774442,0.24990542300644106,0.2498357863824289,0.2499490318066677,0.24959012287262733,0.24992568539866572,0.24961880122507468,0.2499552270408796
0.24498765968850453,0.24479022356643967,0.24498114471166887,0.2449528864910959,0.24494008850645266,0.24499083532375512,0.24486614171467574,0.24494236520110294,0.24489444391364906,0.2450017275662739,0.24496170438066117,0.25000000000000017,0.2433931245467414,0.23659328644726974,0.24116818958691266,0.22851277059676348,0.2385548731303574,0.23518706381001378,0.24372520183280014,0.2449674989962032,0.244896731072634,0.24263229984607665,0.2419734541162956,0.2413525863055487,0.24257073113259742,0.23824624890916568,0.2425116219775211,0.24114170279299688,0.2437759479655662,0.24479861185617302,0.24493624596908378,0.24258798067149415,0.24132006251950758,0.24163408522649987,0.2424667738638146,0.2385868209444582,0.24363178124439067,0.24155285016059957,0.24424320862337132,0.24478365907647037,0.2449678153150207,0.24005547736728458,0.243606097342827,0.23639237554297254,0.24165403958305331,0.22933516206708154,0.23783649527208117,0.23560459016785928,0.24348249731226324,0.24497478537568,0.2449907984334005,0.24482877367179026,0.24496930567390898,0.2449522423208327,0.2448838899574577,0.2449949867808105,0.2446432240087313,0.24497210310304005,0.2446713100202394,0.2450010592228173
0.24837243903382955,0.2481722751102548,0.2483658340452801,0.24833718540569005,0.24832390786630368,0.24837565854404337,0.24824924514662994,0.24832649462126719,0.24827839162091572,0.24838670197019133,0.24834506393788802,0.2433931245467414,0.2500000000000001,0.23985974354545322,0.24448176927150433,0.2316887448118259,0.24186493889515173,0.23846759544600782,0.247097697129071,0.2483520006229635,0.24828035147937194,0.24602339850225283,0.24533239788888225,0.2447117865876641,0.245935814692537,0.2415794576301731,0.24587277950546416,0.24448757521410647,0.24714672044191707,0.2481808329022354,0.2483203107910489,0.2459432072741761,0.2446537130552741,0.24497725666691325,0.24581443228791539,0.2418879375661089,0.24699789096629066,0.24489469959335258,0.2476176777220559,0.2481656425838299,0.2483523265743305,0.24337403563658522,0.24697216826553214,0.23966255068909523,0.24499509546425094,0.23251017957405964,0.24112633238000575,0.23886256447345372,0.2468477755770372,0.24835938695501736,0.24837562114490858,0.24821135783832787,0.24835386018449782,0.2483365323341283,0.2482673106564314,0.24837986735740186,0.24802321335341632,0.2483566675166746,0.24805170843164942,0.24838602369774007
0.2414544575657672,0.2412598688594721,0.24144803654766378,0.24142018586600553,0.24140786067282385,0.24145758740213438,0.2413346604956679,0.24140982808336348,0.24136255499438308,0.2414683226399532,0.24142792801556168,0.23659328644726974,0.23985974354545322,0.25000000000000006,0.23754613465273075,0.22494880893483757,0.2350558913366831,0.23176773407760742,0.24021288361449775,0.2414345787929309,0.24136456448965046,0.23913540343349357,0.23842665042785635,0.23778035187703936,0.23904193316533567,0.23471060558897872,0.23899447646466124,0.23765381128406873,0.2402553203885691,0.2412679522228921,0.24140402571695088,0.2390751989929817,0.23782661090977278,0.23812470163190372,0.2389815620353158,0.23512492550613062,0.2401170351410742,0.23805591941346776,0.2407196181812139,0.2412533500684108,0.24143490826478142,0.2365870939791975,0.2400893658317373,0.2329703436161737,0.2381617162886655,0.22601450977130297,0.23439656458412506,0.23220103402989317,0.2399694243589362,0.241441768697583,0.24145755105118055,0.24129786295673156,0.24143629743592626,0.24141955100133325,0.24135212132288958,0.24146167898905327,0.24111496991931197,0.24143912533893777,0.24114266483346983,0.241467663852538
0.24605988897009562,0.24586158873597083,0.246053345479379,0.24602496358199902,0.246011106133617,0.24606307850404263,0.24593830619746446,0.24601433098900732,0.24596641253603166,0.24607401805035398,0.24603277880014876,0.24116818958691266,0.24448176927150433,0.23754613465273075,0.2500000000000003,0.22929853432168135,0.2395621391935059,0.2362134843633209,0.2448043058282142,0.2460396489713969,0.24596842891989132,0.24372731123980299,0.24304749247152677,0.24244735493680705,0.24365134442836858,0.23932244066718822,0.24358031813778716,0.24219852390611712,0.24484489310770982,0.24586986394347393,0.24600843030924863,0.2436389252303294,0.24236498404975249,0.2426703925439131,0.2435242786390761,0.23960698779300332,0.2446949547111805,0.24260319560047117,0.24531021275437812,0.24585495367045965,0.2460399775649491,0.24109970190634744,0.24466921327439783,0.2374130283415471,0.24270640358104587,0.2303265151233236,0.2388714535356488,0.23663177464416457,0.24454770119498692,0.24604695815192335,0.2460630414603058,0.2459003075286264,0.2460414045630061,0.24602431660689725,0.24595566456703372,0.24606724813191103,0.24571391524949146,0.246044264301043,0.24574213802967518,0.24607334714970164
0.23320774203879943,0.23301979937963782,0.2332015403262755,0.23317464086602427,0.23316305977208854,0.23321076497769888,0.23309224229687306,0.23316465392221755,0.23311899034342612,0.23322113370972172,0.2331820308625198,0.22851277059676348,0.2316887448118259,0.22494880893483757,0.22929853432168135,0.2500000000000003,0.2266691939174819,0.22346912367040866,0.23198028765856887,0.23318882528604024,0.23312020435076458,0.23093719962802678,0.23025287177607598,0.2296572329192235,0.23078385249893532,0.22639075738196673,0.2307391083300928,0.22945923476524085,0.23203861698484377,0.2330271729054116,0.23315944510467593,0.23087836411088417,0.22969485554870325,0.2299332154933865,0.23081772332211192,0.22705568553971933,0.23191488756210044,0.22991074391736663,0.23249460633933156,0.2330134414564923,0.233188910989375,0.22849379119417185,0.23188147103260182,0.22498550463843436,0.2300153023668937,0.21826738564626375,0.22637775698762574,0.2242627335351874,0.23177136344802646,0.23319548605219426,0.23321072988966232,0.23305649571795106,0.2331900397508628,0.23317402772613574,0.23310883688821799,0.23321471682413544,0.23287978612914978,0.23319293347933256,0.2329065662338864,0.23322049727367694
0.24342994788202954,0.2432337671235156,0.24342347432955108,0.24339539578400296,0.2433827939805759,0.2434331033255506,0.2433093731133325,0.24338494943581715,0.24333738801894397,0.2434439265354882,0.24340317356672297,0.2385548731303574,0.24186493889515173,0.2350558913366831,0.2395621391935059,0.2266691939174819,0.2500000000000004,0.23347752399799646,0.2421562717252604,0.24341008803765646,0.24333933926450863,0.24113059539588788,0.2404542295267297,0.23991099222518192,0.2410706592990353,0.23675840580629015,0.240984995240336,0.23960036613034827,0.24222736048571852,0.24324191427686218,0.24337902775214018,0.24103082196543255,0.23977070703657707,0.24006841190471684,0.24091218656820412,0.23703748100433775,0.24207982439675146,0.24000706850252135,0.24268820920131057,0.2432271805181071,0.24341024841491707,0.23852045209922135,0.24205368084244278,0.23487044493082423,0.24011066349209484,0.22786007000631842,0.23631584786275514,0.2341004384046935,0.24193338151684296,0.24341715522667912,0.24343306667761178,0.24327207207665838,0.24341164757719527,0.24339475572455782,0.24332680935268827,0.24343722838765808,0.2430876833474781,0.24341449021304865,0.2431155949514455,0.24344326221771295
0.24000930880501706,0.239815884747454,0.24000292621787292,0.23997524222760017,0.23996280582307736,0.2400124199087457,0.23989065457944586,0.23996494563401374,0.23991774938983124,0.24002309082693246,0.23998292352942363,0.23518706381001378,0.23846759544600782,0.23176773407760742,0.2362134843633209,0.22346912367040866,0.23347752399799646,0.2500000000000004,0.2387277894635167,0.23998960076320355,0.2399201543788668,0.23773544172156763,0.23706636268373912,0.23643713319384263,0.237616323125767,0.2333613034723355,0.23752372570959535,0.23611615994738183,0.23880562221593768,0.23982361346450673,0.2399593633328372,0.23762591725730695,0.23637652067771667,0.23666449648953972,0.23751211126327124,0.23367706722524798,0.23867518380479574,0.23662229050961278,0.23927774681430017,0.23980938283467612,0.23998993715318248,0.23516154305625456,0.23864682180193617,0.2315516859653216,0.23672831473599928,0.22463662095736822,0.2329868787700216,0.23080575289173472,0.2385323598898043,0.23999669548349872,0.2400123837947421,0.23985365136269385,0.23999112803653036,0.23997461119869695,0.23990757990858438,0.24001648701053088,0.23967180091191437,0.2399940683493205,0.23969934307379617,0.24002243604976412
0.24868595131351434,0.24848553472966803,0.2486793379877077,0.24865065318589136,0.24863760382249978,0.24868917488760925,0.24856275372641168,0.24863997343046834,0.24859146730726656,0.24870023182235604,0.24865863885906217,0.24372520183280014,0.247097697129071,0.24021288361449775,0.2448043058282142,0.23198028765856887,0.2421562717252604,0.2387277894635167,0.25000000000000033,0.24866658877415676,0.2485937838557929,0.24634075754607807,0.24565467516199793,0.24503215110214976,0.24626027844328388,0.2419124647096497,0.24618988629461075,0.24480261425598754,0.24745985751263244,0.24849412815517033,0.24863376132624243,0.24625537852773105,0.244962033901839,0.24528900410325385,0.24612352002764495,0.24219533761175102,0.247309906835106,0.24520561230129106,0.2479303664731027,0.24847890315131974,0.24866581648762853,0.24368204339628866,0.24728406856766405,0.23996688668214447,0.2453053970344374,0.23280679807417404,0.24143239314309828,0.23916528952060148,0.2471600092936378,0.24867288281164615,0.2486891374417808,0.2485246667951214,0.24866736361247477,0.2486499992893811,0.2485807282636345,0.24869338901323781,0.24833626867966305,0.24867015988853997,0.24836481062751173,0.24869955312489556
0.24994844625056417,0.24974701221912515,0.2499417993511261,0.24991296892621828,0.2498998616603371,0.2499516861896602,0.24982459609712598,0.24990223487500826,0.24985352314724754,0.2499627992904837,0.24992099396946202,0.2449674989962032,0.2483520006229635,0.2414345787929309,0.2460396489713969,0.23318882528604024,0.24341008803765646,0.23998960076320355,0.24866658877415676,0.2500000000000003,0.2498558013914399,0.24758983577733656,0.2468944290186129,0.246272198270308,0.24750019919938862,0.2431261660283225,0.2474367581135798,0.24604411591320463,0.24871617394158557,0.24975567208333496,0.24989595856581326,0.2475072860296976,0.24620945634361802,0.24653791907173708,0.24737619893280982,0.2434294536145059,0.24856626062381237,0.24645136617211463,0.24918953008877612,0.24974034877573292,0.24992820214763425,0.24492011880003092,0.2485401069362602,0.24118743055077113,0.24655142611395428,0.23399028750461429,0.2426584794295027,0.24037972274890967,0.24841457534723363,0.2499353114221159,0.24995164855136662,0.24978634295155835,0.24992977174179296,0.24991231170651793,0.2498426724364533,0.24995592170879272,0.24959700315455952,0.24993257465723484,0.24962568208071226,0.24996211711376648
0.2498763591223096,0.24967498318605408,0.24986971413989054,0.2498408920299072,0.2498277890433182,0.2498795981269812,0.24975254529518734,0.24983016110788506,0.24978146240717294,0.24989070802208502,0.2498489146760647,0.244896731072634,0.24828035147937194,0.24136456448965046,0.24596842891989132,0.23312020435076458,0.24333933926450863,0.2399201543788668,0.2485937838557929,0.2498558013914399,0.25000000000000033,0.24751817667197457,0.24682266419788934,0.2462011840306255,0.24742872836759872,0.2430553528524982,0.24736524820687908,0.24597284977679748,0.24864445929124834,0.24968364029966614,0.24982388750413662,0.24743586383873395,0.2461383755251486,0.24646669778409294,0.24730478532482736,0.24335916540178942,0.24849455518294183,0.2463802877370637,0.24911764375814519,0.24966832171272324,0.24985612101605184,0.24484946816035433,0.24846841016535096,0.24111784206130193,0.24648031117944294,0.23392280847963118,0.24258849958894232,0.24031040554214111,0.24834294103647478,0.24986322808235617,0.2498795604996002,0.24971430257510724,0.2498576899877746,0.24984023499982366,0.2497706165833183,0.24988383242455647,0.2495250168189573,0.24986049210648759,0.24955368783665147,0.24989002604272612
0.24761023681806366,0.2474106871550191,0.24760365209882013,0.24757509137581452,0.24756218829894835,0.24761344644828495,0.24748767774969052,0.24756446273089994,0.24751593676792777,0.24762445533268568,0.24758307547028746,0.24263229984607665,0.24602339850225283,0.23913540343349357,0.24372731123980299,0.23093719962802678,0.24113059539588788,0.23773544172156763,0.24634075754607807,0.24758983577733656,0.24751817667197457,0.2500000000000006,0.24455708268695137,0.24394585623492077,0.2451812486946353,0.24083332284618605,0.24511932175231269,0.24374221128657722,0.2463890852933958,0.24741917513730793,0.24755834817566558,0.24518523475299095,0.24389860483701697,0.2442178742337163,0.24505710580115464,0.24113704739019867,0.24623808188673424,0.2441408892138488,0.246856564574938,0.24740406750527438,0.24759019685231815,0.24262509094052695,0.24621291057816388,0.2389226163148154,0.24424153002620963,0.23179321709214626,0.24038489774956212,0.23812876995841,0.2460904596575447,0.24759722475337986,0.24761340916817057,0.2474496499335901,0.24759169956135352,0.24757444031500442,0.2475054549994824,0.24761764234610067,0.247262056599171,0.24759451370145164,0.24729047914613744,0.24762377979352904
0.24691426617587647,0.2467152773971834,0.24690769996463688,0.24687921951870348,0.24686628146303702,0.2469174667846275,0.2467921126365946,0.24686861868103133,0.24682021589404876,0.24692844476967155,0.24688713912842986,0.2419734541162956,0.24533239788888225,0.23842665042785635,0.24304749247152677,0.23025287177607598,0.2404542295267297,0.23706636268373912,0.24565467516199793,0.2468944290186129,0.24682266419788934,0.24455708268695137,0.2500000000000002,0.24323894545765096,0.24454443208612633,0.24010370544064313,0.24445262229370557,0.24304392373595796,0.2457002814729214,0.24672358075811013,0.24686279490135385,0.2444877995064652,0.24317705565472514,0.24353960059179205,0.24455900874672978,0.24047773608637693,0.24557478322986248,0.24343698304499412,0.24619057940273445,0.2467086107893891,0.24689423195727594,0.2419437984647231,0.2455216569545001,0.23825866683403352,0.2435493493941137,0.23114240504231537,0.23969221303127816,0.23744965466935636,0.2453944496655838,0.246901290426988,0.24691742960244475,0.24675413064409107,0.2468957386043613,0.24687857028495785,0.2468095342311736,0.24692165089086804,0.24656713486175358,0.24689858725215982,0.2465954629641678,0.24692777108541428
0.24629260659367294,0.2460941188118765,0.24628605691427727,0.24625764817397006,0.24624460463115208,0.24629579914420532,0.24617090725613044,0.24624706923415143,0.24619858910815248,0.24630674928706017,0.24626554557651084,0.2413525863055487,0.2447117865876641,0.23778035187703936,0.24244735493680705,0.2296572329192235,0.23991099222518192,0.23643713319384263,0.24503215110214976,0.246272198270308,0.2462011840306255,0.24394585623492077,0.24323894545765096,0.2500000000000004,0.24384442907786943,0.23949202254848548,0.24386736360820407,0.24244334951537,0.245081544912881,0.24610248090018877,0.24624129075933696,0.24387575092140495,0.24263848648275838,0.24292665884973985,0.24379676830752042,0.23986833872540525,0.24493532615673522,0.2428234178627451,0.24554797010472312,0.24608746520172967,0.24627263722151255,0.2413314221818672,0.24490170337561754,0.23764812861889262,0.24293538687505103,0.2305500385102154,0.23909319197319556,0.23685342632233844,0.2447776905045342,0.24627966355026096,0.24629576205852713,0.24613287423705027,0.24627412010120797,0.24625700057739144,0.24618819872768216,0.2462999727154465,0.24594634414383726,0.2462769671456517,0.2459745834311247,0.2463060775017069
0.24752057854221857,0.2473211011349862,0.24751399620726475,0.247485445825937,0.24747263135004305,0.24752378701025077,0.24739803010625566,0.24747482384982156,0.24742644139523723,0.24753479208425966,0.24749338585268144,0.24257073113259742,0.245935814692537,0.23904193316533567,0.24365134442836858,0.23078385249893532,0.2410706592990353,0.237616323125767,0.24626027844328388,0.24750019919938862,0.24742872836759872,0.2451812486946353,0.24454443208612633,0.24384442907786943,0.2500000000000004,0.24069841661903432,0.24507100243702323,0.2436607392424806,0.24632720384418347,0.24732946102958142,0.24746963854550852,0.24513969321434934,0.2441782282000609,0.24416370360759956,0.24495373671068643,0.2410779680652402,0.24621332393119735,0.24405690240633757,0.24683145352123959,0.24731446678437885,0.24750052788490354,0.24254409842034952,0.24612456707606917,0.23884565216956732,0.24415044203555925,0.23171262123833508,0.2402866274935333,0.238036525389798,0.2459980360237682,0.24750757092433728,0.24752374974165123,0.24736004977920717,0.24750199935021527,0.24748479500552972,0.24741565330629406,0.24752798139146026,0.2471725651314553,0.2475048611186501,0.24720097755651788,0.2475341166138481
0.2431458354155282,0.2429498836239083,0.24313936941847522,0.24311132364401764,0.2430989105650793,0.24314898717626116,0.24302568726972187,0.24310089967642604,0.24305301051268446,0.2431597974989319,0.24311910210141807,0.23824624890916568,0.2415794576301731,0.23471060558897872,0.23932244066718822,0.22639075738196673,0.23675840580629015,0.2333613034723355,0.2419124647096497,0.2431261660283225,0.2430553528524982,0.24083332284618605,0.24010370544064313,0.23949202254848548,0.24069841661903432,0.25000000000000017,0.24063534756519447,0.23931568100905787,0.24192434625566675,0.24295759182268145,0.2430960617649926,0.2407413687921122,0.23966228341750348,0.23980864047606498,0.24069904067277798,0.23679691002318762,0.24182244268615824,0.23970027125681506,0.24243935252319043,0.24294315520481616,0.24312610351261754,0.23823909661445625,0.24176781969812747,0.23458748832948192,0.23981630083821606,0.22757103103544898,0.23601219685730326,0.23381011236117838,0.2416434973919185,0.24313305702991495,0.24314895056891714,0.24298814380110526,0.2431274102478791,0.2431106843453453,0.24304240139959205,0.24315310742937848,0.24280409671641806,0.24313039578829587,0.24283191959390707,0.24315913421175644
0.24745706904053175,0.24725764281575346,0.2474504883944911,0.2474219453386973,0.2474091078582181,0.24746027668532644,0.24733455361293258,0.24741132516104272,0.2473629538500566,0.24747127893502593,0.2474298824709427,0.2425116219775211,0.24587277950546416,0.23899447646466124,0.24358031813778716,0.2307391083300928,0.240984995240336,0.23752372570959535,0.24618988629461075,0.2474367581135798,0.24736524820687908,0.24511932175231269,0.24445262229370557,0.24386736360820407,0.24507100243702323,0.24063534756519447,0.2500000000000005,0.2435534322199697,0.2462785225483863,0.24726609139055106,0.24740674078113925,0.24510590536476384,0.2440881150166131,0.24427697061468426,0.2454083829304704,0.24105107800220812,0.24608627003288652,0.24401974807047994,0.24679499557026546,0.24725105849783738,0.24743703595694458,0.24249480653001623,0.2460623409715788,0.2388008326845243,0.2440924815818769,0.23165957398548945,0.24023563201207807,0.23798737619139296,0.24593540529429594,0.24744406471757918,0.24746023942707637,0.24729658146184105,0.24743849484507532,0.24742129469002044,0.2473521652666347,0.24746446999204436,0.2471091645203828,0.24744135564865918,0.24713755736010506,0.24747060363852574
0.2460641396613303,0.2458658360015633,0.24605759605757418,0.24602921366989627,0.24601627574494409,0.2460673292503762,0.24594241059255123,0.24601864779144436,0.24597040242858892,0.2460782694281362,0.24603710165277304,0.24114170279299688,0.24448757521410647,0.23765381128406873,0.24219852390611712,0.22945923476524085,0.23960036613034827,0.23611615994738183,0.24480261425598754,0.24604411591320463,0.24597284977679748,0.24374221128657722,0.24304392373595796,0.24244334951537,0.2436607392424806,0.23931568100905787,0.2435534322199697,0.2500000000000002,0.24484032255309246,0.24587376195755667,0.24601331954833003,0.24363463257318768,0.24240398341557046,0.24274253818418304,0.24366231098705585,0.23960254354858773,0.2446987937761601,0.24258337224410179,0.24532530621962587,0.24585894402790764,0.246044186451614,0.24108833621682096,0.24466747692420718,0.23738502320908555,0.2426931340922231,0.23028831511971667,0.23884748142486065,0.23661525954141094,0.2445461388456667,0.24605120804064773,0.24606729220646612,0.24590455539632702,0.2460455289092826,0.24602856669685735,0.2459596076559199,0.24607149895327549,0.2457182732090314,0.24604851472530181,0.2457464186566191,0.24607759807342575
0.24873667763642682,0.24853622017211896,0.24873006296165062,0.24870137230878192,0.24868833626228853,0.24873990186805792,0.24861347417352017,0.2486906912883135,0.24864214780900995,0.24875096104517594,0.2487093555559637,0.2437759479655662,0.24714672044191707,0.2402553203885691,0.24484489310770982,0.23203861698484377,0.24222736048571852,0.23880562221593768,0.24745985751263244,0.24871617394158557,0.24864445929124834,0.2463890852933958,0.2457002814729214,0.245081544912881,0.24632720384418347,0.24192434625566675,0.2462785225483863,0.24484032255309246,0.25000000000000017,0.24854485904781892,0.2486848071476555,0.24633820404743556,0.24518727076130464,0.24545496444891737,0.2464141328619074,0.2423701032647173,0.2474520069693657,0.24528362367637657,0.2479823655640712,0.24852961912375793,0.24871652511273706,0.24373740397612606,0.2473358320774675,0.24003867823955702,0.24536043682545028,0.23286460654458643,0.2414887592540625,0.2392185010912941,0.24721056671380828,0.2487236064398739,0.24873986441067197,0.24857536022528742,0.2487181105028406,0.2487007182750667,0.24863140275021112,0.24874411685390124,0.2483869764845559,0.2487208829890287,0.24841549058766846,0.24875028222227055
0.24977622196977836,0.249574926734286,0.24976957965031468,0.24974076909069992,0.2497276718446658,0.2497794596764294,0.24965245795298258,0.24973004249363004,0.24968136300132202,0.24979056511925687,0.24974878846468582,0.24479861185617302,0.2481808329022354,0.2412679522228921,0.24586986394347393,0.2330271729054116,0.24324191427686218,0.23982361346450673,0.24849412815517033,0.24975567208333496,0.24968364029966614,0.24741917513730793,0.24672358075811013,0.24610248090018877,0.24732946102958142,0.24295759182268145,0.24726609139055106,0.24587376195755667,0.24854485904781892,0.24999999999999997,0.24972377202052387,0.24733644317820644,0.24603999308078664,0.24636732680867382,0.24720499392059864,0.243260760053714,0.24839471824647594,0.24628126762870745,0.24901765312402785,0.24956826631084325,0.24975599237169585,0.24475108888177632,0.2483687450819325,0.24102061648195117,0.24638131535213637,0.23382831868256196,0.2424910453979584,0.24021389886485775,0.24824335741962347,0.249763096183301,0.24977942206429765,0.24961423036495167,0.24975755758282386,0.24974011232434884,0.24967051870434412,0.24978369227718147,0.24942502147086573,0.24976036131267462,0.2494536798348826,0.2497898834132201
0.24991651897792297,0.24971511067674668,0.24990987292752925,0.24988104618528814,0.2498679395170421,0.24991975850316386,0.2497926844383513,0.24987031345169192,0.2498216084218329,0.24993087018443588,0.24988907032120491,0.24493624596908378,0.2483203107910489,0.24140402571695088,0.24600843030924863,0.23315944510467593,0.24337902775214018,0.2399593633328372,0.24863376132624243,0.24989595856581326,0.24982388750413662,0.24755834817566558,0.24686279490135385,0.24624129075933696,0.24746963854550852,0.2430960617649926,0.24740674078113925,0.24601331954833003,0.2486848071476555,0.24972377202052387,0.25000000000000006,0.2474781014570185,0.2461777504391286,0.24650600778414472,0.24734427319154123,0.24339806992981675,0.24853435681606498,0.24641988743044507,0.24915760416474714,0.2497084502363952,0.24989627764659922,0.24488940173913626,0.24850832877082457,0.2411567896412294,0.2465198565595325,0.23396009204900478,0.24262747796336284,0.24034901996496452,0.24838289513915385,0.24990338582914223,0.24991972086986156,0.24975443638506864,0.24989784722736091,0.24988038904971083,0.2498107623167243,0.24992399348123895,0.24956511899031603,0.24990064941202078,0.24959379509172022,0.24993018809487189
0.2475277033221498,0.24732822017304054,0.24752112079772604,0.24749256959458651,0.24747966320594175,0.24753091188253643,0.24740512827941666,0.2474819436715715,0.2474335898019894,0.24754191729024042,0.24750050777936275,0.24258798067149415,0.2459432072741761,0.2390751989929817,0.2436389252303294,0.23087836411088417,0.24103082196543255,0.23762591725730695,0.24625537852773105,0.2475072860296976,0.24743586383873395,0.24518523475299095,0.2444877995064652,0.24387575092140495,0.24513969321434934,0.2407413687921122,0.24510590536476384,0.24363463257318768,0.24633820404743556,0.24733644317820644,0.2474781014570185,0.25000000000000006,0.24378987463601637,0.24412909776436065,0.24496846504545539,0.24103756663221051,0.24616858129357172,0.24408500456747906,0.24677838158482177,0.24732138340771243,0.24750770571852238,0.2425077409853677,0.246125046891997,0.23879652535613813,0.2441595022396245,0.2316818326496952,0.24031494356095395,0.238044084365284,0.24600909027803974,0.24751469532408096,0.24753087462368997,0.2473671699223327,0.2475090831308816,0.2474919187669468,0.2474229614133682,0.24753510638217321,0.24717972998583293,0.24751198544974068,0.2472080057458265,0.24754124178346765
0.24622975952505388,0.24603132239185516,0.246223211516955,0.24619481002577337,0.24618205072021854,0.24623295126093556,0.2461077833458363,0.24618424214949813,0.2461362120295954,0.2462438990252127,0.24620270863120153,0.24132006251950758,0.2446537130552741,0.23782661090977278,0.24236498404975249,0.22969485554870325,0.23977070703657707,0.23637652067771667,0.244962033901839,0.24620945634361802,0.2461383755251486,0.24389860483701697,0.24317705565472514,0.24263848648275838,0.2441782282000609,0.23966228341750348,0.2440881150166131,0.24240398341557046,0.24518727076130464,0.24603999308078664,0.2461777504391286,0.24378987463601637,0.25000000000000006,0.242821450601142,0.2437259331084751,0.23983005359307796,0.24487213388232704,0.24281721083421617,0.24550970081380133,0.24602457069557146,0.24620995467539597,0.2412160442917171,0.2448384503590897,0.23753784125712443,0.24288973682249662,0.2304767412605671,0.2390731699308373,0.2368016905580988,0.24472101591538736,0.24621681966616657,0.2462329142036968,0.24607006788768745,0.24621121111158406,0.2461941626213995,0.24612562451894873,0.24623712376745174,0.24588363710812203,0.24621412407174648,0.24591171322600047,0.24624322699568366
