x1,x2,x3,x4,x5,x6,x7,x8,x9,x10,x11,x12,x13,x14,x15,x16,x17,x18,x19,x20,x21,x22,x23,x24,x25,x26,x27,x28,x29,x30,x31,x32,x33,x34,x35,x36,x37,x38,x39,x40,x41,x42,x43,x44,x45,x46,x47,x48,x49,x50,x51,x52,x53,x54,x55,x56,x57,x58,x59,x60
0.25,0.2492483049593955,0.24940639558594593,0.24924249615918515,0.24632505902914878,0.24648594756918124,0.2436214222880197,0.24973608858425042,0.24759484753830724,0.2499431838922578,0.24621071120331275,0.24377919147040866,-0.24297218704688797,0.24906374594195532,-0.24186338199251878,0.24816670353525894,-0.2372492266454777,0.24733110790153975,-0.24393955459448577,0.24991439167465096,0.24975030936447776,-0.23569329662123328,0.2418869347431183,-0.2274797374688933,0.22894038864804683,-0.19930862007406497,0.2004614030716606,-0.1427464786049287,0.14252259185831892,0.24526015714581914,0.24908495574035985,-0.12280717807360053,0.12411939593218192,-0.05740640934461653,0.07413782943172557,-0.017660792926162374,0.02983443789440344,0.06439309777204381,-0.06337641390508866,0.24940833043613972,0.2457560168826514,0.19475705266835397,-0.19719215599889262,0.23237811368357575,-0.22306554905054568,0.23482276386719378,-0.2304630660884817,0.24362381083392545,-0.24280527274489194,0.2496360000660454,0.24998126293885217,0.24992897374120368,0.24989908070418632,0.24963405631497954,0.247664796836424,0.2474408442963618,0.2472631818141053,0.24983002824044473,0.24962612297787215,0.24995156150953077
0.2492483049593955,0.25000000000000006,0.24867854489205082,0.24878013307702748,0.2458734952202699,0.24578151578462615,0.24301607665199199,0.24903226118146385,0.24753241389444394,0.24921379818881376,0.24549605823096168,0.24306176974996918,-0.24226090078842075,0.2483405736265167,-0.24141104944686817,0.24746657533249888,-0.23667819621351632,0.2466305162603599,-0.2439285930456042,0.24919070914627475,0.2490217641687199,-0.23501955175372033,0.24120278817860724,-0.2268590265565707,0.22831695425632867,-0.19881066144735235,0.19995799379486556,-0.1424438090651263,0.14221340518494335,0.24454235196311483,0.24835800903620434,-0.12242643344641756,0.12373346496223203,-0.0571990613242271,0.07388005173637216,-0.017555555599488893,0.02968949411708223,0.06428393896175832,-0.06327478632759466,0.2486806682980889,0.24503894528304532,0.19417755874394757,-0.19660575021565505,0.23169514227608598,-0.22240729974217424,0.23413313305468167,-0.22978601404090318,0.2429111068531964,-0.24209520015192726,0.24890753988126088,0.24925185330251143,0.24919971678987873,0.24916988842139515,0.24890565991073169,0.24694148334364655,0.24671886208412336,0.2465412823850129,0.24910105938917915,0.24889766964190757,0.24922223848911837
0.24940639558594593,0.24867854489205082,0.25000000000000006,0.24867603391868975,0.2458199808105327,0.24599930639642534,0.2434782974810776,0.2491971494864902,0.24717456235303795,0.24937186353895424,0.2456415982685533,0.24410160767692474,-0.2434615669240232,0.24857316466783608,-0.24140730870952512,0.2476512375522856,-0.23701770529363067,0.2468062672230207,-0.24345322460528165,0.24934350295586213,0.24918486134012352,-0.23588988989561477,0.24144060502473055,-0.22706179705795293,0.22848441209715276,-0.19892936577140052,0.20007957480913685,-0.14248479535564232,0.14225888992536384,0.24469606046811943,0.24851538511342333,-0.12249213837636001,0.12380093377050866,-0.05721580900368657,0.07391333563617243,-0.01756373041351374,0.029713036402205278,0.0642974048763832,-0.06328186937287753,0.24883835793169556,0.24519436958803154,0.194296876990531,-0.19672709176352504,0.23184186100965815,-0.2225480731857162,0.23428146635275215,-0.2299316538885506,0.24306523434646904,-0.2422487846263935,0.2490653892977225,0.24940991484841352,0.24935774516284834,0.24932789740203762,0.24906350061179408,0.24709802427072527,0.2468753101464,0.24669758850300377,0.24925902530048089,0.24905550729323592,0.24938028125512043
0.24924249615918515,0.24878013307702748,0.24867603391868975,0.24999999999999997,0.24569900224777794,0.2458024901794714,0.2430773444397031,0.24901255501584316,0.2470594803146759,0.24920789120943995,0.2454883989792817,0.24306182152947817,-0.24225898952032016,0.24833231384154733,-0.24125226039581157,0.24745080892931745,-0.2367321392284906,0.24662686547835103,-0.2434450306562096,0.2491809725394663,0.24901576135032752,-0.23501180832510024,0.24118862080212605,-0.2268405210817594,0.22829765286921166,-0.1987809305525005,0.19992860469943532,-0.14239965518796713,0.14217257605941605,0.2445375242264634,0.24835211866390447,-0.12243105564697807,0.12373858404172905,-0.05721183643026487,0.07389295999859882,-0.017573614689159463,0.029708749903251577,0.0642558136591726,-0.0632445692389827,0.2486746923477928,0.2450330809778922,0.19417670644928234,-0.19660480189042018,0.23169129885021128,-0.22240460251972094,0.23412914031232734,-0.22978217999314302,0.24290596261885097,-0.24208998847671678,0.2489016062059369,0.24924589050701784,0.24919375520821424,0.2491639352359821,0.2488997053633945,0.24693582162342864,0.24671295488869113,0.2465355428048345,0.2490951003837599,0.2488917449101829,0.24921627642206395
0.24632505902914878,0.2458734952202699,0.2458199808105327,0.24569900224777794,0.25000000000000006,0.2428591225314626,0.24009208681161062,0.24620941151776474,0.24399667000644426,0.24629040657496268,0.24259448574159323,0.24032730811716935,-0.23956206483705736,0.24557788509316597,-0.24522870925836995,0.24517120546648186,-0.2343122155045655,0.24374976600576728,-0.24043035807426105,0.24626290901758124,0.2461068900054098,-0.23275804174661643,0.23884849678607326,-0.22487109776530367,0.22630014781379162,-0.19744324566453475,0.1984759476209175,-0.14148212127789914,0.14124911843155658,0.2416662734999464,0.24544353296968363,-0.12077691624743102,0.12206505327884976,-0.05619462033988037,0.07269723036850056,-0.01693560682614066,0.02893877637912466,0.06409061046583792,-0.06309400625743229,0.24576440671138872,0.24216519162216257,0.19180536360296235,-0.194210120549626,0.22894585454423663,-0.21975246636500553,0.23135954880496007,-0.22706270821030844,0.2400505588063751,-0.2392458048020412,0.24598780111419172,0.24632842856521853,0.24627690414614933,0.24624727927408485,0.24598629615676612,0.24404118414297873,0.24382525287192144,0.2436472990693371,0.24617940007322822,0.24597792084151962,0.2462991606083005
0.24648594756918124,0.24578151578462615,0.24599930639642534,0.2458024901794714,0.2428591225314626,0.2500000000000001,0.2402957415185217,0.246249100968317,0.24447030666315211,0.2464518059879798,0.24277394046786635,0.2404483495218249,-0.23965372906958013,0.24559410116999467,-0.23851531003992998,0.2447129083788605,-0.23400641597174124,0.2438864989786654,-0.24085229818620962,0.24642636426832917,0.24626221295179584,-0.23247368255977802,0.23852119289076165,-0.22432025361865612,0.22575856315073753,-0.1965542847881724,0.19769211132698344,-0.14080431544989558,0.14057936775578067,0.24183296450997416,0.24560553006582833,-0.12108141693555521,0.1223746354196263,-0.05658546595979176,0.07308230106860844,-0.017389613390444817,0.02939100131889067,0.06352811570119268,-0.0625281812199948,0.2459244955884063,0.24232316625208752,0.1920313275843077,-0.19443246889349228,0.22912973828422423,-0.21994604054567435,0.23154044624522263,-0.2272415782033736,0.24021984890334241,-0.23941285938096485,0.24614892057556811,0.24648938861632919,0.2464378298717744,0.24640834350188512,0.24614703193514334,0.24420494916083346,0.24398446226856477,0.24380906075413114,0.24634026620702829,0.2461391700757437,0.24646010205368138
0.2436214222880197,0.24301607665199199,0.2434782974810776,0.2430773444397031,0.24009208681161062,0.2402957415185217,0.24999999999999983,0.24338854717935343,0.24138564920287747,0.24358722314568568,0.24005502022457537,0.23772680830283105,-0.23714511570118868,0.24273295421583257,-0.2358839911003901,0.24222222618237604,-0.2431511340815304,0.24254990136337415,-0.23908879885497977,0.24356250624885206,0.24340469425298764,-0.23009476545777363,0.2361364205508573,-0.22291602602553579,0.22436798358452525,-0.19669393913085859,0.19778585491129477,-0.1419886754571151,0.14162215916352547,0.23898663741519452,0.24274715542019695,-0.11908042933993664,0.12032880171604196,-0.05493485817164702,0.07119903217482562,-0.01581100213942368,0.02757131519091266,0.0648398130936905,-0.06392941381340062,0.24306837835937264,0.2395073440791313,0.18950384704109385,-0.19188454218965806,0.22634035427928817,-0.21720679047406835,0.22874111528881796,-0.22448900844794356,0.23738328869822484,-0.236591647067913,0.24328689201300385,0.2436248200599603,0.2435738638298646,0.24354413259011448,0.24328644613834374,0.24135126635459384,0.2411493927295588,0.2409658720010863,0.24347741888630975,0.24327678076068018,0.24359587289136292
0.24973608858425042,0.24903226118146385,0.2491971494864902,0.24901255501584316,0.24620941151776474,0.246249100968317,0.24338854717935343,0.24999999999999992,0.2473549706246257,0.24970155961873045,0.24597237161091065,0.24357263256482975,-0.24276729949008238,0.24882844904717072,-0.2417526114646225,0.2479398227498511,-0.2370432376263543,0.24709533075178994,-0.2437064665616562,0.24967281635814087,0.24950918442460904,-0.23550080170513601,0.24166585170775615,-0.22727650364982366,0.22873441499164598,-0.19913844241911235,0.20028817807018529,-0.14262697128725088,0.14240290554318558,0.24502275390778977,0.2488441305753365,-0.12268287720780474,0.12399370010672989,-0.05734183782459565,0.07405743980219018,-0.017632763471118328,0.029794773867148093,0.06434515671571879,-0.06332956627731409,0.2491672462365096,0.24551845652080936,0.1945662611437477,-0.19699912591665547,0.232152583048069,-0.2228486033140587,0.23459498292578243,-0.23023947980857318,0.24338798373115503,-0.24257028007875459,0.249394673019931,0.24973961199158265,0.2496873733555354,0.24965750510652168,0.24939274098221725,0.2474252698380727,0.24720165175842718,0.24702408821241653,0.24958852339870707,0.24938480167349475,0.24970993926230053
0.24759484753830724,0.24753241389444394,0.24717456235303795,0.2470594803146759,0.24399667000644426,0.24447030666315211,0.24138564920287747,0.2473549706246257,0.24999999999999994,0.24755970673172245,0.24388341932883265,0.24150734881329936,-0.2407301966975646,0.24669338090742088,-0.23952914253937488,0.24579539989454008,-0.2350373121922927,0.24503141986149493,-0.24598441675640176,0.2475664335939028,0.24736954991451796,-0.23351418748239203,0.23960467516729114,-0.2253779490999325,0.22683007868659197,-0.19758907145181967,0.1987424962300258,-0.14178677745577828,0.14153070852057617,0.2429116408547054,0.24670966022433555,-0.1215726933474401,0.1228663822308887,-0.056732441117941824,0.07329334464705833,-0.017318753060125078,0.029353811747690663,0.06403825451611754,-0.06305460213303603,0.24703064038499106,0.24341286582208402,0.19286581144346587,-0.19527746274598934,0.230145297454105,-0.22091231840799314,0.2325677096439341,-0.22824902063633407,0.24129434057712879,-0.24048446450939404,0.24725565667818164,0.24759783805003915,0.24754604778263545,0.24751636153962192,0.2472539421647902,0.2453009942408168,0.2450816890912381,0.24490406266194883,0.2474480434996377,0.24724578789512364,0.24756841965807264
0.2499431838922578,0.24921379818881376,0.24937186353895424,0.24920789120943995,0.24629040657496268,0.2464518059879798,0.24358722314568568,0.24970155961873045,0.24755970673172245,0.24999999999999994,0.2461766668942558,0.24374541713585265,-0.24293850647547569,0.24902930849591773,-0.24182928472355084,0.24813235838720396,-0.2372159056893964,0.2472968453163792,-0.24390494377994384,0.24987984163073143,0.2497157877478505,-0.23566061098959462,0.24185345603360586,-0.2274482120038861,0.228908663165985,-0.19928092464456096,0.20043354756067477,-0.14272655608491305,0.1425027160097754,0.24522626056128868,0.24905052719577128,-0.12279024529033404,0.12410228378428037,-0.057398545596853846,0.07412765443879296,-0.017658443419339476,0.029830411169974425,0.06438406683735548,-0.06336751600568376,0.24937385677616872,0.2457220481512249,0.1947301535449006,-0.1971649197790052,0.23234600262335414,-0.22303472927666784,0.23479031393899433,-0.23043121899356708,0.24359013995554948,-0.24277171459804833,0.2496014951624831,0.24994671021496748,0.24989442824460542,0.24986453937862307,0.24959955158236652,0.2476305654197318,0.24740664268783796,0.24722900549915056,0.2497954964212409,0.24959161947618955,0.24991701289108736
0.24621071120331275,0.24549605823096168,0.2456415982685533,0.2454883989792817,0.24259448574159323,0.24277394046786635,0.24005502022457537,0.24597237161091065,0.24388341932883265,0.2461766668942558,0.24999999999999956,0.24001623843902198,-0.2392600874563651,0.2453007939634128,-0.2382005208247475,0.24442444713295614,-0.23377982188932944,0.2436216430504668,-0.24029082510647248,0.24614859043988468,0.24598561620295184,-0.23202273144829233,0.23820504988600963,-0.22402693414392583,0.2254694545588347,-0.19630273770463014,0.19743724166244003,-0.14060475879978157,0.14038196278564527,0.24156402071710503,0.24533140603647818,-0.12095969813314526,0.12225184899439234,-0.05654551462088032,0.07302291015639935,-0.017395438685749172,0.029383127010719046,0.06342662352182464,-0.06242652262105662,0.24564988619715672,0.24205259636127316,0.1918230258419725,-0.1942212587535202,0.228876136460214,-0.21970385572185872,0.23128399057280524,-0.22698997837134108,0.23995247486417925,-0.2391462785067263,0.24587411839484194,0.2462141809786981,0.24616267977722703,0.2461332363140764,0.2458722067260381,0.24393261093095173,0.24371204601273289,0.24353704824745648,0.24606522530154973,0.245864390563425,0.24618492714298024
0.24377919147040866,0.24306176974996918,0.24410160767692474,0.24306182152947817,0.24032730811716935,0.2404483495218249,0.23772680830283105,0.24357263256482975,0.24150734881329936,0.24374541713585265,0.24001623843902198,0.24999999999999986,-0.24800584801023987,0.2444634190761813,-0.23742121395298846,0.24325043714533365,-0.23258147588964487,0.24144592032993703,-0.2380520519809218,0.24371650065737735,0.243663479835053,-0.2414308593440657,0.23907171744999492,-0.2246637137844631,0.2256884731144715,-0.19645842672981928,0.1975945275239398,-0.14078771655624112,0.14057400518416918,0.2391262417104309,0.24290274229592387,-0.11900522914051662,0.1202810377951773,-0.054770304608536755,0.0712019962205807,-0.015981093347158814,0.027963762184901875,0.06410917279784858,-0.06308914512228993,0.243225232634781,0.23966326823080342,0.1896055350004628,-0.1919993778708362,0.22651804094404981,-0.21738932742217462,0.22891311434035438,-0.22465986508042984,0.23754824988814777,-0.2367545437901112,0.24344491011819852,0.24378263346421714,0.24373164122832217,0.24370204763882988,0.2434440223937942,0.24151038066260433,0.24130543467140053,0.24112389825328714,0.24363513875353965,0.24343479510607943,0.24375366703889276
-0.24297218704688797,-0.24226090078842075,-0.2434615669240232,-0.24225898952032016,-0.23956206483705736,-0.23965372906958013,-0.23714511570118868,-0.24276729949008238,-0.2407301966975646,-0.24293850647547569,-0.2392600874563651,-0.24800584801023987,0.24999999999999983,-0.24383457332372813,0.2367911541997764,-0.24245936272365887,0.23201699667442952,-0.2406750488736081,0.23730773250438653,-0.24290984914276237,-0.24284752340169613,0.23964845307815147,-0.23797581209995186,0.22372055709436184,-0.22480429190703877,0.1957493958168642,-0.19686769929677478,0.14029818813701456,-0.14007986090945868,-0.23833700527454416,-0.2420990189231965,0.11866156016264073,-0.11993155316501929,0.05466191529884573,-0.07102647618401464,0.01598252508576639,-0.02791187467063197,-0.06386564422626366,0.06285362448725132,-0.2424200099503873,-0.23886978854147442,-0.18899773909082793,0.19138204808746373,-0.22577287237627677,0.21667628730718147,-0.22815915665760683,0.22392000000895348,-0.23676325680642749,0.2359720090840653,-0.24263904746504997,-0.24297561452502817,-0.2429247911451807,-0.24289531655710486,-0.24263812616936364,-0.24071148307895285,-0.24050661279981156,-0.24032604951085093,-0.24282860849602925,-0.24262898911631364,-0.24294674403087982
0.24906374594195532,0.2483405736265167,0.24857316466783608,0.24833231384154733,0.24557788509316597,0.24559410116999467,0.24273295421583257,0.24882844904717072,0.24669338090742088,0.24902930849591773,0.2453007939634128,0.2444634190761813,-0.24383457332372813,0.24999999999999986,-0.2427517541017346,0.24850356382022418,-0.2375789892715751,0.2467032200314187,-0.24327320441658498,0.2490004894112784,0.24886212488132675,-0.23645534811209537,0.24263451226797417,-0.22833424611447564,0.22962517823492434,-0.20003845774720463,0.20117206261834594,-0.14347080712438445,0.1432377873205002,0.24434794139267332,0.24817109853607497,-0.12192070806700868,0.12322016253676243,-0.056539435812918724,0.07325175072307087,-0.01683358665188414,0.028995792315359436,0.06514663901582433,-0.06413921593067771,0.24849729192497508,0.24485805334062613,0.19385096444523653,-0.19628838196937448,0.23146556357968107,-0.22216018455545977,0.23391148237590997,-0.22956648716513475,0.24271146456099021,-0.24189883867457757,0.24872259928085896,0.24906726159440268,0.2490151647437738,0.2489850905624146,0.2487213227779839,0.24675165950882696,0.2465363165597346,0.24635455323687752,0.24891657394080302,0.24871252191807458,0.24903766805262242
-0.24186338199251878,-0.24141104944686817,-0.24140730870952512,-0.24125226039581157,-0.24522870925836995,-0.23851531003992998,-0.2358839911003901,-0.2417526114646225,-0.23952914253937488,-0.24182928472355084,-0.2382005208247475,-0.23742121395298846,0.2367911541997764,-0.2427517541017346,0.25000000000000006,-0.2433865457500588,0.23250209601345903,-0.2396725242013269,0.23628481884322206,-0.2418016600905903,-0.2416790426166872,0.2304324450055911,-0.23644157398800927,0.22286625900127718,-0.22413816343954718,0.1963424169004538,-0.19714288057087334,0.14088651144427358,-0.14062500096604866,-0.2372644767556506,-0.2409936793653708,0.11800983722780292,-0.11925582893486443,0.05426521803616273,-0.0704967809895824,0.015490360203920462,-0.02728572165788069,-0.064468622505333,0.06350000599060397,-0.24131423092201354,-0.23777952131683042,-0.1880663685607597,0.19044038497189347,-0.22470505842461264,0.2156371219280812,-0.22708933551711077,0.2228683273190568,-0.23566971419948204,0.23488397969919356,-0.24153122839782803,-0.2418666999437537,-0.24181611070495768,-0.24178658799649155,-0.24153076434762008,-0.2396094166041152,-0.2394091531794622,-0.2392272256300453,-0.24172036184856582,-0.24152117297607453,-0.24183796104777502
0.24816670353525894,0.24746657533249888,0.2476512375522856,0.24745080892931745,0.24517120546648186,0.2447129083788605,0.24222222618237604,0.2479398227498511,0.24579539989454008,0.24813235838720396,0.24442444713295614,0.24325043714533365,-0.24245936272365887,0.24850356382022418,-0.2433865457500588,0.2499999999999999,-0.2389874881633555,0.245966549348577,-0.24250640513788016,0.24810358781147432,0.24796914322089997,-0.23573773978080226,0.24192954766017552,-0.22796964451423024,0.22944816499542123,-0.2010854464343659,0.2018828721513611,-0.14420896450672355,0.143942344518046,0.24345343610281212,0.2472756475878264,-0.1212555667151501,0.12253791167546446,-0.055925140694657774,0.07256243392049137,-0.016144263315818724,0.028231874890656445,0.06586365009437967,-0.06486960413671358,0.2476030437868522,0.24397625752614926,0.19304376011649976,-0.19547507176443352,0.23058588065188954,-0.22129063776288674,0.23302692834783603,-0.2286962435982351,0.2418191639645689,-0.24101199716969607,0.24782621817406164,0.24817020477304763,0.2481182966451204,0.24808811880154308,0.24782551721374346,0.24585685656739936,0.24564856035461222,0.24546365821104615,0.24802005476362476,0.2478159831200224,0.2481407169350978
-0.2372492266454777,-0.23667819621351632,-0.23701770529363067,-0.2367321392284906,-0.2343122155045655,-0.23400641597174124,-0.2431511340815304,-0.2370432376263543,-0.2350373121922927,-0.2372159056893964,-0.23377982188932944,-0.23258147588964487,0.23201699667442952,-0.2375789892715751,0.23250209601345903,-0.2389874881633555,0.25,-0.2394715980334255,0.23556139084828306,-0.2371982582960507,-0.23706314703413678,0.22554387999178588,-0.2315718988899358,0.21931839831202066,-0.22079299676152103,0.1955591183749648,-0.19642327421251987,0.14256280872776356,-0.14196851132409197,-0.2327037340622375,-0.2363924522915821,0.11516764498731369,-0.11634276078378648,0.052144427338508,-0.06793153836109071,0.013422790937613189,-0.024741950246622426,-0.06623446036524076,0.0654639418329578,-0.23671329394228594,-0.23324322995210645,-0.18415079322500508,0.1864798143639131,-0.2202538706084939,0.21127989149563925,-0.22261097005958402,0.21846527272298977,-0.2311117177768516,0.23034934554056158,-0.2369215109477057,-0.2372525739862147,-0.2372029550947942,-0.23717323227430662,-0.236923065931168,-0.2350172228971139,-0.23484249393371756,-0.23465016273103484,-0.23710901139227566,-0.2369110097815664,-0.23722438186079028
0.24733110790153975,0.2466305162603599,0.2468062672230207,0.24662686547835103,0.24374976600576728,0.2438864989786654,0.24254990136337415,0.24709533075178994,0.24503141986149493,0.2472968453163792,0.2436216430504668,0.24144592032993703,-0.2406750488736081,0.2467032200314187,-0.2396725242013269,0.245966549348577,-0.2394715980334255,0.2499999999999999,-0.24592297263662274,0.24727976482373545,0.2471128428182506,-0.23362191730146195,0.2398225652045912,-0.22603620393796184,0.2275308909610591,-0.19935084187827426,0.20062370992415796,-0.14535396407177908,0.14479374602272133,0.24262331834695028,0.24644350068250806,-0.12083469090533529,0.12209200094579549,-0.05568381702931693,0.07213825699357651,-0.015803297677235307,0.02762875032673717,0.06649043352000183,-0.06569385079460448,0.24677030286478308,0.2431542271844799,0.19233384912536933,-0.1947483068114923,0.22975060665122865,-0.2204605829995083,0.23219207003537326,-0.22787354710088473,0.24098392627813714,-0.24018209902354773,0.24699103353704663,0.24733458749907963,0.24728285728293722,0.24725250296318396,0.2469910707727321,0.24502181269870324,0.24482160667455766,0.2446320151570921,0.24718493853460602,0.24698064728948507,0.24730519959536387
-0.24393955459448577,-0.2439285930456042,-0.24345322460528165,-0.2434450306562096,-0.24043035807426105,-0.24085229818620962,-0.23908879885497977,-0.2437064665616562,-0.24598441675640176,-0.24390494377994384,-0.24029082510647248,-0.2380520519809218,0.23730773250438653,-0.24327320441658498,0.23628481884322206,-0.24250640513788016,0.23556139084828306,-0.24592297263662274,0.2499999999999999,-0.24398011533965944,-0.24372178032973071,0.2302997165273022,-0.2364299067309318,0.22276466367715467,-0.22423520181509576,0.19630613640188208,-0.19754369660103274,0.14286009681738612,-0.142328938707424,-0.23930743153885875,-0.24306419965109965,0.11926338121836401,-0.12050968211494625,0.055059497875057505,-0.07130168493276823,0.01581085694020304,-0.027499214429079894,-0.06521854100646045,0.06441295306477711,-0.24338560832601783,-0.2398194264394502,-0.1897418155491317,0.19212225668322755,-0.22662043294449394,0.21746689815203357,-0.22902524885087713,0.22476651963520067,-0.2376862968342924,0.23689447488023066,-0.24360387690299862,-0.24394248117635045,-0.24389145974686646,-0.24386161911872706,-0.24360367368965627,-0.24166390328111811,-0.24146389376289928,-0.24127851488481453,-0.24379488648602501,-0.24359370154495794,-0.2439134964591886
0.24991439167465096,0.24919070914627475,0.24934350295586213,0.2491809725394663,0.24626290901758124,0.24642636426832917,0.24356250624885206,0.24967281635814087,0.2475664335939028,0.24987984163073143,0.24614859043988468,0.24371650065737735,-0.24290984914276237,0.2490004894112784,-0.2418016600905903,0.24810358781147432,-0.2371982582960507,0.24727976482373545,-0.24398011533965944,0.24999999999999997,0.2496869943362327,-0.2356337128583515,0.2418262956608189,-0.22743511094026997,0.22889608476771847,-0.1993009328349379,0.20045173144689116,-0.1427655796471964,0.1425361672389201,0.2451977272229923,0.24902177577476547,-0.12276878498863023,0.12407986572977513,-0.057377100941221726,0.07410310703987108,-0.017633003153277774,0.02980127161812751,0.06441199519573845,-0.06339787494617626,0.2493451573577148,0.2456937380458061,0.19470378156678136,-0.19713827086812946,0.23231735217361882,-0.2230060777136577,0.23476143544978254,-0.23040277739163037,0.24356129808805804,-0.2427430715413189,0.2495727142301675,0.24991791404469565,0.24986563813901796,0.2498357441766573,0.24957079560823175,0.2476017617600192,0.24737814614681877,0.2472003508612415,0.24976671745494555,0.2495628302040643,0.24988822010860887
0.24975030936447776,0.2490217641687199,0.24918486134012352,0.24901576135032752,0.2461068900054098,0.24626221295179584,0.24340469425298764,0.24950918442460904,0.24736954991451796,0.2497157877478505,0.24598561620295184,0.243663479835053,-0.24284752340169613,0.24886212488132675,-0.2416790426166872,0.24796914322089997,-0.23706314703413678,0.2471128428182506,-0.24372178032973071,0.2496869943362327,0.24999999999999997,-0.2358367262313469,0.24192699103752394,-0.2275262007961781,0.22897595225679143,-0.19935111687989795,0.2005029719411229,-0.1428090121414454,0.14258228971626014,0.2450680357981598,0.24885793389320957,-0.12264285279801483,0.12395154828439385,-0.05726233517566528,0.07398354842949269,-0.017535817783933594,0.029702683183001854,0.06448385168257317,-0.06346907418977252,0.24918152947057254,0.24553249226662452,0.19455650653617107,-0.19699052103715617,0.23215895895479594,-0.2228505698909538,0.23460171930120638,-0.2302457650394539,0.24339899500638754,-0.24258164320378142,0.2494087893748148,0.24975383306075113,0.24970159151781424,0.2496716911730982,0.24940694252231554,0.24743834297940792,0.24721575345140742,0.24703755096875718,0.24960273501692715,0.24939887923336096,0.24972415846431859
-0.23569329662123328,-0.23501955175372033,-0.23588988989561477,-0.23501180832510024,-0.23275804174661643,-0.23247368255977802,-0.23009476545777363,-0.23550080170513601,-0.23351418748239203,-0.23566061098959462,-0.23202273144829233,-0.2414308593440657,0.23964845307815147,-0.23645534811209537,0.2304324450055911,-0.23573773978080226,0.22554387999178588,-0.23362191730146195,0.2302997165273022,-0.2356337128583515,-0.2358367262313469,0.25,-0.24213410253123246,0.22761315337860946,-0.22762081341221835,0.19856383949497758,-0.19966816800889992,0.14350218286030475,-0.1432316087514581,-0.23108529850386572,-0.2348263884239117,0.11235411168299059,-0.11355043389029126,0.048890818490303356,-0.06506956141515076,0.010808225967162109,-0.02263419773479845,-0.06786480379710147,0.0668997034232104,-0.23516296656440647,-0.23171763216207286,-0.18212787948298156,0.184512618180322,-0.21862632351173633,0.20963674649041614,-0.22100143766728242,0.21688195328007973,-0.22953873221169127,0.22878894017842225,-0.23536612365021886,-0.2356966236513723,-0.23564732914103786,-0.235616974436505,-0.23536922992663115,-0.2334534999611593,-0.23330268898471512,-0.23309833621131287,-0.23555398519190757,-0.2353548810316005,-0.23566861347429824
0.2418869347431183,0.24120278817860724,0.24144060502473055,0.24118862080212605,0.23884849678607326,0.23852119289076165,0.2361364205508573,0.24166585170775615,0.23960467516729114,0.24185345603360586,0.23820504988600963,0.23907171744999492,-0.23797581209995186,0.24263451226797417,-0.23644157398800927,0.24192954766017552,-0.2315718988899358,0.2398225652045912,-0.2364299067309318,0.2418262956608189,0.24192699103752394,-0.24213410253123246,0.2500000000000001,-0.23510998139944417,0.23505503230000835,-0.20549034436494307,0.2065477595930192,-0.14893669076847502,0.14854306645343973,0.23719211151998834,0.2409944697832255,-0.11483320320471403,0.1160478720381426,-0.04960178281906759,0.06620902318367904,-0.010311775093532953,0.022427271117993967,0.07087096884012421,-0.06991950230790958,0.24134369563306354,0.23780739525321148,0.18669019671519843,-0.18915090874312473,0.22429258440001176,-0.21504393020805004,0.2267529792704638,-0.22252389416575127,0.2355477790801093,-0.23478138888663466,0.24155041827728096,0.2418903494834215,0.24183976266510396,0.24180823033046564,0.24155435652484253,0.23958112376414428,0.239433749096754,0.23921950461294786,0.24174395747138921,0.241538758931234,0.24186160341998134
-0.2274797374688933,-0.2268590265565707,-0.22706179705795293,-0.2268405210817594,-0.22487109776530367,-0.22432025361865612,-0.22291602602553579,-0.22727650364982366,-0.2253779490999325,-0.2274482120038861,-0.22402693414392583,-0.2246637137844631,0.22372055709436184,-0.22833424611447564,0.22286625900127718,-0.22796964451423024,0.21931839831202066,-0.22603620393796184,0.22276466367715467,-0.22743511094026997,-0.2275262007961781,0.22761315337860946,-0.23510998139944417,0.25000000000000006,-0.24594311597949753,0.2165095086032323,-0.21700012423004789,0.15978384088601677,-0.15871956768949233,-0.22285697982447972,-0.22659742678122974,0.10199771103958008,-0.10304762066325623,0.037495720761310664,-0.053691072287691766,-0.001790558632157263,-0.010046469043727397,-0.08170839994077357,0.0809160394282294,-0.22698161168880923,-0.22365106351388045,-0.17293173358678054,0.175398761173685,-0.2100886655148451,0.20099475993461485,-0.21250665791884862,0.20851054991482598,-0.22120842883470582,0.22053037121471566,-0.22715377284199195,-0.22748295512598066,-0.22743539552716538,-0.22740185931077914,-0.2271669934895135,-0.22520425633909735,-0.22517560271163536,-0.22490830078407142,-0.22734519470444758,-0.22713938626545024,-0.22745590625911832
0.22894038864804683,0.22831695425632867,0.22848441209715276,0.22829765286921166,0.22630014781379162,0.22575856315073753,0.22436798358452525,0.22873441499164598,0.22683007868659197,0.228908663165985,0.2254694545588347,0.2256884731144715,-0.22480429190703877,0.22962517823492434,-0.22413816343954718,0.22944816499542123,-0.22079299676152103,0.2275308909610591,-0.22423520181509576,0.22889608476771847,0.22897595225679143,-0.22762081341221835,0.23505503230000835,-0.24594311597949753,0.2500000000000001,-0.22025301013180412,0.22073828687493005,-0.16306823158911185,0.16192952070716152,0.22425060687223244,0.22804827545480227,-0.10208703397208047,0.10312366863037527,-0.03682473687130269,0.0531410860098201,0.0030480655176534383,0.00885499942516702,0.08396906256220141,-0.08319731010760918,0.22844059527833077,0.22508769743856114,0.1737810698334532,-0.1762754329960013,0.21134267827794906,-0.20214517028048076,0.2137872416602997,-0.20976309448903208,0.2225935179213846,-0.22191594720550667,0.22861123439214845,0.22894362799830817,0.22889576499678238,0.22886157551633193,0.22862564266822852,0.22663819297571297,0.22662179775988744,0.22634520609954056,0.22880497319990487,0.22859637537698635,0.2289164039276125
-0.19930862007406497,-0.19881066144735235,-0.19892936577140052,-0.1987809305525005,-0.19744324566453475,-0.1965542847881724,-0.19669393913085859,-0.19913844241911235,-0.19758907145181967,-0.19928092464456096,-0.19630273770463014,-0.19645842672981928,0.1957493958168642,-0.20003845774720463,0.1963424169004538,-0.2010854464343659,0.1955591183749648,-0.19935084187827426,0.19630613640188208,-0.1993009328349379,-0.19935111687989795,0.19856383949497758,-0.20549034436494307,0.2165095086032323,-0.22025301013180412,0.25000000000000017,-0.2438388387771429,0.1865415396468029,-0.18336770359266613,-0.19471026359192226,-0.19850186686610466,0.08474591487871634,-0.084682193030858,0.02084471436182692,-0.032332196404679055,-0.023033801194290635,0.016242082312274874,-0.10614730472349732,0.10573330965044138,-0.19890141435687717,-0.19594498193206852,-0.14857604909230987,0.15060502241995877,-0.1821567337652575,0.17327705733748305,-0.1844932618009605,0.18093940569434058,-0.19310339983164285,0.19260449932729778,-0.19900051424503207,-0.19931144106476187,-0.19926982591407955,-0.19923153280497025,-0.19903473889705267,-0.19706922550195172,-0.1972961739420518,-0.19690268083451692,-0.19919055313760256,-0.198980326269991,-0.19928772512889786
0.2004614030716606,0.19995799379486556,0.20007957480913685,0.19992860469943532,0.1984759476209175,0.19769211132698344,0.19778585491129477,0.20028817807018529,0.1987424962300258,0.20043354756067477,0.19743724166244003,0.1975945275239398,-0.19686769929677478,0.20117206261834594,-0.19714288057087334,0.2018828721513611,-0.19642327421251987,0.20062370992415796,-0.19754369660103274,0.20045173144689116,0.2005029719411229,-0.19966816800889992,0.2065477595930192,-0.21700012423004789,0.22073828687493005,-0.2438388387771429,0.25000000000000017,-0.19207929835592394,0.18878787035649425,0.19578225821181347,0.19964296727587202,-0.08412036615307125,0.08394374129898304,-0.018921024795654565,0.030188021396437968,0.02602968771417777,-0.019605303364247713,0.1104900030334712,-0.1100766070208105,0.20005646271633235,0.19707814585525085,0.14882999429576288,-0.15086988848221997,0.18289028781441144,-0.17383890061144971,0.18530703913528507,-0.18172733705866978,0.19412282758094854,-0.193633043688312,0.20014840573419188,0.20046423746729447,0.200422389856575,0.20038236762471,0.20018590592409094,0.19817299292520255,0.198437940352026,0.19801811116339957,0.20034262657992455,0.20012709143770854,0.2004403856229986
-0.1427464786049287,-0.1424438090651263,-0.14248479535564232,-0.14239965518796713,-0.14148212127789914,-0.14080431544989558,-0.1419886754571151,-0.14262697128725088,-0.14178677745577828,-0.14272655608491305,-0.14060475879978157,-0.14078771655624112,0.14029818813701456,-0.14347080712438445,0.14088651144427358,-0.14420896450672355,0.14256280872776356,-0.14535396407177908,0.14286009681738612,-0.1427655796471964,-0.1428090121414454,0.14350218286030475,-0.14893669076847502,0.15978384088601677,-0.16306823158911185,0.1865415396468029,-0.19207929835592394,0.2500000000000004,-0.2420396853146569,-0.13813062380479524,-0.14209956928949644,0.04727451264111997,-0.04544757970223608,-0.01006906518234956,0.007972712201649588,-0.06047188560764041,0.06543691487801284,-0.1556465125245148,0.16339638877587115,-0.14253543360312074,-0.14032220580912627,-0.09800179079909171,0.09925379739064752,-0.12554208135014244,0.11690957936220284,-0.12784985092997317,0.125142682349265,-0.13651025276826714,0.13638678531857998,-0.14246714764137566,-0.14274848708254434,-0.14271886276279297,-0.14266848751686234,-0.1425508185485847,-0.14052243244233764,-0.14132062531231548,-0.14061599794700577,-0.14266146330257515,-0.14243466276980438,-0.14273149262698195
0.14252259185831892,0.14221340518494335,0.14225888992536384,0.14217257605941605,0.14124911843155658,0.14057936775578067,0.14162215916352547,0.14240290554318558,0.14153070852057617,0.1425027160097754,0.14038196278564527,0.14057400518416918,-0.14007986090945868,0.1432377873205002,-0.14062500096604866,0.143942344518046,-0.14196851132409197,0.14479374602272133,-0.142328938707424,0.1425361672389201,0.14258228971626014,-0.1432316087514581,0.14854306645343973,-0.15871956768949233,0.16192952070716152,-0.18336770359266613,0.18878787035649425,-0.2420396853146569,0.25000000000000017,0.13781493630435976,0.14187429527970777,-0.046789114805571914,0.04479508765718647,0.011344396622569313,-0.009808093139454199,0.06304647075413868,-0.0686373302028249,0.16210294119121615,-0.1702334008586175,0.14231903677593205,0.1400997818484766,0.09751711083591447,-0.09873265248342368,0.12506843743169652,-0.11631613723216369,0.12740278012550385,-0.12468667031962331,0.13618202870372476,-0.13607509548417324,0.14223994482309962,0.14252460323487023,0.14249504024752951,0.14244345693487095,0.14232733177582088,0.14026645084142314,0.1411002381805188,0.1403723026700857,0.14243768780023505,0.1422065216241774,0.14250763376723388
0.24526015714581914,0.24454235196311483,0.24469606046811943,0.2445375242264634,0.2416662734999464,0.24183296450997416,0.23898663741519452,0.24502275390778977,0.2429116408547054,0.24522626056128868,0.24156402071710503,0.2391262417104309,-0.23833700527454416,0.24434794139267332,-0.2372644767556506,0.24345343610281212,-0.2327037340622375,0.24262331834695028,-0.23930743153885875,0.2451977272229923,0.2450680357981598,-0.23108529850386572,0.23719211151998834,-0.22285697982447972,0.22425060687223244,-0.19471026359192226,0.19578225821181347,-0.13813062380479524,0.13781493630435976,0.2500000000000002,0.2443874844233194,-0.12128531097750986,0.12258675689450366,-0.057102100753810614,0.07352873140996619,-0.018242468700835957,0.03029783527923877,0.062093309823895645,-0.06099609075388014,0.24470057537974307,0.24111709580729573,0.1914678436264919,-0.19383489384367622,0.22814098100330768,-0.21903074328940797,0.2304816733263596,-0.22620460232562936,0.23905753854547065,-0.23825087781000814,0.24492593513522867,0.24526362137346341,0.2452123133851424,0.24518372128514732,0.24492298745826646,0.24300170941522073,0.2427709397189454,0.2426038097699489,0.24511524619790456,0.2449163250105052,0.24523447752477368
0.24908495574035985,0.24835800903620434,0.24851538511342333,0.24835211866390447,0.24544353296968363,0.24560553006582833,0.24274715542019695,0.2488441305753365,0.24670966022433555,0.24905052719577128,0.24533140603647818,0.24290274229592387,-0.2420990189231965,0.24817109853607497,-0.2409936793653708,0.2472756475878264,-0.2363924522915821,0.24644350068250806,-0.24306419965109965,0.24902177577476547,0.24885793389320957,-0.2348263884239117,0.2409944697832255,-0.22659742678122974,0.22804827545480227,-0.19850186686610466,0.19964296727587202,-0.14209956928949644,0.14187429527970777,0.2443874844233194,0.2500000000000003,-0.12370229637983388,0.12489528792766519,-0.058188814102139254,0.07463842932625063,-0.018162795902296035,0.030155738650365412,0.06399238232710398,-0.06297951790416624,0.24851673026811238,0.24487555155974505,0.1946109534237921,-0.19698453763033386,0.23169186117932106,-0.22240729064038547,0.23404235605565837,-0.22969626735517135,0.24276824623228296,-0.24195153119150872,0.24874498351982777,0.24908847519088828,0.24903636681632538,0.24900731025363335,0.24874254953059646,0.24678521125463249,0.24655711110076814,0.24638347967878588,0.2489377801155208,0.24873489891780542,0.24905887460092477
-0.12280717807360053,-0.12242643344641756,-0.12249213837636001,-0.12243105564697807,-0.12077691624743102,-0.12108141693555521,-0.11908042933993664,-0.12268287720780474,-0.1215726933474401,-0.12279024529033404,-0.12095969813314526,-0.11900522914051662,0.11866156016264073,-0.12192070806700868,0.11800983722780292,-0.1212555667151501,0.11516764498731369,-0.12083469090533529,0.11926338121836401,-0.12276878498863023,-0.12264285279801483,0.11235411168299059,-0.11483320320471403,0.10199771103958008,-0.10208703397208047,0.08474591487871634,-0.08412036615307125,0.04727451264111997,-0.046789114805571914,-0.12128531097750986,-0.12370229637983388,0.25000000000000017,-0.23946329445323944,0.17271940580865144,-0.15391767709072968,0.0980123775587508,-0.08960310772404446,0.0066089749412716284,-0.00669629378690196,-0.12238204313056941,-0.12034582493244866,-0.17754667324769866,0.17126213149475902,-0.13688448344379647,0.1318656858878981,-0.12493234517835419,0.12252056139103823,-0.12217617209586298,0.12157430299121608,-0.12273199537799573,-0.12280973657386252,-0.12278309526606139,-0.12288353718059344,-0.1226452927311368,-0.12252223489314241,-0.12155723612539587,-0.12206280153611397,-0.12273541798676095,-0.12269265888541414,-0.12279432724954316
