x1,x2,x3,x4,x5,x6,x7,x8,x9,x10,x11,x12,x13,x14,x15,x16,x17,x18,x19,x20,x21,x22,x23,x24,x25,x26,x27,x28,x29,x30,x31,x32,x33,x34,x35,x36,x37,x38,x39,x40,x41,x42,x43,x44,x45,x46,x47,x48,x49,x50,x51,x52,x53,x54,x55,x56,x57,x58,x59,x60
0.25000000000000006,0.248931163000321,-0.09169675828640897,0.24839931651863056,-0.12148628655330693,0.2484245232550191,-0.16177630503613408,0.24887218229521854,-0.17167507680026947,0.24919260005597454,0.0803137324384534,-0.0806747050089047,0.08800077553881357,-0.09017180108187803,0.1156125335039653,-0.11717664770509083,0.1579189126430812,-0.17183638127088666,0.16020567162868835,-0.1317061573349354,-0.037014119598883406,0.05573654979001332,-0.06062855755740452,0.06573309664174246,-0.06075841814230041,0.07213707585657958,-0.06432411581520882,0.11598123742760127,-0.11523801752849099,0.1551584027088085,0.06612452753524818,-0.05781918116491638,0.05722762125960261,-0.0462029222645893,0.047567270057882055,-0.025475377609583072,0.034508672118133396,0.05207149818196315,-0.052734079280734904,0.13322092512163547,-0.028598853050209608,0.03194418589161119,-0.023659674909632906,0.022520289707135398,0.021104689990690165,-0.022021582988364846,0.08132401961483565,-0.096522841606433,0.12206939357388749,-0.11703376206044447,0.2487700870301309,0.248952609827284,0.011826265062335459,0.24826307486523652,-0.03136431056364558,0.24883678248996963,-0.08442358014631197,0.24896558897537774,-0.12799228041232788,0.24919362732415068
0.248931163000321,0.25000000000000006,-0.09267156094734982,0.24896109572825295,-0.12228361522923907,0.2489662887003779,-0.1625200986129483,0.24941414775900167,-0.17224445795951376,0.24973404583836448,0.08119238947221709,-0.08155934404596976,0.08888246644299072,-0.09105056409980336,0.11646313989808511,-0.11799373021629589,0.15867326037232746,-0.17251306286228865,0.1607946821102297,-0.1323096482882255,-0.0377007638005035,0.05650574605472508,-0.06139879296125457,0.0665195553875163,-0.061534150815715095,0.07291021387899264,-0.06505567100997894,0.11667225193394222,-0.11592899600421555,0.15582813889647773,0.06688005863848623,-0.05857553798951817,0.0579856625900137,-0.04692730561917023,0.048298464396476906,-0.026109002567927073,0.03515116008335668,0.051809816450208254,-0.05248155728266506,0.13331734999042077,-0.029240513921855338,0.03260263048837086,-0.024294408066212265,0.023151932014365675,0.020656328449944528,-0.021595043277858255,0.08117450820965515,-0.09645434108814552,0.12215165636566536,-0.11709804911036435,0.24931167631197848,0.24949330078216914,0.012406831959876857,0.24880046471462233,-0.030967018901584133,0.2493766691406221,-0.08429491691653268,0.24950609195574602,-0.12810225894895957,0.24973507258725086
-0.09169675828640897,-0.09267156094734982,0.2500000000000002,-0.09327151714887338,0.20394045801881283,-0.09303506276574179,0.13738063529477756,-0.0925086099405607,0.08806839673628473,-0.0924774257169576,-0.22562004571589206,0.23184482689915653,-0.2391484134774327,0.23674615367661592,-0.2123171416941821,0.19098733344048996,-0.141490272843784,0.11905312787292661,-0.09720876434452802,0.11579296717188364,0.18801412459737052,-0.20641241757639878,0.20889906190857657,-0.21361288359718014,0.20856220449133772,-0.19836003177787268,0.18412600576892857,-0.15065604202454,0.1509447880708706,-0.1285524083157319,-0.20338400295718323,0.20566286289293562,-0.2061575728859983,0.1947041136906162,-0.19645911629742535,0.16799893323715662,-0.1675564667814159,0.08238307688280803,-0.07976386499616522,0.0021524184086583187,0.17660064048169738,-0.18055845811972487,0.17321164264083846,-0.17217882057067477,0.1296110085481612,-0.12181498860924944,0.0585995947260429,-0.039369080937130096,0.0034296368154933254,-0.007172680113839727,-0.09262656135721607,-0.09232120857540144,-0.16087209902481917,-0.09157098039250969,-0.11786269340325732,-0.0921298318561328,-0.053570659909872816,-0.0922711699628296,0.0028228526329675797,-0.09247744404629782
0.24839931651863056,0.24896109572825295,-0.09327151714887338,0.25000000000000017,-0.12305782220111675,0.2484415151091815,-0.16278618650488402,0.24888241375671954,-0.17224311385705793,0.24920191255368165,0.08185490707120002,-0.08225039866624446,0.08957774272720422,-0.09174804164479157,0.11718695776904833,-0.11862030431257582,0.15901009766651936,-0.1726482898423093,0.1608709599307445,-0.13249960078283957,-0.0383708818112189,0.0571849798016561,-0.06207877486912173,0.06720453462129596,-0.06221625217500119,0.07354204139672987,-0.06565389375448287,0.11700482227025988,-0.11626475604689422,0.15598836052780266,0.06751242308744525,-0.059249988388574176,0.05866605992757486,-0.04759984752884337,0.048974321963970224,-0.026751279665513328,0.03576736692766956,0.05123856029613319,-0.05191715015337416,0.1327894418232038,-0.029898984197747197,0.03326573958907992,-0.024958094020348945,0.02381564740034742,0.02001379411655464,-0.020975309836800297,0.08060173578183391,-0.09590372880964997,0.12166129161228217,-0.11660941740164044,0.24878178489278946,0.24896138437724527,0.013061295062859139,0.2482678709154198,-0.030337184312928277,0.24884435407357192,-0.08373254826300627,0.24897389158416217,-0.12761695696289677,0.24920293119361048
-0.12148628655330693,-0.12228361522923907,0.20394045801881283,-0.12305782220111675,0.25000000000000017,-0.12303426823419722,0.17287055931624318,-0.12235204037282187,0.11911436614662127,-0.12226765876490878,-0.20022687297208927,0.20573580950835377,-0.212968426250307,0.2151152250748097,-0.2402899700692664,0.21801878991219042,-0.17666380116146574,0.14771301775046602,-0.12472165489406256,0.12910528578874972,0.16230370161730984,-0.18093451931289958,0.18532623620005909,-0.19081713241550338,0.18574523656749667,-0.18275936525966768,0.16836014299081012,-0.1502223383462741,0.15032418671376624,-0.14246536059562515,-0.18157941337971945,0.18198373038851107,-0.18235040219141596,0.17086921003193603,-0.17271608237692834,0.1453126007796131,-0.14697846913907253,0.06021131098778826,-0.057962307993626984,-0.021435801073367428,0.1525122024026223,-0.1564202012859125,0.14887324393647133,-0.14781913840887115,0.10442255702127914,-0.09815814706193243,0.034867057787031586,-0.016239548374707626,-0.018395969600834252,0.014335008218384782,-0.12231599696790169,-0.12209355676043272,-0.1364327104440192,-0.12134229251365608,-0.09275210411315186,-0.12191270091909713,-0.030099444849798082,-0.12205323719471647,0.0246924868479801,-0.12226753106017363
0.2484245232550191,0.2489662887003779,-0.09303506276574179,0.2484415151091815,-0.12303426823419722,0.2500000000000001,-0.16329630224413305,0.24905587223828476,-0.17244097565774824,0.24922729450839992,0.08183099287345569,-0.08222561819858441,0.08955296945971368,-0.09172334060611363,0.11716595157449891,-0.11870541262692205,0.15943887928999664,-0.17328516511482533,0.16156892126872557,-0.13305229949399502,-0.03834592366820945,0.05716011492117608,-0.0620541330964392,0.06717988225355383,-0.062192114618444636,0.07358210113865253,-0.06572523383931711,0.11739242109684078,-0.11664853933560389,0.15657426276379294,0.06748024111479563,-0.05922040200998212,0.05864131351048542,-0.04757569837618343,0.04895018162960686,-0.026751509261237733,0.03580203024587375,0.05120144842039577,-0.05187249302102576,0.13274809489866363,-0.029870687252619932,0.033237293551556364,-0.02493334520677641,0.02379154222895663,0.020037689554509464,-0.02097459568194081,0.08058161163733898,-0.09586782134573815,0.12162286753737357,-0.11656769827053808,0.24880711666729788,0.24898674452979647,0.013036778777691221,0.24829323816608764,-0.030361133327012187,0.2488697245569913,-0.08371264655458692,0.24899920529515934,-0.12757875586498374,0.24922830405370222
-0.16177630503613408,-0.1625200986129483,0.13738063529477756,-0.16278618650488402,0.17287055931624318,-0.16329630224413305,0.2500000000000001,-0.16284399354516946,0.1831067944219868,-0.16252960519272586,-0.1306588060929967,0.13378888844220901,-0.1410657861171173,0.14318810319831773,-0.16835556374782465,0.19051347905864593,-0.2429876413009994,0.20650133747568863,-0.18238318497280384,0.1614788622411361,0.09082099339382382,-0.10919722788657446,0.11379915990326438,-0.11912889047559669,0.12383739072667131,-0.1459563116707225,0.1450050460700598,-0.1616506292649055,0.16133804306566055,-0.1761037850273681,-0.11394274338432975,0.11058645285079982,-0.11067874622013087,0.11354762377042359,-0.11550325639642049,0.10943643922407567,-0.11553245251878048,0.028747409547550576,-0.02738517878873562,-0.052724083818607104,0.09363593268990435,-0.09707039703834264,0.09726472917692054,-0.0974831658631492,0.06015575508912836,-0.062052917146354095,0.0010622414684975483,0.015546605804585202,-0.04668670522196716,0.042283689540336136,-0.16238731882617272,-0.16234417053910982,-0.0853770195565789,-0.16160746497263084,-0.0489999917928419,-0.16217295434946064,0.0031882260729108225,-0.1623066773658111,0.05295389896763929,-0.16252935006231417
0.24887218229521854,0.24941414775900167,-0.0925086099405607,0.24888241375671954,-0.12235204037282187,0.24905587223828476,-0.16284399354516946,0.25000000000000017,-0.17262500404544778,0.24967477698347149,0.081194808101655,-0.08156539708961147,0.08889274964233213,-0.09106333329914752,0.1165073471815393,-0.1181782240405915,0.15899327321846568,-0.17287978082913022,0.16116844931916693,-0.13264710776857125,-0.03769021953921257,0.056502141277974975,-0.06139809940322779,0.06652200767291191,-0.06159618976884243,0.07305450579283475,-0.06528109218558932,0.11697402605017294,-0.11622984239074403,0.156181812329489,0.06687359113613985,-0.058571528502280215,0.0579838345177119,-0.04701051791732716,0.0483847101285471,-0.02630530537889772,0.035357279169437233,0.051645367419382776,-0.052316135060739274,0.13319151610779745,-0.029302089125657363,0.032664694259855215,-0.024405280521715016,0.023270814754102285,0.020518542094182173,-0.02142168825711417,0.08102691052136339,-0.09631161873251515,0.12202972100521402,-0.11697442744364905,0.249252606277054,0.24943407100488368,0.012513522306574165,0.2487407863028938,-0.030835710879591957,0.2493172219869733,-0.08415126550688602,0.24944669833401587,-0.12798427517219407,0.249675799100805
-0.17167507680026947,-0.17224445795951376,0.08806839673628473,-0.17224311385705793,0.11911436614662127,-0.17244097565774824,0.1831067944219868,-0.17262500404544778,0.25000000000000033,-0.1723211908359982,-0.0784509598273891,0.08018320974224194,-0.08745677913301533,0.08958141726885288,-0.1147337281955611,0.1353853748325634,-0.18087322702558456,0.21180281013841804,-0.23580374657089115,0.20753292657783126,0.04278252591627675,-0.059388847185213055,0.06410922746415905,-0.06896695885979336,0.07376154007779918,-0.09505701106359951,0.10822155878101294,-0.15901804259536317,0.1583097037254568,-0.19637729553320832,-0.066209907972369,0.06118298004878654,-0.06130455367629002,0.06738038772221186,-0.06903775669196204,0.07235884100331327,-0.08099355065960787,0.004001199055547119,-0.003558200693330252,-0.06809377960700419,0.04983823012450593,-0.05267318298046969,0.05488022670060321,-0.055407434027155006,0.024340897654584713,-0.030149217106684556,-0.022290469282436522,0.03555208661279783,-0.06097787881765626,0.05671384887269172,-0.1720787459171007,-0.17214407311084745,-0.044578831210895065,-0.17150123478746437,-0.014751431941562544,-0.172002429933458,0.02572076481362425,-0.17211603680713053,0.06650369287458195,-0.17231993676905658
0.24919260005597454,0.24973404583836448,-0.0924774257169576,0.24920191255368165,-0.12226765876490878,0.24922729450839992,-0.16252960519272586,0.24967477698347149,-0.1723211908359982,0.25,0.08109482186465272,-0.08145688192088736,0.08878428001396459,-0.0909549694882329,0.1163983314867015,-0.11793796388734881,0.1586740555969129,-0.17256258736735586,0.16084937507263733,-0.13232805932648228,-0.0375775190434204,0.05639153850484185,-0.061288312726329446,0.0664114502907451,-0.06142384699870809,0.07281353736923436,-0.06496092490948048,0.11665447857928588,-0.11591023011046346,0.15586653992073946,0.06678336490200669,-0.05846470113432503,0.057873033701444976,-0.046810076540727344,0.04818141655503988,-0.025985389150229285,0.03503697920342226,0.051965649991617444,-0.05263658594535042,0.1335120288564603,-0.029116010771132017,0.03247910673375577,-0.024165875736344444,0.023022720668960578,0.02080668964253736,-0.021741946088565122,0.08134724519129656,-0.09663198913310095,0.1223314974897999,-0.1172746613645663,0.24957238345314717,0.24975455333151492,0.01227328088461602,0.24906145483322858,-0.031120709012675607,0.2496379385539424,-0.08446723210676244,0.24976741530178906,-0.1282845060506757,0.24999651572999768
0.0803137324384534,0.08119238947221709,-0.22562004571589206,0.08185490707120002,-0.20022687297208927,0.08183099287345569,-0.1306588060929967,0.081194808101655,-0.0784509598273891,0.08109482186465272,0.2500000000000001,-0.24283357877412165,0.23601960284315146,-0.23370922586139176,0.20902826286141177,-0.18710602433510592,0.13545916040992964,-0.11121488734587404,0.08863305820062554,-0.10864721118444162,-0.19818106439992736,0.2163992361566252,-0.2133821204535292,0.21583400800901834,-0.2107566138018812,0.19838429254586812,-0.1837876926755952,0.14636889719339338,-0.1467022295018408,0.1211766424035643,0.20749001387510974,-0.2104825507532574,0.21101073806196918,-0.19949688681329353,0.20079709817082472,-0.1717182113142851,0.17000835300781944,-0.08685534866048991,0.08414937694442552,-0.008512953308464022,-0.18181311279939769,0.18572407336859187,-0.17841842274285166,0.1773858871403982,-0.1356956280020448,0.12666741770586162,-0.06426989665592764,0.04492698962768821,-0.009219283436996758,0.012788065190188568,0.08127395573247663,0.08094687181655978,0.16631653606917463,0.0802101885834396,0.12413345586577659,0.08075562430558747,0.059254793779735915,0.0808961492311975,0.003097360535024762,0.08109477904888397
-0.0806747050089047,-0.08155934404596976,0.23184482689915653,-0.08225039866624446,0.20573580950835377,-0.08222561819858441,0.13378888844220901,-0.08156539708961147,0.08018320974224194,-0.08145688192088736,-0.24283357877412165,0.2500000000000002,-0.24260643854214156,0.2402216406008884,-0.21478628408333555,0.1922987647361404,-0.13885094834673667,0.1137328113806472,-0.09081687750622809,0.11163569992615627,0.204406940255356,-0.22311310243322557,0.21987823632774234,-0.22225164630323027,0.2171487149195628,-0.204319015727939,0.1895169892682739,-0.15042951242688257,0.15077903682445565,-0.12406714520745936,-0.2137253724888093,0.2168997919215554,-0.217451049264884,0.2058186179919682,-0.2071363382308877,0.1774890900010032,-0.17560998897494423,0.09039359513772258,-0.08760100559887009,0.0101042323217845,0.18767417228329936,-0.19168550318536184,0.18430443147625858,-0.18326296526291536,0.14062422452658524,-0.13132521605924957,0.06731239812210688,-0.04743265070994485,0.010733481167979125,-0.014376543090877427,-0.08164591206022921,-0.0813062462380809,-0.17189944016347417,-0.08055045514668176,-0.12875903400006342,-0.08110927590541535,-0.0621524253677527,-0.08125351671117022,-0.004454448642817226,-0.08145681515369427
0.08800077553881357,0.08888246644299072,-0.2391484134774327,0.08957774272720422,-0.212968426250307,0.08955296945971368,-0.1410657861171173,0.08889274964233213,-0.08745677913301533,0.08878428001396459,0.23601960284315146,-0.24260643854214156,0.24999999999999994,-0.24751277625872586,0.22210668416371815,-0.19961006363823436,0.14616947815773731,-0.12095562508025016,0.09803120178748635,-0.11837660673101973,-0.1978387278977362,0.21664928083542057,-0.2191144016531046,0.22392557497597293,-0.21880065299365753,0.2078805362787216,-0.19305473204795773,0.15565733305327625,-0.15599110552183446,0.1309112864530936,0.21306135492847564,-0.215784168802305,0.21633293714154314,-0.20466658429055787,0.2064792388537502,-0.1772273154215763,0.17644600005770983,-0.08934885756285085,0.08659970032605152,-0.007291777418721369,-0.18611491052919674,0.19018591390083828,-0.18274372373252964,0.18169745485445352,-0.1382119643248781,0.13002038907694324,-0.06520520636466474,0.04538909059761762,-0.008231409555875084,0.012014120435289499,0.0889579400508397,0.08862755496536372,0.17010085201049083,0.08785763186385998,0.12613579725556556,0.08842886768241173,0.05998742134794662,0.08857391455597279,0.001821010915977798,0.08878420655752606
-0.09017180108187803,-0.09105056409980336,0.23674615367661592,-0.09174804164479157,0.2151152250748097,-0.09172334060611363,0.14318810319831773,-0.09106333329914752,0.08958141726885288,-0.0909549694882329,-0.23370922586139176,0.2402216406008884,-0.24751277625872586,0.25000000000000017,-0.22432224252533212,0.2018037897157859,-0.14833762627731412,0.12310367013116968,-0.10017483992097631,0.12045267080618947,0.1965230586753191,-0.21535472629909436,0.2196753509594104,-0.22533137232485267,0.22020115378932648,-0.20944200374035765,0.19461532631852818,-0.15747179493768373,0.1578023954227531,-0.13300159117206503,-0.21362517648324775,0.21622307648381145,-0.21677166787498958,0.2050863047795754,-0.20707578036674648,0.1778483786351533,-0.17732102246946543,0.08942843804174545,-0.08667797098870005,0.006622124510923748,0.18636234311330388,-0.19046266032579157,0.18299492821144597,-0.1819463810651676,0.13810330245028768,-0.13020189045050715,0.06493629044595399,-0.04505535937634006,0.007645575950547276,-0.01147607167656757,-0.09112529948982422,-0.09079615355403402,-0.17024653234795858,-0.09001982606436941,-0.12592948381024152,-0.09059627507468862,-0.059684660208428456,-0.09074203435306562,-0.0011782803463346498,-0.09095488788179283
0.1156125335039653,0.11646313989808511,-0.2123171416941821,0.11718695776904833,-0.2402899700692664,0.11716595157449891,-0.16835556374782465,0.1165073471815393,-0.1147337281955611,0.1163983314867015,0.20902826286141177,-0.21478628408333555,0.22210668416371815,-0.22432224252533212,0.25000000000000017,-0.22678945796832875,0.17361110484226475,-0.1450638149410222,0.12191147686789643,-0.12989491635187506,-0.17095033872456458,0.18977807110838524,-0.1941930749967309,0.19976745515758718,-0.19473337473792257,0.19160563262605518,-0.17696996792179825,0.15386980919999035,-0.1540298036672695,0.1432376872192196,0.18989151450915323,-0.1907856304253086,0.19120860029407546,-0.1796951213729868,0.18159325907270446,-0.15392528718179002,0.15548503948575534,-0.06774388134015921,0.06537183410153995,0.01484719231525422,-0.16107516499621585,0.16505580349113544,-0.1575324174371453,0.1564821506083077,-0.11266976838724489,0.10627856402023521,-0.04221423718110082,0.023307753119971325,0.012240829183175723,-0.008193542671236198,0.11647407742790648,0.11622616251825012,0.14492464912073535,0.1154631037279833,0.10078928010291412,0.11603954127900855,0.037295329646829294,0.11618182293270951,-0.018630165460381917,0.11639816005273347
-0.11717664770509083,-0.11799373021629589,0.19098733344048996,-0.11862030431257582,0.21801878991219042,-0.11870541262692205,0.19051347905864593,-0.1181782240405915,0.1353853748325634,-0.11793796388734881,-0.18710602433510592,0.1922987647361404,-0.19961006363823436,0.2018037897157859,-0.22678945796832875,0.25000000000000017,-0.1963631669175594,0.16703824252637392,-0.14378577089512737,0.15027929139027815,0.1489739815045296,-0.16758675917892998,0.17204018519059927,-0.17757573178588043,0.18231540481069666,-0.20455001714510831,0.19020614055049892,-0.17020316573240352,0.17033282682308204,-0.16377944373130085,-0.16842269964532217,0.1686028654375582,-0.1690523692157266,0.1678175168656707,-0.1699771691752227,0.15511056853025898,-0.1606525513451802,0.0729635489070607,-0.0708451137170893,-0.009575254201980347,0.14695831874451698,-0.15074417465984086,0.14883118604700657,-0.14870748026578506,0.10836473462839792,-0.10753275499153944,0.04560126068864228,-0.028420695086888638,-0.006737321031887372,0.00265409375477856,-0.11798627033712845,-0.11777074631287573,-0.1364623939017887,-0.117006697916765,-0.09653739325763608,-0.11757900391046684,-0.040665512393299574,-0.11771487462174433,0.013180573579921142,-0.11793762438283135
0.1579189126430812,0.15867326037232746,-0.141490272843784,0.15901009766651936,-0.17666380116146574,0.15943887928999664,-0.2429876413009994,0.15899327321846568,-0.18087322702558456,0.1586740555969129,0.13545916040992964,-0.13885094834673667,0.14616947815773731,-0.14833762627731412,0.17361110484226475,-0.1963631669175594,0.25000000000000006,-0.2125552672309512,0.18838088081668292,-0.1672638751648849,-0.0956525282644958,0.11413243802028,-0.1187561002105254,0.1241378389024976,-0.12897618827071866,0.15135679607357078,-0.1506508296592898,0.16730017923207227,-0.16698816870931724,0.18185155420798732,0.11848786479780384,-0.11546190165273358,0.11563251713502215,-0.11870194044674023,0.12069215263282627,-0.11487209543686469,0.12100018791533383,-0.03370344867024042,0.03233427395598333,0.04824464833708942,-0.09859401447366388,0.10206578581174756,-0.10243294026010762,0.10267946271210038,-0.06523605100527041,0.06721858514194329,-0.0058631747280678955,-0.01084971218486883,0.042507875791648775,-0.03809108559716247,0.15854843633385696,0.1584899998643237,0.0904571408199733,0.1577463936385813,0.0539580091135423,0.15831508383305237,0.0015192995337140413,0.15844960590207055,-0.04883062834154981,0.15867357669322815
-0.17183638127088666,-0.17251306286228865,0.11905312787292661,-0.1726482898423093,0.14771301775046602,-0.17328516511482533,0.20650133747568863,-0.17287978082913022,0.21180281013841804,-0.17256258736735586,-0.11121488734587404,0.1137328113806472,-0.12095562508025016,0.12310367013116968,-0.1450638149410222,0.16703824252637392,-0.2125552672309512,0.2500000000000003,-0.22517452891810052,0.19814146071313885,0.07207536358622513,-0.09045912425307566,0.0951499924407688,-0.10047172551296522,0.10572198455527318,-0.12827521702414338,0.1422348105367703,-0.19384096405778445,0.19293063572652086,-0.21312879394957496,-0.09582385497568344,0.09172668097133568,-0.09197810000952429,0.0984395743273127,-0.10037838267377494,0.10318419870593107,-0.11233942749300033,0.025347484741446602,-0.02471949468153605,-0.05612803267878724,0.07854418048893264,-0.08185484577638236,0.08425706155159035,-0.0848316964869579,0.04960088317638244,-0.05555655308245354,-0.00401722205960244,0.019290909068362352,-0.04961846175478101,0.044901035406829166,-0.17237415089609512,-0.17237445629287643,-0.07250116669430529,-0.1716371800524028,-0.03850736966902143,-0.17220325864199035,0.008197550575221143,-0.1723326030700138,0.055932946363878376,-0.17256176285211686
0.16020567162868835,0.1607946821102297,-0.09720876434452802,0.1608709599307445,-0.12472165489406256,0.16156892126872557,-0.18238318497280384,0.16116844931916693,-0.23580374657089115,0.16084937507263733,0.08863305820062554,-0.09081687750622809,0.09803120178748635,-0.10017483992097631,0.12191147686789643,-0.14378577089512737,0.18838088081668292,-0.22517452891810052,0.2500000000000004,-0.22122989557317707,-0.0529757836971161,0.06961348518844893,-0.07433784637037066,0.07925069369299031,-0.0844906296020493,0.10641149677718242,-0.12058350599178169,0.1718468062408254,-0.17107121892976834,0.2029423510707739,0.07551233444679403,-0.07130054045362313,0.0715609133366096,-0.0783775118586961,0.08010060816849165,-0.08452376340236904,0.09323302901558397,-0.01602191876862158,0.015592818415186248,0.056265443528536845,-0.060602568202806247,0.06348289452674975,-0.06623439136169605,0.06684748276952188,-0.03606866794884159,0.0422153798456017,0.01035523356815782,-0.023642848541110026,0.049960870263110004,-0.045711814490245604,0.1606493332583279,0.1606783315520637,0.05586585229295745,0.160027217671047,0.026312553072257015,0.16052939544588216,-0.013965696566016069,0.1606432602991595,-0.05555048551985355,0.16084781439951126
-0.1317061573349354,-0.1323096482882255,0.11579296717188364,-0.13249960078283957,0.12910528578874972,-0.13305229949399502,0.1614788622411361,-0.13264710776857125,0.20753292657783126,-0.13232805932648228,-0.10864721118444162,0.11163569992615627,-0.11837660673101973,0.12045267080618947,-0.12989491635187506,0.15027929139027815,-0.1672638751648849,0.19814146071313885,-0.22122989557317707,0.25000000000000044,0.07917474028321332,-0.0956739268092019,0.1002515575641079,-0.10523344471295802,0.11053994941968025,-0.13223497062853698,0.14732534202180164,-0.19618715119639257,0.1964546624504212,-0.2260450562246374,-0.09903020102426838,0.09689871501128802,-0.09757576561721405,0.10471351457473062,-0.10654365009654128,0.11165186034237758,-0.12025198002449389,0.043418645174487486,-0.042982372781995314,-0.028497743053437406,0.08668698167725769,-0.08966645296245268,0.09297862045976706,-0.0936752471298742,0.0633453381789895,-0.06960979827889414,0.01724372777049306,-0.003964153392152024,-0.024186711154143753,0.02002821814069083,-0.13223336678111444,-0.13217295688716707,-0.08253911634847044,-0.13151050638869669,-0.05330707186121083,-0.13200977769409125,-0.013256613517855247,-0.13212321753230916,0.02985250667977651,-0.13232658699465655
-0.037014119598883406,-0.0377007638005035,0.18801412459737052,-0.0383708818112189,0.16230370161730984,-0.03834592366820945,0.09082099339382382,-0.03769021953921257,0.04278252591627675,-0.0375775190434204,-0.19818106439992736,0.204406940255356,-0.1978387278977362,0.1965230586753191,-0.17095033872456458,0.1489739815045296,-0.0956525282644958,0.07207536358622513,-0.0529757836971161,0.07917474028321332,0.25000000000000033,-0.23101939233537588,0.22614928219636862,-0.22045776093350763,0.2155448431940463,-0.19223700715752343,0.17743869997296133,-0.12610773272303508,0.12657392640929077,-0.08768423838801513,-0.2207028993724781,0.2268067218216488,-0.22740938804089766,0.21612997771240533,-0.21494655939334623,0.1839727039551594,-0.17652775802622428,0.10142588986213752,-0.09837011549484904,0.03062452510865046,0.20012812753624287,-0.20383388167878544,0.1969142584370171,-0.1959189511303288,0.1579412850789507,-0.14344012689508662,0.08392609745622458,-0.0638394094887938,0.029256107949963035,-0.032124845910920484,-0.037866412520313905,-0.03746201581346705,-0.18577732281812442,-0.03678006612780517,-0.14715409328620854,-0.03727185266216102,-0.07900594862361018,-0.03741061018032511,-0.023664130868941292,-0.03757735160065422
0.05573654979001332,0.05650574605472508,-0.20641241757639878,0.0571849798016561,-0.18093451931289958,0.05716011492117608,-0.10919722788657446,0.056502141277974975,-0.059388847185213055,0.05639153850484185,0.2163992361566252,-0.22311310243322557,0.21664928083542057,-0.21535472629909436,0.18977807110838524,-0.16758675917892998,0.11413243802028,-0.09045912425307566,0.06961348518844893,-0.0956739268092019,-0.23101939233537588,0.2500000000000005,-0.24451465770993816,0.2389776248395112,-0.23394806367380186,0.21053030483220112,-0.19550778568512667,0.144326668812403,-0.14477312348795382,0.10605264619333361,0.23591438204152582,-0.24132332633360343,0.24192975227142005,-0.23020487328934447,0.23025121213556415,-0.19748385398010154,0.19111875932602854,-0.10593201131822366,0.10268399681564709,-0.02563378836213659,-0.21203728772735947,0.21615694566351015,-0.20882765794251126,0.2077867523387495,-0.16519113199035299,0.15142044416702305,-0.08504180952826047,0.06319409213229168,-0.0249092984792934,0.028283848206721654,0.056667417669706226,0.05625411364390273,0.19629690760472807,0.05548687925323429,0.15309651870321056,0.05604457752492315,0.07961628190401578,0.05619759330991918,0.018588824010318267,0.056391399011356785
-0.06062855755740452,-0.06139879296125457,0.20889906190857657,-0.06207877486912173,0.18532623620005909,-0.0620541330964392,0.11379915990326438,-0.06139809940322779,0.06410922746415905,-0.061288312726329446,-0.2133821204535292,0.21987823632774234,-0.2191144016531046,0.2196753509594104,-0.1941930749967309,0.17204018519059927,-0.1187561002105254,0.0951499924407688,-0.07433784637037066,0.1002515575641079,0.22614928219636862,-0.24451465770993816,0.25000000000000017,-0.24353336364306058,0.2385027923680091,-0.2150952978930184,0.20008094958983155,-0.14894772712699358,0.14938682469959916,-0.1106863618036515,-0.239918909741358,0.24531777293475027,-0.24592302735579574,0.2341245989073811,-0.23442088398908179,0.20119893096346594,-0.19499083642796028,0.10708021332284051,-0.10377515693597916,0.02421812788739086,0.21536938515969903,-0.2196006316788864,0.2121859148977538,-0.21113670499305748,0.16731541824929752,-0.15364244547628292,0.08533640523136471,-0.06295484159389035,0.02366616554766936,-0.02717367430998866,-0.061560982824120036,-0.061145087340498165,-0.19927845863808216,-0.060354707731751986,-0.1548671275603547,-0.060930184524865,-0.07977409518556798,-0.06108730117050575,-0.017149030459174496,-0.061288168667135906
0.06573309664174246,0.0665195553875163,-0.21361288359718014,0.06720453462129596,-0.19081713241550338,0.06717988225355383,-0.11912889047559669,0.06652200767291191,-0.06896695885979336,0.0664114502907451,0.21583400800901834,-0.22225164630323027,0.22392557497597293,-0.22533137232485267,0.19976745515758718,-0.17757573178588043,0.1241378389024976,-0.10047172551296522,0.07925069369299031,-0.10523344471295802,-0.22045776093350763,0.2389776248395112,-0.24353336364306058,0.25000000000000017,-0.2440725244631716,0.22068118912193593,-0.2056493180593977,0.1544111478169352,-0.1548467571312846,0.1160640683494779,0.2358956780628738,-0.24004566491351437,0.24065392259748888,-0.22888412186045387,0.23095396544205818,-0.19936746512987386,0.1953890571356215,-0.1075270882652864,0.10433317835105592,-0.02467963609731972,-0.21013762677688258,0.21434297789885431,-0.20693226472728538,0.20588528396542677,-0.16211607554642815,0.15178808784176037,-0.08474233306024868,0.06335008426959665,-0.024295274163719665,0.02786688061758309,0.06666937862901672,0.06626562224361628,0.19407172019896912,0.06547829237785695,0.14970006257538052,0.0660534834869162,0.07920569840252976,0.06620458151037412,0.017777354668555744,0.06641130668667218
-0.06075841814230041,-0.061534150815715095,0.20856220449133772,-0.06221625217500119,0.18574523656749667,-0.062192114618444636,0.12383739072667131,-0.06159618976884243,0.07376154007779918,-0.06142384699870809,-0.2107566138018812,0.2171487149195628,-0.21880065299365753,0.22020115378932648,-0.19473337473792257,0.18231540481069666,-0.12897618827071866,0.10572198455527318,-0.0844906296020493,0.11053994941968025,0.2155448431940463,-0.23394806367380186,0.2385027923680091,-0.2440725244631716,0.25,-0.22602708290594076,0.21098194124900888,-0.1597357031663595,0.16017296276707854,-0.12130288622214493,-0.23090787752177727,0.2350548423658217,-0.23569155708379186,0.23380983300769995,-0.2361792037506154,0.2046997718701225,-0.20071877050204484,0.11273725855239253,-0.10954319025268884,0.029782031700919632,0.21002760399199305,-0.21418874737839189,0.21138290560787942,-0.21112846209633424,0.16736223199836564,-0.15706353462431427,0.08992634101160521,-0.06850258549608722,0.02916097902420422,-0.032689361882275,-0.061691896180470294,-0.06128124605245893,-0.19848798678826549,-0.06048942536619534,-0.15487209874718247,-0.06106532228134311,-0.08431017644408335,-0.06121662808293353,-0.02260982685708553,-0.06142363346410882
0.07213707585657958,0.07291021387899264,-0.19836003177787268,0.07354204139672987,-0.18275936525966768,0.07358210113865253,-0.1459563116707225,0.07305450579283475,-0.09505701106359951,0.07281353736923436,0.19838429254586812,-0.204319015727939,0.2078805362787216,-0.20944200374035765,0.19160563262605518,-0.20455001714510831,0.15135679607357078,-0.12827521702414338,0.10641149677718242,-0.13223497062853698,-0.19223700715752343,0.21053030483220112,-0.2150952978930184,0.22068118912193593,-0.22602708290594076,0.2499999999999999,-0.23321202725645424,0.18226766154300583,-0.18261363226521166,0.1439290998645068,0.2083855001045815,-0.21156196047197304,0.21221551214887596,-0.21140194492476255,0.2137577953296517,-0.198750759178984,0.2038595626833683,-0.11618672516140344,0.11344810465530526,-0.03348435660498597,-0.19019398739473775,0.19416724888085826,-0.1927111372837488,0.19265014552270843,-0.15254969021166717,0.15143138661262667,-0.08930325508644188,0.07183266186926428,-0.033375432205444804,0.0370897044690893,0.07303133728251801,0.07267050730681802,0.18016299389585594,0.07188589837747783,0.14022769051008163,0.07245593179740867,0.08375426420181956,0.0725922581443751,0.026796383551604956,0.07281321325498594
-0.06432411581520882,-0.06505567100997894,0.18412600576892857,-0.06565389375448287,0.16836014299081012,-0.06572523383931711,0.1450050460700598,-0.06528109218558932,0.10822155878101294,-0.06496092490948048,-0.1837876926755952,0.1895169892682739,-0.19305473204795773,0.19461532631852818,-0.17696996792179825,0.19020614055049892,-0.1506508296592898,0.1422348105367703,-0.12058350599178169,0.14732534202180164,0.17743869997296133,-0.19550778568512667,0.20008094958983155,-0.2056493180593977,0.21098194124900888,-0.23321202725645424,0.25000000000000017,-0.19767166607938252,0.19799898177907815,-0.1588787951355692,-0.1936036274502594,0.19655595276644466,-0.19724710495254077,0.20380769192322618,-0.20618573879005375,0.20990320858717731,-0.21918611950942474,0.13131596072511542,-0.12859364432703602,0.04836752224631628,0.1836076717336325,-0.18739658463268116,0.19045111538200638,-0.19109858200663646,0.15636417344019365,-0.16259209119457405,0.10253660558966073,-0.0867948829591117,0.048006650688980856,-0.051632585475786884,-0.06518128851962472,-0.06483014247253623,-0.17819261803956055,-0.06403827434793075,-0.14399475612593665,-0.06460259602287607,-0.0968359718304738,-0.06473234299308564,-0.04131660324005588,-0.06496033287507799
0.11598123742760127,0.11667225193394222,-0.15065604202454,0.11700482227025988,-0.1502223383462741,0.11739242109684078,-0.1616506292649055,0.11697402605017294,-0.15901804259536317,0.11665447857928588,0.14636889719339338,-0.15042951242688257,0.15565733305327625,-0.15747179493768373,0.15386980919999035,-0.17020316573240352,0.16730017923207227,-0.19384096405778445,0.1718468062408254,-0.19618715119639257,-0.12610773272303508,0.144326668812403,-0.14894772712699358,0.1544111478169352,-0.1597357031663595,0.18226766154300583,-0.19767166607938252,0.2500000000000004,-0.24829349719895974,0.20960069791174618,0.14536325966110103,-0.14527962662608918,0.14595688124634876,-0.15273598457044144,0.1549029342316603,-0.15862205702253962,0.1678788154057586,-0.08091577691195073,0.08032556410834865,0.00038449336947498497,-0.13251119048645466,0.13606077527006297,-0.1391017718603847,0.1397641541657776,-0.1049298246407665,0.11116384478899093,-0.051639496647371406,0.036361721263991335,-0.002105845494656939,0.006708650573317211,0.1166785605815107,0.11649637445611084,0.1270979096715663,0.11573096968934202,0.09317697162591787,0.11629581186799551,0.0466666652639485,0.11642485701434994,-0.00440757552188567,0.11665376513741352
-0.11523801752849099,-0.11592899600421555,0.1509447880708706,-0.11626475604689422,0.15032418671376624,-0.11664853933560389,0.16133804306566055,-0.11622984239074403,0.1583097037254568,-0.11591023011046346,-0.1467022295018408,0.15077903682445565,-0.15599110552183446,0.1578023954227531,-0.1540298036672695,0.17033282682308204,-0.16698816870931724,0.19293063572652086,-0.17107121892976834,0.1964546624504212,0.12657392640929077,-0.14477312348795382,0.14938682469959916,-0.1548467571312846,0.16017296276707854,-0.18261363226521166,0.19799898177907815,-0.24829349719895974,0.2500000000000002,-0.20996842791008719,-0.1457686479261184,0.14572217817962393,-0.14641989310583614,0.15323211468141346,-0.1554032377129397,0.1591979894942965,-0.16846441213538638,0.08201840238586176,-0.0814266374943442,0.0005610523174357368,0.13298898457048183,-0.13653721558250237,0.13961101827653016,-0.14027999338872643,0.10550455071304446,-0.11176703268309693,0.052540315536695595,-0.03737394210948735,0.003009050576259843,-0.0076140284693325755,-0.11593678293029051,-0.1157528675956911,-0.12761810488565983,-0.11498591492781426,-0.09374933213828748,-0.11555097318973666,-0.04755017337670256,-0.11568019995854323,0.003523211201095129,-0.11590951778872975
0.1551584027088085,0.15582813889647773,-0.1285524083157319,0.15598836052780266,-0.14246536059562515,0.15657426276379294,-0.1761037850273681,0.156181812329489,-0.19637729553320832,0.15586653992073946,0.1211766424035643,-0.12406714520745936,0.1309112864530936,-0.13300159117206503,0.1432376872192196,-0.16377944373130085,0.18185155420798732,-0.21312879394957496,0.2029423510707739,-0.2260450562246374,-0.08768423838801513,0.10605264619333361,-0.1106863618036515,0.1160640683494779,-0.12130288622214493,0.1439290998645068,-0.1588787951355692,0.20960069791174618,-0.20996842791008719,0.25000000000000017,0.1096679983043346,-0.10688288810182404,0.10756706029730645,-0.11434225170510513,0.11634928759855534,-0.1199048079943362,0.1290951368821473,-0.04210123386398304,0.04148457463795187,0.03938883195180103,-0.09412308166923326,0.09749784841845854,-0.10043612096138667,0.10109464908280105,-0.06612560192098485,0.07229813655018498,-0.012725815075175069,-0.002549185027224442,0.034060736190833385,-0.029378979712166128,0.15574039522894603,0.155687642305255,0.08860918823003033,0.15494122261383758,0.054830267168809656,0.15550713246173606,0.008304865049834726,0.15563649111182865,-0.040442196767048626,0.15586575988588447
0.06612452753524818,0.06688005863848623,-0.20338400295718323,0.06751242308744525,-0.18157941337971945,0.06748024111479563,-0.11394274338432975,0.06687359113613985,-0.066209907972369,0.06678336490200669,0.20749001387510974,-0.2137253724888093,0.21306135492847564,-0.21362517648324775,0.18989151450915323,-0.16842269964532217,0.11848786479780384,-0.09582385497568344,0.07551233444679403,-0.09903020102426838,-0.2207028993724781,0.23591438204152582,-0.239918909741358,0.2358956780628738,-0.23090787752177727,0.2083855001045815,-0.1936036274502594,0.14536325966110103,-0.1457686479261184,0.1096679983043346,0.24999999999999992,-0.2416006073066275,0.24093464517419458,-0.2291578023529955,0.2283162771160821,-0.1953890334106857,0.18891552168742065,-0.10088295777203185,0.09761926488071879,-0.017932007106155626,-0.21138739579433222,0.21561203275892082,-0.20731204051004357,0.20611227452040068,-0.1622116802733627,0.14778562782426805,-0.0792226820297237,0.05669183726709516,-0.017755246777485724,0.021305010380719202,0.0670366519426471,0.06663698879717052,0.19440624683121477,0.0658481823867686,0.14981460116901155,0.06642466644209091,0.07373718459291659,0.06658320025585422,0.011251448374687164,0.06678327450349579
-0.05781918116491638,-0.05857553798951817,0.20566286289293562,-0.059249988388574176,0.18198373038851107,-0.05922040200998212,0.11058645285079982,-0.058571528502280215,0.06118298004878654,-0.05846470113432503,-0.2104825507532574,0.2168997919215554,-0.215784168802305,0.21622307648381145,-0.1907856304253086,0.1686028654375582,-0.11546190165273358,0.09172668097133568,-0.07130054045362313,0.09689871501128802,0.2268067218216488,-0.24132332633360343,0.24531777293475027,-0.24004566491351437,0.2350548423658217,-0.21156196047197304,0.19655595276644466,-0.14527962662608918,0.14572217817962393,-0.10688288810182404,-0.2416006073066275,0.2500000000000002,-0.2490418712841898,0.23724734708232698,-0.2355789290632706,0.20192577016155627,-0.1939762698077349,0.10597885194259252,-0.1026087498158099,0.02305964916325851,0.21968003236110156,-0.22394400552719657,0.2156543151021823,-0.21445363360827696,0.17053604302430644,-0.15452294764621127,0.08511466249220287,-0.061909275664834715,0.022428983583503315,-0.025895741227378984,-0.058747001618193254,-0.05832260042294391,-0.2026966006112531,-0.05752938539651887,-0.15805380781514478,-0.05810592641944128,-0.07953722561311559,-0.05826762026285253,-0.01590683017889485,-0.058464560824233736
