x1,x2,x3,x4,x5,x6,x7,x8,x9,x10,x11,x12,x13,x14,x15,x16,x17,x18,x19,x20,x21,x22,x23,x24,x25,x26,x27,x28,x29,x30,x31,x32,x33,x34,x35,x36,x37,x38,x39,x40,x41,x42,x43,x44,x45,x46,x47,x48,x49,x50,x51,x52,x53,x54,x55,x56,x57,x58,x59,x60
0.25000000000000006,0.24953735659716758,0.2487751633768082,0.24992098097932236,0.24971485542901728,0.2499111025631028,0.24991220118675833,0.24988797116444245,0.24983978066618487,0.24994986195291233,0.24960149600045686,0.24914622629856953,0.2377233069710645,0.24903940615490416,0.23864914201947943,0.24870738759623706,0.24145654773649966,0.24803842390119524,0.24308592033088608,0.2499404194528696,0.2499258430798891,0.2432351921272799,0.24513948260049434,0.24279988318436393,0.24828314169565227,0.235230444581985,0.24790345939832756,0.23602780994289083,0.24838775289721074,0.24958808906266577,0.24992980619931435,0.24282315172691843,0.245282863473596,0.24388594665370822,0.2443649448661244,0.24078061329384243,0.24524136082386752,0.2407980597745596,0.24717824409412834,0.24959767995137977,0.2496632187058948,0.24877289793823423,0.2378740650155198,0.24908327358943877,0.23993037213111748,0.24845212008943898,0.23985881368827772,0.2479425924497503,0.24377084076938638,0.2499389836549593,0.24990457962306792,0.24960687627689235,0.24912423561527824,0.24994330834324158,0.2497140684262512,0.24993308783148224,0.24994505441860496,0.24989114575285198,0.24991015566823316,0.249949922754859
0.24953735659716758,0.25000000000000006,0.24841036209323844,0.24955632740714598,0.24935050961552252,0.24954646319521434,0.24954756598043754,0.24952336653517113,0.24947524861226544,0.24958516726761903,0.24923730913130984,0.2487831901768608,0.2373760446935389,0.24867599338518317,0.23830029166598904,0.24834451158777612,0.24110416019886316,0.24767651233220492,0.24273125538852494,0.249575738429885,0.24956118306002764,0.24287976328804164,0.24478173025443492,0.242445444063811,0.24792086521963624,0.23488709629771587,0.24754173887329686,0.23568334258990617,0.24802533555612372,0.2492239216675805,0.24956514073269842,0.2424688196670561,0.24492498550242553,0.24353006045852604,0.24400837611415838,0.2404292763413339,0.244883520939897,0.2404467007616787,0.24681757769943916,0.2492334985021617,0.24929894204768469,0.2484099142468191,0.237526974892308,0.24871984379194814,0.23958028788488925,0.24808960888668677,0.23950883619664168,0.24758082510302873,0.2434151583631802,0.24957430477532422,0.2495399509876332,0.24924268195282506,0.24876074433953096,0.24957862319908317,0.24934971678006204,0.24956841760077292,0.24958036665999764,0.24952653671870195,0.24954551890378907,0.24958522796088323
0.2487751633768082,0.24841036209323844,0.24999999999999997,0.24879399839402613,0.24858843654414567,0.2487842055931422,0.24878538116516052,0.24876121859180333,0.24871309567643513,0.248822826773758,0.24847483187703373,0.24813253683782918,0.23661046334211042,0.24792132790544982,0.2375508196414905,0.24759366472809538,0.2403595296540442,0.24692125224369438,0.24198928359103145,0.24881343437900733,0.24879893393794975,0.24212932115873884,0.24403927792354843,0.24171218293439312,0.24716537112057926,0.2341670416216438,0.24678599623834138,0.2349606420347392,0.24726833246404312,0.24846267782307407,0.24880286744001476,0.24172938429527926,0.24417525313981944,0.24278638410042366,0.24326109431980739,0.2396951472681439,0.2441364327341987,0.23971268773872087,0.24606352198785905,0.2484722421041496,0.24853747810213753,0.24765062973334426,0.2368011386057413,0.24796024481577444,0.2388486748954757,0.24733179558351656,0.2387775187774236,0.24682471604088405,0.24267186257684134,0.24881199920737776,0.24877774983300824,0.24848138515038198,0.2480009242090789,0.24881630384282022,0.24858809959010855,0.2488061294972314,0.24881804193040113,0.2487643765459931,0.24878330357059403,0.248822888521018
0.24992098097932236,0.24955632740714598,0.24879399839402613,0.25000000000000006,0.24973384149399613,0.24993010266115276,0.24993120214176134,0.24990696961088393,0.24985877573466894,0.2499688651336842,0.24962047287976602,0.24916523496768014,0.2377413417001634,0.24905833463191768,0.23866721750180556,0.2487262967277095,0.24147489629661986,0.24805728096542312,0.24310440359122232,0.24995942190150736,0.24994484438872583,0.24325362759137242,0.24515811076719907,0.24281832187939195,0.24830201641258345,0.23524831373357083,0.24792230559195086,0.236045744689944,0.24840663702815746,0.24960706467079133,0.2499488078493767,0.24284160874619182,0.24530151290129776,0.2439044841626932,0.24438352096547267,0.24079891685599142,0.24526000409761645,0.24081636504348944,0.24719703469973647,0.24961665628073984,0.2496822000685297,0.24879181095271877,0.2378921483461196,0.2491022109327401,0.23994861248901145,0.2484710091848189,0.2398770488783247,0.2479614428385029,0.2437893737469343,0.2499579860005251,0.24992357935854345,0.24962585337189647,0.24914317587629106,0.2499623110231019,0.24973305355999367,0.24995208973440744,0.2499640572233549,0.24991014446701396,0.2499291558281522,0.2499689259377187
0.24971485542901728,0.24935050961552252,0.24858843654414567,0.24973384149399613,0.25000000000000006,0.24972396868847152,0.24972512776328665,0.24970085566858655,0.24965271747121393,0.24976270033518436,0.2494146018938066,0.24896926838555383,0.23754185345568943,0.24885274126674212,0.23846147485727928,0.24852134828004127,0.2412749794335764,0.2478525488732633,0.24290441565263185,0.24975326357353683,0.24973869475833696,0.24304918148686583,0.24495515346485522,0.24261655930927428,0.24809706835725878,0.23505281731777825,0.24771767340028591,0.23584951574076216,0.2482016800282834,0.24940118663102012,0.24974265847390514,0.24264069303417582,0.24509931150113864,0.24370268089305916,0.24418176705602224,0.24059996795629016,0.24505727627563723,0.2406174364650326,0.2469928588485142,0.2494107695989769,0.24947626735776893,0.2485865413794654,0.23769567770840078,0.24889675904331424,0.2397505333477244,0.2482660470746868,0.2396790725716015,0.24775688963513115,0.2435882242155525,0.24975182902950996,0.24971745165981055,0.2494199704602357,0.2489376680790115,0.24975615137500892,0.24952706442617534,0.24974593852617535,0.2497578950363048,0.2497040278539758,0.24972302336210248,0.24976276084419147
0.2499111025631028,0.24954646319521434,0.2487842055931422,0.24993010266115276,0.24972396868847152,0.25000000000000006,0.24992132215370155,0.24989709177903438,0.2498488992975154,0.2499589848202964,0.2496106043365801,0.24915533683681018,0.2377319254816398,0.24904849973957072,0.2386578187402199,0.24871647103937472,0.2414653519210149,0.2480474783875218,0.24309479116300847,0.24994954198560113,0.24993496509385485,0.24324405056431586,0.24514843588200827,0.24280875318723197,0.2482922056926685,0.2352390291607986,0.2479125081231974,0.2360364238095946,0.24839681942763403,0.249597198738807,0.24993892834253204,0.2428320164287346,0.2452918138645192,0.2438948491601126,0.244373862062885,0.24078940222807627,0.2452503132935105,0.24080684947706518,0.24718726601421348,0.24960678999320202,0.24967233112081366,0.2487819773764286,0.23788274719580274,0.24909236491715606,0.23993912972771447,0.24846118829685743,0.23986756869381795,0.24795164222706514,0.2437797384322315,0.24994810612902207,0.24991370083965742,0.24961598662526352,0.24913332838722327,0.2499524309733107,0.24972318271890132,0.2499422100885793,0.24995417711357532,0.249900266479122,0.24991927709134718,0.24995904562641927
0.24991220118675833,0.24954756598043754,0.24878538116516052,0.24993120214176134,0.24972512776328665,0.24992132215370155,0.2500000000000002,0.24989819024194582,0.24984999967283128,0.24996008367707176,0.24961170912617414,0.2491569390422586,0.2377330636450106,0.24904955935088127,0.2386588667975259,0.2487175577800373,0.2414663873024231,0.2480485613403938,0.243095872002465,0.24995064067474967,0.24993606352017073,0.2432449972848157,0.24514943888229632,0.2428096833345385,0.2482932781376231,0.23523997371036048,0.24791358453188758,0.23603739966294848,0.24839790691846395,0.24959829545123113,0.24994002706575377,0.2428330575756042,0.24529290150035524,0.24389589294537908,0.24437491840320966,0.2407904439396774,0.24525137908560218,0.2408078933693381,0.24718834108670495,0.24960788678975948,0.24967342852474328,0.24878306672313327,0.2378837818831147,0.24909345989603013,0.23994017774135604,0.24846227890353886,0.2398686178263104,0.24795273088658368,0.24378080723074794,0.24994920487708497,0.2499147994744672,0.24961708390457443,0.24913442259312465,0.24995352977781304,0.249724279713185,0.24994330884891838,0.24995527587360938,0.2499013650551264,0.24992037575494574,0.24996014446083564
0.24988797116444245,0.24952336653517113,0.24876121859180333,0.24990696961088393,0.24970085566858655,0.24989709177903438,0.24989819024194582,0.2500000000000003,0.24982577372103287,0.24993584899169327,0.2495875006782795,0.24913227102108795,0.23770992168742952,0.24902544641902402,0.23863568392433673,0.24869344769946033,0.24144299923333823,0.24802451792899713,0.24307229396316332,0.2499264070182386,0.24991183145164228,0.2432215345364403,0.2451257382044373,0.24278626883531754,0.24826922192404458,0.23521724622795828,0.24788955979248917,0.23601456507873883,0.2483738270919157,0.2495740962964915,0.2499157943615013,0.24280953593340535,0.24526911020136222,0.24387227014831042,0.24435124107318426,0.24076711255885852,0.2452276097984991,0.24078455838936091,0.24716438453051867,0.2495836866728413,0.2496492217899889,0.24875894982431565,0.23786072727163896,0.2490693091803822,0.2399169200674004,0.24843819080957436,0.23984536593175645,0.24792869183325641,0.24375717395229166,0.24992497129846394,0.24989056920046473,0.2495928825362447,0.24911026880216672,0.249929295749276,0.24970006857209626,0.24991907581064854,0.2499310417189774,0.24987713608343146,0.24989614493479767,0.24993590979022068
0.24983978066618487,0.24947524861226544,0.24871309567643513,0.24985877573466894,0.24965271747121393,0.2498488992975154,0.24984999967283128,0.24982577372103287,0.25000000000000017,0.2498876492449664,0.24953936473595248,0.24908440503451912,0.23766385252280595,0.2489774378613814,0.23858942551865736,0.24864550743624858,0.24139644687121067,0.24797669494198177,0.24302540906518927,0.24987820919722756,0.24986363656629,0.2431744912564203,0.2450785239441467,0.2427395248451816,0.24822136344548018,0.23517194548447354,0.24784177050564277,0.23596910867996565,0.2483259356428393,0.24952596692168613,0.2498675985153091,0.24276272758282694,0.24522181109501034,0.24382526049426925,0.24430413983758953,0.24072069431002383,0.24518033026049457,0.2407381354415192,0.24711672959508613,0.2495355552575769,0.24960107750202476,0.24871098210082412,0.23781486536128452,0.24902127733256402,0.23987065762490076,0.2483902817567439,0.23979911626435713,0.24788088060471716,0.24371016798654274,0.2498767736987282,0.24984237820142194,0.24954474899006607,0.2490622291514204,0.24988109728243524,0.24965191502852463,0.2498708793139754,0.2498828429644627,0.2498289476747164,0.2498479528545133,0.2498877100470755
0.24994986195291233,0.24958516726761903,0.248822826773758,0.2499688651336842,0.24976270033518436,0.2499589848202964,0.24996008367707176,0.24993584899169327,0.2498876492449664,0.25,0.24964931892375627,0.24919396222653606,0.2377688536894305,0.24908712144657846,0.23869486598902093,0.24875503926518536,0.24150281007062951,0.2480859473646061,0.24313249491204328,0.2499883073291105,0.24997372816340782,0.24328179529701582,0.2451864506798189,0.24284640304453162,0.2483307120550193,0.23527551406045655,0.24795095699948272,0.23607303215736272,0.24843534328715744,0.24963590943308492,0.24997769204203432,0.24286967595516593,0.24532985895751636,0.24393267450456527,0.24441176448467297,0.24082674617552208,0.24528834836657695,0.24084419599966522,0.24722560273905642,0.24964550215951997,0.2497110534711341,0.2488205621161204,0.23791964100699675,0.24913099723879428,0.2399763421089539,0.2484997228108318,0.23990476995689194,0.2479900975473882,0.2438175465715313,0.24998687125603777,0.24995246063244228,0.24965470024712524,0.24917196711261355,0.24999119677292872,0.2497619129339596,0.24998097430294855,0.24999294318281787,0.24993902418833489,0.24995803774596884,0.24999781245184893
0.24960149600045686,0.24923730913130984,0.24847483187703373,0.24962047287976602,0.2494146018938066,0.2496106043365801,0.24961170912617414,0.2495875006782795,0.24953936473595248,0.24964931892375627,0.25000000000000017,0.24885121430013205,0.237433529187578,0.24873952231870627,0.23836440076899604,0.24840827743792923,0.2411671039566125,0.247740183791775,0.24279404150164688,0.24963988912758153,0.24962532983531224,0.24293669068323212,0.2448453091282358,0.24250741195532252,0.2479849791714278,0.23494842864111096,0.24760576692660846,0.2357453644658636,0.24808926029459366,0.24928799516482925,0.24962928711253093,0.2425312060285531,0.24498832061269818,0.24359291325621296,0.2440718694493341,0.24049126446044755,0.2449466452809348,0.24050867427704928,0.24688121911901362,0.24929756545346948,0.24936302354628953,0.2484739352336334,0.23758819522919816,0.2487838009689085,0.23964192369746343,0.24815342485687578,0.239570437295401,0.24764448362845798,0.24347773877185935,0.24963845426180442,0.24960409106303227,0.24930674681591627,0.24882469914970173,0.24964277323320272,0.24941382104663506,0.24963256498999645,0.2496445181763038,0.24959067334126028,0.2496096599999103,0.24964937966870474
0.24914622629856953,0.2487831901768608,0.24813253683782918,0.24916523496768014,0.24896926838555383,0.24915533683681018,0.2491569390422586,0.24913227102108795,0.24908440503451912,0.24919396222653606,0.24885121430013205,0.25000000000000006,0.23704697763292792,0.24831240589792597,0.237904653484851,0.24798738789504798,0.24070932969844286,0.24729272491490817,0.24233718928798983,0.249184541556428,0.24917001525189258,0.24249916859749204,0.24439397798226997,0.24208612759107245,0.2475311091807207,0.23451618150689374,0.24715448936234144,0.23531087758303787,0.24763637005512332,0.24883327251737933,0.24917396370369338,0.2420859485911906,0.24454247816798816,0.24314589209653442,0.24362597938895822,0.24005124821230833,0.24449840973277193,0.24006874849824045,0.24643026739834584,0.24884281360148558,0.2489081743722525,0.24802089632771493,0.2371543046947829,0.24833006853634637,0.23920423889051076,0.24770075087301618,0.23913297381771242,0.24719262840431422,0.24303333542103966,0.24918311457298944,0.2491488166139259,0.2488520135311744,0.24837077859404386,0.2491874282358567,0.24895884213599123,0.24917723861959312,0.2491891677316324,0.2491354233791303,0.24915437423288292,0.24919402262766407
0.2377233069710645,0.2373760446935389,0.23661046334211042,0.2377413417001634,0.23754185345568943,0.2377319254816398,0.2377330636450106,0.23770992168742952,0.23766385252280595,0.2377688536894305,0.237433529187578,0.23704697763292792,0.2500000000000001,0.23687030333729342,0.22689867175206394,0.23659712876310426,0.22974773931482742,0.23596135137964844,0.23126977624136297,0.23775985567958965,0.23774591682151722,0.2314493226403648,0.23315595325269722,0.2309466980321232,0.2361719244444088,0.22373071287626314,0.23581901007208955,0.22452417486259335,0.23627959033194773,0.23742461700655,0.23774975623077896,0.2309818514877133,0.23333780981350372,0.23200051351282208,0.2324635222802342,0.22904523438310698,0.23328304732198923,0.22905848409590596,0.2351315148043129,0.23743370354513393,0.23749614979412115,0.23665229867265947,0.2262811944082595,0.23694409403367594,0.22823524208521287,0.23634416234590946,0.22816712840244166,0.23585869310916932,0.23188924153641896,0.23775849742644337,0.23772577854199342,0.23744259670777965,0.23698328226011017,0.23776262024191144,0.23754441453451008,0.23775289747383196,0.23776427703140338,0.23771299934915097,0.23773106719637452,0.23776891192194943
0.24903940615490416,0.24867599338518317,0.24792132790544982,0.24905833463191768,0.24885274126674212,0.24904849973957072,0.24904955935088127,0.24902544641902402,0.2489774378613814,0.24908712144657846,0.24873952231870627,0.24831240589792597,0.23687030333729342,0.24999999999999994,0.2377978626528786,0.2478794757805654,0.24059608526563525,0.24719977384158295,0.24223889855691172,0.24907770635716542,0.24906312461802085,0.2424312420207167,0.24428812974930644,0.2419387476956129,0.24742670845389972,0.23440428131121047,0.24704760749296828,0.2352046046482007,0.2475303324920631,0.24872654321291507,0.24906712737052436,0.2419766982073577,0.2444424553168234,0.2430356678042326,0.24352199151775988,0.23994577866258224,0.24439164265204938,0.23996454217265778,0.24632250060553657,0.24873605529920537,0.24880143610918018,0.24791382633469655,0.2370507407212435,0.24822379389950955,0.23910080921331558,0.24759434078289733,0.23902982871479897,0.24708640717222577,0.2429288052900214,0.24907627348877098,0.24904199532170163,0.2487453125932846,0.2482641477404311,0.24908059030679394,0.24885199135818697,0.24907040516976706,0.2490823219403234,0.24902860786489045,0.2490475514053045,0.24908718199157248
0.23864914201947943,0.23830029166598904,0.2375508196414905,0.23866721750180556,0.23846147485727928,0.2386578187402199,0.2386588667975259,0.23863568392433673,0.23858942551865736,0.23869486598902093,0.23836440076899604,0.237904653484851,0.22689867175206394,0.2377978626528786,0.24999999999999975,0.23745851790707234,0.23054904704083742,0.23684902931719096,0.2321879405176699,0.2386858420302175,0.23867181912887614,0.23230877399458447,0.23407774455209662,0.23191039159637847,0.23709750455190834,0.2245791257745346,0.23674159327960334,0.22539394841419583,0.23720255570738194,0.23834937740810322,0.23867568315764434,0.23186891091469583,0.23425208348696253,0.23288673252797,0.23336752911424455,0.2299325226898017,0.23419033333078526,0.2299514575937867,0.23604371337243416,0.2383583767546569,0.23842110698849966,0.23757215781980864,0.22715976711108765,0.2378678756803571,0.22912399892116464,0.2372643976544988,0.22905609529990117,0.2367773330079223,0.23279276840174842,0.2386844669745144,0.23865162316572566,0.23836732405080985,0.23790613737072208,0.2386886080627053,0.23846947456570233,0.23867884773102963,0.23869026342853814,0.23863879424963153,0.23865694082852137,0.23869492458299493
0.24870738759623706,0.24834451158777612,0.24759366472809538,0.2487262967277095,0.24852134828004127,0.24871647103937472,0.2487175577800373,0.24869344769946033,0.24864550743624858,0.24875503926518536,0.24840827743792923,0.24798738789504798,0.23659712876310426,0.2478794757805654,0.23745851790707234,0.2500000000000002,0.24026971486920382,0.24688640815482904,0.24190384740571383,0.2487459149956772,0.24873110001776574,0.2420484981174597,0.2440747814117729,0.24163967115287338,0.24714529797167828,0.23404514718508682,0.24672726229046715,0.23484466017876288,0.247201848081219,0.24839479068389506,0.24873513941514086,0.24166462122949367,0.24410318140874018,0.2427241445149505,0.24318359389591362,0.2396337849536576,0.24406448102963413,0.2396455914794676,0.24599143377571617,0.24840446225255394,0.24846969973981617,0.24758177870125747,0.23673299290164027,0.24789340314926417,0.238781017364666,0.24726452688087414,0.23871134902161384,0.2467568506815598,0.24260505841043142,0.2487442047373546,0.24870997328497227,0.24841367846562146,0.24793309325836907,0.24874851671317882,0.24852018926999495,0.24873834527079264,0.24875024472353607,0.24869660370073393,0.24871552525201435,0.24875509973830887
0.24145654773649966,0.24110416019886316,0.2403595296540442,0.24147489629661986,0.2412749794335764,0.2414653519210149,0.2414663873024231,0.24144299923333823,0.24139644687121067,0.24150281007062951,0.2411671039566125,0.24070932969844286,0.22974773931482742,0.24059608526563525,0.23054904704083742,0.24026971486920382,0.25000000000000017,0.23959479486616295,0.23485297133943125,0.24149352732908536,0.24147957893107322,0.2350427335431764,0.23675864415591738,0.23491755839510173,0.23985690642229812,0.22723917021425635,0.23952089676119262,0.22804105940252975,0.23998690558811572,0.2411530576646872,0.24148337319514993,0.23459160945265112,0.23702896079508554,0.2356233889326513,0.23609945291705808,0.23262956547722405,0.23694017926435293,0.2326466124627898,0.2388215741422105,0.2411622126132887,0.2412257695128325,0.24036981453331055,0.22983255559754703,0.24066537264618976,0.23181705784109524,0.24005503829722713,0.23174785521036786,0.23956246986095028,0.23552965366783268,0.24149227634724615,0.24145905802215784,0.24117141318869778,0.2407045737736034,0.24149647803852392,0.24127455148476684,0.2414866029032464,0.24149814094539626,0.24144607823653627,0.24146443213930252,0.2415028688740465
0.24803842390119524,0.24767651233220492,0.24692125224369438,0.24805728096542312,0.2478525488732633,0.2480474783875218,0.2480485613403938,0.24802451792899713,0.24797669494198177,0.2480859473646061,0.247740183791775,0.24729272491490817,0.23596135137964844,0.24719977384158295,0.23684902931719096,0.24688640815482904,0.23959479486616295,0.2500000000000001,0.24122938412189135,0.24807687372863493,0.24806214366202725,0.24137989075767433,0.24347395693360507,0.24097175568225943,0.2465335423270216,0.2334227242882708,0.24606606006393458,0.23416571777824224,0.2465314387631097,0.24772614904789703,0.24806618179795786,0.24104481559559737,0.24343490022865608,0.24210751861971913,0.2425149620690077,0.2389951377921182,0.2434030124680762,0.2389932509180385,0.24532846834389738,0.24773615822016645,0.24780123141909638,0.2469144564387667,0.23609483423149297,0.24722487529451215,0.23813493346527323,0.24659943886953625,0.23806649090794033,0.24609208930441845,0.24195057605215384,0.24807512810504245,0.24804100258247574,0.24774550296949596,0.24726586930689012,0.2480794425400837,0.2478514697406985,0.24806929833080327,0.24808115500491962,0.24802766901060644,0.24804652834883456,0.24808600770895697
0.24308592033088608,0.24273125538852494,0.24198928359103145,0.24310440359122232,0.24290441565263185,0.24309479116300847,0.243095872002465,0.24307229396316332,0.24302540906518927,0.24313249491204328,0.24279404150164688,0.24233718928798983,0.23126977624136297,0.24223889855691172,0.2321879405176699,0.24190384740571383,0.23485297133943125,0.24122938412189135,0.2500000000000002,0.24312305750433835,0.24310901198836785,0.23677003102396188,0.2383840177520309,0.23630005592674333,0.2414958012353229,0.2288995119719886,0.24113072978782196,0.22955338622660823,0.24160254609813325,0.24278019554301258,0.24311297837498475,0.23619451505404826,0.2385968370081118,0.23722854866933427,0.23769429927571303,0.23419690565817874,0.23854710640586285,0.2342131415161386,0.24043812807966142,0.24278961819752984,0.242853462886645,0.2419893236192745,0.23138733851852478,0.2422878923085428,0.23338181519115261,0.2416753418237003,0.23331160125065542,0.24117819639556257,0.2371188689836312,0.24312188881572494,0.24308844755733708,0.24279886195707984,0.24232887404655143,0.24312612017555266,0.2429026828631017,0.24311617832299523,0.24312779481032482,0.24307538018265493,0.24309385582012744,0.2431325540480369
0.2499404194528696,0.249575738429885,0.24881343437900733,0.24995942190150736,0.24975326357353683,0.24994954198560113,0.24995064067474967,0.2499264070182386,0.24987820919722756,0.2499883073291105,0.24963988912758153,0.249184541556428,0.23775985567958965,0.24907770635716542,0.2386858420302175,0.2487459149956772,0.24149352732908536,0.24807687372863493,0.24312305750433835,0.24999999999999992,0.24996428449338298,0.24327285657293551,0.2451771040044592,0.2428371041159154,0.24832130344199527,0.23526640201941965,0.24794157952447093,0.2360640416361855,0.24842595424359779,0.2496264781186742,0.24996824846273494,0.24286046585453805,0.24532059568945333,0.2439234347784701,0.2444025196052039,0.24081763971105438,0.24527905800721606,0.24083508330410733,0.24721624724925567,0.24963607054387088,0.2497016198399236,0.24881116079232526,0.237910638410942,0.2491215857364984,0.2399672672176322,0.24849033322828049,0.23989569978580896,0.24798072704653426,0.2438083314062251,0.24997742731278136,0.2499430180339643,0.2496452688625287,0.24916255278603935,0.2499817527109061,0.24975247660771127,0.2499715306275346,0.24998349900195244,0.24992958209770272,0.24994859492602925,0.2499883681403525
0.2499258430798891,0.24956118306002764,0.24879893393794975,0.24994484438872583,0.24973869475833696,0.24993496509385485,0.24993606352017073,0.24991183145164228,0.24986363656629,0.24997372816340782,0.24962532983531224,0.24917001525189258,0.23774591682151722,0.24906312461802085,0.23867181912887614,0.24873110001776574,0.24147957893107322,0.24806214366202725,0.24310901198836785,0.24996428449338298,0.25000000000000006,0.24326079879768736,0.24516318407904378,0.2428224310766643,0.24830691244360803,0.2352528883845899,0.24792718008201192,0.23605051949550637,0.2484115043908343,0.24961192241222657,0.24995367034563093,0.2428461745249297,0.24530647683840667,0.24390903764635194,0.2443883385758179,0.24080357090907545,0.24526476838396966,0.24082109354846706,0.2472018118859,0.24962151263448223,0.24968705777813913,0.24879663700444715,0.23789675598550605,0.24910706955884981,0.23995329123361697,0.248475841069781,0.23988172738705452,0.24796626632943036,0.24379412483044877,0.24996284883812775,0.2499284415093655,0.2496307096227312,0.24914802267651595,0.2499671739251652,0.2497379120065715,0.24995695243990912,0.24996892015247502,0.24991500635673292,0.24993401817199062,0.24997378897103345
0.2432351921272799,0.24287976328804164,0.24212932115873884,0.24325362759137242,0.24304918148686583,0.24324405056431586,0.2432449972848157,0.2432215345364403,0.2431744912564203,0.24328179529701582,0.24293669068323212,0.24249916859749204,0.2314493226403648,0.2424312420207167,0.23230877399458447,0.2420484981174597,0.2350427335431764,0.24137989075767433,0.23677003102396188,0.24327285657293551,0.24326079879768736,0.24999999999999983,0.2384796892767092,0.23639102845516893,0.24164459900393162,0.228954764238069,0.24128898619737682,0.22978882364135125,0.24176475567735195,0.24292993488784062,0.24326229000523042,0.23633813004461945,0.23876900856473746,0.23737629136047728,0.23785591545554075,0.23435371387490295,0.23871499058363788,0.23437370186714154,0.2405906207378242,0.24293910636258417,0.24300287237207852,0.24213862359594382,0.23153137708773602,0.2424392504360387,0.23353200256010767,0.2418244140790657,0.23346077314168018,0.24132914660688728,0.2372685482803237,0.2432712162104241,0.24323772101519486,0.2429479579683978,0.2424784280203251,0.24327541630772254,0.24305247369461433,0.24326546864475257,0.2432771257548349,0.2432246455093616,0.24324315863211776,0.24328185448080236
0.24513948260049434,0.24478173025443492,0.24403927792354843,0.24515811076719907,0.24495515346485522,0.24514843588200827,0.24514943888229632,0.2451257382044373,0.2450785239441467,0.2451864506798189,0.2448453091282358,0.24439397798226997,0.23315595325269722,0.24428812974930644,0.23407774455209662,0.2440747814117729,0.23675864415591738,0.24347395693360507,0.2383840177520309,0.2451771040044592,0.24516318407904378,0.2384796892767092,0.24999999999999978,0.23805037574192017,0.2437002842590722,0.23054698214465152,0.2432920236479228,0.23140722946968423,0.24368259642219572,0.24482970649348462,0.24516659913637945,0.2382012402641299,0.24052414430180494,0.2392490765870507,0.23963477144257306,0.23625763246958692,0.2404850975680281,0.2362422065883528,0.242427070571087,0.24484049256891116,0.2449051400514324,0.24401841034159816,0.23330831919310832,0.24433356755930974,0.23535082706046295,0.24371049594820623,0.23528815188328106,0.2432121047274603,0.23912252203752643,0.24517573542523724,0.24514203101181015,0.244849972350441,0.24437501877359205,0.24518002230632863,0.2449540961221533,0.2451699962564391,0.2451816928826165,0.24512885339843932,0.24514746962363188,0.2451865102739955
0.24279988318436393,0.242445444063811,0.24171218293439312,0.24281832187939195,0.24261655930927428,0.24280875318723197,0.2428096833345385,0.24278626883531754,0.2427395248451816,0.24284640304453162,0.24250741195532252,0.24208612759107245,0.2309466980321232,0.2419387476956129,0.23191039159637847,0.24163967115287338,0.23491755839510173,0.24097175568225943,0.23630005592674333,0.2428371041159154,0.2428224310766643,0.23639102845516893,0.23805037574192017,0.2499999999999998,0.24118515679896751,0.2287639687843908,0.24086290057172022,0.22941505770553075,0.24133680544865035,0.24249535098003747,0.24282691484475233,0.2358787342099192,0.23841599916733514,0.2369245007270332,0.23742125849706305,0.23392379709991484,0.23829846338649055,0.23393858642235546,0.2401592247047447,0.242504086551898,0.24256786522171092,0.24170866606735314,0.23111554783100577,0.2420056925046342,0.23310743771149103,0.24139319714092927,0.23303720186692045,0.2408971998249689,0.23684040299057668,0.24283582440386348,0.2428024075162473,0.24251317347826093,0.24204409031872945,0.24284003571180326,0.24261719463786358,0.24283010556109558,0.24284172779343596,0.24278935544248603,0.24280781461982828,0.24284646202801438
0.24828314169565227,0.24792086521963624,0.24716537112057926,0.24830201641258345,0.24809706835725878,0.2482922056926685,0.2482932781376231,0.24826922192404458,0.24822136344548018,0.2483307120550193,0.2479849791714278,0.2475311091807207,0.2361719244444088,0.24742670845389972,0.23709750455190834,0.24714529797167828,0.23985690642229812,0.2465335423270216,0.2414958012353229,0.24832130344199527,0.24830691244360803,0.24164459900393162,0.2437002842590722,0.24118515679896751,0.24999999999999983,0.23362808046880412,0.246337286146987,0.23456073575132624,0.246806476033564,0.24797018173106597,0.2483107537107166,0.24135020092216056,0.24379257123001724,0.2423556862705422,0.24275615689553615,0.2392233672034099,0.2436414793956006,0.23924282809594458,0.24558845728148349,0.24798076549437903,0.24804563235506782,0.24716534585561384,0.2363353320521426,0.24746664347566466,0.2383814529483038,0.24683882216452474,0.23830805067034894,0.2463333915310801,0.24219267582904497,0.2483198907158537,0.2482857228788005,0.24798990867455256,0.24751006095510195,0.24832420038676975,0.24809608267448707,0.2483140465403104,0.2483259181250963,0.2482723761893124,0.24829127490343988,0.24833077245019183
0.235230444581985,0.23488709629771587,0.2341670416216438,0.23524831373357083,0.23505281731777825,0.2352390291607986,0.23523997371036048,0.23521724622795828,0.23517194548447354,0.23527551406045655,0.23494842864111096,0.23451618150689374,0.22373071287626314,0.23440428131121047,0.2245791257745346,0.23404514718508682,0.22723917021425635,0.2334227242882708,0.2288995119719886,0.23526640201941965,0.2352528883845899,0.228954764238069,0.23054698214465152,0.2287639687843908,0.23362808046880412,0.2499999999999998,0.23323251234073966,0.22189146789724712,0.23384505309467316,0.2349372063835674,0.235256424613189,0.22831142713157201,0.23135042246760976,0.22932490169853154,0.2299875938896786,0.22656579688539308,0.2307856401368188,0.22661651622228163,0.23264234887940946,0.23494305274073357,0.23500570081129124,0.23419724631340638,0.22389319490758225,0.23447775868439194,0.22582244683421235,0.23386937776652533,0.22576086734597384,0.2333862043333271,0.2294511587797851,0.23526521263964575,0.23523288994565283,0.23495265333252666,0.23449692918525272,0.23526934478171427,0.23505239304599304,0.23525972472753448,0.23527091930200625,0.2352202450340318,0.2352381147408695,0.23527557130097831
0.24790345939832756,0.24754173887329686,0.24678599623834138,0.24792230559195086,0.24771767340028591,0.2479125081231974,0.24791358453188758,0.24788955979248917,0.24784177050564277,0.24795095699948272,0.24760576692660846,0.24715448936234144,0.23581901007208955,0.24704760749296828,0.23674159327960334,0.24672726229046715,0.23952089676119262,0.24606606006393458,0.24113072978782196,0.24794157952447093,0.24792718008201192,0.24128898619737682,0.2432920236479228,0.24086290057172022,0.246337286146987,0.23323251234073966,0.24999999999999975,0.23403325615026438,0.2464304609948174,0.2475911538682614,0.2479310205560116,0.2410039741677765,0.24372850716235966,0.242107511110315,0.24256949442281975,0.238846706168338,0.24324364539503845,0.2388398937789121,0.24524151196448377,0.24760062378560724,0.2476664040674956,0.2467917988758614,0.23597040500619243,0.24709505580522068,0.2380098228506338,0.246458619649708,0.23793154229262642,0.24595612744077236,0.2418144771022959,0.24794011820209727,0.24790603654483626,0.24761071294232032,0.2471306536941264,0.24794445632724244,0.24771606879678315,0.24793431711538017,0.2479461753182299,0.2478927103556303,0.2479115279074739,0.24795101731443617
0.23602780994289083,0.23568334258990617,0.2349606420347392,0.236045744689944,0.23584951574076216,0.2360364238095946,0.23603739966294848,0.23601456507873883,0.23596910867996565,0.23607303215736272,0.2357453644658636,0.23531087758303787,0.22452417486259335,0.2352046046482007,0.22539394841419583,0.23484466017876288,0.22804105940252975,0.23416571777824224,0.22955338622660823,0.2360640416361855,0.23605051949550637,0.22978882364135125,0.23140722946968423,0.22941505770553075,0.23456073575132624,0.22189146789724712,0.23403325615026438,0.25000000000000006,0.23451893370301488,0.2357312362178216,0.23605383524566625,0.22909260854459476,0.2319449696085173,0.23007440677679186,0.23098190367190938,0.2272634866288092,0.23151979020357713,0.22741676441567318,0.23340036226685257,0.23573922847968037,0.2358019878986334,0.23497347431623183,0.22464904113706802,0.235275417286614,0.22658726960089814,0.23465800944606885,0.22652904800565116,0.23416653181611422,0.23023157132793887,0.2360626655063081,0.2360302632834878,0.23574900877723548,0.23529064623264054,0.2360668411283231,0.23584833511624181,0.23605718927224348,0.236068377309128,0.23601757580113608,0.2360355282461826,0.23607308962882909
0.24838775289721074,0.24802533555612372,0.24726833246404312,0.24840663702815746,0.2482016800282834,0.24839681942763403,0.24839790691846395,0.2483738270919157,0.2483259356428393,0.24843534328715744,0.24808926029459366,0.24763637005512332,0.23627959033194773,0.2475303324920631,0.23720255570738194,0.247201848081219,0.23998690558811572,0.2465314387631097,0.24160254609813325,0.24842595424359779,0.2484115043908343,0.24176475567735195,0.24368259642219572,0.24133680544865035,0.246806476033564,0.23384505309467316,0.2464304609948174,0.23451893370301488,0.24999999999999978,0.2480752711551468,0.24841534141163868,0.24132832747212754,0.24396100367585027,0.24249431387891687,0.2430457964169776,0.23932703661850868,0.2438226178022851,0.23932170838562963,0.24566784244047357,0.24808490978247782,0.2481507849470432,0.24731050234460814,0.23644991363164888,0.24759235054441023,0.23849146263300836,0.24694180191030232,0.23840293256297349,0.2464352244929932,0.242291871764763,0.24842450540647512,0.24839033516703615,0.24809443187932745,0.2476141173768127,0.24842882892454488,0.24820042132897155,0.24841867077279783,0.24843053973343962,0.24837698285414286,0.24839587869124363,0.2484354037204118
0.24958808906266577,0.2492239216675805,0.24846267782307407,0.24960706467079133,0.24940118663102012,0.249597198738807,0.24959829545123113,0.2495740962964915,0.24952596692168613,0.24963590943308492,0.24928799516482925,0.24883327251737933,0.23742461700655,0.24872654321291507,0.23834937740810322,0.24839479068389506,0.2411530576646872,0.24772614904789703,0.24278019554301258,0.2496264781186742,0.24961192241222657,0.24292993488784062,0.24482970649348462,0.24249535098003747,0.24797018173106597,0.2349372063835674,0.2475911538682614,0.2357312362178216,0.2480752711551468,0.25000000000000006,0.2496158758110442,0.24251764627523478,0.24497781260334447,0.24357832455302086,0.24406006298914062,0.24047666557523648,0.24493442966462675,0.24049548911602128,0.2468676671677595,0.24928416931621672,0.24934963832437382,0.24846075168444612,0.23757526618838049,0.248770793773459,0.2396288467442159,0.24814015309547746,0.23955750790210595,0.2476312996160428,0.24346467774700684,0.24962504537714936,0.24959068398343154,0.2492933549350242,0.24881133329138416,0.24962936404521646,0.2494004243103541,0.24961915637978452,0.24963110848351472,0.24957726698453142,0.24959625344954187,0.24963597015892058
0.24992980619931435,0.24956514073269842,0.24880286744001476,0.2499488078493767,0.24974265847390514,0.24993892834253204,0.24994002706575377,0.2499157943615013,0.2498675985153091,0.24997769204203432,0.24962928711253093,0.24917396370369338,0.23774975623077896,0.24906712737052436,0.23867568315764434,0.24873513941514086,0.24148337319514993,0.24806618179795786,0.24311297837498475,0.24996824846273494,0.24995367034563093,0.24326229000523042,0.24516659913637945,0.24282691484475233,0.2483107537107166,0.235256424613189,0.2479310205560116,0.23605383524566625,0.24841534141163868,0.2496158758110442,0.24999999999999983,0.24285038257076966,0.24531013236452356,0.243912791715052,0.2443926119578751,0.24080733280873384,0.24526844635500486,0.2408252108132769,0.24720572057228513,0.2496254745417926,0.2496910173999413,0.24880056218285493,0.23790055730846454,0.24911101543298472,0.23995713499110813,0.24847977925581813,0.23988560359217456,0.2479701929492807,0.24379802547618604,0.2499668128268894,0.24993240467156988,0.24963466829721057,0.24915197906642975,0.24997113770700405,0.24974187702113312,0.24996091605327406,0.24997288435484633,0.24991896930440174,0.2499379813858752,0.24997775285074553
0.24282315172691843,0.2424688196670561,0.24172938429527926,0.24284160874619182,0.24264069303417582,0.2428320164287346,0.2428330575756042,0.24280953593340535,0.24276272758282694,0.24286967595516593,0.2425312060285531,0.2420859485911906,0.2309818514877133,0.2419766982073577,0.23186891091469583,0.24166462122949367,0.23459160945265112,0.24104481559559737,0.23619451505404826,0.24286046585453805,0.2428461745249297,0.23633813004461945,0.2382012402641299,0.2358787342099192,0.24135020092216056,0.22831142713157201,0.2410039741677765,0.22909260854459476,0.24132832747212754,0.24251764627523478,0.24285038257076966,0.24999999999999994,0.23820294041994883,0.23711243366867418,0.2374382451543846,0.23402801541944077,0.2381899099213605,0.2340661165588601,0.24018744170584694,0.24252747948873102,0.24259025780835203,0.24169401560425727,0.23108369792698277,0.24200867375669743,0.2331334263513963,0.24141380301139168,0.23306603822207286,0.2409169738797144,0.2368624979175897,0.24285904762185984,0.24282567588483625,0.24253631072332169,0.24206544771780464,0.2428633080382987,0.24263917296186185,0.24285337703241974,0.24286494181483195,0.24281262295278122,0.24283106532724533,0.24286973503441672
0.245282863473596,0.24492498550242553,0.24417525313981944,0.24530151290129776,0.24509931150113864,0.2452918138645192,0.24529290150035524,0.24526911020136222,0.24522181109501034,0.24532985895751636,0.24498832061269818,0.24454247816798816,0.23333780981350372,0.2444424553168234,0.23425208348696253,0.24410318140874018,0.23702896079508554,0.24343490022865608,0.2385968370081118,0.24532059568945333,0.24530647683840667,0.23876900856473746,0.24052414430180494,0.23841599916733514,0.24379257123001724,0.23135042246760976,0.24372850716235966,0.2319449696085173,0.24396100367585027,0.24497781260334447,0.24531013236452356,0.23820294041994883,0.2500000000000001,0.2392779828387635,0.23997492260924555,0.23620115936625147,0.24095321340870313,0.23626471620354914,0.2427597027008736,0.24498315404824533,0.24504833217456054,0.2442118758884093,0.23350167868904712,0.24450802066444516,0.2354740505819443,0.24387954484582614,0.23540755630561697,0.24336737009628556,0.23925872576388177,0.24531917323301872,0.24528541361417738,0.24499322713937083,0.24451961971053623,0.24532342587090095,0.2450985457977371,0.2453133948314206,0.24532514984314843,0.24527222807245005,0.2452908917863781,0.24532991865335133
