x1,x2,x3,x4,x5,x6,x7,x8,x9,x10,x11,x12,x13,x14,x15,x16,x17,x18,x19,x20,x21,x22,x23,x24,x25,x26,x27,x28,x29,x30,x31,x32,x33,x34,x35,x36,x37,x38,x39,x40,x41,x42,x43,x44,x45,x46,x47,x48,x49,x50,x51,x52,x53,x54,x55,x56,x57,x58,x59,x60
0.25,0.24986423704094224,0.24912888569830327,0.24995030558759251,0.24943887048196597,0.24964723987893733,0.24991188470730993,0.24997988670756863,0.24995223167976582,0.24999027258995318,0.24996237342102517,0.05026089827518646,0.10430180805013148,0.07391100009631038,0.09716256802005332,0.09002571076422888,0.0669680992443932,0.1430835927693642,-0.031179406022145376,0.2498634224211656,0.24987617830715228,0.1309178718226201,0.06877675129828206,0.19679479492449647,0.04981464490785381,0.18804661122167632,0.07766446787746807,0.15757559247483058,0.08365846240064564,0.24878643332547648,0.24987014064331323,0.09393518479512847,0.14562994532022763,0.11920884227994669,0.1709257711069376,0.11234459332327004,0.1433275256000055,0.1338163874930809,0.10586434864499847,0.24963511898567675,0.24962705650875436,0.13027818322767165,0.038626845786911494,0.14835473067790872,0.03200692272613427,0.14340844592864027,0.038826044524320404,0.15893268639479208,-0.04504055613468723,0.24980138214578654,0.249987169423228,0.2499146375636641,0.24981234028048616,0.24996012473278098,0.24995628235534367,0.2496864959803832,0.2499755961663814,0.24998240492468113,0.24998953520645703,0.24998877193027938
0.24986423704094224,0.25000000000000006,0.24900432767086766,0.24983687326365547,0.24931451907302607,0.24952280217243858,0.24978730980512928,0.24985528013993352,0.24982763570765104,0.24986565901237925,0.24983777110951103,0.05023191193816858,0.10424666263771548,0.07388402304388543,0.09710529706649004,0.08998551805538181,0.0669318102927384,0.14301323336438956,-0.03116477580317931,0.2497388731348527,0.24975162087829178,0.13085672901735185,0.06874070046215182,0.1966953440159957,0.04979065713518027,0.18795178481202968,0.0776262238318042,0.15749681227215595,0.083616931196515,0.2486624188956798,0.2497455870561221,0.0938880659496912,0.1455579356852251,0.11914923795248197,0.17084037162648957,0.11228869725559433,0.14325585267650728,0.13374977732555765,0.10581149799031994,0.24951068244588762,0.24950262387189537,0.13021336136367645,0.03860749872654578,0.14828084454377435,0.03199094096734591,0.14333694156070922,0.038806719699366755,0.1588534277009907,-0.045018075049516194,0.24967686263593028,0.24986255737249968,0.2497900616681528,0.24968781554440428,0.24983552616311544,0.24983168571479272,0.2495620338074127,0.2498509898811575,0.2498577952489288,0.24986492197618923,0.24986415908074253
0.24912888569830327,0.24900432767086766,0.25000000000000006,0.24909034083629403,0.24858017769804314,0.24878848649494154,0.24905290574905756,0.24912006736674225,0.24909227913045112,0.24913030443864204,0.24910267411956324,0.05038249948967752,0.10346545250557682,0.07404908038232082,0.09665236107028254,0.08981839013653445,0.06668326031204366,0.14260376110668754,-0.031081578179408702,0.24900386578181333,0.24901659461834616,0.1304312299387996,0.06857364237087579,0.19603406866933648,0.04968440685071036,0.1873717683888819,0.07740937631108456,0.15703008110203967,0.0833740948152291,0.24793060428648117,0.24901058158873113,0.09362055445090207,0.14511384353154136,0.11880951153147265,0.17032442623526461,0.11196635743697253,0.1428275941776548,0.13335997131874244,0.10549782266861407,0.2487763708646439,0.24876834123121921,0.12982513742059418,0.03849909996937999,0.14783899949855048,0.031902201912199384,0.14291054219782465,0.03869591703711802,0.15838372166882506,-0.044883851800212975,0.2489420594269821,0.24912721097315618,0.24905492862345932,0.24895297998479549,0.2491002593166661,0.2490964287738063,0.24882757184776114,0.2491156771710167,0.24912246286444925,0.24912956858966356,0.24912880796754022
0.24995030558759251,0.24983687326365547,0.24909034083629403,0.25000000000000017,0.24940040459631213,0.24960875043634317,0.24987335606464783,0.24994134482694308,0.24991369267016625,0.24995172803947097,0.24992383258744888,0.05025001176414349,0.10428527939943392,0.07390400944838253,0.09714339163515708,0.09001408455668362,0.06695635743366798,0.14306201539187333,-0.031175071649590054,0.24982489797367546,0.24983765088386914,0.13090044613635612,0.06876487360933073,0.1967639315082935,0.04980730843261281,0.18801709153886015,0.07765271330247588,0.15755118847840507,0.08364564407910552,0.24874807385020153,0.24983161470008056,0.09392047569013748,0.14560792999635305,0.11919029580273952,0.17089935542335977,0.1123272946404612,0.1433053231194218,0.13379579156356355,0.1058479922217608,0.24959662920100617,0.24958856787022615,0.13025819444797282,0.03862080688070044,0.1483319238477738,0.03200194389938741,0.1433863456885316,0.03882005867575864,0.15890817140292834,-0.045033602445880935,0.24976286668340564,0.2499486253405685,0.24987610466426877,0.2497738232740386,0.24992158481998306,0.24991774305043873,0.2496479982567988,0.2499370538678089,0.24994386157663168,0.24995099075901528,0.24995022760053834
0.24943887048196597,0.24931451907302607,0.24858017769804314,0.24940040459631213,0.25000000000000017,0.24909764329159387,0.24936238495451885,0.24943014075468792,0.24940232580243632,0.2494402912610359,0.24941283261476566,0.05029844480381438,0.10392087822046014,0.07404123742610332,0.09661690523258058,0.08999968805634839,0.06672119463262381,0.14279996119838093,-0.03113398489849465,0.24931375871729153,0.24932645942339163,0.13053240121166537,0.06869354470218351,0.19630038626504415,0.0497440149769838,0.18759671326169802,0.07751213390768155,0.157216815655533,0.08348180557894315,0.2482390881979357,0.24932041665152843,0.09374332868865456,0.14528264568227398,0.11896323664499682,0.1705351928185522,0.11210864230619469,0.14300259613109692,0.13352787226586996,0.10562668994338632,0.2490859167943913,0.24907788000094483,0.12998358800207432,0.03854999089819118,0.14802013890663104,0.03194444644377018,0.14308657527282445,0.03874542174138596,0.15857991430910265,-0.044939001749463414,0.2492518104367099,0.24943719367300812,0.24936482138406835,0.2492627429975291,0.24941020848126622,0.24940637248349176,0.24913718171365498,0.24942564537894935,0.24943243965632275,0.24943955421179484,0.2494387926544848
0.24964723987893733,0.24952280217243858,0.24878848649494154,0.24960875043634317,0.24909764329159387,0.25000000000000017,0.24957039118447505,0.24963885779979159,0.2496106852858101,0.24964866055678447,0.2496255853434671,0.05019383692930623,0.10415275870988043,0.07383241278500517,0.09700604607001767,0.08991664535949072,0.0668610590738232,0.14289344239140217,-0.031141441944879743,0.24952198660057842,0.24953472139372837,0.13074349371474164,0.06868028925900395,0.19652516507599072,0.04974867375311098,0.1877850548287071,0.07756056428442602,0.1573585316433466,0.08354511830398788,0.24844646207494747,0.24952869301037642,0.09380640323679941,0.14543183440025825,0.11904583549312851,0.1706915777121854,0.112191660084112,0.14313065739555708,0.13363402665390806,0.10571915857774693,0.24929399237363029,0.24928594075886365,0.1301002900513127,0.03857400800470532,0.1481519822032015,0.03196330696140813,0.14321227159375458,0.038773197078966475,0.15871531245045806,-0.044978849141675194,0.24946002792446337,0.24964556166922225,0.24957312892447095,0.2494709717306862,0.2496185539353561,0.24961471679730945,0.24934529909670108,0.24963400420401438,0.2496408036813604,0.24964792421781093,0.24964716198644318
0.24991188470730993,0.24978730980512928,0.24905290574905756,0.24987335606464783,0.24936238495451885,0.24957039118447505,0.2500000000000003,0.24990292429982675,0.2498752788334047,0.24991330686766586,0.24988543393975296,0.050237714904581246,0.104255801251856,0.07387442739540341,0.09711072973256307,0.0900283108806909,0.06690307798944567,0.14305592289425545,-0.031183336298623285,0.24978650932604962,0.24979925003886888,0.13086218576631753,0.06876272633264449,0.1967325941183095,0.04980626049581824,0.187974779882572,0.07764779716621074,0.1575210849322155,0.08363599515760435,0.24870982679800727,0.24979321142810096,0.09390783616224989,0.14558246581307804,0.11917438646165963,0.17087051368587874,0.1123126581389891,0.14328003852037727,0.13377706079409055,0.10582983368353775,0.24955826267837336,0.24955020355061094,0.13023710875527839,0.03861607031265943,0.14830780689667944,0.031998444149420956,0.14336301847023492,0.03881516215126981,0.15888294065510716,-0.045026030780825926,0.24972447330170328,0.24991020471857284,0.24983769518953514,0.24973542897014023,0.24988316835445906,0.24987932683869488,0.24960962384454097,0.24989863491021075,0.24990544168686468,0.24991256976441736,0.24991180673224353
0.24997988670756863,0.24985528013993352,0.24912006736674225,0.24994134482694308,0.24943014075468792,0.24963885779979159,0.24990292429982675,0.2500000000000004,0.2499432706124296,0.24998130962942433,0.24996217127469858,0.05025569549565675,0.10430158971259405,0.07390684495091068,0.09715903324359795,0.09002277969026287,0.06696521615085188,0.14307868365172333,-0.0311785246616921,0.24985446372288592,0.24986721878800736,0.13091535839777613,0.06877305035078181,0.19678821247740813,0.049812693440270034,0.18803976144939513,0.07766171993768942,0.15756990070976626,0.08365548540436446,0.24877751284909044,0.2498611817782874,0.09393156975066323,0.14562519037171578,0.1192043404395483,0.17091973315502,0.11234049878831853,0.14332238106908837,0.1338115765629386,0.10586055183952893,0.2496261684664629,0.24961810615745864,0.13027363206446022,0.038625349326123624,0.1483495137581904,0.03200568950399265,0.1434033580339269,0.03882461833928683,0.1589270030333702,-0.045038952288994155,0.24979242566120832,0.24997820626169093,0.24990567700272023,0.24980338350709588,0.2499511625409153,0.24994732032627542,0.24967754359933775,0.24996663342314454,0.24997344193397297,0.24998057196036924,0.2499798087112852
0.24995223167976582,0.24982763570765104,0.24909227913045112,0.24991369267016625,0.24940232580243632,0.2496106852858101,0.2498752788334047,0.2499432706124296,0.2500000000000005,0.2499536541413733,0.2499257614548167,0.050250132370465626,0.10428752793346137,0.07389783515109788,0.09714249763175223,0.09002033111246824,0.06694626164317981,0.1430670447552758,-0.03117856175778044,0.2498268254602501,0.24983957668757278,0.1308980670979585,0.06876644445948422,0.1967666251796531,0.049808670831874416,0.18801553278996053,0.07765489673483753,0.1575509687547934,0.08364704878813299,0.24874998782482644,0.24983353981510523,0.09392140230279025,0.14560873377666117,0.11919154644908204,0.17090026828173097,0.11232866133283359,0.14330571433089975,0.1337972142517436,0.10584837491872456,0.2495985525850476,0.24959049129937294,0.13025906404063453,0.0386212737351899,0.14833286726918699,0.0320024235342214,0.14338722332378878,0.03882055743624229,0.15890923568617352,-0.0450338190128809,0.24976479106147678,0.2499505514197964,0.24987803018462051,0.24977574797593288,0.24992351069083016,0.24991966884023478,0.2496499220192409,0.24993897983626412,0.2499457876191449,0.2499529168547774,0.24995215369211132
0.24999027258995318,0.24986565901237925,0.24913030443864204,0.24995172803947097,0.2494402912610359,0.24964866055678447,0.24991330686766586,0.24998130962942433,0.2499536541413733,0.25000000000000033,0.24996379956709205,0.0502611894637688,0.10430239502942061,0.07391141607732069,0.09716313317891313,0.09002622583340962,0.06696846243754274,0.1430844132939301,-0.031179588910212445,0.2498648443683476,0.2498776003263956,0.13091861770444893,0.06877713988715647,0.19679591834303745,0.04981492915250175,0.1880476767500527,0.07766491215523064,0.15757648714770353,0.08365893959617655,0.24878784913817426,0.24987156262860774,0.09393571879183416,0.1456307752682181,0.11920952035339508,0.17092674359225435,0.11234523311628457,0.14332834027208882,0.13381714951329976,0.10586495052524796,0.2496365396333152,0.24962847711023897,0.13027892485894163,0.038627065453852076,0.14835557503094962,0.03200710489554468,0.14340926192899062,0.038826265632193456,0.1589335906993356,-0.04504081231739406,0.2498028037392098,0.24998859207425836,0.24991605980192316,0.24981376193695123,0.24996154722990283,0.24995770483061522,0.2496879169203119,0.24997701875153175,0.24998382754859716,0.2499909578709494,0.24999019459042932
0.24996237342102517,0.24983777110951103,0.24910267411956324,0.24992383258744888,0.24941283261476566,0.2496255853434671,0.24988543393975296,0.24996217127469858,0.2499257614548167,0.24996379956709205,0.25000000000000044,0.05024097276515606,0.10430670254870474,0.07389310618195782,0.09715837411132965,0.09001474927436545,0.06696043092836923,0.14306896969495422,-0.031176830557184038,0.2498369578089516,0.24984971198592612,0.13091456646949168,0.06876318225585769,0.19677675540586412,0.04980810955492115,0.18802683453824373,0.07765609067321591,0.15755894339312515,0.08364956930375583,0.24876008284444803,0.24984367722041786,0.09392396352260665,0.14561690912272954,0.11919500026618789,0.17090826525842628,0.11233223961589331,0.14331247916680537,0.1338020644489114,0.10585321363273587,0.24960868003880415,0.24960061778264017,0.1302650141615758,0.038622158669652934,0.14833957724840646,0.03200304835745173,0.1433935840372216,0.03882171344263501,0.15891596704445754,-0.045035871847742534,0.24977492563358214,0.24996069309287594,0.24988816891522847,0.24978588306574456,0.24993365126674477,0.24992980943389212,0.24966005149462767,0.2499491210837264,0.2499559290989443,0.24996305862731996,0.2499622954302054
0.05026089827518646,0.05023191193816858,0.05038249948967752,0.05025001176414349,0.05029844480381438,0.05019383692930623,0.050237714904581246,0.05025569549565675,0.050250132370465626,0.0502611894637688,0.05024097276515606,0.2500000000000004,-0.09423671708756444,0.07603734167712614,-0.00892234527481702,0.025154291961742153,0.014337092491960416,0.0264731086631079,-0.0014582263156751236,0.05022955630299426,0.050249274255951965,-0.06665718439646634,0.06833662808159051,0.018939640166102913,0.020207822659152577,0.03571274398859298,0.01746196225868402,0.03052641385732232,0.017433528882992516,0.05002877310894023,0.05023265959860016,0.029757524714191685,0.008920478855841409,0.03435985463237604,0.029387114120828065,0.026557663944458264,0.02747642909881659,0.028314382839196038,0.020419001645568112,0.050188973442600114,0.050192725723419845,0.020829592440888795,0.012860360968940871,0.02504538442805244,0.010593372596402391,0.026018688434576227,0.009709319862174983,0.030950845418941494,-0.008291405986723547,0.05022193445448672,0.05026056041289765,0.050245977583403094,0.05022030996119089,0.05025512307145167,0.05025317328317457,0.050200108821783065,0.05025804225253509,0.05025960246668182,0.0502610205967205,0.05026088259327154
0.10430180805013148,0.10424666263771548,0.10346545250557682,0.10428527939943392,0.10392087822046014,0.10415275870988043,0.104255801251856,0.10430158971259405,0.10428752793346137,0.10430239502942061,0.10430670254870474,-0.09423671708756444,0.2500000000000002,-0.07109190397283069,0.0930640698593823,0.01683767588517224,0.03470301653824692,0.0597183003473466,-0.014560395147906737,0.10424602208299032,0.10424774799683759,0.11056726686686517,-0.005835598770558386,0.10637930448515474,0.00922539813712275,0.08308108637257858,0.029898193211737485,0.06662647541985345,0.03419075903980155,0.1037944278096239,0.10425515146111616,0.03198085103023382,0.07417620121485516,0.042482200627018976,0.07597004537394134,0.043555950525598616,0.061430826388775076,0.05454754896430894,0.04491075184223695,0.10415477931111228,0.1041477139738003,0.058012266496421994,0.0125785972017785,0.06529565569763021,0.010306981393979796,0.06202183204543104,0.014677684767661719,0.06716572385321763,-0.019451003088808785,0.10422474479310305,0.10430110689168956,0.10427084485227471,0.10423145154981324,0.104289823120194,0.104289064443781,0.10417565870322462,0.10429643273417755,0.10429911904861891,0.10430210638246838,0.10430177550689947
0.07391100009631038,0.07388402304388543,0.07404908038232082,0.07390400944838253,0.07404123742610332,0.07383241278500517,0.07387442739540341,0.07390684495091068,0.07389783515109788,0.07391141607732069,0.07389310618195782,0.07603734167712614,-0.07109190397283069,0.25000000000000033,-0.07794623000743728,0.07691441895884508,-0.00549667089442367,0.048407720584112086,-0.013323932594670424,0.07388951970370772,0.07388152008193713,0.0063634422293440285,0.046756013278567245,0.02392260210407016,0.032245645249095733,0.04361241553874004,0.028782275792010384,0.0439586183939896,0.026671401443711842,0.07355551593104383,0.0738735847395186,0.03375694377803304,0.03214455298672732,0.04198128360145649,0.044300921889323386,0.037490276679033145,0.03912936642517834,0.04157636910558208,0.029941431285166784,0.0738059639062554,0.07380686490306933,0.035287391533315164,0.014683017997445133,0.04057846378747668,0.01260462692674782,0.03990201666080495,0.013318313681414614,0.045835726545803875,-0.012410032883636915,0.07385387451423629,0.07391050325514742,0.07388905846508938,0.07385628621222769,0.07390250728800549,0.0739005406095517,0.07382160594832292,0.0739068914405365,0.0739090945552258,0.07391118755550743,0.07391097703532148
0.09716256802005332,0.09710529706649004,0.09665236107028254,0.09714339163515708,0.09661690523258058,0.09700604607001767,0.09711072973256307,0.09715903324359795,0.09714249763175223,0.09716313317891313,0.09715837411132965,-0.00892234527481702,0.0930640698593823,-0.07794623000743728,0.25000000000000044,-0.06216237718893192,0.08287303760146779,0.03598233510788593,0.003974385097788315,0.09709319995546277,0.09711849227085587,0.06167953148652843,0.01494079348367504,0.09729644676981376,0.0033745036799340583,0.09294876287211715,0.020178688441654408,0.06835713554126639,0.02827788118368363,0.0967081991133311,0.09711746173759743,0.03357937866164983,0.061612847624190045,0.042188099183220765,0.07191330634362986,0.03928954637073376,0.06066056071275028,0.049265914150127696,0.0436563545075318,0.0970251936755167,0.09702031622745667,0.05242826487650774,0.012992135802703537,0.059900143241973826,0.010038321064242803,0.05793463957548515,0.013311810597117803,0.06306666919442563,-0.018545679512188214,0.09709178840359024,0.09716191484641484,0.09713372436436864,0.0970948380770329,0.0971514035100629,0.09715048704293165,0.09704505425687268,0.09715760557531372,0.09716006308793987,0.09716284925045608,0.0971625377043374
0.09002571076422888,0.08998551805538181,0.08981839013653445,0.09001408455668362,0.08999968805634839,0.08991664535949072,0.0900283108806909,0.09002277969026287,0.09002033111246824,0.09002622583340962,0.09001474927436545,0.025154291961742153,0.01683767588517224,0.07691441895884508,-0.06216237718893192,0.2500000000000003,-0.09212816449462768,0.09636921647490186,-0.04884131268851803,0.09001858998708764,0.08998341531944498,0.04693279594966471,0.02968567760727392,0.05635278701180155,0.0395795567469937,0.031234010744748162,0.04702970513981587,0.041083689910185205,0.038908330797748386,0.08955985171310916,0.08998256815693582,0.03547698048632938,0.050244252078652026,0.04683555525958119,0.054206953835367166,0.047135115664251485,0.04261437917310493,0.05302711157308399,0.0331539563493661,0.08989850241825263,0.08989680170592958,0.04550178713951294,0.015831912242861654,0.051020989632415165,0.01446124757451649,0.04862950072512745,0.01659652185221513,0.055165067539928794,-0.014537953410342384,0.08995472102907821,0.09002510560781113,0.08999898498915122,0.08996227647368611,0.09001536616975375,0.09001334589885035,0.08991682488844606,0.09002065583005384,0.09002338974445617,0.09002593546832675,0.09002568267528542
0.0669680992443932,0.0669318102927384,0.06668326031204366,0.06695635743366798,0.06672119463262381,0.0668610590738232,0.06690307798944567,0.06696521615085188,0.06694626164317981,0.06696846243754274,0.06696043092836923,0.014337092491960416,0.03470301653824692,-0.00549667089442367,0.08287303760146779,-0.09212816449462768,0.2500000000000003,-0.03961383339908978,0.05915861335489139,0.06688724936078455,0.06693929231858733,0.03253362758453809,0.01690723208048747,0.05982937045288907,-0.002196637665815301,0.07860032569050143,0.0008563729681884448,0.06512154429115506,0.010768891711195255,0.06669296200171582,0.06693627461648938,0.02452410743283549,0.03931491856971787,0.02931472240463469,0.05140195777959283,0.02376559498944147,0.04772944527660567,0.03063182878168791,0.03474520268873163,0.06687287733144809,0.0668703272007792,0.03574330262489055,0.00900070889193447,0.04157908523997229,0.006122205375297051,0.0411026392888075,0.007937980498811977,0.0446316596430091,-0.013751069310210032,0.06692143273910732,0.0669676490370937,0.06694821942714078,0.0669200849052796,0.06696040434053699,0.06695986059924619,0.06688710593670938,0.06696481670471999,0.06696637277948694,0.06696830371209324,0.06696807834966063
0.1430835927693642,0.14301323336438956,0.14260376110668754,0.14306201539187333,0.14279996119838093,0.14289344239140217,0.14305592289425545,0.14307868365172333,0.1430670447552758,0.1430844132939301,0.14306896969495422,0.0264731086631079,0.0597183003473466,0.048407720584112086,0.03598233510788593,0.09636921647490186,-0.03961383339908978,0.25000000000000044,-0.13711141473709795,0.14309325789587668,0.14301821110877494,0.07867795334017078,0.040166322646319814,0.10690686493185673,0.040045891405416166,0.08836464687236185,0.06911047635835825,0.05309776413019781,0.0657395678863497,0.1423205045209309,0.14301592952311012,0.05393889758812725,0.08410235705832485,0.0703365089712572,0.09304515952250283,0.07163938771378821,0.07047668462087299,0.08339163018087574,0.050979100214114635,0.14288202505156308,0.14287715590545744,0.07393108359427054,0.023295822958429753,0.08316310387364687,0.020871063245696382,0.07913377677597962,0.025078590446293222,0.08847699949186244,-0.023722625944668604,0.14297188930870436,0.14308263094731435,0.14304111594899474,0.14298388730852182,0.14306715144697063,0.1430644969667453,0.1429105342762395,0.14307569432929576,0.14307990384589772,0.14308396070348597,0.14308354812581822
-0.031179406022145376,-0.03116477580317931,-0.031081578179408702,-0.031175071649590054,-0.03113398489849465,-0.031141441944879743,-0.031183336298623285,-0.0311785246616921,-0.03117856175778044,-0.031179588910212445,-0.031176830557184038,-0.0014582263156751236,-0.014560395147906737,-0.013323932594670424,0.003974385097788315,-0.04884131268851803,0.05915861335489139,-0.13711141473709795,0.25000000000000033,-0.03128384859703663,-0.03116439285206292,-0.0213385878124028,-0.0075165629754747115,-0.021839372994075467,-0.01388167317490859,-0.009846738691983983,-0.029219157827887726,0.010941249118542586,-0.02496267047566473,-0.030967813221441386,-0.03116498027484046,-0.011459234839667407,-0.019477757260880503,-0.016083991133136768,-0.01798998788111238,-0.019641228759833824,-0.008740429496999982,-0.022083662694891173,-0.0054036495561768805,-0.031136060263718443,-0.031134597327054248,-0.015960561039000416,-0.00554608669758944,-0.01732474026150169,-0.00582881726449458,-0.015684415034579288,-0.007023598090713517,-0.017886488001101725,0.00401416078885137,-0.031152571211019508,-0.03117919644935399,-0.03117014951684042,-0.031158639906425235,-0.03117582318414738,-0.031175036610971835,-0.03114169293638458,-0.031177513524501686,-0.03117860213306338,-0.031179472908923832,-0.03117939629385144
0.2498634224211656,0.2497388731348527,0.24900386578181333,0.24982489797367546,0.24931375871729153,0.24952198660057842,0.24978650932604962,0.24985446372288592,0.2498268254602501,0.2498648443683476,0.2498369578089516,0.05022955630299426,0.10424602208299032,0.07388951970370772,0.09709319995546277,0.09001858998708764,0.06688724936078455,0.14309325789587668,-0.03128384859703663,0.2500000000000002,0.24975081156274764,0.13080406286512328,0.06877566311048756,0.19667181344781456,0.049812728088802966,0.18792349788770457,0.07765396664493926,0.15746023673595938,0.08363444525996852,0.24866154266066753,0.24974477013118546,0.09389549050110452,0.14554438805881223,0.11915916505232967,0.1708286473865716,0.1122997388048568,0.14324199191160158,0.13375751537992553,0.10580130772205416,0.24950986925861812,0.24950181456481016,0.1302082435962852,0.03861248571346907,0.14827488415890608,0.031996836662491625,0.14333099839789457,0.03881119479911065,0.15884948510822508,-0.04501515139752511,0.24967604296640475,0.24986174275824055,0.2497892472894237,0.24968699914971668,0.24983471163680018,0.24983086978756908,0.24956122016894622,0.24985017481729446,0.24985698065006676,0.24986410731582145,0.24986334446121916
0.24987617830715228,0.24975162087829178,0.24901659461834616,0.24983765088386914,0.24932645942339163,0.24953472139372837,0.24979925003886888,0.24986721878800736,0.24983957668757278,0.2498776003263956,0.24984971198592612,0.050249274255951965,0.10424774799683759,0.07388152008193713,0.09711849227085587,0.08998341531944498,0.06693929231858733,0.14301821110877494,-0.03116439285206292,0.24975081156274764,0.25000000000000017,0.1308194655281725,0.06876406536820241,0.19670545534319114,0.04979105711563518,0.18796636466623762,0.07762807800277698,0.1575047547172543,0.08362044087771416,0.24867430851948658,0.24975752109851315,0.09389630626952472,0.14555770432946474,0.11915801965487878,0.17084844240286726,0.11229442121174915,0.1432634774948408,0.13375604639053482,0.105816681348726,0.2495226065421513,0.24951454928326028,0.13021786170593794,0.038610880177362056,0.1482865956640228,0.03199349059853717,0.1433432790343827,0.03880884715884276,0.158860966997097,-0.04502019997099298,0.24968879499573132,0.24987449855843574,0.24980199938948472,0.2496997464920938,0.2498474660572458,0.24984362510797817,0.24957396063126652,0.24986293048943037,0.24986973620727895,0.24987686327302489,0.24987610034322724
0.1309178718226201,0.13085672901735185,0.1304312299387996,0.13090044613635612,0.13053240121166537,0.13074349371474164,0.13086218576631753,0.13091535839777613,0.1308980670979585,0.13091861770444893,0.13091456646949168,-0.06665718439646634,0.11056726686686517,0.0063634422293440285,0.06167953148652843,0.04693279594966471,0.03253362758453809,0.07867795334017078,-0.0213385878124028,0.13080406286512328,0.1308194655281725,0.25000000000000017,-0.0496280257142195,0.11814210630553332,0.01991348406313537,0.09344320370697469,0.04119443216527284,0.08313706888066424,0.043815693555453984,0.1302694763032226,0.1308625908451549,0.03229065361339243,0.10828244965171234,0.04714499998348126,0.09442611852225798,0.05424697792961523,0.07542281290423666,0.06876851797381205,0.05617642073964795,0.13073387125390468,0.13072155039778155,0.07634457454788962,0.012665633429982462,0.08463850989769918,0.01095093260414744,0.07875466273462266,0.01796840895980163,0.08435566230948202,-0.02442399210987343,0.13082095405944047,0.1309169917443861,0.1308790072398201,0.13083353662412492,0.13090282844704618,0.13090250335929912,0.13075953065065682,0.13091116548810758,0.13091449663179205,0.1309182497963977,0.13091783097490423
0.06877675129828206,0.06874070046215182,0.06857364237087579,0.06876487360933073,0.06869354470218351,0.06868028925900395,0.06876272633264449,0.06877305035078181,0.06876644445948422,0.06877713988715647,0.06876318225585769,0.06833662808159051,-0.005835598770558386,0.046756013278567245,0.01494079348367504,0.02968567760727392,0.01690723208048747,0.040166322646319814,-0.0075165629754747115,0.06877566311048756,0.06876406536820241,-0.0496280257142195,0.2500000000000003,0.015712517446581992,0.034924566291156645,0.049740072897371326,0.02556279232163446,0.04054309680573347,0.02433522043416021,0.06848314841367088,0.06872841441833322,0.06521712422257657,-0.0322958347729469,0.06922201274431636,0.03264010056203227,0.04357161703398539,0.03592768769781718,0.04119831142877027,0.026357317028107837,0.06867649840865207,0.06869343754431284,0.01670451328809851,0.028622101900758704,0.024077198168017382,0.023110814647049463,0.030043421914943757,0.01696922095399981,0.04046782434399993,-0.00992483778267081,0.0687211746232107,0.06877628898064442,0.06875633376777339,0.06870968335612639,0.06876884873018158,0.06876370940920841,0.0686935670710838,0.06877247278409579,0.0687749780796921,0.06877688866478397,0.06877672983923161
0.19679479492449647,0.1966953440159957,0.19603406866933648,0.1967639315082935,0.19630038626504415,0.19652516507599072,0.1967325941183095,0.19678821247740813,0.1967666251796531,0.19679591834303745,0.19677675540586412,0.018939640166102913,0.10637930448515474,0.02392260210407016,0.09729644676981376,0.05635278701180155,0.05982937045288907,0.10690686493185673,-0.021839372994075467,0.19667181344781456,0.19670545534319114,0.11814210630553332,0.015712517446581992,0.2500000000000003,-0.00295091969296133,0.1576319152437361,0.05569612830836642,0.1242069515101646,0.06453400701290683,0.1958394487303277,0.19670520090131446,0.06399706557648299,0.13278638806446338,0.08216181419168174,0.14788248176799232,0.08123803149807586,0.11701825690755156,0.10263380714172209,0.08450449085870002,0.1965172691260508,0.1965051036170932,0.1080881052065283,0.02485206468849229,0.12240722664989516,0.019822784883346562,0.11722205219994422,0.027473054418152183,0.1269479348433488,-0.036884231678107754,0.19664983953194948,0.1967934719842812,0.19673637423088716,0.1966600180483002,0.19677218203265157,0.19677059164024657,0.19655677930525006,0.19678467770681485,0.1967897213734748,0.19679535964951406,0.19679473352250595
0.04981464490785381,0.04979065713518027,0.04968440685071036,0.04980730843261281,0.0497440149769838,0.04974867375311098,0.04980626049581824,0.049812693440270034,0.049808670831874416,0.04981492915250175,0.04980810955492115,0.020207822659152577,0.00922539813712275,0.032245645249095733,0.0033745036799340583,0.0395795567469937,-0.002196637665815301,0.040045891405416166,-0.01388167317490859,0.049812728088802966,0.04979105711563518,0.01991348406313537,0.034924566291156645,-0.00295091969296133,0.25000000000000017,-0.01187228905348677,0.042628385485971775,0.020290427961342436,0.026687514401375352,0.04956293773762981,0.04978632094051713,0.032424910882669834,0.006626373919650302,0.05094588513097409,-0.01884394163787526,0.04766155351920544,0.010205430459242139,0.03708168503091004,0.015358948597242232,0.049742365766579914,0.04975223587341316,0.015780261663454666,0.019462496785623534,0.016348130561845184,0.02073710674194677,0.015170348522470324,0.017772356008009922,0.02529048487844555,-0.003931066049258126,0.04976748949061144,0.049814310127721736,0.04979985529769036,0.04977483068954536,0.049808920660938207,0.04980455959405174,0.04975438730040461,0.049810969534882905,0.04981336044447217,0.0498146994491414,0.04981462936517465
0.18804661122167632,0.18795178481202968,0.1873717683888819,0.18801709153886015,0.18759671326169802,0.1877850548287071,0.187974779882572,0.18803976144939513,0.18801553278996053,0.1880476767500527,0.18802683453824373,0.03571274398859298,0.08308108637257858,0.04361241553874004,0.09294876287211715,0.031234010744748162,0.07860032569050143,0.08836464687236185,-0.009846738691983983,0.18792349788770457,0.18796636466623762,0.09344320370697469,0.049740072897371326,0.1576319152437361,-0.01187228905348677,0.25000000000000033,0.01585020958904685,0.1360538949710438,0.05035068541405981,0.18718712064536933,0.1879575049950369,0.06862577769496457,0.11104665105699793,0.0823395750262643,0.14499499594589393,0.07061798826222077,0.12725982697017307,0.09104299701528588,0.08736919424118872,0.1877804749285337,0.1877719894693546,0.10035331364450756,0.025454020050668023,0.11638274065679417,0.018124677002657325,0.11413458282880909,0.023815366498901362,0.12385925020663427,-0.03736958410290806,0.18791278415299134,0.18804534705952464,0.18799078823098203,0.18791299417709598,0.18802500377137968,0.18802339310437263,0.18781917963285813,0.1880372269930853,0.18804176326669417,0.1880471725021046,0.18804655254920846
0.07766446787746807,0.0776262238318042,0.07740937631108456,0.07765271330247588,0.07751213390768155,0.07756056428442602,0.07764779716621074,0.07766171993768942,0.07765489673483753,0.07766491215523064,0.07765609067321591,0.01746196225868402,0.029898193211737485,0.028782275792010384,0.020178688441654408,0.04702970513981587,0.0008563729681884448,0.06911047635835825,-0.029219157827887726,0.07765396664493926,0.07762807800277698,0.04119443216527284,0.02556279232163446,0.05569612830836642,0.042628385485971775,0.01585020958904685,0.2500000000000004,-0.014565843182240508,0.06810791464589883,0.07710523764666652,0.07762816799045064,0.032309048628365124,0.045050186733256226,0.04979636877457748,0.029210941404021428,0.0757243982934864,-0.019870064542982787,0.075140773933035,0.0028591673425372704,0.07755641546150126,0.07755818023902783,0.03390790180250657,0.02069678959497825,0.035003869302166084,0.025203435255651045,0.027776912242031628,0.027567218818753285,0.036041289616149705,-0.003089112087104999,0.07758335092314006,0.07766394595008344,0.07764140896213394,0.07761274251352149,0.07765554304454178,0.07765135551370274,0.07757051973027557,0.07765864294177657,0.07766246528353422,0.07766454790051014,0.07766444364535935
0.15757559247483058,0.15749681227215595,0.15703008110203967,0.15755118847840507,0.157216815655533,0.1573585316433466,0.1575210849322155,0.15756990070976626,0.1575509687547934,0.15757648714770353,0.15755894339312515,0.03052641385732232,0.06662647541985345,0.0439586183939896,0.06835713554126639,0.041083689910185205,0.06512154429115506,0.05309776413019781,0.010941249118542586,0.15746023673595938,0.1575047547172543,0.08313706888066424,0.04054309680573347,0.1242069515101646,0.020290427961342436,0.1360538949710438,-0.014565843182240508,0.2500000000000005,-0.008501959094300616,0.15707896573319105,0.1574999398469559,0.05904597929710059,0.08940519624159692,0.07137332745839844,0.11496643506121645,0.0524660721608035,0.12063257967399436,0.06497998531535172,0.09894866478429466,0.15734930959078283,0.15734655118398186,0.08319623609560688,0.021981053161897083,0.0972437982605443,0.014309864919048667,0.09745016408935518,0.01720741825498962,0.10677560361227662,-0.033881357157499445,0.15746935405160054,0.15757453311348096,0.15752881587865736,0.15746012516584987,0.1575574866027454,0.15755598439504215,0.15738501827154852,0.1575680368859582,0.15757153015271153,0.1575760863258322,0.15757554330963214
0.08365846240064564,0.083616931196515,0.0833740948152291,0.08364564407910552,0.08348180557894315,0.08354511830398788,0.08363599515760435,0.08365548540436446,0.08364704878813299,0.08365893959617655,0.08364956930375583,0.017433528882992516,0.03419075903980155,0.026671401443711842,0.02827788118368363,0.038908330797748386,0.010768891711195255,0.0657395678863497,-0.02496267047566473,0.08363444525996852,0.08362044087771416,0.043815693555453984,0.02433522043416021,0.06453400701290683,0.026687514401375352,0.05035068541405981,0.06810791464589883,-0.008501959094300616,0.2500000000000003,0.08252863158007631,0.08361959538592004,0.030457822554204393,0.05079244751303739,0.04642126761405177,0.04605555293363167,0.06191171303548658,0.01207019166453377,0.07898224548581805,-0.04490761834666364,0.08354943068957785,0.08353885301164715,0.04144462791571322,0.016295409383438732,0.04473504221279713,0.01820837329343389,0.0386650529700231,0.023628698785695963,0.04330809742661606,-0.0066704188034134035,0.08357686122029047,0.08365790018253173,0.08363362452123248,0.08360701203786557,0.08364884860960677,0.0836466755520036,0.08355726535177854,0.08365286972490721,0.08365630533485137,0.08365860199716264,0.08365843629834886
0.24878643332547648,0.2486624188956798,0.24793060428648117,0.24874807385020153,0.2482390881979357,0.24844646207494747,0.24870982679800727,0.24877751284909044,0.24874998782482644,0.24878784913817426,0.24876008284444803,0.05002877310894023,0.1037944278096239,0.07355551593104383,0.0967081991133311,0.08955985171310916,0.06669296200171582,0.1423205045209309,-0.030967813221441386,0.24866154266066753,0.24867430851948658,0.1302694763032226,0.06848314841367088,0.1958394487303277,0.04956293773762981,0.18718712064536933,0.07710523764666652,0.15707896573319105,0.08252863158007631,0.2500000000000003,0.24866827685518778,0.0935236423103149,0.1448523327531462,0.11864401723090295,0.17012018952243355,0.11170037597560183,0.14282006646661466,0.1330130656936697,0.10570805411111359,0.2484343576654258,0.24842638733064562,0.12964577397906984,0.03844079431891156,0.14764959014857293,0.03183048464509106,0.14275363505319474,0.03859478027279543,0.1582124658840212,-0.044861747923455875,0.2485999534502691,0.24878476090165696,0.24871257792536983,0.24861072227744202,0.24875784629836886,0.24875402291030171,0.24848553373172266,0.24877324821350522,0.24878001932163135,0.24878711568387404,0.2487863557015621
0.24987014064331323,0.2497455870561221,0.24901058158873113,0.24983161470008056,0.24932041665152843,0.24952869301037642,0.24979321142810096,0.2498611817782874,0.24983353981510523,0.24987156262860774,0.24984367722041786,0.05023265959860016,0.10425515146111616,0.0738735847395186,0.09711746173759743,0.08998256815693582,0.06693627461648938,0.14301592952311012,-0.03116498027484046,0.24974477013118546,0.24975752109851315,0.1308625908451549,0.06872841441833322,0.19670520090131446,0.04978632094051713,0.1879575049950369,0.07762816799045064,0.1574999398469559,0.08361959538592004,0.24866827685518778,0.25000000000000033,0.09387697884089746,0.14559124844543758,0.11914084903867633,0.17084573837254538,0.11228858358918622,0.14325952456115312,0.13375209472113467,0.1058143308770239,0.2495165785544578,0.2495085138196824,0.1302225010058228,0.0386027006960362,0.14828965722223364,0.03198745192288159,0.1433427887633877,0.03880607614405638,0.1588578782514937,-0.04501964962909592,0.24968276251800203,0.2498684609351839,0.24979596351794536,0.249693721279872,0.2498414290870067,0.24983758980205598,0.2495679302693399,0.24985689332422015,0.24986369869911165,0.24987082560733181,0.24987006268127104
0.09393518479512847,0.0938880659496912,0.09362055445090207,0.09392047569013748,0.09374332868865456,0.09380640323679941,0.09390783616224989,0.09393156975066323,0.09392140230279025,0.09393571879183416,0.09392396352260665,0.029757524714191685,0.03198085103023382,0.03375694377803304,0.03357937866164983,0.03547698048632938,0.02452410743283549,0.05393889758812725,-0.011459234839667407,0.09389549050110452,0.09389630626952472,0.03229065361339243,0.06521712422257657,0.06399706557648299,0.032424910882669834,0.06862577769496457,0.032309048628365124,0.05904597929710059,0.030457822554204393,0.0935236423103149,0.09387697884089746,0.2500000000000005,-0.00972779935413599,0.08657125718600811,0.05172152509307566,0.06040245985871129,0.043499358919714695,0.06048202959489104,0.03456083222140627,0.0937988665145408,0.0938457001690629,-0.013880477692826309,0.05654599638029172,0.030930623096367797,0.032520838898044836,0.0420219038402942,0.022456740871257066,0.055611674216463965,-0.013763344676472698,0.09386028125443444,0.09393455339846964,0.09390729896818338,0.09381030972189247,0.09392439195078854,0.09391725523112464,0.09382157962836991,0.09392945355080591,0.09393276302288904,0.09393538190173621,0.09393515548638913
0.14562994532022763,0.1455579356852251,0.14511384353154136,0.14560792999635305,0.14528264568227398,0.14543183440025825,0.14558246581307804,0.14562519037171578,0.14560873377666117,0.1456307752682181,0.14561690912272954,0.008920478855841409,0.07417620121485516,0.03214455298672732,0.061612847624190045,0.050244252078652026,0.03931491856971787,0.08410235705832485,-0.019477757260880503,0.14554438805881223,0.14555770432946474,0.10828244965171234,-0.0322958347729469,0.13278638806446338,0.006626373919650302,0.11104665105699793,0.045050186733256226,0.08940519624159692,0.05079244751303739,0.1448523327531462,0.14559124844543758,-0.00972779935413599,0.25000000000000033,0.015117653708935436,0.10906048011083842,0.05034081108184775,0.08626448924516317,0.0724564849784376,0.0655894955398741,0.14542888510813518,0.1453913213611219,0.10930335456018547,-0.007730684593189843,0.1140631602643259,-0.0034681072974132995,0.09683259903351521,0.013959573893418346,0.09703314829440321,-0.02955265635539769,0.1455257893613125,0.14562896632773967,0.1455867133362835,0.14555971208557972,0.14561321096333216,0.14561742278232762,0.14545380919652862,0.14562310563469946,0.1456261908914751,0.14563041617496494,0.14562989988219358
