x1,x2,x3,x4,x5,x6,x7,x8,x9,x10,x11,x12,x13,x14,x15,x16,x17,x18,x19,x20,x21,x22,x23,x24,x25,x26,x27,x28,x29,x30,x31,x32,x33,x34,x35,x36,x37,x38,x39,x40,x41,x42,x43,x44,x45,x46,x47,x48,x49,x50,x51,x52,x53,x54,x55,x56,x57,x58,x59,x60
0.25000000000000006,0.24700297261676063,-0.09182342640568733,0.24455441933673128,-0.10474661535763316,0.24652340747451457,-0.1252151325694237,0.24731666792041124,-0.17386135601056432,0.24804097349187373,0.06473959387369861,-0.0659586559390368,0.06705154275314391,-0.07563927177754438,0.07632208257923469,-0.0802369411858916,0.10694073266653988,-0.1456734461900135,0.16365816864815555,-0.14957343072953427,-0.04476670784057661,0.060416672060886134,-0.06866897931742959,0.0665127835988779,-0.04505057567877497,0.051122898853012376,-0.0548364695544192,0.0986920521089398,-0.102428970478958,0.15667052054216996,0.09231217308332901,-0.0750460442827089,0.06577091013111884,-0.04781272815855433,0.036003767869798094,-0.030322680719274936,0.03956496012866031,0.011155155030762082,-0.016202335593442606,0.1300536746693885,-0.062496752595727775,0.06059970992008917,-0.046775290235162616,0.03236231184068969,-0.0046585566650746415,-0.0029586021900372276,0.029892067218938962,-0.06656215521942299,0.10994165227392765,-0.10287378635451123,0.24706072511690663,0.24646329142135628,0.0068709427826290905,0.2433191759074971,-0.04039414449536816,0.24634831569992102,-0.06173124682410725,0.24730809795074807,-0.13776340134214396,0.24804366201688946
0.24700297261676063,0.25000000000000006,-0.09472090156406936,0.24549885999405516,-0.10663527896353767,0.24744462769096953,-0.12681874498440832,0.2482356515341767,-0.17461026983623038,0.24895572831166726,0.06748121499784093,-0.06874098712362178,0.06983409849911168,-0.07837502685402832,0.07843849349892251,-0.08214750737375427,0.10854555038299579,-0.14673419232843354,0.16446099853718574,-0.1505241833002177,-0.047312907680749916,0.06312796611262408,-0.07135357756810348,0.06916684362215383,-0.047081543714234404,0.05308259704505962,-0.05677835754530756,0.10015605162952639,-0.10390390525922984,0.1575837558809607,0.09477678790242912,-0.07762437567226536,0.0684242870853341,-0.050053764748287745,0.03794836177314865,-0.03220156883353651,0.04143413976864157,0.009821165047505331,-0.014923948400138321,0.1299204581087021,-0.06487196569522026,0.06298551923505177,-0.049016588349470244,0.034451027327001206,-0.006362283330044922,-0.0014063166857763486,0.028675370007711275,-0.06578106659114594,0.10961041486222683,-0.10247152993845951,0.2479840412959165,0.24736206720362883,0.008687846515723217,0.24418632853800243,-0.039145988274197206,0.24724598753173552,-0.060831972752693815,0.24821544032728002,-0.13771094384742955,0.24895839741539608
-0.09182342640568733,-0.09472090156406936,0.2500000000000001,-0.09724255178720978,0.16399374253184054,-0.09462107023911369,0.14429048477818782,-0.0939582780259405,0.09210101625812582,-0.09375545544033309,-0.22229551724041385,0.22346372688652671,-0.22457271678918694,0.2151399922188734,-0.18725558296671602,0.17169171125660584,-0.14755927538453711,0.11378621599711396,-0.09664167167842198,0.10648526978302597,0.19952725373548133,-0.21536257385814095,0.20982298748317968,-0.20793722031263973,0.18510514181024806,-0.17764524332325696,0.17665576998869126,-0.14393561342371788,0.14536424943692333,-0.10604653086842732,-0.19415233287195685,0.20174339910392589,-0.2070638144572463,0.1883708873650616,-0.17696000684724505,0.17076687157148993,-0.17014584457050433,0.11978609707630898,-0.11458947520556419,0.0061700997359958225,0.18665961498234437,-0.18730892277825073,0.1798026265790778,-0.17423677292516726,0.14736756028677878,-0.13980928347843205,0.10835115479339462,-0.06742158712224106,0.02498154997506335,-0.031697360678096385,-0.09429585367674816,-0.09229566824830988,-0.14127519614719627,-0.08925126334450863,-0.10434422036025344,-0.0921389581212312,-0.07828718815068765,-0.09305427626000222,0.0014200924043846937,-0.0937541978532349
0.24455441933673128,0.24549885999405516,-0.09724255178720978,0.24999999999999997,-0.10964855249302222,0.2450457851732488,-0.12823638381196897,0.2458110934884057,-0.17387269151833398,0.24650732141598,0.0701087004176604,-0.07137042537641329,0.07246471507238868,-0.08104139056623638,0.08115839020810156,-0.08452514835794062,0.11029091870401672,-0.14691978565445143,0.16396359438593783,-0.15041929346966398,-0.049934615149140826,0.06575899342017809,-0.07400840822688157,0.07182568212536732,-0.04972419536340375,0.05562845411306197,-0.05924399882730216,0.101380755776914,-0.10509018594281795,0.15732387926271388,0.0968577037064303,-0.08006006864204544,0.0710814028751887,-0.052690930344641666,0.04059139884983152,-0.0348284380926351,0.04396286356875787,0.007361052394748491,-0.012473584200539964,0.12754750190605837,-0.06724536013030298,0.06540299341105466,-0.0515223882718832,0.037088690774172664,-0.00898228132363523,0.001210064951086153,0.02615099419756651,-0.06335328013566074,0.10723015083409565,-0.10008677746534439,0.24556224169284824,0.24491338829732284,0.011157988249966536,0.24173461455370987,-0.03655833715087132,0.24479634526719243,-0.05832557329547663,0.2457664687964674,-0.13534881648978767,0.24650991913623485
-0.10474661535763316,-0.10663527896353767,0.16399374253184054,-0.10964855249302222,0.25000000000000017,-0.10768303675128706,0.17914281595182344,-0.10655518408536777,0.12939164783306395,-0.10616901393601423,-0.18260454265690998,0.183826939589174,-0.1849549953683554,0.19355032239847964,-0.22140692128708403,0.20402038913368642,-0.18747883674416033,0.15085402570478051,-0.13418708347821773,0.14177832994784736,0.16250025286560082,-0.17835392804162453,0.1863238180257145,-0.18519004620166066,0.18948433682813956,-0.18857056979947392,0.18789469635509692,-0.16590306495479207,0.16755125637277885,-0.14135376688370635,-0.1786357651771508,0.18096776859825348,-0.18377882492595538,0.17989073213277945,-0.180782844272994,0.1743523496353454,-0.17738180686899002,0.12435380710695344,-0.1189260435516715,0.003944411538312985,0.16819792442025885,-0.16860656775136523,0.16488603538247495,-0.16512191316956534,0.14412705869802123,-0.14141890518571315,0.10994072705816207,-0.0687059425529191,0.023940616668783183,-0.031055207635684926,-0.10653788099130929,-0.10466049251177965,-0.12530315323162952,-0.1013967478463784,-0.09860764361270007,-0.10445529519927174,-0.07799597793826303,-0.10542551933198137,0.0041107204266068575,-0.10616796487591611
0.24652340747451457,0.24744462769096953,-0.09462107023911369,0.2450457851732488,-0.10768303675128706,0.2500000000000001,-0.12813511788349516,0.24776686559297126,-0.17500295823080925,0.24847482555220757,0.06791991843888706,-0.06918022102402634,0.07027422122049,-0.07885503334476374,0.07919899167968415,-0.08302903492219024,0.10971740696667413,-0.14734571950189607,0.16489797753812904,-0.15099685194104734,-0.0477451268143021,0.06356971745770278,-0.07182491609529831,0.06964450202380496,-0.04776992250768293,0.053828964904633035,-0.057509149433257745,0.10067273829855065,-0.10441333608832265,0.1580075882336441,0.09518732341241805,-0.07806406938596515,0.06889720494704492,-0.05063697304564296,0.03862920099849191,-0.03287626717675718,0.042131489698823195,0.009165475812137084,-0.014272781647794205,0.1293494409112032,-0.06531435723787714,0.06343679352427316,-0.049517760906326584,0.035028074192470865,-0.006979001703393273,-0.0007528923434077103,0.02803864016476062,-0.06516429640457357,0.10902662466949015,-0.10188291858193863,0.24750832117349628,0.24688057578674194,0.0091685191162957,0.24370209613227245,-0.038560710827126796,0.2467638726471672,-0.06021740634131823,0.24773400165594983,-0.13714715045633102,0.24847747682082694
-0.1252151325694237,-0.12681874498440832,0.14429048477818782,-0.12823638381196897,0.17914281595182344,-0.12813511788349516,0.25000000000000017,-0.12734415847435554,0.16015262527081642,-0.12662482281815657,-0.15449120087388907,0.15562671108395992,-0.15675409014851932,0.1661308724455412,-0.18969344999260915,0.2026225830432284,-0.23101540645447158,0.17981569441623727,-0.16336782688039572,0.16500350977428538,0.13597318234257594,-0.1518102801604841,0.15982016049813927,-0.15880500185961377,0.1690005637487063,-0.17517689086966728,0.1749915941236473,-0.1617595237531696,0.16356699803115388,-0.16382668767131897,-0.15928827778078525,0.15662261053357102,-0.1573538671532545,0.15665338900047346,-0.15999832828530616,0.15373625892275172,-0.16065267376559317,0.10798170712396629,-0.10261756858472065,-0.012238775487186652,0.14494717853186173,-0.1449741247550522,0.14142143507062369,-0.14186304215247586,0.12235412085636906,-0.12067889290413494,0.091247609778226,-0.052263239870552626,0.007789062989232818,-0.014895666311587175,-0.12676553775456256,-0.125119617653232,-0.1021888455765421,-0.12185858849329376,-0.07691454768499846,-0.12491332281986137,-0.05926067672119449,-0.12588215834519817,0.02027985806576716,-0.12662401918695385
0.24731666792041124,0.2482356515341767,-0.0939582780259405,0.2458110934884057,-0.10655518408536777,0.24776686559297126,-0.12734415847435554,0.24999999999999994,-0.17583579444567962,0.24926555515621404,0.0670891071552108,-0.06834868137122498,0.06944256259761897,-0.07803090267047877,0.07827742174785893,-0.0822181221048817,0.10892737408585283,-0.14764170186097472,0.16561583607092126,-0.1515161187445797,-0.04693125048780061,0.06275562681251984,-0.07101230200802669,0.06883090089765588,-0.0469769430421105,0.05303590546279829,-0.05676061380923283,0.10061898935933024,-0.10438157257748992,0.15861421306997572,0.09463228662097248,-0.07735311174117826,0.068083191499094,-0.04983764084584177,0.03783574298780865,-0.03208661063613379,0.04137322385313514,0.009905670021043901,-0.015009294830745519,0.1300853507886018,-0.06462316436854246,0.06273249154875685,-0.0487733447683263,0.034225737575054725,-0.0061822641800479885,-0.001545983654949549,0.02880596201430189,-0.06590589112403561,0.10976081182274498,-0.10261706770984513,0.24829074973088777,0.24767105794325994,0.008427236947667643,0.2444929020313033,-0.03935650997089108,0.24755464909387673,-0.060985699787117986,0.2485247646039883,-0.1378814618130482,0.24926823660851796
-0.17386135601056432,-0.17461026983623038,0.09210101625812582,-0.17387269151833398,0.12939164783306395,-0.17500295823080925,0.16015262527081642,-0.17583579444567962,0.25000000000000006,-0.1751308353794274,-0.08407145293274448,0.0850265919901553,-0.08614636426246329,0.09576338520226449,-0.11923561498238297,0.13700217864804554,-0.16578087749195738,0.21628455776547123,-0.23943408999590315,0.2246567920996535,0.06892038821035738,-0.08471252200731529,0.09281457059776561,-0.09211418168220671,0.11588944560434303,-0.12207729872507009,0.1254604086678833,-0.16964156074766584,0.17319361220663562,-0.22557688972461004,-0.11067659681657316,0.09713603400055593,-0.09036961795106775,0.09758155741826152,-0.10697161855439886,0.10106293708667384,-0.11059611997512273,0.06018749100781894,-0.05521389006190913,-0.05788354236143046,0.08838215312985329,-0.0875168793432151,0.08341043781869266,-0.08293112453218636,0.06735968369532239,-0.06826801223982794,0.04139466062031822,-0.005190519528864215,-0.038034404489824265,0.0310358040125661,-0.17467800941624276,-0.17365074755915677,-0.045515605673447236,-0.17044299188207818,-0.022705844433751253,-0.17344854238513455,-0.009813172496345562,-0.17440178526005845,0.06570325993988571,-0.17513231536761195
0.24804097349187373,0.24895572831166726,-0.09375545544033309,0.24650732141598,-0.10616901393601423,0.24847482555220757,-0.12662482281815657,0.24926555515621404,-0.1751308353794274,0.24999999999999997,0.0666253037191399,-0.0678855722017485,0.06897918554825318,-0.07755987046945621,0.0776789985989173,-0.08151168099952126,0.10820140539709798,-0.1469179455023548,0.1648887331344351,-0.1507984347306466,-0.04644960674845829,0.062273860944325105,-0.07053199338002361,0.0683423364355815,-0.046251482729452814,0.05230965610659857,-0.05603644508277215,0.09989235102583831,-0.10365657558610003,0.1579130813858279,0.09418750506394342,-0.0768879115904843,0.06759982758762974,-0.049223941647324326,0.03710943146834295,-0.031362993273141855,0.040646877465574834,0.010632025168068134,-0.015736076069677873,0.13081281258508654,-0.06414536742229239,0.06224267522538823,-0.048230677515787176,0.033606767272706076,-0.005500348852725464,-0.0022725558203867233,0.029531137830637665,-0.06663303727966771,0.11048651407044839,-0.10334255207372864,0.24901259954006683,0.2483989240736246,0.007876890755456169,0.24522126813100212,-0.0400390259330715,0.24828305147874793,-0.06171154652874157,0.24925317356366905,-0.13860704673754373,0.24999665166745383
0.06473959387369861,0.06748121499784093,-0.22229551724041385,0.0701087004176604,-0.18260454265690998,0.06791991843888706,-0.15449120087388907,0.0670891071552108,-0.08407145293274448,0.0666253037191399,0.24999999999999994,-0.24862883906651273,0.24750880201371533,-0.23775546219463065,0.20857620182346714,-0.19073485202741342,0.16134240357693783,-0.11408805688300744,0.0910546272219415,-0.10437252460167878,-0.22471592489152886,0.24045987951401104,-0.2330248645425155,0.23120418483278116,-0.20852863503245173,0.19992457548879297,-0.1981800075096176,0.15389680579467238,-0.1549384197709726,0.10252213655923817,0.21148625807827556,-0.2227569475071961,0.23032235437805443,-0.211718558492422,0.20053477418088572,-0.19429564034640162,0.192587227677038,-0.14256914211633753,0.13738194554935504,-0.030399276989225243,-0.20734114182411836,0.20843295490529185,-0.20198653468893346,0.1978793946838351,-0.17133948204589908,0.16386957031157776,-0.13207911938697928,0.09095272984005032,-0.0488982082768244,0.0555218977330103,0.06742886054507996,0.06519254867441103,0.16387820355086088,0.062179527783344575,0.12886638064960504,0.06502938386650588,0.102450318392983,0.06593276147454734,0.022854767126503292,0.06662333503498653
-0.0659586559390368,-0.06874098712362178,0.22346372688652671,-0.07137042537641329,0.183826939589174,-0.06918022102402634,0.15562671108395992,-0.06834868137122498,0.0850265919901553,-0.0678855722017485,-0.24862883906651273,0.24999999999999994,-0.24884224339436406,0.23907927593027417,-0.209695173976226,0.1917404650897686,-0.1623206760939448,0.11495646238537276,-0.09186197496200303,0.10518004512382012,0.2258522450855982,-0.2417128933179212,0.2342831429693798,-0.23244158713328694,0.20939989480559995,-0.20078328002398071,0.19904668188275315,-0.15475021937140995,0.15580972914501937,-0.10338570331939721,-0.21275274616102524,0.22400043763275196,-0.23155812390600572,0.2127049853351737,-0.2013421937547163,0.19505860390783863,-0.19337597871203116,0.1429798021720808,-0.13775410830542512,0.02994312884408937,0.20845905996727457,-0.20954773584245837,0.20298639649820938,-0.19875387344039022,0.1719574272337166,-0.164393339143029,0.13238169899526017,-0.09096197576877899,0.04858682762490726,-0.05526193312786299,-0.06868869630996768,-0.06644119973199437,-0.16457666321068573,-0.06340540054755271,-0.12915545449976942,-0.06627732336693666,-0.10252231739372056,-0.06718769042278984,-0.022341428289161296,-0.06788361329451097
0.06705154275314391,0.06983409849911168,-0.22457271678918694,0.07246471507238868,-0.1849549953683554,0.07027422122049,-0.15675409014851932,0.06944256259761897,-0.08614636426246329,0.06897918554825318,0.24750880201371533,-0.24884224339436406,0.24999999999999983,-0.2401538544269473,0.21076009936910148,-0.19281881259892056,0.16339616953563532,-0.11605798356440555,0.09297144971745674,-0.10626430015168,-0.2247856479526222,0.24064556470556864,-0.2348128321792682,0.23297121640136495,-0.20995246128655945,0.20146785148196686,-0.199747234632281,0.15563837317148393,-0.1567068725198358,0.10447028850558505,0.21338014740388883,-0.224566889403717,0.23208690303318125,-0.21322036686474163,0.20186177694304025,-0.1955487906858302,0.1939536664637227,-0.14326683262327092,0.13801218650752375,-0.029549263505657505,-0.20896592377882148,0.21004846748070047,-0.20344509641663525,0.1991835401348764,-0.17227106564979153,0.16469365076617198,-0.13254004627255003,0.09093123544487768,-0.048307474012545454,0.05502294896055554,0.06977938991732958,0.06752615632553324,0.16481404594813817,0.06447220575556037,0.129213354189198,0.06736123787061905,0.10249838161231098,0.06827709163695522,0.021902294017720578,0.06897722737837352
-0.07563927177754438,-0.07837502685402832,0.2151399922188734,-0.08104139056623638,0.19355032239847964,-0.07885503334476374,0.1661308724455412,-0.07803090267047877,0.09576338520226449,-0.07755987046945621,-0.23775546219463065,0.23907927593027417,-0.2401538544269473,0.25000000000000006,-0.22047522121229762,0.20255374119656314,-0.17312439432254792,0.12572969731255343,-0.10263537894857061,0.11585299418153483,0.21887625417300866,-0.23470766679873056,0.24262344681417905,-0.2407760566582814,0.2177966611610297,-0.20968822473962614,0.2080829650094176,-0.16452459931795324,0.16566910597250292,-0.11403518652757555,-0.22153172255056766,0.2324907538166421,-0.2398734617813534,0.22076758586758302,-0.20938789241032132,0.20275797046235072,-0.20156461872340126,0.14793722200428103,-0.14238560388211907,0.027421928861689045,0.21622457731140238,-0.21728672647478844,0.21033436581985904,-0.20588426921090677,0.17776958879410226,-0.17002783896513798,0.13621646574450838,-0.09244846136304335,0.04731665306124269,-0.05443462244693176,-0.07835445628262848,-0.07602112088742564,-0.16948073311005216,-0.07278531921517457,-0.13215679143066084,-0.0758453160781107,-0.10436592386016709,-0.07681593057525267,-0.019323922297366514,-0.07755804927879185
0.07632208257923469,0.07843849349892251,-0.18725558296671602,0.08115839020810156,-0.22140692128708403,0.07919899167968415,-0.18969344999260915,0.07827742174785893,-0.11923561498238297,0.0776789985989173,0.20857620182346714,-0.209695173976226,0.21076009936910148,-0.22047522121229762,0.25000000000000017,-0.23055136493502934,0.20102060347162842,-0.15005715112064597,0.12696550090038522,-0.13920450813708793,-0.18958006123335563,0.20542900262788832,-0.21334625678054447,0.21230533708313354,-0.21779893018490154,0.21634217642573875,-0.2147668364797375,0.17956156549608113,-0.18079385521538419,0.1373620608759288,0.1986465829705749,-0.20538940132677413,0.21086071505326076,-0.20755680087401532,0.20914720245676,-0.2025914313513209,0.20476069772550395,-0.15140674533978624,0.1459174976964694,-0.03099287846541503,-0.19218655511486463,0.19307920623184097,-0.19072417695562902,0.1929251903599182,-0.17226781670947713,0.16980048387517852,-0.1376736970705278,0.09583630487415676,-0.05091132359010479,0.05801843978676495,0.07833846575206727,0.07618217193552052,0.15112548322614774,0.07290819880087465,0.12675575534373257,0.07596531141855879,0.10578024277379994,0.07693522771150255,0.022878383690346525,0.07767724315979918
-0.0802369411858916,-0.08214750737375427,0.17169171125660584,-0.08452514835794062,0.20402038913368642,-0.08302903492219024,0.2026225830432284,-0.0822181221048817,0.13700217864804554,-0.08151168099952126,-0.19073485202741342,0.1917404650897686,-0.19281881259892056,0.20255374119656314,-0.23055136493502934,0.25000000000000033,-0.2202697337550566,0.16866649321233404,-0.1455560195439717,0.15668597822298094,0.17267723959309583,-0.18855055007909333,0.19647502946646173,-0.19579440265130024,0.21456792054557824,-0.22078991581583535,0.2195538006244146,-0.19114087003036373,0.1924747031885704,-0.154772661218439,-0.18368642733778703,0.18905870452668158,-0.19415191854018818,0.1980854460530519,-0.20559273265454653,0.1991325547257554,-0.20547258591747422,0.15231324828046816,-0.14687529857808707,0.031830722588185506,0.17739913400104343,-0.17815274470789294,0.17807496039852913,-0.18353598947320904,0.16626516073012476,-0.1662063865659811,0.13610235086785857,-0.09655842276276184,0.051789962584271605,-0.058899501293180674,-0.0820823230615537,-0.08003244362608025,-0.13902515421950987,-0.07673714355462807,-0.12074834248301884,-0.07979648641194559,-0.10410663107080426,-0.08076706271850106,-0.023670050733994405,-0.0815100576044002
0.10694073266653988,0.10854555038299579,-0.14755927538453711,0.11029091870401672,-0.18747883674416033,0.10971740696667413,-0.23101540645447158,0.10892737408585283,-0.16578087749195738,0.10820140539709798,0.16134240357693783,-0.1623206760939448,0.16339616953563532,-0.17312439432254792,0.20102060347162842,-0.2202697337550566,0.2500000000000004,-0.19431461930057484,0.17089037788521524,-0.17380638244552252,-0.1436234836288773,0.15946625043517365,-0.16742626562091326,0.16674487444369446,-0.18728617148913854,0.1934656936609967,-0.19308170516667542,0.1779237887843438,-0.17956200801619854,0.17175720872683098,0.1636372488555076,-0.16326318606536785,0.16506678790854556,-0.17011085797299724,0.1783129155665969,-0.17198150374447807,0.1788542963780274,-0.1261440789235238,0.12077995054014551,-0.005965207964147925,-0.15239714021319328,0.1526860211709421,-0.15156514636764146,0.1554942274035228,-0.13873539204811539,0.13900719671508205,-0.10947268299835348,0.07046115360655907,-0.025951875600433764,0.03305052951757552,0.10848163002138823,0.10671788148233992,0.11274699051531271,0.10343725732900527,0.09333257733202922,0.10649023563636424,0.07751150190782091,0.10745870828376802,-0.002112877295349279,0.10820026042592638
-0.1456734461900135,-0.14673419232843354,0.11378621599711396,-0.14691978565445143,0.15085402570478051,-0.14734571950189607,0.17981569441623727,-0.14764170186097472,0.21628455776547123,-0.1469179455023548,-0.11408805688300744,0.11495646238537276,-0.11605798356440555,0.12572969731255343,-0.15005715112064597,0.16866649321233404,-0.19431461930057484,0.2500000000000003,-0.22616034401797902,0.22333044587867923,0.09900764856766262,-0.11488988342467041,0.12294329054431331,-0.12236224458919308,0.14919248886764022,-0.1553787348367598,0.1587464349697104,-0.2029206255593267,0.20601189607180365,-0.2213350800578026,-0.13402119837819057,0.12585248501937182,-0.1205451072872618,0.1292570479276982,-0.14017981320843598,0.13404490532947924,-0.14371528264430944,0.09238257864258047,-0.08733289268416669,-0.027763318731949774,0.11660073982993452,-0.11626068660097096,0.11326272372097829,-0.11450463560050482,0.09936220687098567,-0.10079313082590441,0.07330362783192655,-0.03643747194941399,-0.007642970757317914,0.0005265610210715696,-0.14677560632403755,-0.1454227362495892,-0.07468767801311477,-0.14214540472815923,-0.05390664218641161,-0.14520427565397007,-0.04118627140051258,-0.1461743898625519,0.03581035397625433,-0.14691775360816675
0.16365816864815555,0.16446099853718574,-0.09664167167842198,0.16396359438593783,-0.13418708347821773,0.16489797753812904,-0.16336782688039572,0.16561583607092126,-0.23943408999590315,0.1648887331344351,0.0910546272219415,-0.09186197496200303,0.09297144971745674,-0.10263537894857061,0.12696550090038522,-0.1455560195439717,0.17089037788521524,-0.22616034401797902,0.2500000000000004,-0.23481256385910482,-0.07601624491689528,0.09182647494692502,-0.09991564689393646,0.09932578076261728,-0.12625429154651935,0.132453222739909,-0.13581014227739827,0.18002187606114775,-0.18345462100565643,0.22769222002772257,0.11561932105872354,-0.10373681160269485,0.0975111431464993,-0.10645213112876205,0.11734327901611524,-0.11139293970384373,0.12096744093933867,-0.07052994517117481,0.06555944219973336,0.04759178337025756,-0.09513573042170892,0.0944350123491601,-0.09115308021624263,0.09186618729245782,-0.077120619680436,0.07862168803409801,-0.051711757379872436,0.015513442436807086,0.027756423840067906,-0.02075699870601193,0.16452790129489986,0.16341448816782256,0.053341626361998594,0.16019768922046443,0.032449654505093295,0.163204420121894,0.02012213773004386,0.16415810553929672,-0.055442423298410246,0.16488895888192737
-0.14957343072953427,-0.1505241833002177,0.10648526978302597,-0.15041929346966398,0.14177832994784736,-0.15099685194104734,0.16500350977428538,-0.1515161187445797,0.2246567920996535,-0.1507984347306466,-0.10437252460167878,0.10518004512382012,-0.10626430015168,0.11585299418153483,-0.13920450813708793,0.15668597822298094,-0.17380638244552252,0.22333044587867923,-0.23481256385910482,0.2500000000000002,0.08951521497346644,-0.10531925145004957,0.11336562369075255,-0.11281012570868354,0.13990492003467692,-0.1460748559425894,0.14939172635829237,-0.1933434822435834,0.1967561995580911,-0.24186098501113854,-0.1270174898755221,0.11640640205590017,-0.1109921781667446,0.11998222431629686,-0.13101582760993127,0.12502152648462161,-0.13461096607154308,0.08423517987536148,-0.07927806837407676,-0.03370841627993255,0.10765338938836344,-0.10720786074570712,0.1042738786741825,-0.10547840657421889,0.09081001619974605,-0.09235145688423614,0.0654368078859116,-0.0293083517293431,-0.013938622567017436,0.006951791661429042,-0.15058566689311909,-0.14933021215046322,-0.0664703605668292,-0.14611407687663652,-0.0461978790910863,-0.14911632844201644,-0.0339027366440803,-0.15006862825569056,0.04158886345803692,-0.15079838446812566
-0.04476670784057661,-0.047312907680749916,0.19952725373548133,-0.049934615149140826,0.16250025286560082,-0.0477451268143021,0.13597318234257594,-0.04693125048780061,0.06892038821035738,-0.04644960674845829,-0.22471592489152886,0.2258522450855982,-0.2247856479526222,0.21887625417300866,-0.18958006123335563,0.17267723959309583,-0.1436234836288773,0.09900764856766262,-0.07601624491689528,0.08951521497346644,0.2500000000000004,-0.23401023049348982,0.2258941938379417,-0.22259535411941128,0.19939549000400386,-0.18924911564947577,0.187232000799829,-0.14107416567544948,0.14194906708129781,-0.08757845784148949,-0.2014521520730578,0.21453915448858824,-0.22295722910943627,0.20451038285762668,-0.19326519746860082,0.18749681269749088,-0.18405181894557543,0.13899841920673603,-0.1343094917018507,0.038407559247142675,0.2001246468231509,-0.20135194318809255,0.19568396862219123,-0.1921329233985817,0.16756122930532302,-0.16031271064412767,0.13081427893586817,-0.09279230586441273,0.054956069481785524,-0.06089340162344444,-0.047318474621942816,-0.045164640206973014,-0.1613369840190328,-0.04246045766418638,-0.12944228424334658,-0.04501856996203965,-0.10429003436304381,-0.04582866757151645,-0.03163159328323566,-0.04644761247285091
0.060416672060886134,0.06312796611262408,-0.21536257385814095,0.06575899342017809,-0.17835392804162453,0.06356971745770278,-0.1518102801604841,0.06275562681251984,-0.08471252200731529,0.062273860944325105,0.24045987951401104,-0.2417128933179212,0.24064556470556864,-0.23470766679873056,0.20542900262788832,-0.18855055007909333,0.15946625043517365,-0.11488988342467041,0.09182647494692502,-0.10531925145004957,-0.23401023049348982,0.2500000000000005,-0.24168175471708306,0.23837803533887944,-0.2152734793270358,0.20489415908002903,-0.2031002511801646,0.15681214039009375,-0.15783447591480174,0.10344389660750909,0.21716607464618565,-0.2301644359877815,0.2384858025548906,-0.21960440686098112,0.20828646435350717,-0.20191904805193517,0.19886426219653142,-0.1481453302602249,0.14287994069831714,-0.0345385769233523,-0.21448142123788222,0.2156776759628571,-0.20941128826267755,0.20561082759425184,-0.17872419137025866,0.1711539156759205,-0.1382986225988855,0.09591624611755588,-0.05326116744994397,0.059968835385178484,0.063136303656638,0.060824778059981904,0.17080609119274995,0.057771518070316864,0.13570750585458424,0.060657677364943756,0.10831819639666089,0.06157262278859607,0.02690346306276482,0.06227188899752469
-0.06866897931742959,-0.07135357756810348,0.20982298748317968,-0.07400840822688157,0.1863238180257145,-0.07182491609529831,0.15982016049813927,-0.07101230200802669,0.09281457059776561,-0.07053199338002361,-0.2330248645425155,0.2342831429693798,-0.2348128321792682,0.24262344681417905,-0.21334625678054447,0.19647502946646173,-0.16742626562091326,0.12294329054431331,-0.09991564689393646,0.11336562369075255,0.2258941938379417,-0.24168175471708306,0.2500000000000004,-0.24627208334599493,0.22313661363825998,-0.21265463268906376,0.21097597822016106,-0.16472124948635633,0.16580314353044884,-0.11150893572360929,-0.22514202511876205,0.23810801715495106,-0.24637962659916013,0.22725155459404192,-0.21590049588253535,0.20921882455220586,-0.20630874717111736,0.15267376659657778,-0.14711159269186058,0.032358271268964824,0.2217617117121012,-0.2229398601093239,0.21636275796452775,-0.2124236125240707,0.18434613884940093,-0.17661044674484044,0.14199287156684678,-0.09734251347244255,0.052201882299786485,-0.05930667133910176,-0.07138961126364786,-0.0689985380352635,-0.1755673367215457,-0.0657659710140974,-0.1388112412809359,-0.06882050317507536,-0.11023284639274607,-0.06978947161576392,-0.02428184527727915,-0.07053013481920319
0.0665127835988779,0.06916684362215383,-0.20793722031263973,0.07182568212536732,-0.18519004620166066,0.06964450202380496,-0.15880500185961377,0.06883090089765588,-0.09211418168220671,0.0683423364355815,0.23120418483278116,-0.23244158713328694,0.23297121640136495,-0.2407760566582814,0.21230533708313354,-0.19579440265130024,0.16674487444369446,-0.12236224458919308,0.09932578076261728,-0.11281012570868354,-0.22259535411941128,0.23837803533887944,-0.24627208334599493,0.2500000000000004,-0.2227615321061272,0.21228909307327581,-0.210589830810215,0.16426874809787512,-0.16531567126026403,0.1109152942575897,0.22231270371849363,-0.23524839531348418,0.24355264491410733,-0.22528121022522768,0.21459212505212602,-0.2079963607017955,0.20554560608435832,-0.15256167376050667,0.14706738259103783,-0.033715694144896224,-0.21919887131752278,0.22037832067192895,-0.21415202710440243,0.21064968627861863,-0.1832127152868306,0.17578240155974925,-0.14177718067884545,0.0978949370552932,-0.05331457245779186,0.06033189565234486,0.06919960070682453,0.06682982265717491,0.17390079571277248,0.06363452870282889,0.1382362640175499,0.06665171484164713,0.11039937180751634,0.06760882523178696,0.025729320432939976,0.06834046345091066
-0.04505057567877497,-0.047081543714234404,0.18510514181024806,-0.04972419536340375,0.18948433682813956,-0.04776992250768293,0.1690005637487063,-0.0469769430421105,0.11588944560434303,-0.046251482729452814,-0.20852863503245173,0.20939989480559995,-0.20995246128655945,0.2177966611610297,-0.21779893018490154,0.21456792054557824,-0.18728617148913854,0.14919248886764022,-0.12625429154651935,0.13990492003467692,0.19939549000400386,-0.2152734793270358,0.22313661363825998,-0.2227615321061272,0.2500000000000003,-0.23936082218957297,0.23742924304180232,-0.19137356170216657,0.19237563357508833,-0.13808372109537284,-0.19948374835629998,0.21227521063787422,-0.22093895876006067,0.22937258090090099,-0.2408472241208978,0.2340775126053198,-0.232126555261582,0.17837789361108178,-0.17282114798380763,0.057792525278774154,0.20083511034946214,-0.20213021077639226,0.20514924466640633,-0.2150436854113517,0.1999613576287482,-0.20146064173477302,0.16712370197460413,-0.12290343720809205,0.07768464650284301,-0.08479056909451399,-0.047109410487611116,-0.044796943599684884,-0.1663911329343871,-0.04147704430570481,-0.15444934975203975,-0.04453586245817303,-0.13529025573361483,-0.04550692282001678,-0.04967121163898813,-0.046249354423128934
0.051122898853012376,0.05308259704505962,-0.17764524332325696,0.05562845411306197,-0.18857056979947392,0.053828964904633035,-0.17517689086966728,0.05303590546279829,-0.12207729872507009,0.05230965610659857,0.19992457548879297,-0.20078328002398071,0.20146785148196686,-0.20968822473962614,0.21634217642573875,-0.22078991581583535,0.1934656936609967,-0.1553787348367598,0.132453222739909,-0.1460748559425894,-0.18924911564947577,0.20489415908002903,-0.21265463268906376,0.21228909307327581,-0.23936082218957297,0.2500000000000002,-0.2442566045013939,0.19764073817860311,-0.19859143224367165,0.14425606314695985,0.19032388244615983,-0.20178843410301653,0.21046361981160575,-0.21903280231363845,0.23051039884272823,-0.22401907804681764,0.23059736060799468,-0.17775022239183577,0.1723113209553881,-0.058760260153888376,-0.1907093693822346,0.19186339758500395,-0.1949475464869867,0.20486249333853346,-0.1900803786813687,0.19163797673516808,-0.16164587438635333,0.12275113897383887,-0.07840503398605055,0.08541619735101444,0.05311942223244027,0.050876985199110415,0.15680027528369056,0.04761107013901929,0.1452786384176146,0.05061668982307864,0.13010392204273333,0.05157432098317302,0.05064560097851469,0.05230765003291467
-0.0548364695544192,-0.05677835754530756,0.17665576998869126,-0.05924399882730216,0.18789469635509692,-0.057509149433257745,0.1749915941236473,-0.05676061380923283,0.1254604086678833,-0.05603644508277215,-0.1981800075096176,0.19904668188275315,-0.199747234632281,0.2080829650094176,-0.2147668364797375,0.2195538006244146,-0.19308170516667542,0.1587464349697104,-0.13581014227739827,0.14939172635829237,0.187232000799829,-0.2031002511801646,0.21097597822016106,-0.210589830810215,0.23742924304180232,-0.2442566045013939,0.25000000000000044,-0.2010268328271388,0.20191013751467934,-0.14762164796494257,-0.18911716675927973,0.20017381231876247,-0.20875709054213232,0.2171346734062441,-0.22848055852407453,0.22201137530041093,-0.23458943758296652,0.18109640901740198,-0.1755907026674993,0.06056037315912262,0.1889692751533331,-0.19007125789816476,0.19299569459427046,-0.20275777085237948,0.18764253400196054,-0.18913519071447416,0.16100574049833655,-0.1252631511285314,0.0804661292809259,-0.08756699746175421,-0.0568380252147089,-0.05459431010003143,-0.1545931559429025,-0.0513252851047868,-0.1426630726035031,-0.05432311385991205,-0.1290313583945759,-0.05529138957548261,-0.05229229287638909,-0.056034499583406394
0.0986920521089398,0.10015605162952639,-0.14393561342371788,0.101380755776914,-0.16590306495479207,0.10067273829855065,-0.1617595237531696,0.10061898935933024,-0.16964156074766584,0.09989235102583831,0.15389680579467238,-0.15475021937140995,0.15563837317148393,-0.16452459931795324,0.17956156549608113,-0.19114087003036373,0.1779237887843438,-0.2029206255593267,0.18002187606114775,-0.1933434822435834,-0.14107416567544948,0.15681214039009375,-0.16472124948635633,0.16426874809787512,-0.19137356170216657,0.19764073817860311,-0.2010268328271388,0.2500000000000007,-0.2461598200268362,0.19181485683956556,0.15884383489488568,-0.1600912488298871,0.1624533795210183,-0.17124278835612816,0.1825160028469026,-0.1763133998470204,0.1862463129301038,-0.13569988078643763,0.1307534675657826,-0.017468563093904283,-0.15020887645873296,0.1506386626109785,-0.15098542640031828,0.15691586312156836,-0.142201634142574,0.14375533854421635,-0.11667509909629548,0.08066085621520216,-0.03716089397387938,0.04415615232369923,0.10020715991502106,0.09844287796199645,0.11299737706114263,0.09519811680500878,0.09747213179321651,0.09820503152136467,0.08509458534768341,0.09915975258795155,0.009419151484091037,0.09989131842854074
-0.102428970478958,-0.10390390525922984,0.14536424943692333,-0.10509018594281795,0.16755125637277885,-0.10441333608832265,0.16356699803115388,-0.10438157257748992,0.17319361220663562,-0.10365657558610003,-0.1549384197709726,0.15580972914501937,-0.1567068725198358,0.16566910597250292,-0.18079385521538419,0.1924747031885704,-0.17956200801619854,0.20601189607180365,-0.18345462100565643,0.1967561995580911,0.14194906708129781,-0.15783447591480174,0.16580314353044884,-0.16531567126026403,0.19237563357508833,-0.19859143224367165,0.20191013751467934,-0.2461598200268362,0.25000000000000033,-0.19538607260774796,-0.16042822119993613,0.1613449287003909,-0.16349237104277214,0.17216666633747615,-0.1833934271845694,0.17710856539905334,-0.1869527799183978,0.1356096360419057,-0.1305834998288934,0.015485055572813766,0.1512965547824691,-0.1517002166181996,0.15185522744063445,-0.15759771678630646,0.14252850044293477,-0.14402216162949605,0.11644152789958916,-0.07969096060637441,0.03549744325420546,-0.04260525786932434,-0.10395668857698974,-0.10218167117459387,-0.11322674549839304,-0.09888397264495667,-0.09705575654095275,-0.10194218149870317,-0.08435274131522062,-0.10291229966927172,-0.007313787837578381,-0.10365557583572492
0.15667052054216996,0.1575837558809607,-0.10604653086842732,0.15732387926271388,-0.14135376688370635,0.1580075882336441,-0.16382668767131897,0.15861421306997572,-0.22557688972461004,0.1579130813858279,0.10252213655923817,-0.10338570331939721,0.10447028850558505,-0.11403518652757555,0.1373620608759288,-0.154772661218439,0.17175720872683098,-0.2213350800578026,0.22769222002772257,-0.24186098501113854,-0.08757845784148949,0.10344389660750909,-0.11150893572360929,0.1109152942575897,-0.13808372109537284,0.14425606314695985,-0.14762164796494257,0.19181485683956556,-0.19538607260774796,0.25000000000000006,0.12616287840601795,-0.11465205040553213,0.10909205823604272,-0.11803912221980785,0.12906788031715236,-0.12297727126021807,0.1326022075090141,-0.08129671381184893,0.07624336025216942,0.0388043910694456,-0.10580612927505464,0.10527661113734102,-0.10218290202777537,0.10324870040780204,-0.08820428369600215,0.08969695326447079,-0.06224352135479998,0.025368122730838962,0.018662403965583156,-0.01154720071887514,0.1576514213885074,0.15641645073078475,0.06368969326746393,0.15314275679289804,0.042774623215167694,0.15620035410294475,0.030132452124785422,0.1571700566664956,-0.04681408210835161,0.15791313338501115
0.09231217308332901,0.09477678790242912,-0.19415233287195685,0.0968577037064303,-0.1786357651771508,0.09518732341241805,-0.15928827778078525,0.09463228662097248,-0.11067659681657316,0.09418750506394342,0.21148625807827556,-0.21275274616102524,0.21338014740388883,-0.22153172255056766,0.1986465829705749,-0.18368642733778703,0.1636372488555076,-0.13402119837819057,0.11561932105872354,-0.1270174898755221,-0.2014521520730578,0.21716607464618565,-0.22514202511876205,0.22231270371849363,-0.19948374835629998,0.19032388244615983,-0.18911716675927973,0.15884383489488568,-0.16042822119993613,0.12616287840601795,0.2500000000000005,-0.23179271818188604,0.2226406950766636,-0.2036431716810314,0.19221404934249603,-0.1856432419605835,0.18358019221894353,-0.1301499167528923,0.12462042697877847,-0.009876375616841114,-0.2151822908828209,0.2159882524183721,-0.2022765440700346,0.18872593566998674,-0.16066282568737236,0.15292879961849642,-0.11888564125734927,0.07477926696696002,-0.029758735422921324,0.03686955056286967,0.09484344982360465,0.09262330869584433,0.16124976664902302,0.08942246170061068,0.11514521903095083,0.09247667393086263,0.08709632176743531,0.09344544267129667,0.0018370686208335778,0.09418611946840799
-0.0750460442827089,-0.07762437567226536,0.20174339910392589,-0.08006006864204544,0.18096776859825348,-0.07806406938596515,0.15662261053357102,-0.07735311174117826,0.09713603400055593,-0.0768879115904843,-0.2227569475071961,0.22400043763275196,-0.224566889403717,0.2324907538166421,-0.20538940132677413,0.18905870452668158,-0.16326318606536785,0.12585248501937182,-0.10373681160269485,0.11640640205590017,0.21453915448858824,-0.2301644359877815,0.23810801715495106,-0.23524839531348418,0.21227521063787422,-0.20178843410301653,0.20017381231876247,-0.1600912488298871,0.1613449287003909,-0.11465205040553213,-0.23179271818188604,0.25000000000000033,-0.24069052801197705,0.22158121094975153,-0.21020401444598869,0.20344290473826404,-0.19620863990133544,0.14242264231943186,-0.13684277625072302,0.021824075166585123,0.23290262312257268,-0.23403779224048274,0.22028513341369696,-0.2067026229571533,0.1785722364010445,-0.17082424663927792,0.13414073481964725,-0.0870852540510599,0.041714295563638294,-0.048842274118862515,-0.0777085670296798,-0.07532262480527206,-0.17908112461386994,-0.07211110950899392,-0.1329348609606233,-0.07517265995704091,-0.102370347709392,-0.07614408648639338,-0.013791371884922085,-0.07688622865810288
