x1,x2,x3,x4,x5,x6,x7,x8,x9,x10,x11,x12,x13,x14,x15,x16,x17,x18,x19,x20,x21,x22,x23,x24,x25,x26,x27,x28,x29,x30,x31,x32,x33,x34,x35,x36,x37,x38,x39,x40,x41,x42,x43,x44,x45,x46,x47,x48,x49,x50,x51,x52,x53,x54,x55,x56,x57,x58,x59,x60
0.25000000000000006,0.24437825173582498,-0.11808815388891981,0.24534663936404366,-0.1350653466029714,0.24586537444703654,-0.19620575569796675,0.2458138236006886,-0.17726247163531217,0.2460180326211878,0.06979111018932252,-0.07574192417051395,0.08035650382426286,-0.08920814859750116,0.11247352833264063,-0.11750007084399872,0.16976673313030533,-0.158911243388807,0.16758119827436915,-0.1568906516630255,-0.051087585540944606,0.06508352860979685,-0.07688252039125386,0.07525578195331821,-0.06781017409989512,0.08194804525912096,-0.078661009128072,0.10851851077603301,-0.10967673848496969,0.16023526027677992,0.08710880311659373,-0.07762134747478118,0.07453899828470803,-0.06538628101782946,0.06153399235120917,-0.03696215771558923,0.047069007590740224,0.009420818424380969,-0.014366403542756027,0.131801444508001,-0.06318237751325267,0.06182039189683671,-0.053275664418060927,0.047268235193191795,-0.003549168089020267,-0.013046080700355492,0.052726816906213246,-0.07051140836575508,0.11214836433034094,-0.10713701950430621,0.24284571779164124,0.24306576718680273,-0.012188916978722772,0.24518844294053194,-0.05635767062051808,0.24517841206225033,-0.08235748836696867,0.24546008741452405,-0.1384703947509055,0.2460194608686743
0.24437825173582498,0.24999999999999994,-0.12363928523582762,0.24770293784024325,-0.1388651955873277,0.2482059700397911,-0.19833247025482542,0.24815161876563804,-0.17927593411204473,0.24835631406193537,0.07509994245195034,-0.0810702868267268,0.08568209032552629,-0.094336350136074,0.11661980728702091,-0.12101514125419455,0.1720878422499281,-0.16120309914430406,0.16958465828988858,-0.1590750165944478,-0.05581560715944659,0.0701367200918208,-0.08180558748705649,0.08013393246151312,-0.07236372007392919,0.08576819667036127,-0.08225497104220326,0.11154498116872416,-0.11268256582219069,0.1624784230834234,0.09189043110195072,-0.08244584003642429,0.07939328032037464,-0.06991432755875156,0.06597020115441768,-0.04066292780850722,0.050607183040556454,0.007162103852169498,-0.012259926110657899,0.1321915191892527,-0.06763898301574067,0.0662808146651885,-0.05755134831204252,0.05141486697486987,-0.006634270992125585,-0.010405275876643088,0.05109469295482291,-0.0695368321899613,0.11212115882775406,-0.10701578488783724,0.24521461670667372,0.24533896239503583,-0.009340399109678817,0.24750892813497258,-0.054561266735230714,0.24749872156670427,-0.08134603644869716,0.247788521642257,-0.13897749737774373,0.24835774674218364
-0.11808815388891981,-0.12363928523582762,0.2499999999999999,-0.12272888472222027,0.15470059586026988,-0.12206901407338809,0.10878991080269475,-0.12203077764044404,0.10317482998199437,-0.12205665714676629,-0.20034303485131913,0.20624804047556203,-0.2108950603666502,0.20249858853961233,-0.16690235159995767,0.14865413691400003,-0.11325476884201628,0.11103629836805602,-0.10144639280904241,0.10693267630623919,0.17989900629493638,-0.19439944005744844,0.19210496254317516,-0.1904014653157619,0.18169891602363641,-0.15880264797551188,0.1516833952487566,-0.13304676060763532,0.13237975499209467,-0.10960887924946146,-0.18756464802758416,0.1888990809153229,-0.18982804809250067,0.1795210766710941,-0.17656604341407942,0.15117505994767577,-0.14618309853040146,0.08861361707112363,-0.08198744888006342,-0.031196939734889927,0.17359360046698888,-0.17358361037620768,0.16693577582898572,-0.16283037683934717,0.11992038657348816,-0.10352355760565611,0.05866465394647827,-0.03032031330197125,-0.012250840058278386,0.007915508897020293,-0.12272522680867332,-0.11922499757514084,-0.1034608894430719,-0.12125260315771356,-0.061882084507653284,-0.12124280252045627,-0.03047653979353049,-0.1215998029713362,0.0366070381210551,-0.12205710437687745
0.24534663936404366,0.24770293784024325,-0.12272888472222027,0.24999999999999983,-0.139471849953372,0.24917488930032175,-0.19967445603389972,0.24912120703934296,-0.1805239710232527,0.24932499268315067,0.07440414063006102,-0.0803792473204084,0.08499372798922225,-0.09383649657704102,0.11676634238405571,-0.12137088194806954,0.1732952499103715,-0.16231816615432426,0.17087507455884876,-0.16020375488311173,-0.05511454285702778,0.06944546574913098,-0.08127280549971533,0.07960097420270157,-0.07183079798382418,0.08561940746203031,-0.08212911830408906,0.11192437713389991,-0.11307988187486401,0.16361709630142146,0.09151322342089714,-0.08195295526082488,0.07885798961725396,-0.0693758014479211,0.0654226488697875,-0.04009413763203523,0.05019803312919135,0.00762291141012331,-0.012709664929138645,0.1328094233891162,-0.06713443386366211,0.0657658476595273,-0.05700826939702815,0.05084676928983639,-0.006009590871744267,-0.01105035172128174,0.051733389140546905,-0.07009048002032373,0.11271324790185042,-0.10759603261458468,0.2461578753225129,0.24630331393574842,-0.009973797912002896,0.2484764563677434,-0.05526896568984979,0.24846623473233506,-0.08203000242138951,0.24875560550233267,-0.13961724825767255,0.2493264294635234
-0.1350653466029714,-0.1388651955873277,0.15470059586026988,-0.139471849953372,0.24999999999999994,-0.1389587508987599,0.1411240285165677,-0.13873775788069914,0.13543105663267208,-0.13880310871395285,-0.17057975035026388,0.17629966424864152,-0.18095369478003612,0.18977388377675689,-0.22671069596318688,0.20308199129376825,-0.1546604316214099,0.1499734076645114,-0.1375174797785437,0.1432011481387756,0.15108658319624452,-0.16543186692164819,0.17709281795665505,-0.17591345794264907,0.17408385305616608,-0.1778208094919996,0.1709807939129607,-0.16412096304015053,0.16383917760881966,-0.14584012075645925,-0.1790509190944042,0.17664683700290343,-0.17580741500425812,0.17039623909673252,-0.16876815497514958,0.14920914460005813,-0.1517227322225993,0.091448392522036,-0.0849502988707077,-0.03454189500989332,0.1620741985538488,-0.16179913645466684,0.15622880665973443,-0.15336262236807305,0.11287583294630263,-0.09904096045327285,0.05449709985534457,-0.029643967423957134,-0.014643290478038931,0.009928338464924642,-0.13896708925960458,-0.13592358563264553,-0.09040250192420905,-0.1379570023276459,-0.05199290414082354,-0.1379447508738476,-0.024627466840717364,-0.13828376855338212,0.04082053991753663,-0.13880337925741254
0.24586537444703654,0.2482059700397911,-0.12206901407338809,0.24917488930032175,-0.1389587508987599,0.2500000000000001,-0.1995850594734684,0.24963622682695605,-0.18034267116785688,0.2498420407766744,0.07377821396961308,-0.0797516925667758,0.08436591837310677,-0.0932092235019375,0.11625158295214345,-0.12090154270258023,0.17298820044174817,-0.1620005828583702,0.17059154061669723,-0.1598940023800009,-0.05448692439718457,0.06881764128056944,-0.0806462061466016,0.07897625481413867,-0.07126315239184357,0.08513218588461027,-0.08165441948989688,0.11150212933434415,-0.11266052572788542,0.16330862265697496,0.09090030648936555,-0.08133638269389443,0.07823832323815082,-0.06879948915975896,0.06485355521462276,-0.0395758822907963,0.0496956046793109,0.008121110933412501,-0.013205822664958978,0.13330651618045444,-0.06653227392188699,0.06515907273380353,-0.056417043963771535,0.050270861527077666,-0.005468369629173878,-0.011567027077430092,0.05224280776078286,-0.07058999327318478,0.11320820004704753,-0.10809027558704402,0.24665748401369758,0.24682113914952802,-0.01055718830079454,0.24899352217699494,-0.05580792721886721,0.24898329044663678,-0.08254062099510102,0.24927257723321697,-0.14011332458951492,0.24984348490363745
-0.19620575569796675,-0.19833247025482542,0.10878991080269475,-0.19967445603389972,0.1411240285165677,-0.1995850594734684,0.24999999999999994,-0.19964162794366944,0.21619071200217907,-0.19943779550914595,-0.08423485113808024,0.08960180350795809,-0.0942591362007174,0.10351155723224216,-0.14072535166211028,0.16175950774964482,-0.2221194141316126,0.2111582783375684,-0.2197966982746883,0.20906232590436402,0.06581688928727436,-0.08010671729106378,0.09186903164557973,-0.09101938334725217,0.0975058431863871,-0.1268249042945581,0.1297780325855747,-0.16070855652305124,0.1617852882840404,-0.21244197385508404,-0.10215202322467974,0.09450198959144568,-0.09161754277977947,0.09250492130269164,-0.09228950687613256,0.0874135971983522,-0.09898176191373785,0.041356919359196206,-0.036332632560663616,-0.08331135967424814,0.08233975267737746,-0.08136546083262287,0.0774867976796915,-0.07631799757506871,0.045083772643703064,-0.03782804361477811,-0.002769476973599802,0.020837268992002143,-0.06344204734110205,0.0583496368029946,-0.197257875349382,-0.19674942571194412,-0.013864093435764252,-0.1985977647512651,0.015033614824423745,-0.19858256568960497,0.032875598077189705,-0.19886991229908463,0.0902570349749933,-0.19943874830125916
0.2458138236006886,0.24815161876563804,-0.12203077764044404,0.24912120703934296,-0.13873775788069914,0.24963622682695605,-0.19964162794366944,0.25000000000000006,-0.1804157586485853,0.24978989083505065,0.07379088827707872,-0.07976397880761123,0.08437808041777108,-0.09322140665795306,0.11623155404573292,-0.12088443978959938,0.17297537128391507,-0.16202685999722957,0.17064138013774854,-0.1599410891379403,-0.054507047878967194,0.06883713712023999,-0.08066538300981266,0.07899548533575165,-0.0712783557613752,0.08513501511756831,-0.08167811685220262,0.11152797879185983,-0.11268632820834794,0.16333535920765233,0.09091933814218577,-0.08135512511935854,0.0782570982214982,-0.06881560417807006,0.06486975421363073,-0.039602818731329,0.04972308822791912,0.008088599881252418,-0.013172755799014094,0.13326325250252852,-0.06655180931639951,0.06517891990915708,-0.056436392349537914,0.050289561625729534,-0.005495431091693062,-0.011535191469222739,0.05220725422596313,-0.07055218128059437,0.11316680125932214,-0.10804929093426034,0.24660645483152552,0.24676931940142566,-0.010531153752823881,0.24894144601621912,-0.05577533815667343,0.2489312133924129,-0.08250245775163846,0.24922047095949115,-0.1400697013126465,0.2497913344185922
-0.17726247163531217,-0.17927593411204473,0.10317482998199437,-0.1805239710232527,0.13543105663267208,-0.18034267116785688,0.21619071200217907,-0.1804157586485853,0.25000000000000006,-0.18024358765971576,-0.08378877959856211,0.08895599756033704,-0.0936338312740269,0.10288244827783823,-0.13564703694023053,0.15942208195235424,-0.21427576453014166,0.22393708417955,-0.23974662869547372,0.2283443207396173,0.06736599425931837,-0.0815931942308108,0.09330934056748147,-0.09273932779610136,0.10350577685082128,-0.1347749713061931,0.14323386202885982,-0.174498146651297,0.1755442082701566,-0.22604224850819274,-0.10352296320975714,0.09652155043476741,-0.09372700328947116,0.0977801207464731,-0.0987710087880518,0.10142019686295478,-0.11342511552928222,0.056732184086481015,-0.05181044502416862,-0.06588903263984869,0.08540895938257616,-0.084571484353524,0.08226558230955576,-0.08266935136855179,0.05676656024951361,-0.05312875443401061,0.013200993451349096,0.004442355461237861,-0.04639254494306129,0.041382787386553654,-0.1784076249022968,-0.1777113190435365,-0.020787102480842985,-0.17941918263845605,0.0020404931470486545,-0.1794024302445421,0.01639235680543294,-0.17968435537759658,0.07278146245452147,-0.1802444342099947
0.2460180326211878,0.24835631406193537,-0.12205665714676629,0.24932499268315067,-0.13880310871395285,0.2498420407766744,-0.19943779550914595,0.24978989083505065,-0.18024358765971576,0.24999999999999983,0.07373247640331977,-0.07970769424273308,0.0843217801452931,-0.09316509281524729,0.1160957941371788,-0.1207463963600744,0.1728352662970839,-0.16184758846240702,0.17043897564664762,-0.15974118688272124,-0.05444302841138676,0.06877362501465759,-0.08060232263324255,0.0789295138911949,-0.07116361700015433,0.08497678732436062,-0.08150076365514723,0.11134763243283757,-0.11250631145145551,0.1631558345534459,0.09085647276165015,-0.0812853729255055,0.07818649702789189,-0.06870947898659889,0.06475085026082195,-0.03942374782201088,0.04954004084633017,0.008276221042250809,-0.01336098349239439,0.13346110893454172,-0.0664727503030271,0.0650982254081507,-0.05633887345900414,0.05017504897523297,-0.005338143836208201,-0.011722317319260512,0.05239749147862744,-0.07074493574822852,0.11336240162985736,-0.10824446831681783,0.2468086344679012,0.24697464814993056,-0.010643163420358598,0.24914790494467118,-0.05594024790975548,0.2491376863989709,-0.08269540627859727,0.24942697195288674,-0.140267385351311,0.24999787852306293
0.06979111018932252,0.07509994245195034,-0.20034303485131913,0.07440414063006102,-0.17057975035026388,0.07377821396961308,-0.08423485113808024,0.07379088827707872,-0.08378877959856211,0.07373247640331977,0.2499999999999997,-0.24395615543614532,0.2392484131557035,-0.22991439734975966,0.18963550951288516,-0.1640927950348043,0.10174921533412966,-0.10179021020253576,0.08662103721742202,-0.09677048422980533,-0.21825953944295678,0.23239691856689149,-0.22302891620023602,0.22135122305624896,-0.21255084057106183,0.18219807245470138,-0.17403179984002143,0.14347271233291242,-0.14232326761727931,0.09917875313223755,0.21512054005494227,-0.21900949765280148,0.22085888019092395,-0.21057070037474004,0.20804126404571205,-0.18347399335921744,0.17509712440078984,-0.12010014806618638,0.11335386515411239,-0.006831357059365048,-0.2041208619761874,0.20453904452974317,-0.19862433880780475,0.1951357687809019,-0.15442096365947042,0.13879268486351537,-0.09487159146590898,0.06539453811932275,-0.024616156590275197,0.02855844593805161,0.07568103167301206,0.07106955348523647,0.1387657803187413,0.07297451288561527,0.09972610169551324,0.07296531692493954,0.06845478775073885,0.07332295924888581,0.0019503132771240064,0.0737324394906805
-0.07574192417051395,-0.0810702868267268,0.20624804047556203,-0.0803792473204084,0.17629966424864152,-0.0797516925667758,0.08960180350795809,-0.07976397880761123,0.08895599756033704,-0.07970769424273308,-0.24395615543614532,0.24999999999999994,-0.24521938403816596,0.23587549863380008,-0.19524873117844316,0.16943537932310784,-0.106958596548705,0.1068740833907374,-0.09162161694983897,0.10175314677652106,0.22314069422548766,-0.23779838613953194,0.22846105224151106,-0.22673423448980431,0.21769552469388523,-0.1871664847235544,0.17886913494240814,-0.14835037190651407,0.14720246348863456,-0.10423607253416205,-0.22062466631897024,0.22439739950352114,-0.22621690165463548,0.21561278570250866,-0.21298010293563582,0.18761646434962131,-0.17931221853632176,0.12222884096477166,-0.11526539053728832,0.0045437866248090025,0.20897450692970324,-0.20937415626792757,0.20320733540383892,-0.19956027978978563,0.15734215038919944,-0.14116702413970875,0.09569110017261265,-0.06535110502317652,0.023030132634849106,-0.027140838103544923,-0.0816310041595926,-0.07694126952531581,-0.14101777341671506,-0.07892001990784407,-0.10050477136202798,-0.07891043611138088,-0.06822306574157486,-0.079279892172403,0.0005562200798756548,-0.07970769609533777
0.08035650382426286,0.08568209032552629,-0.2108950603666502,0.08499372798922225,-0.18095369478003612,0.08436591837310677,-0.0942591362007174,0.08437808041777108,-0.0936338312740269,0.0843217801452931,0.2392484131557035,-0.24521938403816596,0.25,-0.24058301170931698,0.1999454835156918,-0.17413855427896374,0.11163427026033765,-0.11156253410186184,0.09630489425967516,-0.10635487901490462,-0.21867177718887976,0.23324743971430514,-0.23022090282708285,0.22855989211240255,-0.2195619038466616,0.19028050280975023,-0.1820421315003853,0.1523019214818644,-0.15119068200640104,0.10883774123981022,0.22282102347604504,-0.22629782215906402,0.2279906518772607,-0.21735761886886615,0.2147007539368858,-0.1890903757232779,0.18127733877631064,-0.12287393234815186,0.11580913914445427,-0.0026045392450262162,-0.21061357283590482,0.21098292177144234,-0.2046776220374882,0.20094840617792606,-0.1579543703842472,0.1415529432808702,-0.0952958390533644,0.06469373169581243,-0.021500714372386542,0.02571927769313425,0.08619142360555386,0.08149582787261261,0.14112758128977396,0.08351640802693819,0.09983786597393908,0.08350643891421505,0.06719809704139225,0.08388101314677224,-0.0026573324751862407,0.08432183654527942
-0.08920814859750116,-0.094336350136074,0.20249858853961233,-0.09383649657704102,0.18977388377675689,-0.0932092235019375,0.10351155723224216,-0.09322140665795306,0.10288244827783823,-0.09316509281524729,-0.22991439734975966,0.23587549863380008,-0.24058301170931698,0.24999999999999972,-0.20932388284463943,0.1835144213620904,-0.12099935534062231,0.12088339661359568,-0.10562013940493076,0.11559761154667363,0.21121674807290172,-0.2256000549250964,0.23719828829594203,-0.2357522573915433,0.22681981923385852,-0.19841009682799757,0.19024451670524925,-0.16103535133207572,0.15996533996087298,-0.11808086418209243,-0.23016709724205353,0.23342542809399996,-0.23500802368904938,0.22427420149975055,-0.22157576374549826,0.19530126202256262,-0.18791095337553806,0.12616592562867138,-0.11879543574832424,-0.000541665919852302,0.21705582122497954,-0.2173913963182456,0.21083677567756234,-0.20699938583019536,0.16207178894804972,-0.14510320297610418,0.0966026894967699,-0.06479822041688066,0.019374818745051127,-0.023844088086850776,-0.09498423538700446,-0.09019287326567153,-0.14391396656079222,-0.09231571843097838,-0.10078444039169453,-0.09230479754606792,-0.066963840706036,-0.09269617626500558,0.006145068409127785,-0.09316514639716364
0.11247352833264063,0.11661980728702091,-0.16690235159995767,0.11676634238405571,-0.22671069596318688,0.11625158295214345,-0.14072535166211028,0.11623155404573292,-0.13564703694023053,0.1160957941371788,0.18963550951288516,-0.19524873117844316,0.1999454835156918,-0.20932388284463943,0.2499999999999996,-0.223146580436408,0.16040824867538434,-0.15623546599293922,0.14065633606470454,-0.1486622498226731,-0.1706220183586257,0.18498003198517854,-0.1966218627619179,0.1955520260660515,-0.19512875825139755,0.19888342510017412,-0.19148221261457743,0.1795558372394662,-0.1790542150994106,0.1511828533033199,0.1976122687821984,-0.19616018748814465,0.19559391586196626,-0.19114779904053153,0.19003577732001065,-0.17184452586915272,0.17364871695140877,-0.11298264026586405,0.10628700482696876,0.013195799306723441,-0.1816709073917159,0.18160338876098883,-0.17665020140968696,0.17442601574498842,-0.13492003269731057,0.1218212371227725,-0.07679481042196934,0.051226877225982924,-0.006653115001692598,0.011314315309568107,0.11693574775513683,0.11324520546294538,0.111041179008464,0.11524963969857015,0.0740847683165754,0.1152369212918309,0.046973475911904816,0.11558169323907933,-0.01945728591702975,0.11609580683631157
-0.11750007084399872,-0.12101514125419455,0.14865413691400003,-0.12137088194806954,0.20308199129376825,-0.12090154270258023,0.16175950774964482,-0.12088443978959938,0.15942208195235424,-0.1207463963600744,-0.1640927950348043,0.16943537932310784,-0.17413855427896374,0.1835144213620904,-0.223146580436408,0.2499999999999995,-0.18721903131713266,0.18268631307173888,-0.16705277769994425,0.1742249803776868,0.1458819796315903,-0.1602602140576841,0.17192561585199662,-0.17132393938821006,0.18070119053633976,-0.21419681906142762,0.20757460070098185,-0.20111611665516957,0.2007520832201971,-0.17678224845286833,-0.17869320148634876,0.17435110040666688,-0.17228131361059948,0.1749758313595983,-0.17590056071495094,0.16725428005739132,-0.17725699356424737,0.11678151559525676,-0.11032195571822996,-0.009537568812780683,0.16181549938945172,-0.16152636236305074,0.15890774581784983,-0.1590579838332603,0.12592781116268573,-0.11744721724550232,0.0750950347701386,-0.05456408029686145,0.010297191281173963,-0.015056866536462177,-0.12121604977071031,-0.11804229627040631,-0.09469356764615755,-0.11990175200283454,-0.06545494129440686,-0.11988673590594073,-0.045076310320603594,-0.12019449712102534,0.01635202685411984,-0.1207464124503095
0.16976673313030533,0.1720878422499281,-0.11325476884201628,0.1732952499103715,-0.1546604316214099,0.17298820044174817,-0.2221194141316126,0.17297537128391507,-0.21427576453014166,0.1728352662970839,0.10174921533412966,-0.106958596548705,0.11163427026033765,-0.12099935534062231,0.16040824867538434,-0.18721903131713266,0.24999999999999972,-0.23718483192644138,0.22105306722859805,-0.2138187393143714,-0.08357406385842855,0.09789872482793578,-0.10962295374409273,0.1090056703957656,-0.11920321459055806,0.15264263694311608,-0.15656498115490408,0.1875907655234717,-0.18855517258579446,0.21630955259585544,0.1195046328420424,-0.11278014172277669,0.10996591896531481,-0.11349255085742317,0.11435704423872284,-0.11412720202549481,0.12604350080959187,-0.0682768019300814,0.0632485300347922,0.05659229672297796,-0.1011343754876304,0.10038309353971174,-0.09777881730792042,0.09792934872806079,-0.06977953389638378,0.06480173128310462,-0.024056059904606603,0.006002068235956946,0.036792574906252276,-0.03169952711307591,0.17134718529029325,0.17022118988746432,0.034781514017049375,0.17199445520897774,0.00977850591300248,0.17197798591021332,-0.006057466973539199,0.17226597266207522,-0.06365312428713915,0.17283543593751607
-0.158911243388807,-0.16120309914430406,0.11103629836805602,-0.16231816615432426,0.1499734076645114,-0.1620005828583702,0.2111582783375684,-0.16202685999722957,0.22393708417955,-0.16184758846240702,-0.10179021020253576,0.1068740833907374,-0.11156253410186184,0.12088339661359568,-0.15623546599293922,0.18268631307173888,-0.23718483192644138,0.24999999999999967,-0.23372131610769312,0.22617266103494343,0.08470625352834349,-0.09906528389702844,0.11080289011230815,-0.11037464571604351,0.12369871960113117,-0.1578781713522463,0.167666840844275,-0.19945502386886646,0.20040540571250376,-0.22864681169383128,-0.12072537422687497,0.1143911689160596,-0.11161503385782134,0.11740451699168257,-0.11915624460341293,0.1252856309247441,-0.13767805873760855,0.07978538498470882,-0.07475874451660698,-0.045342162445428706,0.1033726176293239,-0.10270332110675588,0.10119291452138607,-0.10248056789491095,0.07832511614009537,-0.07627281740502095,0.03542418057643808,-0.01738427373215093,-0.025531135778651477,0.020427662261975975,-0.1605584741691672,-0.1593198267085374,-0.038986819589419505,-0.16100663634041212,-0.01847436781477032,-0.16098863800159438,-0.005262962697321159,-0.16127699515608288,0.05245286561462032,-0.16184771578555412
0.16758119827436915,0.16958465828988858,-0.10144639280904241,0.17087507455884876,-0.1375174797785437,0.17059154061669723,-0.2197966982746883,0.17064138013774854,-0.23974662869547372,0.17043897564664762,0.08662103721742202,-0.09162161694983897,0.09630489425967516,-0.10562013940493076,0.14065633606470454,-0.16705277769994425,0.22105306722859805,-0.23372131610769312,0.24999999999999947,-0.23829608285311793,-0.07024229006285496,0.08447972376336844,-0.09619611591014873,0.09577759365226336,-0.10916602918629019,0.14314203299959385,-0.15296397776474183,0.18448028351338505,-0.18550670128596167,0.23480691349987473,0.10640948500830057,-0.09977181202469601,0.09701227012681723,-0.10296477751796318,0.10464952339445868,-0.11104880817205401,0.1233414799949544,-0.06662303904564026,0.06170751287408649,0.05603189351853311,-0.08912750952851595,0.08836845374854349,-0.08695437695169524,0.08827433773073572,-0.06483749721431854,0.06299368263579108,-0.023038965822069955,0.005434897627533621,0.03656038678966311,-0.03155019629433925,0.16880736379384323,0.1679646569686069,0.02602730793779518,0.16961465597550932,0.00618160317538134,0.1695969698061366,-0.006549268266292358,0.16987880234670508,-0.0629610450425923,0.17043912183679952
-0.1568906516630255,-0.1590750165944478,0.10693267630623919,-0.16020375488311173,0.1432011481387756,-0.1598940023800009,0.20906232590436402,-0.1599410891379403,0.2283443207396173,-0.15974118688272124,-0.09677048422980533,0.10175314677652106,-0.10635487901490462,0.11559761154667363,-0.1486622498226731,0.1742249803776868,-0.2138187393143714,0.22617266103494343,-0.23829608285311793,0.24999999999999967,0.08064094023611365,-0.09490026068719666,0.10661841656664948,-0.10621757925071999,0.11958188621807843,-0.15352822441543076,0.16345723719762217,-0.19499193606633583,0.19599590074841095,-0.24535257107407538,-0.11678937232695706,0.11019582339958302,-0.10745612163609872,0.11335774715574111,-0.11514853440448536,0.12191088014232589,-0.13419705065449536,0.07741567602623518,-0.07249628939646632,-0.045328422115321176,0.09947593869635266,-0.09880763535416016,0.09742199506776929,-0.09878109421100599,0.07554184636309108,-0.07386260653531845,0.03382722489022283,-0.01619343436017366,-0.025889632944744122,0.020879581580393353,-0.15843183783498316,-0.15727101764771134,-0.036499948480930244,-0.15891635402321588,-0.016857074419614405,-0.15889852813581104,-0.004234978564512494,-0.1591809121829194,0.05230717108556506,-0.15974130272492557
-0.051087585540944606,-0.05581560715944659,0.17989900629493638,-0.05511454285702778,0.15108658319624452,-0.05448692439718457,0.06581688928727436,-0.054507047878967194,0.06736599425931837,-0.05444302841138676,-0.21825953944295678,0.22314069422548766,-0.21867177718887976,0.21121674807290172,-0.1706220183586257,0.1458819796315903,-0.08357406385842855,0.08470625352834349,-0.07024229006285496,0.08064094023611365,0.24999999999999956,-0.23525951635452225,0.22377458945624,-0.21987581335142645,0.21047702090925902,-0.174199469559139,0.16553612631926967,-0.1305538306764744,0.12925179821962235,-0.08243886278235288,-0.21337629103565384,0.21883770905228492,-0.22142645427936844,0.21093483376048247,-0.20846105097642645,0.18467714575891914,-0.1732984780975337,0.12283609567900333,-0.1163244927920051,0.016783245306173762,0.20457654686451596,-0.20516598126017302,0.19974117431384789,-0.196582204548696,0.15834463850014122,-0.14343506646033422,0.10132223315189391,-0.07189352792513008,0.03342534615463344,-0.037037000497828924,-0.05672100679571133,-0.051959605485076846,-0.14385628044486382,-0.05373696242895539,-0.10744388640698053,-0.053729637566816264,-0.07671314665274154,-0.054078137797625124,-0.012467811914314704,-0.05444291591884131
0.06508352860979685,0.0701367200918208,-0.19439944005744844,0.06944546574913098,-0.16543186692164819,0.06881764128056944,-0.08010671729106378,0.06883713712023999,-0.0815931942308108,0.06877362501465759,0.23239691856689149,-0.23779838613953194,0.23324743971430514,-0.2256000549250964,0.18498003198517854,-0.1602602140576841,0.09789872482793578,-0.09906528389702844,0.08447972376336844,-0.09490026068719666,-0.23525951635452225,0.24999999999999947,-0.23815819283926373,0.23417957975989764,-0.2248634194907236,0.18848874391400763,-0.17991781382257085,0.14480723987607047,-0.1435223993956673,0.0967701332585559,0.22756639731263695,-0.23321438510826267,0.23576781385646306,-0.22509572700544445,0.22255039950509667,-0.19706222625214037,0.18565409962425844,-0.12862106471584392,0.12150838737756517,-0.011426736327367877,-0.21771211479595798,0.21827411612230857,-0.21247534650837716,0.20919172429642194,-0.16712393389033472,0.15098957734767404,-0.10454032034477156,0.07219334495238197,-0.029832203669803426,0.033862578737622696,0.07101418224116615,0.06602589862246387,0.1505906925827379,0.0679898676072156,0.11057006601165596,0.06798035462684865,0.07728807990576839,0.06836405234460328,0.0065797703938753034,0.06877357467120936
-0.07688252039125386,-0.08180558748705649,0.19210496254317516,-0.08127280549971533,0.17709281795665505,-0.0806462061466016,0.09186903164557973,-0.08066538300981266,0.09330934056748147,-0.08060232263324255,-0.22302891620023602,0.22846105224151106,-0.23022090282708285,0.23719828829594203,-0.1966218627619179,0.17192561585199662,-0.10962295374409273,0.11080289011230815,-0.09619611591014873,0.10661841656664948,0.22377458945624,-0.23815819283926373,0.24999999999999967,-0.24569812359376195,0.2364484593743456,-0.20001929012805333,0.19153853873436513,-0.15638868022089186,0.15512690834040824,-0.10849541771836718,-0.2390848403118591,0.24477387286177585,-0.2473059443162116,0.2364721702121782,-0.23387324848777957,0.20743197269087135,-0.1960474685691611,0.13401370440099203,-0.12641257764436145,0.007310330054466015,0.22824498887185687,-0.22878204318965373,0.22268565022718007,-0.2193112463877775,0.17440748881226173,-0.15745393010756295,0.10746258594957969,-0.07291435180646369,0.02722460300466264,-0.031613852711087784,-0.08280603657628122,-0.0776401902586705,-0.155830661656374,-0.07975367941341686,-0.11317331074697143,-0.0797427194975722,-0.07795274937140778,-0.08015436294534059,-0.002006281074943076,-0.0806023143026262
0.07525578195331821,0.08013393246151312,-0.1904014653157619,0.07960097420270157,-0.17591345794264907,0.07897625481413867,-0.09101938334725217,0.07899548533575165,-0.09273932779610136,0.0789295138911949,0.22135122305624896,-0.22673423448980431,0.22855989211240255,-0.2357522573915433,0.1955520260660515,-0.17132393938821006,0.1090056703957656,-0.11037464571604351,0.09577759365226336,-0.10621757925071999,-0.21987581335142645,0.23417957975989764,-0.24569812359376195,0.2499999999999998,-0.2360564449931284,0.19965371662651377,-0.19122633296128796,0.15606680047738716,-0.1548067608433729,0.10807288002874849,0.235818497882775,-0.24121820241498695,0.24359950072968398,-0.23351157229479416,0.23110495852826615,-0.20496202914872858,0.194495309689893,-0.13332077710652984,0.12582214467027347,-0.008436186146400956,-0.22504984178075718,0.22556792365234418,-0.2197414177903402,0.21659685021768355,-0.17236353471569277,0.15567167955289873,-0.10665481531497194,0.07307488067531942,-0.028054862972199127,0.03238181576352818,0.08111709522254032,0.07601318456497605,0.15386652479686008,0.07809319255189744,0.112019033438455,0.0780823686938731,0.07756119737900131,0.0784846153532182,0.0031571777195834993,0.07892949724740161
-0.06781017409989512,-0.07236372007392919,0.18169891602363641,-0.07183079798382418,0.17408385305616608,-0.07126315239184357,0.0975058431863871,-0.0712783557613752,0.10350577685082128,-0.07116361700015433,-0.21255084057106183,0.21769552469388523,-0.2195619038466616,0.22681981923385852,-0.19512875825139755,0.18070119053633976,-0.11920321459055806,0.12369871960113117,-0.10916602918629019,0.11958188621807843,0.21047702090925902,-0.2248634194907236,0.2364484593743456,-0.2360564449931284,0.24999999999999972,-0.21265479336080706,0.2042005882289053,-0.16915303921333277,0.16788105677175433,-0.12148965418169498,-0.22685426057980376,0.23481100740431698,-0.23741774452964276,0.24210697313184001,-0.24348772859325096,0.2171475499204761,-0.20691912479601002,0.14483197906460707,-0.13725272962108803,0.018015830700188966,0.22121461248933358,-0.22188434234574797,0.22213298893952543,-0.2250863700007704,0.1824134064688406,-0.16710312541248235,0.1174423352778077,-0.08363063379119126,0.03793060808898082,-0.04233197668032919,-0.07339598784604864,-0.06832597924721963,-0.15587924514625517,-0.07031515610243035,-0.12127960475112418,-0.07030324912317548,-0.08789958301296383,-0.07070976537620537,-0.012613761042509062,-0.07116356419902087
0.08194804525912096,0.08576819667036127,-0.15880264797551188,0.08561940746203031,-0.1778208094919996,0.08513218588461027,-0.1268249042945581,0.08513501511756831,-0.1347749713061931,0.08497678732436062,0.18219807245470138,-0.1871664847235544,0.19028050280975023,-0.19841009682799757,0.19888342510017412,-0.21419681906142762,0.15264263694311608,-0.1578781713522463,0.14314203299959385,-0.15352822441543076,-0.174199469559139,0.18848874391400763,-0.20001929012805333,0.19965371662651377,-0.21265479336080706,0.24999999999999983,-0.2388642068636584,0.20365258678826612,-0.20241152412810748,0.15570156775434657,0.20389896842074148,-0.20220048109469604,0.2009697117024905,-0.2061186662622641,0.20804370915237805,-0.20034970801438554,0.20960965240590143,-0.1480946851756735,0.14082266591088463,-0.022156969849761666,-0.19009844567818804,0.1901095216929687,-0.18902247542264253,0.19071421782148182,-0.1588166484063321,0.15112723179355206,-0.10826650431704359,0.08653291401738825,-0.04181874612612623,0.046326187521599345,0.08660102722925157,0.08233901941235125,0.12562307477361612,0.08413997852267543,0.09893727988741682,0.08412458199725086,0.07861044147302101,0.08444052042248013,0.015558693767990912,0.08497672975292396
-0.078661009128072,-0.08225497104220326,0.1516833952487566,-0.08212911830408906,0.1709807939129607,-0.08165441948989688,0.1297780325855747,-0.08167811685220262,0.14323386202885982,-0.08150076365514723,-0.17403179984002143,0.17886913494240814,-0.1820421315003853,0.19024451670524925,-0.19148221261457743,0.20757460070098185,-0.15656498115490408,0.167666840844275,-0.15296397776474183,0.16345723719762217,0.16553612631926967,-0.17991781382257085,0.19153853873436513,-0.19122633296128796,0.2042005882289053,-0.2388642068636584,0.2499999999999996,-0.21364138435143998,0.21239617342617367,-0.16572367476029704,-0.1961544686210373,0.19391109695114947,-0.1924792943915564,0.19768951412947267,-0.2000821234473489,0.20554400356932992,-0.21803362026124748,0.156020191556659,-0.14878805816931562,0.029004779670536163,0.18233782754841846,-0.18228295450487758,0.1813850599728985,-0.18336170379933045,0.15885220799191693,-0.1566283704715381,0.11419581846269249,-0.09380481497919196,0.04881764080885271,-0.05339800755475166,-0.0830640230026825,-0.07898644492881955,-0.11913108173756999,-0.08065972814884706,-0.09897429038223682,-0.08064147611838225,-0.08424000454348791,-0.08094884422815911,-0.022175524006798397,-0.08150068681494585
0.10851851077603301,0.11154498116872416,-0.13304676060763532,0.11192437713389991,-0.16412096304015053,0.11150212933434415,-0.16070855652305124,0.11152797879185983,-0.174498146651297,0.11134763243283757,0.14347271233291242,-0.14835037190651407,0.1523019214818644,-0.16103535133207572,0.1795558372394662,-0.20111611665516957,0.1875907655234717,-0.19945502386886646,0.18448028351338505,-0.19499193606633583,-0.1305538306764744,0.14480723987607047,-0.15638868022089186,0.15606680047738716,-0.16915303921333277,0.20365258678826612,-0.21364138435143998,0.2499999999999996,-0.2463491905816725,0.1977717399036707,0.1649206210927792,-0.15999772510509547,0.15728982829284519,-0.16277971878282452,0.16495871311484295,-0.17157051087064926,0.18407975281543382,-0.12784051610580818,0.12296373634338989,-0.003975380518901532,-0.1487197176624764,0.14845807977541525,-0.14703403516592542,0.1484344427089058,-0.1252891218161612,0.1236559629475872,-0.08336367093799515,0.06618221612695362,-0.02339279459627545,0.028426728166938767,0.11153577860665223,0.108872987246732,0.08571806064657281,0.11051788860584778,0.06631005088378705,0.11050083925702288,0.05356546043062261,0.1107824416824346,-0.003285014627710948,0.11134761625665389
-0.10967673848496969,-0.11268256582219069,0.13237975499209467,-0.11307988187486401,0.16383917760881966,-0.11266052572788542,0.1617852882840404,-0.11268632820834794,0.1755442082701566,-0.11250631145145551,-0.14232326761727931,0.14720246348863456,-0.15119068200640104,0.15996533996087298,-0.1790542150994106,0.2007520832201971,-0.18855517258579446,0.20040540571250376,-0.18550670128596167,0.19599590074841095,0.12925179821962235,-0.1435223993956673,0.15512690834040824,-0.1548067608433729,0.16788105677175433,-0.20241152412810748,0.21239617342617367,-0.2463491905816725,0.2499999999999997,-0.1988837014226634,-0.1637699993546732,0.1587624393607887,-0.15601747539543226,0.16148524638961848,-0.1636530661556506,0.17060833398838313,-0.18316604477518425,0.12882317576523783,-0.12409625357926081,0.004004510538255316,0.14739172035694204,-0.14711950557252215,0.14565337891773933,-0.14704214439655372,0.12447624345211827,-0.12306612732868759,0.0830004378026387,-0.06671558719633519,0.02359423240676815,-0.02869087188835097,-0.11264191766816938,-0.11003543049588448,-0.0841875684360934,-0.11167454669087655,-0.06547475750567883,-0.11165922828866626,-0.052941787197783426,-0.11193565029810208,0.0033341197670625207,-0.11250629861780742
0.16023526027677992,0.1624784230834234,-0.10960887924946146,0.16361709630142146,-0.14584012075645925,0.16330862265697496,-0.21244197385508404,0.16333535920765233,-0.22604224850819274,0.1631558345534459,0.09917875313223755,-0.10423607253416205,0.10883774123981022,-0.11808086418209243,0.1511828533033199,-0.17678224845286833,0.21630955259585544,-0.22864681169383128,0.23480691349987473,-0.24535257107407538,-0.08243886278235288,0.0967701332585559,-0.10849541771836718,0.10807288002874849,-0.12148965418169498,0.15570156775434657,-0.16572367476029704,0.1977717399036707,-0.1988837014226634,0.24999999999999956,0.11878973527580833,-0.11209322376323863,0.10931833627099646,-0.11518865422517664,0.11696467503775967,-0.12366745483442784,0.13608969626835823,-0.07824707705789365,0.07323693000422365,0.04674208227113343,-0.10113894765918537,0.10045616925017006,-0.09898911333772159,0.10031924620037873,-0.0765355283959487,0.07473554253389186,-0.03393281005965726,0.015911930866001317,0.026944553843601827,-0.021844121718474867,0.16181240899743807,0.1606373440108556,0.036921217248463915,0.16231583489984908,0.016764806894919458,0.1622977189390492,0.0037997182543570477,0.16258573606496535,-0.053839865999204456,0.16315596804620505
0.08710880311659373,0.09189043110195072,-0.18756464802758416,0.09151322342089714,-0.1790509190944042,0.09090030648936555,-0.10215202322467974,0.09091933814218577,-0.10352296320975714,0.09085647276165015,0.21512054005494227,-0.22062466631897024,0.22282102347604504,-0.23016709724205353,0.1976122687821984,-0.17869320148634876,0.1195046328420424,-0.12072537422687497,0.10640948500830057,-0.11678937232695706,-0.21337629103565384,0.22756639731263695,-0.2390848403118591,0.235818497882775,-0.22685426057980376,0.20389896842074148,-0.1961544686210373,0.1649206210927792,-0.1637699993546732,0.11878973527580833,0.2499999999999993,-0.2399392081264365,0.236958720171111,-0.2262106655617165,0.22353030255747092,-0.1971158920834216,0.1858170355345101,-0.1238572231125472,0.11630099397363089,0.0027749905282331623,-0.222888333288803,0.22326803583161545,-0.2147527778174384,0.2089724500849969,-0.1640861962513302,0.1471301492617363,-0.09723093093816601,0.06276431703064164,-0.01715999042948428,0.021560263360788513,0.09280217860456604,0.08786206018255135,0.1478571807272081,0.0900080443567175,0.10286997800987235,0.08999715790852496,0.06771132500031296,0.09040794579900173,-0.008059284926418442,0.09085648945339182
-0.07762134747478118,-0.08244584003642429,0.1888990809153229,-0.08195295526082488,0.17664683700290343,-0.08133638269389443,0.09450198959144568,-0.08135512511935854,0.09652155043476741,-0.0812853729255055,-0.21900949765280148,0.22439739950352114,-0.22629782215906402,0.23342542809399996,-0.19616018748814465,0.17435110040666688,-0.11278014172277669,0.1143911689160596,-0.09977181202469601,0.11019582339958302,0.21883770905228492,-0.23321438510826267,0.24477387286177585,-0.24121820241498695,0.23481100740431698,-0.20220048109469604,0.19391109695114947,-0.15999772510509547,0.1587624393607887,-0.11209322376323863,-0.2399392081264365,0.24999999999999953,-0.246891602216464,0.23606055539505075,-0.2334568556506943,0.20697119767692979,-0.19474755502481686,0.1326462664664999,-0.12503351523415462,0.005848563274478466,0.23269989655508164,-0.23319282617793263,0.22466570060104596,-0.21888108543999307,0.17394507751811308,-0.1569813606639611,0.10665722603575953,-0.07153428473068339,0.025780632718406263,-0.030168741193690417,-0.08353315942285618,-0.07828885374091021,-0.1576932694656002,-0.08043595323065711,-0.11265631881653058,-0.08042500328340496,-0.07713656732734174,-0.08084098898364146,-0.00059421870016524,-0.08128536147068031
