x1,x2,x3,x4,x5,x6,x7,x8,x9,x10,x11,x12,x13,x14,x15,x16,x17,x18,x19,x20,x21,x22,x23,x24,x25,x26,x27,x28,x29,x30,x31,x32,x33,x34,x35,x36,x37,x38,x39,x40,x41,x42,x43,x44,x45,x46,x47,x48,x49,x50,x51,x52,x53,x54,x55,x56,x57,x58,x59,x60
0.25000000000000006,0.24984768864774734,0.24998612465646505,0.24995476379012155,0.24993824131262546,0.24998271542770256,0.24984901140941823,0.2499521114367433,0.24984362347447453,0.2499775618413939,0.24982324431773018,0.2490152556774019,0.24712489955427788,0.24737854402407453,0.24657817685154945,0.24294041079218368,0.2453207299054747,0.24272630512902774,0.2493675120859448,0.24994405264989808,0.24996616423543777,0.2467808696839597,0.2488111568391221,0.24522738369929545,0.24867036908490778,0.2453349756217312,0.24878686277865503,0.24703525983253144,0.2495884161337672,0.24995838820029972,0.24996085481002225,0.2465536982043302,0.24883871526875712,0.2460053242638505,0.24858369880197775,0.24547163181777024,0.24879054238678325,0.24684035026426934,0.2495507671257641,0.2499704966012635,0.24975875297140093,0.24906919562054403,0.24722102078657768,0.24734114205013263,0.24709649902301914,0.24345650334437596,0.24500591660871268,0.243995723856643,0.24918231262328647,0.24993522796598744,0.24998500084168776,0.249889201639798,0.24997241355888342,0.24996849162661183,0.2498878257694719,0.24998944417155264,0.24972390411129886,0.24997467351053174,0.2496907941994587,0.24997942212406152
0.24984768864774734,0.25,0.24985083814828912,0.24981949425369598,0.2498029807177693,0.24984743076451962,0.24971379910365024,0.24981684333570792,0.24970841408452818,0.2498422799672086,0.24968804595649585,0.24888049458028344,0.2469911614726546,0.24724466867613407,0.2464447346431691,0.2428089372557383,0.24518796819728916,0.24259494746144347,0.24923256035608782,0.24980878891008532,0.2498308885293642,0.24664731778306898,0.2486765061954105,0.24509467250784242,0.24853579463215952,0.24520220620410496,0.24865222528230743,0.24690157026178036,0.24945334485592602,0.2498231167024303,0.24982558197728258,0.24642026924320767,0.24870404971108262,0.24587219206958139,0.24844917125311244,0.24533878844508095,0.24865590289911962,0.24670676617391177,0.2494157162226647,0.24983521855061672,0.24962358951133962,0.2489344053324189,0.24708723068644287,0.24720728694324504,0.24696277631108318,0.2433247505109918,0.24487332526994915,0.2438636792100215,0.2490474611189462,0.24979996900188195,0.24984971494169309,0.24975396758403878,0.2498371344708249,0.24983321466100933,0.24975259245830086,0.24985415586693416,0.24958875951060633,0.2498393931994416,0.2495556675170582,0.24984413924313542
0.24998612465646505,0.24985083814828912,0.25,0.2499584568744874,0.24994209055873887,0.24998587123683913,0.24985216220773934,0.24995526237066726,0.24984677302957606,0.2499807129709382,0.24982639384660182,0.24901839536978132,0.2471282116244608,0.24738167657393886,0.24658133341605107,0.24294349890438174,0.24532382682036688,0.24272936565609338,0.24937065530857988,0.24994720337349002,0.24996931523064783,0.24678398052355288,0.2488142937073757,0.24523047944277007,0.24867350359306326,0.2453380698291859,0.2487899989085693,0.24703837422110145,0.2495915624017588,0.24996153909507496,0.249964005731912,0.2465568062121933,0.24884185206553905,0.24600842535607398,0.24858683233017914,0.24547472625329125,0.2487936786528258,0.24684346193054088,0.2495539129711744,0.2499736476499332,0.24976190135070553,0.24907233532720863,0.24722413720001696,0.24734426003972607,0.24709961388057877,0.24345957243131292,0.2450090050845319,0.24399879976931924,0.2491854537429002,0.249938378566931,0.24998815207314334,0.2498923516636392,0.2499755646340651,0.2499716426499573,0.24989097578130398,0.24999259545901925,0.2497270520535497,0.2499778246118446,0.2496939417208206,0.2499825732851934
0.24995476379012155,0.24981949425369598,0.2499584568744874,0.25000000000000006,0.24991010585464524,0.24995450453723037,0.24982081847632587,0.24992390539736187,0.2498154296100351,0.24994935277544356,0.2497950529479055,0.2489871533181809,0.24709686123633753,0.24735063950228423,0.2465502603930571,0.2429130241412228,0.24529305690815104,0.24269891742143607,0.24933937181172675,0.24991584738876269,0.2499379564746901,0.2467530194515999,0.24878308055236936,0.24519971854095968,0.24864230814041605,0.2453072945551095,0.2487587884616151,0.24700738365781413,0.249560251030762,0.24993018130864916,0.24993264763992712,0.2465258755500227,0.2488106348323241,0.24597756351816816,0.248555646979432,0.2454439313670669,0.24876246755947817,0.24681249530527596,0.24952260640644314,0.2499422883488397,0.2497305686132221,0.24904108909923303,0.24719312282521544,0.2473132305489131,0.24706861510227165,0.24342903008707883,0.24497826856343113,0.24396818988799673,0.24915419332141558,0.24990702368572454,0.24995679095245948,0.24986100256115756,0.2499442050902131,0.2499402836003878,0.24985962685289836,0.24996123378091084,0.24969572369144474,0.24994646478674332,0.24966261750933003,0.24995121286437094
0.24993824131262546,0.2498029807177693,0.24994209055873887,0.24991010585464524,0.25000000000000006,0.24993803875083692,0.24980431698040031,0.24990738582213437,0.2497989162488239,0.24993283051072238,0.24977854070991715,0.24897066202139806,0.2470808271560619,0.24733430574157325,0.24653337299323116,0.24289711768975297,0.24527693816371393,0.2426829045241663,0.24932289127951193,0.24989932751255214,0.24992143513680307,0.246736681672769,0.24876664662798073,0.24518356713544687,0.24862588206022979,0.24529111583961313,0.2487423495749082,0.24699106319796738,0.2495437546561109,0.24991366039503748,0.2499161266155948,0.24650957968532555,0.2487941891118481,0.245961304329877,0.24853921660733486,0.2454277075185702,0.2487460265871277,0.2467961805257339,0.24950611376654347,0.24992576669611105,0.24971406095458498,0.24902462709602805,0.24717678291261025,0.24729688212098008,0.24705228308367347,0.24341293583279192,0.24496207453715144,0.24395206156108987,0.24913772377591703,0.24989050429554388,0.24994026834096453,0.24984448628145098,0.2499276832824124,0.24992376208005948,0.24984311069153378,0.24994471087573727,0.24967921838849239,0.24992994285784603,0.24964611434691109,0.24993469062159734
0.24998271542770256,0.24984743076451962,0.24998587123683913,0.24995450453723037,0.24993803875083692,0.25000000000000006,0.2498487539637794,0.24995185347885066,0.24984336559424578,0.24997730381843694,0.24982298646650078,0.24901499740055366,0.24712457459783901,0.2473782895504076,0.2465778781103388,0.24294016601207766,0.24532048056175415,0.24272605584980472,0.2493672547438106,0.2499437946682472,0.24996590623101997,0.24678061393994943,0.24881090046672452,0.24522713299017362,0.24867011278572052,0.24533472391024322,0.24878660617472,0.2470350051569802,0.24958815852128607,0.24995813020036975,0.24996059680920524,0.24655344372166021,0.2488384584722627,0.24600507036306796,0.2485834422054745,0.24547137847549677,0.24879028570284015,0.2468400954900318,0.24955050960304692,0.2499702385912863,0.2497584951799264,0.24906893854502257,0.24722076561677975,0.24734088673876947,0.24709624396995364,0.24345625194904866,0.24500566370444962,0.24399547196652593,0.24918205542779448,0.24993496998957068,0.2499847428167319,0.24988894371372214,0.24997215554600064,0.24996823361869602,0.24988756784623595,0.24998918614201043,0.24972364635794497,0.24997441549623892,0.2496905364782087,0.24997916410486373
0.24984901140941823,0.24971379910365024,0.24985216220773934,0.24982081847632587,0.24980431698040031,0.2498487539637794,0.25000000000000006,0.24981816278619057,0.2497097297970688,0.24984360210171871,0.24968936461385594,0.24888182847933635,0.24699101419162764,0.2472454920880657,0.24644959941339542,0.24280916158732513,0.24518918502481887,0.2425962589069972,0.2492338912221992,0.24981011098639522,0.2498322112949896,0.24664864893075455,0.24867784090994383,0.24509592023108726,0.24853715270084376,0.24520350087672474,0.24865356257471558,0.24690287787270498,0.24945466397916766,0.24982443919870903,0.24982690485141057,0.246421572399186,0.24870536937729312,0.2458734936609727,0.24845048798131106,0.24534008390881684,0.24865722311528796,0.24670806859485475,0.24941703634026738,0.2498365412441642,0.24962491109052282,0.24893572247897672,0.2470885377038512,0.2472085898061255,0.2469640809752068,0.2433260217925891,0.2448746197180549,0.24386495668398173,0.24904877935877343,0.24980129145704685,0.24985103771409264,0.2497552898495147,0.2498384569756067,0.24983453734605185,0.24975391453828827,0.2498554786628491,0.24959008095489404,0.24984071591525683,0.2495569888136018,0.24984546198601534
0.2499521114367433,0.24981684333570792,0.24995526237066726,0.24992390539736187,0.24990738582213437,0.24995185347885066,0.24981816278619057,0.25000000000000006,0.24981315072433968,0.2499467004747487,0.2497924051530493,0.24898451313463765,0.24709440294259913,0.24734801194204256,0.2465475946790452,0.24291042749252167,0.24529045402540153,0.2426963431163871,0.24933672626212938,0.24991319543753115,0.24993530430013497,0.24675040176715687,0.24878044088554774,0.2451971167838364,0.24863967036931744,0.24530469194465063,0.2487561491810799,0.24700476270557908,0.24955760284749995,0.24992752921430111,0.24992999552283476,0.246523259569932,0.24880799466864856,0.24597495336851385,0.248553009477741,0.245441326851398,0.24875982790982074,0.24680987626236475,0.24951995864437987,0.2499396361278246,0.24972791863888305,0.24903844643290993,0.24719049976647703,0.24731060616839742,0.2470659933472137,0.24342644680577197,0.24497566899602075,0.24396560092688693,0.24915154946070137,0.24990437183794872,0.2499541385775705,0.24985835120271102,0.24994155284686384,0.24993763140066377,0.24985697550765026,0.24995858135887755,0.24969307408767855,0.2499438125214115,0.2496599682567646,0.24994856054867287
0.24984362347447453,0.24970841408452818,0.24984677302957606,0.2498154296100351,0.2497989162488239,0.24984336559424578,0.2497097297970688,0.24981315072433968,0.25000000000000006,0.24983821483721247,0.24968411534758522,0.24887643918260408,0.24698710666351886,0.24724063367260543,0.24644012563665535,0.24280495361925852,0.2451840150184362,0.24259101576692405,0.24922850704659372,0.24980472433009726,0.24982682363783196,0.2466432962183467,0.24867246449225994,0.24509070355780196,0.2485317567411159,0.24519823147290057,0.2486481825887001,0.24689755605830913,0.24944928603001587,0.24981905190185016,0.24982151716742146,0.2464162597679978,0.248700003719281,0.24586819170177548,0.24844512871332444,0.24533479665469896,0.24865185818828672,0.2467027519574695,0.2494116584999601,0.24983115358019936,0.24961952798416123,0.24893035500803762,0.2470832103889646,0.24720326430525572,0.24695875785636004,0.24332078971896512,0.24486934078091038,0.24385971032522238,0.2490434089593054,0.2497959045790487,0.2498456497354515,0.24974990393566296,0.2498330694515161,0.24982914972323716,0.24974852883489307,0.24985009058843644,0.2495846985702457,0.24983532816107248,0.24955160709954735,0.24984007412761347
0.2499775618413939,0.2498422799672086,0.2499807129709382,0.24994935277544356,0.24993283051072238,0.24997730381843694,0.24984360210171871,0.2499467004747487,0.24983821483721247,0.24999999999999986,0.2498178360213892,0.2490098646606366,0.24711954463119756,0.2473731830841597,0.24657286167718992,0.24293514321205903,0.24531541646282914,0.24272104981714826,0.249362113829061,0.2499386418817483,0.24996075298969694,0.24677552751819837,0.2488057703419591,0.24522207270404967,0.24866498581970403,0.24532966358256206,0.2487814769801078,0.24702991180803585,0.2495830130515959,0.24995297712438697,0.24995544368211678,0.24654836081884102,0.248833328410841,0.24599999874852777,0.2485783175058362,0.24546631782487305,0.24878515653314043,0.24683500665434485,0.24954536482672865,0.2499650852621669,0.24975334621620088,0.24906380378445336,0.24721566895765573,0.2473357875989376,0.24709114988635855,0.2434512329789829,0.2450006127423095,0.24399044179416052,0.24917691834384229,0.24992981739224873,0.24997958918862648,0.24988379206058922,0.24996700217751958,0.24996308033094047,0.2498824162175751,0.24998403242230238,0.24971849810915686,0.24996926208101805,0.24968538891593367,0.24997401059176766
0.24982324431773018,0.24968804595649585,0.24982639384660182,0.2497950529479055,0.24977854070991715,0.24982298646650078,0.24968936461385594,0.2497924051530493,0.24968411534758522,0.2498178360213892,0.2499999999999999,0.248856118896617,0.24696536746587353,0.24722052984769874,0.24642003477783006,0.24278540433690476,0.2451640545201375,0.24257123343991183,0.24920817525806005,0.24978434846240244,0.24980644586972295,0.24662316819440544,0.24865218536839992,0.24507074799639422,0.2485114832595624,0.24517824579992878,0.24862790035617466,0.24687742017642764,0.24942893931043594,0.24979867473116044,0.24980113977779175,0.24639616036525466,0.24867971802975666,0.24584813707716707,0.24842486332658378,0.24531478604014226,0.24863157732913002,0.2466826295168114,0.24939131539461445,0.2498107754409661,0.2495991671052093,0.2489100505071124,0.24706305656214517,0.24718310101947832,0.24693861421916882,0.24330094313323544,0.24484936734179463,0.2438398202493966,0.24902309512239373,0.24977552928109628,0.2498252704134307,0.2497295324234014,0.24981269116719498,0.24980877174708335,0.24972815747662355,0.24982971090418535,0.24956434055679602,0.24981494968124518,0.24953125175258828,0.2498196952603815
0.2490152556774019,0.24888049458028344,0.24901839536978132,0.2489871533181809,0.24897066202139806,0.24901499740055366,0.24888182847933635,0.24898451313463765,0.24887643918260408,0.2490098646606366,0.248856118896617,0.24999999999999983,0.2461578484147582,0.24641926857222168,0.24564481803903015,0.24199732420166062,0.2443719202327417,0.24178164584184256,0.24840361203356448,0.24897654225972546,0.24899849462256507,0.2458150823534416,0.24784657866715468,0.24427503803352063,0.2477069061763598,0.24438272326083665,0.24782263081947198,0.24607716892461048,0.24862209469064553,0.24899077384608215,0.2489932571076613,0.24559911626913217,0.24787514111171077,0.24505292095474104,0.24762143801347583,0.24452100294243445,0.24782722356553244,0.24588448708161711,0.24858445034748544,0.24900282692577538,0.24879190383848976,0.24810497464110304,0.2462638995499779,0.2463832941479133,0.24613979102586336,0.24251334782508735,0.24405741098248757,0.24305040723836796,0.24821766776389725,0.2489677062158978,0.24901727522013672,0.24892184686969218,0.24900472712782581,0.24900082991448957,0.24892045583226374,0.24902170134944043,0.24875718247267203,0.24900698770213797,0.24872421343561885,0.24901171809856082
0.24712489955427788,0.2469911614726546,0.2471282116244608,0.24709686123633753,0.2470808271560619,0.24712457459783901,0.24699101419162764,0.24709440294259913,0.24698710666351886,0.24711954463119756,0.24696536746587353,0.2461578484147582,0.24999999999999986,0.24452172633564312,0.24376550607586547,0.24016460074635174,0.2425154940472294,0.23994864959665896,0.2465165853717016,0.24708644562310486,0.24710828293541529,0.2439516783326661,0.24596619340361878,0.24241511249904968,0.2458273644309594,0.2425282684257337,0.24594175889058373,0.24421019320924742,0.24673475192537667,0.24710059566738024,0.24710305313561992,0.24373471577932354,0.24599368558769313,0.24319268279037332,0.2457417248715081,0.24266486456023417,0.2459460675964174,0.24401795960200254,0.24669747725290778,0.24711256520098962,0.24690324300874214,0.24622152623155763,0.24439444884108907,0.24451294772950313,0.24427127535256213,0.2406722808144606,0.24220467070492008,0.24120537994814314,0.24633337242498576,0.24707770415377192,0.24712690376605076,0.24703219984319597,0.24711445045328043,0.24711058330207222,0.24703082492801853,0.24713129629517494,0.24686878998762937,0.24711669437773634,0.2468360657573039,0.24712138883035276
0.24737854402407453,0.24724466867613407,0.24738167657393886,0.24735063950228423,0.24733430574157325,0.2473782895504076,0.2472454920880657,0.24734801194204256,0.24724063367260543,0.2473731830841597,0.24722052984769874,0.24641926857222168,0.24452172633564312,0.25,0.24397548745917685,0.24039846624346714,0.24280523093408674,0.2401907810350744,0.24677170667983273,0.2473400941590138,0.24736188533785095,0.2442016560259053,0.2462138595504042,0.24262603118746612,0.24607636667264224,0.2427655159774844,0.24618908951702423,0.2444584734265569,0.24698754872776787,0.24735426849572814,0.24735674607192476,0.24398453917887095,0.24624561876203044,0.24344184136981764,0.24599459034584883,0.2429125936494712,0.24619641579531643,0.24426753978201773,0.24694926988898283,0.24736619635540896,0.247156662171058,0.24647399452528382,0.24464500178513449,0.24476322200806688,0.24452170771734977,0.24091918284841693,0.2424534086296053,0.24145165556425827,0.24658611990578935,0.24733137553176573,0.2473805502924078,0.24728574916868476,0.24736807674521047,0.24736421307759712,0.2472842983203824,0.24738494732999955,0.24712212197706776,0.2473703299323605,0.24708942901651346,0.24737502969680708
0.24657817685154945,0.2464447346431691,0.24658133341605107,0.2465502603930571,0.24653337299323116,0.2465778781103388,0.24644959941339542,0.2465475946790452,0.24644012563665535,0.24657286167718992,0.24642003477783006,0.24564481803903015,0.24376550607586547,0.24397548745917685,0.2499999999999999,0.23953594835058317,0.24194978188704716,0.2394116535266648,0.2459720039170386,0.2465397278259275,0.24656159896625243,0.2434307052875764,0.2454211348903308,0.24186565950373856,0.2452854926196523,0.24198065923246898,0.24539912442963965,0.24366772441356016,0.24618877941372563,0.24655393308456935,0.24655639885250943,0.24319541206295267,0.24544942249340243,0.24265454418747948,0.24519831033031486,0.24212763291301595,0.24540151223402304,0.24347784304595654,0.24615134579954506,0.24656586959870647,0.24635701118993092,0.2456767163311856,0.24385367908032105,0.24397172379540408,0.24373074641888232,0.24013945860035055,0.24166882656611155,0.2406711895426086,0.24578837632159917,0.2465311011241976,0.24658017662922482,0.24648568222315642,0.24656774443537988,0.24656389227159842,0.24648428988391233,0.24658455944069854,0.24632262371079683,0.2465699896793173,0.24628998702260038,0.24657467389451646
0.24294041079218368,0.2428089372557383,0.24294349890438174,0.2429130241412228,0.24289711768975297,0.24294016601207766,0.24280916158732513,0.24291042749252167,0.24280495361925852,0.24293514321205903,0.24278540433690476,0.24199732420166062,0.24016460074635174,0.24039846624346714,0.23953594835058317,0.24999999999999994,0.2382816615676457,0.23581148278882927,0.24234206989238907,0.2429024297872185,0.24292407271265085,0.239849146305808,0.24179724210782902,0.23829257320818348,0.24166149559716768,0.2382938274821111,0.24179366862925517,0.2400471562972019,0.24255666848231902,0.24291661306800194,0.24291938928597048,0.23960702347879623,0.24182286271269535,0.23907419265774188,0.24158400325212856,0.2385527839162833,0.24177884970727173,0.23988356364407318,0.24251757893316817,0.24292828358196428,0.24272251172172687,0.2420521177358483,0.2402553904181107,0.24036993763792694,0.24013386793711997,0.23659258010421744,0.23810324108821515,0.23711539932099862,0.24216205981053615,0.2428941390883778,0.24294238106636803,0.24284928073553114,0.24293007526264448,0.2429263369520527,0.24284774858908617,0.24294669921923062,0.24268855959684144,0.24293234317381768,0.2426565153720628,0.24293695951425065
0.2453207299054747,0.24518796819728916,0.24532382682036688,0.24529305690815104,0.24527693816371393,0.24532048056175415,0.24518918502481887,0.24529045402540153,0.2451840150184362,0.24531541646282914,0.2451640545201375,0.2443719202327417,0.2425154940472294,0.24280523093408674,0.24194978188704716,0.2382816615676457,0.24999999999999997,0.23806705708202006,0.2447093753076594,0.24528229481191088,0.24530426628868096,0.24217795108303722,0.24416857032953956,0.24065116402896747,0.24403439250777945,0.24071136480144306,0.24415065112671527,0.24238748709409288,0.24493311019934308,0.24529673708245847,0.24529913231061193,0.24195453510813297,0.24419624814478025,0.2414161604712007,0.24394824998603523,0.24089141694229188,0.244145732883713,0.24223565718267065,0.2448938814580809,0.24530848487335513,0.24510069555649752,0.2444236562458964,0.24260994146627884,0.24272785344503264,0.24248802823800794,0.23891851456120108,0.24043708931903537,0.2394449617659494,0.24453489143979382,0.24527402218347827,0.2453227194842278,0.24522870696551854,0.24531038321401807,0.2453065181704155,0.24522724631344886,0.24532707994435254,0.24506639061736835,0.2453125841632706,0.24503401478152992,0.2453172448120769
0.24272630512902774,0.24259494746144347,0.24272936565609338,0.24269891742143607,0.2426829045241663,0.24272605584980472,0.2425962589069972,0.2426963431163871,0.24259101576692405,0.24272104981714826,0.24257123343991183,0.24178164584184256,0.23994864959665896,0.2401907810350744,0.2394116535266648,0.23581148278882927,0.23806705708202006,0.2500000000000001,0.24211165515933422,0.24268909893060775,0.2427099304263662,0.23962401884997991,0.2415866658920666,0.2380970183498193,0.2414541489477024,0.2381902654294921,0.24157068918032237,0.23977869203697696,0.2423429494081274,0.24270235194825263,0.24270498763962156,0.23939661370732773,0.24161480001645244,0.23886437983660333,0.2413673030447657,0.23834485052862867,0.24157049578856626,0.23967372969619186,0.24230723182407563,0.24271418986913104,0.2425085938387114,0.2418389823833437,0.24004418880124345,0.24015913762095148,0.2399226232905015,0.23638286235400308,0.2378929197904553,0.23690801731162128,0.2419488043245921,0.24267990150372426,0.24272827366802077,0.24263525538272934,0.24271598087564247,0.24271224369309038,0.24263387757306307,0.24273258801556508,0.2424747957262237,0.2427182455343599,0.2424426341481064,0.2427228568927383
0.2493675120859448,0.24923256035608782,0.24937065530857988,0.24933937181172675,0.24932289127951193,0.2493672547438106,0.2492338912221992,0.24933672626212938,0.24922850704659372,0.249362113829061,0.24920817525806005,0.24840361203356448,0.2465165853717016,0.24677170667983273,0.2459720039170386,0.24234206989238907,0.2447093753076594,0.24211165515933422,0.25000000000000017,0.2493286699910578,0.2493507559750044,0.24617931209006225,0.2481989252889575,0.24462659216409274,0.24805747251361454,0.24472773074194412,0.24817349808844505,0.24642082600463808,0.2489739544165996,0.24934301361889455,0.24934544254823635,0.24594653989527507,0.24822601378715595,0.24539948894597516,0.2479716377398401,0.24486715371867043,0.24817721640083926,0.2462326760287935,0.24893607695207706,0.2493550659500856,0.24914384414260618,0.24845596775786563,0.24661237413698767,0.24673245527284843,0.24648828133385026,0.2428583047550674,0.24440288408652042,0.24339567431516612,0.24856882328871824,0.24931990567950718,0.2493695344854612,0.24927397114359837,0.24935699108714257,0.24935306591633763,0.24927259418542863,0.24937396687552346,0.24910906539594324,0.2493592326035276,0.24907604999210278,0.24936396950285275
0.24994405264989808,0.24980878891008532,0.24994720337349002,0.24991584738876269,0.24989932751255214,0.2499437946682472,0.24981011098639522,0.24991319543753115,0.24980472433009726,0.2499386418817483,0.24978434846240244,0.24897654225972546,0.24708644562310486,0.2473400941590138,0.2465397278259275,0.2429024297872185,0.24528229481191088,0.24268909893060775,0.2493286699910578,0.2500000000000002,0.24992724668376004,0.24674230233221534,0.24877243845343044,0.24518923972698048,0.24863167784064513,0.2452966276777916,0.24874817337485913,0.24699678885740683,0.24954955908142806,0.24991947050851182,0.24992193701743226,0.24651531829196932,0.248799985756088,0.24596702817041696,0.248544997482237,0.24543342252160616,0.24875182929786038,0.24680192371641269,0.24951192713378215,0.24993157774700417,0.24971986705572305,0.24903041756099623,0.24718253145587654,0.2473026341672227,0.24705802799433713,0.2434185891157988,0.24496776828105546,0.24395773675426446,0.2491435169595019,0.24989631400274648,0.249946079725372,0.24985029543880447,0.24993349438724297,0.24992957308067695,0.24984892027672032,0.24995052236344023,0.2496850240869614,0.24993575400469492,0.24965191882568408,0.2499405018763131
0.24996616423543777,0.2498308885293642,0.24996931523064783,0.2499379564746901,0.24992143513680307,0.24996590623101997,0.2498322112949896,0.24993530430013497,0.24982682363783196,0.24996075298969694,0.24980644586972295,0.24899849462256507,0.24710828293541529,0.24736188533785095,0.24656159896625243,0.24292407271265085,0.24530426628868096,0.2427099304263662,0.2493507559750044,0.24992724668376004,0.25000000000000033,0.24676401847352722,0.24879440432922179,0.24521086871254888,0.24865363647277616,0.2453184514532445,0.24877011658936593,0.24701862595547683,0.24957163184457007,0.24994158075769737,0.24994404746070462,0.2465371178394739,0.24882197920887567,0.24598878130861243,0.24856698394629428,0.24545512143826756,0.2487738095234667,0.2468237487988635,0.2495339831489279,0.24995368822274572,0.24974195884128356,0.249052447363088,0.24720439619754103,0.2473245066081748,0.24707988215587154,0.24344012616084118,0.2449894416390231,0.24397930897598444,0.2491655569378665,0.24991842211333185,0.24996819149023358,0.24987239873001948,0.24995560495135127,0.24995168338526141,0.2498710227055737,0.2499726345213241,0.24970711221768999,0.2499578648516105,0.24967400469699502,0.24996261314772936
0.2467808696839597,0.24664731778306898,0.24678398052355288,0.2467530194515999,0.246736681672769,0.24678061393994943,0.24664864893075455,0.24675040176715687,0.2466432962183467,0.24677552751819837,0.24662316819440544,0.2458150823534416,0.2439516783326661,0.2442016560259053,0.2434307052875764,0.239849146305808,0.24217795108303722,0.23962401884997991,0.24617931209006225,0.24674230233221534,0.24676401847352722,0.2500000000000004,0.24561002778785862,0.24205834217060235,0.24548681871616385,0.24219398254705005,0.24559893370345773,0.24386756836246917,0.24639132363144284,0.24675655134556243,0.24675909149592445,0.24339681137524113,0.24565090690971625,0.2428544890818915,0.2453994482580331,0.2423273915486708,0.24560381821430916,0.24367857190257403,0.24635429421349261,0.2467685526786273,0.24655951949034244,0.24587872220815557,0.24405428692965808,0.24417282355975745,0.24393136182419894,0.2403379026257512,0.24186755804509916,0.2408702718875827,0.24599046604425948,0.2467337325801491,0.24678287110566835,0.24668829902315034,0.2467704444301908,0.2467665733618657,0.2466869426445363,0.24678725751966943,0.24652512121445466,0.2467726760655682,0.24649243303856364,0.24677736384741653
0.2488111568391221,0.2486765061954105,0.2488142937073757,0.24878308055236936,0.24876664662798073,0.24881090046672452,0.24867784090994383,0.24878044088554774,0.24867246449225994,0.2488057703419591,0.24865218536839992,0.24784657866715468,0.24596619340361878,0.2462138595504042,0.2454211348903308,0.24179724210782902,0.24416857032953956,0.2415866658920666,0.2481989252889575,0.24877243845343044,0.24879440432922179,0.24561002778785862,0.2500000000000003,0.24405660708612884,0.24750968142264593,0.2441845213835501,0.24761986322220614,0.24587274067994966,0.24841834334088586,0.24878689990042138,0.24879042973327256,0.24539895031986267,0.24766720858063127,0.24485236505666463,0.2474183521897626,0.24432063579770447,0.24762457777999947,0.24568257173045208,0.24838065296288764,0.24879873809881875,0.24858798908350113,0.24790274831231512,0.2460619902490038,0.24618096557703587,0.2459378354142731,0.2423134947984976,0.24385724950733106,0.24285037156897027,0.2480141975803502,0.24876365205427728,0.24881317472654987,0.24871782459109823,0.24880062733876643,0.24879674289988252,0.24871641836197575,0.24881759722828126,0.24855329211141722,0.24880289549259654,0.24852035872127642,0.24880762215976465
0.24522738369929545,0.24509467250784242,0.24523047944277007,0.24519971854095968,0.24518356713544687,0.24522713299017362,0.24509592023108726,0.2451971167838364,0.24509070355780196,0.24522207270404967,0.24507074799639422,0.24427503803352063,0.24241511249904968,0.24262603118746612,0.24186565950373856,0.23829257320818348,0.24065116402896747,0.2380970183498193,0.24462659216409274,0.24518923972698048,0.24521086871254888,0.24205834217060235,0.24405660708612884,0.25000000000000017,0.2439152168011843,0.24062714354755582,0.24405313995837596,0.24233195400389695,0.2448400301205882,0.2452032877591037,0.24520594794177686,0.2418650212614922,0.24410106136853718,0.24132561324582236,0.2438541732749983,0.2408008102829397,0.24405570969462428,0.2421437832636748,0.24480190058984744,0.24521514358922672,0.24500742870908596,0.24433097198438367,0.24251769030360937,0.24263514919170143,0.24239556544163388,0.23882514674103,0.24034517895629043,0.23935289908269788,0.24444187172584717,0.24518062174335103,0.2452293725214864,0.24513539577226923,0.24521701718702663,0.24521317737221363,0.24513397195714556,0.24523373132296195,0.24497319080658247,0.2452192411857546,0.2449407767859845,0.24522389993199942
0.24867036908490778,0.24853579463215952,0.24867350359306326,0.24864230814041605,0.24862588206022979,0.24867011278572052,0.24853715270084376,0.24863967036931744,0.2485317567411159,0.24866498581970403,0.2485114832595624,0.2477069061763598,0.2458273644309594,0.24607636667264224,0.2452854926196523,0.24166149559716768,0.24403439250777945,0.2414541489477024,0.24805747251361454,0.24863167784064513,0.24865363647277616,0.24548681871616385,0.24750968142264593,0.2439152168011843,0.25000000000000006,0.2440233991704665,0.24749315366875949,0.24573231875802126,0.2482776660346105,0.24864622059412783,0.24864867696206627,0.2452568599380633,0.24753465244148132,0.2447125749166164,0.2472712395829414,0.24418204962080994,0.2474844706783873,0.2455439740193337,0.2482402317030334,0.24865795769121335,0.2484473365271336,0.24776239498653904,0.24592302541347388,0.24604289301410248,0.24579915119153567,0.24217893221497686,0.24371948704749466,0.2427149807642778,0.24787391573987538,0.24862288376861433,0.24867238583059506,0.2485770896493708,0.24865987135745785,0.24865596330171572,0.24857572107701054,0.24867680582939056,0.24841265385656966,0.2486621127606724,0.24837972210137085,0.24866683640561968
0.2453349756217312,0.24520220620410496,0.2453380698291859,0.2453072945551095,0.24529111583961313,0.24533472391024322,0.24520350087672474,0.24530469194465063,0.24519823147290057,0.24532966358256206,0.24517824579992878,0.24438272326083665,0.2425282684257337,0.2427655159774844,0.24198065923246898,0.2382938274821111,0.24071136480144306,0.2381902654294921,0.24472773074194412,0.2452966276777916,0.2453184514532445,0.24219398254705005,0.2441845213835501,0.24062714354755582,0.2440233991704665,0.2500000000000003,0.24414018066720194,0.2424153065557891,0.24494667179094035,0.24531099301523546,0.24531349830693092,0.241967677331596,0.24420923580186776,0.24143050884982417,0.24396235384158557,0.2409044327844877,0.24416173496280008,0.2422483561684402,0.24490814577089193,0.24532272911460928,0.24511493053057454,0.24443799758883342,0.24262364085110327,0.24273994695846593,0.2425011027563534,0.2389264822492733,0.24045034147045008,0.23945405660561428,0.24454898834107958,0.24528825024106726,0.24533696531611224,0.245242947334194,0.24532456137997227,0.24532076306148023,0.2452414237921904,0.24534132603085537,0.24508064036798038,0.24532682871190245,0.2450482728708998,0.2453314903259549
0.24878686277865503,0.24865222528230743,0.2487899989085693,0.2487587884616151,0.2487423495749082,0.24878660617472,0.24865356257471558,0.2487561491810799,0.2486481825887001,0.2487814769801078,0.24862790035617466,0.24782263081947198,0.24594175889058373,0.24618908951702423,0.24539912442963965,0.24179366862925517,0.24415065112671527,0.24157068918032237,0.24817349808844505,0.24874817337485913,0.24877011658936593,0.24559893370345773,0.24761986322220614,0.24405313995837596,0.24749315366875949,0.24414018066720194,0.2500000000000002,0.24584058775540546,0.24839941609461624,0.2487622623646348,0.2487648876285819,0.24537518886380172,0.2476547571013989,0.24482655347436105,0.2474063526800775,0.24429307258099706,0.24759553514296692,0.2456576405683621,0.24835572204789633,0.24877444469853427,0.24856371430668509,0.2478760911067567,0.24603763288774938,0.24615610704892982,0.24591364035720667,0.24228955870312788,0.2438337641163855,0.2428250582463314,0.24798991952787877,0.2487394116138198,0.24878888046875808,0.24869353964320123,0.24877632367404193,0.2487724502466251,0.24869207703123375,0.24879330253909876,0.24852900009862278,0.24877860175826955,0.24849611019865075,0.24878332844442544
0.24703525983253144,0.24690157026178036,0.24703837422110145,0.24700738365781413,0.24699106319796738,0.2470350051569802,0.24690287787270498,0.24700476270557908,0.24689755605830913,0.24702991180803585,0.24687742017642764,0.24607716892461048,0.24421019320924742,0.2444584734265569,0.24366772441356016,0.2400471562972019,0.24238748709409288,0.23977869203697696,0.24642082600463808,0.24699678885740683,0.24701862595547683,0.24386756836246917,0.24587274067994966,0.24233195400389695,0.24573231875802126,0.2424153065557891,0.24584058775540546,0.25000000000000017,0.24664250192855952,0.24701110616191815,0.2470135606058309,0.24364551522951297,0.2459042654194712,0.24310419824586604,0.24565815905156557,0.24257716529555542,0.24585789110823106,0.24392806463483604,0.24660671039121387,0.24702292902217818,0.2468136851749382,0.24613192160231726,0.24430531192454127,0.24442233660730434,0.24418187228612978,0.24058095748160602,0.24211659646009054,0.24111429407603202,0.2462438970823452,0.2469881376111831,0.24703726331692052,0.2469425937452563,0.24702477496953312,0.24702094877301783,0.24694112413922373,0.2470416542534895,0.2467792091097449,0.2470270568398838,0.24674655919478908,0.24703175038205252
0.2495884161337672,0.24945334485592602,0.2495915624017588,0.249560251030762,0.2495437546561109,0.24958815852128607,0.24945466397916766,0.24955760284749995,0.24944928603001587,0.2495830130515959,0.24942893931043594,0.24862209469064553,0.24673475192537667,0.24698754872776787,0.24618877941372563,0.24255666848231902,0.24493311019934308,0.2423429494081274,0.2489739544165996,0.24954955908142806,0.24957163184457007,0.24639132363144284,0.24841834334088586,0.2448400301205882,0.2482776660346105,0.24494667179094035,0.24839941609461624,0.24664250192855952,0.25000000000000017,0.24956502494224517,0.2495663316730176,0.24616371620290836,0.24844717324589655,0.2456163355087846,0.24819169667639554,0.2450885487438561,0.2484215421081273,0.2464497137905122,0.24915628366156387,0.24957595855521805,0.24936455008875866,0.2486761575919832,0.24683055945382187,0.24694982421822684,0.24670634598390564,0.24307015133652649,0.2446197042002141,0.2436095372493677,0.2487889816648486,0.24954078448327216,0.24959044032473432,0.24949479232628846,0.24957786717653047,0.2495739571668357,0.24949337495557136,0.2495948766417299,0.24932973023534397,0.24958012889009798,0.2492967119694085,0.2495848704124515
0.24995838820029972,0.2498231167024303,0.24996153909507496,0.24993018130864916,0.24991366039503748,0.24995813020036975,0.24982443919870903,0.24992752921430111,0.24981905190185016,0.24995297712438697,0.24979867473116044,0.24899077384608215,0.24710059566738024,0.24735426849572814,0.24655393308456935,0.24291661306800194,0.24529673708245847,0.24270235194825263,0.24934301361889455,0.24991947050851182,0.24994158075769737,0.24675655134556243,0.24878689990042138,0.2452032877591037,0.24864622059412783,0.24531099301523546,0.2487622623646348,0.24701110616191815,0.24956502494224517,0.2500000000000002,0.2499362754349057,0.2465294896713396,0.24881425308860008,0.24598114422615136,0.24855916520784155,0.24544756772389567,0.24876631177464587,0.24681610782987345,0.24952625208139506,0.2499459125903104,0.24973418985994464,0.24904470776102108,0.24719671392702847,0.24731683705903834,0.24707220441640515,0.24343259141630355,0.24498181547322004,0.243971781340356,0.24915780748255698,0.249910647105413,0.24996041539203528,0.24986462561180484,0.24994783027719802,0.24994390780060105,0.24986325116810562,0.2499648582848931,0.2496993445396256,0.24995008908783894,0.24966623725723408,0.24995483722305967
0.24996085481002225,0.24982558197728258,0.249964005731912,0.24993264763992712,0.2499161266155948,0.24996059680920524,0.24982690485141057,0.24992999552283476,0.24982151716742146,0.24995544368211678,0.24980113977779175,0.2489932571076613,0.24710305313561992,0.24735674607192476,0.24655639885250943,0.24291938928597048,0.24529913231061193,0.24270498763962156,0.24934544254823635,0.24992193701743226,0.24994404746070462,0.24675909149592445,0.24879042973327256,0.24520594794177686,0.24864867696206627,0.24531349830693092,0.2487648876285819,0.2470135606058309,0.2495663316730176,0.2499362754349057,0.25000000000000017,0.24653178495189637,0.24881684684033337,0.24598353476493673,0.24856175373096062,0.2454499073546968,0.24876853502021185,0.2468185022826101,0.24952868642753095,0.2499483790621489,0.24973665429596761,0.24904716190172926,0.247199146424991,0.24731925486005565,0.24707463311994976,0.24343494459171533,0.2449842354841373,0.24397412252077288,0.2491602646195171,0.24991311345744854,0.24996288202175965,0.24986709129622695,0.24995029567581117,0.24994637426742852,0.24986571543752745,0.24996732495847995,0.24970180849486695,0.24995255560283172,0.24966870148064796,0.24995730379774073
0.2465536982043302,0.24642026924320767,0.2465568062121933,0.2465258755500227,0.24650957968532555,0.24655344372166021,0.246421572399186,0.246523259569932,0.2464162597679978,0.24654836081884102,0.24639616036525466,0.24559911626913217,0.24373471577932354,0.24398453917887095,0.24319541206295267,0.23960702347879623,0.24195453510813297,0.23939661370732773,0.24594653989527507,0.24651531829196932,0.2465371178394739,0.24339681137524113,0.24539895031986267,0.2418650212614922,0.2452568599380633,0.241967677331596,0.24537518886380172,0.24364551522951297,0.24616371620290836,0.2465294896713396,0.24653178495189637,0.2500000000000002,0.24540966267989758,0.24261674873692596,0.24517992398746624,0.2421034095208041,0.2453786778081809,0.24345592070882396,0.2461298949377458,0.2465413921079313,0.24633248077861752,0.24564039420345393,0.24382843303131965,0.24394612086993445,0.24370606357142585,0.24010627876812307,0.24164437966697017,0.24063978661708,0.2457639467744336,0.24650647525698216,0.24655569778471642,0.24646121274675317,0.24654316842256369,0.2465394150433074,0.24645983459612644,0.24656008016440534,0.2462983175917137,0.24654551112972348,0.24626557840074004,0.24655019559504704
0.24883871526875712,0.24870404971108262,0.24884185206553905,0.2488106348323241,0.2487941891118481,0.2488384584722627,0.24870536937729312,0.24880799466864856,0.248700003719281,0.248833328410841,0.24867971802975666,0.24787514111171077,0.24599368558769313,0.24624561876203044,0.24544942249340243,0.24182286271269535,0.24419624814478025,0.24161480001645244,0.24822601378715595,0.248799985756088,0.24882197920887567,0.24565090690971625,0.24766720858063127,0.24410106136853718,0.24753465244148132,0.24420923580186776,0.2476547571013989,0.2459042654194712,0.24844717324589655,0.24881425308860008,0.24881684684033337,0.24540966267989758,0.2500000000000002,0.2448651717257365,0.24745617247622495,0.24434654222728586,0.24765172048017847,0.2457103505311049,0.2484096092422479,0.24882629538189674,0.24861553179493634,0.24792751131139681,0.24608939025221918,0.24621124111017073,0.24596571844753823,0.24233840506496737,0.2438841758121869,0.24287604551340083,0.2480417587879304,0.24879109371436667,0.24884073338066134,0.24874537267762287,0.24882817125857898,0.2488242997336844,0.24874404831853494,0.2488451563735883,0.2485809316257166,0.248830453170291,0.24854788839674358,0.24883518019789697
