x1,x2,x3,x4,x5,x6,x7,x8,x9,x10,x11,x12,x13,x14,x15,x16,x17,x18,x19,x20,x21,x22,x23,x24,x25,x26,x27,x28,x29,x30,x31,x32,x33,x34,x35,x36,x37,x38,x39,x40,x41,x42,x43,x44,x45,x46,x47,x48,x49,x50,x51,x52,x53,x54,x55,x56,x57,x58,x59,x60
0.24999999999999997,0.2496916913854334,0.24972363261294592,0.24988169586959486,0.24987961625130486,0.24996482750672805,0.24991382772240162,0.2499098265126733,0.24996727449248116,0.24997393738845985,0.24970712108253976,0.24084053864008748,0.2451405159003767,0.2362313282829297,0.2431316848939978,0.23531846998524436,0.238291754391277,0.24356297842578667,0.24471274331313794,0.24995215679439406,0.24995809317887963,0.24335880129470555,0.23780755525642847,0.2398120408922833,0.23619007983509702,0.23039592620338645,0.23598604940335122,0.23482858245758076,0.2424549122323651,0.24960665399696885,0.249958899722631,0.24160745820760351,0.23767694500899958,0.23684499884058682,0.23683215081060288,0.23082897443661368,0.23908930834465947,0.23854869667966708,0.242541913226225,0.24976478329024557,0.24969994522423528,0.23746761952692907,0.24365013978566374,0.2323713384852444,0.2421870597791341,0.23192154390371236,0.23756826648611376,0.2419418967902286,0.24477251366149397,0.24992994821186756,0.2499584151639973,0.2497452104130967,0.24977159257632356,0.24993438978664015,0.2498993033408351,0.24997497286487289,0.2499271543094736,0.24991042832671198,0.24991865939320057,0.24996986581157735
0.2496916913854334,0.25,0.24944831312146443,0.2496062021138878,0.2496041247883702,0.24968924209866175,0.24963829854143152,0.24963430174302387,0.24969168638662118,0.2496983419367788,0.2494318197949667,0.24057501273077445,0.2448702492801412,0.23597088401302094,0.24286363300340297,0.23505903213863497,0.23802903850829565,0.24329445103547803,0.24444294831078647,0.249676585355747,0.24968251519538817,0.24309049900901905,0.23754537320141605,0.23954764889838662,0.2359296810414676,0.2301419154452614,0.23572587555260832,0.23456968471037484,0.24218760648142537,0.2493314634740303,0.24968332084992728,0.24134108677196547,0.23741490695135903,0.2365838780008872,0.23657104413581403,0.23057448624422183,0.2388257131610422,0.23828569751864914,0.2422745115569725,0.24948941843027622,0.24942465184802218,0.23720581224995085,0.24338151630023971,0.23211514984151332,0.24192004933465136,0.23166585115704263,0.23730634824619068,0.24167515663714245,0.24450265276252803,0.24965440125810998,0.24968283682551767,0.24946986713216043,0.2494962202091381,0.2496588379360608,0.24962379017294795,0.2496993762715818,0.249651610435984,0.24963490289356396,0.2496431248853285,0.2496942748487959
0.24972363261294592,0.24944831312146443,0.24999999999999992,0.2496381324053846,0.24963630534763612,0.24972118350189218,0.24967022095407115,0.2496662356325851,0.24972362533809592,0.24973028403573955,0.2494637657096668,0.24060542689126763,0.2448977528806551,0.23599999262678578,0.24289415090180327,0.2350870689926699,0.2380600007871136,0.24332445831401248,0.24447477837015663,0.2497085250829587,0.24971445150208413,0.24312114062040244,0.23757474347083235,0.23957720636450777,0.23595890133894354,0.2301692267450525,0.23575462032841274,0.23459824126695314,0.24221796856198388,0.24936334861665857,0.24971525869577746,0.2413715107114304,0.2374440174340677,0.2366131472602276,0.23660002588512255,0.2306032832849465,0.2388551997051395,0.23831565459112927,0.24230479108366956,0.24952132913582512,0.2494565598400306,0.23723554629073862,0.24341237825382125,0.2321440588187507,0.2419508032892984,0.23169506100690157,0.23733673608822803,0.24170588554604563,0.24453394434644193,0.24968633776154286,0.24971477690374239,0.24950177998479,0.24952813383637096,0.24969077495966024,0.24965572126649532,0.249731318482138,0.24968354507735616,0.24966683685655267,0.24967505982214153,0.24972621640679224
0.24988169586959486,0.2496062021138878,0.2496381324053846,0.24999999999999986,0.24979406263817158,0.2498792447190231,0.2498282623959681,0.24982426255617113,0.2498816908669789,0.24988835148171976,0.24962162652818506,0.2407580798202015,0.24505658485719956,0.23615044756135217,0.2430484416330149,0.2352379018074702,0.2382101682224093,0.24347958749881732,0.24462895873044818,0.2498665783448788,0.24987251269686922,0.2432754802737636,0.23772613486733138,0.23972993420875682,0.23610921323613512,0.23031704340280557,0.23590525266018972,0.2347481820071651,0.24237190068434591,0.24952119384046642,0.2498733189644765,0.24152473681031728,0.23759556933814996,0.2367639080109008,0.2367510643798163,0.23074994336927301,0.23900744910981125,0.23846702253907306,0.2424588718908645,0.24967926899354279,0.2496144531267454,0.2373863155247956,0.24356671901644708,0.23229177934434925,0.2421041399382555,0.2318421387631808,0.2374869280245428,0.24185906088808753,0.24468870861467307,0.24984437736611134,0.24987283457174536,0.2496597028177425,0.249686075948262,0.24984881742018075,0.24981374298724898,0.24988938660360652,0.24984158442029164,0.2498248641641606,0.2498330924125022,0.24988428129886037
0.24987961625130486,0.2496041247883702,0.24963630534763612,0.24979406263817158,0.2499999999999999,0.24987716419572956,0.24982618693901107,0.24982218183994043,0.2498796127931861,0.2498862715296756,0.24961949055980712,0.24075648174498557,0.24505358049927364,0.23614862608087275,0.2430451555364832,0.2352352513145797,0.23820519089739145,0.24347745149911212,0.24462668866953002,0.24986449496248356,0.2498704339268521,0.24327283640534578,0.23772480412525313,0.2397274127782747,0.2361084966361304,0.23031234991629257,0.23590466569143553,0.23474396345949733,0.2423704003717446,0.24951910516913953,0.24987123782276693,0.2415226502164237,0.23759287862507014,0.23676174173915093,0.2367481283808337,0.2307486089864353,0.23900477900951678,0.23846527299390025,0.24245628287764007,0.2496771894491867,0.24961237522291105,0.23738389764650522,0.24356452985295746,0.23228955787812838,0.24210215911066843,0.2318400365758952,0.2374850171554632,0.24185711029990387,0.2446866757681088,0.24984229756619616,0.24987075501318776,0.24965762500888325,0.24968399882991257,0.24984673807392882,0.24981166565492652,0.2498873069212832,0.24983950657021026,0.2498227850189111,0.24983101319645218,0.24988220165905364
0.24996482750672805,0.24968924209866175,0.24972118350189218,0.2498792447190231,0.24987716419572956,0.2499999999999999,0.24991137631683352,0.24990737508679858,0.24996482249974114,0.24997148533469285,0.2497046720409798,0.24083818040928223,0.24513810751641144,0.2362290158403718,0.24312930488123652,0.23531616468726618,0.23828943222905166,0.24356059010932818,0.24471034253409263,0.24994970495861313,0.24995564127875367,0.24335641524253948,0.2378052234680786,0.23980968846207712,0.23618776394863283,0.23039366915408038,0.23598373383025167,0.23482628271342562,0.24245253377532816,0.24960420555878193,0.24995644781464524,0.24160508902364164,0.2376746131704414,0.23684267642734025,0.236829827254543,0.23082671092731963,0.23908696329706905,0.23854635737514915,0.2425395341757554,0.24976233328280487,0.2496974958623664,0.23746528974894088,0.24364775030420735,0.23236905811010494,0.2421846842657486,0.23191926855585152,0.23756593618795074,0.24193952337432295,0.24477011266362458,0.24992749659036187,0.24995596326089686,0.24974276060150694,0.24976914249826776,0.24993193811918338,0.2498968520084111,0.24997252079932394,0.24992470270464823,0.249907976894296,0.24991620787989255,0.24996741379612483
0.24991382772240162,0.24963829854143152,0.24967022095407115,0.2498282623959681,0.24982618693901107,0.24991137631683352,0.25,0.2498563863004634,0.24991382301987686,0.24992048362878497,0.24965371971317413,0.24078688715447394,0.24508763616094864,0.2361775747283386,0.24307799497199822,0.2352645883380274,0.2382395657102274,0.24350948555377674,0.24466196180958044,0.24989870421601074,0.24990463883118846,0.24330517954381461,0.23775475108088795,0.2397582665940856,0.2361373892781663,0.23034163079114495,0.23593380460124078,0.2347752909678205,0.24240229070744682,0.24955324949183366,0.24990544609970072,0.2415549908782666,0.23762400604864836,0.23679266028615176,0.23677942935989307,0.23077837616943706,0.2390364975408314,0.23849658714101848,0.24248878344946234,0.24971136633952504,0.24964655051206106,0.2374157981059902,0.24359746030581172,0.2323204410939617,0.24213493666475344,0.23187120991242785,0.23751748767939096,0.24188987483154384,0.2447201824638288,0.2498765039772552,0.2499049652176426,0.24969180605374966,0.2497181796593396,0.2498809450399104,0.24984586720774338,0.24992151944524438,0.24987371202255695,0.24985698870918607,0.2498652179097795,0.24991641348412288
0.2499098265126733,0.24963430174302387,0.2496662356325851,0.24982426255617113,0.24982218183994043,0.24990737508679858,0.2498563863004634,0.25000000000000017,0.24990982147357022,0.2499164828828028,0.24964972923316855,0.2407851200221176,0.2450843124708695,0.23617693741731277,0.24307578101648133,0.2352642839323814,0.23823706199881095,0.2435069446841498,0.2446565310949937,0.24989470728870442,0.24990064197369008,0.24330282239969073,0.23775281835729847,0.2397568232274289,0.23613567931841267,0.23034286596205145,0.235931675668599,0.23477457052365944,0.24239913936423996,0.24954928365301976,0.24990144858809785,0.24155192005923679,0.23762225758209646,0.23679053350433626,0.23677767400905722,0.23077588351398326,0.23903432851210132,0.23849383743423394,0.24248614686282505,0.24970737668675427,0.24964255374500974,0.23741302172612502,0.24359413586368273,0.23231789734102917,0.24213138865053507,0.23186822272660987,0.2375136624334126,0.24188627927572806,0.24471625497690036,0.24987250383045656,0.24990096421679314,0.24968780847098143,0.24971418442394788,0.24987694436191613,0.24984186586597365,0.2499175181124748,0.24986971043479156,0.2498529884093601,0.2498612175808416,0.24991241223299554
0.24996727449248116,0.24969168638662118,0.24972362533809592,0.2498816908669789,0.2498796127931861,0.24996482249974114,0.24991382301987686,0.24990982147357022,0.25000000000000017,0.24997393241403246,0.2497071377224132,0.24084100857531865,0.24514069189064897,0.23623118289063563,0.2431317626195263,0.23531809943003906,0.23829277004737312,0.24356276490565734,0.24471302437622974,0.24995215245421015,0.24995808768937797,0.24335888150345197,0.2378074242707229,0.23981184751966575,0.23619006246277632,0.23039552910126732,0.23598590912233072,0.23482841676616342,0.24245482753840125,0.2496066468258253,0.2499588942757772,0.24160735803791,0.23767671053678804,0.23684478246063684,0.23683187327668478,0.23082885366490646,0.23908907000129562,0.23854862528347312,0.24254174870897377,0.24976477699365532,0.2496999406145828,0.23746744998973907,0.24365007415334003,0.23237112549502925,0.24218700971457371,0.23192142355937312,0.23756827258505048,0.24194184677093947,0.24477251324638383,0.2499299432664965,0.24995841015451808,0.24974520541466264,0.2497715867725539,0.24993438478257052,0.2498992978910063,0.24997496786037993,0.2499271489071326,0.2499104233235227,0.24991865436633914,0.24996986080719594
0.24997393738845985,0.2496983419367788,0.24973028403573955,0.24988835148171976,0.2498862715296756,0.24997148533469285,0.24992048362878497,0.2499164828828028,0.24997393241403246,0.25,0.2497137722998466,0.24084694400579862,0.24514704435262372,0.23623760581353748,0.24313815811490214,0.23532472145206396,0.23829811152287486,0.24356945675711522,0.24471926714973075,0.24995881429041752,0.2499647507838065,0.24336527859895327,0.23781387678970511,0.23981841706353052,0.23619635449284415,0.23040205088027851,0.23599231592783024,0.23483483245000594,0.2424613626758186,0.24961330223454634,0.24996555737784898,0.2416138908781989,0.23768326670777026,0.2368513006755631,0.2368384518878963,0.23083511502988355,0.23909567110686197,0.23855504482907708,0.24254836975478924,0.24977143575811142,0.24970659600359557,0.2374739413350179,0.24365662816374575,0.23237752238714773,0.24219350896001582,0.2319277183854779,0.23757459402919465,0.24194833925009485,0.24477903325933212,0.24993660511162286,0.2499650728194394,0.24975186239004954,0.2497782452323963,0.24994104680226467,0.24990595940560847,0.24998163096143547,0.2499338111164347,0.24991708470412743,0.24992531598928594,0.2499765237721135
0.24970712108253976,0.2494318197949667,0.2494637657096668,0.24962162652818506,0.24961949055980712,0.2497046720409798,0.24965371971317413,0.24964972923316855,0.2497071377224132,0.2497137722998466,0.2500000000000001,0.24058978510050347,0.24488204070748665,0.23598554571595837,0.242879506890502,0.23507360737475594,0.23804444285518106,0.24330937541848957,0.2444582567752251,0.24969201623184278,0.24969794637400985,0.2431057999770112,0.23755908612016555,0.23956396945294467,0.23594312604984505,0.23015959238746284,0.23573949866775387,0.23458603943590386,0.2422019520592928,0.24934687185023843,0.2496987505818209,0.2413555820109097,0.23743001721204365,0.23659790528963578,0.23658620518262868,0.230587435433968,0.23884063049765197,0.23829969746844637,0.24228972863401313,0.249504834144777,0.24944006493716175,0.23722065622377558,0.2433964140737259,0.23212951653375888,0.2419347892531157,0.23168012143158975,0.23732095886270668,0.24168989573119762,0.24451776409622272,0.2496698287518579,0.24969826596382624,0.24948528312319004,0.24951163626695594,0.24967426560271655,0.24963921485821344,0.2497148064435694,0.24966703708036836,0.24965032908142007,0.24965855154565547,0.24970970470554754
0.24084053864008748,0.24057501273077445,0.24060542689126763,0.2407580798202015,0.24075648174498557,0.24083818040928223,0.24078688715447394,0.2407851200221176,0.24084100857531865,0.24084694400579862,0.24058978510050347,0.2500000000000002,0.23603008920660898,0.22720077398410268,0.23414297037752801,0.22639901635179416,0.22965938561933386,0.23455191218838256,0.23577746550942325,0.24082528099004868,0.2408309019011681,0.23426033842334154,0.22896576849185954,0.23078096317967595,0.22738925959862366,0.22156404097446358,0.22721432398211086,0.22603742232481827,0.23353621261994903,0.24049048137780926,0.2408321260698989,0.23279630018137645,0.22875376817085966,0.22812041824306306,0.22800519085831913,0.22234742962952866,0.23028513836418663,0.2297502967414052,0.23359419086022598,0.24064472083393473,0.24058308977247495,0.22870359280335548,0.23474295634177025,0.2237419682838815,0.2333331127569343,0.22338102005875662,0.22889237703648227,0.23308271700745278,0.23583559227343986,0.24080461796461072,0.24083199365930297,0.2406265772155053,0.24065155936839766,0.2408088494591475,0.2407748601283767,0.24084795110217444,0.24080164886141048,0.24078576320562228,0.24079368416737812,0.24084303052399594
0.2451405159003767,0.2448702492801412,0.2448977528806551,0.24505658485719956,0.24505358049927364,0.24513810751641144,0.24508763616094864,0.2450843124708695,0.24514069189064897,0.24514704435262372,0.24488204070748665,0.23603008920660898,0.2500000000000003,0.2314074959354808,0.23846306282371485,0.23058774296764661,0.23366781022532557,0.23878083612847328,0.24013503238670575,0.24512576389679247,0.24513178745146197,0.23871645366029054,0.23309077577409532,0.23533279398384926,0.2315466188105178,0.2263440568129325,0.2314307273240478,0.23067782243725052,0.23772029001694991,0.24478556310928673,0.24513232311126068,0.2369112811562846,0.23309064668948726,0.23219374596352668,0.23232784711649204,0.22620851713804235,0.23452721380169136,0.2338224917862851,0.23788211653275657,0.2449414777516213,0.24487833412401344,0.23287917599052504,0.23892977757497896,0.2278376209752837,0.23748366123091985,0.22741335671855306,0.23296981878754358,0.2372384469087778,0.24004538078745877,0.245103938075281,0.24513181799953113,0.24492273281229346,0.24494826112744525,0.245108260988921,0.24507378044031922,0.2451480607063264,0.24510109692109372,0.2450847625033421,0.24509282785632175,0.24514305227448693
0.2362313282829297,0.23597088401302094,0.23599999262678578,0.23615044756135217,0.23614862608087275,0.2362290158403718,0.2361775747283386,0.23617693741731277,0.23623118289063563,0.23623760581353748,0.23598554571595837,0.22720077398410268,0.2314074959354808,0.25000000000000017,0.22939882265209716,0.22169564402466962,0.22496155181098693,0.2298816853020792,0.231278006580733,0.23621585929691893,0.23622154494051975,0.22966428381986326,0.22456197683031046,0.2260838197262659,0.22297370332326694,0.2169482371891082,0.22302816257117078,0.2219544255721185,0.22905557362697884,0.23588454439430276,0.23622276052799096,0.22835375678765157,0.22418462456581115,0.2236958679501189,0.22343753820962342,0.21803943240446821,0.22588719053922007,0.22524046136371173,0.2290710166456884,0.23603842729286506,0.23597883348712292,0.2242454397678799,0.23024098958196823,0.21931229326607152,0.2288586694913895,0.21903384175172722,0.22450636602619517,0.22859048324139117,0.23132126567142733,0.23619614141928097,0.23622294131526125,0.23602145993445875,0.23604549760750457,0.23620024518261556,0.23616675638192788,0.23623859887634718,0.23619293966904062,0.2361776011421,0.23618536188312914,0.23623377247712088
0.2431316848939978,0.24286363300340297,0.24289415090180327,0.2430484416330149,0.2430451555364832,0.24312930488123652,0.24307799497199822,0.24307578101648133,0.2431317626195263,0.24313815811490214,0.242879506890502,0.23414297037752801,0.23846306282371485,0.22939882265209716,0.25000000000000006,0.22848614857774682,0.23164662001766984,0.23679645408981662,0.23813803224695618,0.24311683368789472,0.2431227685244015,0.23678826368627315,0.23111757389648419,0.2333728227979039,0.22951960619535564,0.2242498773133324,0.22938448614764084,0.2286433619092664,0.23573943547672663,0.2427803387864954,0.2431235649796268,0.23495980114148945,0.23118057886086035,0.23029010338543043,0.23045793919994062,0.2243551734513872,0.2325978383862611,0.2319137092334822,0.2359325856098414,0.24293438200062514,0.2428716930309486,0.2309734999855594,0.23697531564258986,0.22598024933065258,0.23553752827637583,0.2255594792109644,0.23106017234613876,0.2352987129403747,0.2380783092475015,0.24309541658826042,0.24312305899640452,0.2429156874833861,0.2429410173524484,0.2430996943462961,0.2430654665148119,0.24313916787398468,0.24309257478377197,0.2430763883723998,0.2430843880708216,0.24313420048351037
0.23531846998524436,0.23505903213863497,0.2350870689926699,0.2352379018074702,0.2352352513145797,0.23531616468726618,0.2352645883380274,0.2352642839323814,0.23531809943003906,0.23532472145206396,0.23507360737475594,0.22639901635179416,0.23058774296764661,0.22169564402466962,0.22848614857774682,0.2500000000000002,0.2236538990237318,0.22911320783052055,0.23010120494958924,0.23530318170015269,0.23530884822782838,0.22894874111674318,0.2235538156061811,0.22530067343755159,0.2221931160774521,0.21578644349818596,0.2218123803929743,0.22078265744680337,0.22808474971033607,0.2349760997917564,0.23531009150763618,0.22730644983759704,0.22363723016211426,0.222811001976595,0.2227763045259586,0.21731308419033543,0.22489276821854728,0.22443403163235015,0.22818075350984451,0.2351268746507031,0.2350669501363099,0.22343068712190695,0.22932558543187412,0.21862736479638772,0.2279600242533667,0.21827978526940003,0.22365047325005463,0.2277314749780425,0.23043067529766198,0.23528333637717497,0.23531011837984023,0.23510941113898723,0.23513372225426818,0.2352875072194395,0.23525436548409176,0.2353257124891206,0.23528059216340852,0.23526495046572188,0.23527268225172307,0.23532090473444403
0.238291754391277,0.23802903850829565,0.2380600007871136,0.2382101682224093,0.23820519089739145,0.23828943222905166,0.2382395657102274,0.23823706199881095,0.23829277004737312,0.23829811152287486,0.23804444285518106,0.22965938561933386,0.23366781022532557,0.22496155181098693,0.23164662001766984,0.2236538990237318,0.25000000000000056,0.23188916892518424,0.2331356630111053,0.23827694171021951,0.23828277571516274,0.2320416858648301,0.22661049623197393,0.22871265852782754,0.2249406448896456,0.21954589193299287,0.22479304193387203,0.2237179895592109,0.23106436855947513,0.23794779574136685,0.23828363039975287,0.23027321499735642,0.22650354245362167,0.22563840055227372,0.22573084689415615,0.21993283832623794,0.2278749135667514,0.22737027928713646,0.2311723602840421,0.23809837434621225,0.23803705311080983,0.22630884245368074,0.23224557679044247,0.22142170327647714,0.23085036971276787,0.22105319851864005,0.22646559607006927,0.23063379923142266,0.23333880411867503,0.2382562000384007,0.23828330133008002,0.2380800573637482,0.23810491023939256,0.2382604006576415,0.2382268275931005,0.23829908840954922,0.2382533731720697,0.23823755863354268,0.2382453997331988,0.23829421990389996
0.24356297842578667,0.24329445103547803,0.24332445831401248,0.24347958749881732,0.24347745149911212,0.24356059010932818,0.24350948555377674,0.2435069446841498,0.24356276490565734,0.24356945675711522,0.24330937541848957,0.23455191218838256,0.23878083612847328,0.2298816853020792,0.23679645408981662,0.22911320783052055,0.23188916892518424,0.2500000000000002,0.23831366482449534,0.243547804020643,0.2435537953872755,0.23716720227835353,0.23169494396414078,0.2337319659750963,0.23024919318527295,0.22408464285269009,0.22996119336065407,0.22852289017649285,0.23626726126663075,0.24321095599282394,0.24355479640038175,0.23534056429161737,0.23174481509548997,0.23070969205664357,0.23095460915173993,0.22489931163014767,0.23288493839618837,0.23251289684259283,0.23626987818226358,0.24336538692273418,0.24330256448645712,0.2313320228349158,0.23737958418516605,0.22640299896928195,0.23596712596775515,0.22596509191655875,0.23149034957402434,0.2357560507630393,0.2385033547386003,0.24352658981966613,0.24355433673795676,0.24334659391949096,0.24337218400726374,0.2435309309651298,0.24349689662425147,0.24357047467698303,0.2435240990573322,0.24350758382109167,0.2435155956749561,0.24356549847772593
0.24471274331313794,0.24444294831078647,0.24447477837015663,0.24462895873044818,0.24462668866953002,0.24471034253409263,0.24466196180958044,0.2446565310949937,0.24471302437622974,0.24471926714973075,0.2444582567752251,0.23577746550942325,0.24013503238670575,0.231278006580733,0.23813803224695618,0.23010120494958924,0.2331356630111053,0.23831366482449534,0.2500000000000003,0.2446988861566764,0.24470391104882025,0.2383090382691769,0.23283795126682766,0.2349196837216713,0.2311943728959125,0.22569898941322078,0.23097170696282115,0.22992233087844582,0.23732815306231664,0.24435964113283715,0.2447045227534739,0.2365080445637287,0.23267368146323072,0.23180628464304864,0.23184284126847984,0.22591324226427723,0.23405544064053116,0.23350537547501737,0.23743830637001348,0.24451435271661634,0.2444510812555833,0.23245284143183334,0.23851706981690501,0.22744521604481463,0.2370834332126228,0.22703120139477448,0.23256971661441986,0.23685029349425907,0.2396264574370534,0.24467621370177134,0.24470406400976574,0.2444953421654353,0.24452102944423376,0.2446805448713039,0.24464613533838928,0.24472027495697846,0.2446733953597588,0.24465708720310092,0.24466514328858274,0.24471527526125053
0.24995215679439406,0.249676585355747,0.2497085250829587,0.2498665783448788,0.24986449496248356,0.24994970495861313,0.24989870421601074,0.24989470728870442,0.24995215245421015,0.24995881429041752,0.24969201623184278,0.24082528099004868,0.24512576389679247,0.23621585929691893,0.24311683368789472,0.23530318170015269,0.23827694171021951,0.243547804020643,0.2446988861566764,0.25000000000000044,0.24994296933320917,0.2433440759774711,0.23779219516737557,0.23979703958918144,0.23617521583957696,0.230380216473011,0.2359718021928694,0.23481456690869199,0.24243993336279618,0.2495915333140394,0.24994377737776782,0.24159271402714563,0.23766224224740906,0.2368302088744976,0.23681794891308058,0.2308143046079698,0.23907471056129923,0.23853357020602517,0.2425268641723044,0.2497496687109444,0.24968483801985963,0.23745290897779206,0.24363519571642658,0.23235675614118922,0.24217228577773459,0.23190713569610458,0.2375538678574116,0.24192709206514093,0.2447577027792492,0.24991482759266703,0.24994329295465564,0.24973010110046176,0.24975648025480107,0.2499192690708942,0.24988418579682403,0.24995984969695523,0.24991203477548282,0.24989530906378207,0.24990353959223405,0.24995474295269163
0.24995809317887963,0.24968251519538817,0.24971445150208413,0.24987251269686922,0.2498704339268521,0.24995564127875367,0.24990463883118846,0.24990064197369008,0.24995808768937797,0.2499647507838065,0.24969794637400985,0.2408309019011681,0.24513178745146197,0.23622154494051975,0.2431227685244015,0.23530884822782838,0.23828277571516274,0.2435537953872755,0.24470391104882025,0.24994296933320917,0.2500000000000002,0.2433513034386627,0.23779903456025692,0.2398063817847025,0.23618264145209097,0.23039945579696466,0.23598249749751352,0.23482584725993486,0.24244677979744514,0.2495974630899721,0.2499497147498059,0.24159815683159416,0.23766871869834783,0.2368355730581834,0.23682405488143207,0.2308197200896379,0.239081460210111,0.23853948688646434,0.24253331584953147,0.24975559879822395,0.2496907684593615,0.2374586675712716,0.24364092540320584,0.23236229060202251,0.24217793319909214,0.23191268515866878,0.23755948763106263,0.24193276106799333,0.2447635187264923,0.24992076330666915,0.24994922911625622,0.24973603221412946,0.24976241044491318,0.24992520467378146,0.24989011980143006,0.24996578626413465,0.24991796967035548,0.2499012440981149,0.24990947478927483,0.249960679398599
0.24335880129470555,0.24309049900901905,0.24312114062040244,0.2432754802737636,0.24327283640534578,0.24335641524253948,0.24330517954381461,0.24330282239969073,0.24335888150345197,0.24336527859895327,0.2431057999770112,0.23426033842334154,0.23871645366029054,0.22966428381986326,0.23678826368627315,0.22894874111674318,0.2320416858648301,0.23716720227835353,0.2383090382691769,0.2433440759774711,0.2433513034386627,0.25000000000000033,0.23121856879010802,0.23352552703232943,0.23008386632375316,0.22532265361497456,0.23010299428808073,0.2294798257055342,0.23603327074756475,0.2430064083452791,0.24335090050532607,0.2351606095377405,0.23139728388082256,0.23046353482301257,0.23090758878776718,0.224380020632908,0.23301127868746524,0.23203322169033283,0.23625692631946663,0.24316101238921503,0.24309833433861394,0.23124660346692494,0.23716545154634944,0.22621717862166707,0.23572359461130463,0.22575207630833366,0.23126188902410505,0.23548269712906758,0.23829928908601897,0.2433224480723913,0.24335016273103896,0.24314259578453634,0.24316788605469972,0.24332678061725035,0.24329271657200638,0.24336629126065626,0.24331984728276995,0.24330345312735951,0.24331145980688726,0.2433613192341036
0.23780755525642847,0.23754537320141605,0.23757474347083235,0.23772613486733138,0.23772480412525313,0.2378052234680786,0.23775475108088795,0.23775281835729847,0.2378074242707229,0.23781387678970511,0.23755908612016555,0.22896576849185954,0.23309077577409532,0.22456197683031046,0.23111757389648419,0.2235538156061811,0.22661049623197393,0.23169494396414078,0.23283795126682766,0.23779219516737557,0.23779903456025692,0.23121856879010802,0.25000000000000033,0.22765914789921288,0.22635432375631306,0.219742657003292,0.22810288814972973,0.2247424275285329,0.23185151021132186,0.23745351425771857,0.2377997924391586,0.22980499458788883,0.22554326857858778,0.22510815850319846,0.2257441548547689,0.22028278339728916,0.22878718186897598,0.22749474397861189,0.23109410276888656,0.23761191395419684,0.2375543452659884,0.22557139568629628,0.23179705023444774,0.22051028466141603,0.2303891946101092,0.22037073093414036,0.22601606454732925,0.23012899487815566,0.2328673750066301,0.23777233031902156,0.23779909780091232,0.23759628293471796,0.23761940189642963,0.23777626359636383,0.23774232022149058,0.23781487433643325,0.2377688361877897,0.2377534696369827,0.2377612603439829,0.23781001575923089
0.2398120408922833,0.23954764889838662,0.23957720636450777,0.23972993420875682,0.2397274127782747,0.23980968846207712,0.2397582665940856,0.2397568232274289,0.23981184751966575,0.23981841706353052,0.23956396945294467,0.23078096317967595,0.23533279398384926,0.2260838197262659,0.2333728227979039,0.22530067343755159,0.22871265852782754,0.2337319659750963,0.2349196837216713,0.23979703958918144,0.2398063817847025,0.23352552703232943,0.22765914789921288,0.2500000000000003,0.22603844745338694,0.22125594039465485,0.2282072605057899,0.22751479052053902,0.23291761694955107,0.23946261797755317,0.23980519451420565,0.2316853951478812,0.2282793125873671,0.22706607564126408,0.2271320993704567,0.22098961756519575,0.2301690040971898,0.22865646132876138,0.23308524545364123,0.239616174736138,0.23955520934540278,0.22788736911695498,0.2336904415473283,0.22287262124198423,0.23225927765396084,0.22243600541267985,0.22786737533394769,0.23199993049170795,0.23482273178371219,0.23977619131696035,0.23980351753192647,0.23959897628262372,0.23962351193362624,0.23978048630141743,0.2397471249715206,0.23981942168691162,0.23977375488587285,0.23975749939266208,0.23976538735430344,0.23981452213472315
0.23619007983509702,0.2359296810414676,0.23595890133894354,0.23610921323613512,0.2361084966361304,0.23618776394863283,0.2361373892781663,0.23613567931841267,0.23619006246277632,0.23619635449284415,0.23594312604984505,0.22738925959862366,0.2315466188105178,0.22297370332326694,0.22951960619535564,0.2221931160774521,0.2249406448896456,0.23024919318527295,0.2311943728959125,0.23617521583957696,0.23618264145209097,0.23008386632375316,0.22635432375631306,0.22603844745338694,0.25000000000000006,0.21662418983302217,0.225084956908379,0.222907806103587,0.23072483547753406,0.23583547413567926,0.2361850736038578,0.22903389995033366,0.2259380362272778,0.22386351036712357,0.2230995300998474,0.2181585030992602,0.22681747089354487,0.22631942744342703,0.2298209393328016,0.23599598328956756,0.23593884775041202,0.22425449997300617,0.2304309702801699,0.21913432742995442,0.2289732292485809,0.2187987304559594,0.22451039434651818,0.22858545573243957,0.2312889173542408,0.2361553306961682,0.23618168538205125,0.23598025912318135,0.23600312341767915,0.23615900130125123,0.2361247913565553,0.2361973491384356,0.23615126336915132,0.23613636207787572,0.23614409197472483,0.2361925236025064
0.23039592620338645,0.2301419154452614,0.2301692267450525,0.23031704340280557,0.23031234991629257,0.23039366915408038,0.23034163079114495,0.23034286596205145,0.23039552910126732,0.23040205088027851,0.23015959238746284,0.22156404097446358,0.2263440568129325,0.2169482371891082,0.2242498773133324,0.21578644349818596,0.21954589193299287,0.22408464285269009,0.22569898941322078,0.230380216473011,0.23039945579696466,0.22532265361497456,0.219742657003292,0.22125594039465485,0.21662418983302217,0.25000000000000017,0.21641872236884804,0.21627507591065614,0.22308177964939754,0.23005855620821855,0.23039000800631795,0.22222172262178302,0.2209998759991766,0.21785958358293112,0.21830772720933464,0.21210102244495205,0.22012520943066688,0.21917912070762324,0.22377963335354706,0.23020739304508045,0.23014889236705782,0.21896298387565155,0.22434339008157755,0.21424106931095624,0.22300305726310424,0.21386961129851265,0.21887616665834245,0.2229298428781548,0.22559356648243067,0.23036137339113508,0.23038771403039077,0.2301911959629796,0.23021456219120298,0.23036560866568104,0.23033470457365776,0.23040301715098696,0.230360398124784,0.23034352625432608,0.23035109565510364,0.23039831002092934
0.23598604940335122,0.23572587555260832,0.23575462032841274,0.23590525266018972,0.23590466569143553,0.23598373383025167,0.23593380460124078,0.235931675668599,0.23598590912233072,0.23599231592783024,0.23573949866775387,0.22721432398211086,0.2314307273240478,0.22302816257117078,0.22938448614764084,0.2218123803929743,0.22479304193387203,0.22996119336065407,0.23097170696282115,0.2359718021928694,0.23598249749751352,0.23010299428808073,0.22810288814972973,0.2282072605057899,0.225084956908379,0.21641872236884804,0.2500000000000001,0.22085773585041463,0.22917422428830445,0.23563206768602996,0.23598199096121295,0.22892887030836914,0.22680403183807987,0.2260649928177595,0.2251590829905277,0.21805849053501378,0.22515437389189363,0.2251555087924542,0.22879109558233796,0.23579129862159573,0.23573455251819775,0.2240993785741648,0.2300056769847506,0.21949677318589572,0.22866763764228373,0.21867301139132458,0.22435717874978311,0.22828583218147427,0.23110370703014618,0.23595106487322537,0.23597765638465484,0.23577639556558888,0.23579940798941365,0.23595499769382675,0.23592144967212547,0.23599331243484542,0.23594822388078004,0.2359323781033036,0.23594007951097853,0.2359884910597373
0.23482858245758076,0.23456968471037484,0.23459824126695314,0.2347481820071651,0.23474396345949733,0.23482628271342562,0.2347752909678205,0.23477457052365944,0.23482841676616342,0.23483483245000594,0.23458603943590386,0.22603742232481827,0.23067782243725052,0.2219544255721185,0.2286433619092664,0.22078265744680337,0.2237179895592109,0.22852289017649285,0.22992233087844582,0.23481456690869199,0.23482584725993486,0.2294798257055342,0.2247424275285329,0.22751479052053902,0.222907806103587,0.21627507591065614,0.22085773585041463,0.2500000000000003,0.22733701947055363,0.23448702846786684,0.23482283368841023,0.2266382937097844,0.22521442716063966,0.22266375215079415,0.22448511197613524,0.21598377020450982,0.22434310670879548,0.22356948653434358,0.22783604204331917,0.23463541121067905,0.23457777831115545,0.2228349433599271,0.22861774098528193,0.21795307624456858,0.22725823637035153,0.21770143393092548,0.22308522167757602,0.22721514721918554,0.22993246474878568,0.23479360514099734,0.23482020606066767,0.2346199191232229,0.23464271361542707,0.23479768090195108,0.23476556384756592,0.2348358098107659,0.234791920095027,0.2347751743580839,0.2347828747491784,0.23483101213810365
0.2424549122323651,0.24218760648142537,0.24221796856198388,0.24237190068434591,0.2423704003717446,0.24245253377532816,0.24240229070744682,0.24239913936423996,0.24245482753840125,0.2424613626758186,0.2422019520592928,0.23353621261994903,0.23772029001694991,0.22905557362697884,0.23573943547672663,0.22808474971033607,0.23106436855947513,0.23626726126663075,0.23732815306231664,0.24243993336279618,0.24244677979744514,0.23603327074756475,0.23185151021132186,0.23291761694955107,0.23072483547753406,0.22308177964939754,0.22917422428830445,0.22733701947055363,0.25000000000000044,0.24209644958890497,0.2424488256355154,0.23476932458904454,0.23146048904450814,0.23135733065281697,0.23124027186318685,0.2247681492465325,0.23193261005292734,0.23144958535842955,0.23505568276327143,0.2422559987089642,0.24219662422277408,0.23019103754056125,0.23633311636378873,0.22529531434974553,0.23492965486828404,0.2247574190381242,0.23045835942006823,0.2345918633102265,0.23742610779446105,0.24241894021842073,0.24244629658875622,0.24223951493402038,0.2422636304160368,0.24242300976469436,0.24238856969076675,0.2424623743648993,0.24241584841867597,0.2423997696641972,0.2424077143852236,0.24245742081957247
0.24960665399696885,0.2493314634740303,0.24936334861665857,0.24952119384046642,0.24951910516913953,0.24960420555878193,0.24955324949183366,0.24954928365301976,0.2496066468258253,0.24961330223454634,0.24934687185023843,0.24049048137780926,0.24478556310928673,0.23588454439430276,0.2427803387864954,0.2349760997917564,0.23794779574136685,0.24321095599282394,0.24435964113283715,0.2495915333140394,0.2495974630899721,0.2430064083452791,0.23745351425771857,0.23946261797755317,0.23583547413567926,0.23005855620821855,0.23563206768602996,0.23448702846786684,0.24209644958890497,0.25000000000000017,0.24959829076367004,0.24125921314623533,0.23733270406347828,0.23650560557203065,0.23649479732317527,0.23050055953544918,0.23874715724882728,0.23820690643766754,0.2421908189063546,0.24940445629014518,0.2493396978331978,0.23712611968450903,0.2433006214448797,0.23203781670669044,0.2418392037994801,0.2315883671019952,0.2372256015262201,0.24159433045645637,0.24441934687766856,0.249569377958546,0.24959780241864193,0.2493849052625963,0.2494112525215192,0.2495738117315869,0.24953877983902087,0.24961433626573,0.2495665865359892,0.24954988484529123,0.24955810406427412,0.24960923658048234
0.249958899722631,0.24968332084992728,0.24971525869577746,0.2498733189644765,0.24987123782276693,0.24995644781464524,0.24990544609970072,0.24990144858809785,0.2499588942757772,0.24996555737784898,0.2496987505818209,0.2408321260698989,0.24513232311126068,0.23622276052799096,0.2431235649796268,0.23531009150763618,0.23828363039975287,0.24355479640038175,0.2447045227534739,0.24994377737776782,0.2499497147498059,0.24335090050532607,0.2377997924391586,0.23980519451420565,0.2361850736038578,0.23039000800631795,0.23598199096121295,0.23482283368841023,0.2424488256355154,0.24959829076367004,0.25000000000000033,0.24160396569779855,0.23767059117287798,0.23683762338142383,0.23682703088069987,0.2308213034030129,0.23908327782581174,0.23854074851222284,0.2425355382394819,0.24975640421376621,0.2496915766276836,0.23745998393973872,0.24364196133803698,0.2323632755389609,0.24217877915105196,0.23191354361107613,0.2375601795378658,0.2419335220115493,0.24476429628914026,0.24992157033807344,0.24995003559312143,0.2497368380212445,0.24976321519432834,0.2499260111080554,0.24989092705022029,0.24996659283263523,0.249918777817935,0.2499020504584546,0.24991028117252775,0.24996148595069462
0.24160745820760351,0.24134108677196547,0.2413715107114304,0.24152473681031728,0.2415226502164237,0.24160508902364164,0.2415549908782666,0.24155192005923679,0.24160735803791,0.2416138908781989,0.2413555820109097,0.23279630018137645,0.2369112811562846,0.22835375678765157,0.23495980114148945,0.22730644983759704,0.23027321499735642,0.23534056429161737,0.2365080445637287,0.24159271402714563,0.24159815683159416,0.2351606095377405,0.22980499458788883,0.2316853951478812,0.22903389995033366,0.22222172262178302,0.22892887030836914,0.2266382937097844,0.23476932458904454,0.24125921314623533,0.24160396569779855,0.2499999999999998,0.22932646741496943,0.22892958130531477,0.22904679956027083,0.2239520562042278,0.23145205952695175,0.23141034513649592,0.23451812218835216,0.24140817198627026,0.2413518744440621,0.22911273201796312,0.23555184141211027,0.2241593263133489,0.23409624092952325,0.22388448220310322,0.2296691041870471,0.2337906150743478,0.23660118432824082,0.2415718829127518,0.24159886607803177,0.24139282133440376,0.2414157051599808,0.2415756663780773,0.24154057199115422,0.2416148942337775,0.24156807903617594,0.24155250836252914,0.24156039236991386,0.24160995802653226
0.23767694500899958,0.23741490695135903,0.2374440174340677,0.23759556933814996,0.23759287862507014,0.2376746131704414,0.23762400604864836,0.23762225758209646,0.23767671053678804,0.23768326670777026,0.23743001721204365,0.22875376817085966,0.23309064668948726,0.22418462456581115,0.23118057886086035,0.22363723016211426,0.22650354245362167,0.23174481509548997,0.23267368146323072,0.23766224224740906,0.23766871869834783,0.23139728388082256,0.22554326857858778,0.2282793125873671,0.2259380362272778,0.2209998759991766,0.22680403183807987,0.22521442716063966,0.23146048904450814,0.23733270406347828,0.23767059117287798,0.22932646741496943,0.25000000000000017,0.22458011931725777,0.22656699046739878,0.2196861970405348,0.2297633003250177,0.2275022417388412,0.23182661204717459,0.23747982295509268,0.23742371441012178,0.22554053614953362,0.23146391625642623,0.2205214343951785,0.2300480992823183,0.22019071036333326,0.22581303093088748,0.22983342216602903,0.23273461142908625,0.23764158603387256,0.23766846401900754,0.2374657581807265,0.2374880798833522,0.23764566898305176,0.23761260555783342,0.2376842600437249,0.23763944098941803,0.23762288915255408,0.23763067185735323,0.23767940416042835
