x1,x2,x3,x4,x5,x6,x7,x8,x9,x10,x11,x12,x13,x14,x15,x16,x17,x18,x19,x20,x21,x22,x23,x24,x25,x26,x27,x28,x29,x30,x31,x32,x33,x34,x35,x36,x37,x38,x39,x40,x41,x42,x43,x44,x45,x46,x47,x48,x49,x50,x51,x52,x53,x54,x55,x56,x57,x58,x59,x60
0.25,-0.1183649214315149,-0.07956769367088416,-0.08581997574502558,0.08166435127343988,-0.10304791347485198,0.006550553119577538,-0.08108676466346175,0.10267497002394241,0.006305154969486203,-0.20112964301759026,0.1682605030724262,-0.1681753418486302,0.16726049150622216,-0.16819675897212452,0.14876330478629934,-0.06686783686302433,0.015200867153996179,-0.10984055254449646,0.10720568667335406,0.16714059271610332,-0.16729376086099138,0.1470453564240664,-0.14752474392033996,0.11475576453035449,-0.09731245769857828,-0.06539869093280938,0.06427781823592243,-0.14916735174748608,0.14644911538604585,-0.023538543604247595,0.027628669966073036,-0.044197062478409835,0.006817827433326625,-0.007425786833412346,-0.12369108981110383,0.1262571125933845,-0.16749815618836483,0.167164561964465,-0.16500574005864327,0.007009578775225366,-0.004423506484683224,-0.06612469571469017,0.06559175724829314,-0.1355914151543911,0.15896400272430786,-0.1619708005101307,0.16745582969561004,-0.16818786872900413,0.16811596551165864,0.10742055248815109,-0.04577380094761593,0.04635227233032305,-0.051907821410977835,0.018132823949098348,-0.023562951827666573,-0.01822564848781106,-0.05133325129720205,0.05954497009001654,0.015010411862402331
-0.1183649214315149,0.25,-0.04294690851653184,-0.03655470743053235,-0.01594786631784128,0.050510374719338384,-0.02866260884053932,0.02246366644101261,-0.01463243720173714,0.010774571767990697,0.081571227300679,-0.04856396231182455,0.04843710621933214,-0.04817372290712036,0.048443570793584634,-0.0456654053292653,0.03493011275337307,-0.004762147033403299,0.01747260692931587,-0.015900570047422045,-0.04807753289774322,0.048135630988427,-0.04084209391030584,0.04101389591013394,-0.028694488251646697,0.02614639652606184,0.02411433325669853,-0.023290265624516165,0.04118736215995895,-0.03954883614523275,0.004300042862851704,-0.005412629417239111,0.010190238419933469,0.0015697900541876884,-0.0014030110221327403,0.03835948028649932,-0.03910767950468675,0.04817311033238774,-0.047980703139423944,0.047367978357100465,0.0004835690737802824,-0.001265387279279744,0.021490036899637303,-0.021529766109635314,0.04008464599398325,-0.046250091320616325,0.04697631732682283,-0.0482296521990357,0.048440695727449634,-0.04841999764908142,-0.03171382681708797,0.013817024772232013,-0.014576263569504706,0.015319539450690107,-0.0053713312864835825,0.00674247724424529,0.0053452608888762175,0.015022178464256556,-0.01729902313126798,-0.004266751590777673
-0.07956769367088416,-0.04294690851653184,0.2499999999999999,-0.013520262153788315,-0.06291069317669783,0.04741275925184185,0.002472724072392707,0.036877334179779696,-0.042837309922104445,-0.023391951756569804,0.07547197257658926,-0.07768972480658332,0.07772108562741153,-0.07729833635649658,0.07773090244145395,-0.06847051369908863,0.03139479390163915,-0.004635402766618814,0.04784468667376372,-0.04659384182234696,-0.0772658438874394,0.07733376896914451,-0.06832054796704369,0.06854451881081831,-0.05383406916723415,0.04551595070991155,0.029572560447388194,-0.028946055980055545,0.0688843255501046,-0.06751835230934698,0.01272084970453479,-0.014653350499376692,0.02222202462063765,-0.004689585847732131,0.004967589444625697,0.05643411208376553,-0.05765365157925032,0.07740893885148455,-0.07725769337421609,0.07626149055079255,-0.004885781384030882,0.0037181330433833223,0.0294980686399182,-0.029344628700788394,0.06229726625644411,-0.07332095734803096,0.07475514682410682,-0.07738863740150541,0.07772685163281139,-0.07769361658909753,-0.04909479251694836,0.020595545369112837,-0.020974135043328977,0.023918748726163182,-0.008283903872808456,0.010872223261163627,0.00837699530573333,0.023610438024954696,-0.027463819862478575,-0.006972997616716926
-0.08581997574502558,-0.03655470743053235,-0.013520262153788315,0.25,-0.05827131527106666,0.009778927870376725,0.01171246996369515,0.04146428875251724,-0.08249291665124153,0.011940234110321121,0.08819701468046183,-0.09867741772831773,0.0987571373796354,-0.09821953255544966,0.09876963828300507,-0.08589919566323496,0.029068722102629105,-0.019826170425799677,0.08504998644499492,-0.08449753427159558,-0.09818659912120821,0.09825914690210891,-0.08771569230856796,0.08796314578161463,-0.07175698601180604,0.060277814376910946,0.027363321935472876,-0.02742902631889817,0.08876705585778463,-0.08826418824928409,0.01464144724048745,-0.01706689942928233,0.026783559358185816,-0.006328803708590379,0.00669653339743277,0.06798779822763545,-0.06939550271819557,0.09843164434824629,-0.09835436475398214,0.09707424550906527,-0.005311973768312432,0.00381775313046768,0.0365219430596662,-0.03600996998640006,0.0784611420543596,-0.09262087327424318,0.09459887840795914,-0.09833482084235948,0.09876452726005246,-0.0987222940187167,-0.06294472739268019,0.02690895505528385,-0.025830935931430356,0.02998781617191267,-0.010602519701210764,0.013960011338061736,0.010649420357280054,0.029972024593465815,-0.034806622559359256,-0.008865225202889524
0.08166435127343988,-0.01594786631784128,-0.06291069317669783,-0.05827131527106666,0.2500000000000001,-0.09831767786899862,-0.013103918379174694,-0.017233370926557905,0.05750321683637297,-0.017223772609775197,-0.0831050372015808,0.0866778965280594,-0.08668521003932611,0.08621317823512818,-0.08669588719798137,0.0728761593633537,-0.017107103341484915,-0.003904045189074026,-0.061449095302074326,0.060328834238503784,0.08614248082832182,-0.08621623756868363,0.0760058676327986,-0.07624604750220897,0.05932560413093447,-0.04693707349437342,-0.04543855364685343,0.04496052416969431,-0.07847436066960907,0.07723194741166431,-0.008596304760859645,0.010631182638242214,-0.019222555017469833,0.00015614071935436715,-0.00047539947616226266,-0.06791359960058349,0.06933850212869862,-0.08643603048393057,0.08633365104063533,-0.08520590689167389,0.0003188576191745583,0.0010864480902982108,-0.036959772553188136,0.03638819559775498,-0.07104078328500046,0.08256407272091879,-0.08392696449745182,0.08631411404969153,-0.08669167062182101,0.0866546227693484,0.056352766564427816,-0.024470439851881153,0.025335566477694277,-0.02708333716713691,0.009522480534258755,-0.012113512476071559,-0.009485762015389202,-0.02672169610403831,0.030861485852923955,0.007643773748264562
-0.10304791347485198,0.050510374719338384,0.04741275925184185,0.009778927870376725,-0.09831767786899862,0.25000000000000006,-0.047281501178175735,0.04490554225268745,-0.043265201978670224,0.0018282783166004458,0.08677706095848264,-0.07421793182110185,0.07416356192320746,-0.07375982696464063,0.07417277295426847,-0.06569212885418158,0.03229487233385313,-0.005642693194116521,0.04505938886772208,-0.0436914553299504,-0.0737285329676858,0.07379689279609067,-0.06522668907145511,0.06544337581763215,-0.051111645940234866,0.04351212291490403,0.027411020086223672,-0.026843314172035965,0.06447122589729337,-0.0630439311053091,0.012221348488621287,-0.014067302992540612,0.021419066646924226,-0.004584066013823018,0.004850817295329495,0.05374820748567059,-0.05490092586345722,0.07383424638760404,-0.07366013988673283,0.07271393138768248,-0.004748680127872346,0.003634334132933933,0.028045954689467613,-0.027889976396173452,0.059429213499932965,-0.06995222338875554,0.0713246078211822,-0.07384631308331262,0.07416903880002781,-0.07413732439609813,-0.04684719525605659,0.01959601849413267,-0.019951021906718262,0.02281669422004669,-0.007918638951383459,0.010385006769226574,0.007993005869997637,0.022524835666497312,-0.026204680278710837,-0.006658985745247199
0.006550553119577538,-0.02866260884053932,0.002472724072392707,0.01171246996369515,-0.013103918379174694,-0.047281501178175735,0.25000000000000006,-0.11300608216159663,-0.01211211190231934,0.005330827047655703,-0.016062607609698194,0.03751582493542217,-0.03757258405773948,0.03736825143193223,-0.03757925597389386,0.059579928915840796,-0.1584252726378686,0.10951984102267373,0.00358657355140916,-0.005835999702580371,0.03740356557890355,-0.03742335742844344,0.033259371024844164,-0.03348758684225176,0.028568397317201316,-0.04834230944712846,0.08309525112504802,-0.0842912864841291,-0.016532660433412415,0.014063753037712073,-0.031234774239999222,0.03267285131579221,-0.03511782352765363,0.024652462307348168,-0.024730898388903255,0.011908424718363893,-0.011973140072022806,-0.036879584374844794,0.03653546803426085,-0.03613351370143386,0.026357778364151943,-0.026340247762595206,0.008811134840595349,-0.0061696771522309814,-0.020404016672317383,0.029349995703092765,-0.031846741889011876,0.037413442296006294,-0.037575209785158326,0.037559029856597634,0.017741895081737062,-0.004195981664013901,-0.0020319828726435554,-0.008691460328257267,0.0029124210085069995,-0.0057169724836577986,-0.0034666226103010605,-0.009510351487668807,0.011899860899895483,0.004162894030334589
-0.08108676466346175,0.02246366644101261,0.036877334179779696,0.04146428875251724,-0.017233370926557905,0.04490554225268745,-0.11300608216159663,0.24999999999999994,-0.06717877097762869,-0.09115249983008841,0.1014454681757121,-0.13173983842788498,0.13190096653156635,-0.13118355701847634,0.13191849126367483,-0.12768580647607083,0.10502619127935321,-0.04846109464474586,0.0716009233378276,-0.06874106047953508,-0.13120003715338163,0.13130676229380253,-0.11691236291485976,0.11733266979134885,-0.09493974883496471,0.09117360712385515,0.0023775552507296896,-0.0010072984225267352,0.10893892364075164,-0.10592502922033013,0.03456045419955461,-0.038112873537169904,0.05051260949021224,-0.02042613577868961,0.020876186713814485,0.07675836076199744,-0.07852536936258746,0.1311090298469082,-0.13072496345814383,0.12907349799682571,-0.02073893093088553,0.019028782278436213,0.038213239771386756,-0.03906675041989147,0.10077469059166749,-0.12145863226792013,0.12477526357206851,-0.13133766529647345,0.13191074186006427,-0.13185428074983552,-0.08006580707074037,0.03191051806405826,-0.029409149425697435,0.03909369627802846,-0.013468863481882093,0.018675931363070265,0.013891141301133142,0.03906272859056871,-0.045902492358094876,-0.01222251609142534
0.10267497002394241,-0.01463243720173714,-0.042837309922104445,-0.08249291665124153,0.05750321683637297,-0.043265201978670224,-0.01211211190231934,-0.06717877097762869,0.24999999999999994,-0.08197890156654251,-0.13287463937395316,0.17563288132092522,-0.17587968771922166,0.17492194533882835,-0.1759020736021341,0.15410065850297724,-0.05849767130766349,0.09861778439615035,-0.21578009042451576,0.21234870043248605,0.17498313025811116,-0.17512110462570812,0.16057253019471648,-0.16106986725171787,0.14142360826553882,-0.1221940327626182,-0.007272295252835414,0.006003147743074532,-0.14786071646921395,0.14474464988948468,-0.036188484384300876,0.040735818491295185,-0.05939960950318622,0.024843371108097513,-0.02552915111731845,-0.10523030109266689,0.10764198907780927,-0.17494144447144877,0.17453895553012352,-0.17231330953073523,0.019516199332447078,-0.017022279695956703,-0.05516596960281783,0.05406261003058617,-0.13541292355906806,0.16242136789650163,-0.16670401830229667,0.17512844118743492,-0.17589293438533357,0.1758176715780724,0.10935778214743697,-0.04534456710509309,0.04086036723827616,-0.052002574840768374,0.01839012976370985,-0.025085603807481975,-0.018653783396629313,-0.05248373587042818,0.06139315260453779,0.016080470931860262
0.006305154969486203,0.010774571767990697,-0.023391951756569804,0.011940234110321121,-0.017223772609775197,0.0018282783166004458,0.005330827047655703,-0.09115249983008841,-0.08197890156654251,0.24999999999999983,0.0013104443074848668,-0.017315005309015835,0.01745326407495671,-0.017357286807318427,0.017455801380492235,-0.01836976452069482,0.02694190778752134,-0.08340755800230829,0.07674820848485178,-0.07942983844477461,-0.017351234323853517,0.01731157684773928,-0.017138207557329206,0.01713877077200682,-0.02154958878052296,0.022580841879300793,-0.05543908453957554,0.05370583271779662,0.01664794184765569,-0.019437631112890413,0.008327840186683338,-0.008873894725860297,0.00980065132585546,-0.010269562483685971,0.010342436373093802,-0.012989346155062408,0.013244493358959192,0.017521410239419947,-0.017846624538863,0.01759336827741225,-0.007851350720231194,0.007774985380173903,-0.004785283979942563,0.004540076841528222,0.00824502357043294,-0.01250221204195127,0.013980909428020027,-0.017379507669486108,0.01745467125669914,-0.01744715763492359,-0.010279660080992459,0.0045606993711193936,0.002147719670066866,0.003157228442895007,-0.001596084304388439,0.0029864216627187037,0.0016763144342849302,0.004496749259684128,-0.005382079058478259,-0.0018831136176569693
-0.20112964301759026,0.081571227300679,0.07547197257658926,0.08819701468046183,-0.0831050372015808,0.08677706095848264,-0.016062607609698194,0.1014454681757121,-0.13287463937395316,0.0013104443074848668,0.2499999999999998,-0.2040812609720516,0.20400540494296002,-0.2028954573929006,0.20403162672284733,-0.1826770887810367,0.08917359252895882,-0.03363453043203641,0.14057609006002564,-0.13771589830306283,-0.202758018994762,0.20293432267000897,-0.17869518051146363,0.179276978407234,-0.14091109638064261,0.12176931298547147,0.06468621836363093,-0.06349212845044669,0.18032022164345476,-0.17734782378658198,0.030428097007096467,-0.03542687167143657,0.05532748864756426,-0.010556284056865517,0.01129218803768779,0.14407730041274872,-0.14708140727116392,0.20317827214455325,-0.2028149581710271,0.20019543264306783,-0.01053722859947976,0.007453923183992944,0.0774495385863418,-0.07699885328733445,0.16314316972868784,-0.19190702882844102,0.1958253118419523,-0.20313282204662278,0.20402062987495903,-0.2039333948266391,-0.12996649641791636,0.05530857332600352,-0.054625388522857574,0.06249492054177962,-0.02190893195592487,0.028689488710120073,0.0220560303196037,0.0620667515053138,-0.07204777597997133,-0.01829377400304188
0.1682605030724262,-0.04856396231182455,-0.07768972480658332,-0.09867741772831773,0.0866778965280594,-0.07421793182110185,0.03751582493542217,-0.13173983842788498,0.17563288132092522,-0.017315005309015835,-0.2040812609720516,0.25,-0.24962631656371906,0.24826752751103193,-0.24965883586557278,0.2274785393209017,-0.12881519963718915,0.07146419683523232,-0.18394839768149904,0.18093351598329047,0.24814642039797072,-0.24834607532906652,0.21982235071630635,-0.22053290100521164,0.17672719824257607,-0.15690723962287575,-0.05099533873251962,0.0498319423582028,-0.21884814003200692,0.21570089189428587,-0.04279154084501276,0.04902522420391121,-0.0731017858256613,0.019206390296030502,-0.020105313455818976,-0.16483141010178226,0.16831214976994158,-0.24857305444048602,0.24817637948215454,-0.244975799466491,0.018536374611393406,-0.014890264962008824,-0.088432853525516,0.08824792914319772,-0.19677856439391672,0.233033280682091,-0.23835524846402747,0.2485590689097093,-0.24964494212698865,0.2495381692604008,0.15773457772444388,-0.06659236718011655,0.06336846163628512,-0.07551252875307778,0.026545312267251677,-0.035287865490508406,-0.026830671981602303,-0.07543445304895313,0.0877607773768782,0.022578860609905577
-0.1681753418486302,0.04843710621933214,0.07772108562741153,0.0987571373796354,-0.08668521003932611,0.07416356192320746,-0.03757258405773948,0.13190096653156635,-0.17587968771922166,0.01745326407495671,0.20400540494296002,-0.24962631656371906,0.24999999999999994,-0.24855012033522336,0.2499430167702014,-0.22775224134811403,0.1290429326011076,-0.07166523272640794,0.18420202582663547,-0.18118551375557038,-0.24842905039420285,0.24862886881170632,-0.22007697067190105,0.2207883241948937,-0.17694456938498854,0.1571155358144802,0.05094537019880068,-0.04978187130065041,0.21908989610874272,-0.215940927059293,0.04286225543057364,-0.04910350054382024,0.07320629135419325,-0.019253002490994802,0.020152937675147992,0.1649749389880478,-0.16845887922983638,0.2488558343288216,-0.24845888702800342,0.2452546834077001,-0.018579759252904504,0.014929998678888,0.088508701763373,-0.08832501435520654,0.19699149000994745,-0.23329165439341473,0.2386217092322785,-0.24884199828275616,0.24992910566408222,-0.24982221114477476,-0.15790895024253948,0.0666638333473297,-0.06342703650146458,0.07559475111312942,-0.02657449113116164,0.03532873522276429,0.026860586545986307,0.07551830705465486,-0.08785911713375934,-0.02260531630381616
0.16726049150622216,-0.04817372290712036,-0.07729833635649658,-0.09821953255544966,0.08621317823512818,-0.07375982696464063,0.03736825143193223,-0.13118355701847634,0.17492194533882835,-0.017357286807318427,-0.2028954573929006,0.24826752751103193,-0.24855012033522336,0.24999999999999978,-0.24858250103084134,0.2265131215576698,-0.12834131312708758,0.0712756667194019,-0.18319922283209078,0.18019912045104108,0.2470767208516128,-0.24727545825183295,0.2188780259554445,-0.2195855487689083,0.17597959963056364,-0.15625900906590603,-0.05066791922237216,0.04951074876261815,-0.21789738362538003,0.2147655293934822,-0.04262982642370445,0.048837121763198536,-0.07280873124906156,0.019149521178753653,-0.02004455970811009,-0.16407592399893703,0.16754089574522585,-0.2475012415162657,0.2471064646024794,-0.24391970241311728,0.018479549815725436,-0.014849668964569272,-0.08802597411771361,0.08784321288414706,-0.1959188322398552,0.23202160386318238,-0.23732269707325476,0.24748747575704738,-0.24856866560481128,0.24846235294073335,0.15704916035630856,-0.06630073687754369,0.06308129234690821,-0.07518311699618258,0.026429801764085208,-0.03513645661643735,-0.026714342514944246,-0.07510715377065197,0.08738081810698278,0.02248228978649792
-0.16819675897212452,0.048443570793584634,0.07773090244145395,0.09876963828300507,-0.08669588719798137,0.07417277295426847,-0.03757925597389386,0.13191849126367483,-0.1759020736021341,0.017455801380492235,0.20403162672284733,-0.24965883586557278,0.2499430167702014,-0.24858250103084134,0.24999999999999983,-0.22779043218695524,0.12906372581826547,-0.0716781333082693,0.18422549743859196,-0.18120856043676617,-0.24846140067128217,0.24866124887399993,-0.22010553244468556,0.22081698497125193,-0.17696711078935848,0.15714286073514686,0.050950386876991306,-0.04978673288356435,0.21911820594922318,-0.21596880382884776,0.04286500720973541,-0.04910698072875037,0.07321336679884732,-0.01925245565275104,0.02015252506739319,0.16499586355062812,-0.1684801528246833,0.24888824642876636,-0.2484912441437172,0.24528662121690564,-0.018579632120878837,0.014929350493828908,0.08852175904040828,-0.08833802753542516,0.19701760187574519,-0.2333220248750937,0.23865277313399091,-0.2488744167938294,0.24996166595803626,-0.24985475751865938,-0.15793054115282984,0.06667326369922054,-0.06343585816638363,0.07560474443674385,-0.026578150231443134,0.03533339757237953,0.026864182166817647,0.075528335469028,-0.08787064729012456,-0.022608240462243367
0.14876330478629934,-0.0456654053292653,-0.06847051369908863,-0.08589919566323496,0.0728761593633537,-0.06569212885418158,0.059579928915840796,-0.12768580647607083,0.15410065850297724,-0.01836976452069482,-0.1826770887810367,0.2274785393209017,-0.22775224134811403,0.2265131215576698,-0.22779043218695524,0.25,-0.15101665347064971,0.09352732959955799,-0.16283048764250826,0.15978283454573336,0.22633723579198192,-0.22653611779349217,0.20025634850391485,-0.20094475134478004,0.15951467354514423,-0.17876424064570193,-0.028887557632507346,0.027723172233159447,-0.19694477187037623,0.19380376496612428,-0.02825018155828158,0.03359103970953331,-0.0575556656119315,0.005473995411424243,-0.006368106079995266,-0.1437473528549012,0.1463696655450742,-0.22670005034226914,0.22629857191973368,-0.22337727751267164,0.0073572443915816375,-0.0038719338993958687,-0.08551473907699306,0.08551678420668597,-0.18064820042867732,0.21188783154338964,-0.21692269270792994,0.2267779190531142,-0.2277691991849398,0.22767179912634733,0.14809376523866638,-0.06369690785886403,0.059203701326676315,-0.06927797117426823,0.025031466893326543,-0.03252298811690379,-0.024871984952494323,-0.06952334176405091,0.08032434891109196,0.020581152635857986
-0.06686783686302433,0.03493011275337307,0.03139479390163915,0.029068722102629105,-0.017107103341484915,0.03229487233385313,-0.1584252726378686,0.10502619127935321,-0.05849767130766349,0.02694190778752134,0.08917359252895882,-0.12881519963718915,0.1290429326011076,-0.12834131312708758,0.12906372581826547,-0.15101665347064971,0.24999999999999994,-0.19046528248808242,0.07773881566233914,-0.0747012493045925,-0.12816225338925388,0.12825719970857125,-0.11085138997759382,0.11135478551792508,-0.08626029602692979,0.10584491975499553,-0.06881538267858041,0.07010726822047252,0.09832978958231549,-0.09524385768981541,0.04023945071165345,-0.043794113986847766,0.05430676477778467,-0.025005272443453505,0.025392848190187896,0.04710764838269074,-0.04805530344681119,0.12800872521566756,-0.1275801013243311,0.12599129980791315,-0.027366639106218966,0.025959325081465503,0.026291933242083225,-0.02915254295992787,0.09322206111108301,-0.11466883284987832,0.1191201339334401,-0.12849257063869204,0.12905252098922648,-0.12899723241052416,-0.07784770899233007,0.031102515311103016,-0.021975155085385202,0.036359782278179445,-0.013008411493140701,0.018787938811905238,0.013487583225551119,0.037542306631051466,-0.04416381029108631,-0.012346548387175233
0.015200867153996179,-0.004762147033403299,-0.004635402766618814,-0.019826170425799677,-0.003904045189074026,-0.005642693194116521,0.10951984102267373,-0.04846109464474586,0.09861778439615035,-0.08340755800230829,-0.03363453043203641,0.07146419683523232,-0.07166523272640794,0.0712756667194019,-0.0716781333082693,0.09352732959955799,-0.19046528248808242,0.24999999999999994,-0.13017234486265034,0.1265303703819136,0.07131089096997188,-0.07134991880288509,0.06714430813495209,-0.06747727012073938,0.06606911740924945,-0.08592312142038866,0.12676693496665964,-0.12811389579663118,-0.040857518740103564,0.03777965431763726,-0.04054534796399228,0.04291579235773755,-0.049448674898156623,0.037337250733792654,-0.037567235265571854,0.009500524639938017,-0.009524581192374886,-0.07063706448502442,0.07019187686450624,-0.06937403257050805,0.03388024711731627,-0.033476776526253645,0.006205946659915088,-0.004195347516869914,-0.042609138912852375,0.05811130141739217,-0.06223442655890416,0.07136129220096481,-0.0716706813086794,0.07163987895853817,0.03883021571411663,-0.013439585621736545,0.000856305293781185,-0.016989556169438542,0.006423577962136432,-0.011066052973418271,-0.006932977149834315,-0.019133125942608534,0.023239163369423818,0.007460871410394027
-0.10984055254449646,0.01747260692931587,0.04784468667376372,0.08504998644499492,-0.061449095302074326,0.04505938886772208,0.00358657355140916,0.0716009233378276,-0.21578009042451576,0.07674820848485178,0.14057609006002564,-0.18394839768149904,0.18420202582663547,-0.18319922283209078,0.18422549743859196,-0.16283048764250826,0.07773881566233914,-0.13017234486265034,0.24999999999999983,-0.24584391533016464,-0.18327743364638946,0.18341810370760295,-0.1690403861400612,0.16956297021027783,-0.1512526942640496,0.13246652196556497,-0.00854946721812384,0.009780438342279525,0.15339059360379295,-0.15024161217472418,0.04085143472264038,-0.04567629173370661,0.06532248992860355,-0.029955115364329515,0.030680184800491356,0.10348918279504797,-0.10589780980612633,0.18317554141928286,-0.182760303323141,0.1804349215789213,-0.023537987921539112,0.020989415323627615,0.05408611662420265,-0.05298177480442737,0.14014704844599585,-0.16906179732762738,0.17385530933704454,-0.18341551030026354,0.1842159023689088,-0.1841370609553717,-0.11385398347804407,0.046906001545619996,-0.04074326041535644,0.0538726249940699,-0.01913100612488589,0.02639894265618306,0.01944351528126182,0.05467001374766981,-0.06406597659396193,-0.016949623244060238
0.10720568667335406,-0.015900570047422045,-0.04659384182234696,-0.08449753427159558,0.060328834238503784,-0.0436914553299504,-0.005835999702580371,-0.06874106047953508,0.21234870043248605,-0.07942983844477461,-0.13771589830306283,0.18093351598329047,-0.18118551375557038,0.18019912045104108,-0.18120856043676617,0.15978283454573336,-0.0747012493045925,0.1265303703819136,-0.24584391533016464,0.24999999999999956,0.18027209949308498,-0.18041220285440684,0.1663736874001728,-0.16689086792119034,0.14925352742748918,-0.13045849439102639,0.009706599431997903,-0.010942324503673792,-0.15037422941175616,0.14722402391130374,-0.03918036233688339,0.04389982264220164,-0.06345933683593472,0.02860794504353389,-0.029329251798527703,-0.1014439038092307,0.10378642763197306,-0.18016465647578042,0.17974857372187766,-0.17746167225024703,0.022261534911307706,-0.019736849488248248,-0.05372212829422191,0.05257575150090394,-0.13797091035441825,0.1662569615360942,-0.17098093159788147,0.18041183028245267,-0.18119916756017745,0.181121619253665,0.11232754070007678,-0.04640354412227782,0.04026929669113037,-0.053028779784281,0.01887576776537665,-0.025985375925480374,-0.0191558557710882,-0.053834702284639414,0.06304301734492546,0.016663686931304364
0.16714059271610332,-0.04807753289774322,-0.0772658438874394,-0.09818659912120821,0.08614248082832182,-0.0737285329676858,0.03740356557890355,-0.13120003715338163,0.17498313025811116,-0.017351234323853517,-0.202758018994762,0.24814642039797072,-0.24842905039420285,0.2470767208516128,-0.24846140067128217,0.22633723579198192,-0.12816225338925388,0.07131089096997188,-0.18327743364638946,0.18027209949308498,0.24999999999999964,-0.24972352546071494,0.2212429762792108,-0.22192820537121838,0.17814132722948703,-0.15831133970542663,-0.04952234097148161,0.04835977376976675,-0.21760468854921447,0.2144556907182559,-0.044372697031157315,0.05061597172714651,-0.07471898724840922,0.02076138028385859,-0.02166133204680071,-0.1634836004745496,0.16696779693967267,-0.247374611856992,0.2469771328985032,-0.24379425501959776,0.020039289274639834,-0.016430824142672218,-0.0870129396900355,0.08682721860528089,-0.19550420546222966,0.23180857196539245,-0.2371389814953509,0.24736701506106334,-0.24844759059478022,0.24834132418511262,0.15642526837479956,-0.06565040089477689,0.062657142755577,-0.07509904583743447,0.026332033451369218,-0.035105444433412444,-0.026654914803316585,-0.07496009896764282,0.08729277932357268,0.02250673313157412
-0.16729376086099138,0.048135630988427,0.07733376896914451,0.09825914690210891,-0.08621623756868363,0.07379689279609067,-0.03742335742844344,0.13130676229380253,-0.17512110462570812,0.01731157684773928,0.20293432267000897,-0.24834607532906652,0.24862886881170632,-0.24727545825183295,0.24866124887399993,-0.22653611779349217,0.12825719970857125,-0.07134991880288509,0.18341810370760295,-0.18041220285440684,-0.24972352546071494,0.24999999999999958,-0.2213805904710191,0.22206652454805462,-0.17824504153189571,0.15841486306815694,0.04965413233544278,-0.04849061036838679,0.21780688060315792,-0.21465803704708564,0.04415437160442662,-0.05039705879511774,0.07450002243474581,-0.020545162641264804,0.021445110637596663,0.16368933594071258,-0.16717327845744884,0.2475744580324413,-0.24717707437126168,0.24399130101305666,-0.01982950112162704,0.01621526308097166,0.08722280045053146,-0.08703687344483686,0.19570755809363946,-0.23200952921879475,0.23733959998847076,-0.24756596598308386,0.24864742328568937,-0.2485410721972212,-0.15662991311782365,0.06579172592544422,-0.06276429657325494,0.07516638230225885,-0.026365521418845305,0.03513572207578211,0.026683035357108146,0.07503629764618715,-0.08736957725185078,-0.022519753754198915
0.1470453564240664,-0.04084209391030584,-0.06832054796704369,-0.08771569230856796,0.0760058676327986,-0.06522668907145511,0.033259371024844164,-0.11691236291485976,0.16057253019471648,-0.017138207557329206,-0.17869518051146363,0.21982235071630635,-0.22007697067190105,0.2188780259554445,-0.22010553244468556,0.20025634850391485,-0.11085138997759382,0.06714430813495209,-0.1690403861400612,0.1663736874001728,0.2212429762792108,-0.2213805904710191,0.24999999999999978,-0.24914260590034423,0.20583759954806424,-0.18600032102915634,-0.021664000207238816,0.020502567033518826,-0.18928220350866345,0.18613827788249557,-0.07229281291973372,0.07855313698006744,-0.10262583271272512,0.04872602073329028,-0.04962494654944817,-0.13530151273768926,0.13878031556718487,-0.21902946723645728,0.21862286902956482,-0.2158468849236874,0.04708836298187893,-0.04425742705771128,-0.05896236202968739,0.05872225098669349,-0.1672355043357018,0.20349206167139489,-0.2088080086227804,0.21913785604715824,-0.22009347241121469,0.21999923024642654,0.1283330591357539,-0.04657812769145083,0.04816461160864945,-0.0656488092854707,0.021741344287857078,-0.03083893411238395,-0.022744866999272587,-0.06433995361375644,0.07648253522080659,0.020600269772983567
-0.14752474392033996,0.04101389591013394,0.06854451881081831,0.08796314578161463,-0.07624604750220897,0.06544337581763215,-0.03348758684225176,0.11733266979134885,-0.16106986725171787,0.01713877077200682,0.179276978407234,-0.22053290100521164,0.2207883241948937,-0.2195855487689083,0.22081698497125193,-0.20094475134478004,0.11135478551792508,-0.06747727012073938,0.16956297021027783,-0.16689086792119034,-0.22192820537121838,0.22206652454805462,-0.24914260590034423,0.2499999999999998,-0.2060986733797411,0.18625764002087375,0.021812155618572502,-0.020648691230673345,0.18996231824190246,-0.18681831777485305,0.07197606229711381,-0.07824459576799672,0.10233866221550812,-0.048392373036139975,0.04929204860936478,0.1358472847508488,-0.13932915609937688,0.21973953363473805,-0.21933308602646612,0.2165473483656825,-0.04675745425066991,0.04391182903983373,0.05942950132671476,-0.05919181230476503,0.16786319804208033,-0.2041731993122829,0.20949862933005908,-0.2198461471857778,0.22080487792971312,-0.2207103328079915,-0.12892086178046555,0.046930053776528736,-0.048425882202785174,0.06586868455166249,-0.021838030755309254,0.030944575047241192,0.022832484063073148,0.06458100066340222,-0.07674191138484908,-0.020656021814870223
0.11475576453035449,-0.028694488251646697,-0.05383406916723415,-0.07175698601180604,0.05932560413093447,-0.051111645940234866,0.028568397317201316,-0.09493974883496471,0.14142360826553882,-0.02154958878052296,-0.14091109638064261,0.17672719824257607,-0.17694456938498854,0.17597959963056364,-0.17696711078935848,0.15951467354514423,-0.08626029602692979,0.06606911740924945,-0.1512526942640496,0.14925352742748918,0.17814132722948703,-0.17824504153189571,0.20583759954806424,-0.2060986733797411,0.24999999999999983,-0.22930071393749896,0.021706817550413388,-0.022866484019049418,-0.1461110649657249,0.14297343627739628,-0.10217013471848808,0.10830574109524506,-0.1323224805491066,0.09222965144415544,-0.09313746694006313,-0.09199556729732239,0.09547453459849255,-0.17590440007866334,0.1754836005845079,-0.1733173128122865,0.07884213877152346,-0.07703383274212112,-0.01827495273086308,0.015360316079488155,-0.12405404592703782,0.16033654198332145,-0.16565508917793445,0.1761922915872345,-0.17695795541039677,0.17688203447990128,0.0888016355834932,-0.022851687532539033,0.0261091777591042,-0.04997520871118366,0.01515916139291034,-0.024712267225737664,-0.016856678392848025,-0.04846483404236699,0.0599776645850037,0.017358387699222926
-0.09731245769857828,0.02614639652606184,0.04551595070991155,0.060277814376910946,-0.04693707349437342,0.04351212291490403,-0.04834230944712846,0.09117360712385515,-0.1221940327626182,0.022580841879300793,0.12176931298547147,-0.15690723962287575,0.1571155358144802,-0.15625900906590603,0.15714286073514686,-0.17876424064570193,0.10584491975499553,-0.08592312142038866,0.13246652196556497,-0.13045849439102639,-0.15831133970542663,0.15841486306815694,-0.18600032102915634,0.18625764002087375,-0.22930071393749896,0.24999999999999978,-0.04187908943090701,0.04304452058967017,0.12627733994569984,-0.12314629135676948,0.08554268398907934,-0.09078156042730025,0.11462731868680609,-0.07625058975455201,0.0771512973879129,0.07305064370616049,-0.07567085056916281,0.15607679530696417,-0.15565197441945308,0.15373544124715519,-0.06562477668021167,0.0639217859768594,0.017481245120858396,-0.01480173291687795,0.11000798557907542,-0.1412519177625363,0.14627876879173896,-0.1564473106591357,0.15712740388028976,-0.15705998893323683,-0.08121558672601037,0.021361313170159008,-0.02304179070759059,0.04444177177662592,-0.013980065015737828,0.022250834410592734,0.015184960162862464,0.043330698282882295,-0.0533269166687528,-0.015496642568048315
-0.06539869093280938,0.02411433325669853,0.029572560447388194,0.027363321935472876,-0.04543855364685343,0.027411020086223672,0.08309525112504802,0.0023775552507296896,-0.007272295252835414,-0.05543908453957554,0.06468621836363093,-0.05099533873251962,0.05094537019880068,-0.05066791922237216,0.050950386876991306,-0.028887557632507346,-0.06881538267858041,0.12676693496665964,-0.00854946721812384,0.009706599431997903,-0.04952234097148161,0.04965413233544278,-0.021664000207238816,0.021812155618572502,0.021706817550413388,-0.04187908943090701,0.2499999999999999,-0.2440154059201841,0.07715205702502655,-0.06806702721220484,-0.08333891971177292,0.0841631463786347,-0.07734135251605505,0.09258214743823802,-0.09231085373067882,0.13089647647709768,-0.13225610611635563,0.05195373845837947,-0.05243512710648322,0.05156875684547353,0.08399259501580764,-0.08640908538349516,0.09508406891295967,-0.09133178879119641,0.07082205082397457,-0.06336964801222576,0.059701216889437234,-0.05072104414559621,0.050948908908320954,-0.05092748656955958,-0.05778936213241517,0.03720285949912009,-0.051284614836254766,0.02482795290325575,-0.009943661594939755,0.006248884413630027,0.0080751139287117,0.022471999484014252,-0.022383592675476047,-0.0023153540972869137
0.06427781823592243,-0.023290265624516165,-0.028946055980055545,-0.02742902631889817,0.04496052416969431,-0.026843314172035965,-0.0842912864841291,-0.0010072984225267352,0.006003147743074532,0.05370583271779662,-0.06349212845044669,0.0498319423582028,-0.04978187130065041,0.04951074876261815,-0.04978673288356435,0.027723172233159447,0.07010726822047252,-0.12811389579663118,0.009780438342279525,-0.010942324503673792,0.04835977376976675,-0.04849061036838679,0.020502567033518826,-0.020648691230673345,-0.022866484019049418,0.04304452058967017,-0.2440154059201841,0.2499999999999999,-0.0806255003492254,0.07160371967741626,0.08440372410700304,-0.08527895307322984,0.07859154375126987,-0.09332774176265773,0.0930611487686455,-0.12952006433704494,0.1308147894375423,-0.05078867992586587,0.051269943718734494,-0.05041830784180817,-0.08476851325037195,0.08717350061970673,-0.09479881439602807,0.09105553468004654,-0.06988847840826987,0.062214872435240216,-0.05853973536787482,0.0495625016881556,-0.04978532569438172,0.0497644021415088,0.05735820165951243,-0.037236266226951115,0.05094573254748211,-0.02442439275284391,0.009872453530440167,-0.00612109283441992,-0.00797047682892732,-0.0221562271717638,0.02197304884249614,0.002202906043194126
-0.14916735174748608,0.04118736215995895,0.0688843255501046,0.08876705585778463,-0.07847436066960907,0.06447122589729337,-0.016532660433412415,0.10893892364075164,-0.14786071646921395,0.01664794184765569,0.18032022164345476,-0.21884814003200692,0.21908989610874272,-0.21789738362538003,0.21911820594922318,-0.19694477187037623,0.09832978958231549,-0.040857518740103564,0.15339059360379295,-0.15037422941175616,-0.21760468854921447,0.21780688060315792,-0.18928220350866345,0.18996231824190246,-0.1461110649657249,0.12627733994569984,0.07715205702502655,-0.0806255003492254,0.24999999999999983,-0.23908755341970692,0.020986314323839426,-0.02609196981773149,0.046462828719551826,0.0013307185826497434,-0.0005052430626241438,0.16349732788019555,-0.1665984785015802,0.21928160230620242,-0.2198189546256588,0.2168559260827455,-0.0007697634520991245,-0.002743140466665748,0.09016837102407806,-0.08907818101845315,0.17719761150576793,-0.20743438582936793,0.21119258707904434,-0.21815212286414756,0.21910620900839525,-0.21901255938585232,-0.14289461459844593,0.06263253734880848,-0.062019985155370806,0.06776706538338861,-0.02377503733612479,0.030751099233983278,0.023934858852630792,0.06733393490268182,-0.07770376646623096,-0.019449154723054113
0.14644911538604585,-0.03954883614523275,-0.06751835230934698,-0.08826418824928409,0.07723194741166431,-0.0630439311053091,0.014063753037712073,-0.10592502922033013,0.14474464988948468,-0.019437631112890413,-0.17734782378658198,0.21570089189428587,-0.215940927059293,0.2147655293934822,-0.21596880382884776,0.19380376496612428,-0.09524385768981541,0.03777965431763726,-0.15024161217472418,0.14722402391130374,0.2144556907182559,-0.21465803704708564,0.18613827788249557,-0.18681831777485305,0.14297343627739628,-0.12314629135676948,-0.06806702721220484,0.07160371967741626,-0.23908755341970692,0.25,-0.021226289105269146,0.0262666183842214,-0.046521979220549875,7.562432809533346e-5,-0.0009034593053258358,-0.1563114406093463,0.1593500968142548,-0.21607028610579776,0.21658530057431588,-0.21367084824089308,0.0016619475520022432,0.0017835945870666807,-0.0868047000789347,0.08568129165842817,-0.17365779013009958,0.20367891343207215,-0.20761322300666732,0.2150167772436979,-0.21595701800483727,0.21586470525635018,0.14102034348534878,-0.06175282943026569,0.05978579782987117,-0.06637527132826868,0.023499561543655012,-0.030465531491437825,-0.023576203196213095,-0.06625673721847317,0.07645904663845154,0.019233371811348897
-0.023538543604247595,0.004300042862851704,0.01272084970453479,0.01464144724048745,-0.008596304760859645,0.012221348488621287,-0.031234774239999222,0.03456045419955461,-0.036188484384300876,0.008327840186683338,0.030428097007096467,-0.04279154084501276,0.04286225543057364,-0.04262982642370445,0.04286500720973541,-0.02825018155828158,0.04023945071165345,-0.04054534796399228,0.04085143472264038,-0.03918036233688339,-0.044372697031157315,0.04415437160442662,-0.07229281291973372,0.07197606229711381,-0.10217013471848808,0.08554268398907934,-0.08333891971177292,0.08440372410700304,0.020986314323839426,-0.021226289105269146,0.25,-0.2435187018189533,0.21939871046900888,-0.17255370912351287,0.17170431386756418,-0.03738309613267111,0.03407782438638088,0.042620644930723255,-0.04299566866486129,0.04262121212027596,-0.20462608447460126,0.20791009109232464,-0.11035931895338151,0.09085891631441573,-0.006603423392805765,-0.027033978301845733,0.0320876264385386,-0.04269056598922874,0.04286589545565717,-0.042846931447808906,0.04247385539309025,-0.05498645000544924,0.040653894689193594,0.005886330137890747,0.007902949220084228,0.0030536387370483204,-0.0009497779453065919,-0.00047696040604331444,-0.00861613936450552,-0.00806416213878982
0.027628669966073036,-0.005412629417239111,-0.014653350499376692,-0.01706689942928233,0.010631182638242214,-0.014067302992540612,0.03267285131579221,-0.038112873537169904,0.040735818491295185,-0.008873894725860297,-0.03542687167143657,0.04902522420391121,-0.04910350054382024,0.048837121763198536,-0.04910698072875037,0.03359103970953331,-0.043794113986847766,0.04291579235773755,-0.04567629173370661,0.04389982264220164,0.05061597172714651,-0.05039705879511774,0.07855313698006744,-0.07824459576799672,0.10830574109524506,-0.09078156042730025,0.0841631463786347,-0.08527895307322984,-0.02609196981773149,0.0262666183842214,-0.2435187018189533,0.2500000000000001,-0.2257541913701004,0.17765668832382808,-0.1768167684699763,0.03490363202997996,-0.03143354903563774,-0.04883564165226025,0.04921349200038622,-0.048762731191188007,0.20988930334099687,-0.2131797579438292,0.1113946956434446,-0.09157224582425054,0.0027885507777032316,0.032527859399646065,-0.037821301960589825,0.04890543308279355,-0.04910761696233557,0.04908596861592464,-0.04022337624698559,0.05469735380956622,-0.04044727054120089,-0.007461144606067182,-0.007558329246250666,-0.0038759394126859433,0.000427936490057061,-0.0010596551028822134,0.010627290142470429,0.008709919858485965
