x1,x2,x3,x4,x5,x6,x7,x8,x9,x10,x11,x12,x13,x14,x15,x16,x17,x18,x19,x20,x21,x22,x23,x24,x25,x26,x27,x28,x29,x30,x31,x32,x33,x34,x35,x36,x37,x38,x39,x40,x41,x42,x43,x44,x45,x46,x47,x48,x49,x50,x51,x52,x53,x54,x55,x56,x57,x58,x59,x60
0.25,0.24708729302109353,0.10074856653619547,0.2475053477769399,0.10242640991327101,0.24774473995704419,0.13432828223757198,0.24580603188348518,0.2251690357563726,0.2478776927753949,0.1970363121310366,-0.06663591012323868,0.06647836129211068,-0.055054975795323036,0.056177192969291315,0.025456123520657573,-0.0232339649087483,0.1620482851353121,-0.1901115042837359,0.23238174064922615,0.14120749734337157,0.06271043636455251,-0.057983555419513756,0.062280418914095456,-0.05395883984919927,0.06927175758368129,-0.05231669310439839,0.08764059653716778,-0.05790650810514423,0.21690565651158258,0.19564715854222198,-0.053487267794246965,0.054822731421904775,-0.05252865754844872,0.054404740063854984,-0.04035101204640718,0.057832686704131483,-0.0023532457217727873,0.030354421956491205,0.20480719396278738,0.169483776948657,0.048177415892895835,-0.04740055210613907,0.05889680104418149,-0.04245650162437864,0.09912840982678053,-0.05404625160261495,0.16716489470415283,-0.18325845393702653,0.21497972226323722,0.24709166290815662,0.2477005566919837,0.15070503907764973,0.24771145191797506,0.14990556692623885,0.24745614508709482,0.14399647160399448,0.24668058766489154,0.215326710529494,0.24787780228507142
0.24708729302109353,0.2500000000000001,0.10071335071720629,0.24884126473152385,0.1026053660562924,0.24907279005913083,0.1350280410649764,0.24713595625086146,0.22638879091335637,0.24920580850194612,0.1983973064287456,-0.0679731365821393,0.06781745737816103,-0.05636510154297556,0.0574475862850518,0.02494210476043806,-0.02329375633213817,0.16297289401326107,-0.1912611643391699,0.23371334152783776,0.1416246295055549,0.06402802309457137,-0.05926203668201222,0.06359504590334263,-0.05521169027745403,0.07054916616826283,-0.05349346199433904,0.08870167463571624,-0.05874569315358678,0.21815500226019224,0.1969581825276696,-0.054734693480166824,0.056079604184302044,-0.05376890098303322,0.05565234726282508,-0.041474330757989654,0.059010974670923144,-0.0030082028062528013,0.031046131591396135,0.2058043927144533,0.17014358981958377,0.04937724336706497,-0.04859122661650316,0.06012897519680467,-0.04344554161980936,0.10023270010126753,-0.054535221851431885,0.168090605557089,-0.18417753295848702,0.21603850614676817,0.24841855454780878,0.24902742520919274,0.1519512242057557,0.2490382359967108,0.15108884279619894,0.2487807373333584,0.14487271348225522,0.24799871040252125,0.21643874131134458,0.24920592075136902
0.10074856653619547,0.10071335071720629,0.25000000000000017,0.10107926282951722,0.06975683595747068,0.10134824585074237,0.06170771988583689,0.09959648988839143,0.09061167321173112,0.10145110903384973,0.05193536459527579,0.07560548008693518,-0.07591378747493446,0.07731811096789211,-0.06002246092206988,0.07170624686711498,-0.023883546304668532,0.06591124377410935,-0.06951870946090885,0.08784311557914189,0.09321234481130107,-0.07731544468506453,0.07762251438904497,-0.07732573669039733,0.07811957696014846,-0.06709408790135026,0.07252234221895958,-0.03241221074107952,0.03744708319615769,0.07637801694241275,0.05259342928902121,0.07817251918762992,-0.07804282735830208,0.07818973732583517,-0.07724762420507844,0.0779621783774358,-0.06796784074564541,0.06789653579790252,-0.04743553837556074,0.0947313885079158,0.09519811692927979,-0.07830094719974251,0.07805046184169682,-0.07132094490854524,0.06235847107438515,-0.019867935583257414,-0.0005427171106180267,0.06486258559222462,-0.08128720080629967,0.09764095917634344,0.10081360903051886,0.10140937599872614,0.01579378031190813,0.10142893651708121,0.021465985210275193,0.10141007432704037,0.047510222392341143,0.10133327824331535,0.09235476652204543,0.10145099477395687
0.2475053477769399,0.24884126473152385,0.10107926282951722,0.2500000000000003,0.10239041984772644,0.2494909711102305,0.1352362396006163,0.24755190976002403,0.22679136125338537,0.24962365505995532,0.1989354033416867,-0.06884591096226562,0.06869129351171743,-0.057229138821200246,0.05822776945307295,0.024506791654819907,-0.023203989174058356,0.16322426218971392,-0.19163607643002867,0.23414770198130455,0.1416005027090117,0.06489408104313844,-0.06010861455949264,0.06445951334971807,-0.056045571687684904,0.07138180490431363,-0.054282553138879475,0.08939609227188053,-0.05933406897358602,0.21863432883500794,0.19749117561101784,-0.055566101549449506,0.05691574553052491,-0.054596532370472725,0.056482530628189476,-0.04224383077693526,0.059796264449063496,-0.0035351545930199365,0.03157057179053128,0.20606576639079152,0.17023783141997634,0.050184741298825344,-0.04939340151512769,0.060936540356368904,-0.04411179390061235,0.10085341563097183,-0.054791773406022766,0.16840159845102418,-0.18444124388892338,0.21632948259173734,0.24883744578794575,0.24944474723555235,0.15254660078831916,0.2494554628655064,0.15163952852213192,0.24919689939342124,0.14520348014208342,0.2484117818152225,0.21677098990602625,0.24962376876143177
0.10242640991327101,0.1026053660562924,0.06975683595747068,0.10239041984772644,0.25000000000000033,0.10263006225894944,0.06001940143485081,0.10097527163466653,0.09183323342102218,0.1027622213207705,0.05972827834526791,0.058481385918409484,-0.05882597548151474,0.06948882848782162,-0.08551101939933364,0.08140563246153307,-0.033602493272814414,0.06632351736572813,-0.06990132251649474,0.08903664049744821,0.08848691550953193,-0.060431480808974154,0.061244888355842346,-0.060572879809278016,0.06279434856575382,-0.05708102860429302,0.06095908536849104,-0.023681237786081773,0.02906184519574709,0.08060129006907095,0.05794042142238867,0.06267826389829874,-0.06227066577817198,0.06295277055618599,-0.06227687599571034,0.06397393872966349,-0.05488402886660553,0.05786117261204796,-0.03892799241056602,0.094248363686902,0.0921960289210517,-0.06320355930584692,0.06310362521964422,-0.05673514056451163,0.05046557171350225,-0.010583447145035771,-0.003790725812929245,0.06616364422659007,-0.08129977355309866,0.09733346350974419,0.10216768861233809,0.1027147509254999,0.02352269388701851,0.10273218066370918,0.028046591267348094,0.10269918575044183,0.049867388733710515,0.1025823193697848,0.09285472528994998,0.1027620281843019
0.24774473995704419,0.24907279005913083,0.10134824585074237,0.2494909711102305,0.10263006225894944,0.2500000000000002,0.13530147056933928,0.24779014977529598,0.22698814420478794,0.24986315486115893,0.1990387117887795,-0.06862561881228015,0.06847004038891899,-0.05699771262648695,0.05805638277748768,0.024702317773064607,-0.02325424576561659,0.16337478898538063,-0.1917755838788992,0.23434673588738827,0.14183544533062903,0.06466883275197141,-0.05988312025575452,0.06423422674533781,-0.05581863610590716,0.07118560593043781,-0.054073014064808876,0.08929517682117666,-0.059222696632565984,0.21882304802754202,0.19760386692605794,-0.055339254325010495,0.056689215502659145,-0.05436964471563749,0.056258105131606076,-0.04201994517196192,0.05959776031488805,-0.003346320734042963,0.03143504004314567,0.20629385510659362,0.1704735119328199,0.0499584083965975,-0.04916785133511257,0.060727744952415876,-0.04393109725176159,0.10078129910201572,-0.05478424467264399,0.16855334303372452,-0.18463591717129935,0.21656410307613685,0.24907530898259397,0.24968416151399014,0.15256454576438114,0.24969492963551446,0.15167352945879428,0.2494363580759705,0.14531100746406922,0.2486511615297816,0.21699085807845744,0.24986326802800796
0.13432828223757198,0.1350280410649764,0.06170771988583689,0.1352362396006163,0.06001940143485081,0.13530147056933928,0.25000000000000033,0.13337073245812367,0.12353942709487858,0.13543371158016118,0.10575230432328844,-0.026140786140686857,0.025794785240429843,-0.014766295640013014,0.0027940890377197384,0.07774169524307108,-0.12075914382766684,0.11471522208240116,-0.10656805487770225,0.12277816330160782,0.08146035736579478,0.023203143273343354,-0.01988870510151598,0.022985245576775108,-0.016236605083524768,0.02163701803548529,-0.012039220042422824,0.02297046113564791,-0.0099700617682818,0.12103083288888118,0.10362109392836184,-0.016278039125483958,0.017366694086986073,-0.015414223001228891,0.016191461331956206,-0.008858495075536115,0.016458211703961535,0.013790407740932266,-0.002476479900216699,0.11461849299912778,0.09597222475474305,0.013570525365664722,-0.013103169007204395,0.019224431537799506,-0.011474276888581415,0.04418793644121204,-0.023431651000239046,0.08879849920313095,-0.10037859602334236,0.11895261778849407,0.1349541511844191,0.13534060531177447,0.07595728386917594,0.13534975259141283,0.07588903822455262,0.13522401882604312,0.07540519327560874,0.13483854162162162,0.11801034897341904,0.13543372877567655
0.24580603188348518,0.24713595625086146,0.09959648988839143,0.24755190976002403,0.10097527163466653,0.24779014977529598,0.13337073245812367,0.2500000000000005,0.22507455833512383,0.2479222244226961,0.19816539898335067,-0.07054703465208728,0.07039178035623211,-0.05892415129046208,0.05996076523358422,0.022760694896480565,-0.021574626236087125,0.1614510206681026,-0.18996681317407232,0.23245231493279392,0.13990007698286544,0.0665903524470664,-0.06180331668184215,0.06615511896261433,-0.05774355111346387,0.07311170687723505,-0.056001192782827856,0.0911852498005238,-0.061069908311775147,0.21837686422515945,0.19671577389770056,-0.05726340665755051,0.058613005276831234,-0.05629365874902357,0.05818143034845937,-0.043945527955948964,0.061485524222539445,-0.005224940112342133,0.03326637454314868,0.20436653407277966,0.1685413260168617,0.05187642389843496,-0.051079114724570024,0.06252031438922798,-0.045548076137848725,0.10154529905459124,-0.05499286819726139,0.16739312369768183,-0.1830862610922254,0.2146573019846409,0.24714859235110267,0.24774393662476527,0.15248823027488748,0.2477542281654805,0.15148769942779647,0.24749565042820254,0.1445278338442732,0.24671088059397278,0.21521985937694996,0.2479223354874656
0.2251690357563726,0.22638879091335637,0.09061167321173112,0.22679136125338537,0.09183323342102218,0.22698814420478794,0.12353942709487858,0.22507455833512383,0.25000000000000056,0.22711731149279765,0.18195455459031135,-0.06665187981059828,0.06642343273167939,-0.05508401253847804,0.05561573593365626,0.026876328100949035,-0.0296621953493904,0.1704551796320031,-0.211000218732642,0.21657462713734177,0.12755784537799486,0.06283581249719676,-0.0581889654573541,0.06253121962876869,-0.05425367887140971,0.0692125566727853,-0.05228913713763987,0.08157855952102717,-0.05481570973812145,0.1983713911634452,0.18061355416708558,-0.053837930834669805,0.05514678197811362,-0.05287719361416753,0.05463950840252142,-0.041528235745812304,0.05745434950247943,-0.004705686965786293,0.029625170557700364,0.18727147431633168,0.1540434118359693,0.04886708353303759,-0.0481099223276912,0.05850739299146317,-0.04271577998991664,0.09361003393285032,-0.05004997866977492,0.15294612431013588,-0.16753426819215791,0.1965801959381262,0.22641183154726607,0.2269536531908164,0.1402635989787831,0.2269631286491149,0.13926086976207816,0.22672577987946288,0.13222394586872355,0.2260054220158055,0.19707276126133946,0.22711749793430608
0.2478776927753949,0.24920580850194612,0.10145110903384973,0.24962365505995532,0.1027622213207705,0.24986315486115893,0.13543371158016118,0.2479222244226961,0.22711731149279765,0.25000000000000033,0.19911550612032652,-0.0685252936304478,0.06836977680288024,-0.056895375750222396,0.05796297762257388,0.024807656628820878,-0.023310974765511187,0.163484544757937,-0.19189689778181923,0.23447674586231335,0.14195745198240262,0.0645683265572042,-0.05978219081498978,0.06413371594808828,-0.0557169911046193,0.07109147927631004,-0.05397454053950799,0.08922919179571594,-0.05915342937335977,0.2188942961859699,0.19767310678389996,-0.05523758500554013,0.056587718700318236,-0.054267902306596415,0.05615709506127271,-0.04191766788664393,0.059504592589641137,-0.0032511585403805134,0.0313575730694057,0.20641968790043258,0.170598223159753,0.049856542435769556,-0.04906629215120524,0.06063453823091022,-0.043847947482185554,0.10075272357273532,-0.054782070403772254,0.16863691561355465,-0.18474176372979248,0.21669210235361266,0.2492076078368007,0.2498172541668568,0.1525850005011592,0.24982804873596692,0.15170072456501132,0.24956945166425992,0.14537160588949558,0.2487841524542,0.21711169273716685,0.24999641664388944
0.1970363121310366,0.1983973064287456,0.05193536459527579,0.1989354033416867,0.05972827834526791,0.1990387117887795,0.10575230432328844,0.19816539898335067,0.18195455459031135,0.19911550612032652,0.25,-0.11905271484407226,0.1187277677286725,-0.10740539985385324,0.09529545535409657,-0.01574331335057558,-0.014286487896910983,0.13107964137873446,-0.1581725959878787,0.19146133915341035,0.09122081707182882,0.11495579266039194,-0.11012798755212597,0.11450427997240166,-0.10617561151332545,0.11467326280262492,-0.10041947945350907,0.11183045988455438,-0.0836835366275053,0.18179051327445578,0.174390164468187,-0.10570778938996303,0.10704103729925846,-0.10470248625799952,0.10605002816680703,-0.09157016586726292,0.10356143336495113,-0.04465934973801325,0.061008864026753304,0.1577731014032846,0.11994549148255317,0.10016134528148989,-0.09918072577657136,0.107118985324089,-0.08396996238790402,0.11734133861735944,-0.05674950670053547,0.13640879885503568,-0.14322337703817978,0.16663559430982855,0.19868122911422387,0.19895387030719425,0.1497921096196867,0.19895321357273915,0.1453400237789303,0.19869447070785093,0.1227199931404513,0.19792070017049912,0.17029937255161354,0.1991156953672921
-0.06663591012323868,-0.0679731365821393,0.07560548008693518,-0.06884591096226562,0.058481385918409484,-0.06862561881228015,-0.026140786140686857,-0.07054703465208728,-0.06665187981059828,-0.0685252936304478,-0.11905271484407226,0.25000000000000017,-0.2481536058300564,0.23784304258603345,-0.20081023350147587,0.12638378666046976,-0.019029416028686873,-0.04662052457827324,0.07132616236012325,-0.08052247713909932,0.03925798240378593,-0.24502564993385956,0.24008381022511685,-0.24453112708870947,0.23641913396031145,-0.23003220789720297,0.22198047184715083,-0.17350556190041302,0.1496323712113706,-0.08723142931948849,-0.11483131320479577,0.23597813300847229,-0.23727093417360057,0.2348809331560582,-0.2349992637669439,0.21996144328238412,-0.21825051391533212,0.15227303847869664,-0.13945103280936877,-0.03264052257801037,0.010249153671400703,-0.22999165992961118,0.22851942705481645,-0.22719104295807477,0.1878652411891978,-0.16078928757617214,0.06235843100099179,-0.05390443790522098,0.03670695157342598,-0.038096243028462574,-0.06900489329742962,-0.06840825394304913,-0.1430408499155637,-0.06837797758810629,-0.1295315122074841,-0.06811822050459385,-0.06489700203487857,-0.06737221775754988,-0.0501590999968064,-0.06852567444302424
0.06647836129211068,0.06781745737816103,-0.07591378747493446,0.06869129351171743,-0.05882597548151474,0.06847004038891899,0.025794785240429843,0.07039178035623211,0.06642343273167939,0.06836977680288024,0.1187277677286725,-0.2481536058300564,0.2500000000000005,-0.23829398807725186,0.2013367466177327,-0.1268774787100788,0.019690966211118772,0.046246365423381716,-0.07094157845345907,0.08030028665468325,-0.03941518139453831,0.24517125737323336,-0.24023758789675925,0.2446799053896997,-0.23658725438468178,0.23024493591749662,-0.2221811068498519,0.17386952647861806,-0.14996886885395538,0.08714588151522286,0.11476116556814443,-0.23614324554328497,0.23743267129013518,-0.2350492660797511,0.23517103282777868,-0.22013516860221397,0.21845668663050327,-0.15250024308587165,0.13975280647235055,0.03246912779680259,-0.010407199280564099,0.2301568675715252,-0.22868505596879318,0.22735189174365886,-0.18802271912725296,0.16088584289821029,-0.062409578331621446,0.053829776811430564,-0.03658904264129052,0.037941913121676996,0.06885069509835409,0.06825280050214197,0.14304661830794782,0.06822247394266971,0.12953288542619001,0.06796269704274237,0.06485429822043216,0.06721667384784698,0.050019533692557364,0.068370159885305
-0.055054975795323036,-0.05636510154297556,0.07731811096789211,-0.057229138821200246,0.06948882848782162,-0.05699771262648695,-0.014766295640013014,-0.05892415129046208,-0.05508401253847804,-0.056895375750222396,-0.10740539985385324,0.23784304258603345,-0.23829398807725186,0.2500000000000002,-0.21219139148797217,0.13792456160022856,-0.03010372693074968,-0.03526982298148832,0.060042864388403665,-0.06903549492794996,0.04459935023700933,-0.23773478707470674,0.2333434604303821,-0.23734507539342292,0.23067385116362868,-0.2238546308450934,0.21684327599419218,-0.1685180906241776,0.1460101793354826,-0.07705825124261645,-0.10460509100443832,0.23009251901559602,-0.23111888337641048,0.22923367065113523,-0.2292828570133439,0.21509295153034916,-0.21279414234615915,0.15046903983978277,-0.136983084969757,-0.02327613510156195,0.017352773042534526,-0.2244736728351336,0.22311203592167475,-0.22139943510621465,0.1834059520128786,-0.1543795249288934,0.05947899586736657,-0.04618715247296888,0.028350044506812045,-0.028290357257447857,-0.05740200261049018,-0.056787699719081375,-0.13447210505966678,-0.05675726724564533,-0.12126803684941423,-0.05651192432608176,-0.057947706390356096,-0.055809234057341284,-0.040202474009907764,-0.05689578093638842
0.056177192969291315,0.0574475862850518,-0.06002246092206988,0.05822776945307295,-0.08551101939933364,0.05805638277748768,0.0027940890377197384,0.05996076523358422,0.05561573593365626,0.05796297762257388,0.09529545535409657,-0.20081023350147587,0.2013367466177327,-0.21219139148797217,0.2500000000000001,-0.15991227149634837,0.06143116069039896,0.03226758848432144,-0.060104008514246965,0.06986303973642195,-0.031610479364421185,0.20084123502454101,-0.19750329938791722,0.20064702716653193,-0.19667843208457605,0.20087249726482048,-0.19097727967956257,0.15022011897433504,-0.1279585386252365,0.07050162137866446,0.09574633094452745,-0.1958280509376947,0.19635316111332055,-0.195435485427486,0.1960517922547847,-0.18385827481021028,0.18372595704843783,-0.1279686904149046,0.1183318920965098,0.027678526157157102,-0.007761366891704625,0.1909833243734971,-0.18991810537268147,0.18916946725220413,-0.15695684492273532,0.13482040341738233,-0.05316372283424382,0.04613264640782086,-0.03135138962738784,0.03245661296629381,0.05835902741121771,0.0578652831138551,0.11938398733507609,0.057839771635497646,0.1086913436326236,0.05762197293876859,0.055038247464603195,0.05699661550184944,0.042589040610114745,0.057963464111617694
0.025456123520657573,0.02494210476043806,0.07170624686711498,0.024506791654819907,0.08140563246153307,0.024702317773064607,0.07774169524307108,0.022760694896480565,0.026876328100949035,0.024807656628820878,-0.01574331335057558,0.12638378666046976,-0.1268774787100788,0.13792456160022856,-0.15991227149634837,0.25000000000000006,-0.141588878328496,0.05158403754398946,-0.0219253752517869,0.012686915163258638,0.061592587864708774,-0.1280300121698166,0.1280984098368184,-0.12800917456495675,0.13142006483442328,-0.13957559099269295,0.13538553198711759,-0.10104391134380848,0.08874875993288239,0.0036927436047186745,-0.017020132720643198,0.13036623043177442,-0.1296866831720234,0.13101099218303217,-0.13149540548585006,0.12677658867124386,-0.12376768031873081,0.09887770577269189,-0.08699967834696423,0.03641522758373345,0.05211687914555994,-0.12838388852293675,0.12800919205065683,-0.12478557081275633,0.10613578345669487,-0.07469358053690897,0.02762853088192278,0.009620091730190933,-0.02649722435901903,0.03501676446877039,0.024294114049142206,0.024831819659417064,-0.04750347773141608,0.024854877469844324,-0.04043527419427874,0.024949564920094446,-0.002935040312601708,0.025209044033797413,0.02720953340499573,0.024807555353695228
-0.0232339649087483,-0.02329375633213817,-0.023883546304668532,-0.023203989174058356,-0.033602493272814414,-0.02325424576561659,-0.12075914382766684,-0.021574626236087125,-0.0296621953493904,-0.023310974765511187,-0.014286487896910983,-0.019029416028686873,0.019690966211118772,-0.03010372693074968,0.06143116069039896,-0.141588878328496,0.2500000000000001,-0.0969056585229795,0.04489044953964312,-0.016758603350865906,-0.023451500159588332,0.020779889163182595,-0.022669605953584356,0.02073527210284777,-0.025913876849808726,0.035722988361279184,-0.03591579487359678,0.06698749010657824,-0.059996154323136076,-0.015134966596008315,-0.010615270618042226,-0.025344224254023797,0.02451556822076748,-0.026119040543727025,0.026848406999221246,-0.02749164203164129,0.03343480533662619,-0.039594524087925756,0.05307987912991908,-0.02674399633059846,-0.023840169613173347,0.025363960265430655,-0.025506649092941976,0.025067764317746034,-0.02485452378672274,0.01611977958833093,-0.010986711971204243,-0.008956370685574177,0.01728309842602142,-0.023594713941035288,-0.023107992666559486,-0.02330231027767518,0.0013222240252134011,-0.02331127673459363,0.0009139861857567874,-0.023318777364937506,-0.004727428295634404,-0.023333811174901214,-0.02084847856625962,-0.02331111549874706
0.1620482851353121,0.16297289401326107,0.06591124377410935,0.16322426218971392,0.06632351736572813,0.16337478898538063,0.11471522208240116,0.1614510206681026,0.1704551796320031,0.163484544757937,0.13107964137873446,-0.04662052457827324,0.046246365423381716,-0.03526982298148832,0.03226758848432144,0.05158403754398946,-0.0969056585229795,0.2500000000000002,-0.1901808066787872,0.15683960462052976,0.09253054477510561,0.04346162291867551,-0.03928760868346884,0.04360997366436783,-0.03576118801719719,0.04470311425006243,-0.030237137394277688,0.007438328428313185,0.004875141771159694,0.13444313711055192,0.12935424078071395,-0.03556329385418232,0.03673385368966494,-0.03463678688007994,0.035521727139961407,-0.025974047931542562,0.030264528725026264,0.014868377598813216,-0.014881771900926224,0.1388138489548745,0.11171583896866726,0.03203161476578357,-0.031426947272363386,0.038045938617543955,-0.024673736567783384,0.05963997883662404,-0.02796640015201093,0.10564946299769364,-0.11909444057758979,0.14196115090822867,0.1629350430097078,0.16336602276263637,0.09803994238263151,0.16337578939663897,0.09670960655759923,0.16321029321223254,0.09046724979121287,0.1627068368249657,0.14131501551810566,0.16348471491860625
-0.1901115042837359,-0.1912611643391699,-0.06951870946090885,-0.19163607643002867,-0.06990132251649474,-0.1917755838788992,-0.10656805487770225,-0.18996681317407232,-0.211000218732642,-0.19189689778181923,-0.1581725959878787,0.07132616236012325,-0.07094157845345907,0.060042864388403665,-0.060104008514246965,-0.0219253752517869,0.04489044953964312,-0.1901808066787872,0.25,-0.20079035054517247,-0.10266221665089642,-0.06807525692189137,0.0635887673291189,-0.06793098529339182,0.059829543273672715,-0.07459149913137755,0.057762329279628315,-0.06484367768039467,0.04367023111728954,-0.16449615157944156,-0.15649967839745227,0.05949597484115661,-0.060747954858376245,0.058537088659276905,-0.06007049760883605,0.048305319810518624,-0.059812324392482165,0.009185631801986498,-0.024151525475661458,-0.15770010475577423,-0.12654201113984306,-0.05500094445924395,0.054253219232667425,-0.06251586894181861,0.04646233959609881,-0.08608573887920953,0.04321599743516022,-0.12841877951408365,0.14019631630921553,-0.16481473743445052,-0.19133660318358675,-0.19175394028698112,-0.12453499217488777,-0.19176055646650708,-0.12275516510030107,-0.19154902779720856,-0.11208481607327166,-0.19090946028689998,-0.16573538357918496,-0.19189711792989556
0.23238174064922615,0.23371334152783776,0.08784311557914189,0.23414770198130455,0.08903664049744821,0.23434673588738827,0.12277816330160782,0.23245231493279392,0.21657462713734177,0.23447674586231335,0.19146133915341035,-0.08052247713909932,0.08030028665468325,-0.06903549492794996,0.06986303973642195,0.012686915163258638,-0.016758603350865906,0.15683960462052976,-0.20079035054517247,0.25,0.12758853876039716,0.07673001420567695,-0.07195121764588452,0.07630832342272335,-0.06793077435086775,0.08326574101270025,-0.06617579086627463,0.09638953658201849,-0.06675138520684722,0.2034469619186955,0.18967836125806287,-0.0674666555929563,0.06880306851397874,-0.06648515602756018,0.0683263873242234,-0.054235815262752694,0.07078901551883109,-0.014371651034525276,0.040069131238380504,0.19176447545201725,0.15596614890975563,0.062097080019300255,-0.06126387678309391,0.07183380169552517,-0.05380735396852199,0.10420856002055973,-0.05493591167413015,0.1587840797699269,-0.17233804697141064,0.20174479655299984,0.23378762033041506,0.23430412078418986,0.15034444681534914,0.2343118376530473,0.148660456012069,0.23405600182442377,0.13824473989003527,0.23328206000758797,0.20299538935500286,0.23447690234742852
0.14120749734337157,0.1416246295055549,0.09321234481130107,0.1416005027090117,0.08848691550953193,0.14183544533062903,0.08146035736579478,0.13990007698286544,0.12755784537799486,0.14195745198240262,0.09122081707182882,0.03925798240378593,-0.03941518139453831,0.04459935023700933,-0.031610479364421185,0.061592587864708774,-0.023451500159588332,0.09253054477510561,-0.10266221665089642,0.12758853876039716,0.24999999999999992,-0.043403439285673924,0.04725086292071357,-0.04342163605202263,0.049699123818038454,-0.03490660746460478,0.045859813754628456,-0.005567506535121947,0.017490347852684367,0.11407963670173174,0.09012067936268199,0.049933809363426555,-0.04914528510697283,0.05052278436418534,-0.04918546793903473,0.05318563460146452,-0.040387694677319896,0.05618564687109331,-0.032409904696410884,0.12639248015226745,0.11787594233548562,-0.0513798517735081,0.051465082404139856,-0.043384517306157354,0.03989007125430625,0.007945063463811634,-0.011908909603899428,0.09152380375714902,-0.1098725994915025,0.13121370295012355,0.1412536185961197,0.14188118939095307,0.049365059147854044,0.14190039037580712,0.05375662684644364,0.14182619267097413,0.07248632299787484,0.1415837714700599,0.1267261132866342,0.1419573951648707
0.06271043636455251,0.06402802309457137,-0.07731544468506453,0.06489408104313844,-0.060431480808974154,0.06466883275197141,0.023203143273343354,0.0665903524470664,0.06283581249719676,0.0645683265572042,0.11495579266039194,-0.24502564993385956,0.24517125737323336,-0.23773478707470674,0.20084123502454101,-0.1280300121698166,0.020779889163182595,0.04346162291867551,-0.06807525692189137,0.07673001420567695,-0.043403439285673924,0.25000000000000006,-0.2445726181191921,0.24655111631544316,-0.24046033176912512,0.23156962752375107,-0.22484066751068277,0.17429968768484164,-0.15099512965883866,0.08441500528021476,0.11313631393577457,-0.2403744789437505,0.24165327665001268,-0.23928615945339193,0.23924930432658564,-0.22410163288448282,0.22163031934343227,-0.15558987318422507,0.14149635114702352,0.028861498916070406,-0.01431199259362818,0.23436987659474173,-0.2328841615712894,0.23124295931141853,-0.19121566615628183,0.16220628828499767,-0.06248540006286155,0.05137001368755898,-0.03342196103457016,0.034154072569131604,0.06507640621445988,0.06445244333724377,0.14301984768782106,0.06442123976126393,0.12912190985537453,0.0641610517747291,0.06312060861113544,0.06341477357345132,0.04648685121911599,0.06456870934461863
-0.057983555419513756,-0.05926203668201222,0.07762251438904497,-0.06010861455949264,0.061244888355842346,-0.05988312025575452,-0.01988870510151598,-0.06180331668184215,-0.0581889654573541,-0.05978219081498978,-0.11012798755212597,0.24008381022511685,-0.24023758789675925,0.2333434604303821,-0.19750329938791722,0.1280984098368184,-0.022669605953584356,-0.03928760868346884,0.0635887673291189,-0.07195121764588452,0.04725086292071357,-0.2445726181191921,0.24999999999999992,-0.24499690528918536,0.2443218360251558,-0.2303060375154251,0.22636864508776242,-0.17308108010111467,0.15093058836312753,-0.08032223635528349,-0.11109841620527289,0.24484465831496874,-0.2459357644293295,0.2439403502132112,-0.24359397595967427,0.22827486709167166,-0.22450059698176889,0.1587480902555157,-0.14265715309489116,-0.024457761466224304,0.019032672491917542,-0.2388880402600202,0.23744269604153467,-0.23546549910150114,0.19453501810391635,-0.1633085394320313,0.06234287048379314,-0.04823943690329241,0.029437616422866773,-0.029445784306296727,-0.06032122865568112,-0.05966785419022818,-0.1425918409642294,-0.05963567715756308,-0.12821567492056068,-0.05937552337601645,-0.06079806632224313,-0.058630515556291625,-0.04205020596649951,-0.059782563224682346
0.062280418914095456,0.06359504590334263,-0.07732573669039733,0.06445951334971807,-0.060572879809278016,0.06423422674533781,0.022985245576775108,0.06615511896261433,0.06253121962876869,0.06413371594808828,0.11450427997240166,-0.24453112708870947,0.2446799053896997,-0.23734507539342292,0.20064702716653193,-0.12800917456495675,0.02073527210284777,0.04360997366436783,-0.06793098529339182,0.07630832342272335,-0.04342163605202263,0.24655111631544316,-0.24499690528918536,0.25000000000000006,-0.2413050641630279,0.23191757323117237,-0.22513950105379668,0.17426999674327304,-0.151105863700192,0.08407113574697227,0.11297375358179056,-0.24089778338859297,0.24219074040881078,-0.2397956035819744,0.23973798295445561,-0.22457509962399733,0.22200573615051777,-0.15595659089681163,0.14169990560393234,0.02844736375846826,-0.014766480265857156,0.23488591836622355,-0.2333939710356565,0.2317109030281943,-0.19159641830192417,0.1623660706154462,-0.0624928320655383,0.051085719434831,-0.033058842364358375,0.03371852040140752,0.06464500322818569,0.06401794720771793,0.14303280329550747,0.0639866411295515,0.1290825410745129,0.06372638481332962,0.06292284568889148,0.06298001519161453,0.04608213027365849,0.06413409900548614
-0.05395883984919927,-0.05521169027745403,0.07811957696014846,-0.056045571687684904,0.06279434856575382,-0.05581863610590716,-0.016236605083524768,-0.05774355111346387,-0.05425367887140971,-0.0557169911046193,-0.10617561151332545,0.23641913396031145,-0.23658725438468178,0.23067385116362868,-0.19667843208457605,0.13142006483442328,-0.025913876849808726,-0.03576118801719719,0.059829543273672715,-0.06793077435086775,0.049699123818038454,-0.24046033176912512,0.2443218360251558,-0.2413050641630279,0.2500000000000001,-0.23448519959611713,0.23059446468661302,-0.17709581046211056,0.1549545956411908,-0.07768183358265167,-0.10754514119279965,0.24750229707692423,-0.24706963030644016,0.24801804846852224,-0.2476834857665744,0.23237430153075825,-0.22859967931547953,0.16279383353323346,-0.14666849756741673,-0.020398525539789315,0.022936262188987044,-0.24199286882309368,0.24097612289444292,-0.23929588762922513,0.19805924809169645,-0.1652471451866338,0.06322749167871755,-0.04615038025553195,0.026095607438214423,-0.025440993887709866,-0.05628265590580503,-0.05560430796224796,-0.14199425043607378,-0.05557102958791412,-0.12783973808017396,-0.055310706287652396,-0.05929477748113524,-0.0545664084246325,-0.03829762598039198,-0.05571735721601663
0.06927175758368129,0.07054916616826283,-0.06709408790135026,0.07138180490431363,-0.05708102860429302,0.07118560593043781,0.02163701803548529,0.07311170687723505,0.0692125566727853,0.07109147927631004,0.11467326280262492,-0.23003220789720297,0.23024493591749662,-0.2238546308450934,0.20087249726482048,-0.13957559099269295,0.035722988361279184,0.04470311425006243,-0.07459149913137755,0.08326574101270025,-0.03490660746460478,0.23156962752375107,-0.2303060375154251,0.23191757323117237,-0.23448519959611713,0.24999999999999986,-0.23281873678409437,0.18872653982513043,-0.16094420733279824,0.09193171682335881,0.11463385200769718,-0.23242916261432045,0.2320040869278292,-0.23296263036936657,0.23429470871489888,-0.21994178788049373,0.22237200470740023,-0.1543546324704833,0.14690732134937565,0.03413484697531345,-0.00767779451996379,0.22696254693896872,-0.22600673312171835,0.22581314970979877,-0.1883485108201445,0.16288867302545276,-0.06481468018344022,0.05673762324994781,-0.039046771152274874,0.04058213479439663,0.07156002095398567,0.0709742440163387,0.14327883606728595,0.07094378688276551,0.13139021714646024,0.07068334014981205,0.06731887046006337,0.06993500923607639,0.052615300018870714,0.07109187315762254
-0.05231669310439839,-0.05349346199433904,0.07252234221895958,-0.054282553138879475,0.06095908536849104,-0.054073014064808876,-0.012039220042422824,-0.056001192782827856,-0.05228913713763987,-0.05397454053950799,-0.10041947945350907,0.22198047184715083,-0.2221811068498519,0.21684327599419218,-0.19097727967956257,0.13538553198711759,-0.03591579487359678,-0.030237137394277688,0.057762329279628315,-0.06617579086627463,0.045859813754628456,-0.22484066751068277,0.22636864508776242,-0.22513950105379668,0.23059446468661302,-0.23281873678409437,0.2500000000000003,-0.1948155435656963,0.17004876771253602,-0.0781000650578744,-0.10136205475899256,0.22953388756264473,-0.2290648645937161,0.23010552989249125,-0.23138378609559734,0.22169648149838594,-0.2216207337764513,0.16782271898358905,-0.15731866426326035,-0.01778240987542086,0.01936366568778247,-0.2240882675789137,0.22313924431257393,-0.22237998569238895,0.18673397486935994,-0.15954039335333023,0.07203917667234014,-0.05300523942241421,0.027542811996559155,-0.023822764515219832,-0.05449717875845015,-0.053867277068427206,-0.13299878539953333,-0.05383106280943176,-0.12124478888956618,-0.05356964594315988,-0.06251194198077718,-0.05282653451541623,-0.03784157207858501,-0.053974896560017104
0.08764059653716778,0.08870167463571624,-0.03241221074107952,0.08939609227188053,-0.023681237786081773,0.08929517682117666,0.02297046113564791,0.0911852498005238,0.08157855952102717,0.08922919179571594,0.11183045988455438,-0.17350556190041302,0.17386952647861806,-0.1685180906241776,0.15022011897433504,-0.10104391134380848,0.06698749010657824,0.007438328428313185,-0.06484367768039467,0.09638953658201849,-0.005567506535121947,0.17429968768484164,-0.17308108010111467,0.17426999674327304,-0.17709581046211056,0.18872653982513043,-0.1948155435656963,0.2500000000000003,-0.21762550398335542,0.11480114615689452,0.11228603952401493,-0.17574712290841432,0.1752971454637307,-0.17638109713532485,0.17815238672956982,-0.16993214995820746,0.18401959796513231,-0.16194540022113368,0.18896716104632624,0.04611438869747168,0.020822675361133462,0.1704260847789148,-0.16967076041295015,0.17322262215279605,-0.14789215626668648,0.14521890543764096,-0.08615086196676729,0.08811923347102472,-0.061310283535862646,0.05866803262286824,0.08949525730090396,0.08911698769018676,0.12846413044142693,0.08908388426185142,0.12096694357583591,0.08882095432628624,0.08679276397951953,0.08806801022793274,0.07232387284944952,0.08922953949397745
-0.05790650810514423,-0.05874569315358678,0.03744708319615769,-0.05933406897358602,0.02906184519574709,-0.059222696632565984,-0.0099700617682818,-0.061069908311775147,-0.05481570973812145,-0.05915342937335977,-0.0836835366275053,0.1496323712113706,-0.14996886885395538,0.1460101793354826,-0.1279585386252365,0.08874875993288239,-0.059996154323136076,0.004875141771159694,0.04367023111728954,-0.06675138520684722,0.017490347852684367,-0.15099512965883866,0.15093058836312753,-0.151105863700192,0.1549545956411908,-0.16094420733279824,0.17004876771253602,-0.21762550398335542,0.2500000000000001,-0.0900033245081543,-0.08438710324336318,0.1537885318037323,-0.1532932673778121,0.15448967973814043,-0.1561567315567601,0.15589394426179323,-0.1680021067950779,0.19290924349256783,-0.2206910528447902,-0.01587225806308803,-0.004888807141834543,-0.1484609085544418,0.1477434692203038,-0.15107438023321876,0.13090437737457394,-0.1297838818020686,0.10772585386525704,-0.0909477794508785,0.044133924335063815,-0.028991868323042992,-0.059470926190979226,-0.059062796711503,-0.10304463579223018,-0.05901643210001395,-0.09664401957607635,-0.05874823224880109,-0.0828413784481043,-0.05799787502462767,-0.047524744633976046,-0.05915373822817777
0.21690565651158258,0.21815500226019224,0.07637801694241275,0.21863432883500794,0.08060129006907095,0.21882304802754202,0.12103083288888118,0.21837686422515945,0.1983713911634452,0.2188942961859699,0.18179051327445578,-0.08723142931948849,0.08714588151522286,-0.07705825124261645,0.07050162137866446,0.0036927436047186745,-0.015134966596008315,0.13444313711055192,-0.16449615157944156,0.2034469619186955,0.11407963670173174,0.08441500528021476,-0.08032223635528349,0.08407113574697227,-0.07768183358265167,0.09193171682335881,-0.0781000650578744,0.11480114615689452,-0.0900033245081543,0.25000000000000017,0.18073788689624068,-0.07703224683512125,0.07804942582867515,-0.07636099172733746,0.07822434540614423,-0.065110841570701,0.08211638200388434,-0.03401821961907948,0.06209248487137621,0.17538669736837104,0.14203407053467063,0.07166249058982889,-0.0708791147673226,0.08094404758877703,-0.06264672736361503,0.10835109140378428,-0.0612804962232224,0.15364336228171396,-0.16106670350161675,0.1861374045380569,0.21830487516003635,0.21872849611694303,0.1472141505198678,0.21873066378061692,0.14513275775525486,0.2184712918199824,0.13423639208624616,0.21769267286005067,0.18918434836866557,0.2188944180610816
0.19564715854222198,0.1969581825276696,0.05259342928902121,0.19749117561101784,0.05794042142238867,0.19760386692605794,0.10362109392836184,0.19671577389770056,0.18061355416708558,0.19767310678389996,0.174390164468187,-0.11483131320479577,0.11476116556814443,-0.10460509100443832,0.09574633094452745,-0.017020132720643198,-0.010615270618042226,0.12935424078071395,-0.15649967839745227,0.18967836125806287,0.09012067936268199,0.11313631393577457,-0.11109841620527289,0.11297375358179056,-0.10754514119279965,0.11463385200769718,-0.10136205475899256,0.11228603952401493,-0.08438710324336318,0.18073788689624068,0.25000000000000006,-0.10749419665682526,0.10880822605181109,-0.10649642937796519,0.10776242124775134,-0.09321685733058416,0.10490636978503354,-0.04604486438124278,0.061978382628882396,0.1563638531792807,0.11841796014537184,0.10192864977817322,-0.10094832779081908,0.10877629478085152,-0.08533061935608181,0.11797685499697132,-0.05685230366013634,0.1355072189183168,-0.14201845350299916,0.16518097103561324,0.1972498571218617,0.19751183475526282,0.14987050165775842,0.19751080699327336,0.14525635169830592,0.1972517465515148,0.12210535831882915,0.19647742395645812,0.1689546755174857,0.19767328988136923
-0.053487267794246965,-0.054734693480166824,0.07817251918762992,-0.055566101549449506,0.06267826389829874,-0.055339254325010495,-0.016278039125483958,-0.05726340665755051,-0.053837930834669805,-0.05523758500554013,-0.10570778938996303,0.23597813300847229,-0.23614324554328497,0.23009251901559602,-0.1958280509376947,0.13036623043177442,-0.025344224254023797,-0.03556329385418232,0.05949597484115661,-0.0674666555929563,0.049933809363426555,-0.2403744789437505,0.24484465831496874,-0.24089778338859297,0.24750229707692423,-0.23242916261432045,0.22953388756264473,-0.17574712290841432,0.1537885318037323,-0.07703224683512125,-0.10749419665682526,0.24999999999999994,-0.24856463509080293,0.24827501661566573,-0.24726029969943014,0.23197574974863416,-0.22790711186854912,0.16224323219942036,-0.14578243578385114,-0.02008786187695071,0.023558182788105064,-0.24345084824803861,0.2419128089142998,-0.23949048454768457,0.19768912532083188,-0.1644014163179903,0.062254940422819094,-0.045274398583156024,0.025741033525190946,-0.024985305321741154,-0.05580808525984,-0.055124746124127724,-0.14235490198332346,-0.05509160924793391,-0.12737597275505552,-0.05483155739428796,-0.058669604916862926,-0.054087835223333026,-0.03787578557510841,-0.05523795018437015
