x1,x2,x3,x4,x5,x6,x7,x8,x9,x10,x11,x12,x13,x14,x15,x16,x17,x18,x19,x20,x21,x22,x23,x24,x25,x26,x27,x28,x29,x30,x31,x32,x33,x34,x35,x36,x37,x38,x39,x40,x41,x42,x43,x44,x45,x46,x47,x48,x49,x50,x51,x52,x53,x54,x55,x56,x57,x58,x59,x60
0.25000000000000006,-0.10057511988100712,0.09719237152230333,-0.09063094813705315,0.0905720105345291,-0.08929710539718162,0.08925339581185616,-0.08929239521016234,0.08926835872240678,-0.08926657493791504,-0.246686335882674,0.10317212025282414,-0.050898824701429445,0.042937224505985784,0.0008992367397892068,-0.0019520675788467015,0.015863177243568186,-0.016478839343381072,0.031941012848540146,-0.03244352655524853,0.06257930056651517,-0.06094867481986635,0.059381095162457945,-0.008039206517327065,0.00935782010364875,0.03658887667465787,-0.033817611139420896,0.037320316151653224,-0.0333453316926744,0.033929004060182795,-0.061195712925515865,0.06120851861342532,-0.045445195050467894,0.044008486825699515,0.013273299329661568,-0.0135389346686516,0.0644376684812729,-0.06390456320321704,0.07270775033268029,-0.07208806073369761,0.015757663212421183,-0.0017450578599883047,0.0015450968952440782,0.03817571748165043,-0.03965138148491513,0.07141814619359482,-0.07029623389482453,0.07982817408763646,-0.07402005296541544,0.07381069030841783,-0.0157310881581584,-0.08170412035491706,0.08198917971992484,-0.08868384814807358,0.08870429468724644,-0.08919990214943829,0.08924241936943265,-0.08921829335637088,0.0892680734849268,-0.08926742338387723
-0.10057511988100712,0.2500000000000001,-0.24661284009817055,0.24004875342844278,-0.23997635613841584,0.23865187249728825,-0.2386741943662404,0.23866138512021792,-0.23868750974759406,0.23868687750022294,0.10151160515605806,-0.23448213910264173,0.16339659593860906,-0.16634468501174152,0.07162572122784057,-0.07001796690547148,0.038280621610621554,-0.03680573609896866,0.003624797361343454,-0.0026126457518084586,-0.18093816909362948,0.1651255499246341,-0.1825700043355447,0.09745724243316663,-0.10105254571503573,-0.010142048872170798,0.0026660129061311004,-0.009770433547370751,0.0014465691570406279,-0.0032498015566125816,0.1822676691930145,-0.19061377168344,0.14789392336084634,-0.1444780648501235,0.015519500370206373,-0.014203870121323408,-0.13249451946738913,0.13087141404206248,-0.16786482618904008,0.1659346540758851,-0.05598333222089834,0.025240689849706156,-0.024494039923827607,-0.08758090779229881,0.09174410152613649,-0.17588482750202575,0.1713480913910289,-0.19831764798820747,0.174349327781618,-0.17336787899953324,0.05539418236121371,0.21770950587337493,-0.21850361897330015,0.236783764894497,-0.23684043101831898,0.23846879837810633,-0.23857992423594107,0.23856128491962802,-0.23868960541390843,0.23868918586920154
0.09719237152230333,-0.24661284009817055,0.2500000000000001,-0.2433866999661111,0.24331403817995867,-0.24198746724516101,0.24201196454945942,-0.2419980574422558,0.24202527745596392,-0.24202469593527992,-0.09824257939011358,0.23688194762936565,-0.16577166892780137,0.16925980432894766,-0.07347562263872154,0.0719040840072054,-0.039787952725012135,0.038303149940584716,-0.00473345657854371,0.0037108359751641187,0.18326477355938672,-0.16692269405391033,0.18511044290490047,-0.09969212055071953,0.10334779881752837,0.00925402636119784,-0.00167159652604556,0.00885328528068435,-0.0004277098592556095,0.0022570266462419216,-0.18469290817863426,0.1934817270914445,-0.15003040812659169,0.1465777065596351,-0.01630940818830219,0.014969155182809502,0.13391339501517513,-0.13226544342729682,0.16992285780736568,-0.16796351335316453,0.05693068440050293,-0.025791408824909847,0.025032684858041294,0.08872276102872269,-0.09294283039609516,0.17817926378005697,-0.17356234743242582,0.20092596522955233,-0.17653138234632873,0.17553160881266883,-0.05632722494837264,-0.2207443500718973,0.22154987761960446,-0.24009185184184445,0.24014930379628968,-0.24180312931522185,0.24191578167822583,-0.24189738237433964,0.24202744458214184,-0.24202703353160476
-0.09063094813705315,0.24004875342844278,-0.2433866999661111,0.25000000000000006,-0.24991541425484395,0.24858751148003833,-0.2486133401598177,0.2485983653056815,-0.24862654839070986,0.24862597642262235,0.09193530543928306,-0.2346646987465039,0.1591793559492149,-0.16609363784451842,0.07029205912818483,-0.06894991052420926,0.03666195183694347,-0.035175795965352946,0.0011108852553984722,-8.819254458096275e-5,-0.18240621326097506,0.16476198979840814,-0.18561761330045057,0.09581860226217442,-0.09969448514733831,-0.013183729438176686,0.005279298670151646,-0.012744560597179667,0.00420382470688514,-0.006059821979590915,0.1842193461241892,-0.19531331695777285,0.14974642641855473,-0.14619105735992977,0.011561410984357798,-0.010278092135898559,-0.13956828208988756,0.1378858691862978,-0.17589304744122544,0.1738910583512183,-0.05775722125985226,0.02471680942011349,-0.023952563088318737,-0.09292423186636525,0.09722750365113697,-0.18431974607089743,0.17962994032527183,-0.2071675872588088,0.182530528378878,-0.1815246964163214,0.05717164242853949,0.22683868896354992,-0.22766558431451867,0.24666718569422397,-0.24672562517688418,0.2484003970721051,-0.24851630945165695,0.24849502461292639,-0.24862894894041668,0.2486284594288581
0.0905720105345291,-0.23997635613841584,0.24331403817995867,-0.24991541425484395,0.24999999999999994,-0.24865081944636325,0.24867394028361786,-0.24865895677372377,0.2486871457003272,-0.24868657473481381,-0.091877705222913,0.2346347255069867,-0.15912345050421892,0.16608304971754784,-0.0702842666937336,0.06894145895043172,-0.036651885507813994,0.03516573919419788,-0.0010980267202532062,7.540255703785553e-5,0.18237895864307946,-0.1647320062532657,0.185626450322754,-0.09580171567827807,0.09967970684182123,0.013199854363431216,-0.005292427727263583,0.012760105460048889,-0.0042183513433359885,0.00607453771844788,-0.18419682208575702,0.19532309500453862,-0.1497493019658575,0.1461931540442228,-0.011530356662875212,0.010247384236593559,0.13961244138214587,-0.1379296736259323,0.17594268292125453,-0.1739403162936732,0.05775961151038159,-0.024700934992968368,0.02393674429311518,0.09295971335447727,-0.09726377593946549,0.18437277159365875,-0.17968201731845884,0.20722193700225439,-0.18258106889273665,0.18157510093840612,-0.05717412677484281,-0.2268956878653296,0.22772278710434862,-0.24672747579510948,0.24678592480312442,-0.2484609505063396,0.24857689231224867,-0.24855558994431667,0.24868954876983798,-0.24868905879425982
-0.08929710539718162,0.23865187249728825,-0.24198746724516101,0.24858751148003833,-0.24865081944636325,0.24999999999999997,-0.24993090348816913,0.2499158018827345,-0.24994404053120112,0.2499435327227254,0.09061114439501049,-0.23335511047664426,0.15779279527854975,-0.16475009469988278,0.06895439463444146,-0.06771126910753304,0.035413665802732835,-0.03394382351671347,-0.00020108075606549425,0.0012211498738789826,-0.18146937774158767,0.16345015116731149,-0.18435837198899685,0.09447799320325254,-0.0984307671682533,-0.014514758982033658,0.0065282659607233135,-0.014075243415953358,0.00552054392753232,-0.00738004372774519,0.1832985707862901,-0.19452381289223422,0.14846061479281575,-0.14490505009466964,0.010224958740842182,-0.008963532682759503,-0.14089614480431537,0.13920794595460342,-0.177217493066178,0.17521239708856728,-0.057522916207561545,0.023790546236554213,-0.023035325744304887,-0.09423129610410262,0.09853204278596717,-0.18564264067511235,0.18094491138741256,-0.20848908846751418,0.18385003884064066,-0.18284516913750998,0.05694497541745859,0.22810641941206142,-0.22893726579099713,0.24798473303767504,-0.24804320093391355,0.2497173428352983,-0.2498339253571863,0.2498118324583009,-0.2499465541508062,0.2499460422704158
0.08925339581185616,-0.2386741943662404,0.24201196454945942,-0.2486133401598177,0.24867394028361786,-0.24993090348816913,0.25,-0.2499459518956516,0.24997420436347056,-0.24997369580797557,-0.0905684305769633,0.23337307574534366,-0.15782881734363013,0.16478953300391444,-0.06899834377025363,0.06775541529745216,-0.03545161434720642,0.03398155755828361,0.0001698010094340202,-0.0011900645937873398,0.1814835003460885,-0.16345873938051686,0.18437313248104556,-0.09450911163836523,0.09846288000958858,0.01448668416662934,-0.006499018829915656,0.01404685965221484,-0.005490755184951182,0.0073505028255945026,-0.1833139229846701,0.1945425656204452,-0.14847316376300201,0.14491754213453767,-0.010238465875285405,0.008976855520282481,0.1408994404170206,-0.13921097118456444,0.17722973760642596,-0.17522435476812295,0.057530284448745965,-0.02379248522467997,0.023037209262098558,0.09424264437474697,-0.09854379624852279,0.18566077641462325,-0.18096190754643302,0.2085090376904098,-0.18386416023018168,0.18285902486551459,-0.05695212348130943,-0.22813433880755637,0.22896529628123152,-0.24801458482086133,0.24807305836876875,-0.2497474650814186,0.2498640609385813,-0.24984198103617147,0.2499767174711731,-0.24997620598061127
-0.08929239521016234,0.23866138512021792,-0.2419980574422558,0.2485983653056815,-0.24865895677372377,0.2499158018827345,-0.2499459518956516,0.2500000000000001,-0.24995909052722987,0.24995858248183564,0.09060659914643612,-0.23336195740938948,0.15779781632231446,-0.16475598963066934,0.06895695514387525,-0.06771419604303938,0.03541495943341093,-0.03394512244637899,-0.00020173898110933952,0.0012218571113439356,-0.18147575222963666,0.1634540096386552,-0.18436376659342119,0.09448074649188531,-0.09843392805416247,-0.014516258960142308,0.006529176901430702,-0.014076691643705175,0.005521532854936306,-0.007381133383945662,0.18330515401969907,-0.19453149567619465,0.14846436975968885,-0.14490865807252898,0.010223124467779052,-0.008961688987852058,-0.14090495314902385,0.1392166548442379,-0.17722838034753235,0.1752231746551282,-0.05752553037738591,0.023789912399414595,-0.0230346726208544,-0.09423883931368639,0.09853978020872431,-0.18565432540367902,0.1809563077705326,-0.20850176563796424,0.18386131145795642,-0.1828563848122245,0.056947567114388364,0.22812028395667405,-0.2289511802547782,0.24799968314003015,-0.24805815380516344,0.24973237936921416,-0.24984896898551176,0.24982687432899178,-0.24996160422446956,0.24996109230164848
0.08926835872240678,-0.23868750974759406,0.24202527745596392,-0.24862654839070986,0.2486871457003272,-0.24994404053120112,0.24997420436347056,-0.24995909052722987,0.2500000000000001,-0.24998683433741312,-0.09058326152421675,0.2333880886185427,-0.1578256069954189,0.16478645908741085,-0.06898505513258783,0.06774216326001593,-0.035438385749654355,0.033968347485134595,0.00018295787805333585,-0.0012032133357779782,0.18149731543045716,-0.1634724220443094,0.18438696624256362,-0.09450404476305267,0.09845778641867449,0.014499821963730265,-0.00651179132619251,0.014060000180809796,-0.0055037550080557366,0.007363598591634696,-0.18332747088757287,0.19455619709443336,-0.1484839089759718,0.14492788908057802,-0.01023227993479073,0.00897064533313462,0.14091258404391496,-0.1392240540840439,0.17724287955793622,-0.17523739518589568,0.057534065948586566,-0.02379532086487795,0.023039967529496632,0.09424734276719708,-0.09854879913816134,0.1856726232066094,-0.18097373312296353,0.2085221782394003,-0.18387718600869174,0.18287205806607654,-0.05695594075238271,-0.22814604685111922,0.2289770445141147,-0.24802764961177404,0.24808612688794532,-0.24976059739083237,0.24987719970615152,-0.24985511204203492,0.24998985623646547,-0.2499893445296981
-0.08926657493791504,0.23868687750022294,-0.24202469593527992,0.24862597642262235,-0.24868657473481381,0.2499435327227254,-0.24997369580797557,0.24995858248183564,-0.24998683433741312,0.25,0.09058145488829236,-0.23338513053241716,0.15782026048909725,-0.16478137667905024,0.06897964706053192,-0.0677368141134645,0.03543365720346958,-0.033963658226672494,-0.00018702626818709045,0.0012072536380361692,-0.18149513293523817,0.1634703569454044,-0.1843849708615427,0.09449984679194906,-0.09845359558934945,-0.014503641426527753,0.006515591458550647,-0.014063824229277632,0.00550769909139439,-0.007367529166246344,0.18332527688415176,-0.19455422253455304,0.1484819437662585,-0.144925909643755,0.010229394722668142,-0.008967801472696206,-0.1409141236454213,0.1392256063199854,-0.17724373719416253,0.17523826735079465,-0.05753333314376631,0.02379421664843153,-0.023038874687354733,-0.09424798592979661,0.09854942173271085,-0.18567304862813447,0.1809742334517012,-0.20852244872165568,0.18387789178499286,-0.18287278522422534,0.056955235071315585,0.22814562405126257,-0.2289766188536964,0.24802716297864982,-0.248085639963769,0.24976009171570607,-0.24987669392349146,0.24985460418354596,-0.24998934833963482,0.24998883657324483
-0.246686335882674,0.10151160515605806,-0.09824257939011358,0.09193530543928306,-0.091877705222913,0.09061114439501049,-0.0905684305769633,0.09060659914643612,-0.09058326152421675,0.09058145488829236,0.25,-0.10624755672352253,0.053258818809091585,-0.04506389727437897,0.0005172034920934224,0.0006445066304628308,-0.014742889103158477,0.015392142075840654,-0.030914847830229374,0.03141939812468316,-0.06505100747823302,0.06356826981961511,-0.06203838458994363,0.009862977096410968,-0.011160750718216157,-0.0356411392059804,0.03285264393544851,-0.03635901474712339,0.03233931810791996,-0.03293902470963054,0.06366726755891208,-0.06354850458701053,0.047773796263696836,-0.04630249052274857,-0.012233503826277685,0.012525101052404473,-0.06467997631414601,0.06413538113910783,-0.07330729868498309,0.07267063439210815,-0.016451566262951692,0.0026416266466655065,-0.0024278686085766723,-0.03805771098226056,0.03957582920561339,-0.07213728860895818,0.07097463254447735,-0.08073529790516462,0.0746884853016451,-0.07446851183271386,0.01641389683650895,0.08285907758733098,-0.08314892294334587,0.0899803232742048,-0.09000128022733976,0.09051309897434416,-0.09055618650297723,0.09053252846696506,-0.09058294832153004,0.09058231223640723
0.10317212025282414,-0.23448213910264173,0.23688194762936565,-0.2346646987465039,0.2346347255069867,-0.23335511047664426,0.23337307574534366,-0.23336195740938948,0.2333880886185427,-0.23338513053241716,-0.10624755672352253,0.25000000000000006,-0.1732504236908725,0.16494963520105532,-0.06915513632134723,0.06692309215325473,-0.03628567017244441,0.03484616994436763,-0.004601824195002921,0.0036752176553618166,0.19023188518291725,-0.17859073522597532,0.18922249628801377,-0.10054319031513831,0.10374306456283286,0.00821214197336281,-0.0010833165193271683,0.007915664081113093,0.0002096804470153257,0.0016055574866265618,-0.1902436929312887,0.19385058618112663,-0.1540091151671594,0.15053326170770429,-0.01957565275122378,0.018185308915928924,0.12811764203245163,-0.1265225656124539,0.16317976640055318,-0.16126217281766442,0.05640327534073869,-0.028591289805218655,0.02780959329271101,0.0821621952915861,-0.08635367531814639,0.1708980259593348,-0.16643192145380772,0.19336740580842088,-0.16960434269381341,0.1686292872468928,-0.05580063555195723,-0.212639117171106,0.21341661155897546,-0.2314861241508704,0.2315428229300774,-0.23317054641355023,0.2332790320449893,-0.23326253200901056,0.2333877588180138,-0.23338739749793722
-0.050898824701429445,0.16339659593860906,-0.16577166892780137,0.1591793559492149,-0.15912345050421892,0.15779279527854975,-0.15782881734363013,0.15779781632231446,-0.1578256069954189,0.15782026048909725,0.053258818809091585,-0.1732504236908725,0.2500000000000001,-0.2369907985252019,0.14144723356724867,-0.13847821229017537,0.10812895683025,-0.1064386007637173,0.07671083459374077,-0.07569133561645533,-0.1374170195835628,0.12838396883342287,-0.13830835726270377,0.17226123768259335,-0.17450538199260943,0.06407217939623211,-0.06793295837937953,0.06433741799226962,-0.07151662619527052,0.07021425494003838,0.13847488266223926,-0.14041374343425747,0.12202120833133742,-0.12102350581453189,0.09230403809140883,-0.09014074648328955,-0.05405798073984547,0.0528133790883585,-0.08861827891350202,0.08735620516487284,-0.03732642729334752,0.022285497732732435,-0.021908659709963967,-0.04539446960842075,0.04790672378741143,-0.09612614509427425,0.09217593972697997,-0.11837351591531656,0.09564488923364393,-0.09464292116643476,0.03638788969110028,0.14456088722356494,-0.14509098487714844,0.1562642733269388,-0.15630451226998865,0.15764238553293708,-0.15771303504264556,0.15774049067621612,-0.15782022059081013,0.15782106386204195
0.042937224505985784,-0.16634468501174152,0.16925980432894766,-0.16609363784451842,0.16608304971754784,-0.16475009469988278,0.16478953300391444,-0.16475598963066934,0.16478645908741085,-0.16478137667905024,-0.04506389727437897,0.16494963520105532,-0.2369907985252019,0.25000000000000006,-0.154031576324908,0.15099830398259947,-0.11906260476181146,0.11721335039513738,-0.08468530591002521,0.08357279833028262,0.13254073380649584,-0.12129787245087947,0.14166423215685991,-0.1796928107514983,0.1821822639598878,-0.07070943589392452,0.07484595265241903,-0.07114818728167675,0.07858082253359695,-0.07726392182862248,-0.135176210621596,0.1443977885042874,-0.125336635660291,0.12433284145609999,-0.09537771729461972,0.09315176222124032,0.05570368575166506,-0.05440091308299449,0.09203457359872265,-0.09071691428951317,0.038811456601636055,-0.022404493788484935,0.02202075128804319,0.047940002677688054,-0.05055238612116052,0.100527094115119,-0.09635377125930723,0.12331405680127606,-0.09943233756278257,0.09837845867490738,-0.03782904652149341,-0.15103598507387056,0.15159150777139174,-0.16315769376014394,0.16319936670419632,-0.1645950605467402,0.16466882991256124,-0.16469828090479524,0.1647815041178772,-0.16478240809240505
0.0008992367397892068,0.07162572122784057,-0.07347562263872154,0.07029205912818483,-0.0702842666937336,0.06895439463444146,-0.06899834377025363,0.06895695514387525,-0.06898505513258783,0.06897964706053192,0.0005172034920934224,-0.06915513632134723,0.14144723356724867,-0.154031576324908,0.2500000000000002,-0.2461128538520515,0.2143108060107341,-0.212327164201127,0.17985917326015816,-0.17866531626014842,-0.05012631334144445,0.04386508370200391,-0.06191262723298966,0.13271359560414167,-0.13528590837704227,0.1657333887228875,-0.16849428477729342,0.1663848827055353,-0.17304507557988955,0.17231444131541812,0.05372960703373141,-0.061418823646758394,0.054915093885599155,-0.05487495702760885,0.0683639951756844,-0.06776618823504922,0.0398370289621737,-0.04068880465008221,0.003593902713299189,-0.004593212182362083,-0.027925143790011347,0.021202006737260002,-0.020859732598813255,-0.009523877494007514,0.010899703926306785,-0.02748380922531269,0.022866619314255564,-0.027610194248342802,0.004221378960674584,-0.0031130782993171943,0.026914404815153364,0.06385084434045149,-0.06415399481413794,0.06786530730595532,-0.06787961853780144,0.06883695808142716,-0.06886482218526557,0.06894850307540898,-0.0689771403560671,0.06897959453246147
-0.0019520675788467015,-0.07001796690547148,0.0719040840072054,-0.06894991052420926,0.06894145895043172,-0.06771126910753304,0.06775541529745216,-0.06771419604303938,0.06774216326001593,-0.0677368141134645,0.0006445066304628308,0.06692309215325473,-0.13847821229017537,0.15099830398259947,-0.2461128538520515,0.2500000000000001,-0.21768197063556877,0.21561482052876813,-0.1819011176633047,0.18066005987291636,0.04815583477921481,-0.0419846036220387,0.060020115999980576,-0.13120657486819065,0.13382190952836556,-0.16767269328931003,0.17042756493395342,-0.16819557159102166,0.1749440112588703,-0.17422256770996855,-0.05178705407236569,0.059497478454724875,-0.05316051590186555,0.053132063406674375,-0.06715943517212798,0.06660776052018978,-0.04134324452804837,0.04219029006859455,-0.005012405641928518,0.00601007027224074,0.027659106036054554,-0.02083082859064466,0.020491523214352214,0.009260627178908472,-0.010618460591529785,0.02665449533774633,-0.0220110891385146,0.026267213757439522,-0.0028278921551745406,0.0017160995802215084,-0.026649617680355474,-0.06275605259627857,0.06305662811167732,-0.06662977066043677,0.06664357768368655,-0.06759440561533786,0.06762168180858392,-0.06770634029836567,0.06773426981700145,-0.06773675255529552
0.015863177243568186,0.038280621610621554,-0.039787952725012135,0.03666195183694347,-0.036651885507813994,0.035413665802732835,-0.03545161434720642,0.03541495943341093,-0.035438385749654355,0.03543365720346958,-0.014742889103158477,-0.03628567017244441,0.10812895683025,-0.11906260476181146,0.2143108060107341,-0.21768197063556877,0.2500000000000001,-0.24723327185085534,0.21355390171261712,-0.21225298160540304,-0.03338784118078921,0.029531893125108254,-0.046856404190348075,0.125569988948759,-0.12758084428245525,0.19416566492515142,-0.19709155676373677,0.19988755915242357,-0.20639343751129585,0.20583980132547783,0.03713925857263555,-0.043776933304245064,0.04257492428797734,-0.04273596711014782,0.06631679923358375,-0.06608239226479588,0.0733634123951261,-0.07405936397405909,0.037127067076192496,-0.03803283959768274,-0.026351249526399282,0.02619157618542465,-0.025801074278038443,0.00799486145661207,-0.006934494580359465,-0.0005230586931954922,-0.004189169595982058,0.005928740578843413,-0.029180908477581327,0.030309432892186013,0.025294179340199136,0.03292076057439803,-0.03313283038458679,0.034461473494848016,-0.03446798374931234,0.035306475546172715,-0.035318088695395294,0.0354210408655866,-0.03543036159585667,0.03543336379553162
-0.016478839343381072,-0.03680573609896866,0.038303149940584716,-0.035175795965352946,0.03516573919419788,-0.03394382351671347,0.03398155755828361,-0.03394512244637899,0.033968347485134595,-0.033963658226672494,0.015392142075840654,0.03484616994436763,-0.1064386007637173,0.11721335039513738,-0.212327164201127,0.21561482052876813,-0.24723327185085534,0.2500000000000002,-0.21582966759972172,0.2144839638605746,0.03325485345821981,-0.029530758580067307,0.046846113086434424,-0.12579103831081964,0.12776722337446694,-0.1961188481922205,0.1990266746463723,-0.2019698512825889,0.20854225571057358,-0.20799440755802917,-0.03700974412533256,0.04358401520656177,-0.042631515167565096,0.04279462229438316,-0.06657880861248669,0.06635480994286762,-0.07511718174317755,0.07580775572017176,-0.03878633538273311,0.03969172676620811,0.02651311652952968,-0.026796489369014707,0.026398601857826765,-0.009018437702381197,0.007962844003977005,-0.0007656316183022741,0.005493020154287018,-0.007506641142001545,0.030814968791626877,-0.03194742024107773,-0.025450016868843822,-0.03154086322338938,0.031749257409218856,-0.03299392219116313,0.03300016442968657,-0.033836874539371585,0.03384775553233404,-0.033951879821570524,0.0339603202085146,-0.033963355883360094
0.031941012848540146,0.003624797361343454,-0.00473345657854371,0.0011108852553984722,-0.0010980267202532062,-0.00020108075606549425,0.0001698010094340202,-0.00020173898110933952,0.00018295787805333585,-0.00018702626818709045,-0.030914847830229374,-0.004601824195002921,0.07671083459374077,-0.08468530591002521,0.17985917326015816,-0.1819011176633047,0.21355390171261712,-0.21582966759972172,0.25000000000000017,-0.24836000068136654,-0.0353056929670739,0.034283027315189625,-0.05076586690236688,0.13164073134520335,-0.13256273934993018,0.22922637789277658,-0.23090423052246045,0.23544473880309424,-0.24184378961615757,0.2414333840795066,0.03885161913026869,-0.043524619023425436,0.0480313045177411,-0.048265681534517775,0.0760686544308961,-0.0759004574092228,0.1089584025312487,-0.10949164122006515,0.07273089523054914,-0.07356897510074341,-0.03035882784224124,0.042106723334012025,-0.04153984684368571,0.0332291560021123,-0.03230755197198751,0.030311058820255695,-0.035021323215972816,0.04154009509917903,-0.0646811738872999,0.06583220060077746,0.029195840648910648,-0.0008162963701492314,0.0007028973944499936,-0.0010668383225739323,0.0010656801019866523,-0.0002974547841723348,0.00030338829387834096,-0.00017964680884963445,0.00019116012494850841,-0.00018757165992984548
-0.03244352655524853,-0.0026126457518084586,0.0037108359751641187,-8.819254458096275e-5,7.540255703785553e-5,0.0012211498738789826,-0.0011900645937873398,0.0012218571113439356,-0.0012032133357779782,0.0012072536380361692,0.03141939812468316,0.0036752176553618166,-0.07569133561645533,0.08357279833028262,-0.17866531626014842,0.18066005987291636,-0.21225298160540304,0.2144839638605746,-0.24836000068136654,0.25000000000000006,0.03579580915068425,-0.034833851124558,0.051406514220254274,-0.13235260399122334,0.13322527680690113,-0.23029542213895596,0.2319365403752886,-0.23661064169841384,0.2431762211993628,-0.24277043675916357,-0.039345904177522394,0.043963932702431256,-0.048699513160513255,0.04893390049470069,-0.0767912311010034,0.07661451880701774,-0.11004020658150211,0.11056916935692643,-0.07379219279024253,0.07462892180331658,0.03056554644939969,-0.04278591902213658,0.04221176429883286,-0.03413560891332968,0.0332137174368075,-0.03128504212003463,0.03599452406148404,-0.0425837418334868,0.06573515207438695,-0.06688749541305058,-0.029397094743105194,0.0017975035798292122,-0.0016870154356448056,0.002086389990167341,-0.0020853093989649904,0.0013172570105062433,-0.0013237051435485822,0.0011992864802678317,-0.0012114136561385625,0.0012078062109928446
0.06257930056651517,-0.18093816909362948,0.18326477355938672,-0.18240621326097506,0.18237895864307946,-0.18146937774158767,0.1814835003460885,-0.18147575222963666,0.18149731543045716,-0.18149513293523817,-0.06505100747823302,0.19023188518291725,-0.1374170195835628,0.13254073380649584,-0.05012631334144445,0.04815583477921481,-0.03338784118078921,0.03325485345821981,-0.0353056929670739,0.03579580915068425,0.25000000000000017,-0.23069426911720367,0.23083664967240242,-0.1422359442579678,0.14250291424159683,-0.03380367300602661,0.03768770084235608,-0.033914247947808215,0.03593873922200585,-0.034135699098682554,-0.24184140685743888,0.23455701011961375,-0.19695198546587567,0.19349879575479537,-0.06478686860099649,0.06266414084504181,0.07991116047669948,-0.07856405114057693,0.1137456675423144,-0.11191646885721619,0.07435392544068332,-0.07410884832463792,0.07283612012605979,0.0340302086202684,-0.03823535982776189,0.12072249137378419,-0.11670711261460327,0.14287695798949607,-0.12000772596626719,0.119035874218742,-0.07347201176933629,-0.16135885606730233,0.16197797057721489,-0.17964893118509043,0.17970365169414756,-0.18130947011464543,0.18139182588796127,-0.18140243196129147,0.18149675009092991,-0.1814971347166347
-0.06094867481986635,0.1651255499246341,-0.16692269405391033,0.16476198979840814,-0.1647320062532657,0.16345015116731149,-0.16345873938051686,0.1634540096386552,-0.1634724220443094,0.1634703569454044,0.06356826981961511,-0.17859073522597532,0.12838396883342287,-0.12129787245087947,0.04386508370200391,-0.0419846036220387,0.029531893125108254,-0.029530758580067307,0.034283027315189625,-0.034833851124558,-0.23069426911720367,0.24999999999999986,-0.22896023937260587,0.1412313474308227,-0.1408914260306013,0.03633481437736137,-0.03956527309673577,0.03631463348740267,-0.036409985444502295,0.03462201072740553,0.22339454880797815,-0.2168120738511792,0.19646305821340304,-0.19312627713122346,0.0691287635530038,-0.06697005969663658,-0.0688835103447557,0.0676527040110965,-0.10038563687803648,0.09871711058335136,-0.06428873885242452,0.0669275194150458,-0.0657912326793534,-0.023841663050184765,0.027843350377801432,-0.10625997788296657,0.10258407812441206,-0.12751100361631332,0.10624345297311491,-0.10533623210266818,0.06346111553472017,0.14578110682483128,-0.14634139002841154,0.16173099924605996,-0.1617827630542316,0.16330026178216997,-0.16337409094549113,0.16338735946341548,-0.1634717885601178,0.16347224053136278
0.059381095162457945,-0.1825700043355447,0.18511044290490047,-0.18561761330045057,0.185626450322754,-0.18435837198899685,0.18437313248104556,-0.18436376659342119,0.18438696624256362,-0.1843849708615427,-0.06203838458994363,0.18922249628801377,-0.13830835726270377,0.14166423215685991,-0.06191262723298966,0.060020115999980576,-0.046856404190348075,0.046846113086434424,-0.05076586690236688,0.051406514220254274,0.23083664967240242,-0.22896023937260587,0.25,-0.16010708416302658,0.16018367230016195,-0.05105937579868819,0.05499041861332747,-0.05144262633130599,0.0519181084599521,-0.04998190023196485,-0.23074143298748248,0.23682773847983712,-0.2140237924465951,0.21042201520870624,-0.07580492928037204,0.07345701211329725,0.07533060732200561,-0.0739324989961472,0.11165378502293252,-0.10977944621022363,0.07187117165949813,-0.07252945534459758,0.07128466892803045,0.028680137325825916,-0.033142168620418015,0.12007828934886437,-0.11579114993431984,0.14292708834226622,-0.1184681284560914,0.11742014459985345,-0.07093277328536211,-0.1647352943591564,0.1653734390644826,-0.1824258470104917,0.18248315853882885,-0.18419059015737682,0.18427384912009173,-0.1842913762466044,0.18438648803358787,-0.18438707265687349
-0.008039206517327065,0.09745724243316663,-0.09969212055071953,0.09581860226217442,-0.09580171567827807,0.09447799320325254,-0.09450911163836523,0.09448074649188531,-0.09450404476305267,0.09449984679194906,0.009862977096410968,-0.10054319031513831,0.17226123768259335,-0.1796928107514983,0.13271359560414167,-0.13120657486819065,0.125569988948759,-0.12579103831081964,0.13164073134520335,-0.13235260399122334,-0.1422359442579678,0.1412313474308227,-0.16010708416302658,0.25000000000000017,-0.24486261829843253,0.13633924453672813,-0.1352916612554528,0.13526471336638923,-0.13298548846575495,0.1316078603112487,0.14383067096851396,-0.14926456340961455,0.15228795754259114,-0.15213487498984415,0.16212551233491915,-0.15896686380788871,0.01243284845072522,-0.013411208000248878,-0.023181800976772766,0.022188094753664785,-0.04041013726802792,0.05029337734964366,-0.049753888049458635,0.005916361679299813,-0.0038979124431971412,-0.031234733667982732,0.027572693975528438,-0.053846255823272085,0.030785662054649773,-0.029710809203566994,0.03909778251189756,0.08495918144978759,-0.08529567130975015,0.09302974497434653,-0.09306392109796827,0.09434939826500797,-0.09438777908170223,0.09445722739423466,-0.09449824301802114,0.09450024849480634
0.00935782010364875,-0.10105254571503573,0.10334779881752837,-0.09969448514733831,0.09967970684182123,-0.0984307671682533,0.09846288000958858,-0.09843392805416247,0.09845778641867449,-0.09845359558934945,-0.011160750718216157,0.10374306456283286,-0.17450538199260943,0.1821822639598878,-0.13528590837704227,0.13382190952836556,-0.12758084428245525,0.12776722337446694,-0.13256273934993018,0.13322527680690113,0.14250291424159683,-0.1408914260306013,0.16018367230016195,-0.24486261829843253,0.25,-0.1369981328182338,0.13612998722910555,-0.1359065445430945,0.13380220350020056,-0.1323945449138893,-0.14424503017181056,0.1500066755469424,-0.152268817893563,0.15210221668476237,-0.16176994982429801,0.15861743217264326,-0.010625618931647256,0.011631959966764662,0.025705399787336748,-0.024684367210835327,0.04086952152052674,-0.04959169440200209,0.049054633996912386,-0.0037268809097848778,0.0016679187894597795,0.03420546011199798,-0.030445106472024957,0.05698489600712671,-0.033454534958998576,0.0323594585111067,-0.03954935804902067,-0.08865997658526725,0.08901037568344194,-0.0969563230006606,0.09699108227845159,-0.09829910757728107,0.09833933343281581,-0.09840889160927499,0.09845201563067084,-0.09845402598967606
0.03658887667465787,-0.010142048872170798,0.00925402636119784,-0.013183729438176686,0.013199854363431216,-0.014514758982033658,0.01448668416662934,-0.014516258960142308,0.014499821963730265,-0.014503641426527753,-0.0356411392059804,0.00821214197336281,0.06407217939623211,-0.07070943589392452,0.1657333887228875,-0.16767269328931003,0.19416566492515142,-0.1961188481922205,0.22922637789277658,-0.23029542213895596,-0.03380367300602661,0.03633481437736137,-0.05105937579868819,0.13633924453672813,-0.1369981328182338,0.24999999999999997,-0.24035416852466993,0.24090073094477965,-0.23356547967652244,0.23251217355277728,0.036276543831198486,-0.04038313633654044,0.05059905850881633,-0.05093337820803077,0.08873613532734963,-0.08838677444945547,0.1198073910638361,-0.12025942254968203,0.08473550924295979,-0.08550049380062595,-0.028501093684867407,0.0446420615306025,-0.0440771172488689,0.04194708314621243,-0.04125311139683496,0.04380212643688391,-0.04826757025759758,0.0545389304578647,-0.0768815470300828,0.07800458900462293,0.027323276801815607,-0.014044449531571579,0.013980198346016255,-0.015316233799843926,0.015317129433485656,-0.014603680554225009,0.014616663030096209,-0.014488184699875027,0.014508011925190821,-0.014504298136796734
-0.033817611139420896,0.0026660129061311004,-0.00167159652604556,0.005279298670151646,-0.005292427727263583,0.0065282659607233135,-0.006499018829915656,0.006529176901430702,-0.00651179132619251,0.006515591458550647,0.03285264393544851,-0.0010833165193271683,-0.06793295837937953,0.07484595265241903,-0.16849428477729342,0.17042756493395342,-0.19709155676373677,0.1990266746463723,-0.23090423052246045,0.2319365403752886,0.03768770084235608,-0.03956527309673577,0.05499041861332747,-0.1352916612554528,0.13612998722910555,-0.24035416852466993,0.24999999999999994,-0.24229094462909037,0.23513630246486716,-0.23401626876978587,-0.04027190687408808,0.04482608101879429,-0.0532908299898456,0.05349576075367643,-0.08558600207938925,0.08527680687280692,-0.11559717485157783,0.11610432761140534,-0.07926636782201389,0.08010487984180463,0.029971775291593318,-0.04448514997843837,0.04390341823112365,-0.03828187305996685,0.037442980267830515,-0.03727016045965803,0.04192927278787439,-0.04798665525636783,0.07118741835654423,-0.0723455656247495,-0.028781924505404254,0.006690641751354472,-0.006598505933908774,0.007386363393793831,-0.00738577637575528,0.006623225455864402,-0.006632424816905757,0.006504422511056766,-0.006519874242882282,0.00651616837290339
0.037320316151653224,-0.009770433547370751,0.00885328528068435,-0.012744560597179667,0.012760105460048889,-0.014075243415953358,0.01404685965221484,-0.014076691643705175,0.014060000180809796,-0.014063824229277632,-0.03635901474712339,0.007915664081113093,0.06433741799226962,-0.07114818728167675,0.1663848827055353,-0.16819557159102166,0.19988755915242357,-0.2019698512825889,0.23544473880309424,-0.23661064169841384,-0.033914247947808215,0.03631463348740267,-0.05144262633130599,0.13526471336638923,-0.1359065445430945,0.24090073094477965,-0.24229094462909037,0.25,-0.24137472991209577,0.24023414089969009,0.0364572833722503,-0.04077613207246961,0.05069543134710759,-0.05099275849398659,0.08800292746293682,-0.08770980273248431,0.12260858776458185,-0.12307832544054916,0.0864568645051196,-0.08725813904154997,-0.028629544045345554,0.044727636584181336,-0.04415752096815876,0.04189815882553954,-0.04117857418652329,0.043788793655001906,-0.048418841581004644,0.05533105062151351,-0.07837776424223186,0.07953466292663326,0.02742370016235759,-0.013576708580525385,0.013508533237895142,-0.014897224147271081,0.014898378264388872,-0.014167401807516808,0.014180281931233227,-0.014048457291422166,0.014068288588272007,-0.014064475915058714
-0.0333453316926744,0.0014465691570406279,-0.0004277098592556095,0.00420382470688514,-0.0042183513433359885,0.00552054392753232,-0.005490755184951182,0.005521532854936306,-0.0055037550080557366,0.00550769909139439,0.03233931810791996,0.0002096804470153257,-0.07151662619527052,0.07858082253359695,-0.17304507557988955,0.1749440112588703,-0.20639343751129585,0.20854225571057358,-0.24184378961615757,0.2431762211993628,0.03593873922200585,-0.036409985444502295,0.0519181084599521,-0.13298548846575495,0.13380220350020056,-0.23356547967652244,0.23513630246486716,-0.24137472991209577,0.25,-0.24730821331602237,-0.03886806446340197,0.04330446732647697,-0.050073777677260456,0.05036161638822398,-0.08074993954289682,0.08052182836555984,-0.11458924351889543,0.11510008106134179,-0.07825845260193588,0.07907369198557637,0.030063156930111648,-0.04377117240872363,0.043198007427888443,-0.03735880433284766,0.03647551692725879,-0.03555785360552892,0.040255741784705965,-0.04697874066208468,0.07015719945411643,-0.07131469169711391,-0.028872892568840167,0.005751382040044686,-0.005654291665266145,0.006378834518055956,-0.006378298140163429,0.005615894646812984,-0.0056245167511116126,0.005497231849248111,-0.005511968677403033,0.0055082815159415615
0.033929004060182795,-0.0032498015566125816,0.0022570266462419216,-0.006059821979590915,0.00607453771844788,-0.00738004372774519,0.0073505028255945026,-0.007381133383945662,0.007363598591634696,-0.007367529166246344,-0.03293902470963054,0.0016055574866265618,0.07021425494003838,-0.07726392182862248,0.17231444131541812,-0.17422256770996855,0.20583980132547783,-0.20799440755802917,0.2414333840795066,-0.24277043675916357,-0.034135699098682554,0.03462201072740553,-0.04998190023196485,0.1316078603112487,-0.1323945449138893,0.23251217355277728,-0.23401626876978587,0.24023414089969009,-0.24730821331602237,0.24999999999999997,0.03709302847460798,-0.04147788732571638,0.04846066841798938,-0.04875182005430139,0.07961942166758591,-0.07939503461618784,0.1145809661289531,-0.11506621275242612,0.07887251250015095,-0.07967365951506619,-0.02958347772463793,0.0434058821107376,-0.042837622065908645,0.03775266039252437,-0.03690018818969686,0.03657416852443543,-0.041194069154860125,0.048128390700521266,-0.07090892776663306,0.07204775857234738,0.028411920427382054,-0.007432732204243815,0.007342257762086869,-0.008215597732603244,0.008215517033540934,-0.007472975827765276,0.00748240584465717,-0.007356168879285449,0.007371786415094079,-0.007368130257501465
-0.061195712925515865,0.1822676691930145,-0.18469290817863426,0.1842193461241892,-0.18419682208575702,0.1832985707862901,-0.1833139229846701,0.18330515401969907,-0.18332747088757287,0.18332527688415176,0.06366726755891208,-0.1902436929312887,0.13847488266223926,-0.135176210621596,0.05372960703373141,-0.05178705407236569,0.03713925857263555,-0.03700974412533256,0.03885161913026869,-0.039345904177522394,-0.24184140685743888,0.22339454880797815,-0.23074143298748248,0.14383067096851396,-0.14424503017181056,0.036276543831198486,-0.04027190687408808,0.0364572833722503,-0.03886806446340197,0.03709302847460798,0.2500000000000001,-0.23792628586149234,0.1974889222145961,-0.19399481213031777,0.06503944773895633,-0.0629156379768464,-0.0800475038245558,0.07868541230405345,-0.11444664652540579,0.11258403425729759,-0.07507002181951972,0.0750050417247406,-0.07371458535295115,-0.03501981277201703,0.03924343101031126,-0.12193472365890888,0.11784182297105102,-0.14406350778677127,0.12081260028537896,-0.1198238960983884,0.07417134204955858,0.16295442007077093,-0.16357800795354469,0.18146247059832613,-0.18151740118417112,0.18313702712772564,-0.18322020147359883,0.1832316528597861,-0.18332687410892992,0.1833272845013765
0.06120851861342532,-0.19061377168344,0.1934817270914445,-0.19531331695777285,0.19532309500453862,-0.19452381289223422,0.1945425656204452,-0.19453149567619465,0.19455619709443336,-0.19455422253455304,-0.06354850458701053,0.19385058618112663,-0.14041374343425747,0.1443977885042874,-0.061418823646758394,0.059497478454724875,-0.043776933304245064,0.04358401520656177,-0.043524619023425436,0.043963932702431256,0.23455701011961375,-0.2168120738511792,0.23682773847983712,-0.14926456340961455,0.1500066755469424,-0.04038313633654044,0.04482608101879429,-0.04077613207246961,0.04330446732647697,-0.04147788732571638,-0.23792628586149234,0.24999999999999997,-0.20392452752174978,0.2003294938837421,-0.06566881821513015,0.06348714281930946,0.0854782429050325,-0.08403439988383674,0.12180871346544676,-0.1198555036587732,0.08036612184009015,-0.07901533717870361,0.07765634414395836,0.038810664573601265,-0.04325407926384038,0.13023815865715846,-0.12588512791743078,0.15308822463478103,-0.12854605298014193,0.12750224604466598,-0.07942583818697319,-0.17290512929496216,0.17356873969472206,-0.19259459248641073,0.19265222770551674,-0.1943549252424666,0.1944432968853913,-0.19445475266975035,0.19455595616288698,-0.1945563725649854
