x1,x2,x3,x4,x5,x6,x7,x8,x9,x10,x11,x12,x13,x14,x15,x16,x17,x18,x19,x20,x21,x22,x23,x24,x25,x26,x27,x28,x29,x30,x31,x32,x33,x34,x35,x36,x37,x38,x39,x40,x41,x42,x43,x44,x45,x46,x47,x48,x49,x50,x51,x52,x53,x54,x55,x56,x57,x58,x59,x60
0.25000000000000006,0.249443864568318,0.24906788257794796,0.2496515079941284,0.24915102608165038,0.24961787306503694,0.24953295827153243,0.24967902455135854,0.248848978311221,0.24968362077241302,0.24911946490467166,0.21882824533619494,0.22070876592619298,0.21825026618351417,0.21168080807131062,0.20576704645048982,0.22898444423888237,0.2151839714652163,0.22769746030945678,0.24954344210517798,0.24870448999323516,0.21548123428383317,0.2101359159070724,0.2154937154952377,0.20106141687325538,0.21015117644143436,0.1956102460564313,0.20667010976097538,0.22045882439908043,0.24880453085616813,0.24884545246605375,0.21308011658869727,0.19917512685471164,0.212571747289189,0.20401635263684972,0.21914627510973445,0.19619997613350493,0.21436507201605517,0.21816454374650612,0.24885329130220343,0.24917449250036716,0.2224683034256966,0.21683684946397222,0.22109163882810673,0.21315881549993007,0.20494532519207107,0.22995874158252302,0.20147360178242318,0.22677682536529029,0.2494354963592751,0.24949644302834256,0.24955650184317604,0.2492915012154922,0.24966157738650324,0.24953192463446802,0.24966085536786375,0.24937999470423022,0.24968646392701282,0.24961902157440427,0.24967701162497258
0.249443864568318,0.24999999999999994,0.24913218718969102,0.2497168593656155,0.24921623916474034,0.24968324117395777,0.24959848845378851,0.24974436270646508,0.24891423592937104,0.2497489723403404,0.24918475347262187,0.218894597814829,0.22077509793311348,0.21832305041416786,0.21172305930262897,0.20583941192266758,0.22903556738815992,0.21525013938006898,0.22775624612956555,0.24960878239513912,0.24876977875744538,0.21554155691463947,0.2101918670777958,0.2155477750036329,0.20112238499747712,0.2102157482332437,0.1956680771395359,0.2067346192652367,0.22051709173396217,0.24886992430676,0.24891045417367752,0.21313270615658161,0.19923521608296724,0.2126255450973114,0.2040761023561361,0.21920203317156403,0.19626090981906671,0.21441747198935715,0.2182271814393241,0.24891841878241167,0.24923972309437334,0.22252907661838875,0.21689213231628335,0.22115095114107303,0.2132148302698908,0.20499606560956923,0.23002033220194895,0.20152385264244355,0.2268354807415863,0.24950081161289772,0.24956174064866524,0.2496218200096444,0.24935676161787707,0.2497269230484249,0.24959724616952073,0.2497262008394481,0.249445264248229,0.2497518161008643,0.24968435463776095,0.24974236132480823
0.24906788257794796,0.24913218718969102,0.24999999999999997,0.24933979457381855,0.2488414676921862,0.24930632756651785,0.24923204125693404,0.2493675216283026,0.2485409803212198,0.24937195022966072,0.24880892684710604,0.21856791094373998,0.22041168110460108,0.2179796277789292,0.21137774684994118,0.20551653763979458,0.22869690096884113,0.21492812452519147,0.22742617317975589,0.24923176629963548,0.24839332566696992,0.21520762310107672,0.2098526762106343,0.21516372063868294,0.2008623142983561,0.2098514901039824,0.19541047676105022,0.20639165812625979,0.22020889615861589,0.24849412299977802,0.24853415731495124,0.21281704067802834,0.19886636485002507,0.2123020498070477,0.20373628953475276,0.2188833620624313,0.19590173343542822,0.21408597804018503,0.21786336456909894,0.2485424265987836,0.24886342893620395,0.22217284898769907,0.21657638783203,0.22080306552111553,0.21289980943202255,0.204685382204126,0.2296570218555072,0.20122326782289865,0.22649124451696304,0.249123920620764,0.24918506787264227,0.2492449904237153,0.24898035361790963,0.24934993481893447,0.2492204221438778,0.24934921371116556,0.24906873447671246,0.2493747903067608,0.2493074503934263,0.2493653498036343
0.2496515079941284,0.2497168593656155,0.24933979457381855,0.24999999999999994,0.24942319341162206,0.24989081956788275,0.2498057159204883,0.24995200412181495,0.24912093579894717,0.2499566097587707,0.24939179114832713,0.21906686464141825,0.22095610489404616,0.21850015063772601,0.2119058765763223,0.20600807285070563,0.2292292090618992,0.21542810083134897,0.22794652425518624,0.24981631425796658,0.24897647785933033,0.21572643214953932,0.21035956192349647,0.2157302178849164,0.20127524487346987,0.21038745343499296,0.19581924920845747,0.20690727922910987,0.22069479329606762,0.24907680008928781,0.24911735229538273,0.21331116096845607,0.19940310509223694,0.21280211429406903,0.20424671037020617,0.21938236024780333,0.1964241876120112,0.2145950516100335,0.21841028981916802,0.2491253830998396,0.24944694438316906,0.2227157187915908,0.21707230710437717,0.22133640883187358,0.21339244895143988,0.2051682175559629,0.2302129858299967,0.2016925840277859,0.22702392444167793,0.2497082633734134,0.24976921966904192,0.24982935209000504,0.2495640788075993,0.24993454250677805,0.24980476154016099,0.2499338196964283,0.24965264923958938,0.24995945625377625,0.24989193789876785,0.2499499936171534
0.24915102608165038,0.24921623916474034,0.2488414676921862,0.24942319341162206,0.2499999999999998,0.2493895897407416,0.2493100249413911,0.2494507065343892,0.248622767059626,0.24945528205529377,0.2488934825253883,0.21859706371416024,0.2205157400883533,0.21805413357108894,0.2114623996719394,0.20554630813379854,0.22877397359436263,0.21499510899649238,0.2274878677514525,0.24931506623881503,0.2484767907414941,0.21526515414188221,0.2099457438223757,0.21523645360230356,0.20095126193488416,0.2099203978211184,0.19549626343858342,0.2064537306265174,0.22029409928339694,0.2485771639858594,0.24861743703730496,0.21288511989791314,0.198934914879598,0.21237453800905176,0.2038021891742944,0.218961246506589,0.19597100814881915,0.21416257483824155,0.21793412611948867,0.24862547971350146,0.24894657530112488,0.22224501061304383,0.21664840651462772,0.22087499564315605,0.21296933452213754,0.2047517475633736,0.2297323373824968,0.20128865336897014,0.22656784925009862,0.24920715040051367,0.24926833917127525,0.24932828045905764,0.24906354113975787,0.24943325993265134,0.24930369634598987,0.2494325385854154,0.24915197047263057,0.24945812372830245,0.2493907615622988,0.24944868007044713
0.24961787306503694,0.24968324117395777,0.24930632756651785,0.24989081956788275,0.2493895897407416,0.24999999999999972,0.24977220924141125,0.249918344733498,0.2490873484257798,0.2499229519560063,0.24935825286279642,0.21903704488434014,0.22092385194979056,0.21847373850593746,0.21187829562868674,0.20598247315402846,0.2291955996092511,0.21540239908451012,0.22791624301699445,0.24978268119270108,0.24894298009308152,0.21569883449310842,0.21033023434110887,0.2156994418693515,0.20125060430711952,0.21035969917896827,0.19579509475624585,0.20688194759391554,0.22066547625134697,0.24904334497643743,0.24908374396781302,0.21328180395979843,0.19937718780103073,0.21277282594568706,0.20422048453116873,0.2193524906852757,0.19639904530316224,0.21456462721763456,0.2183818495239441,0.249091831914341,0.24941335838085085,0.22268620219253066,0.21704293767435678,0.22130696715841644,0.21336402218026923,0.20513987010145293,0.23018212122038634,0.20166485574566978,0.22699304159119893,0.24967464430467665,0.24973558720269656,0.2497957114368426,0.24953047920977628,0.2499008876879012,0.24977112678446126,0.249900164974732,0.24961903378894906,0.24992579807993245,0.2498582889040307,0.2499163367174963
0.24953295827153243,0.24959848845378851,0.24923204125693404,0.2498057159204883,0.2493100249413911,0.24977220924141125,0.24999999999999975,0.24983315215981966,0.249025573883792,0.24983774148173238,0.24927398109110868,0.2189468755570119,0.22085301988064382,0.21838689098777248,0.21180128357866027,0.20590561863992482,0.229122343669037,0.21531700878464974,0.2278384989987508,0.24969745203658442,0.24885805069377864,0.2156092450799989,0.2102704643082421,0.21561835192635637,0.20120670548844305,0.21028135144435328,0.19574814031188342,0.2067982205642176,0.22060317941368407,0.2489581898964201,0.2489990337429699,0.21321135041897454,0.19929149555801973,0.21270300628983674,0.2041415773517794,0.21928414670687416,0.19631780447639718,0.21449645110626836,0.21829551415697052,0.24900686464678964,0.2493282900880823,0.2226027135131808,0.21697190419181347,0.22122595774989454,0.21329079057094646,0.2050700723207437,0.23009778059513922,0.20159689150921054,0.22691647060051393,0.249589428522077,0.24965045880280545,0.24971054515737953,0.24944538193641363,0.24981568556661202,0.2496859474092518,0.2498149631043998,0.24953393756024544,0.24984058747140753,0.24977310647679757,0.24983112933475668
0.24967902455135854,0.24974436270646508,0.2493675216283026,0.24995200412181495,0.2494507065343892,0.249918344733498,0.24983315215981966,0.2499999999999997,0.24914837715293092,0.2499841499769909,0.24941926348057358,0.21909061036309066,0.220979541987406,0.2185223255471494,0.2119311110884813,0.2060283873294657,0.2292555708239285,0.2154503635029775,0.22797156791754694,0.24984383557298687,0.24900389875969237,0.2157491532032991,0.2103833833601656,0.2157545032454768,0.20129702083670198,0.21040982662630273,0.195840483730302,0.20692862920143176,0.22071930896663083,0.24910420500791403,0.24914482756801967,0.21333496578250621,0.19942417262594928,0.21282585805492654,0.2042683835156407,0.21940683677966197,0.19644482653111878,0.21461937734434852,0.2184336275812825,0.24915283273177016,0.249474426303875,0.2227398763961527,0.21709636438409421,0.22136052223563613,0.21341583986307924,0.2051911020066654,0.23023813731282933,0.20171504462975504,0.2270490746597476,0.24973577178632037,0.24979673968305421,0.24985687825877134,0.24959157323128411,0.24996208026646738,0.24983228343185757,0.24996135737667008,0.24968015584444975,0.2499869967587132,0.24991947108766221,0.24997753307949802
0.248848978311221,0.24891423592937104,0.2485409803212198,0.24912093579894717,0.248622767059626,0.2490873484257798,0.249025573883792,0.24914837715293092,0.2499999999999997,0.24915295272930796,0.24859032059386127,0.2183540149409136,0.2202634938834407,0.2177361072064445,0.21124225624211498,0.2053065820809826,0.2285231777738849,0.21485061662959318,0.22774890882857957,0.2490128668955592,0.24817507703602812,0.21503667444447785,0.2096805700004823,0.21502302527034084,0.2006448208645716,0.20966500511948666,0.19521439200629437,0.20618757909663232,0.22001097252418372,0.24827523915328806,0.2483159190403599,0.21263168585692843,0.19867964335455798,0.21210973998939017,0.20353157500467922,0.21868985056573145,0.1957030273327897,0.2139065775394964,0.21765888860484583,0.24832422496527876,0.24864483985934668,0.22197289446594587,0.21638919715507424,0.22060712570291946,0.2127130928786761,0.20451446162419204,0.22945328602746157,0.20105176216742549,0.22629369139581398,0.24890507913705884,0.2489662468124802,0.24902610676792322,0.24876166378602407,0.2491309590293091,0.24900153202222966,0.2491302385593029,0.24885002153065866,0.2491557926950162,0.24908851614266342,0.24914636048240757
0.24968362077241302,0.2497489723403404,0.24937195022966072,0.2499566097587707,0.24945528205529377,0.2499229519560063,0.24983774148173238,0.2499841499769909,0.24915295272930796,0.2499999999999996,0.24942386011367615,0.2190944047731942,0.22098351162058288,0.21852612959895276,0.21193499774334099,0.20603177180401647,0.22925980501571677,0.2154542079763044,0.22797578121482592,0.2498484391826638,0.24900848541023518,0.2157530463701486,0.21038732185649847,0.21575854383751186,0.2013007239391168,0.21041358302609686,0.19584409137118483,0.20693231204788884,0.22072341149447014,0.2491087913351062,0.24914942166674953,0.21333895926664215,0.19942776485567182,0.2128298346896031,0.20427208030194802,0.21941092510029503,0.1964483528551509,0.2146234106840065,0.21843757384953175,0.2491574241127349,0.24947902298262095,0.22274394528517327,0.21710038850068833,0.221364594210187,0.21341976373826282,0.2051949397978753,0.23024235701176007,0.20171879917118463,0.2270532696863229,0.24974037322920295,0.24980134267167295,0.24986148227207183,0.2495961722039858,0.24996668621848703,0.24983688681487162,0.24996596331540333,0.24968475683452446,0.24999160316990213,0.24992407628726684,0.24998213931630348
0.24911946490467166,0.24918475347262187,0.24880892684710604,0.24939179114832713,0.2488934825253883,0.24935825286279642,0.24927398109110868,0.24941926348057358,0.24859032059386127,0.24942386011367615,0.24999999999999953,0.21853528498680977,0.22046427467564453,0.2180236732156712,0.2114242555140565,0.20553786301384225,0.22874309743819482,0.21495156701498425,0.22745716296415716,0.2492837096346023,0.2484460789784049,0.2152137832197939,0.20995458623459234,0.21525021607619102,0.20093001284654666,0.20993243437700324,0.19546862782112154,0.20643142106774995,0.22026451353257348,0.2485454259955494,0.24858699837543746,0.21285645354954227,0.19893669043704204,0.21235483253324663,0.20378591886649108,0.21893354613467916,0.19597531091710585,0.21415179272628707,0.2179159509955852,0.24859428912673143,0.2489151964686652,0.22222149872616448,0.21661540722824724,0.22084886010430435,0.2129350204141264,0.20472653977259203,0.22970754456900216,0.20126117709183083,0.22654277144363522,0.24917580929815417,0.24923690873387755,0.24929687364837055,0.24903209923367964,0.24940183990806303,0.24927228127105502,0.24940111864934777,0.24912056052957285,0.24942670056880076,0.24935933712341762,0.24941725810052942
0.21882824533619494,0.218894597814829,0.21856791094373998,0.21906686464141825,0.21859706371416024,0.21903704488434014,0.2189468755570119,0.21909061036309066,0.2183540149409136,0.2190944047731942,0.21853528498680977,0.2499999999999997,0.19026269960337297,0.19151744742168378,0.18346436208377231,0.18273138555996668,0.20050157283901018,0.18968184084193745,0.19976438862776727,0.21896896306090088,0.21830501440792813,0.18507314572293765,0.1868418693175431,0.1892988725484821,0.1800805004100786,0.18448701669648254,0.17470649467695443,0.18128669748050563,0.19488123882274372,0.21835013254621874,0.21835219556959665,0.18655910142431323,0.17447997246317887,0.1864370813043725,0.17911500973105743,0.19259057455520706,0.1724749053044973,0.18785350441234142,0.1913157710797359,0.2183610811296452,0.21864666620340648,0.19497286736265532,0.19025933664093836,0.19374359817446557,0.1870246854202193,0.17925289991873092,0.2014900647031361,0.17635389830631912,0.1989510768880063,0.2188733925708617,0.21893080663407016,0.21898281934265798,0.2187501486985435,0.21907502237902063,0.21896099732083987,0.21907438900473192,0.21882844631512202,0.21909686024466862,0.2190378784445494,0.21908856596325058
0.22070876592619298,0.22077509793311348,0.22041168110460108,0.22095610489404616,0.2205157400883533,0.22092385194979056,0.22085301988064382,0.220979541987406,0.2202634938834407,0.22098351162058288,0.22046427467564453,0.19026269960337297,0.24999999999999956,0.18959263296194573,0.1873164398431512,0.18340688420744694,0.20374236778771312,0.19129319844335382,0.20169997239945708,0.220862425319071,0.22009317400685185,0.19176754129082618,0.18355535560412042,0.1906734288696067,0.17489052148517578,0.18569538367718086,0.17071658341291215,0.18396663903121013,0.19368779891689877,0.22022977881198902,0.22020362213701405,0.18860167769165653,0.17718610113668742,0.18776485720022315,0.18126666829371005,0.19327119506745294,0.17413547749325323,0.18891766313251243,0.1939268886735372,0.22025015457093738,0.2205363652540864,0.1975035317021528,0.19180838174240356,0.19618420041548443,0.18888158742186958,0.18151436309626456,0.20397196085606362,0.17840727129447875,0.20055373881100555,0.2207711711052357,0.22081699066169078,0.22087100330964085,0.2206399829082751,0.22096399905663758,0.22085139550636165,0.2209633596658175,0.22071453802496901,0.22098602452558372,0.22092610273187988,0.22097765872744424
0.21825026618351417,0.21832305041416786,0.2179796277789292,0.21850015063772601,0.21805413357108894,0.21847373850593746,0.21838689098777248,0.2185223255471494,0.2177361072064445,0.21852612959895276,0.2180236732156712,0.19151744742168378,0.18959263296194573,0.24999999999999964,0.18056635934923893,0.18124968404320338,0.19993294168308406,0.19020840821171117,0.19970478534344074,0.2183971295156198,0.21768730109278434,0.18921920677011433,0.18404999163786157,0.18461615918576235,0.17982332321637262,0.18521639060772857,0.17372458030659396,0.18324750506513468,0.19385755303733854,0.2178182177844158,0.21775166770099694,0.18580812065302274,0.1738277566527908,0.18554088267351432,0.1792383718673744,0.19176453319489734,0.17235534207756542,0.1865905939682465,0.19118946948465895,0.21778398609743282,0.21808321978661105,0.19431276134606187,0.18987881211458646,0.1929329572231783,0.18694735864327622,0.17853884946486415,0.20104571048647502,0.175931035185177,0.1982782705432666,0.2183038940396043,0.21836356421846342,0.2184147599053663,0.21818620535777306,0.21850672037969524,0.21839487169704733,0.21850608832113677,0.2182574080131553,0.21852850120453465,0.2184697152766942,0.21852022843979105
0.21168080807131062,0.21172305930262897,0.21137774684994118,0.2119058765763223,0.2114623996719394,0.21187829562868674,0.21180128357866027,0.2119311110884813,0.21124225624211498,0.21193499774334099,0.2114242555140565,0.18346436208377231,0.1873164398431512,0.18056635934923893,0.24999999999999956,0.168018563613122,0.19284186834311548,0.18330439436596965,0.19327088687425084,0.21182125509011737,0.21107569092934675,0.18495419232638075,0.17516618627473374,0.1824905210701853,0.16640977317008465,0.1753565179393043,0.16262460712802465,0.1757387748965589,0.18547917910836315,0.21120968373923937,0.21118229471117214,0.18128482274535168,0.16942305800863433,0.18025990773230807,0.17344410331324717,0.18539663073754736,0.1666308320994582,0.1813041939202653,0.18582403664084177,0.21122976456454198,0.21150725244643148,0.1892063403861565,0.18425874785023455,0.18817184012137142,0.18148235121595507,0.17466934551675603,0.1957441897106156,0.1716118263531301,0.19231495437742752,0.21173100634440592,0.2117762820971302,0.21182712588976668,0.21160873244677605,0.21191631283783824,0.2118089322590206,0.21191569958723852,0.21167780369245223,0.21193743640703766,0.21188023229684239,0.21192941315847727
0.20576704645048982,0.20583941192266758,0.20551653763979458,0.20600807285070563,0.20554630813379854,0.20598247315402846,0.20590561863992482,0.2060283873294657,0.2053065820809826,0.20603177180401647,0.20553786301384225,0.18273138555996668,0.18340688420744694,0.18124968404320338,0.168018563613122,0.24999999999999956,0.18536738917688086,0.17899963261804847,0.18765897462859463,0.2059195596932491,0.20526477966935847,0.17945827908602957,0.1729015745807003,0.18203725071628896,0.1648016545499494,0.16681234857141716,0.16045953059600834,0.1705973564408237,0.18155780637663468,0.2053952002520106,0.2052403872095572,0.17448247753120047,0.1642308323868803,0.17361934153791228,0.1692153343169858,0.1798810725915177,0.1614479342517449,0.17489010758957077,0.18050596516291773,0.20531870773549113,0.20562090233785282,0.18331496895459296,0.1791222655727637,0.18170704517057834,0.17680040788915966,0.16812595412222772,0.18987188189895693,0.16606851584925345,0.18678298579780384,0.20582344150012402,0.2058786028090726,0.2059267201279426,0.20571673355238754,0.20601341715390992,0.20591120391988252,0.2060128205524615,0.20577286528968103,0.20603395182872608,0.20597827276735117,0.20602615206744984
0.22898444423888237,0.22903556738815992,0.22869690096884113,0.2292292090618992,0.22877397359436263,0.2291955996092511,0.229122343669037,0.2292555708239285,0.2285231777738849,0.22925980501571677,0.22874309743819482,0.20050157283901018,0.20374236778771312,0.19993294168308406,0.19284186834311548,0.18536738917688086,0.2499999999999995,0.1948206248873871,0.2083737884493148,0.22912513216992406,0.22831742110004616,0.19736150246988243,0.19141733564469546,0.19707028178711394,0.18340996830243422,0.19070348006888926,0.1795330044941868,0.18767687106448688,0.2027677661127607,0.22842177364268745,0.22848872032484957,0.19612202498427092,0.18058157554662976,0.19528054655832483,0.18554299659919837,0.20160092834516646,0.17802907043582786,0.19725867346953277,0.19912481659843612,0.22849348925858806,0.22879096813262007,0.20351693288758346,0.19961216379791363,0.20260415193539166,0.1960350057888602,0.18880135888812283,0.21084097907620847,0.1855806215782112,0.20826947138794447,0.22902441209116414,0.22909013865893865,0.2291431587919591,0.22890052815883827,0.22923963972716074,0.2291193759316363,0.22923897706046223,0.22898199058718213,0.22926249097562273,0.22920117946298998,0.22925381185718754
0.2151839714652163,0.21525013938006898,0.21492812452519147,0.21542810083134897,0.21499510899649238,0.21540239908451012,0.21531700878464974,0.2154503635029775,0.21485061662959318,0.2154542079763044,0.21495156701498425,0.18968184084193745,0.19129319844335382,0.19020840821171117,0.18330439436596965,0.17899963261804847,0.1948206248873871,0.24999999999999964,0.19362096386181943,0.21533260887696656,0.2145867820927879,0.18742042542903928,0.17841505504091168,0.18930205365102085,0.17098814972446824,0.18653660749010986,0.16764287898897692,0.1727922403044326,0.19064298289522275,0.21473113117510648,0.2146611228914726,0.1832495003997883,0.17011672534987288,0.18245320945611176,0.17446932207847113,0.1886284706887804,0.16763963189797818,0.18380175223448497,0.18802031478236356,0.21471659021273826,0.21502049192981595,0.19130181037173288,0.18747916149609167,0.18999108537941506,0.18472019861523217,0.17650111908568158,0.1983893520355957,0.17401192354246994,0.19550543266838644,0.21523261901708612,0.21529440998941055,0.21534443099808476,0.21512089587443592,0.21543509579672088,0.215325683164949,0.21543447228809792,0.21518538294367887,0.21545657006286342,0.21539854925847557,0.21544841359210615
0.22769746030945678,0.22775624612956555,0.22742617317975589,0.22794652425518624,0.2274878677514525,0.22791624301699445,0.2278384989987508,0.22797156791754694,0.22774890882857957,0.22797578121482592,0.22745716296415716,0.19976438862776727,0.20169997239945708,0.19970478534344074,0.19327088687425084,0.18765897462859463,0.2083737884493148,0.19362096386181943,0.24999999999999947,0.22784214082890852,0.22707056675981768,0.19626239460022912,0.191647552506446,0.1958288170777442,0.18296959979585445,0.19086552416194957,0.17801432218230565,0.1889013536467378,0.20127876168248784,0.22716046874619855,0.22721316729468027,0.19441912817273668,0.18107476339055487,0.19397900012634162,0.18567110354889635,0.20011101794469466,0.1785804163269106,0.19592280804619444,0.19886745849473242,0.22721346987067131,0.22751128710157453,0.20279227778992973,0.19807728409166916,0.20146969737491408,0.1946990847221467,0.18709138034943568,0.20989863310609372,0.18406784856242614,0.20712412289105644,0.22774529805009233,0.22780523789542018,0.2278597056092772,0.22761698546684705,0.22795564464459248,0.22783708044657464,0.22795498532249714,0.22769604881912467,0.22797836743969202,0.22791677176544753,0.2279697369345985
0.24954344210517798,0.24960878239513912,0.24923176629963548,0.24981631425796658,0.24931506623881503,0.24978268119270108,0.24969745203658442,0.24984383557298687,0.2490128668955592,0.2498484391826638,0.2492837096346023,0.21896896306090088,0.220862425319071,0.2183971295156198,0.21182125509011737,0.2059195596932491,0.22912513216992406,0.21533260887696656,0.22784214082890852,0.24999999999999953,0.24886850285239748,0.21562831751918593,0.2102565598514322,0.215632067796014,0.20117591342447713,0.21028014147715274,0.19572793795814933,0.2068067376125898,0.22059851084959864,0.2489690066500719,0.24900937279833693,0.2132219011038318,0.19930667167908217,0.21270979509088822,0.20415124851542638,0.21928840766126062,0.1963276052100175,0.21450085277341172,0.21831105287974914,0.24901753573576266,0.24933900011296334,0.22261641042985247,0.21698163192423311,0.2212398762347879,0.21330335164693212,0.20508331697873095,0.23011273009675584,0.2016092044339857,0.22692505747455619,0.2496001785299219,0.24966114307103449,0.24972123629773926,0.24945610582731628,0.2498263811874247,0.24969665895896,0.24982565869058393,0.24954462011776146,0.2498512841537818,0.2497837989243057,0.24984182561219467
0.24870448999323516,0.24876977875744538,0.24839332566696992,0.24897647785933033,0.2484767907414941,0.24894298009308152,0.24885805069377864,0.24900389875969237,0.24817507703602812,0.24900848541023518,0.2484460789784049,0.21830501440792813,0.22009317400685185,0.21768730109278434,0.21107569092934675,0.20526477966935847,0.22831742110004616,0.2145867820927879,0.22707056675981768,0.24886850285239748,0.2499999999999995,0.21477844035978508,0.20962358100835418,0.21490508684008075,0.20062563868941352,0.20957625434651095,0.19516970168977402,0.20613941035345526,0.21989233095152205,0.24813379467725702,0.24817120203735174,0.21248077437914933,0.19863498788167827,0.21197824130396395,0.2034937674210255,0.21854963589127147,0.1956945224980463,0.21374946219557361,0.21758998245761232,0.2481800636700445,0.2485008069564755,0.2218651932338869,0.21624816035993188,0.22048566361314162,0.21258955650695927,0.2043608096479684,0.22933198263884902,0.2009098953132905,0.2261572268198985,0.24876098425414242,0.2488218319903185,0.24888170933203652,0.24861751013540195,0.24898650069465572,0.24885724936646897,0.2489857806246282,0.24870562930024798,0.24901131993791767,0.2489440627988013,0.24900189319459098
0.21548123428383317,0.21554155691463947,0.21520762310107672,0.21572643214953932,0.21526515414188221,0.21569883449310842,0.2156092450799989,0.2157491532032991,0.21503667444447785,0.2157530463701486,0.2152137832197939,0.18507314572293765,0.19176754129082618,0.18921920677011433,0.18495419232638075,0.17945827908602957,0.19736150246988243,0.18742042542903928,0.19626239460022912,0.21562831751918593,0.21477844035978508,0.24999999999999972,0.17621168042501775,0.18453945709145417,0.17107872616751293,0.18351717150843272,0.1669745653660043,0.17909398729063875,0.1892074584879189,0.21502986294290982,0.21495833504231057,0.1846549693641659,0.1706921804654869,0.18351436303620972,0.17554467058260487,0.18870188073472716,0.16854275852357525,0.18365447642722443,0.1887338312969664,0.2150249584008381,0.21531722383374272,0.19212513052764094,0.1875542274178539,0.19090542338152547,0.18479544422303137,0.1769420821115134,0.1988152781647211,0.17420431391018298,0.1956893547911836,0.2155370315206175,0.21559218086515541,0.21564313090063675,0.2154186948225876,0.21573392382596124,0.21562403154592327,0.2157332996131315,0.21548765245141724,0.2157554280405492,0.2156973259705966,0.21574726025541685
0.2101359159070724,0.2101918670777958,0.2098526762106343,0.21035956192349647,0.2099457438223757,0.21033023434110887,0.2102704643082421,0.2103833833601656,0.2096805700004823,0.21038732185649847,0.20995458623459234,0.1868418693175431,0.18355535560412042,0.18404999163786157,0.17516618627473374,0.1729015745807003,0.19141733564469546,0.17841505504091168,0.191647552506446,0.2102565598514322,0.20962358100835418,0.17621168042501775,0.24999999999999972,0.17620427317063492,0.1745768114517029,0.17858439037578855,0.17426201520593826,0.17369177732154525,0.18988455476300403,0.2096222387762917,0.20970282435458212,0.1793200871998611,0.160243977961187,0.17956476377358543,0.17009348807991734,0.18571260626972325,0.166636346138249,0.18129846949233447,0.18208727685075515,0.20967144267335336,0.20994888055267327,0.18522050605839926,0.18339981739851674,0.1843982881838665,0.17960226150219255,0.1723507935312762,0.19189104889884726,0.16933868415651862,0.19104838072402253,0.21014764491390164,0.21023472893610076,0.21028023529584583,0.21004852994074727,0.21036877810225105,0.21025334898705264,0.2103681710868902,0.21013151816159026,0.21038974960080936,0.21033453453739404,0.21038178493978973
0.2154937154952377,0.2155477750036329,0.21516372063868294,0.2157302178849164,0.21523645360230356,0.2156994418693515,0.21561835192635637,0.2157545032454768,0.21502302527034084,0.21575854383751186,0.21525021607619102,0.1892988725484821,0.1906734288696067,0.18461615918576235,0.1824905210701853,0.18203725071628896,0.19707028178711394,0.18930205365102085,0.1958288170777442,0.215632067796014,0.21490508684008075,0.18453945709145417,0.17620427317063492,0.24999999999999953,0.16711097649785722,0.1808478482090464,0.17003403784152232,0.18233154633341,0.19059461028590657,0.21507827762136444,0.21495745056776153,0.1848492235673541,0.17226607575558398,0.18474663347573644,0.176023607098667,0.18928528329309224,0.17033297244893653,0.18349690864222423,0.18968377815379764,0.21504600972136517,0.21531923449165968,0.19290580118483783,0.18734231614797664,0.19206885499854767,0.18460892169963763,0.17714992727118922,0.19895723340602356,0.1737934034916621,0.1955566699611357,0.2155519286534109,0.2155971620774097,0.2156487185297254,0.2154252259820612,0.21573951888172907,0.21562913096294362,0.2157388951600441,0.2155026017017797,0.2157610242130173,0.21570320480490532,0.2157528562145286
0.20106141687325538,0.20112238499747712,0.2008623142983561,0.20127524487346987,0.20095126193488416,0.20125060430711952,0.20120670548844305,0.20129702083670198,0.2006448208645716,0.2013007239391168,0.20093001284654666,0.1800805004100786,0.17489052148517578,0.17982332321637262,0.16640977317008465,0.1648016545499494,0.18340996830243422,0.17098814972446824,0.18296959979585445,0.20117591342447713,0.20062563868941352,0.17107872616751293,0.1745768114517029,0.16711097649785722,0.24999999999999967,0.16175839448259008,0.16153409434300378,0.16363214874503063,0.1834746237432601,0.20058000290914163,0.20065844984088535,0.17089503727063682,0.15850074905444902,0.17083161613695735,0.1562411437734072,0.17856861167935623,0.15726752229615887,0.17415062317927518,0.17399461216803228,0.20060642125149736,0.2008826720371806,0.1773359399110714,0.1752356117422057,0.17638380120961555,0.17161142522335898,0.16407149474459654,0.18314453387648472,0.16136632635553932,0.1828434233564839,0.20107094280898472,0.2011544497349572,0.2011982207130148,0.20097555653144225,0.2012829380111047,0.2011731096643652,0.2012823570442551,0.20105373074072191,0.2013030035575921,0.2012498896484034,0.20129538289129606
0.21015117644143436,0.2102157482332437,0.2098514901039824,0.21038745343499296,0.2099203978211184,0.21035969917896827,0.21028135144435328,0.21040982662630273,0.20966500511948666,0.21041358302609686,0.20993243437700324,0.18448701669648254,0.18569538367718086,0.18521639060772857,0.1753565179393043,0.16681234857141716,0.19070348006888926,0.18653660749010986,0.19086552416194957,0.21028014147715274,0.20957625434651095,0.18351717150843272,0.17858439037578855,0.1808478482090464,0.16175839448259008,0.24999999999999956,0.15629806542409083,0.17204951820634157,0.1846175660355994,0.20974641481303033,0.20962313599140908,0.17969456261808756,0.17011382794915353,0.18026409604996174,0.1725726257918803,0.18624891367190652,0.16579912521948326,0.17904448033810774,0.18512546716683356,0.20972777380261887,0.209984014551821,0.18875920315179323,0.18260742370641023,0.18770712926609573,0.1800111141593929,0.17313515433345522,0.19431001394590203,0.16952365701580113,0.19062929499466677,0.21021836942380875,0.21025544089952844,0.21030638766638537,0.21008848638662236,0.21039494086928373,0.21028690694698632,0.210394332752979,0.21016809320588073,0.21041591360226336,0.2103595615150671,0.21040794795135703
0.1956102460564313,0.1956680771395359,0.19541047676105022,0.19581924920845747,0.19549626343858342,0.19579509475624585,0.19574814031188342,0.195840483730302,0.19521439200629437,0.19584409137118483,0.19546862782112154,0.17470649467695443,0.17071658341291215,0.17372458030659396,0.16262460712802465,0.16045953059600834,0.1795330044941868,0.16764287898897692,0.17801432218230565,0.19572793795814933,0.19516970168977402,0.1669745653660043,0.17426201520593826,0.17003403784152232,0.16153409434300378,0.15629806542409083,0.24999999999999975,0.15283265079164968,0.1748958329372744,0.19507752795720512,0.19520339338693946,0.16570085083811426,0.15970203887972642,0.1666293229946039,0.16217915158566346,0.17359535122648848,0.14266692340695095,0.16724744716446818,0.16698050668391348,0.19518026608364206,0.19542913017113697,0.17256669855195106,0.17004581252789241,0.1720743949024801,0.16611715724556936,0.1591351449373367,0.17765877116980436,0.15630010972964142,0.17791085061711195,0.19561302516319226,0.19570095558729136,0.19574436317812374,0.19551621857834495,0.19582678957420857,0.19571491992021248,0.1958262250470485,0.19560402182578673,0.19584631200957986,0.19579468441536915,0.19583889791420703
0.20667010976097538,0.2067346192652367,0.20639165812625979,0.20690727922910987,0.2064537306265174,0.20688194759391554,0.2067982205642176,0.20692862920143176,0.20618757909663232,0.20693231204788884,0.20643142106774995,0.18128669748050563,0.18396663903121013,0.18324750506513468,0.1757387748965589,0.1705973564408237,0.18767687106448688,0.1727922403044326,0.1889013536467378,0.2068067376125898,0.20613941035345526,0.17909398729063875,0.17369177732154525,0.18233154633341,0.16363214874503063,0.17204951820634157,0.15283265079164968,0.24999999999999953,0.17775174134085656,0.20622085322026512,0.20614197137091544,0.17498235500485454,0.16694253790092942,0.17422873103599937,0.1705748148045735,0.18016422067113264,0.16109886210306287,0.17601321531749356,0.18099957851570822,0.20623617834093447,0.20651499185511424,0.1851514443947904,0.17901962609169692,0.18286860305242056,0.17660451535188748,0.16853405404674549,0.19082980972281838,0.16601167660127517,0.18769926616711996,0.20672873813051845,0.20677501794841538,0.2068268635207124,0.20660438829949887,0.206913943981346,0.2068082372678211,0.2069133449433269,0.20667237394720298,0.20693456857070658,0.20687786396197524,0.20692673471461948
0.22045882439908043,0.22051709173396217,0.22020889615861589,0.22069479329606762,0.22029409928339694,0.22066547625134697,0.22060317941368407,0.22071930896663083,0.22001097252418372,0.22072341149447014,0.22026451353257348,0.19488123882274372,0.19368779891689877,0.19385755303733854,0.18547917910836315,0.18155780637663468,0.2027677661127607,0.19064298289522275,0.20127876168248784,0.22059851084959864,0.21989233095152205,0.1892074584879189,0.18988455476300403,0.19059461028590657,0.1834746237432601,0.1846175660355994,0.1748958329372744,0.17775174134085656,0.24999999999999958,0.2198538420747744,0.2199962229144397,0.18820263643182897,0.17457645725135054,0.18791928405414718,0.1804295235772006,0.19483923653592902,0.1690280986287768,0.18974023733036402,0.1896422268565105,0.21998006463344605,0.22026539970154815,0.195030360009878,0.19216666491508344,0.19412762861563918,0.18837635604268213,0.18069824695075018,0.201857718795339,0.17774919223252889,0.2005358633966148,0.22048015592263306,0.22056170257957788,0.22061105137146816,0.22036929175751344,0.2207039434716591,0.2205839881559057,0.22070330627954074,0.22045491036360826,0.22072594483576347,0.22066749529091287,0.22071758888136628
0.24880453085616813,0.24886992430676,0.24849412299977802,0.24907680008928781,0.2485771639858594,0.24904334497643743,0.2489581898964201,0.24910420500791403,0.24827523915328806,0.2491087913351062,0.2485454259955494,0.21835013254621874,0.22022977881198902,0.2178182177844158,0.21120968373923937,0.2053952002520106,0.22842177364268745,0.21473113117510648,0.22716046874619855,0.2489690066500719,0.24813379467725702,0.21502986294290982,0.2096222387762917,0.21507827762136444,0.20058000290914163,0.20974641481303033,0.19507752795720512,0.20622085322026512,0.2198538420747744,0.24999999999999958,0.24827041719229928,0.21255885405431393,0.19870125198183453,0.2120521025387049,0.20351702099370556,0.21862641202042954,0.1957278698824444,0.21383228084634817,0.21765611835274876,0.24827959527658516,0.2486010598535314,0.22193740259801004,0.21634379693907735,0.2205525931592073,0.2126934290879066,0.2044548827493871,0.22943543911357414,0.20100896519726555,0.22624830037655666,0.24886103918584834,0.24892208608330435,0.2489819629979772,0.24871775542264826,0.2490867963984105,0.24895754885779867,0.24908607601957164,0.24880558486790577,0.2491116256177319,0.2490443366259427,0.24910219507720455
0.24884545246605375,0.24891045417367752,0.24853415731495124,0.24911735229538273,0.24861743703730496,0.24908374396781302,0.2489990337429699,0.24914482756801967,0.2483159190403599,0.24914942166674953,0.24858699837543746,0.21835219556959665,0.22020362213701405,0.21775166770099694,0.21118229471117214,0.2052403872095572,0.22848872032484957,0.2146611228914726,0.22721316729468027,0.24900937279833693,0.24817120203735174,0.21495833504231057,0.20970282435458212,0.21495745056776153,0.20065844984088535,0.20962313599140908,0.19520339338693946,0.20614197137091544,0.2199962229144397,0.24827041719229928,0.24999999999999953,0.21250910597961195,0.19868518463208248,0.21216416192298565,0.20356613314069172,0.21873228701664824,0.19567168653950567,0.21391990955731485,0.21763829827611994,0.24832097473243675,0.24864110356580668,0.22196300141089476,0.2163884852105304,0.22060783493923794,0.2127005820674271,0.20451691576344763,0.22943171185220743,0.20104440258548023,0.22629125717245407,0.2489014090776375,0.2489627501696776,0.24902257634002567,0.24875798990604667,0.2491274272812421,0.24899789640385878,0.24912670684629243,0.2488466755225821,0.24915226062482349,0.24908500415049437,0.24914282854587919
0.21308011658869727,0.21313270615658161,0.21281704067802834,0.21331116096845607,0.21288511989791314,0.21328180395979843,0.21321135041897454,0.21333496578250621,0.21263168585692843,0.21333895926664215,0.21285645354954227,0.18655910142431323,0.18860167769165653,0.18580812065302274,0.18128482274535168,0.17448247753120047,0.19612202498427092,0.1832495003997883,0.19441912817273668,0.2132219011038318,0.21248077437914933,0.1846549693641659,0.1793200871998611,0.1848492235673541,0.17089503727063682,0.17969456261808756,0.16570085083811426,0.17498235500485454,0.18820263643182897,0.21255885405431393,0.21250910597961195,0.2499999999999996,0.16287965434747673,0.18181686363233202,0.1737186248449548,0.19035956465547083,0.16874821520216723,0.1851142243893872,0.18426821424252554,0.2126494366916275,0.21288921115215387,0.1867823713966039,0.1867412496831938,0.18975300696255368,0.18241308055752473,0.17895270110321984,0.19510550939207674,0.1732497744130815,0.1935285150198659,0.21310965205416624,0.21318515333436439,0.21323035020653852,0.21299957900345065,0.21332014623042078,0.21319977767995751,0.2133195319905327,0.2131005888092582,0.21334141343117743,0.21328691546362188,0.21333333702615134
0.19917512685471164,0.19923521608296724,0.19886636485002507,0.19940310509223694,0.198934914879598,0.19937718780103073,0.19929149555801973,0.19942417262594928,0.19867964335455798,0.19942776485567182,0.19893669043704204,0.17447997246317887,0.17718610113668742,0.1738277566527908,0.16942305800863433,0.1642308323868803,0.18058157554662976,0.17011672534987288,0.18107476339055487,0.19930667167908217,0.19863498788167827,0.1706921804654869,0.160243977961187,0.17226607575558398,0.15850074905444902,0.17011382794915353,0.15970203887972642,0.16694253790092942,0.17457645725135054,0.19870125198183453,0.19868518463208248,0.16287965434747673,0.2499999999999995,0.1623412553530312,0.16746930989354564,0.17358552404185756,0.1648174931105127,0.1679026961043657,0.17769808211297863,0.19881665720721833,0.1990104736868653,0.18243739835959819,0.16964300486066144,0.179778157294054,0.1673169576051282,0.1588165708277271,0.1825285107297078,0.15527596095927185,0.18052869238564107,0.19925477850884185,0.1992668074773893,0.19932614248110564,0.19908364872795783,0.19941008367831103,0.1993014150164718,0.1994095077388263,0.19918947390065192,0.19942996172354596,0.19937391056613618,0.1994224119634507
