x1,x2,x3,x4,x5,x6,x7,x8,x9,x10,x11,x12,x13,x14,x15,x16,x17,x18,x19,x20,x21,x22,x23,x24,x25,x26,x27,x28,x29,x30,x31,x32,x33,x34,x35,x36,x37,x38,x39,x40,x41,x42,x43,x44,x45,x46,x47,x48,x49,x50,x51,x52,x53,x54,x55,x56,x57,x58,x59,x60
0.2500000000000001,0.24994176831149736,0.24734870732675132,0.24907244745377155,0.2491763835285424,0.24745230885364453,0.24030769530069096,0.24895842289189307,0.24473571477509493,0.24996221961290926,0.24854321021404602,0.16789017667842604,-0.07884459863883865,0.20612628117637394,-0.048765176272668624,0.19443469034756963,-0.051867024783189615,0.18751086055655625,-0.10538722926523628,0.24974431884095238,0.2498265951093927,-0.06645446662389376,0.15210262453822598,-0.031141629912527693,0.16480194467031703,-0.010842534594658702,0.127535045481165,0.027102752560082287,0.09574829061534249,0.24464970907736053,0.2499110153903728,-0.04898968942751067,0.13461249256218782,-0.0029037819039919393,0.09676120280411513,0.05545102866767447,0.07913791474058668,0.06049439329827272,0.06331686710551042,0.24274315925405035,0.2492885589849941,0.1830320886011014,-0.09460279208797957,0.20696793090054053,-0.03162352153144148,0.16104401955863823,-0.01878712205396983,0.15617699371008142,-0.08452491882384239,0.24811106234150618,0.2498035656254324,0.2498858965146387,0.24795448419178262,0.24904365322198774,0.2439733674247667,0.2476838367499379,0.24098981516755824,0.24915070112573545,0.23466469324070585,0.24996243626902154
0.24994176831149736,0.25000000000000006,0.24736184327055852,0.24908637567438202,0.2491898853088566,0.24746628185441708,0.24031778388387842,0.248972433770753,0.2447505144553936,0.249976285301096,0.24855722881250694,0.16789986637446336,-0.07885517478830092,0.20614235316824175,-0.04877457290391305,0.19444560960688248,-0.051871064882752844,0.18752621830875557,-0.10539802026671342,0.24975838363810823,0.24984065819728452,-0.06646118072334838,0.15211207087853848,-0.031145933158351503,0.16481356938692912,-0.01084598332351377,0.1275447867287449,0.027101426782467682,0.09575512785502419,0.24466338193207313,0.24992507856097573,-0.048993133050906676,0.13462082509542006,-0.002904531759343088,0.09676696523429067,0.05545436858968487,0.07914217898943869,0.06049824860503885,0.0633198744363817,0.24275686155695464,0.2493025871481777,0.18304212794014765,-0.09460798672682519,0.20697960967176024,-0.031625351172100226,0.16105308841217886,-0.01878815561173035,0.15618565885717864,-0.08452960061885538,0.2481250232904974,0.2498176223288715,0.24989995786128336,0.24796842818186782,0.24905766746438499,0.2439870947739576,0.24769777285674446,0.24100335713600862,0.24916472040501905,0.23467789103243666,0.2499765019180372
0.24734870732675132,0.24736184327055852,0.25,0.24649271875589465,0.2466100510538671,0.24490282427544832,0.23774699916087175,0.2463887292748062,0.24216654647173472,0.2473820474954261,0.24597575534065727,0.1675932133055285,-0.08120484922049079,0.2041810867132598,-0.047916675837873624,0.19219716552664445,-0.05121972574771355,0.18556655558285978,-0.10423776164130677,0.24716624575001267,0.24724846086351923,-0.06706963695565019,0.15104999541116582,-0.03144510671687332,0.16334666165991532,-0.010829384239533751,0.12635043986779582,0.02666256438128524,0.0948713316646509,0.24213077577982522,0.2473313807527433,-0.048478581660613564,0.13315430022645228,-0.002928762032489631,0.09575695845517393,0.05491913993912258,0.07823789570571205,0.059963282031884974,0.06254614920630605,0.2402421624069542,0.24671524921344737,0.18108966298817653,-0.09365427511180023,0.20487459521927343,-0.03136158907028458,0.1594314596465039,-0.018619178437566292,0.15456504611418523,-0.08365439525523824,0.24555031289225834,0.24722503675063212,0.24730651814655588,0.24539726807506443,0.24647289535481473,0.2414565733432192,0.24512688165583238,0.23849934924360122,0.24657877122396746,0.23224053085300828,0.2473822685691049
0.24907244745377155,0.24908637567438202,0.24649271875589465,0.25000000000000017,0.2483206714968961,0.2465987260112774,0.2394581532530594,0.24810565437323043,0.24389869784254467,0.24910682774924658,0.2476912671328611,0.16741849941773385,-0.07885496612132495,0.20554250297992455,-0.0487319216072813,0.19375045543691655,-0.05179910401715791,0.1870288497880353,-0.10521130457384927,0.24889008809721705,0.24897187979588944,-0.066440361865325,0.1516796881794766,-0.031210667600665497,0.1643496158111781,-0.010952971849446177,0.12721754503189173,0.026866734150993728,0.09550317942184616,0.2438120373552604,0.24905580061193308,-0.04884381579547498,0.13418045862805192,-0.002918159487831821,0.09644033514668651,0.05527961994597946,0.0788456033949159,0.06032469281572986,0.06305674542611378,0.24191626846833666,0.24843547950466396,0.18240411037260357,-0.09428579063627675,0.2062624071769121,-0.03151231402439447,0.1604877198244368,-0.018713183146814263,0.15562885749637467,-0.08422734113159451,0.24726227887246888,0.2489487161845204,0.24903076593641107,0.24710621862307286,0.24819153817124412,0.2431394298456962,0.24683653418011414,0.24016500755463255,0.2482981651245575,0.2338628614330346,0.24910704332736353
0.2491763835285424,0.2491898853088566,0.2466100510538671,0.2483206714968961,0.25000000000000006,0.24670109103084273,0.23959820169656104,0.24821230706254782,0.24400233453402626,0.24921032137868526,0.24779609381567083,0.1672678621983126,-0.07834388220780097,0.2054482163523583,-0.04931839279644648,0.19415531603375222,-0.051873506466522605,0.1870579348117671,-0.10520058821768155,0.24899327516050365,0.24907515112500098,-0.06635910599041826,0.1516631285194153,-0.031140450334166368,0.16438096718315884,-0.011033902204110933,0.12726515894770743,0.026935607709766152,0.09549510711199095,0.24391311787595277,0.24915929311782392,-0.048874291600716914,0.1342409089607343,-0.002928087781474295,0.09648436411170207,0.05529519914243251,0.0788799395289585,0.060340858416779594,0.06309321002474493,0.2420137988085597,0.2485386623585161,0.18245997126779737,-0.09432327858325523,0.2063604511680102,-0.03155965663126017,0.16058007492905949,-0.018741603432452042,0.1557096834143317,-0.08427247146224184,0.2473647475159798,0.24905214104777135,0.24913422421185497,0.2472089231001528,0.2482944205691774,0.24323950215179682,0.24693852018965456,0.24026348334654415,0.24840114293042354,0.23395782050654057,0.24921053414976702
0.24745230885364453,0.24746628185441708,0.24490282427544832,0.2465987260112774,0.24670109103084273,0.2500000000000001,0.23782807801014663,0.24649154266441425,0.24234881708497627,0.2474867058088937,0.24608101472936564,0.16646352872902112,-0.07877228257502518,0.20447856059090982,-0.04873114694747393,0.19244571375261527,-0.051608249501231634,0.18614899372977808,-0.10489962716825026,0.24727220598690297,0.24735305875254998,-0.0663834092199325,0.15085724173062323,-0.031310387827430224,0.1634914200712916,-0.011136750220676409,0.1266069762884931,0.02644009072148401,0.0950221624236714,0.24222321964228913,0.24743602399237324,-0.048577184579921336,0.1333668169631593,-0.002951528139977742,0.09583789001805963,0.054946702534655244,0.07830264461081672,0.05998942157576908,0.0625784080985303,0.24034907096138866,0.24681973999534831,0.1812083991421987,-0.09367921979988823,0.204926887971572,-0.03130587383722683,0.15943984569299158,-0.018580757238627787,0.15459763245727284,-0.08366858480552414,0.24565451594333035,0.24732961939860806,0.24741113662063688,0.24549923082853944,0.24657755025603362,0.2415593734161368,0.24523151891220515,0.2386024298009876,0.24668338213423036,0.23234335397689881,0.24748691724573488
0.24030769530069096,0.24031778388387842,0.23774699916087175,0.2394581532530594,0.23959820169656104,0.23782807801014663,0.2500000000000001,0.23933490656648834,0.2351905375006541,0.24033773581152595,0.23900844188985554,0.16040997726937628,-0.07393694781945269,0.1968963923552967,-0.04323720850044803,0.18618867893034707,-0.05932892190239146,0.18253176743276683,-0.10325521229299764,0.24013595291217774,0.24021037300746,-0.06925770406443119,0.14870496321546353,-0.032519323231415,0.16034789166306734,-0.012210624264948166,0.12443903940656052,0.023260525031230724,0.0939113250860116,0.23531066492627253,0.24028789867558045,-0.045846171699919634,0.1282813633228554,-0.0015644458889903143,0.09136073900282456,0.05474798601453733,0.0743169949657826,0.05979849613272917,0.05914724073483121,0.23344082679155337,0.23968911834078088,0.17557330683981118,-0.09096587003118105,0.19893157775881534,-0.03058815295042617,0.15463469534902663,-0.017710015796465757,0.14972117296841675,-0.08087834273790014,0.2385555699097858,0.240185063306234,0.24026421599514947,0.23841763654694162,0.23945273114177665,0.23457648373022963,0.23814377416210503,0.2316771946244249,0.23955636900350555,0.22559907875437749,0.24033781429309672
0.24895842289189307,0.248972433770753,0.2463887292748062,0.24810565437323043,0.24821230706254782,0.24649154266441425,0.23933490656648834,0.25000000000000033,0.2437705368359344,0.24899283196979824,0.24758082248298338,0.16720962667305592,-0.07862160201873064,0.20541891489524128,-0.048760261838300165,0.1936787690314808,-0.051684988522787384,0.18694834417279163,-0.1051482715322856,0.24877612833868323,0.24885788102862744,-0.06627805585547349,0.15153156179296648,-0.031079656765168405,0.1642247484730541,-0.01087481162149621,0.1271026935065461,0.026926999425077914,0.09539804285315254,0.2436968811805519,0.24894185054980217,-0.04885665595339686,0.13414357984572428,-0.0029465877181815425,0.09642826869885308,0.0552197377983472,0.07885093923768575,0.06025205520113423,0.06307582701560381,0.24180323407354806,0.24832179616261915,0.18231562898291434,-0.09423611256153329,0.2061728233197887,-0.03150641006519724,0.16043124843614515,-0.01872506490612987,0.15557745018252767,-0.08420402601899862,0.24714897459577687,0.24883478942686368,0.2489168015838942,0.2469926351645523,0.24807786217736388,0.24302743158181705,0.2467232742287658,0.24005503178729382,0.24818443798395595,0.2337550667652762,0.24899304436789285
0.24473571477509493,0.2447505144553936,0.24216654647173472,0.24389869784254467,0.24400233453402626,0.24234881708497627,0.2351905375006541,0.2437705368359344,0.24999999999999994,0.2447700338254208,0.24339040465215014,0.16329995371728406,-0.07561722133461592,0.20127337850455895,-0.04573354727612595,0.18950526515911517,-0.05225715159475485,0.18610580198927631,-0.10830423743112949,0.24456471709087643,0.24463812388309275,-0.06564474859253812,0.14894196438465132,-0.030783603457673024,0.16213658802640976,-0.01229674373590454,0.12628197715461856,0.024160565851078456,0.09495282792679495,0.23955505767968616,0.2447197931866418,-0.04769181104443214,0.13160915872699408,-0.0024814775638765836,0.09419770497375647,0.05487054720064445,0.07684084399381334,0.05991342375376689,0.06126811298580892,0.23772624929507624,0.24411032226406296,0.17909263945407505,-0.09255784870781429,0.20258656739793215,-0.030894840038948445,0.15751651462227978,-0.018193669117995928,0.15269591912904273,-0.08256208198372857,0.24295544395964946,0.24461467711612994,0.24469529853626543,0.24280288443852063,0.24387013599588908,0.2389013154393386,0.24253751600232154,0.2359684763529861,0.24397486632040544,0.22977468656471237,0.24477024792254712
0.24996221961290926,0.249976285301096,0.2473820474954261,0.24910682774924658,0.24921032137868526,0.2474867058088937,0.24033773581152595,0.24899283196979824,0.2447700338254208,0.24999999999999983,0.24857760113838862,0.1679122416291413,-0.07885558625708414,0.20615569962772567,-0.04877444561443962,0.19446241802405065,-0.05187123919264344,0.18753639264489977,-0.10540089183256492,0.24977880588344975,0.24986109242353838,-0.06645949675575336,0.15212134114368148,-0.031143051969672833,0.16482340543120372,-0.010842506541458864,0.12755160527369755,0.02710785242354996,0.09576054742365589,0.24468341955121586,0.24994552674138018,-0.048996579252881485,0.1346311207952797,-0.002904173132757832,0.09677479261190194,0.05545824282915029,0.07914944311798539,0.06050201773848678,0.06332642114840956,0.24277661684929808,0.24932298442854212,0.18305728625919115,-0.0946155760398856,0.20699645241306222,-0.031627927704670274,0.16106636440340405,-0.018789931079977718,0.15619881557972065,-0.08453675487429417,0.24814531798760944,0.24983806185514884,0.2499204041086793,0.2479887105128418,0.24907804195385372,0.24400703527597625,0.24771803313978213,0.24102308771363823,0.24918510506928482,0.23469706860489178,0.2499969544377892
0.24854321021404602,0.24855722881250694,0.24597575534065727,0.2476912671328611,0.24779609381567083,0.24608101472936564,0.23900844188985554,0.24758082248298338,0.24339040465215014,0.24857760113838862,0.24999999999999994,0.1665846482496281,-0.078543915279868,0.20490502648889417,-0.0486228781452343,0.1933274740889012,-0.05171364267494731,0.18672903060004997,-0.1051207197898389,0.24836159205124236,0.2484427553899265,-0.06602404104039088,0.15115707705278916,-0.030938241762677152,0.1639058718436823,-0.010870666980078195,0.12687470143332333,0.026866712140196574,0.09520120253886294,0.24328754628933927,0.2485267346820363,-0.048879332903027976,0.13402958661224942,-0.0030406343623626333,0.09636224464955737,0.055069493818037836,0.0787874871155953,0.060103240131685644,0.06302023671028101,0.24140083401590295,0.2479076946207223,0.1820186455887383,-0.09408890833209144,0.20584384062041636,-0.03146012062514697,0.16018907905409102,-0.01871832670021147,0.1553386309605413,-0.0840842341619509,0.2467372605120824,0.2484198116682522,0.24850168784463905,0.24658087863350098,0.24766428326605086,0.24262321234889936,0.24631206162325148,0.2396558825917899,0.2477705991854346,0.23336746297314662,0.2485778032759803
0.16789017667842604,0.16789986637446336,0.1675932133055285,0.16741849941773385,0.1672678621983126,0.16646352872902112,0.16040997726937628,0.16720962667305592,0.16329995371728406,0.1679122416291413,0.1665846482496281,0.24999999999999972,-0.16028880428176967,0.1779827472937257,-0.03951824455200306,0.12328138282186532,-0.022602289148019396,0.11620249120418506,-0.059238176686697834,0.16772429521470014,0.167879650345241,-0.14427299538445068,0.1567467686568795,-0.08759288336195425,0.14508838713736594,-0.033084023192987214,0.1112357624706244,-2.3116069107954927e-5,0.0824271702459275,0.16503926817666903,0.16787554724960907,-0.028094825066913957,0.08432566691550268,-0.0013251787194594154,0.06028096527268252,0.045923869316116715,0.041422700639760966,0.05389415619820549,0.02719869448819565,0.16388114253959243,0.16745497526117104,0.12059564110709822,-0.06618964115516475,0.14051144299976,-0.023687407633119398,0.10775910629153601,-0.010243222646354631,0.10122457872475453,-0.054202729880517435,0.16671421019522978,0.16780608118799184,0.167861431782417,0.16670928454260484,0.16731038808245358,0.16409639061366227,0.16642265318127228,0.16172544041193665,0.16737867041765273,0.15774652067557407,0.16791281045880357
-0.07884459863883865,-0.07885517478830092,-0.08120484922049079,-0.07885496612132495,-0.07834388220780097,-0.07877228257502518,-0.07393694781945269,-0.07862160201873064,-0.07561722133461592,-0.07885558625708414,-0.078543915279868,-0.16028880428176967,0.24999999999999986,-0.12242802571236781,0.04029516017328188,-0.06196428983917574,0.009309651437166498,-0.0518019399342276,0.02240211697411588,-0.07875758240462322,-0.07887918593161047,0.11467877871504963,-0.0978121888652229,0.08209253428053333,-0.08967711880718161,0.03759778723862487,-0.06918796035333605,0.012117937709072267,-0.04925721088776246,-0.07782866262833243,-0.07883753328403942,0.011717252160670481,-0.03941099753711146,0.0002934348851921534,-0.026606358653091588,-0.026249506357551702,-0.013707218142370515,-0.03254807381610726,-0.004752790185006102,-0.07741636303264789,-0.07864061020581008,-0.05591858229303504,0.032227411314096226,-0.06636020199335019,0.011895798955947223,-0.04962467615076968,0.0027958793862887426,-0.04507427825108531,0.02374707391281652,-0.07832410787986686,-0.0788061931570689,-0.07883221679182333,-0.0783536950748139,-0.07858628567639726,-0.07718992415295102,-0.0781934104999607,-0.07589526885563999,-0.07861659704188778,-0.07421121435327667,-0.07885630463989023
0.20612628117637394,0.20614235316824175,0.2041810867132598,0.20554250297992455,0.2054482163523583,0.20447856059090982,0.1968963923552967,0.20541891489524128,0.20127337850455895,0.20615569962772567,0.20490502648889417,0.1779827472937257,-0.12242802571236781,0.2499999999999998,-0.09188911290141609,0.162505145810532,-0.036143525874510564,0.14839650554506684,-0.07822556813234978,0.20595252647698412,0.20610068994227623,-0.10215823253852521,0.14988284579246564,-0.0703613249129909,0.15956052935191933,-0.028425070973889573,0.12067214751245622,0.011997217189636424,0.0896385996448247,0.2020873017861186,0.2061103891478246,-0.032496186308773274,0.10486369716063387,0.005572944246854544,0.07141274939367888,0.053686679020702725,0.05625776623733506,0.0587329339766269,0.04304598938366683,0.20041724976116035,0.20559999590728656,0.14946911842759497,-0.07728103764412292,0.1695233297549341,-0.02609883208404979,0.12998877353125685,-0.012065104056124697,0.1254182147683725,-0.06687412072652259,0.20461160903982942,0.20602501833455963,0.20609288193861486,0.20450718913396593,0.20539561926426989,0.20119892891775532,0.20428031412141176,0.1986037449757422,0.20548909385195324,0.19344168322118785,0.2061559918982914
-0.048765176272668624,-0.04877457290391305,-0.047916675837873624,-0.0487319216072813,-0.04931839279644648,-0.04873114694747393,-0.04323720850044803,-0.048760261838300165,-0.04573354727612595,-0.04877444561443962,-0.0486228781452343,-0.03951824455200306,0.04029516017328188,-0.09188911290141609,0.24999999999999983,-0.10349617959674078,0.04027169814987189,-0.047550169175813936,0.026387401487332922,-0.04873443121655392,-0.04877523268867575,0.010981296275434515,-0.026386506608678764,0.0218251141623739,-0.04985062887056007,0.04401539429348904,-0.04800521362504785,0.009608480615461344,-0.029194122161045374,-0.04737070996623369,-0.04876298343926179,0.0011471420974731405,-0.02081362940461653,-0.010412577186590657,-0.009145682835355513,-0.01934096271584707,-0.007016257891667862,-0.01965957422488589,-0.004879656916918634,-0.04723529596265137,-0.04864596588293037,-0.03349962519012604,0.015071289858201572,-0.03775085708642717,0.006068481175046157,-0.027583020504623572,-0.00017372669510185823,-0.02712697307226461,0.013233140043230044,-0.048334426190682775,-0.04874367459293306,-0.04875964149607777,-0.04825220843241234,-0.048570672203530375,-0.0473787014413497,-0.04827757931570154,-0.04675033782699712,-0.048602634266212794,-0.0454244570335404,-0.04877459551595593
0.19443469034756963,0.19444560960688248,0.19219716552664445,0.19375045543691655,0.19415531603375222,0.19244571375261527,0.18618867893034707,0.1936787690314808,0.18950526515911517,0.19446241802405065,0.1933274740889012,0.12328138282186532,-0.06196428983917574,0.162505145810532,-0.10349617959674078,0.2499999999999998,-0.10706217519937873,0.17013501569741252,-0.10559104850466448,0.19432767149397717,0.19435533246953873,-0.04653913822892729,0.11507112575946847,-0.03137742391315678,0.14220231106611572,-0.05989020359526332,0.12861340593074913,-0.005401567771439237,0.09295687383300832,0.19042183804136736,0.19441785471145204,-0.023104854819855032,0.09215926281610352,0.014199895398063269,0.05868271233774579,0.057250724730864046,0.04563128481756713,0.06176718938902651,0.03427165085079865,0.1888600965649384,0.19393642356613805,0.13959172071937537,-0.07091171729824362,0.15818209975476105,-0.024673723195920892,0.12020895347710618,-0.008958721314658427,0.11604408046737584,-0.06051602276046314,0.192931444775937,0.19433918946109394,0.1944031005165565,0.19284846263405647,0.19371714257085115,0.1895779188217085,0.1926271549700899,0.18709466479404696,0.1938146244129829,0.18204214943582595,0.19446269208088796
-0.051867024783189615,-0.051871064882752844,-0.05121972574771355,-0.05179910401715791,-0.051873506466522605,-0.051608249501231634,-0.05932892190239146,-0.051684988522787384,-0.05225715159475485,-0.05187123919264344,-0.05171364267494731,-0.022602289148019396,0.009309651437166498,-0.036143525874510564,0.04027169814987189,-0.10706217519937873,0.24999999999999972,-0.11372588011616547,0.09698365113281585,-0.051959116049643435,-0.05185036120585591,0.021044715856401604,-0.03815154843751669,0.017586835534346455,-0.0601733617582988,0.07322245461239082,-0.07770801290566823,0.059370528567826306,-0.0641609998900026,-0.051187767337149234,-0.05184837620849054,-0.02535903979637784,0.003255482808579901,-0.03706732839167476,0.020357534197392665,-0.04412307802761707,0.021029410641038613,-0.04630681356017393,0.021892802345467505,-0.05062488409578373,-0.05172550886173972,-0.03116482466116149,0.013654870230690858,-0.0364219800630296,0.004617739176164767,-0.021946496582850354,-0.0083461122401556,-0.020116254803576334,0.005905519765128061,-0.05129341162685724,-0.051838565058591274,-0.051855407525625605,-0.051385556204298126,-0.05162107105830098,-0.050175528877449825,-0.051267458746394136,-0.04915685964413998,-0.05166707638917279,-0.047519535146004294,-0.051871368188517585
0.18751086055655625,0.18752621830875557,0.18556655558285978,0.1870288497880353,0.1870579348117671,0.18614899372977808,0.18253176743276683,0.18694834417279163,0.18610580198927631,0.18753639264489977,0.18672903060004997,0.11620249120418506,-0.0518019399342276,0.14839650554506684,-0.047550169175813936,0.17013501569741252,-0.11372588011616547,0.24999999999999975,-0.16625308526350194,0.18755328654513212,0.18744000635675373,-0.048346469166416474,0.1132928494553087,-0.024533934906597832,0.13512673123494928,-0.04430279314790397,0.12706272631196205,-0.028939043707352757,0.10104134092128267,0.18339941367177495,0.18749208296471487,-0.02131330993750348,0.0879736135274636,0.014477915167082293,0.053872944113977216,0.058031412872271,0.04075714718981539,0.06334708344515842,0.028456053281779057,0.1824393650138176,0.18703021473130368,0.13401739723220155,-0.06743452471559407,0.15164843948907603,-0.020982027371356526,0.11429748127050147,-0.007509580378938172,0.11028345444284446,-0.057121755526705634,0.1860527409740808,0.1874173328549364,0.18747905548802876,0.1859792190142418,0.18682674856528853,0.18284429634746438,0.1857720220978767,0.1803669626657745,0.1869113884520057,0.17546821812386454,0.18753647404437188
-0.10538722926523628,-0.10539802026671342,-0.10423776164130677,-0.10521130457384927,-0.10520058821768155,-0.10489962716825026,-0.10325521229299764,-0.1051482715322856,-0.10830423743112949,-0.10540089183256492,-0.1051207197898389,-0.059238176686697834,0.02240211697411588,-0.07822556813234978,0.026387401487332922,-0.10559104850466448,0.09698365113281585,-0.16625308526350194,0.2499999999999998,-0.10550399257055632,-0.10534699885055913,0.025331332234271205,-0.06332793421331402,0.015944205733392638,-0.08386740227403157,0.04604919862260023,-0.09062676129480247,0.04469675380467967,-0.07538381323096535,-0.10313194216201839,-0.10537248181834444,0.0038017292417995663,-0.044257357533147496,-0.016971782075686778,-0.02051417961066634,-0.042371609413268944,-0.011933597773387612,-0.047021224584872255,-0.003923100287809186,-0.10283058921199625,-0.1051165738932198,-0.07391168398902205,0.03636515143332919,-0.08318729098220884,0.010083022591586738,-0.06016419922319647,-0.00013160537936926612,-0.057455922968478186,0.02817931846033567,-0.10453063175336044,-0.1053340257634047,-0.10536870479497172,-0.10452184128189287,-0.10499888255105327,-0.10271487158267499,-0.10440166146476274,-0.10115495888553212,-0.1050479021566056,-0.09838273141590535,-0.10540094828694246
0.24974431884095238,0.24975838363810823,0.24716624575001267,0.24889008809721705,0.24899327516050365,0.24727220598690297,0.24013595291217774,0.24877612833868323,0.24456471709087643,0.24977880588344975,0.24836159205124236,0.16772429521470014,-0.07875758240462322,0.20595252647698412,-0.04873443121655392,0.19432767149397717,-0.051959116049643435,0.18755328654513212,-0.10550399257055632,0.24999999999999994,0.24964325375562071,-0.06636471580894748,0.15195740178073583,-0.031098539103683286,0.16468397794906894,-0.010897090920226855,0.12749158203258376,0.026985030366676606,0.09573224935942753,0.2444708394289871,0.24972762697530015,-0.048909518433108014,0.13447961014552937,-0.002855296873006529,0.09663960376183753,0.055450285223290076,0.07903256905098392,0.06049210194428986,0.0632265396449931,0.24256481176962275,0.24910562959000443,0.1828843182639798,-0.09452414365490491,0.20680972208499615,-0.03160237262103061,0.16091584262553463,-0.01876191650539726,0.1560494634857756,-0.084450112910602,0.247928710459047,0.2496202683952071,0.24970253854308108,0.2477725326223518,0.24886081218050582,0.2437937062844349,0.24750184829880842,0.24081164223877977,0.24896781045161206,0.23449052854545227,0.24977902231774696
0.2498265951093927,0.24984065819728452,0.24724846086351923,0.24897187979588944,0.24907515112500098,0.24735305875254998,0.24021037300746,0.24885788102862744,0.24463812388309275,0.24986109242353838,0.2484427553899265,0.167879650345241,-0.07887918593161047,0.20610068994227623,-0.04877523268867575,0.19435533246953873,-0.05185036120585591,0.18744000635675373,-0.10534699885055913,0.24964325375562071,0.24999999999999964,-0.066535143581487,0.15210468009887018,-0.031208923994653533,0.16478868074785916,-0.010882302247036329,0.12752544625925588,0.02706278986500262,0.09573883848328558,0.2445511962442141,0.24980990287186905,-0.04895452757489245,0.13454330761750455,-0.002887743535004184,0.0967027498996925,0.05544795379921264,0.07908368634814272,0.060491732223658494,0.06326783222857833,0.24264594084458843,0.24918770137321133,0.18295465954608875,-0.09456427277130369,0.20688176074223041,-0.03161037281406883,0.16097268154186264,-0.018771903528680203,0.15610590238220914,-0.08448432605340292,0.24801067365199228,0.24970250272052172,0.2497848002632194,0.2478541693911713,0.24894289867543187,0.24387466930576301,0.2475836511928891,0.24089199752310325,0.2490499102279331,0.2345696928809126,0.24986130900318224
-0.06645446662389376,-0.06646118072334838,-0.06706963695565019,-0.066440361865325,-0.06635910599041826,-0.0663834092199325,-0.06925770406443119,-0.06627805585547349,-0.06564474859253812,-0.06645949675575336,-0.06602404104039088,-0.14427299538445068,0.11467877871504963,-0.10215823253852521,0.010981296275434515,-0.04653913822892729,0.021044715856401604,-0.048346469166416474,0.025331332234271205,-0.06636471580894748,-0.066535143581487,0.24999999999999978,-0.16394491528013505,0.13977807869363199,-0.11453332679595248,0.058906787077640785,-0.08933804034145869,0.03541871740143232,-0.06654531918327745,-0.06673248798297467,-0.06643542870868217,-0.007054226619224011,-0.009026325397147462,-0.010518031491621798,-0.004716811203417629,-0.03888870182815516,0.010359749150494741,-0.048049066995656656,0.019130925734433514,-0.06634577302056091,-0.06626566055011429,-0.043109827613799154,0.03001696159469612,-0.05615859320129339,0.012361483276185577,-0.039867497164207746,-0.0017105429016066069,-0.03247563548430089,0.015654339352284018,-0.06603984163436137,-0.06641740948618365,-0.06643931464835623,-0.06621401739555063,-0.06623299030219033,-0.06520305701956068,-0.06591534515697033,-0.06368849733498899,-0.06626135536595912,-0.06251804992570133,-0.06645963253407616
0.15210262453822598,0.15211207087853848,0.15104999541116582,0.1516796881794766,0.1516631285194153,0.15085724173062323,0.14870496321546353,0.15153156179296648,0.14894196438465132,0.15212134114368148,0.15115707705278916,0.1567467686568795,-0.0978121888652229,0.14988284579246564,-0.026386506608678764,0.11507112575946847,-0.03815154843751669,0.1132928494553087,-0.06332793421331402,0.15195740178073583,0.15210468009887018,-0.16394491528013505,0.24999999999999972,-0.12879657749285997,0.17294138572442536,-0.05770576852031257,0.13559001938064247,-0.022585573902469323,0.10037253539466165,0.14994600587465345,0.15207627087755854,0.00033282106140658903,0.03886645362777318,0.018098744456910853,0.029268711895336013,0.061256186859620164,0.013980999912679289,0.06851270579486128,0.002690794826009082,0.1495307615023967,0.15169719718819813,0.10554716031903423,-0.06019075462614845,0.12428459176966705,-0.020465651527666034,0.09211032500507763,-0.003242231934330412,0.08529813730006684,-0.04371545844841659,0.15100345530742432,0.15202489479024342,0.15207497518652308,0.15100971328999593,0.1515639384593731,0.14859276906767996,0.15075496462740143,0.14621937514090463,0.15163414579627096,0.14275647592926718,0.15212152278347071
-0.031141629912527693,-0.031145933158351503,-0.03144510671687332,-0.031210667600665497,-0.031140450334166368,-0.031310387827430224,-0.032519323231415,-0.031079656765168405,-0.030783603457673024,-0.031143051969672833,-0.030938241762677152,-0.08759288336195425,0.08209253428053333,-0.0703613249129909,0.0218251141623739,-0.03137742391315678,0.017586835534346455,-0.024533934906597832,0.015944205733392638,-0.031098539103683286,-0.031208923994653533,0.13977807869363199,-0.12879657749285997,0.24999999999999972,-0.11591191307668681,0.0696429212398354,-0.0825991521882902,0.04031497298731855,-0.05710368269465097,-0.031985517080241006,-0.031124172947251148,-0.017365585424516626,0.01236936423923417,-0.016446840565527636,0.013650841329820874,-0.03501982742280491,0.024368831990844483,-0.041980280529713816,0.03001948013116392,-0.032330538321771386,-0.03104722579681617,-0.0191330527693555,0.01625106210780194,-0.024489399433141715,0.005115603777156522,-0.013165691012379754,-0.00788137173828378,-0.008009043134687224,0.0017880339252398705,-0.03099002271635368,-0.031123574334596157,-0.031133825133662942,-0.031075579673798807,-0.031054015840253968,-0.030699836985910858,-0.030953884881930717,-0.029723515207213128,-0.031072369375798558,-0.029571701534404353,-0.031143279652335924
0.16480194467031703,0.16481356938692912,0.16334666165991532,0.1643496158111781,0.16438096718315884,0.1634914200712916,0.16034789166306734,0.1642247484730541,0.16213658802640976,0.16482340543120372,0.1639058718436823,0.14508838713736594,-0.08967711880718161,0.15956052935191933,-0.04985062887056007,0.14220231106611572,-0.0601733617582988,0.13512673123494928,-0.08386740227403157,0.16468397794906894,0.16478868074785916,-0.11453332679595248,0.17294138572442536,-0.11591191307668681,0.2499999999999997,-0.09591671886402259,0.17622677303462786,-0.04671610312149025,0.12704706114659542,0.1618868793780714,0.16477479229192987,0.006379129013837172,0.05070434982661012,0.03735436592513005,0.014809014877863541,0.08136250131258817,0.0018010571482160475,0.0871616281522111,-0.008679136532693785,0.1621794300451155,0.1643735230960405,0.11430500449346453,-0.0596651060074041,0.12816244943500152,-0.015441143604892552,0.08952206712934803,0.00569269883863561,0.08491878309385781,-0.04074507443138973,0.1635283132786787,0.1647190466225314,0.1647732495581826,0.16338324126001352,0.164212158605372,0.16072538303414602,0.16333656715666578,0.15819932844752677,0.16429787772812504,0.15441959608988282,0.1648236019630145
-0.010842534594658702,-0.01084598332351377,-0.010829384239533751,-0.010952971849446177,-0.011033902204110933,-0.011136750220676409,-0.012210624264948166,-0.01087481162149621,-0.01229674373590454,-0.010842506541458864,-0.010870666980078195,-0.033084023192987214,0.03759778723862487,-0.028425070973889573,0.04401539429348904,-0.05989020359526332,0.07322245461239082,-0.04430279314790397,0.04604919862260023,-0.010897090920226855,-0.010882302247036329,0.058906787077640785,-0.05770576852031257,0.0696429212398354,-0.09591671886402259,0.2499999999999995,-0.1328375121566888,0.09204106665248517,-0.08563793760838787,-0.010864437120969735,-0.010822644678019187,-0.04800745088121989,0.038578222711733376,-0.05166442114816603,0.053792723815244886,-0.05680501942545562,0.0581291428706051,-0.062114350760686034,0.05979860440380395,-0.012009420442225584,-0.010809471805322709,0.002702385494976403,-0.004014572298741178,0.0014690163321564522,-0.0026906837213414676,0.01261514136332914,-0.02059801091839874,0.01525929744192731,-0.015732173526875396,-0.010541696931646544,-0.010836089551726427,-0.010839451625413055,-0.010607033401218473,-0.010751683855192084,-0.010133976377286144,-0.010639128711219487,-0.009196255071086989,-0.010780923168544097,-0.008902738912349266,-0.01084273389828261
0.127535045481165,0.1275447867287449,0.12635043986779582,0.12721754503189173,0.12726515894770743,0.1266069762884931,0.12443903940656052,0.1271026935065461,0.12628197715461856,0.12755160527369755,0.12687470143332333,0.1112357624706244,-0.06918796035333605,0.12067214751245622,-0.04800521362504785,0.12861340593074913,-0.07770801290566823,0.12706272631196205,-0.09062676129480247,0.12749158203258376,0.12752544625925588,-0.08933804034145869,0.13559001938064247,-0.0825991521882902,0.17622677303462786,-0.1328375121566888,0.24999999999999967,-0.09516654786520296,0.154949206039846,0.1246794786120087,0.1275043067002431,0.03823147778125186,0.014712301656996054,0.061740890834541574,-0.020886484870785944,0.09850485375244525,-0.03904235629220335,0.10994379040544755,-0.05066699130462301,0.12574759604600372,0.12720629451925053,0.07847456476584584,-0.03615360880182683,0.09186301020418691,-0.011009039099532778,0.05722720690438602,0.01768672544626985,0.05085362823150286,-0.017793930326405086,0.12629692280810237,0.12747105070515202,0.12751284532403362,0.1263105914987625,0.1270172070411142,0.12391501132919362,0.12624006063520907,0.1212505117289902,0.12709779746226785,0.11793843349477444,0.12755182461421027
0.027102752560082287,0.027101426782467682,0.02666256438128524,0.026866734150993728,0.026935607709766152,0.02644009072148401,0.023260525031230724,0.026926999425077914,0.024160565851078456,0.02710785242354996,0.026866712140196574,-2.3116069107954927e-5,0.012117937709072267,0.011997217189636424,0.009608480615461344,-0.005401567771439237,0.059370528567826306,-0.028939043707352757,0.04469675380467967,0.026985030366676606,0.02706278986500262,0.03541871740143232,-0.022585573902469323,0.04031497298731855,-0.04671610312149025,0.09204106665248517,-0.09516654786520296,0.24999999999999947,-0.12666507462197016,0.027040166736602384,0.027127050646410224,-0.07140124121598497,0.07420454361565497,-0.06960465529025,0.08834945528698625,-0.06859886701860522,0.09478436846810351,-0.08037111689057586,0.09940159710549407,0.024832046028189628,0.027043015004814434,0.03440539884050941,-0.022716079824566474,0.0357426433003841,-0.009827329374888043,0.04480593065699138,-0.03264532560456517,0.04924570219130291,-0.03899238822705257,0.027303816071149248,0.027090273174073882,0.027099539920490138,0.02701398410215409,0.02711410049297234,0.027336815737218245,0.02711653492188141,0.028211744646899368,0.02709396213581141,0.02810222637313213,0.027107769294807522
0.09574829061534249,0.09575512785502419,0.0948713316646509,0.09550317942184616,0.09549510711199095,0.0950221624236714,0.0939113250860116,0.09539804285315254,0.09495282792679495,0.09576054742365589,0.09520120253886294,0.0824271702459275,-0.04925721088776246,0.0896385996448247,-0.029194122161045374,0.09295687383300832,-0.0641609998900026,0.10104134092128267,-0.07538381323096535,0.09573224935942753,0.09573883848328558,-0.06654531918327745,0.10037253539466165,-0.05710368269465097,0.12704706114659542,-0.08563793760838787,0.154949206039846,-0.12666507462197016,0.24999999999999978,0.09053058208544891,0.0957152965845654,0.054025724500725944,-0.013218124682734403,0.0766919609400783,-0.0478728964975763,0.10683596106713694,-0.0669316366959798,0.12625272733159396,-0.0845691669570924,0.09443541147759889,0.09550144346319019,0.049887872214413105,-0.016374269574507983,0.06197397344683467,-0.003175163947959152,0.030845228299537886,0.02706876420542323,0.022265878858250987,0.00266082072056682,0.09451171341324255,0.09570005584359667,0.09573129171699904,0.0947353401920344,0.09526956254212038,0.09224366976719667,0.09450955474426374,0.08959503065550939,0.09533461539640542,0.0862002408430631,0.09576070026843311
0.24464970907736053,0.24466338193207313,0.24213077577982522,0.2438120373552604,0.24391311787595277,0.24222321964228913,0.23531066492627253,0.2436968811805519,0.23955505767968616,0.24468341955121586,0.24328754628933927,0.16503926817666903,-0.07782866262833243,0.2020873017861186,-0.04737070996623369,0.19042183804136736,-0.051187767337149234,0.18339941367177495,-0.10313194216201839,0.2444708394289871,0.2445511962442141,-0.06673248798297467,0.14994600587465345,-0.031985517080241006,0.1618868793780714,-0.010864437120969735,0.1246794786120087,0.027040166736602384,0.09053058208544891,0.24999999999999964,0.244632870306744,-0.046295681466474545,0.13072982361946042,-0.0013775661083986804,0.09343670342569899,0.05515847783554474,0.07640115958976545,0.05996478581027782,0.061355823846721114,0.2375620129066066,0.2440237650657839,0.1785775148870941,-0.09226730934369164,0.20255538324309028,-0.03143369729471525,0.15768414707654962,-0.018349990627381497,0.1527829621134815,-0.0826169549712819,0.2428667644790163,0.24452812581178124,0.24460869947406366,0.2427246907003043,0.2437808304562456,0.23881097599196635,0.24244713015479885,0.23587300598947897,0.24388748793368645,0.22967289180201117,0.24468363373473193
0.2499110153903728,0.24992507856097573,0.2473313807527433,0.24905580061193308,0.24915929311782392,0.24743602399237324,0.24028789867558045,0.24894185054980217,0.2447197931866418,0.24994552674138018,0.2485267346820363,0.16787554724960907,-0.07883753328403942,0.2061103891478246,-0.04876298343926179,0.19441785471145204,-0.05184837620849054,0.18749208296471487,-0.10537248181834444,0.24972762697530015,0.24980990287186905,-0.06643542870868217,0.15207627087755854,-0.031124172947251148,0.16477479229192987,-0.010822644678019187,0.1275043067002431,0.027127050646410224,0.0957152965845654,0.244632870306744,0.24999999999999978,-0.049028046207972076,0.13464228030885783,-0.002941182995120002,0.09679146681451678,0.05542226007694717,0.07915863201864964,0.060467457285169085,0.06333372865107524,0.24272662229250605,0.24927190576018457,0.18303071594644837,-0.09460815460303455,0.20696382433946622,-0.031625506296247795,0.16104027333379764,-0.018791222005414304,0.15617284040379736,-0.08452478132753449,0.2480946086093805,0.2497868832864856,0.24986920875302024,0.24793801068518861,0.2490270507026767,0.24395732030434059,0.24766737067962874,0.2409742023659037,0.24913408349644675,0.23464971398508647,0.2499457433891726
-0.04898968942751067,-0.048993133050906676,-0.048478581660613564,-0.04884381579547498,-0.048874291600716914,-0.048577184579921336,-0.045846171699919634,-0.04885665595339686,-0.04769181104443214,-0.048996579252881485,-0.048879332903027976,-0.028094825066913957,0.011717252160670481,-0.032496186308773274,0.0011471420974731405,-0.023104854819855032,-0.02535903979637784,-0.02131330993750348,0.0038017292417995663,-0.048909518433108014,-0.04895452757489245,-0.007054226619224011,0.00033282106140658903,-0.017365585424516626,0.006379129013837172,-0.04800745088121989,0.03823147778125186,-0.07140124121598497,0.054025724500725944,-0.046295681466474545,-0.049028046207972076,0.24999999999999953,-0.1638400331180698,0.1291444601327424,-0.13809963145249352,0.06809432737781237,-0.0943052692316007,0.05440724458412862,-0.07173279323859738,-0.04825844285594156,-0.04881284918710838,-0.1089983623973645,0.08560818934709705,-0.07451525443446515,-0.0003529700906199047,-0.04226476521463477,0.005632117504375428,-0.04012844215875479,0.02386052043942199,-0.049269032498084266,-0.0489654324962106,-0.04898172797448033,-0.049618539504237814,-0.049005238458630355,-0.04918481697984812,-0.04909042321278037,-0.0498010694767781,-0.04899995285669926,-0.049467798814584914,-0.048996701388190005
