x1,x2,x3,x4,x5,x6,x7,x8,x9,x10,x11,x12,x13,x14,x15,x16,x17,x18,x19,x20,x21,x22,x23,x24,x25,x26,x27,x28,x29,x30,x31,x32,x33,x34,x35,x36,x37,x38,x39,x40,x41,x42,x43,x44,x45,x46,x47,x48,x49,x50,x51,x52,x53,x54,x55,x56,x57,x58,x59,x60
0.25000000000000006,0.24614343859153315,0.2428467156757223,0.24626184766588874,0.23885047719733749,0.2462686701120429,0.2385556774896573,0.24633878434165726,0.2434484330345204,0.24642326314253107,0.24471100831243384,0.1418564100074244,-0.012563632636302623,0.18467153178809925,0.01428075255444834,0.15632413109404691,0.06977577920578963,0.15904667075727835,0.007508862156801135,0.24637258490820177,0.24566663885051543,0.025031326118718514,0.13752410863981832,0.03461279463532984,0.13555857475678632,0.03842093270604991,0.13036886274238335,0.04336851184402656,0.1327786778174722,0.24591314952303428,0.24596133728629682,-0.06983765467020053,0.17918311783831908,-0.043005928562316546,0.16302235169663917,0.05321790444024519,0.09344918432819158,0.1277824762899492,0.02400565786997948,0.2463297513949661,0.24580152065176422,0.19141106558999627,-0.08660595297663848,0.22536391508838266,-0.010653172770947192,0.16199917797248756,0.09719402342243426,0.12028202453609703,0.0035858368094066496,0.2462676173978274,0.24424668330011176,0.24620026433869105,0.2445249905554069,0.24636796728752844,0.24000053240637761,0.2463672431131634,0.23635934986084223,0.24638535359232305,0.2432565030220666,0.2464259203318646
0.24614343859153315,0.25000000000000006,0.2460986910089431,0.24954101877290552,0.2420770900048265,0.2495476983187585,0.2417521392845975,0.24961764527651695,0.2466915420572728,0.24970292597891156,0.24798836134577795,0.1441678891580594,-0.012914950988525187,0.18713765369368748,0.014589867297393233,0.15832647899509483,0.07087461829786762,0.16105928263541686,0.007721738422703098,0.24965154616046467,0.24893677005261275,0.025093482461381756,0.139487646416732,0.03500922515313793,0.13737337369170854,0.03897893911107673,0.13205881456212384,0.044037546950682224,0.13450314878384445,0.24918605829698934,0.24923481837243833,-0.07074664969627288,0.18155164626393322,-0.0435790942432679,0.16519071938694924,0.05391048531230521,0.09470709319705296,0.1294717947150217,0.024346957636008023,0.24960816182116455,0.2490729177584532,0.19394595040576984,-0.08774877286829628,0.22835918339264769,-0.010800579402711995,0.16416177660479253,0.09848163561122485,0.12189088495352482,0.003629527161451715,0.24954520386239912,0.24749736980603798,0.24947695109375367,0.24777916052855103,0.24964688598477427,0.24319496639613525,0.2496461520105348,0.23950515349470652,0.24966450367146648,0.24649408418141242,0.24970561035129768
0.2428467156757223,0.2460986910089431,0.25000000000000006,0.24620619132245877,0.23886723257663153,0.24624710684502288,0.23850399386030569,0.24629376951053372,0.24341984049322765,0.24636860035595284,0.24467971409282044,0.14470999007666896,-0.016355330339426676,0.18610878703712266,0.013395517951982783,0.15699940863093417,0.06940218987851979,0.1593197632611666,0.0074387295746219835,0.2463181292709122,0.24561429232977208,0.02291525651166291,0.13893383905435872,0.03361661612916052,0.13631669618879436,0.03803326582979544,0.13088742903021963,0.04305106665044607,0.13311621028656814,0.24585815826254653,0.24590842128051496,-0.0696423493930942,0.17889043111380307,-0.042723914840303294,0.1627573403277317,0.05341961927222769,0.09311232618550173,0.12798345011928622,0.02366679025268186,0.24627509493021763,0.24574711329076196,0.19122108297838603,-0.08648537372989241,0.22524169618335782,-0.010528599261761439,0.16186857714132188,0.09721904452211887,0.12018446198272008,0.0036192014558085873,0.24621293260096344,0.24419245545508025,0.24614560247042658,0.24446707279752627,0.2463132683114375,0.2399449496153944,0.2463125431136554,0.23630791217539224,0.24633064992092557,0.24320226720823293,0.2463712083718391
0.24626184766588874,0.24954101877290552,0.24620619132245877,0.24999999999999997,0.2421807538535356,0.24966568749023443,0.2418637753641246,0.24973469350920288,0.24680677157522005,0.24982020255874202,0.24810719638703008,0.1443847814987853,-0.01299309429342749,0.1873925641491816,0.014504405539852362,0.15852425146017687,0.07082813477270627,0.16121481639579083,0.007684602748569442,0.24976882908729475,0.249053666778015,0.02501402320893199,0.1396640720484738,0.03493662143320376,0.13754563378409607,0.038919641762847484,0.1322227405877118,0.043982016621016806,0.13463735360555698,0.2493030210859469,0.2493521344597048,-0.07076888007579127,0.18161312180262904,-0.043562008390280446,0.16523985222078652,0.05397157737663519,0.09470322913023549,0.12956815386712459,0.024303775897548063,0.2497253965686658,0.24918990849061193,0.19402560068253297,-0.0877828945045869,0.22845967713241344,-0.010786996807933316,0.1642228138241337,0.09853739917736476,0.1219344624505074,0.00363801636204508,0.2496624020251141,0.24761360928085094,0.24959412027134725,0.24789520321395667,0.2497641350023802,0.2433087443553865,0.24976340064087327,0.2396177070306186,0.24978176087235354,0.24660977741213796,0.24982288692083085
0.23885047719733749,0.2420770900048265,0.23886723257663153,0.2421807538535356,0.25,0.24218652565479368,0.2344480165660358,0.24226186052605184,0.23934040234772222,0.2423420191357238,0.24065204012323552,0.1405036102041136,-0.013996608707674314,0.1839557305487649,0.007173851113625719,0.15639341553402536,0.0668877207204507,0.15772541324743744,0.006748953229197277,0.2422926073785927,0.24159497104551306,0.02414070706707962,0.13613832747763402,0.03336068767092003,0.134528819557804,0.03645891940603875,0.12963546005659804,0.04130950451000944,0.13159800584620263,0.24183916175513095,0.24189069718020947,-0.06863056207206365,0.17600060245211882,-0.041855844300048566,0.1599838786765449,0.05283859199260409,0.09124462694239542,0.1261511104293517,0.022851203872258342,0.24224995360120138,0.24173048748381998,0.18815462726972823,-0.08512628552489164,0.22156716328381232,-0.01021951251393323,0.15908969369934983,0.09572789996619377,0.11808647302190953,0.0036258118662574634,0.2421887494917423,0.24020133820319162,0.242122562747228,0.24047197747109067,0.2422874885628602,0.23601883466761517,0.2422867764065923,0.23244507363611763,0.2423045857127614,0.2392263501506525,0.24234448129592986
0.2462686701120429,0.2495476983187585,0.24624710684502288,0.24966568749023443,0.24218652565479368,0.25000000000000006,0.24187116887825283,0.2497411776597953,0.24681365810783118,0.2498266915505869,0.24811435424669645,0.14430861367285688,-0.012907717951169441,0.18734560593483135,0.014532691141038397,0.15849182220183686,0.07084458714410491,0.16120194834738802,0.007694230889642353,0.24977530765954187,0.24906011239924875,0.02506920579394711,0.13962235691858838,0.03496986408627491,0.13751338770385976,0.03894390033964238,0.1321955128914263,0.044002314644597904,0.13462035001342668,0.24930951866806633,0.24935852966560862,-0.07077597033386998,0.18162701559823052,-0.04357579674286228,0.16525383483503966,0.0539620258677268,0.09472082625427386,0.12956060481448287,0.02432085799584401,0.24973188384664854,0.24919637810641063,0.19403543668868503,-0.08778831257349858,0.22846819484720016,-0.01079301958079654,0.16423190619607184,0.09853730791971584,0.12194152153959362,0.003636172102705196,0.2496688897632702,0.24762004303110838,0.24960060549147756,0.24790177152023574,0.24977062463241784,0.24331519110790356,0.2497698902800803,0.2396239006346398,0.24978825099160096,0.24661620389530783,0.24982937808487513
0.2385556774896573,0.2417521392845975,0.23850399386030569,0.2418637753641246,0.2344480165660358,0.24187116887825283,0.2500000000000001,0.2419394135445484,0.23907193234941373,0.24202432723167602,0.2403269575815341,0.13940344552940306,-0.01203223307903003,0.182114626660419,0.012976324252141295,0.15470023845114184,0.06349264926754646,0.15814318625459767,0.006171114562951579,0.24197510385255142,0.24128113617566307,0.023852138190974464,0.1355443936888393,0.033833074697947794,0.13360404987454946,0.037321313708764486,0.12882580223451956,0.041305491213672434,0.1311346130105515,0.24152246478405928,0.24157206589657293,-0.06853296335711379,0.1758407171374634,-0.04196330138384127,0.15987713116044172,0.052623449201044656,0.09134325173302286,0.12582961063521644,0.0230558104396694,0.2419324787614948,0.2414137044395812,0.18791798307209284,-0.08501251197780274,0.2212889794585924,-0.010291190570028069,0.15896110597602867,0.0955450233004028,0.11800475751739324,0.003585996718467021,0.24187138997653765,0.23988656004409453,0.24180526696613805,0.24015736870851856,0.24196997645843968,0.23571204752491584,0.24196926463785742,0.2321409687209055,0.24198705145115332,0.23891339446380483,0.24202689470013114
0.24633878434165726,0.24961764527651695,0.24629376951053372,0.24973469350920288,0.24226186052605184,0.2497411776597953,0.2419394135445484,0.25000000000000006,0.24688286965175826,0.24989717466767214,0.2481803408531248,0.14426376867704263,-0.01286237046766637,0.18733836977174828,0.014574026522564098,0.15849721355279717,0.07088642755871466,0.1612246754416362,0.007706311476094318,0.24984576674465128,0.24913035148814394,0.025130005688651855,0.1396130877844574,0.03501524098245978,0.13751397641264831,0.03897969999237809,0.13219966323353996,0.04403803778378065,0.13463551224084983,0.24937987990257232,0.24942879316658417,-0.07080144794399362,0.1816879991089759,-0.04360155669480222,0.16531094629842746,0.053965202291112346,0.09476415989198134,0.12958503151404022,0.02434603747590365,0.2498023400197897,0.24926667928973611,0.19409529186441113,-0.08781642050898858,0.22853542567469984,-0.010802471203103372,0.1642836178267863,0.09856211569415665,0.12198030446169869,0.0036350311333415413,0.24973933048897,0.24768990485521408,0.24967102610867578,0.2479718495940175,0.24984109320897935,0.24338397974329687,0.24984035868035523,0.23969147182819034,0.24985872457661676,0.24668580371398852,0.24989986324628127
0.2434484330345204,0.2466915420572728,0.24341984049322765,0.24680677157522005,0.23934040234772222,0.24681365810783118,0.23907193234941373,0.24688286965175826,0.2500000000000002,0.24696764502723484,0.24527213324133026,0.14176498067991003,-0.012143463571234317,0.1846103071953382,0.015395177269242204,0.15577363617875692,0.07084891184871811,0.15928997220948113,0.00524174855473224,0.2469170696255213,0.24620620070443663,0.024695381184367794,0.13818312049977224,0.0345765608165646,0.13637306394384915,0.038042188719703385,0.13137399699160704,0.04252508670159078,0.1336696431325213,0.24645580586121657,0.24650597911338878,-0.06994825245219533,0.17945109040283,-0.04283140361102894,0.163179639219557,0.053651890661353695,0.09328161781627041,0.1283429707524116,0.02362797644495832,0.24687394597336476,0.24634457879927382,0.19176635837673042,-0.08675268862733702,0.2258192482871877,-0.010522957699725667,0.1622152033532672,0.09748346418018547,0.12043487225715276,0.0036514169837855016,0.24681162503257295,0.24478624786821745,0.24674414447271004,0.24506312212264386,0.2469122181057979,0.24052702128427844,0.24691149142278032,0.23688258282523952,0.2469296418535958,0.2437933500787424,0.24697029895698863
0.24642326314253107,0.24970292597891156,0.24636860035595284,0.24982020255874202,0.2423420191357238,0.2498266915505869,0.24202432723167602,0.24989717466767214,0.24696764502723484,0.25000000000000017,0.2482655902010712,0.14430393331023703,-0.012869063973523874,0.18737926635294466,0.014587342479399981,0.15853267986272943,0.07092518500612936,0.16126556956551175,0.007716164762103105,0.24993139440839596,0.24921575452591288,0.02514498158283052,0.13964793682094445,0.035039146961629644,0.13754567652225125,0.039005156625802805,0.13222930591646515,0.04406593782081518,0.13467050329618566,0.24946536373385783,0.24951424450334753,-0.07082680207671954,0.1817533057464917,-0.04362189500445948,0.16537164049756353,0.053978239872187875,0.09480387864900505,0.1296240859572303,0.02436271601493836,0.24988795713532005,0.24935211215177422,0.19416315561309702,-0.08784729990642544,0.2286146236189004,-0.010808979767381644,0.16434238203274834,0.09859438844185779,0.12202426207482595,0.0036352094780701966,0.2498249270832306,0.2477747985017161,0.24975659877125136,0.24805688173129126,0.24992672415602246,0.24346746698970018,0.2499259893776388,0.23977361693298022,0.24994436157934183,0.2467703657599525,0.24998551434092545
0.24471100831243384,0.24798836134577795,0.24467971409282044,0.24810719638703008,0.24065204012323552,0.24811435424669645,0.2403269575815341,0.2481803408531248,0.24527213324133026,0.2482655902010712,0.25000000000000006,0.14260520753514974,-0.012638631093368657,0.1857806696238294,0.014653412959424796,0.1572138338168622,0.07043783286654247,0.16002860762311466,0.0076576059442975495,0.24821441464238095,0.24750366284757572,0.02524837963561991,0.1384033096704121,0.0350347836198071,0.136376190279867,0.03888813642075321,0.1311311579238436,0.04389752010849345,0.13361517772488313,0.2477517789134995,0.24779968065684427,-0.07037167180986321,0.18056119104761528,-0.043399248412992954,0.16429636639143688,0.053538562006627044,0.09424802583586867,0.1286638955339895,0.02430066812228075,0.24817132901783726,0.24763914279638705,0.19285874781808002,-0.08726299919185992,0.22706012952847132,-0.010771511633077024,0.16324404430021086,0.09789987408240836,0.12121111679226187,0.003597901451991867,0.24810874540582534,0.24607269538399465,0.2480408816261385,0.24635363073107946,0.24820983827447818,0.24179576621138377,0.2482091087145736,0.2381262859915544,0.24822735473899524,0.24507528437134926,0.24826822464648177
0.1418564100074244,0.1441678891580594,0.14470999007666896,0.1443847814987853,0.1405036102041136,0.14430861367285688,0.13940344552940306,0.14426376867704263,0.14176498067991003,0.14430393331023703,0.14260520753514974,0.2500000000000001,-0.11782182835971976,0.17537357661552078,-0.02787838863889435,0.13729685192326124,0.02067179570049216,0.11405422063611192,-0.004623946097773775,0.14428652296645345,0.1439387792328254,-0.07779966369894648,0.15142190906276204,-0.02912567212376835,0.12512363848957164,-0.0025761153095144713,0.11155125376712201,0.005008064922189897,0.10130835016316439,0.14397997413876992,0.14413522537232404,-0.03238804270435968,0.09180303909236302,-0.009427636882376082,0.08279986615697234,0.04410873000956832,0.03609106569654553,0.08836802709937258,-0.0060137402838360806,0.14424979704860708,0.14394663535328592,0.10481260723686614,-0.045828033367069206,0.1282600133704357,0.0009070971781059425,0.08911343045466774,0.05995974898779673,0.0659186769589763,0.004311943875876737,0.14421085350724205,0.1430281512996843,0.14417213183223612,0.1430062076322198,0.14427034536281919,0.14039616557746842,0.14426987145538966,0.13845774997835253,0.14428048344238623,0.14242943704063005,0.1443042738157617
-0.012563632636302623,-0.012914950988525187,-0.016355330339426676,-0.01299309429342749,-0.013996608707674314,-0.012907717951169441,-0.01203223307903003,-0.01286237046766637,-0.012143463571234317,-0.012869063973523874,-0.012638631093368657,-0.11782182835971976,0.2499999999999999,-0.07531695987640179,0.044445857644678226,-0.05056054955952573,0.01732063741332305,-0.027661773217332285,0.00987224055895769,-0.012878277210037465,-0.012873374791430657,0.0672353289108814,-0.05876799745228159,0.03668771069186975,-0.0413022654618554,0.01985800995620403,-0.03471638945470913,0.016353336952683137,-0.025946373079420566,-0.01282184489913628,-0.012921996114122617,-0.0022775270483004558,0.00014252882270847806,-0.009478868171934045,0.0011138636875726283,-0.013070876041516142,0.009829789836165184,-0.017404932954939327,0.014758344344144265,-0.012864995616332232,-0.01284157443281195,-0.004805051224631872,0.001078243989730848,-0.009053701735766261,-0.005120808649926162,-0.0038868089477905655,-0.007604394749768387,-0.002566700011821984,-0.001983538647939295,-0.012859677901666396,-0.012754801569125866,-0.012856808625918544,-0.012634158051678333,-0.012865573612299274,-0.01241225733254626,-0.012865502235591655,-0.012376093088680337,-0.012866447925939245,-0.012686569572901539,-0.012868592809024281
0.18467153178809925,0.18713765369368748,0.18610878703712266,0.1873925641491816,0.1839557305487649,0.18734560593483135,0.182114626660419,0.18733836977174828,0.1846103071953382,0.18737926635294466,0.1857806696238294,0.17537357661552078,-0.07531695987640179,0.2500000000000001,-0.04783844327646396,0.17927969986268363,0.020022947346882845,0.15511306820794094,-0.01180815557012098,0.18735461823844024,0.18680068202440267,-0.027770594820968702,0.15723840431216263,-0.02401446408926845,0.15206988523536286,-0.005798170165166789,0.14399699068535748,0.0005543120217008976,0.13190932222017074,0.18695970451731625,0.18714293579251579,-0.047997501941344216,0.12538745183910563,-0.01615833325163994,0.11117478305832514,0.05617916464708393,0.049580045357700026,0.11294475566063643,-0.005894208572124511,0.18730912005130237,0.18691086362300866,0.1402963366257021,-0.06258789164094226,0.16829229429703385,0.00019714654324014353,0.11612411050106185,0.07810997835701941,0.08543805928491296,0.005687607185782861,0.18725873509543242,0.1857233836262138,0.18720886012247806,0.18578477086400028,0.1873363929267154,0.1822992132120485,0.18733582267816584,0.1797551045824361,0.18734957226710014,0.18493771663559563,0.18738044729617417
0.01428075255444834,0.014589867297393233,0.013395517951982783,0.014504405539852362,0.007173851113625719,0.014532691141038397,0.012976324252141295,0.014574026522564098,0.015395177269242204,0.014587342479399981,0.014653412959424796,-0.02787838863889435,0.044445857644678226,-0.04783844327646396,0.25000000000000006,-0.0766702565523235,0.06426646933066171,-0.02480453464665645,0.02102706033362099,0.014568493439871355,0.014604107863659068,0.013451892100414859,-0.012581153094078385,0.02259321811786461,-0.02224484918764788,0.040430542387428874,-0.029658360427322263,0.03813084487497212,-0.01855385130780059,0.014585224975842297,0.01448235615610643,-0.005432865207021498,0.0162569773424108,-0.014099344319040889,0.018721012943564114,-0.010241431972335305,0.0228290878476695,-0.004921571896798788,0.020922004738901125,0.014581281292745999,0.014549710624638631,0.013585885776373544,-0.006316166263375085,0.01504507768471132,-0.007220656135843,0.015334501678623234,0.0021286143736007714,0.012303011305834695,-0.002314569039636136,0.014580209003497912,0.014459282681246025,0.014574939901146293,0.014557177863644237,0.01458485634462929,0.014377833962026966,0.014584813330612206,0.013978107120678259,0.014585915845336344,0.014431061650076404,0.014588298830465484
0.15632413109404691,0.15832647899509483,0.15699940863093417,0.15852425146017687,0.15639341553402536,0.15849182220183686,0.15470023845114184,0.15849721355279717,0.15577363617875692,0.15853267986272943,0.1572138338168622,0.13729685192326124,-0.05056054955952573,0.17927969986268363,-0.0766702565523235,0.24999999999999986,-0.0202548334267663,0.14869903064463888,-0.024089898545088567,0.15852477112639213,0.15795869793371445,-0.010739752714027778,0.12423358617677532,-0.01480178611157205,0.14070907475384542,-0.04650579829496486,0.14770203172504592,-0.027427577170392518,0.12830206382733192,0.15816154226193077,0.15836646763680096,-0.04160774998135111,0.10422119089260459,-0.006063560758277842,0.08836184935909792,0.05766901632011661,0.03054198602735027,0.10283384731608809,-0.016369815361341692,0.15847429411364436,0.15813616311162515,0.11832697015830235,-0.052873225203309074,0.14172834965615072,0.00420000017000051,0.09445385318081921,0.06820635401989816,0.0690920721299551,0.006408633054737206,0.15843015862718954,0.15713188886260424,0.15838868031698944,0.15715435727893945,0.15849658650223156,0.15412743321560793,0.15849609566950376,0.15210517591915382,0.15850771537456762,0.15645013113594505,0.15853385195349853
0.06977577920578963,0.07087461829786762,0.06940218987851979,0.07082813477270627,0.0668877207204507,0.07084458714410491,0.06349264926754646,0.07088642755871466,0.07084891184871811,0.07092518500612936,0.07043783286654247,0.02067179570049216,0.01732063741332305,0.020022947346882845,0.06426646933066171,-0.0202548334267663,0.2499999999999997,-0.01747179078104319,0.0345035497531968,0.07089083254997551,0.0707909146081647,0.01310299135941411,0.03099218918316007,0.025501436258232646,0.01739915617977746,0.048963510719866106,0.0028951538634811765,0.05738382753536073,0.01080585012399639,0.07080810304130153,0.07073236474208906,-0.021275849207736227,0.05676882891233166,-0.023861549426198014,0.05633009253644199,0.0008571385084656754,0.0443290147339181,0.024385473051747694,0.02644477028875966,0.07089718178296847,0.07074493288286841,0.05742835949303941,-0.026292832789800318,0.06663560882047816,-0.009627800090939763,0.05233918706146332,0.02462389702311902,0.03965032342516317,-0.0014510625143894101,0.07088181804979367,0.07029903823929944,0.07086132229318895,0.07046449099258387,0.0709095801909109,0.06924038199992397,0.07090938783155515,0.06799498243965474,0.07091461857953585,0.07004044428937016,0.07092627078187332
0.15904667075727835,0.16105928263541686,0.1593197632611666,0.16121481639579083,0.15772541324743744,0.16120194834738802,0.15814318625459767,0.1612246754416362,0.15928997220948113,0.16126556956551175,0.16002860762311466,0.11405422063611192,-0.027661773217332285,0.15511306820794094,-0.02480453464665645,0.14869903064463888,-0.01747179078104319,0.25000000000000017,-0.07992411254024287,0.16126191849168586,0.1606517876779086,0.005417111569243072,0.10745710338373993,0.0005941860631014332,0.12074119044578084,-0.015218444996409118,0.13572433382832377,-0.042453755387638965,0.12962486690377256,0.1608858996923492,0.1610521745008032,-0.04261712386215945,0.10820137568912797,-0.009833961454489752,0.09189394198651388,0.057229123595104556,0.03438795669984491,0.1030374531423613,-0.014819916785638381,0.16120621308152616,0.1608622229207567,0.12063125537495718,-0.05371982815131477,0.14438097746429224,0.0033686377331168236,0.09693570033501606,0.06861520987121819,0.07105391437308906,0.006185692408713747,0.16116187525415032,0.15984085338141057,0.16111931603471685,0.1598725638392565,0.16122907960519586,0.15681491847335488,0.16122855789386578,0.15475004255176625,0.16124039782635743,0.15915603891932917,0.16126699042402626
0.007508862156801135,0.007721738422703098,0.0074387295746219835,0.007684602748569442,0.006748953229197277,0.007694230889642353,0.006171114562951579,0.007706311476094318,0.00524174855473224,0.007716164762103105,0.0076576059442975495,-0.004623946097773775,0.00987224055895769,-0.01180815557012098,0.02102706033362099,-0.024089898545088567,0.0345035497531968,-0.07992411254024287,0.25000000000000033,0.007697447451531545,0.007760379162129844,0.005253060225151261,-0.0025649031367486804,0.008654757022572346,-0.010275192057569413,0.01935489311440804,-0.021560604021999892,0.03918686456486922,-0.018139410385467222,0.007724238287700739,0.007658339859380959,-0.0032556206173739704,0.00956215712386532,-0.010142065902631068,0.012218151193146459,-0.0097142401590884,0.016476582500643162,-0.005941370416306004,0.016494143339072273,0.007712303073869176,0.007695332400776836,0.007961834234997661,-0.003925855387824867,0.008476907987926028,-0.005626533039161313,0.009754762763092022,0.00038742130390716684,0.007794031138938677,-0.0019011391742834948,0.007712245447589549,0.00764812057848724,0.007709296294563266,0.0077251636909511385,0.007714539656578232,0.0076452287893773166,0.007714537165600805,0.007368743766986011,0.007715114071314383,0.00763729960798284,0.0077163624688435465
0.24637258490820177,0.24965154616046467,0.2463181292709122,0.24976882908729475,0.2422926073785927,0.24977530765954187,0.24197510385255142,0.24984576674465128,0.2469170696255213,0.24993139440839596,0.24821441464238095,0.14428652296645345,-0.012878277210037465,0.18735461823844024,0.014568493439871355,0.15852477112639213,0.07089083254997551,0.16126191849168586,0.007697447451531545,0.2500000000000001,0.2491644657470831,0.025133600740708327,0.1396275048436228,0.03502086165765344,0.13753032048534727,0.03898079838815578,0.13222017807091122,0.04403570660954335,0.13465693388526437,0.2494140248096021,0.24946294629750823,-0.07081111561356183,0.18171259363664707,-0.04360647953540309,0.16533252057068068,0.05397451981649957,0.09477530067745113,0.12960383922201918,0.02434758829412229,0.2498365467870552,0.2493008125941391,0.194121655181744,-0.08782828139951818,0.22856652475144307,-0.010803414509165263,0.16430568418058167,0.09857576810260014,0.1219966464107261,0.003635715072464123,0.24977352841605222,0.24772382217089617,0.24970521470845183,0.2480057959152509,0.2498753050972229,0.24341729664892886,0.24987457046099382,0.2397243054888877,0.24989293887515765,0.24671958296845226,0.249934083181755
0.24566663885051543,0.24893677005261275,0.24561429232977208,0.249053666778015,0.24159497104551306,0.24906011239924875,0.24128113617566307,0.24913035148814394,0.24620620070443663,0.24921575452591288,0.24750366284757572,0.1439387792328254,-0.012873374791430657,0.18680068202440267,0.014604107863659068,0.15795869793371445,0.0707909146081647,0.1606517876779086,0.007760379162129844,0.2491644657470831,0.25000000000000006,0.02443252123213984,0.1393694549490468,0.03488048849981163,0.13713456495280388,0.03894657055045586,0.13178382556406892,0.04404901183019005,0.13421527608592715,0.248699939504974,0.24874865055245335,-0.07057542747836652,0.18116437456727966,-0.04346984443288477,0.16485388598120632,0.05380016173250455,0.09452705082181191,0.1292101739963315,0.02431617569454209,0.24912117862796987,0.24858700598936473,0.1935456811165072,-0.08756112096869849,0.22790486131667226,-0.010786070542370817,0.1638488239378036,0.09828096235624498,0.12166312885484562,0.0036183598300276094,0.24905834601940302,0.24701450320165116,0.248990222294117,0.24729529653789,0.24915982560747907,0.24272088617815823,0.24915909285839274,0.23903809650701263,0.2491774089462673,0.24601326439582077,0.2492184354409349
0.025031326118718514,0.025093482461381756,0.02291525651166291,0.02501402320893199,0.02414070706707962,0.02506920579394711,0.023852138190974464,0.025130005688651855,0.024695381184367794,0.02514498158283052,0.02524837963561991,-0.07779966369894648,0.0672353289108814,-0.027770594820968702,0.013451892100414859,-0.010739752714027778,0.01310299135941411,0.005417111569243072,0.005253060225151261,0.025133600740708327,0.02443252123213984,0.2500000000000002,-0.08453637039185896,0.06975341916994494,-0.030265757489673455,0.026920233697575676,-0.014322915836122505,0.021959318048614916,-0.005168519397638103,0.0251125681816476,0.025010269976829088,-0.022241685084597,0.037470679408379524,-0.0247051613844279,0.0333210731792093,-0.008677412601101758,0.028551971603781763,0.0007520646874933631,0.01975764751478209,0.025133707037260884,0.025068319499955364,0.03151017585142871,-0.01744961053992874,0.028629155054903103,-0.007618606996352377,0.021368300220057288,0.008680640428267859,0.014922125472975781,-0.0010470800106922836,0.025129399164119104,0.024923534544102666,0.025122903346082356,0.02523658990870448,0.02514001505150442,0.024568729523277003,0.025140069909053285,0.023995653976514715,0.025141845171864487,0.02481732691801024,0.025145928960599112
0.13752410863981832,0.139487646416732,0.13893383905435872,0.1396640720484738,0.13613832747763402,0.13962235691858838,0.1355443936888393,0.1396130877844574,0.13818312049977224,0.13964793682094445,0.1384033096704121,0.15142190906276204,-0.05876799745228159,0.15723840431216263,-0.012581153094078385,0.12423358617677532,0.03099218918316007,0.10745710338373993,-0.0025649031367486804,0.1396275048436228,0.1393694549490468,-0.08453637039185896,0.2500000000000002,-0.07493739151757083,0.14581738454115684,-0.023676456748922423,0.12146108741152885,-0.006971182029272144,0.10679915830378142,0.13932799013484937,0.13951877213481045,-0.01785237813345233,0.07280019506557531,0.008261293737746004,0.06611597088304086,0.05414318919261184,0.02179171362470215,0.09252327699935156,-0.014699596070986662,0.13959801214790882,0.1393152307796599,0.09068808388204933,-0.036261322868320164,0.11928243546574227,0.005064869998485637,0.08304380089626642,0.05756851679374715,0.06328866683104646,0.004614697296375439,0.13955955605728962,0.1384138756196026,0.13952093486738115,0.13814664686507427,0.13961597513322402,0.1358535405922435,0.13961535671297914,0.13414092068009645,0.13962573158600727,0.13785729952836018,0.13964881463951515
0.03461279463532984,0.03500922515313793,0.03361661612916052,0.03493662143320376,0.03336068767092003,0.03496986408627491,0.033833074697947794,0.03501524098245978,0.0345765608165646,0.035039146961629644,0.0350347836198071,-0.02912567212376835,0.03668771069186975,-0.02401446408926845,0.02259321811786461,-0.01480178611157205,0.025501436258232646,0.0005941860631014332,0.008654757022572346,0.03502086165765344,0.03488048849981163,0.06975341916994494,-0.07493739151757083,0.2500000000000003,-0.07703058283675282,0.07013457701921569,-0.03818132614023634,0.048831696322332405,-0.018186901416662248,0.03500258409542307,0.03483265598808521,-0.03138488781871673,0.05664674605899493,-0.04520409740720766,0.05472677672667873,-0.022813780997836645,0.05012112206879549,-0.004378765377950564,0.03537351049691227,0.03502197800415854,0.0349301872282643,0.045973186786822724,-0.0258941304385701,0.04123431344074198,-0.014053352559032669,0.033109938924214946,0.011162262748811342,0.022619410170831356,-0.0024421576830298045,0.03501691577921235,0.03473006345365552,0.03500787856622767,0.035232455639131494,0.03503172100175956,0.034303242959874865,0.035031853815224376,0.03337013951132959,0.03503430072103379,0.03458303664795585,0.035039963995092335
0.13555857475678632,0.13737337369170854,0.13631669618879436,0.13754563378409607,0.134528819557804,0.13751338770385976,0.13360404987454946,0.13751397641264831,0.13637306394384915,0.13754567652225125,0.136376190279867,0.12512363848957164,-0.0413022654618554,0.15206988523536286,-0.02224484918764788,0.14070907475384542,0.01739915617977746,0.12074119044578084,-0.010275192057569413,0.13753032048534727,0.13713456495280388,-0.030265757489673455,0.14581738454115684,-0.07703058283675282,0.2500000000000003,-0.07323277945992265,0.15699586728810572,-0.0338411627805725,0.12582992250089461,0.1372135740839371,0.13745820706245554,-0.02290297930035038,0.07046866864550562,0.023911219408991,0.05390490202598368,0.07204748706095687,0.0036092810814866466,0.10134817739796387,-0.029256488704067007,0.13749784060041043,0.13721592768571897,0.09020477550638117,-0.03634659944245377,0.11710214499972083,0.011827491143617022,0.07441312956618672,0.05995701714744688,0.057410926746723726,0.007071509446544732,0.13745793339069423,0.13633031910000326,0.13742071771919492,0.1360532006024086,0.1375143372811037,0.13362229296778175,0.13751367838394543,0.13218636774905684,0.13752389742711466,0.13576119827445407,0.13754667184736177
0.03842093270604991,0.03897893911107673,0.03803326582979544,0.038919641762847484,0.03645891940603875,0.03894390033964238,0.037321313708764486,0.03897969999237809,0.038042188719703385,0.039005156625802805,0.03888813642075321,-0.0025761153095144713,0.01985800995620403,-0.005798170165166789,0.040430542387428874,-0.04650579829496486,0.048963510719866106,-0.015218444996409118,0.01935489311440804,0.03898079838815578,0.03894657055045586,0.026920233697575676,-0.023676456748922423,0.07013457701921569,-0.07323277945992265,0.25000000000000044,-0.07850746897396149,0.07708135642073417,-0.034459377840567976,0.038978556143411835,0.03876762028955379,-0.025759164906360252,0.057625809419350735,-0.05364828367727055,0.0638867173910732,-0.03699714475143429,0.06760717117475769,-0.011482550784791505,0.049267027349101405,0.03898547369511158,0.03889052914314626,0.04640146468254455,-0.025181441555162904,0.04430461365299189,-0.02013701768199417,0.041729788224480625,0.009308054771437226,0.029420806041641687,-0.004652768204260059,0.03898136785356602,0.03866093241676816,0.038970182818600506,0.03913421076181633,0.038996712372889326,0.03835109364522829,0.03899684502263377,0.037151558882251856,0.03899961307258204,0.038522886103265354,0.039005900646021614
0.13036886274238335,0.13205881456212384,0.13088742903021963,0.1322227405877118,0.12963546005659804,0.1321955128914263,0.12882580223451956,0.13219966323353996,0.13137399699160704,0.13222930591646515,0.1311311579238436,0.11155125376712201,-0.03471638945470913,0.14399699068535748,-0.029658360427322263,0.14770203172504592,0.0028951538634811765,0.13572433382832377,-0.021560604021999892,0.13222017807091122,0.13178382556406892,-0.014322915836122505,0.12146108741152885,-0.03818132614023634,0.15699586728810572,-0.07850746897396149,0.2500000000000004,-0.0735879994129996,0.15045675048057292,0.13188635142184432,0.1321959321262679,-0.022370053224335617,0.0656133535969578,0.030059634705446935,0.048865562317905196,0.08700212001313098,-0.019816586264678585,0.11152291554105732,-0.04890354129961416,0.13218434496708353,0.1319120649614758,0.08596546011833146,-0.03473816532832931,0.1119069418032665,0.01930881425324954,0.06373561263072719,0.06194036797206125,0.04882281637533657,0.00995009794999571,0.13214383211910202,0.13106096414474921,0.1321092185996594,0.13077659297918623,0.1321992321864394,0.1282410563463294,0.13219854977222065,0.12713143446373373,0.13220836098478886,0.13048522004054383,0.13223030383271148
0.04336851184402656,0.044037546950682224,0.04305106665044607,0.043982016621016806,0.04130950451000944,0.044002314644597904,0.041305491213672434,0.04403803778378065,0.04252508670159078,0.04406593782081518,0.04389752010849345,0.005008064922189897,0.016353336952683137,0.0005543120217008976,0.03813084487497212,-0.027427577170392518,0.05738382753536073,-0.042453755387638965,0.03918686456486922,0.04403570660954335,0.04404901183019005,0.021959318048614916,-0.006971182029272144,0.048831696322332405,-0.0338411627805725,0.07708135642073417,-0.0735879994129996,0.2500000000000007,-0.07088396612323081,0.044081873814446906,0.043840286766917126,-0.026183327477699192,0.058592823064203284,-0.05241180122484834,0.06771053905418845,-0.0450377111153438,0.07895977472512183,-0.021679988654781397,0.07366815333752151,0.044044011635573026,0.043939652843807325,0.05031601723266332,-0.02687276569301509,0.04949601159466639,-0.026059248139939824,0.049771434323855744,0.0077336533501608734,0.03752303092921361,-0.0074550800827951486,0.04404032249429018,0.043676997745370226,0.044026361293539346,0.04418207118247866,0.04405632471942525,0.04343455112568427,0.04405644367322188,0.04197851289287963,0.04405961079528953,0.043550022625130594,0.04406671399711508
0.1327786778174722,0.13450314878384445,0.13311621028656814,0.13463735360555698,0.13159800584620263,0.13462035001342668,0.1311346130105515,0.13463551224084983,0.1336696431325213,0.13467050329618566,0.13361517772488313,0.10130835016316439,-0.025946373079420566,0.13190932222017074,-0.01855385130780059,0.12830206382733192,0.01080585012399639,0.12962486690377256,-0.018139410385467222,0.13465693388526437,0.13421527608592715,-0.005168519397638103,0.10679915830378142,-0.018186901416662248,0.12582992250089461,-0.034459377840567976,0.15045675048057292,-0.07088396612323081,0.2500000000000004,0.13417394707816496,0.13450404043088668,-0.02364705966144752,0.07473868570220571,0.02118157971795754,0.052965572431316124,0.08826420853432342,-0.013083790392469175,0.1323856424844865,-0.08786906413007578,0.13462601520942852,0.13434510255319315,0.088684783935064,-0.03640216730918892,0.11447630552819997,0.023807640510919967,0.06289815299187218,0.06794815141417654,0.04192992747217009,0.01436546999433933,0.1345808916641063,0.13348071074656542,0.13454833993286047,0.13320418544962026,0.13464002799973235,0.13047609004541624,0.1346394404564493,0.1294492431275994,0.1346493492361624,0.13283653528981795,0.13467165963221475
0.24591314952303428,0.24918605829698934,0.24585815826254653,0.2493030210859469,0.24183916175513095,0.24930951866806633,0.24152246478405928,0.24937987990257232,0.24645580586121657,0.24946536373385783,0.2477517789134995,0.14397997413876992,-0.01282184489913628,0.18695970451731625,0.014585224975842297,0.15816154226193077,0.07080810304130153,0.1608858996923492,0.007724238287700739,0.2494140248096021,0.248699939504974,0.0251125681816476,0.13932799013484937,0.03500258409542307,0.1372135740839371,0.038978556143411835,0.13188635142184432,0.044081873814446906,0.13417394707816496,0.2500000000000005,0.24899757485069893,-0.07069403045495627,0.18140194076813113,-0.04358054410856109,0.16506851957110852,0.053802088203544096,0.09467849967433549,0.1292827243088533,0.024432901866751636,0.2493706851871462,0.24883594295982617,0.19377716759463187,-0.08767578187951083,0.22815036790961674,-0.010818965631899746,0.16402953341966284,0.09837254645550755,0.12179974638330003,0.003613018793707501,0.2493077989862905,0.24726190823470737,0.24923960620580418,0.2475438497601084,0.2494093793865497,0.24296426550362812,0.24940864623021525,0.2392770430577298,0.24942698045672526,0.2462596940655216,0.24946804792519156
0.24596133728629682,0.24923481837243833,0.24590842128051496,0.2493521344597048,0.24189069718020947,0.24935852966560862,0.24157206589657293,0.24942879316658417,0.24650597911338878,0.24951424450334753,0.24779968065684427,0.14413522537232404,-0.012921996114122617,0.18714293579251579,0.01448235615610643,0.15836646763680096,0.07073236474208906,0.1610521745008032,0.007658339859380959,0.24946294629750823,0.24874865055245335,0.025010269976829088,0.13951877213481045,0.03483265598808521,0.13745820706245554,0.03876762028955379,0.1321959321262679,0.043840286766917126,0.13450404043088668,0.24899757485069893,0.25000000000000056,-0.07112288407310131,0.1812975096151619,-0.043392549563012854,0.16492179941024263,0.05407007769504805,0.09441381769192526,0.12947047435163128,0.02416934688709396,0.24941953573011325,0.24888478465357292,0.19372890691101213,-0.08763136381506964,0.22815268879620676,-0.010721339145647718,0.1639731846388844,0.09841705701797156,0.12178066055091068,0.003631774362525258,0.24935665822603317,0.24731035591737596,0.2492884413211302,0.24759020029752282,0.24945824782994983,0.2430099378956549,0.24945751258656082,0.23932612809420195,0.24947585132273817,0.24630815233471762,0.24951692780135637
-0.06983765467020053,-0.07074664969627288,-0.0696423493930942,-0.07076888007579127,-0.06863056207206365,-0.07077597033386998,-0.06853296335711379,-0.07080144794399362,-0.06994825245219533,-0.07082680207671954,-0.07037167180986321,-0.03238804270435968,-0.0022775270483004558,-0.047997501941344216,-0.005432865207021498,-0.04160774998135111,-0.021275849207736227,-0.04261712386215945,-0.0032556206173739704,-0.07081111561356183,-0.07057542747836652,-0.022241685084597,-0.01785237813345233,-0.03138488781871673,-0.02290297930035038,-0.025759164906360252,-0.022370053224335617,-0.026183327477699192,-0.02364705966144752,-0.07069403045495627,-0.07112288407310131,0.25000000000000044,-0.1388335901380313,0.07889055826399641,-0.09469712890381748,0.00605249961839194,-0.04432550785196475,-0.03019002063654167,-0.016649758630296257,-0.07079231187020342,-0.07056171823367267,-0.12480537619755383,0.07855363298165675,-0.09126441739547636,-6.015377628090089e-5,-0.03926695099544188,-0.044966035896418476,-0.019680074857112505,-0.0056604195363401085,-0.07077064605888911,-0.0702012233187978,-0.07076278141583452,-0.07163585105663929,-0.07081106861875869,-0.06824003523254425,-0.07081174268710004,-0.0669576139038331,-0.07081616920318345,-0.06967002043828696,-0.07082763313785025
