x1,x2,x3,x4,x5,x6,x7,x8,x9,x10,x11,x12,x13,x14,x15,x16,x17,x18,x19,x20,x21,x22,x23,x24,x25,x26,x27,x28,x29,x30,x31,x32,x33,x34,x35,x36,x37,x38,x39,x40,x41,x42,x43,x44,x45,x46,x47,x48,x49,x50,x51,x52,x53,x54,x55,x56,x57,x58,x59,x60
0.25000000000000006,0.24937423539466141,0.24976473589046302,0.24992872944676964,0.2495781197042195,0.24988161209211665,0.24970376010975268,0.24990659049015812,0.24927052242595904,0.24993298953873713,0.24892032965117514,0.21871515674615696,0.2322012527862178,0.18458550113984673,0.23987435890690942,0.17336986707432958,0.23995529325157733,0.1814453014183495,0.2375503186924293,0.24951896937497592,0.24941753997025398,0.22950434656347235,0.21207716273262323,0.22963141280987742,0.2105117462402756,0.2336606600095085,0.19681186311359672,0.2380403328200964,0.2258736483481426,0.2485781072253386,0.24929868367403155,0.2395632579528765,0.206452753236922,0.23237444618845637,0.2115570811340014,0.2403329613847301,0.20901470433770614,0.24354019123852305,0.22843566519155822,0.24925113776083302,0.24948857080210832,0.21943176617072668,0.24105109542478975,0.1859906552685604,0.24307158172866697,0.17414181060287498,0.23646596184208735,0.18228458960462035,0.23686519409049211,0.2493254025266466,0.24979171491404606,0.24980979095775155,0.24951663551439313,0.24991038466219018,0.24964220917939264,0.24989294767335643,0.24970426613470495,0.24992319904559934,0.24985102894937974,0.24993185666308518
0.24937423539466141,0.25000000000000006,0.249271548194002,0.2494355658171429,0.24908571431038923,0.24938854067142327,0.2492110844906949,0.24941347095463612,0.24877866166111948,0.2494398175948632,0.24842918689691224,0.21828454373277473,0.2317437589487534,0.18422265055236955,0.23940036734783798,0.1730267369328895,0.23948157052287172,0.18108739613880673,0.23708153633683393,0.2490266072243316,0.24892535995951168,0.22905008808182623,0.21165843924599956,0.22917762216903018,0.21009544025619464,0.2331993335795333,0.19642418949693513,0.2375702230197372,0.2254285842178586,0.24808756337208215,0.24880674855952126,0.2390903203791524,0.20604378947859636,0.23191500538655346,0.21113862089351113,0.23985825254671758,0.20860051031329835,0.24305948733660557,0.2279840693956286,0.24875930476240682,0.2489962784792092,0.2189982395307115,0.24057548415986335,0.1856224448315032,0.24259198902522477,0.17379807625263372,0.23599912469690548,0.18192486692490153,0.23639770087329312,0.2488334321069242,0.24929882169261985,0.2493168621038012,0.24902428049382502,0.24941725731400774,0.2491496125587662,0.24939985473214613,0.24921154647043775,0.24943004641188868,0.249358018698173,0.24943868694602003
0.24976473589046302,0.249271548194002,0.25000000000000006,0.24982615979948328,0.24947987990834072,0.2497790500005387,0.24960211144731917,0.24980403406633167,0.24916836451111515,0.2498304209956942,0.2488182726080672,0.21861219540271518,0.23210263310484502,0.1844850052530931,0.2397801161902222,0.17326524115352762,0.2398549091984852,0.18134910383294583,0.23745179910029945,0.24941661710690158,0.24931515280133204,0.22941073485192343,0.21197324669340112,0.22954961703586807,0.21044239231219022,0.23358847380852762,0.19673714783391275,0.23794985182394726,0.22578273729526122,0.24847604319900318,0.24919650246177077,0.2394674387811013,0.2063652847837914,0.23227911584942953,0.21146925133854533,0.24023307053843934,0.2089254791762951,0.24343931130248375,0.22834095011299768,0.24914886345243933,0.24938619091826691,0.2193392851536596,0.2409542778376988,0.18590462586452244,0.24297355688394606,0.17406486547163189,0.23637018796469386,0.1822112126346668,0.2367677154430498,0.24922314276356713,0.24968921724314702,0.24970727277139282,0.24941426249773033,0.24980782517862532,0.24953983310792308,0.24979039534570402,0.249601802847676,0.24982063430335275,0.2497484941132353,0.249829288367896
0.24992872944676964,0.2494355658171429,0.24982615979948328,0.25000000000000006,0.24963950108558364,0.2499430673667277,0.2497651722385216,0.24996805192710675,0.24933182747140945,0.24999445746333404,0.24898154894177182,0.21876895018222897,0.2322583680161899,0.184630910134408,0.2399333461085643,0.1734124878512201,0.24001430181164568,0.18148992640895248,0.23760873856112444,0.24958033540304217,0.2494788808462454,0.22956077371703637,0.2121293141052224,0.22968788382684524,0.21056351362002265,0.2337181267457172,0.19686027878311366,0.23809886886878462,0.2259292074670585,0.24863924145392377,0.24935999538090817,0.2396221738643102,0.2065035060550985,0.2324315851469872,0.2116090936137264,0.24039206239693478,0.2090660841942299,0.2436000848270045,0.2284918360976087,0.24931243786446797,0.24954992944667398,0.21948572698756827,0.24111037966390284,0.18603638228599143,0.24313136278632952,0.17418463640310416,0.23652411435851242,0.18232942063612778,0.2369234468678563,0.2493867210217839,0.2498531480854143,0.24987122858298685,0.24957800101025138,0.24997184702718245,0.24970360561950344,0.2499544057499374,0.24976567782163886,0.2499846645621309,0.249912476716729,0.2499933243088505
0.2495781197042195,0.24908571431038923,0.24947987990834072,0.24963950108558364,0.25000000000000033,0.2495923982179417,0.24941595038067133,0.24961738678522888,0.24898228545893406,0.24964375571542155,0.24863224397542558,0.21845724116856863,0.23196082695835857,0.18437056202570037,0.23961153660506845,0.1731177073511175,0.23967371542990096,0.18120732186195998,0.23727400315257818,0.24923023709742778,0.24912870022013953,0.2292345159161921,0.21180539996844858,0.22938872278366934,0.21028903012079236,0.23341895367746604,0.19659908811075288,0.2377710544276951,0.22561999816109068,0.2482901100426818,0.2490102581410591,0.23928853732485858,0.20619804731977087,0.23209988765106554,0.2113009926001332,0.24004991278135662,0.20875511713124484,0.2432558839057372,0.22816419902611365,0.24896265118161978,0.24919987344812003,0.2191713460062789,0.24077542258657658,0.18575424797432188,0.24279303294993318,0.17393257247261157,0.23619246253217657,0.18207606176068478,0.2365899817262217,0.2490369584178661,0.24950265903702182,0.24952069953495648,0.24922789701598322,0.24962117679724125,0.24935342773382754,0.24960375998741074,0.2494153202739011,0.2496339763515985,0.24956189019449537,0.249642623950116
0.24988161209211665,0.24938854067142327,0.2497790500005387,0.2499430673667277,0.2495923982179417,0.25000000000000017,0.24971807832268172,0.2499209269393351,0.24928482331043275,0.24994732770675038,0.24893460888452193,0.21872834763668098,0.23221468403760034,0.18459672183978423,0.23988807461884587,0.17338023595124882,0.2399692425985091,0.18145557977105314,0.23756413627551026,0.24953328429011423,0.24943185226379072,0.22951785946007136,0.21208963389551252,0.22964459120314681,0.2105237646204801,0.2336739858345714,0.19682277055492223,0.2380543019080599,0.2258864585871777,0.24859237195459638,0.24931299274869284,0.2395769970240178,0.20646509650055248,0.23238794818546768,0.21156981047341278,0.24034684945193277,0.20902729968849623,0.24355421463648594,0.22844892071624043,0.2492654419175219,0.24950288397958917,0.21944438506636238,0.24106491476432113,0.1860015278686361,0.2430855244332468,0.17415183719009625,0.236479622830499,0.18229499923686693,0.23687880086367033,0.24933970829850557,0.24980604570632642,0.2498241220680055,0.24953094917390323,0.24992472154386455,0.24965653025929127,0.2499072835547069,0.2497185909107689,0.24993753666241317,0.24986536239824275,0.24994619477656962
0.24970376010975268,0.2492110844906949,0.24960211144731917,0.2497651722385216,0.24941595038067133,0.24971807832268172,0.2500000000000004,0.24974304121512136,0.24910836393828475,0.2497694288233376,0.24875787498230095,0.21859415466295345,0.23205689807859406,0.184490558365113,0.23971781247195545,0.17323224458862704,0.2397951334285835,0.18131183135355783,0.23739798804583678,0.2493556303064812,0.24925408319374118,0.22934557314098555,0.21193372720231526,0.2294815212686547,0.2103677292522205,0.2335135370787146,0.19668213356967282,0.2378866486202791,0.22573113065984038,0.24841494781316856,0.24913552697842709,0.23940475324171986,0.20630607740577495,0.23221438166021044,0.21141458103847482,0.2401712631828088,0.20886537759373616,0.24337943675033247,0.22827848254766445,0.24908802906361802,0.24932534138013854,0.21928158160477415,0.2408945121083956,0.1858542227526714,0.24291368962218896,0.17402573149110306,0.23631039629669914,0.18216534194592443,0.23670912015246431,0.24916232599230295,0.2496282611640623,0.2496463110138763,0.24935329468196515,0.24974683887815058,0.24947887790386788,0.24972941330060436,0.24954086695531413,0.2497596448760053,0.24968752154141005,0.2497682968278051
0.24990659049015812,0.24941347095463612,0.24980403406633167,0.24996805192710675,0.24961738678522888,0.2499209269393351,0.24974304121512136,0.25000000000000017,0.24930974114737817,0.24997231267905215,0.2489594889067647,0.218749694615804,0.23223771610225927,0.18461456162567436,0.23991214829902854,0.17339740178955962,0.23999315421256376,0.18147376421550068,0.23758777626883026,0.24955822842804756,0.2494567862798466,0.22954074611405845,0.21211066826011105,0.22966761527586715,0.21054494102506813,0.2336974304047121,0.196842587078978,0.23807796599033346,0.22590905188821916,0.24861722386164545,0.24933791178746129,0.23960097244750475,0.20648561915988362,0.23241117793046132,0.21159073101286086,0.2403708685666573,0.20904803987269713,0.2435785458432068,0.2284717623838518,0.24929035654863307,0.24952782394895048,0.21946636098572223,0.2410890139661526,0.18602013251491137,0.24310982067566114,0.1741692358399446,0.2365032337046068,0.1823132539085289,0.23690248068447253,0.24936463087010866,0.24983101615008127,0.249849094719497,0.2495558933831065,0.24994970425117102,0.249681486243208,0.24993226451889267,0.24974355307106721,0.24996252065072647,0.24989033919059925,0.24997117963035614
0.24927052242595904,0.24877866166111948,0.24916836451111515,0.24933182747140945,0.24898228545893406,0.24928482331043275,0.24910836393828475,0.24930974114737817,0.2500000000000003,0.24933607724117499,0.24832688337245037,0.21816577041888255,0.23167267839701047,0.1841030121973034,0.23931320219354088,0.17294630607745726,0.23941549843098978,0.1810115479233865,0.23697094613601652,0.24892342533570733,0.24882230979778502,0.22896317620808487,0.21157167923172376,0.22911327198873313,0.21003150820921332,0.23313393808287353,0.19633087968058366,0.23748479998368177,0.22531930703712394,0.24798519888401396,0.24870357355795913,0.23899402136824927,0.20597628066943513,0.23183146447849826,0.2110652389436396,0.23976615227693374,0.20854782648358242,0.24295884547212224,0.22790773206990772,0.24865604431443797,0.24889266280570527,0.21891761760115547,0.24047430207102374,0.18556635585494588,0.2424899128457618,0.17372483568508573,0.23590792287925505,0.18185034981085507,0.23630220646415537,0.24872990873740533,0.2491951465289001,0.2492131729689234,0.24892081286319337,0.24931352645338462,0.24904596018693262,0.24929613110883247,0.24910787804393134,0.24932631023180502,0.24925431297321754,0.24933494717237595
0.24993298953873713,0.2494398175948632,0.2498304209956942,0.24999445746333404,0.24964375571542155,0.24994732770675038,0.2497694288233376,0.24997231267905215,0.24933607724117499,0.2500000000000002,0.24898579266074353,0.2187726695657551,0.23226231780570702,0.18463403797985856,0.23993744211858692,0.17341546285406223,0.2400183991373724,0.18149302286138547,0.23761279007659328,0.24958458962283897,0.24948313351884205,0.22956470016720756,0.21213293531606128,0.2296918011131303,0.21056710777723453,0.23372211043968102,0.1968636256557044,0.2381029328810616,0.22593305127016197,0.24864347999363787,0.24936424596010304,0.2396262597097082,0.20650704503436407,0.2324355563598182,0.2116127154768491,0.24039616513595854,0.20906966920515685,0.2436042389087266,0.22849573964518546,0.24931668756212164,0.24955418306368657,0.21948947334635865,0.24111448872566646,0.18603956714346478,0.24313550640193562,0.17418760748394946,0.2365281488839851,0.18233252805196037,0.23692748644028166,0.24939097187169926,0.2498574068955795,0.2498754876948216,0.24958225515159002,0.24997610785409896,0.24970786184470461,0.24995866627956326,0.249769935121184,0.24998892560752498,0.24991673653151641,0.249997585501852
0.24892032965117514,0.24842918689691224,0.2488182726080672,0.24898154894177182,0.24863224397542558,0.24893460888452193,0.24875787498230095,0.2489594889067647,0.24832688337245037,0.24898579266074353,0.2500000000000002,0.21776655174484905,0.23129321610717074,0.18391994163435627,0.23895936191836153,0.17270929901051854,0.23907962794823145,0.1807400135695121,0.23666661630266983,0.24857337130408477,0.24847196825646145,0.22862825950121396,0.21129249933213404,0.22873562018885285,0.20967896176890838,0.2327702197783094,0.19603394606505928,0.23716726149896097,0.22501222935921086,0.24763516309029684,0.2483543671031332,0.23864718567800303,0.20568179704999753,0.23148628901777354,0.21079985377177465,0.23942026249969492,0.2082497864972688,0.2426180735148014,0.22756631766535837,0.24830703595588952,0.24854319713319853,0.218588258831162,0.24013722390906728,0.18527568091644606,0.2421511701639092,0.17348336782435372,0.23557603270881516,0.18158831120339253,0.23596713831789634,0.2483809041444175,0.24884514620269044,0.2488630607412058,0.2485707963074722,0.2489632732618526,0.24869609292478437,0.24894590235655095,0.248757924984028,0.2489760390823823,0.24890413842873485,0.24898466388917395
0.21871515674615696,0.21828454373277473,0.21861219540271518,0.21876895018222897,0.21845724116856863,0.21872834763668098,0.21859415466295345,0.218749694615804,0.21816577041888255,0.2187726695657551,0.21776655174484905,0.25000000000000033,0.20106317842724328,0.15897344496073307,0.20985740581036735,0.14993658214585776,0.2102065054018263,0.15776075796048042,0.20792289178609713,0.21840671534718845,0.21828708086544824,0.19842061743352798,0.18513867170391393,0.20063930904661723,0.18350240355020006,0.20454952755558936,0.1731180046689591,0.20820777679071706,0.19840953011769774,0.21753008749137132,0.21820699368273652,0.2094658374698275,0.17883993581868757,0.20233617450124983,0.18428767323843306,0.20978509810054854,0.18106454115795606,0.2129785547985075,0.1989982631719995,0.2181722712552219,0.21838747271896336,0.1913480555681554,0.21109113735518956,0.161142687673757,0.21285940056357805,0.15214456197327358,0.20679977678032396,0.15954127016918646,0.20721179821144706,0.21824754561093063,0.2186498628523455,0.21866483838866574,0.21840270872586598,0.21875288933524756,0.21852171354145064,0.21873762631767937,0.21857376077189208,0.21876410612943759,0.21870089298280676,0.21877168436271538
0.2322012527862178,0.2317437589487534,0.23210263310484502,0.2322583680161899,0.23196082695835857,0.23221468403760034,0.23205689807859406,0.23223771610225927,0.23167267839701047,0.23226231780570702,0.23129321610717074,0.20106317842724328,0.25000000000000044,0.16694510769367896,0.22292341972593413,0.16036984443738497,0.22301102363550018,0.16769374088358205,0.22043850584216568,0.23188111266354602,0.231785338383451,0.21300017249157915,0.1963936132685074,0.21280209802303526,0.1969182092605725,0.21773612490974475,0.1831754507337748,0.2211454062942265,0.20982826742533423,0.23102006170200834,0.23167051917643283,0.22281016129103795,0.19178196145649645,0.21613845596376288,0.19610380209251993,0.22338249161361004,0.19404952531730052,0.22628879404829508,0.21248244841718916,0.23162336757422503,0.23184697296461654,0.2041173957554381,0.22404578820111123,0.17293688196547052,0.22589765259014372,0.1616960446975702,0.21973239396400154,0.1695294689350111,0.2201409695319366,0.23169290634628098,0.23213000358285774,0.23214783118264293,0.23187968586643257,0.23224131204799436,0.2319934259572327,0.232225107870343,0.23204995214476304,0.23225322041632676,0.23218622268308103,0.23226126592649127
0.18458550113984673,0.18422265055236955,0.1844850052530931,0.184630910134408,0.18437056202570037,0.18459672183978423,0.184490558365113,0.18461456162567436,0.1841030121973034,0.18463403797985856,0.18391994163435627,0.15897344496073307,0.16694510769367896,0.2500000000000003,0.17467056918863305,0.12137818206308558,0.1776142700950985,0.13171615035326178,0.1750524843449861,0.184311937692095,0.18417067615523125,0.16626025479097065,0.15404498425496777,0.16447628452026203,0.15276186919952248,0.1722870209951998,0.1461323172333303,0.17543053327317404,0.16826482842077461,0.1835015968137314,0.1841446475451836,0.1763117020137242,0.14876982869114277,0.169243327412624,0.1545009275871771,0.17623277737590687,0.1506576552383574,0.17950335981168994,0.16666948846005616,0.1841282899169985,0.1843154856338103,0.16046161417410765,0.1781845794807909,0.13397731734489393,0.17969726598354996,0.1282546684323692,0.17430368574553154,0.1345058045389621,0.1747128256749912,0.1842026667384555,0.1845322074710893,0.18454303534817873,0.1843109710564212,0.1846173456418462,0.18442430609486415,0.18460446439471015,0.18446734306110685,0.18462681215981824,0.18457334127379205,0.18463320784013063
0.23987435890690942,0.23940036734783798,0.2397801161902222,0.2399333461085643,0.23961153660506845,0.23988807461884587,0.23971781247195545,0.23991214829902854,0.23931320219354088,0.23993744211858692,0.23895936191836153,0.20985740581036735,0.22292341972593413,0.17467056918863305,0.25000000000000033,0.16340923699488288,0.23023965788258752,0.17323138661349496,0.2279187876302103,0.23954348250406834,0.23944452727600948,0.22015306772220883,0.2033005679988044,0.22036136177754442,0.20418079943321363,0.22462418859254696,0.1887658069241129,0.22896887590240259,0.21657898705468964,0.23865941376510047,0.23933297376661727,0.23010044274739058,0.19848652677051593,0.2233751834924707,0.20314561853594224,0.23083296576287676,0.20108599425731558,0.23380452993579162,0.21969111735336472,0.23928463215000045,0.23950880522222362,0.2109279945023295,0.23139173833938145,0.17902838091644435,0.23332594418504543,0.1671527348028778,0.22715174244885572,0.17505636749252743,0.22745805040177738,0.23935152346379718,0.2398015496952087,0.23981917084732388,0.2395409407049031,0.23991574193044937,0.23965765726256952,0.23989900228742264,0.23971739727842467,0.23992804381174074,0.23985878667857743,0.23993635518546716
0.17336986707432958,0.1730267369328895,0.17326524115352762,0.1734124878512201,0.1731177073511175,0.17338023595124882,0.17323224458862704,0.17339740178955962,0.17294630607745726,0.17341546285406223,0.17270929901051854,0.14993658214585776,0.16036984443738497,0.12137818206308558,0.16340923699488288,0.2500000000000003,0.1635120931579889,0.12291687031013941,0.16409821989266757,0.1731118429869081,0.17296285292834898,0.15663862071956616,0.1435828692954205,0.1567463670362502,0.14124201177049236,0.15745821592577988,0.13322221796187553,0.16331585918390762,0.15767323772143285,0.172398530246891,0.17295915639797854,0.16533784179802144,0.14236999601636652,0.15957250890150357,0.14499913030737305,0.16574859901713326,0.14175518374989032,0.1688727611749705,0.15707430361933303,0.17294436720749248,0.17311325010899165,0.15136564327217897,0.16698714387289348,0.12799785715804723,0.16846560350982778,0.12094290074408053,0.1638558865543068,0.12581878999750942,0.16424947834767442,0.1730020284165402,0.17331882164983545,0.17332997845472958,0.17311210109788733,0.17339977670881454,0.1732076988396778,0.17338767812741626,0.17325634823246186,0.17340866799077842,0.17335832452219516,0.17341467505889943
0.23995529325157733,0.23948157052287172,0.2398549091984852,0.24001430181164568,0.23967371542990096,0.2399692425985091,0.2397951334285835,0.23999315421256376,0.23941549843098978,0.2400183991373724,0.23907962794823145,0.2102065054018263,0.22301102363550018,0.1776142700950985,0.23023965788258752,0.1635120931579889,0.25000000000000017,0.17158054428604033,0.22897518767783295,0.23962460835237334,0.23952826076688338,0.2200304924365782,0.2037708803627619,0.22017938600019607,0.20269734904870448,0.22550211295438302,0.1881976576881636,0.22956077711587214,0.21641307470075283,0.23872233193152967,0.2394207299265389,0.23001148065380303,0.19869383013523675,0.22325036514146362,0.20400247462286678,0.23089286262368305,0.2018114907774195,0.233921688932999,0.21972010827380728,0.23937443757874896,0.23959222533844077,0.21077487061696615,0.2314683406510152,0.17883527560848575,0.2334273737024392,0.16725235334083502,0.2273334923526443,0.17501685183977753,0.22752768577234397,0.23943935078420622,0.2398840913480965,0.23990008571194735,0.2396175876177392,0.23999669021716705,0.23973803294597842,0.23997994494006133,0.23979812332469738,0.24000899627013347,0.23993965063573103,0.24001731044786936
0.1814453014183495,0.18108739613880673,0.18134910383294583,0.18148992640895248,0.18120732186195998,0.18145557977105314,0.18131183135355783,0.18147376421550068,0.1810115479233865,0.18149302286138547,0.1807400135695121,0.15776075796048042,0.16769374088358205,0.13171615035326178,0.17323138661349496,0.12291687031013941,0.17158054428604033,0.2500000000000002,0.1692974869574825,0.1812036764164275,0.1810765237855023,0.1645210370659004,0.15207503511091053,0.16520260163212866,0.15077097168568676,0.16846060808592958,0.13884564877006542,0.17018559836113414,0.1629191187657422,0.1804828134676196,0.1810050559697242,0.1733139656546752,0.14931209502627138,0.1678188330339815,0.1521096457525225,0.17411090497541382,0.1500056448310908,0.17666581780517224,0.16584972474758072,0.1810028366268401,0.18116948673270275,0.15933094780767132,0.1747099392156925,0.1356421281739704,0.17622825737929193,0.1267189781101887,0.171742387604664,0.1322463550867866,0.17211518021692462,0.18104699744345024,0.18138953101046645,0.18140355356743676,0.1811857477659214,0.18147660428502527,0.1812710491268004,0.18146394212388084,0.18132508807802375,0.18148590965255132,0.1814334362964102,0.1814921965241912
0.2375503186924293,0.23708153633683393,0.23745179910029945,0.23760873856112444,0.23727400315257818,0.23756413627551026,0.23739798804583678,0.23758777626883026,0.23697094613601652,0.23761279007659328,0.23666661630266983,0.20792289178609713,0.22043850584216568,0.1750524843449861,0.2279187876302103,0.16409821989266757,0.22897518767783295,0.1692974869574825,0.25000000000000017,0.23721924984894038,0.23712591271839598,0.2180033687543061,0.20188664543190457,0.2181136487561596,0.19973175172339658,0.2222009726831499,0.1866267940165985,0.22736738149353186,0.21458124783383536,0.2363101852462458,0.23701840080977465,0.22765942211336906,0.19625398754553533,0.22075387697025495,0.20170162320382207,0.22846158892193635,0.19930498280413952,0.2315513582864954,0.21713205654096746,0.2369722633084951,0.23719258774331137,0.20840381834811253,0.2291979319729678,0.17646038833601863,0.23113346313554095,0.16558129137188113,0.224917917532522,0.1732603631100144,0.22517478932848414,0.2370418428837704,0.23747999475958456,0.23749566524198187,0.23721381709347344,0.23759130073622803,0.23733700627348997,0.23757472329858897,0.23739538768919885,0.23760348346673493,0.23753482175302942,0.23761171431552155
0.24951896937497592,0.2490266072243316,0.24941661710690158,0.24958033540304217,0.24923023709742778,0.24953328429011423,0.2493556303064812,0.24955822842804756,0.24892342533570733,0.24958458962283897,0.24857337130408477,0.21840671534718845,0.23188111266354602,0.184311937692095,0.23954348250406834,0.1731118429869081,0.23962460835237334,0.1812036764164275,0.23721924984894038,0.25000000000000006,0.24906994151910264,0.22918397658176554,0.21176986536476525,0.2293157143234173,0.2102290488641892,0.23334326357735197,0.1965386087098321,0.23770955748294736,0.22555278650365718,0.24823204115472006,0.2489512010487602,0.23923106117605675,0.20617032507634644,0.23205618759049568,0.21126163842498935,0.2400005502594758,0.208731344813642,0.2432007338921692,0.22812513357215583,0.24890370947493032,0.24914074670051115,0.2191318487894208,0.24071419034018848,0.18574265253648053,0.24273178045411586,0.1738981100833765,0.23613849731963946,0.18203074684825646,0.23653636997405378,0.24897778046553443,0.2494435026297279,0.24946156277523682,0.24916888027854486,0.24956201626418908,0.24929419139959272,0.24954460358183017,0.24935617415113243,0.2495748127842961,0.24950274381358858,0.24958345833328413
0.24941753997025398,0.24892535995951168,0.24931515280133204,0.2494788808462454,0.24912870022013953,0.24943185226379072,0.24925408319374118,0.2494567862798466,0.24882230979778502,0.24948313351884205,0.24847196825646145,0.21828708086544824,0.231785338383451,0.18417067615523125,0.23944452727600948,0.17296285292834898,0.23952826076688338,0.1810765237855023,0.23712591271839598,0.24906994151910264,0.24999999999999997,0.22905513170025346,0.2116661852241394,0.22918756904198764,0.21009460088626375,0.2332344190592771,0.19638449935424532,0.23765084535792685,0.22543930314432784,0.2481302503888788,0.24885054327093886,0.23912314469879717,0.20609771838097612,0.23195425329148178,0.21122356771947837,0.2399024603261319,0.20868543146008792,0.24310252489937456,0.22803436638531566,0.248803230016682,0.24903961944211647,0.21903286748486778,0.24061500912222264,0.185665620847966,0.2426333241623869,0.17383604339434014,0.23605256335252833,0.1819531709512291,0.23644090949328625,0.24887701208842583,0.2493422124490554,0.24936015662846067,0.24906733698212236,0.2494605693598324,0.24919276918195804,0.24944316375655354,0.24925478434966655,0.24947336067928094,0.249401316508275,0.24948200271381515
0.22950434656347235,0.22905008808182623,0.22941073485192343,0.22956077371703637,0.2292345159161921,0.22951785946007136,0.22934557314098555,0.22954074611405845,0.22896317620808487,0.22956470016720756,0.22862825950121396,0.19842061743352798,0.21300017249157915,0.16626025479097065,0.22015306772220883,0.15663862071956616,0.2200304924365782,0.1645210370659004,0.2180033687543061,0.22918397658176554,0.22905513170025346,0.25000000000000006,0.1917444418192331,0.21139968095367193,0.19693826924624377,0.21643745709346843,0.1818237943511946,0.21971157398139227,0.2075810644975426,0.22833320886077266,0.22899412570957356,0.2204601116991395,0.18955745647272151,0.21371690333147794,0.19403319388151782,0.22063832904951977,0.19171115943944797,0.2235832849340639,0.20991556679756226,0.22893851839551616,0.2291554561615087,0.20149947374047752,0.22157424320351127,0.1701956387287689,0.22339039623150939,0.15941642155613792,0.21738854018391904,0.1675970130995861,0.21757608923732347,0.22900910690789275,0.22943561248963895,0.22945154609240723,0.22918727298390518,0.22954394053951682,0.22930423874719336,0.229527924572267,0.22935546013887673,0.2295557106138001,0.22948947272013717,0.22956366267989467
0.21207716273262323,0.21165843924599956,0.21197324669340112,0.2121293141052224,0.21180539996844858,0.21208963389551252,0.21193372720231526,0.21211066826011105,0.21157167923172376,0.21213293531606128,0.21129249933213404,0.18513867170391393,0.1963936132685074,0.15404498425496777,0.2033005679988044,0.1435828692954205,0.2037708803627619,0.15207503511091053,0.20188664543190457,0.21176986536476525,0.2116661852241394,0.1917444418192331,0.25000000000000006,0.19185852983027005,0.17595152663297797,0.20040460655070108,0.16661387882578807,0.20471230021715964,0.19165539816968416,0.21083429327599723,0.21160937279655942,0.20312605701657543,0.16888181664452492,0.1955360603384888,0.1827768432100315,0.20345889876372458,0.17886805490945912,0.20632097123732765,0.1925118247868208,0.21160435724500565,0.21177431362060845,0.18413928768321264,0.2048666638386564,0.1539577716705266,0.20661553797776364,0.14814833687685997,0.2012996590890233,0.15486878829123496,0.20080721617286093,0.21166902824605754,0.21202403131377487,0.21202836862188268,0.21175455165440116,0.21211375001599,0.21189509606256038,0.21209895031130113,0.21194026894580947,0.21212462650560232,0.21206298237991397,0.2121319747388599
0.22963141280987742,0.22917762216903018,0.22954961703586807,0.22968788382684524,0.22938872278366934,0.22964459120314681,0.2294815212686547,0.22966761527586715,0.22911327198873313,0.2296918011131303,0.22873562018885285,0.20063930904661723,0.21280209802303526,0.16447628452026203,0.22036136177754442,0.1567463670362502,0.22017938600019607,0.16520260163212866,0.2181136487561596,0.2293157143234173,0.22918756904198764,0.21139968095367193,0.19185852983027005,0.2500000000000001,0.19032481124585732,0.21817755326338784,0.18418004313099545,0.22175381418890555,0.20815505744517585,0.2283894619485096,0.22913473783664937,0.22017727538979504,0.1883783186448226,0.21306458042571855,0.1953188510341353,0.22049434813265764,0.1919906279864036,0.22354736106620862,0.2092110284101723,0.2290838331339072,0.22929039533598633,0.20068028839744184,0.22177776829348408,0.1687694870074499,0.22361168284857869,0.159620192337398,0.2176918262292846,0.16772792200234443,0.21759302279680415,0.22915623431399998,0.22956681088573097,0.22957858231032546,0.22930234158405513,0.22967102863709576,0.22943360251065362,0.229655003846098,0.22948301859617073,0.22968280529806723,0.22961636312269612,0.22969076176696912
0.2105117462402756,0.21009544025619464,0.21044239231219022,0.21056351362002265,0.21028903012079236,0.2105237646204801,0.2103677292522205,0.21054494102506813,0.21003150820921332,0.21056710777723453,0.20967896176890838,0.18350240355020006,0.1969182092605725,0.15276186919952248,0.20418079943321363,0.14124201177049236,0.20269734904870448,0.15077097168568676,0.19973175172339658,0.2102290488641892,0.21009460088626375,0.19693826924624377,0.17595152663297797,0.19032481124585732,0.24999999999999978,0.19435848828848323,0.1624315988462124,0.20133573848294892,0.1901774112902202,0.20932261487582896,0.21012241855451164,0.20103027527268058,0.18024616933564705,0.1948418110347299,0.17231243901968402,0.20228786039486765,0.17877850953066748,0.20530963601332297,0.19325629914636042,0.21006191268549104,0.21020596887040557,0.18359159651821544,0.20310444886670104,0.15439814994091564,0.20488036373113971,0.14755527980233837,0.2003773971224831,0.1534409684101795,0.19956099597147206,0.21010397613858164,0.21046082595601867,0.21046330754128573,0.21019393029869454,0.21054806350321356,0.21032013514669823,0.21053337302539166,0.21037243461066377,0.21055885967037305,0.21049738047473102,0.21056615365972228
0.2336606600095085,0.2331993335795333,0.23358847380852762,0.2337181267457172,0.23341895367746604,0.2336739858345714,0.2335135370787146,0.2336974304047121,0.23313393808287353,0.23372211043968102,0.2327702197783094,0.20454952755558936,0.21773612490974475,0.1722870209951998,0.22462418859254696,0.15745821592577988,0.22550211295438302,0.16846060808592958,0.2222009726831499,0.23334326357735197,0.2332344190592771,0.21643745709346843,0.20040460655070108,0.21817755326338784,0.19435848828848323,0.24999999999999978,0.180721764464577,0.22305665728670254,0.21148549082900636,0.2323961703533189,0.23313595343108354,0.22357604510723791,0.19408677760571125,0.21647269700030355,0.19797514931601984,0.2243869277893298,0.1952740947427399,0.22751568008059317,0.21323187444825356,0.23309732575965172,0.23331104277827702,0.20452278727232062,0.22547073890139296,0.17266260163366726,0.22736798934661848,0.1626325552356795,0.22124428715052655,0.17062282685409616,0.22146720151462462,0.23316605768946494,0.2335924805981577,0.2336069010617118,0.23332492866707188,0.23370097098516365,0.2334505564027681,0.2336846650018653,0.2335084601452667,0.2337129542613286,0.23364539102585136,0.23372105033814536
0.19681186311359672,0.19642418949693513,0.19673714783391275,0.19686027878311366,0.19659908811075288,0.19682277055492223,0.19668213356967282,0.196842587078978,0.19633087968058366,0.1968636256557044,0.19603394606505928,0.1731180046689591,0.1831754507337748,0.1461323172333303,0.1887658069241129,0.13322221796187553,0.1881976576881636,0.13884564877006542,0.1866267940165985,0.1965386087098321,0.19638449935424532,0.1818237943511946,0.16661387882578807,0.18418004313099545,0.1624315988462124,0.180721764464577,0.2500000000000002,0.18502972898026715,0.17686122384007988,0.1956087693538852,0.19638874111983132,0.18751527633965556,0.16580729345973025,0.18370427494111244,0.17302219996018198,0.18801291273261356,0.15619710511002888,0.19183543024091937,0.17761636525778957,0.19639011793324293,0.19652989284256914,0.16998174098802257,0.18985514628465833,0.14354010128279657,0.19158266470032234,0.13564299445777062,0.18770281532567065,0.14275732047339676,0.18674002203907702,0.19643930985987665,0.1967662027778255,0.19676657543463816,0.19650152273347204,0.19684581682170957,0.19662941091205177,0.19683208241556696,0.19668222458099635,0.19685591044979325,0.1967982921646987,0.19686272975538616
0.2380403328200964,0.2375702230197372,0.23794985182394726,0.23809886886878462,0.2377710544276951,0.2380543019080599,0.2378866486202791,0.23807796599033346,0.23748479998368177,0.2381029328810616,0.23716726149896097,0.20820777679071706,0.2211454062942265,0.17543053327317404,0.22896887590240259,0.16331585918390762,0.22956077711587214,0.17018559836113414,0.22736738149353186,0.23770955748294736,0.23765084535792685,0.21971157398139227,0.20471230021715964,0.22175381418890555,0.20133573848294892,0.22305665728670254,0.18502972898026715,0.2499999999999999,0.2140734835637682,0.23678935205327437,0.23748781927826018,0.22797375580579,0.19615191421411995,0.22090082632284627,0.20162001293638576,0.22873420937653358,0.19868670865099816,0.23188325621971648,0.21767314858817383,0.23745612928910828,0.23767989161896003,0.20877371329939598,0.22959384991973944,0.17647491033989368,0.23152278284317246,0.16565363704231384,0.22528970686926866,0.17373533247876005,0.22567841252346202,0.23752520174885802,0.23796856592676258,0.23798556627631454,0.23770293068506362,0.23808139940941395,0.23782335272540078,0.23806478776995582,0.23788475229791245,0.23809360726167322,0.2380248280906534,0.2381018550888737
0.2258736483481426,0.2254285842178586,0.22578273729526122,0.2259292074670585,0.22561999816109068,0.2258864585871777,0.22573113065984038,0.22590905188821916,0.22531930703712394,0.22593305127016197,0.22501222935921086,0.19840953011769774,0.20982826742533423,0.16826482842077461,0.21657898705468964,0.15767323772143285,0.21641307470075283,0.1629191187657422,0.21458124783383536,0.22555278650365718,0.22543930314432784,0.2075810644975426,0.19165539816968416,0.20815505744517585,0.1901774112902202,0.21148549082900636,0.17686122384007988,0.2140734835637682,0.24999999999999975,0.22458449941628447,0.22537053960004974,0.21616108605815723,0.18600778480891492,0.2092849476857268,0.19303825608598288,0.21664574713202692,0.18681531967507867,0.22019048079609016,0.20460288713005212,0.22532581063848667,0.225538632707381,0.1969811725834489,0.2180646156773846,0.16579552494860234,0.2199137924290605,0.15662595333666363,0.21390430450963901,0.16431986553044137,0.21394654871126584,0.22540786415777436,0.22581134276853462,0.22582168094274893,0.2255422527729821,0.22591261586227973,0.22567397733408615,0.2258968533214873,0.22572721716771474,0.22592419983284592,0.22585859718768636,0.22593202609925178
0.2485781072253386,0.24808756337208215,0.24847604319900318,0.24863924145392377,0.2482901100426818,0.24859237195459638,0.24841494781316856,0.24861722386164545,0.24798519888401396,0.24864347999363787,0.24763516309029684,0.21753008749137132,0.23102006170200834,0.1835015968137314,0.23865941376510047,0.172398530246891,0.23872233193152967,0.1804828134676196,0.2363101852462458,0.24823204115472006,0.2481302503888788,0.22833320886077266,0.21083429327599723,0.2283894619485096,0.20932261487582896,0.2323961703533189,0.1956087693538852,0.23678935205327437,0.22458449941628447,0.2500000000000001,0.24801286241420603,0.2383325759733966,0.20552345058940738,0.23124750783780235,0.21056736713042914,0.23913302920778381,0.20801389835311868,0.24228677176453334,0.2273258168003541,0.24796525999615235,0.24820105823159894,0.21834455027813587,0.23979853057404563,0.18512990170356694,0.24180739460443115,0.17324224707696181,0.23524866680442674,0.18135123817096327,0.23565209269189766,0.24803837822856512,0.24850281732718094,0.24852091701617973,0.24822960477553024,0.24862099179988922,0.24835385730543633,0.2486036447742988,0.24841585058820548,0.2486337400657577,0.2485619479667177,0.24864235301487952
0.24929868367403155,0.24880674855952126,0.24919650246177077,0.24935999538090817,0.2490102581410591,0.24931299274869284,0.24913552697842709,0.24933791178746129,0.24870357355795913,0.24936424596010304,0.2483543671031332,0.21820699368273652,0.23167051917643283,0.1841446475451836,0.23933297376661727,0.17295915639797854,0.2394207299265389,0.1810050559697242,0.23701840080977465,0.2489512010487602,0.24885054327093886,0.22899412570957356,0.21160937279655942,0.22913473783664937,0.21012241855451164,0.23313595343108354,0.19638874111983132,0.23748781927826018,0.22537053960004974,0.24801286241420603,0.25000000000000017,0.2389983921652031,0.2059775212047189,0.23185250402285149,0.21106640383614347,0.23978360952388839,0.20849088965238285,0.24298647474517593,0.22790266746060273,0.24868383109569572,0.2489208957042582,0.21890733294608136,0.2405074553795131,0.1854883623641521,0.24252143004871582,0.1737030738579181,0.2359285634403384,0.18185720591421575,0.2363239653792969,0.24875833488183735,0.2492233595308067,0.24924132781907032,0.24894876395507584,0.2493416925578559,0.24907437656698275,0.24932429524884114,0.24913609188528857,0.24935447778239084,0.24928246750410557,0.249363115698811
0.2395632579528765,0.2390903203791524,0.2394674387811013,0.2396221738643102,0.23928853732485858,0.2395769970240178,0.23940475324171986,0.23960097244750475,0.23899402136824927,0.2396262597097082,0.23864718567800303,0.2094658374698275,0.22281016129103795,0.1763117020137242,0.23010044274739058,0.16533784179802144,0.23001148065380303,0.1733139656546752,0.22765942211336906,0.23923106117605675,0.23912314469879717,0.2204601116991395,0.20312605701657543,0.22017727538979504,0.20103027527268058,0.22357604510723791,0.18751527633965556,0.22797375580579,0.21616108605815723,0.2383325759733966,0.2389983921652031,0.25000000000000006,0.19622041540302781,0.2227697234421993,0.20367006065930185,0.23108170078930773,0.2019447230099007,0.2338093586517118,0.21937001168318027,0.23896841182212122,0.23919798380586407,0.20935914920340978,0.23126491119597337,0.17719854868394308,0.2332149444740048,0.16652822318218685,0.22656769456300185,0.17497360543926752,0.22699311326491947,0.23904644743959322,0.23949118163637417,0.23950814316835484,0.23922653027266383,0.2396045872729715,0.23935134056002438,0.2395878693573458,0.2394079206033057,0.23961687323096578,0.23954766065688432,0.2396251738264186
0.206452753236922,0.20604378947859636,0.2063652847837914,0.2065035060550985,0.20619804731977087,0.20646509650055248,0.20630607740577495,0.20648561915988362,0.20597628066943513,0.20650704503436407,0.20568179704999753,0.17883993581868757,0.19178196145649645,0.14876982869114277,0.19848652677051593,0.14236999601636652,0.19869383013523675,0.14931209502627138,0.19625398754553533,0.20617032507634644,0.20609771838097612,0.18955745647272151,0.16888181664452492,0.1883783186448226,0.18024616933564705,0.19408677760571125,0.16580729345973025,0.19615191421411995,0.18600778480891492,0.20552345058940738,0.2059775212047189,0.19622041540302781,0.25000000000000017,0.1889931884780354,0.17125486545839413,0.199419128258474,0.1737349099091737,0.20162281998717355,0.18967117090259858,0.20592568041295492,0.2061358161350343,0.18030181369565204,0.1990137099313445,0.15062083735414783,0.20067355843759344,0.14120469932718724,0.19539596639731852,0.15007243131396444,0.1959774211842936,0.205989659334522,0.20638698103520298,0.20640525376110486,0.20616234275992476,0.20648837037438256,0.20625848936867353,0.2064739630473106,0.20631745552994255,0.20649895824190198,0.2064393828879452,0.20650611159692797
