x1,x2,x3,x4,x5,x6,x7,x8,x9,x10,x11,x12,x13,x14,x15,x16,x17,x18,x19,x20,x21,x22,x23,x24,x25,x26,x27,x28,x29,x30,x31,x32,x33,x34,x35,x36,x37,x38,x39,x40,x41,x42,x43,x44,x45,x46,x47,x48,x49,x50,x51,x52,x53,x54,x55,x56,x57,x58,x59,x60
0.25,0.11196702729606049,-0.10987558956286736,0.14826549013371831,-0.14560633573624002,0.15138168407829392,-0.14975073679417614,0.15263816039519545,-0.15205464519986525,0.15336906867764732,-0.18211920000585644,-0.046160590191022075,0.03219725568793531,-0.04147288506391622,0.01006617731656138,-0.0040481689062298425,-0.017465919293491016,0.02217042469552415,-0.030367056792652728,0.03228158183342585,-0.05430399833532084,0.04052584699172656,-0.05519312111100609,0.015444197919582408,-0.014747144855428836,-0.028299559635452366,0.02698100772272091,-0.03445017635852987,0.033067109819375905,-0.03224345197379627,0.0649433197967525,-0.07647799988274603,0.048117671584218154,-0.0414913068270726,-0.01106982433658899,0.019216022091813174,-0.07452479307903995,0.08028903738168837,-0.09921273099544181,0.10248564435947162,-0.10188220967732148,0.038080149900844525,-0.02538819734596724,-0.023565502202011833,0.036389929756392575,-0.08076153404816107,0.09044900219767918,-0.11422876036477464,0.10498723274079953,-0.10299724406954511,0.12075089640290804,0.10106577597405265,-0.09919733141785478,0.1492623753138288,-0.14699031622382738,0.15279806263393175,-0.1512573149863049,0.15261427353306203,-0.15241303104586262,0.15333177675206697
0.11196702729606049,0.25000000000000006,-0.24646796015655853,0.2129661043959983,-0.21095801427685087,0.20765277554100547,-0.20579828913583084,0.20779437320066005,-0.20714747581466572,0.20844699529544597,-0.049070046362058604,-0.1728552863244585,0.15707455721785601,-0.1591587104649713,0.09672826257109392,-0.08306625334889875,0.04481428213767031,-0.03736816848883296,0.02807649228967984,-0.025279130314105322,-0.15481722470340717,0.14926347300935308,-0.16845626003720895,0.11711385295615674,-0.1112569882962993,0.03325808500088228,-0.03162607220466144,0.021543386377645145,-0.023886025895540324,0.025444743528428324,0.16061335123802095,-0.1784714345940147,0.15694056458125616,-0.14656478156394367,0.0660764109450359,-0.049827008152401306,-0.055834580117941034,0.068422017618692,-0.10352130144174782,0.11306762954745034,-0.16556438223603107,0.12021350502533618,-0.10207741173110328,0.03397474226882314,-0.010866813747782048,-0.06820054504151608,0.08705186422266029,-0.13257931817818816,0.11943824811295697,-0.11575536907035715,0.18163465795810613,0.11596904871894984,-0.11259670218066516,0.2006836836517486,-0.19645037640765306,0.20739199365310004,-0.20441072750840486,0.20703601248324163,-0.20667394969154096,0.20845199309068102
-0.10987558956286736,-0.24646796015655853,0.24999999999999997,-0.21052817345916694,0.20857656557756335,-0.20458916230445243,0.20276458948465031,-0.20462791710182612,0.20400052923914172,-0.205280423891975,0.04724890472907709,0.1743156472624112,-0.1603098402412496,0.16201389950042827,-0.09946428242605684,0.08574626180182603,-0.04764907817066631,0.04026723214895722,-0.03121390589890398,0.02844692396357047,0.15569505753095092,-0.1507295865244061,0.16971829996056828,-0.12030946487092327,0.1143128189954179,-0.03643373930664036,0.0346670594827252,-0.024718809646912823,0.027051267603609083,-0.028608221883193157,-0.1610703644946411,0.17885282625540047,-0.15838241339361336,0.14819297262286546,-0.0692624074946466,0.0529903709059678,0.05266221305052593,-0.06530252360795386,0.10035074900466281,-0.10999924415795231,0.16426557407629236,-0.12141847179955806,0.10355880648242147,-0.036550788717342804,0.013566137426831139,0.06502703641807936,-0.08388702924841589,0.12940986505907429,-0.1164232439735661,0.11274529933320647,-0.17965796086217603,-0.11322637994161207,0.10986731032792449,-0.19752587576015426,0.19330361191116216,-0.20422546492219193,0.20124391304232742,-0.20386948939403238,0.20350831430569263,-0.20528638516575898
0.14826549013371831,0.2129661043959983,-0.21052817345916694,0.2500000000000001,-0.2465306555378302,0.24398411235592588,-0.24182506591123076,0.24407402414946267,-0.24329459311050847,0.2447301805564882,-0.08087947256768047,-0.1464584506171357,0.12094895382008101,-0.12596510849482703,0.06401589592531956,-0.050760168449258465,0.011318731595547476,-0.0033930650390200916,-0.0077358154055865705,0.010766427176629166,-0.13704522098316252,0.12351043808304812,-0.14508267404872827,0.08110406278988155,-0.07706986038124905,-0.00284611836121741,0.002770247744529933,-0.014566028207211102,0.012092341291525309,-0.010518865136533048,0.1486286710167859,-0.16741254892891938,0.13243964487942161,-0.12085985442043634,0.03004129596945749,-0.014017583555924112,-0.0920014141662419,0.10400059203193614,-0.1397247307004752,0.14798166615916677,-0.17889426692019875,0.10206610422679202,-0.0812021105427884,0.0018910809168571378,0.022038527435846597,-0.10435060374817784,0.12313892489822699,-0.1688048556564959,0.15373523795983146,-0.14998025362007525,0.20324840500101155,0.14843405328896087,-0.14495120366086053,0.23689942011938453,-0.23258778065437946,0.24367313001495824,-0.24069066721878468,0.24331666217171227,-0.24294303808654158,0.2447239102770439
-0.14560633573624002,-0.21095801427685087,0.20857656557756335,-0.2465306555378302,0.24999999999999983,-0.24350345616508684,0.2415579562092317,-0.24077317422503788,0.24001043016802648,-0.24132219414860626,0.07875550603569106,0.14684769336941825,-0.12185322571735605,0.12698523575251192,-0.06743084071436031,0.054171925943056545,-0.014732608915447294,0.006805024851057609,0.004323884318981995,-0.007354878002121727,0.13741580665006217,-0.12442040488337895,0.1458804781126344,-0.08320182175189647,0.07919889446198294,-0.0005574237536429306,0.0005094043989224129,0.01115434340433414,-0.008689307489267621,0.007118502362296972,-0.148561335444768,0.1672701137211185,-0.1333762039346828,0.12196208254755275,-0.0324898204485677,0.01655488602746377,0.08859331382787883,-0.10064284520787195,0.1363150171169089,-0.144672312052166,0.17724862878032943,-0.10279130490985272,0.0822311845545587,-0.004121367626346124,-0.01962769623001054,0.10130462223760847,-0.12000487118063442,0.1653956140008478,-0.1504788791805335,0.14672883513872892,-0.20095403141213333,-0.14565247980837803,0.14218936169731372,-0.2335175542294045,0.22922814308078554,-0.24026522748876308,0.2372902767669655,-0.23990877472865618,0.23953603846971389,-0.2413169723651503
0.15138168407829392,0.20765277554100547,-0.20458916230445243,0.24398411235592588,-0.24350345616508684,0.24999999999999975,-0.24768847690249965,0.24721956576665274,-0.2464313562676393,0.24781083445058338,-0.08389612939397076,-0.1433262100883852,0.11737352122217076,-0.12241519012611647,0.06094507668202489,-0.04769199174568116,0.008246473497326027,-0.0003215877779803031,-0.010810687770638412,0.013841402028467089,-0.1349068810307488,0.1205772500838589,-0.14232834580021234,0.07776894854538446,-0.07394521897301935,-0.005922920033193139,0.005686835577667898,-0.017641398214106752,0.015156345068448393,-0.013582295463157066,0.14709653041507395,-0.16595633439439592,0.12963931752632937,-0.11801520755050748,0.026776244368763046,-0.010795140715769888,-0.09507903431314838,0.10702619836338013,-0.14280298255667276,0.15094053007398966,-0.17988686527907166,0.10015190710294461,-0.07907424571116696,-0.0011512844541425758,0.0250973628278722,-0.10749933662565152,0.12626212620578964,-0.17188377690311982,0.15663920317974883,-0.15287753487038236,0.20499194129955703,0.1512932546643755,-0.1478047674774571,0.2399810114542237,-0.23566869431735415,0.246753624159869,-0.24377274485447128,0.24639713003481242,-0.24602246461119523,0.24780357480634102
-0.14975073679417614,-0.20579828913583084,0.20276458948465031,-0.24182506591123076,0.2415579562092317,-0.24768847690249965,0.24999999999999983,-0.24638098452889173,0.24564335399417966,-0.24550426233550351,0.08284455423302999,0.14224701630538017,-0.11668638360464514,0.12184838068432634,-0.06140198893832706,0.04840663998021834,-0.01054111470597315,0.002615852869115139,0.008515138211058195,-0.011545805887618506,0.13393709063722564,-0.11980616465425846,0.14152619562930285,-0.07789646323699395,0.07419374101392719,0.004114560210664014,-0.0037390775653924854,0.015345492201244378,-0.012864155921227317,0.011293261828717474,-0.14597936948288182,0.16479167596185984,-0.12895630831595997,0.11748659602882636,-0.027426537026739292,0.011621679576149263,0.09278352055807285,-0.10475737838826009,0.14050120136010408,-0.14868687381676446,0.17840302575323988,-0.09972821157926715,0.07888843792882688,0.000437215076544299,-0.02416136686716576,0.10581905175987484,-0.1244223850066677,0.16958064917486068,-0.15441510683501194,0.15065572810392125,-0.20319168485865205,-0.14966915132928243,0.14620289464594138,-0.23771285875037632,0.23343064975745903,-0.24444707011303243,0.241479351789978,-0.2440906072227147,0.2437164112984727,-0.2454976095911988
0.15263816039519545,0.20779437320066005,-0.20462791710182612,0.24407402414946267,-0.24077317422503788,0.24721956576665274,-0.24638098452889173,0.24999999999999978,-0.24919370464457158,0.24911226933456485,-0.08515908360121355,-0.14203641953063417,0.11586067661616838,-0.12089909445626718,0.05937592853127457,-0.046160159181800914,0.006936530740325025,0.0009873736693105399,-0.012119738376026085,0.015150250919582975,-0.1339695631960668,0.11931193944970146,-0.14113728200637363,0.07623741400866069,-0.0725034138064727,-0.0073001500908586574,0.006968198655863805,-0.01895023425827146,0.01646043411266301,-0.014886243206694464,0.14641909171102566,-0.16531035750963058,0.12842128528854554,-0.11677219518044782,0.025297407152540693,-0.009345229400280512,-0.09638579438229358,0.10830976671353157,-0.14410779548099364,0.1521939434838488,-0.1802867970821999,0.0993009970283068,-0.07813198547671457,-0.00248328183130791,0.026433594636597044,-0.10886844688068316,0.12761088488142977,-0.17318765387975854,0.1578686942134355,-0.1541043481585402,0.20571548953716698,0.15251484556518588,-0.14902439924505034,0.24128445887445377,-0.23697273671469754,0.24805501816177167,-0.2450756325393645,0.2476985278953742,-0.24732343255967978,0.24910457136612338
-0.15205464519986525,-0.20714747581466572,0.20400052923914172,-0.24329459311050847,0.24001043016802648,-0.2464313562676393,0.24564335399417966,-0.24919370464457158,0.24999999999999972,-0.24836620698677717,0.08494848764547226,0.14171362953913083,-0.11568551201793312,0.12065182287689434,-0.05930904317192655,0.04613651222668717,-0.007283655594250794,-0.0005866441978244616,0.011379153713841147,-0.014473741541802055,0.1336380467894261,-0.11904737268548037,0.14084437190831228,-0.0762404612268371,0.07255317390613544,0.006767138709722608,-0.00640101922373395,0.018276023121870447,-0.015788686092355942,0.014214781788890954,-0.14604169345340098,0.1649125349763918,-0.12816759187197793,0.11656778432164433,-0.02547432106250206,0.00957678342130059,0.09569866009852158,-0.1076289870895714,0.1434105156886454,-0.15151073759806497,0.1797689104027411,-0.09913953349837887,0.07804511741077512,0.0022870283702760815,-0.026164507111823235,0.10835293201337332,-0.1270434822281167,0.172474788882654,-0.1571904391175964,0.153430243501008,-0.20509219524992117,-0.1519702012965304,0.1484882278021145,-0.24050657370118994,0.2362059503117831,-0.24726173779482832,0.24428826852590424,-0.24690564126270578,0.24653103363106263,-0.24831028645591752
0.15336906867764732,0.20844699529544597,-0.205280423891975,0.2447301805564882,-0.24132219414860626,0.24781083445058338,-0.24550426233550351,0.24911226933456485,-0.24836620698677717,0.2499999999999996,-0.08577765880521576,-0.14203709744221013,0.11570450207411093,-0.12072029317971206,0.05876312844558923,-0.04551328839939523,0.006070027669703829,0.0018505484237260137,-0.012977380197993228,0.01600851905072768,-0.13398985741731748,0.1192378715196686,-0.14106684336015307,0.07586443782022277,-0.07210527592345889,-0.008088204937837996,0.0077606896494805105,-0.01980559772543374,0.017316131403105294,-0.015742322658509306,0.14651262452175906,-0.16540731930240055,0.1283196123322585,-0.11662891276959346,0.024826445687371024,-0.008844666334251862,-0.09717409483717059,0.10907625908238625,-0.14485643035658285,0.15291376631039932,-0.18062066119102935,0.09920073082941633,-0.07796545951713527,-0.0029064354039009836,0.026901151375385277,-0.10948748107477256,0.12825399429409,-0.1739111285311896,0.15857112713643554,-0.15480905767720587,0.20617052426719798,0.15304679618144215,-0.14955267635044564,0.24193724572845446,-0.2376208138962115,0.2487123218845087,-0.245732193785139,0.2483561413558692,-0.24798117608565562,0.2497607035520098
-0.18211920000585644,-0.049070046362058604,0.04724890472907709,-0.08087947256768047,0.07875550603569106,-0.08389612939397076,0.08284455423302999,-0.08515908360121355,0.08494848764547226,-0.08577765880521576,0.24999999999999944,-0.02153888830129837,0.019146041687058073,-0.00692631877187037,0.016924589241165442,-0.01826143486338656,0.028047228521664823,-0.030579535008485335,0.036807869251058424,-0.03794912946023998,-0.0011443329758476454,0.014242247086922137,-0.004402239698532803,0.019859813467604792,-0.018498923605667725,0.03655399044484048,-0.034666250558305134,0.03904686074188177,-0.03838803685633362,0.038058448138537745,-0.008144899368392652,0.014554136402944621,0.006985342145192806,-0.009533736774882432,0.0301958359019787,-0.03319467218810214,0.05487298323426389,-0.05672001735437855,0.06460261597095028,-0.06482741767411476,0.047428779869197496,0.0030996875648805697,-0.00950625334390919,0.03503315891705851,-0.04001813773424982,0.05742877147924835,-0.06115201991746357,0.07049042896288973,-0.06534613890536863,0.06450824228186046,-0.061307960974934454,-0.0638206682031724,0.0630616174999254,-0.08413285879654925,0.08324544654476412,-0.08551131164933883,0.08491193030911513,-0.08543959485307644,0.08535196789877592,-0.08571190315206251
-0.046160590191022075,-0.1728552863244585,0.1743156472624112,-0.1464584506171357,0.14684769336941825,-0.1433262100883852,0.14224701630538017,-0.14203641953063417,0.14171362953913083,-0.14203709744221013,-0.02153888830129837,0.24999999999999964,-0.21941677101445273,0.1959386299778019,-0.13163929477102979,0.11618656599539186,-0.08303925943453645,0.07774761203028428,-0.07638110059882096,0.07460676404948222,0.2072298156613991,-0.21786062719636426,0.2157705043225018,-0.16692340046472914,0.15748178378638994,-0.08340100963123605,0.07854455227777211,-0.07168995912778507,0.07367543963220317,-0.0751978018463751,-0.19742577488789526,0.2037568852574384,-0.20429753032927978,0.19416599430172785,-0.11754056908836086,0.10155124257796011,0.0003589370065878929,-0.012929079125631099,0.04462481174375342,-0.05577865268248278,0.14097767127551997,-0.15363369035372143,0.1392062812948679,-0.08701229303629765,0.06495492513895709,0.0100729223451006,-0.028161163383866525,0.07161095865926934,-0.06264256461707865,0.059357423679519655,-0.14212566763587678,-0.05757644079209298,0.054446851285792935,-0.13473238928235268,0.1307270359106777,-0.14106315432118838,0.13825569641328012,-0.1407329820545349,0.14041611083654834,-0.14206148982576217
0.03219725568793531,0.15707455721785601,-0.1603098402412496,0.12094895382008101,-0.12185322571735605,0.11737352122217076,-0.11668638360464514,0.11586067661616838,-0.11568551201793312,0.11570450207411093,0.019146041687058073,-0.21941677101445273,0.24999999999999947,-0.2259593621868504,0.16091757100434578,-0.14524267183265674,0.11123050884226354,-0.10563857258570648,0.10331669245915333,-0.10141555242191273,-0.18222262482632817,0.1927048050920269,-0.19188950508225827,0.19343910511495954,-0.18388408342408954,0.11015129248842102,-0.10487737952417786,0.09844917743515366,-0.10043464067033563,0.1019163495375359,0.1727035615474737,-0.17915072946139196,0.1855932691620084,-0.18041037657840128,0.14401017348426695,-0.12787270335055503,0.026264595060936993,-0.013241201687875424,-0.018091900162910866,0.029551130707773824,-0.12334033774367677,0.14494340838113737,-0.13474122737210026,0.09787178836904958,-0.07910557153205619,0.01633676654340348,0.0018051165850657095,-0.04513300314309244,0.03680622342085502,-0.03350913477297659,0.12110538989856853,0.0392360428136166,-0.036395679182558274,0.10863246895330263,-0.10491656302155634,0.11472984931179461,-0.11191972875215056,0.11439915589356706,-0.11408497236577521,0.11573763989783728
-0.04147288506391622,-0.1591587104649713,0.16201389950042827,-0.12596510849482703,0.12698523575251192,-0.12241519012611647,0.12184838068432634,-0.12089909445626718,0.12065182287689434,-0.12072029317971206,-0.00692631877187037,0.1959386299778019,-0.2259593621868504,0.24999999999999942,-0.18461297305821475,0.16799047061542532,-0.1296063980228838,0.12263196558680672,-0.11562667899341747,0.11311576658688567,0.16623316335080918,-0.17372160235177186,0.18859017107071055,-0.2048983486859,0.19569000501086117,-0.12116948014263378,0.1160837423676631,-0.10945100684182814,0.11155958600762514,-0.11306063910079231,-0.16217697590685626,0.1782344531485087,-0.18359372548249067,0.17979495938382362,-0.15377561390044298,0.13696706905768707,-0.032013338499798254,0.017972163169182757,0.015710258349595607,-0.027872765089398715,0.12699095109961733,-0.1463999810879465,0.13654115812152992,-0.10056191087782242,0.0818471473462924,-0.019484170063027037,0.0004482483045682049,0.04479107265618644,-0.03568988778816148,0.03212717107942945,-0.12515352160190865,-0.04178746262853287,0.03885357224830443,-0.11327838732171809,0.10944023398330104,-0.11966695049975602,0.11668279668451968,-0.11931121110851865,0.11897223622971216,-0.1207521944320406
0.01006617731656138,0.09672826257109392,-0.09946428242605684,0.06401589592531956,-0.06743084071436031,0.06094507668202489,-0.06140198893832706,0.05937592853127457,-0.05930904317192655,0.05876312844558923,0.016924589241165442,-0.13163929477102979,0.16091757100434578,-0.18461297305821475,0.2499999999999996,-0.23220140214882717,0.19278774001710297,-0.18539499931024597,0.1770434267405572,-0.1743503868584505,-0.1120428885052635,0.12120940701742448,-0.13629321751955678,0.178883606167875,-0.179987645002091,0.18163801066847693,-0.17609853571399822,0.17065553192408411,-0.17271876403183992,0.1741004011603272,0.10711465276600382,-0.12198499624229886,0.1352952182446471,-0.13678456867799516,0.1512236069216375,-0.14144237870786486,0.09331376005098657,-0.07871568132768395,0.045901469140207166,-0.03292830237853059,-0.07887594210458868,0.1143746734406926,-0.11180745441579541,0.10267868929325924,-0.0921645771773954,0.056995484230047466,-0.04422142186647989,0.016915411347187787,-0.02445848628877697,0.027983986806935646,0.07127848434951571,0.0038894097529165034,-0.0017531997202005108,0.05278933740768976,-0.050082403001442635,0.05771345784539842,-0.05524428187935668,0.057359302532439545,-0.05703006176561762,0.05881221420556225
-0.0040481689062298425,-0.08306625334889875,0.08574626180182603,-0.050760168449258465,0.054171925943056545,-0.04769199174568116,0.04840663998021834,-0.046160159181800914,0.04613651222668717,-0.04551328839939523,-0.01826143486338656,0.11618656599539186,-0.14524267183265674,0.16799047061542532,-0.23220140214882717,0.2499999999999997,-0.21001749087497343,0.20193870327421257,-0.19140779894841084,0.18843417988513386,0.09845611531299742,-0.10797821405535653,0.1232403950040203,-0.17140655506795763,0.1751566070474164,-0.19577578116923033,0.19010415477503523,-0.18466288814416684,0.18673905577008723,-0.18809916824901193,-0.09355882043618347,0.10823238412430257,-0.12315906495993789,0.12585254192276343,-0.14944788502469106,0.14136946463844496,-0.10703008482809899,0.09226461949273078,-0.059501672451850174,0.046337420097748404,0.0680065264486115,-0.10612311120308113,0.10521863309578988,-0.10219098475135333,0.09358474387476286,-0.0647044842544344,0.05342463832245813,-0.03041990601585401,0.03770162060300761,-0.0412358330898749,-0.05935767475386544,0.003869956866547338,-0.005824614775746813,-0.039870154524706665,0.03742442917392772,-0.04445895749485618,0.042106476803583794,-0.04410370556652147,0.043774959847107615,-0.045565132275503725
-0.017465919293491016,0.04481428213767031,-0.04764907817066631,0.011318731595547476,-0.014732608915447294,0.008246473497326027,-0.01054111470597315,0.006936530740325025,-0.007283655594250794,0.006070027669703829,0.028047228521664823,-0.08303925943453645,0.11123050884226354,-0.1296063980228838,0.19278774001710297,-0.21001749087497343,0.24999999999999967,-0.24143664051262764,0.23049325867638792,-0.22746277061724454,-0.06965831583269445,0.08127941143006179,-0.09651981855577918,0.15304012111380047,-0.15953509356317752,0.21457844123868317,-0.21622444298311663,0.22368678134047987,-0.225720989208419,0.2270125840892976,0.06356632624589462,-0.0774387011403506,0.09797337683963903,-0.10313204856538001,0.14410940675313744,-0.14093917458337943,0.14608656349308435,-0.1309839619006848,0.0987534793655106,-0.08496087380069448,-0.03814602739366482,0.08827503969231687,-0.09156748232018688,0.10415957073994157,-0.10038914265211007,0.08720941981674259,-0.08028650372746775,0.06972474362899415,-0.07590625235162017,0.07940726876678311,0.025566282336243973,-0.028488358545853534,0.029960246678991907,0.0013807989140612559,0.00035535950452314307,0.005015450111401389,-0.003019927480934733,0.004661119827491165,-0.004339269115467015,0.006130507510363337
0.02217042469552415,-0.03736816848883296,0.04026723214895722,-0.0033930650390200916,0.006805024851057609,-0.0003215877779803031,0.002615852869115139,0.0009873736693105399,-0.0005866441978244616,0.0018505484237260137,-0.030579535008485335,0.07774761203028428,-0.10563857258570648,0.12263196558680672,-0.18539499931024597,0.20193870327421257,-0.24143664051262764,0.2499999999999997,-0.23885763651856015,0.23581703242448435,0.06528542305433499,-0.07767687231920113,0.0929966993981686,-0.1515235382213195,0.15870860113592816,-0.22102340921173558,0.22322522672547157,-0.23203237047504432,0.23405991493096112,-0.23534164255600773,-0.05871111507042665,0.07245503687226383,-0.09483199649421625,0.10046220574902061,-0.14491904540690376,0.14254756293682916,-0.15427309383711976,0.13905951878563444,-0.10687213395730617,0.09290772218419469,0.0326209605850193,-0.08584669660957346,0.0900089134251397,-0.10591233614112736,0.1029745985457951,-0.09252115049032818,0.08630398097729657,-0.07779004529867621,0.0837406637146954,-0.08724210601413639,-0.019086781363216093,0.033812700425806044,-0.03520043859032374,0.006391571711596077,-0.008010177536752225,0.0029102969450428952,-0.004850908136794923,0.0032652368816122506,-0.0035862874060243765,0.0017909533630452615
-0.030367056792652728,0.02807649228967984,-0.03121390589890398,-0.0077358154055865705,0.004323884318981995,-0.010810687770638412,0.008515138211058195,-0.012119738376026085,0.011379153713841147,-0.012977380197993228,0.036807869251058424,-0.07638110059882096,0.10331669245915333,-0.11562667899341747,0.1770434267405572,-0.19140779894841084,0.23049325867638792,-0.23885763651856015,0.24999999999999978,-0.24620305392627365,-0.06386503174710909,0.07803394306646266,-0.0933451877211594,0.1526007904230415,-0.16038222273415403,0.23032834419737785,-0.2323949984862186,0.24194479074284414,-0.2439387600152918,0.2452149383017439,0.05606080382669556,-0.06955831249699988,0.09547694864532165,-0.10142817585658326,0.14831105491859797,-0.14664198216201796,0.16430772323908954,-0.1489867012785794,0.11701061196285384,-0.10279062513074952,-0.026053770700085577,0.08548190579656315,-0.09063940179821345,0.11053208892196015,-0.10832197231819693,0.1002673521777938,-0.09471573101825866,0.08808888973457674,-0.09352349934059868,0.09697591877797561,0.010798400548232157,-0.04201382912409876,0.043304732565455216,-0.017335987352197914,0.01883338843400824,-0.014030111444676781,0.015899096344050165,-0.014381011516163953,0.014696094705062985,-0.012920189123699737
0.03228158183342585,-0.025279130314105322,0.02844692396357047,0.010766427176629166,-0.007354878002121727,0.013841402028467089,-0.011545805887618506,0.015150250919582975,-0.014473741541802055,0.01600851905072768,-0.03794912946023998,0.07460676404948222,-0.10141555242191273,0.11311576658688567,-0.1743503868584505,0.18843417988513386,-0.22746277061724454,0.23581703242448435,-0.24620305392627365,0.24999999999999975,0.062041853300213924,-0.07647991600400454,0.09174238391379919,-0.15128058018006646,0.1591363248954142,-0.23044986276245377,0.23251415268825598,-0.2422446140535248,0.2442199074838839,-0.24555702280503142,-0.05407164772615929,0.0675028978332693,-0.09395241887250616,0.09995038386794913,-0.1474196022470068,0.14588025252575795,-0.16469607950680687,0.14936695247367954,-0.11744640391443617,0.10319952441499111,0.02365572660781304,-0.08391664891719916,0.08925022612387472,-0.10986894484409845,0.1078486432570783,-0.10048483804412846,0.09510418374855471,-0.088842261943875,0.09401175902177403,-0.09737415784837254,-0.008159293964143501,0.04358568042109612,-0.0448191098504706,0.020210156092750488,-0.02164220389048614,0.017025063316691652,-0.018833100892514033,0.01736508182414444,-0.017670915608458345,0.015948542311230742
-0.05430399833532084,-0.15481722470340717,0.15569505753095092,-0.13704522098316252,0.13741580665006217,-0.1349068810307488,0.13393709063722564,-0.1339695631960668,0.1336380467894261,-0.13398985741731748,-0.0011443329758476454,0.2072298156613991,-0.18222262482632817,0.16623316335080918,-0.1120428885052635,0.09845611531299742,-0.06965831583269445,0.06528542305433499,-0.06386503174710909,0.062041853300213924,0.24999999999999972,-0.23245431526141877,0.21587276956310386,-0.1550482100872055,0.14524692203531708,-0.07175442365931893,0.06623429120574673,-0.05997860197676302,0.06125009775999469,-0.06271937042009498,-0.22869744366930037,0.21799310871900007,-0.2038772016769238,0.19248940155200953,-0.10708505127969109,0.09181908281065634,0.006439581513889161,-0.017863876034898814,0.046825833417032094,-0.05757135239327257,0.14065109934340833,-0.16408138307591033,0.14690503914389086,-0.08344465456951196,0.0615974167837897,0.01284925201359434,-0.0299053867107169,0.07121698675643345,-0.06372281468970059,0.06084097534694952,-0.1394723924705431,-0.05099667891416203,0.04790760529542354,-0.12719826350750787,0.12338156628071277,-0.13311978702748922,0.1305438123740167,-0.13282559719248505,0.13254619285459168,-0.1340070971451433
0.04052584699172656,0.14926347300935308,-0.1507295865244061,0.12351043808304812,-0.12442040488337895,0.1205772500838589,-0.11980616465425846,0.11931193944970146,-0.11904737268548037,0.1192378715196686,0.014242247086922137,-0.21786062719636426,0.1927048050920269,-0.17372160235177186,0.12120940701742448,-0.10797821405535653,0.08127941143006179,-0.07767687231920113,0.07803394306646266,-0.07647991600400454,-0.23245431526141877,0.24999999999999978,-0.2258316428399201,0.16910921360995734,-0.15861584737710452,0.08631288108242344,-0.08060161573622815,0.07462088417513466,-0.07587807381473201,0.07730975983585635,0.21267509771910426,-0.20337821445092774,0.21366173507588046,-0.20274547833759526,0.12138675167365508,-0.1060787636101817,0.008319399629558898,0.0033410184281569416,-0.03204975969506277,0.04282229318259452,-0.12830753654057364,0.15499308351227348,-0.14201001314018932,0.09629214198958472,-0.0748082233100511,0.0017459194248909086,0.015296181171840407,-0.05643994177780838,0.04921964705063106,-0.04632192434756096,0.1258161295823713,0.04080386126245746,-0.03789514376296703,0.11247788737930424,-0.10869696403949895,0.1183673762763325,-0.11579404547791061,0.11807315600450502,-0.11779493971616221,0.11925915569598308
-0.05519312111100609,-0.16845626003720895,0.16971829996056828,-0.14508267404872827,0.1458804781126344,-0.14232834580021234,0.14152619562930285,-0.14113728200637363,0.14084437190831228,-0.14106684336015307,-0.004402239698532803,0.2157705043225018,-0.19188950508225827,0.18859017107071055,-0.13629321751955678,0.1232403950040203,-0.09651981855577918,0.0929966993981686,-0.0933451877211594,0.09174238391379919,0.21587276956310386,-0.2258316428399201,0.2499999999999996,-0.1847892437353664,0.1744470146626227,-0.1008285097181004,0.09537415694944297,-0.08910849443391534,0.09051754025096602,-0.09195854112615243,-0.2083390333487064,0.2245516369879862,-0.2366957883056594,0.22487793762757183,-0.13372411454056507,0.11698799713037013,-0.011671357661933054,-0.002054435657359993,0.036053041759280105,-0.048489279677443396,0.14667454939115981,-0.17049239557153098,0.1561571068362459,-0.10567717842190097,0.08158340038416359,0.00067513418297924,-0.019701322116684725,0.06513390158572294,-0.056096118657542944,0.05257750976044137,-0.14534565327822524,-0.05141190951994356,0.04807816606856027,-0.13322876881637935,0.12891549338460545,-0.14000884832109606,0.13702134506137728,-0.1396529844368597,0.13931521453770343,-0.14108844037421994
0.015444197919582408,0.11711385295615674,-0.12030946487092327,0.08110406278988155,-0.08320182175189647,0.07776894854538446,-0.07789646323699395,0.07623741400866069,-0.0762404612268371,0.07586443782022277,0.019859813467604792,-0.16692340046472914,0.19343910511495954,-0.2048983486859,0.178883606167875,-0.17140655506795763,0.15304012111380047,-0.1515235382213195,0.1526007904230415,-0.15128058018006646,-0.1550482100872055,0.16910921360995734,-0.1847892437353664,0.2499999999999997,-0.2342222650623188,0.1609094965216845,-0.15445734889096077,0.14919315994161741,-0.15045434630709434,0.15167383884439958,0.14510071912899206,-0.16027868749686097,0.18447612706569125,-0.1849466854277263,0.19411951284561849,-0.17722973458247399,0.07354051260677563,-0.05908560755165032,0.02679136368228179,-0.013971347694545586,-0.10171498673637815,0.14568792064281405,-0.14159464695734159,0.12799837615379991,-0.11240916778890672,0.0617408154465664,-0.042875524631443354,-0.0016670856677996958,-0.005648963491198003,0.009102203038012027,0.09250255148588798,0.00724572843597901,-0.00467784532207251,0.06876089812957445,-0.06524143589021154,0.07482976887514073,-0.0718994833647795,0.07448244595453547,-0.0741599507001355,0.07590178803553042
-0.014747144855428836,-0.1112569882962993,0.1143128189954179,-0.07706986038124905,0.07919889446198294,-0.07394521897301935,0.07419374101392719,-0.0725034138064727,0.07255317390613544,-0.07210527592345889,-0.018498923605667725,0.15748178378638994,-0.18388408342408954,0.19569000501086117,-0.179987645002091,0.1751566070474164,-0.15953509356317752,0.15870860113592816,-0.16038222273415403,0.1591363248954142,0.14524692203531708,-0.15861584737710452,0.1744470146626227,-0.2342222650623188,0.24999999999999978,-0.16962991217857942,0.16316839154698226,-0.15773943926480105,0.15872387600641985,-0.15959615372465294,-0.13616230430151102,0.1514594342566751,-0.1759559040059657,0.17830448944630528,-0.20251802144950293,0.1853894193262133,-0.08063629917651122,0.06580046681886603,-0.032912759307517025,0.01990950327983031,0.09836315810647314,-0.14191936458982737,0.13900526847282108,-0.12945444491849536,0.11489195859785792,-0.06809451670201053,0.04894189271486386,-0.003832132292271619,0.011345099774152712,-0.014890807561656996,-0.08889632225344443,-0.004935896194404557,0.00242101243715252,-0.06495601924849376,0.061486095206365846,-0.07104553366366798,0.06805969612112558,-0.07069008708750003,0.07035973272142369,-0.0721442738190401
-0.028299559635452366,0.03325808500088228,-0.03643373930664036,-0.00284611836121741,-0.0005574237536429306,-0.005922920033193139,0.004114560210664014,-0.0073001500908586574,0.006767138709722608,-0.008088204937837996,0.03655399044484048,-0.08340100963123605,0.11015129248842102,-0.12116948014263378,0.18163801066847693,-0.19577578116923033,0.21457844123868317,-0.22102340921173558,0.23032834419737785,-0.23044986276245377,-0.07175442365931893,0.08631288108242344,-0.1008285097181004,0.1609094965216845,-0.16962991217857942,0.2499999999999997,-0.23976240682692576,0.23456118262319778,-0.23347992914608143,0.23209886086165402,0.06296322311787246,-0.07639449749177289,0.10434496398859042,-0.11032489572247994,0.15817561672220828,-0.15469434632772444,0.158104818390485,-0.14288662574954838,0.11117638973738217,-0.09715910411007204,-0.0309523200400543,0.09037489921420164,-0.09516111342751725,0.11403595410565025,-0.11097949864608453,0.10058040915357663,-0.09350026687022336,0.08251109154776431,-0.08799947762821132,0.09142716786998498,0.015816134939927767,-0.03988609345921805,0.04125739645437546,-0.012683981615869096,0.014345273245854535,-0.009130364206425644,0.011109030192023136,-0.009478088482396401,0.0097910296774883,-0.008031934506277358
0.02698100772272091,-0.03162607220466144,0.0346670594827252,0.002770247744529933,0.0005094043989224129,0.005686835577667898,-0.0037390775653924854,0.006968198655863805,-0.00640101922373395,0.0077606896494805105,-0.034666250558305134,0.07854455227777211,-0.10487737952417786,0.1160837423676631,-0.17609853571399822,0.19010415477503523,-0.21622444298311663,0.22322522672547157,-0.2323949984862186,0.23251415268825598,0.06623429120574673,-0.08060161573622815,0.09537415694944297,-0.15445734889096077,0.16316839154698226,-0.23976240682692576,0.24999999999999975,-0.23769452200260835,0.23630553295473847,-0.23452906594215459,-0.057925075695363724,0.0715941099310833,-0.09903604266791177,0.1052378186360842,-0.15362721163517437,0.15088598602727932,-0.16019279603995393,0.1448600329838094,-0.11278658581521911,0.09873057568275802,0.029440198216332772,-0.08629250530053192,0.09133735974878503,-0.11106185881789775,0.10848048081132022,-0.09947601752066552,0.09296913543416031,-0.08370507135281322,0.0894679321916162,-0.09296966739119493,-0.014882038691886899,0.038670470317349465,-0.04001757358184425,0.012319911736964126,-0.013925246585753179,0.008826177625423457,-0.010789015683478329,0.009181078241858742,-0.009501165108604636,0.007705209339823248
-0.03445017635852987,0.021543386377645145,-0.024718809646912823,-0.014566028207211102,0.01115434340433414,-0.017641398214106752,0.015345492201244378,-0.01895023425827146,0.018276023121870447,-0.01980559772543374,0.03904686074188177,-0.07168995912778507,0.09844917743515366,-0.10945100684182814,0.17065553192408411,-0.18466288814416684,0.22368678134047987,-0.23203237047504432,0.24194479074284414,-0.2422446140535248,-0.05997860197676302,0.07462088417513466,-0.08910849443391534,0.14919315994161741,-0.15773943926480105,0.23456118262319778,-0.23769452200260835,0.24999999999999978,-0.247187798240435,0.24486926532691153,0.05133579919538856,-0.0646751966652126,0.09329671074754843,-0.10031360929852093,0.15275788234048554,-0.15133526192482158,0.17124746465447982,-0.1558350750492069,0.12399281562734664,-0.1097233191760142,-0.020980603730878622,0.08253489293774452,-0.08864422120106892,0.11225978495480363,-0.11099137321964407,0.10627128449522194,-0.10095585019360065,0.09505796979338983,-0.10036992243566517,0.10383016910436606,0.005015590560991714,-0.04652265220431976,0.04773280813969767,-0.024072704482605425,0.025474491463988093,-0.020862753647813842,0.02271456262561527,-0.021214281695866314,0.02152927352302846,-0.019748820116800934
0.033067109819375905,-0.023886025895540324,0.027051267603609083,0.012092341291525309,-0.008689307489267621,0.015156345068448393,-0.012864155921227317,0.01646043411266301,-0.015788686092355942,0.017316131403105294,-0.03838803685633362,0.07367543963220317,-0.10043464067033563,0.11155958600762514,-0.17271876403183992,0.18673905577008723,-0.225720989208419,0.23405991493096112,-0.2439387600152918,0.2442199074838839,0.06125009775999469,-0.07587807381473201,0.09051754025096602,-0.15045434630709434,0.15872387600641985,-0.23347992914608143,0.23630553295473847,-0.247187798240435,0.24999999999999953,-0.2474488795228991,-0.05265583816309281,0.06609343593095676,-0.09413601503530726,0.10084847509354064,-0.1513446408278748,0.14991873176158116,-0.1697229691277266,0.15430974760548494,-0.12234458792632015,0.10804745100738035,0.022848970316611927,-0.08361978455495389,0.08949630737186363,-0.11221102685272637,0.11059020791928956,-0.10457984046037429,0.09922945465043614,-0.09326248667690393,0.0986696058592764,-0.10215711617419637,-0.007123594145885544,0.04499769532749062,-0.046244024779039404,0.021646908454800065,-0.023092313454830544,0.018382193966435756,-0.020251215673849965,0.01873703692489549,-0.01905497027924546,0.017258550378246574
-0.03224345197379627,0.025444743528428324,-0.028608221883193157,-0.010518865136533048,0.007118502362296972,-0.013582295463157066,0.011293261828717474,-0.014886243206694464,0.014214781788890954,-0.015742322658509306,0.038058448138537745,-0.0751978018463751,0.1019163495375359,-0.11306063910079231,0.1741004011603272,-0.18809916824901193,0.2270125840892976,-0.23534164255600773,0.2452149383017439,-0.24555702280503142,-0.06271937042009498,0.07730975983585635,-0.09195854112615243,0.15167383884439958,-0.15959615372465294,0.23209886086165402,-0.23452906594215459,0.24486926532691153,-0.2474488795228991,0.24999999999999964,0.05416717800469984,-0.06757171989480691,0.09451031391642795,-0.10063971811865978,0.1491028650487973,-0.14768803697488145,0.1674305726500848,-0.15209394242207455,0.1201998940912801,-0.10594268893411352,-0.024126897812750226,0.0845965635061684,-0.09013633276489381,0.11150286801216543,-0.10958426968429377,0.10250184226869484,-0.09717612181217823,0.09122420568494834,-0.096617599430321,0.10008520820439691,0.008535144632502656,-0.04393067992392207,0.04519480615541831,-0.020066518582773422,0.021529059496897394,-0.016800074006478802,0.018658107369385155,-0.017152741001653916,0.017468955258198905,-0.015683757172417715
0.0649433197967525,0.16061335123802095,-0.1610703644946411,0.1486286710167859,-0.148561335444768,0.14709653041507395,-0.14597936948288182,0.14641909171102566,-0.14604169345340098,0.14651262452175906,-0.008144899368392652,-0.19742577488789526,0.1727035615474737,-0.16217697590685626,0.10711465276600382,-0.09355882043618347,0.06356632624589462,-0.05871111507042665,0.05606080382669556,-0.05407164772615929,-0.22869744366930037,0.21267509771910426,-0.2083390333487064,0.14510071912899206,-0.13616230430151102,0.06296322311787246,-0.057925075695363724,0.05133579919538856,-0.05265583816309281,0.05416717800469984,0.2499999999999997,-0.23053793461188843,0.1964948595619445,-0.18484485317183932,0.0967848199098962,-0.08153734763488027,-0.016762463143798294,0.028249892729669684,-0.05799862116928882,0.06893843135461411,-0.14919756795456623,0.1686523108259873,-0.14875104173666612,0.07371177543858812,-0.051551852368157805,-0.02411592778292713,0.041264239364317966,-0.08281918969533189,0.07502246448300534,-0.07210998387910007,0.14956364171360537,0.06002455092261118,-0.056799436875733696,0.1396405571406275,-0.13577618252155385,0.14563025056591244,-0.14302798662856306,0.14533173185507722,-0.1450473434354382,0.14652749313039382
-0.07647799988274603,-0.1784714345940147,0.17885282625540047,-0.16741254892891938,0.1672701137211185,-0.16595633439439592,0.16479167596185984,-0.16531035750963058,0.1649125349763918,-0.16540731930240055,0.014554136402944621,0.2037568852574384,-0.17915072946139196,0.1782344531485087,-0.12198499624229886,0.10823238412430257,-0.0774387011403506,0.07245503687226383,-0.06955831249699988,0.0675028978332693,0.21799310871900007,-0.20337821445092774,0.2245516369879862,-0.16027868749686097,0.1514594342566751,-0.07639449749177289,0.0715941099310833,-0.0646751966652126,0.06609343593095676,-0.06757171989480691,-0.23053793461188843,0.24999999999999953,-0.2129022533413033,0.20107774103629436,-0.10938355681683452,0.0928104517281476,0.012670419719855072,-0.02599164842419467,0.06039488410208229,-0.07285100505741705,0.16571064640279365,-0.18364905382259006,0.16230036207128862,-0.08162072476885111,0.05749271491086828,0.02501568942709142,-0.04398706352380945,0.0894757921649856,-0.08005009196170397,0.0765636369556777,-0.16685170297093124,-0.06885866520505429,0.06524785344219884,-0.15756621941984117,0.15324745057567907,-0.1643497675081102,0.16136337916609705,-0.16399375876502023,0.16365431197903685,-0.16542260330541078
