x1,x2,x3,x4,x5,x6,x7,x8,x9,x10,x11,x12,x13,x14,x15,x16,x17,x18,x19,x20,x21,x22,x23,x24,x25,x26,x27,x28,x29,x30,x31,x32,x33,x34,x35,x36,x37,x38,x39,x40,x41,x42,x43,x44,x45,x46,x47,x48,x49,x50,x51,x52,x53,x54,x55,x56,x57,x58,x59,x60
0.24999999999999997,0.09179812617749844,-0.12291925096878255,0.10073865875926521,0.10378934784224088,-0.1325162216732981,0.01596736459186476,-0.22604758682453696,-0.2291583889824763,-0.2291884139929712,0.23156797775243038,-0.22919752694506978,0.16285995518093638,-0.230967418653743,0.22646295172743852,-0.2292003184337851,0.1509676372964736,-0.2291950777813347,0.21910287078741264,-0.22918039494442227,0.006748558379217432,-0.006878644394051421,-0.050676272335240274,0.05241846008396603,-0.1216906752323003,0.12165940962035635,-0.18964575541104828,0.18956769417409777,-0.22677466568273774,0.22564179768096365,-0.00885494088300891,0.007285274191114693,-0.12317453448143283,0.11070210785735181,-0.16989809751732413,0.15903245637747027,-0.19765209463318512,0.197474747099361,-0.2282418276690145,0.22821553847579507,0.2281840615623967,-0.22920007732836872,0.2198678586654561,-0.22136669988721852,0.10192718071682448,-0.2033959824395188,0.10667418459742554,-0.2101343009400897,0.15326482450818135,-0.2291046661696976,-0.19299783644793447,-0.22915240815772078,-0.2152742827075655,-0.20517354471778415,-0.06984797766527026,-0.04686853314966018,0.08641860545285453,-0.0729672394791992,0.12559123857727358,-0.013849679184102485
0.09179812617749844,0.24999999999999994,-0.15842166874543395,0.14814876622956136,0.06577537496882581,-0.04149692782284545,0.005348188562440473,-0.09171747704408048,-0.09335735740480182,-0.09338228854297996,0.09076707192071941,-0.09338548519814295,0.06208585961336063,-0.09334325249251524,0.08438932579852938,-0.09338710224053032,0.03211297206729938,-0.09338260537382981,0.08944492967958646,-0.0933795790474042,-0.00023389337388351523,0.00017028119292508,-0.02599201288442235,0.025938506009312808,-0.05579556808920536,0.055784847778874214,-0.08001319123335505,0.07998113363675598,-0.0925559208157825,0.09208274903610524,-0.0006829805318476005,-3.3575143534737154e-6,-0.04881295193848009,0.04360313308752594,-0.0686139865319523,0.06453038151132111,-0.08064468602362077,0.0805721659267164,-0.09298775479910108,0.09297707193842324,0.09297444271773748,-0.09338700904765039,0.08949989306117861,-0.09010038081156922,0.04143101751814335,-0.0830533066116832,0.04366244883702404,-0.08582920829734497,0.06263118400500087,-0.09334816114412622,-0.07862677224245013,-0.09336758186015327,-0.08772577651622278,-0.08367751400619146,-0.02837497616947566,-0.019027242743838293,0.03520741107297654,-0.02996657264406711,0.051109010956785675,-0.005721831748281461
-0.12291925096878255,-0.15842166874543395,0.24999999999999997,-0.1587441855847349,-0.10449860863969498,0.06502024418873018,-0.00047047916024653896,0.11109521041037852,0.11341230615823805,0.1134412954278632,-0.11094554434076927,0.113446713753706,-0.1416543891184637,0.1150723736265151,-0.11242730655555434,0.1134472501675094,-0.04759842778074291,0.11344237315311081,-0.10860254320511406,0.11343660743685909,-0.014843602124471653,0.014905202490297625,0.021255413807986973,-0.0228657352581856,0.060515635022251615,-0.06050027808860629,0.09429582445337267,-0.0942604118726271,0.11226516094752022,-0.11170892889517998,0.01590635049971655,-0.014960083811406575,0.06627314529566165,-0.05936468166575097,0.08563415145722637,-0.08004794970732076,0.09820015194912377,-0.0981132925301767,0.11301028164916041,-0.11299729839479836,-0.11293958559573257,0.11344715201904748,-0.10910828528968233,0.10982741988093458,-0.05039837529435886,0.10090104161032225,-0.05300096362139307,0.10417977168427539,-0.07611583557673232,0.11339996731483012,0.09556738442047626,0.11342358951687008,0.1065801277051558,0.10166674929898642,0.03452225820126285,0.02315941053380995,-0.042854795745880546,0.03629546893963347,-0.062344132228844266,0.006759165626543294
0.10073865875926521,0.14814876622956136,-0.1587441855847349,0.24999999999999983,0.1120395794773891,-0.027824977419440164,0.0018628516891974183,-0.10785818823302037,-0.10982662400294783,-0.10985214063100598,0.10727112169923828,-0.10985609437136044,0.07707598722058623,-0.10808506610993973,0.08911675345563784,-0.10985777457437669,0.042354465816975946,-0.10985328888050372,0.10519763044245062,-0.10984913610866379,-0.0010344873286643088,0.0009646474310650024,-0.031004987771305267,0.029222010323691087,-0.06475070422496114,0.06473775625175886,-0.09387135148724057,0.09383366496921332,-0.10886425235312217,0.10830877924935937,-7.746726978100084e-5,-0.0007217378358277423,-0.05722810102580338,0.05132332783878936,-0.08113267841157859,0.0762913185296708,-0.09498095815520889,0.094896215441361,-0.10939273671977119,0.10938016548205792,0.10937325711537199,-0.10985766269617708,0.10530413214056229,-0.10600850343022084,0.048753343090998776,-0.09776482308005807,0.051384466866190026,-0.10098712184005838,0.07374197326789929,-0.10981197022656507,-0.09250981758010929,-0.10983482825760006,-0.10319882755962179,-0.09846226778598036,-0.03339010613964878,-0.022395362978175116,0.04142325177274498,-0.03528376515519379,0.06011610328379608,-0.006741997549169165
0.10378934784224088,0.06577537496882581,-0.10449860863969498,0.1120395794773891,0.2499999999999999,-0.03951001144631148,-0.022720238123876215,-0.11598547967091297,-0.11764258962576933,-0.11767165117533632,0.11493289666706469,-0.11767612888859863,0.0881972529211788,-0.1158024992408384,0.11570761776388051,-0.11767769282416221,0.03970577354207274,-0.11767249859157447,0.11271590707989157,-0.1176676272072481,0.0011653834864246853,-0.0012410418083239549,-0.03107321536613199,0.02918608963233235,-0.06872530047082936,0.06871150685292741,-0.10040986110691036,0.10037010558238714,-0.11660132904374193,0.11600833026823122,-0.0023730196595692092,0.001512493965990984,-0.06240237788282855,0.05580280644060635,-0.08712902540199748,0.08185281628599857,-0.10173651924212909,0.10164584560484967,-0.11718694787882535,0.11717348551835645,0.11715672684055302,-0.11767757829085058,0.11284289863255073,-0.11359514795375797,0.052200769875422603,-0.1047034472588444,0.055024084190529884,-0.10816102561478139,0.07897886184913132,-0.11762864373964299,-0.09909972165322681,-0.11765312214136084,-0.11054865117457734,-0.10546617625436806,-0.03574692783402351,-0.023971396421831492,0.04439177773664375,-0.03777540269441465,0.06443542671980362,-0.007187405020766063
-0.1325162216732981,-0.04149692782284545,0.06502024418873018,-0.027824977419440164,-0.03951001144631148,0.24999999999999994,0.07987155306771652,0.12706146298740406,0.1298298718496275,0.12980593386381079,-0.12660688587838512,0.129810058843249,-0.08317010734871498,0.13162367583687806,-0.1277139164956704,0.1298127621790216,-0.20299689930662568,0.12981761743466352,-0.12341444801517117,0.1297993344116988,-0.017724831104714133,0.017761208221935883,0.010982646741153002,-0.01278037168607284,0.04895030622367866,-0.048925733101522574,0.09761716302905787,-0.0975749999793063,0.12788862858472097,-0.12728743998948058,0.0186502912326689,-0.017828312219899577,0.0762090819528579,-0.06938396109613192,0.09920637009891324,-0.09200873073842973,0.11201542253856361,-0.11191684231397914,0.12931936485582518,-0.12930441101026144,-0.12923308215623955,0.12981260485111437,-0.12493877294557032,0.125798753252382,-0.058083456236901476,0.11494816736005557,-0.0600325062987096,0.11859523442382253,-0.08654859478204197,0.12975849615616236,0.10936686589629979,0.1297856467682083,0.12190373962718329,0.11609440642796506,0.039860567352352404,0.026803437069638676,-0.04897264748159787,0.04082353147388764,-0.07137982526398726,0.007610215396123011
0.01596736459186476,0.005348188562440473,-0.00047047916024653896,0.0018628516891974183,-0.022720238123876215,0.07987155306771652,0.2499999999999999,-0.0002346499230323922,-0.003431565171650252,-0.003457528841981586,0.00545704924241922,-0.0034579401177909815,0.0016588911279101979,-0.005328927024313277,0.013302360539684444,-0.0034576943048464253,-0.06883870332608848,-0.0034529267356593913,0.003713464291130766,-0.0034587749915175707,-0.005718086326186637,0.005692244283492142,-0.007933673454408078,0.009802698798174062,-0.011527018568671348,0.011530031871621247,-0.007912448437616687,0.007910243927398544,-0.0037023344868886456,0.003665749700753459,0.005588143784909434,-0.005635509672210084,0.001014684257847522,-0.001515468968861226,-0.0006662551064593026,0.0009445963455681583,-0.0027241539359790672,0.0027198646044020313,-0.0034133033130959514,0.003412931039368103,0.003442590248475512,-0.0034577051857364004,0.003095812016381484,-0.003121376799613132,0.0013449567352046806,-0.0030180628609092494,0.001683215685402421,-0.003253264384313315,0.0022652381753047934,-0.003456289410240635,-0.002866565101916562,-0.0034569455749246885,-0.0032517017349638993,-0.0030750009276705997,-0.0008921278354067302,-0.0005615868494795747,0.0012900176091255975,-0.001213856048295134,0.001794311279374337,-0.0002829963399968229
-0.22604758682453696,-0.09171747704408048,0.11109521041037852,-0.10785818823302037,-0.11598547967091297,0.12706146298740406,-0.0002346499230323922,0.2499999999999998,0.2467242707475018,0.2467543348623822,-0.24354563197928292,0.24676421942876964,-0.1572543396653162,0.24488883570858572,-0.22234676938395329,0.2467670523487356,-0.16780673147831676,0.24676177080025416,-0.2358769611201898,0.24674657098848007,0.00450811149444837,-0.0043643938465094964,0.06335543031113779,-0.061453637389850824,0.13619569422326003,-0.13616356339951755,0.20606043747977304,-0.20597398553119325,0.24427062073531197,-0.24303777054220638,-0.0021277661926292772,0.0037443267851572344,0.12742631889951192,-0.11462615582076773,0.18183612597689833,-0.17063548749250407,0.21287987024123528,-0.21268887835392689,0.24570813778993827,-0.2456798443089864,-0.24567926328688927,0.24676677695166796,-0.2364736427403293,0.2380857539224975,-0.10971497665057109,0.21916263314140433,-0.11499451942790177,0.22642525593453564,-0.16517261527193808,0.246664059618807,0.20777309955542694,0.24671545163536016,0.23177321778475768,0.2209669861308715,0.07518251361710705,0.05045157872604209,-0.09298354611781198,0.078772614755565,-0.13501399017142637,0.015088043986053911
-0.2291583889824763,-0.09335735740480182,0.11341230615823805,-0.10982662400294783,-0.11764258962576933,0.1298298718496275,-0.003431565171650252,0.2467242707475018,0.2499999999999998,0.24994380536066127,-0.24673515212347716,0.2499538563518783,-0.16043993115425698,0.24807849550265143,-0.2255350880653145,0.24995668958786982,-0.1710375415166016,0.24995141116662095,-0.23891943283674885,0.2499359050018233,0.00433496406134017,-0.004189892774775093,0.06394196653120592,-0.0620398471566119,0.13773165007870056,-0.13769902980280294,0.20861985279108655,-0.20853232718756148,0.247422061537929,-0.2461737624200297,-0.0019252611276822655,0.0035628629998432264,0.12918133699434667,-0.116212424064005,0.1842275350418769,-0.17286838062057422,0.21563316182689557,-0.2154397246888372,0.2488848558368866,-0.24885619604281445,-0.24885475293127327,0.2499564105695322,-0.23953651586817756,0.24116950059311906,-0.11113667414782386,0.22199289521022378,-0.1164769415469876,0.22934743121367593,-0.16730513398362756,0.2498523649631155,0.21045952674399845,0.249904422389852,0.23476892516474485,0.2238220993860836,0.07615728722117864,0.05110625476558096,-0.09418625553891138,0.07978529332990994,-0.13676318746643393,0.01527955421339224
-0.2291884139929712,-0.09338228854297996,0.1134412954278632,-0.10985214063100598,-0.11767165117533632,0.12980593386381079,-0.003457528841981586,0.2467543348623822,0.24994380536066127,0.24999999999999967,-0.24676517404472237,0.24998404057367557,-0.1604719940335697,0.24810872708007647,-0.22556545939410205,0.24998687375340023,-0.1710125941450039,0.24998159125363928,-0.23894857485329918,0.2499660872135104,0.004338591091727319,-0.004193487668496297,0.0639556002893416,-0.06205352440546831,0.13775626007702435,-0.13772363858936296,0.20864881479050845,-0.20856127836746688,0.247452153293,-0.24620368865093076,-0.0019285051495901988,0.0035663604519304984,0.12919544809024275,-0.11622465793353828,0.18424876902952078,-0.1728886346936435,0.21565921551388692,-0.21546575429799278,0.24891489680782006,-0.24888623358597162,-0.24888480459688636,0.24998659471181206,-0.23956532572532258,0.24119849905576504,-0.11114995049092748,0.22201983211015808,-0.11649119371327966,0.22937532544313102,-0.16732547325496455,0.24988253657219636,0.21048492014120995,0.24993460023738273,0.2347972885995937,0.22384918728583406,0.07616636167650595,0.05111232161576284,-0.09419762780227979,0.0797951536216207,-0.13677963815879687,0.015281473505464402
0.23156797775243038,0.09076707192071941,-0.11094554434076927,0.10727112169923828,0.11493289666706469,-0.12660688587838512,0.00545704924241922,-0.24354563197928292,-0.24673515212347716,-0.24676517404472237,0.2499999999999998,-0.24677505908692277,0.15728527317675262,-0.24490095887595237,0.22236567827787576,-0.24677789060551847,0.16780359308694745,-0.24677260816049007,0.2358862952218763,-0.2467573391366136,-0.0038881622669671586,0.003744632988817818,-0.0628688832816776,0.06096833809925012,-0.13589273465974183,0.13586051942549807,-0.2059527839767294,0.20586648202999303,-0.24427426206178876,0.24304211541144885,0.0015137171465024611,-0.003133694125406182,-0.12772077007559593,0.11488827380115212,-0.18194232151081036,0.1707137446424314,-0.21289864283665247,0.21270770319301788,-0.24572108785008967,0.24569279307085878,0.24568972346918047,-0.24677761567600615,0.236499412203765,-0.23811108062484743,0.1097202273013666,-0.21917226265341275,0.11499725101866301,-0.22643157749147388,0.1651812889973154,-0.24667489510980875,-0.20778463593972513,-0.2467262901279113,-0.23178401607593538,-0.2209773263965257,-0.07518589835309693,-0.05045386685438137,0.09299202287723311,-0.07877185953587894,0.1350307265802348,-0.015080383466199797
-0.22919752694506978,-0.09338548519814295,0.113446713753706,-0.10985609437136044,-0.11767612888859863,0.129810058843249,-0.0034579401177909815,0.24676421942876964,0.2499538563518783,0.24998404057367557,-0.24677505908692277,0.24999999999999986,-0.16048329963635521,0.24811870145388235,-0.22557441397380487,0.24999692686618555,-0.17101867082295372,0.24999164409814584,-0.23895818857117912,0.2499761397293305,0.0043414866513602785,-0.0041963760307013745,0.06396088592597642,-0.06205873031070609,0.13776358175412487,-0.13773095939966667,0.2086578981537326,-0.2085703575714619,0.24746214590499105,-0.24621362676493536,-0.0019312781711377518,0.00356919654185484,0.1291993641743016,-0.11622821004004727,0.18425576010562295,-0.17289531289891405,0.21566787446954497,-0.21547440522688244,0.2489248973985339,-0.24889623302623606,-0.24889481508137004,0.2499966478106689,-0.23957489484989544,0.2412081349043416,-0.11115441338086529,0.22202878618129507,-0.11649591342187433,0.22938458769287018,-0.16733222189979197,0.24989258548285423,0.2104933752238046,0.24994465123775625,0.23480672938976915,0.22385819765713727,0.07616941962302434,0.051114373264531575,-0.0942013976487209,0.07979840729106419,-0.13678509008616663,0.01528213002924927
0.16285995518093638,0.06208585961336063,-0.1416543891184637,0.07707598722058623,0.0881972529211788,-0.08317010734871498,0.0016588911279101979,-0.1572543396653162,-0.16043993115425698,-0.1604719940335697,0.15728527317675262,-0.16048329963635521,0.24999999999999975,-0.16235864381598517,0.1595603616699124,-0.16048046211180017,0.09852781024358585,-0.1604752174435967,0.15348582598942115,-0.16046455928003447,0.01710212423221964,-0.017182113581082462,-0.029735736831992737,0.031592022525087096,-0.08396289397059196,0.08394070095249492,-0.13214214143871697,0.13209080649558938,-0.15874505057667163,0.1579600955119908,-0.01867165068255117,0.017426933334904155,-0.09207220781099669,0.0825024429379951,-0.12064981316439764,0.11279100523868622,-0.1387722682157683,0.13864915542871376,-0.159850778225837,0.15983240106212832,0.15976402670910667,-0.1604803087808508,0.15425010953515683,-0.1552753403546122,0.07136707226292409,-0.1426395640491121,0.07487250566851625,-0.14729806823669925,0.1075633369989745,-0.16041353404336325,-0.13517027720046756,-0.16044696077138285,-0.15075536293090827,-0.14376975093191324,-0.04890251812357837,-0.032818983966101216,0.060577740799902,-0.05124174996195909,0.08812453749530265,-0.009594845244675413
-0.230967418653743,-0.09334325249251524,0.1150723736265151,-0.10808506610993973,-0.1158024992408384,0.13162367583687806,-0.005328927024313277,0.24488883570858572,0.24807849550265143,0.24810872708007647,-0.24490095887595237,0.24811870145388235,-0.16235864381598517,0.24999999999999967,-0.22745532065963592,0.24812153354101338,-0.16915019810930407,0.24811625062848108,-0.23716716174215643,0.2481007481663389,0.0024605558912188857,-0.0023176440725094925,0.062080650951262716,-0.06392825930365628,0.13588527955711832,-0.13585250313276007,0.20678133764868523,-0.20669434291845265,0.2455866834023725,-0.2443491506417708,-0.00013395644722348501,0.0017710179880650744,0.12876415323945553,-0.11579583793739008,0.18239931486024777,-0.17103992766581888,0.21380006452993286,-0.21360712599905193,0.24704983223860336,-0.24702137012304842,-0.24702645627577421,0.24812126060647569,-0.23777615018164644,0.2394084345313759,-0.11033929389095223,0.22016321913303966,-0.1154929443832463,0.2275131259331745,-0.16587103550353388,0.24801795102902702,0.2088932308074371,0.24806962510753142,0.23303442413506972,0.2220906087019243,0.07561654038404646,0.05073916574638079,-0.09348410317766663,0.07903151708284478,-0.13579129694260209,0.0151180885918479
0.22646295172743852,0.08438932579852938,-0.11242730655555434,0.08911675345563784,0.11570761776388051,-0.1277139164956704,0.013302360539684444,-0.22234676938395329,-0.2255350880653145,-0.22556545939410205,0.22236567827787576,-0.22557441397380487,0.1595603616699124,-0.22745532065963592,0.24999999999999956,-0.22557718747597286,0.1469173327923818,-0.22557193909614376,0.21563464866561713,-0.22555644787783763,0.009447072780413412,-0.009576196020244678,-0.04681523166265059,0.048667903235964,-0.11826979438626965,0.11823888480145053,-0.18608221946714773,0.18600606193808564,-0.22315233878547536,0.222041040385753,-0.011527143438579733,0.009985390039706532,-0.12257340006409725,0.11000149622031116,-0.16750231842927613,0.15667255618321543,-0.194503005392714,0.19432858191095365,-0.22464268539288687,0.22461681273547093,0.2245746775191292,-0.22557695509226508,0.21644664166654604,-0.21792058425768826,0.10030395976702182,-0.20013445681324724,0.10494281445725348,-0.20677135353652606,0.1508040180962212,-0.22548305960648504,-0.18995247227101048,-0.22553004296176044,-0.21187395714602578,-0.20191430307834832,-0.06873343521422474,-0.04611721819784599,0.08507347776816668,-0.07176202935646636,0.1236560495592674,-0.013584282779910788
-0.2292003184337851,-0.09338710224053032,0.1134472501675094,-0.10985777457437669,-0.11767769282416221,0.1298127621790216,-0.0034576943048464253,0.2467670523487356,0.24995668958786982,0.24998687375340023,-0.24677789060551847,0.24999692686618555,-0.16048046211180017,0.24812153354101338,-0.22557718747597286,0.24999999999999956,-0.17102146805092658,0.2499944774213024,-0.23896089187070516,0.24997897257044482,0.004338733749094188,-0.004193622907654266,0.06395883406866625,-0.06205667695781601,0.13776331809654535,-0.1377306949139865,0.20865955258349922,-0.2085720116652595,0.24746490802123958,-0.2462163791291143,-0.0019285241957648224,0.0035664643735964863,0.12920214449938655,-0.11623068207196238,0.18425827680147908,-0.1728975533070244,0.215670332661108,-0.21547686147628936,0.24892772820973744,-0.24889906351027494,-0.24889763418451474,0.24999948113419307,-0.23957767682219644,0.24121093432491286,-0.11115568048737713,0.22203127617468787,-0.11649719788841101,0.22938714838595306,-0.16733409801885504,0.24989541763050743,0.2104957705045343,0.24994748397963326,0.23480939205489054,0.22386072611325328,0.0761702882485474,0.051114956622870814,-0.09420248394425759,0.07979926573797728,-0.13678669032164698,0.015282260097896365
0.1509676372964736,0.03211297206729938,-0.04759842778074291,0.042354465816975946,0.03970577354207274,-0.20299689930662568,-0.06883870332608848,-0.16780673147831676,-0.1710375415166016,-0.1710125941450039,0.16780359308694745,-0.17101867082295372,0.09852781024358585,-0.16915019810930407,0.1469173327923818,-0.17102146805092658,0.24999999999999978,-0.1710267262753704,0.16269104312655974,-0.17100510682472822,0.009052712832637037,-0.009110868745372579,-0.02648821501877876,0.024602614935617544,-0.07331877047921341,0.0732892401957624,-0.13245573537902783,0.1323975329328747,-0.1687127930056929,0.16790010813370893,-0.010448361647333483,0.00942675992963061,-0.0940811351616976,0.0856736489746051,-0.12914591605585649,0.12033038422445301,-0.14764691648970843,0.1475167390243045,-0.1703367869879735,0.1703171077262196,0.17026462341646842,-0.17102125047632077,0.1642835576560402,-0.1654127945613304,0.0764188080865619,-0.1516600412385061,0.0793002513783212,-0.15649942975305234,0.11423255838554276,-0.170949990402049,-0.14406138141337924,-0.17098572935205872,-0.1606059435535509,-0.15303670618640539,-0.05242761392978704,-0.035244654142157,0.06446285385624405,-0.05408754143921756,0.09379485436461109,-0.010241011531035054
-0.2291950777813347,-0.09338260537382981,0.11344237315311081,-0.10985328888050372,-0.11767249859157447,0.12981761743466352,-0.0034529267356593913,0.24676177080025416,0.24995141116662095,0.24998159125363928,-0.24677260816049007,0.24999164409814584,-0.1604752174435967,0.24811625062848108,-0.22557193909614376,0.2499944774213024,-0.1710267262753704,0.24999999999999983,-0.23895619493367357,0.24997369631463873,0.004344000880253159,-0.004198891033048936,0.0639640394570889,-0.062061882853510164,0.13776832448945894,-0.13773570334455687,0.20866433883050922,-0.20857680035146708,0.2474603597145062,-0.24621183997093582,-0.001933793533741943,0.0035717193244756045,0.12919686838129876,-0.11622544819185486,0.18425302471832372,-0.17289233296741388,0.2156650903315894,-0.2154716218155336,0.2489224456992689,-0.24889378157730027,-0.2488923665422106,0.2499941983626118,-0.23957240254002105,0.2412056549263186,-0.1111526909548843,0.22202604236119694,-0.11649441247951678,0.22938189585806187,-0.16733009671633778,0.2498901372107678,0.21049133550952553,0.24994220234281406,0.23480442832868953,0.22385577721983482,0.07616811452439237,0.05111336257722148,-0.0942006783547393,0.07979735613261003,-0.1367838332083535,0.01528180594683498
0.21910287078741264,0.08944492967958646,-0.10860254320511406,0.10519763044245062,0.11271590707989157,-0.12341444801517117,0.003713464291130766,-0.2358769611201898,-0.23891943283674885,-0.23894857485329918,0.2358862952218763,-0.23895818857117912,0.15348582598942115,-0.23716716174215643,0.21563464866561713,-0.23896089187070516,0.16269104312655974,-0.23895619493367357,0.24999999999999956,-0.23898045022463268,-0.0039774090815037225,0.0038378611166066537,-0.060949905898932136,0.059133259048725934,-0.13164483816516012,0.1316137278127308,-0.1991051008469643,0.1990213805660487,-0.23649294815897037,0.2353078008830697,0.0016698277077640965,-0.0032352285256532403,-0.12357851330301337,0.11115655677564804,-0.176130792393321,0.16530425250033365,-0.20618149780164746,0.20599659651667415,-0.23793671567565874,0.23790932041284735,0.2379078164089257,-0.23896062558375059,0.2290039594517746,-0.2305629628206951,0.10627549421316525,-0.21226175494125182,0.1113796912756351,-0.21929103466966376,0.15997578821694264,-0.23886114990146112,-0.20119862801291646,-0.2389109206269776,-0.2244421487451834,-0.21399032687971448,-0.07283197294581994,-0.04888101894791401,0.09003204875185362,-0.07629841688633393,0.13074158622319004,-0.014618317675385907
-0.22918039494442227,-0.0933795790474042,0.11343660743685909,-0.10984913610866379,-0.1176676272072481,0.1297993344116988,-0.0034587749915175707,0.24674657098848007,0.2499359050018233,0.2499660872135104,-0.2467573391366136,0.2499761397293305,-0.16046455928003447,0.2481007481663389,-0.22555644787783763,0.24997897257044482,-0.17100510682472822,0.24997369631463873,-0.23898045022463268,0.2499999999999997,0.004345275123697469,-0.004200187548574417,0.0639653255815622,-0.062063172896280036,0.13776877635104226,-0.13773615953803633,0.20866336384018605,-0.20857588153443118,0.2474680694832833,-0.2462321117437968,-0.0019350974525203517,0.0035729977602857845,0.1291874008215383,-0.11621613838714637,0.1842392047912767,-0.1728787090289673,0.21565037613793367,-0.21545691611035644,0.2489069705954483,-0.2488783081939285,-0.24887691169162468,0.24997869353275465,-0.23955734398082817,0.24119055287922092,-0.1111447632552529,0.2220111897917611,-0.11648659651991843,0.22936685328926254,-0.16731875384309194,0.24987463904205512,0.21047827412860964,0.2499267007523872,0.23478985276965272,0.22384145048143977,0.07616247853529906,0.05110935230419623,-0.09419512906093211,0.07979189824792364,-0.1367754979167333,0.015280557989483785
0.006748558379217432,-0.00023389337388351523,-0.014843602124471653,-0.0010344873286643088,0.0011653834864246853,-0.017724831104714133,-0.005718086326186637,0.00450811149444837,0.00433496406134017,0.004338591091727319,-0.0038881622669671586,0.0043414866513602785,0.01710212423221964,0.0024605558912188857,0.009447072780413412,0.004338733749094188,0.009052712832637037,0.004344000880253159,-0.0039774090815037225,0.004345275123697469,0.2499999999999998,-0.24984060650663376,0.1903774890742226,-0.1885118208547427,0.11657372393066882,-0.11660345096905525,0.045676010253812634,-0.04561189815591738,0.006854610579829614,-0.006516737471556327,-0.24758672062883744,0.24610446154739482,-0.1138316258230331,0.10092320248944338,-0.035697381949490285,0.025275400771702466,-0.0002419044454756743,0.0002690844028542095,0.0034575188963612163,-0.003456999144856849,-0.004451643637446471,0.004338455995979997,0.0020025324176943765,-0.0017506697107736605,-0.0018708576791077259,0.0035852174017122697,-0.0026365120329423473,0.005131034470090484,-0.002061610532081977,0.0043361098722097405,0.0026978314230386618,0.0043367551492696586,0.0038060933274951807,0.003509602621105897,0.0013872858496557809,0.000939112470032669,0.00013341712151157106,0.002743886173575803,0.0019510356217138625,0.003542572271465631
-0.006878644394051421,0.00017028119292508,0.014905202490297625,0.0009646474310650024,-0.0012410418083239549,0.017761208221935883,0.005692244283492142,-0.0043643938465094964,-0.004189892774775093,-0.004193487668496297,0.003744632988817818,-0.0041963760307013745,-0.017182113581082462,-0.0023176440725094925,-0.009576196020244678,-0.004193622907654266,-0.009110868745372579,-0.004198891033048936,0.0038378611166066537,-0.004200187548574417,-0.24984060650663376,0.24999999999999967,-0.19023414671695124,0.18837069014467722,-0.11642967077391489,0.11645940018730853,-0.04553129023775245,0.04546723957538772,-0.006709530047764993,0.006372775402603584,0.24743098389663745,-0.2459488558420989,0.11384350713477757,-0.1009350693349435,0.03578354740032569,-0.025361170925840424,0.000365426208319444,-0.00039248055430474724,-0.003313496927993612,0.0033129937416820267,0.004307194270910098,-0.004193345525628152,-0.0021382986850443956,0.0018874907345201336,0.0018169754990757909,-0.003456021879021758,0.0025666380255013176,-0.004996881956129224,0.0019630135123007548,-0.004191056732105904,-0.0025752391282678135,-0.004191673906905329,-0.0036695069764292486,-0.003379324323193764,-0.0013524726544514557,-0.000917699121791135,-0.00019070543527495567,-0.002692656836787094,-0.002028997549534457,-0.003532939434608834
-0.050676272335240274,-0.02599201288442235,0.021255413807986973,-0.031004987771305267,-0.03107321536613199,0.010982646741153002,-0.007933673454408078,0.06335543031113779,0.06394196653120592,0.0639556002893416,-0.0628688832816776,0.06396088592597642,-0.029735736831992737,0.062080650951262716,-0.04681523166265059,0.06395883406866625,-0.02648821501877876,0.0639640394570889,-0.060949905898932136,0.0639653255815622,0.1903774890742226,-0.19023414671695124,0.24999999999999975,-0.24809159466410538,0.1761815501289289,-0.17620175165625732,0.10529153353812798,-0.10522593281463873,0.0664742843618084,-0.06580829402190527,-0.1879693337827799,0.1891307125388054,-0.05683867348541037,0.045250555139819855,0.021719830705530678,-0.030389415797688082,0.057086528884201126,-0.05702398628139111,0.06305132583769259,-0.06304423217910314,-0.06382845182941292,0.06395856241413798,-0.05724561225077942,0.05764573906963535,-0.028243472497274564,0.06093374232829219,-0.034240766845801185,0.06306275539488518,-0.04647414474198857,0.0639316981554436,0.05333346982716043,0.06394488111992348,0.060031406671970905,0.05884129572277723,0.01935468832417332,0.013065642572996108,-0.02277135850739651,0.025519241111553966,-0.03148953246848421,0.007337386362946798
0.05241846008396603,0.025938506009312808,-0.0228657352581856,0.029222010323691087,0.02918608963233235,-0.01278037168607284,0.009802698798174062,-0.061453637389850824,-0.0620398471566119,-0.06205352440546831,0.06096833809925012,-0.06205873031070609,0.031592022525087096,-0.06392825930365628,0.048667903235964,-0.06205667695781601,0.024602614935617544,-0.062061882853510164,0.059133259048725934,-0.062063172896280036,-0.1885118208547427,0.18837069014467722,-0.24809159466410538,0.2499999999999999,-0.1742928729189788,0.17431292217161756,-0.1033943001150757,0.10332924882119408,-0.06457242985500274,0.06391754180805241,0.18618757378548745,-0.18734799484084283,0.057298642608661486,-0.04570612251343156,-0.0198384661263527,0.028510876113376264,-0.05519428183675311,0.055132285964521376,-0.061149515523643734,0.06114262716540963,0.06193345334911089,-0.06205641144294914,0.055420458411040825,-0.055819512153261856,0.027416923767339813,-0.0590436161698769,0.03322466291493448,-0.061166268952560464,0.04499413869932644,-0.06203031083872078,-0.05171059621882344,-0.06204309657122493,-0.05823389265447945,-0.05704936298043538,-0.018794099204140075,-0.012685333477955113,0.02204364739793624,-0.024743082948555793,0.030480766814191828,-0.007171857733971811
-0.1216906752323003,-0.05579556808920536,0.060515635022251615,-0.06475070422496114,-0.06872530047082936,0.04895030622367866,-0.011527018568671348,0.13619569422326003,0.13773165007870056,0.13775626007702435,-0.13589273465974183,0.13776358175412487,-0.08396289397059196,0.13588527955711832,-0.11826979438626965,0.13776331809654535,-0.07331877047921341,0.13776832448945894,-0.13164483816516012,0.13776877635104226,0.11657372393066882,-0.11642967077391489,0.1761815501289289,-0.1742928729189788,0.24999999999999983,-0.2499470294896604,0.17908473393404525,-0.1790096734589884,0.1402776036080024,-0.13926753733086777,-0.11416476938209766,0.11549519477603701,0.01696575590084106,-0.004273217872298536,0.07202185355286125,-0.07737671866263582,0.11938615863835457,-0.1192607629040862,0.13672541561863918,-0.13671046453809532,-0.13720475195879345,0.13776304518758795,-0.12829786903807774,0.12898113761474878,-0.05900574704450802,0.12616029572998083,-0.06897662162966353,0.13199194411588527,-0.09594276659474191,0.13770610396817662,0.11527680398960766,0.13773377861529007,0.12966780324662164,0.12502733265606933,0.04015225366067328,0.02666401926134423,-0.05121176987874552,0.04973845696234265,-0.07292725709456915,0.011010433070038333
0.12165940962035635,0.055784847778874214,-0.06050027808860629,0.06473775625175886,0.06871150685292741,-0.048925733101522574,0.011530031871621247,-0.13616356339951755,-0.13769902980280294,-0.13772363858936296,0.13586051942549807,-0.13773095939966667,0.08394070095249492,-0.13585250313276007,0.11823888480145053,-0.1377306949139865,0.0732892401957624,-0.13773570334455687,0.1316137278127308,-0.13773615953803633,-0.11660345096905525,0.11645940018730853,-0.17620175165625732,0.17431292217161756,-0.2499470294896604,0.25000000000000006,-0.17906819729774207,0.17899312928093797,-0.1402462618263274,0.1392363061689563,0.11419453422250135,-0.11552469812015474,-0.016934710184786286,0.004244821118318879,-0.07199248221379967,0.0773509390285844,-0.11935809784364641,0.11923272460801486,-0.13669282586949294,0.13667787861569722,0.13717229491147284,-0.1377304220098432,0.12826582244471163,-0.1289488627505186,0.058991594658832455,-0.12613195373832436,0.06896205386138261,-0.1319628308618646,0.09592142982554686,-0.13767349420595865,-0.11524917313978962,-0.1377011620659176,-0.12963715463205505,-0.12499835431424379,-0.04014264808950059,-0.026657661447693357,0.05119908503557883,-0.04972874124842492,0.07290874822541851,-0.011009074012034771
-0.18964575541104828,-0.08001319123335505,0.09429582445337267,-0.09387135148724057,-0.10040986110691036,0.09761716302905787,-0.007912448437616687,0.20606043747977304,0.20861985279108655,0.20864881479050845,-0.2059527839767294,0.2086578981537326,-0.13214214143871697,0.20678133764868523,-0.18608221946714773,0.20865955258349922,-0.13245573537902783,0.20866433883050922,-0.1991051008469643,0.20866336384018605,0.045676010253812634,-0.04553129023775245,0.10529153353812798,-0.1033943001150757,0.17908473393404525,-0.17906819729774207,0.24999999999999983,-0.24988934112336547,0.21116326591739099,-0.20993403466944083,-0.04326633986340007,0.044801682825312196,0.08786396855383251,-0.07499679280445798,0.1429183497313684,-0.13156342312037655,0.174330319572277,-0.17415730236082344,0.20758757502211717,-0.20756341231903655,-0.20767046076710732,0.20865927466992817,-0.1982639884960757,0.19987083077675907,-0.08746813409882512,0.18078653959451418,-0.09450605780385314,0.18804707796324763,-0.1357757049693546,0.20857368989658143,0.17580519757099153,0.20861618206590218,0.19596548359517016,0.18501860651255211,0.05890063610924789,0.03840363232980482,-0.0801769300734058,0.06469932491965937,-0.11448891399714811,0.01162611984910094
0.18956769417409777,0.07998113363675598,-0.0942604118726271,0.09383366496921332,0.10037010558238714,-0.0975749999793063,0.007910243927398544,-0.20597398553119325,-0.20853232718756148,-0.20856127836746688,0.20586648202999303,-0.2085703575714619,0.13209080649558938,-0.20669434291845265,0.18600606193808564,-0.2085720116652595,0.1323975329328747,-0.20857680035146708,0.1990213805660487,-0.20857588153443118,-0.04561189815591738,0.04546723957538772,-0.10522593281463873,0.10332924882119408,-0.1790096734589884,0.17899312928093797,-0.24988934112336547,0.24999999999999983,-0.21110144175071005,0.20987706103329248,0.04321811996496654,-0.04475334908384789,-0.08787917171122152,0.07501396541622328,-0.14288716965466236,0.13153327497880773,-0.17426401454354934,0.17409110639146863,-0.20750105140130665,0.2074768989493772,0.2075833670530141,-0.2085717338699109,0.19818316951865184,-0.19978899730630306,0.08742963524456182,-0.18071461743205056,0.0944705997619816,-0.18797039215167965,0.1357231251219812,-0.20848618580696265,-0.1757324698700699,-0.20852866049732274,-0.1958835930803601,-0.18494284934362354,-0.05887411897164024,-0.03838591353921725,0.08014489373535723,-0.06467588492538975,0.11444190351818978,-0.011620982397088933
-0.22677466568273774,-0.0925559208157825,0.11226516094752022,-0.10886425235312217,-0.11660132904374193,0.12788862858472097,-0.0037023344868886456,0.24427062073531197,0.247422061537929,0.247452153293,-0.24427426206178876,0.24746214590499105,-0.15874505057667163,0.2455866834023725,-0.22315233878547536,0.24746490802123958,-0.1687127930056929,0.2474603597145062,-0.23649294815897037,0.2474680694832833,0.006854610579829614,-0.006709530047764993,0.0664742843618084,-0.06457242985500274,0.1402776036080024,-0.1402462618263274,0.21116326591739099,-0.21110144175071005,0.2499999999999999,-0.24873204892330145,-0.004460839590467878,0.006092490262435921,0.12666835977768376,-0.11370331947315886,0.1817237492651969,-0.17036339918874457,0.21313562051232976,-0.21294340363207523,0.24639288465463993,-0.2463644960099881,-0.24636971229764182,0.24746462902097377,-0.23704452176943355,0.23867615459885433,-0.10970330589501594,0.21950237348207433,-0.11514885160436351,0.22685237334279096,-0.16539912256742254,0.2473616985554793,0.20836865378461752,0.24741317786148367,0.23242760699497003,0.22147908844702985,0.07511142875774099,0.05033559462724474,-0.09334246327537178,0.0788734435065805,-0.1354194806673222,0.015058083123591056
0.22564179768096365,0.09208274903610524,-0.11170892889517998,0.10830877924935937,0.11600833026823122,-0.12728743998948058,0.003665749700753459,-0.24303777054220638,-0.2461737624200297,-0.24620368865093076,0.24304211541144885,-0.24621362676493536,0.1579600955119908,-0.2443491506417708,0.222041040385753,-0.2462163791291143,0.16790010813370893,-0.24621183997093582,0.2353078008830697,-0.2462321117437968,-0.006516737471556327,0.006372775402603584,-0.06580829402190527,0.06391754180805241,-0.13926753733086777,0.1392363061689563,-0.20993403466944083,0.20987706103329248,-0.24873204892330145,0.24999999999999994,0.004143361381544254,-0.00576647465590792,-0.12622033900127155,0.11331575484933794,-0.1808766068363047,0.1695576004862083,-0.21207008796281523,0.21187889377458272,-0.24515107647102072,0.24512283049801292,0.24512660251032262,-0.24621610180005798,0.23586076770107686,-0.23748384380495666,0.10914798998073438,-0.21839759923687108,0.11457152056755908,-0.2257065789883705,0.16456813813991944,-0.2461136914984376,-0.20731931622252509,-0.2461649120803481,-0.23125526090410392,-0.22036310103948803,-0.07473035610739387,-0.05007967555705001,0.09287474311907211,-0.07847700458860675,0.1347416614099557,-0.01497839642801411
-0.00885494088300891,-0.0006829805318476005,0.01590635049971655,-7.746726978100084e-5,-0.0023730196595692092,0.0186502912326689,0.005588143784909434,-0.0021277661926292772,-0.0019252611276822655,-0.0019285051495901988,0.0015137171465024611,-0.0019312781711377518,-0.01867165068255117,-0.00013395644722348501,-0.011527143438579733,-0.0019285241957648224,-0.010448361647333483,-0.001933793533741943,0.0016698277077640965,-0.0019350974525203517,-0.24758672062883744,0.24743098389663745,-0.1879693337827799,0.18618757378548745,-0.11416476938209766,0.11419453422250135,-0.04326633986340007,0.04321811996496654,-0.004460839590467878,0.004143361381544254,0.24999999999999967,-0.24835816410828893,0.11611549496136468,-0.10316904349074571,0.038041534084356135,-0.027498364953966608,0.002516888378622126,-0.0025434417372089827,-0.0010483082390717882,0.0010480621733575275,0.002049702648990936,-0.0019282530193002819,-0.004393977641693676,0.00415032306087712,-0.00028119570534437805,-0.0013108000201024108,0.0017044796255760541,-0.0028338766986481193,0.0004494694913389671,-0.0019271881718867468,-0.0007641579142692563,-0.001927180770262335,-0.0015760816851396547,-0.0013236376582038973,0.00031258922047581935,0.0004200906269643537,-0.0006652866155815617,-0.002282683381607843,-0.0030770099404776384,-0.0032228333778479105
0.007285274191114693,-3.3575143534737154e-6,-0.014960083811406575,-0.0007217378358277423,0.001512493965990984,-0.017828312219899577,-0.005635509672210084,0.0037443267851572344,0.0035628629998432264,0.0035663604519304984,-0.003133694125406182,0.00356919654185484,0.017426933334904155,0.0017710179880650744,0.009985390039706532,0.0035664643735964863,0.00942675992963061,0.0035717193244756045,-0.0032352285256532403,0.0035729977602857845,0.24610446154739482,-0.2459488558420989,0.1891307125388054,-0.18734799484084283,0.11549519477603701,-0.11552469812015474,0.044801682825312196,-0.04475334908384789,0.006092490262435921,-0.00576647465590792,-0.24835816410828893,0.24999999999999958,-0.11723081668419737,0.10429375835504204,-0.03746373771410832,0.02694827428059918,-0.001287750784803573,0.001316317552996295,0.0026667281905592734,-0.002666290412801114,-0.0036773387927646474,0.0035661900456567122,0.002896253381766648,-0.002632357787370196,-0.0004803519990610173,0.002646424864284499,-0.0023089804797145415,0.004256115060067006,-0.0014191043398366098,0.0035644347202331227,0.0021216226912544617,0.0035647555115754944,0.0031067722181532865,0.002735339622113308,0.0002217691015558498,-5.110151747084677e-5,8.457366601478273e-5,0.002684101919634176,0.002209514215678616,0.0033237870173265073
