x1,x2,x3,x4,x5,x6,x7,x8,x9,x10,x11,x12,x13,x14,x15,x16,x17,x18,x19,x20,x21,x22,x23,x24,x25,x26,x27,x28,x29,x30,x31,x32,x33,x34,x35,x36,x37,x38,x39,x40,x41,x42,x43,x44,x45,x46,x47,x48,x49,x50,x51,x52,x53,x54
0.25000000000000006,-0.10654879573430617,0.012025159329615941,-0.08466709318182944,0.10787702839505575,-0.10677866144399252,0.11257931452295207,-0.10658272265374982,0.19995870391300122,0.10471964371205991,-0.0586198702441207,0.0838744277901216,0.11176141637357773,-0.10645834719432108,0.11744352393131634,-0.08641130984347946,-0.0866091329147432,0.11078865882576101,-0.10437809448830582,0.11019794438147723,0.11468760187421237,0.11386388285019072,-0.092446502628994,-0.08684621237766617,-0.08711150149820261,0.006859451041389295,0.06642679068730781,0.10616559139465781,0.10460247612157798,-0.031493038173781546,0.10372107670228757,-0.09416813626232232,0.11205589616373961,0.11192674714758694,0.11077464429501957,0.08711084462413607,0.10992680028074274,0.06334201726389996,0.08561162050654825,0.11080165097354895,-0.21878011847646936,0.11105987328002664,0.09240487113018786,0.08543409712432759,0.11164326110034743,0.10698705294650374,-0.06792889497156807,0.11099655377127787,-0.21831914422946527,0.1123129639648307,0.08492002813759615,0.08700904010277481,-0.014203745409913716,0.10659139596167205
-0.10654879573430617,0.25,0.017467210063925594,0.2241795952303748,-0.23411347590134612,0.24738934374922894,-0.23955584736204724,0.24744832126095415,-0.10484229005527662,-0.22915478469973333,0.1226870913978752,0.004709632943039727,-0.23781934530943144,0.24756890658875969,-0.23723708570485716,0.22723767540148992,0.22723542300741306,-0.24070660730555815,0.24535854697232473,-0.23693701694109515,-0.23965155886711714,-0.24052599264159108,0.22347678911559668,0.22732905047278246,0.2277244756949342,0.017424022963513117,0.030788264769974455,-0.24707985425980813,-0.2456941235318114,0.0035373457100875954,-0.2426267454278947,0.013366140770073472,-0.2427665144188439,-0.24323668409819785,-0.23981894911468138,-0.22537172845975137,-0.24020085505176694,-0.1258082959521287,-0.2253765421791714,-0.2403058876874201,0.12131053807003761,-0.24260077509728462,-0.2242072316415999,-0.2228946571308692,-0.2428161418261709,-0.24786892795903046,-0.018788438654007037,-0.2423099234616812,0.12196215514971893,-0.24303791768452088,-0.2239810910749606,-0.22831166386275842,-0.006308018571117391,-0.24798304769360835
0.012025159329615941,0.017467210063925594,0.2500000000000001,0.03637960904280314,-0.006259649784235949,0.017488122704840355,-0.011466653572754445,0.017575754981473415,0.023699777359579986,-0.0008133286164302984,0.13744337791498543,-0.00652585045245119,-0.011575015291059775,0.01768974724433155,-0.013116778053042106,0.03762041025134756,0.03742447860391849,-0.010555533446981364,0.019479673379871172,-0.013294821576891082,-0.009982375433155099,-0.012501407215340427,0.03209906798605465,0.03615545389038644,0.037060800249796966,0.15014014502960393,-0.011699868287277086,-0.018545805063322464,-0.020055821443987824,-0.209193336814308,-0.016487729142956157,0.0009627430674211831,-0.013134995797269405,-0.01279562313678257,-0.011899538884438265,-0.03726554286614377,-0.012737692263676203,-0.1391271684464536,-0.03603332089457687,-0.012073293912615876,-0.011858055596067082,-0.013643209128867809,-0.03261496849196656,-0.03692377978438415,-0.012950412850638499,-0.01763897136589157,0.01295145170876973,-0.013710821764116213,-0.016703334578332008,-0.012769061229628141,-0.035997749103125545,-0.03771985863397658,-0.144504147594964,-0.01796619753940615
-0.08466709318182944,0.2241795952303748,0.03637960904280314,0.24999999999999994,-0.21054870648238333,0.22429905487229748,-0.2161868619127159,0.22444111271195444,-0.08331824778581216,-0.20569034810562464,0.1400660164079879,0.025064813649513944,-0.21442992376973422,0.22458792742448014,-0.21384833652337223,0.2436858304425278,0.24367562357134356,-0.21733346691819122,0.22587502511045757,-0.21361303026532358,-0.21606387313628092,-0.2169068498527334,0.23880299114720546,0.24298309575203547,0.2435707657782814,0.03643872355808903,0.05074907064942841,-0.2259743474196873,-0.22743864493905483,-0.015837583011845045,-0.22050168171264672,-0.007286514935178876,-0.21988228463120738,-0.22031403635496824,-0.21625603520806225,-0.2402998595267186,-0.21704378340462968,-0.14336845080922433,-0.24183244855577016,-0.2167420407279111,0.09946565718014998,-0.2209720870599379,-0.2394659283239877,-0.239201201236913,-0.2203834044112453,-0.22510944185379805,-0.03881796675054879,-0.220863700408059,0.10011570189259583,-0.21980007132366736,-0.24031198506907706,-0.24475184074639528,-0.025406695373527414,-0.22542470564451011
0.10787702839505575,-0.23411347590134612,-0.006259649784235949,-0.21054870648238333,0.24999999999999975,-0.23426476591397266,0.23782406032149705,-0.23419605551528233,0.1061714433526428,0.22645887498982437,-0.11046176263265702,0.008664172029885184,0.23480816940904,-0.2339676418911125,0.2341363876996479,-0.21349205616655936,-0.21377965843511917,0.23762899739963997,-0.2316814173438352,0.23432819627531562,0.23666524776622586,0.23741893672978376,-0.2198354020934761,-0.2136425767090566,-0.21435205326731038,-0.014578117255734855,-0.018545293869574243,0.2338963304153719,0.23225946416969195,-0.013694317018531157,0.2291350570360781,-0.027300386658652902,0.23952264194219336,0.23983120314222717,0.23672687655475316,0.21175152556451335,0.23586461170998735,0.11455706494334235,0.21162559975007472,0.23696575620685187,-0.12269339050814879,0.2387261476803082,0.21996636955894477,0.20932915176309305,0.23955723557258385,0.2348590057046428,0.005481194391008738,0.23859551207856436,-0.12325213514173103,0.23983848841645533,0.2105687481264322,0.21458759448472622,0.0046291323822139595,0.23447075518026902
-0.10677866144399252,0.24738934374922894,0.017488122704840355,0.22429905487229748,-0.23426476591397266,0.24999999999999983,-0.23971389131253962,0.24727920383780694,-0.10502959887608813,-0.22929759931348273,0.12276436111615349,0.004624522188724798,-0.23797419422379076,0.247388767363369,-0.23739316601908858,0.22736195423464087,0.22736943388952133,-0.24086072855814603,0.24520237865680675,-0.23709017590740036,-0.23980847532663938,-0.24067987131043242,0.22392307931593106,0.22744564676840212,0.22785687050054873,0.017464137897688303,0.03071947885065058,-0.24692933408633724,-0.24555766247907448,0.003527310627334473,-0.24244676335100412,0.013465309412943853,-0.2429255872660166,-0.243390552832307,-0.2399709844031737,-0.22548349348099203,-0.24031550310551725,-0.12592598304882766,-0.22550063250362815,-0.24045054734742016,0.12152444109938736,-0.242749172640275,-0.22463432853993623,-0.2230156144221069,-0.24297857573316822,-0.24771113190545446,-0.018712679208413737,-0.24246478259846727,0.12217330345108798,-0.243195746134914,-0.2241068578372131,-0.22843881487250567,-0.006344525529076977,-0.24781002925727913
0.11257931452295207,-0.23955584736204724,-0.011466653572754445,-0.2161868619127159,0.23782406032149705,-0.23971389131253962,0.25,-0.23964690614386994,0.11086535195603378,0.23152259738552317,-0.11637978747538648,0.0039276671967288035,0.24018651414850808,-0.239422066026349,0.2395448832281045,-0.2191222108399506,-0.21941598599484918,0.24297734750064026,-0.2371379873872173,0.23935179777374857,0.24204937848888583,0.2428222587193402,-0.22548602260353606,-0.21919149878064442,-0.21998847845946432,-0.012873226847340869,-0.022384668548889358,0.23937473437224374,0.23774888418017529,-0.009222525713732888,0.2344442748456771,-0.022149171090583553,0.24499498731389158,0.2453020881913184,0.24210651181559484,0.21731858343964486,0.24124576880396426,0.12056652046421924,0.21727759339519903,0.24235451563754426,-0.1275285032302737,0.24419910770205658,0.2256293635473294,0.2148594730879607,0.24503177538679546,0.24033088865573213,0.01010210389386548,0.2440682116791545,-0.12806996586862487,0.24530775669355215,0.21605996211039488,0.22024751465859896,0.0021213168624220967,0.23993329874403707
-0.10658272265374982,0.24744832126095415,0.017575754981473415,0.22444111271195444,-0.23419605551528233,0.24727920383780694,-0.23964690614386994,0.25,-0.10485622612701297,-0.22923467119658192,0.12288237217080954,0.004779961798791177,-0.23790928974085565,0.2474500964509399,-0.23732646011663716,0.22750481210824888,0.22750881131033768,-0.2407985712291739,0.24527185261044082,-0.23702686373958926,-0.23974178662517445,-0.24061541806164222,0.22394413754269643,0.22758722368027168,0.22799403010164668,0.01754729433854762,0.030881370906404394,-0.24698933087217517,-0.24562640366182786,0.0034379031314047213,-0.24251010901961034,0.013309260747206257,-0.24286465787722078,-0.24333151830933958,-0.23990781355841312,-0.22562187397182076,-0.2402678394693176,-0.12603128432884123,-0.22564275856118682,-0.240390218055419,0.12134101940509884,-0.24269829673112592,-0.22466220048988825,-0.22315673672053593,-0.24291879714515605,-0.2477657617128875,-0.018869436789539264,-0.24241239916742469,0.12199221494462877,-0.2431335898878405,-0.2242471296833221,-0.22858106228672595,-0.0064252375902703685,-0.24787114823930953
0.19995870391300122,-0.10484229005527662,0.023699777359579986,-0.08331824778581216,0.1061714433526428,-0.10502959887608813,0.11086535195603378,-0.10485622612701297,0.24999999999999978,0.1055612339914799,-0.051357310465701744,0.08743102645222481,0.11019176668547184,-0.1047196412597929,0.11597338979253437,-0.08467593740213387,-0.08486965135579085,0.1094518483003405,-0.1026457471425179,0.10895926614882623,0.1128915745522083,0.11218390909960359,-0.0906564228666807,-0.08521582650904477,-0.08536663122213578,0.018051969792459596,0.0694909736106778,0.10441364867953518,0.10285162921592261,-0.04177742424270746,0.10207297405554919,-0.0986773769336404,0.11024021306672727,0.1101229216432687,0.1090015721380076,0.08529485282444232,0.10815902238308407,0.056146036902771035,0.08382347932153442,0.10902576061461404,-0.21649203632095532,0.10927374570197135,0.0905917608297045,0.08374785455813252,0.1098362654134581,0.10523306167360935,-0.07127125637187805,0.1092010303058903,-0.21770645917911202,0.11051106749792819,0.08326234096655556,0.08524817604637143,-0.025799685790085455,0.10484078797789341
0.10471964371205991,-0.22915478469973333,-0.0008133286164302984,-0.20569034810562464,0.22645887498982437,-0.22929759931348273,0.23152259738552317,-0.22923467119658192,0.1055612339914799,0.2499999999999996,-0.1053186845330594,0.004640317670779956,0.23006861938603348,-0.2290162421375193,0.22916298051067827,-0.2085301735977899,-0.2088154882077187,0.23305139942329223,-0.22673718082171912,0.22953169453514935,0.23167717874902607,0.2324013918275489,-0.21485767933777708,-0.20869002979346357,-0.20937703260527785,-0.002320087458120801,-0.021704016506891917,0.22891633079788695,0.22727542732409114,-0.019840342653676755,0.22428970809886317,-0.02221383266196853,0.23453623120025238,0.23484516593868143,0.23182070925223947,0.20672200547695682,0.23095932155711515,0.10925834984308576,0.20679914978370476,0.23205153233813144,-0.11776138372158848,0.23375362765603475,0.21496575996752662,0.20445672870329218,0.23457653798135328,0.2298830178987043,0.009836231001614456,0.23361891710390525,-0.11955766801408034,0.23485656009105843,0.20565900430748812,0.2095880111443401,-0.007890936809096789,0.22948581056690348
-0.0586198702441207,0.1226870913978752,0.13744337791498543,0.1400660164079879,-0.11046176263265702,0.12276436111615349,-0.11637978747538648,0.12288237217080954,-0.051357310465701744,-0.1053186845330594,0.2499999999999999,-0.06701404254145316,-0.1145274982644884,0.12302247462524953,-0.11285949833113205,0.14245225618303808,0.14226145872369023,-0.11582212930579423,0.12453047937847939,-0.11848593239666436,-0.11473569941645897,-0.11577918190185044,0.13722742870813812,0.1411680419966312,0.1420746302012169,0.13724183231195983,-0.03712104270717502,-0.1241553590556912,-0.12557648524146137,-0.11616831593773773,-0.11939903453734967,0.07448235230541918,-0.11876679308563298,-0.11845049648126678,-0.11587890310052683,-0.14098590835888117,-0.11670514183486984,-0.23997857996421632,-0.13994066395349194,-0.11622202543149729,0.06920906420164985,-0.11921209689313186,-0.13800043741429113,-0.1398388920469021,-0.11851881157722885,-0.12328548843011222,0.050308087394971945,-0.11924037406451093,0.06525097861572055,-0.11839322842616368,-0.13910675449573914,-0.1429664322095967,-0.12642115102092075,-0.12359755541871947
0.0838744277901216,0.004709632943039727,-0.00652585045245119,0.025064813649513944,0.008664172029885184,0.004624522188724798,0.0039276671967288035,0.004779961798791177,0.08743102645222481,0.004640317670779956,-0.06701404254145316,0.24999999999999986,0.002439114867731991,0.004966592353753769,0.002209942802406061,0.024683214039406067,0.0247420866403854,0.000973815394099465,0.006720046831697209,0.006359684764181832,0.0028188064729764567,0.002056887301154601,0.01909377913273001,0.023712735756121015,0.024347851496082956,-0.02979492341717848,0.16478729132551467,-0.005618615152303648,-0.007197451706737374,0.009556637544790324,-0.005851071046484431,-0.20508418570663234,0.0005409883245890365,0.00013081032832495476,0.000706504336951273,-0.022243074753779683,-0.00010913440401660884,0.0669780564993726,-0.027457875408542522,0.000574350460806488,-0.08407464575427323,-0.0006924022918501607,-0.019301407045679276,-0.024199832738883893,-0.0001312038174570263,-0.004735580011618983,-0.16803691239719734,-0.0006511996558503208,-0.08351492844279922,0.0006142860510111373,-0.024977009271002697,-0.024834563074838552,0.026928379233716875,-0.005100575424611453
0.11176141637357773,-0.23781934530943144,-0.011575015291059775,-0.21442992376973422,0.23480816940904,-0.23797419422379076,0.24018651414850808,-0.23790928974085565,0.11019176668547184,0.23006861938603348,-0.1145274982644884,0.002439114867731991,0.24999999999999972,-0.23768533808158415,0.2379589162013719,-0.2174102193277664,-0.2177050884087757,0.24128798938310828,-0.23540619728313725,0.2375929405696617,0.24032038200608832,0.24112257108343213,-0.22376999851161808,-0.21747982773707059,-0.2182729773111581,-0.009630797730977117,-0.023251495668210123,0.23763264925049668,0.23600887274226443,-0.008595974529687724,0.23274723971584146,-0.020352286210043334,0.2432506823392001,0.24355848450961615,0.24038997706529702,0.21561471366827772,0.23952962138458608,0.1186305223908795,0.215610771079381,0.24063516464175433,-0.1262357628950261,0.2424586673310735,0.22390705013667084,0.2131787054103183,0.24329025486190767,0.23858851982065923,0.011716597349047777,0.2423272732052893,-0.1269231832381318,0.24356430711887797,0.2143696014015894,0.21852525112402935,-0.0012936962761494102,0.23818833151853086
-0.10645834719432108,0.24756890658875969,0.01768974724433155,0.22458792742448014,-0.2339676418911125,0.247388767363369,-0.239422066026349,0.2474500964509399,-0.1047196412597929,-0.2290162421375193,0.12302247462524953,0.004966592353753769,-0.23768533808158415,0.24999999999999983,-0.23710160960308505,0.22765214087836308,0.22764593700677369,-0.24057505064611956,0.24540202449098197,-0.23680122885260768,-0.23951954090408656,-0.2403910425870913,0.22375027709686549,0.2277356225895252,0.22812800861627905,0.017650562523465745,0.031059049519906186,-0.24710070472004358,-0.24574753534327892,0.0033639858221676,-0.24264004689426216,0.0131239726586473,-0.24264129859137634,-0.24311342310328388,-0.23968400354446992,-0.22576831840288147,-0.24008602213003064,-0.1261351973182331,-0.22578978991782767,-0.24017421305688424,0.12119890888823226,-0.24249683591663568,-0.22448770907675558,-0.22330428619285703,-0.2426959288136243,-0.24787048019298782,-0.01905249235720562,-0.24220575152334736,0.121854218286788,-0.24290859003401116,-0.22438983175075167,-0.22872602101909814,-0.006522884712129454,-0.24799315292062785
0.11744352393131634,-0.23723708570485716,-0.013116778053042106,-0.21384833652337223,0.2341363876996479,-0.23739316601908858,0.2395448832281045,-0.23732646011663716,0.11597338979253437,0.22916298051067827,-0.11285949833113205,0.002209942802406061,0.2379589162013719,-0.23710160960308505,0.2499999999999998,-0.21684858488105388,-0.21713611885552342,0.2406507995193319,-0.23483098778542308,0.23690974730254502,0.24001424308108515,0.24134412204510983,-0.22317866574660153,-0.21688567060643335,-0.2177069238502251,-0.01183450400270912,-0.022776664409666875,0.23705427662380757,0.23543917009206325,-0.007187233781761698,0.23218463610193663,-0.019523565496816102,0.24263216659556663,0.24294788023211192,0.23978424205910523,0.2150706131952862,0.23892812070170438,0.11696778670818088,0.2152231546691259,0.24002911172979005,-0.13295901368254873,0.24184534772377064,0.2233089499008575,0.21262219758989603,0.24267714553173436,0.23800323876968538,0.012755302628885284,0.2417113712281788,-0.1337416937793428,0.24294870677157976,0.21381426560620245,0.21795887155286933,0.0007327597083605612,0.2376083644151388
-0.08641130984347946,0.22723767540148992,0.03762041025134756,0.2436858304425278,-0.21349205616655936,0.22736195423464087,-0.2191222108399506,0.22750481210824888,-0.08467593740213387,-0.2085301735977899,0.14245225618303808,0.024683214039406067,-0.2174102193277664,0.22765214087836308,-0.21684858488105388,0.2499999999999996,0.2470831942608677,-0.220345944664575,0.2289637384156589,-0.2165959903149766,-0.21907383461287774,-0.21992784694689915,0.24218915221221113,0.24637916675889748,0.2469763193444436,0.037724821071906736,0.05080696497503191,-0.22906421803841434,-0.23055308264905933,-0.016652929510961097,-0.22350700935231912,-0.0066794559027687555,-0.22293308571689024,-0.22336896332838055,-0.21925347687438443,-0.24366463717207001,-0.22004704008407594,-0.14580423442154908,-0.24520765699980218,-0.2197451871296333,0.10121425477191162,-0.22403622696039605,-0.2428587556806546,-0.24254495758341002,-0.22344055210834435,-0.22818482373155458,-0.03877193845938839,-0.22392757374084274,0.10185717610341725,-0.22284859900599469,-0.2436698265206803,-0.24817394873466828,-0.026524328537701584,-0.2285023506887131
-0.0866091329147432,0.22723542300741306,0.03742447860391849,0.24367562357134356,-0.21377965843511917,0.22736943388952133,-0.21941598599484918,0.22750881131033768,-0.08486965135579085,-0.2088154882077187,0.14226145872369023,0.0247420866403854,-0.2177050884087757,0.22764593700677369,-0.21713611885552342,0.2470831942608677,0.24999999999999964,-0.2206407908507242,0.22895431699404978,-0.2168835245634383,-0.21936585543315917,-0.22021929838470347,0.242475018214148,0.24636792625229656,0.24697815486219982,0.03749781247904961,0.05087020500004179,-0.22907128753656353,-0.23055284295669493,-0.016490301687980026,-0.22349563636657008,-0.006736751596038922,-0.22322958695896342,-0.22366111165476296,-0.21954867032438974,-0.24365288154747652,-0.2203059115615186,-0.1456519693934723,-0.2452003345745309,-0.22003374827339983,0.10142569847193056,-0.22431453977757707,-0.2431280410315776,-0.24253386445958683,-0.22373705874323233,-0.22819691714116502,-0.03884039348933072,-0.22421032293229823,0.1020638544516572,-0.22314669884729885,-0.24366290465453255,-0.24816681452869668,-0.026299666940734392,-0.22849952431695184
0.11078865882576101,-0.24070660730555815,-0.010555533446981364,-0.21733346691819122,0.23762899739963997,-0.24086072855814603,0.24297734750064026,-0.2407985712291739,0.1094518483003405,0.23305139942329223,-0.11582212930579423,0.000973815394099465,0.24128798938310828,-0.24057505064611956,0.2406507995193319,-0.220345944664575,-0.2206407908507242,0.2499999999999997,-0.23829589180967084,0.24043950996777141,0.24308673142651577,0.2439104897255886,-0.22668085751380365,-0.22040965453260183,-0.2212105405878243,-0.010831106328374885,-0.02525688342680579,0.2405282338059417,0.23890693810316874,-0.010086381238730879,0.23558726993974746,-0.019050691754037365,0.24611004086940025,0.24642648579354892,0.24321128340345854,0.21847898535105165,0.2423547776190615,0.11993171527928707,0.21855107064617554,0.24346187010280063,-0.12520989478385405,0.24532616251922432,0.22682353125806773,0.2160472497197372,0.2461579362841784,0.24148354386448842,0.013344740058645443,0.24519223538043805,-0.1260529137573478,0.246424978348552,0.2172713384053446,0.2214719321977567,-8.534877354767078e-5,0.2410864276723643
-0.10437809448830582,0.24535854697232473,0.019479673379871172,0.22587502511045757,-0.2316814173438352,0.24520237865680675,-0.2371379873872173,0.24527185261044082,-0.1026457471425179,-0.22673718082171912,0.12453047937847939,0.006720046831697209,-0.23540619728313725,0.24540202449098197,-0.23483098778542308,0.2289637384156589,0.22895431699404978,-0.23829589180967084,0.24999999999999967,-0.23453180323614062,-0.2372223382105313,-0.23809390102767244,0.22489129311762532,0.22897739446641777,0.22938314514392152,0.019427874249009585,0.032763193802902046,-0.24508929615434308,-0.24398974818014513,0.0015359559806677186,-0.2405464117074224,0.01132963800548526,-0.240403456702345,-0.24087313018715875,-0.23738867659792823,-0.22694758386116645,-0.23783528408654803,-0.12764514636448998,-0.22710145184144753,-0.2378801740898713,0.11909108501504102,-0.24037422530505947,-0.22562640126448075,-0.22460569051678805,-0.24049794323427007,-0.24571174275210197,-0.020768086485165285,-0.24009828511433434,0.11974679534514146,-0.2406390234590507,-0.22569234763646315,-0.23003536630588264,-0.008315196577413177,-0.24585581040858845
0.11019794438147723,-0.23693701694109515,-0.013294821576891082,-0.21361303026532358,0.23432819627531562,-0.23709017590740036,0.23935179777374857,-0.23702686373958926,0.10895926614882623,0.22953169453514935,-0.11848593239666436,0.006359684764181832,0.2375929405696617,-0.23680122885260768,0.23690974730254502,-0.2165959903149766,-0.2168835245634383,0.24043950996777141,-0.23453180323614062,0.24999999999999972,0.23933058754462014,0.24016448381566624,-0.222915586085018,-0.21666068165392574,-0.2174503884359556,-0.015124434253745855,-0.020249054641303638,0.23674713529970928,0.23512561230773593,-0.007038455287021347,0.23184143483004194,-0.024285926404736657,0.24235221220165679,0.24264154970128501,0.23948183977416118,0.21480595945557787,0.23862674145685736,0.12258962845717376,0.21473087396208027,0.2397268940153835,-0.12436729227367027,0.241547250817834,0.22306088968369311,0.21237424297367408,0.24237143857652488,0.23770044093883155,0.007859392164506098,0.24141758880163267,-0.12513003747277712,0.24265829210069523,0.21354049870573474,0.21770140562070797,0.00434211919054386,0.23730574973401367
0.11468760187421237,-0.23965155886711714,-0.009982375433155099,-0.21606387313628092,0.23666524776622586,-0.23980847532663938,0.24204937848888583,-0.23974178662517445,0.1128915745522083,0.23167717874902607,-0.11473569941645897,0.0028188064729764567,0.24032038200608832,-0.23951954090408656,0.24001424308108515,-0.21907383461287774,-0.21936585543315917,0.24308673142651577,-0.2372223382105313,0.23933058754462014,0.24999999999999947,0.2430458024016782,-0.22544158084787017,-0.21914053427257324,-0.21994095405143826,-0.01091745047070029,-0.022971844399545988,0.23946494031229174,0.23782974508500795,-0.01033027797719002,0.2345542502467636,-0.02086523729715318,0.24508029673813841,0.24539704053816222,0.24220366202060367,0.21726967497463076,0.2413415140156875,0.11886141028547106,0.2172996281988325,0.24245161985629246,-0.12957708482914515,0.24428829964079954,0.22557956635392604,0.21480761108241422,0.24512547918494873,0.24042701180334825,0.011457299557015212,0.24415511292675773,-0.1302287699714997,0.24539700905716888,0.21601651754522064,0.2201978339634034,3.1478390303922604e-5,0.2400264852694293
0.11386388285019072,-0.24052599264159108,-0.012501407215340427,-0.2169068498527334,0.23741893672978376,-0.24067987131043242,0.2428222587193402,-0.24061541806164222,0.11218390909960359,0.2324013918275489,-0.11577918190185044,0.002056887301154601,0.24112257108343213,-0.2403910425870913,0.24134412204510983,-0.21992784694689915,-0.22021929838470347,0.2439104897255886,-0.23809390102767244,0.24016448381566624,0.2430458024016782,0.24999999999999967,-0.226263481711412,-0.2199789746322405,-0.22079428124870557,-0.011864687382792484,-0.023727096507103806,0.2403373096987795,0.2387026190037833,-0.007825985898243973,0.2354025375502738,-0.01995321084101682,0.24591951139050391,0.24623658327197873,0.24302908925147113,0.2181110204664568,0.24217130517666688,0.1199067345530211,0.2181547043043492,0.243279411357882,-0.12890890763339974,0.2451262813254269,0.22640487585777558,0.2156363780728694,0.24596409108320075,0.24129947538230404,0.012351489147469768,0.24499210478245215,-0.12958396294853766,0.24623597390378243,0.21685041661682003,0.22105397098365617,0.0008612748374910481,0.24090185276705348
-0.092446502628994,0.22347678911559668,0.03209906798605465,0.23880299114720546,-0.2198354020934761,0.22392307931593106,-0.22548602260353606,0.22394413754269643,-0.0906564228666807,-0.21485767933777708,0.13722742870813812,0.01909377913273001,-0.22376999851161808,0.22375027709686549,-0.22317866574660153,0.24218915221221113,0.242475018214148,-0.22668085751380365,0.22489129311762532,-0.222915586085018,-0.22544158084787017,-0.226263481711412,0.24999999999999953,0.2414515102015184,0.24246671754123428,0.03228033181784043,0.04526662770701958,-0.22555487321448459,-0.22673220485490578,-0.011769362163945429,-0.219481817184013,-0.0010321119312240944,-0.22922909129277946,-0.2295149643182842,-0.22557995085517307,-0.238797965836055,-0.2251410005911018,-0.14163252157622522,-0.24034043984154668,-0.22584247755703454,0.10734331690491844,-0.22968487127551493,-0.2473774493038709,-0.23764688598699463,-0.22972216547807495,-0.2248851269422503,-0.033203580120705456,-0.22972610700947993,0.1079554878328966,-0.22919685416277275,-0.2389080355644324,-0.24333628197108276,-0.021192799279720308,-0.22469254052517484
-0.08684621237766617,0.22732905047278246,0.03615545389038644,0.24298309575203547,-0.2136425767090566,0.22744564676840212,-0.21919149878064442,0.22758722368027168,-0.08521582650904477,-0.20869002979346357,0.1411680419966312,0.023712735756121015,-0.21747982773707059,0.2277356225895252,-0.21688567060643335,0.24637916675889748,0.24636792625229656,-0.22040965453260183,0.22897739446641777,-0.21666068165392574,-0.21914053427257324,-0.2199789746322405,0.2414515102015184,0.2499999999999996,0.24627236143091205,0.03646504600127084,0.05012195782209992,-0.22910686668937277,-0.23053960162476553,-0.0153335374832694,-0.2235896362392925,-0.005586594094271436,-0.2229654029808952,-0.22340439048049085,-0.21930798908413893,-0.2429901591440985,-0.22009876092741623,-0.14448762763226392,-0.24448745053244694,-0.21979998875779574,0.10160724078925362,-0.2240485142789816,-0.24212278137091867,-0.2418436525804983,-0.22346526505035066,-0.2282598398122604,-0.038211058751048264,-0.22393524459253106,0.10228186084967703,-0.2228890047897961,-0.24297110514903744,-0.24745766762476396,-0.025295062914518003,-0.22857588970118797
-0.08711150149820261,0.2277244756949342,0.037060800249796966,0.2435707657782814,-0.21435205326731038,0.22785687050054873,-0.21998847845946432,0.22799403010164668,-0.08536663122213578,-0.20937703260527785,0.1420746302012169,0.024347851496082956,-0.2182729773111581,0.22812800861627905,-0.2177069238502251,0.2469763193444436,0.24697815486219982,-0.2212105405878243,0.22938314514392152,-0.2174503884359556,-0.21994095405143826,-0.22079428124870557,0.24246671754123428,0.24627236143091205,0.24999999999999975,0.03718418895777917,0.05051927909290468,-0.22952949727923477,-0.23096651352671765,-0.01609263104320911,-0.22396062148721277,-0.006319427434859004,-0.22379374525368476,-0.22422488067452592,-0.22012057191040407,-0.24356681692359156,-0.22086176079748646,-0.14547379794559773,-0.24509237365685832,-0.22060407245892258,0.10194847632048834,-0.2248550288550093,-0.24311638087242107,-0.2424258729753177,-0.22429460935552673,-0.2286811895754218,-0.03846999525279221,-0.22474927803149586,0.10258545078072775,-0.22371655058319564,-0.24355642475731115,-0.248061399296562,-0.025977922951089853,-0.22897665418162955
0.006859451041389295,0.017424022963513117,0.15014014502960393,0.03643872355808903,-0.014578117255734855,0.017464137897688303,-0.012873226847340869,0.01754729433854762,0.018051969792459596,-0.002320087458120801,0.13724183231195983,-0.02979492341717848,-0.009630797730977117,0.017650562523465745,-0.01183450400270912,0.037724821071906736,0.03749781247904961,-0.010831106328374885,0.019427874249009585,-0.015124434253745855,-0.01091745047070029,-0.011864687382792484,0.03228033181784043,0.03646504600127084,0.03718418895777917,0.2499999999999996,-0.030162755175844998,-0.018504700131373814,-0.019996253936099165,-0.14613306004159332,-0.016515008836803242,0.023609306453884944,-0.01326917279940272,-0.012955818949390541,-0.012023875531943408,-0.03729685569109535,-0.012843129239598038,-0.1391963286579417,-0.03684892776067428,-0.012193574008233014,-0.0033565593953851012,-0.013773450125823497,-0.032838079998439164,-0.036972431471868676,-0.013084082857387786,-0.017590037401359254,0.03348256504393609,-0.013829344518362013,-0.009340348805456361,-0.012895976221695941,-0.03636381327782194,-0.0378328247717239,-0.23053595346841677,-0.017993853510560466
0.06642679068730781,0.030788264769974455,-0.011699868287277086,0.05074907064942841,-0.018545293869574243,0.03071947885065058,-0.022384668548889358,0.030881370906404394,0.0694909736106778,-0.021704016506891917,-0.03712104270717502,0.16478729132551467,-0.023251495668210123,0.031059049519906186,-0.022776664409666875,0.05080696497503191,0.05087020500004179,-0.02525688342680579,0.032763193802902046,-0.020249054641303638,-0.022971844399545988,-0.023727096507103806,0.04526662770701958,0.05012195782209992,0.05051927909290468,-0.030162755175844998,0.24999999999999972,-0.031799772586629874,-0.033372169671543966,0.01194710565477313,-0.031321258524286605,-0.1681860862020727,-0.02563802463334729,-0.026025136762700036,-0.025032125998795146,-0.047599455606015584,-0.025849868433303558,0.03753608551297246,-0.053618040353183266,-0.025207356222387744,-0.06538153924354283,-0.02683737149690721,-0.04554523671831516,-0.049867980992771656,-0.026258657791940768,-0.030920180826163577,-0.20451642766554215,-0.026794284289900078,-0.06630147692542812,-0.02555965035876844,-0.050650162653691065,-0.05100040218156,0.028258324943447464,-0.0312818693178652
0.10616559139465781,-0.24707985425980813,-0.018545805063322464,-0.2259743474196873,0.2338963304153719,-0.24692933408633724,0.23937473437224374,-0.24698933087217517,0.10441364867953518,0.22891633079788695,-0.1241553590556912,-0.005618615152303648,0.23763264925049668,-0.24710070472004358,0.23705427662380757,-0.22906421803841434,-0.22907128753656353,0.2405282338059417,-0.24508929615434308,0.23674713529970928,0.23946494031229174,0.2403373096987795,-0.22555487321448459,-0.22910686668937277,-0.22952949727923477,-0.018504700131373814,-0.031799772586629874,0.24999999999999975,0.2455104336134358,-0.0025277355759891888,0.24218484574807236,-0.012526963363110167,0.24262722503154255,0.24309167378713545,0.23962592298138616,0.22710049270088137,0.23999285331438525,0.12734002772408867,0.22719532570211087,0.24010718549756824,-0.12096770846262746,0.24251571481989975,0.2262651852303087,0.22469498707889834,0.24270378003220955,0.2474359600832568,0.019757105858889533,0.24223986519332225,-0.12161795357602136,0.24287985577937926,0.22579053758926118,0.23014472723088375,0.007344711386421646,0.24754566091019778
0.10460247612157798,-0.2456941235318114,-0.020055821443987824,-0.22743864493905483,0.23225946416969195,-0.24555766247907448,0.23774888418017529,-0.24562640366182786,0.10285162921592261,0.22727542732409114,-0.12557648524146137,-0.007197451706737374,0.23600887274226443,-0.24574753534327892,0.23543917009206325,-0.23055308264905933,-0.23055284295669493,0.23890693810316874,-0.24398974818014513,0.23512561230773593,0.23782974508500795,0.2387026190037833,-0.22673220485490578,-0.23053960162476553,-0.23096651352671765,-0.019996253936099165,-0.033372169671543966,0.2455104336134358,0.25,-0.001018407687831693,0.24089240102878745,-0.010940860904569872,0.24104445363235374,0.24151014278105593,0.23799133371270548,0.22847823124004832,0.23841585546183608,0.12875234836502938,0.22868215818346913,0.23847815762094185,-0.11941094958123691,0.2410380506818613,0.2274511587277308,0.22616999159668733,0.24115403056566426,0.24608529627664444,0.021335479372554006,0.24077164621381675,-0.12006104608112816,0.24127077612075853,0.22726542432955732,0.2316324946005599,0.008830498867921033,0.24622119991379232
-0.031493038173781546,0.0035373457100875954,-0.209193336814308,-0.015837583011845045,-0.013694317018531157,0.003527310627334473,-0.009222525713732888,0.0034379031314047213,-0.04177742424270746,-0.019840342653676755,-0.11616831593773773,0.009556637544790324,-0.008595974529687724,0.0033639858221676,-0.007187233781761698,-0.016652929510961097,-0.016490301687980026,-0.010086381238730879,0.0015359559806677186,-0.007038455287021347,-0.01033027797719002,-0.007825985898243973,-0.011769362163945429,-0.0153335374832694,-0.01609263104320911,-0.14613306004159332,0.01194710565477313,-0.0025277355759891888,-0.001018407687831693,0.24999999999999972,-0.0040594571357582855,-0.0027341064746510004,-0.0072628104235782824,-0.007610381124466668,-0.00816438853670707,0.016633572693121126,-0.007409480012898992,0.11778786991180286,0.015099770710066043,-0.0080400058842138,0.03146723692137284,-0.006783039210781313,0.012197400311716315,0.016328871725636088,-0.007433755618099222,-0.0034226609167537707,-0.007413538705375191,-0.0066976835643703355,0.03756542973463078,-0.00762508719764744,0.01541571289384464,0.016662366856613344,0.1404575052844571,-0.0031318459537561967
0.10372107670228757,-0.2426267454278947,-0.016487729142956157,-0.22050168171264672,0.2291350570360781,-0.24244676335100412,0.2344442748456771,-0.24251010901961034,0.10207297405554919,0.22428970809886317,-0.11939903453734967,-0.005851071046484431,0.23274723971584146,-0.24264004689426216,0.23218463610193663,-0.22350700935231912,-0.22349563636657008,0.23558726993974746,-0.2405464117074224,0.23184143483004194,0.2345542502467636,0.2354025375502738,-0.219481817184013,-0.2235896362392925,-0.22396062148721277,-0.016515008836803242,-0.031321258524286605,0.24218484574807236,0.24089240102878745,-0.0040594571357582855,0.24999999999999986,-0.011927341330749337,0.23760326790454053,0.2380755837804624,0.2347038248673401,0.22163595704125189,0.23512499593011651,0.12239684341030183,0.22169061545852378,0.235188725020232,-0.11813953210762407,0.23749242540393703,0.22021165832884823,0.21923907181619198,0.23766889011413098,0.24291973086929503,0.019612177115833948,0.23720516624949886,-0.11882684045086606,0.2378632181130145,0.22031834569285755,0.22455876854206133,0.005649734048321866,0.24305172640925088
-0.09416813626232232,0.013366140770073472,0.0009627430674211831,-0.007286514935178876,-0.027300386658652902,0.013465309412943853,-0.022149171090583553,0.013309260747206257,-0.0986773769336404,-0.02221383266196853,0.07448235230541918,-0.20508418570663234,-0.020352286210043334,0.0131239726586473,-0.019523565496816102,-0.0066794559027687555,-0.006736751596038922,-0.019050691754037365,0.01132963800548526,-0.024285926404736657,-0.02086523729715318,-0.01995321084101682,-0.0010321119312240944,-0.005586594094271436,-0.006319427434859004,0.023609306453884944,-0.1681860862020727,-0.012526963363110167,-0.010940860904569872,-0.0027341064746510004,-0.011927341330749337,0.2499999999999996,-0.018650822899669434,-0.01827760220646769,-0.018576242480923114,0.004409565532107561,-0.01775698109301339,-0.07494165289237564,0.009803898970849987,-0.01847221262567349,0.09686693799747709,-0.01744247052536282,0.0012220682896544358,0.006519572176319907,-0.018002916475232788,-0.013413117173612071,0.17325190745809058,-0.017474617739422292,0.0965434437782923,-0.01873831793451457,0.0071921524997488155,0.006750778167215618,-0.01977325391435745,-0.013042512871321405
0.11205589616373961,-0.2427665144188439,-0.013134995797269405,-0.21988228463120738,0.23952264194219336,-0.2429255872660166,0.24499498731389158,-0.24286465787722078,0.11024021306672727,0.23453623120025238,-0.11876679308563298,0.0005409883245890365,0.2432506823392001,-0.24264129859137634,0.24263216659556663,-0.22293308571689024,-0.22322958695896342,0.24611004086940025,-0.240403456702345,0.24235221220165679,0.24508029673813841,0.24591951139050391,-0.22922909129277946,-0.2229654029808952,-0.22379374525368476,-0.01326917279940272,-0.02563802463334729,0.24262722503154255,0.24104445363235374,-0.0072628104235782824,0.23760326790454053,-0.018650822899669434,0.24999999999999975,0.24847038374649197,0.24520847700154078,0.22104674079408193,0.24436120117554833,0.1229757788733467,0.22110453926698223,0.24546366439731948,-0.12688716302271127,0.24738569747997763,0.22938150338582897,0.21859280424198807,0.2482069556075844,0.24355945382462912,0.013573883523911137,0.24725427884351633,-0.12748781127297526,0.24846522131708623,0.21981026456581648,0.22407399592631658,0.002256574858393985,0.24316621532848748
0.11192674714758694,-0.24323668409819785,-0.01279562313678257,-0.22031403635496824,0.23983120314222717,-0.243390552832307,0.2453020881913184,-0.24333151830933958,0.1101229216432687,0.23484516593868143,-0.11845049648126678,0.00013081032832495476,0.24355848450961615,-0.24311342310328388,0.24294788023211192,-0.22336896332838055,-0.22366111165476296,0.24642648579354892,-0.24087313018715875,0.24264154970128501,0.24539704053816222,0.24623658327197873,-0.2295149643182842,-0.22340439048049085,-0.22422488067452592,-0.012955818949390541,-0.026025136762700036,0.24309167378713545,0.24151014278105593,-0.007610381124466668,0.2380755837804624,-0.01827760220646769,0.24847038374649197,0.2499999999999999,0.24552074411044436,0.2214755106364864,0.2446916392061563,0.12263167328885415,0.22154303475189607,0.24578000752288096,-0.12676656209820056,0.24771061605870934,0.2296753773724186,0.21901919804596,0.2485241424485301,0.24402310515469244,0.013980584348703041,0.24757618074400234,-0.1273861210109665,0.2487796342144666,0.2202442457429734,0.22451039843919138,0.001939897165468755,0.24363731261394264
0.11077464429501957,-0.23981894911468138,-0.011899538884438265,-0.21625603520806225,0.23672687655475316,-0.2399709844031737,0.24210651181559484,-0.23990781355841312,0.1090015721380076,0.23182070925223947,-0.11587890310052683,0.000706504336951273,0.24038997706529702,-0.23968400354446992,0.23978424205910523,-0.21925347687438443,-0.21954867032438974,0.24321128340345854,-0.23738867659792823,0.23948183977416118,0.24220366202060367,0.24302908925147113,-0.22557995085517307,-0.21930798908413893,-0.22012057191040407,-0.012023875531943408,-0.025032125998795146,0.23962592298138616,0.23799133371270548,-0.00816438853670707,0.2347038248673401,-0.018576242480923114,0.24520847700154078,0.24552074411044436,0.24999999999999994,0.21742839776442552,0.24146743906084908,0.12001293828876955,0.21745739452450305,0.24257365871126038,-0.12537789319167408,0.2444139250839709,0.22572489078376412,0.21497714370778329,0.2452503025833899,0.24058869397799137,0.013173711064092675,0.24428085661069393,-0.12599010534064964,0.24552301123613646,0.21618637082670525,0.2203785240057539,0.0011892861465656556,0.24019127320066946
