x1,x2,x3,x4,x5,x6,x7,x8,x9,x10,x11,x12,x13,x14,x15,x16,x17,x18,x19,x20,x21,x22,x23,x24,x25,x26,x27,x28,x29,x30,x31,x32,x33,x34,x35,x36,x37,x38,x39,x40,x41,x42,x43,x44,x45,x46,x47,x48,x49,x50,x51,x52,x53,x54,x55,x56,x57,x58,x59,x60
0.25,0.24838373469615163,0.24678843360085675,0.2483837663544805,0.24729114045165948,0.24838371343637133,0.24821913736450243,0.24838368960228696,0.24835116500416504,0.24838384137153363,-0.24830422862523374,0.2483838362646437,-0.24834344746469617,0.24838378602070238,-0.2483647029303985,0.24838382049366955,-0.2478160007239278,0.24837126077891897,-0.24810173300117444,0.2483837878683778,-0.08582387781708768,0.11132594663144565,-0.07936059852321857,0.088224700564061,0.00040235756478934636,0.0004392724770318665,0.09852543036712627,-0.09833336906635122,0.24625541127509892,-0.24528723330076582,0.08699734172658408,-0.07915387142656616,0.10756757543353845,-0.06560469133906616,0.09159194078417679,-0.07618650120187032,0.13834352737144745,-0.13176557812622264,0.2286734504602832,-0.22742864576584923,-0.24812725013302003,0.24838382083024352,-0.24830529696432788,0.24838380332286625,-0.2483166657394783,0.24838379799067076,-0.24692499356089537,0.24697503973320742,-0.23830914650496562,0.2383920503205987,0.24838383613365084,0.2483836831829932,0.24838383678556925,0.24838374663392615,0.24838385028138896,0.24838375899860132,0.24838383685579402,0.2483837688795516,0.24838384776504754,0.2483838104607003
0.24838373469615163,0.25,0.24840300837552298,0.24999967606944287,0.24890024745714,0.24999962281177757,0.2498340763350654,0.24999959873966632,0.24996686593994244,0.24999975154464713,-0.24992004023172865,0.24999974640744407,-0.249959089580296,0.24999969594519914,-0.24998051944242594,0.24999973055994423,-0.24942848247025862,0.2499870892503311,-0.24971580342087038,0.24999969768540686,-0.08637826623235964,0.1120460029694189,-0.0798738550936232,0.08879611303542985,0.0004075533105842023,0.0004395708829236998,0.09916835971269952,-0.09897504828730093,0.24785750203833684,-0.24688301787327163,0.0875594092480997,-0.07966519061278893,0.1082635817711804,-0.06602770177175996,0.09218485169943196,-0.07667938128370447,0.1392419557554931,-0.13262129676315204,0.23016112550977325,-0.2289082336173341,-0.24974149271080162,0.24999973086836064,-0.24992069678431608,0.2499997132471111,-0.24993213932406502,0.24999970788008652,-0.24853143111406892,0.24858180256163853,-0.23985952916948336,0.23994297182522215,0.24999974627127167,0.24999959232556332,0.2499997469274313,0.24999965618928885,0.24999976051105072,0.24999966863440487,0.24999974699811292,0.24999967857963765,0.2499997579783388,0.24999972043130073
0.24678843360085675,0.24840300837552298,0.25000000000000006,0.2484031596293356,0.2473041591733948,0.24840310676256494,0.24823810065895746,0.2484030832404222,0.24837056439490687,0.24840323506489198,-0.24832561775585224,0.24840322998135891,-0.24836268955440036,0.24840317996209987,-0.24838411766180055,0.24840321442506588,-0.24783666631884904,0.24839065459021503,-0.24812108050751727,0.2484031815078392,-0.08580363786519157,0.11130562995992666,-0.07934349262497825,0.08820888097794215,0.00042326948916882056,0.0004185671376775378,0.09854671016630649,-0.09835462967875894,0.24627482985905638,-0.2453065229202023,0.08697742852433882,-0.07913472895457119,0.10754908751588294,-0.06558381624566674,0.0915767881924499,-0.07617144995295257,0.13834217413509667,-0.13176429491791655,0.2286912476413099,-0.2274464151650094,-0.2481466356139015,0.24840321452086342,-0.2483246888708215,0.2484031970123367,-0.24833605721374805,0.24840319167866298,-0.24694439941529966,0.2469944471769391,-0.23832784311836838,0.23841074958999028,0.2484032298250879,0.24840307686248794,0.24840323047705715,0.24840314031837504,0.2484032439739306,0.24840315268401564,0.2484032305472874,0.2484031625657374,0.24840324145739273,0.24840320415013278
0.2483837663544805,0.24999967606944287,0.2484031596293356,0.24999999999999997,0.24890039837286898,0.24999977436932688,0.24983422779757533,0.24999975029719537,0.2499670174777913,0.2499999031022723,-0.24992019176033925,0.24999989796506622,-0.24995924111360732,0.24999984750279705,-0.24998067098991306,0.2499998821175593,-0.24942863369834545,0.24998724080029738,-0.24971595480597591,0.24999984924299887,-0.08637831813742113,0.11204607040443326,-0.07987390313457254,0.0887961664948808,0.00040755389079619186,0.0004395708186543946,0.0991684200479868,-0.09897510850532996,0.24785765230033346,-0.24688316754364978,0.08755946187316949,-0.07966523847866654,0.10826364695220382,-0.06602774136704281,0.09218490721326113,-0.07667942741920666,0.13924203996572812,-0.1326213769691193,0.23016126503919138,-0.2289083723884522,-0.2497416441120587,0.24999988242597337,-0.24992084829408892,0.24999986480471315,-0.24993229084075225,0.2499998594376852,-0.24853158178358084,0.24858195326164836,-0.23985967458114665,0.23994311728740664,0.24999989782889348,0.2499997438830918,0.2499998984850535,0.249999807746856,0.24999991206868113,0.24999982019197958,0.24999989855573515,0.24999983013721835,0.24999990953596765,0.2499998719889068
0.24729114045165948,0.24890024745714,0.2473041591733948,0.24890039837286898,0.2500000000000001,0.2489003447810272,0.248734900291017,0.2489003214935289,0.2488677322397453,0.24890047352193473,-0.24882082810297393,0.24890046843938546,-0.24885985202686178,0.2489004182317028,-0.2488812575710005,0.24890045314733975,-0.24833398006574373,0.2488878683614001,-0.24861774254114216,0.24890041985063555,-0.08596072097647173,0.11151271305095417,-0.07949179443149221,0.08837474652114043,0.00043452770441417,0.0004090725445977419,0.09875047317481433,-0.09855800523497346,0.2467678985525054,-0.2457976274215955,0.08713697464603273,-0.07927982723991582,0.10775028549669921,-0.06570119965263137,0.09174767090593985,-0.07631218676588764,0.13861229276295156,-0.1320215350611591,0.2291489037108075,-0.2279016230510446,-0.24864336664434813,0.2489004529371062,-0.2488217724332057,0.2489004353936571,-0.24883316278551093,0.24890043004870802,-0.24743878023792243,0.2474889268807024,-0.23880492696002772,0.23888799723607418,0.248900468271747,0.24890031500295584,0.24890046892502135,0.24890037858586506,0.24890048244891197,0.24890039097625846,0.24890046899539217,0.24890040087776086,0.2489004799273367,0.24890044254539728
0.24838371343637133,0.24999962281177757,0.24840310676256494,0.24999977436932688,0.2489003447810272,0.2500000000000003,0.2498341745238029,0.24999969703951533,0.24996696422720982,0.24999984984455814,-0.24992013851957373,0.24999984470735453,-0.2499591878525991,0.24999979424509952,-0.24998061773306898,0.24999982885986824,-0.24942858064143417,0.24998718754538257,-0.24971590160691123,0.24999979598529243,-0.0863782972588311,0.11204604386198512,-0.07987388390961668,0.08879614529833674,0.0004075558021979787,0.00043956874028697895,0.09916840013612525,-0.09897508863428434,0.24785759951612163,-0.24688311496219803,0.08755944076122607,-0.07966521916115632,0.10826362139172824,-0.06602772493747672,0.09218488545533775,-0.0766794090819421,0.13924200914130055,-0.13262134760736455,0.23016121600012915,-0.22890832362256427,-0.24974159091044032,0.24999982916826405,-0.24992079505361275,0.2499998115470075,-0.24993223759771926,0.24999980617998058,-0.24853152884996949,0.24858190031708566,-0.23985962349062237,0.23994306617874198,0.2499998445711808,0.24999969062541194,0.24999984522734067,0.24999975448916256,0.24999985881096543,0.24999976693428347,0.24999984529802233,0.2499997768795201,0.24999985627825247,0.24999981873119964
0.24821913736450243,0.2498340763350654,0.24823810065895746,0.24983422779757533,0.248734900291017,0.2498341745238029,0.2500000000000004,0.24983415044209983,0.2498014401756287,0.24983430322830275,-0.24975464200118172,0.24983429809160623,-0.24979370907527781,0.2498342482539466,-0.24981588350609119,0.2498342823295485,-0.24926337521816114,0.2498216489081928,-0.2495505498162007,0.2498342494466212,-0.08632968387510982,0.11198136274866384,-0.07982925813181632,0.08874587492599502,0.00039935034122089163,0.000447165494946892,0.09909787760657421,-0.09890469566195212,0.24769340458152075,-0.24671958438846261,0.08750998039290103,-0.07962068077248052,0.10820091470630447,-0.06599272196018136,0.09213167585419908,-0.07663602810340481,0.1391540946137803,-0.13253761120665913,0.23000882166897926,-0.2287567392409078,-0.24957621132078817,0.24983428256241674,-0.24975529935046878,0.24983426495274827,-0.24976673474543912,0.2498342595896458,-0.2483669100434058,0.2484172489532496,-0.23970076268226254,0.23978415143324897,0.24983429795525328,0.24983414411142524,0.2498342986109786,0.24983420793288608,0.24983431218560845,0.24983422036976605,0.24983429868161347,0.2498342303084171,0.24983430965457265,0.249834272132383
0.24838368960228696,0.24999959873966632,0.2484030832404222,0.24999975029719537,0.2489003214935289,0.24999969703951533,0.24983415044209983,0.2500000000000003,0.2499669401580319,0.24999982577241772,-0.24992011443581114,0.24999982063521436,-0.24995916378454547,0.24999977017296082,-0.2499805936604725,0.2499998047877304,-0.24942855662875996,0.24998716347445865,-0.24971587756213576,0.24999977191315728,-0.08637828888070123,0.11204603301487844,-0.0798738762519991,0.08879613677436694,0.0004075557496870803,0.00043956871155169744,0.09916839057469604,-0.09897507909144435,0.24785757565008146,-0.24688309119002363,0.08755943226959897,-0.0796652114515309,0.10826361093193809,-0.06602771854010382,0.09218487653507812,-0.07667940165636833,0.13924199570919943,-0.13262133481260133,0.23016119383499872,-0.22890830157847472,-0.24974156686318089,0.24999980509612474,-0.24992077098909082,0.24999978747486992,-0.24993221353209208,0.2499997821078435,-0.24853150491918513,0.24858187638144577,-0.23985960039391094,0.239943043073987,0.24999982049904013,0.24999966655328607,0.24999982115519992,0.24999973041703052,0.24999983473882334,0.24999974286215024,0.24999982122588152,0.2499997528073859,0.2499998322061106,0.2499997946590614
0.24835116500416504,0.24996686593994244,0.24837056439490687,0.2499670174777913,0.2488677322397453,0.24996696422720982,0.2498014401756287,0.2499669401580319,0.25000000000000033,0.2499670929432151,-0.24988739753185374,0.24996708780676355,-0.24992643534436879,0.24996703735258907,-0.24994786419559678,0.24996707196150805,-0.24939589840118953,0.24995443230942474,-0.24968318182104993,0.24996703909078474,-0.08636684087101887,0.11203121329354185,-0.07986327740703189,0.08878436064963112,0.0004076233691143878,0.0004393909531532869,0.09915547626398807,-0.09896219007737371,0.24782512430996917,-0.24685076715963014,0.08754783049545344,-0.07965464543862923,0.10824929196024236,-0.06601894291229088,0.09217268673091397,-0.07666924845608561,0.13922369863780248,-0.13260390755335547,0.23013105852440774,-0.22887833061858204,-0.24970886790860433,0.24996707226962953,-0.24988804853269492,0.2499670546506832,-0.24989948957119437,0.2499670492843537,-0.24849896497905635,0.24854932983361838,-0.23982819577165293,0.2399116275058125,0.24996708767052625,0.24996693374492854,0.2499670883266001,0.2499669976003112,0.24996710190844507,0.24996701004380148,0.2499670883972725,0.24996701998773502,0.24996709937606396,0.24996706183393083
0.24838384137153363,0.24999975154464713,0.24840323506489198,0.2499999031022723,0.24890047352193473,0.24999984984455814,0.24983430322830275,0.24999982577241772,0.2499670929432151,0.2500000000000004,-0.24992026723463096,0.24999997344033428,-0.24995931657821321,0.249999922978052,-0.24998074646014518,0.24999995759282262,-0.249428709004454,0.24998731627174106,-0.24971603019552766,0.24999992471825222,-0.08637834427334844,0.11204610429598241,-0.07987392731777558,0.0887961933875178,0.0004075539498423071,0.00043957101497279366,0.09916844995730782,-0.09897513835629529,0.24785772712843196,-0.24688324207767462,0.08755948836562358,-0.07966526258884983,0.10826367970182918,-0.06602776135613636,0.09218493510358992,-0.07667945062575472,0.13924208203638094,-0.1326214170397344,0.23016133452529144,-0.22890844149619569,-0.2497417195093336,0.24999995790123675,-0.24992092374548236,0.2499999402799712,-0.24993236629560278,0.24999993491294156,-0.24853165681529094,0.2485820283085717,-0.23985974699493157,0.23994318972639342,0.2499999733041616,0.24999981935831345,0.2499999739603218,0.24999988322209693,0.24999998754395353,0.24999989566722425,0.24999997403100346,0.24999990561246602,0.24999998501123927,0.2499999474641671
-0.24830422862523374,-0.24992004023172865,-0.24832561775585224,-0.24992019176033925,-0.24882082810297393,-0.24992013851957373,-0.24975464200118172,-0.24992011443581114,-0.24988739753185374,-0.24992026723463096,0.2500000000000004,-0.24992026210870968,0.24987967907454736,-0.24992021232412404,0.24990120323957654,-0.24992024671577337,0.24935088305104908,-0.2499076092775435,0.249636398197405,-0.2499202133863852,0.08634210837265645,-0.11200114168112643,0.0798425786890503,-0.08876223550714066,-0.00041374110775785355,-0.0004331587379661669,-0.09914104883414193,0.09894779674676844,-0.24777875786034317,0.24680456716269977,-0.08752295158387932,0.0796320499471844,-0.10822096803242116,0.0659982407698067,-0.09214818687619966,0.0766480792742246,-0.1391936809157709,0.13257531171691214,-0.23008787743841164,0.22883540962441976,0.2496620942752366,-0.24992024656188927,0.24984123904425537,-0.24992022894631055,0.24985267746521,-0.24992022358063873,0.24845245356027948,-0.24850280822877555,0.23978327912422961,-0.23986669399262583,-0.24992026195976408,-0.24992010806300086,-0.24992026261571507,-0.24992017190642166,-0.24992027619501572,-0.2499201843475809,-0.24992026268637418,-0.24992019428965168,-0.24992027366310898,-0.2499202361280085
0.2483838362646437,0.24999974640744407,0.24840322998135891,0.24999989796506622,0.24890046843938546,0.24999984470735453,0.24983429809160623,0.24999982063521436,0.24996708780676355,0.24999997344033428,-0.24992026210870968,0.2500000000000004,-0.2499593114400586,0.24999991784084666,-0.24998074132346193,0.24999995245561638,-0.24942870388339858,0.2499873111348007,-0.2497160250640258,0.24999991958104548,-0.08637834233295456,0.11204610181511895,-0.07987392552552261,0.08879619140978749,0.0004075540751513341,0.0004395708731466491,0.09916844800236439,-0.0989751364053009,0.24785772203641587,-0.24688323700535444,0.08755948640224903,-0.07966526079439384,0.10826367730972213,-0.06602775984105788,0.09218493306958325,-0.07667944891825518,0.13924207909869343,-0.1326214142416415,0.23016132979545484,-0.22890843679251402,-0.2497417143775052,0.24999995276402945,-0.24992091860992569,0.2499999351427644,-0.24993236115980333,0.24999992977573487,-0.2485316517090222,0.2485820232012536,-0.23985974206664795,0.23994318479637103,0.24999996816695408,0.2499998142211091,0.24999996882311423,0.24999987808489127,0.24999998240674573,0.24999989053001834,0.24999996889379594,0.2499999004752599,0.24999997987403152,0.24999994232696016
-0.24834344746469617,-0.249959089580296,-0.24836268955440036,-0.24995924111360732,-0.24885985202686178,-0.2499591878525991,-0.24979370907527781,-0.24995916378454547,-0.24992643534436879,-0.24995931657821321,0.24987967907454736,-0.2499593114400586,0.2500000000000004,-0.2499592615035067,0.24994013410432603,-0.24995929642611545,0.24939082617568598,-0.24994665500020577,0.249675428019653,-0.24995926282050882,0.08639637499395739,-0.11206246779648098,0.07989269742640318,-0.08881455490750649,-0.0003821101299117253,-0.0004647023387591224,-0.09913721113466305,0.09894393335594776,-0.24781719739159025,0.2468429319932779,-0.08757709310295404,0.07968344961707911,-0.10827914087154755,0.06604664121119562,-0.09219629521419967,0.07669189028028746,-0.13923389554839635,0.13261366081348527,-0.23012388626277716,0.2288711208655885,0.24970108580670294,-0.24995929590308133,0.24988026964947804,-0.2499592782844011,0.24989171171894448,-0.24995927291950676,0.24849109366338343,-0.24854145973517391,0.23982060554481033,-0.23990403928627527,-0.24995931130390686,-0.24995915738309768,-0.2499593119599603,-0.24995922123649383,-0.24995932554138273,-0.249959233679597,-0.2499593120306305,-0.2499592436232212,-0.24995932300908041,-0.2499592854681152
0.24838378602070238,0.24999969594519914,0.24840317996209987,0.24999984750279705,0.2489004182317028,0.24999979424509952,0.2498342482539466,0.24999977017296082,0.24996703735258907,0.249999922978052,-0.24992021232412404,0.24999991784084666,-0.2499592615035067,0.2500000000000003,-0.24998069088833347,0.24999990199342206,-0.2494286539176639,0.24998726067512964,-0.24971597465625547,0.2499998691187734,-0.08637832314850052,0.11204607735722283,-0.07987390846379713,0.08879617287162958,0.0004075549887360975,0.0004395697963821937,0.0991684288450972,-0.09897511728658433,0.24785767201841796,-0.24688318718083843,0.08755946700198869,-0.079665243203908,0.10826365388933948,-0.06602774478087507,0.09218491315881266,-0.07667943222729902,0.13924205029671313,-0.13262138681401642,0.23016128332506994,-0.22890839058078472,-0.24974166396811326,0.2499999023017521,-0.2499208681638918,0.24999988468049048,-0.2499323107113594,0.24999987931346207,-0.2485316015513059,0.248581973033234,-0.239859693654728,0.23994313636738715,0.24999991770467367,0.24999976375885974,0.2499999183608337,0.249999827622629,0.2499999319444624,0.24999984006775358,0.2499999184315154,0.24999985001299319,0.24999992941174876,0.24999989186468494
-0.2483647029303985,-0.24998051944242594,-0.24838411766180055,-0.24998067098991306,-0.2488812575710005,-0.24998061773306898,-0.24981588350609119,-0.2499805936604725,-0.24994786419559678,-0.24998074646014518,0.24990120323957654,-0.24998074132346193,0.24994013410432603,-0.24998069088833347,0.2500000000000003,-0.2499807255414413,0.24941018195014786,-0.24996808450423164,0.24969682775395702,-0.2499806927447564,0.0863816820252462,-0.11204857771176165,0.07988244604008765,-0.0888042966312921,-0.00039616491640374907,-0.0004508392905967184,-0.09915391905747775,0.09896062220675601,-0.24783856118283593,0.24686417811126898,-0.0875626580573889,0.07966988056502632,-0.10826702409001845,0.06603277105569519,-0.09218655882977142,0.07668176070529947,-0.13923613006475424,0.13261569947995022,-0.2301434647051188,0.22889065794430818,0.24972250239380897,-0.249980725785327,0.24990169603793372,-0.24998070816532605,0.24991313811206345,-0.24998070279911527,0.24851247858528677,-0.2485628470857548,0.23984119619285205,-0.23992463395049493,-0.249980741187176,-0.24998058725317066,-0.24998074184328567,-0.24998065111204118,-0.24998075542587245,-0.2499806635562111,-0.24998074191396188,-0.24998067350068778,-0.249980752893353,-0.24998071534916927
0.24838382049366955,0.24999973055994423,0.24840321442506588,0.2499998821175593,0.24890045314733975,0.24999982885986824,0.2498342823295485,0.2499998047877304,0.24996707196150805,0.24999995759282262,-0.24992024671577337,0.24999995245561638,-0.24995929642611545,0.24999990199342206,-0.2499807255414413,0.2500000000000002,-0.2494286901326863,0.24998729528851668,-0.24971600922421514,0.24999990373355024,-0.08637832750666279,0.11204608454662678,-0.07987391236413463,0.0887961768611823,0.0004075627111586323,0.00043956223728050536,0.09916844671834152,-0.09897513513141679,0.24785770639458662,-0.2468832214055705,0.08755947155523366,-0.07966524694928707,0.10826366100349409,-0.06602774633499515,0.09218491836715287,-0.07667943567175076,0.1392420653988947,-0.1326214011756986,0.2301613151447132,-0.22890842224424965,-0.24974169855058373,0.24999993691652017,-0.2499209027690048,0.24999991929525617,-0.2499323453176528,0.24999991392822654,-0.2485316360008614,0.24858200748899176,-0.23985972687586238,0.23994316959879458,0.2499999523194436,0.2499997983736084,0.24999995297560373,0.2499998622373865,0.24999996655923432,0.24999987468251275,0.24999995304628536,0.24999988462775366,0.24999996402652025,0.24999992647945118
-0.2478160007239278,-0.24942848247025862,-0.24783666631884904,-0.24942863369834545,-0.24833398006574373,-0.24942858064143417,-0.24926337521816114,-0.24942855662875996,-0.24939589840118953,-0.249428709004454,0.24935088305104908,-0.24942870388339858,0.24939082617568598,-0.2494286539176639,0.24941018195014786,-0.2494286901326863,0.2500000000000001,-0.24941604721725905,0.2491457655150942,-0.2494286558201903,0.08662219539250159,-0.11228582372232175,0.08021968473274196,-0.08911654662315334,0.00011615878436023466,-0.0009590061143429261,-0.09861190698060966,0.09841913064667313,-0.2472867135945523,0.24631572240538166,-0.08779670880226959,0.07992781339964028,-0.10850703257002361,0.06637046843896074,-0.09240039855966282,0.0769030077288679,-0.13915398873558849,0.1325350677849133,-0.22963190036224773,0.2283812105613914,0.24917081009946906,-0.24942868837195856,0.2493497529639674,-0.24942867078698694,0.249361193862326,-0.24942866545192313,0.24796086835240208,-0.2480111666653383,0.2393084925915579,-0.23939181315435978,-0.2494287037460838,-0.24942855015201398,-0.2494287044007446,-0.24942861386986367,-0.24942871795333665,-0.2494286262865529,-0.24942870447126478,-0.24942863620906908,-0.24942871542640987,-0.2494286779651357
0.24837126077891897,0.2499870892503311,0.24839065459021503,0.24998724080029738,0.2488878683614001,0.24998718754538257,0.2498216489081928,0.24998716347445865,0.24995443230942474,0.24998731627174106,-0.2499076092775435,0.2499873111348007,-0.24994665500020577,0.24998726067512964,-0.24996808450423164,0.24998729528851668,-0.24941604721725905,0.2500000000000001,-0.24970336895383366,0.2499872624143728,-0.08638949350691459,0.11203473642489761,-0.07986259251319136,0.08878401366141038,0.00039649046560467926,0.000450515605901699,0.09915632348825255,-0.098963022823596,0.24784507081154203,-0.24687060989978718,0.08757060632234086,-0.07967642012947429,0.10825223634729522,-0.06601645660206847,0.09217325417078741,-0.07666863412780267,0.13923087031788198,-0.1326102828413979,0.23014899949180218,-0.22889611325472264,-0.24972907370306932,0.2499872955956063,-0.24990826276596284,0.24998727797550666,-0.24991970665130028,0.2499872726087771,-0.24851900311289551,0.24856937214994093,-0.23984723419093315,0.23993067238587798,0.24998731099863378,0.24998715706058283,0.2499873116547607,0.24998722092113168,0.24998732523770445,0.24998723336562867,0.2499873117254388,0.24998724331036673,0.2499873227051185,0.24998728515994806
-0.24810173300117444,-0.24971580342087038,-0.24812108050751727,-0.24971595480597591,-0.24861774254114216,-0.24971590160691123,-0.2495505498162007,-0.24971587756213576,-0.24968318182104993,-0.24971603019552766,0.249636398197405,-0.2497160250640258,0.249675428019653,-0.24971597465625547,0.24969682775395702,-0.24971600922421514,0.2491457655150942,-0.24970336895383366,0.25000000000000006,-0.2497159764101224,0.0863961714699001,-0.11204148670615864,0.07991863169182085,-0.08882307345789767,-0.00024353652888325922,-0.000602130745250406,-0.09890860572012358,0.09871556464885965,-0.24757397862535577,0.2466010774283463,-0.08757493760079246,0.07969261210884628,-0.10826302839730573,0.06609223431778354,-0.09219740955697034,0.07670690010608783,-0.13915215142092993,0.13253327032154674,-0.22989949135376372,0.22864802004974222,0.24945800408809485,-0.24971600954048248,0.2496370411312192,-0.24971599193831784,0.2496484784382727,-0.24971598658319727,0.2482481619613134,-0.24829848751623323,0.23958667465337197,-0.2396700406655073,-0.24971602492803738,-0.24971587115703991,-0.24971602558345227,-0.2497159349482873,-0.2497160391516558,-0.24971594737927952,-0.24971602565405368,-0.24971595731322557,-0.2497160366218182,-0.24971599911739173
0.2483837878683778,0.24999969768540686,0.2484031815078392,0.24999984924299887,0.24890041985063555,0.24999979598529243,0.2498342494466212,0.24999977191315728,0.24996703909078474,0.24999992471825222,-0.2499202133863852,0.24999991958104548,-0.24995926282050882,0.2499998691187734,-0.2499806927447564,0.24999990373355024,-0.2494286558201903,0.2499872624143728,-0.2497159764101224,0.2500000000000001,-0.08637834354859825,0.11204609956016345,-0.07987392762437244,0.08879619220840963,0.0004075388982770768,0.00043958578661551864,0.0991684194917482,-0.09897510793438866,0.24785767360192934,-0.2468831887973876,0.08755948725133915,-0.07966526270920488,0.10826367485202641,-0.06602776422341884,0.09218493040781715,-0.07667944842425463,0.1392420603443102,-0.1326213963868624,0.23016128493991023,-0.22890839213902694,-0.24974166569780828,0.24999990404195094,-0.24992086990037246,0.24999988642068904,-0.2499323124488481,0.2499998810536613,-0.2485316031886509,0.24858197467265605,-0.23985969524973472,0.23994313796582187,0.2499999194448726,0.24999976549905759,0.24999992010103264,0.24999982936282733,0.24999993368466147,0.249999841807952,0.24999992017171432,0.24999985175319164,0.24999993115194777,0.2499998936048837
-0.08582387781708768,-0.08637826623235964,-0.08580363786519157,-0.08637831813742113,-0.08596072097647173,-0.0863782972588311,-0.08632968387510982,-0.08637828888070123,-0.08636684087101887,-0.08637834427334844,0.08634210837265645,-0.08637834233295456,0.08639637499395739,-0.08637832314850052,0.0863816820252462,-0.08637832750666279,0.08662219539250159,-0.08638949350691459,0.0863961714699001,-0.08637834354859825,0.25000000000000044,-0.22432946140058013,0.19281030677309532,-0.1842168763617296,0.09949997287747173,-0.09889991245635786,0.03465941562623226,-0.034728667049369805,-0.08423878938572002,0.08417469575676545,-0.24858716815458187,0.24089419971366982,-0.21298705521749814,0.17106690552441167,-0.14918235407262945,0.135354954415845,-0.110416019334484,0.10532474873112443,-0.07843752865655167,0.07742096843916643,0.0862198197914664,-0.08637833298015865,0.08631767424369702,-0.08637832620028746,0.08633311303522273,-0.08637833070111946,0.08527514774160803,-0.08530677832677705,0.0816487752958759,-0.08170041774557447,-0.08637834232035992,-0.08637828913000554,-0.08637834254707207,-0.0863783111957989,-0.08637834724039893,-0.08637831549575725,-0.08637834257149353,-0.08637831893197162,-0.08637834636531222,-0.08637833339229542
0.11132594663144565,0.1120460029694189,0.11130562995992666,0.11204607040443326,0.11151271305095417,0.11204604386198512,0.11198136274866384,0.11204603301487844,0.11203121329354185,0.11204610429598241,-0.11200114168112643,0.11204610181511895,-0.11206246779648098,0.11204607735722283,-0.11204857771176165,0.11204608454662678,-0.11228582372232175,0.11203473642489761,-0.11204148670615864,0.11204609956016345,-0.22432946140058013,0.25,-0.21782615155966856,0.20923859249152002,-0.12044489783706308,0.11986588881536353,-0.037477892380186284,0.03756210465504952,0.10990649833873434,-0.10980029654964867,0.2230057806462813,-0.21524148370231364,0.23802435790753998,-0.19609953393048876,0.1743018130790685,-0.15941118148691552,0.13470500077809727,-0.12820782909828038,0.10244017644610141,-0.1014137536618302,-0.11185301721026022,0.11204609281733939,-0.11198334472882161,0.11204608357613262,-0.11199559815861836,0.11204608744699456,-0.1106235411340285,0.11066034588370981,-0.1064820200360227,0.10654284840337809,0.11204610179083306,0.11204603279469699,0.11204610208491385,0.11204606141745199,0.11204610817288643,0.1120460669951646,0.1120461021165923,0.11204607145246738,0.1120461070377633,0.11204609020974922
-0.07936059852321857,-0.0798738550936232,-0.07934349262497825,-0.07987390313457254,-0.07949179443149221,-0.07987388390961668,-0.07982925813181632,-0.0798738762519991,-0.07986327740703189,-0.07987392731777558,0.0798425786890503,-0.07987392552552261,0.07989269742640318,-0.07987390846379713,0.07988244604008765,-0.07987391236413463,0.08021968473274196,-0.07986259251319136,0.07991863169182085,-0.07987392762437244,0.19281030677309532,-0.21782615155966856,0.2500000000000001,-0.24107707778886409,0.15229159613901003,-0.15168780810044172,0.06934281040578995,-0.06941340471767365,-0.07773876205164469,0.07782438294364719,-0.19148439440273743,0.19885386775489383,-0.22161012345501618,0.18084236928371544,-0.15502953698327812,0.1422371280468172,-0.11250663329909058,0.10630556317163777,-0.07085198537124203,0.07021222619019968,0.07971467296663436,-0.07987391898596104,0.0798227009927303,-0.07987391209722253,0.07983233100782088,-0.07987391615932231,0.07852540866273822,-0.07855447102026293,0.07497534849809495,-0.07502320730526729,-0.0798739255101744,-0.0798738763251323,-0.07987392571981476,-0.07987389672933883,-0.07987393005972719,-0.07987390070550394,-0.07987392574239727,-0.0798739038829663,-0.0798739292505358,-0.07987391725440633
0.088224700564061,0.08879611303542985,0.08820888097794215,0.0887961664948808,0.08837474652114043,0.08879614529833674,0.08874587492599502,0.08879613677436694,0.08878436064963112,0.0887961933875178,-0.08876223550714066,0.08879619140978749,-0.08881455490750649,0.08879617287162958,-0.0888042966312921,0.0887961768611823,-0.08911654662315334,0.08878401366141038,-0.08882307345789767,0.08879619220840963,-0.1842168763617296,0.20923859249152002,-0.24107707778886409,0.25000000000000006,-0.1607954355418066,0.16023989223567464,-0.06112479000024092,0.061196206295483835,0.08665758783681744,-0.08669281986725735,0.1834972008705144,-0.19085720827183708,0.214117928819481,-0.1733412423959994,0.16359667880437406,-0.1507195474117757,0.12113054873697318,-0.11489564830522128,0.07969921119430366,-0.07905519673438727,-0.08863250047144938,0.08879618425131901,-0.08874327455508227,0.08879617659002735,-0.08875334170494305,0.08879618082717478,-0.08743871932300795,0.08747002728882379,-0.08385653990989683,0.08390822671256357,0.08879619138867516,0.08879613670944933,0.08879619162173329,0.08879615939289472,0.08879619644643286,0.08879616381321483,0.08879619164683834,0.08879616734561357,0.08879619554685125,0.0887961822107018
0.00040235756478934636,0.0004075533105842023,0.00042326948916882056,0.00040755389079619186,0.00043452770441417,0.0004075558021979787,0.00039935034122089163,0.0004075557496870803,0.0004076233691143878,0.0004075539498423071,-0.00041374110775785355,0.0004075540751513341,-0.0003821101299117253,0.0004075549887360975,-0.00039616491640374907,0.0004075627111586323,0.00011615878436023466,0.00039649046560467926,-0.00024353652888325922,0.0004075388982770768,0.09949997287747173,-0.12044489783706308,0.15229159613901003,-0.1607954355418066,0.24999999999999994,-0.24915092110100687,0.15011669324113416,-0.15003340953678349,0.0025029906419121125,-0.0019550502725883567,-0.09877799602423668,0.10621079972369907,-0.12528307625550406,0.1672163817893015,-0.15740733958088987,0.1456987065640148,-0.08335047520642817,0.07752691232353967,0.001907228821566867,-0.0018465963176625667,-0.0004848365554452466,0.0004075566287519359,-0.00043639405888739675,0.00040755781689115706,-0.0004255531314894385,0.0004075506737100448,-0.0016515383554394291,0.001637633036739717,-0.001452933060473364,0.001430572440523202,0.0004075540501596572,0.0004075537991946147,0.00040755405122934024,0.0004075539033064003,0.00040755407337359916,0.00040755392359465063,0.0004075540513445667,0.0004075539398075467,0.00040755406924472694,0.0004075540080348751
0.0004392724770318665,0.0004395708829236998,0.0004185671376775378,0.0004395708186543946,0.0004090725445977419,0.00043956874028697895,0.000447165494946892,0.00043956871155169744,0.0004393909531532869,0.00043957101497279366,-0.0004331587379661669,0.0004395708731466491,-0.0004647023387591224,0.0004395697963821937,-0.0004508392905967184,0.00043956223728050536,-0.0009590061143429261,0.000450515605901699,-0.000602130745250406,0.00043958578661551864,-0.09889991245635786,0.11986588881536353,-0.15168780810044172,0.16023989223567464,-0.24915092110100687,0.24999999999999994,-0.15039178058762753,0.15030985064785243,-0.0016575512530285544,0.0011119097806657288,0.09832630887514388,-0.10575550383269616,0.12566219099404632,-0.16758776477443255,0.1578011559768983,-0.14608339722973782,0.08391571905994985,-0.07804034656757723,-0.001132939563594036,0.0010737694947031107,-0.00036136363815648205,0.00043956830041426626,-0.00041058371305903804,0.00043956704449728766,-0.0004213864957784617,0.0004395741614006154,0.0008160587895903909,-0.0008020007963298498,0.0006424248830836636,-0.0006198059647645917,0.00043957089749870694,0.0004395706268182194,0.00043957089865242273,0.00043957073910887395,0.0004395709225363021,0.00043957076099093945,0.0004395708987767012,0.00043957077847749673,0.0004395709180830717,0.0004395708520646638
0.09852543036712627,0.09916835971269952,0.09854671016630649,0.0991684200479868,0.09875047317481433,0.09916840013612525,0.09909787760657421,0.09916839057469604,0.09915547626398807,0.09916844995730782,-0.09914104883414193,0.09916844800236439,-0.09913721113466305,0.0991684288450972,-0.09915391905747775,0.09916844671834152,-0.09861190698060966,0.09915632348825255,-0.09890860572012358,0.0991684194917482,0.03465941562623226,-0.037477892380186284,0.06934281040578995,-0.06112479000024092,0.15011669324113416,-0.15039178058762753,0.25000000000000006,-0.24980031580989004,0.10122567469018728,-0.10030012691749819,-0.03370172483409045,0.041319030362537264,-0.04256770222176764,0.0846399262867207,-0.05864653781683044,0.07398008832358349,-0.011589376173137381,0.006008543053022704,0.09038770659315981,-0.08957055910478325,-0.09910614727682364,0.09916844281733472,-0.09915280000416286,0.09916843674528159,-0.09915338892370003,0.09916842943480009,-0.1003218728998401,0.10033335130720847,-0.09512286908885302,0.09514253155751551,0.0991684479321218,0.09916838686583197,0.09916844819240339,0.09916841219892383,0.09916845358067466,0.09916841713558021,0.09916844822044095,0.09916842108059738,0.0991684525760132,0.09916843768207212
-0.09833336906635122,-0.09897504828730093,-0.09835462967875894,-0.09897510850532996,-0.09855800523497346,-0.09897508863428434,-0.09890469566195212,-0.09897507909144435,-0.09896219007737371,-0.09897513835629529,0.09894779674676844,-0.0989751364053009,0.09894393335594776,-0.09897511728658433,0.09896062220675601,-0.09897513513141679,0.09841913064667313,-0.098963022823596,0.09871556464885965,-0.09897510793438866,-0.034728667049369805,0.03756210465504952,-0.06941340471767365,0.061196206295483835,-0.15003340953678349,0.15030985064785243,-0.24980031580989004,0.24999999999999992,-0.10111727105228392,0.10019389654349573,0.03377281477848238,-0.04138690540707085,0.042656412117542,-0.08467939332992584,0.058687180703193294,-0.07401275939877053,0.011682534473833502,-0.006083754669106123,-0.0902218067466713,0.08940512732156389,0.09891302031892354,-0.09897513123113313,0.09895954281118097,-0.09897512517213636,0.0989601274457432,-0.09897511786793659,0.10013232580909341,-0.10014377103690583,0.09494294094951543,-0.09496255163243178,-0.09897513633516897,-0.09897507538791721,-0.09897513659494316,-0.09897510067162661,-0.09897514197271094,-0.09897510559865984,-0.09897513662292606,-0.0989751095359869,-0.09897514097000788,-0.09897512610509994
0.24625541127509892,0.24785750203833684,0.24627482985905638,0.24785765230033346,0.2467678985525054,0.24785759951612163,0.24769340458152075,0.24785757565008146,0.24782512430996917,0.24785772712843196,-0.24777875786034317,0.24785772203641587,-0.24781719739159025,0.24785767201841796,-0.24783856118283593,0.24785770639458662,-0.2472867135945523,0.24784507081154203,-0.24757397862535577,0.24785767360192934,-0.08423878938572002,0.10990649833873434,-0.07773876205164469,0.08665758783681744,0.0025029906419121125,-0.0016575512530285544,0.10122567469018728,-0.10111727105228392,0.2500000000000001,-0.24902107008194793,0.08541730253179176,-0.0775265990330591,0.10612148007913465,-0.06388813500922888,0.090042734203889,-0.07453985972113854,0.13709986509093525,-0.13049679106451478,0.22801909694120734,-0.2267665832777433,-0.24760228100248402,0.2478577066648932,-0.24777967406033063,0.24785768920308207,-0.24779091729644614,0.2478576837977021,-0.24638997110571512,0.24643977869093792,-0.23771847033180982,0.23780095604298962,0.2478577219011806,0.24785756927449543,0.24785772255171817,0.24785763259102978,0.24785773601895167,0.24785764492951473,0.2478577226217942,0.24785765478953567,0.2478577335079403,0.24785769628260926
-0.24528723330076582,-0.24688301787327163,-0.2453065229202023,-0.24688316754364978,-0.2457976274215955,-0.24688311496219803,-0.24671958438846261,-0.24688309119002363,-0.24685076715963014,-0.24688324207767462,0.24680456716269977,-0.24688323700535444,0.2468429319932779,-0.24688318718083843,0.24686417811126898,-0.2468832214055705,0.24631572240538166,-0.24687060989978718,0.2466010774283463,-0.2468831887973876,0.08417469575676545,-0.10980029654964867,0.07782438294364719,-0.08669281986725735,-0.0019550502725883567,0.0011119097806657288,-0.10030012691749819,0.10019389654349573,-0.24902107008194793,0.2499999999999999,-0.08534804670975624,0.0774985516464883,-0.10603835628363077,0.0640638980276205,-0.09005787399862152,0.07462021948896186,-0.13678883952004936,0.1301934552281657,-0.2271265967799777,0.22588002239201407,0.24662862717809952,-0.24688322169060214,0.24680542736167035,-0.24688320429369442,0.24681664655105312,-0.2468831989296409,0.2454171497773748,-0.24546679926970494,0.23678492627990014,-0.2368671492682219,-0.24688323687071395,-0.24688308484410051,-0.24688323751869382,-0.2468831479116976,-0.2468832509329791,-0.24688316020167217,-0.2468832375884943,-0.24688317002292715,-0.2468832484318401,-0.24688321135286526
0.08699734172658408,0.0875594092480997,0.08697742852433882,0.08755946187316949,0.08713697464603273,0.08755944076122607,0.08750998039290103,0.08755943226959897,0.08754783049545344,0.08755948836562358,-0.08752295158387932,0.08755948640224903,-0.08757709310295404,0.08755946700198869,-0.0875626580573889,0.08755947155523366,-0.08779670880226959,0.08757060632234086,-0.08757493760079246,0.08755948725133915,-0.24858716815458187,0.2230057806462813,-0.19148439440273743,0.1834972008705144,-0.09877799602423668,0.09832630887514388,-0.03370172483409045,0.03377281477848238,0.08541730253179176,-0.08534804670975624,0.25000000000000006,-0.24208168297451954,0.21402896194694646,-0.1719695896992291,0.15011723061958934,-0.13614266129263336,0.11125522022227329,-0.10614235376581506,0.07950199385291928,-0.07846710926601638,-0.0873995432277809,0.08755947695350279,-0.08749827482843922,0.08755947008866971,-0.08751384810118316,0.08755947459554811,-0.08645284785350864,0.08648478739019862,-0.08276125200619573,0.08281340691036265,0.0875594863887095,0.08755943247102616,0.08755948661852173,0.08755945483854888,0.0875594913760255,0.08755945919730516,0.08755948664327713,0.08755946268050659,0.08755949048897278,0.08755947733856195
-0.07915387142656616,-0.07966519061278893,-0.07913472895457119,-0.07966523847866654,-0.07927982723991582,-0.07966521916115632,-0.07962068077248052,-0.0796652114515309,-0.07965464543862923,-0.07966526258884983,0.0796320499471844,-0.07966526079439384,0.07968344961707911,-0.079665243203908,0.07966988056502632,-0.07966524694928707,0.07992781339964028,-0.07967642012947429,0.07969261210884628,-0.07966526270920488,0.24089419971366982,-0.21524148370231364,0.19885386775489383,-0.19085720827183708,0.10621079972369907,-0.10575550383269616,0.041319030362537264,-0.04138690540707085,-0.0775265990330591,0.0774985516464883,-0.24208168297451954,0.2500000000000001,-0.22140137002494692,0.17933849113979872,-0.15352787538086685,0.1395902965284276,-0.10994480473175025,0.10484569169703624,-0.07166188247185509,0.0706395236967493,0.07950922765577913,-0.07966525172586102,0.07960505067244276,-0.07966524536564912,0.07962071035563031,-0.07966525032325232,0.07856220539865826,-0.07859322723144112,0.07490390102409221,-0.07495450797094463,-0.07966526078307914,-0.07966521172652934,-0.07966526099217185,-0.07966523207743137,-0.07966526532074657,-0.07966523604320903,-0.07966526101469533,-0.07966523921237048,-0.07966526451366909,-0.07966525254887863
