x1,x2,x3,x4,x5,x6,x7,x8,x9,x10,x11,x12,x13,x14,x15,x16,x17,x18,x19,x20,x21,x22,x23,x24,x25,x26,x27,x28,x29,x30,x31,x32,x33,x34,x35,x36,x37,x38,x39,x40,x41,x42,x43,x44,x45,x46,x47,x48,x49,x50,x51,x52,x53,x54,x55,x56,x57,x58,x59,x60
0.25,0.03043700512458165,0.00418104933160767,0.030491909057606608,0.0037740329471772855,0.037769497073312945,-0.019647321146892948,0.041577097549935126,-0.031795185485709025,0.04342606109397919,-0.03521316191621007,0.037624490480930514,-0.02036982111984709,0.020009087483956852,-0.018114506479808484,0.019092240932993144,0.014827441282023693,-0.009756739044862996,0.023927172973221496,0.0028962610320143684,0.07220377207342027,-0.062220976345272884,0.06134813266643592,-0.04982781202485387,0.05190009003981248,-0.040609886043372824,0.042290604429815595,-0.028986004012602512,0.02907351694117007,-0.0013272250633504304,-0.06952013495593126,0.06817369249678044,-0.06761824090200703,0.06622651361466807,-0.06583516326150146,0.06167083291612767,-0.06139152674466968,0.05883208847060117,-0.058784862201363586,0.05216144610765877,0.057786570748258846,-0.057882954737070745,0.056149600830070444,-0.056236667082700774,0.056134366788641296,-0.05612831894041524,0.05207981094841043,-0.052481911009767165,0.04910434163556187,-0.05220587098663149,-0.01196264994107623,0.04496369195528304,-0.05250186973770733,0.04561371680884052,-0.05383744144640186,0.04474619582367964,-0.05006909628495489,0.04361099886716767,-0.047145351703386525,0.043427391739176556
0.03043700512458165,0.2500000000000001,-0.21125249615930192,0.2290516753456547,-0.20471146684736258,0.23311300708554705,-0.2122231270854353,0.23458889807303818,-0.21646502031660667,0.23700481752607766,0.17836798111110388,-0.17679087042579522,0.19418920155503508,-0.19285334622297484,0.19373476990415606,-0.18547288757463476,0.20847155759846706,-0.19244421066065456,0.20232944781754575,-0.17476345064539234,-0.08474899054637976,0.12242023119070043,-0.12401797698406147,0.14752946780363013,-0.13283526693767894,0.14929708190378538,-0.1415806248342466,0.15756714720558107,-0.15746290478485078,0.1820422562466877,0.08940845076785198,-0.04496160259090906,0.048101518658431444,0.0017394775737235033,0.002458071105519566,0.03872598770220964,-0.0361017226738462,0.06369353287585136,-0.06359827512510627,0.13522678368098556,0.08062779905466651,-0.0804367950180711,0.10779385356399872,-0.10797645446356305,0.10870529869126323,-0.10573440690716177,0.14572720310399911,-0.13382343045801773,0.1678712710555707,-0.12471343488825236,0.1177942748904447,0.22133561936451027,-0.14534299616511343,0.2149760023520127,-0.1316633644297383,0.22372663997844985,-0.16752174835847233,0.23499370718970666,-0.1930595105600596,0.23700598813874044
0.00418104933160767,-0.21125249615930192,0.25000000000000006,-0.21289102660903658,0.22412215520915563,-0.20276780382086138,0.20264306724037331,-0.19947327078969287,0.19276188700466557,-0.19988824230956834,-0.2084711478886168,0.21130722325924428,-0.22900085012352503,0.22675758002797192,-0.22561907594242228,0.21756412942423503,-0.20416180822860241,0.1902873934428041,-0.1847816265887404,0.18191229278134685,0.11933203864050412,-0.15682205885352077,0.15833168528764005,-0.1817701310842702,0.16708324109409065,-0.18340115315007732,0.17567706207105635,-0.1869264710304566,0.186819629759153,-0.18770927263765758,-0.12331945578834433,0.07981858857957051,-0.08295184246543219,0.03339017433804087,-0.03759759046868938,-0.0033063671606449532,0.00063656180207403,-0.028009222727292036,0.027905230827784015,-0.09894426610835204,-0.04487955533740476,0.04465264372694071,-0.071806891950776,0.07193145637571455,-0.07266936603766114,0.06970338660468607,-0.10940492970248464,0.09755484693551632,-0.13131894306030506,0.08904218860552807,-0.12075609495867629,-0.18435881787769834,0.10900081285044814,-0.17804186718686707,0.09544663802305965,-0.18671912368001958,0.13102107940511776,-0.1978925891295322,0.1563216173107554,-0.19988832952346647
0.030491909057606608,0.2290516753456547,-0.21289102660903658,0.25000000000000006,-0.21456276722194995,0.23360516692844746,-0.21288357789613266,0.23441809963748947,-0.21585867961037827,0.23699394813683627,0.1830062097410829,-0.18100379108873824,0.19825191318694468,-0.19738208438062346,0.19928630119655347,-0.19081937177878097,0.20916505818011688,-0.19312862871169717,0.2017331518173004,-0.17673419282429784,-0.08899037130927179,0.12680643032805622,-0.12840517688384231,0.15197233136736585,-0.13726176191846862,0.15376892351291369,-0.1460459693433203,0.16174017595737283,-0.16163597709721497,0.1840723372075351,0.09362616691835599,-0.04872527367653378,0.05188390810102126,-0.0015287385286108777,0.00576497214495866,0.035995392827656944,-0.033344581955703084,0.06131570202954645,-0.06121954047151024,0.13383382445120587,0.07849473283479376,-0.07829721062245788,0.10598604341910166,-0.10616592390674738,0.10690639166725704,-0.10390196970841988,0.14445643812051276,-0.13240552913697476,0.16692814491084804,-0.12322327805279383,0.11958038557528582,0.2211071130656099,-0.14405488645291,0.21465785998861725,-0.1301855708811803,0.22353048602544848,-0.1665506574857706,0.23495518186664754,-0.1924539578853232,0.23699506987204103
0.0037740329471772855,-0.20471146684736258,0.22412215520915563,-0.21456276722194995,0.24999999999999994,-0.20732825775633046,0.20556679676690062,-0.20185999267830934,0.19305693234814492,-0.2015766132553837,-0.21243711666895096,0.21494946146515403,-0.23218966549420567,0.23131983701271397,-0.23322117370827455,0.22458613325055227,-0.20618040202146293,0.191873818132155,-0.1846646187512819,0.18419391934870272,0.123082374074794,-0.16082595933616994,0.1623430929348453,-0.18595283424553866,0.17124473357439043,-0.1877510924212509,0.1800190943083312,-0.19143332000894994,0.1913237526068482,-0.19007941541530837,-0.1270924986942661,0.0829772139163238,-0.08613720652587713,0.0359123368567062,-0.04017186046357209,-0.0014747420063506039,-0.0012299820867247985,-0.026633017449658992,0.026527632880750152,-0.09884121708769293,-0.04382249998048276,0.043589007387595635,-0.07117259311732763,0.07129637408712401,-0.072048552665315,0.06903852907276337,-0.10946324898709564,0.09742042585860751,-0.1317975347908343,0.08878825948548388,-0.12290485155895242,-0.1857657702386313,0.10903957586277274,-0.17933358144402017,0.0952399322537314,-0.18816836716262605,0.13146697148612632,-0.19954525933179829,0.157238171894368,-0.20157671742478225
0.037769497073312945,0.23311300708554705,-0.20276780382086138,0.23360516692844746,-0.20732825775633046,0.24999999999999997,-0.22309428805373258,0.242877534443812,-0.22199099570833772,0.24422443850366551,0.17576594599414003,-0.17376674138459136,0.1910139727020931,-0.19014633052332383,0.19205533094847252,-0.18366022925393893,0.2175667960560191,-0.20078957622824023,0.20766796571594576,-0.17504663878672866,-0.08175824936458036,0.11957080643612958,-0.12118642570080361,0.1447362593339669,-0.13002834844591826,0.14653254568831087,-0.13881762320747917,0.15631842331118256,-0.1562049702595924,0.18233925035365053,0.08651842354369368,-0.04149243108981127,0.04464895289150994,0.005697895156817634,-0.0014694136658812932,0.04321611451948656,-0.04057841315117909,0.06854745945674993,-0.06845311047366288,0.14106616020420953,0.08570817107803308,-0.0855184416296719,0.11320712663730158,-0.11339866221111725,0.11413600214511506,-0.11113509277149429,0.15168046762117046,-0.13963776456118318,0.17416000779484933,-0.1303479729947159,0.11877802012754901,0.2283359484355119,-0.15128428667789084,0.22188888909294846,-0.1374127643012295,0.23076151231923883,-0.1737740643253817,0.24218599343613445,-0.19968144793707837,0.24422584167377087
-0.019647321146892948,-0.2122231270854353,0.20264306724037331,-0.21288357789613266,0.20556679676690062,-0.22309428805373258,0.25000000000000006,-0.22030344558339554,0.21946612202261612,-0.2174120779421929,-0.18106756561082576,0.18305949311865813,-0.20029568493448055,0.2013018356517244,-0.20324140316120287,0.20869287051526791,-0.24263200528680381,0.22598162465536997,-0.21618892488493974,0.1890250874298648,0.09405471691955404,-0.13163534206785873,0.13319506972937162,-0.15674534335482623,0.15510605831457946,-0.1716938490185499,0.16404916024810942,-0.18154294389009967,0.18140061491844486,-0.19444667222268394,-0.09839866885755161,0.05847960247672107,-0.06161502560734022,0.019970830910071957,-0.024266572571166767,-0.01733818037600183,0.014664929657986344,-0.042516610306618775,0.04241526360298976,-0.11470799268890057,-0.061966424208973026,0.06173458481402192,-0.08701960457247213,0.08716922682747971,-0.08791417694687194,0.08491322887072575,-0.12530786366267616,0.11328711685391084,-0.14765477262629098,0.10441782059756409,-0.11647573468931444,-0.20160100971654304,0.1248956377933754,-0.19517591056615669,0.11109461734591383,-0.20400850669216006,0.1473045937915035,-0.2153821345053639,0.17307887993770912,-0.21741298408954468
0.041577097549935126,0.23458889807303818,-0.19947327078969287,0.23441809963748947,-0.20185999267830934,0.242877534443812,-0.22030344558339554,0.24999999999999997,-0.22821425320944724,0.2470790395801014,0.1709868513902674,-0.16927655547581444,0.18652468701567543,-0.18584952257772241,0.18776175526217184,-0.18081468653485205,0.214864548394513,-0.1980956526367111,0.21224195021669948,-0.1771700234889993,-0.07755398916768333,0.11535212483654683,-0.11697469341217386,0.14051802661030827,-0.1271746579102993,0.14368811412121119,-0.13597374505599616,0.15349224977789205,-0.15338670676290786,0.18466924128012752,0.08240434376268725,-0.0377565960270892,0.04091045608361768,0.00854556160248795,-0.004314277407458541,0.046057544367225874,-0.04342499019749881,0.07139446747232729,-0.07130097505482509,0.14391674275776506,0.0887888067068657,-0.08860047052260347,0.11605186278901394,-0.11624798791230359,0.11698411619056229,-0.11398449974719113,0.15452817198770258,-0.14248822513217543,0.17701191240211228,-0.13315537107776176,0.11799216554658766,0.23118900268235945,-0.15413404743645925,0.2247425784800961,-0.14026101879351213,0.23361561302484876,-0.17662253627706764,0.24504054222946559,-0.20253276893321737,0.24708046816494972
-0.031795185485709025,-0.21646502031660667,0.19276188700466557,-0.21585867961037827,0.19305693234814492,-0.22199099570833772,0.21946612202261612,-0.22821425320944724,0.2500000000000002,-0.22535476713337776,-0.16360259093965202,0.1643541720139885,-0.18161100960169,0.18179034357678567,-0.18372022369261184,0.184283766571786,-0.21832171364056474,0.2188889412400511,-0.23320923968248175,0.19834299225275964,0.07503230989993308,-0.11255885574166945,0.11414091873309354,-0.13771914340540464,0.1393820701258795,-0.15590508318918603,0.15713439556499895,-0.17472279162077506,0.17460528116317386,-0.20449152984031843,-0.0796737759052786,0.04355081380506798,-0.04667419642582548,0.012738990225314056,-0.017088324614585006,-0.024635175831318887,0.021969098194016354,-0.04990704630808305,0.04980791748380666,-0.12232790707017242,-0.0715088642662091,0.07126969782026221,-0.09453577650820681,0.09469768321624167,-0.09544172537561409,0.09243600751254988,-0.1329501333553682,0.12090187165234086,-0.15537853195436044,0.11189399940239118,-0.11181117515552184,-0.20948948072963755,0.13254083863071836,-0.20304673784300836,0.11869368687157672,-0.21190747493640177,0.15501582230252706,-0.22331718044100732,0.18087757300372592,-0.22535440861299486
0.04342606109397919,0.23700481752607766,-0.19988824230956834,0.23699394813683627,-0.2015766132553837,0.24422443850366551,-0.2174120779421929,0.2470790395801014,-0.22535476713337776,0.24999999999999992,0.17128109976913686,-0.16802038521440457,0.18526773500754526,-0.18440018155662255,0.1863091951323253,-0.17791494929297436,0.2119645398563316,-0.19519279485941432,0.20934231374412995,-0.17426860435858413,-0.07601194166370143,0.11382350383502744,-0.11545208312887299,0.13898955076813577,-0.12428421078817638,0.14078603929145966,-0.13307132043099662,0.1505894435045315,-0.15048547986249283,0.18203353404924977,0.0808875176481332,-0.03574285820293011,0.03889786557715701,0.01144493043221339,-0.0072223760809802025,0.04896205392227935,-0.046334496384207176,0.07430417547788058,-0.07421148866609717,0.146829558626989,0.09145222932591617,-0.09126861264414496,0.11895905397223663,-0.11915982846630731,0.11989474798493958,-0.11689640473515593,0.15743806513432537,-0.14540093843794513,0.1799258791954372,-0.13602481015421267,0.11815923186032032,0.23410397537962016,-0.15704608369144946,0.22765810356372904,-0.14317160352054933,0.23653149393149014,-0.17953306530522145,0.2479567967625762,-0.20544599056539803,0.24999678845836396
-0.03521316191621007,0.17836798111110388,-0.2084711478886168,0.1830062097410829,-0.21243711666895096,0.17576594599414003,-0.18106756561082576,0.1709868513902674,-0.16360259093965202,0.17128109976913686,0.25000000000000017,-0.24499361342952947,0.2271529326265724,-0.22510550758536862,0.22350223173581396,-0.21551924510087514,0.18417405838779674,-0.17183215874548946,0.15848734003161843,-0.17054701609537298,-0.15050872544026725,0.18820199117119363,-0.18876108898477403,0.20448637740632214,-0.18985588689646277,0.19634002014695878,-0.18864800143534932,0.19025377490257758,-0.1901816851753177,0.1759971169249031,0.15287068568410436,-0.10989428016898344,0.11304044992133021,-0.06325722245874106,0.06739273962787339,-0.026220852621976574,0.028749992211382774,-0.0012607777059788724,0.0013265266070831504,0.06998624783586632,0.01550808708787557,-0.015247647649176344,0.04253122338634615,-0.04260944504417307,0.043364345237775014,-0.040397025782014685,0.08035509580426477,-0.06856743172581474,0.10251919569206622,-0.06047200129741753,0.12283891395010965,0.1556733731875064,-0.07989709359020723,0.14931269480216353,-0.06627720657098357,0.1580378708701126,-0.10207934770443225,0.16927534375068215,-0.12758189628089775,0.1712808310142962
0.037624490480930514,-0.17679087042579522,0.21130722325924428,-0.18100379108873824,0.21494946146515403,-0.17376674138459136,0.18305949311865813,-0.16927655547581444,0.1643541720139885,-0.16802038521440457,-0.24499361342952947,0.25000000000000017,-0.23199200292094282,0.229922049804122,-0.22806032869877121,0.2200945589594888,-0.18676049350707588,0.1745077505852041,-0.1603923392581467,0.17377269728078126,0.15510500669541255,-0.19287873340403802,0.1934325337281443,-0.20921384786819788,0.19454318259566675,-0.20105204554311587,0.19332753386144194,-0.19467011910802354,0.19459689126789195,-0.17891423189209,-0.15742833244837562,0.1143249184493551,-0.11748032844594387,0.067497869445224,-0.07165079463047959,0.030299086098564736,-0.032843755867261994,0.0052387853599062005,-0.005305820900266461,-0.06630541952438894,-0.011606084605690698,0.011340268644186927,-0.03873460002482984,0.03880676597492269,-0.03956656531144849,0.03658662451330368,-0.07671762039949896,0.06487973449857112,-0.09897437927641035,0.05681047489203371,-0.12376712856856922,-0.15234798516673825,0.07625294984232861,-0.14595937049020283,0.06257704124644473,-0.1547212152223605,0.09853267830370703,-0.16600611811239557,0.12414210049813285,-0.16801996834622504
-0.02036982111984709,0.19418920155503508,-0.22900085012352503,0.19825191318694468,-0.23218966549420567,0.1910139727020931,-0.20029568493448055,0.18652468701567543,-0.18161100960169,0.18526773500754526,0.2271529326265724,-0.23199200292094282,0.25000000000000006,-0.24698513977783243,0.24513270437595697,-0.23709605047904425,0.20385221706501708,-0.19102941088524877,0.17696425766826415,-0.18741244495105744,-0.13878812278884953,0.176581213918756,-0.1780560375223469,0.20169820073631226,-0.1869871899260188,0.20330594031798568,-0.19556641783888126,0.2045130520530813,-0.20440410873956183,0.1926212401587549,0.1424893192173696,-0.0987390910597933,0.1019060205414568,-0.051738266793960305,0.056013640444116906,-0.014419718774807633,0.017151639622932827,0.010661656609241956,-0.010552698778693243,0.08272577421680945,0.027864782617428953,-0.027614736842718018,0.05514978020771969,-0.05524771946081203,0.056005230959763265,-0.05299051310056811,0.09335297141048032,-0.0813099608191092,0.11561794614889194,-0.07292998191767253,0.12444687528939795,0.16949277561169337,-0.09292146122083708,0.1630688455013703,-0.07915475033405175,0.17188565974293996,-0.11531473636207455,0.1832397222833282,-0.14102113738865846,0.18526728531407416
0.020009087483956852,-0.19285334622297484,0.22675758002797192,-0.19738208438062346,0.23131983701271397,-0.19014633052332383,0.2013018356517244,-0.18584952257772241,0.18179034357678567,-0.18440018155662255,-0.22510550758536862,0.229922049804122,-0.24698513977783243,0.25000000000000033,-0.24790644078783625,0.2398750155954711,-0.20564392238711415,0.19286441320527223,-0.1784455286212396,0.1894916102796124,0.1413943128142633,-0.17922874280482481,0.18070762796912465,-0.20439384238061015,0.18966364329029628,-0.2060301147757196,0.19827906228614633,-0.2071299554141414,0.2070205127357723,-0.19456498657517823,-0.1450985420168787,0.10115563855557472,-0.10432880910060394,0.053936073784655564,-0.05822703660495261,0.016396291788501282,-0.019140522147494395,-0.008827788445362647,0.008718101392311125,-0.08129408414577766,-0.02612720162406809,0.025873593700439162,-0.05354811841462898,0.05364356094752156,-0.05440620374603734,0.05137785902816505,-0.09197123142923427,0.07986774313165222,-0.11437004268994484,0.07147138010905307,-0.12527896178237888,-0.16853642776220146,0.09153146885312984,-0.16207555662144177,0.07768740507807659,-0.17094228726782607,0.11405545422029101,-0.18236090003614558,0.1399113126651999,-0.1843997392477668
-0.018114506479808484,0.19373476990415606,-0.22561907594242228,0.19928630119655347,-0.23322117370827455,0.19205533094847252,-0.20324140316120287,0.18776175526217184,-0.18372022369261184,0.1863091951323253,0.22350223173581396,-0.22806032869877121,0.24513270437595697,-0.24790644078783625,0.25000000000000006,-0.2411769175693207,0.20694908369997997,-0.19335601465409372,0.1789405917574086,-0.1891217943710442,-0.13952079024116454,0.1773566570929413,-0.1788395535179832,0.2025234652675648,-0.1878264793153967,0.20435528447332635,-0.1966059452853586,0.2062001237990434,-0.20608727347460937,0.1942793396185619,0.1432596366155168,-0.09928606448109158,0.10245895277096506,-0.05208199933975501,0.05637174272223933,-0.01453497442272812,0.017276307990837778,0.010697850013298127,-0.010587991095889428,0.08318061149852105,0.028002496740285515,-0.02775080629289594,0.055424887633626886,-0.05552336572900757,0.056285374696352926,-0.05325738764277172,0.09385765360178623,-0.08175384580088377,0.11626390407933417,-0.07332787865066313,0.12508866789888293,0.1704413828961649,-0.0934190383589901,0.1639796083454632,-0.07957125269056195,0.17284835706082446,-0.11594667888606422,0.1842695209717634,-0.14180963923382156,0.18630880734646058
0.019092240932993144,-0.18547288757463476,0.21756412942423503,-0.19081937177878097,0.22458613325055227,-0.18366022925393893,0.20869287051526791,-0.18081468653485205,0.184283766571786,-0.17791494929297436,-0.21551924510087514,0.2200945589594888,-0.23709605047904425,0.2398750155954711,-0.2411769175693207,0.2500000000000002,-0.21548719495539953,0.20191514852204392,-0.187475548779482,0.19760296568876531,0.13280229989244308,-0.1704902875389542,0.1719608138461989,-0.19566134953202122,0.196175486704744,-0.21282549368931128,0.20507742917686433,-0.21468345986864612,0.2145656970524321,-0.20246605850837893,-0.1364121396905122,0.09780466406204215,-0.1009590990764715,0.06047980349716804,-0.06484326992774371,0.022979479447097093,-0.025734967787804985,-0.0022503071729343604,0.002138344359386011,-0.07475430055760064,-0.02225721377950719,0.021978317714991754,-0.04700168418109992,0.0470868673685466,-0.04785256603717691,0.04482012994292806,-0.08544324872606629,0.07332703793073224,-0.10784787574497909,0.06502064365025956,-0.1206895057062332,-0.16204355852576433,0.08499782704563472,-0.15557804250596105,0.071148476136589,-0.1644494941677949,0.10753957203501613,-0.17587440125328216,0.1334060080493822,-0.1779143392584989
0.014827441282023693,0.20847155759846706,-0.20416180822860241,0.20916505818011688,-0.20618040202146293,0.2175667960560191,-0.24263200528680381,0.214864548394513,-0.21832171364056474,0.2119645398563316,0.18417405838779674,-0.18676049350707588,0.20385221706501708,-0.20564392238711415,0.20694908369997997,-0.21548719495539953,0.2500000000000001,-0.23277893557707982,0.21845640168777994,-0.19270184486281133,-0.09851349997634339,0.136148592857984,-0.13769589039402721,0.16129264041662156,-0.1618370856442234,0.178448364548769,-0.1707902224014294,0.18829929464819123,-0.18814986009460563,0.19782699205606513,0.10276109121132776,-0.06354758558820382,0.06668953205301921,-0.026315788295897525,0.030639874534572627,0.01113691926555388,-0.008445277016536076,0.03640521742855529,-0.036302056572498784,0.10887113044893303,0.05632543780404241,-0.05608338549074669,0.0810803596992256,-0.08122052227663272,0.08197101894756424,-0.0789570326815466,0.11951436086384153,-0.10744420417357664,0.14194387083506851,-0.09863452592818887,0.11680960959970346,0.19609413680642532,-0.11909439903012757,0.18964262211716043,-0.10524241300427319,0.1985090722584533,-0.14159524626274247,0.20992654878948785,-0.16746666478188527,0.21196514436154337
-0.009756739044862996,-0.19244421066065456,0.1902873934428041,-0.19312862871169717,0.191873818132155,-0.20078957622824023,0.22598162465536997,-0.1980956526367111,0.2188889412400511,-0.19519279485941432,-0.17183215874548946,0.1745077505852041,-0.19102941088524877,0.19286441320527223,-0.19335601465409372,0.20191514852204392,-0.23277893557707982,0.2500000000000001,-0.23540602312133865,0.20978859747023762,0.08804500470822484,-0.1254517442180766,0.12697878375060803,-0.15062239915296588,0.16436762041252514,-0.18092910874311185,0.18768661477300508,-0.2053668909916407,0.2052077622190935,-0.21420968185002848,-0.09214463168918777,0.06260749333275477,-0.06571908564026578,0.043110749269655704,-0.047571346106186754,0.0057402560226544235,-0.008461893773359196,-0.01952083337455106,0.019413230004142176,-0.09203089294179839,-0.04430212482262776,0.04400936375299237,-0.06424910385755966,0.06436264980133641,-0.06512056572993238,0.06209683226244206,-0.10270034868472581,0.09060332698227987,-0.1251249892952286,0.08203287536174148,-0.10911040478677658,-0.1793151224392722,0.10226756682257875,-0.17285589171121973,0.0884122702932426,-0.18172785104193592,0.12479644665870132,-0.1931529089828299,0.1506741639634845,-0.19519286903690508
0.023927172973221496,0.20232944781754575,-0.1847816265887404,0.2017331518173004,-0.1846646187512819,0.20766796571594576,-0.21618892488493974,0.21224195021669948,-0.23320923968248175,0.20934231374412995,0.15848734003161843,-0.1603923392581467,0.17696425766826415,-0.1784455286212396,0.1789405917574086,-0.187475548779482,0.21845640168777994,-0.23540602312133865,0.2500000000000002,-0.21482029142318151,-0.07371215001675221,0.11110580063346237,-0.11266438529959633,0.13627459395350724,-0.15008371128794165,0.16663578161667747,-0.17348833623174365,0.19116862010728602,-0.19104202644005983,0.21911470236404157,0.07818902937177097,-0.04832833399012907,0.05143524345642912,-0.02894609983925685,0.03339167105512731,0.008409365522735886,-0.005713361705688377,0.03368914005360261,-0.03358567051766594,0.10619344641318437,0.058459841868314676,-0.05818201516702522,0.07839243207623124,-0.07852869093562054,0.07928041069770271,-0.07626382695878527,0.11684565295134383,-0.10476584564764652,0.1392834848004724,-0.0959853283378725,0.10749888091854973,0.19346253714591471,-0.11642345045486482,0.18700823447105033,-0.10256515175241887,0.19587934206710939,-0.13893843017562865,0.20730288880566403,-0.164821670297689,0.2093425770739221
0.0028962610320143684,-0.17476345064539234,0.18191229278134685,-0.17673419282429784,0.18419391934870272,-0.17504663878672866,0.1890250874298648,-0.1771700234889993,0.19834299225275964,-0.17426860435858413,-0.17054701609537298,0.17377269728078126,-0.18741244495105744,0.1894916102796124,-0.1891217943710442,0.19760296568876531,-0.19270184486281133,0.20978859747023762,-0.21482029142318151,0.2500000000000003,0.09535737253901864,-0.13244955171607675,0.13396971883097988,-0.15756006468975195,0.17187080634343266,-0.18842261563796345,0.19650872326771363,-0.21386177504535234,0.21390986565837708,-0.24187773216015226,-0.09960653942959255,0.0718783318895666,-0.07495183342712286,0.054937298021266415,-0.05932973480070226,0.019064569493611027,-0.021754787272795558,-0.005179216607927835,0.00506769899595136,-0.07494453612925497,-0.0296694186906038,0.0293701790274947,-0.048367604255907026,0.04845509654356097,-0.04918959107497521,0.0462454470276849,-0.08530763135558668,0.07358934791995128,-0.10678695123980439,0.0655293652100644,-0.10581864095521454,-0.1590032345589535,0.08491155758515195,-0.15278791494203264,0.07159208765342225,-0.16131940315403315,0.10657092181844065,-0.172304941159943,0.131412407444501,-0.1742681512802127
0.07220377207342027,-0.08474899054637976,0.11933203864050412,-0.08899037130927179,0.123082374074794,-0.08175824936458036,0.09405471691955404,-0.07755398916768333,0.07503230989993308,-0.07601194166370143,-0.15050872544026725,0.15510500669541255,-0.13878812278884953,0.1413943128142633,-0.13952079024116454,0.13280229989244308,-0.09851349997634339,0.08804500470822484,-0.07371215001675221,0.09535737253901864,0.25000000000000017,-0.21206809406301017,0.21046852678912475,-0.18624684722837842,0.17247536723088783,-0.1554151100977508,0.14797020493324994,-0.13042276521081728,0.13061483412475927,-0.09978036962229044,-0.2443056341456164,0.20317086582973798,-0.20146487155384207,0.15200714564274473,-0.1517229921457036,0.11185614536739845,-0.11182365659707937,0.08586047049998963,-0.0857608181327333,0.017581749490709966,0.07820372118651307,-0.07855523647139193,0.05152929495315261,-0.051591747924106535,0.05079645225297726,-0.052008435790544365,0.012273078756879026,-0.02004291329637258,-0.013619244266900652,-0.02560537678930702,-0.11162099766702989,-0.06055993774429464,-0.014579139023603787,-0.05422661722966152,-0.028054439465996648,-0.06287777176598598,0.008445041988262356,-0.07410930852701975,0.03571707498213593,-0.07601162992447554
-0.062220976345272884,0.12242023119070043,-0.15682205885352077,0.12680643032805622,-0.16082595933616994,0.11957080643612958,-0.13163534206785873,0.11535212483654683,-0.11255885574166945,0.11382350383502744,0.18820199117119363,-0.19287873340403802,0.176581213918756,-0.17922874280482481,0.1773566570929413,-0.1704902875389542,0.136148592857984,-0.1254517442180766,0.11110580063346237,-0.13244955171607675,-0.21206809406301017,0.2500000000000003,-0.2481438205886736,0.22390303173951234,-0.20933157175741487,0.19279836453870308,-0.18513726780068918,0.1677635358854608,-0.16794752919330458,0.13712974178283224,0.2110650710670254,-0.16921277867581014,0.17231243799911297,-0.12223097964169717,0.12581413305904796,-0.08443153878986324,0.0860351343290431,-0.05856483132698452,0.05851142535229882,0.01284760468533252,-0.04302581112600411,0.043352893582222954,-0.01590343684870392,0.015915555672684288,-0.015128582874412775,0.017980176423864624,0.022378185866740792,-0.01128374218103399,0.04551477499158479,-0.004133999871786164,0.12169097647649153,0.09810320717032471,-0.0217035999053714,0.09167340559407032,-0.007990614301317346,0.10046990022751447,-0.04420612085491348,0.11180915396630904,-0.07030402463308733,0.11382314401801209
0.06134813266643592,-0.12401797698406147,0.15833168528764005,-0.12840517688384231,0.1623430929348453,-0.12118642570080361,0.13319506972937162,-0.11697469341217386,0.11414091873309354,-0.11545208312887299,-0.18876108898477403,0.1934325337281443,-0.1780560375223469,0.18070762796912465,-0.1788395535179832,0.1719608138461989,-0.13769589039402721,0.12697878375060803,-0.11266438529959633,0.13396971883097988,0.21046852678912475,-0.2481438205886736,0.2500000000000003,-0.22552861597218302,0.21093724613158712,-0.19431669000902563,0.18664850864058596,-0.16924430356062406,0.16942938913660144,-0.13865906559702287,-0.2121411486093712,0.1702337974616439,-0.17342550579116087,0.12293981382060674,-0.12658078946866727,0.08468629775487807,-0.08631537779031768,0.058537638875292994,-0.05848427138542855,-0.013546944062859227,0.04270524762442098,-0.043034619763916905,0.015360518139176414,-0.01537192546127781,0.014578705226166666,-0.017477290772636083,-0.023217788721689246,0.012000437698861298,-0.04651791945176224,0.004750511561233179,-0.1227655669633375,-0.0996001418393312,0.0225615952224258,-0.09311675637443556,0.008733712748631745,-0.10198682193629799,0.04523917546145945,-0.11341974868871102,0.07153951730746458,-0.11545172405440245
-0.04982781202485387,0.14752946780363013,-0.1817701310842702,0.15197233136736585,-0.18595283424553866,0.1447362593339669,-0.15674534335482623,0.14051802661030827,-0.13771914340540464,0.13898955076813577,0.20448637740632214,-0.20921384786819788,0.20169820073631226,-0.20439384238061015,0.2025234652675648,-0.19566134953202122,0.16129264041662156,-0.15062239915296588,0.13627459395350724,-0.15756006468975195,-0.18624684722837842,0.22390303173951234,-0.22552861597218302,0.2500000000000005,-0.2342134153529299,0.2178612032980063,-0.21018662510047373,0.19285476877324667,-0.19304001933680828,0.16233268344058552,0.18846825482642737,-0.14602401002350077,0.14920802023607294,-0.09880923195363193,0.10313389721251477,-0.06131900351398096,0.06410587163304166,-0.036201301776828024,0.03619918164762608,0.0361036361976849,-0.01883841322325718,0.019139857691475914,0.008478282474508986,-0.008501679652665241,0.009282046948699961,-0.006238515753807324,0.046801344935044425,-0.03468026739853698,0.06911068783339724,-0.02697108447321868,0.12890872114827784,0.12317180828174414,-0.046328828694977855,0.11671130733917162,-0.032528292108203606,0.1255590108498817,-0.06884190924790975,0.13695444498686593,-0.094620376668718,0.13898914222108613
0.05190009003981248,-0.13283526693767894,0.16708324109409065,-0.13726176191846862,0.17124473357439043,-0.13002834844591826,0.15510605831457946,-0.1271746579102993,0.1393820701258795,-0.12428421078817638,-0.18985588689646277,0.19454318259566675,-0.1869871899260188,0.18966364329029628,-0.1878264793153967,0.196175486704744,-0.1618370856442234,0.16436762041252514,-0.15008371128794165,0.17187080634343266,0.17247536723088783,-0.20933157175741487,0.21093724613158712,-0.2342134153529299,0.25,-0.23230105680012267,0.2247568716670594,-0.2072947080929452,0.20747312593178333,-0.17627044972301592,-0.1744794517932525,0.14239480210115524,-0.1455451764461942,0.11394446837342863,-0.11841257856646992,0.07647284815144907,-0.07928886611669558,0.051313910686401835,-0.05131336302678013,-0.021158954300930406,0.028780589699530443,-0.029133174449045243,0.006515136029124223,-0.0065152939481798264,0.005726956847741858,-0.008782574343738069,-0.03189442420299278,0.019731585730475603,-0.054243548684358295,0.01222161767085332,-0.12060912407933211,-0.10843132563861888,0.031407585123059495,-0.10195255300012608,0.017579274492514223,-0.11082109735645282,0.05398729261031981,-0.12224390482864717,0.07981981611419188,-0.12428338370393316
-0.040609886043372824,0.14929708190378538,-0.18340115315007732,0.15376892351291369,-0.1877510924212509,0.14653254568831087,-0.1716938490185499,0.14368811412121119,-0.15590508318918603,0.14078603929145966,0.19634002014695878,-0.20105204554311587,0.20330594031798568,-0.2060301147757196,0.20435528447332635,-0.21282549368931128,0.178448364548769,-0.18092910874311185,0.16663578161667747,-0.18842261563796345,-0.1554151100977508,0.19279836453870308,-0.19431669000902563,0.2178612032980063,-0.23230105680012267,0.2500000000000004,-0.24107843651120425,0.22368183525409724,-0.22383679320590513,0.1928208703453407,0.15804195752573358,-0.12514204505589505,0.1282834581135376,-0.09666469136635204,0.1011156636706443,-0.059333537190533754,0.06215061374108399,-0.034256930945532366,0.03437492248158462,0.03798275830942495,-0.011830575697205787,0.012164607121506741,0.010399446273898362,-0.010425093147417021,0.01120362787073845,-0.008162013653760484,0.04868272131540549,-0.036562658586074444,0.07095932452790295,-0.028823816554601228,0.11972775403390468,0.12498134351153264,-0.048214468988372554,0.1185290663478352,-0.03442682935503413,0.12736817145085075,-0.07070283985586279,0.13875235535266772,-0.09645091507592166,0.14078518423204048
0.042290604429815595,-0.1415806248342466,0.17567706207105635,-0.1460459693433203,0.1800190943083312,-0.13881762320747917,0.16404916024810942,-0.13597374505599616,0.15713439556499895,-0.13307132043099662,-0.18864800143534932,0.19332753386144194,-0.19556641783888126,0.19827906228614633,-0.1966059452853586,0.20507742917686433,-0.1707902224014294,0.18768661477300508,-0.17348833623174365,0.19650872326771363,0.14797020493324994,-0.18513726780068918,0.18664850864058596,-0.21018662510047373,0.2247568716670594,-0.24107843651120425,0.25,-0.23201310326269228,0.23221492149845413,-0.20078309849332165,-0.15062979224747408,0.12326228883925117,-0.1263883093690375,0.10485405482459592,-0.10938584430754136,0.06758376494194161,-0.07041763083615835,0.042445085802682726,-0.042564219289044615,-0.02999128060871309,0.0172150374662874,-0.017576977264806285,-0.0023346013369579216,0.002347686628251045,-0.0031316614115829474,8.027654944445348e-5,-0.04072304326388459,0.028566010612218834,-0.06305800212443315,0.02092389694670433,-0.11538397792788918,-0.11722406069014737,0.040245087515801546,-0.1107523007862443,0.02642188326286355,-0.11961584253974453,0.06280364801564539,-0.13103184819349384,0.08862114534692657,-0.1330702285067735
-0.028986004012602512,0.15756714720558107,-0.1869264710304566,0.16174017595737283,-0.19143332000894994,0.15631842331118256,-0.18154294389009967,0.15349224977789205,-0.17472279162077506,0.1505894435045315,0.19025377490257758,-0.19467011910802354,0.2045130520530813,-0.2071299554141414,0.2062001237990434,-0.21468345986864612,0.18829929464819123,-0.2053668909916407,0.19116862010728602,-0.21386177504535234,-0.13042276521081728,0.1677635358854608,-0.16924430356062406,0.19285476877324667,-0.2072947080929452,0.22368183525409724,-0.23201310326269228,0.25000000000000033,-0.24942821141983051,0.2182198037263023,0.13365827903786287,-0.1056862042829801,0.10880712338624715,-0.08741478217466439,0.09192888346079424,-0.0500408983728827,0.05284044864007484,-0.024876215621752663,0.024996617119714737,0.04754127803934828,0.0003260786813461072,1.592021865306245e-5,0.019866961449235655,-0.019909199774379424,0.020685315720757724,-0.017642918455437744,0.05825161778164178,-0.046116701760233296,0.080597623402504,-0.03821589591234172,0.11316644920671153,0.13474231493090782,-0.057787355094554155,0.12827775596957977,-0.04396286832461851,0.13713867966593474,-0.08032444535231395,0.14855077562577845,-0.10614355012306824,0.15058848396121444
0.02907351694117007,-0.15746290478485078,0.186819629759153,-0.16163597709721497,0.1913237526068482,-0.1562049702595924,0.18140061491844486,-0.15338670676290786,0.17460528116317386,-0.15048547986249283,-0.1901816851753177,0.19459689126789195,-0.20440410873956183,0.2070205127357723,-0.20608727347460937,0.2145656970524321,-0.18814986009460563,0.2052077622190935,-0.19104202644005983,0.21390986565837708,0.13061483412475927,-0.16794752919330458,0.16942938913660144,-0.19304001933680828,0.20747312593178333,-0.22383679320590513,0.23221492149845413,-0.24942821141983051,0.2500000000000002,-0.21836485371288952,-0.13390953669631903,0.10596312318420736,-0.10908695937388256,0.0877004402095752,-0.09221671040447023,0.0503217100195497,-0.05312269807991961,0.025168625877194414,-0.02528882793409471,-0.04732812584480896,-7.516598552895305e-5,-0.0002675512346659078,-0.019616887628279633,0.019658817105394386,-0.020435916035821088,0.017391593577103244,-0.058046110946095145,0.045900947069045385,-0.08042048938528605,0.0379963734470846,-0.11325754647508127,-0.13462067175569875,0.057579512339633286,-0.12814879647243707,0.04373962674629596,-0.13701964385741,0.08014293070421726,-0.14844460707000834,0.1059926449256013,-0.15048452054559847
-0.0013272250633504304,0.1820422562466877,-0.18770927263765758,0.1840723372075351,-0.19007941541530837,0.18233925035365053,-0.19444667222268394,0.18466924128012752,-0.20449152984031843,0.18203353404924977,0.1759971169249031,-0.17891423189209,0.1926212401587549,-0.19456498657517823,0.1942793396185619,-0.20246605850837893,0.19782699205606513,-0.21420968185002848,0.21911470236404157,-0.24187773216015226,-0.09978036962229044,0.13712974178283224,-0.13865906559702287,0.16233268344058552,-0.17627044972301592,0.1928208703453407,-0.20078309849332165,0.2182198037263023,-0.21836485371288952,0.2500000000000003,0.1042165402149216,-0.07486775368744082,0.07798091390622892,-0.0562362234469836,0.060716377150926676,-0.018870353289117917,0.02161516712115743,0.006370066593950885,-0.006258774890395159,0.07887467545929465,0.03142186764366188,-0.03111338921193404,0.051114796988414694,-0.05120726308839688,0.051970796506479774,-0.04894093805281746,0.08955851923010155,-0.0774473879596166,0.11196762322054869,-0.06907270832976249,0.11005775094529922,0.16615980050878928,-0.0891159421079823,0.15969704045930522,-0.07526550389540046,0.16856846799198238,-0.11165438941179293,0.1799932272991476,-0.1375231511425216,0.18203313386575606
-0.06952013495593126,0.08940845076785198,-0.12331945578834433,0.09362616691835599,-0.1270924986942661,0.08651842354369368,-0.09839866885755161,0.08240434376268725,-0.0796737759052786,0.0808875176481332,0.15287068568410436,-0.15742833244837562,0.1424893192173696,-0.1450985420168787,0.1432596366155168,-0.1364121396905122,0.10276109121132776,-0.09214463168918777,0.07818902937177097,-0.09960653942959255,-0.2443056341456164,0.2110650710670254,-0.2121411486093712,0.18846825482642737,-0.1744794517932525,0.15804195752573358,-0.15062979224747408,0.13365827903786287,-0.13390953669631903,0.1042165402149216,0.25000000000000033,-0.20439549433032325,0.2026868491892123,-0.1523287544283638,0.15210115531094087,-0.11128930523061027,0.1112998049411005,-0.08490768467378797,0.08480991803279152,-0.015146559036072274,-0.07684242956549363,0.07719954158941754,-0.0495855175306101,0.04964393413766038,-0.048832466647214835,0.05021908484022598,-0.009575723865423427,0.01775498252416039,0.01667972049574418,0.02340349690235318,0.11410097949504631,0.06508013965055937,0.011783206255635678,0.05860235685105143,0.025568727263702896,0.06745205477296487,-0.01168700346516812,0.07893400738790797,-0.039464688090029294,0.08088722796619474
0.06817369249678044,-0.04496160259090906,0.07981858857957051,-0.04872527367653378,0.0829772139163238,-0.04149243108981127,0.05847960247672107,-0.0377565960270892,0.04355081380506798,-0.03574285820293011,-0.10989428016898344,0.1143249184493551,-0.0987390910597933,0.10115563855557472,-0.09928606448109158,0.09780466406204215,-0.06354758558820382,0.06260749333275477,-0.04832833399012907,0.0718783318895666,0.20317086582973798,-0.16921277867581014,0.1702337974616439,-0.14602401002350077,0.14239480210115524,-0.12514204505589505,0.12326228883925117,-0.1056862042829801,0.10596312318420736,-0.07486775368744082,-0.20439549433032325,0.25000000000000044,-0.24622667850642022,0.1961072157717636,-0.1916438733521491,0.151153750690731,-0.1495854305305115,0.12393570790493252,-0.12379793136024397,0.05603081790320234,0.1221986763842651,-0.12261811836228637,0.09494569748203398,-0.0950695460288149,0.09423266059352446,-0.09448330652263123,0.053700463458432615,-0.05947737937894098,0.024974466879261574,-0.06362691052564035,-0.1010694363881499,-0.019912827879509702,-0.0571108523270491,-0.013409876381563197,-0.07091061864473819,-0.022277817935233566,-0.03293220245281125,-0.033841395126368204,-0.0038671808194127937,-0.03574225818667291
