x1,x2,x3,x4,x5,x6,x7,x8,x9,x10,x11,x12,x13,x14,x15,x16,x17,x18,x19,x20,x21,x22,x23,x24,x25,x26,x27,x28,x29,x30,x31,x32,x33,x34,x35,x36,x37,x38,x39,x40,x41,x42,x43,x44,x45,x46,x47,x48,x49,x50,x51,x52,x53,x54,x55,x56,x57,x58,x59,x60
0.25,-0.09483865282645498,0.09183214213909568,-0.08515492271156752,0.08509572377768373,-0.08208593718248705,0.08206871289046123,-0.08179413555667468,0.0817886944975705,-0.08179082829853093,-0.24638326874932492,0.11294299603939605,-0.001674164664129333,-0.0037812115511132675,0.03512982232639509,-0.03569486074418043,0.055330272299421085,-0.05527298259849751,0.06394457912969381,-0.0638340578436824,0.045602135762478305,-0.05598822689133319,0.0462789380304152,0.0473243286395669,-0.046500390356781614,0.06135467583397656,-0.05725606407113262,0.06580241762428658,-0.06200432888275823,0.06461106362326814,-0.04350525392320091,0.04687656512314677,-0.0347888140568628,0.03491949788472333,0.0597186259285608,-0.058307412226281476,0.0753584998471799,-0.07430442560957615,0.08006812780560629,-0.0687119000642673,0.022004443541111054,-0.006498595188180861,0.007010501071941774,0.017849534067330912,-0.01763926493675966,0.07644187789561312,-0.07595428327051576,0.07901436315853552,-0.06912438513557578,0.06945187709806083,-0.021684279720579132,-0.07801787080626495,0.07811307853588524,-0.08086099039330431,0.08089271234492001,-0.08174103618788134,0.08178710475749522,-0.08174149033751209,0.08179079239070644,-0.0817885182864337
-0.09483865282645498,0.25,-0.24698738653474453,0.24031197933226858,-0.24024013047964243,0.23723183225411792,-0.23721704707469243,0.23693048886774837,-0.23694670757135347,0.23695078236843925,0.09194494483423485,-0.21274724132308748,0.07135774330262916,-0.07683624314596563,-0.04345845715577778,0.04232832247073909,-0.10902784861480021,0.10891038571138305,-0.14994655932253526,0.1497577649927005,-0.16197776693376298,0.13606571661008388,-0.14812612665452596,-0.024514643301442502,0.021577545530214123,-0.1408561248602927,0.1306465737804849,-0.16040682530097922,0.14809236603044865,-0.15477799515504664,0.1560638690425477,-0.16481239609731457,0.10614005232618466,-0.10689060296947824,-0.09287076815109459,0.0881760779732752,-0.20668432491286276,0.2034646012388548,-0.22870339786085425,0.18917215137054233,-0.06269384525820859,0.022488921701601928,-0.02388970288676649,-0.07583166316962289,0.07521800461471881,-0.2061775566833652,0.20485139643795897,-0.22388830707816984,0.1903696849782892,-0.191349406339644,0.061807256111432445,0.2272753050159847,-0.22762374006978428,0.23466689417466796,-0.23479805647351326,0.23678311611842778,-0.23693348130811087,0.23680782306564868,-0.23695065275766206,0.23694406460175704
0.09183214213909568,-0.24698738653474453,0.25000000000000006,-0.2433196477038069,0.24324786696854678,-0.2402376604733661,0.24022298461298963,-0.23993595343867116,0.23995260450671102,-0.23995669913144071,-0.08896829798176556,0.21469592508988075,-0.07324856112686277,0.07881321166964378,0.043276517688512435,-0.04213611971260184,0.10986351666547875,-0.10974462269303001,0.15133942537662026,-0.15114954267578634,0.16398610672577696,-0.13764049923567354,0.14988102003823245,0.023560430968946385,-0.020574239961415285,0.14208706901421034,-0.13176999277681786,0.1619943680372514,-0.14949929779428503,0.15626176025163166,-0.1579993254893799,0.166858260025306,-0.10724310248712757,0.1080071369537131,0.09318722031833959,-0.08841976297338675,0.20913112892465335,-0.20586958152989382,0.2315564899631767,-0.19143355137567378,0.06332458923762811,-0.02254214449574334,0.023960883088271545,0.07724131434929292,-0.07661918967961899,0.20861162662021185,-0.20726959997717817,0.22665339346660088,-0.19264628098773337,0.1936392096162373,-0.06242780091199746,-0.2301825168875816,0.23053636998582877,-0.2376505910566209,0.23778400091740975,-0.2397865488810585,0.23993908342469863,-0.23981192592461395,0.23995656752925995,-0.2399498957971549
-0.08515492271156752,0.24031197933226858,-0.2433196477038069,0.25000000000000017,-0.24992616448725477,0.24691571127489034,-0.24690094082684533,0.24661306536500469,-0.24663071600278014,0.24663492930125666,0.08239250330126949,-0.2156378953364638,0.06657727708492603,-0.07345920258570962,-0.04876940232784056,0.04750527616213692,-0.11552997505103496,0.11540411480808144,-0.15766247809000195,0.15746410914759484,-0.16853115187425866,0.13840944040304481,-0.15284703031902228,-0.029713479119627254,0.02666644095363389,-0.14841507608598406,0.13767704043829682,-0.16837407118978703,0.15563662548273471,-0.16261835218987877,0.16240850929923967,-0.17150962052092608,0.10980342870992321,-0.11057279995142633,-0.09953219934337598,0.09467607751584954,-0.21569883582545352,0.21235553323132111,-0.23820258412227063,0.19724262837125772,-0.06607715379641657,0.024182092915607308,-0.025637060146893743,-0.0782981772404753,0.0776602432772696,-0.21520746364077217,0.21382472446340647,-0.23328736801537325,0.19848314220072003,-0.19950242319017353,0.06515281038417395,0.23652062768239543,-0.2368798873131587,0.24424756766801692,-0.24438207117968136,0.2464616164034237,-0.24661725112346156,0.246486141696696,-0.24663480882790956,0.24662795141454835
0.08509572377768373,-0.24024013047964243,0.24324786696854678,-0.24992616448725477,0.2500000000000002,-0.24697929251077463,0.2469644098992065,-0.24667170797637658,0.24668937118768636,-0.24669358515254886,-0.08233463472262416,0.21565068167902865,-0.06652294608546203,0.07342270502548946,0.04880643079378074,-0.047541192338824284,0.1155715756948429,-0.1154456585281764,0.1577119095460785,-0.15751347130388776,0.16855383345664696,-0.1384199266328127,0.1528646498009728,0.02975915044400808,-0.026711319693737554,0.14846410676618427,-0.13772257419180728,0.1684247202956384,-0.1556847079722349,0.16266840613706154,-0.16242997560640857,0.17153375249301067,-0.10981634126865346,0.11058578344560763,0.09958295566861132,-0.09472584066949911,0.21575445649895045,-0.21241044213633878,0.23826037764747002,-0.19729248681905673,0.06609253781540876,-0.02418278003250739,0.025638128272591976,0.07831519182903976,-0.07767709493137172,0.215264016924038,-0.21388092567482103,0.2333447878179305,-0.19853326416111344,0.1995527950978059,-0.06516798187653743,-0.2365767878700535,0.23693610338825163,-0.24430561585746433,0.24444013529158629,-0.2465202403543231,0.24667590534621198,-0.24654476224714195,0.24669346473510623,-0.24668660569088113
-0.08208593718248705,0.23723183225411792,-0.2402376604733661,0.24691571127489034,-0.24697929251077463,0.25,-0.24997457222313063,0.24968067940003152,-0.24969828219033532,0.24970255453187273,0.07932554934626589,-0.2126479673642332,0.06351035550667206,-0.0704154513569197,-0.05181987078201691,0.05055041654787112,-0.11858359999853021,0.11845108533570098,-0.1607230268020525,0.16052232344115283,-0.16651710623896027,0.13541677461263932,-0.15004729699515462,-0.032770970114792554,0.02964262800737041,-0.1514754519157861,0.14054109160328013,-0.17143558894385888,0.15857083435669053,-0.16567936573659292,0.16039229680642086,-0.16971121342392734,0.10698350395896207,-0.10775769683925905,-0.10259356461253603,0.0976665665033343,-0.21876418014146315,0.2153903986083436,-0.241269560176966,0.1996933566049194,-0.06579608802205966,0.022009125306553495,-0.023492526079931856,-0.0812122684483113,0.0805604953025796,-0.21827347107221018,0.2168733528251502,-0.23635407848980244,0.2009419167530347,-0.20197939844489138,0.06486830900727127,0.23957010105065965,-0.23993058546973361,0.24731293801248222,-0.24744750603518587,0.24952792420890313,-0.24968487522956806,0.24955192397605383,-0.24970244022159596,0.249695497516071
0.08206871289046123,-0.23721704707469243,0.24022298461298963,-0.24690094082684533,0.2469644098992065,-0.24997457222313063,0.25000000000000017,-0.2496815759383053,0.24969677069403037,-0.24970104300033838,-0.07931095072878379,0.2126393049401379,-0.06350845395610462,0.07041390029092334,0.051815333446741184,-0.05054585415269563,0.11857995454980193,-0.11844743996267931,0.16072004050126185,-0.16051934250740035,0.16651083302052747,-0.13540905906936632,0.15004025097807464,0.03277235942016862,-0.029643911377320933,0.1514723351069266,-0.14053792967374737,0.1714327926245717,-0.158567971324171,0.16567647736365276,-0.1603861587971849,0.16970515720501847,-0.10697701755580932,0.10775119780368067,0.10259480700481907,-0.09766772625627111,0.21876216339113613,-0.21538842610117215,0.24126791029988076,-0.1996917654280855,0.065794657761548,-0.02200606003276942,0.023489460449694344,0.08121458000058537,-0.08056280128198004,0.2182721887052384,-0.21687207803336522,0.23635237257014458,-0.2009403085358254,0.2019777915180643,-0.06486689178687541,-0.2395687860837327,0.2399292711969087,-0.24731147307982362,0.24744604239746212,-0.24952641232954687,0.24968336350063428,-0.24955041336393627,0.24970092869835875,-0.24969398603486007
-0.08179413555667468,0.23693048886774837,-0.23993595343867116,0.24661306536500469,-0.24667170797637658,0.24968067940003152,-0.2496815759383053,0.25000000000000033,-0.24997324005197297,0.2499775176650662,0.07903639166379814,-0.21234619298032895,0.0632197362814186,-0.07012413236880989,-0.05210449796803989,0.05083479542560822,-0.11886525753201813,0.1187321162039468,-0.1610023912863768,0.16080148370882325,-0.16630989702976792,0.13511814925896287,-0.14976527149844146,-0.03305820562928312,0.02992225585910965,-0.15175521492289196,0.14080294425607098,-0.17171439222872092,0.15883832042050497,-0.16595844761041567,0.16018538990529302,-0.16952449611246842,0.10670238904115557,-0.10747699487485078,-0.10287705625742251,0.09794357154197886,-0.2190406559750839,0.2156642141342645,-0.24154493790688225,0.19991242200440648,-0.06576328059072696,0.021797583582486485,-0.023283599207388598,-0.08148776799337555,0.08083471296379773,-0.21855016106931988,0.21714848688750163,-0.23662969864668532,0.20116165396522245,-0.20220080569788618,0.06483524930158543,0.23984422083975118,-0.24020479844117051,0.24758790102429065,-0.24772246702773773,0.24980277308058996,-0.24995983926223247,0.2498267219614084,-0.24997740395025705,0.24997045359966386
0.0817886944975705,-0.23694670757135347,0.23995260450671102,-0.24663071600278014,0.24668937118768636,-0.24969828219033532,0.24969677069403037,-0.24997324005197297,0.25000000000000033,-0.24999511509555014,-0.079027786397706,0.21235759072961888,-0.06321942967566313,0.0701253605824472,0.05210857176571159,-0.05083867963084501,0.11887350377119554,-0.11874035133059055,0.1610136597421125,-0.16081273782160882,0.16631970820244382,-0.13512608003681187,0.14977458831375637,0.03306202730706442,-0.029925829648029423,0.15176590974380133,-0.1408128035867041,0.17172646815733658,-0.1588494747441201,0.16597011792376595,-0.16019478035827678,0.16953460704508194,-0.10670896822410689,0.10748362367510414,0.10288548876730914,-0.09795164708661563,0.21905607914732647,-0.2156794046480852,0.24156194044597046,-0.19992661521164515,0.06576750495986984,-0.021798228141759128,0.023284353441539386,0.08149359647705823,-0.08084049392419858,0.21856572120799467,-0.2171639470888204,0.23664636602461692,-0.20117593560178906,0.2022151615195549,-0.06483940925591586,-0.2398611133330054,0.2402217159679645,-0.2476053295132892,0.24773990491536127,-0.24982035823358284,0.24997743546956705,-0.24984430877839842,0.24999500137466543,-0.24998805053479495
-0.08179082829853093,0.23695078236843925,-0.23995669913144071,0.24663492930125666,-0.24669358515254886,0.24970255453187273,-0.24970104300033838,0.2499775176650662,-0.24999511509555014,0.25,0.07902985296320457,-0.21236059044562725,0.0632209593848159,-0.07012708536386295,-0.05211198536567916,0.05084206697147149,-0.11887718320106655,0.11874402705282805,-0.1610175977103616,0.1608166722129027,-0.16632323837510504,0.13512856829256584,-0.14977757797166324,-0.03306192987512519,0.02992570954675477,-0.15176981578273438,0.1408165654952641,-0.1717304492078223,0.15885330830803296,-0.16597407638576234,0.16019820600413165,-0.16953816721086581,0.10671122771250866,-0.10748590226747301,-0.10288636682032808,0.09795248084983035,-0.2190602397711089,0.21568350040792653,-0.24156618645920117,0.1999300767927795,-0.06576852456546106,0.021798701478391316,-0.023284852439445038,-0.08149510244706241,0.0808419898319383,-0.21856947136961732,0.21716767475683327,-0.2366505809077971,0.20117941841726017,-0.2022186620588255,0.0648404146052295,0.2398652317219908,-0.24022583817940227,0.24760957280428872,-0.2477441490500404,0.24982463416856637,-0.24998171341405992,0.24984858425371698,-0.2499992794287199,0.24999232846990277
-0.24638326874932492,0.09194494483423485,-0.08896829798176556,0.08239250330126949,-0.08233463472262416,0.07932554934626589,-0.07931095072878379,0.07903639166379814,-0.079027786397706,0.07902985296320457,0.2500000000000004,-0.11650200033089535,0.004897229828576305,0.0005796149943178735,-0.03207617791414983,0.03264933899833958,-0.052376388414656756,0.05232573131869276,-0.061031877924616285,0.060923333809939056,-0.047818621652279035,0.05946217473225114,-0.049503116450106244,-0.044220651516904665,0.04347695604285912,-0.05842370506940285,0.05450957109035478,-0.0629050215392217,0.05921531828172649,-0.06170366872277983,0.04572305441463143,-0.04889356173939563,0.037957175149920766,-0.03808406546141931,-0.05672895301778256,0.0553834081970984,-0.07254396615839945,0.07151554767299848,-0.07729244665752122,0.06652093539390139,-0.02232837127485369,0.008694454495351023,-0.009180093264631813,-0.014920835627946424,0.014723816039711048,-0.07363035227187342,0.07315834332284467,-0.07623051783030238,0.06692783828981651,-0.06723814103693823,0.02201020704060932,0.07525783053628662,-0.07535238273585983,0.07809766234866922,-0.07812955949174517,0.07898112677456605,-0.07902610042737652,0.0789821739211208,-0.07902981170364697,0.07902761436544768
0.11294299603939605,-0.21274724132308748,0.21469592508988075,-0.2156378953364638,0.21565068167902865,-0.2126479673642332,0.2126393049401379,-0.21234619298032895,0.21235759072961888,-0.21236059044562725,-0.11650200033089535,0.25000000000000044,-0.10082136525828966,0.09668559093893093,0.024968485819330217,-0.025359095381049353,0.09063071715073898,-0.09053733530993334,0.1236943008650356,-0.12351448904466321,0.16296003123878267,-0.17250871279880098,0.16352411584927148,-0.004559117047642565,0.006986911306002464,0.11414237125044295,-0.10581708602548769,0.13410135401233603,-0.12259470172119231,0.12834606551450897,-0.15699773199789374,0.1644719250698906,-0.12084765579419633,0.12157684928207935,0.06525925505895311,-0.06103224669414248,0.18142494564714146,-0.17844719274004237,0.20392832042247105,-0.16883430596381724,0.05674373430717246,-0.02754493540652198,0.02877755400914054,0.0587191658381218,-0.05819668847973162,0.18093405036759294,-0.17975154195944665,0.19901311102897792,-0.16998566198833776,0.1708342749323838,-0.05591251784107838,-0.20325051555288634,0.20358990530144846,-0.21018549672404482,0.2103178616663933,-0.21220216197571104,0.21234291752738843,-0.2122323892939652,0.21236039641132176,-0.2123544919608241
-0.001674164664129333,0.07135774330262916,-0.07324856112686277,0.06657727708492603,-0.06652294608546203,0.06351035550667206,-0.06350845395610462,0.0632197362814186,-0.06321942967566313,0.0632209593848159,0.004897229828576305,-0.10082136525828966,0.2500000000000007,-0.24259387690503037,0.12128085903499637,-0.12007782723635849,0.055764790074211174,-0.055682904390670786,0.023900477921514493,-0.023814481531081254,-0.04923017297169844,0.06853054486473861,-0.05819142176539172,0.15174019218779816,-0.15331120960670913,0.033527656616442005,-0.033010072728412776,0.013721183731793096,-0.020118918302404355,0.019332755901385897,0.04732445439164972,-0.04945313052402079,0.026707713544016087,-0.027371842710618037,0.08258600503964815,-0.08530305707328167,-0.03274982682500968,0.0316953579360763,-0.054930356408227965,0.035067412585620066,0.0046545486632349215,-0.017182559970451112,0.01677532316621977,-0.05929645588561527,0.059079540631343325,-0.03212303286042738,0.0318731792126394,-0.05005046561549083,0.035479430715502254,-0.035795501956866115,-0.004807745023438244,0.06284137909100046,-0.06306672111383828,0.06320640492768446,-0.06331869423869506,0.06312972998616428,-0.06320394887036727,0.06318264954184168,-0.06322075790438572,0.06321900011978095
-0.0037812115511132675,-0.07683624314596563,0.07881321166964378,-0.07345920258570962,0.07342270502548946,-0.0704154513569197,0.07041390029092334,-0.07012413236880989,0.0701253605824472,-0.07012708536386295,0.0005796149943178735,0.09668559093893093,-0.24259387690503037,0.25000000000000056,-0.12774798126380457,0.12654385640589788,-0.05883243433263442,0.05873208059440012,-0.01877988875502652,0.018694737157920086,0.04548422398480213,-0.06385859506718894,0.05358724049771905,-0.1468049340864676,0.14855865970213547,-0.028102661547569976,0.028000806831079705,-0.008142070956773164,0.014902678577613309,-0.013850637795999248,-0.0435366765300629,0.0461434901826592,-0.021780354158729833,0.022458278599711088,-0.07689661279493262,0.07978841113429261,0.039187709407968174,-0.0380612349725956,0.06169360580654521,-0.040510294401926425,-0.005294540137190132,0.02177173322044664,-0.021301816219321024,0.06539704895109573,-0.06515025705167543,0.03871728685304392,-0.038428622846351,0.05677840807331751,-0.04094592236348823,0.04130152362739957,0.005457875994163006,-0.0696844719787292,0.06991529685729508,-0.07010001546094079,0.07021399724950413,-0.07003200516468004,0.07010984741464756,-0.0700846200668115,0.07012689132529201,-0.07012494152313783
0.03512982232639509,-0.04345845715577778,0.043276517688512435,-0.04876940232784056,0.04880643079378074,-0.05181987078201691,0.051815333446741184,-0.05210449796803989,0.05210857176571159,-0.05211198536567916,-0.03207617791414983,0.024968485819330217,0.12128085903499637,-0.12774798126380457,0.25000000000000044,-0.24840155887128587,0.18089846085014066,-0.1806785281366052,0.14088802469927447,-0.14072113653819582,0.05715060199848253,-0.03475471264187905,0.04686734583878439,0.08752265311841508,-0.08907242066898141,0.15010861667589995,-0.14767808476474423,0.1302663887175111,-0.13351123705373652,0.135941651408027,-0.05588411435641591,0.05710622940134183,-0.052843247389900136,0.05296682854540421,0.054045101393920485,-0.05620238327161442,0.08296597970918763,-0.08201096236123674,0.06053087948548599,-0.05624182617943199,0.01832537848131502,-0.02062467273764173,0.020973716008164552,-0.009968675970689246,0.010006004055129308,0.06261991142193678,-0.062322874452273073,0.06477373241299517,-0.05648015715471972,0.056647240575717975,-0.018151081017792475,-0.04899040290427494,0.04884948268497867,-0.051433438333666724,0.051331467071381615,-0.05215354964547568,0.05212701844016902,-0.052080677708322906,0.052112089960927685,-0.05211064104078671
-0.03569486074418043,0.04232832247073909,-0.04213611971260184,0.04750527616213692,-0.047541192338824284,0.05055041654787112,-0.05054585415269563,0.05083479542560822,-0.05083867963084501,0.05084206697147149,0.03264933899833958,-0.025359095381049353,-0.12007782723635849,0.12654385640589788,-0.24840155887128587,0.2500000000000007,-0.18196164208598833,0.18173932335074633,-0.1398218984780386,0.13965493124621872,-0.05804676904237116,0.03579054941796569,-0.047878802802514546,-0.08644574616554888,0.08803237529241015,-0.14906738753108592,0.14671653653270275,-0.1291112265894684,0.1324154750513917,-0.13479491939452296,0.056785694612642594,-0.05791396415547881,0.05394797696363269,-0.05406930220895799,-0.0528528006256737,0.055046788832251156,-0.08176722650025234,0.08082498682211588,-0.05927335552289511,0.05525061558082778,-0.01849181960815426,0.021576143861926935,-0.021912982972612464,0.011152064469803488,-0.011183519532959903,-0.06139329704819986,0.06110354732717276,-0.06354225931918756,0.05548515500421418,-0.05564477326693959,0.018319143582708888,0.04772935414518988,-0.047587387172779716,0.05016531276778704,-0.05006298511372396,0.050884371485797504,-0.05085714823705052,0.05081152396124856,-0.05084217072884332,0.05084075711742925
0.055330272299421085,-0.10902784861480021,0.10986351666547875,-0.11552997505103496,0.1155715756948429,-0.11858359999853021,0.11857995454980193,-0.11886525753201813,0.11887350377119554,-0.11887718320106655,-0.052376388414656756,0.09063071715073898,0.055764790074211174,-0.05883243433263442,0.18089846085014066,-0.18196164208598833,0.2500000000000005,-0.24960716696786,0.20771294787087544,-0.20747794108837725,0.09015452197715049,-0.06323926790686783,0.07626047161033528,0.08415573718308239,-0.08435461443492513,0.182892795773095,-0.17858004665474694,0.19702037535179115,-0.19839323106788231,0.2026786404062053,-0.08733838668439597,0.0912656653840255,-0.05498515975190871,0.055409630817709846,0.08110164018605967,-0.08050058416420283,0.13936687601984982,-0.13749709888985756,0.12728069499257402,-0.10178259522135684,0.03254330991827963,-0.019264373680086665,0.020062037337165644,0.025644113493830212,-0.025364647644070936,0.11681864566866376,-0.11614096109634209,0.1235409970838518,-0.10223867395879795,0.10270648700781039,-0.03214511468106702,-0.11352054004076748,0.11353406544362088,-0.1176814917093875,0.11765235853373665,-0.11884957161203956,0.11888214608342619,-0.11880555458302691,0.11887721167843403,-0.11887390642649664
-0.05527298259849751,0.10891038571138305,-0.10974462269303001,0.11540411480808144,-0.1154456585281764,0.11845108533570098,-0.11844743996267931,0.1187321162039468,-0.11874035133059055,0.11874402705282805,0.05232573131869276,-0.09053733530993334,-0.055682904390670786,0.05873208059440012,-0.1806785281366052,0.18173932335074633,-0.24960716696786,0.25000000000000056,-0.20772333881115887,0.20748842965026257,-0.08999462135006672,0.06312091596014914,-0.07612123424502745,-0.08413384379734898,0.08433473305050236,-0.18288875650123818,0.1785838123982389,-0.1970131360912404,0.1983980662541652,-0.2026806157440344,0.08718267098120525,-0.09110674600197162,0.05486349347703986,-0.0552878602606247,-0.0810291608459154,0.08043138210024316,-0.13927466370075672,0.13740644578151054,-0.12716109175883844,0.10167300889458612,-0.032467088320503795,0.019191306077391522,-0.019988537863204474,-0.025647520829209132,0.0253682949422134,-0.1167049033125568,0.11602802736898293,-0.12342187540394298,0.10212829687537925,-0.10259566523754828,0.03206963820943681,0.11339577724677044,-0.11340899035930474,0.11755043497512853,-0.11752116455171838,0.1187165450969659,-0.11874900737669249,0.1186724786432069,-0.11874405547439282,0.11874075392471926
0.06394457912969381,-0.14994655932253526,0.15133942537662026,-0.15766247809000195,0.1577119095460785,-0.1607230268020525,0.16072004050126185,-0.1610023912863768,0.1610136597421125,-0.1610175977103616,-0.061031877924616285,0.1236943008650356,0.023900477921514493,-0.01877988875502652,0.14088802469927447,-0.1398218984780386,0.20771294787087544,-0.20772333881115887,0.2500000000000007,-0.24952597688613515,0.07986039674655651,-0.05051433252640077,0.06382798057230368,0.10496895187337414,-0.10422711548400916,0.2181543932653754,-0.2118491966742581,0.23910595138542845,-0.23892215930328203,0.24475006308771324,-0.0765719639875553,0.08305723408660073,-0.03485840679273086,0.035409077839999276,0.10943846117819686,-0.10769488422144745,0.1794083716076151,-0.17703169330797378,0.16941228083743556,-0.13388760972447264,0.03113662277550928,0.001915886460028712,-0.0007518555716343049,0.05855010115734423,-0.05809867529792546,0.15559198639189772,-0.15467936823502282,0.16404343946401956,-0.13448478727336777,0.1351782772339055,-0.030660713664763965,-0.15501365045087548,0.15507040132666072,-0.1596850617792316,0.15967138916758414,-0.16096368204798212,0.16102037835970245,-0.16092053087015235,0.1610175894451828,-0.16101311252574677
-0.0638340578436824,0.1497577649927005,-0.15114954267578634,0.15746410914759484,-0.15751347130388776,0.16052232344115283,-0.16051934250740035,0.16080148370882325,-0.16081273782160882,0.1608166722129027,0.060923333809939056,-0.12351448904466321,-0.023814481531081254,0.018694737157920086,-0.14072113653819582,0.13965493124621872,-0.20747794108837725,0.20748842965026257,-0.24952597688613515,0.25000000000000056,-0.07970510406311931,0.0503754252339877,-0.06368011851273188,-0.10496767312747954,0.10423024531434806,-0.2181285437180922,0.2118327179075495,-0.23908120300130192,0.23900416240444114,-0.24482714778385015,0.07642230575770055,-0.08290006715789121,0.03472582043213707,-0.035276062585921024,-0.10935981195737023,0.10762083923188412,-0.17926295045783958,0.17688871239700873,-0.16923031643204708,0.1337217610515234,-0.031061879072654005,-0.0019619458428492115,0.000798896873107277,-0.058514451409838214,0.05806347370878883,-0.1554224162521065,0.15451096070079204,-0.16386096881446605,0.13431771485993219,-0.1350104178195224,0.030586897332482755,0.15482262888761572,-0.15487896428573064,0.15948661122330518,-0.15947276044645223,0.16076293690769666,-0.16081947620391354,0.16071972650174673,-0.16081666396242494,0.16081219262950402
0.045602135762478305,-0.16197776693376298,0.16398610672577696,-0.16853115187425866,0.16855383345664696,-0.16651710623896027,0.16651083302052747,-0.16630989702976792,0.16631970820244382,-0.16632323837510504,-0.047818621652279035,0.16296003123878267,-0.04923017297169844,0.04548422398480213,0.05715060199848253,-0.05804676904237116,0.09015452197715049,-0.08999462135006672,0.07986039674655651,-0.07970510406311931,0.2500000000000004,-0.21880230914700768,0.23274703220798407,-0.05060279322235008,0.051319357775047626,0.06809439155606455,-0.06260889090935336,0.08805452444622316,-0.0788317110740558,0.08229966695719605,-0.2432140384421578,0.24563352632727903,-0.19018716055366933,0.19082137160513543,0.019219050196520118,-0.01624414465010459,0.13538425722719927,-0.13285222591864537,0.1578899718251832,-0.13228040434560265,0.08717204038179165,-0.10109383755621636,0.10168604106047788,-0.0020577566866110805,0.002311148529800258,0.13489465551867144,-0.13396879139944856,0.15297454100405944,-0.13325698246886605,0.13378451495883817,-0.08630440050989238,-0.15627377403160933,0.15660587692868833,-0.16393624897266001,0.16406986389027603,-0.16618436640261905,0.166305732873735,-0.16622287146117942,0.16632312812174507,-0.16631850368756046
-0.05598822689133319,0.13606571661008388,-0.13764049923567354,0.13840944040304481,-0.1384199266328127,0.13541677461263932,-0.13540905906936632,0.13511814925896287,-0.13512608003681187,0.13512856829256584,0.05946217473225114,-0.17250871279880098,0.06853054486473861,-0.06385859506718894,-0.03475471264187905,0.03579054941796569,-0.06323926790686783,0.06312091596014914,-0.05051433252640077,0.0503754252339877,-0.21880230914700768,0.2500000000000005,-0.2351988628653766,0.07840981676742848,-0.07866294062245684,-0.03837069460384363,0.03491994922601744,-0.05808259190158403,0.04985378763167634,-0.05239581037802859,0.2127741180584349,-0.21461000008310452,0.1934370274287817,-0.19403361190181354,0.009631527725244463,-0.012041710652785335,-0.10465311108746306,0.10244831214995348,-0.12682696997082793,0.10732568187266964,-0.06676625371148277,0.0864528506778709,-0.08694779862225527,0.016446904470805084,-0.01661544607205857,-0.10418519334386679,0.10343813526426039,-0.12197364317569591,0.1082641602866792,-0.10865007681152282,0.06601294019470005,0.12634283407449057,-0.12664998119090026,0.13298336004034103,-0.1331129026210298,0.13500429863094843,-0.1351113509181203,0.13504697746313096,-0.13512843050783482,0.13512467340838383
0.0462789380304152,-0.14812612665452596,0.14988102003823245,-0.15284703031902228,0.1528646498009728,-0.15004729699515462,0.15004025097807464,-0.14976527149844146,0.14977458831375637,-0.14977757797166324,-0.049503116450106244,0.16352411584927148,-0.05819142176539172,0.05358724049771905,0.04686734583878439,-0.047878802802514546,0.07626047161033528,-0.07612123424502745,0.06382798057230368,-0.06368011851273188,0.23274703220798407,-0.2351988628653766,0.25000000000000044,-0.06715983955854134,0.06745590794150866,0.0515480344562242,-0.04689122686146251,0.07150860910377863,-0.06277609937880536,0.06575374348523358,-0.22644182711397326,0.2287783447227728,-0.20692463020256588,0.207539418408666,0.002664503241139409,-0.00011727863453989372,0.11883836758443275,-0.11643476087430045,0.14134426037884146,-0.12080032096524561,0.07420629701797202,-0.0933935740026805,0.09396262729046438,-0.01872126766110798,0.018912695387083046,0.11834759712486519,-0.11750928076071139,0.13642869358054338,-0.12181751743167316,0.12225182065089064,-0.07337788244154596,-0.14001599411516732,0.1403380208018491,-0.14738930357057267,0.1475225458102947,-0.14964583693561778,0.14976008524887036,-0.14968717453214833,0.14977745775320078,-0.14977329335343548
0.0473243286395669,-0.024514643301442502,0.023560430968946385,-0.029713479119627254,0.02975915044400808,-0.032770970114792554,0.03277235942016862,-0.03305820562928312,0.03306202730706442,-0.03306192987512519,-0.044220651516904665,-0.004559117047642565,0.15174019218779816,-0.1468049340864676,0.08752265311841508,-0.08644574616554888,0.08415573718308239,-0.08413384379734898,0.10496895187337414,-0.10496767312747954,-0.05060279322235008,0.07840981676742848,-0.06715983955854134,0.25000000000000044,-0.24660191494858386,0.12803065459234875,-0.12030327902664172,0.10689880524458008,-0.10395728066221573,0.10667421568489818,0.050005367234042454,-0.04692755626758169,0.05150730743703876,-0.05208280226358534,0.1782476861426214,-0.17920456580975785,0.06297967260738682,-0.0629341592127291,0.04124326377509373,-0.04297622709546139,0.01597613273923005,0.009656693111610331,-0.009330289773575624,-0.006679416616943079,0.006799718945526933,0.06383407795401937,-0.06351780786804812,0.04594970066861823,-0.042925861865626025,0.0430705155565479,-0.015881768013654606,-0.030714648954137527,0.030545405825469905,-0.032441876060840695,0.03233812430286413,-0.0331096457970346,0.033078262197993424,-0.03304210655575287,0.03306203577025994,-0.033061116516214184
-0.046500390356781614,0.021577545530214123,-0.020574239961415285,0.02666644095363389,-0.026711319693737554,0.02964262800737041,-0.029643911377320933,0.02992225585910965,-0.029925829648029423,0.02992570954675477,0.04347695604285912,0.006986911306002464,-0.15331120960670913,0.14855865970213547,-0.08907242066898141,0.08803237529241015,-0.08435461443492513,0.08433473305050236,-0.10422711548400916,0.10423024531434806,0.051319357775047626,-0.07866294062245684,0.06745590794150866,-0.24660191494858386,0.25000000000000056,-0.12815505171817718,0.12054202869607018,-0.10606872714444113,0.1032159661744755,-0.10584879052411245,-0.05066658546006064,0.04773286592016169,-0.051006126547283724,0.05159063713740833,-0.17702515455943232,0.1781203597849772,-0.06086506584887382,0.06085359778064963,-0.03835920983328755,0.04077341311364493,-0.0154772248945568,-0.009048358309443297,0.008742282529871895,0.008779780861178277,-0.008888042726178075,-0.061344415345839114,0.06104594950276745,-0.043274714453446494,0.04071063673934395,-0.040839665127526646,0.015392867777219156,0.027658877745852423,-0.027481249286274264,0.029325103938870258,-0.029217241305467316,0.029977104207573296,-0.02994261359784043,0.029907778584858706,-0.029925817341977367,0.029924985287083497
0.06135467583397656,-0.1408561248602927,0.14208706901421034,-0.14841507608598406,0.14846410676618427,-0.1514754519157861,0.1514723351069266,-0.15175521492289196,0.15176590974380133,-0.15176981578273438,-0.05842370506940285,0.11414237125044295,0.033527656616442005,-0.028102661547569976,0.15010861667589995,-0.14906738753108592,0.182892795773095,-0.18288875650123818,0.2181543932653754,-0.2181285437180922,0.06809439155606455,-0.03837069460384363,0.0515480344562242,0.12803065459234875,-0.12815505171817718,0.25000000000000044,-0.23889281857096395,0.22562280587681943,-0.21449763278757772,0.22019401675651556,-0.06525650221160019,0.07157116220255166,-0.04170722674626748,0.042140756013962055,0.11314451979845432,-0.11376026973111772,0.1818087019057057,-0.17954819767386676,0.1599072840296498,-0.135522123936972,0.025523331175877545,0.007514848229410739,-0.006402722668409955,0.04983390904131825,-0.04946478232895303,0.15624771049978697,-0.15540771556020294,0.1639933372238249,-0.13618588560065473,0.1368353616862663,-0.025115201527773082,-0.14626982605613176,0.14618999139055355,-0.1505835211273645,0.15049023786220653,-0.1517666527423297,0.1517837085100185,-0.1516783347048076,0.15176981888615995,-0.15176559909095425
-0.05725606407113262,0.1306465737804849,-0.13176999277681786,0.13767704043829682,-0.13772257419180728,0.14054109160328013,-0.14053792967374737,0.14080294425607098,-0.1408128035867041,0.1408165654952641,0.05450957109035478,-0.10581708602548769,-0.033010072728412776,0.028000806831079705,-0.14767808476474423,0.14671653653270275,-0.17858004665474694,0.1785838123982389,-0.2118491966742581,0.2118327179075495,-0.06260889090935336,0.03491994922601744,-0.04689122686146251,-0.12030327902664172,0.12054202869607018,-0.23889281857096395,0.25000000000000044,-0.2190793314018262,0.2083595588374349,-0.21372405164355202,0.060029820906692066,-0.0658615930127397,0.03844866850575455,-0.03886637078410281,-0.10443877964057255,0.10525081875232346,-0.17173922418096785,0.16961744227096376,-0.1492472622291921,0.12628841961940954,-0.022211286226540155,-0.008362625605372192,0.007318153233436979,-0.046994506550880825,0.046654692410049936,-0.14584600984604826,0.1450709839568804,-0.15334603196854682,0.126900346280221,-0.12750392343932218,0.021844911317204594,0.13580301995146601,-0.13571144455547698,0.1397484589376322,-0.1396515286219843,0.14081974563709712,-0.140830869872149,0.14073168942851574,-0.14081657118452104,0.14081265593248787
0.06580241762428658,-0.16040682530097922,0.1619943680372514,-0.16837407118978703,0.1684247202956384,-0.17143558894385888,0.1714327926245717,-0.17171439222872092,0.17172646815733658,-0.1717304492078223,-0.0629050215392217,0.13410135401233603,0.013721183731793096,-0.008142070956773164,0.1302663887175111,-0.1291112265894684,0.19702037535179115,-0.1970131360912404,0.23910595138542845,-0.23908120300130192,0.08805452444622316,-0.05808259190158403,0.07150860910377863,0.10689880524458008,-0.10606872714444113,0.22562280587681943,-0.2190793314018262,0.25000000000000056,-0.23710527378424592,0.24301427506462064,-0.08446889925240521,0.09134664784264708,-0.04077821971613287,0.041344181981980824,0.11858941107523849,-0.11662739969970391,0.1891582379286335,-0.18664776106236472,0.17995093053640643,-0.14308002125654146,0.035694056416363903,-0.001317356873234291,0.0025386933206393283,0.05933055986695916,-0.058854359343331955,0.1656618505746959,-0.1646825259492801,0.17424374586075952,-0.14372529979829465,0.1444591515659462,-0.035168724562639274,-0.16512406705106045,0.1651961028199234,-0.1702484280370026,0.17024040785378092,-0.1716691801886405,0.171732564788356,-0.17162691248452094,0.171730428570831,-0.1717256537925222
-0.06200432888275823,0.14809236603044865,-0.14949929779428503,0.15563662548273471,-0.1556847079722349,0.15857083435669053,-0.158567971324171,0.15883832042050497,-0.1588494747441201,0.15885330830803296,0.05921531828172649,-0.12259470172119231,-0.020118918302404355,0.014902678577613309,-0.13351123705373652,0.1324154750513917,-0.19839323106788231,0.1983980662541652,-0.23892215930328203,0.23900416240444114,-0.0788317110740558,0.04985378763167634,-0.06277609937880536,-0.10395728066221573,0.1032159661744755,-0.21449763278757772,0.2083595588374349,-0.23710527378424592,0.2500000000000006,-0.2428416321484381,0.07558418866043165,-0.08197865989347806,0.03330309016803738,-0.03384470954178961,-0.10912738280651352,0.10732167695128486,-0.17685328720281315,0.17451342508179069,-0.16726685495020124,0.1318023537305943,-0.03111629722922663,-0.0015046303343064105,0.00035740928936084084,-0.057867015962926927,0.05741885353347417,-0.1534212705464273,0.15251872507827985,-0.1615692441930916,0.13238291844540773,-0.13306733285345002,0.030644911517541833,0.15291155269102263,-0.15297129708965423,0.1575330854916259,-0.1575219461018912,0.15879870686794037,-0.1588557340195735,0.1587575426909368,-0.15885329666829195,0.1588488799246692
0.06461106362326814,-0.15477799515504664,0.15626176025163166,-0.16261835218987877,0.16266840613706154,-0.16567936573659292,0.16567647736365276,-0.16595844761041567,0.16597011792376595,-0.16597407638576234,-0.06170366872277983,0.12834606551450897,0.019332755901385897,-0.013850637795999248,0.135941651408027,-0.13479491939452296,0.2026786404062053,-0.2026806157440344,0.24475006308771324,-0.24482714778385015,0.08229966695719605,-0.05239581037802859,0.06575374348523358,0.10667421568489818,-0.10584879052411245,0.22019401675651556,-0.21372405164355202,0.24301427506462064,-0.2428416321484381,0.2500000000000007,-0.07887684780020554,0.08558837510211365,-0.03501060217553088,0.035573958751519155,0.1133704056753642,-0.11145249069342483,0.18369876929475892,-0.1812567550756101,0.17429666728878582,-0.13760178910312335,0.032509882092435424,0.0017566994710545175,-0.0005617386448330945,0.06068685603044813,-0.06021840978525353,0.16009338379715002,-0.1591505668334496,0.1685837518057222,-0.13821606290360638,0.13893152050813568,-0.03201588786745318,-0.15977555805511354,0.15984121830288303,-0.16459469321674988,0.16458499345176006,-0.1659158695540399,0.1659763370776399,-0.165874016307098,0.16597406255707176,-0.16596944782827655
-0.04350525392320091,0.1560638690425477,-0.1579993254893799,0.16240850929923967,-0.16242997560640857,0.16039229680642086,-0.1603861587971849,0.16018538990529302,-0.16019478035827678,0.16019820600413165,0.04572305441463143,-0.15699773199789374,0.04732445439164972,-0.0435366765300629,-0.05588411435641591,0.056785694612642594,-0.08733838668439597,0.08718267098120525,-0.0765719639875553,0.07642230575770055,-0.2432140384421578,0.2127741180584349,-0.22644182711397326,0.050005367234042454,-0.05066658546006064,-0.06525650221160019,0.060029820906692066,-0.08446889925240521,0.07558418866043165,-0.07887684780020554,0.2500000000000008,-0.2405816035619845,0.18535068893925455,-0.18596450795815625,-0.017411842766578256,0.014561324917944669,-0.13020632067999868,0.1277619219886158,-0.15206173746614726,0.12713119968604444,-0.08506404784678882,0.09968582592278752,-0.10023941306273172,0.0028194824708018024,-0.003059988226523124,-0.12971329863528924,0.1288225953798895,-0.14726105462851508,0.12807162247136702,-0.12857563843643155,0.08422171749289542,0.15045846711711444,-0.15077996912072147,0.15788759167960736,-0.15801706156566925,0.16006405085763978,-0.16018124163454173,0.16010153500229302,-0.1601980996032391,0.1601936454688293
0.04687656512314677,-0.16481239609731457,0.166858260025306,-0.17150962052092608,0.17153375249301067,-0.16971121342392734,0.16970515720501847,-0.16952449611246842,0.16953460704508194,-0.16953816721086581,-0.04889356173939563,0.1644719250698906,-0.04945313052402079,0.0461434901826592,0.05710622940134183,-0.05791396415547881,0.0912656653840255,-0.09110674600197162,0.08305723408660073,-0.08290006715789121,0.24563352632727903,-0.21461000008310452,0.2287783447227728,-0.04692755626758169,0.04773286592016169,0.07157116220255166,-0.0658615930127397,0.09134664784264708,-0.08197865989347806,0.08558837510211365,-0.2405816035619845,0.2500000000000006,-0.1871721972684194,0.18781101033769512,0.022425157179286906,-0.019372741043386266,0.13859899224229766,-0.13603762233522027,0.16110488074626003,-0.1346100509868903,0.088515036861879,-0.10224382249393685,0.10284677549922706,0.001033813232784005,-0.0007669111982662524,0.1381082074516755,-0.1371626958974154,0.15618931417973267,-0.13559085996283185,0.13613443493981006,-0.08764371659691395,-0.15943121265335733,0.15976481825046843,-0.16714933889593786,0.16728303935325556,-0.16939791377274482,0.16952065720132667,-0.16943586283929113,0.1695380574027648,-0.16953334358095845
