x1,x2,x3,x4,x5,x6,x7,x8,x9,x10,x11,x12,x13,x14,x15,x16,x17,x18,x19,x20,x21,x22,x23,x24,x25,x26,x27,x28,x29,x30,x31,x32,x33,x34,x35,x36,x37,x38,x39,x40,x41,x42,x43,x44,x45,x46,x47,x48,x49,x50,x51,x52,x53,x54,x55,x56,x57,x58,x59,x60
0.25000000000000006,0.24959277736532032,0.24956604269619084,0.24996565984295557,0.24944947981083815,0.24995867222585763,0.24966309233454975,0.24995846948205122,0.24990918457008995,0.2499561712196677,0.24995871160628383,0.23532077468750107,0.22039528013676607,0.21672245715726723,0.21521826888054021,0.20711733574634067,0.22936513564092628,0.2236860498590296,0.24747896180903023,0.24991247888253518,0.2495071679487622,0.24022808708988502,0.24071014663659193,0.2105298156216582,0.22925891197992912,0.2018662053596055,0.2336291509948729,0.2283450630228466,0.24379034573839944,0.24941583528365266,0.24969171746308488,0.2398153871656841,0.2396030718357087,0.20771353397340456,0.22596980496307292,0.1996523207335615,0.23059054949961946,0.22494708935217694,0.24173405012961643,0.24907945743175522,0.2499532469644445,0.23075897988834562,0.2209942175158608,0.20956880517798482,0.2236874407362927,0.2044140225520536,0.23584362185212127,0.22147153981652065,0.24777324641220155,0.2498682323957034,0.24994070249531802,0.2495585205767279,0.24962080504503334,0.24996567964786567,0.2496472052439708,0.24995161635363156,0.2497034665996316,0.249952285252703,0.24992345709537533,0.2499537528402966
0.24959277736532032,0.25000000000000006,0.2492090908921979,0.24960856711122698,0.24909312288762026,0.24960158987810202,0.24930643391982305,0.24960138733671733,0.2495521731464337,0.249599092286607,0.24960162975117076,0.2349849024766364,0.22008110703978653,0.21641286613313862,0.21491091022369638,0.20682198669274024,0.22903777176182294,0.223366749516323,0.2471254393126305,0.24955546219603322,0.2491507263630743,0.23988473803364718,0.24036623867400844,0.21022879477997544,0.2289312691947129,0.20157742751256336,0.23329534483140552,0.22801866283762173,0.24344209292431768,0.24905952708980905,0.2493350178092396,0.23947278258370291,0.2392607742983922,0.20741684411939373,0.2256470233889201,0.19936723429881986,0.23026109327732036,0.22462575321008688,0.24138870775251195,0.24872363138754972,0.24959617227008804,0.23042934460766126,0.22067856730879637,0.20926962658460335,0.2233679862352635,0.20412221410848533,0.2355067222726403,0.22115522325333242,0.24741928648615097,0.24951127935114292,0.24958364575763317,0.24920200974645917,0.24926420629687737,0.24960858716064727,0.24929056972599406,0.24959454395651343,0.24934675036198198,0.24959521189971734,0.24956642505963061,0.249596677390771
0.24956604269619084,0.2492090908921979,0.2500000000000001,0.24958187101994123,0.24906640204576935,0.24957484709571698,0.24927944540389058,0.24957464640457985,0.24952538759810067,0.24957235844623507,0.249574970954779,0.23494137117146643,0.2200129572323021,0.21637058781713278,0.21486100060782826,0.2067482032558126,0.22899923030208336,0.22331857826625168,0.2470971640635373,0.2495287535265968,0.24912419031083008,0.23986573219499485,0.24033951513416904,0.21019982408143792,0.22890802988828085,0.20155621348476696,0.23327177776285235,0.227996669534391,0.24341280200200704,0.24903281988683054,0.2493080981155778,0.23944721774456953,0.23923480355521057,0.2073845280537677,0.22562423471312928,0.19933422903671955,0.2302420826956398,0.22460062873595268,0.24136458040760903,0.24869703248701489,0.24956943296690426,0.2304042109268841,0.22064967580637937,0.20922927718882348,0.2233344025987538,0.20408567821539833,0.23547980653831124,0.2211269649805495,0.24739278259647043,0.24948454818749122,0.24955690426472352,0.24917531893167483,0.24923738166198506,0.24958185086048998,0.2492636269610061,0.2495678090720569,0.2493198921218248,0.2495684769707629,0.2495396872999273,0.2495699423038973
0.24996565984295557,0.24960856711122698,0.24958187101994123,0.2500000000000001,0.24946526006143865,0.24997448539476008,0.2496788880120286,0.2499742826357606,0.2499249951578067,0.2499719842257601,0.24997452550950733,0.2353358172051245,0.22040944613707728,0.21673645975379335,0.2152320211293471,0.20713059483806875,0.22937957529213504,0.22370021715635216,0.24749461970415262,0.24992828940656583,0.24952295246034883,0.2402433452219646,0.24072545551172966,0.2105433169839499,0.2292735078965096,0.20187913609610317,0.2336439948346848,0.22835957246841085,0.24380578477228995,0.24943161385234677,0.24970751410925113,0.23983055772773332,0.23961825003644946,0.20772664820344244,0.225984152304261,0.19966492144522988,0.23060519338674776,0.22496131443031786,0.24174935138157858,0.24909521477666233,0.24996905980071288,0.23077357340051063,0.22100819638282931,0.20958208269786202,0.2237015962699057,0.204426985169385,0.2358585411020594,0.2214855492298748,0.24778892105091244,0.24988403988320895,0.24995651452602652,0.24957430841948422,0.24963659689314385,0.24998149325653152,0.2496629990720158,0.24996742907301622,0.2497192638985033,0.24996809801446343,0.24993926805854152,0.24996956569490164
0.24944947981083815,0.24909312288762026,0.24906640204576935,0.24946526006143865,0.24999999999999997,0.24945856261738988,0.24916471787753597,0.24945806407673402,0.24940900244098915,0.24945579302535034,0.24945848251783154,0.23482887870949226,0.21992405410089905,0.2162396505774285,0.2147173350066355,0.20663140737215815,0.22889901066909824,0.22320325138000044,0.24698137071564008,0.2494122161417899,0.24900787213623696,0.23975631405789574,0.2402250585402945,0.21009452809365287,0.2287975689748791,0.2014520706998065,0.23316178436920978,0.2278848568868471,0.24329715541278052,0.24891644056071588,0.24919153654813087,0.2393353345261727,0.23912241654395966,0.2072836791837668,0.22552132334879146,0.19923864768432292,0.23013756439703636,0.2244969023489025,0.24125282483107086,0.24858092187541334,0.24945286606852454,0.2302967941272003,0.22054484054705834,0.20912434203407082,0.22322645851825418,0.20398542561888514,0.2353693418435555,0.22102222807988184,0.24727726160058958,0.24936802632222912,0.24944034220515843,0.2490589402103299,0.24912091481611373,0.2494652806661683,0.24914708831499957,0.24945124535426935,0.2492033831158071,0.24945191294894778,0.2494231361214346,0.24945337759718506
0.24995867222585763,0.24960158987810202,0.24957484709571698,0.24997448539476008,0.24945856261738988,0.25000000000000006,0.2496719041592631,0.24996729481617008,0.24991800868645572,0.24996499642500278,0.24996753718925943,0.2353291016617871,0.22040315459970858,0.2167299834809111,0.21522587794289455,0.2071248476585629,0.2293733766861493,0.22369404934226403,0.24748770546690216,0.24992130248181998,0.24951597555082775,0.24023647410806914,0.24071862498197585,0.2105370907079426,0.22926694816879112,0.2018731544520408,0.233637378599902,0.22835303985161642,0.24379895771259175,0.24942464084230562,0.2497005337510516,0.23982384878318214,0.23961152750839176,0.2077208745573554,0.22597780141749843,0.19965941615110272,0.23059867974180182,0.22495503797187436,0.24174258360515105,0.24908825197093995,0.24996207208481686,0.2307671365856631,0.22100203904818536,0.20957627874082377,0.22369537187049462,0.20442132184214248,0.23585195531912503,0.2214793875468083,0.24778199480221938,0.24987705461336587,0.2499495271843397,0.24956733175541224,0.24962961874713596,0.24997450519763656,0.24965602017193825,0.24996044140662121,0.24971228348622812,0.24996111032920687,0.24993228121268057,0.24996257796861804
0.24966309233454975,0.24930643391982305,0.24927944540389058,0.2496788880120286,0.24916471787753597,0.2496719041592631,0.25000000000000006,0.24967170526507446,0.24962299661830697,0.24966940944491497,0.24967254885177673,0.23504650477614386,0.22013951067774154,0.2164350351950454,0.2149618141589601,0.20683061636816172,0.22908744346827892,0.22339924151327936,0.24719273696510266,0.24962580370819185,0.24922086995583553,0.23995210198396294,0.24043187237761474,0.2102610390050312,0.22898929466492568,0.20160772993039355,0.23336041976156563,0.22807220842296186,0.24350642758607963,0.24912949694405517,0.24940498030590108,0.2395394547987604,0.23932729165506986,0.20745956978793453,0.22571983253940525,0.19941273498527967,0.23033647299475982,0.22468948609776973,0.24145970039047615,0.2487938232286809,0.2496664829039888,0.23049494297234294,0.22073575766488623,0.20931264226176244,0.22342152658480666,0.20417146131653785,0.23557166944060207,0.2212148479801832,0.24748904447673753,0.2495815851010188,0.24965394932047655,0.2492722188760565,0.24933428325173132,0.2496789067594305,0.24936052077931645,0.2496648594000487,0.24941686341521052,0.24966552755610602,0.24963673439123304,0.24966699345871052
0.24995846948205122,0.24960138733671733,0.24957464640457985,0.2499742826357606,0.24945806407673402,0.24996729481617008,0.24967170526507446,0.25000000000000017,0.24991780496427882,0.2499647937023468,0.24996733350541597,0.23532869847030846,0.22040266985130466,0.21672970315985762,0.21522533143084588,0.20712416278381657,0.229373053295391,0.22369365191060003,0.24748749285712424,0.24992109977424645,0.24951577669245437,0.24023641394744577,0.2407184138116821,0.21053707031141455,0.22926681223085962,0.20187321230446711,0.2336371923945524,0.2283529681814915,0.24379873503286612,0.24942443961009048,0.2497003297582413,0.2398236652061817,0.23961132858426748,0.20772069001821505,0.22597756167886676,0.19965916864520078,0.23059849376328737,0.22495484870228905,0.2417423898537259,0.2490880496906664,0.2499618693028456,0.2307669356328329,0.2210018160655269,0.20957592607706424,0.22369510742102766,0.20442096056439266,0.23585174929903335,0.2214791490406182,0.24778179354551377,0.2498768517141422,0.24994932439044984,0.24956712933041106,0.24962941535789981,0.24997430244082036,0.24965581579207827,0.24996023866117484,0.24971207939446816,0.2499609075834281,0.24993207836214884,0.2499623752216438
0.24990918457008995,0.2495521731464337,0.24952538759810067,0.2499249951578067,0.24940900244098915,0.24991800868645572,0.24962299661830697,0.24991780496427882,0.25000000000000006,0.24991550756533307,0.2499182338897482,0.23528520165161737,0.2203558600060435,0.2166856518889542,0.21517627715500143,0.20707695312747235,0.22932389977501053,0.22364439170889439,0.24743823897611456,0.2498718405438558,0.2494665058831186,0.24018745643371223,0.24067307888637118,0.21048925218472933,0.2292221538699587,0.20182750423790308,0.23359364673363428,0.22830528267185263,0.24375044486965727,0.2493751805334918,0.2496510505765201,0.2397759440193627,0.23956461231447831,0.20767446166393705,0.22593847103379025,0.19961703926078198,0.2305581140526224,0.22491052856895768,0.24169594223703347,0.24903897109735298,0.2499125834051916,0.23072174982100843,0.22095735689548052,0.2095337957154922,0.22364969790397507,0.20438267492309922,0.2358049897594713,0.22143567952785737,0.247732944706022,0.2498275929729634,0.24990003956282228,0.24951792248217253,0.24958016819210058,0.24992501444135232,0.24960655304381463,0.2499109533934091,0.2496628417358859,0.24991162219104252,0.24988280269914515,0.24991308953957891
0.2499561712196677,0.249599092286607,0.24957235844623507,0.2499719842257601,0.24945579302535034,0.24996499642500278,0.24966940944491497,0.2499647937023468,0.24991550756533307,0.24999999999999983,0.2499650352458289,0.23532658676744142,0.22040071159269986,0.21672783495391187,0.21522357016736127,0.20712235645740606,0.22937082499221134,0.223691614013278,0.24748521825208286,0.24991880195658256,0.24951348237516954,0.24023421560344538,0.2407162363261807,0.21053522007175085,0.22926474437828603,0.20187143506393346,0.23363507034735426,0.22835089858523477,0.24379650275987425,0.24942214620783432,0.2496980341900992,0.23982145981904537,0.23960913431040373,0.2077187763395711,0.2259755040345328,0.19965732741987136,0.23059639290005168,0.22495277792967958,0.2417401693979951,0.24908575931216145,0.2499595710182048,0.23076481209448438,0.2209997868746755,0.20957402028513736,0.22369305921223712,0.204419104275084,0.23584958150975338,0.221477115379575,0.2477795151812838,0.24987455422266783,0.24994702621845383,0.24956483466116913,0.24962712023551362,0.2499720040326052,0.2496535206420749,0.24995794038251623,0.24970978362085808,0.2499586092986259,0.2499297803568459,0.24996007692334818
0.24995871160628383,0.24960162975117076,0.249574970954779,0.24997452550950733,0.24945848251783154,0.24996753718925943,0.24967254885177673,0.24996733350541597,0.2499182338897482,0.2499650352458289,0.2499999999999999,0.2353305411086301,0.22040145473280306,0.21672820054065853,0.21522382570305804,0.20712244727946372,0.22937250594362718,0.22369268078509663,0.24748762729276397,0.24992134399859003,0.24951600356598452,0.2402363005997519,0.24071852415779638,0.21053501165134242,0.22926642898245336,0.20187082847853424,0.2336373828055707,0.22835211803536537,0.24379878275397798,0.24942466616607623,0.2497005588029245,0.23982380595618075,0.23961151568617642,0.20771992539165213,0.2259784772843606,0.19965893527811876,0.23059932428254404,0.2249550791803246,0.24174280088067898,0.2490882994000656,0.24996211122203613,0.23076725061556155,0.22100184294914899,0.2095757167785939,0.2236949813376721,0.20442125914831039,0.23585192792978896,0.22147938968072606,0.247782037278146,0.2498770953349513,0.24994956612302516,0.24956737133354578,0.24962965081183053,0.2499745445914845,0.24965604606941835,0.24996048078618685,0.24971231790412549,0.24996114971008918,0.24993232099450693,0.24996261734965958
0.23532077468750107,0.2349849024766364,0.23494137117146643,0.2353358172051245,0.23482887870949226,0.2353291016617871,0.23504650477614386,0.23532869847030846,0.23528520165161737,0.23532658676744142,0.2353305411086301,0.2500000000000001,0.2057977498889805,0.2028674347119074,0.20179176271330918,0.19550180435353295,0.21622323523172962,0.21109620931152878,0.23303322934235662,0.23528531938679603,0.23489295047628614,0.22567349633982642,0.2263487836488397,0.19673414161647085,0.21527682261027406,0.1882538114119186,0.2197533823296157,0.21420853540886806,0.22946091113919972,0.2348123709927611,0.23507549740864095,0.22573262071464323,0.22551403083400462,0.19537193909961276,0.21285172487722884,0.1880790701039409,0.21705479805531946,0.21180105979358216,0.22759600084171314,0.23450439329297368,0.2353239349316875,0.21731143969514904,0.20808665343241559,0.19742439697825925,0.2106265250891977,0.19269598779942954,0.222052922306613,0.20861283728128713,0.23327372302382868,0.23524454303824036,0.2353121593993334,0.23495244259309267,0.2350107031628446,0.23533568510755107,0.23503479732384552,0.2353224405818683,0.23508953518080927,0.23532307002209896,0.23529617832539912,0.23532445170500166
0.22039528013676607,0.22008110703978653,0.2200129572323021,0.22040944613707728,0.21992405410089905,0.22040315459970858,0.22013951067774154,0.22040266985130466,0.2203558600060435,0.22040071159269986,0.22040145473280306,0.2057977498889805,0.2500000000000001,0.18717726942295707,0.186417730489913,0.1810072498689968,0.20231313217799177,0.1972412571653426,0.21819318451142852,0.2203607743120343,0.21999375991054748,0.21102432155478804,0.21151063618237412,0.1821709637884255,0.2011524903842248,0.17524249284192614,0.2055438087607127,0.20020972894905328,0.21479684158926102,0.2199197913424511,0.22016150554854802,0.21141564746652936,0.21112484556531672,0.1830396697425835,0.19916817003224796,0.1762567671996952,0.2030861296229923,0.19840938445431888,0.21315433103881407,0.2196329242126636,0.22039815625205925,0.20356852134320613,0.19484313795483119,0.18470253635801148,0.1971559129557706,0.18025863193638825,0.20795067805135473,0.19537478149078003,0.2184787569285153,0.2203239008633989,0.22038710380388524,0.22005037496367813,0.22010310303853386,0.220409247756408,0.22012335907282843,0.22039684020519784,0.22017657662772305,0.22039742990319963,0.2203722139330561,0.2203987239351432
0.21672245715726723,0.21641286613313862,0.21637058781713278,0.21673645975379335,0.2162396505774285,0.2167299834809111,0.2164350351950454,0.21672970315985762,0.2166856518889542,0.21672783495391187,0.21672820054065853,0.2028674347119074,0.18717726942295707,0.25000000000000017,0.18198705992755157,0.1755102006683774,0.19721180408147287,0.1929826444327585,0.21442564699326935,0.21669252808487233,0.21630221750190937,0.20704308806612598,0.20823607544168982,0.17731857991052744,0.1972013375222343,0.16931543785213068,0.20220909620484293,0.19558760868911854,0.21117500476872522,0.21623446613831648,0.21648553994584074,0.20772551609559853,0.20776491169532196,0.17882086048511497,0.19727736261709042,0.17303382599602973,0.200712514008804,0.19506237934872375,0.2098608294679085,0.2159828314922684,0.21672531929365635,0.2003315916079588,0.1915000932494965,0.182060020880292,0.1937865885679687,0.17835095671485268,0.20445501815652536,0.19239715900580864,0.21483926524929708,0.21665545233673522,0.2167141411138985,0.21638352199133104,0.21643088929109752,0.21673620075248443,0.21645105970794393,0.21672398993798217,0.21651176655793514,0.21672457116104868,0.21670121338656861,0.21672584356575
0.21521826888054021,0.21491091022369638,0.21486100060782826,0.2152320211293471,0.2147173350066355,0.21522587794289455,0.2149618141589601,0.21522533143084588,0.21517627715500143,0.21522357016736127,0.21522382570305804,0.20179176271330918,0.186417730489913,0.18198705992755157,0.2500000000000002,0.17238504067346297,0.1948566909183602,0.19053896316446614,0.21284560948656323,0.2151857731688449,0.21482134526664493,0.20592010646767253,0.20631246025579988,0.17674919937446912,0.1959692001420296,0.16798579898734528,0.20065501922696183,0.19452954671631847,0.2095543027425442,0.21474299838385882,0.21497841531118017,0.20638289863159168,0.2060695541151505,0.17812798236298882,0.19494380954330767,0.17191009372588806,0.1986387082236268,0.19380223394793689,0.20824479783519406,0.21447945022459783,0.21522088991757243,0.19883583939701238,0.1901183812524039,0.17986944364061078,0.19224067045053897,0.17586334692358943,0.2030298740662826,0.19073995141049557,0.21335013948373963,0.21514935749377398,0.2152100027824098,0.21488165826012634,0.21492815537329943,0.21523191697761995,0.21494315806371947,0.21521979180648143,0.2150008602864264,0.21522036819653198,0.21519593689743716,0.21522163178524825
0.20711733574634067,0.20682198669274024,0.2067482032558126,0.20713059483806875,0.20663140737215815,0.2071248476585629,0.20683061636816172,0.20712416278381657,0.20707695312747235,0.20712235645740606,0.20712244727946372,0.19550180435353295,0.1810072498689968,0.1755102006683774,0.17238504067346297,0.2500000000000003,0.18654185205815105,0.1828066535578153,0.20469348554881162,0.20708969506650787,0.2067075438147747,0.1977825695995814,0.19892726490441556,0.16837742600511907,0.18826012534012565,0.1590661380923396,0.1930228739621446,0.1861437596615904,0.20182176712927266,0.20664612384680842,0.20689178270227346,0.1984764941274447,0.19857855087290757,0.17117391998799555,0.18962769895799447,0.16616440956880738,0.19233580891653243,0.18676182559789312,0.20065055457750877,0.20641368667135812,0.2071203625689906,0.19154461478452228,0.18313870560732426,0.17470111540060668,0.1854934917001544,0.1712467743343869,0.1954313776526232,0.18407251118523268,0.20531740416857647,0.20705519232535408,0.20710946564834415,0.20679339103510833,0.2068404718656214,0.20713046862068782,0.2068651256005742,0.20711880014143577,0.2069244155837736,0.20711935605854861,0.20709811465289002,0.20712057206947976
0.22936513564092628,0.22903777176182294,0.22899923030208336,0.22937957529213504,0.22889901066909824,0.2293733766861493,0.22908744346827892,0.229373053295391,0.22932389977501053,0.22937082499221134,0.22937250594362718,0.21622323523172962,0.20231313217799177,0.19721180408147287,0.1948566909183602,0.18654185205815105,0.2500000000000002,0.20312309361523903,0.22691616142030646,0.22933001117082474,0.22895365357325748,0.2201438928544603,0.22030529769899113,0.19169455687823195,0.20956760341869346,0.18196630233289593,0.21401943541284038,0.20823044676857067,0.22351707702886534,0.22886804098816668,0.2291205561440062,0.22002422283994644,0.21963817362567215,0.19042894669981272,0.2072302562795112,0.18329045462935153,0.21137755196458777,0.20648120076810367,0.2217782420551417,0.2285679970929624,0.22936807442694226,0.21174535344730233,0.20275657561260899,0.1918646755324125,0.20514203876097534,0.18722060776134605,0.2164231851030781,0.20313983017710613,0.2273714819619359,0.2292899184708774,0.22935668351685568,0.22900614919942297,0.229061685067193,0.22937967037293805,0.22908202864010463,0.22936675968131884,0.229135246864066,0.22936737288513473,0.22934061595125188,0.22936871959826668
0.2236860498590296,0.223366749516323,0.22331857826625168,0.22370021715635216,0.22320325138000044,0.22369404934226403,0.22339924151327936,0.22369365191060003,0.22364439170889439,0.223691614013278,0.22369268078509663,0.21109620931152878,0.1972412571653426,0.1929826444327585,0.19053896316446614,0.1828066535578153,0.20312309361523903,0.2500000000000003,0.22121980174074052,0.22365184882128417,0.22327180989597048,0.2144647420535071,0.21484524834872837,0.18583999453033392,0.20410964170547077,0.1770059898484044,0.20861120344543568,0.20227425158116796,0.21803888952576936,0.22319533834901273,0.22344941423410541,0.21452257485962997,0.21430565411061564,0.18557724509794093,0.20251382066045898,0.17911279779022585,0.20654220390583025,0.2015906594644567,0.21641842141153078,0.222915179783304,0.22368910592287472,0.2066726993646711,0.19786441998876336,0.1879851726081532,0.2003260833355307,0.18367292844497857,0.21110365469369863,0.19846895888270902,0.2217432927287637,0.2236150354070434,0.2236778288370729,0.22333601911197726,0.22339091059128077,0.2237002276484483,0.2234145443643553,0.2236876333131138,0.22346974526477514,0.22368823172545219,0.2236633892471911,0.22368954507750766
0.24747896180903023,0.2471254393126305,0.2470971640635373,0.24749461970415262,0.24698137071564008,0.24748770546690216,0.24719273696510266,0.24748749285712424,0.24743823897611456,0.24748521825208286,0.24748762729276397,0.23303322934235662,0.21819318451142852,0.21442564699326935,0.21284560948656323,0.20469348554881162,0.22691616142030646,0.22121980174074052,0.2500000000000002,0.24744569047846723,0.24704038187319097,0.23785653443540083,0.23828206237136798,0.20842127855667147,0.22692474028183837,0.19965426812658107,0.23128191000339268,0.22594264941464393,0.241371014984211,0.24694999893331346,0.24722337610145487,0.2374430882821108,0.23721099047074576,0.20568375711947368,0.22369789097738435,0.19770682759229108,0.22826758393932425,0.22272715022583509,0.23932978832042054,0.24661666582978498,0.24748232932214306,0.22846630193193407,0.2188168608160987,0.20748195088283072,0.2214880911451392,0.2023605204749979,0.23351552857582508,0.2192663325848463,0.24532392470064382,0.2473980399889415,0.24746992787091907,0.2470914947547679,0.24715346264638297,0.2474946374437194,0.24717968646474567,0.24748071354602777,0.247234979867335,0.24748137572164278,0.2474527770406924,0.24748282880494188
0.24991247888253518,0.24955546219603322,0.2495287535265968,0.24992828940656583,0.2494122161417899,0.24992130248181998,0.24962580370819185,0.24992109977424645,0.2498718405438558,0.24991880195658256,0.24992134399859003,0.23528531938679603,0.2203607743120343,0.21669252808487233,0.2151857731688449,0.20708969506650787,0.22933001117082474,0.22365184882128417,0.24744569047846723,0.2500000000000002,0.24946984651703685,0.2401907106812442,0.24067721466834635,0.21049708719192953,0.22922828438204887,0.20183884691398563,0.2335961977054276,0.22831258484807626,0.24375415267438785,0.2493785320205822,0.24965439503097087,0.2397792392810153,0.2395675046312798,0.20768084203724826,0.22593742876042588,0.19962044524573172,0.23055798966029928,0.22491254181550474,0.24169832771989627,0.24904219529126653,0.24991587930751902,0.23072382199675054,0.22096039932480613,0.20953778212751523,0.22365357304007163,0.2043839901669421,0.23580800404516616,0.22143767005975298,0.24773615983021038,0.24983087824143285,0.24990333507919396,0.24952120976235542,0.2495834829079746,0.2499283088698128,0.24960990417669018,0.24991424772690346,0.24966615159111297,0.24991491653531187,0.2498860942955181,0.24991638390349977
0.2495071679487622,0.2491507263630743,0.24912419031083008,0.24952295246034883,0.24900787213623696,0.24951597555082775,0.24922086995583553,0.24951577669245437,0.2494665058831186,0.24951348237516954,0.24951600356598452,0.23489295047628614,0.21999375991054748,0.21630221750190937,0.21482134526664493,0.2067075438147747,0.22895365357325748,0.22327180989597048,0.24704038187319097,0.24946984651703685,0.25000000000000033,0.23978526167894343,0.24027281569928435,0.21012868000991447,0.22883757378117983,0.20145094115423984,0.2332082148628656,0.227914899639953,0.24335328005301843,0.24897394240923834,0.24924923976059413,0.23938974862683216,0.2391737464807647,0.20733584101260405,0.22556625324693377,0.19929252388118382,0.23018006980864383,0.22454803923143224,0.2413056901155672,0.24863836191855462,0.24951055542976933,0.23034955292915082,0.22059898625392896,0.2091787623661849,0.2232831957326526,0.2040366187256819,0.23542493355081504,0.22107472989037383,0.2473344835646641,0.24942568574809723,0.24949803405828447,0.24911653752437807,0.24917861163336186,0.24952297246988026,0.2492048247803147,0.24950893393215176,0.24926106081079943,0.2495096016488198,0.24948081397074712,0.24951106663651876
0.24022808708988502,0.23988473803364718,0.23986573219499485,0.2402433452219646,0.23975631405789574,0.24023647410806914,0.23995210198396294,0.24023641394744577,0.24018745643371223,0.24023421560344538,0.2402363005997519,0.22567349633982642,0.21102432155478804,0.20704308806612598,0.20592010646767253,0.1977825695995814,0.2201438928544603,0.2144647420535071,0.23785653443540083,0.2401907106812442,0.23978526167894343,0.2500000000000005,0.23099924670986965,0.2014399524087142,0.22008776620356915,0.19312789435183342,0.22443969187459967,0.2191532987243256,0.23421903259718463,0.2397131107981049,0.23997518220353362,0.23048045269739068,0.23025339804175324,0.19961464921849204,0.217263813188975,0.19196904012459126,0.22164631776800583,0.21627960718825773,0.23236703080652385,0.23939425007687762,0.24023128297373778,0.22182281075707835,0.21235247170956173,0.20123919141128022,0.21488279278268801,0.1963428916801112,0.22665576389173853,0.2128489793300151,0.23813716997860215,0.24014994626413372,0.24021917070015353,0.23985205391269135,0.2399097566865702,0.24024330698041513,0.2399330746297241,0.240229787112551,0.23998964493262145,0.2402304303011188,0.24020281167924123,0.24023184078686105
0.24071014663659193,0.24036623867400844,0.24033951513416904,0.24072545551172966,0.2402250585402945,0.24071862498197585,0.24043187237761474,0.2407184138116821,0.24067307888637118,0.2407162363261807,0.24071852415779638,0.2263487836488397,0.21151063618237412,0.20823607544168982,0.20631246025579988,0.19892726490441556,0.22030529769899113,0.21484524834872837,0.23828206237136798,0.24067721466834635,0.24027281569928435,0.23099924670986965,0.25000000000000067,0.2012998683698316,0.2210049456819052,0.19381602899362935,0.22567876624546046,0.21979662570645125,0.23485888206263586,0.2401870419066996,0.24045974592252586,0.2308113169343757,0.2304224608040036,0.1993426366377908,0.21867513274919168,0.19183531109743762,0.2229209712699873,0.2164675872095877,0.23295814396110193,0.2398715906309335,0.24071367382938208,0.22218764740269706,0.2126354279315494,0.20194876358511119,0.21527760334053458,0.19724478404342694,0.22703436750486344,0.21323830357057086,0.23860596804254863,0.240632909080415,0.24070113731890144,0.2403332049578828,0.2403906569239388,0.24072538684114733,0.24041986871015422,0.24071184818722813,0.2404762847924932,0.2407124945540851,0.2406854269353719,0.24071390786601612
0.2105298156216582,0.21022879477997544,0.21019982408143792,0.2105433169839499,0.21009452809365287,0.2105370907079426,0.2102610390050312,0.21053707031141455,0.21048925218472933,0.21053522007175085,0.21053501165134242,0.19673414161647085,0.1821709637884255,0.17731857991052744,0.17674919937446912,0.16837742600511907,0.19169455687823195,0.18583999453033392,0.20842127855667147,0.21049708719192953,0.21012868000991447,0.2014399524087142,0.2012998683698316,0.25000000000000044,0.18985213513471452,0.1637914255206533,0.19662973908658402,0.18963976186905118,0.2050348148473907,0.2100523469226608,0.21029354954732857,0.2019097151652279,0.2017506202486511,0.1737400284529591,0.18942108433963098,0.16833457569076102,0.19468748444441797,0.19020694685985873,0.20378965396129736,0.20981294515623047,0.21053231970677544,0.1946503639263411,0.18637747044496067,0.17669981071106922,0.18857201773493903,0.17293133058916227,0.1987769640862282,0.18685379569889055,0.2087139362715821,0.2104637574066822,0.2105219591647493,0.2102006806369199,0.2102490643201521,0.21054317792872937,0.21026377698320906,0.21053130744928192,0.21032150512211256,0.2105318691965302,0.21050849356136736,0.21053310526668642
0.22925891197992912,0.2289312691947129,0.22890802988828085,0.2292735078965096,0.2287975689748791,0.22926694816879112,0.22898929466492568,0.22926681223085962,0.2292221538699587,0.22926474437828603,0.22926642898245336,0.21527682261027406,0.2011524903842248,0.1972013375222343,0.1959692001420296,0.18826012534012565,0.20956760341869346,0.20410964170547077,0.22692474028183837,0.22922828438204887,0.22883757378117983,0.22008776620356915,0.2210049456819052,0.18985213513471452,0.2500000000000004,0.18118372228522178,0.21622550596871085,0.21006202546464653,0.22428032007911466,0.22875908300422457,0.22902466709729732,0.21970404126881596,0.2207164593324586,0.1885372678208563,0.20532988811740177,0.1814910675546934,0.21486181208894198,0.20689447283059187,0.22243169767368917,0.22845332773015797,0.22926358868147728,0.21146502084371546,0.2023130531573223,0.1935525066359647,0.2053201859697796,0.18917206299807585,0.21605795758361399,0.20294968071174277,0.22722549540304945,0.2291895448823174,0.22925005960365882,0.2288993183969223,0.2289530640025032,0.2292733902074068,0.22900330001790317,0.22926052564470142,0.2290571633192963,0.22926114821767324,0.22923802605287236,0.229262494277466
0.2018662053596055,0.20157742751256336,0.20155621348476696,0.20187913609610317,0.2014520706998065,0.2018731544520408,0.20160772993039355,0.20187321230446711,0.20182750423790308,0.20187143506393346,0.20187082847853424,0.1882538114119186,0.17524249284192614,0.16931543785213068,0.16798579898734528,0.1590661380923396,0.18196630233289593,0.1770059898484044,0.19965426812658107,0.20183884691398563,0.20145094115423984,0.19312789435183342,0.19381602899362935,0.1637914255206533,0.18118372228522178,0.25000000000000056,0.18555414218673918,0.1807641105128081,0.1966219135952681,0.20139518405663845,0.20163697553386034,0.1936080701079485,0.19351045871351116,0.16744620618117934,0.181763759463031,0.16203712602905168,0.18537363636924878,0.18240193357848317,0.19521115830699567,0.20117249367463325,0.20186842742081937,0.18655420013161503,0.1789793074889266,0.16914838774854468,0.18111052988342108,0.16553482223494626,0.19080350996848233,0.17906841468638926,0.20014089018927958,0.20180045710524636,0.20185908397965904,0.20155058641156448,0.20160195452794005,0.20187902034969243,0.20161488466528676,0.20186763890599801,0.20166322796486869,0.20186817436378748,0.2018445411079549,0.20186935963092276
0.2336291509948729,0.23329534483140552,0.23327177776285235,0.2336439948346848,0.23316178436920978,0.233637378599902,0.23336041976156563,0.2336371923945524,0.23359364673363428,0.23363507034735426,0.2336373828055707,0.2197533823296157,0.2055438087607127,0.20220909620484293,0.20065501922696183,0.1930228739621446,0.21401943541284038,0.20861120344543568,0.23128191000339268,0.2335961977054276,0.2332082148628656,0.22443969187459967,0.22567876624546046,0.19662973908658402,0.21622550596871085,0.18555414218673918,0.2500000000000006,0.21202836611782996,0.2281754236978385,0.23312597252323716,0.2333898431045079,0.22388858593161587,0.2246635023542885,0.19315758554167023,0.2138024157897822,0.185134401142923,0.2143436538958421,0.2093457679216028,0.22650668437445587,0.2327964528406269,0.2336333729804902,0.2152201643024696,0.20582263274475435,0.19580779971591233,0.2086371732525177,0.19097511081227336,0.2201104137697959,0.20641392144280657,0.23155874044709965,0.2335534975016917,0.23362019260267058,0.23326267183297136,0.2333175282362843,0.23364390470704582,0.23335864573277312,0.233630797318154,0.23340652464929093,0.23363142982157173,0.23360513587591647,0.23363280157981597
0.2283450630228466,0.22801866283762173,0.227996669534391,0.22835957246841085,0.2278848568868471,0.22835303985161642,0.22807220842296186,0.2283529681814915,0.22830528267185263,0.22835089858523477,0.22835211803536537,0.21420853540886806,0.20020972894905328,0.19558760868911854,0.19452954671631847,0.1861437596615904,0.20823044676857067,0.20227425158116796,0.22594264941464393,0.22831258484807626,0.227914899639953,0.2191532987243256,0.21979662570645125,0.18963976186905118,0.21006202546464653,0.1807641105128081,0.21202836611782996,0.2500000000000006,0.22219096990206622,0.2278405590529956,0.2281009683601287,0.2190180143727443,0.2190428176236895,0.19016814320345618,0.20764924829125403,0.1827728745249911,0.21002370906519088,0.20564462021881094,0.22077306406667083,0.22754862007054344,0.22834825114972948,0.21077059972115889,0.20189164967972223,0.19121776829216997,0.20442228143069227,0.1866967368554256,0.215525519279139,0.20227284201306125,0.22636316657743116,0.22827038245527015,0.22833677596702534,0.2279875521152975,0.22804520541306372,0.2283595261307345,0.22807044636963478,0.22834667953739915,0.2281210272073159,0.22834729029620815,0.2283209606873454,0.2283486310409878
0.24379034573839944,0.24344209292431768,0.24341280200200704,0.24380578477228995,0.24329715541278052,0.24379895771259175,0.24350642758607963,0.24379873503286612,0.24375044486965727,0.24379650275987425,0.24379878275397798,0.22946091113919972,0.21479684158926102,0.21117500476872522,0.2095543027425442,0.20182176712927266,0.22351707702886534,0.21803888952576936,0.241371014984211,0.24375415267438785,0.24335328005301843,0.23421903259718463,0.23485888206263586,0.2050348148473907,0.22428032007911466,0.1966219135952681,0.2281754236978385,0.22219096990206622,0.2500000000000004,0.243265513019353,0.24354000862950345,0.23381434248726046,0.2338230307879232,0.20228435071679043,0.2211491489826894,0.19452877087412349,0.2253917682563002,0.21931077418302286,0.2356076312651535,0.2429307739290481,0.24379404963463258,0.22483162821551506,0.2153104277861825,0.2042795903019869,0.21803844485681495,0.19907984892425634,0.22990913305141614,0.2156886991106618,0.24165200415310495,0.243710184599725,0.24378139089881445,0.24340832056101405,0.24346984821431253,0.24380576816506866,0.24350228522196662,0.2437920689833285,0.2435530992769054,0.2437927236538253,0.24376455692859017,0.24379415509764144
0.24941583528365266,0.24905952708980905,0.24903281988683054,0.24943161385234677,0.24891644056071588,0.24942464084230562,0.24912949694405517,0.24942443961009048,0.2493751805334918,0.24942214620783432,0.24942466616607623,0.2348123709927611,0.2199197913424511,0.21623446613831648,0.21474299838385882,0.20664612384680842,0.22886804098816668,0.22319533834901273,0.24694999893331346,0.2493785320205822,0.24897394240923834,0.2397131107981049,0.2401870419066996,0.2100523469226608,0.22875908300422457,0.20139518405663845,0.23312597252323716,0.2278405590529956,0.243265513019353,0.25000000000000056,0.2491582065859074,0.23930156356314322,0.23909283079106505,0.20727281868428168,0.2254947373664758,0.19923733519255737,0.23009748512236364,0.22447035157840584,0.24121799785769824,0.24854738656278655,0.24941923237315516,0.23026813906964955,0.22052352317398646,0.20913345479135673,0.2232133217869299,0.20399133958181653,0.23534026167091718,0.22100239565347304,0.24724388514769904,0.24933443114317222,0.24940670935009948,0.2490253446737989,0.2490874935906577,0.24943163385421183,0.24911391794131202,0.24941760060435358,0.2491701124114813,0.24941826809246936,0.24938952254539928,0.24941973254428573
0.24969171746308488,0.2493350178092396,0.2493080981155778,0.24970751410925113,0.24919153654813087,0.2497005337510516,0.24940498030590108,0.2497003297582413,0.2496510505765201,0.2496980341900992,0.2497005588029245,0.23507549740864095,0.22016150554854802,0.21648553994584074,0.21497841531118017,0.20689178270227346,0.2291205561440062,0.22344941423410541,0.24722337610145487,0.24965439503097087,0.24924923976059413,0.23997518220353362,0.24045974592252586,0.21029354954732857,0.22902466709729732,0.20163697553386034,0.2333898431045079,0.2281009683601287,0.24354000862950345,0.2491582065859074,0.25000000000000067,0.23956091024474854,0.23935492369135572,0.207499247520198,0.2257394790060849,0.19944524504485125,0.23034760962273496,0.22471291419378456,0.24147906940456987,0.24882177242124115,0.24969512709282832,0.23051137045207784,0.22076578123121673,0.2093507691002115,0.22346236184981208,0.2041912366141177,0.23559944490234358,0.22123047325264755,0.24751703569507924,0.24961014191523928,0.24968259091384384,0.24930078196291497,0.24936316672636388,0.24970753288004016,0.24938981644897731,0.24969348473625602,0.24944573721592772,0.24969415296046601,0.24966534026565385,0.24969561903452975
0.2398153871656841,0.23947278258370291,0.23944721774456953,0.23983055772773332,0.2393353345261727,0.23982384878318214,0.2395394547987604,0.2398236652061817,0.2397759440193627,0.23982145981904537,0.23982380595618075,0.22573262071464323,0.21141564746652936,0.20772551609559853,0.20638289863159168,0.1984764941274447,0.22002422283994644,0.21452257485962997,0.2374430882821108,0.2397792392810153,0.23938974862683216,0.23048045269739068,0.2308113169343757,0.2019097151652279,0.21970404126881596,0.1936080701079485,0.22388858593161587,0.2190180143727443,0.23381434248726046,0.23930156356314322,0.23956091024474854,0.25000000000000056,0.22948185587953557,0.19843532392786975,0.21628722464447903,0.1905551164308061,0.22092444424983795,0.21531434559258036,0.23174392544261432,0.23896911864950848,0.23981933807350908,0.220667358820109,0.21139082051479632,0.200031158390316,0.21425538861916865,0.19509128031354916,0.22622679700587597,0.21204975412134336,0.23772373874281524,0.2397342169753607,0.2398065251521012,0.23943999166131438,0.23949825273819475,0.23983056563019042,0.23952161905515962,0.23981708348219236,0.23957099287946285,0.23981772631713413,0.23978875581628808,0.23981913441399533
0.2396030718357087,0.2392607742983922,0.23923480355521057,0.23961825003644946,0.23912241654395966,0.23961152750839176,0.23932729165506986,0.23961132858426748,0.23956461231447831,0.23960913431040373,0.23961151568617642,0.22551403083400462,0.21112484556531672,0.20776491169532196,0.2060695541151505,0.19857855087290757,0.21963817362567215,0.21430565411061564,0.23721099047074576,0.2395675046312798,0.2391737464807647,0.23025339804175324,0.2304224608040036,0.2017506202486511,0.2207164593324586,0.19351045871351116,0.2246635023542885,0.2190428176236895,0.2338230307879232,0.23909283079106505,0.23935492369135572,0.22948185587953557,0.25000000000000044,0.19739352125148682,0.21740492016083293,0.19015586591525488,0.2220203953897883,0.2151155229839683,0.23186933712741375,0.23875884678564488,0.23960706748565716,0.2210003628864223,0.21119839248236655,0.1999614681325778,0.21368702754653274,0.19522091537239888,0.2257759461729693,0.21177887921070296,0.2374917802571648,0.23952488225629093,0.23959372595165487,0.23922760331969367,0.23928005239549877,0.23961822197357752,0.23931146067326037,0.23960476176728557,0.2393666139349047,0.2396054089722932,0.23957810710492564,0.23960681576647563
