x1,x2,x3,x4,x5,x6,x7,x8,x9,x10,x11,x12,x13,x14,x15,x16,x17,x18,x19,x20,x21,x22,x23,x24,x25,x26,x27,x28,x29,x30,x31,x32,x33,x34,x35,x36,x37,x38,x39,x40,x41,x42,x43,x44,x45,x46,x47,x48,x49,x50,x51,x52,x53,x54,x55,x56,x57,x58,x59,x60
0.25000000000000006,0.24987801479589206,0.24925806785929458,0.2493698167322517,0.2488771798729035,0.2481125411786188,0.2495022918226443,0.24982234962243766,0.24950332663050964,0.24996611720714845,0.24922038871983498,0.17240822307738446,-0.16396996774685044,0.22284458548796846,-0.20920370161150656,0.23242193485371954,-0.2192260462837373,0.2368570533792422,-0.23564062642203942,0.24990564606496793,0.2496821586967232,-0.11512222531268736,0.1472004622358958,-0.07704437741098048,0.12338437264240963,-0.05901232032058598,0.11654567883195915,-0.02447711854508669,0.05794281036398588,0.2480800279219998,0.24932210994375995,-0.07997251451710595,0.11283258201363168,-0.0433750028635904,0.12049739097461105,-0.04684292287133254,0.10292133499590753,0.0015214936264955773,0.0266724482275882,0.24936323058860924,0.24935192014217075,0.17573461040640656,-0.1705420983453892,0.23122041423207446,-0.21487472831597135,0.2334486054608431,-0.217734524381233,0.23280669367195686,-0.23159465205812793,0.24995406366402567,0.2499905516441347,0.24997987415922196,0.24990815920645862,0.24947432991216156,0.2499502970023911,0.2481915649759002,0.24999029514769866,0.24988804688816593,0.24998702362688932,0.24996485585186456
0.24987801479589206,0.2500000000000001,0.24915413648897672,0.24928450630703566,0.2488053919913677,0.24803093630862472,0.2494474511738238,0.24971768312250464,0.2494405934325749,0.24986139815592756,0.24911595097361383,0.17232748431883646,-0.1638952743604085,0.222755498788781,-0.2091497706674989,0.23233629803006278,-0.21919635795751255,0.23677446864716173,-0.2355830071914721,0.24980104996902538,0.24957754844436378,-0.11506905399014873,0.14713781300836262,-0.07702663745974096,0.12334769020637969,-0.0590160786461074,0.11651800608238189,-0.0244919748170006,0.05793882798882105,0.2479759810592417,0.24921766700691259,-0.07993886866736956,0.1127844187730092,-0.04335375006599048,0.12044173438602791,-0.046814087453999474,0.10286830373092269,0.0015334573652111595,0.026647267798124968,0.2492587989195945,0.2492474639061604,0.17566176091219554,-0.1704716430589984,0.2311236119994375,-0.21478410000843656,0.2333499504608626,-0.21764184074344436,0.2327082951696973,-0.23149672457724765,0.2498493521356607,0.2498858255304413,0.24987515251825873,0.2498034664593471,0.24936982004673255,0.24984558586111624,0.24808759267477004,0.249885569141424,0.24978336371576743,0.24988229891574532,0.2498601405026276
0.24925806785929458,0.24915413648897672,0.25000000000000006,0.24864636463499826,0.24815662151039536,0.24740244666511763,0.2487843280139275,0.24909831740628127,0.24878173906221526,0.24924148862045278,0.24849662768764907,0.17240792399441954,-0.16466951354080267,0.22273569998559128,-0.20913826557093085,0.23187216074449896,-0.21871667045931306,0.23619444959620764,-0.23498612987582423,0.2491812160612746,0.2489591259992447,-0.11518920473799092,0.14710498147333023,-0.07724192141578931,0.12336848427076727,-0.05913271122552287,0.1164039987745655,-0.024534359695654137,0.057862609452523486,0.24736020289331612,0.2485990017293062,-0.07965355045965357,0.11240303955915655,-0.04310456532983145,0.12002651860648603,-0.04657261910493511,0.10252727829315296,0.0015873176687599055,0.026536149820495403,0.24864048790684623,0.24862913090099234,0.17520326536302586,-0.17002559831496067,0.23053860880868352,-0.2142321625978962,0.23276147686734935,-0.21709026249994895,0.23212702690795564,-0.23091830895944082,0.24922947127956258,0.24926585921564864,0.24925521268142511,0.24918366807775164,0.24875113390174175,0.2492256902962292,0.24747209059610503,0.2492656034625825,0.2491636516087845,0.249262340582354,0.24924023791212205
0.2493698167322517,0.24928450630703566,0.24864636463499826,0.24999999999999997,0.24827517994000875,0.2475629986052285,0.24892132586716997,0.24921007512258153,0.24891616575560915,0.24935323402465495,0.24860926769145741,0.17201020460504138,-0.16360880886413587,0.22230930945510757,-0.208727077550192,0.23185854892911711,-0.21872056706225118,0.23628263043002662,-0.23508299792138984,0.24929295126351547,0.24907002323742147,-0.11486561901970949,0.14686111580079142,-0.07687911511323624,0.12310137798347356,-0.05888934379983555,0.11627541627585979,-0.02443152425847221,0.05781150224348536,0.24747169967601207,0.2487107842950556,-0.07977022990786564,0.11254866336640651,-0.043259202955460554,0.12019440046554498,-0.04671918917955081,0.1026617594245626,0.0015248157630915278,0.026599891499927933,0.24875184464358097,0.24874055020726354,0.17530218531197136,-0.17012243671359106,0.23065278104477085,-0.21434660023200366,0.23287546635927514,-0.21719961773166346,0.23223541105526893,-0.23102632234745255,0.2493412125486926,0.2493776115814396,0.24936696027596444,0.24929541827333135,0.24886265554491402,0.24933745325356374,0.24758303604178292,0.2493773557138783,0.24927535815206842,0.249374092143971,0.24935197879144977
0.2488771798729035,0.2488053919913677,0.24815662151039536,0.24827517994000875,0.2499999999999998,0.2470106955370683,0.24842572373441513,0.248717613938657,0.24850782380810288,0.24886060820489317,0.2481174773459076,0.17167944893521322,-0.16335964679738604,0.2222091112699364,-0.2102398014776651,0.23184587845042717,-0.218726093647419,0.23585736724352602,-0.2346842790342279,0.2488005059036485,0.24857785088637616,-0.11458553589229489,0.14660570921869498,-0.07692588211871829,0.12308083971891143,-0.05911162079575216,0.11629918486426358,-0.02456361974326212,0.05784248361493065,0.24698192181766623,0.2482194334660597,-0.07960305630804074,0.1123062017553475,-0.043111978357065595,0.11987563882184563,-0.04650546887499641,0.10235241202794995,0.0016312523938230238,0.026444998005438224,0.24826066011835693,0.24824917723864112,0.1749622854620167,-0.16979407308106179,0.23019591520782057,-0.2139143507931814,0.23240626404199646,-0.21675618576155187,0.2317691377873509,-0.23056212426083988,0.24884862618078218,0.24888495932341972,0.2488743290574649,0.24880291810035587,0.24837102053442428,0.24884486288989024,0.24709393062706483,0.24888470396105156,0.24878290789821728,0.24888144619331948,0.24885937717143944
0.2481125411786188,0.24803093630862472,0.24740244666511763,0.2475629986052285,0.2470106955370683,0.24999999999999997,0.24764524556648104,0.24795298100530264,0.24771337747363947,0.2480960349705454,0.24735576088539105,0.17114572848142484,-0.16278848862667006,0.22118334582666865,-0.20768371995735083,0.23067946618149537,-0.21764003015477995,0.23509801203184613,-0.23394093208710304,0.24803616670098982,0.24781424868565735,-0.11428255860377715,0.14611602750232833,-0.07648415512365735,0.12247516497079297,-0.05858558720689826,0.1156822495472239,-0.02431512680639223,0.057524670705758466,0.24622397191833087,0.2474568354380568,-0.07936892141201617,0.11198249294208167,-0.04304495603207782,0.11959288783763383,-0.04648793642392317,0.10214605981840061,0.001517539570843991,0.0264629097035697,0.24749769125090998,0.24748644773670542,0.17441823222683348,-0.16926467873011578,0.22949002691593312,-0.21326619835641739,0.23170151130725136,-0.21610465665520545,0.2310644730849988,-0.229861477353982,0.2480840811880416,0.24812029672765054,0.24810969912403705,0.2480385179329783,0.24760793700200873,0.24808034112073193,0.24633476916477423,0.24812004215012165,0.24801855884076077,0.24811679503794912,0.2480947931733488
0.2495022918226443,0.2494474511738238,0.2487843280139275,0.24892132586716997,0.24842572373441513,0.24764524556648104,0.24999999999999986,0.2493419244637728,0.2490395435148566,0.2494856852658915,0.2487412604052219,0.1719355901240971,-0.16350174583355648,0.22237458861763587,-0.20887502474632655,0.23205908990110952,-0.21968176557185398,0.23653928061059123,-0.23533626660073165,0.24942575842879694,0.24920212429706526,-0.11482603655095514,0.1468718948121848,-0.07706173414698234,0.12329124131654623,-0.05912112075385732,0.11645522379465295,-0.024554832182768674,0.057934097176021576,0.24760260061145356,0.24884302243511,-0.07983350493376341,0.11262637643907215,-0.043279596349294194,0.12021969512485006,-0.04668211897112413,0.10265724112451412,0.0015895596695994622,0.02654772484298213,0.2488841420579553,0.24887268671569687,0.17540856164083085,-0.17022754172002547,0.23077682525458607,-0.21445771687083232,0.2329939505888818,-0.21730662706511444,0.23235423671001154,-0.2311443067938456,0.24947366911190866,0.24951009081293818,0.2494994338475314,0.24942785502308068,0.24899486116741035,0.2494699024542348,0.24771456120989777,0.24950983480925873,0.2494077830623088,0.24950656913423513,0.2494844444056245
0.24982234962243766,0.24971768312250464,0.24909831740628127,0.24921007512258153,0.248717613938657,0.24795298100530264,0.2493419244637728,0.2500000000000001,0.24934297833142782,0.24980573972869372,0.24906048839907258,0.17229795620792937,-0.1638653927381516,0.2227018588448465,-0.20907142463777378,0.232273865028021,-0.21908999902294865,0.2367055979271423,-0.23548983907512872,0.24974530878769435,0.2495219645501757,-0.11504889591696085,0.14710644702494785,-0.07699639207723699,0.12330662929658491,-0.0589759276682653,0.11647187520920729,-0.024462181934976922,0.05790622019728542,0.24792085675799105,0.24916214526304828,-0.07992104697346665,0.11275997895090341,-0.04334676627456115,0.12041959558425862,-0.046812255591791925,0.1028548078858269,0.001520955152584625,0.026654923326282314,0.24920324097648888,0.24919193698505154,0.17562185017524373,-0.17043267442792676,0.23107203824631112,-0.21473680074107704,0.2332987769271082,-0.21759475856915772,0.23265729523302714,-0.2314460299802329,0.24979369401896562,0.24983015861696392,0.24981948798267506,0.2497478189433664,0.24931426809067764,0.24978992968430855,0.24803232617763857,0.24982990228509377,0.24972771962767282,0.2498266328595506,0.24980447931101912
0.24950332663050964,0.2494405934325749,0.24878173906221526,0.24891616575560915,0.24850782380810288,0.24771337747363947,0.2490395435148566,0.24934297833142782,0.2499999999999998,0.24948670380787563,0.2487422366178877,0.17196260563093585,-0.16353297937489147,0.22238931644159668,-0.2088037091375719,0.231962155978939,-0.2189474826379683,0.2365469055290995,-0.23585135968009135,0.24942780168988243,0.24920310105506033,-0.11481278905060463,0.1468672904445531,-0.07690207486593209,0.12318253519063348,-0.059085849411922506,0.11649977630659406,-0.024724567846159163,0.05806994272271661,0.24760290546406707,0.248844012316744,-0.07982113665817112,0.11261324025178443,-0.0432870352144041,0.12025439995056547,-0.04669941578072519,0.10264163581135852,0.001651667403720016,0.026459614238545957,0.24888537268653177,0.2488737491294782,0.17540352136491733,-0.17022343673279514,0.23077979834220472,-0.21446056290897786,0.2329943783461595,-0.21730380662152882,0.23235109003905638,-0.2311409902775871,0.24947470048213427,0.24951112565326883,0.24950046864255998,0.24942888041444913,0.24899589384607176,0.2494709327565035,0.24771559198129947,0.24951086964840993,0.24940881747819443,0.24950760370047909,0.24948547913946761
0.24996611720714845,0.24986139815592756,0.24924148862045278,0.24935323402465495,0.24886060820489317,0.2480960349705454,0.2494856852658915,0.24980573972869372,0.24948670380787563,0.24999999999999983,0.24920381947175269,0.1723965534847685,-0.16395880936379467,0.2228295577317052,-0.20918952715556188,0.23240636016806734,-0.21921139951028676,0.23684125748090742,-0.2356248944813637,0.24988903060842804,0.24966555792977604,-0.11511440065010013,0.14719052267929805,-0.07703908872908571,0.12337601781300432,-0.059008204555276465,0.11653779130593375,-0.024475377138101266,0.057938870468058914,0.24806353457593522,0.24930553359638719,-0.07996723813016715,0.11282512950666042,-0.043372189781808866,0.12048943958961854,-0.04683988326272037,0.10291455420609891,0.001521331481469321,0.026670734126294462,0.2493466512154685,0.24933534162352064,0.1757229351843029,-0.170530768033394,0.23120504578677228,-0.21486045134748316,0.2334330903941435,-0.21772005674467235,0.23279121932207283,-0.23157925845718808,0.2499374451455404,0.24997393069558693,0.24996325392058233,0.24989154375522457,0.24945774328532586,0.2499336787473896,0.24817506363325417,0.24997367421620453,0.24987143275478085,0.24997040291343406,0.24994823661173543
0.24922038871983498,0.24911595097361383,0.24849662768764907,0.24860926769145741,0.2481174773459076,0.24735576088539105,0.2487412604052219,0.24906048839907258,0.2487422366178877,0.24920381947175269,0.25000000000000006,0.17165057384323132,-0.16326394197157543,0.2221052835736711,-0.20851355495509152,0.23169883590710658,-0.21854793798225547,0.23613522659344288,-0.23492204269619252,0.24914354902668254,0.2489203719167707,-0.11458884780566733,0.14662658097447626,-0.0767071284149964,0.12293670058884767,-0.05877694639013388,0.1161543526684492,-0.024379590984039107,0.05775247855564279,0.24732361060004976,0.24856192140058114,-0.0797635088577367,0.11252754602198886,-0.043288719136564555,0.12015994458688758,-0.04672795236491794,0.10262498427187608,0.0015066498313698346,0.02659898424120853,0.2486027540885062,0.24859147608638346,0.17520934935171087,-0.17003300265608035,0.2305194342244285,-0.2142252184021033,0.23273893463579712,-0.21707300557266032,0.2320973658710864,-0.23088904086116616,0.24919180348155437,0.2492281788980965,0.2492175339756971,0.24914605156580577,0.24871353144633251,0.2491880562124639,0.24743467728963753,0.24922792318389103,0.24912598674112882,0.24922466186667525,0.24920256146792957
0.17240822307738446,0.17232748431883646,0.17240792399441954,0.17201020460504138,0.17167944893521322,0.17114572848142484,0.1719355901240971,0.17229795620792937,0.17196260563093585,0.1723965534847685,0.17165057384323132,0.24999999999999986,-0.2401198519059793,0.19039702434240935,-0.1788468206113544,0.1702003199241337,-0.15990160032384565,0.16476915150381508,-0.16391304077255534,0.17234925464384251,0.17242140008193085,-0.19225823481723378,0.18082628229715608,-0.11722090557447316,0.13082570708225283,-0.0771694037443508,0.10469173883371205,-0.03301360828317246,0.04997566973496203,0.17100617556067949,0.17185997799359476,-0.03294697265461051,0.05289586612115024,-0.0004589882732876449,0.06376636369765391,-0.014059883885108619,0.05924998749627207,0.008411307627549817,0.012456955835490918,0.17199376938415584,0.1719853606774468,0.11446638909295902,-0.11068615185638522,0.15684291215591337,-0.14450289149849635,0.15952594651433638,-0.14849876381746316,0.1600971248430145,-0.15924592384375835,0.1723875827690715,0.17241361228301505,0.1724062479658104,0.17234792716122693,0.17205757922106574,0.17237991024852317,0.17117363202991767,0.17241343536942025,0.17234291683879674,0.1724110307288875,0.17239589035918573
-0.16396996774685044,-0.1638952743604085,-0.16466951354080267,-0.16360880886413587,-0.16335964679738604,-0.16278848862667006,-0.16350174583355648,-0.1638653927381516,-0.16353297937489147,-0.16395880936379467,-0.16326394197157543,-0.2401198519059793,0.24999999999999972,-0.1910429331043732,0.1799274851452712,-0.1626142475172296,0.1526428544080567,-0.15660475500884197,0.1557937787920532,-0.16391294266035197,-0.16399083734837747,0.187414552842982,-0.17488363970387455,0.12055905150138556,-0.13030527232704536,0.07844066100397662,-0.10260800227169889,0.03313576389541189,-0.04875959886799578,-0.1626268138486866,-0.1634460957472524,0.03062077725333488,-0.04941638778687246,-0.0012285657040481445,-0.058603329073436794,0.011054487108477526,-0.054697659177419346,-0.009106966441776592,-0.010957524928664558,-0.16357780161309282,-0.16356816235637806,-0.10877903473997966,0.10519432892406289,-0.1490309732387562,0.137154321143523,-0.15153938538707074,0.1410081916214357,-0.15218232923545633,0.1513694611690741,-0.1639502521737596,-0.1639750931905834,-0.163968089272816,-0.1639122130901404,-0.16363648468044295,-0.1639425706521118,-0.1627958021118099,-0.16397492493226046,-0.1639078578283488,-0.16397262449172875,-0.1639582386345774
0.22284458548796846,0.222755498788781,0.22273569998559128,0.22230930945510757,0.2222091112699364,0.22118334582666865,0.22237458861763587,0.2227018588448465,0.22238931644159668,0.2228295577317052,0.2221052835736711,0.19039702434240935,-0.1910429331043732,0.24999999999999967,-0.23562927017001312,0.22066673728109618,-0.2083637561571779,0.21347321744797165,-0.21252953632929877,0.22277654603746805,0.22263896099570532,-0.13420670481175215,0.16310838864988744,-0.1037402907757379,0.14145766061073395,-0.07933871042602927,0.1224112620152414,-0.033727327195308396,0.059728292613419845,0.22108713040252084,0.2222207525661141,-0.0628368473037381,0.09063223149167352,-0.024761256521721786,0.09638436384963413,-0.029485331141704173,0.08302836015753486,0.007843242582125614,0.018394399250677578,0.22230428824722273,0.2222873981333526,0.15445988758729923,-0.1497952318726149,0.2050385829921634,-0.18972697853418358,0.20717171100696596,-0.19291372853361452,0.20709423084941544,-0.20599646694749876,0.22281850111575463,0.22285155122881736,0.2228420327109916,0.22277460734892982,0.22239136662814443,0.2228129048885266,0.22124819013611885,0.22285132256134824,0.22276017441471221,0.22284833174521687,0.22282864495203747
-0.20920370161150656,-0.2091497706674989,-0.20913826557093085,-0.208727077550192,-0.2102398014776651,-0.20768371995735083,-0.20887502474632655,-0.20907142463777378,-0.2088037091375719,-0.20918952715556188,-0.20851355495509152,-0.1788468206113544,0.1799274851452712,-0.23562927017001312,0.2499999999999996,-0.22659599351367513,0.21506155302335586,-0.202461069907919,0.20183014673594094,-0.20914122082275113,-0.2090131731681164,0.12754018261038533,-0.1554384921807047,0.1055944685239199,-0.1414963287077152,0.0885503355419863,-0.12493283235385452,0.03873024143251916,-0.06175735321038922,-0.20751818528585514,-0.20861531623602078,0.05808559295801177,-0.08373904484018305,0.020324208861805523,-0.08698777666757772,0.022776199317118804,-0.07373340817155143,-0.011607429572971104,-0.013296683309216129,-0.2087054459062226,-0.20868165363355268,-0.14508618543287494,0.140753110017352,-0.19238133160029497,0.1777026802403509,-0.19411300465987752,0.18053132107983288,-0.19412910560699537,0.19308662336500165,-0.20917896685049045,-0.20921024097266938,-0.20920130500954193,-0.2091373764156149,-0.20877822294574042,-0.2091731298109046,-0.20770509551488195,-0.20921002629195085,-0.20912445756008147,-0.2092071897176286,-0.20918873683632347
0.23242193485371954,0.23233629803006278,0.23187216074449896,0.23185854892911711,0.23184587845042717,0.23067946618149537,0.23205908990110952,0.232273865028021,0.231962155978939,0.23240636016806734,0.23169883590710658,0.1702003199241337,-0.1626142475172296,0.22066673728109618,-0.22659599351367513,0.24999999999999978,-0.23657033550375356,0.22529512973465834,-0.2245713892775678,0.23235623912535797,0.23216235283748357,-0.11707074674725029,0.14789913031100269,-0.08692084831873707,0.1310647137500664,-0.07556936494085592,0.12370239044333967,-0.03359473839210853,0.062167284225007544,0.23059934092109613,0.23179486611869718,-0.07105946214370093,0.1007502354667663,-0.0336340582161653,0.10588308449985541,-0.0354999451486669,0.08915216461104591,0.007625859394090165,0.01910203045553164,0.23185875735336364,0.23183807259802763,0.16281397626486946,-0.15801955092094858,0.21459251332322826,-0.19889812230231896,0.21643487514891338,-0.20154776104233146,0.21603280646075976,-0.21488883130166586,0.2323948814211379,0.2324291999594946,0.23241927240094654,0.23235102841189972,0.23194923833502779,0.23239026314369296,0.23075678008797174,0.23242896146626074,0.23233389595954154,0.23242587241283402,0.23240530923010025
-0.2192260462837373,-0.21919635795751255,-0.21871667045931306,-0.21872056706225118,-0.218726093647419,-0.21764003015477995,-0.21968176557185398,-0.21908999902294865,-0.2189474826379683,-0.21921139951028676,-0.21854793798225547,-0.15990160032384565,0.1526428544080567,-0.2083637561571779,0.21506155302335586,-0.23657033550375356,0.2499999999999995,-0.2322689509626911,0.23197548634557047,-0.2192334925608403,-0.21897939702059063,0.11027609879921216,-0.1404361892279507,0.0839619457731664,-0.1267530252318648,0.07732614492525479,-0.12318032821583227,0.04385696392274506,-0.0684752762006151,-0.21744912941691893,-0.21863513235810403,0.06676662443193532,-0.09453750738902433,0.03103703218563081,-0.09877663943678863,0.030846657295114432,-0.08052600175710802,-0.01266385420324158,-0.011327851235899425,-0.21870994130558033,-0.21867665134513092,-0.15373858961373013,0.14931602895263532,-0.2024538804405956,0.18741726338737943,-0.20383425811368588,0.18952382300577397,-0.20338972204643876,0.20229483159047007,-0.21920022061818742,-0.21923289892306155,-0.21922353488518714,-0.21915856164226513,-0.21878018422413317,-0.2191953792522974,-0.21765554191841324,-0.21923267395653126,-0.21914300585188232,-0.2192297277692168,-0.21921036458942886
0.2368570533792422,0.23677446864716173,0.23619444959620764,0.23628263043002662,0.23585736724352602,0.23509801203184613,0.23653928061059123,0.2367055979271423,0.2365469055290995,0.23684125748090742,0.23613522659344288,0.16476915150381508,-0.15660475500884197,0.21347321744797165,-0.202461069907919,0.22529512973465834,-0.2322689509626911,0.24999999999999967,-0.248537608468673,0.23686048137540616,0.2365747224552657,-0.11105703995507835,0.14249645708898628,-0.07593573356178548,0.12129382179416143,-0.06286495029903294,0.11863507080184629,-0.03688912128332186,0.06585029191748087,0.23499079877627094,0.23622918672682294,-0.07495256331622227,0.10576232086646575,-0.03966527604314456,0.11269404868066307,-0.04101864021123492,0.09334536382847612,0.007658602819215444,0.017840952892273068,0.2362868486832445,0.2362611974227365,0.16650559661090494,-0.161685191086678,0.21907054165432308,-0.20330212940408715,0.22082492957374839,-0.2056322485806475,0.22015634225831376,-0.21899012823120434,0.23682953279274463,0.23686445711752382,0.23685434013331172,0.23678558699654711,0.23637533691836768,0.23682540211528477,0.23516009003005198,0.2368642140733074,0.23676733450071935,0.23686107817771482,0.23684011050238596
-0.23564062642203942,-0.2355830071914721,-0.23498612987582423,-0.23508299792138984,-0.2346842790342279,-0.23394093208710304,-0.23533626660073165,-0.23548983907512872,-0.23585135968009135,-0.2356248944813637,-0.23492204269619252,-0.16391304077255534,0.1557937787920532,-0.21252953632929877,0.20183014673594094,-0.2245713892775678,0.23197548634557047,-0.248537608468673,0.24999999999999956,-0.23564769213879516,-0.235359688415381,0.1105171308004647,-0.14190517934876304,0.07590243607278213,-0.12113284914194042,0.06335256741768878,-0.11878019112688404,0.03755573874072817,-0.06620865180937277,-0.23377987279427784,-0.23501571390251322,0.07448086862483495,-0.1051011677731572,0.03928117321453566,-0.11194464838620385,0.04050194911911506,-0.09253827992562393,-0.008043908239838195,-0.017274481823627418,-0.23507442152648855,-0.2350479661264053,-0.1656439064684922,0.16085384374196293,-0.21794112132652702,0.20223122414192438,-0.21966236304518086,0.20452733210815746,-0.21899661008443527,0.21783517579070802,-0.23561322276583707,-0.2356479921379876,-0.23563792710221937,-0.23556946444607518,-0.2351613836817611,-0.23560906991526492,-0.23395238994304351,-0.23564775034092064,-0.23555136831304163,-0.2356446279913589,-0.23562377055872974
0.24990564606496793,0.24980104996902538,0.2491812160612746,0.24929295126351547,0.2488005059036485,0.24803616670098982,0.24942575842879694,0.24974530878769435,0.24942780168988243,0.24988903060842804,0.24914354902668254,0.17234925464384251,-0.16391294266035197,0.22277654603746805,-0.20914122082275113,0.23235623912535797,-0.2192334925608403,0.23686048137540616,-0.23564769213879516,0.2499999999999996,0.24960514091102334,-0.11508005330369639,0.14715291686521886,-0.07701977685069816,0.12335052923875467,-0.05900687107471965,0.11652696041649174,-0.024513307492348486,0.05795998622347223,0.2480033213370136,0.24924523278581043,-0.07994895586103594,0.11279847245084404,-0.04336304702326472,0.12045937089865923,-0.046822248835955926,0.10287888080725664,0.0015396198575395122,0.02664045080474255,0.24928638375921772,0.24927502679935598,0.17568151224134862,-0.17049099245382374,0.23114951261461203,-0.2148081967385737,0.23337569415204726,-0.2176655281398499,0.2327336093533548,-0.2315218869363728,0.24987697991920013,0.2499134576632364,0.24990278347071873,0.24983108919715738,0.24939739511683853,0.24987321313695582,0.24811502610717187,0.2499132012458528,0.24981098451841896,0.24990993063104802,0.2498877697951823
0.2496821586967232,0.24957754844436378,0.2489591259992447,0.24907002323742147,0.24857785088637616,0.24781424868565735,0.24920212429706526,0.2495219645501757,0.24920310105506033,0.24966555792977604,0.2489203719167707,0.17242140008193085,-0.16399083734837747,0.22263896099570532,-0.2090131731681164,0.23216235283748357,-0.21897939702059063,0.2365747224552657,-0.235359688415381,0.24960514091102334,0.24999999999999936,-0.1153827987854583,0.1473074852583102,-0.07717986327257555,0.12339367541171008,-0.05906642578225334,0.11647773063561533,-0.024490989097717533,0.057897565218111194,0.24778146594510966,0.24902199616531032,-0.07979740601374762,0.11260871298866211,-0.043219282779979884,0.12028450889524289,-0.04672702790529632,0.10276140541170511,0.0015382164577003223,0.026627015365328875,0.2490634244176984,0.2490521407087675,0.17549918585061677,-0.17031213640814694,0.23093295922325946,-0.21460350375208734,0.23316301853447263,-0.21746755296238957,0.23252562879049016,-0.2313150119821634,0.24965351647448328,0.24968996330925314,0.24967929866211636,0.2496076384749499,0.249174362266423,0.24964973612094146,0.2478931420690132,0.24968970712120028,0.2495875818052403,0.24968643902208548,0.24966429841345292
-0.11512222531268736,-0.11506905399014873,-0.11518920473799092,-0.11486561901970949,-0.11458553589229489,-0.11428255860377715,-0.11482603655095514,-0.11504889591696085,-0.11481278905060463,-0.11511440065010013,-0.11458884780566733,-0.19225823481723378,0.187414552842982,-0.13420670481175215,0.12754018261038533,-0.11707074674725029,0.11027609879921216,-0.11105703995507835,0.1105171308004647,-0.11508005330369639,-0.1153827987854583,0.2499999999999994,-0.2165190798441832,0.1598542422302805,-0.14168849815229806,0.09410800881145341,-0.09339173503438818,0.0349975628254156,-0.03997265663804333,-0.11410292338771713,-0.11463440287980661,-0.007168860627609973,-0.0028906584184839753,-0.0373022969524414,-0.018382700173317296,-0.011263679923742016,-0.027490472821122925,-0.01078310234679183,-0.0050807473266033295,-0.11485194371974074,-0.11485476910815685,-0.06737323009953751,0.06453118151385731,-0.10123392658894897,0.09181649866681564,-0.10482227301528957,0.09744001989316367,-0.10659452285240685,0.1060187747078875,-0.11510752267555245,-0.11512582388994991,-0.11512090624195098,-0.11507042531262096,-0.11488808499322448,-0.11509579204892792,-0.1142986898034164,-0.11512570575293678,-0.11507861852445944,-0.1151239196329558,-0.1151139903808625
0.1472004622358958,0.14713781300836262,0.14710498147333023,0.14686111580079142,0.14660570921869498,0.14611602750232833,0.1468718948121848,0.14710644702494785,0.1468672904445531,0.14719052267929805,0.14662658097447626,0.18082628229715608,-0.17488363970387455,0.16310838864988744,-0.1554384921807047,0.14789913031100269,-0.1404361892279507,0.14249645708898628,-0.14190517934876304,0.14715291686521886,0.1473074852583102,-0.2165190798441832,0.24999999999999953,-0.17941513862724517,0.16653586823917135,-0.10904249066375298,0.11282824332741624,-0.039925068903600536,0.047739112332000844,0.1459306325393573,0.14660552576481953,0.0022551374133001085,0.011458312681773688,0.03875355273382116,0.029612663009203594,0.009261981390088157,0.038332265313142856,0.011436483922123923,0.008581053805918124,0.14685034278719086,0.1468548829358019,0.08816155790750267,-0.08457433901495057,0.13026011167373744,-0.11851372219127208,0.13447031070603854,-0.1250924160912032,0.13643708748744363,-0.13570513701185263,0.14718193782515546,0.1472050635266104,0.14719877568317477,0.1471370380218187,0.14690108151219627,0.14716862436062914,0.14614725829810601,0.14720491247429437,0.14714470458462478,0.14720267845638313,0.14718993268117458
-0.07704437741098048,-0.07702663745974096,-0.07724192141578931,-0.07687911511323624,-0.07692588211871829,-0.07648415512365735,-0.07706173414698234,-0.07699639207723699,-0.07690207486593209,-0.07703908872908571,-0.0767071284149964,-0.11722090557447316,0.12055905150138556,-0.1037402907757379,0.1055944685239199,-0.08692084831873707,0.0839619457731664,-0.07593573356178548,0.07590243607278213,-0.07701977685069816,-0.07717986327257555,0.1598542422302805,-0.17941513862724517,0.24999999999999944,-0.2024036097604744,0.1545895921219104,-0.12262380048502483,0.05855848834210784,-0.051946061482664986,-0.07617116158575588,-0.07664550053162192,-0.02395410255005098,0.02120953826159931,-0.06215928934509826,0.027237759876807988,-0.05157167191285552,0.012342011747173424,-0.029473290570982483,0.014382459513678633,-0.0769034283742186,-0.07687583957614576,-0.041563550722080525,0.03972925512802488,-0.0647450036144407,0.055817910013121315,-0.06679480431486699,0.060985848916098026,-0.0698217763015934,0.06937524034994957,-0.07703283248166853,-0.07704678580526363,-0.07704349406078694,-0.07700036922247099,-0.07688766516574799,-0.07701737576384664,-0.07649359201898787,-0.07704670668294906,-0.07701519415324694,-0.0770452497915996,-0.07703886626668356
0.12338437264240963,0.12334769020637969,0.12336848427076727,0.12310137798347356,0.12308083971891143,0.12247516497079297,0.12329124131654623,0.12330662929658491,0.12318253519063348,0.12337601781300432,0.12293670058884767,0.13082570708225283,-0.13030527232704536,0.14145766061073395,-0.1414963287077152,0.1310647137500664,-0.1267530252318648,0.12129382179416143,-0.12113284914194042,0.12335052923875467,0.12339367541171008,-0.14168849815229806,0.16653586823917135,-0.2024036097604744,0.2499999999999995,-0.18529378712733865,0.16004291934742454,-0.07601299178401673,0.07347929036279016,0.1221074128327062,0.1229131139804552,-0.003244458216801596,0.011697791676935815,0.04722990089074332,-0.00369491208975022,0.048606289326915596,-0.0006438764500170462,0.038798589007435304,-0.01799021433849363,0.12314818393484904,0.1230949041850705,0.07888560217462506,-0.0763046094992013,0.1089668735172291,-0.09655406885583108,0.10980801871271266,-0.10053237916684961,0.11229453504450704,-0.11159005961927061,0.12336735192875835,0.12338822954477234,0.12338295837512737,0.12333152586988008,0.12313341218846217,0.12335376240558252,0.12250149914844125,0.12338810284140686,0.12333763615657282,0.12338608187276748,0.12337554670203003
-0.05901232032058598,-0.0590160786461074,-0.05913271122552287,-0.05888934379983555,-0.05911162079575216,-0.05858558720689826,-0.05912112075385732,-0.0589759276682653,-0.059085849411922506,-0.059008204555276465,-0.05877694639013388,-0.0771694037443508,0.07844066100397662,-0.07933871042602927,0.0885503355419863,-0.07556936494085592,0.07732614492525479,-0.06286495029903294,0.06335256741768878,-0.05900687107471965,-0.05906642578225334,0.09410800881145341,-0.10904249066375298,0.1545895921219104,-0.18529378712733865,0.24999999999999944,-0.19096169203207353,0.1176447548472581,-0.10549229551466796,-0.05794523339983108,-0.05877919167755448,-0.004364011851490358,0.0053385718176081525,-0.052942967102125496,0.041027082892972605,-0.07647669962284712,0.049613188679062385,-0.07175763777238561,0.05839195570911862,-0.05901152933887075,-0.05888279312900882,-0.04108948980355003,0.040430266225490896,-0.051964740598073614,0.04286137898404086,-0.048372012258254014,0.04146348526965117,-0.05016573971083363,0.04968564992107023,-0.05900118039349525,-0.059014165137710316,-0.059011642829709894,-0.05898051268811925,-0.058892258811355555,-0.05898784686830947,-0.05859057803526487,-0.059014104419753355,-0.058989967298218524,-0.05901277224491954,-0.059008099046775925
0.11654567883195915,0.11651800608238189,0.1164039987745655,0.11627541627585979,0.11629918486426358,0.1156822495472239,0.11645522379465295,0.11647187520920729,0.11649977630659406,0.11653779130593375,0.1161543526684492,0.10469173883371205,-0.10260800227169889,0.1224112620152414,-0.12493283235385452,0.12370239044333967,-0.12318032821583227,0.11863507080184629,-0.11878019112688404,0.11652696041649174,0.11647773063561533,-0.09339173503438818,0.11282824332741624,-0.12262380048502483,0.16004291934742454,-0.19096169203207353,0.24999999999999947,-0.15765753363455345,0.15030126765892043,0.11493880464414631,0.1162241470020782,-0.02929870250212853,0.037409802313881586,0.020557303931627764,0.0027722013262485396,0.06150617168552245,-0.027832473263942493,0.09075641208884672,-0.07210805299022907,0.1164483682215808,0.11627013325306969,0.08646009470959551,-0.08495430925035197,0.10733878286248141,-0.09474266324327608,0.10262421998964216,-0.09098857538849017,0.10263272011359122,-0.10182982863176862,0.11652755138024919,0.11654932203680377,0.11654434223760039,0.11650248332820716,0.11630860666857308,0.11651749756319228,0.11571219469008667,0.11654920226222745,0.11650153265988276,0.11654717749995519,0.1165373420775482
-0.02447711854508669,-0.0244919748170006,-0.024534359695654137,-0.02443152425847221,-0.02456361974326212,-0.02431512680639223,-0.024554832182768674,-0.024462181934976922,-0.024724567846159163,-0.024475377138101266,-0.024379590984039107,-0.03301360828317246,0.03313576389541189,-0.033727327195308396,0.03873024143251916,-0.03359473839210853,0.04385696392274506,-0.03688912128332186,0.03755573874072817,-0.024513307492348486,-0.024490989097717533,0.0349975628254156,-0.039925068903600536,0.05855848834210784,-0.07601299178401673,0.1176447548472581,-0.15765753363455345,0.24999999999999956,-0.2153999907187184,-0.023036770890481447,-0.02448413347215546,0.014970630344107292,-0.012414004392223779,-0.010570616621891439,0.023095404214419423,-0.06982386009072944,0.08158894859396164,-0.1311109640992256,0.14479551120391154,-0.02474947085880341,-0.024437591728080202,-0.027045539114725466,0.02867000766014588,-0.024930063769318903,0.017780340844421625,-0.01549654938694071,0.007508166176821344,-0.013885639601138035,0.013397228386632345,-0.02446729442825635,-0.024477883970644466,-0.024476835685157367,-0.02446034554773288,-0.024427264182818036,-0.024456935490908143,-0.02430366754795164,-0.024477858544732334,-0.02446784695504229,-0.024476806276613413,-0.024475367645970997
0.05794281036398588,0.05793882798882105,0.057862609452523486,0.05781150224348536,0.05784248361493065,0.057524670705758466,0.057934097176021576,0.05790622019728542,0.05806994272271661,0.057938870468058914,0.05775247855564279,0.04997566973496203,-0.04875959886799578,0.059728292613419845,-0.06175735321038922,0.062167284225007544,-0.0684752762006151,0.06585029191748087,-0.06620865180937277,0.05795998622347223,0.057897565218111194,-0.03997265663804333,0.047739112332000844,-0.051946061482664986,0.07347929036279016,-0.10549229551466796,0.15030126765892043,-0.2153999907187184,0.24999999999999944,0.05606473208105033,0.057900889826942276,-0.0357669982898024,0.03618395219595997,-0.007112811955235138,0.0001809333371634692,0.05257250702026337,-0.06040272688358284,0.15098698713131686,-0.16207465127357112,0.058181191105787296,0.057817252064864974,0.055475386941367374,-0.05671633250170342,0.05716832561881287,-0.04872590965908294,0.047702128714272346,-0.03641940042914372,0.04407406825729826,-0.043396506353084945,0.05792869336795762,0.057944621868530506,0.05794214418968843,0.0579203956926974,0.057824896303377366,0.05792025780753805,0.05752971636817006,0.05794456210999561,0.05792086233798698,0.0579430917154646,0.05793866559444397
0.2480800279219998,0.2479759810592417,0.24736020289331612,0.24747169967601207,0.24698192181766623,0.24622397191833087,0.24760260061145356,0.24792085675799105,0.24760290546406707,0.24806353457593522,0.24732361060004976,0.17100617556067949,-0.1626268138486866,0.22108713040252084,-0.20751818528585514,0.23059934092109613,-0.21744912941691893,0.23499079877627094,-0.23377987279427784,0.2480033213370136,0.24778146594510966,-0.11410292338771713,0.1459306325393573,-0.07617116158575588,0.1221074128327062,-0.05794523339983108,0.11493880464414631,-0.023036770890481447,0.05606473208105033,0.24999999999999933,0.2474240337789154,-0.07932872468149481,0.11197487459342197,-0.043137656893322,0.11982066223524111,-0.04689922501428839,0.10265085681540598,0.0006666135671751093,0.027411729930696845,0.2474630971172203,0.2474538703943547,0.1743360375676588,-0.16917039032673423,0.22945153544449357,-0.21325977155105583,0.23171295045890702,-0.21615990147945016,0.23108999028731977,-0.22988939743079156,0.24805161609357845,0.24808778245276952,0.2480771862546067,0.2480060774255689,0.2475754903024307,0.24804794358552765,0.246302477016761,0.24808752791040373,0.24798605789880285,0.2480842858771599,0.24806228224247084
0.24932210994375995,0.24921766700691259,0.2485990017293062,0.2487107842950556,0.2482194334660597,0.2474568354380568,0.24884302243511,0.24916214526304828,0.248844012316744,0.24930553359638719,0.24856192140058114,0.17185997799359476,-0.1634460957472524,0.2222207525661141,-0.20861531623602078,0.23179486611869718,-0.21863513235810403,0.23622918672682294,-0.23501571390251322,0.24924523278581043,0.24902199616531032,-0.11463440287980661,0.14660552576481953,-0.07664550053162192,0.1229131139804552,-0.05877919167755448,0.1162241470020782,-0.02448413347215546,0.057900889826942276,0.2474240337789154,0.24999999999999936,-0.08060444236312864,0.11328724927983695,-0.04386557590087757,0.12043575153657107,-0.04682704094567554,0.10258983520421718,0.0017173317938930484,0.02641740558504434,0.24870468173333982,0.24869250858083095,0.17560544184056243,-0.17043633582411968,0.23069473847132954,-0.2143977368286759,0.23284627735557878,-0.21715755066818626,0.23217574751152328,-0.23096607918493334,0.249293519037403,0.24932990330150548,0.2493192540336762,0.24924805377940423,0.2488150457006061,0.2492898986299145,0.24753563977471835,0.24932964748209502,0.24922766942948485,0.24932638741544172,0.24930427541552544
-0.07997251451710595,-0.07993886866736956,-0.07965355045965357,-0.07977022990786564,-0.07960305630804074,-0.07936892141201617,-0.07983350493376341,-0.07992104697346665,-0.07982113665817112,-0.07996723813016715,-0.0797635088577367,-0.03294697265461051,0.03062077725333488,-0.0628368473037381,0.05808559295801177,-0.07105946214370093,0.06676662443193532,-0.07495256331622227,0.07448086862483495,-0.07994895586103594,-0.07979740601374762,-0.007168860627609973,0.0022551374133001085,-0.02395410255005098,-0.003244458216801596,-0.004364011851490358,-0.02929870250212853,0.014970630344107292,-0.0357669982898024,-0.07932872468149481,-0.08060444236312864,0.2499999999999994,-0.21627714961503933,0.15868975388911263,-0.10558476242993833,0.04377450465404498,-0.02658173361260129,-0.038631027190974616,0.025469394478602515,-0.07985803042922998,-0.07963828670097602,-0.15045862357216705,0.15120769655336486,-0.09414617920230432,0.09005622940320235,-0.07869045494878199,0.0699833500179757,-0.07118134676363419,0.07060017339516507,-0.0799662449485365,-0.07997501423427597,-0.07997159870520452,-0.08004206212060287,-0.07980985599973349,-0.08000224045917607,-0.07938972783992536,-0.07997493195626866,-0.07994222036113978,-0.07997476118728193,-0.0799667939170813
