x1,x2,x3,x4,x5,x6,x7,x8,x9,x10,x11,x12,x13,x14,x15,x16,x17,x18,x19,x20,x21,x22,x23,x24,x25,x26,x27,x28,x29,x30,x31,x32,x33,x34,x35,x36,x37,x38,x39,x40,x41,x42,x43,x44,x45,x46,x47,x48,x49,x50,x51,x52,x53,x54,x55,x56,x57,x58,x59,x60
0.25,0.09092874025224967,-0.08075616148186933,0.21670482853789821,-0.16567420281937797,0.19934609616305995,-0.13246265021404946,0.2027986382475754,-0.15108381649037297,0.2400662175525111,-0.24254056732905604,0.22533111097600939,-0.22218664920177378,0.05322731871854895,-0.21200931949997906,0.19369337400537284,-0.23392965096339477,0.2280408944305658,-0.23273644983961056,0.23239978218469004,0.2170222979261322,-0.24026663956881436,-0.14302715909846284,-0.0362101451346429,-0.20364553180886188,-0.20554830629974477,0.00997371821522058,-0.22752944159921762,0.07343153463235269,-0.22134598197333316,-0.19992299340347772,-0.23160492940779986,0.1484933042954823,-0.23816252236356045,0.20895407536486452,-0.23799742779650543,-0.0006269113039825347,-0.16112278795244123,-0.06451217860801671,-0.13057174366916433,-0.2374214646794879,0.23330406065691206,-0.23980840613872745,0.23701444412928002,-0.24118424269794486,0.23846502041019058,-0.23946685664518835,0.16637450347461347,-0.23444182785458942,0.16519893527533852,0.2303243893902601,0.07205381186082668,-0.05041521284964088,0.16745820262791886,-0.1052072056595575,0.18912084588024056,-0.08117097123217087,0.1417269809608925,-0.0671846932085364,0.23240279007903075
0.09092874025224967,0.2500000000000001,-0.23271759951775106,0.11761325820848921,-0.06646097802213728,0.07718007350226583,-0.042218158468380056,0.10692178308246782,-0.115494694357118,0.0989430657792441,-0.09525899300084122,0.0786942978578146,-0.08041016800808345,0.02650945974049145,-0.08088658488042295,0.0685133839470591,-0.09296866132079537,0.08915187468494845,-0.09318606959862223,0.09299550559958368,0.08960838265750608,-0.09912668390144012,-0.05148630973466274,-0.020601257025091142,-0.08398341819716132,-0.0764869818404737,-0.0014727102112991573,-0.09057452152760628,0.024983585526875653,-0.087933303063331,-0.08220137704199439,-0.09419778559840564,0.05388420392987208,-0.09767793217136345,0.08614467940936198,-0.09819425145748512,0.005107261375737293,-0.06827126445797345,-0.021285875365494037,-0.055282772556951715,-0.09739541794324598,0.0951973208649518,-0.09869600790707525,0.09706410678356554,-0.09945243279992257,0.09837965824034489,-0.09877713570936461,0.07029905640705995,-0.09682249066305793,0.06895921611079098,0.09452832527264698,0.029849265308935138,-0.02087428445305388,0.06913155528062001,-0.043328511309130985,0.0779534800026751,-0.03342422848482364,0.05845702569266804,-0.027787515097707438,0.0958416310854728
-0.08075616148186933,-0.23271759951775106,0.2500000000000001,-0.11169694112054349,0.058265670798790976,-0.06578434561653365,0.033703377121247526,-0.09779428216859251,0.11005501036625312,-0.08536853644106115,0.08199146493829124,-0.0653626773814049,0.0667509179695653,-0.021970380105790388,0.06802294549141667,-0.05594429463259739,0.07941191249042137,-0.0758084786231724,0.07979108251219097,-0.07961612208218033,-0.07747893513875605,0.0855774474034716,0.04305332786607216,0.01720928180017418,0.07282921028774637,0.06370368758055565,0.0025017297118614767,0.07744226950807567,-0.020619577126021478,0.07515739164773957,0.07102338916157301,0.08100931944264929,-0.04512462227673112,0.08420304546876375,-0.07464001761804472,0.08480168454796941,-0.005583867167611835,0.05922539045777719,0.01741470302048608,0.047920529887827884,0.0839526555859273,-0.08194018000345481,0.08514833650856124,-0.08364067585974523,0.08584482396952964,-0.08495001264335618,0.08528010382611867,-0.06096563600299207,0.08359874190248899,-0.05960886839464034,-0.08149054014566065,-0.02579902359021102,0.018040915800261337,-0.059688999126085496,0.037388534224169545,-0.06728141459473932,0.028825551239002576,-0.0504482763357294,0.023979401811397707,-0.08273011399297105
0.21670482853789821,0.11761325820848921,-0.11169694112054349,0.25000000000000017,-0.1918132146332098,0.2016941600312793,-0.12437291487380106,0.19739445329107305,-0.16782021277887504,0.222131710561081,-0.21879162835898228,0.20200923126606207,-0.2040379609570498,0.05461984790208126,-0.19406936624179846,0.1775050453950671,-0.2159293224879088,0.21013275950139332,-0.21481363532512324,0.2144866432095013,0.20063157973392823,-0.22234521601447552,-0.13009040787256007,-0.03880729549746108,-0.18766797712643862,-0.18975335771588497,0.008261332507518473,-0.20988828396378117,0.06646594413024842,-0.20410069894297062,-0.18470231074258023,-0.21406374320500715,0.13525204443311373,-0.22024752965397087,0.1926874753899854,-0.22017925428356605,0.00036351186613098454,-0.14965655270058204,-0.05822385198528258,-0.12131507847498683,-0.2196057590952739,0.21569694593458508,-0.22187598449434534,0.21915815187809057,-0.22318632711705177,0.22063300974987424,-0.22157855716930863,0.15444764210721462,-0.2169930942765325,0.1532054868200898,0.21305242347037537,0.066710470780587,-0.046676289866799565,0.1549851354197529,-0.0973492287186292,0.17500337014819703,-0.07513606967191866,0.13118567623363547,-0.062240015916443375,0.21506317801955188
-0.16567420281937797,-0.06646097802213728,0.058265670798790976,-0.1918132146332098,0.25000000000000006,-0.21244239540251378,0.12449727432990902,-0.15137380361858116,0.1361767108740249,-0.168767290660818,0.16674288380224553,-0.15993287715272775,0.16139141535263266,-0.03490646035626875,0.1404838086204698,-0.1315726176806317,0.16250250388385307,-0.15773411607660828,0.1623070927782971,-0.16204698450267258,-0.15265934583129762,0.16912974349537033,0.09976198507147441,0.023641246177727934,0.1433329837773334,0.14569195210742425,-0.007891841155723958,0.15848273324819281,-0.0522254465439206,0.15425542899672393,0.1406398073168804,0.16278054536356765,-0.10355505758041472,0.1673806817765002,-0.14705812466700283,0.1675509404644964,0.0012917704774223686,0.11300338817453659,0.045954345159544704,0.09160995072940441,0.16702742514166846,-0.16403474637243248,0.1687641251771704,-0.16654897287271564,0.16976813453480205,-0.16786981679100013,0.16856660015282246,-0.11674550135895673,0.16498831239389736,-0.11601977472399391,-0.1620427467186853,-0.050822290916991884,0.03559533117197244,-0.1179078099289327,0.0740786608631801,-0.13313890381834959,0.057101777153651306,-0.09975448241137713,0.047264209196149515,-0.1635907633819879
0.19934609616305995,0.07718007350226583,-0.06578434561653365,0.2016941600312793,-0.21244239540251378,0.24999999999999964,-0.15953420310256,0.187183633626874,-0.1352331666928763,0.20541882025930436,-0.20217576873751708,0.18963781939011665,-0.1918942434937868,0.038491713496357216,-0.17719866285611965,0.16645679718122333,-0.19922018222998678,0.19409723557081127,-0.1987168238038678,0.19842687997259315,0.18579379079555372,-0.20569900518054893,-0.1247838783686508,-0.02462044541323068,-0.17474761056435256,-0.17964809763882608,0.011428255516274301,-0.1942744276345507,0.06575014095096554,-0.18917751933837587,-0.17130481015779217,-0.19852785862637976,0.12930947716466895,-0.2038475906248601,0.17923115394965924,-0.20380099283395997,-0.0033325478641094116,-0.13674089069318343,-0.058120520002272226,-0.11083461108323014,-0.20336128524904745,0.1999283665336771,-0.20534366993792616,0.20289325516102452,-0.20648665827267412,0.20418157468867723,-0.20502499066906843,0.14135694470768848,-0.2006152530747706,0.140778671103313,0.19727253628679015,0.061738771825702594,-0.04323729775221854,0.14336917813794736,-0.09011415147122388,0.16194220689783204,-0.06946180321705311,0.1213109313011409,-0.05743684571345816,0.19896812703106084
-0.13246265021404946,-0.042218158468380056,0.033703377121247526,-0.12437291487380106,0.12449727432990902,-0.15953420310256,0.24999999999999997,-0.16898446029962477,0.11855683099437596,-0.13347528324404526,0.1347534321684328,-0.12766803239585706,0.125842051866571,-0.007256708145518146,0.11314698391961296,-0.10697894815423858,0.12716470336311006,-0.12482398336337351,0.12917449145412194,-0.12903199236926585,-0.12168863488203736,0.13392403082959548,0.08517385336386314,-0.001128524834336,0.11642225485168278,0.1170519820317351,-0.009989455438846944,0.12630231114400375,-0.04719285026756843,0.12331997624086177,0.11246232767324855,0.12940776224206046,-0.08780291062066196,0.13298046402077923,-0.11896659357832998,0.13290575540507657,0.004674017318114376,0.08731976019321246,0.042164936597363686,0.07053829571540714,0.13245902890884334,-0.1302817561526964,0.13371172712239388,-0.13237177826451918,0.13443419790458705,-0.13307599047512791,0.13355544571325878,-0.09055187763741826,0.1304699538446659,-0.09046313064121161,-0.12848211432448176,-0.04025948759593313,0.0282391887036055,-0.09333463321548564,0.05872374026946422,-0.10546358197955547,0.04512498223554737,-0.07888335841684706,0.0371753918519353,-0.1295374227821425
0.2027986382475754,0.10692178308246782,-0.09779428216859251,0.19739445329107305,-0.15137380361858116,0.187183633626874,-0.16898446029962477,0.24999999999999994,-0.1944604083579842,0.20915039794439005,-0.2053048143992156,0.1885803621802421,-0.1909780833997301,0.05061962894335638,-0.18548379172102103,0.16810453882034465,-0.20286796407870197,0.1969066839570651,-0.20160356144686653,0.20127766808855158,0.18881927084340672,-0.20934586055851134,-0.12149432126156846,-0.0358454769748511,-0.1769127497179202,-0.17713102555107896,0.0064483697993693995,-0.19689228221072136,0.06174197387394141,-0.1914432402152064,-0.17374457123224576,-0.2013270186915504,0.12634171075170036,-0.2072165742686223,0.1815994221754524,-0.2073419576315974,0.0016182146997432163,-0.14126234910851646,-0.05397932322946626,-0.11451475811084505,-0.20667953267131373,0.2029145160896954,-0.20887113662641293,0.20616820616950152,-0.21013695225282783,0.20775986345692216,-0.2086392298537824,0.145755983692763,-0.20433522296893014,0.14445157719039695,0.20051760347139144,0.06281920358692344,-0.043945092597888515,0.1459323854935314,-0.09163605935662424,0.16476138274493365,-0.07072494475914332,0.12350955725052197,-0.05861080532715499,0.20248996783129905
-0.15108381649037297,-0.115494694357118,0.11005501036625312,-0.16782021277887504,0.1361767108740249,-0.1352331666928763,0.11855683099437596,-0.1944604083579842,0.25000000000000006,-0.157037128858734,0.152345658158717,-0.13765154107592226,0.1395725355138356,-0.047763548629380696,0.13464465150839136,-0.1181390302163324,0.14884547572570436,-0.1428599685233527,0.14737348500714964,-0.1470714269231292,-0.1396963861382293,0.15534523173709155,0.08331555424300952,0.03713055882735341,0.1300635688732613,0.12673228909234957,-0.0003547921182910655,0.14352896778682214,-0.040750924649510384,0.1393208661511916,0.12817901002539533,0.14839478806612696,-0.08712842152290197,0.15320583867570844,-0.1336891965927723,0.15378180770570804,-0.005478200520719228,0.10661724553567578,0.03500738187804152,0.08651014601039674,0.15296768293444676,-0.14979901475985152,0.15483039346425387,-0.1523252293389101,0.1559112651898643,-0.15411898110942798,0.15479031260218448,-0.10977568390081159,0.1517556639544405,-0.10817400985395503,-0.1484429193378899,-0.0467025054257676,0.032655819543849836,-0.10834074813446404,0.0679390945165239,-0.1222177554085755,0.052480935179798995,-0.09169263011014701,0.04363390069452364,-0.15024623891135463
0.2400662175525111,0.0989430657792441,-0.08536853644106115,0.222131710561081,-0.168767290660818,0.20541882025930436,-0.13347528324404526,0.20915039794439005,-0.157037128858734,0.2500000000000001,-0.2440295027538599,0.22721354224633736,-0.22969185890032218,0.05788532225225532,-0.21955975184913862,0.20086335341245273,-0.24159253277957896,0.2356086055380328,-0.24032332041961407,0.23997784480566556,0.22380042330196426,-0.24791114842950956,-0.147127760391285,-0.0402288250527095,-0.20965873282635786,-0.21260002116278073,0.010191467487532435,-0.23495068248671505,0.07539195684829714,-0.22852988193229132,-0.20612577692942094,-0.23899164679987028,0.1528226682534772,-0.2457644837366362,0.2152059816785663,-0.24552745131739398,-0.0005405564041961854,-0.16645073747390873,-0.06619652053076153,-0.1349068917595919,-0.24498519017253123,0.24074243962088376,-0.24744425626801994,0.24458122266195145,-0.24886166874623472,0.24602527491720658,-0.2470733988266487,0.17183597719963337,-0.24192119376184076,0.17060774876883608,0.23766317748433088,0.07433998087835259,-0.052011442756349106,0.17278999625168603,-0.10855571573458114,0.19513919572591593,-0.08377970366289365,0.14626005929406113,-0.0693607766630307,0.2398009421737791
-0.24254056732905604,-0.09525899300084122,0.08199146493829124,-0.21879162835898228,0.16674288380224553,-0.20217576873751708,0.1347534321684328,-0.2053048143992156,0.152345658158717,-0.2440295027538599,0.25000000000000006,-0.23240249056712867,0.2269945831718081,-0.05485461259484297,0.21585540777171627,-0.19715781758731113,0.2378887892857508,-0.23190632432838046,0.23661966259325645,-0.23627728079496635,-0.2205560319953745,0.24422224581034946,0.14529545826622414,0.03744243989420038,0.2069025994707659,0.20898701822685053,-0.010061076695402259,0.2313287507326687,-0.07450692497758911,0.22503219671795444,0.2031689224224758,0.23542611131718238,-0.15086353322827534,0.2420886604003507,-0.21231310351404412,0.24190933818612492,0.0005607960023018598,0.1638387846099017,0.0654429462992861,0.13278121592923442,0.2413352867196383,-0.23715211321779672,0.2437603320758619,-0.2409222470393928,0.24515804991755902,-0.24238788093284278,0.24340918464802908,-0.16916834596475444,0.2383096479825933,-0.16796711580011497,-0.23412130143124107,-0.0732362631755507,0.05124044322925702,-0.1702166178820759,0.1069388500470947,-0.19223561381557586,0.08251344374515909,-0.14406617113569928,0.06830024943051134,-0.2362318709618627
0.22533111097600939,0.0786942978578146,-0.0653626773814049,0.20200923126606207,-0.15993287715272775,0.18963781939011665,-0.12766803239585706,0.1885803621802421,-0.13765154107592226,0.22721354224633736,-0.23240249056712867,0.24999999999999986,-0.24303766922586925,0.07106649690729537,-0.20156322643826388,0.1821723343029511,-0.22108476339963856,0.21511625204770113,-0.21981296971308079,0.21947119328593503,0.2044103454074942,-0.22742150336286895,-0.1286768333661869,-0.05360639734290222,-0.19016318730720774,-0.19268324725994185,0.00543714041045499,-0.2146316893080648,0.06401479530722923,-0.20847873690992655,-0.18787043966720868,-0.2186268522923729,0.13424401378364562,-0.22527459300800604,0.19556518402758832,-0.22509772735505812,0.0033154020159832337,-0.1547950605036165,-0.055607860560299746,-0.12556017804415537,-0.22453027634130387,0.22038692781685779,-0.2269447096015279,0.22411792608366726,-0.22833968607840907,0.22562243451187763,-0.22664252502299015,0.15949196585329842,-0.22214263038891324,0.1577968354731775,0.21784911113627195,0.06823405005969005,-0.04770923327418335,0.15858650253763792,-0.0995611853599566,0.17901675937560715,-0.07695805607696406,0.13430436502182852,-0.06386577724196771,0.22003254721406038
-0.22218664920177378,-0.08041016800808345,0.0667509179695653,-0.2040379609570498,0.16139141535263266,-0.1918942434937868,0.125842051866571,-0.1909780833997301,0.1395725355138356,-0.22969185890032218,0.2269945831718081,-0.24303766922586925,0.2499999999999999,-0.07785367187298806,0.2044059969560122,-0.18482006514574623,0.22355505528635658,-0.21757921598351107,0.22228124785858977,-0.22193510380470427,-0.20635745817696857,0.22988148042218215,0.1285652821539129,0.060004959583215785,0.19135453412791653,0.195033442970965,-0.004842844658353182,0.21700132919203793,-0.06354095022611941,0.21069912853198697,0.1895522290590203,0.22091151173701049,-0.13430785385692276,0.22771477536795504,-0.196942867253238,0.22746173381506696,-0.003998589323950283,0.15700043054609483,0.0550555130664378,0.12737854294020787,0.22693524105916352,-0.2227128851531543,0.229396929837999,-0.22653551675505385,0.23081980124983004,-0.22802009512566326,0.22907676473244137,-0.16167414151504092,0.22459885559618487,-0.15985814118185873,-0.2201886826875557,-0.06897460547195099,0.04822026816949089,-0.16031865473927112,0.100637612259933,-0.18095543171735393,0.07783583919829547,-0.135804521177796,0.0646357854729803,-0.22242385142202786
0.05322731871854895,0.02650945974049145,-0.021970380105790388,0.05461984790208126,-0.03490646035626875,0.038491713496357216,-0.007256708145518146,0.05061962894335638,-0.047763548629380696,0.05788532225225532,-0.05485461259484297,0.07106649690729537,-0.07785367187298806,0.2499999999999999,-0.08710193081083024,0.05784390083000398,-0.056467232725314925,0.04947382364612909,-0.05013941100262393,0.04979510157934272,0.044141677499558225,-0.05836587351888307,0.039318542334327855,-0.22638623192420607,-0.01924138893325704,-0.033081223574120716,-0.03933860957089617,-0.046302121070292836,-0.03983052012448556,-0.04161303249256056,-0.03588326910765249,-0.04941477039559204,-0.03361611329974422,-0.05557242747854042,0.02485109236277507,-0.055319887699770844,0.040654756954543084,-0.06353229725831812,0.04157066254826174,-0.0526262594436972,-0.05510949047339708,0.05146689742644299,-0.05734787413173466,0.054545415381047596,-0.058677280625621976,0.05636721362791689,-0.05743176683704127,0.06178692124427087,-0.05904956956269606,0.05542986677915359,0.053796682069043374,0.017802012768545684,-0.012134438121907577,0.041282001202179834,-0.02517083885817728,0.04568673575060647,-0.02103179000498101,0.035940568616063075,-0.019285713555452447,0.05661716862572622
-0.21200931949997906,-0.08088658488042295,0.06802294549141667,-0.19406936624179846,0.1404838086204698,-0.17719866285611965,0.11314698391961296,-0.18548379172102103,0.13464465150839136,-0.21955975184913862,0.21585540777171627,-0.20156322643826388,0.2044059969560122,-0.08710193081083024,0.24999999999999992,-0.22064317413304302,0.21859068770402776,-0.21150524704316123,0.21220689123958095,-0.21185985946588706,-0.19569239971032049,0.2197360312950962,0.12335728470667373,0.06355216077535485,0.18122183193077823,0.19260869162836275,-0.0031674588817751123,0.20729473965395995,-0.060560536636835666,0.20135195797503028,0.17925018103250426,0.21152856861586253,-0.12893184824170134,0.21758212698398288,-0.18681257768128715,0.2173289461952215,-0.005295317612078514,0.15117219304886162,0.05252320744386114,0.12289967417928988,0.21709621144568678,-0.2131806850801551,0.219372700590778,-0.2164934154190758,0.22068704332815353,-0.21791437939991196,0.2189712047098613,-0.15549947601759578,0.21482977096103192,-0.15408684366274078,-0.2106312036341995,-0.06581394159996375,0.0459620651710928,-0.15325744097906793,0.0961679939299467,-0.17298381458049394,0.07453770259505064,-0.12994216319093946,0.062012897859997806,-0.21265747091403006
0.19369337400537284,0.0685133839470591,-0.05594429463259739,0.1775050453950671,-0.1315726176806317,0.16645679718122333,-0.10697894815423858,0.16810453882034465,-0.1181390302163324,0.20086335341245273,-0.19715781758731113,0.1821723343029511,-0.18482006514574623,0.05784390083000398,-0.22064317413304302,0.2499999999999999,-0.2092565806648092,0.2013893433939339,-0.19805950058003413,0.19764062928750842,0.17694090346374627,-0.20103238866733497,-0.1390577283476075,-0.03683492848628496,-0.16254580253257464,-0.2215835642812496,0.02887373884741863,-0.19499680276153325,0.07805408601122929,-0.18997797076595535,-0.16319267148843244,-0.19829719222371858,0.1434527895302775,-0.1988943363273903,0.1681332200149101,-0.1986304958154665,-0.020119275414627144,-0.12992432448266697,-0.07090955506477126,-0.10638491015057164,-0.2005321278891096,0.19874613853077583,-0.20146520964557402,0.19844075327519553,-0.20198794844290932,0.19920884106921533,-0.20025634370205342,0.13451580709073918,-0.19593662408489987,0.13749317790278356,0.1943944397758545,0.05999994918371403,-0.042057191127101115,0.14007113332837748,-0.0882377356538618,0.15850865349266702,-0.06831748435384946,0.11891055569627483,-0.05651265801691859,0.19461132309408377
-0.23392965096339477,-0.09296866132079537,0.07941191249042137,-0.2159293224879088,0.16250250388385307,-0.19922018222998678,0.12716470336311006,-0.20286796407870197,0.14884547572570436,-0.24159253277957896,0.2378887892857508,-0.22108476339963856,0.22355505528635658,-0.056467232725314925,0.21859068770402776,-0.2092565806648092,0.2499999999999998,-0.24193176810354866,0.23865206101475167,-0.23823455761721965,-0.21753214404645918,0.2417652094095171,0.14903689755920188,0.038142461737705344,0.20326568253398228,0.2169016282650176,-0.014451426489074704,0.23461034187831967,-0.0785551952135286,0.22752807512374837,0.20046241410294074,0.23448567496166342,-0.1546635154137317,0.23962647479239846,-0.20885033490402063,0.23936280221853776,0.004848728617564239,0.1610799274226268,0.06950819788782547,0.13009228330476064,0.23948039755403702,-0.2358765722364949,0.24154051401993315,-0.23863360640567552,0.24272096668738943,-0.23987455334475388,0.24092846812343116,-0.16640336299325934,0.23584671991393846,-0.16550028321798238,-0.23227320284186834,-0.07234171708658382,0.05061401486999955,-0.16844034794494908,0.1058825738984008,-0.1903520021667368,0.08178568846771361,-0.1426737934583492,0.0676474576590702,-0.23387332815662223
0.2280408944305658,0.08915187468494845,-0.0758084786231724,0.21013275950139332,-0.15773411607660828,0.19409723557081127,-0.12482398336337351,0.1969066839570651,-0.1428599685233527,0.2356086055380328,-0.23190632432838046,0.21511625204770113,-0.21757921598351107,0.04947382364612909,-0.21150524704316123,0.2013893433939339,-0.24193176810354866,0.24999999999999992,-0.24528147702193093,0.24538793720190571,0.2152702395517767,-0.23578096197563056,-0.15610617680745492,-0.031226995623434825,-0.2017640995471809,-0.21029566744448056,0.021036112604174952,-0.2421183428156324,0.08548199435467035,-0.23520679589841656,-0.1990634373714544,-0.23052509206108077,0.1617830977963811,-0.23766055321225066,0.20689619372575052,-0.23337935206118715,-0.011402127330703633,-0.15487258339491128,-0.07638974138555908,-0.12370860680250667,-0.23427867153689788,0.2314622394668755,-0.23584957110293792,0.23683177862968924,-0.23673695477040937,0.23389176798055472,-0.23494293110877051,0.1602226994005368,-0.2298431097373203,0.15921802831619133,0.22718748313615472,0.07034084681867472,-0.04922870338799945,0.16414884449530903,-0.10350679636103136,0.1857055246313904,-0.07999059916370452,0.13916776921409843,-0.06574117955958993,0.22808981422252791
-0.23273644983961056,-0.09318606959862223,0.07979108251219097,-0.21481363532512324,0.1623070927782971,-0.1987168238038678,0.12917449145412194,-0.20160356144686653,0.14737348500714964,-0.24032332041961407,0.23661966259325645,-0.21981296971308079,0.22228124785858977,-0.05013941100262393,0.21220689123958095,-0.19805950058003413,0.23865206101475167,-0.24528147702193093,0.24999999999999972,-0.2495270348249139,-0.21997349014489004,0.2404957868810745,0.15619261845752233,0.0323829330805337,0.2064047402950197,0.20991222379198593,-0.01879112280013566,0.24411305987908852,-0.08421258505773772,0.23717064770613236,0.20336112765475467,0.23437047167246292,-0.16194398263848045,0.24237296733368535,-0.2115968571158842,0.23809335623898248,0.009078640148362871,0.15869259546149503,0.07497902717502122,0.12701518407020929,0.2386545043008105,-0.2354955475989698,0.24043873230276253,-0.24144230435596079,0.2414521288784122,-0.23859951707096178,0.23965199428675693,-0.16410905093554196,0.2344819590112478,-0.16287967524518562,-0.23145661475753954,-0.0718195865031417,0.05025821949264009,-0.1674606537240591,0.10555593968851275,-0.1893863325827781,0.08153638986266568,-0.1419203399533554,0.06704725787471354,-0.23263799961784687
0.23239978218469004,0.09299550559958368,-0.07961612208218033,0.2144866432095013,-0.16204698450267258,0.19842687997259315,-0.12903199236926585,0.20127766808855158,-0.1470714269231292,0.23997784480566556,-0.23627728079496635,0.21947119328593503,-0.22193510380470427,0.04979510157934272,-0.21185985946588706,0.19764062928750842,-0.23823455761721965,0.24538793720190571,-0.2495270348249139,0.24999999999999953,0.21964611311546814,-0.24014969527414165,-0.15652175992827969,-0.03202827798525961,-0.20612876755572307,-0.2095344498797474,0.019084444104078058,-0.24439781365171345,0.0844951085102941,-0.23746734644241974,-0.20308806382743907,-0.23416218979343384,0.162271946094654,-0.24204942250510159,0.2112857410003853,-0.23774837485696262,-0.009373509100393725,-0.15836074383747592,-0.07526334753865382,-0.1266910143886747,-0.2383615063196638,0.23525620368509523,-0.24011240882045842,0.24113436094637644,-0.24110580181562502,0.23825432633115767,-0.23930626779925196,0.16377702233605398,-0.2341368568844845,0.16254852251403273,0.23116782665982125,0.07169720002465703,-0.05017074712992847,0.16721050722688754,-0.10540413664232631,0.1891161421573362,-0.08142397721636632,0.14171514225177353,-0.06694490156162691,0.23230311929529723
0.2170222979261322,0.08960838265750608,-0.07747893513875605,0.20063157973392823,-0.15265934583129762,0.18579379079555372,-0.12168863488203736,0.18881927084340672,-0.1396963861382293,0.22380042330196426,-0.2205560319953745,0.2044103454074942,-0.20635745817696857,0.044141677499558225,-0.19569239971032049,0.17694090346374627,-0.21753214404645918,0.2152702395517767,-0.21997349014489004,0.21964611311546814,0.24999999999999978,-0.22575344262536218,-0.14847951756932076,-0.027882150827463394,-0.18958120533542083,-0.1902606589359194,0.03526593433283883,-0.21529345279735698,0.07867935528168697,-0.20894046884478704,-0.2321965220963824,-0.2148841766719826,0.15379560896109828,-0.22541959374090784,0.19464692896870486,-0.22143307244303534,-0.02573120243760903,-0.14203576104852042,-0.06961189949342,-0.11376048726208253,-0.22094123201284033,0.21672565028085375,-0.2233684962401922,0.22417712746554735,-0.22479138554305547,0.22194517236870162,-0.22299164777094715,0.1474788337700652,-0.21782210005227948,0.14622706950202852,0.21444250704902873,0.06841781709589122,-0.048432677727108436,0.15640400851544053,-0.09888125915138474,0.17662233570919642,-0.07565997381378922,0.13212753501990288,-0.06195932331952788,0.21664055230394588
-0.24026663956881436,-0.09912668390144012,0.0855774474034716,-0.22234521601447552,0.16912974349537033,-0.20569900518054893,0.13392403082959548,-0.20934586055851134,0.15534523173709155,-0.24791114842950956,0.24422224581034946,-0.22742150336286895,0.22988148042218215,-0.05836587351888307,0.2197360312950962,-0.20103238866733497,0.2417652094095171,-0.23578096197563056,0.2404957868810745,-0.24014969527414165,-0.22575344262536218,0.24999999999999967,0.14677605792360734,0.04076939198995553,0.20960007875235848,0.2128076287546069,-0.011198150234046163,0.23516534893198368,-0.07663808215181606,0.22870609823097904,0.20799315049802494,0.2391254597791747,-0.15250660384790074,0.24592938159275524,-0.21515214634265103,0.24567630207086344,0.0015098161691103117,0.16627584360711872,0.06741589639712624,0.13458590632466272,0.24514592559601295,-0.2408876692478675,0.24761144790222667,-0.2447417528016019,0.24903440783404787,-0.24617964167474504,0.24723487397626726,-0.17168299427126238,0.2420646869361918,-0.17044830612038517,-0.23782207915754272,-0.0744540505141179,0.05211943924328753,-0.17292950842323876,0.1086616112705224,-0.1952921942821605,0.08385345798622848,-0.14638432210973207,0.06941530710972345,-0.23996948929246104
-0.14302715909846284,-0.05148630973466274,0.04305332786607216,-0.13009040787256007,0.09976198507147441,-0.1247838783686508,0.08517385336386314,-0.12149432126156846,0.08331555424300952,-0.147127760391285,0.14529545826622414,-0.1286768333661869,0.1285652821539129,0.039318542334327855,0.12335728470667373,-0.1390577283476075,0.14903689755920188,-0.15610617680745492,0.15619261845752233,-0.15652175992827969,-0.14847951756932076,0.14677605792360734,0.24999999999999956,-0.06134066859721906,0.1209134249573341,0.15877362059192168,-0.07053652894625588,0.15682136068571115,-0.10956795813467868,0.15768602769251205,0.1487143633042245,0.1576355797228335,-0.2439754277881977,0.15083462244536436,-0.12379038869450618,0.1444706132635791,0.06277427515512997,0.0658896091567979,0.10460041782585434,0.058661025215036314,0.15145738774895234,-0.15494645864750656,0.14916049672384118,-0.15184107809034844,0.1477327718451393,-0.14498486398714838,0.14597522760156137,-0.07142557814917887,0.14091085515811883,-0.0858555511592502,-0.1463496574330363,-0.04309976483027297,0.030572774773833106,-0.10168567433416012,0.06547180036271959,-0.1164108950294171,0.04915992501308161,-0.08555294015528409,0.03857957069821045,-0.14223629692606246
-0.0362101451346429,-0.020601257025091142,0.01720928180017418,-0.03880729549746108,0.023641246177727934,-0.02462044541323068,-0.001128524834336,-0.0358454769748511,0.03713055882735341,-0.0402288250527095,0.03744243989420038,-0.05360639734290222,0.060004959583215785,-0.22638623192420607,0.06355216077535485,-0.03683492848628496,0.038142461737705344,-0.031226995623434825,0.0323829330805337,-0.03202827798525961,-0.027882150827463394,0.04076939198995553,-0.06134066859721906,0.24999999999999958,0.0015222390141719684,0.012603691905398996,0.04570154947494844,0.02843383540679101,0.05170800877327394,0.023605804070086264,0.020246168970002965,0.031001910666961993,0.05547859743412816,0.03780498640921647,-0.007131579762027866,0.037557707027144095,-0.04616732724606552,0.054532889606207675,-0.052844258715781835,0.044952460588552665,0.037102499998629274,-0.03324643635427979,0.039487250500999216,-0.03671202810970252,0.0409101114688888,-0.038657548024940425,0.039721921941841994,-0.05207121818091617,0.04201423380901017,-0.04454305189511564,-0.036387146031005874,-0.012666102727306871,0.008540950042255163,-0.029057407086783244,0.017404075707171535,-0.031732218257416435,0.015176779153243317,-0.02567095553536671,0.014639462569899384,-0.03951134547454419
-0.20364553180886188,-0.08398341819716132,0.07282921028774637,-0.18766797712643862,0.1433329837773334,-0.17474761056435256,0.11642225485168278,-0.1769127497179202,0.1300635688732613,-0.20965873282635786,0.2069025994707659,-0.19016318730720774,0.19135453412791653,-0.01924138893325704,0.18122183193077823,-0.16254580253257464,0.20326568253398228,-0.2017640995471809,0.2064047402950197,-0.20612876755572307,-0.18958120533542083,0.20960007875235848,0.1209134249573341,0.0015222390141719684,0.24999999999999958,0.17430083502457988,-0.018639661335509955,0.20313934400235786,-0.10743930798626943,0.2001152728802455,0.17394648746851685,0.20092093782523407,-0.12568929228006429,0.21355756775805462,-0.24419417300679538,0.21388732069000674,0.01084993821556738,0.12925223873042171,0.09856001652675962,0.0984132262012186,0.2067507453256168,-0.2026840521173187,0.20914385661934817,-0.21231331672054274,0.2105298043531544,-0.2123281342767171,0.21129199420435532,-0.1370513648276149,0.20368685623296484,-0.1334198577966959,-0.20048446813942042,-0.06265915744451576,0.04376954342128352,-0.14578116158117968,0.09167583827658399,-0.16497828409554194,0.0692550914390958,-0.12214632671572571,0.055568567868545214,-0.20280817710330598
-0.20554830629974477,-0.0764869818404737,0.06370368758055565,-0.18975335771588497,0.14569195210742425,-0.17964809763882608,0.1170519820317351,-0.17713102555107896,0.12673228909234957,-0.21260002116278073,0.20898701822685053,-0.19268324725994185,0.195033442970965,-0.033081223574120716,0.19260869162836275,-0.2215835642812496,0.2169016282650176,-0.21029566744448056,0.20991222379198593,-0.2095344498797474,-0.1902606589359194,0.2128076287546069,0.15877362059192168,0.012603691905398996,0.17430083502457988,0.24999999999999967,-0.046536890189369975,0.20713857317261966,-0.0910111870864997,0.20222647519362252,0.17693909555926934,0.21100539668727805,-0.1625336378645779,0.2105950755661965,-0.179820742459616,0.21033904102141537,0.03677996141000527,0.13094326379413082,0.08346732334452983,0.10760092772964448,0.21262870696008523,-0.21120203829694006,0.21331928783976248,-0.21025078993762703,0.2136974638840482,-0.21085533145721727,0.21189795964886174,-0.13642380626025852,0.20675487924860755,-0.1410121690688422,-0.20608013531460012,-0.0637171060715407,0.04485286570362171,-0.14816814727495906,0.09358499582046764,-0.16784656027548575,0.0719968323478941,-0.1255245960195343,0.05912850547512342,-0.20588739271508316
0.00997371821522058,-0.0014727102112991573,0.0025017297118614767,0.008261332507518473,-0.007891841155723958,0.011428255516274301,-0.009989455438846944,0.0064483697993693995,-0.0003547921182910655,0.010191467487532435,-0.010061076695402259,0.00543714041045499,-0.004842844658353182,-0.03933860957089617,-0.0031674588817751123,0.02887373884741863,-0.014451426489074704,0.021036112604174952,-0.01879112280013566,0.019084444104078058,0.03526593433283883,-0.011198150234046163,-0.07053652894625588,0.04570154947494844,-0.018639661335509955,-0.046536890189369975,0.24999999999999978,-0.024171105279589943,0.051418975124434184,-0.021956790504671763,-0.0431725452723611,-0.019906132366499147,0.06820954073855363,-0.013338286638940438,0.017731836274641026,-0.00689829478291069,-0.2399824547558018,0.07248290145272847,-0.05168953674301023,0.05224572609183456,-0.014076460161555704,0.017771190272111836,-0.011656245252959751,0.014393207625981876,-0.010246052858547195,0.007482362275246647,-0.008450928704976195,-0.06675912556847141,-0.0033516504303345517,-0.0524596546292134,0.013546933824341464,0.008539542258547732,-0.009190353897356552,0.007795520643094513,-0.008667829442443903,0.010421493592904302,-0.0007154883442983439,0.003398751269232248,0.004416033703690197,0.009920301332478513
-0.22752944159921762,-0.09057452152760628,0.07744226950807567,-0.20988828396378117,0.15848273324819281,-0.1942744276345507,0.12630231114400375,-0.19689228221072136,0.14352896778682214,-0.23495068248671505,0.2313287507326687,-0.2146316893080648,0.21700132919203793,-0.046302121070292836,0.20729473965395995,-0.19499680276153325,0.23461034187831967,-0.2421183428156324,0.24411305987908852,-0.24439781365171345,-0.21529345279735698,0.23516534893198368,0.15682136068571115,0.02843383540679101,0.20313934400235786,0.20713857317261966,-0.024171105279589943,0.2499999999999997,-0.08960949835378458,0.2343541760715668,0.19940279725436036,0.2302489343561571,-0.16252539015928114,0.2369638264670285,-0.208169407644847,0.2326991578455362,0.014458923440698426,0.15329612523228228,0.0803918440817915,0.12160752144820987,0.23375650308547247,-0.23109669448868064,0.23522724064214778,-0.2361821468155718,0.2360558549040143,-0.23320681614098523,0.2342565432192572,-0.15872521941318002,0.22908578715327796,-0.15747969676565457,-0.22666403708409535,-0.07018219357895018,0.04916195942332798,-0.1636668795654776,0.10325516933329132,-0.18520966494847374,0.07974456562821464,-0.13874137728434535,0.06545420945150168,-0.22743202220689926
0.07343153463235269,0.024983585526875653,-0.020619577126021478,0.06646594413024842,-0.0522254465439206,0.06575014095096554,-0.04719285026756843,0.06174197387394141,-0.040750924649510384,0.07539195684829714,-0.07450692497758911,0.06401479530722923,-0.06354095022611941,-0.03983052012448556,-0.060560536636835666,0.07805408601122929,-0.0785551952135286,0.08548199435467035,-0.08421258505773772,0.0844951085102941,0.07867935528168697,-0.07663808215181606,-0.10956795813467868,0.05170800877327394,-0.10743930798626943,-0.0910111870864997,0.051418975124434184,-0.08960949835378458,0.2499999999999995,-0.09603972988371018,-0.08014119267560015,-0.0847492036211654,0.11199884575210244,-0.07879797280756673,0.10934312031274732,-0.07903989150890475,-0.04914544802171384,0.0070364119312944975,-0.24063959280977765,0.038698660922986024,-0.07924863206469542,0.08254232610245471,-0.07700079020028029,0.07974207172539566,-0.07569828114101634,0.07753119405134298,-0.0764465652535208,0.0012012962748415433,-0.06873738886490972,-0.002653838739374108,0.07626070888312518,0.025672225055302252,-0.020234663282789778,0.05254391957288492,-0.035376618360768226,0.061030558690475925,-0.02427647824886745,0.04343339982356211,-0.015888751754101274,0.07290681612409816
-0.22134598197333316,-0.087933303063331,0.07515739164773957,-0.20410069894297062,0.15425542899672393,-0.18917751933837587,0.12331997624086177,-0.1914432402152064,0.1393208661511916,-0.22852988193229132,0.22503219671795444,-0.20847873690992655,0.21069912853198697,-0.04161303249256056,0.20135195797503028,-0.18997797076595535,0.22752807512374837,-0.23520679589841656,0.23717064770613236,-0.23746734644241974,-0.20894046884478704,0.22870609823097904,0.15768602769251205,0.023605804070086264,0.2001152728802455,0.20222647519362252,-0.021956790504671763,0.2343541760715668,-0.09603972988371018,0.2499999999999999,0.19359475767241743,0.22468852920061935,-0.16322568334316412,0.23070947836713268,-0.20501781928048327,0.22679835594225198,0.012674113337917126,0.14684143168049515,0.08684481678694836,0.11515920769261923,0.227642572680008,-0.2253360849455841,0.22889955936326517,-0.23002901377234186,0.2296001117207802,-0.22713619845490884,0.22801176676809054,-0.1524852754505841,0.22263040578579377,-0.15103084420088392,-0.22069197508594088,-0.0682115188292865,0.047807179205990626,-0.1591181782992388,0.10044132316550237,-0.18017240237727683,0.07742914878722432,-0.1348058836338178,0.06333196793873176,-0.2212022170211462
-0.19992299340347772,-0.08220137704199439,0.07102338916157301,-0.18470231074258023,0.1406398073168804,-0.17130481015779217,0.11246232767324855,-0.17374457123224576,0.12817901002539533,-0.20612577692942094,0.2031689224224758,-0.18787043966720868,0.1895522290590203,-0.03588326910765249,0.17925018103250426,-0.16319267148843244,0.20046241410294074,-0.1990634373714544,0.20336112765475467,-0.20308806382743907,-0.2321965220963824,0.20799315049802494,0.1487143633042245,0.020246168970002965,0.17394648746851685,0.17693909555926934,-0.0431725452723611,0.19940279725436036,-0.08014119267560015,0.19359475767241743,0.24999999999999986,0.1971381379222295,-0.15335311782366912,0.20822541305850625,-0.17858701867620488,0.20376518817769615,0.03409028625573711,0.1265382856614828,0.07163597809094481,0.1023690371008261,0.20319528896878145,-0.19901298711726748,0.2056087825146918,-0.20698089161637426,0.20703174481556189,-0.2042674900507112,0.20528125760078295,-0.1318577043043576,0.20026269740776564,-0.13275000197470901,-0.19724756582203012,-0.06359569423675997,0.04525206238542011,-0.1442243652893393,0.09140354665801911,-0.16280599125849765,0.06951074471500955,-0.12156021817003113,0.05671664825750763,-0.19954313193942463
-0.23160492940779986,-0.09419778559840564,0.08100931944264929,-0.21406374320500715,0.16278054536356765,-0.19852785862637976,0.12940776224206046,-0.2013270186915504,0.14839478806612696,-0.23899164679987028,0.23542611131718238,-0.2186268522923729,0.22091151173701049,-0.04941477039559204,0.21152856861586253,-0.19829719222371858,0.23448567496166342,-0.23052509206108077,0.23437047167246292,-0.23416218979343384,-0.2148841766719826,0.2391254597791747,0.1576355797228335,0.031001910666961993,0.20092093782523407,0.21100539668727805,-0.019906132366499147,0.2302489343561571,-0.0847492036211654,0.22468852920061935,0.1971381379222295,0.2499999999999998,-0.16337437410679273,0.23697619218878896,-0.20619951097967779,0.23672301958500103,0.010333746013095068,0.1573224499558597,0.0763452602077294,0.12564713664252242,0.2438028778756385,-0.2471310667967115,0.24151045184317066,-0.23805150728662097,0.2400820530351282,-0.23722936217293242,0.23828161236821244,-0.16273253923113282,0.23311148161740847,-0.1615089505209874,-0.23592538630660348,-0.06784892495359092,0.04671595759317585,-0.16509561409632958,0.10387711863139248,-0.18813870075417224,0.08240988928189633,-0.14195346599328018,0.0679699174310444,-0.23115269182302026
