x1,x2,x3,x4,x5,x6,x7,x8,x9,x10,x11,x12,x13,x14,x15,x16,x17,x18,x19,x20,x21,x22,x23,x24,x25,x26,x27,x28,x29,x30,x31,x32,x33,x34,x35,x36,x37,x38,x39,x40,x41,x42,x43,x44,x45,x46,x47,x48,x49,x50,x51,x52,x53,x54,x55,x56,x57,x58,x59,x60
0.25,0.24981134507844904,0.24769025947461804,0.24886709613462266,0.24666417905428484,0.2467687770904287,0.23515491976680614,0.2478123290859548,0.23227065825140814,0.24987947205450356,0.24715694448762685,0.19556719745895276,-0.1733807922573715,0.2362103336862058,-0.1674397394681841,0.2316673193689469,-0.14052189121378744,0.21002451230012212,-0.17573014888017818,0.2490502793256396,0.2487521227234027,-0.1074200759109667,0.16184406945930477,-0.08749500462840297,0.16468548284160958,-0.054964309496363155,0.10801900691907894,0.007792381290599545,0.04812073461967055,0.24795129417307246,0.2489383389024347,-0.09531439300330759,0.14511341909008485,-0.0907135759872516,0.16858996011421856,-0.07175992100497376,0.13018613450097594,-0.0106567987790739,0.0609762892777957,0.24210588097550623,0.24850061071555937,0.21059638690176563,-0.19698525407148385,0.24396895741081087,-0.14983763764674476,0.19828573313748996,-0.11691538420964014,0.19690482888922617,-0.16162734445396548,0.246620540244437,0.24976083974321353,0.2497383916657138,0.24661087374791665,0.24745372357390702,0.2420375159767987,0.24247750712007632,0.2244436048715572,0.24637682943349426,0.22585088364205808,0.24988014960786223
0.24981134507844904,0.24999999999999994,0.24773457082356964,0.24891310940236427,0.2467100980203064,0.24681389246831417,0.23520257883649656,0.24785777453297278,0.232318280818263,0.24992571855918527,0.2472018629114432,0.19560576684028583,-0.17340886172856015,0.23625373838889868,-0.16747533126668973,0.2317108324038995,-0.14053373776095113,0.2100501300079239,-0.17574862759040363,0.24909649325695304,0.24879830391412927,-0.10744726817092111,0.16188375365648036,-0.087521425516008,0.1647263461705611,-0.0549796963012199,0.10804301270223453,0.007808461882537671,0.04811647889252682,0.24799691848465874,0.24898437344586177,-0.0953480055630713,0.14514945052244085,-0.09074466909169944,0.1686370300389421,-0.07179038963913494,0.13022684048243163,-0.010674757611021869,0.061001443830874726,0.24215182391934065,0.24854658887131348,0.21064308357136763,-0.19703002963762326,0.2440155225141283,-0.14986681554456666,0.19832639485345613,-0.11694467552311456,0.1969446844899058,-0.161663279732256,0.24666658842686387,0.2498070635628129,0.24978461325821827,0.24665703692140983,0.24749974534143201,0.24208289489690263,0.2425229908091208,0.22448735952127333,0.24642267038787333,0.22589498085583723,0.24992639585588905
0.24769025947461804,0.24773457082356964,0.25000000000000006,0.2467897744694002,0.24460060441987827,0.24471031123685894,0.2330888976563812,0.2457461789900589,0.23021413017850356,0.24780255161701997,0.2450833968215896,0.19607264795453594,-0.17537153589066823,0.2344320492028956,-0.16593273990666757,0.22962430227689354,-0.13907497278946201,0.2082252869003314,-0.1742411018230418,0.24697686110619618,0.24668497425500652,-0.10801448241146214,0.16099968456113053,-0.08729549620219276,0.16353050149967258,-0.054563530972416924,0.10712949559422201,0.007814285069235982,0.04762499269194399,0.24589038361501928,0.2468690559932599,-0.09483555538390567,0.14419235774122893,-0.09035407245299922,0.1675386071731132,-0.07135073993988683,0.12927617220672252,-0.010621686046124856,0.060492422665498986,0.24010273405576676,0.24643487274678347,0.2089452458866705,-0.19545579395919552,0.2419657854218565,-0.14862535956212364,0.19662625699589503,-0.11593487710558059,0.19525337598581044,-0.16029292622447025,0.24457519576111386,0.2476848942680349,0.24766261732839023,0.24456646259872383,0.2453986164162897,0.2400301751993173,0.24046839266742684,0.22259227254122155,0.24433140239102555,0.22399671235285631,0.24780322529359908
0.24886709613462266,0.24891310940236427,0.2467897744694002,0.25000000000000006,0.24576465065837413,0.24587132138856294,0.23428218548531796,0.24691862176105572,0.23141709260886265,0.24898105737271706,0.2462797606279758,0.19471529284873906,-0.1727119934277051,0.23532169407054213,-0.16661394251580702,0.230787183301772,-0.13997732807200491,0.20935716519734343,-0.17522872818189203,0.24815537797952236,0.24785599380057716,-0.10676585558602138,0.16109170080963423,-0.08704461952297554,0.16406320880205788,-0.05476479129983998,0.10762443502811983,0.007758668282927872,0.04790287215247284,0.24706366764474114,0.24804421845509372,-0.09523002613343709,0.1449105879936325,-0.090719294359746,0.1683049253267593,-0.0716541450912925,0.12984771816956683,-0.010661632880094984,0.06078712649440004,0.24122999629948264,0.24760699857522978,0.20990393582478892,-0.1963475833665225,0.24311760669478222,-0.1493112222694723,0.19756233454214933,-0.11644441543294312,0.19617593014803697,-0.16101227413182612,0.2457328191509202,0.24886284477102474,0.24884045630344553,0.2457264420973656,0.24656303867084264,0.24116533635095572,0.24160293368945054,0.22362253697517773,0.2454896580728281,0.2250269689764281,0.24898173320939454
0.24666417905428484,0.2467100980203064,0.24460060441987827,0.24576465065837413,0.2500000000000001,0.24366615728719024,0.23207099285215174,0.24472437927868476,0.22918764425490992,0.24677732226322632,0.24406956057264034,0.19262199341142922,-0.17063409105753002,0.23321746394948634,-0.17032614818356978,0.2291388060149049,-0.13853472300863043,0.20724258245010851,-0.17324238739660566,0.2459629215686436,0.24566676308864838,-0.10582347843964587,0.1598154113301144,-0.08654357223869986,0.16299841078629804,-0.05463857400928049,0.10700512711284185,0.007804956208154509,0.04739432020495628,0.2448682868737796,0.2458479780926645,-0.09456699572910628,0.14365498753787823,-0.0899971009432393,0.16694084843278204,-0.07122818695773524,0.12890385085968087,-0.010807299179538918,0.06045002026674432,0.23912602688071344,0.24541530005210616,0.20816309132457983,-0.19473990643307965,0.24098106431476785,-0.14799847117733184,0.1958859780523332,-0.11557238882820343,0.1944987788018651,-0.15971040037001044,0.24356695866707423,0.24666016958281115,0.24663805002887193,0.24356056177833577,0.24438658573994246,0.23904617736605163,0.2394803580833332,0.2216967964705031,0.2433234922578413,0.22308789097289022,0.24677799897273633
0.2467687770904287,0.24681389246831417,0.24471031123685894,0.24587132138856294,0.24366615728719024,0.24999999999999992,0.2321554142029015,0.244833531559285,0.22944887873975592,0.24688160173569343,0.24422768648438253,0.19279751071196355,-0.17108187142564313,0.23326821189357297,-0.16475508898533847,0.22875382124595367,-0.1386620998301622,0.2077232210809019,-0.17397422647181007,0.24606449163653615,0.2457630230123617,-0.10535128749639883,0.15941786996832705,-0.08608320737728917,0.16265480271616184,-0.05434281734425487,0.10674068309593208,0.007696936990501044,0.047395441449753356,0.24498795347612456,0.2459545336398072,-0.09496893572566795,0.14434241391158573,-0.0906350579722865,0.16755570314026505,-0.0713811298631941,0.12903741026894117,-0.010684416517401766,0.06035715121343797,0.23918741964471732,0.24551879902803259,0.20827750967450298,-0.19484866967901696,0.2411222107799425,-0.1480788938631707,0.19588168216992677,-0.11537273982651029,0.1944846515508585,-0.1595963605845792,0.24365945350793122,0.24676437247842123,0.2467421355299854,0.2436598118511789,0.24448244424035276,0.23912912788707397,0.23956137900875332,0.22171269420554895,0.24341745019783234,0.22310971280358827,0.24688227331989543
0.23515491976680614,0.23520257883649656,0.2330888976563812,0.23428218548531796,0.23207099285215174,0.2321554142029015,0.2499999999999999,0.23319793460452232,0.2176849964233104,0.23526518944091454,0.2326455606395723,0.18106747152341907,-0.15899683020603214,0.2216223940872667,-0.15502202584534733,0.21844712568774755,-0.15294648817918727,0.20378008042632922,-0.17113523138962766,0.234455009730434,0.23415167657858424,-0.09616967100680555,0.1485378413911324,-0.07954195992219089,0.15431467749373573,-0.054827033772512634,0.10534330028778624,0.0021014713225889214,0.049492255297200693,0.2334787162674399,0.23439845415382057,-0.09139673599350748,0.13969359299880724,-0.0880145145257057,0.15992302271528036,-0.0660425492766328,0.12088166991117245,-0.006894529455411024,0.054358338346347006,0.22776388061777486,0.23396648192341082,0.19804613796486864,-0.1852344699659133,0.22976737145672194,-0.14083797881271554,0.1857223850996928,-0.10802412432637669,0.18432625002059622,-0.1506210055419478,0.23213252127564846,0.23515341261213155,0.23513178892398628,0.232150021852521,0.23294144831393934,0.2277786418530048,0.22818910391372793,0.21081724770307697,0.2319219592628045,0.21218140403589567,0.23526577736354773
0.2478123290859548,0.24785777453297278,0.2457461789900589,0.24691862176105572,0.24472437927868476,0.244833531559285,0.23319793460452232,0.24999999999999997,0.23033103396718257,0.24792567102705115,0.24525031959613625,0.1937414925305181,-0.1718522518495783,0.23429244803921448,-0.1656740275434825,0.22976459455973125,-0.13936646547485632,0.20858015761145907,-0.1746138484725264,0.24710419107164017,0.24680373636998804,-0.10602807525497863,0.16022900775215143,-0.08654004332010314,0.16333852529714746,-0.05454024306744529,0.10716506666865841,0.007717721066586289,0.047656289192308854,0.2460206687626235,0.2469938163517276,-0.09509585380148286,0.14463033880013007,-0.0906772017517931,0.16792933735000795,-0.07150944387820733,0.1294324312681941,-0.010661761068290249,0.06056069951162637,0.24020221967198005,0.2465572737004542,0.20908321142809877,-0.1955908550514609,0.2421146416551655,-0.1486914779986479,0.19671397492817963,-0.11589756424935871,0.19532216104244632,-0.16029456348941062,0.24469022268991408,0.24780795244968054,0.24778563804265044,0.24468724842293324,0.24551694085700088,0.24014129952794805,0.24057614404303299,0.22266034602989382,0.24444775869305463,0.22406107664589495,0.2479263443335704
0.23227065825140814,0.232318280818263,0.23021413017850356,0.23141709260886265,0.22918764425490992,0.22944887873975592,0.2176849964233104,0.23033103396718257,0.2499999999999999,0.23237984469579817,0.22984148931781456,0.17869754271155872,-0.15705340046937347,0.21885607993504513,-0.15082801381052516,0.214267881505873,-0.1364993203404389,0.2041867009687906,-0.19064580930795577,0.23159845178819546,0.2312748137804924,-0.09412863667199906,0.14614707422269252,-0.07822018144520713,0.15295478754100664,-0.05464657907829042,0.10491872206525732,0.0010658703375846096,0.04871722874378101,0.23060855668538616,0.23152605277147636,-0.0921761762186467,0.1399289420809247,-0.08936782103816703,0.16011954178550486,-0.06657066782270223,0.1206134066928544,-0.007410724039232618,0.05413137303167335,0.22498977036536272,0.23109586840932153,0.1961617281086048,-0.18355688805321202,0.22710698523804151,-0.13922580726046638,0.18349600403323615,-0.10669006736492347,0.18204236055418893,-0.14879481145747364,0.22929629378286057,0.23226942327806807,0.23224804053272094,0.22933025447952557,0.2300889371137706,0.22499894508318113,0.22540353974108454,0.20824845690802765,0.22908198095222196,0.20961421843415307,0.23238045020128292
0.24987947205450356,0.24992571855918527,0.24780255161701997,0.24898105737271706,0.24677732226322632,0.24688160173569343,0.23526518944091454,0.24792567102705115,0.23237984469579817,0.24999999999999994,0.2472694829929894,0.19566065034286187,-0.17345979551008306,0.23631883051016456,-0.16752272723821038,0.23177471887750345,-0.14057959201825315,0.2101114881560163,-0.17579987202005948,0.2491643655589525,0.2488661201516367,-0.10747737951550534,0.1619260042729222,-0.08754307948592771,0.16476655148546673,-0.05499283694701822,0.10807091829335035,0.007802794607802782,0.04813746730657879,0.24806464229431074,0.24905227920360612,-0.09536017911368964,0.14517792041347866,-0.09075480264934409,0.16866836495723125,-0.07179784381279083,0.13025095197878261,-0.010668490060684514,0.06101030585358383,0.2422173465277831,0.24861437564442207,0.21069513508220028,-0.19707795245007734,0.24408084352522963,-0.14990669512543311,0.19837859878071962,-0.11697341538498313,0.1969969979585021,-0.16170480388822292,0.24673365157079483,0.24987518436120532,0.24985272736359798,0.24672397261941154,0.24756713527630517,0.2421486395418796,0.24258885094933333,0.22454764990670759,0.24648976349857976,0.22595555197192865,0.24999454882695474
0.24715694448762685,0.2472018629114432,0.2450833968215896,0.2462797606279758,0.24406956057264034,0.24422768648438253,0.2326455606395723,0.24525031959613625,0.22984148931781456,0.2472694829929894,0.25,0.19305838007777223,-0.17133420984317627,0.23365057520182486,-0.1657448818159226,0.2292272500480968,-0.13915164580404188,0.20795977727468243,-0.17411813563243755,0.2464470137685431,0.2461497561859138,-0.10576829143108074,0.1598118061468644,-0.08618493239255104,0.1627357818507432,-0.0541751421129101,0.10672128541490482,0.0076405004511919394,0.04767125156977865,0.24536630819518543,0.24633867852586255,-0.09432203785960822,0.1437119473965293,-0.08986001603438544,0.16686454244963644,-0.07093174991926048,0.12873840875554554,-0.010408673566744088,0.06022080274206409,0.2395569550605312,0.24590508210976436,0.20834763604510056,-0.1948727102156631,0.24141996307439617,-0.14825900915739693,0.1961654198710113,-0.11557720104393161,0.19479915505181522,-0.15984486635262635,0.24403835944822594,0.24715209616915262,0.24712983715235132,0.24403032937487576,0.24486514676486165,0.23949908298073588,0.23993374024931952,0.2220595266296651,0.24379870736614662,0.22345247768240528,0.2472701653067288
0.19556719745895276,0.19560576684028583,0.19607264795453594,0.19471529284873906,0.19262199341142922,0.19279751071196355,0.18106747152341907,0.1937414925305181,0.17869754271155872,0.19566065034286187,0.19305838007777223,0.24999999999999986,-0.22732225696809605,0.2056475141729289,-0.14244951851716509,0.17769692056075137,-0.09582066377479354,0.15610706142714265,-0.1246178168077076,0.19483980800384776,0.19486502124529811,-0.15997822540563295,0.15579108609745496,-0.10156188454381576,0.1439116266637251,-0.04876759574102191,0.08910138478940793,0.007264008720477083,0.037771289557878715,0.19401667185766322,0.19488796185031831,-0.0780402354733333,0.11367994133932775,-0.0743180592291497,0.13484836104784498,-0.057527553258093556,0.1034274796606233,-0.007909616798409565,0.046291924536185386,0.1904194607280261,0.19457488307986098,0.16687419874699377,-0.15651765023128336,0.19119099102148124,-0.11833214285905673,0.15488107909548282,-0.09282080362764719,0.15392819518618378,-0.12823387732451183,0.19339773022787193,0.19556759753361533,0.1955506922497551,0.19325605649626904,0.19391227125945606,0.18991577069880852,0.1903741848681934,0.17717476111691766,0.19313136932546054,0.17858842321092713,0.1956610638881359
-0.1733807922573715,-0.17340886172856015,-0.17537153589066823,-0.1727119934277051,-0.17063409105753002,-0.17108187142564313,-0.15899683020603214,-0.1718522518495783,-0.15705340046937347,-0.17345979551008306,-0.17133420984317627,-0.22732225696809605,0.2499999999999999,-0.1870475765360998,0.1285253596618278,-0.15720707437715387,0.08124729666228622,-0.13662908823194514,0.107722660004814,-0.17273234402489776,-0.17277200665012318,0.1510349466269532,-0.14229148041250173,0.09578509741784726,-0.13043709160449876,0.04491137130007297,-0.08000892320677387,-0.00798157737958051,-0.03186588461400032,-0.17199560372340417,-0.17277519621513415,0.07255025587619064,-0.10359258126046035,0.06948299587515193,-0.12345002427504026,0.053817330203311725,-0.09433952342807633,0.008891362435618508,-0.04252677572301941,-0.168982980864191,-0.17249436985337588,-0.1493109691520479,0.14026523440675606,-0.16982591542776426,0.10529552092076004,-0.1376113309125151,0.08287751050318755,-0.1366712982550303,0.11428846594274056,-0.17151990431393568,-0.17337724264918666,-0.17336240177512996,-0.1714087684670476,-0.1719432777337014,-0.16846129969390422,-0.16887581996201803,-0.15737112089448319,-0.17125855279859295,-0.15867848862654363,-0.17346017530016167
0.2362103336862058,0.23625373838889868,0.2344320492028956,0.23532169407054213,0.23321746394948634,0.23326821189357297,0.2216223940872667,0.23429244803921448,0.21885607993504513,0.23631883051016456,0.23365057520182486,0.2056475141729289,-0.1870475765360998,0.2499999999999999,-0.18075264374314978,0.2184184213977237,-0.12879260310773852,0.19663142419111507,-0.16279779214682064,0.23549150068564118,0.23527731421083248,-0.1203020158287211,0.16260014473929002,-0.1001875520308327,0.1658500757597606,-0.05890386988218501,0.10937935358414966,0.002761430316551003,0.04933993883648809,0.23446350417897402,0.23542923005633387,-0.0913297477359216,0.13787753656139232,-0.08620607146219733,0.16081446650985665,-0.06724016415193272,0.12242091847861918,-0.008436555849040333,0.055454844604766476,0.2294898302407597,0.23501309825952568,0.20001894732210954,-0.1874319954644942,0.23091202493379134,-0.14197417445729651,0.18698595127583328,-0.1103786879786503,0.18552175669196724,-0.15314038777427555,0.2333797060090955,0.23620686841811445,0.23618646583588712,0.23328593190221655,0.2341152643608131,0.22916412705809944,0.22961189943236537,0.21294702833597198,0.233133484399518,0.21438218190049826,0.23631944421199674
-0.1674397394681841,-0.16747533126668973,-0.16593273990666757,-0.16661394251580702,-0.17032614818356978,-0.16475508898533847,-0.15502202584534733,-0.1656740275434825,-0.15082801381052516,-0.16752272723821038,-0.1657448818159226,-0.14244951851716509,0.1285253596618278,-0.18075264374314978,0.25,-0.1854178065442533,0.10935212605683792,-0.14623548047441542,0.12041833194582613,-0.16698742642549125,-0.16676141507283948,0.07808028022549932,-0.11142779022013494,0.07092125684737006,-0.12381100800275097,0.05898033302227556,-0.0958536011750092,0.0062883566480620365,-0.04309692031379065,-0.1659764530741902,-0.1668976659177509,0.07112326061852742,-0.10204270094317647,0.06636609802553631,-0.11539377015321603,0.04724748694380668,-0.08614761115522186,0.0036642773652431782,-0.036445444021497145,-0.16299319792908423,-0.166594011662977,-0.14343540159400364,0.13466903689923404,-0.16381348270424706,0.0999080648783148,-0.13217732833108925,0.07799541357502827,-0.1307611728703476,0.10818824256232731,-0.1655022186113449,-0.16744326341871268,-0.16742924537669693,-0.16549368898978034,-0.16600023075139625,-0.16252279745110068,-0.16286513850496623,-0.15110603730792263,-0.16530262861145129,-0.1521918087126487,-0.16752310706986195
0.2316673193689469,0.2317108324038995,0.22962430227689354,0.230787183301772,0.2291388060149049,0.22875382124595367,0.21844712568774755,0.22976459455973125,0.214267881505873,0.23177471887750345,0.2292272500480968,0.17769692056075137,-0.15720707437715387,0.2184184213977237,-0.1854178065442533,0.24999999999999978,-0.15853415009378963,0.2053236234079909,-0.17338551313641481,0.2309889677157441,0.23066034728319743,-0.095408306411521,0.1478451512205556,-0.08207987364501657,0.1573725724368832,-0.07118783331726594,0.1206036450495917,-0.008230075380236165,0.05885514268978127,0.22991446283137973,0.23093923337790642,-0.08999314500746683,0.13699765448265716,-0.08525072093347158,0.15339486744286518,-0.05971361939390594,0.11374009983445449,-0.000897457394707751,0.04767607979046383,0.22447493400972135,0.23049639029383426,0.19445378781647055,-0.18182159672033246,0.22603134680629183,-0.13771715829833245,0.1816539569297934,-0.10457566607468505,0.18016129815121495,-0.14685046706296126,0.228670227007472,0.23166475183693497,0.2316435403910118,0.2286804674009591,0.22948101410126473,0.2243601401249081,0.22478931597411703,0.20744432321202944,0.2284767695317971,0.20883106551941757,0.23177534919575202
-0.14052189121378744,-0.14053373776095113,-0.13907497278946201,-0.13997732807200491,-0.13853472300863043,-0.1386620998301622,-0.15294648817918727,-0.13936646547485632,-0.1364993203404389,-0.14057959201825315,-0.13915164580404188,-0.09582066377479354,0.08124729666228622,-0.12879260310773852,0.10935212605683792,-0.15853415009378963,0.2499999999999999,-0.17971601367646187,0.16143220847215214,-0.13989664836783444,-0.13957623029862223,0.031212406887753542,-0.06860151626280564,0.03230611337695811,-0.09172917141958008,0.07547587225103307,-0.10986419294757167,0.050847446727414966,-0.07445444417893116,-0.13930151103307117,-0.14015437867440195,0.05560682103493414,-0.08898774997185514,0.054816420535113486,-0.08353561423242681,0.015558247345669886,-0.04812357710689296,-0.02696310646151933,-0.002388452166149059,-0.13524875527099744,-0.13980855895183092,-0.1134290045146849,0.10543635247024583,-0.13608407583133814,0.07992097040499917,-0.10319572926928999,0.05075056687125064,-0.10193368429505063,0.07882330515975791,-0.13828582588361982,-0.14051293422800937,-0.14049766440366962,-0.13837196099826923,-0.13895044923591993,-0.13537828661705775,-0.13567893765674446,-0.12278488072623239,-0.13830229074598072,-0.12382617409845428,-0.14058002330081038
0.21002451230012212,0.2100501300079239,0.2082252869003314,0.20935716519734343,0.20724258245010851,0.2077232210809019,0.20378008042632922,0.20858015761145907,0.2041867009687906,0.2101114881560163,0.20795977727468243,0.15610706142714265,-0.13662908823194514,0.19663142419111507,-0.14623548047441542,0.2053236234079909,-0.17971601367646187,0.24999999999999994,-0.21499823362219067,0.2093767748166204,0.20901657928987732,-0.07629932866215756,0.12670621240683175,-0.06773023593130363,0.1411764657862438,-0.07329928887718058,0.11998997268401418,-0.030351525799725408,0.06938503247175822,0.20839083591363117,0.20939933860321128,-0.08042731127085302,0.1259736313240191,-0.07718853264843696,0.13664651946639159,-0.04725677372854788,0.09630838564534244,0.009077806130139013,0.033558030147981116,0.20330260975194836,0.20895438496181262,0.17460371393681148,-0.16320151728021962,0.20466682946294612,-0.12430934854573271,0.1623312543586189,-0.09039306767213912,0.16080848488888153,-0.1299257444827469,0.20719398016006332,0.2100121617975861,0.20999260641244583,0.20717576095587917,0.2079851971483658,0.20328596052361236,0.20367344046776784,0.18729128177717136,0.20708427385945258,0.18860606440491992,0.2101121157686628
-0.17573014888017818,-0.17574862759040363,-0.1742411018230418,-0.17522872818189203,-0.17324238739660566,-0.17397422647181007,-0.17113523138962766,-0.1746138484725264,-0.19064580930795577,-0.17579987202005948,-0.17411813563243755,-0.1246178168077076,0.107722660004814,-0.16279779214682064,0.12041833194582613,-0.17338551313641481,0.16143220847215214,-0.21499823362219067,0.24999999999999992,-0.1764273417759825,-0.1748062944251652,0.05492833147732981,-0.09970226422415927,0.05144067641036402,-0.11740298630120491,0.06754597202838813,-0.10757307398950336,0.03649486384075824,-0.06618773708672841,-0.17438709871314734,-0.17523878631967693,0.07064180741879207,-0.1109547141312586,0.06948774152096651,-0.1168304912052784,0.037291427244652946,-0.07799458456649966,-0.012972147975124346,-0.022730552889772934,-0.1698489942539709,-0.17483065691403243,-0.1459281041768051,0.13642803320363528,-0.1713983238638008,0.1036037251532209,-0.1342380074219087,0.07224914345130093,-0.13272933857867197,0.10613860764070775,-0.17326190272394065,-0.1757167291967532,-0.1756996627452963,-0.17329578352097136,-0.17396223904085464,-0.1699391463117818,-0.1702553486555472,-0.15591711442631054,-0.17320004120521623,-0.1570832960881129,-0.17580039396429353
0.2490502793256396,0.24909649325695304,0.24697686110619618,0.24815537797952236,0.2459629215686436,0.24606449163653615,0.234455009730434,0.24710419107164017,0.23159845178819546,0.2491643655589525,0.2464470137685431,0.19483980800384776,-0.17273234402489776,0.23549150068564118,-0.16698742642549125,0.2309889677157441,-0.13989664836783444,0.2093767748166204,-0.1764273417759825,0.24999999999999975,0.24803765756870597,-0.10693564174724889,0.16126563723321707,-0.08714189880891281,0.16422475038066345,-0.05484949956771245,0.10780578069079573,0.007746695527253197,0.047999334789908574,0.2472424486118471,0.24822617856657983,-0.09524626374617659,0.14493493959492937,-0.09073279642807786,0.16830895551585592,-0.07161934030768065,0.12986306942524617,-0.010597486534085404,0.06076511948519427,0.24140779853362757,0.2477893373822491,0.21002919310410875,-0.19645877736361322,0.24328406041688486,-0.14940714245530556,0.19769343751774948,-0.11652303026607481,0.19631016898778464,-0.16112054714763763,0.2459135161179847,0.24904606497595702,0.24902365639534857,0.24590618088884603,0.24674437158683774,0.24134147301800768,0.2417803837776226,0.22378618612192763,0.24567021956810783,0.22519269160596866,0.249165042107271
0.2487521227234027,0.24879830391412927,0.24668497425500652,0.24785599380057716,0.24566676308864838,0.2457630230123617,0.23415167657858424,0.24680373636998804,0.2312748137804924,0.2488661201516367,0.2461497561859138,0.19486502124529811,-0.17277200665012318,0.23527731421083248,-0.16676141507283948,0.23066034728319743,-0.13957623029862223,0.20901657928987732,-0.1748062944251652,0.24803765756870597,0.24999999999999992,-0.10857746241796809,0.16213481675698083,-0.08803678721515959,0.16442915291848148,-0.054983625026133964,0.10762000891429921,0.00793481104355942,0.04775840689078564,0.2469410230556313,0.24792743927357383,-0.09484378688112065,0.14434204562412709,-0.09023787621802387,0.1678808789340386,-0.07154861888411719,0.1297437847813661,-0.010768118065475563,0.060862332244349664,0.24114615975869563,0.2474928540481332,0.20976688959024375,-0.19621486706223473,0.24297612426980048,-0.14923246222018086,0.19751645965359446,-0.11654902723893937,0.19614379120154077,-0.161058753822835,0.24562690071097446,0.24874797617388633,0.2487256678351833,0.2456139298548671,0.2464543939725435,0.24106653797357497,0.24150622197372537,0.22357439404498985,0.24538285854177513,0.22497605509124657,0.2488667940829026
-0.1074200759109667,-0.10744726817092111,-0.10801448241146214,-0.10676585558602138,-0.10582347843964587,-0.10535128749639883,-0.09616967100680555,-0.10602807525497863,-0.09412863667199906,-0.10747737951550534,-0.10576829143108074,-0.15997822540563295,0.1510349466269532,-0.1203020158287211,0.07808028022549932,-0.095408306411521,0.031212406887753542,-0.07629932866215756,0.05492833147732981,-0.10693564174724889,-0.10857746241796809,0.2499999999999997,-0.19483288797608503,0.16148474177615532,-0.11727899462733904,0.045088395996517094,-0.04768270963152804,-0.02023038370594922,-0.006380198196623207,-0.10623838410035898,-0.1069075683554188,0.031008466258569515,-0.041055571536499094,0.027683495677982246,-0.06760594393721328,0.03421120271885458,-0.060623856687149605,0.013123359018693865,-0.03277390245195992,-0.10625103749967486,-0.1068795520357594,-0.09245712605428663,0.08679314874254741,-0.10421692215991818,0.0655863938827874,-0.08667310901951797,0.05876907412326972,-0.08715737995015478,0.07707157683731553,-0.10677553651919836,-0.10742628985216571,-0.10741954769156078,-0.10635510263098563,-0.10682393797604949,-0.10504957247390825,-0.10552274516887009,-0.10062445763758779,-0.10649090589157448,-0.10166556894660274,-0.10747745970541982
0.16184406945930477,0.16188375365648036,0.16099968456113053,0.16109170080963423,0.1598154113301144,0.15941786996832705,0.1485378413911324,0.16022900775215143,0.14614707422269252,0.1619260042729222,0.1598118061468644,0.15579108609745496,-0.14229148041250173,0.16260014473929002,-0.11142779022013494,0.1478451512205556,-0.06860151626280564,0.12670621240683175,-0.09970226422415927,0.16126563723321707,0.16213481675698083,-0.19483288797608503,0.2499999999999996,-0.17521637385876365,0.1560523723859413,-0.060931735818989835,0.0754838330496039,0.019619676832261936,0.018843596594904727,0.16026907757029502,0.16114744048490998,-0.03937258990539124,0.05915195182472448,-0.031174984421498485,0.09397259821116274,-0.04565279394365548,0.08545283979087913,-0.01544979784580846,0.04623477224639914,0.15950748110830354,0.16103473104401805,0.13618230886813684,-0.1276012194296171,0.15670947507763539,-0.09850490471386962,0.1308249217125187,-0.08680189814047963,0.1311662563515771,-0.11444635908262761,0.1606264204994203,0.16184987388205005,0.16184007358316327,0.1600133036941403,0.16084626652858186,0.15810257468422015,0.15865854586320735,0.15058140252993366,0.1603169302921767,0.15176492815452747,0.16192630069315184
-0.08749500462840297,-0.087521425516008,-0.08729549620219276,-0.08704461952297554,-0.08654357223869986,-0.08608320737728917,-0.07954195992219089,-0.08654004332010314,-0.07822018144520713,-0.08754307948592771,-0.08618493239255104,-0.10156188454381576,0.09578509741784726,-0.1001875520308327,0.07092125684737006,-0.08207987364501657,0.03230611337695811,-0.06773023593130363,0.05144067641036402,-0.08714189880891281,-0.08803678721515959,0.16148474177615532,-0.17521637385876365,0.24999999999999992,-0.171905658775798,0.09488871226965533,-0.08443270077442733,0.011105551345862736,-0.028239928258532963,-0.08634632333775961,-0.08710514214422793,0.026481767739021663,-0.02860608768766929,0.015617327449831209,-0.04131291738741192,0.010248171968810126,-0.031635536135394986,-0.0030519592232752116,-0.012539966529831428,-0.08727919927829392,-0.087057640985587,-0.07523035879999153,0.07052014023211794,-0.08395073837772414,0.04766943277803816,-0.06574256299248961,0.042625404174327274,-0.06615926840331228,0.05832492014391898,-0.08702408189145647,-0.08750151089001271,-0.0874966900975177,-0.08670983355928051,-0.08704453948833042,-0.08544042577479835,-0.08599415990421133,-0.08147500687884575,-0.08675283547075152,-0.08254269325598325,-0.08754323259411063
0.16468548284160958,0.1647263461705611,0.16353050149967258,0.16406320880205788,0.16299841078629804,0.16265480271616184,0.15431467749373573,0.16333852529714746,0.15295478754100664,0.16476655148546673,0.1627357818507432,0.1439116266637251,-0.13043709160449876,0.1658500757597606,-0.12381100800275097,0.1573725724368832,-0.09172917141958008,0.1411764657862438,-0.11740298630120491,0.16422475038066345,0.16442915291848148,-0.11727899462733904,0.1560523723859413,-0.171905658775798,0.2499999999999996,-0.13986910946778686,0.1430929028774129,-0.041777596672283826,0.0717609477557509,0.16305572615577166,0.1641259954820074,-0.061631963810879785,0.08273772426056855,-0.043573277842494096,0.08796139108246342,-0.011288838313713185,0.050529439069120045,0.01932034459428333,0.012541915346809231,0.16204297780583324,0.16385713745875613,0.13940845496166462,-0.1307699098075209,0.15938000514231115,-0.08863829724363263,0.11956814831929774,-0.06629745094439683,0.11929501779630154,-0.09924138355332339,0.16305399543831178,0.16468881936459015,0.16467691225298614,0.16280105979932474,0.16343708531516504,0.1599325532132509,0.16067612807198986,0.148737321862833,0.162791692730826,0.15039768823337832,0.16476694030057557
-0.054964309496363155,-0.0549796963012199,-0.054563530972416924,-0.05476479129983998,-0.05463857400928049,-0.05434281734425487,-0.054827033772512634,-0.05454024306744529,-0.05464657907829042,-0.05499283694701822,-0.0541751421129101,-0.04876759574102191,0.04491137130007297,-0.05890386988218501,0.05898033302227556,-0.07118783331726594,0.07547587225103307,-0.07329928887718058,0.06754597202838813,-0.05484949956771245,-0.054983625026133964,0.045088395996517094,-0.060931735818989835,0.09488871226965533,-0.13986910946778686,0.24999999999999983,-0.1953254566672027,0.11899971999338413,-0.11849746393294958,-0.05375178275770968,-0.05485641573701849,0.020168553911155074,-0.021733234708740543,0.0019853217236764638,0.001824253895797196,-0.05406041368095606,0.04148715886024365,-0.06639571552577883,0.056551624026640906,-0.055240911898891784,-0.054697066076634084,-0.04228391815051261,0.03930085470976092,-0.0508095751212028,0.013595271017761592,-0.0210156465797033,-0.004407363359576595,-0.019990578992031917,0.011843551149199057,-0.0542088162867682,-0.054967465084431,-0.0549636264251064,-0.05415032999909378,-0.054464361078993426,-0.05268940528493077,-0.053318704436812143,-0.04581713036406895,-0.05420341651661425,-0.04708472080419352,-0.054993031440560634
0.10801900691907894,0.10804301270223453,0.10712949559422201,0.10762443502811983,0.10700512711284185,0.10674068309593208,0.10534330028778624,0.10716506666865841,0.10491872206525732,0.10807091829335035,0.10672128541490482,0.08910138478940793,-0.08000892320677387,0.10937935358414966,-0.0958536011750092,0.1206036450495917,-0.10986419294757167,0.11998997268401418,-0.10757307398950336,0.10780578069079573,0.10762000891429921,-0.04768270963152804,0.0754838330496039,-0.08443270077442733,0.1430929028774129,-0.1953254566672027,0.24999999999999986,-0.13373288307950718,0.1434359977464323,0.10651051918845339,0.1077904842239425,-0.043757320134072505,0.058108034035217485,-0.02685008822437092,0.03711827566932634,0.03420810772635988,-0.010475601988858354,0.07177498701201802,-0.05211643151004551,0.10647966854186246,0.107481482992767,0.08701589470217888,-0.081217595392474,0.10281576315777063,-0.04791631340887214,0.0647812802348103,-0.02079812510675055,0.062071917968293956,-0.04548612326385085,0.10650453305272499,0.10802013779036873,0.10801062805062575,0.1065164815754821,0.10696939250739489,0.1040850696883721,0.10466915418939231,0.09316065006270813,0.10646905625454407,0.09465687856032926,0.10807123692430347
0.007792381290599545,0.007808461882537671,0.007814285069235982,0.007758668282927872,0.007804956208154509,0.007696936990501044,0.0021014713225889214,0.007717721066586289,0.0010658703375846096,0.007802794607802782,0.0076405004511919394,0.007264008720477083,-0.00798157737958051,0.002761430316551003,0.0062883566480620365,-0.008230075380236165,0.050847446727414966,-0.030351525799725408,0.03649486384075824,0.007746695527253197,0.00793481104355942,-0.02023038370594922,0.019619676832261936,0.011105551345862736,-0.041777596672283826,0.11899971999338413,-0.13373288307950718,0.24999999999999992,-0.19283389967505543,0.008641889677043551,0.007599958141725,-0.005352368846599118,0.012190496541927295,-0.02187507017218013,0.051665364407229714,-0.09541379834753504,0.10029025704520968,-0.12300812486277238,0.12828512663500485,0.005866595975287501,0.007748557359831321,0.013511591468641237,-0.013186320886379752,0.01117455502899947,-0.02885734193018884,0.03746114266319604,-0.05173909206166667,0.04168640216023817,-0.04534598199909938,0.008282752254138298,0.007798677826891257,0.007800083223601467,0.008053689311656969,0.008020406570052858,0.008906026222411129,0.008516833057914648,0.014830583470811233,0.008103477185512919,0.013685456084099027,0.007802691790134588
0.04812073461967055,0.04811647889252682,0.04762499269194399,0.04790287215247284,0.04739432020495628,0.047395441449753356,0.049492255297200693,0.047656289192308854,0.04871722874378101,0.04813746730657879,0.04767125156977865,0.037771289557878715,-0.03186588461400032,0.04933993883648809,-0.04309692031379065,0.05885514268978127,-0.07445444417893116,0.06938503247175822,-0.06618773708672841,0.047999334789908574,0.04775840689078564,-0.006380198196623207,0.018843596594904727,-0.028239928258532963,0.0717609477557509,-0.11849746393294958,0.1434359977464323,-0.19283389967505543,0.24999999999999978,0.04626949506803708,0.04814232944646796,-0.016461075955491036,0.018240186979288017,0.0030123619398208026,-0.01698745122349249,0.07626543303950672,-0.06987734946637386,0.14196922536008652,-0.13787026373540828,0.048845381609424685,0.04788118498232003,0.0348101384475129,-0.03225935045021684,0.04319990225850875,-0.007084695168278803,0.00933561661006512,0.024460376858070582,0.0017869023169285745,0.010676538227841608,0.04688321680312169,0.048114801841833345,0.04810815681400788,0.04729167935250045,0.047359016207012467,0.04540741156078326,0.04568693727921955,0.035339186093051374,0.04701393291968106,0.03670358125678584,0.04813768016514421
0.24795129417307246,0.24799691848465874,0.24589038361501928,0.24706366764474114,0.2448682868737796,0.24498795347612456,0.2334787162674399,0.2460206687626235,0.23060855668538616,0.24806464229431074,0.24536630819518543,0.19401667185766322,-0.17199560372340417,0.23446350417897402,-0.1659764530741902,0.22991446283137973,-0.13930151103307117,0.20839083591363117,-0.17438709871314734,0.2472424486118471,0.2469410230556313,-0.10623838410035898,0.16026907757029502,-0.08634632333775961,0.16305572615577166,-0.05375178275770968,0.10651051918845339,0.008641889677043551,0.04626949506803708,0.24999999999999986,0.24712985163115644,-0.09477268244095576,0.14437143380772738,-0.09045025950402222,0.16777124282780428,-0.07155225908769686,0.12950905897946693,-0.010974054588870736,0.06094655847569796,0.24030969611613326,0.24669579627018487,0.2090448573531272,-0.19551864292000837,0.2422207527463459,-0.14877633244962232,0.196863731424466,-0.11605683680792442,0.1955203604751073,-0.160447802261933,0.2448225266877316,0.2479468478754783,0.24792447335547993,0.2448148804810971,0.2456508407615218,0.24026420298638887,0.2407002182098392,0.22277468790857796,0.24458014099492217,0.22417100196182926,0.24806531991118652
0.2489383389024347,0.24898437344586177,0.2468690559932599,0.24804421845509372,0.2458479780926645,0.2459545336398072,0.23439845415382057,0.2469938163517276,0.23152605277147636,0.24905227920360612,0.24633867852586255,0.19488796185031831,-0.17277519621513415,0.23542923005633387,-0.1668976659177509,0.23093923337790642,-0.14015437867440195,0.20939933860321128,-0.17523878631967693,0.24822617856657983,0.24792743927357383,-0.1069075683554188,0.16114744048490998,-0.08710514214422793,0.1641259954820074,-0.05485641573701849,0.1077904842239425,0.007599958141725,0.04814232944646796,0.24712985163115644,0.25000000000000006,-0.09624111859627864,0.14524969238198093,-0.09095213449159403,0.16803831948320838,-0.07134356317494639,0.1294959812996308,-0.010184687813216988,0.060323584042091184,0.24130732592997284,0.24767718007535997,0.21018986901863468,-0.19663772390855233,0.2431595821657931,-0.14925207454122985,0.1975482418368648,-0.11635821866101931,0.19613555154037465,-0.16095187304773048,0.24580251230395134,0.2489340364861791,0.2489116811049651,0.2458163253534421,0.246633831704991,0.2412281306890209,0.24167036294199884,0.22366062176848303,0.24555930888687058,0.22507517677019706,0.24905295555291607
-0.09531439300330759,-0.0953480055630713,-0.09483555538390567,-0.09523002613343709,-0.09456699572910628,-0.09496893572566795,-0.09139673599350748,-0.09509585380148286,-0.0921761762186467,-0.09536017911368964,-0.09432203785960822,-0.0780402354733333,0.07255025587619064,-0.0913297477359216,0.07112326061852742,-0.08999314500746683,0.05560682103493414,-0.08042731127085302,0.07064180741879207,-0.09524626374617659,-0.09484378688112065,0.031008466258569515,-0.03937258990539124,0.026481767739021663,-0.061631963810879785,0.020168553911155074,-0.043757320134072505,-0.005352368846599118,-0.016461075955491036,-0.09477268244095576,-0.09624111859627864,0.2500000000000001,-0.19954474156903973,0.16759598249199287,-0.12999276579073138,0.060958968940103976,-0.06987899579468083,0.0019244579952891307,-0.017964921566611298,-0.09202434924028237,-0.09471114365612936,-0.13249987756619303,0.12988390724782847,-0.09972317101476329,0.05521714261332458,-0.07817443629823148,0.039057604137628675,-0.07219702484774616,0.05607252475637162,-0.09413488581256599,-0.09531155147244515,-0.09530167960336323,-0.09743046243861561,-0.09432200066411792,-0.0915745326579846,-0.09185096470848307,-0.08198002439940126,-0.09366450885404046,-0.0837453276995057,-0.09536041755820715
