x1,x2,x3,x4,x5,x6,x7,x8,x9,x10,x11,x12,x13,x14,x15,x16,x17,x18,x19,x20,x21,x22,x23,x24,x25,x26,x27,x28,x29,x30,x31,x32,x33,x34,x35,x36,x37,x38,x39,x40,x41,x42,x43,x44,x45,x46,x47,x48,x49,x50,x51,x52,x53,x54,x55,x56,x57,x58,x59,x60
0.25000000000000006,0.2487966583750036,0.24187699423386128,0.24796446053436283,0.24162053893510485,0.24656585288860175,0.2435137998425787,0.24440107145217962,0.22605632255700875,0.2491233101871285,0.24698428549482931,0.040508897523304714,-0.036566489516675196,0.1444934152122511,-0.12172936154876052,0.21097503965258754,-0.15532278574082017,0.2361616630320698,-0.2072108629519253,0.24640237395694708,0.24266351843809966,0.030485768222072447,-0.02805829383956584,0.04894137799064728,-0.022862176125346405,0.03639286547194987,-0.00830101981757038,0.025291372109121267,-0.018527878494970295,0.24724395116390524,0.24755479092897156,-0.07129205998285383,0.08050675336719597,-0.054523413443955934,0.06842071443842247,-0.05471177675565254,0.07156742873789579,-0.03887163873267974,0.044589465600759895,0.24121038025736197,0.24667675636609765,0.12672883441119265,-0.1218257709432373,0.1894771581697288,-0.14567790715923656,0.22624154947155778,-0.16948056128264383,0.2371795813246634,-0.18372434260572387,0.23587214734004683,0.24897815692685807,0.24879717814757535,0.2450402373749219,0.2454259214632702,0.24207450207334663,0.23741911260417306,0.2412354334572952,0.23715430676821286,0.21314163714744444,0.24912739883913684
0.2487966583750036,0.25000000000000006,0.24236630186241545,0.24850619083634778,0.24211958239613932,0.24711396448118697,0.2440502279218208,0.2449399578152746,0.22655147553354565,0.24966223978154467,0.24752450770289047,0.04004021559454097,-0.03609365776271238,0.14451955917194045,-0.12172221232165713,0.21138753490963966,-0.1557253435767224,0.23666833520421351,-0.20767712649609354,0.24693546012520678,0.2431764027337033,0.031101738774141123,-0.028668081806448257,0.04957922050619642,-0.02341076132290469,0.03695479518921006,-0.008776503458103439,0.0257973499612452,-0.01901692616442741,0.24778142685462357,0.24809463618300365,-0.07190363465421307,0.08115708702762847,-0.05516015050056111,0.06908367270130474,-0.05534774339688832,0.07222239191454236,-0.03940137880466073,0.045130101272810814,0.24171911766455545,0.24720910934224488,0.12730780406896397,-0.12238792686864823,0.1900442788531115,-0.14612768959502043,0.2267907990502443,-0.16981515320241974,0.2377010631058192,-0.18404127205163387,0.23635987497167923,0.24951683451979528,0.2493349302917618,0.24557455608835374,0.24595055311072161,0.2425877966602785,0.23791245479321096,0.24174484670214988,0.23764675007382113,0.2135425166148443,0.2496663275599161
0.24187699423386128,0.24236630186241545,0.25000000000000006,0.24153282695475292,0.23518268490395405,0.24015106879753467,0.23725597318674785,0.23802983012607948,0.22007890369646738,0.24269169072492008,0.24061092405672224,0.04387583111988009,-0.042473821106776374,0.1415364854389583,-0.11886072214939765,0.20547591391577705,-0.1499848575144155,0.22999006826768514,-0.2015728132322199,0.23997754202703803,0.23643647732832795,0.027772185779949922,-0.025471917993202975,0.04629296367909701,-0.02094190117757111,0.03437117962075263,-0.007018382222869281,0.023798263031525747,-0.01722275458852017,0.24082127679359067,0.24115413712334993,-0.06842491321689194,0.07735113829368821,-0.05200835948238531,0.0656015367377135,-0.052246435436097305,0.06883036520077689,-0.03708393211100407,0.042683437074625054,0.23500907137450583,0.24031153382036216,0.12277996213099254,-0.11802109892129244,0.18424369137080396,-0.14164393913507412,0.22029789534082037,-0.16519174701417427,0.23104056340514662,-0.17915032482795065,0.22982943127081612,0.24255023730420083,0.2423750471919116,0.23870518003444086,0.23910293958133427,0.23584691568767843,0.23133182890676135,0.2350336660595206,0.2310744302234015,0.20776409517336897,0.24269577655143756
0.24796446053436283,0.24850619083634778,0.24153282695475292,0.25000000000000006,0.24128125307022544,0.24629844548493326,0.243218657746622,0.24411305644781645,0.22573393374013634,0.2488295374421237,0.24670221518977525,0.03912989716586413,-0.03519605661666381,0.14364586997942433,-0.12089494028848405,0.21054667221977227,-0.1549565116050793,0.2358322242728722,-0.2068854453957174,0.24610370295959597,0.24234191072154068,0.031997698602451156,-0.02958329365972139,0.05046896319835629,-0.02431976577542798,0.03784329459368941,-0.00967748872075832,0.02665236518798004,-0.01988611355058382,0.246951793072262,0.24727572874245266,-0.07256858441891582,0.08182637298521137,-0.056015089964372856,0.06989134785573953,-0.05621172188523501,0.07301466178295982,-0.040198194587640276,0.045910498191379344,0.24088616573919105,0.24638212176149635,0.1274860907418085,-0.12257138264098764,0.18972236203933338,-0.1459140582776018,0.22616085094630478,-0.16919031938346119,0.23692739240919963,-0.18326638785543675,0.2355259309567403,0.24868477220214652,0.2485023982892623,0.24476389656821543,0.24511752841270723,0.2417578029270478,0.23707798201274374,0.24091353091707432,0.23681245877174104,0.21270851153148554,0.24883362205795712
0.24162053893510485,0.24211958239613932,0.23518268490395405,0.24128125307022544,0.25000000000000017,0.23988233603947862,0.23688899978125438,0.23772490249504694,0.21939530743438196,0.24244045580569526,0.24051005910067128,0.03365131344158288,-0.029867542408431653,0.13816010876144288,-0.12603953608951093,0.20473252898715974,-0.14943507992412727,0.22957288243418053,-0.20098292106224622,0.23973370423529491,0.23597673010508605,0.037179573622792485,-0.0349325423103144,0.055355851324286595,-0.029437462351196278,0.042692972616647666,-0.014777865360293914,0.031368755967593275,-0.0247278986725403,0.24058254513499913,0.24097600702668784,-0.07592142839918255,0.08515035429283148,-0.06059317926982833,0.07411313045034434,-0.06084605909518077,0.0771396325463052,-0.04453201848719117,0.05011499569269462,0.23454700233307665,0.24004172400644494,0.1276865459090784,-0.12283488378250156,0.18665121499588716,-0.14375750784037392,0.2210930225330643,-0.16451510948111833,0.23095194436837813,-0.17762551236153068,0.2292141619296468,0.2423003220978004,0.2421164052763405,0.2385276702937456,0.23875023192956685,0.2354296138687725,0.23075343537440507,0.23458284981415833,0.23049052465642791,0.2065410664935789,0.24244451411512158
0.24656585288860175,0.24711396448118697,0.24015106879753467,0.24629844548493326,0.23988233603947862,0.25000000000000017,0.2418148636384157,0.24271757845112887,0.2243389232984534,0.24743030888948878,0.245321484685652,0.03770018027331153,-0.033802864696312725,0.14222763704844082,-0.11953946611858346,0.20914308954985944,-0.15361588334117013,0.23443219915044175,-0.20552858741841826,0.2447075694036395,0.2409426437204817,0.03336913301933157,-0.03098905002506164,0.051831665803226366,-0.025725264967810774,0.03922123107356432,-0.011077305162941172,0.02797223170556274,-0.02122918132442427,0.24555668037569345,0.24589852623550323,-0.07356255584785466,0.08282283817503597,-0.05731275240415241,0.0711103825784148,-0.057525652976396925,0.07421221080521793,-0.041419245648083136,0.04710461307093968,0.23948997252225201,0.24499284746547695,0.12770302889958293,-0.1227987739356647,0.18913885503243869,-0.1455193998721956,0.22508685389083344,-0.16814960831766554,0.23562555353343437,-0.18198606234643167,0.23413060331108076,0.24728660753036735,0.24710358703707982,0.2434005552340427,0.2437194402776864,0.24036589748000778,0.23568117483901785,0.2395199692713933,0.2354160357572654,0.21132310332367565,0.24743439579872534
0.2435137998425787,0.2440502279218208,0.23725597318674785,0.243218657746622,0.23688899978125438,0.2418148636384157,0.25000000000000017,0.2396506206019009,0.22156867491429072,0.24437321466484918,0.24234764233024575,0.03534961290420465,-0.03158690463068897,0.13982209129419185,-0.11744412331492392,0.20679508743487948,-0.1540231190122773,0.23176839058984683,-0.2042223745990743,0.24170530408120608,0.23790903524205187,0.03545410021063847,-0.03311265862472274,0.05376936442075438,-0.027758321024486696,0.04080121492872297,-0.012903457066881605,0.029287995396606932,-0.02263741805227914,0.24251560268765926,0.24287858422999772,-0.07459654355006994,0.0838110561077854,-0.058817172480435546,0.0723802191367028,-0.05897056886716122,0.07524642438361603,-0.04265203337651722,0.048227625363459134,0.23647688831674316,0.24196019205253777,0.1274179932330093,-0.12255151691721683,0.1874559920487548,-0.14427619108664322,0.2225467427239097,-0.16591473869392448,0.23274573606073712,-0.17938683757568016,0.2311409270839417,0.2442316321860303,0.24404859888719174,0.24041044997284436,0.24068130360533457,0.23735162849073765,0.23268237290747085,0.23650733291737372,0.23241899506905261,0.20845330092347106,0.24437729495039026
0.24440107145217962,0.2449399578152746,0.23802983012607948,0.24411305644781645,0.23772490249504694,0.24271757845112887,0.2396506206019009,0.2500000000000004,0.2221754822439786,0.24526194333996715,0.24318541247192338,0.035629582161657423,-0.031832571898673195,0.14009986965785345,-0.11743745631088418,0.20698659766611102,-0.1514965183611059,0.23227696531218187,-0.20341738636567816,0.24254689113782188,0.2387776903040739,0.035332510563759086,-0.03301110013843424,0.05378091591723406,-0.027752513146962674,0.04120615137396416,-0.01310146869270061,0.02986735095474289,-0.023161102386973813,0.24339408264028653,0.24376286503576078,-0.07495041093244781,0.08420883457283783,-0.059150708120031675,0.0728274347584971,-0.059389281960554756,0.07590020577346436,-0.043162609722579445,0.048806641784726025,0.23733066447986564,0.24284033923493648,0.12793723976930602,-0.12305124726373047,0.18818208047711368,-0.14486299765235275,0.2234025852419994,-0.1665476703828207,0.23360550913798686,-0.18002894516156864,0.23197579189156012,0.2451198741357549,0.24493603015749404,0.24128638719897724,0.24155494774754124,0.2382123436057948,0.2335233235104877,0.23736455106674684,0.2332588831614216,0.20919622215672845,0.24526604131922447
0.22605632255700875,0.22655147553354565,0.22007890369646738,0.22573393374013634,0.21939530743438196,0.2243389232984534,0.22156867491429072,0.2221754822439786,0.25000000000000017,0.22686722696387118,0.22498318849892865,0.01942105339971312,-0.016090425624124462,0.12373475974088483,-0.10131619940786049,0.19062966224505887,-0.13627498439995686,0.21577290092034154,-0.22631488211485315,0.22428593203932318,0.22043270767046577,0.05125168491160492,-0.049308520193035575,0.06962815928007653,-0.044072549462959444,0.0568717856702104,-0.02936587127085181,0.044998911865235865,-0.038816897818241776,0.22514822787655614,0.225643659760579,-0.08650387024851072,0.09578214513739806,-0.07442399614646476,0.08711481540335966,-0.07480103048542625,0.08990080548817468,-0.05745535380781811,0.06271799127435677,0.21902984379773385,0.22458092810815822,0.12980168671304476,-0.125062720893125,0.18001917369994958,-0.13918531405820336,0.20902239954637758,-0.1529237581392123,0.21640669788893863,-0.1634550719354309,0.21371691272061602,0.22673894390239077,0.2265485804268093,0.2233511546835016,0.22319875038531792,0.21995244711621711,0.2152361155639871,0.21908895999603675,0.21497807774622688,0.19120656621909174,0.22687142626557047
0.2491233101871285,0.24966223978154467,0.24269169072492008,0.2488295374421237,0.24244045580569526,0.24743030888948878,0.24437321466484918,0.24526194333996715,0.22686722696387118,0.25000000000000017,0.24784713166982097,0.04024078649633916,-0.03628796718741025,0.1447787517686664,-0.12195964420165986,0.21169098528798097,-0.1559745990683985,0.23698785692755528,-0.20797488107962253,0.24726084535194043,0.24349949963024672,0.030934955791781203,-0.028495429396284255,0.04942262739563269,-0.023235207474459736,0.03679478114655473,-0.00859421585757185,0.025633615617730636,-0.01884444580768109,0.24810635615416585,0.24841744066111937,-0.07180699766914415,0.08106520905718603,-0.05501242511118297,0.06895363178670898,-0.05519788747165676,0.07209615947833496,-0.039254726140336316,0.04499030398682029,0.24204105702353643,0.24753307767052626,0.1273470318492562,-0.12242303099682318,0.19022692541661193,-0.14626102574483238,0.22706068258884743,-0.17004985602751835,0.23800819756364164,-0.18431631935588283,0.236678790915174,0.2498432731080522,0.24966135866836742,0.24589408510976948,0.24627504774703596,0.24290962226299984,0.23823241742291998,0.2420664497293253,0.23796651513362066,0.21384770645875636,0.24999299224317134
0.24698428549482931,0.24752450770289047,0.24061092405672224,0.24670221518977525,0.24051005910067128,0.245321484685652,0.24234764233024575,0.24318541247192338,0.22498318849892865,0.24784713166982097,0.25000000000000017,0.03813176049160715,-0.03435000441860348,0.14270134294275377,-0.12071781799722245,0.20977766651640328,-0.1548530144621588,0.2349140003781802,-0.206286981797107,0.24515098633207183,0.24138659484400826,0.032002466422038876,-0.029585650118275006,0.05022534960164154,-0.024188485326691662,0.03757036525044581,-0.009548257136119256,0.02640688493450797,-0.019678125295333606,0.24598711209953902,0.24629856104557318,-0.07219125431152107,0.08141178786755764,-0.055683941496212246,0.06949921883069737,-0.05586894428288417,0.07258820600385262,-0.03991288999673846,0.04559655025003284,0.23993832932467157,0.2454095572775948,0.12692188441460717,-0.1220272781607823,0.18894122751180287,-0.1453048887288255,0.22524929001048175,-0.16852335181745284,0.23598825693201236,-0.1825594960871888,0.23460114783315555,0.24770288841075072,0.24752135537026695,0.24379659888240143,0.24415117361046984,0.24080555636864076,0.23614653808353286,0.2399650833989229,0.23588215533072573,0.2118823436695037,0.24785116757897838
0.040508897523304714,0.04004021559454097,0.04387583111988009,0.03912989716586413,0.03365131344158288,0.03770018027331153,0.03534961290420465,0.035629582161657423,0.01942105339971312,0.04024078649633916,0.03813176049160715,0.25000000000000033,-0.23683646580895554,0.13920572346394666,-0.11358350358730106,0.054494393269359113,0.0028113854225839843,0.0410975895128404,-0.014476303513466831,0.03775378091378268,0.043129667257411027,-0.17635995256942502,0.17613325998129672,-0.15596069736309762,0.1528085633459147,-0.1411788135764415,0.13746345263494628,-0.12487248871120335,0.12484480593572501,0.03852564354059672,0.038739612564533336,0.12113707760678538,-0.12524540655934177,0.1406143910421686,-0.13590738796471621,0.13923912741798336,-0.12783997124641786,0.11908548137479184,-0.1171073704094681,0.04272845721375804,0.040226127594326117,-0.06763471781644824,0.06659185948601902,-0.01459948405513584,0.014933510025250129,0.01974768176972782,-0.03693565042154385,0.03567770926012012,-0.05271403682846091,0.044593931752662457,0.04019985561009242,0.040324236326525355,0.038380243380547595,0.04145749127042743,0.04210530728527209,0.04418684531778918,0.04254795228541327,0.04423813624459107,0.05176469356361665,0.040244549821670805
-0.036566489516675196,-0.03609365776271238,-0.042473821106776374,-0.03519605661666381,-0.029867542408431653,-0.033802864696312725,-0.03158690463068897,-0.031832571898673195,-0.016090425624124462,-0.03628796718741025,-0.03435000441860348,-0.23683646580895554,0.2500000000000001,-0.14096685754244528,0.11612278824478114,-0.05162618728414058,-0.00452723364402651,-0.037668449317041566,0.011752354057889125,-0.03385980276764084,-0.03911834168594086,0.17025810089521817,-0.17001853394427502,0.1518413512754832,-0.1489072552734424,0.13762749817586642,-0.13387745512310167,0.12166505396836337,-0.1215859326624204,-0.03460828353056451,-0.03485000534381708,-0.11824012230859335,0.12228240487032765,-0.1368685675481455,0.1324267612349158,-0.135545379566289,0.12460316235005706,-0.1160293484485084,0.11416504086341014,-0.03879419114341464,-0.03630096699919359,0.06697311062854369,-0.06590778770439404,0.016216514740410366,-0.016037116455328678,-0.016689345491627802,0.03398008204597001,-0.0319583994229256,0.049070655593283365,-0.04065434060917436,-0.03624997998176416,-0.036372572208224326,-0.03452934929139546,-0.03750839356745456,-0.03817470307216172,-0.04024271669808853,-0.038610703639659724,-0.04029508040095402,-0.047853623497770455,-0.036291674856822165
0.1444934152122511,0.14451955917194045,0.1415364854389583,0.14364586997942433,0.13816010876144288,0.14222763704844082,0.13982209129419185,0.14009986965785345,0.12373475974088483,0.1447787517686664,0.14270134294275377,0.13920572346394666,-0.14096685754244528,0.2499999999999999,-0.2233497510738228,0.15987811292188298,-0.10193882430806121,0.14581831035404472,-0.11784750114076478,0.14228101355043032,0.14297073488685608,-0.07220042738311544,0.07384845611597664,-0.05499923272434921,0.07129072719069067,-0.058787646120710524,0.0710298418032602,-0.055327684705025595,0.058708477272626604,0.1429687907077203,0.14323149403193758,0.026216499656902974,-0.02355441112502312,0.04456735185979235,-0.03523259231434094,0.044175124179442554,-0.029939527469473665,0.043964150250055865,-0.04016341782517437,0.1421893199153603,0.14355135286509513,0.028712547186923832,-0.026770784533042904,0.08709766193486133,-0.06513814069590387,0.12285368485272567,-0.10347961319597052,0.13616210692031178,-0.11838595454662236,0.14042513564709105,0.14468527804074824,0.1446591301780154,0.14179759072593645,0.14356425296874464,0.14223927103772324,0.1409847181146081,0.14202985278623714,0.14087862310526067,0.13277747120343497,0.1447825149130251
-0.12172936154876052,-0.12172221232165713,-0.11886072214939765,-0.12089494028848405,-0.12603953608951093,-0.11953946611858346,-0.11744412331492392,-0.11743745631088418,-0.10131619940786049,-0.12195964420165986,-0.12071781799722245,-0.11358350358730106,0.11612278824478114,-0.2233497510738228,0.2500000000000002,-0.159176239982253,0.10130662917311932,-0.12482235660725886,0.09934835095459171,-0.11956718148692697,-0.12044931967078175,0.060134740395542424,-0.061726904697730026,0.05267569854646396,-0.0684460272044117,0.05945906604390852,-0.06863606065735882,0.05461400523809668,-0.0574408718730936,-0.12028651754167259,-0.1206039742930444,-0.02777612293133063,0.025601327098521948,-0.04365875988936071,0.03568047005100184,-0.04347790527432126,0.031120686981040403,-0.04368787668587289,0.04049414404468173,-0.11998589728102599,-0.12094277441211321,-0.020385168027600088,0.018833206865133914,-0.07147052550050693,0.0533579299624977,-0.10281496809755138,0.08765058827267075,-0.11438799091598108,0.10056698826452189,-0.11857471880772229,-0.12188036167058479,-0.12186505592097432,-0.11939811671210929,-0.12101590138449708,-0.11995858805103618,-0.11901830350713555,-0.11979503459892847,-0.11893154517946374,-0.11258833930416039,-0.12196314460353352
0.21097503965258754,0.21138753490963966,0.20547591391577705,0.21054667221977227,0.20473252898715974,0.20914308954985944,0.20679508743487948,0.20698659766611102,0.19062966224505887,0.21169098528798097,0.20977766651640328,0.054494393269359113,-0.05162618728414058,0.15987811292188298,-0.159176239982253,0.25000000000000006,-0.19005010653480425,0.21419458992435875,-0.18582967544489412,0.20925196988546207,0.20670841537091084,0.005713532604181737,-0.003141314386658816,0.015751622526799278,0.009882057779911104,9.761037285906633e-5,0.021563400401529167,-0.005545603161991986,0.011259172632396989,0.2099309819617201,0.21015214945443256,-0.03847782373247428,0.04578912526872197,-0.021531492714202103,0.033562130984720856,-0.021238348309903978,0.03643841129562278,-0.008365012033645189,0.01319080870439203,0.2057079377075226,0.20967531400199388,0.09293151825614801,-0.08904013678906751,0.15350938416037876,-0.11745276928046583,0.18931824617179677,-0.14567483600478381,0.2006862232158348,-0.15977530519919972,0.2015551061738551,0.21156465457611634,0.2114373719294148,0.2080219966494127,0.20886283834658095,0.2062316145320526,0.20275569644592556,0.20559493185202765,0.2025455331976992,0.18408389232921604,0.2116949476172807
-0.15532278574082017,-0.1557253435767224,-0.1499848575144155,-0.1549565116050793,-0.14943507992412727,-0.15361588334117013,-0.1540231190122773,-0.1514965183611059,-0.13627498439995686,-0.1559745990683985,-0.1548530144621588,0.0028113854225839843,-0.00452723364402651,-0.10193882430806121,0.10130662917311932,-0.19005010653480425,0.2500000000000001,-0.16834441427419242,0.142922030901458,-0.1547647605977898,-0.15101550676360445,-0.06051178090958657,0.05973237205351593,-0.06977585142284053,0.045740343659170825,-0.049676487534600224,0.030983432924184248,-0.03667853708620785,0.031923734135151434,-0.1547085703208282,-0.1552944035191341,0.07662311902617779,-0.0839076490349625,0.06917735060667976,-0.07648782459619641,0.06746334783403052,-0.07381239581065567,0.047269022463926974,-0.05000001730671542,-0.1502955648938765,-0.1543484639693357,-0.10050655321282437,0.09691911528488849,-0.1293470201679955,0.10016534424254235,-0.14514204817812404,0.10369019216741931,-0.14860146212113368,0.1094014027580399,-0.14620996266664418,-0.1558897606748666,-0.15574162606780306,-0.153706424734401,-0.1532512985869597,-0.15089316446424325,-0.1473292743065929,-0.15021279282795277,-0.14714053032383068,-0.12948536243224412,-0.1559784441353947
0.2361616630320698,0.23666833520421351,0.22999006826768514,0.2358322242728722,0.22957288243418053,0.23443219915044175,0.23176839058984683,0.23227696531218187,0.21577290092034154,0.23698785692755528,0.2349140003781802,0.0410975895128404,-0.037668449317041566,0.14581831035404472,-0.12482235660725886,0.21419458992435875,-0.16834441427419242,0.24999999999999997,-0.2193392667648154,0.23458858969398266,0.23087954441697237,0.027753956288621904,-0.025456850294958894,0.0461782249413672,-0.020235483510883865,0.03348584486645602,-0.005495134239871834,0.013889156026189318,-0.007187963154348893,0.23513149555991097,0.2355011595430586,-0.06856153299654777,0.07769131973406257,-0.05211323758219229,0.06365516730227579,-0.05007361822109914,0.06150401394416752,-0.028929246726395436,0.03321504118936693,0.22960313931967205,0.23464918671209864,0.12083324297316304,-0.11613780291724857,0.18014027629245616,-0.1381389003142321,0.21451577406078265,-0.16064850792872243,0.2251968011634269,-0.1745356677778475,0.2244171623294874,0.23684974789171448,0.23667861967946702,0.23308883318824214,0.23348192063425294,0.23030272683516545,0.22588870501426248,0.22949211798107094,0.2256356553263259,0.20282610198127965,0.23699189684491095
-0.2072108629519253,-0.20767712649609354,-0.2015728132322199,-0.2068854453957174,-0.20098292106224622,-0.20552858741841826,-0.2042223745990743,-0.20341738636567816,-0.22631488211485315,-0.20797488107962253,-0.206286981797107,-0.014476303513466831,0.011752354057889125,-0.11784750114076478,0.09934835095459171,-0.18582967544489412,0.142922030901458,-0.2193392667648154,0.25000000000000006,-0.21048627941094916,-0.20193154802622457,-0.053284557878868405,0.05162246592854155,-0.07136233430518346,0.046470825571579145,-0.05855938128743853,0.031888855794213786,-0.03887398713633044,0.03311312770958704,-0.20634031722263585,-0.20692316476897876,0.08693937914529003,-0.09601541501674671,0.07635315263432339,-0.08644329516939529,0.07470907494044327,-0.08420430769049052,0.05242823884220004,-0.056191384128041234,-0.20071390783402884,-0.20584890130100095,-0.12390356041075962,0.11944092191522396,-0.1673268040951768,0.1292431455620299,-0.19189946964722548,0.13916505637645676,-0.19813706997267172,0.14839610845974135,-0.19560360585015885,-0.20785784473928726,-0.2076760848354918,-0.2048026137994994,-0.20452495243311256,-0.20149379615855043,-0.19703167072523078,-0.20066047610803786,-0.1967888620955945,-0.1744184115374768,-0.20797836574463144
0.24640237395694708,0.24693546012520678,0.23997754202703803,0.24610370295959597,0.23973370423529491,0.2447075694036395,0.24170530408120608,0.24254689113782188,0.22428593203932318,0.24726084535194043,0.24515098633207183,0.03775378091378268,-0.03385980276764084,0.14228101355043032,-0.11956718148692697,0.20925196988546207,-0.1547647605977898,0.23458858969398266,-0.21048627941094916,0.25000000000000017,0.24077804261249638,0.03329365224682468,-0.030943077678024775,0.051805467350411125,-0.025685871235876283,0.03917191279052856,-0.01104390990217899,0.027968724414248115,-0.021257326093621045,0.24539100665210542,0.2457305695472861,-0.07355412863218919,0.08281616912399656,-0.05730780888333214,0.07111614104713913,-0.05752810291457777,0.07424938266488333,-0.04145237540616061,0.04714003239255309,0.23932535251056386,0.2448250636840773,0.12764738535873812,-0.12274384525931414,0.1890308538273811,-0.1454294529835152,0.2249334368591112,-0.16802856138187414,0.23545934343632638,-0.18185470522416475,0.23396953832829592,0.24711726078711665,0.2469343430438527,0.24323470138186162,0.24355229770887968,0.2402008324348183,0.2355190378912184,0.23935529380752385,0.23525410196331265,0.21117623604980792,0.24726494501373647
0.24266351843809966,0.2431764027337033,0.23643647732832795,0.24234191072154068,0.23597673010508605,0.2409426437204817,0.23790903524205187,0.2387776903040739,0.22043270767046577,0.24349949963024672,0.24138659484400826,0.043129667257411027,-0.03911834168594086,0.14297073488685608,-0.12044931967078175,0.20670841537091084,-0.15101550676360445,0.23087954441697237,-0.20193154802622457,0.24077804261249638,0.25,0.024484456485486153,-0.022164755333285966,0.04307010792688448,-0.01788938600959766,0.03139138046056053,-0.004144922404536782,0.021028380984237375,-0.014443863374618872,0.2416246163507184,0.24193018879189512,-0.06582709458677624,0.07468119426898158,-0.04895956118740534,0.06261698664983373,-0.0491873981374992,0.06591606183063305,-0.03437713505811539,0.03999693270791106,0.23587396908157623,0.24111928210987588,0.12130461070570374,-0.11656565876771824,0.18388802759659287,-0.14127203508995542,0.22064701750323681,-0.16593167117239013,0.23175064662358857,-0.18024703077246004,0.23073598336216827,0.2433571197901592,0.24318468730739035,0.2394736304029424,0.23993824324772245,0.23669690818126748,0.232228947364081,0.2358936856723202,0.2319728534543951,0.2088335138276049,0.24350359163974944
0.030485768222072447,0.031101738774141123,0.027772185779949922,0.031997698602451156,0.037179573622792485,0.03336913301933157,0.03545410021063847,0.035332510563759086,0.05125168491160492,0.030934955791781203,0.032002466422038876,-0.17635995256942502,0.17025810089521817,-0.07220042738311544,0.060134740395542424,0.005713532604181737,-0.06051178090958657,0.027753956288621904,-0.053284557878868405,0.03329365224682468,0.024484456485486153,0.2499999999999995,-0.2447998928649449,0.22487808087921604,-0.2042410122771773,0.19328063356288222,-0.18030000200101715,0.17068534910007904,-0.16859066698262729,0.03253884988108576,0.03240820760961757,-0.18643678679575013,0.19475198994001308,-0.2061761169476049,0.20458099845127414,-0.2039537306896015,0.19453125017955183,-0.16982236283301907,0.16908667031608995,0.025002139717660205,0.0301207515587393,0.13379379126326357,-0.13068946748432259,0.08398924198847293,-0.06955373223293707,0.05044316441747042,-0.00834075041682015,0.03267392080830639,0.008091255606216525,0.02064421250413698,0.030940112892349853,0.030712817867911767,0.03204309351056616,0.028059415293636432,0.026069416008475992,0.021709501729624353,0.025177412629574607,0.021551997807872134,0.0033619707696579946,0.03093107398895445
-0.02805829383956584,-0.028668081806448257,-0.025471917993202975,-0.02958329365972139,-0.0349325423103144,-0.03098905002506164,-0.03311265862472274,-0.03301110013843424,-0.049308520193035575,-0.028495429396284255,-0.029585650118275006,0.17613325998129672,-0.17001853394427502,0.07384845611597664,-0.061726904697730026,-0.003141314386658816,0.05973237205351593,-0.025456850294958894,0.05162246592854155,-0.030943077678024775,-0.022164755333285966,-0.2447998928649449,0.2499999999999999,-0.22884397432387923,0.20844261803308822,-0.19716529623674492,0.1842589074430889,-0.17418052338763898,0.17213771240794118,-0.030164752822360693,-0.03001331825737307,0.1888405171558244,-0.1972019223389257,0.20904140519459713,-0.20727186344876952,0.20685984548663855,-0.19711142384298838,0.17277796477232785,-0.17197977058780625,-0.022539188719040714,-0.027696274628726942,-0.13460941142745894,0.13150347556297337,-0.08319267741859718,0.06899195890500419,-0.04860229253419077,0.006442056740075574,-0.030470541713699135,-0.010377498995926349,-0.018183680201616387,-0.028502396190760795,-0.028273313895420187,-0.02967151401832444,-0.025613974993971087,-0.023626774361972958,-0.019249005415406136,-0.02273345488453954,-0.019092159877565,-0.0008767479171984033,-0.02849142935392082
0.04894137799064728,0.04957922050619642,0.04629296367909701,0.05046896319835629,0.055355851324286595,0.051831665803226366,0.05376936442075438,0.05378091591723406,0.06962815928007653,0.04942262739563269,0.05022534960164154,-0.15596069736309762,0.1518413512754832,-0.05499923272434921,0.05267569854646396,0.015751622526799278,-0.06977585142284053,0.0461782249413672,-0.07136233430518346,0.051805467350411125,0.04307010792688448,0.22487808087921604,-0.22884397432387923,0.24999999999999986,-0.22343237617837702,0.21268539433750394,-0.19707157835190947,0.18737557950987974,-0.1846940240343577,0.05103430010474686,0.05089745131892516,-0.20433556483428214,0.21375503531843298,-0.2242194501903612,0.22342843303213064,-0.2221108804183465,0.21312781602471592,-0.18610732150219486,0.18573983514234385,0.0424936383283815,0.048390206691474924,0.15157881227694142,-0.14793612844203152,0.10232133861056979,-0.08389524700616234,0.06879525567021527,-0.019922674517787196,0.050734097925248946,-0.0034912893610141485,0.03752274400509539,0.049418605759218824,0.049163112890987994,0.05034038118675036,0.04609793473439842,0.04373713700056822,0.03876596842738838,0.04274051232561794,0.03858070050521627,0.017525947529090886,0.04941870790228315
-0.022862176125346405,-0.02341076132290469,-0.02094190117757111,-0.02431976577542798,-0.029437462351196278,-0.025725264967810774,-0.027758321024486696,-0.027752513146962674,-0.044072549462959444,-0.023235207474459736,-0.024188485326691662,0.1528085633459147,-0.1489072552734424,0.07129072719069067,-0.0684460272044117,0.009882057779911104,0.045740343659170825,-0.020235483510883865,0.046470825571579145,-0.025685871235876283,-0.01788938600959766,-0.2042410122771773,0.20844261803308822,-0.22343237617837702,0.2500000000000001,-0.23564808411431637,0.22054068455296183,-0.2030360128394691,0.20052129317252115,-0.02495696463861921,-0.024755769642187536,0.18360218871505932,-0.19211628938694114,0.20610280840494394,-0.2041808573217559,0.2069245149034037,-0.1967130993245261,0.18784412423345756,-0.18731034468678723,-0.01690602277409314,-0.022498064598263007,-0.12916463611057732,0.12644229301534804,-0.07800689438123959,0.06460010822383523,-0.04405284160274505,0.002369719159275131,-0.027644667235539294,-0.01293197440433298,-0.013080879386032335,-0.02324472701748335,-0.02301825221654374,-0.02442142914170198,-0.02040438895271666,-0.018397802422115597,-0.014133603115744553,-0.01764559607887182,-0.013981022595635337,0.003766005410013443,-0.023231190882392328
0.03639286547194987,0.03695479518921006,0.03437117962075263,0.03784329459368941,0.042692972616647666,0.03922123107356432,0.04080121492872297,0.04120615137396416,0.0568717856702104,0.03679478114655473,0.03757036525044581,-0.1411788135764415,0.13762749817586642,-0.058787646120710524,0.05945906604390852,9.761037285906633e-5,-0.049676487534600224,0.03348584486645602,-0.05855938128743853,0.03917191279052856,0.03139138046056053,0.19328063356288222,-0.19716529623674492,0.21268539433750394,-0.23564808411431637,0.24999999999999972,-0.22132636259930596,0.20469029467875918,-0.20193822579186782,0.03841254504599442,0.03820030869720707,-0.1843016718883519,0.19312386066565218,-0.20544723369267953,0.20467704594882072,-0.20682282672990382,0.19862543194406884,-0.18938048364071713,0.18942117686335624,0.030068142126032673,0.035935080121056624,0.13399216472491884,-0.13103897383996582,0.08730267959098513,-0.07164073829765173,0.056067222668510185,-0.011864187925005843,0.04068335089072168,0.0022659332142496687,0.026062472059268156,0.03679586646706952,0.036562888083223465,0.03773342860667244,0.03380230963666032,0.03163433617528698,0.027184012946469705,0.030859841319225263,0.027020230455719878,0.008232091824899297,0.03679091989796539
-0.00830101981757038,-0.008776503458103439,-0.007018382222869281,-0.00967748872075832,-0.014777865360293914,-0.011077305162941172,-0.012903457066881605,-0.01310146869270061,-0.02936587127085181,-0.00859421585757185,-0.009548257136119256,0.13746345263494628,-0.13387745512310167,0.0710298418032602,-0.06863606065735882,0.021563400401529167,0.030983432924184248,-0.005495134239871834,0.031888855794213786,-0.01104390990217899,-0.004144922404536782,-0.18030000200101715,0.1842589074430889,-0.19707157835190947,0.22054068455296183,-0.22132636259930596,0.25,-0.232018499662744,0.22907016781371903,-0.010370111425445952,-0.01010486602581348,0.16776959635392838,-0.1759772751658827,0.19050463443100527,-0.1884560103270425,0.19618934014899725,-0.18598704577261235,0.20305523279724358,-0.20303741975260542,-0.002159405054850529,-0.008031709149142061,-0.11362076860157604,0.11125630826781506,-0.06295674761635685,0.05220393977330364,-0.02997794433957028,-0.006863424611645855,-0.017291600253568285,-0.019466964059747547,0.0004364379868840941,-0.008611285934324458,-0.008402518387640029,-0.009870644324740283,-0.006071264838013733,-0.004229814553280982,-0.00047675147309795266,-0.00375650551102403,-0.00037162367332607883,0.015116355685461625,-0.008590234033916089
0.025291372109121267,0.0257973499612452,0.023798263031525747,0.02665236518798004,0.031368755967593275,0.02797223170556274,0.029287995396606932,0.02986735095474289,0.044998911865235865,0.025633615617730636,0.02640688493450797,-0.12487248871120335,0.12166505396836337,-0.055327684705025595,0.05461400523809668,-0.005545603161991986,-0.03667853708620785,0.013889156026189318,-0.03887398713633044,0.027968724414248115,0.021028380984237375,0.17068534910007904,-0.17418052338763898,0.18737557950987974,-0.2030360128394691,0.20469029467875918,-0.232018499662744,0.24999999999999978,-0.2421729287412671,0.027334677523505085,0.026940272307292686,-0.16139187192450913,0.16988568443093874,-0.1836648111326467,0.1865953186376596,-0.19403729887238094,0.1959583902008748,-0.21341246407432785,0.21646347035786012,0.018662887317591543,0.024958776006725934,0.1151411793656591,-0.11261442949125647,0.0730744723629049,-0.06059631337684149,0.04586559122601028,-0.00673941177115816,0.0339989265111034,0.004910600054187455,0.016092490714054362,0.02563954969370198,0.02542747641001973,0.026576570529491292,0.022966036708859015,0.020971343965575855,0.01706655509252457,0.02049540050310266,0.0169506415952202,0.0005601569685307783,0.025629837872390395
-0.018527878494970295,-0.01901692616442741,-0.01722275458852017,-0.01988611355058382,-0.0247278986725403,-0.02122918132442427,-0.02263741805227914,-0.023161102386973813,-0.038816897818241776,-0.01884444580768109,-0.019678125295333606,0.12484480593572501,-0.1215859326624204,0.058708477272626604,-0.0574408718730936,0.011259172632396989,0.031923734135151434,-0.007187963154348893,0.03311312770958704,-0.021257326093621045,-0.014443863374618872,-0.16859066698262729,0.17213771240794118,-0.1846940240343577,0.20052129317252115,-0.20193822579186782,0.22907016781371903,-0.2421729287412671,0.24999999999999997,-0.020675259126039354,-0.02018489634116528,0.1582983244160833,-0.16667844916668928,0.18107936642327668,-0.18376139125135252,0.1920865939036714,-0.1935820665079423,0.22011184048179225,-0.22316386884871728,-0.011884523167813878,-0.018237146814243942,-0.11083358301265527,0.10841711784429241,-0.0675303563698879,0.05609572997068319,-0.039642846153169514,0.002041318392060682,-0.02854112246143186,-0.00904139039154602,-0.009671699391184936,-0.018854327285028526,-0.018646863406780796,-0.019881147180598302,-0.016279340947359288,-0.014363498616690305,-0.010605781359512114,-0.013975033354696438,-0.010509236354759583,0.005134553459984367,-0.01884055041740287
0.24724395116390524,0.24778142685462357,0.24082127679359067,0.246951793072262,0.24058254513499913,0.24555668037569345,0.24251560268765926,0.24339408264028653,0.22514822787655614,0.24810635615416585,0.24598711209953902,0.03852564354059672,-0.03460828353056451,0.1429687907077203,-0.12028651754167259,0.2099309819617201,-0.1547085703208282,0.23513149555991097,-0.20634031722263585,0.24539100665210542,0.2416246163507184,0.03253884988108576,-0.030164752822360693,0.05103430010474686,-0.02495696463861921,0.03841254504599442,-0.010370111425445952,0.027334677523505085,-0.020675259126039354,0.24999999999999994,0.2465647538963608,-0.07318812081124329,0.08244175050311305,-0.056605489124512985,0.07048007636022342,-0.056808534970720984,0.07363591861027098,-0.04088837315479536,0.04659016344572983,0.24016500278885963,0.2456638366305374,0.12768335929904376,-0.12275906948672163,0.18946573402450076,-0.14569750447806362,0.22556647184760859,-0.16862653460216412,0.23625045555015597,-0.18262029734229146,0.23480936310380357,0.24796212241367768,0.24777952596980135,0.244061843669958,0.2443962800533145,0.24103955936884272,0.23636042477480118,0.24019620991700893,0.23609525384859156,0.21200578759441754,0.24811044114945352
0.24755479092897156,0.24809463618300365,0.24115413712334993,0.24727572874245266,0.24097600702668784,0.24589852623550323,0.24287858422999772,0.24376286503576078,0.225643659760579,0.24841744066111937,0.24629856104557318,0.038739612564533336,-0.03485000534381708,0.14323149403193758,-0.1206039742930444,0.21015214945443256,-0.1552944035191341,0.2355011595430586,-0.20692316476897876,0.2457305695472861,0.24193018879189512,0.03240820760961757,-0.03001331825737307,0.05089745131892516,-0.024755769642187536,0.03820030869720707,-0.01010486602581348,0.026940272307292686,-0.02018489634116528,0.2465647538963608,0.24999999999999997,-0.07335036568820157,0.08255522069810857,-0.05653018444583821,0.07033979360104364,-0.05660406983995519,0.0732791104131702,-0.040465179514206175,0.04615816557099485,0.2404748687598611,0.2459711427657058,0.12789185399411074,-0.12295297604087752,0.18969583435025403,-0.14582550595271077,0.2257819183482189,-0.16879049737547522,0.2365216296146752,-0.18285275909009227,0.2351099822710714,0.2482729395376163,0.248090283844078,0.24436830403588242,0.24470456254190426,0.24134432508814546,0.2366628050451168,0.24050037898698573,0.2363972810684438,0.21228773482400995,0.2484214700520263
-0.07129205998285383,-0.07190363465421307,-0.06842491321689194,-0.07256858441891582,-0.07592142839918255,-0.07356255584785466,-0.07459654355006994,-0.07495041093244781,-0.08650387024851072,-0.07180699766914415,-0.07219125431152107,0.12113707760678538,-0.11824012230859335,0.026216499656902974,-0.02777612293133063,-0.03847782373247428,0.07662311902617779,-0.06856153299654777,0.08693937914529003,-0.07355412863218919,-0.06582709458677624,-0.18643678679575013,0.1888405171558244,-0.20433556483428214,0.18360218871505932,-0.1843016718883519,0.16776959635392838,-0.16139187192450913,0.1582983244160833,-0.07318812081124329,-0.07335036568820157,0.25000000000000006,-0.23877951562310468,0.2161471176462917,-0.21333477346363344,0.20185894495015888,-0.1927686469121951,0.16308036548807942,-0.16351694039357856,-0.06463930212894729,-0.07039319330813638,-0.19170577947906636,0.1850647710396416,-0.12746946064527298,0.09411085928565784,-0.0806191968980225,0.02616015756783852,-0.06904151898450595,0.01835060952592492,-0.058896606135069716,-0.07178911029193599,-0.07152474083110259,-0.07290599073468569,-0.06823021213883941,-0.06546404212357793,-0.06035172452020704,-0.06453364437813248,-0.060138885023968254,-0.03721519656359523,-0.07180415645051032
