x1,x2,x3,x4,x5,x6,x7,x8,x9,x10,x11,x12,x13,x14,x15,x16,x17,x18,x19,x20,x21,x22,x23,x24,x25,x26,x27,x28,x29,x30,x31,x32,x33,x34,x35,x36,x37,x38,x39,x40,x41,x42,x43,x44,x45,x46,x47,x48,x49,x50,x51,x52,x53,x54,x55,x56,x57,x58,x59,x60
0.25000000000000006,0.24512182013528944,-0.17275638633844972,0.24578971100577374,-0.2079555281075323,0.24577524358863032,-0.2052838426193735,0.2454508580170253,-0.1769613018801625,0.2460408745965333,0.16351201693944062,-0.16001165163703066,0.1722041640871023,-0.16963898343606165,0.19824120410857923,-0.185643092474477,0.19672072680533126,-0.18180461850199206,0.1694270982994236,-0.14974001392654296,-0.023384646531645063,0.07908664017923107,-0.07832664736739657,0.11068155832115108,-0.09012305265307144,0.12842017963571817,-0.12092438379595963,0.15799350598554376,-0.15333455199489293,0.176793848410293,0.04461012676016126,-0.002468721518384566,0.00864741215841781,0.03270989701333811,-0.018651702401255278,0.07111605528354889,-0.06349303498822069,0.10576937176261025,-0.09179366620685696,0.13014854971540352,0.10486240881917246,-0.10118548027105699,0.1147802901407638,-0.11382352277088811,0.1486102879253561,-0.13860921011746702,0.15371508183371713,-0.14499677411711437,0.147572219377966,-0.11141056928245174,0.24201261439340147,0.2455304879681879,-0.11923939560088713,0.24563793162937275,-0.1541969306407926,0.2456327665560489,-0.1565972822982804,0.245879638168581,-0.15066604576596151,0.2460426455598421
0.24512182013528944,0.2500000000000001,-0.17728670677802782,0.24882574887019562,-0.2113338020846743,0.2488439607388205,-0.208377694312456,0.24857930769341316,-0.1795530020883853,0.24907300873477206,0.16717836159994562,-0.16362238396545206,0.17581736359908226,-0.17320154156113016,0.20166139643207984,-0.18879570722779412,0.19981222692367476,-0.18472321608523054,0.1720628697303501,-0.1522715180859937,-0.024762474400016565,0.08137530567401703,-0.08059716329676452,0.11340954260756561,-0.09249527654114093,0.13114590696757875,-0.12354205177639396,0.16085362705876674,-0.15613443627615714,0.1796810847295433,0.04632476386047046,-0.0035020931808349785,0.009781777138192107,0.03226534612138403,-0.017985419717302796,0.07130421635060596,-0.0635678925417472,0.10653058180222519,-0.09236925708748764,0.1313428970205097,0.1055935366468201,-0.10185577100886639,0.11567258610084585,-0.11470018119694031,0.15005405355991738,-0.13989507788441205,0.15524737137482902,-0.14639297001283383,0.1490527565201795,-0.11240399267093731,0.24500418388700346,0.2485543698246928,-0.12021752280346282,0.24866347634539568,-0.15574292489746358,0.24865823009184576,-0.15818594709901884,0.24890913074919763,-0.1522000294351564,0.24907479355989853
-0.17275638633844972,-0.17728670677802782,0.24999999999999994,-0.176734470762599,0.2027642916738759,-0.17663087170850572,0.18321473355025708,-0.1767271468518967,0.1512283238441367,-0.1764812939318748,-0.22571397531100795,0.2254338673129839,-0.23753824772153037,0.23457368409421114,-0.21196271567561067,0.19780322084995253,-0.18903693036305008,0.1775267772550457,-0.15631422353130642,0.15351441863490103,0.09017862996805553,-0.1452714942846338,0.14410595447127725,-0.1762427361945223,0.15567864923030003,-0.17726140176229538,0.17027319257108853,-0.18004816413160227,0.17647100198550167,-0.1775883521898833,-0.11053044292169817,0.0694511567370281,-0.07556307978666578,0.034366623942052935,-0.04831562205589096,-0.0035725447391241547,-0.0034787035709788576,-0.0382192783488266,0.027014182214133552,-0.06458494740546715,-0.03695275687573392,0.033269679968312225,-0.046698107043562476,0.04574936679483556,-0.0801449823832041,0.07027791267043924,-0.08522088298159111,0.0768401588621574,-0.08225275147650371,0.053221085929494025,-0.1742194085639258,-0.17598140968580436,0.05200616321671885,-0.17608157369527958,0.08643121417723602,-0.17607667108549252,0.08873850608108615,-0.17632066490409182,0.08551929079332372,-0.17648211114322784
0.24578971100577374,0.24882574887019562,-0.176734470762599,0.25000000000000006,-0.21206636285104166,0.24949951485018904,-0.20895424844069163,0.24921282497263406,-0.18001909629447727,0.24973965560180417,0.16761116053342467,-0.16403788453095394,0.1762624780932996,-0.17364191716207272,0.20226504883373442,-0.18937008933402366,0.20037854336614994,-0.18524263140375502,0.1725292632912243,-0.15268259777065107,-0.024811820584715826,0.08157326448384865,-0.08079316259114526,0.11369232797438748,-0.09272758988035419,0.13150139517483272,-0.12387642779846045,0.16129601640216132,-0.1565637533596488,0.1801682558558986,0.04643083369519355,-0.0034964124793769053,0.009792561509959176,0.03236196026271744,-0.0180444508791835,0.07150343295613454,-0.06374610863955073,0.10682187615951919,-0.09262136081970711,0.13169778153149156,0.1058830420965809,-0.10213551281380995,0.11598849811354627,-0.11501353705945956,0.15046036131313797,-0.14027464262457828,0.15566729101173102,-0.14678933439930344,0.1494554779261863,-0.11270786572833416,0.24565984445132918,0.24921965189999518,-0.12054523023598536,0.24932904631563602,-0.15616405710586426,0.24932378623243398,-0.15861347869778938,0.24957534652435173,-0.152610990339161,0.24974144489211927
-0.2079555281075323,-0.2113338020846743,0.2027642916738759,-0.21206636285104166,0.2499999999999999,-0.21207154716403784,0.2187593051233194,-0.21198150947589484,0.18775524312740688,-0.21181724563724494,-0.20044862062938615,0.19789825288168342,-0.2099797282105178,0.20756874883076648,-0.23594872457661692,0.2210338909858095,-0.2215611257355873,0.20675140029955505,-0.1878280283298064,0.1724704424824089,0.06000222445647617,-0.11628284908130399,0.11529150441825703,-0.14813069402239568,0.12768990043416234,-0.16389465194513106,0.15640307752768057,-0.18769960880117337,0.18320610935315632,-0.1988297451210762,-0.08110138267704174,0.0389660831439644,-0.04520523482687285,0.0036421512895585973,-0.017880145766878068,-0.03512793886278926,0.027497926193061684,-0.07018430974344947,0.05658809208945906,-0.09526591302389577,-0.06924684407867673,0.06551313313666632,-0.07921932646613229,0.07825130606072996,-0.11339255325287376,0.10329502174770648,-0.11855598319596833,0.10980147506735913,-0.11390516402807985,0.08030165906689805,-0.20870305667521047,-0.2113037251288219,0.08422102841307781,-0.21140890466229428,0.11945644701093652,-0.2114037992948795,0.12183580512444322,-0.21165311894204092,0.11714509756984703,-0.21181794851263444
0.24577524358863032,0.2488439607388205,-0.17663087170850572,0.24949951485018904,-0.21207154716403784,0.24999999999999967,-0.20914391535221366,0.24929424948671844,-0.18005632747275446,0.24972524623783274,0.16762032621554768,-0.16405265453523607,0.1762777308032604,-0.17365763670741305,0.20228377764499328,-0.18940667917306445,0.20049417980075027,-0.1853559276601923,0.1726528726177796,-0.15278668403677786,-0.024826533388222077,0.08158821435924657,-0.08080801403106949,0.1137075830754804,-0.09274358188497066,0.1315340142139676,-0.1239086408393617,0.1613729050338803,-0.15663910289870156,0.18027445048205676,0.04644551696927792,-0.0035112418711657715,0.009807410275130947,0.03234664587900697,-0.018029037280326073,0.07148825354180079,-0.06373039361487036,0.10680643082802731,-0.09260220799119218,0.13167924625864608,0.10586805893682556,-0.10212051537259068,0.11597351932327353,-0.11499855349539159,0.15044552803297218,-0.14025975288980944,0.15565245985080273,-0.14677427306317437,0.1494407562324173,-0.11269102031149586,0.2456458551252917,0.2492052388117895,-0.12053049117157062,0.24931463219637856,-0.15614942924442668,0.24930937213803275,-0.15859881767546524,0.24956093343872893,-0.1525963316556099,0.24972703260794332
-0.2052838426193735,-0.208377694312456,0.18321473355025708,-0.20895424844069163,0.2187593051233194,-0.20914391535221366,0.24999999999999978,-0.20946930383093224,0.21241827993007587,-0.20888580763304143,-0.17780010899381843,0.17516735242048384,-0.18723194939947113,0.18569987957660344,-0.21407489200683327,0.22457183964448216,-0.23697544853791358,0.2219313454377079,-0.20586487125609898,0.18741587304380725,0.03872233395379808,-0.09479239387549183,0.09387583883095431,-0.1266733890030235,0.12984061788449924,-0.1682109181028484,0.1614649044706687,-0.1983786574447914,0.19369299001222343,-0.21411911210125883,-0.059727259711393546,0.02336666293007114,-0.029394564014976594,0.006592681784744997,-0.020834704902901808,-0.03218006561623536,0.024484931280423474,-0.06718617207814187,0.05312540443106962,-0.09186442448855243,-0.06693017560408526,0.0635293378109104,-0.0762725692534322,0.075304353649743,-0.11044923868906119,0.10035233783533488,-0.11561381115915836,0.10683473885493619,-0.11100213308521566,0.07722172052603497,-0.20584074891623244,-0.20837090394696148,0.08131284259302918,-0.20847580669221785,0.11654779766083487,-0.20847070982979873,0.11892371068033555,-0.20872004991783605,0.11425212997096233,-0.20888490975551713
0.2454508580170253,0.24857930769341316,-0.1767271468518967,0.24921282497263406,-0.21198150947589484,0.24929424948671844,-0.20946930383093224,0.25000000000000006,-0.180576556999372,0.2493980407030575,0.1677109544650809,-0.1641517787955563,0.17637668181785063,-0.17376345789145684,0.20239048002321214,-0.18971632491689366,0.20082071466589685,-0.18568494922642673,0.17302119507285013,-0.15314162394030092,-0.024937362944950105,0.0816971107106799,-0.08091574531450889,0.11381684195103312,-0.0930624189383487,0.1318532836625539,-0.12423540170284766,0.16170066493419902,-0.15696684188569585,0.18062903224022786,0.04655267062541215,-0.0036727786616592723,0.009967051845205547,0.03202044687840942,-0.017702465181272296,0.07116162946695803,-0.06340371642082586,0.10647957877884344,-0.09227531416494275,0.13135223689820935,0.10554716180785201,-0.1018023951773719,0.11564667517817426,-0.11467169895140947,0.1501185738656537,-0.13993283218929728,0.1553254947500115,-0.14644750972863055,0.1491268090736928,-0.11239935630863107,0.24532708837572806,0.24887803769995473,-0.12020803787937856,0.24898740075608186,-0.1558261979932231,0.2489821417108045,-0.15827512348988543,0.24923370163629452,-0.1522833991309275,0.249399801841545
-0.1769613018801625,-0.1795530020883853,0.1512283238441367,-0.18001909629447727,0.18775524312740688,-0.18005632747275446,0.21241827993007587,-0.180576556999372,0.24999999999999983,-0.17998893838806374,-0.14505595086297254,0.1426368958189806,-0.1547178993786465,0.15428840853498574,-0.18242363449820748,0.19517042534024365,-0.20775558664944144,0.21780914830516446,-0.24095140502813686,0.22146247663397556,0.0219698038831983,-0.07369705440458803,0.07299341727290162,-0.10450189247871,0.12028266753897421,-0.1576934168184852,0.15768696267620994,-0.19405790614827131,0.1896778025632375,-0.21196766793754873,-0.04140335187254127,0.01338379195733934,-0.018702313889907222,0.012920560202256811,-0.026084252381337974,-0.02144753759438587,0.01432572492283977,-0.052644957125835924,0.03947373392664203,-0.07426830700427298,-0.053446368079191585,0.05065979819847889,-0.06131011600549408,0.060443407031658465,-0.0918936445738697,0.08261453252236226,-0.09626846748451867,0.08827611388431607,-0.09222005298656974,0.061941803155732646,-0.1774434336180267,-0.17952486712160415,0.06591557979113458,-0.17961807970267035,0.09743212157201821,-0.179613538347509,0.0993205065630836,-0.17983635993113464,0.09515214157525398,-0.1799842277895363
0.2460408745965333,0.24907300873477206,-0.1764812939318748,0.24973965560180417,-0.21181724563724494,0.24972524623783274,-0.20888580763304143,0.2493980407030575,-0.17998893838806374,0.24999999999999958,0.1673681489156899,-0.16378406778361096,0.17600980116219692,-0.17338891884526933,0.20201640323597017,-0.18913966372026378,0.20022829055908434,-0.1850919925436259,0.1724325372923888,-0.15255033651196587,-0.02455778902014355,0.08131939857013233,-0.08054085128800963,0.11343896106484451,-0.09247627537850087,0.1312672903110185,-0.1236422735511357,0.16110756806055246,-0.1563737368662663,0.18004122307312417,0.046179249099123666,-0.003242860825495354,0.0095390094528057,0.032613372494121565,-0.018296069765546492,0.07175515173159933,-0.06399731731808443,0.10707335834879003,-0.09286901663025528,0.1319460416712064,0.10613479648802027,-0.10238745515942171,0.11624047579259997,-0.11526552212672588,0.15071245239464517,-0.14052666544570835,0.15591935188436287,-0.14704100700690995,0.1496968494936701,-0.11292891131640502,0.24590566818416584,0.24947201565827162,-0.12079381553908529,0.24958143340730685,-0.15641328589464423,0.24957617253875888,-0.15886302564883956,0.249827734046298,-0.1528515864850567,0.24999383180800583
0.16351201693944062,0.16717836159994562,-0.22571397531100795,0.16761116053342467,-0.20044862062938615,0.16762032621554768,-0.17780010899381843,0.1677109544650809,-0.14505595086297254,0.1673681489156899,0.2499999999999997,-0.2459919329774928,0.23715203357899495,-0.2346367253649556,0.2102809474864335,-0.19589128157808935,0.18520193653351713,-0.17378942728578525,0.15115892160241315,-0.15040642222300712,-0.10674303337836359,0.1634547112380718,-0.16219659193774894,0.1874708516524773,-0.16698927836265162,0.18126781691188468,-0.17439655825125247,0.17923456845696484,-0.17594162421075998,0.17404789291984757,0.12745323364004002,-0.08545777071246265,0.09174295957876923,-0.049577381194143205,0.0630339183764937,-0.009759328407943562,0.016457994816253513,0.026269166352768016,-0.015966544830060624,0.054372000816087875,0.02381600109286394,-0.020021231508678045,0.03382176416887526,-0.03284493729654833,0.06823817226763611,-0.058626395550548556,0.07401099143683312,-0.06572876674183252,0.07196478352588123,-0.044149591036905,0.1653913612065346,0.16685491587650314,-0.039469947237274566,0.16695672394880465,-0.07486655400600452,0.1669517257490812,-0.07772846605361894,0.16720343494959475,-0.0753667398484244,0.16736895646477443
-0.16001165163703066,-0.16362238396545206,0.2254338673129839,-0.16403788453095394,0.19789825288168342,-0.16405265453523607,0.17516735242048384,-0.1641517787955563,0.1426368958189806,-0.16378406778361096,-0.2459919329774928,0.24999999999999975,-0.23769578161703697,0.23528126222518203,-0.20896319370243108,0.19456268586390765,-0.18340018371098982,0.17211157033703536,-0.1492475268580902,0.1492167931057772,0.11062026775193763,-0.16738574726018182,0.16610788667581336,-0.190139501194788,0.16967643098813331,-0.18220926253972838,0.17538465400971545,-0.17870893671703963,0.17550286795982223,-0.1726970348285026,-0.13129732921496476,0.08930169778924447,-0.0955926638470439,0.05335720030873436,-0.06668087924713337,0.013376134237383704,-0.019976231563624595,-0.02275816331051737,0.012714863308447557,-0.05110478371346948,-0.020102288031434695,0.016301114387627293,-0.030114429970192366,0.02913654913183564,-0.06456250738815211,0.05503064482664362,-0.0704310008727712,0.06220333163274411,-0.06861578130915208,0.04126453617358645,-0.16189908411793164,-0.16327065782786337,0.03581725088224784,-0.16337222579666777,0.07123925066502357,-0.16336723491593697,0.0741820305203937,-0.1636192789091918,0.0720319117402539,-0.1637848600554082
0.1722041640871023,0.17581736359908226,-0.23753824772153037,0.1762624780932996,-0.2099797282105178,0.1762777308032604,-0.18723194939947113,0.17637668181785063,-0.1547178993786465,0.17600980116219692,0.23715203357899495,-0.23769578161703697,0.24999999999999972,-0.2468569505373794,0.22101359929042427,-0.2063331665006505,0.19540430440539225,-0.18385237974804414,0.16105959117808605,-0.1594089471700995,-0.09846646735996385,0.15524269590218465,-0.15400784752225832,0.18702313125199999,-0.1660868094606565,0.18702271650178234,-0.179897961482207,0.18811677947313513,-0.1845063823180126,0.1837899663097242,0.1193832926259411,-0.07718051439297016,0.08347623192750675,-0.04123938627135982,0.055604761355753214,-0.002139795505252254,0.009362228940354978,0.03359307990901943,-0.022244829944280616,0.06092923432358096,0.03225408298160472,-0.02845917524953754,0.04228231670362249,-0.041304504213420586,0.07674546853542495,-0.06658738785256908,0.08198512785616828,-0.07337233585316424,0.07919720669112977,-0.04984600108051438,0.17382951080463888,0.17549508278739193,-0.0478302423718232,0.1755977600804566,-0.08328936195865634,0.1755927263648122,-0.08566743630481628,0.1758441352524452,-0.08258112167474568,0.17601050336733384
-0.16963898343606165,-0.17320154156113016,0.23457368409421114,-0.17364191716207272,0.20756874883076648,-0.17365763670741305,0.18569987957660344,-0.17376345789145684,0.15428840853498574,-0.17338891884526933,-0.2346367253649556,0.23528126222518203,-0.2468569505373794,0.24999999999999972,-0.22123219430392838,0.20660164086117086,-0.19533765538628386,0.18384264027578098,-0.16088306968690694,0.15954265458777062,0.10109507862371134,-0.15787846926700913,0.1566288656579005,-0.18994259127682211,0.16901132037202624,-0.18846867727478875,0.18138253218198036,-0.18855924097333088,0.18499932170006447,-0.18382282787558477,-0.12199280155652013,0.0798140885064275,-0.08611045193151275,0.043882103529167125,-0.05828517467040407,0.004808923916394296,-0.011999949632041424,-0.030956814885192183,0.019746491557163206,-0.05841684793499772,-0.02961984456883701,0.025823075269968538,-0.03964596217602384,0.03866792871669333,-0.07411297901856706,0.0639345085795679,-0.07933445350075989,0.07073109060876513,-0.07667323103756661,0.047615629057029187,-0.17127619953652895,-0.17287423970173293,0.04523005737006093,-0.17297668905811722,0.08068779087162611,-0.17297166273298206,0.08304518539281934,-0.17322307248290028,0.0800658154824936,-0.17338949480838858
0.19824120410857923,0.20166139643207984,-0.21196271567561067,0.20226504883373442,-0.23594872457661692,0.20228377764499328,-0.21407489200683327,0.20239048002321214,-0.18242363449820748,0.20201640323597017,0.2102809474864335,-0.20896319370243108,0.22101359929042427,-0.22123219430392838,0.24999999999999972,-0.23424909627106444,0.22375527883802948,-0.2093068545924751,0.1869960835174713,-0.1754661890009482,-0.07243350247651836,0.129203807476961,-0.12813166371707002,0.16131049379217635,-0.14040116057809746,0.17675125537603378,-0.16918894003786616,0.19585075207288744,-0.191456766369272,0.20152869708593926,0.0936053528139086,-0.05115024730346993,0.0574457031093162,-0.015277604086503811,0.029650238814452876,0.02381572478353769,-0.016123685595735245,0.059173399809106186,-0.04575872161427171,0.08473695590784018,0.05822671284360402,-0.0544492005353293,0.06828068294594922,-0.06730387905511864,0.10274671021580434,-0.09256364041120545,0.1079556804150027,-0.09913522389166655,0.10375899656003065,-0.07089589663275202,0.19917682776170653,0.20149921462951748,-0.0734823273719492,0.2016042366411358,-0.10899549208015917,0.20159912298975732,-0.1113802281172365,0.2018505598098358,-0.10706299911231179,0.2020168560298313
-0.185643092474477,-0.18879570722779412,0.19780322084995253,-0.18937008933402366,0.2210338909858095,-0.18940667917306445,0.22457183964448216,-0.18971632491689366,0.19517042534024365,-0.18913966372026378,-0.19589128157808935,0.19456268586390765,-0.2063331665006505,0.20660164086117086,-0.23424909627106444,0.24999999999999964,-0.23689358755878373,0.22290947513156856,-0.2004022692787241,0.1893939048203191,0.061918038135319445,-0.1185167826957012,0.11743767817311122,-0.1506696929870986,0.15327596625875242,-0.19205806920708532,0.1844546414242897,-0.21042171282595332,0.20600287654417163,-0.21521684365215346,-0.08291260867757604,0.0461322748817949,-0.052224038098829174,0.02815844941573485,-0.04254921272589458,-0.010925858138887516,0.00315864174383539,-0.04622292856430545,0.0326960474718907,-0.07170074935860468,-0.045955378940940546,0.04249274854324798,-0.055390585708829154,0.05441319071172655,-0.0898592269264112,0.0796756558270854,-0.09506793510449282,0.08622534582091282,-0.0913350420023879,0.05925086265115205,-0.18662683305432806,-0.188621927062358,0.0607649762083983,-0.1887257655030433,0.09625621225790588,-0.1887206908110341,0.09862248972761696,-0.18897212282455148,0.09468011854570148,-0.18913849481266518
0.19672072680533126,0.19981222692367476,-0.18903693036305008,0.20037854336614994,-0.2215611257355873,0.20049417980075027,-0.23697544853791358,0.20082071466589685,-0.20775558664944144,0.20022829055908434,0.18520193653351713,-0.18340018371098982,0.19540430440539225,-0.19533765538628386,0.22375527883802948,-0.23689358755878373,0.24999999999999978,-0.23464788899871686,0.21262344105940756,-0.19554367812052767,-0.04919190323921183,0.10574689549979291,-0.1047606911489801,0.13790487398085305,-0.1413393347504845,0.18012351235822635,-0.1733893369806866,0.2108038595281264,-0.2060703219285934,0.22203582666777064,0.07028085135525117,-0.033781728312789416,0.03985900561019899,-0.017086134925525125,0.031463742570592396,0.022008945302919657,-0.014243137312401455,0.057309511884734585,-0.04311225078358321,0.08218519282321514,0.05707351129807546,-0.05364091291177037,0.06647735559075074,-0.06550040578562652,0.1009467993696542,-0.09076297245053297,0.10615536796964295,-0.09730574779644025,0.10192309236092491,-0.06854910077691058,0.19743031343090703,0.1997094986170686,-0.07170276040914769,0.19981434220423874,-0.10721743826905945,0.19980923356123326,-0.10959863812404953,0.2000606907867463,-0.10523363919946079,0.20022701356072722
-0.18180461850199206,-0.18472321608523054,0.1775267772550457,-0.18524263140375502,0.20675140029955505,-0.1853559276601923,0.2219313454377079,-0.18568494922642673,0.21780914830516446,-0.1850919925436259,-0.17378942728578525,0.17211157033703536,-0.18385237974804414,0.18384264027578098,-0.2093068545924751,0.22290947513156856,-0.23464788899871686,0.24999999999999967,-0.2265001127216434,0.2101811505041949,0.04580419446227974,-0.10196918608214173,0.10110148495973419,-0.13416419721406175,0.14989375199501925,-0.1885458254213851,0.18822056905674273,-0.22568087235909623,0.22094912905303415,-0.2358930672930536,-0.06663086602930358,0.034658849707633714,-0.04057107976202514,0.03199841598823858,-0.04638491617019826,-0.007042371472017375,-0.0007204458335842028,-0.042303213069031946,0.028112551574613343,-0.06714881533201436,-0.04256270437652624,0.03937715420787416,-0.05146719071142849,0.05049057702359629,-0.08590329043269931,0.07572764434709676,-0.09110527326855059,0.08227132477959181,-0.08746483123559262,0.05513832944243685,-0.18267850924364315,-0.1845736026386937,0.056888054734262485,-0.18467696974679845,0.09233902822760551,-0.1846719116447571,0.09469554003019613,-0.18492309729734696,0.09081921821495657,-0.1850893331234207
0.1694270982994236,0.1720628697303501,-0.15631422353130642,0.1725292632912243,-0.1878280283298064,0.1726528726177796,-0.20586487125609898,0.17302119507285013,-0.24095140502813686,0.1724325372923888,0.15115892160241315,-0.1492475268580902,0.16105959117808605,-0.16088306968690694,0.1869960835174713,-0.2004022692787241,0.21262344105940756,-0.2265001127216434,0.2499999999999997,-0.2300339368353476,-0.029658651276798006,0.08143618071428331,-0.08068445431790788,0.11232724423168752,-0.12816428174806535,0.1658047070121261,-0.1658032174183535,0.20247884409628863,-0.19808266567705238,0.22012513579362655,0.049039744160725034,-0.021080187335292423,0.02640332287347783,-0.020648536354027924,0.03384060163849878,0.013738933879021054,-0.006600905580189132,0.04495682941781442,-0.031742601448943905,0.06657421488585791,0.04578063727579088,-0.042987147362274145,0.05364242498436548,-0.05277458421828836,0.0842544023459592,-0.07496272151014238,0.08862940907677393,-0.08062990723191785,0.08488236478474105,-0.05507400399227439,0.17008728779743684,0.17196875913998205,-0.05835722336333423,0.17206134983532081,-0.08988666320927365,0.17205682780528178,-0.09176223313187547,0.1722798382178409,-0.08784139066591524,0.1724278856165344
-0.14974001392654296,-0.1522715180859937,0.15351441863490103,-0.15268259777065107,0.1724704424824089,-0.15278668403677786,0.18741587304380725,-0.15314162394030092,0.22146247663397556,-0.15255033651196587,-0.15040642222300712,0.1492167931057772,-0.1594089471700995,0.15954265458777062,-0.1754661890009482,0.1893939048203191,-0.19554367812052767,0.2101811505041949,-0.2300339368353476,0.24999999999999986,0.043895804933165944,-0.09179141479570711,0.09108718403133606,-0.12042782015379447,0.1367083557567417,-0.17176742451130578,0.1719584566052332,-0.20651691380135925,0.20233392672212064,-0.22233982141363903,-0.06173615403839464,0.03488675613508401,-0.03993381565596412,0.0349256574136009,-0.0474077544232887,0.0012607969148368738,-0.008035027378441433,-0.029130773999846753,0.01662074085727675,-0.05037199887871213,-0.02952613715872629,0.026812691878895657,-0.037129285635930306,0.03628541376857173,-0.06687407163860722,0.05805829605251072,-0.0713397122776313,0.06367991039061094,-0.06843460733839499,0.04079916682756536,-0.15065681995193425,-0.15210094382855724,0.04191148255710488,-0.15218954915615482,0.07251718481384681,-0.15218520248215722,0.07451667852564596,-0.15240211393783254,0.07135515379648989,-0.15254576716405807
-0.023384646531645063,-0.024762474400016565,0.09017862996805553,-0.024811820584715826,0.06000222445647617,-0.024826533388222077,0.03872233395379808,-0.024937362944950105,0.0219698038831983,-0.02455778902014355,-0.10674303337836359,0.11062026775193763,-0.09846646735996385,0.10109507862371134,-0.07243350247651836,0.061918038135319445,-0.04919190323921183,0.04580419446227974,-0.029658651276798006,0.043895804933165944,0.2499999999999999,-0.19312987087526265,0.19381840217264773,-0.16048884267714533,0.14475255776397375,-0.10637959765341899,0.10245479884013813,-0.06937423963923611,0.06978246219200374,-0.05129226623078056,-0.22798512709177088,0.19128688233427582,-0.1914990444944732,0.1525260271150848,-0.1492735642793782,0.1081525972918944,-0.10733601578666292,0.07563389269672591,-0.07177441541002916,0.04324387737282654,0.09580059837819349,-0.09912963546262718,0.08741474521246341,-0.08824059846330885,0.058472879286629545,-0.05771296560495584,0.04472936239788903,-0.04742275500842497,0.03656260657480374,-0.0401660944006341,-0.025662292701245648,-0.024137218874360857,-0.08120186851239677,-0.024212623834962452,-0.051639442969491016,-0.024208841671244662,-0.041179863794698846,-0.024430196725888836,-0.03340826021155065,-0.024558478220438423
0.07908664017923107,0.08137530567401703,-0.1452714942846338,0.08157326448384865,-0.11628284908130399,0.08158821435924657,-0.09479239387549183,0.0816971107106799,-0.07369705440458803,0.08131939857013233,0.1634547112380718,-0.16738574726018182,0.15524269590218465,-0.15787846926700913,0.129203807476961,-0.1185167826957012,0.10574689549979291,-0.10196918608214173,0.08143618071428331,-0.09179141479570711,-0.19312987087526265,0.24999999999999994,-0.24805522318682585,0.21634044303510822,-0.19905027668792868,0.16165736999863675,-0.15664487469927119,0.12520509740643407,-0.12458687513320434,0.10740539874562861,0.21196551107880865,-0.17126344961307227,0.17753381305484578,-0.13528876840072063,0.14220294381878706,-0.0898494407224327,0.0926693181958743,-0.05126059028287271,0.05311236941888238,-0.01652031100581832,-0.06198883338057476,0.06583538344449547,-0.052077630367800186,0.05305684020011408,-0.017701168191370208,0.02337619461525495,-0.00795077285385499,0.01382423197028971,-0.0034891490125835744,0.017926827593524566,0.08144033571955132,0.08081357566585826,0.04531891786158403,0.08090771022472082,0.010118899964728095,0.08090300231837064,0.0037015245193259337,0.08115910560525065,-0.00015027255935864964,0.0813199698848945
-0.07832664736739657,-0.08059716329676452,0.14410595447127725,-0.08079316259114526,0.11529150441825703,-0.08080801403106949,0.09387583883095431,-0.08091574531450889,0.07299341727290162,-0.08054085128800963,-0.16219659193774894,0.16610788667581336,-0.15400784752225832,0.1566288656579005,-0.12813166371707002,0.11743767817311122,-0.1047606911489801,0.10110148495973419,-0.08068445431790788,0.09108718403133606,0.19381840217264773,-0.24805522318682585,0.24999999999999997,-0.21588035280350543,0.19864474385161798,-0.16095073924766187,0.1559572477836303,-0.12435683474626175,0.12376860690905925,-0.10656507031730501,-0.2131470765123971,0.17245722992675414,-0.1787458002443835,0.13646399241225785,-0.1431781185830368,0.09075797138507628,-0.09350596658415053,0.052053632610331795,-0.05379154353579011,0.017165854573568264,0.06302438701675218,-0.06687776193820527,0.0530974221067975,-0.05407842273579965,0.01865939787167001,-0.024220206042639122,0.008765614530001246,-0.014593862093389653,0.004193854683974945,-0.018485964473242786,-0.08068301849732941,-0.08003418071211046,-0.046314954074757456,-0.08012840646317719,-0.011053295429209164,-0.08012369353830383,-0.0045095922513196844,-0.08038041300674165,-0.0005456857631960322,-0.08054142003354714
0.11068155832115108,0.11340954260756561,-0.1762427361945223,0.11369232797438748,-0.14813069402239568,0.1137075830754804,-0.1266733890030235,0.11381684195103312,-0.10450189247871,0.11343896106484451,0.1874708516524773,-0.190139501194788,0.18702313125199999,-0.18994259127682211,0.16131049379217635,-0.1506696929870986,0.13790487398085305,-0.13416419721406175,0.11232724423168752,-0.12042782015379447,-0.16048884267714533,0.21634044303510822,-0.21588035280350543,0.25000000000000017,-0.22840852133493164,0.19313874021742214,-0.18753843332944314,0.15706074097172948,-0.15550684220633743,0.13956359177295838,0.18078529679088415,-0.13927976470085413,0.14556284239670664,-0.10334311584255491,0.1178027819976766,-0.0644106759738418,0.06996636611406391,-0.027391817426688787,0.03293939250961592,0.004807181033975734,-0.029994939381756923,0.033823194711266345,-0.020048593275510788,0.02102720733279271,0.014350832720314776,-0.004192022106971206,0.019585039209122097,-0.011676663159912145,0.020445909984835337,-0.00032077859658360166,0.11283046500144928,0.11293010149928587,0.013683462448998493,0.1130270147688831,-0.02158963823200907,0.11302218043408127,-0.02388350531662965,0.11327302259982955,-0.024014955987952114,0.11343937163503749
-0.09012305265307144,-0.09249527654114093,0.15567864923030003,-0.09272758988035419,0.12768990043416234,-0.09274358188497066,0.12984061788449924,-0.0930624189383487,0.12028266753897421,-0.09247627537850087,-0.16698927836265162,0.16967643098813331,-0.1660868094606565,0.16901132037202624,-0.14040116057809746,0.15327596625875242,-0.1413393347504845,0.14989375199501925,-0.12816428174806535,0.1367083557567417,0.14475255776397375,-0.19905027668792868,0.19864474385161798,-0.22840852133493164,0.24999999999999992,-0.21062951416249293,0.20527526665186657,-0.1734997043451039,0.17204548503054826,-0.1551766012483686,-0.1648407577072896,0.13243717284412437,-0.13841030095016235,0.12468857741048298,-0.13919093169385097,0.08569284600692134,-0.09116577894408368,0.048533258399167466,-0.05381421427502355,0.016042138087053917,0.05025062975587279,-0.0535891426109789,0.04126433293795887,-0.04224561038349351,0.006801114502111071,-0.016970856277158598,0.0015477405638495585,-0.009418968768864971,-0.00020537173918850322,-0.018265335662362474,-0.09239917417914907,-0.0919660504153697,-0.03460575604604087,-0.0920611989933431,0.000693170744750116,-0.09205642034575909,0.0029706811021261016,-0.09230770363236572,0.0038476199365650205,-0.09247445251414194
0.12842017963571817,0.13114590696757875,-0.17726140176229538,0.13150139517483272,-0.16389465194513106,0.1315340142139676,-0.1682109181028484,0.1318532836625539,-0.1576934168184852,0.1312672903110185,0.18126781691188468,-0.18220926253972838,0.18702271650178234,-0.18846867727478875,0.17675125537603378,-0.19205806920708532,0.18012351235822635,-0.1885458254213851,0.1658047070121261,-0.17176742451130578,-0.10637959765341899,0.16165736999863675,-0.16095073924766187,0.19313874021742214,-0.21062951416249293,0.2500000000000001,-0.24186801593821802,0.21193952837716115,-0.2090247029276662,0.19384508536595402,0.12677547417873986,-0.093694630506528,0.0996639624604148,-0.08559712834695853,0.10004353664339158,-0.04664088431308893,0.05440675080379169,-0.0114211125636941,0.02167277684694997,0.01693893871307465,-0.011283705285902555,0.014598891797189501,-0.0022587813864707526,0.003236888975749735,0.03215017655022456,-0.02197921961157798,0.03734595167731577,-0.028551207530621413,0.036176019286435115,-0.01066529733181073,0.130230041375022,0.1307544786931111,-0.0038781016971564546,0.13085292090123052,-0.03919282097310815,0.13084803058733618,-0.04147302770907246,0.1310989220686711,-0.039695361675209304,0.13126528919511393
-0.12092438379595963,-0.12354205177639396,0.17027319257108853,-0.12387642779846045,0.15640307752768057,-0.1239086408393617,0.1614649044706687,-0.12423540170284766,0.15768696267620994,-0.1236422735511357,-0.17439655825125247,0.17538465400971545,-0.179897961482207,0.18138253218198036,-0.16918894003786616,0.1844546414242897,-0.1733893369806866,0.18822056905674273,-0.1658032174183535,0.1719584566052332,0.10245479884013813,-0.15664487469927119,0.1559572477836303,-0.18753843332944314,0.20527526665186657,-0.24186801593821802,0.24999999999999997,-0.2120235681156365,0.20925222304711713,-0.1934911023202361,-0.12251662422801377,0.09216820009297978,-0.0979854911990313,0.09132649620079322,-0.10562215733538034,0.054364804353312715,-0.062137633334226054,0.01913221898483162,-0.029203903551597667,-0.009413923354525278,0.01838374329980138,-0.02154355904752041,0.009641648631846205,-0.010611641468630126,-0.024497811594496252,0.014292307421439023,-0.029663655850249993,0.020869367352133465,-0.028794825423942443,0.00392966239462601,-0.12278846848742934,-0.12312981566082036,-0.0034043288214408705,-0.1232271776528398,0.031627170698999424,-0.12322230686347713,0.033870376187188175,-0.12347336607657569,0.03234162564662429,-0.12363987398551493
0.15799350598554376,0.16085362705876674,-0.18004816413160227,0.16129601640216132,-0.18769960880117337,0.1613729050338803,-0.1983786574447914,0.16170066493419902,-0.19405790614827131,0.16110756806055246,0.17923456845696484,-0.17870893671703963,0.18811677947313513,-0.18855924097333088,0.19585075207288744,-0.21042171282595332,0.2108038595281264,-0.22568087235909623,0.20247884409628863,-0.20651691380135925,-0.06937423963923611,0.12520509740643407,-0.12435683474626175,0.15706074097172948,-0.1734997043451039,0.21193952837716115,-0.2120235681156365,0.24999999999999986,-0.24467062774855683,0.2309685730157256,0.0899585496646282,-0.05827350056025256,0.06418080036101119,-0.055735529341348754,0.0701451677410233,-0.01673448178167755,0.024498105119945646,0.018467981894893827,-0.004290403504216599,0.04328296294731644,0.018768558694426236,-0.015573411409895477,0.027633918083039864,-0.026657377438455435,0.062031769384930095,-0.051861870346510165,0.06722202199292847,-0.058408325163780396,0.06454130480547039,-0.0338620653724397,0.15931943944549717,0.1605919211278056,-0.03337144957501431,0.16069299217840466,-0.06873265796524045,0.16068801251064602,-0.07104744031537491,0.1609388540374156,-0.06796617930145844,0.16110501708128266
-0.15333455199489293,-0.15613443627615714,0.17647100198550167,-0.1565637533596488,0.18320610935315632,-0.15663910289870156,0.19369299001222343,-0.15696684188569585,0.1896778025632375,-0.1563737368662663,-0.17594162421075998,0.17550286795982223,-0.1845063823180126,0.18499932170006447,-0.191456766369272,0.20600287654417163,-0.2060703219285934,0.22094912905303415,-0.19808266567705238,0.20233392672212064,0.06978246219200374,-0.12458687513320434,0.12376860690905925,-0.15550684220633743,0.17204548503054826,-0.2090247029276662,0.20925222304711713,-0.24467062774855683,0.25,-0.22628566142548603,-0.09016540551156972,0.06019378279789615,-0.06605287142811946,0.058009881556480646,-0.07234450373283802,0.020587510112898416,-0.02831490845994745,-0.013467025676967037,-0.0007264031370276261,-0.03834078856955871,-0.014739876715537385,0.011622699682282803,-0.02352453080879881,0.022570463881680946,-0.05719839580759741,0.04692867363581166,-0.062306125293783446,0.05348407179661633,-0.059794878949326516,0.029381479050729176,-0.15469094990731394,-0.15585865764304158,0.029326788303010446,-0.15595828426531025,0.06395375025231553,-0.15595330778521566,0.06618917082107986,-0.15620468120291445,0.0632447609756939,-0.1563711977575723
0.176793848410293,0.1796810847295433,-0.1775883521898833,0.1801682558558986,-0.1988297451210762,0.18027445048205676,-0.21411911210125883,0.18062903224022786,-0.21196766793754873,0.18004122307312417,0.17404789291984757,-0.1726970348285026,0.1837899663097242,-0.18382282787558477,0.20152869708593926,-0.21521684365215346,0.22203582666777064,-0.2358930672930536,0.22012513579362655,-0.22233982141363903,-0.05129226623078056,0.10740539874562861,-0.10656507031730501,0.13956359177295838,-0.1551766012483686,0.19384508536595402,-0.1934911023202361,0.2309685730157256,-0.22628566142548603,0.25000000000000017,0.07207342926374388,-0.040067420041548514,0.045986209396953845,-0.03721608469436022,0.051618419836763435,0.0018581771980968784,0.005910603678365556,0.03714774837145392,-0.022949227436111188,0.06201388461383537,0.03740139100633455,-0.03420645637164273,0.04631388486354711,-0.04533623094343341,0.08077848187005007,-0.07059627666703995,0.08598536308349775,-0.077148315967624,0.08255264898705951,-0.05055668238551019,0.17776200197707348,0.1795229679702939,-0.051809319326542286,0.17962594039966998,-0.08727851328680657,0.17962089439755957,-0.08963034019549855,0.1798722580092682,-0.08592573765802927,0.18003864067803735
0.04461012676016126,0.04632476386047046,-0.11053044292169817,0.04643083369519355,-0.08110138267704174,0.04644551696927792,-0.059727259711393546,0.04655267062541215,-0.04140335187254127,0.046179249099123666,0.12745323364004002,-0.13129732921496476,0.1193832926259411,-0.12199280155652013,0.0936053528139086,-0.08291260867757604,0.07028085135525117,-0.06663086602930358,0.049039744160725034,-0.06173615403839464,-0.22798512709177088,0.21196551107880865,-0.2131470765123971,0.18078529679088415,-0.1648407577072896,0.12677547417873986,-0.12251662422801377,0.0899585496646282,-0.09016540551156972,0.07207342926374388,0.2500000000000002,-0.20699734715519374,0.20763337831187686,-0.1655806566686289,0.1634974484748308,-0.11441059162344865,0.11420280949989488,-0.07590718096172161,0.07285490362043827,-0.038277298105430645,-0.09742508094693351,0.10130669964881649,-0.08753301267163166,0.08851588020988402,-0.053076296668821306,0.05333454494081664,-0.03782505676857476,0.04155259140322741,-0.029377414706791026,0.036322047958438304,0.047086605826173286,0.04567505924871518,0.08032504898107976,0.045766461042869806,0.04509453515264161,0.04576188046780319,0.03365568476813434,0.04602518238477148,0.025650833316871104,0.046179904594712835
-0.002468721518384566,-0.0035020931808349785,0.0694511567370281,-0.0034964124793769053,0.0389660831439644,-0.0035112418711657715,0.02336666293007114,-0.0036727786616592723,0.01338379195733934,-0.003242860825495354,-0.08545777071246265,0.08930169778924447,-0.07718051439297016,0.0798140885064275,-0.05115024730346993,0.0461322748817949,-0.033781728312789416,0.034658849707633714,-0.021080187335292423,0.03488675613508401,0.19128688233427582,-0.17126344961307227,0.17245722992675414,-0.13927976470085413,0.13243717284412437,-0.093694630506528,0.09216820009297978,-0.05827350056025256,0.06019378279789615,-0.040067420041548514,-0.20699734715519374,0.24999999999999992,-0.24328199884299256,0.20371047762150143,-0.19306430973583863,0.14782031400107382,-0.14524012402591616,0.10958754135664364,-0.10231676438100125,0.06944627202795703,0.1403323753396461,-0.14424110458535766,0.1304832004341183,-0.13146773890162383,0.09602811752411225,-0.09155739694647964,0.07600413899640526,-0.077743513751063,0.06352876041351947,-0.06325096513209787,-0.005153260262633795,-0.002741437350581109,-0.1227315912573034,-0.002829151502250388,-0.0875734360148267,-0.0028247280635156653,-0.07179071128539058,-0.003093784758290096,-0.059695658442097094,-0.0032429039894979364
