x1,x2,x3,x4,x5,x6,x7,x8,x9,x10,x11,x12,x13,x14,x15,x16,x17,x18,x19,x20,x21,x22,x23,x24,x25,x26,x27,x28,x29,x30,x31,x32,x33,x34,x35,x36,x37,x38,x39,x40,x41,x42,x43,x44,x45,x46,x47,x48,x49,x50,x51,x52,x53,x54,x55,x56,x57,x58,x59,x60
0.24999999999999997,0.07938213500342597,-0.12034174537261214,0.07435162779768757,0.09451667443504545,-0.13651214663442188,0.07126990953894392,-0.16653334877701023,-0.06928553600218854,-0.21945554666373837,0.22434234928431987,-0.2240363242054508,0.2179349509419029,-0.224036323996024,0.22290166901363126,-0.22403633254126637,0.214217955600888,-0.2240363256192848,0.21097907397414195,-0.22403623137875955,0.14245938619787904,-0.15331673251182779,0.1271414588050624,-0.14536173421942916,0.041211952892071774,-0.04182375630540766,-0.0882440346452473,0.08806108893019013,-0.2221168431282916,0.22116343215644085,-0.14290408412909225,0.13777751773135513,-0.15088111047195696,0.08930080643766825,-0.11763232681795192,0.08867785227757909,-0.14356194509524192,0.14340963937698192,-0.22392505775066765,0.22389211190335095,0.22391659644831077,-0.22403616181906463,0.22338951911792693,-0.2240362153292273,0.20439149693760725,-0.22403583671713598,0.21509340435643262,-0.22403213723820753,0.22270826365795612,-0.2240207704085238,0.10612464728914626,-0.1797999460813815,-0.12369664400091225,-0.2116624194292687,-0.0856681362364677,-0.10142900958606085,0.07694917835258057,-0.2000587240182859,0.06385858732375617,-0.12006541876970407
0.07938213500342597,0.2499999999999999,-0.17513706610637453,0.09064823065270831,0.10899561741627865,-0.06840091201243938,0.024019497330223905,-0.018350204291427624,0.0010438031756005398,-0.05186831645512189,0.05478530774250067,-0.05448281253209488,0.05133235400084069,-0.054482812263173606,0.05422059418544095,-0.054482814298555976,0.04601663764635445,-0.054482812009679395,0.045325957311188166,-0.05448278926204288,0.03398166095641537,-0.03658782919493557,0.02988855261293248,-0.03426340670741683,0.007993484003442363,-0.008150230217179408,-0.02288802784317456,0.022843306055898873,-0.054037640055256485,0.053800431437334054,-0.03409461001589971,0.03279183317892631,-0.03597167964750732,0.02043403957970774,-0.027410278745867146,0.020388028327425575,-0.03435822968356433,0.03432144805328682,-0.05445540045174567,0.05444745943811179,0.05445349151265061,-0.05448277264601793,0.05432646378798903,-0.054482785500233596,0.04971550461363516,-0.05448269244314513,0.05233770256720379,-0.05448176989066212,0.05415993757667656,-0.054479031483651054,0.02580477727195416,-0.043720623277400165,-0.030072019595649285,-0.05147236717505342,-0.020829326198464334,-0.024664864906810073,0.018702913939793217,-0.04867960840257504,0.015515429301172858,-0.0292060631462468
-0.12034174537261214,-0.17513706610637453,0.25000000000000006,-0.06601221535905558,-0.14029678521865296,0.12781974179335606,-0.04788058055510148,0.07147690853291422,0.018103801724311915,0.1222970188817592,-0.12683232331252337,0.12690293788093795,-0.12335956573380549,0.12690293737099795,-0.12607882877151266,0.12690294234893448,-0.11707904311023323,0.12690293798879576,-0.11345399618775852,0.12690288588387105,-0.08004340456890019,0.08617926583332472,-0.07104529519202689,0.08134902375821425,-0.021648611293150315,0.02200238765927063,0.05130860395167565,-0.05120484842769254,0.12583608603878668,-0.125291470287206,0.08029976183146496,-0.07734387159195694,0.08477697172955459,-0.04947352335513204,0.0656335841742346,-0.049226341903749346,0.080837094041071,-0.08075104872454779,0.12683960103819358,-0.1268210007821559,-0.12683494267930115,0.12690284553673947,-0.12653740330338478,0.12690287573816722,-0.11578582549277039,0.1269026604173832,-0.12186271357017155,0.126900544931702,-0.1261507530354698,0.1268941288538258,-0.060109799162744317,0.10184171319000047,0.07005809235316914,0.11989273335430611,0.048523535391507604,0.05745347734542685,-0.043577764304870474,0.11334484631592048,-0.036159252159678926,0.06801647000644791
0.07435162779768757,0.09064823065270831,-0.06601221535905558,0.25000000000000006,0.09273911564056903,-0.01903399185790907,0.0594083174764582,-0.04400201078621681,-0.04002107350227071,-0.05929341386683709,0.05579586302446677,-0.055528427567910946,0.057394405933548026,-0.055528427175270206,0.05639111333048175,-0.055528429364771315,0.05018623203246175,-0.05552842746670503,0.04672259903375615,-0.055528406228512885,0.03535981626243771,-0.03797638841701149,0.0314363923894208,-0.03583410149963539,0.009412186283040195,-0.009565160411846081,-0.022746262520041458,0.022701074256067513,-0.05506475068353864,0.05482522843601205,-0.03547094052012992,0.03419421866165813,-0.03737209244566022,0.02174843335596577,-0.028680215480948592,0.021405658214918515,-0.03524980149054139,0.03521206622533011,-0.05550035980800839,0.05549222950222174,0.055498669447722464,-0.05552838720633059,0.055368373608900484,-0.05552840032545096,0.05066046033565559,-0.055528305752242275,0.05332592791382018,-0.055527374518134366,0.0551992944438548,-0.05552457309125206,0.026302518370392172,-0.044562571980755264,-0.030655184475107584,-0.05246100797977297,-0.02122883370616154,-0.025136376494408592,0.01906858090025785,-0.04959874420700003,0.01582218765984598,-0.029762063807089983
0.09451667443504545,0.10899561741627865,-0.14029678521865296,0.09273911564056903,0.24999999999999992,-0.1338943705316251,0.02988299720260995,-0.0823670445042011,-0.0889626305923508,-0.10486443895937018,0.10089800373314547,-0.10100908142913823,0.10188603633936488,-0.10100908094897079,0.10225463247611281,-0.10100908499178302,0.0912989019213368,-0.10100908142401853,0.08874029433102351,-0.10100904148983117,0.06414639486178912,-0.06894518440498959,0.05700761994810128,-0.06506461673768324,0.017152819252220508,-0.017432047822909157,-0.04100125191417941,0.040918803180028496,-0.10016070440789844,0.09972607455476701,-0.06434902488382369,0.06201833855078346,-0.06784133130556085,0.03950997588921993,-0.05219068563541321,0.03906189396481924,-0.06423849333585417,0.06416993731714778,-0.10095833333104634,0.10094353489230172,0.10095495933760877,-0.10100900804894862,0.10071797398954035,-0.10100903196517756,0.09215460412960981,-0.10100886026180186,0.09699980157452079,-0.10100717164864209,0.10041037069243734,-0.1010020698948118,0.047845777445457545,-0.08106183449564741,-0.05576389141496145,-0.09542936152703467,-0.038617803899822084,-0.045725631888342604,0.034687173736490905,-0.09021999369955079,0.028782182438742903,-0.05413814496620251
-0.13651214663442188,-0.06840091201243938,0.12781974179335606,-0.01903399185790907,-0.1338943705316251,0.2499999999999999,-0.027836672799197867,0.10694010009889147,0.05600727438322156,0.15334557333164323,-0.15756460639221734,0.15788364829393936,-0.15147683644181026,0.15788364800865734,-0.15738358819172538,0.15788365435441074,-0.1643086979741311,0.1578836505077076,-0.14442559966886936,0.15788358483477946,-0.10144469989528174,0.10911023659310222,-0.09116885506256264,0.10409625418441551,-0.032234907899774554,0.03265361327446448,0.06135520381029613,-0.061227531339930474,0.156518183408397,-0.155851979239869,0.1017507610471334,-0.0982229107274213,0.10742962072897404,-0.06494888901357575,0.0847851337535537,-0.06399100875378219,0.10168938648257486,-0.10158145352845026,0.1578049808831293,-0.1577816811009059,-0.1577995551747127,0.15788353435518374,-0.1574264351358903,0.15788357230676528,-0.14403141549349033,0.15788330608860793,-0.15154314891279186,0.15788071888337227,-0.15694759982780113,0.1578726852879617,-0.07479128213135045,0.12671458420984552,0.08718291604051724,0.1491649466711349,0.06038077517957317,0.07148451059031419,-0.05423957641988633,0.14095008676351195,-0.045019293358238135,0.08460347362564567
0.07126990953894392,0.024019497330223905,-0.04788058055510148,0.0594083174764582,0.02988299720260995,-0.027836672799197867,0.24999999999999997,-0.07258955882326655,-0.002062376693594335,-0.08052057942221039,0.07681020243052715,-0.07699304344739419,0.07648938143912501,-0.07699304356690946,0.07612813297094427,-0.07699304601881847,0.06751333272886603,-0.07699304294234952,0.06352220365541283,-0.07699301131658345,0.04855788720036157,-0.052203449776944424,0.04294624819027019,-0.04906463878244821,0.012096644919070816,-0.012313405682576745,-0.032014736283351636,0.03195181984214237,-0.07635786430598585,0.07602386240445866,-0.04871463864645974,0.046910533019542344,-0.05135062099811429,0.029488459743422797,-0.03920130690365617,0.02918736613150809,-0.04868061892068819,0.04862845384142555,-0.07695415679241667,0.07694291272687268,0.07695168744949371,-0.07699298727268539,0.07677162374059467,-0.07699300542718947,0.07024929151523708,-0.07699287403040359,0.07395181266982721,-0.0769915750975282,0.07653672868443356,-0.07698769966042543,0.03646808929965136,-0.061786211505574125,-0.04250058576776147,-0.07273931852992659,-0.029434254498771652,-0.03485347388978933,0.02643471446011951,-0.06878304427744197,0.021931682719222172,-0.04127005538294964
-0.16653334877701023,-0.018350204291427624,0.07147690853291422,-0.04400201078621681,-0.0823670445042011,0.10694010009889147,-0.07258955882326655,0.25,0.10751488322902378,0.18933975712585363,-0.18892033206955286,0.18925294422944416,-0.18719105175028894,0.18925294391999106,-0.18824124299464726,0.1892529513008351,-0.1822833083887415,0.18925294650909574,-0.20226340529927347,0.18925286278311085,-0.12069348258724348,0.12996655521106626,-0.10809025060572251,0.12359024288557006,-0.036332382414183725,0.03684365769486782,0.07165032460167235,-0.07149478407259928,0.18758858222266722,-0.18679099831957416,0.12106556970260969,-0.11677305897670177,0.1279233998087561,-0.07633550556749909,0.10026896887986879,-0.07630522789385463,0.12219787036952787,-0.12206951072544692,0.18916041130233308,-0.18913248587663542,-0.1891520081642886,0.189252807475642,-0.18870578019902456,0.18925285285049287,-0.172641916637248,0.18925253514613108,-0.1816641079296011,0.18924945038596255,-0.18813099157553673,0.18923980368737664,-0.08965371663074687,0.15189005955636525,0.104503797286043,0.17880179498386375,0.0723692808604605,0.08567992529318483,-0.06501520458544985,0.16896597241964367,-0.05396191060163388,0.10141506680766503
-0.06928553600218854,0.0010438031756005398,0.018103801724311915,-0.04002107350227071,-0.0889626305923508,0.05600727438322156,-0.002062376693594335,0.10751488322902378,0.24999999999999992,0.087172572207652,-0.08201359489313811,0.08219477511568109,-0.08495237010108611,0.08219477444231127,-0.08295434427205305,0.08219477814759138,-0.07529888911327884,0.08219477605081664,-0.09530530616698484,0.0821947415895431,-0.05153587463973767,0.0556758987573983,-0.04587965776678701,0.05276954576591321,-0.01491266583347254,0.01514158667869523,0.03078018553040533,-0.030711840245143483,0.08146921982504804,-0.08112327011680867,0.05170197528559002,-0.049784942825997144,0.05476272283271971,-0.032376220744628204,0.043043026970492,-0.032936972236666306,0.053143907859084516,-0.05308846699487963,0.08215531428694053,-0.0821431943903532,-0.08215086554427922,0.08219471554528496,-0.08195773400655136,0.08219473534161573,-0.07498828167006626,0.0821945978382947,-0.0789048800648616,0.08219326251855982,-0.08170754145077584,0.0821890685139809,-0.038936131403064456,0.06596597899125226,0.045383921505466863,0.07765529009114402,0.03143396038671058,0.03721570032469042,-0.02823288648249885,0.0733893903065,-0.023431412937438962,0.044047827202177266
-0.21945554666373837,-0.05186831645512189,0.1222970188817592,-0.05929341386683709,-0.10486443895937018,0.15334557333164323,-0.08052057942221039,0.18933975712585363,0.087172572207652,0.25,-0.24467888172015465,0.2450117915409637,-0.23866951296111102,0.24501179129697856,-0.24372524041746693,0.24501180069231018,-0.23497005477472965,0.24501179318503175,-0.23131861023233963,0.24501169024820713,-0.1558833148692073,0.16775825563566027,-0.13917189385823583,0.1590999345452298,-0.04531034570463377,0.045978482290212855,0.09635033046898664,-0.09615029091062335,0.2429101911509537,-0.2418681181183507,0.1563690819409207,-0.1507693168859843,0.16509753908160915,-0.09781805255717935,0.12878718990378568,-0.097115205087197,0.157064151988189,-0.1568975543043846,0.24489013920251837,-0.2448541006437508,-0.24488087892559865,0.24501161399751367,-0.24430431266900451,0.2450116725344869,-0.22352644559316132,0.2450112585778511,-0.23522816827739487,0.24500721524119484,-0.24355937995673455,0.2449947813465576,-0.1160610045195962,0.19663429648676675,0.13527889280419178,0.2314795254912862,0.093689241812033,0.11092541615918063,-0.0841547723468707,0.21878607693870894,-0.06983903584240361,0.13130568673606297
0.22434234928431987,0.05478530774250067,-0.12683232331252337,0.05579586302446677,0.10089800373314547,-0.15756460639221734,0.07681020243052715,-0.18892033206955286,-0.08201359489313811,-0.24467888172015465,0.24999999999999947,-0.24966691913470243,0.24314349976355726,-0.24966691890696296,0.24837711737274282,-0.24966692847288127,0.23962308638602856,-0.24966692083892025,0.2359736660696166,-0.24966681587366546,0.15883940532440707,-0.17094520821849707,0.1418191519839457,-0.16213458168668698,0.04621861785052264,-0.046899369246416106,-0.098136220401504,0.09793237639605556,-0.24752480366411672,0.2464631091536801,-0.15933435255060777,0.15362860177878743,-0.16823402587658798,0.09969739576564605,-0.1312620326297433,0.09899230999516147,-0.160066115710741,0.1598963498628204,-0.24954298012949003,0.24950625495993553,0.24953352348761726,-0.24966673822535157,0.24894598582488286,-0.24966679788342142,0.22777339480483055,-0.2496663761007226,0.23969663292253723,-0.24966225670357292,0.24818691049409597,-0.2496495857224179,0.1182661492556377,-0.20037035314626198,-0.13784931471112774,-0.23587756960757636,-0.09546960674219264,-0.11303320234994127,0.08575385164307112,-0.22294218837004076,0.07116622018978346,-0.13380026873175063
-0.2240363242054508,-0.05448281253209488,0.12690293788093795,-0.055528427567910946,-0.10100908142913823,0.15788364829393936,-0.07699304344739419,0.18925294422944416,0.08219477511568109,0.2450117915409637,-0.24966691913470243,0.24999999999999975,-0.2434763704405576,0.24999986954902292,-0.24871005312376604,0.2499998791249659,-0.23995602008192096,0.24999987148374853,-0.23630653605123048,0.24999976635640406,-0.15905349693914828,0.17117551411167112,-0.14201159546403702,0.16235421587544363,-0.04628458972272452,0.046966223139131874,0.09826359057786267,-0.09805947529679242,0.24785484405676184,-0.24679174425722536,0.15954908631301887,-0.15383589025894545,0.16846077507952448,-0.09983331318049268,0.13143968643919923,-0.09912701680603665,0.1602808774629612,-0.1601108849507207,0.24987576606685408,-0.249838991758769,-0.2498662966586487,0.24999968862632446,-0.24927797276545766,0.2499997483640974,-0.22807711427094907,0.24999932602125371,-0.24001621938294515,0.2499952011842839,-0.2485178871987212,0.24998251324461265,-0.11842387733087452,0.20063757428388704,0.1380331719986999,0.23619213429272745,0.0955969245890255,0.11318393621470318,-0.08586823796267787,0.22323943608709138,-0.07126116221436242,0.1339786834765902
0.2179349509419029,0.05133235400084069,-0.12335956573380549,0.057394405933548026,0.10188603633936488,-0.15147683644181026,0.07648938143912501,-0.18719105175028894,-0.08495237010108611,-0.23866951296111102,0.24314349976355726,-0.2434763704405576,0.2499999999999998,-0.24347636981076415,0.2421868405820906,-0.2434763794561265,0.23346600214557764,-0.2434763720514959,0.22985340150460531,-0.24347627479559403,0.15415050256850296,-0.16605349261598643,0.13741285887547391,-0.15737526832872747,0.044493248649278797,-0.04516265271239937,-0.09600447837563986,0.09580547416106575,-0.24139420184531352,0.24035835204446337,-0.15463706453245585,0.1490308033311352,-0.1633896357120517,0.09664258328261459,-0.12766891009744102,0.09627572819638468,-0.15602419734325085,0.15585878290851385,-0.24335575773988696,0.24331996008670093,0.24334621356563813,-0.2434761938077743,0.24277382523232843,-0.2434762520780561,0.2221362111702062,-0.24347584077001755,0.23376050317677766,-0.24347182101553952,0.24203309644784102,-0.24345946730715795,0.11533122317772378,-0.19540013366135076,-0.13442709535008815,-0.23002838171445883,-0.09310682480105592,-0.11023586719277009,0.08362257077695481,-0.21742080610595596,0.06939547667609432,-0.13048523064818768
-0.224036323996024,-0.054482812263173606,0.12690293737099795,-0.055528427175270206,-0.10100908094897079,0.15788364800865734,-0.07699304356690946,0.18925294391999106,0.08219477444231127,0.24501179129697856,-0.24966691890696296,0.24999986954902292,-0.24347636981076415,0.24999999999999967,-0.24871005290270426,0.24999987889866185,-0.23995601975019673,0.24999987125744444,-0.23630653578066493,0.2499997661300999,-0.1590534968118929,0.17117551396916994,-0.14201159535123692,0.16235421573723752,-0.04628458966899848,0.04696622308472359,0.09826359049726033,-0.09805947521637613,0.24785484383243755,-0.24679174403380189,0.15954908618525387,-0.153835890137001,0.16846077493987072,-0.09983331309083664,0.13143968631295042,-0.09912701670723403,0.16028087731213872,-0.1601108848000505,0.24987576584064855,-0.24983899153259734,-0.24986629643246433,0.2499996884000199,-0.24927797253980233,0.24999974813779272,-0.2280771140642435,0.24999932579494943,-0.24001621916588436,0.24999520095798303,-0.24851788697375815,0.24998251301832353,-0.11842387722371701,0.20063757410227018,0.1380331718737591,0.23619213407892245,0.09559692450225032,0.11318393611201533,-0.08586823788497648,0.22323943588521364,-0.07126116214986325,0.13397868335533555
0.22290166901363126,0.05422059418544095,-0.12607882877151266,0.05639111333048175,0.10225463247611281,-0.15738358819172538,0.07612813297094427,-0.18824124299464726,-0.08295434427205305,-0.24372524041746693,0.24837711737274282,-0.24871005312376604,0.2421868405820906,-0.24871005290270426,0.24999999999999967,-0.24871006241790874,0.23866633101616588,-0.24871005486595968,0.23501695671962564,-0.24870995172152388,0.15825824481098832,-0.17032951951397401,0.14134081580260177,-0.16160221064410177,0.046215217915819576,-0.04689269511038591,-0.09767539190187534,0.0974723855189906,-0.24657510706447827,0.24551785499024698,-0.15875099230430006,0.15307162121147716,-0.1676304832925197,0.09940686761350986,-0.1308626010796827,0.09870053903305027,-0.15948646400985436,0.15931726298943355,-0.24858658778605935,0.2485499989117364,0.2485771808659044,-0.24870987292914243,0.24799183019955504,-0.24870993237853944,0.22690067347390022,-0.2487095122645987,0.23877579604599164,-0.24870540999562682,0.2472357096526564,-0.24869278603921932,0.11781290690817356,-0.1996026469506012,-0.13732145701477877,-0.2349736154401619,-0.0951046513884928,-0.11260077458611649,0.08542564239709188,-0.22208567215393887,0.07089418340541434,-0.13328699327120014
-0.22403633254126637,-0.054482814298555976,0.12690294234893448,-0.055528429364771315,-0.10100908499178302,0.15788365435441074,-0.07699304601881847,0.1892529513008351,0.08219477814759138,0.24501180069231018,-0.24966692847288127,0.2499998791249659,-0.2434763794561265,0.24999987889866185,-0.24871006241790874,0.24999999999999978,-0.23995602916491343,0.2499998808333874,-0.2363065449506685,0.24999977570603898,-0.1590535028448242,0.17117552047857948,-0.14201160072892777,0.16235422191469107,-0.04628459145971696,0.0469662249018582,0.09826359424328329,-0.09805947895456998,0.24785485332620427,-0.2467917534870031,0.15954909223738759,-0.15383589596742345,0.16846078134366174,-0.09983331690068895,0.1314396913589447,-0.09912702052119518,0.1602808834641265,-0.16011089094552694,0.24987577541187742,-0.24983900110241664,-0.24986630600329135,0.24999969797595617,-0.24927798208811475,0.24999975771373134,-0.22807712280134454,0.24999933537087188,-0.2400162283590538,0.24999521053374799,-0.24851789649293643,0.24998252259360196,-0.1184238817596297,0.20063758178739283,0.13803317716082888,0.2361921431259623,0.09559692816469652,0.11318394044811354,-0.08586824117386521,0.22323944443576202,-0.07126116487927014,0.1339786884872225
0.214217955600888,0.04601663764635445,-0.11707904311023323,0.05018623203246175,0.0912989019213368,-0.1643086979741311,0.06751333272886603,-0.1822833083887415,-0.07529888911327884,-0.23497005477472965,0.23962308638602856,-0.23995602008192096,0.23346600214557764,-0.23995601975019673,0.23866633101616588,-0.23995602916491343,0.24999999999999978,-0.2399560234872936,0.22626519063364925,-0.2399559228711644,0.1536895152215346,-0.1654319466069481,0.1380275545462173,-0.1577913769345372,0.047957036355556995,-0.048596747791434455,-0.09212874075315058,0.09193356381291339,-0.23786505578117567,0.23685392608226774,-0.1541568082976819,0.14876885148202118,-0.16286416728956998,0.09793745932681623,-0.12825346516730465,0.09705191396245859,-0.15465653741658747,0.1544929537688045,-0.2398371338038387,0.23980172891222074,0.23982811489866468,-0.23995584675901346,0.23926162275136142,-0.23995590439846146,0.2189034518555917,-0.23995550038882144,0.23032577751739086,-0.23995157424864388,0.23853342164226185,-0.23993935848994813,0.11367026023584283,-0.1925834800364187,-0.13250145480612244,-0.2267048776781776,-0.09176646345547006,-0.10864281920925303,0.08243303773560881,-0.21422583796281577,0.0684190723933179,-0.12858423270257
-0.2240363256192848,-0.054482812009679395,0.12690293798879576,-0.05552842746670503,-0.10100908142401853,0.1578836505077076,-0.07699304294234952,0.18925294650909574,0.08219477605081664,0.24501179318503175,-0.24966692083892025,0.24999987148374853,-0.2434763720514959,0.24999987125744444,-0.24871005486595968,0.2499998808333874,-0.2399560234872936,0.24999999999999972,-0.23630653873816554,0.2499997680648247,-0.15905349839258767,0.17117551544283588,-0.14201159655871942,0.1623542168521391,-0.04628458955754752,0.0469662229793697,0.0982635919683003,-0.09805947668600584,0.24785484575975927,-0.24679174595106693,0.1595490877692988,-0.15383589168215556,0.16846077640003418,-0.09983331382621617,0.13143968706138914,-0.09912701706430681,0.16028087827910126,-0.16011088576655677,0.24987576777394366,-0.2498389934656297,-0.24986629836613694,0.24999969033474428,-0.24927797446879474,0.24999975007251737,-0.22807711582329881,0.24999932772967,-0.2400162210331166,0.24999520289265947,-0.24851788889703175,0.24998251495291537,-0.11842387814083483,0.20063757565459225,0.13803317294113365,0.2361921359066584,0.09559692523457297,0.11318393698092598,-0.08586823854907918,0.22323943762227025,-0.07126116269984777,0.13397868439387778
0.21097907397414195,0.045325957311188166,-0.11345399618775852,0.04672259903375615,0.08874029433102351,-0.14442559966886936,0.06352220365541283,-0.20226340529927347,-0.09530530616698484,-0.23131861023233963,0.2359736660696166,-0.23630653605123048,0.22985340150460531,-0.23630653578066493,0.23501695671962564,-0.2363065449506685,0.22626519063364925,-0.23630653873816554,0.24999999999999953,-0.23630643468197585,0.1508457500549157,-0.16240524558212024,0.1351406193457249,-0.1544745412714997,0.046375860556296,-0.04701298044849095,-0.09001816834824737,0.08982468615442883,-0.23423662120667488,0.23324092662907123,-0.15130942421569712,0.14595880885469395,-0.159858562557167,0.09594549269726677,-0.12578985009216614,0.09560366698187335,-0.15261139843407806,0.1524505999493681,-0.2361907465198875,0.23615586227754587,0.23618060478365638,-0.23630636536249008,0.23562297580482633,-0.2363064221398573,0.21556799241091,-0.23630602526470687,0.22682203813069804,-0.23630217397541364,0.23490560361008841,-0.23629012800103094,0.11194344312909955,-0.18965503828808533,-0.13048790841301194,-0.2232571524994707,-0.09036719500430966,-0.10698655665324133,0.08118127410008738,-0.21096714533557573,0.06738083210541494,-0.12662786610770277
-0.22403623137875955,-0.05448278926204288,0.12690288588387105,-0.055528406228512885,-0.10100904148983117,0.15788358483477946,-0.07699301131658345,0.18925286278311085,0.0821947415895431,0.24501169024820713,-0.24966681587366546,0.24999976635640406,-0.24347627479559403,0.2499997661300999,-0.24870995172152388,0.24999977570603898,-0.2399559228711644,0.2499997680648247,-0.23630643468197585,0.2499999999999997,-0.15905342734261782,0.17117543999413046,-0.14201153220637003,0.1623541450523238,-0.04628456806138549,0.04696620122278898,0.09826355198590535,-0.09805943678876977,0.24785474156834703,-0.24679164220648273,0.159549016529765,-0.15383582261842177,0.16846070197391894,-0.09983326912464043,0.13143963061740882,-0.09912697455048096,0.16028081073287925,-0.16011081829215273,0.24987566270026276,-0.24983888840747653,-0.24986619329464288,0.24999958520747476,-0.2492778696476404,0.24999964494522364,-0.22807701997789767,0.2499992226025544,-0.24001612012872783,0.24999509776727522,-0.24851778439303948,0.24998240983287162,-0.11842382832819817,0.20063749127473343,0.13803311487589776,0.23619203658289212,0.09559688506827772,0.11318388942337447,-0.08586820241507082,0.22323934376956847,-0.0712611327035382,0.13397862806578176
0.14245938619787904,0.03398166095641537,-0.08004340456890019,0.03535981626243771,0.06414639486178912,-0.10144469989528174,0.04855788720036157,-0.12069348258724348,-0.05153587463973767,-0.1558833148692073,0.15883940532440707,-0.15905349693914828,0.15415050256850296,-0.1590534968118929,0.15825824481098832,-0.1590535028448242,0.1536895152215346,-0.15905349839258767,0.1508457500549157,-0.15905342734261782,0.24999999999999953,-0.23786894238282102,0.20946605917789252,-0.19057815812847154,0.07598272203190673,-0.07541329716498238,-0.0397687854494967,0.03967148364371351,-0.1569269048654465,0.1561715893503462,-0.2493675671886208,0.24392550371116134,-0.23002504127157464,0.16202724722708473,-0.1345760078239742,0.10294017197865782,-0.11282194847204857,0.1127073030743002,-0.15893105198419963,0.15890488991948293,0.15898103911920294,-0.15905341907948367,0.15850606710794127,-0.15905343872047872,0.14323458929873867,-0.1590531621510126,0.15155478904714664,-0.15905089699329777,0.15810406566820162,-0.15904236996319418,0.07578876676197319,-0.12798676407278733,-0.08853611967391542,-0.15036209226689165,-0.05998485474350902,-0.07102027580921674,0.055483980140003455,-0.14099646297201182,0.046380038947210496,-0.0848141702285507
-0.15331673251182779,-0.03658782919493557,0.08617926583332472,-0.03797638841701149,-0.06894518440498959,0.10911023659310222,-0.052203449776944424,0.12996655521106626,0.0556758987573983,0.16775825563566027,-0.17094520821849707,0.17117551411167112,-0.16605349261598643,0.17117551396916994,-0.17032951951397401,0.17117552047857948,-0.1654319466069481,0.17117551544283588,-0.16240524558212024,0.17117543999413046,-0.23786894238282102,0.24999999999999964,-0.2208299174561006,0.20199980335670237,-0.08597315701721994,0.08541668843375962,0.04039123163784689,-0.040292611563431315,0.16904383210110374,-0.16826480533881388,0.23749899794740686,-0.23204973786216299,0.2414276802555002,-0.17336509314423398,0.14610033850499843,-0.11386911216509545,0.1240752844936065,-0.12394510884029561,0.17105178258217152,-0.17102346733818885,-0.17109616438996791,0.1711754339923283,-0.17060608801574445,0.17117545446131952,-0.1543416893731732,0.17117516331794058,-0.1630335586637189,0.1711728485699384,-0.17015397342542493,0.17116354035587722,-0.08153639039769822,0.13772515230130772,0.0952518589694544,0.16181777037467904,0.06470977697586731,0.07658857066820501,-0.05967276270191192,0.15167009927948055,-0.04987745012413817,0.09127848497943905
0.1271414588050624,0.02988855261293248,-0.07104529519202689,0.0314363923894208,0.05700761994810128,-0.09116885506256264,0.04294624819027019,-0.10809025060572251,-0.04587965776678701,-0.13917189385823583,0.1418191519839457,-0.14201159546403702,0.13741285887547391,-0.14201159535123692,0.14134081580260177,-0.14201160072892777,0.1380275545462173,-0.14201159655871942,0.1351406193457249,-0.14201153220637003,0.20946605917789252,-0.2208299174561006,0.2499999999999996,-0.22965617950796594,0.1136315278122728,-0.11300587606699007,-0.012758342843656189,0.012689129188882807,-0.1398847210634077,0.13930975109160057,-0.20909949163434705,0.21422622868738897,-0.22354897873698454,0.1564761298545282,-0.12553741058458368,0.09503300091066873,-0.10060519224947784,0.10048304078839496,-0.1418906225952708,0.14186716128479515,0.14194510714126185,-0.14201153606771083,0.1415296519921814,-0.1420115458529078,0.1276204179440497,-0.14201129482384264,0.13524322497370253,-0.14200925495210415,0.14116360823378915,-0.14200165761397474,0.06773336495877716,-0.1143088321434645,-0.07912742427449583,-0.13426129365107864,-0.05340463005416436,-0.06324196422481473,0.049645990352055164,-0.12582903285328126,0.0415320482651774,-0.07568510243499074
-0.14536173421942916,-0.03426340670741683,0.08134902375821425,-0.03583410149963539,-0.06506461673768324,0.10409625418441551,-0.04906463878244821,0.12359024288557006,0.05276954576591321,0.1590999345452298,-0.16213458168668698,0.16235421587544363,-0.15737526832872747,0.16235421573723752,-0.16160221064410177,0.16235422191469107,-0.1577913769345372,0.1623542168521391,-0.1544745412714997,0.1623541450523238,-0.19057815812847154,0.20199980335670237,-0.22965617950796594,0.2500000000000001,-0.13392964911227256,0.13330916974651771,0.011811786310394277,-0.011737720307466847,0.1602111251538341,-0.15960187596195954,0.19031717753871316,-0.1942093912327381,0.20361949376902583,-0.1365334606448317,0.1458515935032345,-0.11532230611630492,0.1209127558761576,-0.12075970966682624,0.16223318573999676,-0.1622068328722906,-0.16227237275060552,0.1623541241715174,-0.16183461999689028,0.16235415611318457,-0.14729276900003235,0.16235389858315483,-0.15457219032218447,0.1623518390472875,-0.16138586319932216,0.16234286341952292,-0.07715045679927705,0.13053626886226266,0.09014086209567812,0.15345309710768465,0.06198015969824947,0.07328120406338576,-0.05633235502879684,0.14377387873869668,-0.04702485439855673,0.08664111005280352
0.041211952892071774,0.007993484003442363,-0.021648611293150315,0.009412186283040195,0.017152819252220508,-0.032234907899774554,0.012096644919070816,-0.036332382414183725,-0.01491266583347254,-0.04531034570463377,0.04621861785052264,-0.04628458972272452,0.044493248649278797,-0.04628458966899848,0.046215217915819576,-0.04628459145971696,0.047957036355556995,-0.04628458955754752,0.046375860556296,-0.04628456806138549,0.07598272203190673,-0.08597315701721994,0.1136315278122728,-0.13392964911227256,0.24999999999999992,-0.24931563815189886,0.10420217355198909,-0.1041806348325472,-0.04414244161358306,0.04450623017315831,-0.0756424773638994,0.07967794362751357,-0.08758282179374025,0.15579381332140085,-0.16484474379554737,0.13644033252833226,-0.07546993014099207,0.07532835420630134,-0.04626741464656588,0.04625415672656823,0.04628036789761833,-0.04628458715595833,0.04606316325007067,-0.04628462348122179,0.04214298942922337,-0.046284612365154194,0.04145837689367513,-0.04628566926654842,0.046000582044703836,-0.046281232667163476,0.022025771213920495,-0.03750111843013453,-0.026281645569619698,-0.043827280965388904,-0.018723501142726917,-0.021741130939978544,0.01663483987330721,-0.038508322865360656,0.014304781200515204,-0.02411720244681265
-0.04182375630540766,-0.008150230217179408,0.02200238765927063,-0.009565160411846081,-0.017432047822909157,0.03265361327446448,-0.012313405682576745,0.03684365769486782,0.01514158667869523,0.045978482290212855,-0.046899369246416106,0.046966223139131874,-0.04516265271239937,0.04696622308472359,-0.04689269511038591,0.0469662249018582,-0.048596747791434455,0.0469662229793697,-0.04701298044849095,0.04696620122278898,-0.07541329716498238,0.08541668843375962,-0.11300587606699007,0.13330916974651771,-0.24931563815189886,0.25000000000000006,-0.10476946857913938,0.1047482661023847,0.04482152634914919,-0.04518407796139406,0.07511691596472533,-0.07913546656910687,0.08773425681402731,-0.1559429227193949,0.16545155617679047,-0.1370427108818881,0.07611309475828061,-0.07597042152060661,0.04694903818231045,-0.04693566748389773,-0.04696159156148875,0.04696622010179233,-0.04674341082706546,0.046966256705081276,-0.042776869256472935,0.046966244974393875,-0.042105316296773464,0.04696729965585219,-0.04667817206436892,0.04696281859159784,-0.02234683571110782,0.0380476043704216,0.026656800905840303,0.044471129768339605,0.018994624556074365,0.022060176320190507,-0.01686708876122143,0.03910963133748952,-0.014497770884034556,0.024481856803025014
-0.0882440346452473,-0.02288802784317456,0.05130860395167565,-0.022746262520041458,-0.04100125191417941,0.06135520381029613,-0.032014736283351636,0.07165032460167235,0.03078018553040533,0.09635033046898664,-0.098136220401504,0.09826359057786267,-0.09600447837563986,0.09826359049726033,-0.09767539190187534,0.09826359424328329,-0.09212874075315058,0.0982635919683003,-0.09001816834824737,0.09826355198590535,-0.0397687854494967,0.04039123163784689,-0.012758342843656189,0.011811786310394277,0.10420217355198909,-0.10476946857913938,0.2499999999999999,-0.2497902793593112,0.10040536246217932,-0.09950722926032134,0.0400938794441103,-0.03586480707747642,0.03814421907718727,0.030266131975327428,-0.020296576859537518,0.052584555484777876,0.008544601692922028,-0.008627511858547784,0.09813945751763731,-0.09813083471943639,-0.09819554966928169,0.0982634931820724,-0.09802580103495272,0.0982635012620694,-0.09007522869981519,0.09826322197972354,-0.09665618581643401,0.09825925464327927,-0.09768724619332202,0.0982568779373463,-0.046342365275789596,0.07855789180726207,0.0536030641165434,0.09274778123929722,0.037012363125069184,0.044120084823156075,-0.03307350741937055,0.08993231314847147,-0.027025017282857836,0.05322826785672854
0.08806108893019013,0.022843306055898873,-0.05120484842769254,0.022701074256067513,0.040918803180028496,-0.061227531339930474,0.03195181984214237,-0.07149478407259928,-0.030711840245143483,-0.09615029091062335,0.09793237639605556,-0.09805947529679242,0.09580547416106575,-0.09805947521637613,0.0974723855189906,-0.09805947895456998,0.09193356381291339,-0.09805947668600584,0.08982468615442883,-0.09805943678876977,0.03967148364371351,-0.040292611563431315,0.012689129188882807,-0.011737720307466847,-0.1041806348325472,0.1047482661023847,-0.2497902793593112,0.2499999999999999,-0.10020282217106262,0.09930560577323697,-0.039993233611447895,0.03576500481302786,-0.03804014691897541,-0.03028533259127413,0.020350458850377735,-0.05262400012040666,-0.008427575204819425,0.00851091555160768,-0.0979354375732248,0.0979268423264241,0.09799155189429673,-0.09805937805205733,0.09782222558837833,-0.09805938609959551,0.08988927255830331,-0.09805910717817792,0.09645914404249395,-0.09805514373535482,0.09748433666864269,-0.09805277676833515,0.046245657890663025,-0.07839417717007631,-0.0534905603490654,-0.09255496639762055,-0.03693491513356005,-0.04402820759503245,0.03300352700651389,-0.08974901698550364,0.02696709268616158,-0.053118670833470494
-0.2221168431282916,-0.054037640055256485,0.12583608603878668,-0.05506475068353864,-0.10016070440789844,0.156518183408397,-0.07635786430598585,0.18758858222266722,0.08146921982504804,0.2429101911509537,-0.24752480366411672,0.24785484405676184,-0.24139420184531352,0.24785484383243755,-0.24657510706447827,0.24785485332620427,-0.23786505578117567,0.24785484575975927,-0.23423662120667488,0.24785474156834703,-0.1569269048654465,0.16904383210110374,-0.1398847210634077,0.1602111251538341,-0.04414244161358306,0.04482152634914919,0.10040536246217932,-0.10020282217106262,0.25000000000000006,-0.24891960973096858,0.15741987671603613,-0.15171146175417657,0.16632822501550745,-0.09770412612277887,0.1292948083690764,-0.09698255406519128,0.15813598124542314,-0.15796958597998964,0.24773074003389953,-0.2476943706241067,-0.24772213407487342,0.2478546639639664,-0.24714012974675412,0.24785472306546832,-0.22613618497626578,0.24785430283680907,-0.23799038963751512,0.2478501802685341,-0.24638567343378484,0.2478376381047924,-0.11740287871796445,0.19891060328750387,0.13683703430735186,0.23416399555139988,0.09477491686087632,0.11221428548121737,-0.08511863146540678,0.22135543019876877,-0.07063215413693025,0.13283822547138774
0.22116343215644085,0.053800431437334054,-0.125291470287206,0.05482522843601205,0.09972607455476701,-0.155851979239869,0.07602386240445866,-0.18679099831957416,-0.08112327011680867,-0.2418681181183507,0.2464631091536801,-0.24679174425722536,0.24035835204446337,-0.24679174403380189,0.24551785499024698,-0.2467917534870031,0.23685392608226774,-0.24679174595106693,0.23324092662907123,-0.24679164220648273,0.1561715893503462,-0.16826480533881388,0.13930975109160057,-0.15960187596195954,0.04450623017315831,-0.04518407796139406,-0.09950722926032134,0.09930560577323697,-0.24891960973096858,0.2500000000000001,-0.15666106262413618,0.15098840883796766,-0.16557420964075006,0.09752556725686357,-0.1290307089610217,0.09686531335745481,-0.15761283179279836,0.15744675612915057,-0.24666839491177417,0.24663216365364604,0.24665965793354735,-0.24679156498793897,0.24607996611766084,-0.2467916239318989,0.22516735040972788,-0.24679120581348685,0.23696214075555305,-0.24678710752186309,0.2453288581150641,-0.24677461179962668,0.1168993136379356,-0.19805816204543433,-0.13625162468656912,-0.23315982970757815,-0.09437189672754742,-0.11173589693178101,0.08475497478286059,-0.22039887129420238,0.07033155570862892,-0.1322668401483756
-0.14290408412909225,-0.03409461001589971,0.08029976183146496,-0.03547094052012992,-0.06434902488382369,0.1017507610471334,-0.04871463864645974,0.12106556970260969,0.05170197528559002,0.1563690819409207,-0.15933435255060777,0.15954908631301887,-0.15463706453245585,0.15954908618525387,-0.15875099230430006,0.15954909223738759,-0.1541568082976819,0.1595490877692988,-0.15130942421569712,0.159549016529765,-0.2493675671886208,0.23749899794740686,-0.20909949163434705,0.19031717753871316,-0.0756424773638994,0.07511691596472533,0.0400938794441103,-0.039993233611447895,0.15741987671603613,-0.15666106262413618,0.25,-0.24428626668840336,0.2302785645277993,-0.1620100002446192,0.13460659218687504,-0.10291265669252309,0.11303432651743633,-0.11291783860209226,0.159426287272905,-0.15940006570734394,-0.15947633450040533,0.1595490080332689,-0.15900026960576796,0.15954902772622187,-0.14368788229843488,0.15954875016794154,-0.15203660762165763,0.1595464724873062,-0.15859672594349825,0.15953792510172438,-0.07602286872401981,0.12838372395126108,0.08880807578417813,0.15083008625197017,0.06017299373996249,0.07124378007789449,-0.055652375539891406,0.14144463526229165,-0.04651871888197783,0.08508123631953177
0.13777751773135513,0.03279183317892631,-0.07734387159195694,0.03419421866165813,0.06201833855078346,-0.0982229107274213,0.046910533019542344,-0.11677305897670177,-0.049784942825997144,-0.1507693168859843,0.15362860177878743,-0.15383589025894545,0.1490308033311352,-0.153835890137001,0.15307162121147716,-0.15383589596742345,0.14876885148202118,-0.15383589168215556,0.14595880885469395,-0.15383582261842177,0.24392550371116134,-0.23204973786216299,0.21422622868738897,-0.1942093912327381,0.07967794362751357,-0.07913546656910687,-0.03586480707747642,0.03576500481302786,-0.15171146175417657,0.15098840883796766,-0.24428626668840336,0.25,-0.23537489926211524,0.16713263957945731,-0.13620007528872852,0.10453031730645779,-0.11067076161643014,0.11055576448874581,-0.15371317835787607,0.1536875571232285,0.15376700886764183,-0.15383581931393386,0.15329896534353032,-0.15383583627647815,0.1383528010799932,-0.1538355689179006,0.1464448572890985,-0.1538334331957117,0.15291689269709108,-0.15382511890337833,0.07334865725998158,-0.12382404671114929,-0.08570773547169426,-0.14543949973017595,-0.057942854291161056,-0.06859954461486954,0.053755095742156776,-0.13624592960158702,0.04497118493874296,-0.08198411345403109
