x1,x2,x3,x4,x5,x6,x7,x8,x9,x10,x11,x12,x13,x14,x15,x16,x17,x18,x19,x20,x21,x22,x23,x24,x25,x26,x27,x28,x29,x30,x31,x32,x33,x34,x35,x36,x37,x38,x39,x40,x41,x42,x43,x44,x45,x46,x47,x48,x49,x50,x51,x52,x53,x54,x55,x56,x57,x58,x59,x60
0.25,0.20949504626519996,-0.13213900755099203,0.20605191975738585,-0.1196246264043252,0.21104305512808277,-0.1515950432173779,0.204904217105142,-0.14402959588293954,0.2190682826188565,0.05904449759942242,-0.07126561388790113,0.07706453036655934,-0.07567035419668201,0.08802576533826943,-0.07482255949846221,0.12724389461960006,-0.12609990414189748,0.12240898332129956,-0.1206178471784923,-0.04167148098716911,0.051767006991359,-0.05891063164096917,0.05543897114439808,-0.03947748349858488,0.04344782002012474,-0.05223920414902257,0.08558116462590457,-0.09029820996695709,0.12231468480933058,0.05799767107815996,-0.057389635664000675,0.05236164561950396,-0.0271975231190932,0.01738582847330554,0.0019348829139682528,0.0054599299469875046,0.040369178241507486,-0.046585112086618016,0.1286649621899032,-0.034855896114757555,0.021783623594099497,-0.005219089042692223,-0.005162962924150941,0.046183206040453166,-0.05013858120964069,0.1061498984659741,-0.10346852153008877,0.1335455186151565,-0.12921125236107175,0.2092307890268381,0.20210540751874106,-0.06654572244516763,0.19530348916945015,-0.07510679218522164,0.21064873317331687,-0.14581034888707847,0.21060210134032795,-0.1569636562927899,0.219070205044587
0.20949504626519996,0.24999999999999994,-0.1725470076413821,0.22939359038302165,-0.14856365059693183,0.2331521456443176,-0.1706825256699838,0.22573033420496325,-0.16366625199097637,0.24041987564413175,0.09934326192957273,-0.11153528298427948,0.11718141797175127,-0.11385707800181152,0.11844655964653003,-0.10021639664355675,0.14634300247416437,-0.14557528470907444,0.1415870326077665,-0.13968602604780903,-0.07567811056850407,0.0879779511270786,-0.09553081116967367,0.0910401036325993,-0.07136628940837784,0.07125698494453475,-0.07942178657090547,0.1084595959400723,-0.11338543427310233,0.14177494118440864,0.09404733645168732,-0.09361352623296985,0.08771414086437078,-0.05751807805513846,0.045924623535516906,-0.022300483623255325,0.029173312750214883,0.026588136602689827,-0.03445432691477162,0.13383032137283762,-0.06286178145379782,0.05061357579132809,-0.030884547129734395,0.01848425044371059,0.030969713264064214,-0.03569488033665038,0.10413025711751595,-0.10276679535689745,0.13947200724058,-0.1345303830266358,0.2306687172582202,0.21989832674044593,-0.055883506768010856,0.21162379955815472,-0.06597852566133626,0.2302140373898317,-0.15184839794534993,0.23017768526790205,-0.16708225679963715,0.24042193796855493
-0.13213900755099203,-0.1725470076413821,0.25000000000000006,-0.17607060170086167,0.16290199436950967,-0.16405304485122743,0.1324009429685639,-0.15567008852699216,0.13190211824378772,-0.1630518547461063,-0.1764880149002011,0.18872664035295683,-0.19438870670487016,0.18566388178318796,-0.1562591103032679,0.1310628369202584,-0.12435722155811259,0.12603026861958308,-0.12302365393895665,0.12198394165747398,0.15269898517216704,-0.1650314341701675,0.17135146833551806,-0.16640597872418947,0.14479593870971136,-0.1295263913785361,0.13006760776202372,-0.1250241136663805,0.12753013174613861,-0.124644025167024,-0.16875818801358244,0.16934955796325846,-0.16375376240016026,0.1332931683689286,-0.12206646316058932,0.09742693747427444,-0.09836445077987857,0.04208046569771971,-0.0333095852168662,-0.06530502301319288,0.12752955174484817,-0.1263538262854747,0.10697204079672737,-0.09475952534217977,0.04542369381072281,-0.040772789453138836,-0.028988461541285246,0.03291557009555756,-0.07015844268967306,0.06612062334619688,-0.16014889398403606,-0.14263778973769886,-0.0206108120838403,-0.13438094577702825,-0.010618763567359482,-0.15288998792430517,0.07549891319993028,-0.1529105843777409,0.0954758716905792,-0.1630530445378218
0.20605191975738585,0.22939359038302165,-0.17607060170086167,0.2500000000000002,-0.16039605461423528,0.23076103855422989,-0.17416080251554228,0.22365068156324255,-0.1660066359338699,0.2369759456332963,0.1028755644988958,-0.1151162559593769,0.12076618160421085,-0.11818722775961166,0.12749490998360213,-0.10922429004591891,0.15215946515700476,-0.1500220280704183,0.14593479637319887,-0.14404709556665513,-0.0792680646782085,0.09157490235660207,-0.0992760334949685,0.09487641830170718,-0.07538461714560449,0.0769697976592627,-0.08491576895516723,0.11342712779618408,-0.11828932432488211,0.1461390061632897,0.0977339976444735,-0.09734968668656135,0.09145344261537142,-0.061222689451724877,0.049639461539908905,-0.02606177073257107,0.033565853479322005,0.022181068656785034,-0.029955159233420223,0.12946208985975077,-0.0661303325853777,0.054308323446292835,-0.03457415672315185,0.02216991720655353,0.027327519787440493,-0.032053122284674225,0.10043187596151204,-0.09850937294514454,0.13519039371841904,-0.13017069926018132,0.2276740583649505,0.21643628564878004,-0.0522715937193139,0.2081521406019241,-0.06236690896290101,0.22676018859454783,-0.1482611544759435,0.22671820592746886,-0.16304055059814967,0.23697800075000044
-0.1196246264043252,-0.14856365059693183,0.16290199436950967,-0.16039605461423528,0.2500000000000001,-0.15572103184209662,0.15495987292262456,-0.14853295407200437,0.14229304141157084,-0.1473999125264773,-0.15326532822004327,0.16577080147156464,-0.17279030856711788,0.1819924038254921,-0.21684507347822563,0.19130985776424397,-0.15680557049444735,0.14705083876122982,-0.1432247671169062,0.1423220443124285,0.13440774587978802,-0.14682256200275776,0.15517828685802695,-0.1621328149859118,0.156307724429671,-0.16283592780788217,0.16214305559714037,-0.15118584234910148,0.15330985156083904,-0.1450222246587139,-0.1494811396898755,0.1501547692890281,-0.148856709467889,0.1360682630860378,-0.13275932239151317,0.11425613502130999,-0.12094641982025095,0.06496584236041344,-0.05696455849136407,-0.04240847062584865,0.11673297532588271,-0.11595120539785915,0.1072942666714789,-0.10058142050729685,0.06032748483065306,-0.057405301952326744,-0.01163303748391199,0.011027984323873946,-0.047935922352484873,0.04324194114230562,-0.14522913646586091,-0.12792214419706252,-0.027297306038984587,-0.11873043602563486,-0.026348168032351987,-0.13718866851070502,0.05894324318404348,-0.13716324752738854,0.07513630855921395,-0.14740099385850738
0.21104305512808277,0.2331521456443176,-0.16405304485122743,0.23076103855422989,-0.15572103184209662,0.25,-0.1839254929597035,0.22856499996711083,-0.17174475267636527,0.24167215728508734,0.09434870337663319,-0.10660937297641886,0.11239272692548587,-0.11097881560094948,0.12277726932305037,-0.10541630487642237,0.15769593580087884,-0.15646845120870295,0.15235786753619435,-0.15035036378855865,-0.07120857607417662,0.08351994352002833,-0.09131182701885061,0.08800594069198747,-0.0699619857841392,0.07271003740674163,-0.08163460075268816,0.11496955412646793,-0.1201391003632841,0.1523653606108222,0.08961986493337916,-0.08912714868879251,0.08361080121091403,-0.055154882571723116,0.04432472853972208,-0.02134785411980983,0.02911953384862527,0.02659885116729089,-0.03434050886673672,0.13385832906326764,-0.059762399105813054,0.04698130816282959,-0.02826866284205647,0.016390393337863747,0.03219044904238148,-0.036749664273747144,0.1050635436132519,-0.10295863211537061,0.13961185539544105,-0.13455700353571953,0.23189477833488886,0.22123161955566875,-0.0579203127846012,0.21286210397505703,-0.06713702630736555,0.2314564975214312,-0.15293421061490667,0.23141248458220282,-0.16754001383276104,0.2416742792353011
-0.1515950432173779,-0.1706825256699838,0.1324009429685639,-0.17416080251554228,0.15495987292262456,-0.1839254929597035,0.2500000000000003,-0.1911584657239192,0.2089009636182652,-0.17560470555448127,-0.08113693116646861,0.09220017953033907,-0.09939956808147482,0.11003907763612387,-0.15112316294123376,0.17080362659300985,-0.2236087001274861,0.222297767708589,-0.21827554107917094,0.21625666216514006,0.06607088536905444,-0.07853191391359471,0.08720960324405347,-0.09926591518399139,0.11612881225342603,-0.1386337211269402,0.14674074544911925,-0.18089117103614608,0.1857797425904105,-0.21823350766864572,-0.08170013580076105,0.08148144399919101,-0.08276613830754069,0.08953684711777386,-0.0947127334434599,0.08542856790582305,-0.09506523502513016,0.039329115426278476,-0.03163372753688793,-0.06785553088643573,0.06446387293841346,-0.056209270071850226,0.058521502467428786,-0.057655693870905945,0.029851329108414808,-0.029223227627919478,-0.039278895981774635,0.036952872927069426,-0.07361988182631357,0.06861730138632494,-0.17039662725815177,-0.15740155198910352,0.013105152188815751,-0.1471183009113691,0.0028432891298094815,-0.16539286177243445,0.08692992812990194,-0.16534883015638405,0.10153840190196636,-0.17560626557859396
0.204904217105142,0.22573033420496325,-0.15567008852699216,0.22365068156324255,-0.14853295407200437,0.22856499996711083,-0.1911584657239192,0.2500000000000006,-0.18324107873365703,0.23443586800735378,0.08652796524838367,-0.0985623380904313,0.10458311232635986,-0.10520299262969174,0.12218524497914764,-0.11254775176547505,0.16493271411100122,-0.16369586533756553,0.15959467412508163,-0.15758588951684271,-0.06490893722129204,0.07724668059182357,-0.08520376856773201,0.08463678896557138,-0.07337918780094421,0.07994599396696209,-0.0888451393590546,0.12220627513929844,-0.12736148862315602,0.159597292370239,0.08287976826818716,-0.0823851607777517,0.07812074598977956,-0.05636370394689579,0.048543992380594675,-0.0282433539022306,0.03635611876706478,0.01936696214677848,-0.027104076496353408,0.12662373572429647,-0.05597420221865375,0.04342332588343777,-0.028680318417821746,0.018884244347644862,0.025704842590801268,-0.029513431243486633,0.09785138975623997,-0.09572217797245876,0.13237690830176013,-0.12732495980226383,0.22491830772656146,0.2144204841243596,-0.054731243835785814,0.20568548168331466,-0.06022562693258071,0.22422008728825102,-0.14570016493705315,0.22417607110134952,-0.16030586016760337,0.23443790745048845
-0.14402959588293954,-0.16366625199097637,0.13190211824378772,-0.1660066359338699,0.14229304141157084,-0.17174475267636527,0.2089009636182652,-0.18324107873365703,0.25000000000000006,-0.1676925536113783,-0.0834125815640578,0.0942633165533224,-0.10134782378088611,0.10978973299451954,-0.13749019837814114,0.1591869266952866,-0.21239802785440906,0.22375091237093078,-0.2261678571773886,0.22372137903928901,0.0699875944385701,-0.08239008262645704,0.09097911372763126,-0.10232961889778751,0.118679088452587,-0.14092772248066476,0.14952061537924569,-0.18379225780259106,0.18872457123485595,-0.2212599226228642,-0.08556698042936432,0.08539682091957052,-0.08654867773920233,0.09296797958978063,-0.0981077960495979,0.08988816070448682,-0.09979691556183379,0.045954650726644355,-0.03844188798421594,-0.06050528996931066,0.06765530668829556,-0.06009884356010466,0.06224727616945616,-0.06143306932626432,0.0353995132034865,-0.03497028604478603,-0.03236281453620552,0.029778174973575752,-0.06624386658658254,0.06127303506393676,-0.16315595634591745,-0.14979509782558317,0.007934314783328292,-0.13954069145126966,-0.003122902907254449,-0.1575395660969774,0.07959275499748257,-0.15749245529240333,0.09401689701663105,-0.16769379158147182
0.2190682826188565,0.24041987564413175,-0.1630518547461063,0.2369759456332963,-0.1473999125264773,0.24167215728508734,-0.17560470555448127,0.23443586800735378,-0.1676925536113783,0.25000000000000006,0.08990864332757105,-0.10210050966412562,0.10774640175691133,-0.10517235062826746,0.11447736243611831,-0.09709942788828893,0.14937113925638693,-0.14815479731731002,0.14403337269574282,-0.14202742698019102,-0.06625505889508317,0.07855518790169037,-0.08628121105342036,0.08185663420376028,-0.0624388956174797,0.06438665394569076,-0.07347599546768976,0.10664564986866917,-0.11186615013341536,0.14404742947886104,0.08492999277127324,-0.08437180245516311,0.07843397459255706,-0.04826131189691921,0.03661972913297014,-0.013120865563860138,0.020796391217116322,0.034915941036980716,-0.04266302150406806,0.14217781767332194,-0.05496527216943861,0.04135522097802414,-0.021577855922522787,0.009150638014639858,0.04033630110124693,-0.04507214238360416,0.11335764664442717,-0.11128061996025376,0.147927842312436,-0.14286418041544582,0.23940450269935754,0.22944989867844656,-0.06527472004655527,0.22116953838320758,-0.0753844873892456,0.23977745307122775,-0.16125267549387698,0.2397334441390802,-0.17585588025743862,0.24999511324590004
0.05904449759942242,0.09934326192957273,-0.1764880149002011,0.1028755644988958,-0.15326532822004327,0.09434870337663319,-0.08113693116646861,0.08652796524838367,-0.0834125815640578,0.08990864332757105,0.25000000000000017,-0.23669873733041638,0.22904929361607207,-0.2159950508651052,0.16785279589839897,-0.1386358590367088,0.08466159936461823,-0.08437076627420266,0.08189438449680664,-0.08171002671313599,-0.20325658737973912,0.2146921721721036,-0.2130452731313597,0.20430256171832434,-0.1823552169715223,0.15626638247123079,-0.15020783480484617,0.11512840778162065,-0.1153052687044414,0.08484259605487401,0.21045286478993402,-0.21154683207277267,0.20650187335569678,-0.17764057232031688,0.1672518195312422,-0.1436022262193371,0.1386101906291435,-0.08714601390859669,0.07833167536146597,0.010064127334024904,-0.16458255300880503,0.1721525115400675,-0.15423198853951323,0.14298249553138226,-0.09778246285652387,0.09350745939164813,-0.029190980248606058,0.020481357658888717,0.013684619212017343,-0.01088431501903862,0.09213485813376292,0.07147557234713053,0.0760391405622837,0.06409618480731914,0.06642798497238678,0.08076642754381863,-0.011743362244809626,0.08084001837511189,-0.03436210544198991,0.0899092333255725
-0.07126561388790113,-0.11153528298427948,0.18872664035295683,-0.1151162559593769,0.16577080147156464,-0.10660937297641886,0.09220017953033907,-0.0985623380904313,0.0942633165533224,-0.10210050966412562,-0.23669873733041638,0.25000000000000006,-0.24227772089607036,0.2290577003454775,-0.1800024415313727,0.14911623759843853,-0.09508375285605924,0.0948077527260857,-0.09224277390385191,0.09195955937171645,0.21375964007782544,-0.2261176244461116,0.22471024837493248,-0.2159984930301427,0.19284541771502678,-0.16608917397502604,0.16016705514515164,-0.12509194854432487,0.12548193720053274,-0.09514943034588107,-0.22182691971434007,0.22295509364260363,-0.21763241827781854,0.18703800516506855,-0.1760520426816396,0.15076470274464662,-0.14597788458531064,0.0903799378796096,-0.08093339629755435,-0.014820865543760713,0.17323359344936926,-0.18063489067659197,0.16159510791272347,-0.14960468477977865,0.1010443271894037,-0.09647830335466046,0.027011378166643348,-0.018113956925721663,-0.018817026294728444,0.015701232187571454,-0.10408354237301555,-0.08218191143868916,-0.07719478924247604,-0.07416012739851555,-0.06713043437408382,-0.09220064129408582,0.017399695727236143,-0.09227466449899152,0.04142041160265428,-0.10210107188590851
0.07706453036655934,0.11718141797175127,-0.19438870670487016,0.12076618160421085,-0.17279030856711788,0.11239272692548587,-0.09939956808147482,0.10458311232635986,-0.10134782378088611,0.10774640175691133,0.22904929361607207,-0.24227772089607036,0.2500000000000001,-0.23656542547432943,0.18747634918493788,-0.15661454844059183,0.10256231808593189,-0.10217716810596754,0.09960938293974063,-0.09929710191111019,-0.20665943485376165,0.21902104122597565,-0.2237387377399336,0.2192349680741005,-0.19624134070326968,0.1709352663209225,-0.1652678767979678,0.13125068606216542,-0.13177771092674562,0.10244144087087223,0.2200800131833407,-0.22139901143978516,0.21634772108341133,-0.18646465244534216,0.1758253523860044,-0.15046836638974573,0.14723464425861957,-0.09072912515833396,0.0813474210582972,0.01646618003108352,-0.17206724288613695,0.1789259569920502,-0.16030534962678908,0.148474412653636,-0.09946312938997103,0.09489818324594783,-0.02439119918850248,0.016765565509099495,0.02075364845954606,-0.01736042950019685,0.10950083682123764,0.08748388394578421,0.07460579473186965,0.07924202645585963,0.06490716594638155,0.09764284199224382,-0.021144847743922335,0.0977033331875924,-0.044394506394747034,0.10774693099949505
-0.07567035419668201,-0.11385707800181152,0.18566388178318796,-0.11818722775961166,0.1819924038254921,-0.11097881560094948,0.11003907763612387,-0.10520299262969174,0.10978973299451954,-0.10517235062826746,-0.2159950508651052,0.2290577003454775,-0.23656542547432943,0.25000000000000006,-0.20085096782717568,0.16991186675691397,-0.1158276273344122,0.11434388510897134,-0.11166059251802062,0.11130741427718177,0.19850069962451047,-0.2109182736165885,0.219221550961274,-0.22661837008332555,0.20387224980445104,-0.17944848365413574,0.17408668296808766,-0.14166057235681218,0.14230775462995987,-0.1144106710756082,-0.21267962167319276,0.2140785170339052,-0.21179074875380965,0.18893423837686912,-0.1814261459341917,0.1560238211716064,-0.15372023161601134,0.09670613245740364,-0.08737045110381078,-0.011601668116584161,0.16874279895300623,-0.17542988247442315,0.1612933815310325,-0.15159061747882552,0.10399861379133096,-0.09975107875447092,0.028650663478509402,-0.021789764530319597,-0.016057000984631243,0.012506389586422837,-0.10706848886504777,-0.08496554288490635,-0.0765240439756298,-0.0763769272700299,-0.06926306104058148,-0.09495450758916266,0.01750332260349067,-0.09500707526860307,0.04029282283543975,-0.1051728510088121
0.08802576533826943,0.11844655964653003,-0.1562591103032679,0.12749490998360213,-0.21684507347822563,0.12277726932305037,-0.15112316294123376,0.12218524497914764,-0.13749019837814114,0.11447736243611831,0.16785279589839897,-0.1800024415313727,0.18747634918493788,-0.20085096782717568,0.25000000000000017,-0.2172724679667999,0.16279287540373327,-0.15110077824167953,0.14736291276705804,-0.14671397976912223,-0.1504653733498472,0.16289159958133118,-0.17149792037295533,0.18267452035490442,-0.18364360426316834,0.18968437049338474,-0.18667923440323342,0.16570656222476665,-0.16708641216804382,0.14957026033033713,0.1643076975990655,-0.16530627515514942,0.16592447995263648,-0.16117059885210766,0.16161542845997023,-0.145739728271916,0.1510628828092215,-0.09501180755192336,0.08676468713152637,0.012235648579402035,-0.1322671060378496,0.13517626628252413,-0.13151938445745331,0.12740670383214178,-0.09178931843293058,0.08974855756621736,-0.020396068869852818,0.019487087407748252,0.01752442903905456,-0.013107320138871566,0.11478619954559413,0.0955549776144033,0.05499473667998944,0.08595658568334272,0.05840759587168025,0.10429450043728654,-0.02645774470832583,0.10428576420649777,-0.04401338425446535,0.1144780773532554
-0.07482255949846221,-0.10021639664355675,0.1310628369202584,-0.10922429004591891,0.19130985776424397,-0.10541630487642237,0.17080362659300985,-0.11254775176547505,0.1591869266952866,-0.09709942788828893,-0.1386358590367088,0.14911623759843853,-0.15661454844059183,0.16991186675691397,-0.2172724679667999,0.2500000000000003,-0.19542710327652454,0.18361026625339555,-0.17985474850809127,0.17914084129321753,0.1254184136103403,-0.13795639248537567,0.1467341630397046,-0.1627558779542855,0.1891978434331252,-0.21728010786057106,0.2145602565327796,-0.1959411534984258,0.19741211676641487,-0.18193546599497612,-0.13890314694531525,0.1398323186609928,-0.14329936118704553,0.15927739501911234,-0.16903489987604678,0.16318360866395726,-0.1726510234374123,0.11673191447793446,-0.1089345157890534,0.00943108789785757,0.11612309403042347,-0.1189063345101867,0.12723678189464593,-0.12951350051916893,0.10732771904792177,-0.107822294679881,0.03882112863747844,-0.040585134872368374,0.003748340361550212,-0.008551132258373362,-0.09800947003723567,-0.07951486346619756,-0.05959732793416773,-0.06868391954168655,-0.07527260615816754,-0.08688142206544851,0.008502250315124311,-0.08684581681997211,0.02385721400702761,-0.09709979912503967
0.12724389461960006,0.14634300247416437,-0.12435722155811259,0.15215946515700476,-0.15680557049444735,0.15769593580087884,-0.2236087001274861,0.16493271411100122,-0.21239802785440906,0.14937113925638693,0.08466159936461823,-0.09508375285605924,0.10256231808593189,-0.1158276273344122,0.16279287540373327,-0.19542710327652454,0.25000000000000017,-0.23646086774878206,0.232403858173313,-0.2304707796053438,-0.07161151893442458,0.0840809371473707,-0.09293808900998289,0.10890650350971522,-0.1356771696130513,0.16380203226566675,-0.1707583438595823,0.20010270459199012,-0.20457354392887606,0.23250232477232713,0.08635322110162118,-0.08632850912790865,0.08944964405999507,-0.1060155931513404,0.11568465496760957,-0.1103065783110014,0.12039365619587952,-0.0647999604104087,0.057131219054584986,0.04206168402727727,-0.07163599238397723,0.06577443829263127,-0.07396623095061612,0.07619297072665597,-0.05434865844896637,0.054841441580979096,0.013558286621985811,-0.011225815889015995,0.04780571926277933,-0.042851090116487495,0.14608934019201883,0.1318532745296656,0.006657018169235869,0.12105800649309158,0.022390816946579323,0.13918934789121687,-0.06097916173060639,0.1391461828076601,-0.07561236486663993,0.1493722242771488
-0.12609990414189748,-0.14557528470907444,0.12603026861958308,-0.1500220280704183,0.14705083876122982,-0.15646845120870295,0.222297767708589,-0.16369586533756553,0.22375091237093078,-0.14815479731731002,-0.08437076627420266,0.0948077527260857,-0.10217716810596754,0.11434388510897134,-0.15110077824167953,0.18361026625339555,-0.23646086774878206,0.2500000000000003,-0.24579851719951532,0.24384728044743365,0.07310947068484296,-0.08562427482172702,0.09450621588350754,-0.11052652830747377,0.13731227367353938,-0.16549376787924175,0.17388717111142382,-0.20848290697629734,0.21323020966145412,-0.2458084258887965,-0.08788921295709189,0.08783631677951877,-0.09102125349048026,0.10800094867119378,-0.11787006273179315,0.11243261217927553,-0.12263657964504421,0.06685723050365876,-0.0591761910720866,-0.04036503387792822,0.07334260793571767,-0.0673985068310078,0.07580466625524444,-0.07812882277356345,0.05625994983449416,-0.056765593283206295,-0.011859326880732326,0.009440878221981986,-0.04614031678147777,0.04116064489996512,-0.14523335683370467,-0.1305856777131804,-0.008324695912012915,-0.11974411364688618,-0.0241981338351347,-0.13793753809672585,0.059449440478378954,-0.13789348321882985,0.07407147089149949,-0.1481556691293409
0.12240898332129956,0.1415870326077665,-0.12302365393895665,0.14593479637319887,-0.1432247671169062,0.15235786753619435,-0.21827554107917094,0.15959467412508163,-0.2261678571773886,0.14403337269574282,0.08189438449680664,-0.09224277390385191,0.09960938293974063,-0.11166059251802062,0.14736291276705804,-0.17985474850809127,0.232403858173313,-0.24579851719951532,0.25000000000000017,-0.24746060608397208,-0.07103991542282746,0.08348545635730127,-0.09234348822235652,0.1083999175254547,-0.1351908697841701,0.16338038330188523,-0.17178181238588597,0.2063790078179809,-0.21124349355907412,0.2438972931119089,0.08571165221318686,-0.0856550608145387,0.08890064721705358,-0.10601860268332294,0.11606976815041137,-0.11235469022345786,0.12293863972924254,-0.06960208585590533,0.06214187894495857,0.036834479536684527,-0.07131261015361239,0.06549791839092726,-0.07406624368918112,0.07665890883231948,-0.05751922453214719,0.05835836990470069,0.008822749134229629,-0.006093585793352817,0.04257944298871258,-0.03762723560574808,0.1412383463468792,0.12688176828831477,0.008668813909350759,0.11602442415605227,0.02599769700675352,0.1338784322844505,-0.05594849116041176,0.13383040426808787,-0.07035766177047592,0.14403420327107538
-0.1206178471784923,-0.13968602604780903,0.12198394165747398,-0.14404709556665513,0.1423220443124285,-0.15035036378855865,0.21625666216514006,-0.15758588951684271,0.22372137903928901,-0.14202742698019102,-0.08171002671313599,0.09195955937171645,-0.09929710191111019,0.11130741427718177,-0.14671397976912223,0.17914084129321753,-0.2304707796053438,0.24384728044743365,-0.24746060608397208,0.2500000000000004,0.07122598073602923,-0.08363658232624668,0.09248987288589845,-0.1085660180721945,0.13545729286381725,-0.16392328132107453,0.17303247531498317,-0.20757793894922028,0.2124569130579817,-0.24507359948277804,-0.0858228791984015,0.08576564115948303,-0.08910059266432413,0.10691493787204584,-0.11730221044342598,0.11398915341544236,-0.12464465612713696,0.07165909135992565,-0.06421816857428196,-0.03481084884894649,0.07158130621828225,-0.06591613495641094,0.0748955261645671,-0.07773120785192952,0.05930743596303241,-0.06025557953871113,-0.006805268093111471,0.004046604384325177,-0.04055575075186646,0.035606105220078475,-0.13937110173974346,-0.12495222049164044,-0.009964517358867137,-0.11404581985658217,-0.027858738369487525,-0.13186757545148797,0.05391672718910288,-0.13181914451065302,0.0683386441727798,-0.1420282387740531
-0.04167148098716911,-0.07567811056850407,0.15269898517216704,-0.0792680646782085,0.13440774587978802,-0.07120857607417662,0.06607088536905444,-0.06490893722129204,0.0699875944385701,-0.06625505889508317,-0.20325658737973912,0.21375964007782544,-0.20665943485376165,0.19850069962451047,-0.1504653733498472,0.1254184136103403,-0.07161151893442458,0.07310947068484296,-0.07103991542282746,0.07122598073602923,0.25000000000000056,-0.23698499947155163,0.22841373019913838,-0.2085818885296925,0.18457323279208965,-0.1519027433886181,0.145088256001098,-0.10732869533643771,0.10723523085736619,-0.07427160303893339,-0.2310195276642151,0.22757785568377945,-0.2258703828081478,0.19566949616194956,-0.18483029613020008,0.1599971870848432,-0.14828917204114211,0.09736843215249538,-0.0877076666000928,0.00215513142249122,0.17968491248564636,-0.19011802491134336,0.17271985927175942,-0.16168714335219633,0.1164860813247426,-0.11212066366463008,0.047956295757144274,-0.03344663767860835,-0.0004863396041145836,-0.0013342707197999076,-0.07006529524545364,-0.048233772636258866,-0.09605380631986907,-0.04113183895785011,-0.0858856539546741,-0.057367882093382186,-0.00906531742555138,-0.05750217353532622,0.018199281172807998,-0.06625534059035576
0.051767006991359,0.0879779511270786,-0.1650314341701675,0.09157490235660207,-0.14682256200275776,0.08351994352002833,-0.07853191391359471,0.07724668059182357,-0.08239008262645704,0.07855518790169037,0.2146921721721036,-0.2261176244461116,0.21902104122597565,-0.2109182736165885,0.16289159958133118,-0.13795639248537567,0.0840809371473707,-0.08562427482172702,0.08348545635730127,-0.08363658232624668,-0.23698499947155163,0.2500000000000005,-0.2408363302046181,0.22088757332192946,-0.1970834610729195,0.1642977290126908,-0.1576048727032444,0.11963958248037568,-0.11975206357196455,0.08673383607951833,0.23663908414720158,-0.23647599393716429,0.23475727041396943,-0.20421366452978687,0.1933710711693316,-0.16763261182072897,0.15692984942381125,-0.10191525007957189,0.0917279947248638,0.0014941098398251265,-0.18660212628338335,0.19672726476162292,-0.1789966977697187,0.16763503564152882,-0.11992859943526948,0.11543758440804318,-0.04616776901863061,0.03210954677528439,0.004616895974855615,-0.0023771878791526285,0.08208601914307859,0.05910188613092269,0.09657304421945605,0.05125652129869734,0.08678513297693011,0.06888278866197349,0.0036003974567363917,0.06901083432812906,-0.02457077906903389,0.07855555330952317
-0.05891063164096917,-0.09553081116967367,0.17135146833551806,-0.0992760334949685,0.15517828685802695,-0.09131182701885061,0.08720960324405347,-0.08520376856773201,0.09097911372763126,-0.08628121105342036,-0.2130452731313597,0.22471024837493248,-0.2237387377399336,0.219221550961274,-0.17149792037295533,0.1467341630397046,-0.09293808900998289,0.09450621588350754,-0.09234348822235652,0.09248987288589845,0.22841373019913838,-0.2408363302046181,0.2500000000000005,-0.22961095893790745,0.20583472143993034,-0.1729365214802024,0.16634547975597294,-0.12831830056196597,0.12857237655314402,-0.09558999255770088,-0.24080970461797352,0.24249107907309947,-0.24214273070044262,0.2112419522343955,-0.20033596407562207,0.17379921912059065,-0.1634686189868963,0.10551578788600513,-0.09490093220240631,-0.0036302785723651143,0.19189105024745645,-0.20187963213015156,0.18429674444709712,-0.17286368608859692,0.12324939148633632,-0.11864306365905307,0.04568969379066158,-0.03165173852655084,-0.007047403518754737,0.004557111328148341,-0.08966862410654179,-0.06582290642569064,-0.0978404370164986,-0.057455567532232715,-0.08831591895986403,-0.07606313581292633,-0.0005986136962417105,-0.07618994510463419,0.028449158465878182,-0.08628159018800134
0.05543897114439808,0.0910401036325993,-0.16640597872418947,0.09487641830170718,-0.1621328149859118,0.08800594069198747,-0.09926591518399139,0.08463678896557138,-0.10232961889778751,0.08185663420376028,0.20430256171832434,-0.2159984930301427,0.2192349680741005,-0.22661837008332555,0.18267452035490442,-0.1627558779542855,0.10890650350971522,-0.11052652830747377,0.1083999175254547,-0.1085660180721945,-0.2085818885296925,0.22088757332192946,-0.22961095893790745,0.25000000000000056,-0.22215014698961733,0.18926510094292673,-0.18260743802130097,0.1445736031445265,-0.1447714477089592,0.11170185244745619,0.22083500582476095,-0.2224482063013306,0.22256688714740813,-0.20566215653332012,0.20086432160827644,-0.1751786806823755,0.16986782339322354,-0.11326778746360186,0.10358173182027706,-0.006188913046433903,-0.17846844498848377,0.18767283102761315,-0.1775019475495388,0.1697333899162015,-0.12409021987891285,0.12016207623307497,-0.049300901360535436,0.039831721176153925,-0.002191185503163152,0.00527239131982488,0.08531085322855525,0.06214378596801992,0.09530507305265883,0.05348812849179824,0.08999998217321803,0.07178438916606893,0.004254150524883863,0.07186471667602477,-0.020612706886898514,0.08185691595472529
-0.03947748349858488,-0.07136628940837784,0.14479593870971136,-0.07538461714560449,0.156307724429671,-0.0699619857841392,0.11612881225342603,-0.07337918780094421,0.118679088452587,-0.0624388956174797,-0.1823552169715223,0.19284541771502678,-0.19624134070326968,0.20387224980445104,-0.18364360426316834,0.1891978434331252,-0.1356771696130513,0.13731227367353938,-0.1351908697841701,0.13545729286381725,0.18457323279208965,-0.1970834610729195,0.20583472143993034,-0.22215014698961733,0.2500000000000004,-0.21678621419761746,0.21006117748061462,-0.1714205690458632,0.17161907179222635,-0.1386094658973796,-0.19705872930243562,0.19862520421952992,-0.20193718330830612,0.21550568416373328,-0.22404087382866633,0.19834764244203446,-0.1944177343690736,0.1371697674250036,-0.1275735428374548,0.028690392699189195,0.16682454339436992,-0.1765625735091927,0.18310851829479466,-0.18346053679198607,0.14499253721989824,-0.14248387648188,0.0708423724785516,-0.06251271809710664,0.02446260613660813,-0.0277532312774781,-0.06671433063115226,-0.043526297436434984,-0.10693558457833688,-0.03377980389950635,-0.11125028000633612,-0.05222038812815709,-0.025040988528244223,-0.052289469651468565,-0.0008552039574244551,-0.062438885878427886
0.04344782002012474,0.07125698494453475,-0.1295263913785361,0.0769697976592627,-0.16283592780788217,0.07271003740674163,-0.1386337211269402,0.07994599396696209,-0.14092772248066476,0.06438665394569076,0.15626638247123079,-0.16608917397502604,0.1709352663209225,-0.17944848365413574,0.18968437049338474,-0.21728010786057106,0.16380203226566675,-0.16549376787924175,0.16338038330188523,-0.16392328132107453,-0.1519027433886181,0.1642977290126908,-0.1729365214802024,0.18926510094292673,-0.21678621419761746,0.2500000000000004,-0.23880030641746863,0.20005612788823376,-0.20019441449668623,0.16706245312214138,0.16430196454168217,-0.16573190636169965,0.16974765019421614,-0.18698697091753352,0.19718459984862816,-0.19162985668618293,0.20087839730698076,-0.14570906071822434,0.13801068398570082,-0.040118894870696406,-0.13889248556849618,0.14618503872467017,-0.15534571594246938,0.1580602631453077,-0.13670597084384828,0.13731633785980546,-0.0692054887532427,0.07082949587862114,-0.03454042913887992,0.039201780321864846,0.06800502673663973,0.04714948698836037,0.08920637859884992,0.036423102006455564,0.10523646542212127,0.05433283253063704,0.022754229199072242,0.05430007375447936,0.007458846474189563,0.064386552999829
-0.05223920414902257,-0.07942178657090547,0.13006760776202372,-0.08491576895516723,0.16214305559714037,-0.08163460075268816,0.14674074544911925,-0.0888451393590546,0.14952061537924569,-0.07347599546768976,-0.15020783480484617,0.16016705514515164,-0.1652678767979678,0.17408668296808766,-0.18667923440323342,0.2145602565327796,-0.1707583438595823,0.17388717111142382,-0.17178181238588597,0.17303247531498317,0.145088256001098,-0.1576048727032444,0.16634547975597294,-0.18260743802130097,0.21006117748061462,-0.23880030641746863,0.2500000000000004,-0.2092360828179619,0.20940956064961108,-0.17627222168017714,-0.1578450903820121,0.15915750583041527,-0.16318506600004232,0.18173946325951484,-0.19237915082983548,0.18679462981407913,-0.19730305919092855,0.14147358808018506,-0.13384326496498575,0.034287142418742214,0.13347880345055893,-0.13977878198396343,0.14947047037873723,-0.15240287939849026,0.13080798961808973,-0.13143459467429527,0.06256155617209429,-0.0652305354441257,0.028472955265926855,-0.033367079470113484,-0.0763923856666611,-0.055980955163943254,-0.08239784602344812,-0.04507074436445292,-0.0988353553001477,-0.06325815020476132,-0.01519633934133031,-0.06321406965805806,-0.0005468007799607696,-0.0734759960679686
0.08558116462590457,0.1084595959400723,-0.1250241136663805,0.11342712779618408,-0.15118584234910148,0.11496955412646793,-0.18089117103614608,0.12220627513929844,-0.18379225780259106,0.10664564986866917,0.11512840778162065,-0.12509194854432487,0.13125068606216542,-0.14166057235681218,0.16570656222476665,-0.1959411534984258,0.20010270459199012,-0.20848290697629734,0.2063790078179809,-0.20757793894922028,-0.10732869533643771,0.11963958248037568,-0.12831830056196597,0.1445736031445265,-0.1714205690458632,0.20005612788823376,-0.2092360828179619,0.25000000000000033,-0.24409986120420055,0.21090313154518392,0.12068911089807721,-0.12137189869486326,0.12507633400773666,-0.14300333993994813,0.1534660258800741,-0.14832430412590852,0.15867769968544332,-0.10385227033828635,0.09636647251814671,0.0009805804913241775,-0.10173771594114965,0.1020297822002312,-0.11138128865408121,0.11422455077986383,-0.09334867326131306,0.0939885802387181,-0.026594029043278962,0.029216439389007847,0.006674635825015514,-0.001821803306247196,0.10682437897679503,0.08952591428764052,0.04581676943441411,0.07883207323626033,0.0620633651111806,0.09665437431160122,-0.019885991561801496,0.09661016835388689,-0.03405641010019556,0.10664604163352141
-0.09029820996695709,-0.11338543427310233,0.12753013174613861,-0.11828932432488211,0.15330985156083904,-0.1201391003632841,0.1857797425904105,-0.12736148862315602,0.18872457123485595,-0.11186615013341536,-0.1153052687044414,0.12548193720053274,-0.13177771092674562,0.14230775462995987,-0.16708641216804382,0.19741211676641487,-0.20457354392887606,0.21323020966145412,-0.21124349355907412,0.2124569130579817,0.10723523085736619,-0.11975206357196455,0.12857237655314402,-0.1447714477089592,0.17161907179222635,-0.20019441449668623,0.20940956064961108,-0.24409986120420055,0.2500000000000002,-0.2161668465286423,-0.12100151258777837,0.12159080630134911,-0.12530555099066587,0.14318848791452582,-0.15369057387891094,0.1485268184333469,-0.15891938391623225,0.1031191566616757,-0.09546282386664062,-0.004087393501774665,0.10174468467844308,-0.10160790208163126,0.11090101652658213,-0.11367600855826984,0.09240106752267803,-0.09305109138054926,0.02430598880546292,-0.02684663230002551,-0.009881314839042381,0.0049427043306712855,-0.11178999532613597,-0.09437671841071019,-0.04390257855446723,-0.0834647692965913,-0.06043063561392637,-0.10164841926072878,0.02317537452906402,-0.10160434536125013,0.03781062889332599,-0.11186658954267564
0.12231468480933058,0.14177494118440864,-0.124644025167024,0.1461390061632897,-0.1450222246587139,0.1523653606108222,-0.21823350766864572,0.159597292370239,-0.2212599226228642,0.14404742947886104,0.08484259605487401,-0.09514943034588107,0.10244144087087223,-0.1144106710756082,0.14957026033033713,-0.18193546599497612,0.23250232477232713,-0.2458084258887965,0.2438972931119089,-0.24507359948277804,-0.07427160303893339,0.08673383607951833,-0.09558999255770088,0.11170185244745619,-0.1386094658973796,0.16706245312214138,-0.17627222168017714,0.21090313154518392,-0.2161668465286423,0.2500000000000005,0.08879839240515096,-0.08879081407076453,0.09227760176303104,-0.11037532389155222,0.12080699261202733,-0.1158451517479813,0.12607575903090443,-0.07042135679100876,0.06275500871823488,0.036550602407479364,-0.07457161649188927,0.06899686059549126,-0.07810927471972726,0.08081452432258336,-0.05975812928055358,0.060408383630078846,0.008088926964232385,-0.005692143318881451,0.04230976860779004,-0.03734895669647516,0.14145398385814753,0.12659934811308127,0.011306108402062708,0.11571202853752044,0.027853398916827164,0.13385419137559298,-0.05555437799539385,0.1338105483292577,-0.07016531807177379,0.14404824047966905
0.05799767107815996,0.09404733645168732,-0.16875818801358244,0.0977339976444735,-0.1494811396898755,0.08961986493337916,-0.08170013580076105,0.08287976826818716,-0.08556698042936432,0.08492999277127324,0.21045286478993402,-0.22182691971434007,0.2200800131833407,-0.21267962167319276,0.1643076975990655,-0.13890314694531525,0.08635322110162118,-0.08788921295709189,0.08571165221318686,-0.0858228791984015,-0.2310195276642151,0.23663908414720158,-0.24080970461797352,0.22083500582476095,-0.19705872930243562,0.16430196454168217,-0.1578450903820121,0.12068911089807721,-0.12100151258777837,0.08879839240515096,0.2500000000000004,-0.2439147436842704,0.23808770638671634,-0.20720436110316479,0.19632360745298136,-0.16997596553473948,0.15824596119339912,-0.10121012521730371,0.09053969393517022,0.006003057816410022,-0.19065018944423678,0.20073611454782425,-0.1815461894317897,0.16947723324212338,-0.12061403819762,0.11605814455220582,-0.044151549986491234,0.028971310745568468,0.00914667242285402,-0.00691045625087619,0.08821359582589783,0.06479838223634464,0.09628954174253569,0.05665461137190609,0.08633106588731444,0.0749090347859428,0.00012299907656945216,0.07504788907451751,-0.029583686916689993,0.08493038111618584
-0.057389635664000675,-0.09361352623296985,0.16934955796325846,-0.09734968668656135,0.1501547692890281,-0.08912714868879251,0.08148144399919101,-0.0823851607777517,0.08539682091957052,-0.08437180245516311,-0.21154683207277267,0.22295509364260363,-0.22139901143978516,0.2140785170339052,-0.16530627515514942,0.1398323186609928,-0.08632850912790865,0.08783631677951877,-0.0856550608145387,0.08576564115948303,0.22757785568377945,-0.23647599393716429,0.24249107907309947,-0.2224482063013306,0.19862520421952992,-0.16573190636169965,0.15915750583041527,-0.12137189869486326,0.12159080630134911,-0.08879081407076453,-0.2439147436842704,0.2500000000000006,-0.24405631697960084,0.21314274106630463,-0.20224356418156642,0.17530403681725906,-0.16195764264296122,0.10365674311452186,-0.0925573790179076,-0.005804570871060226,0.1958264356266206,-0.20627687587537175,0.18695191876856318,-0.1747734917275888,0.12515612655012232,-0.12055092178174685,0.04692247319023893,-0.030183606778028706,-0.00882986225653061,0.006729983001382268,-0.08790068322991983,-0.06386933761241319,-0.10017685523889118,-0.05554633473172546,-0.09022400864079516,-0.07415381521460285,-0.0022140147010959467,-0.07430838748526733,0.029171833564590785,-0.08437218070484585
