x1,x2,x3,x4,x5,x6,x7,x8,x9,x10,x11,x12,x13,x14,x15,x16,x17,x18,x19,x20,x21,x22,x23,x24,x25,x26,x27,x28,x29,x30,x31,x32,x33,x34,x35,x36,x37,x38,x39,x40,x41,x42,x43,x44,x45,x46,x47,x48,x49,x50,x51,x52,x53,x54,x55,x56,x57,x58,x59,x60
0.25,0.249711970427492,0.24946564016714637,0.24929915818999354,0.24786607394829524,0.2473218783845298,0.24858590930168356,0.24989532142218537,0.24921724513567653,0.24992175457280894,0.24896006045412244,0.21375644884346154,-0.21077896582953282,0.24030384175885885,-0.2328677897277408,0.24423343356718843,-0.23671453941991358,0.24551764070221052,-0.24154004037002466,0.24991488857551414,0.24973031691389397,-0.1860323261651752,0.1991518156634504,-0.16627229319418424,0.1801277403963511,-0.14327619572018677,0.15881193778692193,-0.0852382979982346,0.09470968701205124,0.24921605222607007,0.2493870959301003,-0.09591859656460752,0.11277415060037288,-0.05401213572777175,0.0986721411662819,-0.03403830284638784,0.06865920417222492,0.030419599168866496,-0.0177980360090019,0.24892191651149587,0.24959985453897077,0.17490057996146,-0.1731380570102683,0.22963791577214113,-0.2193359947990098,0.2340213974089464,-0.22636788825356674,0.2399911004973461,-0.23788293328623278,0.24988744572088575,0.2499937942860357,0.2499274653588887,0.24982523820773495,0.24958343786813506,0.24956131751427518,0.24768678107944467,0.24994129131206852,0.24996691686791422,0.24997574105159923,0.24991961007896757
0.249711970427492,0.24999999999999994,0.24919062957431065,0.2490845519335809,0.24768309889143986,0.2470916974277454,0.2484998607115278,0.24961968427579767,0.24901757872461835,0.24964602151214044,0.24868508786256038,0.21350069167299818,-0.2105289022824452,0.24003452479175033,-0.2326794451310667,0.24397109978575718,-0.23665207937472402,0.24527731901554484,-0.24136456797241518,0.24964008547193936,0.2494547053376549,-0.18580609880956492,0.19891740199016483,-0.16607267047287413,0.17991541301371808,-0.1431179521543497,0.15863854014103526,-0.08517390653936378,0.09463248057277474,0.24894107506389876,0.2491120169995202,-0.09582019154421467,0.11265690848974652,-0.053960827850216914,0.09856691234080192,-0.03400124882954977,0.06857790643827902,0.030400877479027234,-0.017798590041426157,0.24864741403864885,0.24932449764371714,0.17470989998352338,-0.1729492112311327,0.22938428872157313,-0.21909323928406066,0.23376242306165024,-0.22611710967045814,0.2397257446066932,-0.2376199788878716,0.24961177632947085,0.24971800728472335,0.24965175153182245,0.2495496330281509,0.24930810364849104,0.24928598185607215,0.24741354002657273,0.24966555904743806,0.24969115951711532,0.249699973519735,0.2496439049158404
0.24946564016714637,0.24919062957431065,0.24999999999999986,0.24877823872868723,0.24734513871520244,0.24681477515879974,0.24807710387730195,0.24937351187886736,0.24869769895273156,0.24939976715963352,0.24843803230568592,0.2139960482497701,-0.21129475004743709,0.24001736134869348,-0.23259101058771522,0.24375972650666877,-0.23625465715365504,0.24501057823026615,-0.24104303067619165,0.2493928285715971,0.2492114294707174,-0.18628663900504341,0.19915965265483251,-0.16634238770378468,0.18005371652098304,-0.14324446693860224,0.15871309862026506,-0.08524180019239487,0.0946707077869863,0.24869508006502808,0.24886573963766007,-0.0955938599977566,0.11241661659345373,-0.053741330246405164,0.098344178301955,-0.033814950433661464,0.06839260568134108,0.030490650898565248,-0.017886822254810395,0.24840253700442835,0.24907853603595212,0.1744800402869268,-0.17272072900739668,0.22914006818474517,-0.2188542270328162,0.23352086029048413,-0.2258814829099218,0.23948441660249228,-0.23738114917866582,0.2493655518343975,0.24947167106930107,0.2494054806913982,0.24930333489729664,0.2490621723688694,0.24903979417945812,0.24716947298640143,0.24941924356984368,0.249444849786153,0.24945365118543,0.24939764179923285
0.24929915818999354,0.2490845519335809,0.24877823872868723,0.24999999999999983,0.247209214779849,0.24674890971614896,0.24803721258233077,0.24920698765924892,0.24858467519941757,0.24923332754710217,0.24827406876841868,0.21317015582211116,-0.2102068167701206,0.23963671613116952,-0.23224047919973562,0.2435608080441268,-0.2362045126214738,0.24486094897310468,-0.24093394810311936,0.24922714092512813,0.24904243443918353,-0.18552126361484966,0.19860277446234456,-0.16580957014447092,0.17962614193731571,-0.14288312273280876,0.1583772474975923,-0.08502684963686559,0.09447011501362845,0.24852954307596165,0.24870017464755967,-0.09565704870081171,0.1124661041951677,-0.05386644998199862,0.09840096046907447,-0.03394280250093202,0.06846440160164796,0.0303478674466412,-0.017764981351985277,0.24823633934810574,0.24891232685178294,0.17441923054843742,-0.17266148188527125,0.2290047882886742,-0.2187308271324145,0.23337600443896142,-0.2257433809498017,0.23932953883580133,-0.23722723651248878,0.24919912963306404,0.24930518506737104,0.2492390388451675,0.24913708745094165,0.24889595904776163,0.24887387595616442,0.24700452699056202,0.2492528238973971,0.24927838168324928,0.24928718117105547,0.24923120520108585
0.24786607394829524,0.24768309889143986,0.24734513871520244,0.247209214779849,0.24999999999999986,0.24521233164002224,0.24657261801167396,0.24777833101998958,0.24731966177821063,0.2478004952055384,0.24684641971084692,0.21175781394792398,-0.20884122835506458,0.23833407743827226,-0.2348625992341124,0.2425783654777383,-0.23512608764998008,0.24344879279966902,-0.23960589763912604,0.2477945343063487,0.24760919755087077,-0.18418995658549228,0.1972773595679981,-0.16475606634981294,0.17852689489799387,-0.14221114151357736,0.15753937639940319,-0.08457442838858875,0.09396068623548347,0.24710088712131376,0.24727081838989862,-0.09516430940007248,0.11187265499103206,-0.05360398519816294,0.09785204534594305,-0.03375257337942929,0.06806504221283387,0.030196741274698916,-0.017683367541360927,0.24680944804759264,0.247481458539887,0.17344139370696357,-0.1716934294370807,0.22769271350687112,-0.21747719927826434,0.23203505656903084,-0.22444590488926172,0.2379531875098602,-0.23586312908812676,0.2477666218320896,0.24787206618047158,0.24780630019761496,0.24770496751579096,0.24746519270820283,0.24744324342135463,0.24558463887155957,0.2478200053180666,0.24784541687424988,0.24785416560724843,0.24779851158388252
0.2473218783845298,0.2470916974277454,0.24681477515879974,0.24674890971614896,0.24521233164002224,0.24999999999999953,0.24596175490432598,0.24723039990568738,0.2466955767227592,0.24725656512787417,0.24630500041534542,0.21147996053754023,-0.20853692212435745,0.2377352275503985,-0.23035684261460765,0.24162406752669602,-0.2342066372551234,0.24291706480288885,-0.2391113187676917,0.24725113063228477,0.24706719274326797,-0.18405329298179923,0.19702953151859764,-0.16449679710162743,0.17820244992869033,-0.14175485303904642,0.15712748428976106,-0.08436794514151061,0.09373530475647951,0.24655833653792322,0.24672765070797573,-0.09489880348119509,0.1115745112080725,-0.05343933335973915,0.0976194922037873,-0.033670473793444546,0.0679163394524363,0.030116100256901528,-0.017635216024405098,0.2462675430501283,0.24693811293793425,0.1730356203675556,-0.1712917540626917,0.22718796728673252,-0.21699515011943313,0.2315244135593145,-0.2239521814131307,0.23743095414078547,-0.23534536812031195,0.24722264343830253,0.24732785746061547,0.24726223586868096,0.24716108863011424,0.24692187721023864,0.2468999515316996,0.24504544709364265,0.247275909455465,0.2473012666636223,0.24730999607272378,0.24725446435481446
0.24858590930168356,0.2484998607115278,0.24807710387730195,0.24803721258233077,0.24657261801167396,0.24596175490432598,0.24999999999999964,0.2484936760452555,0.24787079432237413,0.24852009689036117,0.24756029130011956,0.21237733232764971,-0.20942709434246345,0.23890860768249833,-0.23160990944885934,0.24287176586604903,-0.23798970356343477,0.24445660359524948,-0.24049032068673587,0.2485167291857253,0.24832902086991676,-0.1848102271906938,0.1979139709132468,-0.16518349431419393,0.17898685385018845,-0.14240638477484216,0.15788198462285555,-0.0849021329745256,0.09430399736837451,0.24781835663533755,0.24798890927337694,-0.09543980659393456,0.11219947363009197,-0.0537811819339007,0.09816038540751143,-0.033879263064011095,0.06826735283086695,0.030306461108552635,-0.017787348703683543,0.24752652691171995,0.24820016656643226,0.173940254432605,-0.1721871366071688,0.22835136640732343,-0.21810564879071673,0.23270673205630726,-0.22509514303306888,0.23864302903177656,-0.2365470040111998,0.24848616698873982,0.2485919189360906,0.24852596196419047,0.24842430485480227,0.24818386398365175,0.24816177986792898,0.2462978472644017,0.2485396992449441,0.24856519223687368,0.2485739652806573,0.24851815072736694
0.24989532142218537,0.24961968427579767,0.24937351187886736,0.24920698765924892,0.24777833101998958,0.24723039990568738,0.2484936760452555,0.2499999999999996,0.24912525794306334,0.24982934965896936,0.248868010945954,0.21367748134960166,-0.2107012771924427,0.2402151142441168,-0.23278542212384118,0.2441438830087755,-0.2366268821738625,0.24542717250728832,-0.24145100831390826,0.2498224900847877,0.2496379812546217,-0.1859635588436809,0.19907821068151088,-0.16621095923607093,0.18006129517867758,-0.14322386033545428,0.15875368004148066,-0.08520735221877095,0.09467516995700054,0.24912390714047042,0.2492948889251317,-0.09588314208547645,0.1127324558379382,-0.05399211445210426,0.09863554963989452,-0.03402551631261219,0.06863358046818598,0.030408696414849248,-0.017791827384370833,0.24882988291456454,0.249507568531558,0.17483590628069548,-0.17307403274564925,0.22955298996794343,-0.21925486492502105,0.23393484853413998,-0.22628416379637564,0.2399023533828012,-0.2377949672095573,0.24979505347801265,0.24990136271197264,0.24983505830902666,0.249732868789967,0.24949115801933922,0.24946904519122268,0.24759520250303382,0.24984887907201064,0.2498744952313863,0.24988331614190476,0.2498272059334374
0.24921724513567653,0.24901757872461835,0.24869769895273156,0.24858467519941757,0.24731966177821063,0.2466955767227592,0.24787079432237413,0.24912525794306334,0.2499999999999997,0.24915125281861927,0.24819166813749663,0.21299826719263512,-0.2100356186671645,0.23954097655999596,-0.23224968157456832,0.24347908584474662,-0.23615015914007176,0.24490578425286322,-0.24206924401859084,0.24915719103969852,0.24896003153660354,-0.18535774065650942,0.19846459001816852,-0.16568904529510442,0.17950955740249425,-0.14286753164387644,0.15838087044984314,-0.08533111225390085,0.09475354651611441,0.2484472630680326,0.24861870957425014,-0.09566832592744584,0.11247033823347563,-0.053893507534036114,0.09837775720755637,-0.033900739938799725,0.06835525642146782,0.030521111708354958,-0.017998343689779376,0.24815596103333099,0.24883049193498719,0.17437022870371588,-0.1726117941965569,0.22892197592089084,-0.21864480401119435,0.23328798802923886,-0.225654864143615,0.23924329306082703,-0.23714257738550934,0.2491172540610082,0.24922327003285757,0.24915714556793805,0.24905515257539215,0.24881417954904866,0.2487917589949964,0.24692337698014702,0.24917088427724357,0.2491964754557504,0.24920526633805118,0.24914931447430888
0.24992175457280894,0.24964602151214044,0.24939976715963352,0.24923332754710217,0.2478004952055384,0.24725656512787417,0.24852009689036117,0.24982934965896936,0.24915125281861927,0.24999999999999956,0.24889433633763478,0.2136998730950365,-0.21072318707972393,0.2402403788734356,-0.23280615335890611,0.24416896837658547,-0.23665170974614994,0.2454528315295901,-0.24147610485262633,0.24984891039522455,0.2496643879714747,-0.1859830888457836,0.1990991689159809,-0.1662283310647345,0.18008014667737224,-0.1432383495215496,0.1587699910994605,-0.08521577048300377,0.09468466231086924,0.24915025983184358,0.24932125840177383,-0.09589329541167228,0.11274439882643475,-0.05399789927596166,0.0986461073827447,-0.0340293343008669,0.06864109203245095,0.03041155217786745,-0.017793319747223424,0.24885620162257432,0.24953396075580833,0.174854416146355,-0.1730923585246546,0.2295772947538212,-0.21927809409121632,0.23395961793039766,-0.2263081295009571,0.23992774408737164,-0.23782013337286925,0.24982147601146157,0.24992779650162528,0.24986148508515957,0.24975928494308827,0.24951754841679638,0.2494954339444153,0.24762139234228003,0.24987530739283337,0.24990092617908027,0.24990974803377816,0.24985363187901674
0.24896006045412244,0.24868508786256038,0.24843803230568592,0.24827406876841868,0.24684641971084692,0.24630500041534542,0.24756029130011956,0.248868010945954,0.24819166813749663,0.24889433633763478,0.24999999999999956,0.2127302950933402,-0.20977869136198934,0.23928681184401568,-0.2318929922059431,0.24322213301501963,-0.23573032745693676,0.24451147819196084,-0.2405489866129547,0.24888756246125834,0.24870313433943617,-0.185145130236288,0.1982606334036496,-0.16552469447507667,0.17933929098372142,-0.14264639326994935,0.1581213004190396,-0.08486035752532431,0.09429508264150836,0.2481916071100902,0.2483619607902872,-0.09554520595683995,0.11233097053655894,-0.053816062277967355,0.0982859335614268,-0.03392218124714882,0.06839557302985613,0.030272723271283653,-0.01770480612942321,0.24789852837936305,0.24857376112061602,0.1741907365248991,-0.172435518073136,0.22869675014142374,-0.2184379740840567,0.23306111495376003,-0.22543935244926386,0.2390053259975871,-0.23690574582347415,0.24886016630211172,0.24896607913370775,0.24890002287959975,0.24879823667759596,0.24855740957931033,0.24853542535378867,0.24666855061664503,0.2489137970411553,0.2489393122075988,0.24894810075459883,0.248892199895149
0.21375644884346154,0.21350069167299818,0.2139960482497701,0.21317015582211116,0.21175781394792398,0.21147996053754023,0.21237733232764971,0.21367748134960166,0.21299826719263512,0.2136998730950365,0.2127302950933402,0.24999999999999958,-0.24572897578908812,0.22022841691870707,-0.21277559581687505,0.2130644408157492,-0.2061197190709686,0.21078997676497205,-0.2073743733679504,0.21368554371005796,0.213814735918507,-0.22208378799645775,0.21071156579181585,-0.1787531193283256,0.1816318952083527,-0.14709621378842297,0.15844452649671684,-0.09108779171720467,0.0974783785695506,0.2130507145567445,0.21319556074416068,-0.07033646582595778,0.08500748628066486,-0.03146482673614698,0.07311397256067849,-0.014942028490158868,0.047190111856598195,0.039732928916624576,-0.028196853681482188,0.21289769105121184,0.21342311660119673,0.14437097349113798,-0.14281993533345222,0.1946573945542229,-0.1853377771047879,0.19900116169012003,-0.19227282566272258,0.2046822076384575,-0.20293119146613484,0.21367152986218557,0.21376161646902156,0.21370490247718169,0.21360512612200097,0.21341079773815239,0.21336334807348736,0.21178868116208444,0.21371350794671265,0.2137386344859548,0.21374576983336022,0.2136981839471721
-0.21077896582953282,-0.2105289022824452,-0.21129475004743709,-0.2102068167701206,-0.20884122835506458,-0.20853692212435745,-0.20942709434246345,-0.2107012771924427,-0.2100356186671645,-0.21072318707972393,-0.20977869136198934,-0.24572897578908812,0.24999999999999947,-0.22041499599718048,0.21309059846093512,-0.21010202749589751,0.2032231434053314,-0.2078470521484468,0.2044768777148689,-0.21070883879327948,-0.2108372140794215,0.21889223852505935,-0.20738372746789935,0.17873049869101368,-0.1803090489349997,0.1460905707234014,-0.15669441205029377,0.09003498130411829,-0.09621924298541244,-0.21008205755864948,-0.21022546858364988,0.06920731079143053,-0.08364980420508734,0.030676605770195806,-0.07174445312999204,0.014236081162786894,-0.04611429096663593,-0.039358724145242906,0.027941026464938172,-0.2099326092568103,-0.21045021020109428,-0.14228940226101097,0.1407566158262122,-0.19190835720483104,0.18269616788563436,-0.19619511831681108,0.18955575225641733,-0.20181555611800345,0.20008972831967006,-0.2106952139622198,-0.21078406147372852,-0.21072813752932423,-0.21062952347496727,-0.2104381321009013,-0.2103904408488544,-0.20883863231048957,-0.21073651270603927,-0.21076139961396795,-0.2107684218844554,-0.2107215125239104
0.24030384175885885,0.24003452479175033,0.24001736134869348,0.23963671613116952,0.23833407743827226,0.2377352275503985,0.23890860768249833,0.2402151142441168,0.23954097655999596,0.2402403788734356,0.23928681184401568,0.22022841691870707,-0.22041499599718048,0.24999999999999942,-0.2421123746304259,0.23959797769409075,-0.23211810699936627,0.2371876517530144,-0.23333660419178726,0.24023157238743914,0.24007570449120852,-0.19266153582305393,0.20527258293893352,-0.1759312698347774,0.18675132281093937,-0.15014905536676504,0.16387932706699956,-0.0907244422524395,0.09907780238584661,0.2395412906802226,0.23970850867337998,-0.08774580471811935,0.10400113195620952,-0.045716934077167114,0.08993960809797497,-0.02600640695153703,0.0604181548343919,0.03596384653291863,-0.02342861630154196,0.2393048986844167,0.23993031190918523,0.16615223071229993,-0.16442879820453973,0.22007282857217125,-0.20989706984384873,0.22445699207910993,-0.21700357522255892,0.23043344106241506,-0.22843427498346325,0.24020789023198502,0.24030965117384817,0.24024589250786652,0.24014289473449804,0.2399152255835312,0.23988089037571292,0.23809209308290202,0.24025764584200152,0.24028381493144804,0.24029210418435173,0.24023834067810174
-0.2328677897277408,-0.2326794451310667,-0.23259101058771522,-0.23224047919973562,-0.2348625992341124,-0.23035684261460765,-0.23160990944885934,-0.23278542212384118,-0.23224968157456832,-0.23280615335890611,-0.2318929922059431,-0.21277559581687505,0.21309059846093512,-0.2421123746304259,0.24999999999999936,-0.2385467892853086,0.23124546929337503,-0.23016783803563984,0.22642199880798478,-0.23279716608088,-0.23264248407927615,0.1867994698146781,-0.19927654934934347,0.17236518880283674,-0.18282459955903724,0.15009462566673426,-0.16195069904438197,0.09028381688210671,-0.09809209679520725,-0.23212408249424216,-0.2322906245861661,0.08473712638636005,-0.10044286464866073,0.04355258251127024,-0.08625900440079291,0.0238257231649513,-0.0572557494938286,-0.0364978459149898,0.024264532089810113,-0.23190615580241805,-0.23250549103973522,-0.16086170354050666,0.15918204823678858,-0.21314680858790566,0.20322257366833835,-0.21740181751619644,0.21015470652982715,-0.22323956856009777,0.22130945929020263,-0.23277488434907084,-0.23287341937456765,-0.23281163388031376,-0.23271099208100868,-0.23249120777822738,-0.23245495171301409,-0.23072453373406887,-0.23282266656212822,-0.23284838262019433,-0.2328563683022745,-0.23280431553694472
0.24423343356718843,0.24397109978575718,0.24375972650666877,0.2435608080441268,0.2425783654777383,0.24162406752669602,0.24287176586604903,0.2441438830087755,0.24347908584474662,0.24416896837658547,0.24322213301501963,0.2130644408157492,-0.21010202749589751,0.23959797769409075,-0.2385467892853086,0.24999999999999942,-0.24226587500112587,0.24149338469571283,-0.23752952983974165,0.24416138271160803,0.24398641628726955,-0.18674677751087554,0.1997370527756672,-0.1688284395280149,0.18254164150997199,-0.14896704180229645,0.1627109806462876,-0.08929633604591644,0.0982078589885558,0.24346651056525775,0.24363989341835715,-0.09183466460483221,0.10827310250356054,-0.04982803371071037,0.09378420983106464,-0.02946670736549798,0.06375915153076606,0.034288902380702105,-0.021746903782089405,0.24321006910393844,0.24385390515372773,0.1700286904170266,-0.16828641162694571,0.22399828416615838,-0.21376957516167383,0.2283437804861319,-0.22080246271157833,0.23430184419822978,-0.23226155598338463,0.24413575631372741,0.24423933798052663,0.24417453635183828,0.2440721437887064,0.24383844917505706,0.2438090851549419,0.2419855219740708,0.24418712243133783,0.24421307924393007,0.2442215820730779,0.2441668613736743
-0.23671453941991358,-0.23665207937472402,-0.23625465715365504,-0.2362045126214738,-0.23512608764998008,-0.2342066372551234,-0.23798970356343477,-0.2366268821738625,-0.23615015914007176,-0.23665170974614994,-0.23573032745693676,-0.2061197190709686,0.2032231434053314,-0.23211810699936627,0.23124546929337503,-0.24226587500112587,0.24999999999999956,-0.24104514846258374,0.23698697733156185,-0.23671009158230877,-0.23647288713693404,0.1806641552972751,-0.19335155385764094,0.1631454465751021,-0.1765272215865889,0.14498457639555237,-0.15835137921995263,0.09073341738711338,-0.09890247425864095,-0.23596377382305986,-0.23614148027457976,0.08932953896286615,-0.10525199380694956,0.04862750633526634,-0.09087910903827945,0.028082689596478583,-0.06070513425850176,-0.03538789642947992,0.023848432504370395,-0.23573629662088108,-0.23634611060819258,-0.1648124428934536,0.16310983797077055,-0.21699245410047885,0.20700194631656105,-0.22117431179772337,0.21383046775676848,-0.2269991194535814,0.22503190904091133,-0.23661991871301996,-0.23672026206266988,-0.236657455675321,-0.2365571751640688,-0.23633172730547422,-0.23629907366085692,-0.2345359157252258,-0.23666915286610551,-0.2366948117212663,-0.2367029843156483,-0.23665001669714122
0.24551764070221052,0.24527731901554484,0.24501057823026615,0.24486094897310468,0.24344879279966902,0.24291706480288885,0.24445660359524948,0.24542717250728832,0.24490578425286322,0.2454528315295901,0.24451147819196084,0.21078997676497205,-0.2078470521484468,0.2371876517530144,-0.23016783803563984,0.24149338469571283,-0.24104514846258374,0.2499999999999994,-0.24577171285681718,0.24551306706439774,0.24526412869832503,-0.18400071078095837,0.19706725828351468,-0.1647613515050772,0.17848586827100707,-0.14324978860737522,0.1587225179937988,-0.08966498819758202,0.09843136009383377,0.2447483607259855,0.24492761449957762,-0.09391733207029501,0.11045709754991548,-0.05246353880909181,0.09611174290654405,-0.03182978521436424,0.06535751460429337,0.03339899287540973,-0.021566986876776342,0.24448992977593587,0.2451359432724612,0.17151829535130772,-0.16976740466926019,0.22531434142250842,-0.21507090516037716,0.2296099709635782,-0.22203958328991288,0.23556089144713344,-0.23350647100614375,0.2454192782774072,0.24552357616155424,0.24545843371484002,0.2453562288507147,0.2451205763887915,0.24509233840490016,0.24325792706525567,0.2454712352715269,0.2454971793509826,0.24550574212064552,0.24545071846454092
-0.24154004037002466,-0.24136456797241518,-0.24104303067619165,-0.24093394810311936,-0.23960589763912604,-0.2391113187676917,-0.24049032068673587,-0.24145100831390826,-0.24206924401859084,-0.24147610485262633,-0.2405489866129547,-0.2073743733679504,0.2044768777148689,-0.23333660419178726,0.22642199880798478,-0.23752952983974165,0.23698697733156185,-0.24577171285681718,0.2499999999999995,-0.24155582829373615,-0.2412911017491337,0.18099928135145263,-0.19382153651058528,0.16184410891870682,-0.17529629412965536,0.14045674086460486,-0.15567550040182598,0.087692738213956,-0.09633423274919695,-0.2407844005084717,-0.2409596066285725,0.09244087134407503,-0.1087211954311502,0.05174163622849914,-0.09471240840607434,0.03157587619853043,-0.06457930602185152,-0.03248317058685551,0.020830885877960933,-0.2405272968332318,-0.24116460982984964,-0.16876853877339967,0.16704835202003496,-0.22168982688142574,0.21162701926996902,-0.2259158771928597,0.21847384666337888,-0.23175967869271674,0.22973687157663336,-0.24144325748684134,-0.24154587966960497,-0.24148179253936308,-0.24138144101595022,-0.24114940673669663,-0.2411223493733875,-0.23931692322921927,-0.2414944731365614,-0.24151991051007227,-0.2415283459983816,-0.24147420233108743
0.24991488857551414,0.24964008547193936,0.2493928285715971,0.24922714092512813,0.2477945343063487,0.24725113063228477,0.2485167291857253,0.2498224900847877,0.24915719103969852,0.24984891039522455,0.24888756246125834,0.21368554371005796,-0.21070883879327948,0.24023157238743914,-0.23279716608088,0.24416138271160803,-0.23671009158230877,0.24551306706439774,-0.24155582829373615,0.24999999999999953,0.2496574801225471,-0.18596939967398363,0.19908791678254079,-0.1662180839131813,0.18007062735379703,-0.14324084826681724,0.15877449361940293,-0.08525752957453561,0.0947209637856067,0.2491433364207041,0.24931443586358262,-0.09589468893204771,0.11274511265258241,-0.054000224708927756,0.0986430100467515,-0.03402293146222337,0.06862729591814533,0.03043339938794451,-0.017821833926282248,0.2488495070410018,0.24952709906164533,0.17485008862645546,-0.17308792688934177,0.2295698460666522,-0.21927010044351386,0.2339517021099669,-0.22630005477614965,0.23992019858672703,-0.23781275434209154,0.24981461322176837,0.24992093033835217,0.24985462074661063,0.24975241267379142,0.24951069365750167,0.24948853513930205,0.247614590496298,0.24986843732191175,0.249894060754023,0.24990288163474425,0.24984676775322862
0.24973031691389397,0.2494547053376549,0.2492114294707174,0.24904243443918353,0.24760919755087077,0.24706719274326797,0.24832902086991676,0.2496379812546217,0.24896003153660354,0.2496643879714747,0.24870313433943617,0.213814735918507,-0.2108372140794215,0.24007570449120852,-0.23264248407927615,0.24398641628726955,-0.23647288713693404,0.24526412869832503,-0.2412911017491337,0.2496574801225471,0.2499999999999996,-0.18626744173811777,0.19912027449661768,-0.16624990899881104,0.18001927985077465,-0.1431916591069898,0.15870253020117248,-0.08519324826123653,0.09464750912405982,0.24895928195252107,0.2491300894880987,-0.09577339321398763,0.11261291800777895,-0.05390427060321181,0.0985326242081116,-0.033962510637086184,0.0685575391123144,0.03041885132180222,-0.01780820068249265,0.2486656925491977,0.24934281432089042,0.1746999964851103,-0.17293926432278608,0.22939503575600192,-0.2191026572655092,0.2337770569163955,-0.2261310730263489,0.2397427061878572,-0.23763679646563163,0.24963011609091598,0.24973635421465362,0.24967009359657838,0.24956792397510016,0.24932642049700285,0.2493042387626206,0.2474317133120301,0.2496838965885505,0.24970950447462098,0.2497183184345281,0.2496622464014284
-0.1860323261651752,-0.18580609880956492,-0.18628663900504341,-0.18552126361484966,-0.18418995658549228,-0.18405329298179923,-0.1848102271906938,-0.1859635588436809,-0.18535774065650942,-0.1859830888457836,-0.185145130236288,-0.22208378799645775,0.21889223852505935,-0.19266153582305393,0.1867994698146781,-0.18674677751087554,0.1806641552972751,-0.18400071078095837,0.18099928135145263,-0.18596939967398363,-0.18626744173811777,0.24999999999999953,-0.23591115183795464,0.20575035936231054,-0.19687310465822425,0.1627000990912285,-0.166464569315139,0.10098545501027763,-0.10284932829736664,-0.185359980762796,-0.1854780182320958,0.0448704119695728,-0.0580024345801093,0.006873661473041086,-0.047981501221025666,-0.006381554793720318,-0.025460055966908868,-0.05003932877625405,0.03886530952517503,-0.1853417026237715,-0.18573996187348984,-0.11840584698627521,0.11700125238224332,-0.16705437142158536,0.1582630025821041,-0.17169203915172324,0.1656177028628129,-0.17746749419447672,0.17599872145199671,-0.18595910053421563,-0.18603682355589793,-0.1859874676423869,-0.18588351781762738,-0.1857315883343184,-0.18565166970318472,-0.18431930168447994,-0.18599063547288797,-0.18601682236035902,-0.1860224828395622,-0.1859816182017463
0.1991518156634504,0.19891740199016483,0.19915965265483251,0.19860277446234456,0.1972773595679981,0.19702953151859764,0.1979139709132468,0.19907821068151088,0.19846459001816852,0.1990991689159809,0.1982606334036496,0.21071156579181585,-0.20738372746789935,0.20527258293893352,-0.19927654934934347,0.1997370527756672,-0.19335155385764094,0.19706725828351468,-0.19382153651058528,0.19908791678254079,0.19912027449661768,-0.23591115183795464,0.24999999999999933,-0.2168925705479633,0.20873245202725527,-0.1724629865011361,0.1766097439168937,-0.1064535486551553,0.10864547550781573,0.198435627148256,0.1985601874873585,-0.04856902974478727,0.06258946302526315,-0.008126309154686305,0.0520576035325532,0.005841477758201827,0.028174819672471648,0.05240572809085703,-0.04044120518911881,0.1984075344678358,0.19883897925203708,0.12703239396275848,-0.12553522713491438,0.17893619464627533,-0.16957255091596174,0.18388509861169694,-0.17740007020785048,0.19002990829393673,-0.1884526211159351,0.19907335445996582,0.19915663022163665,0.1991037934488904,0.19899327033759492,0.19882986263173755,0.19874660541820707,0.1973179563185768,0.19910745774444644,0.19913521848749535,0.1991413129242318,0.19909753164091737
-0.16627229319418424,-0.16607267047287413,-0.16634238770378468,-0.16580957014447092,-0.16475606634981294,-0.16449679710162743,-0.16518349431419393,-0.16621095923607093,-0.16568904529510442,-0.1662283310647345,-0.16552469447507667,-0.1787531193283256,0.17873049869101368,-0.1759312698347774,0.17236518880283674,-0.1688284395280149,0.1631454465751021,-0.1647613515050772,0.16184410891870682,-0.1662180839131813,-0.16624990899881104,0.20575035936231054,-0.2168925705479633,0.24999999999999892,-0.23512104474026524,0.20036080005412177,-0.18946506349170678,0.12040955257419403,-0.11611991466028747,-0.16559025205890027,-0.16572637974557997,0.025449308811365284,-0.036371675680235624,-0.01705703020808314,-0.02175672359813917,-0.03434312135652115,0.0011610169733041918,-0.06608977456267189,0.05435859750113687,-0.1657324980259532,-0.16600661583426435,-0.09910222562835044,0.09771113480025342,-0.1464314160141248,0.1374117984711644,-0.15130620335942804,0.14553080349295416,-0.15759078965888715,0.15636348875773323,-0.1662073482449384,-0.1662763128882314,-0.1662322030361629,-0.16611973770235658,-0.16600364389543584,-0.16587589648508946,-0.16474156353510955,-0.16622846224292456,-0.1662584362123415,-0.16626265645530144,-0.16622697134321182
0.1801277403963511,0.17991541301371808,0.18005371652098304,0.17962614193731571,0.17852689489799387,0.17820244992869033,0.17898685385018845,0.18006129517867758,0.17950955740249425,0.18008014667737224,0.17933929098372142,0.1816318952083527,-0.1803090489349997,0.18675132281093937,-0.18282459955903724,0.18254164150997199,-0.1765272215865889,0.17848586827100707,-0.17529629412965536,0.18007062735379703,0.18001927985077465,-0.19687310465822425,0.20873245202725527,-0.23512104474026524,0.24999999999999903,-0.21271636252893789,0.20245781474149,-0.1291678216550796,0.12505206786732354,0.17940467736239182,0.1795709045616974,-0.03615752733109646,0.04796957367311801,0.009990005847984706,0.029701287889219913,0.032828180157938126,0.0012589030568508353,0.07038525945082674,-0.05797925830912519,0.17954071719994816,0.1798413662381007,0.11110403584625653,-0.10956428603653903,0.15988248958473658,-0.15006523812758782,0.1643346448711329,-0.15805927967539155,0.17077134629018917,-0.16944980256181927,0.1800577600120609,0.180132095052495,0.18008430923698304,0.17997191689923034,0.17983671486402808,0.1797079861730015,0.17847081401606443,0.18008096954709216,0.18011272869505102,0.18011740930290776,0.18007864188180397
-0.14327619572018677,-0.1431179521543497,-0.14324446693860224,-0.14288312273280876,-0.14221114151357736,-0.14175485303904642,-0.14240638477484216,-0.14322386033545428,-0.14286753164387644,-0.1432383495215496,-0.14264639326994935,-0.14709621378842297,0.1460905707234014,-0.15014905536676504,0.15009462566673426,-0.14896704180229645,0.14498457639555237,-0.14324978860737522,0.14045674086460486,-0.14324084826681724,-0.1431916591069898,0.1627000990912285,-0.1724629865011361,0.20036080005412177,-0.21271636252893789,0.2499999999999991,-0.23285576487397228,0.16213121586719645,-0.1541459683404138,-0.1425715078817616,-0.14286200085931677,0.028700422932076187,-0.03637443351287647,-0.020513897443975797,-0.003357333158533455,-0.05841620313491095,0.03320886688692203,-0.10000115468895886,0.08828364991472584,-0.1429837691650392,-0.1430368300508365,-0.08748031797848975,0.08596920886910656,-0.12435210806754671,0.11494887449985952,-0.12783569536664646,0.12220749954305542,-0.13414974306623215,0.13329263001731537,-0.14322187832082692,-0.14327965949150923,-0.14324165532986205,-0.1431308524874046,-0.1430449432178803,-0.1428618700131638,-0.14195953931155902,-0.1432294278732904,-0.14326425525072078,-0.1432666855139402,-0.14323714205546859
0.15881193778692193,0.15863854014103526,0.15871309862026506,0.1583772474975923,0.15753937639940319,0.15712748428976106,0.15788198462285555,0.15875368004148066,0.15838087044984314,0.1587699910994605,0.1581213004190396,0.15844452649671684,-0.15669441205029377,0.16387932706699956,-0.16195069904438197,0.1627109806462876,-0.15835137921995263,0.1587225179937988,-0.15567550040182598,0.15877449361940293,0.15870253020117248,-0.166464569315139,0.1766097439168937,-0.18946506349170678,0.20245781474149,-0.23285576487397228,0.24999999999999914,-0.1758729636506534,0.16829192975301213,0.15807735805476317,0.15838370975492808,-0.04085851116438944,0.04956141393555056,0.00846241575655617,0.016655830392048404,0.0475934743246508,-0.021822221309873987,0.10426262880413538,-0.09233843338553853,0.15846828493085094,0.15854975208969574,0.10116103793810567,-0.09957259402752618,0.13963265488085924,-0.1299127497321487,0.14304634716089146,-0.13695787921331612,0.1492475073718461,-0.14827496263776338,0.15875253271304632,0.15881577713736494,0.15877364993262857,0.15866354072232303,0.15855552506117687,0.15838835670047638,0.15735241878801842,0.15876421331630866,0.15879870257821277,0.15880192010098393,0.15876864945043012
-0.0852382979982346,-0.08517390653936378,-0.08524180019239487,-0.08502684963686559,-0.08457442838858875,-0.08436794514151061,-0.0849021329745256,-0.08520735221877095,-0.08533111225390085,-0.08521577048300377,-0.08486035752532431,-0.09108779171720467,0.09003498130411829,-0.0907244422524395,0.09028381688210671,-0.08929633604591644,0.09073341738711338,-0.08966498819758202,0.087692738213956,-0.08525752957453561,-0.08519324826123653,0.10098545501027763,-0.1064535486551553,0.12040955257419403,-0.1291678216550796,0.16213121586719645,-0.1758729636506534,0.24999999999999917,-0.23761499344944664,-0.0845224391587577,-0.08505404971153895,0.02371830069185523,-0.02747298615180304,-0.01080583862506916,0.008721711497390221,-0.0650494822517622,0.07030373087509134,-0.15186963980301516,0.16357511882322173,-0.08559335021403311,-0.08507291888260417,-0.05059381515318026,0.049126472280016716,-0.06905247926785688,0.06029001788183423,-0.07025370556564546,0.06547653864027292,-0.0761359658327171,0.07605576976184802,-0.08520894432002911,-0.08524035870868685,-0.08521776052926601,-0.08510744872981764,-0.08510122268039079,-0.08482116475407225,-0.08445812677629211,-0.08519007309082159,-0.08523119446391478,-0.0852298675006651,-0.08521506407654611
0.09470968701205124,0.09463248057277474,0.0946707077869863,0.09447011501362845,0.09396068623548347,0.09373530475647951,0.09430399736837451,0.09467516995700054,0.09475354651611441,0.09468466231086924,0.09429508264150836,0.0974783785695506,-0.09621924298541244,0.09907780238584661,-0.09809209679520725,0.0982078589885558,-0.09890247425864095,0.09843136009383377,-0.09633423274919695,0.0947209637856067,0.09464750912405982,-0.10284932829736664,0.10864547550781573,-0.11611991466028747,0.12505206786732354,-0.1541459683404138,0.16829192975301213,-0.23761499344944664,0.24999999999999895,0.09395949413519165,0.09452271946169126,-0.03264922483125876,0.03651392539758111,0.0024084973320139956,-0.00030432782473371455,0.05739257300332308,-0.06237296624119789,0.16062856691892896,-0.17229572249054725,0.09506144575081894,0.09452995505470975,0.059822543869587526,-0.05829727328551257,0.07842385825723416,-0.06952922921006909,0.07959873887278435,-0.07451547316167004,0.08531354912384416,-0.08519067825997304,0.09467814854564054,0.09471197669476616,0.0946868648215456,0.09457765265742245,0.09455726997643657,0.09428885167404272,0.09384234651628708,0.09466112313929369,0.09470179415093348,0.09470097428154611,0.09468387141621162
0.24921605222607007,0.24894107506389876,0.24869508006502808,0.24852954307596165,0.24710088712131376,0.24655833653792322,0.24781835663533755,0.24912390714047042,0.2484472630680326,0.24915025983184358,0.2481916071100902,0.2130507145567445,-0.21008205755864948,0.2395412906802226,-0.23212408249424216,0.24346651056525775,-0.23596377382305986,0.2447483607259855,-0.2407844005084717,0.2491433364207041,0.24895928195252107,-0.185359980762796,0.198435627148256,-0.16559025205890027,0.17940467736239182,-0.1425715078817616,0.15807735805476317,-0.0845224391587577,0.09395949413519165,0.24999999999999883,0.24861795347758067,-0.09586670299182717,0.1126643767044883,-0.05411450173377956,0.09862408796657646,-0.03424134272206895,0.06877255958044542,0.029951981398709377,-0.01733494625706248,0.2481516733200139,0.24882948879734942,0.17448857667274617,-0.17273244023038437,0.2289880810491936,-0.21873027314485569,0.23333640580202325,-0.22571119478089888,0.23926618178351672,-0.23716321730689183,0.2491160618680879,0.24922207709424432,0.24915595286486591,0.2490545165678722,0.24881298566883567,0.248791944980359,0.2469222136371582,0.24916984334960088,0.24919528264434385,0.2492040942821507,0.24914812188986105
0.2493870959301003,0.2491120169995202,0.24886573963766007,0.24870017464755967,0.24727081838989862,0.24672765070797573,0.24798890927337694,0.2492948889251317,0.24861870957425014,0.24932125840177383,0.2483619607902872,0.21319556074416068,-0.21022546858364988,0.23970850867337998,-0.2322906245861661,0.24363989341835715,-0.23614148027457976,0.24492761449957762,-0.2409596066285725,0.24931443586358262,0.2491300894880987,-0.1854780182320958,0.1985601874873585,-0.16572637974557997,0.1795709045616974,-0.14286200085931677,0.15838370975492808,-0.08505404971153895,0.09452271946169126,0.24861795347758067,0.24999999999999906,-0.0964827697923701,0.11321631765640579,-0.054470093651689436,0.09875567666680163,-0.03413794191905073,0.06853090804548488,0.030439758615219026,-0.017833274652983986,0.24832419103497802,0.24900013529369883,0.17484214260453346,-0.17307795593656036,0.2291727707324492,-0.21888642127662192,0.2334807753987956,-0.22584177473754843,0.2394117033785801,-0.23731006665753057,0.24928705377642865,0.24939312493358742,0.24932695537608263,0.24922566077727573,0.248983756240455,0.2489621272573089,0.2470917658024567,0.24934076723621146,0.24936631209321602,0.24937511794342831,0.24931911897146763
-0.09591859656460752,-0.09582019154421467,-0.0955938599977566,-0.09565704870081171,-0.09516430940007248,-0.09489880348119509,-0.09543980659393456,-0.09588314208547645,-0.09566832592744584,-0.09589329541167228,-0.09554520595683995,-0.07033646582595778,0.06920731079143053,-0.08774580471811935,0.08473712638636005,-0.09183466460483221,0.08932953896286615,-0.09391733207029501,0.09244087134407503,-0.09589468893204771,-0.09577339321398763,0.0448704119695728,-0.04856902974478727,0.025449308811365284,-0.03615752733109646,0.028700422932076187,-0.04085851116438944,0.02371830069185523,-0.03264922483125876,-0.09586670299182717,-0.0964827697923701,0.24999999999999897,-0.23120840913740345,0.17395786330593846,-0.13153107830094218,0.07094061077334445,-0.050380248879782555,-0.017884684126660607,0.009123233914626848,-0.09552519805612247,-0.09577909485321083,-0.17022404130372185,0.1678979550083853,-0.11372094171900286,0.10744936104167012,-0.09717500602504828,0.09336918591648527,-0.0919776053654897,0.09150851340178218,-0.09588654916068715,-0.09592091547495656,-0.09589546297117427,-0.09606689073902079,-0.09576388912038852,-0.09591826790403245,-0.09506821273331778,-0.09591025872017546,-0.09591060229970932,-0.09591540471976533,-0.09589245144893326
