x1,x2,x3,x4,x5,x6,x7,x8,x9,x10,x11,x12,x13,x14,x15,x16,x17,x18,x19,x20,x21,x22,x23,x24,x25,x26,x27,x28,x29,x30,x31,x32,x33,x34,x35,x36,x37,x38,x39,x40,x41,x42,x43,x44,x45,x46,x47,x48,x49,x50,x51,x52,x53,x54
0.25000000000000006,0.16584968371609604,0.12115784445326294,0.15775064676679657,-0.1612083499959555,0.1665528938895208,-0.16356329324956728,0.166608797369406,0.17106507238013433,-0.15649411624164583,0.15472999258969108,0.11341689673228256,-0.16263715594286432,0.16680313755210754,-0.15591618683914316,0.1672876369147186,0.16725497837435963,-0.16217157878176752,0.16751354549902595,-0.15840690150723594,-0.16088927308335227,-0.16055148553190893,0.1667655232519016,0.17359550892065742,0.16698752729204858,0.12127734988121157,0.10993933528175928,-0.16790533677275454,-0.16745543469922247,0.03510921649266842,-0.15863975427900306,0.06721953485102426,-0.1668622415946989,-0.16688455333983304,-0.1642995559909456,-0.20519134231306937,-0.16434884658255566,-0.14287595479434886,-0.14375615592658533,-0.16409428586562758,0.05639963497806935,-0.16687619820039648,-0.16781957337932193,-0.1635780562601102,-0.1669621830941367,-0.16753759172777477,0.06952641224739088,-0.16704304879413914,0.07915668407609781,-0.16693633704978103,-0.16381837271932306,-0.1676810766422396,0.07913232240615235,-0.16766106737601594
0.16584968371609604,0.25000000000000006,0.18477573970301278,0.23324646677735544,-0.2419738069173167,0.24761106399481586,-0.2444273415072491,0.24622079580991355,0.16437210166158353,-0.2374009296913057,0.22900087018484716,0.1770939000179638,-0.243655258428851,0.24712494693372486,-0.2372722457175845,0.24676522770576914,0.24681264665631017,-0.24325060216347674,0.247033760918916,-0.23921278801378787,-0.24202158166807455,-0.24139146758402166,0.24762317137115925,0.23441195617379137,0.2473658734405491,0.1644478422416503,0.17340454259613786,-0.24748716533915013,-0.24805279848630857,0.0651271005819739,-0.23383884869084778,0.11260665540531495,-0.24804439190580413,-0.24807196958032174,-0.24433953502387565,-0.2097763939651871,-0.2444103841972289,-0.21245658260735786,-0.21578329619353215,-0.24403983659062073,0.13495836069122916,-0.24819560767380555,-0.24751095206707346,-0.24186732100079789,-0.2482276234914144,-0.24744082514771384,0.11675795235273104,-0.24811279466517874,0.14540952983136168,-0.2482529943211986,-0.24207987328843164,-0.24727955923022443,0.12945279520440275,-0.247378104011575
0.12115784445326294,0.18477573970301278,0.25000000000000017,0.1757503165993301,-0.18004193782969402,0.18525354173931155,-0.18220798726753218,0.18565374350600647,0.12370791338782389,-0.17503464454998852,0.20256743667502702,0.1307266192554468,-0.1812586117844053,0.18557239072967652,-0.17471070283217316,0.1861448332914994,0.18619332076210338,-0.18078242768956754,0.18644876298196036,-0.17690725372032104,-0.17964918103238753,-0.17902871847887952,0.18548021361003697,0.17483697045607413,0.18578753312893512,0.17546884161660084,0.12485840549950912,-0.18671302180676247,-0.185895775860003,0.004628160425997262,-0.17563429330747465,0.07277965440204681,-0.1855362590903008,-0.18563962587916036,-0.18277540022478217,-0.15035377601413813,-0.18283071648280447,-0.22175256988676287,-0.16144260024676726,-0.18254790951748526,0.0882556031263116,-0.1857345730390242,-0.18672173768930453,-0.1827358656488619,-0.18576256289086215,-0.18667763911413768,0.08027981130678642,-0.18588961504687462,0.09602726723011436,-0.18573439695800398,-0.18225356342920115,-0.18658812209621115,0.08592020684796453,-0.1865879135533442
0.15775064676679657,0.23324646677735544,0.1757503165993301,0.25000000000000017,-0.2281691511586918,0.23386020603079904,-0.23060390557028032,0.23414224947506396,0.15635049664667353,-0.22366656321491374,0.21704176382332277,0.19110903406439844,-0.22991448471066914,0.23424470088418012,-0.22341714015725173,0.23478815638746062,0.23481002202826431,-0.22940838774655145,0.23514432095038518,-0.2254113807629427,-0.22822266908909075,-0.22758776311218923,0.23417232546621405,0.22263952510587834,0.2344087975984221,0.1565951955301484,0.1876116235100365,-0.2354904392797552,-0.2346589736789,0.054390193328342495,-0.2221460711148111,0.09888768182037577,-0.23428662417541032,-0.2342545500614824,-0.2307310225922189,-0.19792185591811487,-0.2307995676778356,-0.2004499837520056,-0.23000503403540015,-0.23044589897994547,0.12294981369438876,-0.23440770689287227,-0.23547437911639227,-0.2299890142218711,-0.23440041709806814,-0.23508328511484378,0.10291153154621449,-0.23459205132342645,0.1331923613071063,-0.23446295127217925,-0.23045273194214402,-0.23536385902317689,0.11648832280372962,-0.23545941363267364
-0.1612083499959555,-0.2419738069173167,-0.18004193782969402,-0.2281691511586918,0.25000000000000017,-0.24257346059957746,0.24033627966696447,-0.2411972125516757,-0.15957310129237867,0.23235348717875634,-0.22393453987144996,-0.17175355529454178,0.23865762362826784,-0.24208444762001147,0.23218043193651572,-0.24172831015638002,-0.2417760806221839,0.23819741828121796,-0.24198838865616693,0.23713034846526992,0.2370201861451046,0.23640076591849946,-0.2425794863765563,-0.2294395301384321,-0.2423236543178932,-0.15970027435540368,-0.16899740245313216,0.2424334933610597,0.24299496082693342,-0.06387622465559807,0.22910291065305002,-0.11818405404459197,0.24299232607772275,0.24301643625373662,0.2393648797396418,0.2046923694792801,0.23943425119220976,0.20730412753152874,0.2105624641944961,0.2390712289787203,-0.13235296279267175,0.2431411021969421,0.24245719654789238,0.23693021847376233,0.2431722788779818,0.2423867917947667,-0.11922572866257398,0.2430581310890284,-0.14278798007433333,0.24319742801026253,0.2371407416986004,0.24222931315321705,-0.12752934969288307,0.24232296966314604
0.1665528938895208,0.24761106399481586,0.18525354173931155,0.23386020603079904,-0.24257346059957746,0.2500000000000001,-0.2450306226671601,0.24685389680593955,0.16491596431115488,-0.2379785993730884,0.22959334667837722,0.17756021132700478,-0.24425482047541802,0.247748750759816,-0.2378474457941188,0.24740241660150714,0.2474496312110833,-0.2438480799622402,0.24767240932793033,-0.23980049173369153,-0.24261481627922105,-0.24198342927913485,0.24824107037793144,0.23504926956677233,0.24799068250495543,0.16489882322827207,0.173860559682856,-0.24812672163781102,-0.2486739015424118,0.06523638661529316,-0.23444322664680028,0.11285986399156102,-0.2486588363536678,-0.2486864302135051,-0.24494434151402664,-0.21045296524478538,-0.2450153928092547,-0.21300727712192538,-0.216362460309592,-0.24464384132340974,0.13519488565743895,-0.24881013635598295,-0.24814969356913172,-0.24249081304183284,-0.24884224342750935,-0.24807469798701154,0.11701802272353792,-0.24873112419029536,0.14571809063802293,-0.24886767647418645,-0.2427047164249771,-0.24791868973652786,0.1297434316222048,-0.2480160754339629
-0.16356329324956728,-0.2444273415072491,-0.18220798726753218,-0.23060390557028032,0.24033627966696447,-0.2450306226671601,0.2500000000000001,-0.24364971988302844,-0.16181386242722556,0.23480138543573392,-0.22634352330580051,-0.174166820301718,0.24106544042451458,-0.24454503654606596,0.2346146267387142,-0.24418824608110992,-0.2442353118948966,0.24064292978108753,-0.2444516207785898,0.2392877243051427,0.239418304315632,0.2387774177458498,-0.24504177837880062,-0.23186232449859556,-0.24478541927167063,-0.16153737348723943,-0.17042712867564108,0.2449011722289262,0.24546397191303299,-0.0648762880418955,0.23142527539892124,-0.1163275933452812,0.24545835250633669,0.24548229568806193,0.24179324927053436,0.20715822083821267,0.24186334723718347,0.20968878997430254,0.21302727057626386,0.24149665550617683,-0.1337929174497687,0.24560836548645146,0.24492480044879325,0.23934449179901734,0.24563987529961054,0.24485377372553732,-0.12081991862234576,0.24552560901371095,-0.14430677988757945,0.24566520169418524,0.23955605653431755,0.24469500486172935,-0.12932917981287517,0.2447906941512797
0.166608797369406,0.24622079580991355,0.18565374350600647,0.23414224947506396,-0.2411972125516757,0.24685389680593955,-0.24364971988302844,0.25000000000000017,0.16514210155652695,-0.2366170316938737,0.22985688672012664,0.177955344003525,-0.24287526040967505,0.24707408302479145,-0.23648772719487968,0.247593030437892,0.24762763686686312,-0.24246956707203668,0.24790382722682738,-0.23843247927372452,-0.24123877499497814,-0.24060864932369627,0.24714150513279934,0.23526553539772194,0.24734569455784444,0.16529565549064495,0.1743016505592503,-0.2483324272917073,-0.24765853356816678,0.06428245995964467,-0.23467637337035338,0.11178819993647357,-0.2472786281815998,-0.24730592071755197,-0.24356643401477018,-0.21060502933923594,-0.24363865435539453,-0.21333862253768146,-0.21669588631948392,-0.2432639601747333,0.13414602366715012,-0.24742301099328368,-0.24831043283076318,-0.24267142043355822,-0.24744838864343702,-0.24795260080830606,0.11594052808525798,-0.2475825704208626,0.14460776250337584,-0.24747780363319785,-0.24291219826289395,-0.2481403511039561,0.1286448168268923,-0.24814805675223428
0.17106507238013433,0.16437210166158353,0.12370791338782389,0.15635049664667353,-0.15957310129237867,0.16491596431115488,-0.16181386242722556,0.16514210155652695,0.2500000000000003,-0.15490396248852675,0.1552332525024913,0.11283137472038224,-0.16102228463105148,0.16521545538306995,-0.154243373918389,0.1657371662105404,0.16570315068945213,-0.1605475492420671,0.16596737984311746,-0.15665304604113472,-0.1594505502681647,-0.15860174182165826,0.16515163608155725,0.17208739239335935,0.16539751741424213,0.12412280476563954,0.1092206078544008,-0.16635060056354675,-0.16584499717268386,0.03288657084038188,-0.15710611183555517,0.06491643092745734,-0.1652359735931229,-0.1652621825180196,-0.16269740482993894,-0.2036962685989751,-0.1627464372120257,-0.1455600131623407,-0.14284561391666264,-0.16249425857578706,0.06735489236720513,-0.16525386002227463,-0.16626515945561635,-0.1620783059932901,-0.1653399100147913,-0.16599054743205288,0.06814535048210305,-0.1654299065984695,0.06521682488923743,-0.16531117396131328,-0.16227666197649837,-0.16613003309829658,0.07669875879631212,-0.16610887910855335
-0.15649411624164583,-0.2374009296913057,-0.17503464454998852,-0.22366656321491374,0.23235348717875634,-0.2379785993730884,0.23480138543573392,-0.2366170316938737,-0.15490396248852675,0.25000000000000033,-0.21937331765912976,-0.16835495138099268,0.23483501547738883,-0.2374954798003562,0.22781146278398823,-0.23713476214219656,-0.2371825763316318,0.23579390071394085,-0.23738911374513455,0.22960686300280625,0.2324718789671318,0.23185292688655113,-0.2379876341150855,-0.22489257906031038,-0.23773068353868912,-0.15546289221374054,-0.16428595289379538,0.2378254596820417,0.2383897534938848,-0.0746679508965439,0.22475721428185513,-0.1084448274801446,0.23839478040050752,0.23842232090734583,0.23483738210719732,0.20000898461319205,0.23490543859140847,0.20272466684190954,0.20616021178649466,0.2345493220609393,-0.1305361506696762,0.23854140986408456,0.23784975296584035,0.2324308093238938,0.23857159254844718,0.23778103808606876,-0.11388982374420827,0.23845692795889814,-0.14075412694680126,0.2385965696145865,0.23263976964938882,0.23762549235748207,-0.13047209240143784,0.23771634245201997
0.15472999258969108,0.22900087018484716,0.20256743667502702,0.21704176382332277,-0.22393453987144996,0.22959334667837722,-0.22634352330580051,0.22985688672012664,0.1552332525024913,-0.21937331765912976,0.2500000000000004,0.16341797823379137,-0.2255625096406942,0.229890702427014,-0.21917984045648903,0.23049164757067167,0.23053569768539983,-0.22515931570258305,0.230816522994392,-0.22114245623598394,-0.22396024670907536,-0.22333551840012558,0.2298743228483929,0.21839960021807325,0.23015580715570214,0.1823840857321609,0.1591057171751038,-0.23119056185689282,-0.23038096693533242,0.04721868137154859,-0.21806290514863994,0.09851753767199946,-0.22997123711796846,-0.23004274670213104,-0.22653147176117708,-0.19371071103149998,-0.22659926655452983,-0.23036665997688308,-0.19953687536409626,-0.22624970418907495,0.1188318037054587,-0.2301502156679764,-0.23117977694664366,-0.22607053560444143,-0.23018233867071597,-0.2309570958193445,0.10416170384017112,-0.2303232875981642,0.1284173440517867,-0.23018018884881494,-0.22593671660751136,-0.2310162361453518,0.1114312647074072,-0.23101276700895268
0.11341689673228256,0.1770939000179638,0.1307266192554468,0.19110903406439844,-0.17175355529454178,0.17756021132700478,-0.174166820301718,0.177955344003525,0.11283137472038224,-0.16835495138099268,0.16341797823379137,0.2500000000000002,-0.17387667173896443,0.17803077638952997,-0.16721113242967953,0.17843168703067921,0.17843275849433957,-0.17319632416078937,0.17877390041800098,-0.1688440430429258,-0.17210342648619978,-0.17145174257554316,0.1778301368290735,0.16755164969708014,0.1780233956510259,0.11659664088089762,0.17514610371739753,-0.17895763882865998,-0.178165098441326,0.028497049389421204,-0.16811566984308746,0.04479093770159707,-0.17792225991619182,-0.17781350097297227,-0.1751709306070532,-0.14384388088819916,-0.17522285045502412,-0.14930899608929774,-0.21060839889341107,-0.174957333642357,0.08667102886765775,-0.177997362083556,-0.17896125900568904,-0.17461640020176783,-0.17794152892756174,-0.17861705185447552,0.0714396443441714,-0.17815848312370786,0.0949434422759078,-0.1780421070145835,-0.17530331097565735,-0.1789465171030918,0.08112711524849613,-0.1791562507037714
-0.16263715594286432,-0.243655258428851,-0.1812586117844053,-0.22991448471066914,0.23865762362826784,-0.24425482047541802,0.24106544042451458,-0.24287526040967505,-0.16102228463105148,0.23483501547738883,-0.2255625096406942,-0.17387667173896443,0.2500000000000003,-0.24377028177945056,0.23384745199314444,-0.24341074290414846,-0.24345809619244788,0.2409161168875026,-0.2436742779970568,0.23582255445583541,0.2386297591415208,0.2379955167370734,-0.2442661801172521,-0.23108054378834889,-0.2440090800551208,-0.16074492261510834,-0.17007774323755326,0.24412156357775472,0.24468564250444877,-0.06726118194866793,0.23067416602169225,-0.11114666098895178,0.2446821784826263,0.24470931068975668,0.2410286592498732,0.20629621233770679,0.2410985373431387,0.2088889617787282,0.2124628922497204,0.24073302997671467,-0.1333064682673407,0.244831704548394,0.24414546845714763,0.2385840506902175,0.24486279349118917,0.24407484451528785,-0.1157788124216003,0.24474844007790206,-0.14356079572080957,0.24488843463077278,0.23879648775629958,0.24391668210844966,-0.1343110422891003,0.24401259122896315
0.16680313755210754,0.24712494693372486,0.18557239072967652,0.23424470088418012,-0.24208444762001147,0.247748750759816,-0.24454503654606596,0.24707408302479145,0.16521545538306995,-0.2374954798003562,0.229890702427014,0.17803077638952997,-0.24377028177945056,0.2500000000000003,-0.23736149035936852,0.24768816943857486,0.24772914430018428,-0.24336373328988936,0.24797867254550007,-0.23931198149721142,-0.24212847965305145,-0.24149698497673885,0.24789764237874068,0.23535010279590335,0.24786882349495787,0.1652278025800752,0.17434333305565688,-0.24842051731883472,-0.24837214505676913,0.06479376807769377,-0.2347370994402326,0.1123412256400967,-0.24817894922184583,-0.24820603285284995,-0.24446238359524536,-0.21074477909163364,-0.24453406049612042,-0.2133143034784445,-0.21685518040741522,-0.2441606979298599,0.13473355418757343,-0.24832680053967252,-0.24842156226257422,-0.24276669059487027,-0.24835551408249637,-0.24820833822730876,0.116535515297502,-0.24836420413468766,0.14524947798563828,-0.2483830934238684,-0.24299553513885128,-0.2482203649845556,0.12926853036589334,-0.2482747124041997
-0.15591618683914316,-0.2372722457175845,-0.17471070283217316,-0.22341714015725173,0.23218043193651572,-0.2378474457941188,0.2346146267387142,-0.23648772719487968,-0.154243373918389,0.22781146278398823,-0.21917984045648903,-0.16721113242967953,0.23384745199314444,-0.23736149035936852,0.2500000000000003,-0.23700431826180057,-0.2370507796669583,0.2334337608363242,-0.2372557220787208,0.22937818210742952,0.2354540806618766,0.2357739838574211,-0.23785707832098285,-0.22495712580639513,-0.23760041788323313,-0.15487249098340902,-0.16398417457236963,0.23769451750151416,0.23825772307091495,-0.06672734429867261,0.2246999791207606,-0.10978207129848232,0.23826531903140977,0.23829997909308687,0.2347084792634619,0.19986846646346285,0.2347764764062485,0.202456569133837,0.20579324036943117,0.2344205598074988,-0.14693711423789263,0.2384029987351393,0.2377185906279385,0.2323279356735007,0.23844174549931754,0.23765020336081955,-0.11176975564448235,0.23832064126907598,-0.1575032375285887,0.23846569007898025,0.23252372971450128,0.23749405850061403,-0.12627497600268514,0.23758568069028754
0.1672876369147186,0.24676522770576914,0.1861448332914994,0.23478815638746062,-0.24172831015638002,0.24740241660150714,-0.24418824608110992,0.247593030437892,0.1657371662105404,-0.23713476214219656,0.23049164757067167,0.17843168703067921,-0.24341074290414846,0.24768816943857486,-0.23700431826180057,0.25000000000000017,0.24832305102941737,-0.24300380947997638,0.24860498821160532,-0.23895667960427458,-0.241769173039199,-0.2411375891039097,0.24771614948836002,0.2359630014111861,0.2479634649622431,0.1657698331370069,0.1747708112838001,-0.24903271063949067,-0.24824317017478467,0.06438331834834639,-0.2353430357102466,0.11199814594794937,-0.24782743164128324,-0.24785482102115325,-0.24410520685465464,-0.2113344058835581,-0.24417773482332375,-0.2139133276152388,-0.217273915630746,-0.24380171359323027,0.13436471258310861,-0.24797135891148125,-0.2490062749155764,-0.24335283738730973,-0.24799636376200437,-0.24862082586636133,0.11615951158921785,-0.24815373919595393,0.1448810068317127,-0.24802611301392077,-0.24359700041092747,-0.24884129958060106,0.12890054421567324,-0.24884042378452917
0.16725497837435963,0.24681264665631017,0.18619332076210338,0.23481002202826431,-0.2417760806221839,0.2474496312110833,-0.2442353118948966,0.24762763686686312,0.16570315068945213,-0.2371825763316318,0.23053569768539983,0.17843275849433957,-0.24345809619244788,0.24772914430018428,-0.2370507796669583,0.24832305102941737,0.25000000000000033,-0.24305142332163027,0.2486380436742003,-0.23900506309136024,-0.24181609197071527,-0.24118449862315555,0.2477609799900846,0.23598025381216176,0.24800430722229608,0.16580262340142757,0.1747717632191311,-0.24906598338187388,-0.24828703189296397,0.06440976989193375,-0.2353740569867328,0.11203399309721254,-0.24787471966363192,-0.24790219967017063,-0.24415204410365107,-0.21130199185080797,-0.2442245723948424,-0.21396864860874518,-0.21728112740327146,-0.24384852461796974,0.13440212019531259,-0.24801885639706178,-0.24904000588261033,-0.24338622158696507,-0.24804389470380436,-0.24865715206868136,0.11619905717120421,-0.24819910868651354,0.14491886451144279,-0.24807360128851988,-0.24362962327437968,-0.24887444891589236,0.12893464630597776,-0.24887430071396835
-0.16217157878176752,-0.24325060216347674,-0.18078242768956754,-0.22940838774655145,0.23819741828121796,-0.2438480799622402,0.24064292978108753,-0.24246956707203668,-0.1605475492420671,0.23579390071394085,-0.22515931570258305,-0.17319632416078937,0.2409161168875026,-0.24336373328988936,0.2334337608363242,-0.24300380947997638,-0.24305142332163027,0.24999999999999994,-0.24326687125011498,0.23538355579779888,0.23821229833876859,0.23757804867983265,-0.24385961431271894,-0.23068036817335746,-0.24360270035536957,-0.16025463303014756,-0.16932833138823972,0.2437137231743842,0.2442780633775463,-0.070686886943903,0.23030133188307067,-0.11130991558275156,0.24427479898912308,0.2443024785367118,0.24062786323306845,0.20589627520963574,0.24069763380442646,0.20847377068087355,0.21181551600313941,0.24033270768432238,-0.1330932249256997,0.2444242559063373,0.24373761084059511,0.2381845093478898,0.24445559291602253,0.24366702907159152,-0.11591151231141032,0.24434093153802916,-0.14339757080480173,0.24448086552002185,0.23839535615741728,0.24350866353664494,-0.13540778951209279,0.2436032397156415
0.16751354549902595,0.247033760918916,0.18644876298196036,0.23514432095038518,-0.24198838865616693,0.24767240932793033,-0.2444516207785898,0.24790382722682738,0.16596737984311746,-0.23738911374513455,0.230816522994392,0.17877390041800098,-0.2436742779970568,0.24797867254550007,-0.2372557220787208,0.24860498821160532,0.2486380436742003,-0.24326687125011498,0.25000000000000017,-0.23921142651530974,-0.2420291667843727,-0.24139648677377623,0.24799416014397122,0.23626421621740398,0.24825460344388867,0.16605292244655895,0.17510388493028253,-0.2493494559715821,-0.24852426625805976,0.0643921651556048,-0.23564046777762623,0.1120541645815852,-0.24809780128709294,-0.24812499605726232,-0.24437080874313724,-0.21160631671898397,-0.24444346095333624,-0.21425053227766802,-0.21768874122948187,-0.24406689158538425,0.13447283976611196,-0.2482417128964398,-0.2493217926755075,-0.2436615073225575,-0.24826642217772013,-0.24892812607134293,0.11624424164716607,-0.2484310607117749,0.14499819528856275,-0.2482964331681621,-0.2439071938259317,-0.2491585356249148,0.12899322873319446,-0.24915569682026198
-0.15840690150723594,-0.23921278801378787,-0.17690725372032104,-0.2254113807629427,0.23713034846526992,-0.23980049173369153,0.2392877243051427,-0.23843247927372452,-0.15665304604113472,0.22960686300280625,-0.22114245623598394,-0.1688440430429258,0.23582255445583541,-0.23931198149721142,0.22937818210742952,-0.23895667960427458,-0.23900506309136024,0.23538355579779888,-0.23921142651530974,0.25000000000000017,0.23420949566968266,0.23355423355670585,-0.23980730403113368,-0.22668614915807478,-0.23955100417031694,-0.15623472265191554,-0.16511792398865835,0.23965229654395728,0.24021424292999322,-0.06377753355345697,0.2265136480020809,-0.12243894041255005,0.24021613809003994,0.24023371807690302,0.23663130149186518,0.20182846337611202,0.23669987011114088,0.20440929074532838,0.20775113097283143,0.23634102974462987,-0.13153938069977544,0.24036386074750923,0.23967614483231112,0.2342223328168963,0.24039418226423598,0.23960599965536497,-0.12669166273717047,0.2402801478370438,-0.14209290905522862,0.24041949495384352,0.23443100076848553,0.23944978996302943,-0.1284883085942236,0.23954143655707777
-0.16088927308335227,-0.24202158166807455,-0.17964918103238753,-0.22822266908909075,0.2370201861451046,-0.24261481627922105,0.239418304315632,-0.24123877499497814,-0.1594505502681647,0.2324718789671318,-0.22396024670907536,-0.17210342648619978,0.2386297591415208,-0.24212847965305145,0.2354540806618766,-0.241769173039199,-0.24181609197071527,0.23821229833876859,-0.2420291667843727,0.23420949566968266,0.2500000000000005,0.23779859143733872,-0.24262523053158927,-0.22954272314442933,-0.2423678781350375,-0.15961867077235029,-0.16866711718464625,0.24247484063512578,0.24304031444487978,-0.06477817266999736,0.22915025102018974,-0.11087963332275569,0.24303975027381225,0.24306955038660144,0.23941084278739694,0.20472283044876344,0.23948024002745222,0.2073138655874388,0.21068394087600656,0.23911721570273692,-0.1410400619910445,0.24318607074119497,0.2424986858721465,0.23699696286816851,0.24321939040298018,0.24242929295798868,-0.11464576399260835,0.24310296205342438,-0.14771072759142737,0.2432443311824903,0.23719873950991155,0.24227056381520895,-0.12747275106909994,0.24236553553913445
-0.16055148553190893,-0.24139146758402166,-0.17902871847887952,-0.22758776311218923,0.23640076591849946,-0.24198342927913485,0.2387774177458498,-0.24060864932369627,-0.15860174182165826,0.23185292688655113,-0.22333551840012558,-0.17145174257554316,0.2379955167370734,-0.24149698497673885,0.2357739838574211,-0.2411375891039097,-0.24118449862315555,0.23757804867983265,-0.24139648677377623,0.23355423355670585,0.23779859143733872,0.25000000000000033,-0.24199351364777985,-0.22892494980546366,-0.24173612926420715,-0.15898243642262364,-0.1680251021987249,0.24184116865299443,0.24240668816322822,-0.06470724304905376,0.22855626880082544,-0.1106331236205387,0.2424071396842371,0.2424372577841852,0.23878796911695924,0.20409310459673904,0.2388571633820234,0.20668962913166808,0.21004109482252223,0.23849504328549737,-0.13698160816069588,0.2425527660212582,0.24186512563281412,0.2363787524069564,0.242586427659004,0.24179600569921647,-0.11426955647784967,0.24246984944783595,-0.15256861557911305,0.24261128417859795,0.2365796284258131,0.24163746053483048,-0.1271716917064956,0.24173194270009993
0.1667655232519016,0.24762317137115925,0.18548021361003697,0.23417232546621405,-0.2425794863765563,0.24824107037793144,-0.24504177837880062,0.24714150513279934,0.16515163608155725,-0.2379876341150855,0.2298743228483929,0.1778301368290735,-0.2442661801172521,0.24789764237874068,-0.23785707832098285,0.24771614948836002,0.2477609799900846,-0.24385961431271894,0.24799416014397122,-0.23980730403113368,-0.24262523053158927,-0.24199351364777985,0.2500000000000002,0.23535730498886245,0.24814553703758846,0.16511299318352737,0.1741361504827639,-0.24844414726130462,-0.24875887568511326,0.065163875412482,-0.23475141137370367,0.11278540400293277,-0.2486740958669742,-0.24870160989710474,-0.24495585702035508,-0.21073111297349043,-0.24502721056952728,-0.21325444264220217,-0.21666205127403093,-0.24465464212050544,0.13515611878709502,-0.24882415976102784,-0.24845851973715552,-0.24279687008612533,-0.2488550243959287,-0.24832918586700345,0.11694774245111816,-0.248790624544655,0.14568198987664072,-0.2488812779613808,-0.24301668269381813,-0.24823888912351766,0.12969418698509327,-0.24831921706891974
0.17359550892065742,0.23441195617379137,0.17483697045607413,0.22263952510587834,-0.2294395301384321,0.23504926956677233,-0.23186232449859556,0.23526553539772194,0.17208739239335935,-0.22489257906031038,0.21839960021807325,0.16755164969708014,-0.23108054378834889,0.23535010279590335,-0.22495712580639513,0.2359630014111861,0.23598025381216176,-0.23068036817335746,0.23626421621740398,-0.22668614915807478,-0.22954272314442933,-0.22892494980546366,0.23535730498886245,0.2500000000000003,0.23561513159567343,0.15908056011815805,0.16405019575830745,-0.2366981883388288,-0.23594544719945124,0.06072186934643609,-0.22372177094434678,0.10539227199619557,-0.23546212514125972,-0.23548874574869294,-0.23191111898580352,-0.2170250814986854,-0.23198016271038557,-0.2019346345882053,-0.20527301291111785,-0.23162248241945893,0.12375717449357032,-0.2355767375875565,-0.23665405575756635,-0.23120619732925882,-0.23561773637743988,-0.2362709686782515,0.10900629409361957,-0.23576643226261723,0.13406146369952915,-0.23563488074603578,-0.2314564264199199,-0.23649014456984685,0.12137514600294488,-0.23648000802641936
0.16698752729204858,0.2473658734405491,0.18578753312893512,0.2344087975984221,-0.2423236543178932,0.24799068250495543,-0.24478541927167063,0.24734569455784444,0.16539751741424213,-0.23773068353868912,0.23015580715570214,0.1780233956510259,-0.2440090800551208,0.24786882349495787,-0.23760041788323313,0.2479634649622431,0.24800430722229608,-0.24360270035536957,0.24825460344388867,-0.23955100417031694,-0.2423678781350375,-0.24173612926420715,0.24814553703758846,0.23561513159567343,0.2500000000000002,0.16541312298267566,0.17433988567652375,-0.24869692768086585,-0.2486224708493296,0.06490178897334002,-0.23500308085579133,0.11253559100783501,-0.24842088942971877,-0.24844854885471104,-0.24470066015783382,-0.21098817293964503,-0.24477244158039832,-0.21357044933420805,-0.2168619510928907,-0.24439858289771876,0.13490213903642054,-0.24856890098396664,-0.24869690811896986,-0.2430375810176512,-0.2485977884812797,-0.2484774820109274,0.11669979722460279,-0.24861146792465785,0.14542510852674778,-0.24862516368943113,-0.24326506232698272,-0.24849639425464656,0.12943786606628827,-0.248547897806388
0.12127734988121157,0.1644478422416503,0.17546884161660084,0.1565951955301484,-0.15970027435540368,0.16489882322827207,-0.16153737348723943,0.16529565549064495,0.12412280476563954,-0.15546289221374054,0.1823840857321609,0.11659664088089762,-0.16074492261510834,0.1652278025800752,-0.15487249098340902,0.1657698331370069,0.16580262340142757,-0.16025463303014756,0.16605292244655895,-0.15623472265191554,-0.15961867077235029,-0.15898243642262364,0.16511299318352737,0.15908056011815805,0.16541312298267566,0.2500000000000002,0.11252670662164853,-0.16630701758897623,-0.1655656845160139,0.020830706127070463,-0.1562535595911177,0.05952660370590056,-0.1651647521959095,-0.1652595350198388,-0.16269164105171763,-0.14785370784072172,-0.16274097801291695,-0.20148999777798066,-0.14477298590257276,-0.16248901950266106,0.07392777118874706,-0.165326269416429,-0.16630044439749328,-0.16270308108497453,-0.1653664370433582,-0.16625369488900912,0.06750482338117292,-0.1654801048452214,0.08040919224797097,-0.16532809659348108,-0.16224572091238565,-0.1661761800867696,0.04911064466514027,-0.16617832141774821
0.10993933528175928,0.17340454259613786,0.12485840549950912,0.1876116235100365,-0.16899740245313216,0.173860559682856,-0.17042712867564108,0.1743016505592503,0.1092206078544008,-0.16428595289379538,0.1591057171751038,0.17514610371739753,-0.17007774323755326,0.17434333305565688,-0.16398417457236963,0.1747708112838001,0.1747717632191311,-0.16932833138823972,0.17510388493028253,-0.16511792398865835,-0.16866711718464625,-0.1680251021987249,0.1741361504827639,0.16405019575830745,0.17433988567652375,0.11252670662164853,0.2500000000000003,-0.1752871270938325,-0.17446457796965253,0.029308632985449973,-0.1647547223779336,0.06675453969106644,-0.17421602882854154,-0.17410442703583587,-0.1715194762861159,-0.14073143011231123,-0.17157025399418346,-0.1442610496859884,-0.20712615274907678,-0.17131028090486822,0.08524366228095878,-0.1742856639721482,-0.17528857626770325,-0.17101195837558503,-0.1742299128586726,-0.17493139073996408,0.044974015564279095,-0.17445288019041386,0.09314600715738942,-0.17433150458062,-0.17171607993217458,-0.1752785415183791,0.07694383956878281,-0.17548379583816728
-0.16790533677275454,-0.24748716533915013,-0.18671302180676247,-0.2354904392797552,0.2424334933610597,-0.24812672163781102,0.2449011722289262,-0.2483324272917073,-0.16635060056354675,0.2378254596820417,-0.23119056185689282,-0.17895763882865998,0.24412156357775472,-0.24842051731883472,0.23769451750151416,-0.24903271063949067,-0.24906598338187388,0.2437137231743842,-0.2493494559715821,0.23965229654395728,0.24247484063512578,0.24184116865299443,-0.24844414726130462,-0.2366981883388288,-0.24869692768086585,-0.16630701758897623,-0.1752871270938325,0.2500000000000001,0.2489742584650147,-0.0645620423496172,0.23604786033020547,-0.11230753503853465,0.24855297038575505,0.24858046422997365,0.24481955421299514,0.21208857755821292,0.2448923115542331,0.2145715894108829,0.21792275700851696,0.24451513441674042,-0.13471919894717152,0.24869712215522644,0.24975127946209705,0.24408064960876788,0.2487222656746347,0.24936185623821455,-0.11647807338635863,0.24888254449034386,-0.1452674143810991,0.24875204287169697,0.2443257161552794,0.24958636657911656,-0.12925455082916465,0.24958455775331134
-0.16745543469922247,-0.24805279848630857,-0.185895775860003,-0.2346589736789,0.24299496082693342,-0.2486739015424118,0.24546397191303299,-0.24765853356816678,-0.16584499717268386,0.2383897534938848,-0.23038096693533242,-0.178165098441326,0.24468564250444877,-0.24837214505676913,0.23825772307091495,-0.24824317017478467,-0.24828703189296397,0.2442780633775463,-0.24852426625805976,0.24021424292999322,0.24304031444487978,0.24240668816322822,-0.24875887568511326,-0.23594544719945124,-0.2486224708493296,-0.1655656845160139,-0.17446457796965253,0.2489742584650147,0.25000000000000017,-0.06521082349597386,0.2352549127657378,-0.1129261166017844,0.24910740971541928,0.24913508054082584,0.24538130648833767,0.21154184346123148,0.24545288202082105,0.21374299802273303,0.21709035030564341,0.24507934013155452,-0.1352707798109002,0.24925695538419876,0.2489855558545592,0.24331180824285656,0.2492878998367315,0.2488388607789826,-0.1170914626154161,0.24923802471892195,-0.14582477154576706,0.24931412719746696,0.24353340657652953,0.24876892223184424,-0.1298577567825468,0.24884377795595555
0.03510921649266842,0.0651271005819739,0.004628160425997262,0.054390193328342495,-0.06387622465559807,0.06523638661529316,-0.0648762880418955,0.06428245995964467,0.03288657084038188,-0.0746679508965439,0.04721868137154859,0.028497049389421204,-0.06726118194866793,0.06479376807769377,-0.06672734429867261,0.06438331834834639,0.06440976989193375,-0.070686886943903,0.0643921651556048,-0.06377753355345697,-0.06477817266999736,-0.06470724304905376,0.065163875412482,0.06072186934643609,0.06490178897334002,0.020830706127070463,0.029308632985449973,-0.0645620423496172,-0.06521082349597386,0.2500000000000003,-0.061658680493938536,0.042287949029647706,-0.06535829365658802,-0.06536870923024646,-0.06440720905290544,-0.05229386124599388,-0.06442496623088238,-0.029319679681222854,-0.040687714092025255,-0.06432826140367438,0.04987205734732303,-0.06537815653563017,-0.06457039833178871,-0.06311053049907864,-0.06539805578212497,-0.06454492819690996,0.04086947869860945,-0.06526643472553625,0.053780144398539155,-0.06540806642861295,-0.06329358718915858,-0.06446945141140957,0.04058424683821959,-0.06445893133426867
-0.15863975427900306,-0.23383884869084778,-0.17563429330747465,-0.2221460711148111,0.22910291065305002,-0.23444322664680028,0.23142527539892124,-0.23467637337035338,-0.15710611183555517,0.22475721428185513,-0.21806290514863994,-0.16811566984308746,0.23067416602169225,-0.2347370994402326,0.2246999791207606,-0.2353430357102466,-0.2353740569867328,0.23030133188307067,-0.23564046777762623,0.2265136480020809,0.22915025102018974,0.22855626880082544,-0.23475141137370367,-0.22372177094434678,-0.23500308085579133,-0.1562535595911177,-0.1647547223779336,0.23604786033020547,0.2352549127657378,-0.061658680493938536,0.25000000000000017,-0.1067077147542928,0.2348451017326687,0.2348721382660236,0.23131815050221424,0.20056288440408251,0.23138693373992988,0.2019102240023772,0.20496971656892454,0.23103032892757436,-0.12775600009735605,0.23498039013781602,0.23602005211250915,0.23066434771034655,0.2350049783541281,0.23564013344214416,-0.1105899170870455,0.23516259246303403,-0.13771248278748968,0.23503269185555628,0.23089761009406393,0.23586454075086896,-0.12264200763023948,0.23585597116819523
0.06721953485102426,0.11260665540531495,0.07277965440204681,0.09888768182037577,-0.11818405404459197,0.11285986399156102,-0.1163275933452812,0.11178819993647357,0.06491643092745734,-0.1084448274801446,0.09851753767199946,0.04479093770159707,-0.11114666098895178,0.1123412256400967,-0.10978207129848232,0.11199814594794937,0.11203399309721254,-0.11130991558275156,0.1120541645815852,-0.12243894041255005,-0.11087963332275569,-0.1106331236205387,0.11278540400293277,0.10539227199619557,0.11253559100783501,0.05952660370590056,0.06675453969106644,-0.11230753503853465,-0.1129261166017844,0.042287949029647706,-0.1067077147542928,0.25000000000000017,-0.11303317982824604,-0.11305733885565945,-0.11137744760839305,-0.0907847202475724,-0.11140908560582966,-0.08509183821993561,-0.08068490102754682,-0.11124029802705385,0.07202396413909373,-0.11310546317326486,-0.11232396003981764,-0.10984452553898642,-0.11313323585265952,-0.11232417641989055,0.06539100268317542,-0.11299888614400279,0.07683380870991288,-0.1131357495619528,-0.10990191779913941,-0.11217773675772195,0.06730783299208824,-0.1121748873320142
-0.1668622415946989,-0.24804439190580413,-0.1855362590903008,-0.23428662417541032,0.24299232607772275,-0.2486588363536678,0.24545835250633669,-0.2472786281815998,-0.1652359735931229,0.23839478040050752,-0.22997123711796846,-0.17792225991619182,0.2446821784826263,-0.24817894922184583,0.23826531903140977,-0.24782743164128324,-0.24787471966363192,0.24427479898912308,-0.24809780128709294,0.24021613809003994,0.24303975027381225,0.2424071396842371,-0.2486740958669742,-0.23546212514125972,-0.24842088942971877,-0.1651647521959095,-0.17421602882854154,0.24855297038575505,0.24910740971541928,-0.06535829365658802,0.2348451017326687,-0.11303317982824604,0.2500000000000003,0.24912155933663868,0.24537305364045953,0.21085379387409178,0.2454442208968989,0.21333926316611676,0.2167964407141281,0.245072050971631,-0.13542473469872188,0.24924556297454287,0.24857618525486905,0.24290681748731732,0.24927771791068176,0.24850234345820874,-0.11720065816544054,0.2491652186061597,-0.14596560749682375,0.24930325860253716,0.24312187757186404,0.24834456823328133,-0.1299607670676916,0.2484428299057786
-0.16688455333983304,-0.24807196958032174,-0.18563962587916036,-0.2342545500614824,0.24301643625373662,-0.2486864302135051,0.24548229568806193,-0.24730592071755197,-0.1652621825180196,0.23842232090734583,-0.23004274670213104,-0.17781350097297227,0.24470931068975668,-0.24820603285284995,0.23829997909308687,-0.24785482102115325,-0.24790219967017063,0.2443024785367118,-0.24812499605726232,0.24023371807690302,0.24306955038660144,0.2424372577841852,-0.24870160989710474,-0.23548874574869294,-0.24844854885471104,-0.1652595350198388,-0.17410442703583587,0.24858046422997365,0.24913508054082584,-0.06536870923024646,0.2348721382660236,-0.11305733885565945,0.24912155933663868,0.2500000000000003,0.2454003417086903,0.210879064910144,0.2454715185897133,0.2134575498284055,0.21668021649953467,0.2450992948429295,-0.13545391576927635,0.24927324025631453,0.24860366573465043,0.242934828333575,0.24930559391003934,0.2485302898363926,-0.11723003508869309,0.24919285969905128,-0.14599448232699777,0.24933087005862847,0.24314767702636536,0.24837175468344758,-0.12998206065043483,0.24846948416537182
-0.1642995559909456,-0.24433953502387565,-0.18277540022478217,-0.2307310225922189,0.2393648797396418,-0.24494434151402664,0.24179324927053436,-0.24356643401477018,-0.16269740482993894,0.23483738210719732,-0.22653147176117708,-0.1751709306070532,0.2410286592498732,-0.24446238359524536,0.2347084792634619,-0.24410520685465464,-0.24415204410365107,0.24062786323306845,-0.24437080874313724,0.23663130149186518,0.23941084278739694,0.23878796911695924,-0.24495585702035508,-0.23191111898580352,-0.24470066015783382,-0.16269164105171763,-0.1715194762861159,0.24481955421299514,0.24538130648833767,-0.06440720905290544,0.23131815050221424,-0.11137744760839305,0.24537305364045953,0.2454003417086903,0.25000000000000033,0.20762685389884508,0.2417781101923159,0.21016451297072225,0.2134523424832816,0.24141155991427943,-0.13343125707796896,0.24552250345342977,0.24484303829837775,0.23925943758531668,0.24555430872472256,0.244774110768337,-0.11548484321299828,0.24544025631492175,-0.14381130883379592,0.24557931715302642,0.23946978440236488,0.2446139874973592,-0.12804426475860314,0.24471158845628446
-0.20519134231306937,-0.2097763939651871,-0.15035377601413813,-0.19792185591811487,0.2046923694792801,-0.21045296524478538,0.20715822083821267,-0.21060502933923594,-0.2036962685989751,0.20000898461319205,-0.19371071103149998,-0.14384388088819916,0.20629621233770679,-0.21074477909163364,0.19986846646346285,-0.2113344058835581,-0.21130199185080797,0.20589627520963574,-0.21160631671898397,0.20182846337611202,0.20472283044876344,0.20409310459673904,-0.21073111297349043,-0.2170250814986854,-0.21098817293964503,-0.14785370784072172,-0.14073143011231123,0.21208857755821292,0.21154184346123148,-0.05229386124599388,0.20056288440408251,-0.0907847202475724,0.21085379387409178,0.210879064910144,0.20762685389884508,0.2500000000000002,0.20768894933901064,0.17688064875391019,0.18019372534451247,0.20736780010824332,-0.0968926870720192,0.2108834904664408,0.21199107350070556,0.20684125940097214,0.21097827968345853,0.21162346234153667,-0.0927816840625476,0.21108163166462746,-0.10744557022997013,0.2109558206329079,0.20712558041781068,0.21181443267341807,-0.10409524766026894,0.2117856649779468
