x1,x2,x3,x4,x5,x6,x7,x8,x9,x10,x11,x12,x13,x14,x15,x16,x17,x18,x19,x20,x21,x22,x23,x24,x25,x26,x27,x28,x29,x30,x31,x32,x33,x34,x35,x36,x37,x38,x39,x40,x41,x42,x43,x44,x45,x46,x47,x48,x49,x50,x51,x52,x53,x54,x55,x56,x57,x58,x59,x60
0.25000000000000006,0.24996538057328382,0.2478886213008865,0.24984333408953316,0.24912677547836015,0.2499410939485014,0.2483021535710257,0.24995091606321387,0.2496118791803965,0.2499539278289177,0.2492438847387825,0.22938531346412167,0.2109477292100055,0.20059557999586708,0.17630776881672972,0.1654098673678318,0.21625910237081356,0.19408855169737485,0.23366298026092233,0.2495885690953661,0.24770571115357956,0.20512959154982066,0.22793392270735874,0.19917465658416808,0.22090570027955103,0.19132553201017757,0.22953473015531503,0.2043995178243129,0.23490836422629663,0.24773394210277572,0.24898428976649836,0.19442177864399604,0.24243540179469894,0.18744602238862393,0.2302601675974324,0.19358457832816298,0.22453824938778752,0.2117412274016362,0.22186541724609626,0.24854932156064843,0.2489544476187289,0.24287280052669177,0.20524934712815662,0.21396012024799738,0.18259079740718914,0.17909362949875676,0.21500760180616435,0.18612137936498394,0.23336972609557793,0.2498349066484849,0.24963266244758742,0.24983944270162792,0.24839584744423746,0.24989503392160528,0.24907309367779715,0.2499623038674223,0.24825216029317831,0.24995952126800747,0.2499425979823227,0.2499589396967214
0.24996538057328382,0.25,0.24789246486139593,0.24984723187653055,0.24913067390620897,0.24994499192385214,0.24830602633015583,0.24995481434856764,0.24961577434831297,0.24995782618226103,0.24924777081025185,0.2293890491152914,0.21095152002645867,0.20059906045895612,0.1763106749478468,0.16541248905508352,0.21626243488566685,0.19409155625577712,0.23366661517509116,0.24959246170819727,0.24770957471374355,0.20513303156462234,0.22793747913716803,0.19917785198958396,0.22090915091379804,0.19132849180011877,0.22953832097987673,0.20440267629461897,0.23491202891258517,0.24773780555411487,0.2489881727624593,0.19442481190107044,0.24243918614749296,0.18744894266390458,0.23026376283334268,0.19358759758100258,0.22454175483424227,0.2117445302409002,0.22186888014581507,0.24855319798879905,0.24895833039917334,0.24287658835055806,0.2052525482620811,0.21396345974039452,0.1825936433747293,0.1790964214052211,0.21501095325167643,0.1861242824210402,0.2333733661802249,0.24983880312519816,0.24963655579065083,0.24984333926970276,0.24839972150355538,0.24989893135670005,0.24907697824915262,0.2499662023516706,0.24825603208660796,0.2499634197088572,0.2499464961588579,0.24996283812849948
0.2478886213008865,0.24789246486139593,0.25000000000000006,0.24777044253810598,0.2470570945750001,0.24786906520241006,0.24625135137364967,0.24787807748553106,0.2475425284887848,0.24788113061116196,0.24717609670830137,0.22740911913875705,0.20899460177848592,0.1990301674573307,0.17470609743647794,0.16420982540252982,0.21447564955772533,0.19253723473398682,0.23172773521575765,0.24751861112480233,0.24564997022908938,0.2033078298005643,0.22607464906225708,0.19745115474650698,0.21911633980160972,0.18974538026182522,0.22764836262982457,0.20270421529111335,0.23296647575176704,0.24567965484481258,0.24692005014549237,0.1928128674030615,0.24042132312867007,0.18589348889420987,0.22834109249387818,0.19197147741149212,0.22266510977170087,0.20998542140376403,0.2200196870325338,0.2464881718287266,0.2468899331744976,0.24085815198183014,0.20354761944135324,0.21218603892095275,0.1810767336956891,0.17761480488672177,0.2132258467474753,0.18457967775974532,0.2314344488418481,0.2477631118737346,0.24756252846096266,0.24776759393786107,0.24633597517059944,0.24782272415241208,0.24700762761227588,0.24788943625087298,0.24619345763645795,0.24788667672705847,0.24786989498313716,0.2478860999792109
0.24984333408953316,0.24984723187653055,0.24777044253810598,0.25000000000000006,0.24900898804711907,0.2498229567598567,0.24818479933372786,0.2498327730529171,0.24949389212217765,0.24983578338721169,0.2491260781051824,0.22927643367779144,0.2108466317994274,0.20049996781509805,0.17622390603344473,0.16533171313330142,0.21615699117380138,0.1939969237678568,0.23355256325329687,0.24947059724217877,0.24758862717382607,0.205031922556219,0.22782621009145004,0.19908021453088873,0.22080130833537218,0.19123515563638915,0.22942622330710435,0.20430297343953105,0.23479733410598297,0.24761684771934786,0.24886660461751872,0.19432988299652976,0.24232079861151828,0.1873574328812243,0.2301513123530053,0.1934930708841121,0.22443209934323274,0.21164114377250004,0.22176053778055177,0.2484318410746226,0.2488367755581837,0.24275800278633497,0.20515233335221536,0.2138589828081328,0.18250449733897461,0.17900898677302854,0.2149059806275356,0.18603340740473642,0.23325941953303914,0.24971681852600044,0.2495146698567751,0.24972135237302998,0.24827843943941158,0.24977691731697954,0.24895536569693225,0.24984415546667785,0.2481348202464897,0.24984137418250132,0.24982445889759203,0.24984079288610694
0.24912677547836015,0.24913067390620897,0.2470570945750001,0.24900898804711907,0.2500000000000001,0.24910642460810567,0.24747031625802146,0.24911627738575928,0.2487787148388264,0.24911924417862022,0.24841166978119153,0.22861576002431622,0.21034155796861206,0.20002593286585632,0.17548492923139497,0.1652789264415529,0.2155448397169791,0.19347138046999346,0.23288882506320893,0.24875480039087697,0.2468777932171884,0.20441889439371563,0.22721940112944916,0.1985257773783267,0.22021869950449122,0.19065283849940698,0.22880354618612816,0.20366450584023235,0.234131661647448,0.24690615513015318,0.24815280832118664,0.19377929640515265,0.241623978923475,0.18681652527056355,0.22948556676931745,0.19292988446601236,0.22378249035376854,0.21103532648534748,0.22112378771873342,0.24771929523728553,0.24812313564763638,0.2420608151305612,0.20456454336848576,0.21325072131828635,0.18197679512257775,0.17849972393345304,0.2142862679088942,0.18550283996947817,0.23259133090382075,0.24900059162433621,0.24879905387285567,0.24900514362335407,0.247566378050579,0.24906054920798146,0.2482412612108954,0.2491275945023296,0.24742309705322,0.24912482119433774,0.24910795431752486,0.2491242415631861
0.2499410939485014,0.24994499192385214,0.24786906520241006,0.2498229567598567,0.24910642460810567,0.25,0.24828190681455914,0.24993052867162674,0.24959151578996544,0.2499335403055679,0.2492235565106032,0.22936608966269123,0.2109295954740303,0.20057957271049867,0.17629181266548516,0.1653982045124205,0.21624213430816341,0.19407266750322608,0.23364388093897018,0.24956821230309503,0.24768551271529546,0.20511233770401138,0.22791548758853888,0.19915883012331445,0.22088783014149124,0.19131031003323373,0.2295161319161904,0.20438295019703864,0.23488921744222027,0.24771373508282918,0.2489639825176475,0.1944059303247239,0.24241566460684077,0.18743072227407725,0.23024141477796192,0.19356877236416675,0.22451994577118503,0.2117239564187245,0.2218473218411272,0.24852904845048227,0.24893414156917845,0.24285298857602233,0.20523260320066722,0.21394267927893473,0.18257590263570037,0.17907902876381532,0.21499006687464783,0.1861061975089003,0.23335069140114245,0.24981452882034166,0.24961230111444122,0.24981906450243765,0.24837558709393012,0.24987465118811955,0.2490527781242432,0.2499419156470453,0.24823191151240104,0.24993913327459302,0.24992221137346154,0.24993855175074162
0.2483021535710257,0.24830602633015583,0.24625135137364967,0.24818479933372786,0.24747031625802146,0.24828190681455914,0.2500000000000001,0.24829168482330663,0.24795382774256297,0.24829462890655807,0.24759041888406463,0.22786674336069707,0.20947345088438166,0.1992511891651811,0.1754341473860502,0.16426623178268848,0.21486800068156825,0.19273971040515875,0.232090402426886,0.2479317014308792,0.24606273119035002,0.2038086653768402,0.22641920040258784,0.19800442318150163,0.21943835899742795,0.19004106860388595,0.22802582375140276,0.20300829583124755,0.23335002768746008,0.24608920899794343,0.24733130918657478,0.1931302921779562,0.24083441275861683,0.18619780290738883,0.22874009052916153,0.19230086871879704,0.22305324976338362,0.2103361673644044,0.22039527487301527,0.2468993466761306,0.24730180681442185,0.2412605513355259,0.2038865797599487,0.21254182680362432,0.1813783916762047,0.1779031479982214,0.2135798344194828,0.18488522362831053,0.23182067033312112,0.24817640767537222,0.24797551672628076,0.24818092431100952,0.2467469245702688,0.2482361465014471,0.2474196586561622,0.24830296988248265,0.24660417668525783,0.2483002057545697,0.24828339494612411,0.24829962804323566
0.24995091606321387,0.24995481434856764,0.24787807748553106,0.2498327730529171,0.24911627738575928,0.24993052867162674,0.24829168482330663,0.25000000000000006,0.24960133299997508,0.2499433621985973,0.24923336015220562,0.2293752621151445,0.2109383992993044,0.2005861973113645,0.1762996420144539,0.16540249238132604,0.21625067003113946,0.19408013498933116,0.23365306907914102,0.24957802104543028,0.24769525579758797,0.2051208363722229,0.2279242000881791,0.19916642084894073,0.22089614278793016,0.19131776828923616,0.22952494806557722,0.20439100193983742,0.23489839583425723,0.24772346963717018,0.2489737624181065,0.19441353948497003,0.24242518823041692,0.18743808482755975,0.2302505131236235,0.19357644118861997,0.22452884027870892,0.21173227374944653,0.22185607807953578,0.24853881515584947,0.24894392413661748,0.24286253670121238,0.20524066641263547,0.21395107187323,0.1825830799748625,0.1790860147275086,0.21499850842348822,0.18611349746312975,0.23335986092574934,0.2498243458628608,0.24962211030833037,0.24982888182167357,0.24838534758153755,0.24988447069179384,0.24906256509762276,0.24995173779405067,0.24824166663672434,0.24994895531225658,0.249932032732939,0.24994837376555082
0.2496118791803965,0.24961577434831297,0.2475425284887848,0.24949389212217765,0.2487787148388264,0.24959151578996544,0.24795382774256297,0.24960133299997508,0.25000000000000017,0.2496043378375453,0.24889654483704823,0.2290847125584656,0.2107370869756567,0.20043608471228075,0.17605905263511046,0.16521215602998648,0.21593620131761845,0.19382039496911516,0.2333328181082023,0.24923953186784809,0.24735971417874594,0.20481694394112557,0.22761849731186654,0.19886484115605138,0.22059323845177736,0.19105179790997523,0.2292106457888803,0.20410247608385,0.23457856671494368,0.24738733846105515,0.24863586294683768,0.19415005605104727,0.2420953155224848,0.1871832924132588,0.2299387578342353,0.19331496445049431,0.224226459386076,0.21144501868322368,0.22155695525583474,0.24820168776835325,0.24860625931980693,0.24253302124602194,0.2049622154592724,0.2136608930791635,0.18233456352120245,0.17884119094596093,0.21470580512976398,0.18586100667666397,0.2330434784542451,0.2494854682853733,0.24928351942373536,0.2494900104709193,0.24804842924995557,0.24954552394023458,0.24872469852805346,0.24961269979724124,0.2479049428999345,0.24960992108949068,0.24959302050919857,0.24960934033114113
0.2499539278289177,0.24995782618226103,0.24788113061116196,0.24983578338721169,0.24911924417862022,0.2499335403055679,0.24829462890655807,0.2499433621985973,0.2496043378375453,0.2500000000000001,0.24923635198727448,0.22937828697234103,0.21094111223853385,0.20058956671369177,0.176302313519109,0.16540481217695038,0.21625267459518124,0.1940826583279633,0.233655910700535,0.24958102649870745,0.24769822712242795,0.2051233231547073,0.22792703342772533,0.199168610741341,0.2208990041839264,0.19131979527389964,0.2295277815989507,0.20439337482485287,0.23490125938095974,0.24772645515378275,0.24897676479737268,0.19441590025483751,0.24242807878156986,0.1874403564819881,0.23025321753521666,0.19357873296367578,0.2245314733291371,0.21173482730083235,0.22185871651932862,0.248541809960996,0.2489469237747778,0.2428654608023731,0.2052431433808045,0.21395365278729528,0.1825852794527622,0.17908821149854734,0.215001103643879,0.1861157524922232,0.23336267310259245,0.24982735619279425,0.24962511811215135,0.2498318921169344,0.24838834048672104,0.24988748165684985,0.24906556625248077,0.2499547495696515,0.2482446576976809,0.2499519670543317,0.249935044278947,0.24995138550062163
0.2492438847387825,0.24924777081025185,0.24717609670830137,0.2491260781051824,0.24841166978119153,0.2492235565106032,0.24759041888406463,0.24923336015220562,0.24889654483704823,0.24923635198727448,0.24999999999999975,0.22867379667726964,0.21026052683070792,0.2000204301617903,0.17581312056946916,0.16491148533289646,0.21564661235876717,0.193529359776812,0.23299579842160245,0.24887204924097103,0.24699455322040362,0.2045132395897375,0.22728044738522205,0.19859612530274512,0.2202711253450311,0.19076934256684178,0.22887433969801846,0.20381400431421592,0.2342338022186093,0.2470227541248086,0.24826949903843984,0.193863606306295,0.24173884229248044,0.18690816657632123,0.22959835262500394,0.19302882983713426,0.2238932170138583,0.21113331853415737,0.22122831636707593,0.2478357802096567,0.24823974121114398,0.24217556322783476,0.20466013399574434,0.2133456943589533,0.18206663144427337,0.1785795318005853,0.21439036918886267,0.185587092157489,0.2326997508275563,0.24911767329656184,0.24891600907089076,0.24912219569305397,0.2476827435737857,0.24917762731972126,0.24835804643133155,0.24924470414512961,0.2475394705659314,0.24924192953411303,0.2492250548014365,0.24924134963246872
0.22938531346412167,0.2293890491152914,0.22740911913875705,0.22927643367779144,0.22861576002431622,0.22936608966269123,0.22786674336069707,0.2293752621151445,0.2290847125584656,0.22937828697234103,0.22867379667726964,0.2499999999999999,0.19041939723950735,0.18368228935305114,0.16045182575211,0.15493156772803524,0.1988143428488711,0.1794569138232122,0.21431580803033448,0.22903873854027484,0.22728614405839276,0.18464381432220067,0.20974166101309968,0.18125372071720056,0.20337635747513536,0.17558860831957557,0.2109042269789894,0.18738432824083615,0.21567713257429225,0.22734192284392907,0.22849605712147342,0.17847777267344017,0.2223988027513555,0.1720464779892606,0.21112890876543117,0.17752299505645838,0.2058629789945919,0.19431626225265172,0.20350762334942502,0.228089364343787,0.22846113063145712,0.2228685179662362,0.18836063698258182,0.1963475899087713,0.16755883893465717,0.16444922147110155,0.1973245543576872,0.1708316713897167,0.21416029310715062,0.22926935655451036,0.22908356147587583,0.2292733200202345,0.22794858732822298,0.22932433506708083,0.22857025216981172,0.2293860675716202,0.2278163861391619,0.22938351403257906,0.22936799587769902,0.2293829803430615
0.2109477292100055,0.21095152002645867,0.20899460177848592,0.2108466317994274,0.21034155796861206,0.2109295954740303,0.20947345088438166,0.2109383992993044,0.2107370869756567,0.21094111223853385,0.21026052683070792,0.19041939723950735,0.2500000000000001,0.16159017131378509,0.1440504411752468,0.13380886911906548,0.18241159575832355,0.1632405242258604,0.19726780513096587,0.21063277724590831,0.20905611324371032,0.17155399091943863,0.1919365147033208,0.16588374775400036,0.18554928679917393,0.16048964621919976,0.19309042008523775,0.17230928393885706,0.19810951316069703,0.20906643348383525,0.21011107551223512,0.16402909248466246,0.20447414978816583,0.15820376995238805,0.19432242379766923,0.16350701255661268,0.18960205581216003,0.1786875958181081,0.18732323254666652,0.20975629108949517,0.21009815770261067,0.204974214005001,0.17321757966058815,0.180528659720796,0.15407531197876975,0.1510222399913771,0.18140717569266995,0.15705819878915525,0.19694850909472675,0.21084049454671872,0.210670231509514,0.2108447376999009,0.20962598217880396,0.21089165229375295,0.21019656382525076,0.21094842272971662,0.20950535806268158,0.21094607443247426,0.2109317470758905,0.21094558362107427
0.20059557999586708,0.20059906045895612,0.1990301674573307,0.20049996781509805,0.20002593286585632,0.20057957271049867,0.1992511891651811,0.2005861973113645,0.20043608471228075,0.20058956671369177,0.2000204301617903,0.18368228935305114,0.16159017131378509,0.2499999999999999,0.1269649849624013,0.13979392013139277,0.17179680097135527,0.1617270075291433,0.18841640688307926,0.2002605756053493,0.19861259837624848,0.1616174483900212,0.1849295039984961,0.15003085632979662,0.17999589205966887,0.1493939870229374,0.18513424741349513,0.1606849256533362,0.1889970857482784,0.19879293031457373,0.19981904136149456,0.15642858787671793,0.19380101955618323,0.15051304060939116,0.18372283816833251,0.15479038879394777,0.17926221248577323,0.1699799218803968,0.1777371553686576,0.1994620307538333,0.1997890764584966,0.19484843854675618,0.16478605218606787,0.17181111272054683,0.1463470682390415,0.14409249564517526,0.172411938815804,0.1495922396892744,0.1873227244075815,0.20049310095916187,0.20033170124039099,0.20049764331969352,0.19933849480503038,0.200542255441298,0.19987739388453862,0.20059623952507016,0.19922053769807804,0.20059400646339656,0.20058039730762645,0.20059353970058783
0.17630776881672972,0.1763106749478468,0.17470609743647794,0.17622390603344473,0.17548492923139497,0.17629181266548516,0.1754341473860502,0.1762996420144539,0.17605905263511046,0.176302313519109,0.17581312056946916,0.16045182575211,0.1440504411752468,0.1269649849624013,0.24999999999999994,0.09179019580086495,0.14495251426610856,0.13422339595811508,0.16405363871267092,0.176055741422602,0.174796841158133,0.14415626481648025,0.15946111588883152,0.13618901313216866,0.1534583002294841,0.12782962506744128,0.16032273992938195,0.14342813559450493,0.1652261438846067,0.17472567677219952,0.1755739128792633,0.13696783425108516,0.17084870846493921,0.13212547134740335,0.16254074581103212,0.1369858433567509,0.15891764136414058,0.1493266019122733,0.1568791075462187,0.17531229578513854,0.17559883272200272,0.1713444529472231,0.14477034927951535,0.15088260748160814,0.1286647566113055,0.12589519002741145,0.15145371126135324,0.13123206020766026,0.16462354771938562,0.17621659252851105,0.17607583943872981,0.1762216900504375,0.17520229495447553,0.17626090087095156,0.17567567544823806,0.1763083485385412,0.17510207257580954,0.17630638583578467,0.1762943086023522,0.17630597555733463
0.1654098673678318,0.16541248905508352,0.16420982540252982,0.16533171313330142,0.1652789264415529,0.1653982045124205,0.16426623178268848,0.16540249238132604,0.16521215602998648,0.16540481217695038,0.16491148533289646,0.15493156772803524,0.13380886911906548,0.13979392013139277,0.09179019580086495,0.24999999999999997,0.13176021870467616,0.12666986312533593,0.15462560591560517,0.1651001033847066,0.16359320848474174,0.12995137456296327,0.15499864302501512,0.12374128525929844,0.1514683152364198,0.10688019644463335,0.15490663617899475,0.126142794205981,0.15649440873350823,0.1638935573192166,0.16476368654070478,0.12942543488835867,0.15930330117988545,0.12389614138853693,0.15020907934456318,0.126927901268691,0.14687625024835285,0.14027460730246571,0.14630077529808486,0.16447467615673717,0.1647478904354606,0.16063226259273602,0.13596760939529626,0.1419792705426371,0.12031372075864587,0.11931184643706638,0.14188643814035676,0.12366126686830653,0.15453594245524077,0.16532348060613386,0.16519227561936067,0.16532911054561206,0.16437328336670182,0.16536589744602365,0.1648099560545086,0.16541041137732024,0.16427075552626388,0.16540856997397085,0.1653973711584194,0.16540818495303702
0.21625910237081356,0.21626243488566685,0.21447564955772533,0.21615699117380138,0.2155448397169791,0.21624213430816341,0.21486800068156825,0.21625067003113946,0.21593620131761845,0.21625267459518124,0.21564661235876717,0.1988143428488711,0.18241159575832355,0.17179680097135527,0.14495251426610856,0.13176021870467616,0.25000000000000006,0.1604354448840084,0.2013406664199725,0.2159458284312176,0.21435544653801078,0.1759045880387405,0.1967516317884964,0.17154349534211064,0.19019502191478396,0.16094538425024543,0.1979190963500617,0.17664350937476236,0.20296631817910205,0.21432695704830224,0.21539196242215033,0.16812048979622518,0.2097603788050127,0.16211721498046416,0.19924033734692873,0.1676955836655292,0.19454246501119846,0.18317130137718307,0.19215564796147538,0.21503755000648392,0.2153884215756703,0.21014504143548896,0.17756875710418063,0.18510274130449653,0.15790454815977262,0.15473536221705383,0.1859194418282194,0.1609996867266006,0.20191222616817744,0.2161486770097043,0.21597461761701833,0.21615351779583683,0.21490408123561192,0.21620161370974106,0.21548803173081033,0.2162598133863583,0.21478023741872604,0.21625740595342227,0.21624269956319475,0.21625690275890874
0.19408855169737485,0.19409155625577712,0.19253723473398682,0.1939969237678568,0.19347138046999346,0.19407266750322608,0.19273971040515875,0.19408013498933116,0.19382039496911516,0.1940826583279633,0.193529359776812,0.1794569138232122,0.1632405242258604,0.1617270075291433,0.13422339595811508,0.12666986312533593,0.1604354448840084,0.2500000000000002,0.1779436300615656,0.19375244664630542,0.19212526904310084,0.1575096025490308,0.1779862021912214,0.15330007052653175,0.1735514242321678,0.14598639231059593,0.17972290589156129,0.14881664104194972,0.18340616849578936,0.19235228903596086,0.1933572045122482,0.15134995826153175,0.18769080678663191,0.14561281846381285,0.17775229485617397,0.14959921164717033,0.17321095336324377,0.1645325454586175,0.17179475895136725,0.19299190444740671,0.19330774449851706,0.18853653340643695,0.15947362212201743,0.16634863088907187,0.1417022263818472,0.13981466834459597,0.16693457825904362,0.14482212878495737,0.18123354835013344,0.19399093842770973,0.19383323264261323,0.19399379171490277,0.19287292919383703,0.1940369566221555,0.19339762984650385,0.19408918978387074,0.19275811282344504,0.19408702917366544,0.1940740513115397,0.1940865775863007
0.23366298026092233,0.23366661517509116,0.23172773521575765,0.23355256325329687,0.23288882506320893,0.23364388093897018,0.232090402426886,0.23365306907914102,0.2333328181082023,0.233655910700535,0.23299579842160245,0.21431580803033448,0.19726780513096587,0.18841640688307926,0.16405363871267092,0.15462560591560517,0.2013406664199725,0.1779436300615656,0.25000000000000017,0.2332969512198433,0.23154979850830568,0.192132930533445,0.21299911870833707,0.1867031193947534,0.20674477682515044,0.17871854503427723,0.2147655835317109,0.19102574682110632,0.21963433030779572,0.23158345007006073,0.2327553750769024,0.18172999430091508,0.22670212210346175,0.17522510342242256,0.2152491515283112,0.1809291361000706,0.2098454199142231,0.1979357804705686,0.2073513840199317,0.23234291051584693,0.23272133899925135,0.22703538353449307,0.19186375142695133,0.19999761825988546,0.17071403501756532,0.16745329331403072,0.2010245597245914,0.1739803221656288,0.21814806720986685,0.23354497390500714,0.2333556009180194,0.2335488982200721,0.23219958139270203,0.23360086465058194,0.2328334980677029,0.23366374842527132,0.23206532903862118,0.23366114726708123,0.23364534422937486,0.2336606036309105
0.2495885690953661,0.24959246170819727,0.24751861112480233,0.24947059724217877,0.24875480039087697,0.24956821230309503,0.2479317014308792,0.24957802104543028,0.24923953186784809,0.24958102649870745,0.24887204924097103,0.22903873854027484,0.21063277724590831,0.2002605756053493,0.176055741422602,0.1651001033847066,0.2159458284312176,0.19375244664630542,0.2332969512198433,0.2500000000000003,0.24733734794543974,0.20478214979147052,0.22759902735968954,0.19883014310031055,0.220558282648615,0.19101632445026603,0.22917833477729535,0.20410024923138,0.2345517296280119,0.24736407829679577,0.24861224365693266,0.19413144868733892,0.24207170065638742,0.1871644507438458,0.22992015909081406,0.1933000057352796,0.2242110735778922,0.2114248928336503,0.22154031656608858,0.24817850734049654,0.24858305888504525,0.2425105687273845,0.20494301801235124,0.21364139830665524,0.1823159358338161,0.1788206738383965,0.2146835938075534,0.1858432917346263,0.23302198945092753,0.24946214840155323,0.24926024000421704,0.24946671177227875,0.24802525835890912,0.24952222005934427,0.24870141417938488,0.24958938963682192,0.24788178488902193,0.2495866111882399,0.249569710874988,0.24958603048320321
0.24770571115357956,0.24770957471374355,0.24564997022908938,0.24758862717382607,0.2468777932171884,0.24768551271529546,0.24606273119035002,0.24769525579758797,0.24735971417874594,0.24769822712242795,0.24699455322040362,0.22728614405839276,0.20905611324371032,0.19861259837624848,0.174796841158133,0.16359320848474174,0.21435544653801078,0.19212526904310084,0.23154979850830568,0.24733734794543974,0.24999999999999994,0.20289463641933314,0.2258717050240514,0.19733243924096974,0.21880412309841338,0.18956892091324773,0.22739808583968477,0.20253180080473798,0.23276294458308985,0.24549724334211614,0.24673482482464434,0.19266390650152082,0.24024337459727524,0.18574745578550253,0.22820357192690696,0.19186021319458232,0.2225493634803583,0.2098292852576116,0.21988880310244951,0.24630626530135152,0.246707837345765,0.24068185881166707,0.20339645279429272,0.21203136638999767,0.18093501428246464,0.17745290084660878,0.21305538509230096,0.18443898445390172,0.2312650413124004,0.24758015194164024,0.24737985892906364,0.24758477312518576,0.24615415903987747,0.24763986267500349,0.24682501387926115,0.24770652551015906,0.24601179085989827,0.24770376802041952,0.2476869892232238,0.24770319169231797
0.20512959154982066,0.20513303156462234,0.2033078298005643,0.205031922556219,0.20441889439371563,0.20511233770401138,0.2038086653768402,0.2051208363722229,0.20481694394112557,0.2051233231547073,0.2045132395897375,0.18464381432220067,0.17155399091943863,0.1616174483900212,0.14415626481648025,0.12995137456296327,0.1759045880387405,0.1575096025490308,0.192132930533445,0.20478214979147052,0.20289463641933314,0.2500000000000002,0.18314603330338147,0.16230219396875722,0.18084381896359583,0.1545500761242045,0.18798037289922714,0.16523278187141305,0.19285379053104046,0.20329509041491475,0.20431478724387805,0.15958648848116985,0.19870413143825527,0.1538046435337889,0.18861302246924372,0.15885678990472316,0.18403737031586478,0.17380419141848974,0.18204232510207832,0.2039711981459661,0.20430415625926934,0.19931482590187025,0.16847593884506581,0.17561630608359172,0.14977452258562132,0.1469925446903329,0.17635651012123732,0.15280277744657433,0.19153194742431245,0.20502506761252565,0.20485974776931476,0.20502944087548985,0.2038441691057918,0.20507506149563107,0.20439756433820708,0.20513026596885137,0.2037260057484174,0.2051279824336548,0.20511406515123579,0.20512750513825928
0.22793392270735874,0.22793747913716803,0.22607464906225708,0.22782621009145004,0.22721940112944916,0.22791548758853888,0.22641920040258784,0.2279242000881791,0.22761849731186654,0.22792703342772533,0.22728044738522205,0.20974166101309968,0.1919365147033208,0.1849295039984961,0.15946111588883152,0.15499864302501512,0.1967516317884964,0.1779862021912214,0.21299911870833707,0.22759902735968954,0.2258717050240514,0.18314603330338147,0.25,0.1771789148749628,0.20332604573933244,0.17557699936232707,0.21094701276539538,0.18781878496873355,0.21431213988145992,0.2259105119508896,0.22707198507759038,0.17721863034844443,0.22057197191491634,0.17081357180289092,0.20993159013409884,0.17609585706880768,0.2047394896764713,0.19285532854013998,0.20226079937392052,0.2266443794353137,0.22701449391928558,0.22139654751679722,0.1870783945140887,0.19474847584020033,0.1665973928129867,0.16307121242876954,0.19621841214349448,0.16961154943821474,0.2127900774266428,0.22781838386667214,0.22763408000106602,0.22782263749720452,0.22650636771428118,0.22787332963347623,0.22712411612519828,0.22793467196146833,0.22637607729550716,0.22793213459906897,0.22791648327702585,0.2279316043486665
0.19917465658416808,0.19917785198958396,0.19745115474650698,0.19908021453088873,0.1985257773783267,0.19915883012331445,0.19800442318150163,0.19916642084894073,0.19886484115605138,0.199168610741341,0.19859612530274512,0.18125372071720056,0.16588374775400036,0.15003085632979662,0.13618901313216866,0.12374128525929844,0.17154349534211064,0.15330007052653175,0.1867031193947534,0.19883014310031055,0.19733243924096974,0.16230219396875722,0.1771789148749628,0.25000000000000017,0.17020715891279906,0.14729067941276544,0.18343174851633334,0.1596076801599743,0.1877010036722524,0.19739084043837668,0.19838724566892676,0.15518881905949572,0.19265468721772072,0.14973884290724634,0.18273164385802415,0.1544233463435129,0.17797581363101939,0.1689767188594854,0.1764107504626471,0.19804901302677103,0.19837097773030712,0.19347349623442212,0.1636548326850143,0.1705650599416041,0.14573570064253935,0.14301477818042851,0.1715003919800565,0.1484000312282115,0.18594623793255435,0.19907502762039608,0.19891264599309108,0.19907741271225043,0.1979267077864464,0.1991217088597926,0.19846864980545495,0.19917531132395394,0.19781395128010193,0.19917309410441406,0.19915967753715677,0.19917263074136735
0.22090570027955103,0.22090915091379804,0.21911633980160972,0.22080130833537218,0.22021869950449122,0.22088783014149124,0.21943835899742795,0.22089614278793016,0.22059323845177736,0.2208990041839264,0.2202711253450311,0.20337635747513536,0.18554928679917393,0.17999589205966887,0.1534583002294841,0.1514683152364198,0.19019502191478396,0.1735514242321678,0.20674477682515044,0.220558282648615,0.21880412309841338,0.18084381896359583,0.20332604573933244,0.17020715891279906,0.2500000000000003,0.1623079059877197,0.20626296299212155,0.18013014176021575,0.20853294512120815,0.21893840191137823,0.22009464863305928,0.17153898401725876,0.2148764530603098,0.1655657646067616,0.2013004455978846,0.17055203524041787,0.19766792998697677,0.18671801809011518,0.19551788239359452,0.21964915125784407,0.2200083264305117,0.21441523710507482,0.1809766962319847,0.18758865852263706,0.1617956256828045,0.15682502180627922,0.1907404821956563,0.16378350171878361,0.2061491504083698,0.22079376534179918,0.22061510044583996,0.22079784433694394,0.2195267979533185,0.22084697389998875,0.22013065823953545,0.22090642624113713,0.2194041607392762,0.22090396713985358,0.22088820383933447,0.22090345340622822
0.19132553201017757,0.19132849180011877,0.18974538026182522,0.19123515563638915,0.19065283849940698,0.19131031003323373,0.19004106860388595,0.19131776828923616,0.19105179790997523,0.19131979527389964,0.19076934256684178,0.17558860831957557,0.16048964621919976,0.1493939870229374,0.12782962506744128,0.10688019644463335,0.16094538425024543,0.14598639231059593,0.17871854503427723,0.19101632445026603,0.18956892091324773,0.1545500761242045,0.17557699936232707,0.14729067941276544,0.1623079059877197,0.2500000000000002,0.17094405372823154,0.1542800792392264,0.17970743820110496,0.1896117469176763,0.19055218975840363,0.14891066651177456,0.18449015643770936,0.14416487917871257,0.17562491911482897,0.1490510130166731,0.17158571197363423,0.16225122044585702,0.16973721185029567,0.1902418329224985,0.19054998183630634,0.18570718777947423,0.15705027838408347,0.16274571031445806,0.14025713948543048,0.13613739066062064,0.16494508708447525,0.14217531494509897,0.1785704776215236,0.1912284024097263,0.19107384681307796,0.19123211952165986,0.19012378286490378,0.19127466970130688,0.19064363196791786,0.19132616076708722,0.19002418001385973,0.19132403097474462,0.19131045559616447,0.19132358600229585
0.22953473015531503,0.22953832097987673,0.22764836262982457,0.22942622330710435,0.22880354618612816,0.2295161319161904,0.22802582375140276,0.22952494806557722,0.2292106457888803,0.2295277815989507,0.22887433969801846,0.2109042269789894,0.19309042008523775,0.18513424741349513,0.16032273992938195,0.15490663617899475,0.1979190963500617,0.17972290589156129,0.2147655835317109,0.22917833477729535,0.22739808583968477,0.18798037289922714,0.21094701276539538,0.18343174851633334,0.20626296299212155,0.17094405372823154,0.2500000000000002,0.18400598652442554,0.21699025465121452,0.22748018987550564,0.22875451970374175,0.17743165793748056,0.22442474240352184,0.17049042175540657,0.21223538027163646,0.1765678321480468,0.20430610302656318,0.1944026261388969,0.20291071618896206,0.22822610649103628,0.22860560527732346,0.2230761526896114,0.18801556807957243,0.195377587669135,0.16818706655525809,0.16337762040428666,0.1984890187703517,0.17004457504669396,0.21423034666440918,0.22941942404763283,0.2292327763735686,0.22942266081722382,0.22811059392772284,0.2294737106352621,0.22874197404393137,0.22953548467314824,0.22797416746766397,0.22953292944178963,0.22951711517678552,0.22953239551451024
0.2043995178243129,0.20440267629461897,0.20270421529111335,0.20430297343953105,0.20366450584023235,0.20438295019703864,0.20300829583124755,0.20439100193983742,0.20410247608385,0.20439337482485287,0.20381400431421592,0.18738432824083615,0.17230928393885706,0.1606849256533362,0.14342813559450493,0.126142794205981,0.17664350937476236,0.14881664104194972,0.19102574682110632,0.20410024923138,0.20253180080473798,0.16523278187141305,0.18781878496873355,0.1596076801599743,0.18013014176021575,0.1542800792392264,0.18400598652442554,0.2500000000000001,0.18937329121252908,0.20259694469288045,0.2035923745824865,0.15972382906384208,0.19733765990501587,0.15425435587724298,0.18718558650438413,0.15814571160251012,0.18355249617007202,0.17291979221885004,0.18168376135557546,0.20324599276488764,0.2035747820632988,0.19849251006395213,0.16785006635481745,0.17527079772097415,0.14914312797381857,0.14704065006648714,0.17569206663074063,0.15243432621902275,0.19082191940988205,0.20429736891057837,0.20413063550671923,0.20429972362379833,0.20311655543801077,0.20434518122588144,0.20367214706701514,0.2044001897016044,0.20299866382647802,0.20439791436561128,0.2043842078798406,0.20439743883846853
0.23490836422629663,0.23491202891258517,0.23296647575176704,0.23479733410598297,0.234131661647448,0.23488921744222027,0.23335002768746008,0.23489839583425723,0.23457856671494368,0.23490125938095974,0.2342338022186093,0.21567713257429225,0.19810951316069703,0.1889970857482784,0.1652261438846067,0.15649440873350823,0.20296631817910205,0.18340616849578936,0.21963433030779572,0.2345517296280119,0.23276294458308985,0.19285379053104046,0.21431213988145992,0.1877010036722524,0.20853294512120815,0.17970743820110496,0.21699025465121452,0.18937329121252908,0.24999999999999994,0.23269518057457841,0.2340512902841388,0.18186028855422084,0.2283704789392099,0.1751948623378331,0.21637388397952045,0.181549062286596,0.2099477246329263,0.19959731499753158,0.20709967738250057,0.23357259052698412,0.23395526101579622,0.22816930311792802,0.19245753945796693,0.19972555149098967,0.1721286674168907,0.1669266401755932,0.2029432285231181,0.17406817998628682,0.21924069607446073,0.23479009427039849,0.2345993428156453,0.2347936715296736,0.23344553732251352,0.23484591588941622,0.23408939587704636,0.23490913632429775,0.23331092594184466,0.23490652128655296,0.23489011541811436,0.23490597492925094
0.24773394210277572,0.24773780555411487,0.24567965484481258,0.24761684771934786,0.24690615513015318,0.24771373508282918,0.24608920899794343,0.24772346963717018,0.24738733846105515,0.24772645515378275,0.2470227541248086,0.22734192284392907,0.20906643348383525,0.19879293031457373,0.17472567677219952,0.1638935573192166,0.21432695704830224,0.19235228903596086,0.23158345007006073,0.24736407829679577,0.24549724334211614,0.20329509041491475,0.2259105119508896,0.19739084043837668,0.21893840191137823,0.1896117469176763,0.22748018987550564,0.20259694469288045,0.23269518057457841,0.25000000000000006,0.24676655897076347,0.1926833054256063,0.24027145301829642,0.18577849740789124,0.22818505633007197,0.19185874630893235,0.22251444638593051,0.20984842009875565,0.2198843867657779,0.24633444840401666,0.24673583690136053,0.24070490773897893,0.20342113255784,0.2120372038895132,0.18097141482353873,0.1774949826573895,0.2130992250829181,0.18445764446260923,0.2312891171191949,0.24760853382276007,0.24740805274451957,0.24761299023606667,0.24618221159971607,0.24766808603787413,0.24685352727693366,0.2477347565384505,0.2460399432117991,0.24773199873833784,0.24771521841127656,0.24773142235437143
0.24898428976649836,0.2489881727624593,0.24692005014549237,0.24886660461751872,0.24815280832118664,0.2489639825176475,0.24733130918657478,0.2489737624181065,0.24863586294683768,0.24897676479737268,0.24826949903843984,0.22849605712147342,0.21011107551223512,0.19981904136149456,0.1755739128792633,0.16476368654070478,0.21539196242215033,0.1933572045122482,0.2327553750769024,0.24861224365693266,0.24673482482464434,0.20431478724387805,0.22707198507759038,0.19838724566892676,0.22009464863305928,0.19055218975840363,0.22875451970374175,0.2035923745824865,0.2340512902841388,0.24676655897076347,0.25,0.19346050197389877,0.24150889366359835,0.18670107467220562,0.2293501064884283,0.1928072245702533,0.22361887887409732,0.21090804870976496,0.22096314807861014,0.24757748530630252,0.24798090872418815,0.24192332671100475,0.20443752280057703,0.21307468438950536,0.18190298022578807,0.17836553511005757,0.21420523898414986,0.18536465174959108,0.23245199733874145,0.24885838494648743,0.2486567554601687,0.2488627273327094,0.24742499722515532,0.24891810123780722,0.24810026359560114,0.24898510830350393,0.2472820993967153,0.2489823365846525,0.24896546955246565,0.2489817573005737
0.19442177864399604,0.19442481190107044,0.1928128674030615,0.19432988299652976,0.19377929640515265,0.1944059303247239,0.1931302921779562,0.19441353948497003,0.19415005605104727,0.19441590025483751,0.193863606306295,0.17847777267344017,0.16402909248466246,0.15642858787671793,0.13696783425108516,0.12942543488835867,0.16812048979622518,0.15134995826153175,0.18172999430091508,0.19413144868733892,0.19266390650152082,0.15958648848116985,0.17721863034844443,0.15518881905949572,0.17153898401725876,0.14891066651177456,0.17743165793748056,0.15972382906384208,0.18186028855422084,0.1926833054256063,0.19346050197389877,0.25000000000000044,0.18695231513910965,0.14293895577819613,0.17899913268786904,0.14873355634624472,0.17500535357293173,0.16285987160331017,0.17375274947399602,0.19330030677328092,0.19361375273802225,0.1874538981596254,0.15784104207065386,0.16350631709326172,0.14284581490352083,0.13558618061129046,0.16799903029066401,0.1432961871682677,0.18157011902575768,0.19430700644026172,0.19416601811157458,0.1943268539958061,0.1932115436452263,0.19437009408041556,0.1937048613564328,0.1944224178267686,0.1930861695636716,0.19442025358326737,0.19440409264709957,0.19441980114360852
0.24243540179469894,0.24243918614749296,0.24042132312867007,0.24232079861151828,0.241623978923475,0.24241566460684077,0.24083441275861683,0.24242518823041692,0.2420953155224848,0.24242807878156986,0.24173884229248044,0.2223988027513555,0.20447414978816583,0.19380101955618323,0.17084870846493921,0.15930330117988545,0.2097603788050127,0.18769080678663191,0.22670212210346175,0.24207170065638742,0.24024337459727524,0.19870413143825527,0.22057197191491634,0.19265468721772072,0.2148764530603098,0.18449015643770936,0.22442474240352184,0.19733765990501587,0.2283704789392099,0.24027145301829642,0.24150889366359835,0.18695231513910965,0.25000000000000033,0.17998231919094254,0.2236187632349114,0.18758273084589205,0.21815218766574732,0.20569483326224416,0.21502165290118225,0.24106465805438512,0.24146097142495557,0.23585665403036477,0.19895858436397643,0.20859176431703894,0.17691282729324986,0.1739831884849993,0.20855000071737037,0.18024449360092684,0.22635985740041883,0.24231468131950437,0.2421164786425554,0.2423170362197987,0.2409287970461067,0.24237095533038883,0.24159270580322573,0.24243619908509206,0.24077707354291397,0.24243350015799375,0.24241797310025995,0.24243293593874224
