x1,x2,x3,x4,x5,x6,x7,x8,x9,x10,x11,x12,x13,x14,x15,x16,x17,x18,x19,x20,x21,x22,x23,x24,x25,x26,x27,x28,x29,x30,x31,x32,x33,x34,x35,x36,x37,x38,x39,x40,x41,x42,x43,x44,x45,x46,x47,x48,x49,x50,x51,x52,x53,x54,x55,x56,x57,x58,x59,x60
0.25000000000000006,0.24942409938847193,0.24392455647523448,0.24905628537720817,0.2444523743934921,0.24721871640349763,0.23893822490013603,0.24356898765050178,0.2364906166322067,0.24975441787306638,0.24609858326030837,0.0032466434746504067,-0.007456800015022327,0.11350479808595172,-0.09585833018850658,0.2004383395459026,-0.16177652977589882,0.2122735172502028,-0.18398276810698647,0.23359279480596015,0.2425243338173057,0.04151714915478593,-0.041735995111694985,0.04989005271304576,-0.04447715721040285,0.05833667832615426,-0.0342859430899261,0.06410073082084242,-0.05110468628393928,0.2466229300058354,0.24700565624194087,-0.05532281998456218,0.0634636792084359,-0.05206621119382645,0.055947621828937595,-0.04831765499790435,0.07066017345741962,-0.0395110666872086,0.05671446152077174,0.2353059873190327,0.2455772795434583,0.10102204847564397,-0.10522253699060123,0.17968936806484992,-0.14617064491898416,0.22294450611789976,-0.16976158504501668,0.2203966131840581,-0.16652475340790324,0.2216929357929127,0.24959547346913208,0.2494106226978909,0.24408915226475372,0.24797198015541508,0.23561373794504284,0.24260756180243712,0.23014430506407327,0.2378923737837575,0.23502339674856546,0.24975655977074368
0.24942409938847193,0.25000000000000006,0.24382614173457823,0.24895918387394184,0.2443530977174222,0.2471249054908091,0.23886296492534184,0.2434664528755042,0.23638712515826116,0.2496571807330013,0.24600142887834248,0.002875541249113578,-0.007093547316652581,0.11327394179570327,-0.09563435636827836,0.20029973330531742,-0.16163363177033646,0.21215138933168562,-0.18385663931843912,0.23348868025506408,0.24241975211118283,0.041913154010224114,-0.04213530390258442,0.05028885705792873,-0.04487536401128052,0.05873238251799402,-0.03466833123510254,0.06449542641247663,-0.051493352783260185,0.24653348405098746,0.24691527500099505,-0.05567815213871674,0.06383281791514048,-0.05246195992855507,0.056342082558176805,-0.04871514394971358,0.07106110398868985,-0.03989159637906536,0.05710014467705961,0.23519413613805976,0.24547942106666693,0.10127051913259684,-0.10545658485347417,0.17977047915263059,-0.14624048607259554,0.22290782526434155,-0.16966693649363693,0.2203023425196187,-0.16637688436217163,0.22156819089576116,0.2494982343720397,0.24931324757275675,0.24399970455003456,0.24787324268450592,0.23550331664341795,0.24250321476819758,0.2300283280065259,0.23778324682621024,0.23491274073007665,0.24965932729293255
0.24392455647523448,0.24382614173457823,0.25,0.24345652342963875,0.23896703819763565,0.24162449389974733,0.2336022027036285,0.23803704098034473,0.23107144968249096,0.24415608914927472,0.24054238726361857,0.005154229532199429,-0.010882722378139236,0.11109490205456937,-0.09343042347553072,0.19584074198443474,-0.1574692850640102,0.20717609345161245,-0.17909833915116774,0.22806726692372448,0.23710720869124277,0.03963691687619215,-0.0398714750531527,0.047975270463797286,-0.04269596480527975,0.05643668418651927,-0.032947197426321545,0.06251714956107812,-0.04975201897367153,0.241109370630737,0.24145899154892425,-0.053372809010405295,0.06130802431006063,-0.05017791005323486,0.053971683832565835,-0.04652216557615845,0.06862515799764717,-0.03826241670468617,0.055228895301424843,0.2300648638296591,0.24007801764999565,0.09821398609946747,-0.10235153545920114,0.17540105995856592,-0.1426940263815169,0.21788927334252214,-0.166044912049563,0.21549797500383638,-0.16295593431215888,0.21678829691340087,0.24400077451989988,0.24382040536035596,0.23860839015413685,0.2424171931813919,0.23036398719829995,0.23718590900167028,0.22503019643139968,0.23258743747059282,0.2297878874813411,0.24415813948493947
0.24905628537720817,0.24895918387394184,0.24345652342963875,0.24999999999999994,0.24398148898138003,0.2467612570013078,0.23852074631845668,0.24309977816073186,0.23602660052209212,0.24928776833388247,0.24563603618466975,0.002586051559473892,-0.006805700314534317,0.11296046235523888,-0.0953432770973075,0.19995362275429285,-0.16132102494587378,0.21180192401322762,-0.1835339806897371,0.23313119033006383,0.24205307864922304,0.04217322420534365,-0.042397899777123785,0.05054230960649198,-0.045134793613312164,0.058975439319858367,-0.03492891268486378,0.06473532704577181,-0.051742627332178576,0.24617383562489542,0.2465544679932052,-0.05589163178055004,0.06404757680842807,-0.052711155912140914,0.05658570613770658,-0.04897014764076112,0.0712949515136164,-0.040146289178369515,0.05734038166774731,0.2348302126102615,0.24511443378532285,0.1013466132040371,-0.10551650528264812,0.17962328243972595,-0.14612391284710932,0.2226176032141977,-0.1693937541629122,0.21996993879004814,-0.1660656395493163,0.2212101368137359,0.24912900721194187,0.24894413056708686,0.2436430588165351,0.2475047450439756,0.2351401606681452,0.24213661242645965,0.22966723304386524,0.23741842808697788,0.23455009562698137,0.24928991631814718
0.2444523743934921,0.2443530977174222,0.23896703819763565,0.24398148898138003,0.25,0.2421455826460086,0.23436280482085736,0.23866662713401524,0.23153288969737887,0.24468073748849042,0.24114618386914938,-0.0002817204717111293,-0.004061576618228741,0.11007509192092668,-0.09939970723430662,0.19674381380473896,-0.15862489370958294,0.20759364619583975,-0.1795639727295203,0.22860637479363516,0.23749586276789234,0.04479275637193817,-0.04501799605809514,0.05294311816592127,-0.047592398211689924,0.060698684813212195,-0.03713534348101652,0.06652088688683787,-0.053739916769622836,0.24170698461976936,0.24204137108805898,-0.05767366909571044,0.06581322767193011,-0.054876807977192424,0.058682256040052,-0.05121029006274296,0.0731052078737383,-0.042280988756223846,0.05922845241362967,0.23033791015604257,0.24056793135377882,0.10161940455380387,-0.10561524784307771,0.17742431214640747,-0.14436293069563275,0.21887614411429843,-0.16604016332032004,0.2158326065323126,-0.16236291449806495,0.21683212226641232,0.24452441806994576,0.24434139249238482,0.23918134557826243,0.24291413225765354,0.23065366585243618,0.23758717627052953,0.2252239516895013,0.23290634911101368,0.23007081110774674,0.24468287358421265
0.24721871640349763,0.2471249054908091,0.24162449389974733,0.2467612570013078,0.2421455826460086,0.2500000000000001,0.23662899721045372,0.2412651845552813,0.23420212109109184,0.24744947122663075,0.24381722080446325,0.0007559461263427436,-0.0049896612067286275,0.11115138811101646,-0.0936292739433864,0.1981301977750006,-0.1594895689863518,0.20996994479062395,-0.18178591381650017,0.23131970761391976,0.24021655623078597,0.043940796533694516,-0.044183177114958394,0.05229253820767291,-0.04691226341559653,0.06068496022283956,-0.03670294065827126,0.06646693990921435,-0.053507517893367385,0.2443985809219748,0.24476580212737126,-0.057390453498118624,0.06557363807244232,-0.05444196524606093,0.05828908596958892,-0.05073147632491529,0.07298890250152064,-0.04190883809510761,0.05905842535803116,0.23299514487490647,0.24329569408973276,0.10205824531878105,-0.10613347556114004,0.17906766528586773,-0.1456940472399006,0.2212351691158709,-0.16800462180212203,0.2183085049746902,-0.16442067508704772,0.2193827506127647,0.24729155057862648,0.247106974169291,0.24187481891392537,0.24566838531592125,0.23331082974620973,0.2403005428142282,0.22783907368697376,0.23558337503480975,0.23272277699273994,0.247451627707685
0.23893822490013603,0.23886296492534184,0.2336022027036285,0.23852074631845668,0.23436280482085736,0.23662899721045372,0.2500000000000001,0.2329767148588043,0.22654567934356745,0.23916670483937102,0.2357684867971441,-0.006665596955481378,0.002232138632636695,0.10368985391461691,-0.08628379434539515,0.1908164700479094,-0.17045933499998678,0.20530036531827162,-0.1800813324465236,0.2236262481499569,0.23196375152819423,0.051171589054202514,-0.0514818550146873,0.05941991037411544,-0.05413937789229802,0.0671132594482468,-0.04341781503336474,0.07046450877062613,-0.05820028566053384,0.23653111993033432,0.2366934042574553,-0.0635596804951107,0.07181007355678315,-0.06134695402517107,0.06507135144903405,-0.057734518862383524,0.0784712025937677,-0.04761086921569672,0.06362732932764739,0.2247781355165212,0.2350991175243871,0.10482483993044973,-0.10846156818002403,0.17622553941974223,-0.14339234787026467,0.21476870779576848,-0.16163254604340663,0.21071829066022044,-0.15709714193726887,0.21124052050021708,0.2390126858477085,0.23883001140374263,0.2338939979262036,0.23739983344009555,0.22511212249542267,0.2320519415695996,0.21966353061399158,0.2273556306687558,0.22453326735505189,0.23916882064013958
0.24356898765050178,0.2434664528755042,0.23803704098034473,0.24309977816073186,0.23866662713401524,0.2412651845552813,0.2329767148588043,0.2500000000000001,0.23054071415238198,0.24379625964099738,0.24020201150644427,-0.002960558615506981,-0.001314350752602531,0.10742188179472134,-0.0900287970011835,0.19447965558652291,-0.15595699745179303,0.20634281876309551,-0.17825813278215744,0.22769102276231928,0.23656278298830424,0.047614147479848,-0.04789506947596561,0.05594803411563104,-0.05062070551535739,0.06425550507530034,-0.04039926901523695,0.07006517008749782,-0.057184430636444496,0.2408920413939643,0.24121365649814133,-0.06052543106791951,0.06877082293396937,-0.05806003999139545,0.06185283719617868,-0.05441102899555763,0.07653975748076351,-0.04558159534908542,0.0626436562634018,0.22933963508291924,0.2396804654853452,0.10359135809287685,-0.10747320693817201,0.17802600151520037,-0.14489271009876414,0.21850962069474705,-0.16523206195819803,0.21500295334675687,-0.1611157745973294,0.21573467183019274,0.24363996873620258,0.2434558994543164,0.23836309003070066,0.24201806769061782,0.22966739138496955,0.236647490130262,0.22419466644830013,0.23192949956310294,0.22908312879913595,0.24379842216355277
0.2364906166322067,0.23638712515826116,0.23107144968249096,0.23602660052209212,0.23153288969737887,0.23420212109109184,0.22654567934356745,0.23054071415238198,0.25000000000000006,0.2367108832481545,0.23324273326905998,-0.007419578322789013,0.0030425058579384265,0.10298076060873176,-0.08546957675963615,0.18993742270659883,-0.1529105855836463,0.2021866098583346,-0.1927943876461929,0.22122631763698183,0.22954280513576217,0.052038239979300245,-0.052380363967702535,0.060355274461563344,-0.05512952191574216,0.06840663106458258,-0.044867460387925516,0.07398631647464314,-0.06140696306489609,0.234408999213378,0.23428734799484627,-0.064212068450904,0.0725160865244382,-0.062433512314934936,0.0661185796632201,-0.05888646901030111,0.0806520214568429,-0.049944260719127005,0.06673966922086103,0.22239129758981274,0.23268222192226998,0.10473768381103668,-0.10832588894283737,0.17506651987285352,-0.14255827890299383,0.2128933328051866,-0.15990157691735757,0.20850838251254591,-0.15515256505887035,0.20892467831752823,0.2365582068598217,0.23637657496719017,0.23151829197239285,0.23495355333889958,0.22273164851136118,0.22963107550670914,0.21730408523934502,0.22495742926959786,0.2221554469313293,0.23671302682873027
0.24975441787306638,0.2496571807330013,0.24415608914927472,0.24928776833388247,0.24468073748849042,0.24744947122663075,0.23916670483937102,0.24379625964099738,0.2367108832481545,0.25000000000000006,0.24632810167604272,0.0031863708797105193,-0.007401934342367938,0.11358843786313785,-0.09592871802027063,0.2006190950953257,-0.16192357434265384,0.2124681385999429,-0.1841526011426237,0.23381165675566318,0.2427491268663166,0.04161916621785538,-0.04183853036453557,0.04999947081035363,-0.04458108646038763,0.05845293581576866,-0.03437627348935475,0.06422067346764605,-0.05121051189690968,0.24685354774439752,0.2472370376013623,-0.05543143500082191,0.06358235095125407,-0.052176941859181834,0.05606200380299109,-0.04842482363646459,0.07078825118048994,-0.03960497702286872,0.05682541062268111,0.23552257809119617,0.24580611078934625,0.10115987534559531,-0.10536230442972265,0.17987976863733748,-0.1463259700914152,0.22315985687980724,-0.1699154368754435,0.2206008226582287,-0.1666676188679879,0.2218941107922886,0.2498283966331751,0.24964334248898923,0.2443177866447819,0.24820307162349506,0.23583084067463606,0.24283250218526625,0.23035515649878296,0.2381119301064602,0.23523987767280052,0.24998964355159098
0.24609858326030837,0.24600142887834248,0.24054238726361857,0.24563603618466975,0.24114618386914938,0.24381722080446325,0.2357684867971441,0.24020201150644427,0.23324273326905998,0.24632810167604272,0.2500000000000001,-0.00019683139020367112,-0.004114281806969409,0.11012539818331855,-0.09447862817714142,0.19762691720905334,-0.16051874749388303,0.2098799075538741,-0.18242216366175132,0.2307375330752874,0.23913136980526128,0.043867418316012534,-0.044059068157747294,0.05192176740004365,-0.04654801463479372,0.05981741828327368,-0.03604725629918166,0.06476757158468764,-0.052090566688014844,0.24329977518351792,0.24365218749450024,-0.05693612831721592,0.06506539308260818,-0.05390957707001832,0.057740101065108816,-0.0502039514948754,0.07185271135004417,-0.040880727337113246,0.057636132318408764,0.231955909565705,0.24219250486248733,0.10144706817003327,-0.10549825631725117,0.178135513102603,-0.14490338800089395,0.22014901164138298,-0.16719791884124474,0.2172782630526545,-0.16369717912696066,0.2184178512436304,0.2461709176621496,0.2459873572919374,0.2407735485513821,0.24455685558029588,0.23226749892523052,0.2392193432395982,0.22682633851727446,0.23452882080267318,0.23168202431848064,0.24633020469471512
0.0032466434746504067,0.002875541249113578,0.005154229532199429,0.002586051559473892,-0.0002817204717111293,0.0007559461263427436,-0.006665596955481378,-0.002960558615506981,-0.007419578322789013,0.0031863708797105193,-0.00019683139020367112,0.2500000000000001,-0.2369788748463011,0.13405150973777025,-0.11063149470611883,0.02770564705351311,0.020510592208135975,-0.014821849456358432,0.045059195887250846,-0.012038890814421553,0.007877327504713743,-0.2037242006648285,0.20343051766724,-0.19550699808304425,0.19383911375551946,-0.1804107514870411,0.17222800220380216,-0.1458313281200066,0.14875673990068625,0.0003559849368378294,0.00052328337541271,0.17466428657295668,-0.18200295309157336,0.18935905498752545,-0.1894438776258078,0.18898095306358972,-0.1737248997176746,0.15698717749121702,-0.1491054572039304,0.012132463710596219,0.004259723574602979,-0.13268123442126192,0.12616359405875485,-0.06623746791811501,0.05436087411031772,-0.017970429642675662,-0.01792536510409146,0.008583966921954185,-0.04148945112424755,0.02026195059540382,0.0032134700523656647,0.0033045853397767255,0.0006055400431357668,0.004154138800061418,0.011496101594845551,0.007572155894947319,0.014914325236445621,0.010503979005592832,0.011715695764709712,0.0031845511600002837
-0.007456800015022327,-0.007093547316652581,-0.010882722378139236,-0.006805700314534317,-0.004061576618228741,-0.0049896612067286275,0.002232138632636695,-0.001314350752602531,0.0030425058579384265,-0.007401934342367938,-0.004114281806969409,-0.2369788748463011,0.2500000000000002,-0.14269143787374408,0.11911131156050883,-0.033156846856726326,-0.014771965786726567,0.009926324490850647,-0.03991502306572136,0.007688409084430649,-0.011791481152130042,0.1955114014114451,-0.1952900421165253,0.18785377416276522,-0.1863562944248059,0.17305976088800798,-0.16570377130303787,0.1394863784131668,-0.14261168820260858,-0.004625451149775277,-0.004784217551174255,-0.1676651157282537,0.17456522548393721,-0.18184205863695796,0.18185723829805261,-0.18154492024229674,0.16629500583750068,-0.15081696051386748,0.1428307679736791,-0.015794023403686346,-0.00836624599639043,0.12634675991418048,-0.11997715130716446,0.06080753470084013,-0.04990697494844391,0.013470329155192189,0.02015920562332102,-0.012009329271961931,0.04287085048875826,-0.02340972899594057,-0.007425322174518816,-0.007510138896113236,-0.004813800869950486,-0.008305862210635478,-0.015185042511700438,-0.011514681093123787,-0.018387442823367312,-0.01426511208884178,-0.015384994794599205,-0.007400176037767185
0.11350479808595172,0.11327394179570327,0.11109490205456937,0.11296046235523888,0.11007509192092668,0.11115138811101646,0.10368985391461691,0.10742188179472134,0.10298076060873176,0.11358843786313785,0.11012539818331855,0.13405150973777025,-0.14269143787374408,0.25,-0.22570987873130688,0.13890569473121134,-0.09010131515047004,0.09589087783898011,-0.06547428275553098,0.09836830422182878,0.11296567290564637,-0.09373282276485874,0.09360738678158591,-0.08624128121034232,0.08796299822532418,-0.07447306108489131,0.08165426463684053,-0.053676295513593514,0.06140811782959877,0.11060058780336376,0.1108779962331992,0.07255447298616748,-0.07267101128200071,0.08186183462047918,-0.08017416764595232,0.0833894602089003,-0.06493029762302702,0.07091686552866362,-0.05887126618230276,0.1121731138106182,0.11231578838367973,-0.028732096954043298,0.023210023971230485,0.04365898717834558,-0.03534623272830624,0.08979648209775888,-0.08507313976774596,0.10250099497705693,-0.09702517138376024,0.11064571304379628,0.11353269561881213,0.11350138849109284,0.10962260857677349,0.11333645804505164,0.11195125770750862,0.11286222424785847,0.11138715852663751,0.11240492325183671,0.1117925172914076,0.11358846750172304
-0.09585833018850658,-0.09563435636827836,-0.09343042347553072,-0.0953432770973075,-0.09939970723430662,-0.0936292739433864,-0.08628379434539515,-0.0900287970011835,-0.08546957675963615,-0.09592871802027063,-0.09447862817714142,-0.11063149470611883,0.11911131156050883,-0.22570987873130688,0.2500000000000002,-0.14271882118653673,0.09403712800441703,-0.08143356431205319,0.05142993432505197,-0.08129027013061337,-0.09543100477489898,0.07970007528872983,-0.08005351075036403,0.07574796606690044,-0.0775799390772057,0.07349314494134444,-0.07645761541571942,0.05057158815414975,-0.057502047394939415,-0.09324145573311553,-0.09356256949917462,-0.06661366497391265,0.06677697336774864,-0.07462910393153763,0.07320263161895871,-0.07591148959618418,0.061125788905605424,-0.06613756043060433,0.05538391108673799,-0.0950296830345782,-0.09488902722894725,0.028389900366430274,-0.02353956453734436,-0.034751667842257014,0.028130987840899114,-0.0751703128134136,0.07192780817175926,-0.08633974070307629,0.08282521556394434,-0.09399749766461943,-0.09588265197622217,-0.09585924967500402,-0.09249997404377262,-0.0957479068018155,-0.09482033709439261,-0.09545905007264346,-0.09444050975962029,-0.09516901758767075,-0.09468531330454666,-0.0959287323760058
0.2004383395459026,0.20029973330531742,0.19584074198443474,0.19995362275429285,0.19674381380473896,0.1981301977750006,0.1908164700479094,0.19447965558652291,0.18993742270659883,0.2006190950953257,0.19762691720905334,0.02770564705351311,-0.033156846856726326,0.13890569473121134,-0.14271882118653673,0.25000000000000017,-0.19834170532076353,0.18518198151704568,-0.1544206188476682,0.1855136448833886,0.1955262673542948,0.007204270289651576,-0.007012434833369318,0.012942053085571151,-0.007733637576374455,0.011003751523649874,0.0052153623874666875,0.02289301615012627,-0.011510022511265806,0.19756254330038506,0.1979987152267062,-0.01653199210151975,0.022550836195119724,-0.012202715089487757,0.01530121233358837,-0.009113697294837523,0.02687059142457003,-0.001587500378696958,0.016337256672822348,0.19062415542999306,0.19743806408091427,0.059729247072436535,-0.06411061419481001,0.13349459024514276,-0.10863183862097107,0.175590026722794,-0.13671085808972952,0.17576656429647522,-0.13853905759477356,0.18109169398272051,0.20049679507976567,0.20036478433236918,0.1956753922412563,0.1993606922301981,0.1907525663072623,0.1956585123778374,0.18687451208488284,0.1923931112134939,0.19027624089169762,0.2006206956587487
-0.16177652977589882,-0.16163363177033646,-0.1574692850640102,-0.16132102494587378,-0.15862489370958294,-0.1594895689863518,-0.17045933499998678,-0.15595699745179303,-0.1529105855836463,-0.16192357434265384,-0.16051874749388303,0.020510592208135975,-0.014771965786726567,-0.09010131515047004,0.09403712800441703,-0.19834170532076353,0.2500000000000005,-0.1955331020738292,0.166359151469811,-0.14800821384339546,-0.15667949396458777,-0.05312204964244332,0.053295053869013294,-0.05777916242476076,0.052936456929970885,-0.04651320128246648,0.03157864436764394,-0.018536342601261226,0.018594442520817073,-0.16087300968160717,-0.160407429833069,0.05555738559097692,-0.06202209531663635,0.05395745850211323,-0.056518950074757913,0.05109696275320439,-0.0494644747262572,0.023609372405691016,-0.023934184702783048,-0.15179942314270425,-0.15904050701181874,-0.08042695009627018,0.08208783520718363,-0.12310806010693859,0.09950252423613255,-0.1452554943894797,0.10507034205674018,-0.13938062452368744,0.10179214238109667,-0.14217480031082613,-0.1618179645702599,-0.16169058149261492,-0.15847590856706442,-0.16068434935094572,-0.15200982837680901,-0.15690214212816578,-0.14808619499562198,-0.1535881717859663,-0.1515645978246116,-0.16192473168351998
0.2122735172502028,0.21215138933168562,0.20717609345161245,0.21180192401322762,0.20759364619583975,0.20996994479062395,0.20530036531827162,0.20634281876309551,0.2021866098583346,0.2124681385999429,0.2098799075538741,-0.014821849456358432,0.009926324490850647,0.09589087783898011,-0.08143356431205319,0.18518198151704568,-0.1955331020738292,0.25000000000000033,-0.21464173585345478,0.19786950325115912,0.20581016713581787,0.055278008804196754,-0.05573738071580851,0.06289249513809363,-0.05795313373798652,0.06553975903717514,-0.042862602902128594,0.035304264966062655,-0.03278379754226863,0.20953724690519268,0.21039446826072405,-0.06662283809575706,0.07455780548640564,-0.06404659418449553,0.06737947136765,-0.06046107771741491,0.06703838499550907,-0.03592310190670745,0.03970743857655913,0.19937662674999498,0.20874355660800242,0.10083726911789154,-0.1034036066069093,0.15962845357881583,-0.12925474953267235,0.19056544942003512,-0.14036010403490753,0.18487296763495706,-0.136188422295874,0.18698964596927237,0.21233028736546364,0.21216504456089816,0.20788543354832498,0.21086415905775766,0.1996602300425316,0.20598412054559312,0.19464699806349867,0.20170448400560123,0.1991117625714086,0.2124698441506903
-0.18398276810698647,-0.18385663931843912,-0.17909833915116774,-0.1835339806897371,-0.1795639727295203,-0.18178591381650017,-0.1800813324465236,-0.17825813278215744,-0.1927943876461929,-0.1841526011426237,-0.18242216366175132,0.045059195887250846,-0.03991502306572136,-0.06547428275553098,0.05142993432505197,-0.1544206188476682,0.166359151469811,-0.21464173585345478,0.25000000000000017,-0.19847866696284364,-0.17744655022624062,-0.08576835181819638,0.08653146756951119,-0.09331519592211358,0.08880251982509205,-0.09492395647906825,0.07346504833201611,-0.06134646683926677,0.06048276221723532,-0.18304197724893762,-0.18288895878107755,0.09318509727522092,-0.10156857959292087,0.09415961173520163,-0.09707520490836885,0.0910159802492526,-0.09507064547262102,0.06486286980481364,-0.06685582780632227,-0.17093085400483898,-0.18070142879077186,-0.11447921163003913,0.11542375121944771,-0.15229208515197662,0.123527741481516,-0.16952546850216998,0.11871834671898705,-0.15928554606888748,0.11018240845437062,-0.15849830344681712,-0.18402682965272002,-0.18386439761614734,-0.18069108549470203,-0.18255881807741553,-0.17131142373229333,-0.17761444992279013,-0.16625756299468206,-0.17329160681239955,-0.17079308741538277,-0.1841541616414118
0.23359279480596015,0.23348868025506408,0.22806726692372448,0.23313119033006383,0.22860637479363516,0.23131970761391976,0.2236262481499569,0.22769102276231928,0.22122631763698183,0.23381165675566318,0.2307375330752874,-0.012038890814421553,0.007688409084430649,0.09836830422182878,-0.08129027013061337,0.1855136448833886,-0.14800821384339546,0.19786950325115912,-0.19847866696284364,0.25,0.22660556508348706,0.05645808345649815,-0.056840232793317916,0.06477223440145667,-0.05959290478285697,0.07279366596405051,-0.049384774844873545,0.0786994773998252,-0.06609550455305864,0.23071679278713608,0.23148841086183683,-0.0678752845823519,0.07628815682188525,-0.0667911156151387,0.07043664127982625,-0.0633255796598465,0.08510364265712113,-0.054494567939307834,0.07130505811163457,0.21940906198456903,0.2298085108981197,0.10684324527767391,-0.11024101020263398,0.17470390361946128,-0.14232524978964553,0.2109307309683629,-0.1576989768361904,0.2059403013411485,-0.15228035955360514,0.20587754624443055,0.23365993851572664,0.23347787334723144,0.2287469320299696,0.23204783354856198,0.21976561772143946,0.22669262967872514,0.21431079158544444,0.221992091164509,0.21919178310163306,0.23381374499210972
0.2425243338173057,0.24241975211118283,0.23710720869124277,0.24205307864922304,0.23749586276789234,0.24021655623078597,0.23196375152819423,0.23656278298830424,0.22954280513576217,0.2427491268663166,0.23913136980526128,0.007877327504713743,-0.011791481152130042,0.11296567290564637,-0.09543100477489898,0.1955262673542948,-0.15667949396458777,0.20581016713581787,-0.17744655022624062,0.22660556508348706,0.2500000000000002,0.03444936143014368,-0.03467198774186765,0.04282868355383596,-0.037623246223249945,0.05148090177986648,-0.0283316041850167,0.05807095606157201,-0.04535459890153031,0.23962377211147182,0.2400016428844342,-0.04870902507993368,0.05640703585165959,-0.04512196276405998,0.0488905884103555,-0.04149033560254762,0.0636451131212524,-0.03385098914365299,0.050797268646523085,0.22897020113321873,0.23872169085500533,0.09432173281824723,-0.09859118923485637,0.17267186109511629,-0.14044944778401283,0.21609076262719032,-0.16544604284203462,0.21437214143922625,-0.16298383613680015,0.21597893659544962,0.2425954979463913,0.2424185360988463,0.23717044436921755,0.24104535016617606,0.22925074885001182,0.2359322440944437,0.22403518184968016,0.2314358577893772,0.22868335442905896,0.24275116992901127
0.04151714915478593,0.041913154010224114,0.03963691687619215,0.04217322420534365,0.04479275637193817,0.043940796533694516,0.051171589054202514,0.047614147479848,0.052038239979300245,0.04161916621785538,0.043867418316012534,-0.2037242006648285,0.1955114014114451,-0.09373282276485874,0.07970007528872983,0.007204270289651576,-0.05312204964244332,0.055278008804196754,-0.08576835181819638,0.05645808345649815,0.03444936143014368,0.2500000000000002,-0.24689751158761952,0.23901689642648244,-0.23577643953350444,0.2225243761320682,-0.2089160160379678,0.18366435942648815,-0.18471132602468293,0.04439651820937598,0.044252134949380365,-0.21553003031963652,0.22560489487977378,-0.23219906557797232,0.23300429006856557,-0.231086584949056,0.21727881716944014,-0.19218783697910058,0.18611049565895163,0.02845503680745072,0.039597569496480106,0.1744546795570388,-0.16755030396017956,0.11055657303391614,-0.09048565306212954,0.06165113180898442,-0.009927427126327095,0.030117698088423548,0.018442551194641846,0.016410502038350733,0.041557862088539434,0.04141694824817099,0.043624820711046314,0.04015494336494914,0.02926117238166865,0.03515458340211438,0.02424943683812964,0.030844707153401298,0.028898633259939424,0.04162119475409918
-0.041735995111694985,-0.04213530390258442,-0.0398714750531527,-0.042397899777123785,-0.04501799605809514,-0.044183177114958394,-0.0514818550146873,-0.04789506947596561,-0.052380363967702535,-0.04183853036453557,-0.044059068157747294,0.20343051766724,-0.1952900421165253,0.09360738678158591,-0.08005351075036403,-0.007012434833369318,0.053295053869013294,-0.05573738071580851,0.08653146756951119,-0.056840232793317916,-0.03467198774186765,-0.24689751158761952,0.25000000000000033,-0.24166790814586986,0.2384160816196445,-0.22502628281043985,0.21135612215907648,-0.1857981339103327,0.18688550385438651,-0.044648117180705806,-0.044504236653740474,0.21794316084187537,-0.22810234226770407,0.23478315152527052,-0.23559375097359508,0.2336660511656482,-0.21969049737646326,0.19443939857585452,-0.1882796438220796,-0.028533611984923348,-0.03979811590888998,-0.17635271694461377,0.16936434426788383,-0.11163077539052045,0.0913593024990612,-0.062128504698503485,0.00993050727924378,-0.030302283679584333,-0.018780541172663638,-0.01636245526110979,-0.041776657467116646,-0.04163427125700996,-0.04387247212899184,-0.04035887950818064,-0.029349041979839768,-0.03530513580121026,-0.024286885818426432,-0.0309493153147538,-0.02898413069921714,-0.041840566304036465
0.04989005271304576,0.05028885705792873,0.047975270463797286,0.05054230960649198,0.05294311816592127,0.05229253820767291,0.05941991037411544,0.05594803411563104,0.060355274461563344,0.04999947081035363,0.05192176740004365,-0.19550699808304425,0.18785377416276522,-0.08624128121034232,0.07574796606690044,0.012942053085571151,-0.05777916242476076,0.06289249513809363,-0.09331519592211358,0.06477223440145667,0.04282868355383596,0.23901689642648244,-0.24166790814586986,0.2500000000000001,-0.24365823778828125,0.23053487472233633,-0.21626419962832025,0.19117183367843343,-0.19198600247415376,0.05276187925057452,0.05262561945997092,-0.22320546497808674,0.23365903815319017,-0.2401040772567469,0.24104514071882266,-0.23887703625862955,0.22533852190880405,-0.1992337225414918,0.1934945607153936,0.03601744534726712,0.04780050514237991,0.1823045721270763,-0.17532211569482595,0.11880751541805426,-0.09716976109862578,0.0698222913701051,-0.015502435176857756,0.03773912955262612,0.013878415962986898,0.023224229565891066,0.04993167150907106,0.049781155029411106,0.05189451248455554,0.04843954394528925,0.036857393980303736,0.043133450491202416,0.03155523585227736,0.03855726838848322,0.036474887486423635,0.05000153882057297
-0.04447715721040285,-0.04487536401128052,-0.04269596480527975,-0.045134793613312164,-0.047592398211689924,-0.04691226341559653,-0.05413937789229802,-0.05062070551535739,-0.05512952191574216,-0.04458108646038763,-0.04654801463479372,0.19383911375551946,-0.1863562944248059,0.08796299822532418,-0.0775799390772057,-0.007733637576374455,0.052936456929970885,-0.05795313373798652,0.08880251982509205,-0.05959290478285697,-0.037623246223249945,-0.23577643953350444,0.2384160816196445,-0.24365823778828125,0.2500000000000003,-0.2350932649862853,0.22099982100440718,-0.19127863142062712,0.1921979884086124,-0.047400795816898454,-0.04724700698181591,0.2205466887728198,-0.23091828007108273,0.23755405146577574,-0.23841331210056269,0.2365057660017424,-0.22256280107825635,0.1993097859578234,-0.1932610994093558,-0.030871094614852344,-0.042485056759435466,-0.1789806329632019,0.17195707055525195,-0.1143971722976044,0.09348400716181461,-0.06489017834131262,0.013369738637881759,-0.034448948721125874,-0.01619687766872645,-0.018393947330657544,-0.04451662095383098,-0.04436985038183441,-0.04657417725714496,-0.04305758890065728,-0.03171909606819994,-0.03786095138150389,-0.026592809243279128,-0.03338049711825088,-0.03137607165684657,-0.04458309569480571
0.05833667832615426,0.05873238251799402,0.05643668418651927,0.058975439319858367,0.060698684813212195,0.06068496022283956,0.0671132594482468,0.06425550507530034,0.06840663106458258,0.05845293581576866,0.05981741828327368,-0.1804107514870411,0.17305976088800798,-0.07447306108489131,0.07349314494134444,0.011003751523649874,-0.04651320128246648,0.06553975903717514,-0.09492395647906825,0.07279366596405051,0.05148090177986648,0.2225243761320682,-0.22502628281043985,0.23053487472233633,-0.2350932649862853,0.25000000000000017,-0.22544139311165673,0.19824351713524438,-0.1981273616287653,0.06112219601764529,0.06083109071838744,-0.21376773634224208,0.22428100027990341,-0.23038123313573525,0.2314225435116413,-0.22928946859007568,0.22704565281011918,-0.20384520518223853,0.19946174473765962,0.044359426896530156,0.05620563677829395,0.1771744911559918,-0.17090897802393806,0.12123753153027547,-0.09936715877612765,0.07684341736889881,-0.024881033674828166,0.04803111547691962,0.004085917601679577,0.031556723207929446,0.05838095374444235,0.05822813445985103,0.06003095490561669,0.05687648007601462,0.04521689283240874,0.05154888098228476,0.03997402615270856,0.046948143987780806,0.044869926092122085,0.05845505727707093
-0.0342859430899261,-0.03466833123510254,-0.032947197426321545,-0.03492891268486378,-0.03713534348101652,-0.03670294065827126,-0.04341781503336474,-0.04039926901523695,-0.044867460387925516,-0.03437627348935475,-0.03604725629918166,0.17222800220380216,-0.16570377130303787,0.08165426463684053,-0.07645761541571942,0.0052153623874666875,0.03157864436764394,-0.042862602902128594,0.07346504833201611,-0.049384774844873545,-0.0283316041850167,-0.2089160160379678,0.21135612215907648,-0.21626419962832025,0.22099982100440718,-0.22544139311165673,0.2500000000000002,-0.2186835380692643,0.21934740454559465,-0.03735335236368152,-0.03689347461441915,0.19919590871545823,-0.209471025487133,0.21632256201934083,-0.21703155895906776,0.21694771781653208,-0.21325523216000952,0.22181107594491556,-0.21552694086593863,-0.02056900862119725,-0.03262764489329873,-0.1602466496264417,0.1538435493539375,-0.10065412893028415,0.0812281678299247,-0.05520705870722232,0.028739979073814422,-0.04683621278001954,-0.004842407119169784,-0.00883255480021858,-0.0343162024078719,-0.034171824417360365,-0.03629650004792177,-0.03288028546208239,-0.02161496880423748,-0.027761437735142513,-0.017473538194351674,-0.02334193912621483,-0.021677355424571616,-0.03437807622860648
0.06410073082084242,0.06449542641247663,0.06251714956107812,0.06473532704577181,0.06652088688683787,0.06646693990921435,0.07046450877062613,0.07006517008749782,0.07398631647464314,0.06422067346764605,0.06476757158468764,-0.1458313281200066,0.1394863784131668,-0.053676295513593514,0.05057158815414975,0.02289301615012627,-0.018536342601261226,0.035304264966062655,-0.06134646683926677,0.0786994773998252,0.05807095606157201,0.18366435942648815,-0.1857981339103327,0.19117183367843343,-0.19127863142062712,0.19824351713524438,-0.2186835380692643,0.2500000000000002,-0.23509008966647618,0.06708649971723381,0.06599968846580628,-0.17539148395594514,0.18580076908605786,-0.1921657425258603,0.19330159306373274,-0.19282585105405806,0.20521872514004091,-0.2157802016103243,0.22808659167108605,0.05002981178694176,0.06222810130917456,0.14900669660252464,-0.14458873625924312,0.11147366153664374,-0.09085049946096668,0.08003123160814486,-0.054005893591883174,0.07599125343987106,-0.02276677265498922,0.03798295486459506,0.06414605193787414,0.06399317367322502,0.06508556162387306,0.06265889105996963,0.05106856385695633,0.05742623828075927,0.04682473093926327,0.05289212122061125,0.0511114582751956,0.06422282277038785
-0.05110468628393928,-0.051493352783260185,-0.04975201897367153,-0.051742627332178576,-0.053739916769622836,-0.053507517893367385,-0.05820028566053384,-0.057184430636444496,-0.06140696306489609,-0.05121051189690968,-0.052090566688014844,0.14875673990068625,-0.14261168820260858,0.06140811782959877,-0.057502047394939415,-0.011510022511265806,0.018594442520817073,-0.03278379754226863,0.06048276221723532,-0.06609550455305864,-0.04535459890153031,-0.18471132602468293,0.18688550385438651,-0.19198600247415376,0.1921979884086124,-0.1981273616287653,0.21934740454559465,-0.23509008966647618,0.25000000000000033,-0.05426174346777444,-0.05318326650386933,0.17582965079825677,-0.1861510544793363,0.1930191796946003,-0.19395462522582432,0.19409230512165176,-0.2071250609296017,0.22707736459519853,-0.23926986799393313,-0.03717658437184117,-0.04942417643630027,-0.14629665916623197,0.1415578689702976,-0.10369797584616201,0.08410709086557647,-0.06906631713389447,0.05038843706788354,-0.07013223453694906,0.017322032599393637,-0.02552501216806678,-0.05114219387874709,-0.050993383655921605,-0.05241264809420592,-0.04968512704545942,-0.038283609407163896,-0.0445388539693982,-0.03435884694011745,-0.040082665664765885,-0.03845720912363636,-0.051212464881826084
0.2466229300058354,0.24653348405098746,0.241109370630737,0.24617383562489542,0.24170698461976936,0.2443985809219748,0.23653111993033432,0.2408920413939643,0.234408999213378,0.24685354774439752,0.24329977518351792,0.0003559849368378294,-0.004625451149775277,0.11060058780336376,-0.09324145573311553,0.19756254330038506,-0.16087300968160717,0.20953724690519268,-0.18304197724893762,0.23071679278713608,0.23962377211147182,0.04439651820937598,-0.044648117180705806,0.05276187925057452,-0.047400795816898454,0.06112219601764529,-0.03735335236368152,0.06708649971723381,-0.05426174346777444,0.2500000000000003,0.24418450739989742,-0.058189776374374155,0.06633530744728745,-0.05497679896828602,0.058810562794666274,-0.05123835034377815,0.07350376362590474,-0.042624001242344854,0.05980319320844048,0.23239409160580293,0.2427003082712107,0.10256453704151981,-0.1065942902398638,0.1790290291212257,-0.14563285659646302,0.22077136060645738,-0.16765040393920455,0.21789313481730277,-0.16398506024596451,0.21878345037562802,0.24669581700466042,0.24651129058592083,0.24130870132075277,0.24507248197206946,0.23271234056361362,0.2397030517475142,0.22724428720264336,0.2349845940123694,0.23212783153991737,0.24685564957122497
0.24700565624194087,0.24691527500099505,0.24145899154892425,0.2465544679932052,0.24204137108805898,0.24476580212737126,0.2366934042574553,0.24121365649814133,0.23428734799484627,0.2472370376013623,0.24365218749450024,0.00052328337541271,-0.004784217551174255,0.1108779962331992,-0.09356256949917462,0.1979987152267062,-0.160407429833069,0.21039446826072405,-0.18288895878107755,0.23148841086183683,0.2400016428844342,0.044252134949380365,-0.044504236653740474,0.05262561945997092,-0.04724700698181591,0.06083109071838744,-0.03689347461441915,0.06599968846580628,-0.05318326650386933,0.24418450739989742,0.25000000000000017,-0.05813214674301757,0.06623840532351523,-0.05484215017622883,0.058682423085344826,-0.051086703680482876,0.07295902427712429,-0.041835691643044515,0.058741339417913235,0.2327766859409257,0.24307718454488758,0.1025934849979272,-0.10662530902135396,0.17919192067426928,-0.14574928254763497,0.22104327585296027,-0.16775406949725094,0.2180785471950151,-0.16416993970621024,0.21915731864649346,0.247079177928648,0.24689457752376326,0.24167903835038618,0.24545539378973438,0.23309166837924603,0.2400847854996091,0.22761664416535035,0.23536530344910736,0.2325039965403804,0.24723918188318517
-0.05532281998456218,-0.05567815213871674,-0.053372809010405295,-0.05589163178055004,-0.05767366909571044,-0.057390453498118624,-0.0635596804951107,-0.06052543106791951,-0.064212068450904,-0.05543143500082191,-0.05693612831721592,0.17466428657295668,-0.1676651157282537,0.07255447298616748,-0.06661366497391265,-0.01653199210151975,0.05555738559097692,-0.06662283809575706,0.09318509727522092,-0.0678752845823519,-0.04870902507993368,-0.21553003031963652,0.21794316084187537,-0.22320546497808674,0.2205466887728198,-0.21376773634224208,0.19919590871545823,-0.17539148395594514,0.17582965079825677,-0.058189776374374155,-0.05813214674301757,0.2500000000000003,-0.2387367796861337,0.2280039039509406,-0.22874791035844053,0.22397354252597038,-0.2104926364808955,0.18320843093867567,-0.17739104016914814,-0.041508587673742464,-0.05274394817490265,-0.20328412267615448,0.19513316808417483,-0.1250559305193376,0.09925578325035733,-0.07161448867986615,0.015476569960230955,-0.04140237443971923,-0.010832429348003813,-0.028236842886313257,-0.055359921761975274,-0.055206315434372315,-0.057413221957863206,-0.053842048619520154,-0.04203604769928534,-0.048462149456345936,-0.03660129212870525,-0.043809975218660674,-0.04166063736949088,-0.05543340733775003
