x1,x2,x3,x4,x5,x6,x7,x8,x9,x10,x11,x12,x13,x14,x15,x16,x17,x18,x19,x20,x21,x22,x23,x24,x25,x26,x27,x28,x29,x30,x31,x32,x33,x34,x35,x36,x37,x38,x39,x40,x41,x42,x43,x44,x45,x46,x47,x48,x49,x50,x51,x52,x53,x54,x55,x56,x57,x58,x59,x60
0.25000000000000006,0.2459216751338374,-0.1794105133358224,0.246463251836771,-0.2070739290860924,0.2463534750193952,-0.20668945899529836,0.2464032703866602,-0.15749955131936863,0.2469668390321914,0.17884147184441263,-0.16895211333708351,0.17968004960406433,-0.17694774886968348,0.20396906726149935,-0.19552096313170023,0.2082263910141686,-0.17937137947908652,0.15475643066238964,-0.06326098727522941,0.027474271028955444,0.11574326784611876,-0.11142720715668981,0.13482676136766852,-0.11352080169451141,0.1403167763047263,-0.12362674339957201,0.15336719415713534,-0.1481860520520586,0.18155891159511767,0.11813842415149056,-0.030027418667871564,0.040267751165526854,0.0018538857915388306,0.0085297569252747,0.032419964213029055,-0.01770295245210093,0.060551115836765264,-0.03799847240597705,0.10402204567978768,0.07022359118337307,-0.0480989127701646,0.057976700347075,-0.05564027512416606,0.097024462603716,-0.09217196274846137,0.11835730903792292,-0.09489511126969553,0.08456663470836001,0.0016961876927555583,0.2443979770843337,0.24675792143272224,-0.06458945675902303,0.24626910871917043,-0.10628818045253624,0.2459993688173272,-0.12864229981190436,0.2447092648018482,-0.10231316980202239,0.24697254692905854
0.2459216751338374,0.25000000000000017,-0.18326536705198437,0.24844069237359778,-0.20924368404315968,0.24837985907741403,-0.2088405851515911,0.24845257579000782,-0.15912919763248548,0.24893825826315977,0.18147852062581585,-0.17161249453465016,0.18236964747315823,-0.17961099090461313,0.20643537721070085,-0.19788115885875351,0.21050821123744543,-0.18142146671432777,0.15647304832850614,-0.06419636214518348,0.02700390902065549,0.11780547687233765,-0.11343987206291668,0.13707322336069547,-0.11552894259142624,0.14246888796345877,-0.12561388952208813,0.15544028050848074,-0.15022456451667168,0.18360864043425817,0.11991023415832716,-0.03113433350345035,0.041488396242004164,0.0011029319856782393,0.00939453540031978,0.032009303666516706,-0.017130774261212338,0.060453685484287256,-0.037699687838152474,0.10442858391904576,0.07023403076696012,-0.0478616741675794,0.057849024293555304,-0.055486803273673294,0.09733046809869508,-0.09242452932466184,0.11890038952097115,-0.09518878151850224,0.08486762360329575,0.002033402152843418,0.24635421240068217,0.24872713183548012,-0.064546493821588,0.24823277323998333,-0.10671301813187152,0.24796003772900216,-0.12931668307575467,0.2466556034462864,-0.102822431610276,0.2489440234041512
-0.1794105133358224,-0.18326536705198437,0.25000000000000006,-0.1828282425046336,0.20411054036832327,-0.18253026960279464,0.19378283699794754,-0.18274846078561155,0.14372740868136435,-0.18231462211476485,-0.23043947315733054,0.23371474473899218,-0.2442442902148577,0.24122745736689133,-0.2184298174194369,0.21056359089238685,-0.2023406319836515,0.18150556946475419,-0.15099231026969795,0.08091331863877319,0.03724418743952541,-0.1805351864463234,0.17610132718348634,-0.19919196141546264,0.1779287959648551,-0.19199188714315135,0.1769071654558476,-0.18447793721920142,0.181294302577493,-0.18279350841135045,-0.15648318957758023,0.0948057262177937,-0.10503230225428005,0.06291543232003813,-0.07327356729901903,0.03231352733910831,-0.04700219265244927,0.004161172619965014,-0.02257050425050124,-0.04113925865456263,-0.005661799251208505,-0.01662866380000755,0.006770503593908375,-0.00909513356230183,-0.03229539275425935,0.02747107198600426,-0.05364150700124948,0.03103527065261466,-0.03095386755518474,-0.028484233325228297,-0.18086563287993837,-0.18211506377583636,0.000791402994321926,-0.18161620955636157,0.04290194747539793,-0.18134636474914137,0.06536635188468613,-0.18005550608311433,0.04964718581818359,-0.18231991205061593
0.246463251836771,0.24844069237359778,-0.1828282425046336,0.2500000000000001,-0.21044402384175975,0.24891847930691136,-0.20972423445789815,0.24904537329844204,-0.15983969290619363,0.24947971263389668,0.18218763715866038,-0.17234082526984695,0.18313316579949082,-0.18036858648951654,0.2074099406524547,-0.19878577436624945,0.2114316248760608,-0.18224606572332366,0.15721247766850194,-0.06464257139591037,0.026874215535624697,0.1183726929100141,-0.11399352884922079,0.13770056263942101,-0.11609048237687203,0.1431158981642541,-0.12620890379551603,0.1561508983097594,-0.15091769832572663,0.18435870678584557,0.1203990686478547,-0.03143930733118924,0.04182462997808944,0.0008957074008242584,0.009633546492392035,0.03189542377813614,-0.016971785959227208,0.060425611713237716,-0.037599408907840665,0.1045317557843841,0.07023620424094328,-0.04779573880732399,0.05781320656783142,-0.055443891590756245,0.09741391673763317,-0.09249324201320365,0.11904899134948164,-0.09526838287508943,0.08494844429239906,0.0021326867129560106,0.2468915467020363,0.24926797690683658,-0.06453398386206,0.24877209303730552,-0.1068291601348563,0.24849853370747033,-0.1295014254734149,0.2471901584468543,-0.10296051792945293,0.24948549155851255
-0.2070739290860924,-0.20924368404315968,0.20411054036832327,-0.21044402384175975,0.25000000000000017,-0.21055408432644815,0.22204657434125671,-0.210044318170442,0.17376368445381943,-0.2099325078574666,-0.2017070720534587,0.19772876808561768,-0.2076340214947476,0.20636196754157335,-0.23316878178382827,0.22152097158441778,-0.22703200129346318,0.19970061920318427,-0.173509521446695,0.08739907617932229,0.0056399125375295065,-0.14629585421471913,0.14199996683750102,-0.16501824114148098,0.14406427163470303,-0.16798853362576385,0.15188917446691585,-0.17801489733928447,0.1732435113226845,-0.19487765727056502,-0.1354393460545861,0.0621068979984821,-0.07215628255275329,0.03078263867437564,-0.04097541949645189,0.0007598619025423399,-0.015213190172668279,-0.026860584101598663,0.0053757101992369495,-0.06983217382803598,-0.036448209956498785,0.014641377399195118,-0.024330850907741442,0.02204284945242399,-0.06267771546546233,0.05792669151567024,-0.08362828579067663,0.06101045924299877,-0.05594939520437057,-0.015656751822871885,-0.20797750220586422,-0.20973188054281325,0.03130116356814112,-0.20924690164508647,0.07244884601732815,-0.20898201378941933,0.0944517703576687,-0.207714988004809,0.07384779757761054,-0.20993768188068967
0.2463534750193952,0.24837985907741403,-0.18253026960279464,0.24891847930691136,-0.21055408432644815,0.2500000000000001,-0.21007380420755695,0.24897630693816772,-0.16010951755828315,0.24936871885519588,0.18226312767185857,-0.17244251238964584,0.18322457838229164,-0.18048481079997045,0.2075443536273046,-0.19897272772168353,0.2117008202118539,-0.18250451163882195,0.15749316112825723,-0.06487113233840132,0.02676051286603379,0.11848826430995005,-0.11410884992364806,0.13781650691588376,-0.11620634206494748,0.14327396013882587,-0.12636168821375435,0.15635049903185005,-0.15111268104575679,0.18455479669515776,0.12046936777376281,-0.031553895129600426,0.041939315834813175,0.0007814773547798015,0.00974791395268679,0.03178160510783767,-0.01685771800119705,0.060312105464147274,-0.03747554934365317,0.10441432975265819,0.07012318927829049,-0.04768215963613664,0.05769970902108448,-0.055330386042659704,0.09730093319764654,-0.09238024316384855,0.118936288885546,-0.09515679912503648,0.08485384870368579,0.002186079755347333,0.24678253742083336,0.24915699376410283,-0.0644222425247949,0.24866108614773272,-0.10671865876000904,0.24838752330330427,-0.1293913973239723,0.24707913078259994,-0.10286778645022644,0.24937449381867086
-0.20668945899529836,-0.2088405851515911,0.19378283699794754,-0.20972423445789815,0.22204657434125671,-0.21007380420755695,0.2500000000000002,-0.21004107728547194,0.18519405594726623,-0.20946959230222892,-0.19216431461819422,0.18722337339179349,-0.19702098059333248,0.19627555095013538,-0.2223533012846274,0.22454551229098388,-0.23700808928768613,0.20877626854505377,-0.1839541275426403,0.09457935801487287,0.0016659233951236013,-0.1414424464278895,0.13729333895468981,-0.16025592756740392,0.14441501624541636,-0.1706208735755365,0.15444506029061428,-0.183462925030059,0.1784141095146203,-0.202313361035527,-0.1316361252880183,0.060571215206374596,-0.07038876299666799,0.03131867183672903,-0.04151337885343198,0.001286054566846193,-0.015743213065020276,-0.026342152016299608,0.004257971747256643,-0.06906379623664628,-0.035982063091778246,0.01427233150571242,-0.023811314033317574,0.021522727979931624,-0.062169773650246424,0.057417673164239826,-0.08312681095396078,0.06050758117003548,-0.05549204547074209,-0.01610367284762545,-0.2075243171120902,-0.20926858476830926,0.030791440411760695,-0.20878337919770726,0.07195471486279496,-0.20851841131314264,0.0939654645300653,-0.20725100068021218,0.07340255713403643,-0.20947436807853884
0.2464032703866602,0.24845257579000782,-0.18274846078561155,0.24904537329844204,-0.210044318170442,0.24897630693816772,-0.21004107728547194,0.2500000000000002,-0.16016807578224193,0.24941614928371897,0.1822462495496404,-0.1723913092710957,0.1831750977233514,-0.1804323732938674,0.20749246984453487,-0.1989228596092828,0.21165332614465435,-0.18245643280529852,0.1574460092282663,-0.0648233523318431,0.026810332550961494,0.11843714558641119,-0.11405786996766426,0.13776522196565988,-0.11615592234575257,0.14322398656673227,-0.1263117905130759,0.1563013840541652,-0.15106348033705558,0.18451943070395174,0.12043835492294815,-0.03150391006965812,0.041889228414858586,0.000830918911826784,0.009698391199012899,0.031830789716156396,-0.016907029878295475,0.06036107189107434,-0.03752446113921319,0.1044628524522149,0.07017194252021522,-0.047731227532854414,0.05774869370584538,-0.05537938002827908,0.09734959799983552,-0.09242892618842698,0.1189847782547761,-0.0952048435446635,0.08489431078195385,0.002164573193579347,0.24682912593043574,0.24920441922369949,-0.06447045058300283,0.24870852310568714,-0.10676622577066695,0.24843496245537564,-0.12943870520010253,0.24712658062300777,-0.1029073906652157,0.24942192506170122
-0.15749955131936863,-0.15912919763248548,0.14372740868136435,-0.15983969290619363,0.17376368445381943,-0.16010951755828315,0.18519405594726623,-0.16016807578224193,0.25000000000000017,-0.15959855561771705,-0.14202100353654268,0.13683773392163676,-0.14669851136700685,0.14654040729639495,-0.17229466253633957,0.17776523415334974,-0.18838636204633924,0.20505252335298998,-0.2378859524083461,0.14795105514255835,-0.010796176356414174,-0.10241761330594486,0.0996521506393382,-0.1207759873548207,0.12419148691309839,-0.14702370855713054,0.146235209282287,-0.1743557168033065,0.16973675995445012,-0.188535816358459,-0.093874181572836,0.05218239209472001,-0.059127847827639926,0.03917004898335561,-0.04777525508341408,0.014475220032421281,-0.026672457739774048,-0.008220726402117434,-0.011154645481936726,-0.04301037989871406,-0.016697171473144125,-0.000694041802589951,-0.006358145130263342,0.004471815148370304,-0.03801893930632011,0.034085093057575906,-0.05529852054781733,0.03664612798975494,-0.03450373469704365,-0.019673454623166286,-0.1582252206811365,-0.15943024544990156,0.01231356312566005,-0.15902777458064218,0.046369716568821544,-0.1588090911550322,0.06454335946591644,-0.1577630083177193,0.0494768007820793,-0.159598060353963
0.2469668390321914,0.24893825826315977,-0.18231462211476485,0.24947971263389668,-0.2099325078574666,0.24936871885519588,-0.20946959230222892,0.24941614928371897,-0.15959855561771705,0.25000000000000017,0.1817997583617693,-0.17182994849713687,0.18262270922123136,-0.1798579242661104,0.20692006743193908,-0.19834703658382735,0.21108356751122195,-0.18188157720121353,0.15687743784663938,-0.06425160498057146,0.027381794825012545,0.1178628680772992,-0.11348466779446746,0.13719070087417087,-0.11558149992327518,0.1426489261531911,-0.12573732052777786,0.15572695840347578,-0.15048870219242905,0.18409981992556082,0.1200948067709767,-0.030931117488718185,0.04131638681335874,0.0014030494968737632,0.009126121613465321,0.032402230253903035,-0.01747881465603801,0.06093209053927894,-0.03809531896461209,0.10503296096037702,0.07074116467462636,-0.04830226707377678,0.05831974990165379,-0.05595036853461731,0.09791988289561118,-0.09299905606408575,0.11955463204628575,-0.09576778125008499,0.08536887669547231,0.0019151401040713395,0.24738644073844637,0.24977159915592415,-0.06503301801628131,0.24927579939241357,-0.10732450533092866,0.24900224389008277,-0.1299956614117124,0.2476938889272165,-0.10337336658780723,0.24998918800401948
0.17884147184441263,0.18147852062581585,-0.23043947315733054,0.18218763715866038,-0.2017070720534587,0.18226312767185857,-0.19216431461819422,0.1822462495496404,-0.14202100353654268,0.1817997583617693,0.25000000000000044,-0.2374970467912677,0.23452549704481473,-0.2322162898813666,0.2147858784743103,-0.20700501117258507,0.200273479247396,-0.17910774953169922,0.14853259294695462,-0.07850512755414707,-0.03927850910622836,0.18352252811014386,-0.1790417639637699,0.19865024088845287,-0.17763164493901049,0.18991133171014674,-0.175068825857578,0.18196669246462,-0.17894705702229902,0.1806098148330848,0.1584490335358517,-0.09711978295219266,0.10741409277766732,-0.06498960301926417,0.07522734669370085,-0.03410202525643666,0.04863464486596186,-0.0056559435172002775,0.023588095712432606,0.040156587717646734,0.004027099005274533,0.018411149168418607,-0.008488000035909516,0.010827055424019603,0.030826260329472638,-0.025987169478905458,0.05232498458715239,-0.02973700676773639,0.02993554241815391,0.029051777049463354,0.18036806257704632,0.18159904895536635,0.0008536918214113769,0.18109676874598485,-0.04153498046415443,0.18082520842659394,-0.06415776925714348,0.17952614592266566,-0.04877149742899769,0.1818049445248856
-0.16895211333708351,-0.17161249453465016,0.23371474473899218,-0.17234082526984695,0.19772876808561768,-0.17244251238964584,0.18722337339179349,-0.1723913092710957,0.13683773392163676,-0.17182994849713687,-0.2374970467912677,0.25000000000000033,-0.23918248173328813,0.23724848157059078,-0.2131204788779341,0.2057352748858021,-0.19655231526092995,0.17666332416399153,-0.1451505737617362,0.07879225701184439,0.050542562913178074,-0.19565462662837022,0.19112232321974396,-0.20857981538832684,0.18774377405040615,-0.1966254570753067,0.182224565577645,-0.1846840910382144,0.18212195455037697,-0.1786204011603113,-0.16582135733215933,0.10872432071755779,-0.11907433643211472,0.07641923990627911,-0.08659914201902508,0.04529005680225259,-0.059750616335959496,0.016604201968165505,-0.03352585230190411,-0.029945118517543598,0.006964268493036226,-0.029561092575933524,0.019584299432136753,-0.02193497564820793,-0.01996240761779027,0.015109122616850844,-0.041599083488189324,0.019110952632560053,-0.021074489759278565,-0.03356616944154896,-0.17057918701897515,-0.17162959743500442,-0.011743597400676528,-0.17112267336254441,0.0309627932611954,-0.17084951064041376,0.053744257800646296,-0.1695427452238359,0.04018173862112148,-0.1718350261845055
0.17968004960406433,0.18236964747315823,-0.2442442902148577,0.18313316579949082,-0.2076340214947476,0.18322457838229164,-0.19702098059333248,0.1831750977233514,-0.14669851136700685,0.18262270922123136,0.23452549704481473,-0.23918248173328813,0.2500000000000004,-0.24681236188228403,0.22314214300511725,-0.21505859920862516,0.20640565392320537,-0.18536971718692727,0.1543073849259312,-0.08356623810894077,-0.03996472604902434,0.18521181738264564,-0.18071268704911145,0.20413211236032675,-0.1825415440320028,0.1966224333045843,-0.1813419612180792,0.18874315276947953,-0.18554218300924916,0.18629368169533367,0.1599430599563841,-0.09828798576564378,0.10865517136987368,-0.06594504904839547,0.0764443858448173,-0.034926550697885736,0.049815837125084715,-0.00639174245805219,0.02499848929963944,0.03954801978116359,0.0035709778508738865,0.019029028074425355,-0.00903613955321375,0.011391975416267441,0.03056144199419996,-0.02567237942463353,0.05219807231175261,-0.02931202654154197,0.02956882876020222,0.029801756453411588,0.18119180431402804,0.18242071580738997,0.00133956781228939,0.1819147428610095,-0.041357260819780674,0.18164122615231404,-0.06413070167593457,0.18033279362620597,-0.04854793786185151,0.18262802064847147
-0.17694774886968348,-0.17961099090461313,0.24122745736689133,-0.18036858648951654,0.20636196754157335,-0.18048481079997045,0.19627555095013538,-0.1804323732938674,0.14654040729639495,-0.1798579242661104,-0.2322162898813666,0.23724848157059078,-0.24681236188228403,0.2500000000000004,-0.22288011825091034,0.21519477595707134,-0.20602495435157264,0.18569391627125192,-0.1545151778333636,0.0844653104750221,0.042619555504203537,-0.1878045613506967,0.18330541426995933,-0.20708142446404312,0.1854741098372193,-0.19839367296382143,0.18325057810422904,-0.18991691752806533,0.18680409016511149,-0.18645263937719975,-0.16146619161418807,0.10093590891285925,-0.11129749445218443,0.06861392731701166,-0.07912739867828615,0.03761603729160204,-0.05252404183639622,0.00910381333886431,-0.027517532832016828,-0.036903244857315,-0.0008827230574996678,-0.021714574280389365,0.01172717295178595,-0.014081564289940722,-0.027855095722526615,0.022967603086699293,-0.04948173348579324,0.02662615051771952,-0.02731125396939832,-0.030914265914665097,-0.1784742064937755,-0.17965631584686706,-0.00399420904013857,-0.1791501303790782,0.03870241063236751,-0.1788767203415086,0.06146981103759456,-0.1775687866187495,0.04632220899700705,-0.17986312962108916
0.20396906726149935,0.20643537721070085,-0.2184298174194369,0.2074099406524547,-0.23316878178382827,0.2075443536273046,-0.2223533012846274,0.20749246984453487,-0.17229466253633957,0.20692006743193908,0.2147858784743103,-0.2131204788779341,0.22314214300511725,-0.22288011825091034,0.2500000000000002,-0.2377105410633276,0.23213806669237955,-0.20510676835339206,0.17609745838533325,-0.09184381565639906,-0.015670790963905605,0.16091829261852147,-0.15646564576301683,0.1802430922105557,-0.15863170068192406,0.18309841087874104,-0.16649854863791355,0.18908103276525834,-0.18446111213772487,0.20036625870868022,0.1456770858039788,-0.07399799410069285,0.084371914816439,-0.04165982013295809,0.052184433662545306,-0.010654528276524956,0.02557936822054604,0.01786730941242499,0.0037520109280970142,0.06249016957438852,0.02779448642840829,-0.0052519460016336025,0.015253640483894368,-0.012892852194097741,0.05485330802188602,-0.049951431457548594,0.07648854716811802,-0.053261189218579676,0.049593809549210624,0.02027629825627275,0.20507222391250438,0.20671431433792062,-0.022595868705267533,0.20621199523779282,-0.06514766253848778,0.2059384565286402,-0.08788444345759837,0.2046300127995624,-0.0682199246726156,0.20692533394394472
-0.19552096313170023,-0.19788115885875351,0.21056359089238685,-0.19878577436624945,0.22152097158441778,-0.19897272772168353,0.22454551229098388,-0.1989228596092828,0.17776523415334974,-0.19834703658382735,-0.20700501117258507,0.2057352748858021,-0.21505859920862516,0.21519477595707134,-0.2377105410633276,0.2500000000000003,-0.2365134678462024,0.21238431826756538,-0.1830057683353738,0.0998160918636552,0.018375230991148274,-0.1624743411943481,0.1581463623205657,-0.18190076251257997,0.1670205923410548,-0.1938676557440281,0.17706664644353495,-0.19833741664210094,0.19372320370179766,-0.2062774260387888,-0.14529955644219922,0.07982809018045338,-0.0898962934219155,0.05017313565027351,-0.060695690622121955,0.019174507313154204,-0.03409783349173768,-0.009337676773933068,-0.012368260066157011,-0.053905856276602,-0.01934939470459384,-0.003073222330952387,-0.006725965045787052,0.004367450014002536,-0.04631597167163784,0.04141897961755389,-0.06794600446140785,0.04483271796491212,-0.042478216557593866,-0.024030522683545073,-0.19664838194188516,-0.19814211906606446,0.014190913377325894,-0.19763863100101686,0.05678392209859855,-0.19736516172179003,0.07952829602233888,-0.1960570165631425,0.061222360623945885,-0.19835178745024093
0.2082263910141686,0.21050821123744543,-0.2023406319836515,0.2114316248760608,-0.22703200129346318,0.2117008202118539,-0.23700808928768613,0.21165332614465435,-0.18838636204633924,0.21108356751122195,0.200273479247396,-0.19655231526092995,0.20640565392320537,-0.20602495435157264,0.23213806669237955,-0.2365134678462024,0.2500000000000003,-0.22070837960037273,0.1926361807027603,-0.10174974417327178,-0.006417829965093803,0.1506422398397094,-0.14635193582431158,0.17008229664540195,-0.15413817762271714,0.18119209891845212,-0.16459819342276738,0.19454894168344444,-0.18933978674506835,0.21119603121895308,0.13852963894133558,-0.06746454406042245,0.07757564734054272,-0.037466129020088355,0.04799040901889395,-0.006465509493290256,0.02139122876431299,0.022051144248946216,0.0007443296592116591,0.06614837602608674,0.03202253439953492,-0.009610611113832705,0.019440652111471984,-0.017079323762358527,0.05903546334972811,-0.054132311141292216,0.08066791779987274,-0.05738465550249611,0.05300251380018496,0.018865720513289747,0.2091653110020228,0.21087677001905245,-0.02672081043774761,0.21037514721746772,-0.06924194557339161,0.21010164073911933,-0.0919699379639707,0.2087933675104672,-0.0715642890426918,0.2110884025027134
-0.17937137947908652,-0.18142146671432777,0.18150556946475419,-0.18224606572332366,0.19970061920318427,-0.18250451163882195,0.20877626854505377,-0.18245643280529852,0.20505252335298998,-0.18188157720121353,-0.17910774953169922,0.17666332416399153,-0.18536971718692727,0.18569391627125192,-0.20510676835339206,0.21238431826756538,-0.22070837960037273,0.2500000000000002,-0.21661975621145324,0.12881931227590865,0.0056448657858446894,-0.14210765960666907,0.13875448234721063,-0.162054426834968,0.16501148888200085,-0.18958776264749783,0.18797385584114068,-0.2177891739996757,0.2126380434534599,-0.22603752957863196,-0.12689796002299347,0.07974517098452195,-0.08831654614342127,0.062494468415288044,-0.07285892213514131,0.03201983717854005,-0.04672085136759749,0.003997983598891661,-0.02648933701807076,-0.03931689968910878,-0.0061813957779011846,-0.015298284018041793,0.0065434058758039185,-0.008859929934381455,-0.03238582076562108,0.02757483375176872,-0.053653398969340495,0.031075893152666685,-0.030725339564320126,-0.02981881522530262,-0.1804430345387379,-0.18168071517627046,0.0009891377326395998,-0.18118363969517545,0.042950804940961505,-0.18091474028109114,0.0653350605746401,-0.17962840240095865,0.04934429729507902,-0.18188487701394304
0.15475643066238964,0.15647304832850614,-0.15099231026969795,0.15721247766850194,-0.173509521446695,0.15749316112825723,-0.1839541275426403,0.1574460092282663,-0.2378859524083461,0.15687743784663938,0.14853259294695462,-0.1451505737617362,0.1543073849259312,-0.1545151778333636,0.17609745838533325,-0.1830057683353738,0.1926361807027603,-0.21661975621145324,0.25000000000000033,-0.1572787438675642,0.004050639114345882,0.11215720843971044,-0.10931271422128082,0.13079758610517472,-0.13445274737288496,0.15767816079035768,-0.15689323995426493,0.18545830298606253,-0.18075300078408607,0.1978436847497576,0.10057638039677769,-0.060639886509107815,0.06776672018188307,-0.04730895789110469,0.05613513469270711,-0.02193326720528922,0.03444619301941385,0.0013876681978271723,0.01842477193481066,0.03716088711488234,0.010101228182930308,0.007779355430250467,-0.00054023847748134,0.0024765940104168487,0.03198382890467126,-0.027946916419459296,0.04973586624613141,-0.030676106232040777,0.02957380140195689,0.02325336975854482,0.15559174968273723,0.15670742340569865,-0.005680849860535319,0.15629290692739892,-0.04070841919422937,0.15606826292514356,-0.05938938866170752,0.15499364026211593,-0.045057002646214914,0.15687873576335604
-0.06326098727522941,-0.06419636214518348,0.08091331863877319,-0.06464257139591037,0.08739907617932229,-0.06487113233840132,0.09457935801487287,-0.0648233523318431,0.14795105514255835,-0.06425160498057146,-0.07850512755414707,0.07879225701184439,-0.08356623810894077,0.0844653104750221,-0.09184381565639906,0.0998160918636552,-0.10174974417327178,0.12881931227590865,-0.1572787438675642,0.2500000000000003,-0.0018482028348763427,-0.0632446339909956,0.06198493616643955,-0.07609159324515899,0.08535972521995025,-0.10062196551809356,0.10542005015418764,-0.1256828521180007,0.12270947180843288,-0.12979647277824402,-0.05104465171052097,0.043309633772015056,-0.04650689190574215,0.041809589324233246,-0.046636439435115015,0.028777482091768287,-0.03562467610526472,0.01681485391718004,-0.028586799993133998,-0.0011602194436625825,0.01181021682561214,-0.02086579150944632,0.017509650858857192,-0.018511642306449232,0.000621450448733038,-0.002733818289918467,-0.008574375928615314,-0.001305451519154766,-0.000717933355861627,-0.020328532345329935,-0.06388952169284258,-0.06416503704273938,-0.01402665350236783,-0.0639471227877368,0.004266171324379094,-0.06383044710127833,0.01397656890253587,-0.06327222779455474,0.009007625641654244,-0.06425138864407674
0.027474271028955444,0.02700390902065549,0.03724418743952541,0.026874215535624697,0.0056399125375295065,0.02676051286603379,0.0016659233951236013,0.026810332550961494,-0.010796176356414174,0.027381794825012545,-0.03927850910622836,0.050542562913178074,-0.03996472604902434,0.042619555504203537,-0.015670790963905605,0.018375230991148274,-0.006417829965093803,0.0056448657858446894,0.004050639114345882,-0.0018482028348763427,0.25000000000000044,-0.10470844909450484,0.10662257713219761,-0.0852242961277883,0.07995652255571097,-0.05912147211051757,0.056085579313597304,-0.02990579318504633,0.03264998663763669,-0.00692767149890523,-0.10197028061427434,0.09235230076793761,-0.09424891363387454,0.0776097791189189,-0.0778631788552411,0.07025717562088281,-0.07049236609128774,0.06368316778381213,-0.05796731402503179,0.05052867099995927,0.0638395120214053,-0.06894646293354348,0.06639265346485838,-0.06685010596486336,0.05849040633402914,-0.05926182030983103,0.053953608248416815,-0.056170299558759636,0.04570785601014406,-0.02945718697747623,0.026583141935526536,0.027414249252823746,-0.06388137563624374,0.02752802495598413,-0.05495970852004865,0.027584159065067122,-0.05011141017332611,0.0278528191041408,-0.04087655494522445,0.027381657999832155
0.11574326784611876,0.11780547687233765,-0.1805351864463234,0.1183726929100141,-0.14629585421471913,0.11848826430995005,-0.1414424464278895,0.11843714558641119,-0.10241761330594486,0.1178628680772992,0.18352252811014386,-0.19565462662837022,0.18521181738264564,-0.1878045613506967,0.16091829261852147,-0.1624743411943481,0.1506422398397094,-0.14210765960666907,0.11215720843971044,-0.0632446339909956,-0.10470844909450484,0.25000000000000044,-0.24518226867018647,0.22723720715725057,-0.2108845430339801,0.19578382478263662,-0.1856938353044578,0.16502955239955744,-0.1655912707663121,0.14509085267046753,0.19658757291431309,-0.16235956383953815,0.17267672666972245,-0.13005961713106987,0.1384143223767803,-0.09808165367987584,0.11009889515744792,-0.06832299493626089,0.07685377828225773,-0.018523784425547106,-0.06055407245878872,0.08325362728175241,-0.07330511887751043,0.07564177705724309,-0.033811099267778526,0.03848706449552909,-0.01203847082099067,0.032431996175724134,-0.021803192193472244,0.05272041261665345,0.11751968245884543,0.11766951972233408,0.06469111673418339,0.11715512091218454,0.021713438238450584,0.11688233492848422,-0.001245544073571289,0.11557725062309714,0.0019468619156503837,0.1178664816799506
-0.11142720715668981,-0.11343987206291668,0.17610132718348634,-0.11399352884922079,0.14199996683750102,-0.11410884992364806,0.13729333895468981,-0.11405786996766426,0.0996521506393382,-0.11348466779446746,-0.1790417639637699,0.19112232321974396,-0.18071268704911145,0.18330541426995933,-0.15646564576301683,0.1581463623205657,-0.14635193582431158,0.13875448234721063,-0.10931271422128082,0.06198493616643955,0.10662257713219761,-0.24518226867018647,0.25000000000000044,-0.226061557785507,0.21020795026803443,-0.19390191613544766,0.18412035568963675,-0.16223531137681538,0.1629954828103045,-0.1417476148971797,-0.19716974684305383,0.16663002116979173,-0.17693759289305822,0.13434242285416176,-0.14252102581706155,0.10228894146376247,-0.11406328491719038,0.07243312552906975,-0.08041525111258842,0.022450806450278315,0.06485208801388477,-0.08755356679318696,0.07761027141066947,-0.07994515428005007,0.0381313707458916,-0.04278911790979669,0.0163509456442782,-0.03654680163420567,0.0252325113204523,-0.05427031676527118,-0.1132147879243805,-0.11329193408025845,-0.06893642460040414,-0.11277707714469502,-0.025948728912765156,-0.11250439767810179,-0.002979509658543362,-0.11119981478758581,-0.005321814152964775,-0.11348815934303182
0.13482676136766852,0.13707322336069547,-0.19919196141546264,0.13770056263942101,-0.16501824114148098,0.13781650691588376,-0.16025592756740392,0.13776522196565988,-0.1207759873548207,0.13719070087417087,0.19865024088845287,-0.20857981538832684,0.20413211236032675,-0.20708142446404312,0.1802430922105557,-0.18190076251257997,0.17008229664540195,-0.162054426834968,0.13079758610517472,-0.07609159324515899,-0.0852242961277883,0.22723720715725057,-0.226061557785507,0.25000000000000044,-0.22826137805918417,0.2160249561062874,-0.20398524566956197,0.18491727745630646,-0.18451677517954787,0.16518265478197666,0.186606015411765,-0.1437153842469232,0.1540696258189079,-0.11137128820070756,0.1218819325541199,-0.08035458279080551,0.09525486918155475,-0.05182845777748457,0.06439544811344466,-0.003230719907344344,-0.04173538225471059,0.06444368269704097,-0.054467345683821125,0.05681407400062162,-0.014871186722521886,0.019741321901825717,0.00676413537341189,0.01552690084627587,-0.007904274445439178,0.047520149787246876,0.13653746849037576,0.13699433382219664,0.04610750731217557,0.1364814952625207,0.003136782975199716,0.13620800263958938,-0.019702356600048158,0.13489950660267802,-0.01173722151783669,0.13719470364957187
-0.11352080169451141,-0.11552894259142624,0.1779287959648551,-0.11609048237687203,0.14406427163470303,-0.11620634206494748,0.14441501624541636,-0.11615592234575257,0.12419148691309839,-0.11558149992327518,-0.17763164493901049,0.18774377405040615,-0.1825415440320028,0.1854741098372193,-0.15863170068192406,0.1670205923410548,-0.15413817762271714,0.16501148888200085,-0.13445274737288496,0.08535972521995025,0.07995652255571097,-0.2108845430339801,0.21020795026803443,-0.22826137805918417,0.2500000000000002,-0.22232384780458664,0.21391404460478766,-0.1917474060463658,0.1918874195570304,-0.1679115148370526,-0.1736980831057288,0.15156198270487892,-0.1606275564351653,0.13265602505272714,-0.14314000928312728,0.10167222870125975,-0.1165274934278791,0.07318034187313638,-0.08459037082437508,0.024152843523921722,0.06274443381145327,-0.08478830036371747,0.07583492598974757,-0.07817436252162424,0.036289745725668336,-0.0411426966457179,0.014680301339831168,-0.0366545675338737,0.025672239788108432,-0.05644315567823818,-0.11530002165388024,-0.11538765627064984,-0.06717265264264487,-0.11487222222388437,-0.024127364621617135,-0.1145990845288329,-0.001283582158382055,-0.1132922033347647,-0.005745645797053859,-0.11558450194892599
0.1403167763047263,0.14246888796345877,-0.19199188714315135,0.1431158981642541,-0.16798853362576385,0.14327396013882587,-0.1706208735755365,0.14322398656673227,-0.14702370855713054,0.1426489261531911,0.18991133171014674,-0.1966254570753067,0.1966224333045843,-0.19839367296382143,0.18309841087874104,-0.1938676557440281,0.18119209891845212,-0.18958776264749783,0.15767816079035768,-0.10062196551809356,-0.05912147211051757,0.19578382478263662,-0.19390191613544766,0.2160249561062874,-0.22232384780458664,0.25000000000000056,-0.23268097077408667,0.2149085659716778,-0.2129751917550062,0.1924832745642203,0.1638093452489677,-0.12821790528725951,0.13751038319481457,-0.10560904963939162,0.11612358885905553,-0.07463759447706636,0.0895477424227365,-0.04616270091346227,0.06319419115087246,0.00039667100447463006,-0.03584725619818717,0.05802393191223169,-0.04877384597885676,0.05111880190099244,-0.009226250243425974,0.014093988390388022,0.01238114088422264,0.009982113411673627,-0.0034942073283115724,0.046612315502358274,0.14190914586493544,0.1424514352898615,0.040506380748280925,0.14194007882290052,-0.0023772550523133143,0.14166692016528126,-0.025180607095140833,0.14036004297801666,-0.016035603427998906,0.14265241726280192
-0.12362674339957201,-0.12561388952208813,0.1769071654558476,-0.12620890379551603,0.15188917446691585,-0.12636168821375435,0.15444506029061428,-0.1263117905130759,0.146235209282287,-0.12573732052777786,-0.175068825857578,0.182224565577645,-0.1813419612180792,0.18325057810422904,-0.16649854863791355,0.17706664644353495,-0.16459819342276738,0.18797385584114068,-0.15689323995426493,0.10542005015418764,0.056085579313597304,-0.1856938353044578,0.18412035568963675,-0.20398524566956197,0.21391404460478766,-0.23268097077408667,0.2500000000000002,-0.21938948848472792,0.21777426647527776,-0.19157562248433713,-0.15439981172956865,0.13299509221812583,-0.1412944017235557,0.11961336571828317,-0.1298376530129006,0.09132761541859538,-0.10621138677295462,0.06287406589568185,-0.07887513431524625,0.015919420647494048,0.05155801919109787,-0.07290540376779446,0.06470894345083801,-0.06701229317819825,0.02589924076041621,-0.030820222437263605,0.004401815151654444,-0.026524019168166473,0.0174735777738501,-0.05366025318239199,-0.1252816728243022,-0.125542073954495,-0.0562398895103477,-0.12502852036969384,-0.013967248736656154,-0.12475563651079986,0.008756506389927018,-0.12345002015257969,0.0022804883798073993,-0.1257401311866184
0.15336719415713534,0.15544028050848074,-0.18447793721920142,0.1561508983097594,-0.17801489733928447,0.15635049903185005,-0.183462925030059,0.1563013840541652,-0.1743557168033065,0.15572695840347578,0.18196669246462,-0.1846840910382144,0.18874315276947953,-0.18991691752806533,0.18908103276525834,-0.19833741664210094,0.19454894168344444,-0.2177891739996757,0.18545830298606253,-0.1256828521180007,-0.02990579318504633,0.16502955239955744,-0.16223531137681538,0.18491727745630646,-0.1917474060463658,0.2149085659716778,-0.21938948848472792,0.2499999999999999,-0.24401353974185952,0.2214990816118569,0.14076266524043055,-0.10623094904777715,0.11466531337911257,-0.09176349464549993,0.10222189052301545,-0.061284638526505696,0.07618963797499109,-0.03285235898732129,0.05555577092112916,0.011132118738485125,-0.022261893341393876,0.04390671996629164,-0.035320229182220574,0.03765897017175297,0.004063766433096502,0.0008146631509582414,0.025628757878034498,-0.0031002611727748886,0.0071936184072233286,0.04279904325127635,0.1547694311694311,0.15552744686055978,0.027262790495466857,0.15501873721526063,-0.015376989881197116,0.1547459284106285,-0.03811952434671141,0.15344077829716415,-0.026498858928300933,0.1557301640322097
-0.1481860520520586,-0.15022456451667168,0.181294302577493,-0.15091769832572663,0.1732435113226845,-0.15111268104575679,0.1784141095146203,-0.15106348033705558,0.16973675995445012,-0.15048870219242905,-0.17894705702229902,0.18212195455037697,-0.18554218300924916,0.18680409016511149,-0.18446111213772487,0.19372320370179766,-0.18933978674506835,0.2126380434534599,-0.18075300078408607,0.12270947180843288,0.03264998663763669,-0.1655912707663121,0.1629954828103045,-0.18451677517954787,0.1918874195570304,-0.2129751917550062,0.21777426647527776,-0.24401353974185952,0.24999999999999994,-0.21637239986153503,-0.14114575058454296,0.10926395061128232,-0.11760921934297808,0.09553857503205693,-0.10591674779580428,0.06532039260421406,-0.0801932228401518,0.038549205274380584,-0.061231199874347386,-0.0055526933489235515,0.026778873495846997,-0.04820694821233724,0.03977429304974733,-0.04206584272900157,0.0010653446009240733,-0.00586877889605055,-0.020066525722768905,-0.0024489920361632188,-0.002386971470137833,-0.045520954966258007,-0.14961637302050665,-0.15028972327219622,-0.031668854068362964,-0.14977862790330185,0.01027336463649304,-0.14950513126419293,0.032712693613528916,-0.14819671309641003,0.021825135262106717,-0.1504918141153263
0.18155891159511767,0.18360864043425817,-0.18279350841135045,0.18435870678584557,-0.19487765727056502,0.18455479669515776,-0.202313361035527,0.18451943070395174,-0.188535816358459,0.18409981992556082,0.1806098148330848,-0.1786204011603113,0.18629368169533367,-0.18645263937719975,0.20036625870868022,-0.2062774260387888,0.21119603121895308,-0.22603752957863196,0.1978436847497576,-0.12979647277824402,-0.00692767149890523,0.14509085267046753,-0.1417476148971797,0.16518265478197666,-0.1679115148370526,0.1924832745642203,-0.19157562248433713,0.2214990816118569,-0.21637239986153503,0.25000000000000033,0.12963501781604564,-0.08195597583098797,0.09065421434493019,-0.064464959972262,0.0749897521895868,-0.03345940660432406,0.04838896192107276,-0.0049537375427943,0.027725810232569356,0.03914819856065655,0.005388772486328216,0.016457799448961676,-0.007558284576538815,0.009914223974486167,0.03203667453417901,-0.027145330214533234,0.053669437668952005,-0.03072941653488166,0.030517453562681034,0.03067774028223181,0.182652313575625,0.1838959647615973,-0.00011674804022932683,0.1833902060058766,-0.0428015139757447,0.1831166845591929,-0.06557164593760911,0.18180823378247818,-0.049469588602439475,0.1841034963882751
0.11813842415149056,0.11991023415832716,-0.15648318957758023,0.1203990686478547,-0.1354393460545861,0.12046936777376281,-0.1316361252880183,0.12043835492294815,-0.093874181572836,0.1200948067709767,0.1584490335358517,-0.16582135733215933,0.1599430599563841,-0.16146619161418807,0.1456770858039788,-0.14529955644219922,0.13852963894133558,-0.12689796002299347,0.10057638039677769,-0.05104465171052097,-0.10197028061427434,0.19658757291431309,-0.19716974684305383,0.186606015411765,-0.1736980831057288,0.1638093452489677,-0.15439981172956865,0.14076266524043055,-0.14114575058454296,0.12963501781604564,0.2500000000000002,-0.160618540355877,0.16616282686339584,-0.12626794922321702,0.13176361768233227,-0.09375122563194335,0.10208837548236352,-0.06287722384359744,0.06898132225521122,-0.012617469497918221,-0.05866216853036668,0.08137658673740823,-0.07144245347564242,0.07378352201996421,-0.03187419407100055,0.03627330087177821,-0.009746344461440333,0.028016476735296527,-0.01769839962302703,0.048756289746938894,0.11969047797894818,0.11990064699296551,0.06284328227188433,0.11938555151668001,0.019792578138379324,0.11911223337775415,-0.003455693557761991,0.11780478037197227,-0.002152134504548927,0.12009829715433643
-0.030027418667871564,-0.03113433350345035,0.0948057262177937,-0.03143930733118924,0.0621068979984821,-0.031553895129600426,0.060571215206374596,-0.03150391006965812,0.05218239209472001,-0.030931117488718185,-0.09711978295219266,0.10872432071755779,-0.09828798576564378,0.10093590891285925,-0.07399799410069285,0.07982809018045338,-0.06746454406042245,0.07974517098452195,-0.060639886509107815,0.043309633772015056,0.09235230076793761,-0.16235956383953815,0.16663002116979173,-0.1437153842469232,0.15156198270487892,-0.12821790528725951,0.13299509221812583,-0.10623094904777715,0.10926395061128232,-0.08195597583098797,-0.160618540355877,0.25,-0.23938652578635003,0.20971554305463103,-0.20658026386270456,0.1760973923533515,-0.17451684812580232,0.14254699732035742,-0.13538714053407075,0.08837175940150475,0.14768327595356928,-0.17060767717345135,0.16072078248770819,-0.163044126776456,0.12113453291564756,-0.1247208935864751,0.09814960871970076,-0.10942276825143761,0.08496916416929032,-0.07681756295762833,-0.03199919703486803,-0.030748080878815726,-0.1508194261848765,-0.03021917240901194,-0.10719756039437471,-0.029945724725348018,-0.08313299447042984,-0.028637759041921656,-0.0638541428025892,-0.030932234541946803
