x1,x2,x3,x4,x5,x6,x7,x8,x9,x10,x11,x12,x13,x14,x15,x16,x17,x18,x19,x20,x21,x22,x23,x24,x25,x26,x27,x28,x29,x30,x31,x32,x33,x34,x35,x36,x37,x38,x39,x40,x41,x42,x43,x44,x45,x46,x47,x48,x49,x50,x51,x52,x53,x54,x55,x56,x57,x58,x59,x60
0.25,0.24949357104142145,0.24977950981257838,0.2499177319566579,0.2497622465088653,0.24992079717417123,0.2497412068378823,0.24986040222918512,0.24984447265425255,0.24995162576392024,0.2498336666620831,0.24320709952348887,0.24298310072705842,0.23579304284634678,0.2397517812295256,0.24339302087698048,0.24311824396104198,0.24290919387973775,0.24478213522891118,0.2489558750403092,0.2496192122099855,0.24194043118195052,0.2255790596117212,0.23040739353121634,0.2313543831025111,0.22887455515841576,0.21952134615444577,0.2234352761633895,0.2327261739199172,0.24835558132657531,0.24930280945945302,0.23549985240017673,0.21862654301938217,0.2203355243684476,0.23062560141945235,0.23159670039043617,0.22510914628394604,0.23408128297272035,0.2369384763163683,0.2494919790768552,0.24984091472495892,0.24095791681296988,0.23938225193606952,0.2318713984463302,0.23633638441419055,0.2442227654507464,0.24142286781574201,0.24499219885163911,0.24537896774096654,0.2495901315941795,0.2498811007773643,0.24953964810072193,0.2498788430288088,0.24994615715908586,0.24989933972058284,0.24991415603181655,0.24986286750065012,0.2499030575362888,0.24993634212983357,0.2499513021794451
0.24949357104142145,0.25,0.24934296716749926,0.24948125371800442,0.24932603868000436,0.24948431287862227,0.2493050372056241,0.24942402314389756,0.24940812160658865,0.24951508760147534,0.249397334353605,0.24278232659257193,0.24255887934530798,0.23538120657259473,0.239333084769185,0.24296792503327677,0.2426936457916693,0.2424849363601265,0.2443546247348567,0.24852107782654548,0.24918325446713857,0.2415179177419104,0.2251850298564655,0.23000498132833577,0.23095029119124277,0.22847478270657523,0.2191379376178359,0.22304500662133253,0.23231973383739965,0.2479218314233712,0.24886740454631928,0.23508853000768357,0.2182447617821879,0.21995066909217034,0.2302228442849407,0.231192207045865,0.22471601150660467,0.2336724722778293,0.23652466430171318,0.2490562433850555,0.2494045698810562,0.24053710086138477,0.2389641520895176,0.23146646102603602,0.23592360350986633,0.24379623828008296,0.24100122465284218,0.24456432921417526,0.24495041508955756,0.24915422461576986,0.24944468581340073,0.24910382947990037,0.2494424319390538,0.24950962857481962,0.24946289292277568,0.24947768333722195,0.24942648437826573,0.24946660422510072,0.24949983068297713,0.2495147646094469
0.24977950981257838,0.24934296716749926,0.24999999999999994,0.2497671580199669,0.2496117843475651,0.24977024107962847,0.24959068003028173,0.24970989079050246,0.24969394410091683,0.24980105198251593,0.24968318633401948,0.24306038021945084,0.24283263210878195,0.23565061960127742,0.239606800339803,0.24324739881818444,0.24297152132104005,0.2427641498003723,0.24463431885179052,0.24880579108402578,0.24946883614349533,0.24179307816871257,0.2254455866876097,0.2302675399689562,0.23121805684180557,0.22873552926265187,0.21939346864469517,0.22330165411698288,0.2325866860235226,0.24820579466175963,0.24915263916096672,0.23535938072705195,0.21849164593219675,0.22020570594609806,0.23048411814267147,0.2314597870618597,0.22497080424615806,0.23394119949415662,0.23679538568901398,0.2493417000546025,0.24969040765587097,0.24081200511212764,0.23923893548847477,0.23173029682043947,0.236195123984559,0.2440754792403824,0.24127770280064229,0.24484426142114046,0.2452312549912114,0.24943978599008582,0.24973056856112325,0.24938932161500618,0.24972831593417374,0.24979558574812427,0.24974879514370285,0.24976360389786922,0.24971234610382734,0.24975251209019003,0.24978577684188621,0.24980072767005834
0.2499177319566579,0.24948125371800442,0.2497671580199669,0.2499999999999999,0.24974991521151862,0.24990845805627798,0.24972887673133515,0.24984806607844343,0.24983213733322002,0.24993928512247593,0.24982133181123775,0.2431950918640358,0.24297111563365356,0.23578140112403828,0.2397399452795086,0.24338100257535755,0.24310624126425354,0.24289719908124113,0.24477005036721464,0.24894358373790457,0.2496068879780041,0.2419284888283569,0.22556791783923302,0.23039601891161401,0.2313429564571583,0.22886325613901834,0.21951050312985432,0.22342424296049632,0.2327146835595944,0.24834331972366733,0.24929050083381318,0.23548822287544224,0.21861575378446005,0.2203246410371292,0.2306142192268322,0.23158526243010644,0.225098036549596,0.23406972494961892,0.23692677875530116,0.24947966109646166,0.2498285795482008,0.2409460214353229,0.23937043147483328,0.2318599526309796,0.23632471415780484,0.24421070796125963,0.24141094792754225,0.2449801036474783,0.24536685272010214,0.24957780878285768,0.24986876361951071,0.24952732780104703,0.24986650597567192,0.2499338167892671,0.24988700166433683,0.2499018172419623,0.24985053124314058,0.2498907192943882,0.24992400224423655,0.2499389615556045
0.2497622465088653,0.24932603868000436,0.2496117843475651,0.24974991521151862,0.24999999999999972,0.2497529785018518,0.24957343174340685,0.2496926646978893,0.2496766936430058,0.2497837905992503,0.24966600613783027,0.24304468131923387,0.24281464796724267,0.2356354954273153,0.23958777384907276,0.2432320505930443,0.24295515655380098,0.2427515454756409,0.24461825539361517,0.24878837646298857,0.2494515899290607,0.2417730441950206,0.22543529163068576,0.230251205231906,0.23121022685198722,0.22872558538298313,0.21939190003911502,0.22329287115320198,0.23257379916754312,0.24818845031278014,0.249135405092025,0.23534542520779952,0.21846889453154777,0.22019408194856618,0.23046778410183394,0.23144723838675588,0.2249562770125891,0.2339256246696769,0.23678025184093635,0.24932448560362247,0.24967315202353274,0.24079336810174917,0.23922412667935927,0.23171044067311186,0.23618155791738388,0.24405796917509592,0.24126155346184913,0.24482651196380045,0.2452145065601825,0.24942256432389412,0.2497133086479206,0.24937208535056807,0.24971106074280855,0.24977832133216582,0.24973153022243375,0.24974634169088458,0.24969508716228092,0.2497352506523761,0.2497685135265217,0.24978346289989142
0.24992079717417123,0.24948431287862227,0.24977024107962847,0.24990845805627798,0.2497529785018518,0.2499999999999997,0.24973193828760265,0.24985113064016606,0.24983520132344586,0.24994235062526854,0.24982439616181637,0.24319807997557527,0.24297397198863982,0.235784303550801,0.2397428683790365,0.24338400221189546,0.24310921720055237,0.24290019798195508,0.244773049250061,0.24894663514856863,0.24960994947038545,0.241931425387859,0.22557073592656324,0.2303988403708232,0.23134583500076697,0.22886607319927618,0.219513235117033,0.22342701060774162,0.23271753440011006,0.2483463637505417,0.24929355846369824,0.2354911362231533,0.21861838473797338,0.22032739163314127,0.23061700864697185,0.2315881313421304,0.22510076215884553,0.23407259864571767,0.23692968122641184,0.2494827212916234,0.2498316437157167,0.24094896290540316,0.23937338620215765,0.2318627729472124,0.23632763300608012,0.24421369909563326,0.24141391124397416,0.24498310186984226,0.2453698633255909,0.24958087003067683,0.24987182823647833,0.24953038823100976,0.24986957063570753,0.24993688220404905,0.24989006648314965,0.2499048822642607,0.24985359563651902,0.24989378418059313,0.24992706754274754,0.24994202703349655
0.2497412068378823,0.2493050372056241,0.24959068003028173,0.24972887673133515,0.24957343174340685,0.24973193828760265,0.24999999999999978,0.24967159077573273,0.249655613506924,0.24976274658299238,0.24964493129578136,0.24302239481659335,0.2427967500156018,0.23561007122613453,0.23956800692891003,0.24320793640497587,0.2429318415997094,0.2427237503542991,0.24459533775113593,0.24876760118712563,0.2494305205180139,0.24175417381670924,0.2254022884297096,0.2302266582257368,0.23117576924920646,0.22869234109928754,0.21935112447556024,0.22325827211649765,0.23254780726683907,0.2481674529368706,0.24911438986617934,0.23531834280255265,0.21845422648663054,0.22016271751055222,0.23044568284859177,0.2314216313597171,0.2249305570468657,0.2339044061531999,0.23675513851531518,0.2493034087564628,0.24965210708182944,0.24077489397124,0.2391992638709716,0.23169264166247386,0.23615756965734913,0.2440377238710202,0.24124038956950955,0.24480676344176333,0.24519366600288153,0.24940151681443465,0.24969227308662964,0.2493510784059204,0.24969001106700842,0.24975728030709016,0.2497104967838542,0.24972530336093032,0.249674052456601,0.2497142132554918,0.24974747252193757,0.24976242144166486
0.24986040222918512,0.24942402314389756,0.24970989079050246,0.24984806607844343,0.2496926646978893,0.24985113064016606,0.24967159077573273,0.24999999999999975,0.24977482886600527,0.24988195055581577,0.2497640234777946,0.24313938150235082,0.24291533804175047,0.23572742165757637,0.23968481335977768,0.24332512427986017,0.24305047718641168,0.24284147342116771,0.24471394439123217,0.24888647786836288,0.24954963026062446,0.24187292341621608,0.225516219377769,0.23034328242102456,0.23128982978051538,0.2288111119930907,0.21945995410325125,0.22337313705103137,0.23266120260424017,0.2482863611873487,0.249233313122624,0.23543418961496285,0.21856559912845225,0.22027402012660363,0.23056142020535797,0.23153197678159668,0.22504658055421328,0.23401590364106425,0.23687247001005873,0.24942243167897205,0.24977127042887445,0.2408907309241524,0.23931554046188314,0.23180673862552564,0.23627052096966092,0.24415466870306257,0.24135555111308607,0.24492390023264066,0.24531056207891172,0.2495205569904175,0.24981144512516423,0.24947008763078862,0.24980918797828797,0.24987648337209198,0.24982967896710914,0.249844491165342,0.2497932169507863,0.24983339576347124,0.24986667108161734,0.24988162695818136
0.24984447265425255,0.24940812160658865,0.24969394410091683,0.24983213733322002,0.2496766936430058,0.24983520132344586,0.249655613506924,0.24977482886600527,0.2499999999999998,0.2498660193623311,0.24974811524731838,0.2431236575067895,0.24289993505853638,0.23571090125629593,0.23966989179769593,0.24331008690707473,0.24303388916983487,0.24282659261403056,0.2446973023579313,0.24887062001284907,0.24953370931531565,0.24185641055864562,0.22550046513657376,0.2303285349409433,0.23127472600527185,0.228794505738825,0.21944513494645576,0.22335736437975998,0.23264613336059534,0.24827046903255443,0.24921743717806552,0.23541880191391443,0.21855010679927614,0.22025952662504472,0.2305454959921066,0.23151734747469133,0.22503064429744138,0.23400134195948555,0.23685661458098853,0.24940653647788302,0.24975534284714365,0.24087510282391655,0.23929981980549245,0.2317910638107936,0.23625535872531145,0.24413899837743247,0.24134025934462666,0.2449083289983677,0.24529498458957805,0.24950465099512453,0.24979551867548772,0.24945418296070573,0.2497932609328974,0.2498605527718425,0.249813748861025,0.24982856260434141,0.24977729078899275,0.24981746791029452,0.24985074098280013,0.2498656960300891
0.24995162576392024,0.24951508760147534,0.24980105198251593,0.24993928512247593,0.2497837905992503,0.24994235062526854,0.24976274658299238,0.24988195055581577,0.2498660193623311,0.2499999999999999,0.2498552127076824,0.24322806964674767,0.24300406074094316,0.23581337065698663,0.2397724651994491,0.2434140143057301,0.2431392150004499,0.2429301453752103,0.24480324334448395,0.24897734522958745,0.24964073961506478,0.24196129811704611,0.22559851479604434,0.23042726088282947,0.23137434342640995,0.2288942743858834,0.2195402954624747,0.22345454040137602,0.23274625179986988,0.2483769991119378,0.24932430974522654,0.2355201652801117,0.2186453945167481,0.22035453551250914,0.23064548285075806,0.23161668544694936,0.2251285479851203,0.23410147902374126,0.23695890800436833,0.24951349559254105,0.24986246125582293,0.240978697194519,0.23940289653585672,0.23189139442704393,0.23635676659313096,0.2442438281832237,0.2414436899402307,0.24501332738502782,0.24540012995564212,0.2496116565336175,0.2499026507857109,0.24956116866189385,0.2499003928493691,0.24996771277794724,0.24992089129605977,0.24993570889086347,0.24988441593410735,0.2499246094381971,0.24995789690213904,0.24997285824202223
0.2498336666620831,0.249397334353605,0.24968318633401948,0.24982133181123775,0.24966600613783027,0.24982439616181637,0.24964493129578136,0.2497640234777946,0.24974811524731838,0.2498552127076824,0.2499999999999997,0.24311180674942334,0.24288607578526406,0.23570241528892208,0.2396580462738549,0.2433003093062996,0.24302471951592095,0.24281702925748083,0.24468766019624177,0.24885975791366807,0.24952292943079077,0.24184506785463952,0.22549514154381806,0.23031876308485127,0.23126837231632189,0.22878825017192211,0.21944099201140918,0.2233515716301729,0.2326371181893386,0.24825971238257785,0.24920665000950531,0.23541047793468592,0.21853941429731227,0.22025309660151612,0.23053546351940693,0.23150896939219331,0.22502171178530753,0.23399126035792656,0.2368473540016321,0.249395760215453,0.24974454643446722,0.24086418173154797,0.23929096886684117,0.23178061739576672,0.23624642108431015,0.24412833563485714,0.24132990679150815,0.24489735654565956,0.2452843900514023,0.2494938681365304,0.24978471479967054,0.24944339386739012,0.24978246133340495,0.24984974608377375,0.2498029452195766,0.24981775729959532,0.24976648846693714,0.24980666308610058,0.2498399350541889,0.24985488911999035
0.24320709952348887,0.24278232659257193,0.24306038021945084,0.2431950918640358,0.24304468131923387,0.24319807997557527,0.24302239481659335,0.24313938150235082,0.2431236575067895,0.24322806964674767,0.24311180674942334,0.24999999999999972,0.23627706907538837,0.22945487762129652,0.23329696268977856,0.23700634652226102,0.23666030471463348,0.23660208674188962,0.23822896195972693,0.24225056328594827,0.2429039393652038,0.23522954751769476,0.21978682750847198,0.22423631960777116,0.22557191923705963,0.22311882612870573,0.2143401143250968,0.2177669527481438,0.22666298526569356,0.2416709070089976,0.24259632707397027,0.22928852710876813,0.21244295776477978,0.21458951075942126,0.22447684965733727,0.2255192660769097,0.21918946752626367,0.22782222229779817,0.23064558782022465,0.242781650288844,0.24312049794096355,0.23439259219716868,0.23303333618517963,0.225487862704348,0.23010120612178245,0.2376312769794861,0.23494529207085713,0.23837022700883614,0.23878547887190937,0.24287707294620653,0.24315944635738126,0.2428271814830044,0.24315746104548697,0.24322275242376204,0.24317703683573924,0.24319161205649276,0.24314168531068964,0.24318081218727128,0.24321321984057623,0.24322775907870917
0.24298310072705842,0.24255887934530798,0.24283263210878195,0.24297111563365356,0.24281464796724267,0.24297397198863982,0.2427967500156018,0.24291533804175047,0.24289993505853638,0.24300406074094316,0.24288607578526406,0.23627706907538837,0.2499999999999996,0.22885068239403933,0.23295256640765682,0.23675880952086487,0.23644067847174172,0.2361435580469189,0.23795757443685864,0.24204064469397102,0.24267734687885542,0.23515811011178442,0.21889474108332846,0.22371706081098172,0.22502796819200233,0.22216218479738653,0.21407580416904828,0.2170280470604827,0.22658152803824375,0.241438492854708,0.2423730477819618,0.22877352243329663,0.2124837529010145,0.21387945022137123,0.2243092181744208,0.22526955613624103,0.21884722550725194,0.2277430348946733,0.2303027499725856,0.24255405950801368,0.24289570187862183,0.23428713453639574,0.2325749180925293,0.22540284125202542,0.22969468679220342,0.23745117761589804,0.234728866937897,0.23820102630731568,0.2385648577377043,0.2426515558990885,0.2429354909594488,0.24260352473979596,0.2429327599819062,0.2429987391511437,0.24295323870024163,0.24296762748763057,0.242917705633167,0.24295683760116704,0.24298917389780209,0.24300374125439914
0.23579304284634678,0.23538120657259473,0.23565061960127742,0.23578140112403828,0.2356354954273153,0.235784303550801,0.23561007122613453,0.23572742165757637,0.23571090125629593,0.23581337065698663,0.23570241528892208,0.22945487762129652,0.22885068239403933,0.24999999999999975,0.2256361761235522,0.2299034461890625,0.22954030514844956,0.22960660202785904,0.23097513323602886,0.23483815099379682,0.23549472707910407,0.22817352884176223,0.21269139062897796,0.2163076574860355,0.21883754050638016,0.21579600764026077,0.20946090304187034,0.2112511249813072,0.22018750824018302,0.23424887242163422,0.2352036316723481,0.22244979589389868,0.20506897740169333,0.20839751984153507,0.21705237117072218,0.21935325608206982,0.21196648578924268,0.22122726195900858,0.22354623605642693,0.2353814364432104,0.235708835281715,0.22707044841647264,0.22600809072659117,0.2182231725158711,0.22332332693046275,0.23035425186106664,0.2278688944905385,0.2310190316247773,0.23153831607750128,0.2354748404491274,0.23574684276907312,0.2354247106448377,0.23574535818251782,0.23580821825411477,0.23576366484157105,0.23577802694892713,0.23572958845544537,0.23576755685967207,0.2357990179615243,0.2358130726045195
0.2397517812295256,0.239333084769185,0.239606800339803,0.2397399452795086,0.23958777384907276,0.2397428683790365,0.23956800692891003,0.23968481335977768,0.23966989179769593,0.2397724651994491,0.2396580462738549,0.23329696268977856,0.23295256640765682,0.2256361761235522,0.24999999999999975,0.23322379565173548,0.23320259831124257,0.23304281147569622,0.23479920496426757,0.23882090001507192,0.2394511849382436,0.23204101186579074,0.21627999591080396,0.22097004587261598,0.22186681623573756,0.21945043565110584,0.21046991270540458,0.21435384973348606,0.22325286868536937,0.23825311684318554,0.23915014084957542,0.22585365741141994,0.2100676862803997,0.21122950478628655,0.22141651963259945,0.22205977133700391,0.21613124219857546,0.22452302914021588,0.22734254761825637,0.23932948575395802,0.23966633437324514,0.23122145950704867,0.22957351912043178,0.22259890897344392,0.22663618435025368,0.23430094558806536,0.2315738478664516,0.2350344588273001,0.23537847596856737,0.23942470957772047,0.23970480438113348,0.2393772538035066,0.23970235815213245,0.23976721184297084,0.2397224935826599,0.23973651402850787,0.23968734350661386,0.2397258673679843,0.23975778503104106,0.2397721472680715
0.24339302087698048,0.24296792503327677,0.24324739881818444,0.24338100257535755,0.2432320505930443,0.24338400221189546,0.24320793640497587,0.24332512427986017,0.24331008690707473,0.2434140143057301,0.2433003093062996,0.23700634652226102,0.23675880952086487,0.2299034461890625,0.23322379565173548,0.25,0.23659389213794038,0.2364994493195827,0.2386418139854303,0.24242399476697088,0.24308816080801707,0.23580062791639544,0.22039247828157985,0.2243052567686418,0.22535623625210432,0.22239744240440396,0.21377184226639326,0.2172920278407814,0.22675096932783073,0.24182827959897024,0.24278510960396688,0.22964302481831975,0.2124822455303009,0.21503543790377852,0.22447155800638147,0.2259218023903156,0.21883150266624524,0.22813868444085286,0.23067345296651295,0.24296717067876134,0.24330598756155286,0.23457945488909976,0.23321063600300393,0.2256775600880198,0.23030840023347643,0.23783136719506734,0.235190916163535,0.23853761001403134,0.2389848765780897,0.24306275030049837,0.24334533125753824,0.24301281127561922,0.24334321796685265,0.24340868557516085,0.24336280069455918,0.24337752129151854,0.24332743394235135,0.24336671344102342,0.2433991360117231,0.24341369622554154
0.24311824396104198,0.2426936457916693,0.24297152132104005,0.24310624126425354,0.24295515655380098,0.24310921720055237,0.2429318415997094,0.24305047718641168,0.24303388916983487,0.2431392150004499,0.24302471951592095,0.23666030471463348,0.23644067847174172,0.22954030514844956,0.23320259831124257,0.23659389213794038,0.25,0.2361111432751772,0.2383172958860025,0.24217739740538888,0.242815315358347,0.23523147633098437,0.2197497754127573,0.22419245411631503,0.2254877637672897,0.2229321805933916,0.21428876586457787,0.2178032566985656,0.22659748550227796,0.24159800155703975,0.24250600117689056,0.22919913083534818,0.21329865639680712,0.21421817454506464,0.22479993497420825,0.22528234252396995,0.2193010407483115,0.22770303894511978,0.23060075299760327,0.24268905850489536,0.24303142040327227,0.2344405319373189,0.23283572740058345,0.22565582857776104,0.22990457224427335,0.23756490822152812,0.23484992381767603,0.23830700297532684,0.23869127205785087,0.242786784982038,0.24307060782623288,0.24273845823215906,0.2430680590757973,0.24313389119531387,0.2430884704327238,0.24310276230164304,0.24305294040746034,0.24309196623106835,0.24312434322641488,0.24313889596830723
0.24290919387973775,0.2424849363601265,0.2427641498003723,0.24289719908124113,0.2427515454756409,0.24290019798195508,0.2427237503542991,0.24284147342116771,0.24282659261403056,0.2429301453752103,0.24281702925748083,0.23660208674188962,0.2361435580469189,0.22960660202785904,0.23304281147569622,0.2364994493195827,0.2361111432751772,0.2499999999999999,0.23779904029175813,0.24194326845285183,0.24260470084469812,0.23532258423065164,0.22019418645760794,0.2236739288438228,0.2250334168776481,0.22232934963700957,0.21271067674852923,0.21663371257640132,0.22586277058039111,0.2413557076036172,0.24230143234960339,0.22965280925552028,0.2129211817722242,0.21534091279169928,0.2245421376991045,0.22524165690474432,0.21843231928551948,0.22742107060195024,0.23015834844264546,0.24248192169928243,0.24282309842015137,0.23428110128224702,0.23289348059156317,0.2257156287317771,0.22986522650435656,0.23737806520923918,0.23470811379861575,0.2380639135461196,0.23849991648688423,0.2425783721434471,0.24286159833708337,0.24252973535460798,0.24285918277796945,0.24292482753647904,0.24287922558379849,0.24289372530626643,0.2428436988794253,0.24288293874115766,0.24291528827037098,0.24292982812896166
0.24478213522891118,0.2443546247348567,0.24463431885179052,0.24477005036721464,0.24461825539361517,0.244773049250061,0.24459533775113593,0.24471394439123217,0.2446973023579313,0.24480324334448395,0.24468766019624177,0.23822896195972693,0.23795757443685864,0.23097513323602886,0.23479920496426757,0.2386418139854303,0.2383172958860025,0.23779904029175813,0.2499999999999996,0.2438172710163087,0.24447627688901213,0.2368999518212702,0.22107434490916839,0.2256815955364199,0.226779712461395,0.22438468610139156,0.21539101071785113,0.21905635897810127,0.22805253583602345,0.24324879451577944,0.24416745699376732,0.2307006043582297,0.21447418666882498,0.21574510645717454,0.2261088497021291,0.22679504638334097,0.22068803659398697,0.2292518279003392,0.23214256731659288,0.24435124222959856,0.24469490134561336,0.23603931400341893,0.23443531799448428,0.22720191685913088,0.231458691156684,0.23919714671148498,0.23644704075476264,0.23994378292788135,0.24032286215013893,0.24444863794113236,0.24473417300000097,0.24439975141110795,0.24473176656456044,0.24479788957377624,0.2447521454594283,0.24476654764051542,0.2447163569581974,0.24475567765486334,0.244788275809357,0.24480292857766403
0.2489558750403092,0.24852107782654548,0.24880579108402578,0.24894358373790457,0.24878837646298857,0.24894663514856863,0.24876760118712563,0.24888647786836288,0.24887062001284907,0.24897734522958745,0.24885975791366807,0.24225056328594827,0.24204064469397102,0.23483815099379682,0.23882090001507192,0.24242399476697088,0.24217739740538888,0.24194326845285183,0.2438172710163087,0.24999999999999953,0.2486458347704303,0.24101445367352675,0.22465605523769233,0.2294859725736519,0.23042470031241918,0.22797239233108949,0.218631001246864,0.2225450055204556,0.23181925653220198,0.24738859315174228,0.24833097953994804,0.23455734989698135,0.2177924680262821,0.2194233631758317,0.22976115142094272,0.23066432919399002,0.22425561015074041,0.23316271993358292,0.23601193254755776,0.24851909103753275,0.24886701683088439,0.24002604076314313,0.23842983775258506,0.2309777974969957,0.23540013893568104,0.24327234757058308,0.24047865056415055,0.24404105507963825,0.24442176012233763,0.24861707564567898,0.24890709514286907,0.24856697291417493,0.24890476729687852,0.24897189797838123,0.24892526322899208,0.24894002159780063,0.24888892566344573,0.24892896634171308,0.24896211712956082,0.24897702293302362
0.2496192122099855,0.24918325446713857,0.24946883614349533,0.2496068879780041,0.2494515899290607,0.24960994947038545,0.2494305205180139,0.24954963026062446,0.24953370931531565,0.24964073961506478,0.24952292943079077,0.2429039393652038,0.24267734687885542,0.23549472707910407,0.2394511849382436,0.24308816080801707,0.242815315358347,0.24260470084469812,0.24447627688901213,0.2486458347704303,0.24999999999999944,0.24163011475443638,0.22529419197426692,0.23011614641673592,0.23107168622813729,0.22857629355350684,0.2192510642715908,0.22314441311464944,0.23243486371383373,0.24804598727755583,0.24899274521770162,0.23520375967881002,0.21834553595683934,0.2200575364701156,0.23033067406089447,0.23131133872133772,0.22481714043027953,0.23379109697385297,0.23663880008702073,0.2491815437097358,0.24953016506578438,0.24065899880676656,0.23908166451278104,0.23158416227826056,0.2360419881732502,0.24391903977779497,0.2411226708950014,0.24468658072703448,0.24507396897246322,0.24927966389898426,0.24957030234398966,0.2492292742281489,0.24956803486283854,0.24963527782730682,0.24958852351960675,0.24960331650269937,0.2495520909570536,0.24959223181349077,0.2496254749142808,0.24964041645077004
0.24194043118195052,0.2415179177419104,0.24179307816871257,0.2419284888283569,0.2417730441950206,0.241931425387859,0.24175417381670924,0.24187292341621608,0.24185641055864562,0.24196129811704611,0.24184506785463952,0.23522954751769476,0.23515811011178442,0.22817352884176223,0.23204101186579074,0.23580062791639544,0.23523147633098437,0.23532258423065164,0.2368999518212702,0.24101445367352675,0.24163011475443638,0.24999999999999964,0.21759093520824876,0.22268927360014573,0.22468967311670485,0.2213763223782358,0.2144166040087581,0.2164774307239536,0.22614646461820725,0.24040092907588576,0.2413347736342801,0.22786950452364818,0.2114736924845964,0.213074332814297,0.22376373996661927,0.22462782102777118,0.2184346456478899,0.22701030710046569,0.22958333350641788,0.24151284994383088,0.24185299014722075,0.23325213668428077,0.2315541978432028,0.22435752994740749,0.228768225198001,0.23644199027601628,0.23381441785288226,0.23717318486202235,0.23756098358432962,0.2416104248330561,0.24189302628002377,0.2415624844253594,0.24189017841944543,0.24195600243954335,0.24191051380163778,0.24192502422388415,0.2418752818461844,0.24191428075313626,0.24194647710969255,0.2419609831383199
0.2255790596117212,0.2251850298564655,0.2254455866876097,0.22556791783923302,0.22543529163068576,0.22557073592656324,0.2254022884297096,0.225516219377769,0.22550046513657376,0.22559851479604434,0.22549514154381806,0.21978682750847198,0.21889474108332846,0.21269139062897796,0.21627999591080396,0.22039247828157985,0.2197497754127573,0.22019418645760794,0.22107434490916839,0.22465605523769233,0.22529419197426692,0.21759093520824876,0.2499999999999996,0.20606430431409178,0.21037030794289135,0.20772166195017333,0.20508479611520436,0.2042030778646085,0.2123231968615578,0.22409281442345938,0.22500504768069068,0.21245329641813746,0.19431013357996024,0.1981557802694838,0.2076607661747728,0.21030831442325915,0.2044020746233283,0.21200744245116113,0.2145124642400585,0.22517109362067472,0.22549716359668634,0.21699075473152393,0.21593409753122886,0.20801604025761156,0.21392676624363505,0.22025019989932493,0.21819682551136652,0.22089050909870364,0.22156580208718576,0.22527228145890527,0.2255348609508528,0.22522667189035775,0.2255317410454365,0.22559357735164198,0.22555092315167552,0.22556469375941776,0.22551842179302264,0.2255546776115994,0.22558479731015946,0.2255982217293066
0.23040739353121634,0.23000498132833577,0.2302675399689562,0.23039601891161401,0.230251205231906,0.2303988403708232,0.2302266582257368,0.23034328242102456,0.2303285349409433,0.23042726088282947,0.23031876308485127,0.22423631960777116,0.22371706081098172,0.2163076574860355,0.22097004587261598,0.2243052567686418,0.22419245411631503,0.2236739288438228,0.2256815955364199,0.2294859725736519,0.23011614641673592,0.22268927360014573,0.20606430431409178,0.2499999999999994,0.2119039970172717,0.20996680064439785,0.20648645096139928,0.20587812018656568,0.2167465453000061,0.22893944298413724,0.22983932570360005,0.21685026489609113,0.2013381999383392,0.20279979954164853,0.21255471585477306,0.21488169047204972,0.20868931830867843,0.21716358361318774,0.21891263528750768,0.22999574576502171,0.23032315646062484,0.22221925227268952,0.22027943489942436,0.2137651129155426,0.2177355837365587,0.22531555576938003,0.22271768406659656,0.22596647123854882,0.22625431581595473,0.23009174677728603,0.23036224770771555,0.23004745635365723,0.23035892369155583,0.23042222233253767,0.23037889498859582,0.23039272073688538,0.23034515809428766,0.23038248965856203,0.23041311308219192,0.23042696579814156
0.2313543831025111,0.23095029119124277,0.23121805684180557,0.2313429564571583,0.23121022685198722,0.23134583500076697,0.23117576924920646,0.23128982978051538,0.23127472600527185,0.23137434342640995,0.23126837231632189,0.22557191923705963,0.22502796819200233,0.21883754050638016,0.22186681623573756,0.22535623625210432,0.2254877637672897,0.2250334168776481,0.226779712461395,0.23042470031241918,0.23107168622813729,0.22468967311670485,0.21037030794289135,0.2119039970172717,0.2499999999999995,0.21032555793499066,0.20574242375940063,0.20865641343994445,0.21734647666492996,0.22985672385104974,0.23076601452805734,0.21868938389703915,0.2022392317722716,0.2032448757399874,0.2121170029609035,0.21454377811830933,0.20971393105826408,0.21722272875213902,0.22043549640713164,0.2309417329040834,0.2312691360462782,0.22271560096309848,0.22156917532111964,0.21376393756795786,0.21933866380162645,0.22594583226706247,0.22386898748654133,0.22658968005174832,0.22723071323364014,0.23104014581764878,0.23130905495197646,0.2309929765690319,0.2313058386951717,0.23136927266000082,0.23132504815868687,0.2313396495764276,0.23129216683399415,0.23132937687784752,0.2313602179346563,0.23137403581274288
0.22887455515841576,0.22847478270657523,0.22873552926265187,0.22886325613901834,0.22872558538298313,0.22886607319927618,0.22869234109928754,0.2288111119930907,0.228794505738825,0.2288942743858834,0.22878825017192211,0.22311882612870573,0.22216218479738653,0.21579600764026077,0.21945043565110584,0.22239744240440396,0.2229321805933916,0.22232934963700957,0.22438468610139156,0.22797239233108949,0.22857629355350684,0.2213763223782358,0.20772166195017333,0.20996680064439785,0.21032555793499066,0.24999999999999978,0.1985446392516989,0.20400863692118398,0.21294751040818743,0.22747000284490987,0.22830885686748562,0.2164993629048859,0.2023488245920316,0.20295461737348594,0.2118339452847802,0.21210281982710502,0.20621878207359357,0.2142144554091217,0.2173179551668818,0.2284569629255788,0.22879517144887562,0.2214298120453993,0.21925192776955718,0.214382264670288,0.2161694519960139,0.22389943093834533,0.22117250682252143,0.22435230657756933,0.2247001595700098,0.22855629566348135,0.22882970728915522,0.22851699578556067,0.22882560832451582,0.22888928612226828,0.22884753129079993,0.22885998152788997,0.2288130440797522,0.2288498169801066,0.22888024133104234,0.2288939972163167
0.21952134615444577,0.2191379376178359,0.21939346864469517,0.21951050312985432,0.21939190003911502,0.219513235117033,0.21935112447556024,0.21945995410325125,0.21944513494645576,0.2195402954624747,0.21944099201140918,0.2143401143250968,0.21407580416904828,0.20946090304187034,0.21046991270540458,0.21377184226639326,0.21428876586457787,0.21271067674852923,0.21539101071785113,0.218631001246864,0.2192510642715908,0.2144166040087581,0.20508479611520436,0.20648645096139928,0.20574242375940063,0.1985446392516989,0.24999999999999956,0.19303663934463605,0.20336732023635096,0.21796077198777583,0.21894044813985777,0.20905867392655372,0.1938393149450238,0.1964930752359527,0.2048768561436692,0.20410731904353288,0.19482173679066841,0.20510312612191195,0.2067253817099796,0.21914274725628502,0.2194389881370807,0.21183207777556842,0.21110868655296353,0.20370576854583897,0.20827091079560844,0.21422144583056776,0.21257210246293098,0.21497996172435785,0.21564874981986215,0.21922600048170765,0.21947834007776457,0.21917843336680834,0.2194755789511109,0.21953547371582124,0.21949234376781676,0.21950736526221185,0.2194620335722594,0.2194976189205135,0.21952683123663247,0.21953999369138802
0.2234352761633895,0.22304500662133253,0.22330165411698288,0.22342424296049632,0.22329287115320198,0.22342701060774162,0.22325827211649765,0.22337313705103137,0.22335736437975998,0.22345454040137602,0.2233515716301729,0.2177669527481438,0.2170280470604827,0.2112511249813072,0.21435384973348606,0.2172920278407814,0.2178032566985656,0.21663371257640132,0.21905635897810127,0.2225450055204556,0.22314441311464944,0.2164774307239536,0.2042030778646085,0.20587812018656568,0.20865641343994445,0.20400863692118398,0.19303663934463605,0.24999999999999978,0.20630809726382202,0.22201717537692775,0.22288059618672126,0.21360685733943757,0.1990585912860782,0.20154403431647624,0.20894467435444028,0.20667328910725322,0.2010040196677138,0.20840209176408353,0.2118150478472484,0.22303145850332795,0.22335897428273885,0.2165531053197956,0.21489765985817616,0.21031588390262135,0.21155176393583297,0.21846645891190594,0.21623387344864375,0.21885021796332935,0.21941860249149,0.22312565954069635,0.22339149546551346,0.22308621533463338,0.22338759889801657,0.22344965681297455,0.22340845197861958,0.22342104844810395,0.22337507776496285,0.22341112589478707,0.2234408579044494,0.22345425617439718
0.2327261739199172,0.23231973383739965,0.2325866860235226,0.2327146835595944,0.23257379916754312,0.23271753440011006,0.23254780726683907,0.23266120260424017,0.23264613336059534,0.23274625179986988,0.2326371181893386,0.22666298526569356,0.22658152803824375,0.22018750824018302,0.22325286868536937,0.22675096932783073,0.22659748550227796,0.22586277058039111,0.22805253583602345,0.23181925653220198,0.23243486371383373,0.22614646461820725,0.2123231968615578,0.2167465453000061,0.21734647666492996,0.21294751040818743,0.20336732023635096,0.20630809726382202,0.24999999999999964,0.23116306168079634,0.23212337060248864,0.22036928756500876,0.20601327075694292,0.20602287173012687,0.2164976340815383,0.21557720730525806,0.20822899888072827,0.2177367901963536,0.21979949389611825,0.23231690266769378,0.232639693656957,0.22485210214319984,0.22321954508882455,0.21645719950287612,0.22017000418486604,0.22724618252931028,0.2250526706265937,0.22806127715344252,0.22855934638252928,0.23240918330929985,0.2326805770602007,0.23236262071126185,0.2326770800957719,0.2327411516933864,0.23269664828992193,0.23271135290092818,0.2326634020193936,0.23270101942436203,0.23273194569899683,0.23274594315877048
0.24835558132657531,0.2479218314233712,0.24820579466175963,0.24834331972366733,0.24818845031278014,0.2483463637505417,0.2481674529368706,0.2482863611873487,0.24827046903255443,0.2483769991119378,0.24825971238257785,0.2416709070089976,0.241438492854708,0.23424887242163422,0.23825311684318554,0.24182827959897024,0.24159800155703975,0.2413557076036172,0.24324879451577944,0.24738859315174228,0.24804598727755583,0.24040092907588576,0.22409281442345938,0.22893944298413724,0.22985672385104974,0.22747000284490987,0.21796077198777583,0.22201717537692775,0.23116306168079634,0.24999999999999956,0.2477321128619508,0.23399456129277316,0.2173740811299292,0.21886894976467253,0.22927591398760144,0.2300610007408588,0.22370765615982133,0.23256650958458708,0.23543129601551083,0.2479189115388414,0.24826699340891326,0.23946881449641794,0.23784018272767118,0.2304758687035487,0.23481954852577594,0.24268766878564094,0.23989594963988636,0.24344908964105505,0.24383150243871815,0.24801728173218854,0.24830691894353604,0.24796761578998383,0.2483044890668456,0.2483715656514496,0.24832508757407754,0.24833976615895714,0.24828880000542225,0.24832873751173398,0.2483618062720023,0.2483766782265292
0.24930280945945302,0.24886740454631928,0.24915263916096672,0.24929050083381318,0.249135405092025,0.24929355846369824,0.24911438986617934,0.249233313122624,0.24921743717806552,0.24932430974522654,0.24920665000950531,0.24259632707397027,0.2423730477819618,0.2352036316723481,0.23915014084957542,0.24278510960396688,0.24250600117689056,0.24230143234960339,0.24416745699376732,0.24833097953994804,0.24899274521770162,0.2413347736342801,0.22500504768069068,0.22983932570360005,0.23076601452805734,0.22830885686748562,0.21894044813985777,0.22288059618672126,0.23212337060248864,0.2477321128619508,0.24999999999999975,0.23488930977707204,0.21805022937496366,0.21974792079436936,0.23004336441185896,0.2309968779451668,0.22454458466650806,0.2334762543087423,0.23633773747929337,0.24886558466701278,0.24921383387403725,0.2403467660797752,0.23877293964031931,0.23126829230649992,0.2357456035676352,0.2436048223320573,0.2408177836586573,0.24437488191152715,0.24476364685970145,0.24896367229959046,0.2492539616250369,0.24891336578622003,0.24925166904844712,0.2493188547130341,0.24927214049427987,0.24928693389908602,0.24923576950778153,0.24927586326181309,0.24930906362192684,0.24932398682297896
0.23549985240017673,0.23508853000768357,0.23535938072705195,0.23548822287544224,0.23534542520779952,0.2354911362231533,0.23531834280255265,0.23543418961496285,0.23541880191391443,0.2355201652801117,0.23541047793468592,0.22928852710876813,0.22877352243329663,0.22244979589389868,0.22585365741141994,0.22964302481831975,0.22919913083534818,0.22965280925552028,0.2307006043582297,0.23455734989698135,0.23520375967881002,0.22786950452364818,0.21245329641813746,0.21685026489609113,0.21868938389703915,0.2164993629048859,0.20905867392655372,0.21360685733943757,0.22036928756500876,0.23399456129277316,0.23488930977707204,0.2499999999999997,0.20422696803834112,0.20654881560426885,0.21738906062151708,0.21836586237077932,0.2139344708062049,0.2206833708159396,0.22451647337866287,0.23507295818462634,0.23541457216777678,0.22657917258821456,0.22534880382507144,0.21783018249791675,0.2228613959853198,0.22998585272495398,0.2277841891707288,0.2307530916336197,0.23127643972389464,0.2351765110025622,0.2354537098436837,0.23513195963215866,0.2354496937948785,0.23551500921316132,0.23547071452170346,0.2354848557622393,0.23543654078678103,0.23547439811259688,0.23550576331547404,0.23551985725289137
0.21862654301938217,0.2182447617821879,0.21849164593219675,0.21861575378446005,0.21846889453154777,0.21861838473797338,0.21845422648663054,0.21856559912845225,0.21855010679927614,0.2186453945167481,0.21853941429731227,0.21244295776477978,0.2124837529010145,0.20506897740169333,0.2100676862803997,0.2124822455303009,0.21329865639680712,0.2129211817722242,0.21447418666882498,0.2177924680262821,0.21834553595683934,0.2114736924845964,0.19431013357996024,0.2013381999383392,0.2022392317722716,0.2023488245920316,0.1938393149450238,0.1990585912860782,0.20601327075694292,0.2173740811299292,0.21805022937496366,0.20422696803834112,0.25000000000000006,0.1890885919841903,0.20218083970788678,0.20241706592893355,0.20143879086278232,0.20582145488311648,0.20950835885442437,0.21822072707077442,0.21854537321834486,0.21076894736683172,0.20852538340519142,0.20252298552564857,0.20628356771170767,0.21388888283179444,0.2112971096302538,0.21465046205602586,0.21463017838868048,0.21831958617686567,0.21858370423954407,0.21828498381164016,0.21857756705354778,0.21864061403924415,0.21860004669900154,0.21861262130525339,0.21856748101602044,0.21860291251883285,0.21863185985907146,0.2186451145460646
