x1,x2,x3,x4,x5,x6,x7,x8,x9,x10,x11,x12,x13,x14,x15,x16,x17,x18,x19,x20,x21,x22,x23,x24,x25,x26,x27,x28,x29,x30,x31,x32,x33,x34,x35,x36,x37,x38,x39,x40,x41,x42,x43,x44,x45,x46,x47,x48,x49,x50,x51,x52,x53,x54,x55,x56,x57,x58,x59,x60
0.25,0.2478692322477547,-0.09368492020455405,0.24869753732153246,-0.11742156818305487,0.24876698894610902,-0.1616477018982285,0.2488902797143095,-0.19735725096688936,0.24905934326567108,0.06915621540417277,-0.07242173033116263,0.08386715869810336,-0.08559513201832009,0.11098527636662675,-0.11344224686044165,0.155948051792442,-0.18176189260534126,0.1911171069818701,-0.16331768275425043,-0.03775323296879139,0.05088766110661946,-0.05685876467595158,0.06346569054018623,-0.05788122619943481,0.07099995400438615,-0.06907771055526465,0.11308758063014485,-0.11420461341122276,0.16557407390070025,0.05871310605723444,-0.04912901378034508,0.047801294399455206,-0.04037747530767359,0.04000785213605813,-0.01718180619520584,0.0339578775594403,0.03564469740193624,-0.03662506004939438,0.13977881777083556,-0.02212130885342063,0.021233298418208094,-0.014395335229853975,0.014154580308035184,0.03278015118765605,-0.03937600676120282,0.08320778780443412,-0.09551540331680289,0.12751043556309677,-0.12476669978629883,0.24801206801739228,0.248295496599016,0.0007072784938862513,0.24813168913912415,-0.04895784167061739,0.24823432916816826,-0.09403492919855039,0.2486646280626801,-0.1404462014619663,0.2490590255167892
0.2478692322477547,0.24999999999999986,-0.09564117964396202,0.24845823298586733,-0.11892765658789077,0.24851892734563522,-0.16213761782910022,0.24863738173104755,-0.19721330859131206,0.2488050434717835,0.0710671027718172,-0.07433393702294196,0.08577974194038647,-0.08748491785593732,0.11255410654684875,-0.11472264511914744,0.1564988726017811,-0.18181310748827778,0.191012276358116,-0.16357081635354392,-0.03948196493003276,0.05268647355901498,-0.05864193007000998,0.06527282090299544,-0.059642295873374725,0.07257917438776862,-0.07050153174752963,0.11396263757055469,-0.11507767397144826,0.16580575264219188,0.060445886768418056,-0.05086068310224433,0.049541029276506714,-0.04206798314399548,0.041701382206476185,-0.018696881444015025,0.03534613019566106,0.03460468345434917,-0.03559033313057403,0.13925344555273084,-0.023707508580925057,0.022828332165763788,-0.015962417841869452,0.015720949840558714,0.031451808756308555,-0.03813851948305593,0.08233853811318115,-0.09476953326773385,0.12692649294216002,-0.12416986915031197,0.24776590726933467,0.24803780481113147,0.0022057189387569833,0.2478727580693142,-0.04770882259074608,0.24797592507971572,-0.09321842468846368,0.24840863619777645,-0.13992555048778524,0.24880471639934731
-0.09368492020455405,-0.09564117964396202,0.24999999999999983,-0.09493811261985645,0.20604542962638517,-0.09484314447566698,0.1366161720907416,-0.09448458864756826,0.09848669828717814,-0.09457560219934028,-0.225001845231078,0.22828746719843096,-0.2397544939854312,0.2379735536807284,-0.2129675099066604,0.1896187900637244,-0.14063781828826963,0.11026240995083983,-0.10064267881570882,0.12125039946750565,0.19285338300280142,-0.2063564200141676,0.20974538104907026,-0.21641995901984007,0.21020183419396773,-0.1998609010771377,0.18454806261301554,-0.1560508391065789,0.1564330058170299,-0.12041418043712845,-0.20585530094302584,0.20139970685782072,-0.20145471935008494,0.19333159616289775,-0.1936605607768976,0.16537299030663846,-0.16251446125295463,0.09279996010627146,-0.091788078589607,-0.010893240863793818,0.1736967574537464,-0.17416975895000253,0.16807922017401497,-0.1678948341142475,0.12094060337212241,-0.10927678845038069,0.05144344840330317,-0.03334812976966963,0.0011018245122806102,-0.0037704855018978007,-0.09490234285533974,-0.09385705311038907,-0.15437055987083537,-0.09364879889189508,-0.10489226429486696,-0.09375146501154653,-0.04073388884565853,-0.09420666926754737,0.011747346148621397,-0.09457459027220234
0.24869753732153246,0.24845823298586733,-0.09493811261985645,0.2499999999999999,-0.11868151815589568,0.2493581744990179,-0.16234435233489244,0.2494661467354901,-0.19798322525008386,0.24963282776485926,0.07041276321969382,-0.07367966993305608,0.08512759084447502,-0.08685539224110983,0.1122474024035607,-0.11451920434415505,0.15666822652835238,-0.1824206210080158,0.19173677773867195,-0.16404729480511657,-0.038812204208926976,0.052022416336046796,-0.05799423574638953,0.0646290370357793,-0.05899821256633646,0.07205894300598893,-0.07006123079938577,0.11398550862241197,-0.11510535643680485,0.16629996043859183,0.05982921383934904,-0.050213082005685646,0.04888470726908665,-0.04141047702855375,0.04104053518135808,-0.01805285608023543,0.034819412835789945,0.035169861487426526,-0.036155796683764625,0.13987951704581925,-0.023046860592348468,0.02216107525610421,-0.0152870658366686,0.015045147667214511,0.03215388689802591,-0.038816501629935114,0.08296451519560326,-0.09537060197213014,0.12754448866219903,-0.12478591678145505,0.24858698303039434,0.24886495803743838,0.0015227192950598779,0.2487000153802095,-0.04842073433173178,0.24880323980444813,-0.09385112104967068,0.24923605660282405,-0.1405515840558372,0.24963250432960007
-0.11742156818305487,-0.11892765658789077,0.20604542962638517,-0.11868151815589568,0.2499999999999998,-0.11861935584683489,0.1700528178893892,-0.11823220276228827,0.12533375633914376,-0.11832616422949829,-0.2006447380934214,0.20396785477796636,-0.2154178470036041,0.21710410401074653,-0.24250285058374316,0.21839324596033405,-0.1733873010292517,0.13606693182371876,-0.12577077798097713,0.13991165796919178,0.16895402210158747,-0.1823998088488803,0.18768699637367367,-0.1949803603864787,0.18911264254921373,-0.18996564089645454,0.1744541325730621,-0.15876991034087531,0.15934704347143147,-0.13898867153089312,-0.18502711865191954,0.17959721642306364,-0.17929922560463502,0.17129050554591202,-0.17154350772185348,0.1445614214772285,-0.1465824337198378,0.07648281677990906,-0.07547857065954129,-0.027877223741381886,0.15183225905738568,-0.15209767130943944,0.14581066737702258,-0.14561288012746523,0.09847847977143837,-0.0880832829347105,0.03337052530849807,-0.01661021828547085,-0.015779279594148612,0.013078220424723161,-0.1184466213412298,-0.11759693398997054,-0.1320305940791487,-0.11739395349551415,-0.08230904639477149,-0.11749688429217993,-0.02257475866338591,-0.1179484414222024,0.02874700491194489,-0.11832496375352049
0.24876698894610902,0.24851892734563522,-0.09484314447566698,0.2493581744990179,-0.11861935584683489,0.24999999999999983,-0.16274703835307525,0.24955324342562332,-0.19804794913959317,0.24970215087945302,0.07034313510846485,-0.07361001291864058,0.0850579872265929,-0.08678604578053706,0.11218215305951683,-0.11456124703060697,0.1570353303258725,-0.18250441776384715,0.19179971419751515,-0.16403464521405978,-0.0387424691788404,0.05195263756687327,-0.05792497281757425,0.06455954431848852,-0.05893092483049714,0.07204141290790998,-0.07002451569547027,0.11386926752393682,-0.11498881223232305,0.16628436423643467,0.05976176279319746,-0.050143491806870805,0.048815570411550636,-0.041342200332802226,0.040972126339807895,-0.01798767549549036,0.03476160034737402,0.03522841507184095,-0.03621442594206699,0.1399389514804235,-0.02297849251765687,0.022092096235384936,-0.015218457738616657,0.014976560618319448,0.032222099370596224,-0.03888223769799594,0.0830255905715149,-0.09542972241600425,0.12760371635471823,-0.1248450991072521,0.2486556851883635,0.2489342582418531,0.0014540710148491628,0.24876933279715668,-0.04848909163366064,0.24887255522847826,-0.09391231434726519,0.24930536604262116,-0.14061090961171732,0.2497018259046244
-0.1616477018982285,-0.16213761782910022,0.1366161720907416,-0.16234435233489244,0.1700528178893892,-0.16274703835307525,0.24999999999999975,-0.16261592976817268,0.19789374879729282,-0.16245684186871145,-0.12317881100905789,0.1262908770742387,-0.13770282552555366,0.1393837946096713,-0.16483179867334408,0.1888899967846654,-0.24267772236468135,0.2018530347009063,-0.19887926087149072,0.181611919645489,0.09195834133132996,-0.10523861110563386,0.11080843256033752,-0.11799680376997213,0.12591019204599052,-0.14694003148514898,0.14684055829941173,-0.15185207587144312,0.15265051723907533,-0.18162995307546445,-0.11056405045609485,0.10907115645965385,-0.10842521150237348,0.10800643855914109,-0.11015296222673099,0.10197172311109962,-0.11283385427448414,0.042966367748378524,-0.041977949753927525,-0.06125628893381089,0.08873401464744778,-0.08852962265572205,0.08478618023868813,-0.0847129931574773,0.04603770798517324,-0.04582642772687917,-0.002695239815988412,0.0168953209504737,-0.04911745612657556,0.046398506827478724,-0.1620855930259479,-0.16176334505703094,-0.07154781502204235,-0.16155974079426055,-0.030000000365372897,-0.16162982191088643,0.013508783830015548,-0.1620689807493441,0.06212916912882393,-0.16245586096560316
0.2488902797143095,0.24863738173104755,-0.09448458864756826,0.2494661467354901,-0.11823220276228827,0.24955324342562332,-0.16261592976817268,0.24999999999999975,-0.19832633318448992,0.24982490584587289,0.06997855729492597,-0.07324388801191435,0.08469184402266988,-0.0864199836887673,0.11181715385335421,-0.11435293700638005,0.15691414498580872,-0.18271413045202983,0.1920687129079575,-0.16425125140820127,-0.03838073656045247,0.05159023206984197,-0.057563719346062414,0.06419863410182923,-0.05866770433837686,0.07183548717881855,-0.06994583904885361,0.11398631116535198,-0.11510731439443106,0.1665092773335241,0.059410150047687973,-0.04982854127287357,0.04849868651735712,-0.04107968316207954,0.04072426990641894,-0.017870340905561853,0.034678519230528476,0.03531054798327257,-0.036296403419564506,0.14002092788171358,-0.0227160764173989,0.021828041544510738,-0.014973370804367041,0.014732413586480279,0.032404359896503844,-0.038997299605114596,0.08311751024116643,-0.0955120148492186,0.1276855645978282,-0.1249268908511851,0.24877664249139272,0.2490573299513048,0.0012127730801872732,0.2488923383454072,-0.04867040375017571,0.24899531921932863,-0.0940043426559641,0.24942808392657811,-0.14069307142815596,0.24982458429368185
-0.19735725096688936,-0.19721330859131206,0.09848669828717814,-0.19798322525008386,0.12533375633914376,-0.19804794913959317,0.19789374879729282,-0.19832633318448992,0.2499999999999998,-0.1981581990361773,-0.07870172164814027,0.0816994734041554,-0.09309107719372012,0.09477461174976572,-0.12022851748976585,0.1419887236155068,-0.19412746981047468,0.23057280107480235,-0.24160088578915814,0.21372409632889036,0.04889928647320699,-0.06200749640534012,0.06776594488013504,-0.07471128315130304,0.08223271404325418,-0.10293080260345851,0.11874864156403553,-0.16284573628113094,0.16393426680856718,-0.21467211157079674,-0.06934422459407931,0.06622656506212511,-0.0650210051030544,0.06536190641669752,-0.06734444483401415,0.06665250237681827,-0.0839250881982136,0.01453860600860362,-0.013580906841338855,-0.0892284135663312,0.047082270772027215,-0.046528912686136355,0.0429516661720889,-0.0428688568123153,0.006957221059074762,-0.010815406981207318,-0.03288474031098718,0.04511305401327008,-0.07709411216190534,0.07436814366003654,-0.1974390343876232,-0.19747231483211172,-0.029942167916478094,-0.1972761586230152,0.008989972035861566,-0.1973358927017759,0.04367431271263911,-0.19776439754213804,0.09008635734570945,-0.19815772232006484
0.24905934326567108,0.2488050434717835,-0.09457560219934028,0.24963282776485926,-0.11832616422949829,0.24970215087945302,-0.16245684186871145,0.24982490584587289,-0.1981581990361773,0.2499999999999998,0.07005168285933705,-0.07331840001242988,0.08476629588518789,-0.08649452522690737,0.11189111178340463,-0.11426885662622926,0.15674370194804643,-0.18254441829020354,0.19189825413877667,-0.16408084447697246,-0.03845151701759066,0.05166102771662403,-0.057634886269464065,0.06426791508655436,-0.05863828166485979,0.07174834242766692,-0.06977595992388098,0.11381593682535507,-0.11493700620471022,0.1663396247739048,0.05948163868297558,-0.04985421214176525,0.048523476164312136,-0.041050848133760594,0.04067921622419598,-0.017702449340424066,0.03450788570549075,0.03548102490856535,-0.036466944135036095,0.1401913222795988,-0.022690061407286938,0.021801096469508566,-0.014925760704424924,0.014683739462317165,0.03251520316579565,-0.03916781715660384,0.08328787538252637,-0.09568247195303728,0.1278556688200418,-0.12509695251456524,0.24894613690670384,0.24922723224136656,0.0011615083455827095,0.24906239510772563,-0.04878225781841341,0.249165619518157,-0.09417469221851338,0.24959838570475718,-0.140862801311825,0.24999488478983373
0.06915621540417277,0.0710671027718172,-0.225001845231078,0.07041276321969382,-0.2006447380934214,0.07034313510846485,-0.12317881100905789,0.06997855729492597,-0.07870172164814027,0.07005168285933705,0.25000000000000006,-0.246317318974357,0.23502803472595557,-0.23324168453694605,0.20780152508574848,-0.18270999960791603,0.12775665852732113,-0.0923075397491991,0.08121040808966219,-0.1049529656155891,-0.2108498537861452,0.22410272601772738,-0.21871185532457826,0.22120604899296953,-0.21489219919828448,0.19983372148314654,-0.18334534775205413,0.1472109149404788,-0.147480615174899,0.10387910202106067,0.21394816869579703,-0.2103637983388269,0.21072835780949303,-0.2027663602136256,0.20305542353394476,-0.1745146330107858,0.16717778812766854,-0.10119794628925487,0.10022801102536812,-0.003152765306032515,-0.18393156688212528,0.18455850956864636,-0.17888077471548633,0.17871445796032642,-0.13400528569300782,0.12148127508649374,-0.06350195879862584,0.04502025923782101,-0.014475005603645928,0.016984117372049246,0.07053773116936819,0.06937593306171004,0.16589227881930074,0.06917384924700819,0.11884602156573015,0.06927207005601994,0.053392260189907906,0.06970873901995053,0.002364972893528023,0.07005066600139145
-0.07242173033116263,-0.07433393702294196,0.22828746719843096,-0.07367966993305608,0.20396785477796636,-0.07361001291864058,0.1262908770742387,-0.07324388801191435,0.0816994734041554,-0.07331840001242988,-0.246317318974357,0.2499999999999999,-0.23847069148061628,0.23668245069295057,-0.2112231918720363,0.18594341572648507,-0.13082891577462144,0.09524492647047678,-0.08411902139800934,0.10784905546310207,0.213615665355169,-0.22715331154750684,0.22171033278667646,-0.22429709223499286,0.21790087734816577,-0.202825656369546,0.18615811225549417,-0.15007353742568721,0.1503576606490594,-0.10678662972078169,-0.21691190808056574,0.21321077265413577,-0.21356641251465663,0.2054627504796658,-0.20575843749233186,0.17670860997400162,-0.1694569600301257,0.10202595829443166,-0.10103514351650701,0.0018172567455741482,0.186228064313784,-0.18685332877838753,0.18105075745866364,-0.1808805855975222,0.13521410928306732,-0.12250359278112354,0.06342271662805941,-0.044606580917504184,0.01339172833626255,-0.015956980801637544,-0.07379949093971673,-0.07262741985565868,-0.16777813926720384,-0.07242133771065012,-0.11971996288782892,-0.0725216160865457,-0.05308903053473379,-0.07296758459460928,-0.0010136606498875314,-0.07331736974351881
0.08386715869810336,0.08577974194038647,-0.2397544939854312,0.08512759084447502,-0.2154178470036041,0.0850579872265929,-0.13770282552555366,0.08469184402266988,-0.09309107719372012,0.08476629588518789,0.23502803472595557,-0.23847069148061628,0.24999999999999994,-0.24815733090930375,0.22269757250535566,-0.19741718850657505,0.14228229211237406,-0.10670282130247348,0.0955731749731093,-0.11928915299046539,-0.20298870901222596,0.2165238888261691,-0.2198538518373941,0.22658096572314604,-0.2202968827736975,0.20898792408758166,-0.19256215258333556,0.15927993129715243,-0.1596194043715358,0.11822642426588283,0.2156136086332985,-0.21145368857156588,0.21159001323232993,-0.2033945422364089,0.20376420571008055,-0.17507981332541656,0.17107396812053421,-0.10127898845780386,0.1002644150329155,0.002493980545706051,-0.18365528372147907,0.18421593651274826,-0.17815613190550553,0.17797455911182147,-0.13094772076838626,0.11895445582341611,-0.06024288659113673,0.04179127695064414,-0.009495582205696691,0.012162561435313904,0.0851816859425306,0.08404975335870289,0.1644304898570773,0.08383846561856263,0.11488995969805302,0.0839413294633264,0.049529327629332674,0.08439845558352949,-0.0033632495607813224,0.08476520980741495
-0.08559513201832009,-0.08748491785593732,0.2379735536807284,-0.08685539224110983,0.21710410401074653,-0.08678604578053706,0.1393837946096713,-0.0864199836887673,0.09477461174976572,-0.08649452522690737,-0.23324168453694605,0.23668245069295057,-0.24815733090930375,0.2499999999999999,-0.2243833286515341,0.19911537361853635,-0.14396444404654285,0.10835984153297895,-0.09722929338285681,0.1208279704519015,0.20158098717369205,-0.2151227749825371,0.22025854942969106,-0.22773072673290606,0.22148454833375358,-0.21036348678826328,0.19396653185316395,-0.1607452420625173,0.1610898664031097,-0.11976604109416716,-0.21607639203427134,0.21185598411719248,-0.21196450944818299,0.20374374602706957,-0.2041308031580216,0.17543440276019456,-0.1718090736308447,0.10148825296686101,-0.10046740515863443,-0.0030722184310599406,0.18387745770933234,-0.18443160886868995,0.17832473174685165,-0.17814136028489239,0.13080918671519032,-0.1188846980990161,0.06001674836850102,-0.04154605475576934,0.009008840229819993,-0.01169727400244022,-0.08690268918342356,-0.08577252680664972,-0.16449842256957276,-0.08555986559789297,-0.11462840158670784,-0.08566331466428453,-0.04922042291984869,-0.08612335374172214,0.003952277017654056,-0.08649342511853339
0.11098527636662675,0.11255410654684875,-0.2129675099066604,0.1122474024035607,-0.24250285058374316,0.11218215305951683,-0.16483179867334408,0.11181715385335421,-0.12022851748976585,0.11189111178340463,0.20780152508574848,-0.2112231918720363,0.22269757250535566,-0.2243833286515341,0.25,-0.22444459834010813,0.16933976938973277,-0.1322648987023256,0.12115259075110626,-0.1388420907502074,-0.17613637205158122,0.18962498237968087,-0.19488545794546358,0.2022296749978518,-0.19629889574142617,0.19708394155952927,-0.18090312052376992,0.16291712711544792,-0.16347190547507148,0.13780908157120741,0.1920003230308382,-0.18675835270230984,0.18649275631001277,-0.17840707839672845,0.1786843515869941,-0.1514377296530807,0.15306065690123724,-0.08280042781415022,0.08179426225626381,0.02177874880466676,-0.15885919868994236,0.1591833360557913,-0.1528899243089473,0.15269268623907428,-0.10541305972508891,0.09485136360280438,-0.03972243665059027,0.022806151746445593,0.00966688731382393,-0.0069615597180375886,0.11207171713089417,0.11116199883363627,0.1390751828797784,0.11095667410758456,0.08920934602601607,0.11105998982300952,0.028905623514272862,0.1115130691761852,-0.022667672917359796,0.11188988245557197
-0.11344224686044165,-0.11472264511914744,0.1896187900637244,-0.11451920434415505,0.21839324596033405,-0.11456124703060697,0.1888899967846654,-0.11435293700638005,0.1419887236155068,-0.11426885662622926,-0.18270999960791603,0.18594341572648507,-0.19741718850657505,0.19911537361853635,-0.22444459834010813,0.2500000000000001,-0.19473074361595913,0.1561921933363034,-0.14512243136605826,0.1608768993106202,0.15138369207931218,-0.16483063739208362,0.17015428590294862,-0.1776455510377716,0.18595526250303307,-0.20737096037282973,0.19236981131355213,-0.17965375957596358,0.18027232590148698,-0.1598545942500685,-0.1680458816120401,0.16860426352942598,-0.16821405387899552,0.1665301769786332,-0.1688570728885462,0.15060343946302565,-0.1586640644789017,0.08842989957034945,-0.08743833227346201,-0.01619553689889003,0.1461474451797517,-0.1464020113404086,0.14206073865497565,-0.14197916895175003,0.09900911402760663,-0.09415640061770475,0.04342577503879327,-0.0283646087633162,-0.004099260698660533,0.0013771686788106633,-0.11436999992163152,-0.11356349429383354,-0.12850058285452692,-0.11335125010554528,-0.08284035903402118,-0.11343773557750916,-0.03258212197122652,-0.11388259321640698,0.017205354042274513,-0.11426765356221229
0.155948051792442,0.1564988726017811,-0.14063781828826963,0.15666822652835238,-0.1733873010292517,0.1570353303258725,-0.24267772236468135,0.15691414498580872,-0.19412746981047468,0.15674370194804643,0.12775665852732113,-0.13082891577462144,0.14228229211237406,-0.14396444404654285,0.16933976938973277,-0.19473074361595913,0.24999999999999983,-0.20782788232438312,0.19677755367088054,-0.18136606712287914,-0.0965030961663802,0.1098139361488576,-0.11537304835221401,0.12261607126790391,-0.13133348225471667,0.15285183970614963,-0.1530065081172681,0.15793004923665396,-0.15871081726174202,0.18039655954668932,0.11494837525997759,-0.11402186338760911,0.11338370346072733,-0.11333184356731164,0.11562980395065538,-0.1080771485585442,0.11895850032640923,-0.04897628245361019,0.04798849162268002,0.05541149650970819,-0.09396241956189902,0.09380563641413296,-0.09019766846569298,0.09013245069596287,-0.05174656031057053,0.05186769395674547,-0.0032471788059617378,-0.010979102765049273,0.043264954025093234,-0.04054216880439643,0.15642048874361003,0.156052684042752,0.07695673007091447,0.15584637985815508,0.03568807074746674,0.15591519260414202,-0.007583298343636388,0.1563550854385668,-0.056308387204878255,0.15674258298149243
-0.18176189260534126,-0.18181310748827778,0.11026240995083983,-0.1824206210080158,0.13606693182371876,-0.18250441776384715,0.2018530347009063,-0.18271413045202983,0.23057280107480235,-0.18254441829020354,-0.0923075397491991,0.09524492647047678,-0.10670282130247348,0.10835984153297895,-0.1322648987023256,0.1561921933363034,-0.20782788232438312,0.2500000000000001,-0.23852926536282956,0.21475322061405697,0.0620855786858749,-0.07536593521421225,0.081081726393885,-0.08819692056341617,0.09708273011495604,-0.11862515309060088,0.13696222766480717,-0.1811180406940753,0.18217435416177338,-0.21382629899056005,-0.0821799001707517,0.08019986747735582,-0.07900249814152684,0.08013875565396321,-0.08243850555975327,0.08449086871839302,-0.10191827483225203,0.03191107428202358,-0.030951219671981944,-0.07276663375078501,0.06167424471669125,-0.06125167994104179,0.058024022236984725,-0.05795860354700778,0.02308159539361404,-0.02825256370163349,-0.015908517966438253,0.028260644354785036,-0.06055853321596648,0.05781020917077551,-0.18195773796350026,-0.18186446751319205,-0.044973638669587826,-0.18165916614986807,-0.007013678762268497,-0.18171412171456566,0.026792188753427898,-0.18214651123770556,0.07369699397241505,-0.1825432751893855
0.1911171069818701,0.191012276358116,-0.10064267881570882,0.19173677773867195,-0.12577077798097713,0.19179971419751515,-0.19887926087149072,0.1920687129079575,-0.24160088578915814,0.19189825413877667,0.08121040808966219,-0.08411902139800934,0.0955731749731093,-0.09722929338285681,0.12115259075110626,-0.14512243136605826,0.19677755367088054,-0.23852926536282956,0.24999999999999994,-0.22115133648585394,-0.051351737362678625,0.06452081616356554,-0.07028540013577848,0.07732725725548432,-0.0862453143039522,0.10779779374876886,-0.12638299246388032,0.1706245137734048,-0.1717066303416498,0.21927416944504152,0.07176914371709421,-0.06938883914204462,0.06819124799666736,-0.06942755782643398,0.07168241252513845,-0.07402308297092772,0.09143206008942902,-0.021731220434996337,0.020771916204685197,0.08249910624961841,-0.05109993701618773,0.050591976291116926,-0.04739945302057429,0.04733463007502375,-0.012728960339947797,0.018009029514444316,0.025902332743670483,-0.038185508003773266,0.07032344720077928,-0.06758644535658005,0.19122292145803363,0.19121895176163634,0.03441679269943551,0.1910173656771657,-0.003266018006584466,0.191071620388164,-0.03674008491177839,0.19150202556692822,-0.08338793698548586,0.19189712894195032
-0.16331768275425043,-0.16357081635354392,0.12125039946750565,-0.16404729480511657,0.13991165796919178,-0.16403464521405978,0.181611919645489,-0.16425125140820127,0.21372409632889036,-0.16408084447697246,-0.1049529656155891,0.10784905546310207,-0.11928915299046539,0.1208279704519015,-0.1388420907502074,0.1608768993106202,-0.18136606712287914,0.21475322061405697,-0.22115133648585394,0.2500000000000001,0.07650300624436109,-0.08969758170850693,0.09528915271807833,-0.10245926590991554,0.11146760593654134,-0.13302530223592224,0.15377957852312024,-0.19793327065281596,0.1989974391205969,-0.24690792013904844,-0.09653858968019349,0.09458217214579208,-0.0933901139439442,0.09479569711598484,-0.09721629394510768,0.10145874355453387,-0.11892598112119884,0.049287072476193114,-0.04833938019944626,-0.05482563615766997,0.07649210452570146,-0.0762105743891045,0.07320959886589452,-0.07315229863901303,0.03947269263115565,-0.045602820595281784,0.0017023548897296965,0.010557383065667595,-0.042716929971827036,0.03998434102114971,-0.16364224348795847,-0.16341526417509059,-0.06028232287295877,-0.1632041843400075,-0.02350414442829468,-0.16325487488215856,0.009122369747393997,-0.1636848830567798,0.055818939387052395,-0.16407967558605127
-0.03775323296879139,-0.03948196493003276,0.19285338300280142,-0.038812204208926976,0.16895402210158747,-0.0387424691788404,0.09195834133132996,-0.03838073656045247,0.04889928647320699,-0.03845151701759066,-0.2108498537861452,0.213615665355169,-0.20298870901222596,0.20158098717369205,-0.17613637205158122,0.15138369207931218,-0.0965030961663802,0.0620855786858749,-0.051351737362678625,0.07650300624436109,0.25000000000000017,-0.23638536233058333,0.23043010556965746,-0.22096221131634486,0.21444705942077008,-0.18853864908017695,0.1714932567869808,-0.12606837489382056,0.1261994451981936,-0.07511406645988901,-0.22847337012951818,0.22672184529924316,-0.22777503075200276,0.21978964900918146,-0.21848629847961157,0.18801437682274905,-0.1706371027020482,0.10835643403003335,-0.10740298983118358,0.01592104787153263,0.20143595821907304,-0.2022948521995484,0.19718124697775177,-0.19704581460299558,0.15433956929327217,-0.13801499025968522,0.07597680057566106,-0.05547093803989557,0.02658429672841962,-0.028918414985652428,-0.039166635265251604,-0.03781918673463412,-0.18489564357548938,-0.037621601509790305,-0.14011929708206275,-0.037716117843650525,-0.06648913358429094,-0.03814354786310072,-0.015303920306368016,-0.038450629598977513
0.05088766110661946,0.05268647355901498,-0.2063564200141676,0.052022416336046796,-0.1823998088488803,0.05195263756687327,-0.10523861110563386,0.05159023206984197,-0.06200749640534012,0.05166102771662403,0.22410272601772738,-0.22715331154750684,0.2165238888261691,-0.2151227749825371,0.18962498237968087,-0.16483063739208362,0.1098139361488576,-0.07536593521421225,0.06452081616356554,-0.08969758170850693,-0.23638536233058333,0.2500000000000001,-0.24390921708741362,0.23437194733411307,-0.22791021295896943,0.2018259218477556,-0.18492271644111527,0.13938802162724018,-0.13956737387810286,0.08841011814952454,0.23735048756366367,-0.2348394333181932,0.23583799709104813,-0.22765519479784263,0.2277908999868829,-0.19635449492042692,0.1799661835384683,-0.11231249892446175,0.11128751674790757,-0.011892869899687701,-0.20791173468076185,0.20874856837894187,-0.2032657005966145,0.2031188257605127,-0.15730696580640943,0.14203792933447695,-0.07639174199092422,0.0548398899100639,-0.023485785448577195,0.026028734513933588,0.05234122725347171,0.05097441657556195,0.18995461847125,0.050761677330639875,0.1418262941631444,0.0508622187883354,0.0660687754365469,0.0513214966543026,0.011190522934853564,0.05166007089764693
-0.05685876467595158,-0.05864193007000998,0.20974538104907026,-0.05799423574638953,0.18768699637367367,-0.05792497281757425,0.11080843256033752,-0.057563719346062414,0.06776594488013504,-0.057634886269464065,-0.21871185532457826,0.22171033278667646,-0.2198538518373941,0.22025854942969106,-0.19488545794546358,0.17015428590294862,-0.11537304835221401,0.081081726393885,-0.07028540013577848,0.09528915271807833,0.23043010556965746,-0.24390921708741362,0.2500000000000002,-0.23945538675947955,0.2330397630908952,-0.20690618514053188,0.19010394759178095,-0.1447422971003304,0.14494940743122312,-0.09404227941542138,-0.2423942318471844,0.23978255591975914,-0.24077123063051992,0.23244802354343533,-0.2326025950775974,0.2006248622585727,-0.1843254181046546,0.11393485054868811,-0.11287011938377746,0.009435586961542581,0.2119541000706359,-0.2127876998493323,0.20712880761908672,-0.2069774334896544,0.1595699147386985,-0.14410716223286635,0.07632751232285838,-0.054121443525523664,0.021504273688948493,-0.024152715235537213,-0.0583052348933973,-0.05692077929650311,-0.1932945446406318,-0.05670010281431901,-0.14346226019725508,-0.05680370091261957,-0.065582542085532,-0.05728064445354868,-0.008704716593182326,-0.05763390184881544
0.06346569054018623,0.06527282090299544,-0.21641995901984007,0.0646290370357793,-0.1949803603864787,0.06455954431848852,-0.11799680376997213,0.06419863410182923,-0.07471128315130304,0.06426791508655436,0.22120604899296953,-0.22429709223499286,0.22658096572314604,-0.22773072673290606,0.2022296749978518,-0.1776455510377716,0.12261607126790391,-0.08819692056341617,0.07732725725548432,-0.10245926590991554,-0.22096221131634486,0.23437194733411307,-0.23945538675947955,0.2500000000000003,-0.24074831072788727,0.21456335962047574,-0.19776681819663178,0.1521965060404194,-0.15238767085073654,0.10123776008291528,0.23407954691904925,-0.23086836132584873,0.23135664773675205,-0.22316876972897734,0.2236763200130118,-0.19334798010330342,0.1829661547329419,-0.1132631866342163,0.11223601243121381,-0.009738821754063251,-0.20315920196601409,0.20390935401772425,-0.19806384672545382,0.1978973982096708,-0.15094205433734473,0.1373675150573703,-0.07426580990239574,0.053966339285572845,-0.021685555224230765,0.024326546658024407,0.06486503825905715,0.06355856542449558,0.18436076820714214,0.0633419368905182,0.13494985624990893,0.0634446234551504,0.06359995617547266,0.06390912168175387,0.008922163885013825,0.06426687458194107
-0.05788122619943481,-0.059642295873374725,0.21020183419396773,-0.05899821256633646,0.18911264254921373,-0.05893092483049714,0.12591019204599052,-0.05866770433837686,0.08223271404325418,-0.05863828166485979,-0.21489219919828448,0.21790087734816577,-0.2202968827736975,0.22148454833375358,-0.19629889574142617,0.18595526250303307,-0.13133348225471667,0.09708273011495604,-0.0862453143039522,0.11146760593654134,0.21444705942077008,-0.22791021295896943,0.2330397630908952,-0.24074831072788727,0.25000000000000006,-0.22357523567788695,0.2067687646031359,-0.16122007419477924,0.1614153190454976,-0.11027964421414212,-0.22774549762740182,0.23104221618718393,-0.2316305098797931,0.22944783398012764,-0.23196134117894568,0.2015431767924494,-0.19147024867279613,0.12109821079487953,-0.12006523745471745,0.016580520715859016,0.20755560304801407,-0.20836508777497925,0.20408740361950006,-0.2040364665969954,0.15765651685704815,-0.1450415457490218,0.0816051826353818,-0.061230661648055545,0.028623664985369505,-0.03128965227332628,-0.05927077650696095,-0.05793006217103892,-0.19031246984174274,-0.057707460207279765,-0.14152462112697145,-0.05780711259450623,-0.07083549218653379,-0.05827552552534375,-0.015718955041939726,-0.05863726155036289
0.07099995400438615,0.07257917438776862,-0.1998609010771377,0.07205894300598893,-0.18996564089645454,0.07204141290790998,-0.14694003148514898,0.07183548717881855,-0.10293080260345851,0.07174834242766692,0.19983372148314654,-0.202825656369546,0.20898792408758166,-0.21036348678826328,0.19708394155952927,-0.20737096037282973,0.15285183970614963,-0.11862515309060088,0.10779779374876886,-0.13302530223592224,-0.18853864908017695,0.2018259218477556,-0.20690618514053188,0.21456335962047574,-0.22357523567788695,0.24999999999999997,-0.22874219668775625,0.1832221198129019,-0.1833962296982174,0.13225157642335025,0.20297662889343834,-0.20546611078937754,0.2055532497996972,-0.2040837456054543,0.2066946579734765,-0.1887410208788555,0.19594832830466583,-0.12672762529881687,0.1257362385251406,-0.023730877816049486,-0.18352868597199334,0.1841225831302201,-0.1802082298570303,0.18015337145656063,-0.13803903487002386,0.13326076148241353,-0.08267190541774314,0.0676102044553816,-0.03556163144828163,0.038237416496960004,0.07220519390913376,0.07106693894066081,0.16685215922847507,0.0708454361253367,0.12211897324578183,0.07092978856396912,0.07200112479385462,0.07136896961407434,0.022596373133528504,0.07174718264874311
-0.06907771055526465,-0.07050153174752963,0.18454806261301554,-0.07006123079938577,0.1744541325730621,-0.07002451569547027,0.14684055829941173,-0.06994583904885361,0.11874864156403553,-0.06977595992388098,-0.18334534775205413,0.18615811225549417,-0.19256215258333556,0.19396653185316395,-0.18090312052376992,0.19236981131355213,-0.1530065081172681,0.13696222766480717,-0.12638299246388032,0.15377957852312024,0.1714932567869808,-0.18492271644111527,0.19010394759178095,-0.19776681819663178,0.2067687646031359,-0.22874219668775625,0.2500000000000003,-0.20399323324058677,0.20417778512138754,-0.1530723960742681,-0.18628643066095268,0.18861395089690997,-0.18867292788011747,0.18969005169225622,-0.19256721248195993,0.19691839602751507,-0.2146686050825218,0.14451566614923592,-0.14351586018082432,0.039895150024607175,0.17025527483435746,-0.1707678192481514,0.16842975239156557,-0.1684211471449497,0.13469090231887976,-0.14099719242951086,0.09670214258203766,-0.08439604625623442,0.05187496171786075,-0.05461754617969992,-0.0701721568654377,-0.06913550473015638,-0.15540329211907153,-0.06889455675900062,-0.11862242005202686,-0.06894493789409825,-0.08582793515093536,-0.06937750403924557,-0.03853153138859353,-0.069774652144025
0.11308758063014485,0.11396263757055469,-0.1560508391065789,0.11398550862241197,-0.15876991034087531,0.11386926752393682,-0.15185207587144312,0.11398631116535198,-0.16284573628113094,0.11381593682535507,0.1472109149404788,-0.15007353742568721,0.15927993129715243,-0.1607452420625173,0.16291712711544792,-0.17965375957596358,0.15793004923665396,-0.1811180406940753,0.1706245137734048,-0.19793327065281596,-0.12606837489382056,0.13938802162724018,-0.1447422971003304,0.1521965060404194,-0.16122007419477924,0.1832221198129019,-0.20399323324058677,0.25000000000000017,-0.2480882733073848,0.1973666544549269,0.1437303736542294,-0.14427219288077342,0.14310213390755758,-0.14433424517225113,0.14701062191904227,-0.151478799946162,0.16911601080465052,-0.09948272486078427,0.09855327376452559,0.004548549663856595,-0.12578392033654842,0.1259257828662581,-0.1229876454089981,0.12293561335727804,-0.08942385236073518,0.09577367794543022,-0.05190196122864659,0.039692863681740395,-0.007452104653886602,0.010181270723639306,0.11382104691362101,0.11316631598082484,0.1100580525703498,0.11294018498035983,0.07345618111173084,0.11299003043544338,0.04108698146097262,0.11341983470495126,-0.005735316786850679,0.1138147039696412
-0.11420461341122276,-0.11507767397144826,0.1564330058170299,-0.11510535643680485,0.15934704347143147,-0.11498881223232305,0.15265051723907533,-0.11510731439443106,0.16393426680856718,-0.11493700620471022,-0.147480615174899,0.1503576606490594,-0.1596194043715358,0.1610898664031097,-0.16347190547507148,0.18027232590148698,-0.15871081726174202,0.18217435416177338,-0.1717066303416498,0.1989974391205969,0.1261994451981936,-0.13956737387810286,0.14494940743122312,-0.15238767085073654,0.1614153190454976,-0.1833962296982174,0.20417778512138754,-0.2480882733073848,0.2500000000000003,-0.19845532603701882,-0.1439740952785482,0.1444849489030899,-0.1432942567946261,0.14455778898794044,-0.14722890700843758,0.1518637756502589,-0.16951211338950142,0.09950096348865053,-0.09856745123653826,-0.005144358452146248,0.12597341946810814,-0.12611229830063025,0.12316390799939086,-0.12311100659272031,0.08946828960946744,-0.09584296614107239,0.05165824829407933,-0.03935872775294901,0.006928369056643489,-0.009673368150888706,-0.11493730283350599,-0.1142837227494573,-0.11016065087511608,-0.11405623364424522,-0.07340999744964365,-0.11410631621468022,-0.04077983193749781,-0.11453869676965198,0.006334535112941938,-0.11493577017141131
0.16557407390070025,0.16580575264219188,-0.12041418043712845,0.16629996043859183,-0.13898867153089312,0.16628436423643467,-0.18162995307546445,0.1665092773335241,-0.21467211157079674,0.1663396247739048,0.10387910202106067,-0.10678662972078169,0.11822642426588283,-0.11976604109416716,0.13780908157120741,-0.1598545942500685,0.18039655954668932,-0.21382629899056005,0.21927416944504152,-0.24690792013904844,-0.07511406645988901,0.08841011814952454,-0.09404227941542138,0.10123776008291528,-0.11027964421414212,0.13225157642335025,-0.1530723960742681,0.1973666544549269,-0.19845532603701882,0.25000000000000033,0.09535345303339766,-0.0933198072067437,0.09212359853196396,-0.09358116370201974,0.0960105951726598,-0.10056181621789083,0.11808838007602397,-0.04808293452372062,0.04712968036477386,0.056564453017027984,-0.07520640666818018,0.07491034134256001,-0.07191823294715186,0.07186133127785374,-0.03813747179470189,0.04441711996849715,-0.00026646063434646917,-0.012068856944515219,0.04439050032991056,-0.04164401037261564,0.16588499946925564,0.16567094472818933,0.05893273865361322,0.16545899604431472,0.022089020277243573,0.16550943507652474,-0.010613837691598047,0.16594170324660812,-0.057556700434423826,0.16633847352689546
0.05871310605723444,0.060445886768418056,-0.20585530094302584,0.05982921383934904,-0.18502711865191954,0.05976176279319746,-0.11056405045609485,0.059410150047687973,-0.06934422459407931,0.05948163868297558,0.21394816869579703,-0.21691190808056574,0.2156136086332985,-0.21607639203427134,0.1920003230308382,-0.1680458816120401,0.11494837525997759,-0.0821799001707517,0.07176914371709421,-0.09653858968019349,-0.22847337012951818,0.23735048756366367,-0.2423942318471844,0.23407954691904925,-0.22774549762740182,0.20297662889343834,-0.18628643066095268,0.1437303736542294,-0.1439740952785482,0.09535345303339766,0.25000000000000006,-0.24030656550148577,0.2389527627012567,-0.230645164800762,0.22929427504603683,-0.19726287524098104,0.18010700288419365,-0.10970678217015489,0.10864037098088436,-0.005204174753828487,-0.21134052454210692,0.21217629797654183,-0.20538399229630888,0.20515434247048472,-0.1577080544306641,0.14073775727718246,-0.07235738134560736,0.049897063795247186,-0.017284429065127265,0.019931060266138906,0.0601449274477062,0.058766590715870794,0.19154916972215652,0.05854679692238509,0.1416325208108009,0.05865044442696374,0.06162163511597215,0.05913029150821836,0.004519915713842686,0.05948068055963562
-0.04912901378034508,-0.05086068310224433,0.20139970685782072,-0.050213082005685646,0.17959721642306364,-0.050143491806870805,0.10907115645965385,-0.04982854127287357,0.06622656506212511,-0.04985421214176525,-0.2103637983388269,0.21321077265413577,-0.21145368857156588,0.21185598411719248,-0.18675835270230984,0.16860426352942598,-0.11402186338760911,0.08019986747735582,-0.06938883914204462,0.09458217214579208,0.22672184529924316,-0.2348394333181932,0.23978255591975914,-0.23086836132584873,0.23104221618718393,-0.20546611078937754,0.18861395089690997,-0.14427219288077342,0.1444849489030899,-0.0933198072067437,-0.24030656550148577,0.25000000000000044,-0.24854128185218755,0.24021973317854414,-0.23762508026446816,0.20546411218962932,-0.18770687709183195,0.11728549231762797,-0.11620950711120977,0.012781275480695407,0.22090507765338524,-0.22182465001501644,0.21503973370094562,-0.21481097153431097,0.16732859336069994,-0.14896428435307335,0.08012593078750911,-0.057482878184211925,0.024846966033127003,-0.027491729820282446,-0.05060468082348584,-0.04914181987676321,-0.2011996033594138,-0.0489192048808429,-0.15127978374961445,-0.04902288214018322,-0.0693984691210422,-0.04950531983512608,-0.012091235901037521,-0.04985327309983744
