x1,x2,x3,x4,x5,x6,x7,x8,x9,x10,x11,x12,x13,x14,x15,x16,x17,x18,x19,x20,x21,x22,x23,x24,x25,x26,x27,x28,x29,x30,x31,x32,x33,x34,x35,x36,x37,x38,x39,x40,x41,x42,x43,x44,x45,x46,x47,x48,x49,x50,x51,x52,x53,x54,x55,x56,x57,x58,x59,x60
0.25000000000000006,0.24957930101654555,0.24597652877314444,0.2497819619907797,0.24590418331959266,0.24934428937215397,0.2447746578639671,0.24970170143088197,0.24794913897450863,0.24981940811549078,0.24866437916246872,0.09310332973882746,0.1804166153233337,0.10331511382721326,0.14878879787677363,0.11946323286866882,0.1271018210888694,0.18379034236800987,0.08301429291162855,0.2496793906847742,0.2492249010484099,0.1810537062053753,0.16967293322041577,0.1971401997484904,0.14936077734942033,0.20425071796744915,0.15715110691932424,0.19269527119644464,0.15562907919002134,0.2486173095391383,0.24909174121486097,0.200820638798772,0.1477211145161772,0.19243312976890392,0.16116263811232767,0.1906806501337308,0.17215173356079175,0.1630656865231365,0.16092417852200586,0.24821855643500593,0.2494199299215574,0.12009212410178109,0.1683007438171398,0.12527345656982974,0.14554710314747923,0.15575781964229685,0.11000929470129742,0.17954341129734946,0.06555655546211804,0.24958810651566196,0.24980586801265445,0.24976388692425452,0.24800638525259705,0.24978834591508778,0.24555351765327701,0.24945655095337096,0.24173374993832297,0.24971189011035122,0.24512422065927522,0.2498191716698777
0.24957930101654555,0.25,0.24591032660341747,0.24971876288487066,0.24584117966937613,0.2492812858136635,0.24470935555894827,0.24963850469681967,0.24788713436545537,0.24975618432424257,0.2486012133317732,0.09308783056673094,0.18036531970224795,0.10330320540080316,0.14875836563053024,0.11943461326474132,0.12707565303967233,0.18373952073395877,0.08299095928061373,0.2496161878239027,0.24916187333653725,0.18099420476612643,0.1696361762075171,0.19707436588777782,0.14932566976381775,0.2041835116007835,0.1571159775711809,0.1926375603093947,0.15559809509952366,0.24855426389804341,0.2490286935092893,0.20076800644022122,0.14767924595731477,0.1923774363354301,0.1611209097326728,0.19062889225980725,0.17210532551259747,0.16302181359780935,0.1608777718991454,0.24815547705967198,0.24935679330499746,0.12006183817918714,0.1682562665948686,0.12524373489303703,0.14550792715738195,0.155720545743834,0.10998021842910917,0.17949880030211687,0.06553825335055845,0.24952492641542853,0.24974264784488975,0.2497006773801067,0.24794362329501551,0.2497251300844655,0.2454909787953908,0.24939340345601654,0.24167169063055283,0.24964869033990061,0.24506168377351678,0.24975594813364613
0.24597652877314444,0.24591032660341747,0.25000000000000006,0.24611250822151523,0.24226518121896767,0.24568149127786615,0.24113490491323417,0.2460341578756745,0.2442869865784396,0.24614991828317279,0.24500310018452676,0.0913224999056559,0.1767164074962419,0.10202994115842594,0.1467363795538393,0.11743636363924001,0.12540340027740954,0.1809424830139354,0.08180181819212116,0.24601203066622346,0.2455640130623905,0.1784852436782725,0.16718588555289615,0.19416540781184946,0.1471450080866792,0.20106663522460413,0.15491369235846378,0.1897723198681987,0.15333845615151367,0.24496572840481684,0.24543229108494116,0.19779348375589792,0.1455716186282642,0.18938649948383707,0.15886912321149754,0.1877064758991513,0.16960304161200218,0.16054640173004942,0.15852300058920568,0.24456825834176577,0.24575613610490657,0.11835967378725748,0.1657692819737827,0.12349627943055015,0.1434593989589692,0.15355177898589764,0.10841658419436524,0.17686714949848326,0.06458867862210793,0.2459219503529775,0.24613656604648426,0.2460952015368913,0.24436523062024848,0.2461192954229589,0.2419373498066182,0.24579191302407716,0.23816386186658575,0.24604387346039205,0.2415123175818854,0.246149674218078
0.2497819619907797,0.24971876288487066,0.24611250822151523,0.2500000000000001,0.24604276113004642,0.24948347425275413,0.24491177005289616,0.24984108050188256,0.24808770305967673,0.24995884798414492,0.24880360352130715,0.09314964227644645,0.18051184021321176,0.10337066133716237,0.14887636686660202,0.11952065774834017,0.1271812900485617,0.1838886631289207,0.08306203283214057,0.24981875726644684,0.24936400471195877,0.1811624793958986,0.16976657430432518,0.19725583501268537,0.14944267041952702,0.20436427122965656,0.15723931914716477,0.19280347977438697,0.15571282795102392,0.24875613047850656,0.2492307575202546,0.20093018541448504,0.14780610083754747,0.19253489401954382,0.1612557382196351,0.19078224795122536,0.17224863588933062,0.16315295953175757,0.16101511958402207,0.24835702094949444,0.24955914797637557,0.12016066784197915,0.16839327686020747,0.12534533011752932,0.14563105923442698,0.15584698746121345,0.11007202250888763,0.1796421431457675,0.06559364955036892,0.24972742079962917,0.2499453001441959,0.24990329562134714,0.2481448763758671,0.24992776808487904,0.24569038602923002,0.2495957779348697,0.24186830387944333,0.2498512678890284,0.24526080919543827,0.2499586112252132
0.24590418331959266,0.24584117966937613,0.24226518121896767,0.24604276113004642,0.25000000000000017,0.24560510455638018,0.24105812011057134,0.24596444377195567,0.2442153484849902,0.24608003874969483,0.2449507628504251,0.09098633417933005,0.17779746344033864,0.10153621094818198,0.14515940112294126,0.11746738467662077,0.1252335068990576,0.18106112839232688,0.08181733346720788,0.2459419514347331,0.24549394688819212,0.1783463734047597,0.16703772779203158,0.1946342286484105,0.14696699541989477,0.2016222032371248,0.15465954077795235,0.18998937878356467,0.15327831157183258,0.24489451581862834,0.24536398814023944,0.19792928237047144,0.1454587316947388,0.18978340837589058,0.15868802254281347,0.18800731011727898,0.16953771022937272,0.1607770041311364,0.15849731421217808,0.24450943132004788,0.24568646862049007,0.11821411994652908,0.16584366485821278,0.12329900855236654,0.1432677892161138,0.1533280419740207,0.10830928804450593,0.1769081475669951,0.06455834228472657,0.24585213511974202,0.24606669774589565,0.24602534514725696,0.24429152161391796,0.24604944604912524,0.24188789509464384,0.24572305541346612,0.2381359417404178,0.2459742048702168,0.24146758284008085,0.24607980233626414
0.24934428937215397,0.2492812858136635,0.24568149127786615,0.24948347425275413,0.24560510455638018,0.25000000000000006,0.24447382227396292,0.24940329123863292,0.2476552544335963,0.24952087055207675,0.2483666551849189,0.09301530338951615,0.1802084160344109,0.10321950651862606,0.14865598037106556,0.11933980512919891,0.12694285805524216,0.18356212672169794,0.08290731340786064,0.2493809659173534,0.24892715868722953,0.18078806823945173,0.1694840697475512,0.19686164951343493,0.1491864120648368,0.20396941761222412,0.15697569831814884,0.19243938242508216,0.15547446081232794,0.24831965083458432,0.24879408539323086,0.20058306466217052,0.1475247066942865,0.19219531424344044,0.1609606305432606,0.19045286928154506,0.17193186857736797,0.1628730236824155,0.1607080900070315,0.24792145315486733,0.2491218077749972,0.11994234023646187,0.16809695875862846,0.12512278254439654,0.1453572378848006,0.1555723925486022,0.10986948672683401,0.17933489105015285,0.06547055528164904,0.24928978527468104,0.24950734724714524,0.24946541633122224,0.24770983035434221,0.2494898463129374,0.24525930429183612,0.24915841846289014,0.24144305336321994,0.2494134738935161,0.24483032100399996,0.2495206350044303
0.2447746578639671,0.24470935555894827,0.24113490491323417,0.24491177005289616,0.24105812011057134,0.24447382227396292,0.25000000000000017,0.24483132385556025,0.24321346446302508,0.24494905732895605,0.24380581289408,0.08954815467310598,0.17699462840937386,0.10102987111554196,0.14525037823636203,0.11765546440721734,0.12256425819854797,0.18049190688205358,0.08147813092900842,0.2448115897160266,0.24436064985312406,0.17777260726527191,0.1658245775705245,0.1936980743475403,0.14605257816191192,0.20107038220200216,0.1539200965789903,0.1891168542895239,0.15270414017845468,0.24376407384352125,0.24423698600011717,0.1973029812524615,0.14462751036872337,0.18932938797367305,0.15776758273085248,0.1874336334391856,0.16851659979172634,0.16036463089773376,0.1575186273420958,0.2433978533029726,0.24455636738327535,0.11741665771719954,0.1651645947502097,0.12246606185717863,0.14233454533174328,0.1524411965755219,0.10766598491804238,0.1761711070980409,0.06417729662805832,0.24472167195435557,0.24493573177414615,0.24489456947709146,0.2431625316371996,0.24491857554877033,0.24078828457027904,0.2445940854093344,0.23706700684400758,0.24484369565513214,0.24037433580080486,0.2449487761861331
0.24970170143088197,0.24963850469681967,0.2460341578756745,0.24984108050188256,0.24596444377195567,0.24940329123863292,0.24483132385556025,0.2500000000000002,0.2480085741445732,0.2498785414766202,0.24872363732906538,0.0931215265984262,0.18045268491877742,0.10334352407680193,0.14883462658412838,0.11948273727601125,0.127141893581755,0.1838270239295068,0.08303406503072422,0.24973848729493056,0.24928390339947193,0.18109782914323008,0.16971428454760054,0.19718593907619433,0.14939511546424245,0.20429142573355388,0.15719118287109352,0.19273696302797608,0.15566753633432334,0.24867612606856127,0.2491506815889046,0.2008652076817695,0.1477558427337579,0.19246975181708195,0.16120323851572146,0.19071940311373545,0.1721910350869371,0.1630996978639233,0.16095947068466357,0.2482771124691903,0.249478959204955,0.12012146092210965,0.1683382362802717,0.12530555532997242,0.14558227622792477,0.1557977782402221,0.11003558507495928,0.17958505279909268,0.06557135837378404,0.24964717887353013,0.24986499803080278,0.24982300700320964,0.2480651402203771,0.2498474715847393,0.24561124783231622,0.24951557957840206,0.2417901424855047,0.2497709939875858,0.24518175880651683,0.24987830483434165
0.24794913897450863,0.24788713436545537,0.2442869865784396,0.24808770305967673,0.2442153484849902,0.2476552544335963,0.24321346446302508,0.2480085741445732,0.25000000000000017,0.24812490745568302,0.24697748156116633,0.09207647221189429,0.17897271198967224,0.10276192836764661,0.14761392753637612,0.11857302920138231,0.12609045901192822,0.1827041971846047,0.08188027817663883,0.24798611775436274,0.24753191511080738,0.17984257136512843,0.16846299476337626,0.19574383658963615,0.14834437734739966,0.20287894156277023,0.15618218982230903,0.19128232857690355,0.15468772859536906,0.24692846535020885,0.24740223979960227,0.19963484616280178,0.14658111471652974,0.19135108480111757,0.15994158334528225,0.18951377815073353,0.17081935473178483,0.16213808629022072,0.1596466549164749,0.24654238113745822,0.24772748838024436,0.1191130551813602,0.16719062219589334,0.12426190954022681,0.14441564599841009,0.15461384673302792,0.10918623232929367,0.17834309300976142,0.06506129888526818,0.2478949059390163,0.24811146642273174,0.24806977021556828,0.2463209661670472,0.24809407118451607,0.24389275099649008,0.24776459130509268,0.2401047659549524,0.24801810344455655,0.243468843543081,0.24812467983867376
0.24981940811549078,0.24975618432424257,0.24614991828317279,0.24995884798414492,0.24608003874969483,0.24952087055207675,0.24494905732895605,0.2498785414766202,0.24812490745568302,0.24999999999999997,0.24884105387156452,0.09316032051157593,0.1805385845221938,0.1033829509501466,0.14889880913481088,0.11953595765311455,0.12720174813637042,0.18391575694529735,0.08307513107779026,0.24985621738363142,0.24940138389148572,0.1811941621606359,0.1697907037129727,0.1972895037105221,0.1494643030211957,0.2043971260463628,0.15726233915915713,0.19283395506090314,0.1557339601903351,0.24879346267182903,0.24926812196134268,0.20095986973848834,0.147829733510583,0.1925632719923995,0.1612809576348972,0.19081003042346456,0.1722751490325774,0.1631767706828359,0.16104048267441415,0.2483942765328596,0.2495965679311973,0.12017909975654405,0.1684184229787042,0.12536436081208807,0.14565404982349436,0.15587064992417068,0.1100891049114656,0.17966851685490054,0.06560390216881286,0.24976486682818302,0.24998277536923183,0.24994076454799247,0.24818209937439695,0.24996524064472994,0.2457272318825342,0.24963320034482203,0.24190460236164138,0.24988872901032422,0.24529759626942202,0.249996088445768
0.24866437916246872,0.2486012133317732,0.24500310018452676,0.24880360352130715,0.2449507628504251,0.2483666551849189,0.24380581289408,0.24872363732906538,0.24697748156116633,0.24884105387156452,0.25000000000000033,0.0920160346117131,0.18006428622564688,0.10266525096110843,0.14839786244585382,0.11895041226963071,0.12648980706276058,0.18300561933945253,0.08267528675215981,0.2487014162436645,0.24824833924185727,0.180332836145829,0.1689607256144492,0.19632699949779256,0.1487185264827534,0.2033809168287844,0.15656976187355395,0.19186474991524471,0.15512109396673837,0.24764120809609522,0.24811625766387194,0.20006476524732997,0.14707361784169018,0.19166209722951263,0.16050046265734563,0.18993463434945929,0.1713926004958575,0.16245248380069313,0.16017355739074818,0.24724609757964558,0.24844276022667577,0.11956913700996627,0.16763219292464024,0.12475330446864001,0.14489574985364004,0.15514170374377712,0.10953394269442053,0.1788632416793844,0.06526065359733542,0.24861037983310474,0.24882756188423966,0.24878574524269115,0.2470339845207749,0.2488101103094479,0.24458925745284163,0.24847947604500628,0.24078114980149223,0.24873390957693126,0.2441613054834848,0.24884081342468714
0.09310332973882746,0.09308783056673094,0.0913224999056559,0.09314964227644645,0.09098633417933005,0.09301530338951615,0.08954815467310598,0.0931215265984262,0.09207647221189429,0.09316032051157593,0.0920160346117131,0.25000000000000006,0.023852153557848855,0.055129470056505765,0.06087922107344808,0.042019495928357284,0.05723497983349275,0.06714621412456148,0.0361218421385057,0.09309634966466115,0.09302720804821188,0.02676928360979173,0.07627351717505208,0.04908808480199111,0.05983748649454817,0.06385788118617024,0.06095680206550442,0.06514052845971909,0.06639897562527318,0.09260055536248188,0.09290119046474156,0.07591791890837182,0.047557960880427144,0.07266759067089272,0.05642923787210804,0.07364682089579258,0.0634981940276229,0.0620627970214769,0.05700201211240436,0.09242734313169595,0.09300691114680841,0.044314979020044755,0.06297458020776797,0.04699766273012776,0.05087242273289525,0.057499795022082564,0.03940785001351468,0.06896639896486322,0.02328109869221756,0.0930628158634265,0.09315540153280316,0.09313974720949382,0.09243995971837457,0.09314895050700163,0.0915054934754751,0.0930267794930582,0.08993905906746182,0.09312071223521282,0.09130376244041515,0.09316036380970148
0.1804166153233337,0.18036531970224795,0.1767164074962419,0.18051184021321176,0.17779746344033864,0.1802084160344109,0.17699462840937386,0.18045268491877742,0.17897271198967224,0.1805385845221938,0.18006428622564688,0.023852153557848855,0.2500000000000001,0.03416960325284386,0.11994796719985319,0.07633919816430157,0.09044345666244497,0.13180998780955244,0.06303025382314563,0.18044052726518062,0.1800684328927291,0.14486634247728328,0.11595819873458359,0.16340605222880022,0.10201826855125351,0.16330790455277786,0.10980042629043804,0.14676951891582915,0.10751009416508152,0.17969705845988976,0.18001735603893565,0.14664895232787298,0.10895200406101455,0.14208429631177583,0.11750875999575994,0.13919743655701747,0.12424760976991246,0.11954472904003657,0.11725337174121567,0.17955370613452717,0.18024918457964925,0.0854393079742044,0.12242602211267284,0.08867971697604687,0.10496491735833509,0.1113157832469061,0.07927695289565705,0.12962739378899052,0.04751814061711909,0.18037506098364117,0.18052869525922216,0.18049835790026214,0.179204980157689,0.1805161270312459,0.17763339804431363,0.1802816594378775,0.17510104148642983,0.18046158990250316,0.1773852539989538,0.1805383098025992
0.10331511382721326,0.10330320540080316,0.10202994115842594,0.10337066133716237,0.10153621094818198,0.10321950651862606,0.10102987111554196,0.10334352407680193,0.10276192836764661,0.1033829509501466,0.10266525096110843,0.055129470056505765,0.03416960325284386,0.2500000000000003,0.002931597422153621,0.07640164115645988,0.043883583813125966,0.0812479925373676,0.030364939155892293,0.10331828664087873,0.10314803450830257,0.062482191121752774,0.07360152989462032,0.053212145334499986,0.0679202959793325,0.0681742636339047,0.06744831927578919,0.06947324851283018,0.0717189570369963,0.10281951881676858,0.10308905063698512,0.08314522651387832,0.05758098912380379,0.07990802528116318,0.06366314937639672,0.0805822452253353,0.07033911412233922,0.06816991463567745,0.06482995722755497,0.10258572650616729,0.1032176606303802,0.05014998162007731,0.0697666636470168,0.05245687535891196,0.058565685963852004,0.0641910744983282,0.04482503708715282,0.07546513153594989,0.026633606378439787,0.10328049829206389,0.10337747390948869,0.10336010087809389,0.10261304600637416,0.10337024721953496,0.10155623086691735,0.10323431590055568,0.09985329101550496,0.10333908309802659,0.10133523557621649,0.10338298036204911
0.14878879787677363,0.14875836563053024,0.1467363795538393,0.14887636686660202,0.14515940112294126,0.14865598037106556,0.14525037823636203,0.14883462658412838,0.14761392753637612,0.14889880913481088,0.14839786244585382,0.06087922107344808,0.11994796719985319,0.002931597422153621,0.25000000000000017,0.018952315527294105,0.11296333831009865,0.09629609585936873,0.05859095888127916,0.1488025733860866,0.14858831723594926,0.10272573670109739,0.10459599576058907,0.11737063420997382,0.08737158392863492,0.12859106518097757,0.0923142085984032,0.119079965140985,0.09529591541673478,0.14811636833244443,0.14847520372397444,0.12032585410333932,0.08523134984022192,0.11495022363083471,0.09464332078719229,0.11484191433444263,0.10274888705285229,0.09773365886869163,0.09433022269314585,0.14791737319717294,0.14865603172528152,0.07081589325263506,0.1004639346970305,0.07457610050938956,0.08438579000025523,0.09252431339433903,0.06428872918846282,0.10844470967887504,0.03814215750473857,0.1487544835963301,0.1488907968723662,0.14886577606256837,0.14778598124978795,0.14888042725658812,0.14634392604309532,0.14868336650642944,0.1440244978536844,0.14883477487474517,0.14608211708012908,0.14889872668048168
0.11946323286866882,0.11943461326474132,0.11743636363924001,0.11952065774834017,0.11746738467662077,0.11933980512919891,0.11765546440721734,0.11948273727601125,0.11857302920138231,0.11953595765311455,0.11895041226963071,0.042019495928357284,0.07633919816430157,0.07640164115645988,0.018952315527294105,0.2500000000000003,-0.0025899316875472537,0.11285322972572173,0.021027233362321318,0.11946965286831819,0.11923954991501634,0.08478410863813628,0.08155120496577618,0.07666885264560264,0.0781142541240596,0.07635086178483508,0.08155753679977665,0.07803364484089653,0.08145830746015333,0.11890423440177575,0.11918337863172325,0.09561674329875204,0.06942421304641734,0.09125225632692126,0.07472481567010937,0.09155695358064753,0.07803837763371992,0.07903419113370241,0.0735318838569706,0.11865646706372593,0.11934094510591925,0.057729153782293444,0.08013322191338748,0.060216731409832955,0.06903021786349112,0.07465729574841329,0.05252127043152237,0.08575939030164195,0.03109548123569493,0.1194199170775038,0.11952948132042694,0.11950939344261201,0.11866431794349154,0.11952106407302271,0.11736879099852598,0.11935846921315652,0.11537074550475485,0.11948375477039014,0.11711520515760368,0.11953584679051105
0.1271018210888694,0.12707565303967233,0.12540340027740954,0.1271812900485617,0.1252335068990576,0.12694285805524216,0.12256425819854797,0.127141893581755,0.12609045901192822,0.12720174813637042,0.12648980706276058,0.05723497983349275,0.09044345666244497,0.043883583813125966,0.11296333831009865,-0.0025899316875472537,0.2500000000000002,0.06151413300415726,0.059518245455459244,0.12712167266333008,0.12693091975515744,0.0925385424717693,0.08841737121264694,0.10217333357799288,0.07472741277996907,0.1116194545242653,0.07755129536854201,0.10458216689352191,0.08091445085989049,0.12652755226384413,0.12684524118763085,0.10302685367718581,0.07308073513250028,0.09889469345975568,0.08084724324998482,0.09872034420843336,0.08906124208227198,0.08356618645392422,0.08106951567786039,0.12637407221649843,0.1269945666275213,0.06032111832924884,0.08607074913396007,0.06351736987782974,0.07144604746137945,0.07874619120595548,0.054555200852880854,0.0931910603419286,0.032387505180428086,0.12707754569232776,0.1271949555930026,0.1271735811576375,0.126239138062023,0.12718613439436002,0.12505426623316085,0.12701981653896682,0.12310666117848335,0.12714751043550374,0.12483988368740369,0.12720173029871476
0.18379034236800987,0.18373952073395877,0.1809424830139354,0.1838886631289207,0.18106112839232688,0.18356212672169794,0.18049190688205358,0.1838270239295068,0.1827041971846047,0.18391575694529735,0.18300561933945253,0.06714621412456148,0.13180998780955244,0.0812479925373676,0.09629609585936873,0.11285322972572173,0.06151413300415726,0.2500000000000001,0.017700969536173842,0.18386342572958647,0.18345692297560998,0.12643349679265128,0.1246290093630338,0.13633835021709978,0.1092634895889021,0.14127661331975216,0.11792421429083705,0.12869136126637049,0.11113865278910674,0.18315000454262453,0.18336539554540954,0.14540360969979346,0.11198823399669582,0.13857296876183092,0.12161533436931121,0.1377677969542025,0.12473994714083182,0.11851173655606524,0.12236911475996505,0.18271662221024784,0.18363807169103874,0.09133706544322372,0.1235781023343747,0.09427087426430317,0.11269722829254399,0.11561058639308533,0.08391392920612878,0.12981895393118728,0.05060427367925259,0.18375975103002104,0.18390575095273132,0.18387484182669925,0.18266467248121887,0.18389265624057935,0.18078023261590007,0.1836489006730251,0.17801067527178024,0.18383732318847013,0.18044029101308393,0.1839155447724071
0.08301429291162855,0.08299095928061373,0.08180181819212116,0.08306203283214057,0.08181733346720788,0.08290731340786064,0.08147813092900842,0.08303406503072422,0.08188027817663883,0.08307513107779026,0.08267528675215981,0.0361218421385057,0.06303025382314563,0.030364939155892293,0.05859095888127916,0.021027233362321318,0.059518245455459244,0.017700969536173842,0.24999999999999986,0.08298009069957576,0.08287897440180925,0.06047966189634319,0.05474120439644091,0.07060679083952116,0.04935929189851739,0.07839691583793217,0.05115379984668918,0.07093175056638393,0.05691420124225512,0.08252603551640617,0.08285278580780377,0.07049701265180452,0.04485507887612146,0.06998733946360183,0.04887595191430489,0.06881993649979935,0.05458996219828377,0.0590385599518703,0.04807059144817267,0.08263607913777879,0.08292613146290821,0.03630648592694545,0.05707492775295504,0.03846131353287029,0.04237630111570077,0.0494394984457938,0.03351447648449686,0.062035722178918555,0.019728438053828585,0.08298467390752404,0.08307061369034148,0.08305665709134608,0.0823635349761248,0.08306505537195877,0.08177041296848328,0.08295962825213701,0.0805819522492487,0.08303960597517578,0.0816701236457829,0.08307503875717286
0.2496793906847742,0.2496161878239027,0.24601203066622346,0.24981875726644684,0.2459419514347331,0.2493809659173534,0.2448115897160266,0.24973848729493056,0.24798611775436274,0.24985621738363142,0.2487014162436645,0.09309634966466115,0.18044052726518062,0.10331828664087873,0.1488025733860866,0.11946965286831819,0.12712167266333008,0.18386342572958647,0.08298009069957576,0.2500000000000004,0.24926155100176983,0.1810906067171787,0.16969316623907282,0.19717584248460754,0.14937975241128856,0.20427599208463895,0.1571744036986691,0.19271908730258308,0.1556382647424566,0.2486542415611989,0.24912840266735006,0.20084492530380388,0.14775319741537762,0.1924532335598398,0.16119520254273548,0.19069947869979306,0.17218094458615996,0.16308255601021254,0.16095756823681684,0.24825512943320824,0.24945670486377253,0.12011485443170701,0.16832384717900675,0.125295823311761,0.14557970283946653,0.15578439128365454,0.11003113061703136,0.1795647318722338,0.0655700825227174,0.24962490961853917,0.2498426749377611,0.24980068765783836,0.2480431125970763,0.24982514982159404,0.24558959717611184,0.24949329748669405,0.24176927918473312,0.2497486824023631,0.24516021747394354,0.24985598055258135
0.2492249010484099,0.24916187333653725,0.2455640130623905,0.24936400471195877,0.24549394688819212,0.24892715868722953,0.24436064985312406,0.24928390339947193,0.24753191511080738,0.24940138389148572,0.24824833924185727,0.09302720804821188,0.1800684328927291,0.10314803450830257,0.14858831723594926,0.11923954991501634,0.12693091975515744,0.18345692297560998,0.08287897440180925,0.24926155100176983,0.25000000000000033,0.18063314431232663,0.1694398442464314,0.19673239910464768,0.14910415310227507,0.20386558082964856,0.15692286152970628,0.19232708161588047,0.15544409778193358,0.24819983362269926,0.24867493564081977,0.20050316016029737,0.14740249447973022,0.1921047560240968,0.16086024806609653,0.1903689513942153,0.17180892737363004,0.16281134966875385,0.16058723484937826,0.24780249658175799,0.24900239081849146,0.11986660835502284,0.1680142005617625,0.12505275861719137,0.1452600257890897,0.1554934308432092,0.1098028787044609,0.1792550129997376,0.06542762871613134,0.24917031502184905,0.24938786674226807,0.24934595591807432,0.2475908104345481,0.24937037485459748,0.24514103777023571,0.24903906666455183,0.24132546462037346,0.2492940258829393,0.24471207117695298,0.24940114813307251
0.1810537062053753,0.18099420476612643,0.1784852436782725,0.1811624793958986,0.1783463734047597,0.18078806823945173,0.17777260726527191,0.18109782914323008,0.17984257136512843,0.1811941621606359,0.180332836145829,0.02676928360979173,0.14486634247728328,0.062482191121752774,0.10272573670109739,0.08478410863813628,0.0925385424717693,0.12643349679265128,0.06047966189634319,0.1810906067171787,0.18063314431232663,0.25000000000000044,0.10124872173572531,0.1580726627376421,0.1047818482192507,0.15743793472825318,0.11255066993273634,0.14498070914917213,0.10772709945172544,0.18037508974728114,0.18066087082825774,0.14365273967388406,0.11676865154162894,0.13703920832101038,0.11923674237451092,0.1360914220239336,0.1230028094129624,0.11738938244769465,0.11787799882111744,0.18009062048914423,0.18090606163097211,0.08782855319749637,0.1217503819004486,0.09101554796435021,0.10756762829689125,0.11349535567173698,0.08067391730326752,0.12908371595554213,0.04813767582668981,0.18103182067222698,0.18118423026359418,0.18115378077898345,0.17990642399164625,0.1811714568861536,0.17809797400714136,0.18092833443537543,0.17536575396078327,0.18111552777889314,0.1777960740427844,0.18119387854099706
0.16967293322041577,0.1696361762075171,0.16718588555289615,0.16976657430432518,0.16703772779203158,0.1694840697475512,0.1658245775705245,0.16971428454760054,0.16846299476337626,0.1697907037129727,0.1689607256144492,0.07627351717505208,0.11595819873458359,0.07360152989462032,0.10459599576058907,0.08155120496577618,0.08841737121264694,0.1246290093630338,0.05474120439644091,0.16969316623907282,0.1694398442464314,0.10124872173572531,0.25000000000000044,0.11723728761852127,0.10520634557601294,0.12986332323371258,0.11173465413445964,0.12501015896123643,0.11237296141106631,0.16890874492136956,0.16929506149060483,0.1458937889623254,0.0700400767580873,0.14174902099834544,0.10692020621045384,0.1353652759481865,0.12261132685932753,0.11484539875478184,0.10579439595195476,0.1687920710377017,0.16950705878803973,0.07642217532841851,0.1154624099816975,0.08200180383905124,0.09371320018849155,0.10356495643447797,0.07242299074523541,0.12360241615853461,0.04304066684466503,0.16962358294487812,0.16978156679254597,0.16975303714672993,0.16847229849530695,0.16976989888012445,0.1670318731304261,0.16955040019415657,0.16454338686121725,0.16971834057742852,0.16679245963362352,0.16979060981358715
0.1971401997484904,0.19707436588777782,0.19416540781184946,0.19725583501268537,0.1946342286484105,0.19686164951343493,0.1936980743475403,0.19718593907619433,0.19574383658963615,0.1972895037105221,0.19632699949779256,0.04908808480199111,0.16340605222880022,0.053212145334499986,0.11737063420997382,0.07666885264560264,0.10217333357799288,0.13633835021709978,0.07060679083952116,0.19717584248460754,0.19673239910464768,0.1580726627376421,0.11723728761852127,0.25000000000000033,0.09700325667828964,0.18546256001841735,0.11443346041617662,0.170812720971025,0.11317575176725322,0.19634577090699548,0.19673744701718904,0.1613155726487475,0.1202787990580536,0.15662471464128885,0.13119085097654418,0.15346839618223457,0.1340682017429906,0.1321329312140034,0.12827024481593588,0.19636059710823475,0.19697106459565608,0.09189948742597982,0.13461017791006724,0.09556803416859545,0.11318915070855269,0.12035668211205777,0.08554398806454551,0.14275635405416154,0.05143675826611509,0.19711066972991909,0.19727868901652523,0.1972455387542999,0.19579359703977048,0.19726508397916023,0.19427639519709886,0.19701464190045118,0.19170577333025793,0.19720623666737855,0.19405718362077812,0.19728919629870126
0.14936077734942033,0.14932566976381775,0.1471450080866792,0.14944267041952702,0.14696699541989477,0.1491864120648368,0.14605257816191192,0.14939511546424245,0.14834437734739966,0.1494643030211957,0.1487185264827534,0.05983748649454817,0.10201826855125351,0.0679202959793325,0.08737158392863492,0.0781142541240596,0.07472741277996907,0.1092634895889021,0.04935929189851739,0.14937975241128856,0.14910415310227507,0.1047818482192507,0.10520634557601294,0.09700325667828964,0.25000000000000033,0.10408209483317597,0.09839080579369056,0.10972911342027644,0.10142189317612196,0.14866132280165592,0.14901040060216456,0.12344742940098923,0.08952562716871042,0.12641226982090786,0.06377326899188603,0.12163716899260478,0.1144151600321881,0.10015811529742717,0.09209486813922932,0.14855669275483166,0.14920679744360804,0.06903368578242886,0.10173309020564716,0.07007587865298746,0.08170369010295665,0.0915452950204538,0.06357507104844488,0.10870374462652684,0.03782862495938626,0.1493124839302454,0.14945623459298982,0.14943112117171792,0.1482685732541531,0.14944598714599622,0.14696620215290662,0.14924957623935148,0.1447001022303624,0.14939966142518413,0.1467630366689608,0.14946419466196018
0.20425071796744915,0.2041835116007835,0.20106663522460413,0.20436427122965656,0.2016222032371248,0.20396941761222412,0.20107038220200216,0.20429142573355388,0.20287894156277023,0.2043971260463628,0.2033809168287844,0.06385788118617024,0.16330790455277786,0.0681742636339047,0.12859106518097757,0.07635086178483508,0.1116194545242653,0.14127661331975216,0.07839691583793217,0.20427599208463895,0.20386558082964856,0.15743793472825318,0.12986332323371258,0.18546256001841735,0.10408209483317597,0.2500000000000001,0.11188079094239485,0.16631334266674516,0.12127774908908098,0.20340132131162497,0.2038296068473947,0.16553534230738176,0.12146514326300907,0.15907815931559618,0.13483834830983366,0.15860382034768597,0.14198295712718997,0.1347916811885801,0.13438256808239823,0.2032476272935254,0.20407453284734925,0.09713781968119627,0.13925218936553924,0.10140768027783183,0.11690536435212306,0.12545121017155864,0.08852743130314591,0.14909271841006608,0.05326814789735921,0.20420851045699462,0.20438591532743217,0.20435156965370002,0.20286192364855296,0.2043717767440569,0.2011912536506046,0.20411374641100843,0.1983762223023348,0.2043116964081775,0.20090203041548216,0.20439680222488582
0.15715110691932424,0.1571159775711809,0.15491369235846378,0.15723931914716477,0.15465954077795235,0.15697569831814884,0.1539200965789903,0.15719118287109352,0.15618218982230903,0.15726233915915713,0.15656976187355395,0.06095680206550442,0.10980042629043804,0.06744831927578919,0.0923142085984032,0.08155753679977665,0.07755129536854201,0.11792421429083705,0.05115379984668918,0.1571744036986691,0.15692286152970628,0.11255066993273634,0.11173465413445964,0.11443346041617662,0.09839080579369056,0.11188079094239485,0.2500000000000002,0.10039783036467191,0.11208046753118056,0.15625727483818874,0.15680479828009167,0.13074619762688025,0.09576523007254517,0.13266887890304588,0.11377597217860645,0.12772917807526787,0.08176882101199351,0.12003829635274835,0.08400326656456453,0.15632271705762374,0.1569738379624377,0.06967005971154533,0.10624673339920927,0.07034233562688305,0.08666754273868107,0.0908561846897668,0.06856115054223287,0.10842831875241887,0.04068353006618149,0.15709696140304905,0.15725385120469343,0.15722742785511912,0.15597048963434956,0.15724305202680497,0.15453544671100328,0.15702978862865538,0.15200383319885274,0.15719218800294157,0.1542300380957526,0.15726222538235432
0.19269527119644464,0.1926375603093947,0.1897723198681987,0.19280347977438697,0.18998937878356467,0.19243938242508216,0.1891168542895239,0.19273696302797608,0.19128232857690355,0.19283395506090314,0.19186474991524471,0.06514052845971909,0.14676951891582915,0.06947324851283018,0.119079965140985,0.07803364484089653,0.10458216689352191,0.12869136126637049,0.07093175056638393,0.19271908730258308,0.19232708161588047,0.14498070914917213,0.12501015896123643,0.170812720971025,0.10972911342027644,0.16631334266674516,0.10039783036467191,0.2500000000000002,0.09914257529366077,0.1919520622545531,0.19228690805386583,0.15780948749390064,0.11017879400692732,0.15443842607863426,0.11975026059744703,0.15080327896150608,0.13890515400875153,0.1271458171373184,0.13015957920841145,0.1918046111414355,0.1925277277912536,0.09113724116923255,0.13135737554125457,0.09519788625109052,0.1107866163619293,0.11914506162733977,0.08411479906399233,0.13931536715086942,0.05068993935821894,0.19265930554178942,0.19282343876148986,0.19279103594359456,0.19139861292810909,0.19281008614438094,0.18982738088219414,0.19256455546958048,0.18720478361135967,0.19275280841578765,0.18958929777645014,0.19283370890098597
0.15562907919002134,0.15559809509952366,0.15333845615151367,0.15571282795102392,0.15327831157183258,0.15547446081232794,0.15270414017845468,0.15566753633432334,0.15468772859536906,0.1557339601903351,0.15512109396673837,0.06639897562527318,0.10751009416508152,0.0717189570369963,0.09529591541673478,0.08145830746015333,0.08091445085989049,0.11113865278910674,0.05691420124225512,0.1556382647424566,0.15544409778193358,0.10772709945172544,0.11237296141106631,0.11317575176725322,0.10142189317612196,0.12127774908908098,0.11208046753118056,0.09914257529366077,0.25000000000000033,0.15460535765753067,0.15529077331036073,0.12989536032356663,0.08564828274484923,0.13278832399496251,0.09422997356586466,0.12818160413346838,0.09737749225446174,0.11333979325952254,0.07012276881306209,0.1549017073170242,0.1554621732335326,0.06947160977333679,0.10708382103466295,0.06991140556485956,0.08382100478930572,0.09118846172493518,0.06456958284979719,0.1160002272897323,0.03653150679495639,0.15557315268475733,0.15572556599577966,0.15569940088395084,0.15442958926545078,0.15571501155665987,0.15327619162476847,0.15551664463045226,0.15108147453442042,0.15566772086307074,0.15311902265244512,0.15573386084211369
0.2486173095391383,0.24855426389804341,0.24496572840481684,0.24875613047850656,0.24489451581862834,0.24831965083458432,0.24376407384352125,0.24867612606856127,0.24692846535020885,0.24879346267182903,0.24764120809609522,0.09260055536248188,0.17969705845988976,0.10281951881676858,0.14811636833244443,0.11890423440177575,0.12652755226384413,0.18315000454262453,0.08252603551640617,0.2486542415611989,0.24819983362269926,0.18037508974728114,0.16890874492136956,0.19634577090699548,0.14866132280165592,0.20340132131162497,0.15625727483818874,0.1919520622545531,0.15460535765753067,0.2500000000000004,0.24806791357167887,0.19991769115343255,0.14714931165208067,0.1914709945963094,0.16058771744292794,0.1897100013329307,0.17164815524544216,0.16222115035288306,0.1604331568072787,0.2471963061928458,0.24839600885805546,0.11968246855439493,0.1675735396384382,0.12483235484004873,0.14511226141811606,0.15519154219197906,0.10963895914176612,0.17873285568055358,0.06533974906839433,0.24856344866608987,0.2487799774467384,0.2487381686554781,0.24699093802005243,0.2487625196691655,0.24454089108350294,0.24843188990087278,0.2407337781878784,0.24868636593099505,0.24411209865143454,0.24879322642918594
0.24909174121486097,0.2490286935092893,0.24543229108494116,0.2492307575202546,0.24536398814023944,0.24879408539323086,0.24423698600011717,0.2491506815889046,0.24740223979960227,0.24926812196134268,0.24811625766387194,0.09290119046474156,0.18001735603893565,0.10308905063698512,0.14847520372397444,0.11918337863172325,0.12684524118763085,0.18336539554540954,0.08285278580780377,0.24912840266735006,0.24867493564081977,0.18066087082825774,0.16929506149060483,0.19673744701718904,0.14901040060216456,0.2038296068473947,0.15680479828009167,0.19228690805386583,0.15529077331036073,0.24806791357167887,0.25000000000000033,0.20034361775817555,0.1473696195576029,0.1919388904481105,0.1607725594762064,0.19022307930251697,0.17172398544553297,0.16268946504728468,0.1605406587614437,0.24766931440443474,0.24886945836796762,0.11983231483279344,0.16791114733329918,0.12499553606892878,0.14522720082616586,0.1554091144861066,0.10977212454801999,0.179128358001244,0.06541594475798447,0.24903726885182595,0.24925461137558827,0.2492127229213607,0.2474591009929987,0.24923712722655378,0.24500959364426528,0.24890598530495925,0.241195210106958,0.24916082143314175,0.2445801198789976,0.24926788566900165
0.200820638798772,0.20076800644022122,0.19779348375589792,0.20093018541448504,0.19792928237047144,0.20058306466217052,0.1973029812524615,0.2008652076817695,0.19963484616280178,0.20095986973848834,0.20006476524732997,0.07591791890837182,0.14664895232787298,0.08314522651387832,0.12032585410333932,0.09561674329875204,0.10302685367718581,0.14540360969979346,0.07049701265180452,0.20084492530380388,0.20050316016029737,0.14365273967388406,0.1458937889623254,0.1613155726487475,0.12344742940098923,0.16553534230738176,0.13074619762688025,0.15780948749390064,0.12989536032356663,0.19991769115343255,0.20034361775817555,0.25000000000000033,0.09937438371778258,0.16903356685719015,0.12369302084417447,0.1621845746405298,0.13510343852940412,0.14005713487060217,0.12168946590712626,0.19985436008099416,0.20061237559761888,0.0766774522018979,0.13482657019678054,0.09454109462960465,0.1103423567766783,0.11868911194147694,0.08626287631206223,0.1420789206358509,0.05168428743030503,0.20076140229184777,0.20094894781821213,0.20091518023302268,0.19941237440337028,0.20093516874521883,0.19772636654331302,0.20067377866906508,0.19470531830078364,0.20087299408561982,0.1973319546473614,0.2009596505341161
0.1477211145161772,0.14767924595731477,0.1455716186282642,0.14780610083754747,0.1454587316947388,0.1475247066942865,0.14462751036872337,0.1477558427337579,0.14658111471652974,0.147829733510583,0.14707361784169018,0.047557960880427144,0.10895200406101455,0.05758098912380379,0.08523134984022192,0.06942421304641734,0.07308073513250028,0.11198823399669582,0.04485507887612146,0.14775319741537762,0.14740249447973022,0.11676865154162894,0.0700400767580873,0.1202787990580536,0.08952562716871042,0.12146514326300907,0.09576523007254517,0.11017879400692732,0.08564828274484923,0.14714931165208067,0.1473696195576029,0.09937438371778258,0.25000000000000033,0.09055702102477123,0.09617447061817423,0.10497349768028633,0.09689282501189,0.09125448058263944,0.09464208556583042,0.14661181879441149,0.14760142260355555,0.07776716353028734,0.09780475416553606,0.07830530961687314,0.09010424420754651,0.09460110202520465,0.06681543734452504,0.10546961989223622,0.03957474360405258,0.14769260479752325,0.14782170192347865,0.14779685656568442,0.14683034676827073,0.14781105885580045,0.14496118871302757,0.1476030473256957,0.14233287060391478,0.14776437940816473,0.14457152319531466,0.1478295731623721
