x1,x2,x3,x4,x5,x6,x7,x8,x9,x10,x11,x12,x13,x14,x15,x16,x17,x18,x19,x20,x21,x22,x23,x24,x25,x26,x27,x28,x29,x30,x31,x32,x33,x34,x35,x36,x37,x38,x39,x40,x41,x42,x43,x44,x45,x46,x47,x48,x49,x50,x51,x52,x53,x54,x55,x56,x57,x58,x59,x60
0.25000000000000006,0.24981925824028872,0.2492495412648722,0.24978246490690947,0.24936617199138536,0.2497329707830507,0.24934396309147597,0.2498250298253797,0.24929409088550916,0.2497698018067223,0.24973487672492217,0.23953009678343098,0.23129801826435195,0.22043715712387138,0.2280733885736308,0.21414888883597305,0.22545619682823392,0.2281147763881212,0.24013100886457348,0.24957836012787232,0.24964547827574968,0.24371945901717215,0.24859701523768385,0.24463229907889736,0.24832515454462223,0.24056549612439637,0.24813997045538047,0.24555327118150452,0.24911715357112799,0.2495729059818122,0.24976119326759774,0.242562072851746,0.24768055274927384,0.24287645457044535,0.24725813634091987,0.24079868767017845,0.24888294795781957,0.24394137906159744,0.2496956471003222,0.24962051127380402,0.24980296883302727,0.23815187597041984,0.22996574141452886,0.2194716786703988,0.22926777177639893,0.21568280313826202,0.2246558573670853,0.22859896684329414,0.23974309871271615,0.24957235290426416,0.24964222486429005,0.24982923736289403,0.2492805826293637,0.24980412736332763,0.24924260582393262,0.24976534682821241,0.24942789899577938,0.24982391802933504,0.2493549554640074,0.24978715817095637
0.24981925824028872,0.24999999999999997,0.24940792531596512,0.24994279043728754,0.24952623034972424,0.24989326454369631,0.24950400717779103,0.24998538267544543,0.2494541029472636,0.24993011920746866,0.2498951717082365,0.23968384126148773,0.23144657982245054,0.22057864682713157,0.2282197829112847,0.21428634724535853,0.22560090955664897,0.22826119758321092,0.24028514005354473,0.2497385546590829,0.24980571587955624,0.24387589304734592,0.2487565800147422,0.244789319102791,0.24848454487958083,0.24071990619724692,0.24829924189738872,0.24571088272589553,0.24927705209905696,0.2497330970055527,0.2499215051443701,0.24271776394240502,0.24783952922345853,0.2430323474449734,0.24741684165433067,0.2409532468908475,0.2490426961210589,0.24409795544433466,0.24985591690435668,0.24978073285165367,0.24996330752317347,0.2383047362864128,0.2301133473730427,0.21961254892576385,0.2294149297119247,0.2158212414727775,0.2248000551156555,0.22874569552006124,0.23989698036908333,0.24973254357107416,0.2498024603791586,0.24998959291372233,0.24944058601928226,0.24996446679703577,0.24940258483891778,0.249925661370222,0.24958799694327338,0.24998427016589242,0.24951500659196668,0.24994748671280798
0.2492495412648722,0.24940792531596512,0.24999999999999997,0.24937118915849005,0.24895555494883678,0.24932177670559488,0.24893340127339933,0.24941368388397683,0.24888362211090542,0.24935854709697616,0.24932368202363764,0.2391364913924378,0.23089017005164145,0.22007570680915012,0.22769911532683423,0.2137958907853882,0.22508487204304567,0.2277380153092695,0.23973628899818247,0.24916742021975952,0.24923442922393882,0.2433187535282309,0.24818779687680742,0.24423017984200843,0.24791628326480852,0.24016939362537384,0.2477313435800844,0.2451488837219729,0.2487069614870519,0.2491619743300768,0.24934995222967915,0.2421626504111555,0.2472726956059929,0.242476516754432,0.24685098951332238,0.24040217549191614,0.24847314936143014,0.24353970661526583,0.24928451410863878,0.2492095020135101,0.24939165914776687,0.2377597234397427,0.22958706899272358,0.21911027070477998,0.22889027209450638,0.21532765005759272,0.22428594991515488,0.22822256516731365,0.23934835141835453,0.24916142295783178,0.24923117987204263,0.24941788444770968,0.24887013360611834,0.24939281579266445,0.2488322189092474,0.24935409911110634,0.24901720693426108,0.24941257387262672,0.24894438345540557,0.24937587454069002
0.24978246490690947,0.24994279043728754,0.24937118915849005,0.24999999999999992,0.24948948008844718,0.24985646022546745,0.2494672601886352,0.24994856479006214,0.24941736330835984,0.2498933094613072,0.24985836710901624,0.2396485405491745,0.23141248838508682,0.22054615983266232,0.22818617031885016,0.2142547867907042,0.22556768289667634,0.22822757907231106,0.2402497507138342,0.2497017731256891,0.2497689244553641,0.24383997491048162,0.24871994308855466,0.24475326642603787,0.2484479480213912,0.24068445288064758,0.24826267233826652,0.24567469434692782,0.24924033853484012,0.24969631627674008,0.2498846966668103,0.24268201643311715,0.24780302737755905,0.2429965536039509,0.24738040206303233,0.24091775926097167,0.24900601707535047,0.2440620046602727,0.24981911808676857,0.24974394510711714,0.24992649288901428,0.23826963873101684,0.23007945624623355,0.21958020435746425,0.2293811414479195,0.2157894552864431,0.22476694652964846,0.2287120058195671,0.2398616483052303,0.24969576292386786,0.24976566943459408,0.2499527744082494,0.2494038483716652,0.2499276519921412,0.24936585278808668,0.2498888522805966,0.24955123758491626,0.2499474524443547,0.24947825798364073,0.2499106744087429
0.24936617199138536,0.24952623034972424,0.24895555494883678,0.24948948008844718,0.2499999999999999,0.24944004393661684,0.24905162251588134,0.24953199581748686,0.24900166403609258,0.24947682681963376,0.24944194537976408,0.2392456506990025,0.2310358127049868,0.22016623102385718,0.2277705576265677,0.21388187829821126,0.22518552236369194,0.2278429544063606,0.23983414600605638,0.24928544154755317,0.24935264301558188,0.24343084686684918,0.24830429480528218,0.2443417447367316,0.24803234798117915,0.2402785252507538,0.24784849364664055,0.24525963149273666,0.24882479618443862,0.24928015791827485,0.24946822246644446,0.24227790557898923,0.24739011778888412,0.24259192940360455,0.24696832542648944,0.24051665493581453,0.2485911648984867,0.24365537196764425,0.24940278074573152,0.2493277153469471,0.24950995949896293,0.23787301643994083,0.2296962603039567,0.21921436966921987,0.2289990192148384,0.2154295386682338,0.22439241949988695,0.22833092026036353,0.23946191119733562,0.2492796145341496,0.24934940454120513,0.24953619768131982,0.24898818884353893,0.24951111713476987,0.24895025348318772,0.2494723820875363,0.24913533024874596,0.24953088458712666,0.24906247208189794,0.24949416784658715
0.2497329707830507,0.24989326454369631,0.24932177670559488,0.24985646022546745,0.24944004393661684,0.24999999999999992,0.24941782853040126,0.24989903775230915,0.24936794153383013,0.2498437933722991,0.24980885794541058,0.2396010549964429,0.23136666600219702,0.22050246055720363,0.22814095900791803,0.2142123357307067,0.22552298826710812,0.22818235759461197,0.2402021465967048,0.24965229499832414,0.24971943301495653,0.2437916589675781,0.24867065970642407,0.2447047696216072,0.2483987184946629,0.24063676206654153,0.24821347944208014,0.24562601458415623,0.24919095184858567,0.24964683922268946,0.24983518228515147,0.24263392924672786,0.2477539254902267,0.24294840409115542,0.24733138390933732,0.24087002165081042,0.2489566767949775,0.24401364403429765,0.2497696166981329,0.24969445861462988,0.24987697022485195,0.23822242582875497,0.23003386622444388,0.2195366947557543,0.22933568980263044,0.21574669684380088,0.22472240919665273,0.22866668677676724,0.23981411997782084,0.2496462859785764,0.2497161786374029,0.24990324653641022,0.24935442926864224,0.24987812909828164,0.2493164412141185,0.24983933707485784,0.24950178927717273,0.2498979256270569,0.24942882413670575,0.24986115487897304
0.24934396309147597,0.24950400717779103,0.24893340127339933,0.2494672601886352,0.24905162251588134,0.24941782853040126,0.24999999999999992,0.2495097713973266,0.24897925853494066,0.24945461474054192,0.24941973262861072,0.23922339778363538,0.23099051965649836,0.22014581770299968,0.22778242897441855,0.21385720404995656,0.2251285639828514,0.2278027087458257,0.23982680089284145,0.24926341423526113,0.24933043816534733,0.24340556451939235,0.2482824743707035,0.24431943737831666,0.24801081753570822,0.2402517500008278,0.24782577292546046,0.24524087469263767,0.24880278364852584,0.2492579549315197,0.24944600716432896,0.24225615641816584,0.24736817129842315,0.24257002307190662,0.2469463136929975,0.24049482208148215,0.24856892936792088,0.24363354553085811,0.24938054858584185,0.24930551104358475,0.24948773858964626,0.2378514218840798,0.22967580186696124,0.21919472863071293,0.2289786598467044,0.21541081977109286,0.2243724629251785,0.22831052937253601,0.23944057151836554,0.2492574133461598,0.24932719711637694,0.24951397362080313,0.24896600917715578,0.24948889530813428,0.24892808126527854,0.24945016371078155,0.24911314076253563,0.24950866099979746,0.24904029076117082,0.24947194752930893
0.2498250298253797,0.24998538267544543,0.24941368388397683,0.24994856479006214,0.24953199581748686,0.24989903775230915,0.2495097713973266,0.24999999999999992,0.2494598660216485,0.24993589328774712,0.24990094496613816,0.23968937979612848,0.2314519127784668,0.22058374210762616,0.22822511645416857,0.2142912957377009,0.2256061218503382,0.2282664612600997,0.24029072054234774,0.24974432447983697,0.24981148707346873,0.24388152813165925,0.2487623268713348,0.24479497683052173,0.24849028537821027,0.24072547333901234,0.24830497823271994,0.24571656287098734,0.24928281109077532,0.2497388664985302,0.24992727900795342,0.24272337014685205,0.24784525405215457,0.24303796098496935,0.24742255677367447,0.2409588123695717,0.24904844945369492,0.24410359424267877,0.2498616892366411,0.24978650346066505,0.24996908234969561,0.23831024076462165,0.23011866284653446,0.2196176214867734,0.2294202296673109,0.21582622702228355,0.22480524845934383,0.22875097996283522,0.2399025225824725,0.24973831306663521,0.24980823149000897,0.24999536834783742,0.24944634878364,0.24997024165066972,0.2494083467149325,0.24993143532734596,0.2495937631002352,0.24999004547703774,0.24952077106148032,0.2499532611741562
0.24929409088550916,0.2494541029472636,0.24888362211090542,0.24941736330835984,0.24900166403609258,0.24936794153383013,0.24897925853494066,0.2494598660216485,0.24999999999999972,0.24940471672466422,0.2493698454758776,0.2391785510961266,0.2309572293593372,0.22011406939223707,0.22771190343215422,0.21384260829603766,0.22513124760080824,0.227789840524478,0.2397644134897578,0.2492134075524725,0.24928056655974665,0.2433622366543059,0.24823292405209593,0.2442721825700011,0.24796122177124072,0.24021212553715107,0.24777752527016703,0.24518905143322678,0.24875298035115512,0.24920810211537472,0.2493961116856881,0.24220782298402246,0.24731876898147112,0.2425217088962915,0.2468970257787729,0.24044695716034556,0.24851928863881598,0.24358488039407017,0.24933068626595234,0.24925564525908703,0.2494378368441114,0.23780402515270738,0.22962970377956124,0.21915060424465965,0.2289327373497808,0.2153670590437176,0.22432754402715596,0.22826487049682878,0.2393926850547706,0.24920755842056472,0.24927732825101942,0.24946406739720148,0.24891621663090263,0.24943899410038167,0.24887829190444674,0.24940027024980316,0.2490633158179677,0.2494587558387965,0.24899047872568916,0.2494220497115031
0.2497698018067223,0.24993011920746866,0.24935854709697616,0.2498933094613072,0.24947682681963376,0.2498437933722991,0.24945461474054192,0.24993589328774712,0.24940471672466422,0.24999999999999992,0.24984570015643778,0.23963637247639766,0.2314006982862162,0.22053488555282955,0.22817456982031512,0.2142437381821207,0.22555609543887167,0.22821586382098577,0.24023761895109327,0.2496891144000289,0.24975626204124468,0.24382759135687865,0.24870732825618747,0.24474084888349992,0.24843534492438013,0.2406722242010763,0.248250080225224,0.24566223625939718,0.24922770233258426,0.2496836574843957,0.24987202837464484,0.24266971064415666,0.2477904614889792,0.24298423207807135,0.24736785833465957,0.24090554341036713,0.2489933929655948,0.24404963054618725,0.24980645309503702,0.2497312839586127,0.24991382248500782,0.23825755804211593,0.23006779146125034,0.21956907154065153,0.22936951308597975,0.2157785153727087,0.2247555515231185,0.2287004107074674,0.23984948807608308,0.24968310421754253,0.24975300718429114,0.2499401026723711,0.24939120449737462,0.24991498152988195,0.24935321081615178,0.24987618378534757,0.24953858620583197,0.24993478097828145,0.24946561030420336,0.24989800480718802
0.24973487672492217,0.2498951717082365,0.24932368202363764,0.24985836710901624,0.24944194537976408,0.24980885794541058,0.24941973262861072,0.24990094496613816,0.2493698454758776,0.24984570015643778,0.2499999999999998,0.239602940355882,0.23136805130296909,0.22050421390750838,0.22814424020650656,0.21421402921587349,0.22552477019974504,0.22818392260354126,0.24020469795708782,0.24965420492558416,0.24972133909777802,0.24379356823366247,0.24867256372859964,0.2447067235347303,0.24840061764186736,0.2406387512464817,0.24821537507538816,0.24562798743040135,0.24919285458719803,0.24964874419375344,0.2498370890921808,0.24263575276765503,0.24775579553215335,0.24295023150431636,0.2473332516684843,0.240871832345727,0.24895857139906682,0.24401549435237735,0.24977152258261484,0.24969636426714045,0.24987887725855332,0.238224219998033,0.23003560356128003,0.2195383451981708,0.22933743599858852,0.21574833248803188,0.2247241207749838,0.22866842717928063,0.23981594894187702,0.24964819125763077,0.24971808445037177,0.24990515377702882,0.24935633262108586,0.2498800361472029,0.24931834405260966,0.24984124382772233,0.2495036934720858,0.2498998328270668,0.2494307277476973,0.24986306179835155
0.23953009678343098,0.23968384126148773,0.2391364913924378,0.2396485405491745,0.2392456506990025,0.2396010549964429,0.23922339778363538,0.23968937979612848,0.2391785510961266,0.23963637247639766,0.239602940355882,0.24999999999999997,0.2211653559545516,0.21034314980380722,0.21872067214704174,0.20569999664621827,0.21676576086867805,0.21919570179435346,0.23049245481636485,0.23945239798565496,0.23951709214826827,0.23361328168608247,0.2385183460611166,0.23459645902248982,0.238213835758826,0.2308356067125892,0.23808702670646864,0.23562991825415133,0.23901237609786735,0.23944734780104318,0.23962807653605758,0.2327185585601573,0.2376312954344585,0.2330211271877837,0.23722403050793753,0.23102599367736254,0.23878432039044128,0.2340426316902283,0.23956528868707364,0.23949316267675863,0.23966820881266393,0.2284905602141282,0.2206344718286419,0.21057231628951767,0.21996658606743955,0.20693590353484967,0.2155409259316855,0.21932484111905473,0.23001641785327448,0.23944695276460104,0.23951399019342498,0.2396934153998233,0.23916709990894852,0.23966932413665334,0.23913062724612902,0.2396321169671792,0.23930836485340837,0.23968831187700093,0.23923837281159527,0.2396530434027856
0.23129801826435195,0.23144657982245054,0.23089017005164145,0.23141248838508682,0.2310358127049868,0.23136666600219702,0.23099051965649836,0.2314519127784668,0.2309572293593372,0.2314006982862162,0.23136805130296909,0.2211653559545516,0.25000000000000017,0.2020520499790405,0.21097978575783322,0.1990995745705976,0.2099686421831949,0.2118262713514674,0.2225754558601962,0.2312225077334586,0.23128545400565584,0.2254723906801089,0.23032164792378415,0.22645293211076473,0.23002126446868834,0.22298688354894017,0.2299157920784193,0.2275470513255092,0.23079950322611698,0.2312180744000311,0.23139261195033498,0.224718625623756,0.22946012713382824,0.22501345746416818,0.22906931692681684,0.22308660677680264,0.23057821691078753,0.2259985005951479,0.23133233752846533,0.23126243717299394,0.2314314678593149,0.22064030540227295,0.21304873713694958,0.20333423312574925,0.21240625245848507,0.1998178773299913,0.2081327354239523,0.2117876198315438,0.2221113847376398,0.23121782813816705,0.23128256208565184,0.23145582093515557,0.23094771542258957,0.23143255761864767,0.23091240267105465,0.23139662915499878,0.23108402040936216,0.2314508928062728,0.23101640835867662,0.23141683641111377
0.22043715712387138,0.22057864682713157,0.22007570680915012,0.22054615983266232,0.22016623102385718,0.22050246055720363,0.22014581770299968,0.22058374210762616,0.22011406939223707,0.22053488555282955,0.22050421390750838,0.21034314980380722,0.2020520499790405,0.25,0.1988247194560707,0.18600202267188148,0.1992508868637088,0.2018827325101342,0.21239647536441883,0.22036511752585722,0.22042430759191278,0.2149498760417242,0.21947120995413683,0.21540118884750348,0.21911807450368456,0.2119675462951808,0.21903842614972308,0.21693701023097303,0.2199536317935326,0.22036027297188157,0.22052693403801982,0.21417131202780978,0.21867454933653777,0.214455877787869,0.21830189910384787,0.21262178792884207,0.21975126801703793,0.21538903579711569,0.22046994983626,0.22040317810113091,0.2205642475327341,0.21030351836562466,0.2030627188385445,0.1938344535001071,0.20244658419726203,0.19046898852304459,0.19836242417957706,0.2018489968326052,0.2116825822532546,0.22036063990969396,0.22042233450932847,0.22058745771084623,0.2201033265084647,0.22056528675933437,0.22006967842580968,0.22053104537170798,0.22023310253712797,0.2205827609898983,0.22016868730684,0.22055030376495358
0.2280733885736308,0.2282197829112847,0.22769911532683423,0.22818617031885016,0.2277705576265677,0.22814095900791803,0.22778242897441855,0.22822511645416857,0.22771190343215422,0.22817456982031512,0.22814424020650656,0.21872067214704174,0.21097978575783322,0.1988247194560707,0.25000000000000017,0.1925289757884451,0.20505393037839453,0.20836626241713324,0.2197527520192942,0.22800149547925927,0.22806103804083028,0.22275757485534678,0.2271420413524155,0.22318472117344312,0.2267859006160388,0.21914972296602572,0.2265825018236028,0.22440891639971267,0.22756455804315873,0.22799427616725837,0.22816650613129794,0.22160065658092618,0.22624695912602283,0.221893858981161,0.22586391004561254,0.22000223011775755,0.22736429410703607,0.2228581548943048,0.22810716749263846,0.22803823592882091,0.22820489604747243,0.2175816965541861,0.21008971879060157,0.2005379404898304,0.20945285033218283,0.19706417718639305,0.20523305798889477,0.2088399552616786,0.21901540207282802,0.22799422412262602,0.2280580554854809,0.22822889880888475,0.22772769350623684,0.22820595982692993,0.22769308195044796,0.22817053227346554,0.22786226882226787,0.22822403938721605,0.22779561862897355,0.22819045780119315
0.21414888883597305,0.21428634724535853,0.2137958907853882,0.2142547867907042,0.21388187829821126,0.2142123357307067,0.21385720404995656,0.2142912957377009,0.21384260829603766,0.2142437381821207,0.21421402921587349,0.20569999664621827,0.1990995745705976,0.18600202267188148,0.1925289757884451,0.25000000000000006,0.18992211965294428,0.1927929199776522,0.20579720055883982,0.21408406518935347,0.21413740527119385,0.20926599909569718,0.21334784861621697,0.20988595316792522,0.21282972744191173,0.2050362358428314,0.2126252631957648,0.21031508001237373,0.2136573664935051,0.21407228166402165,0.2142351755906801,0.20806185167746993,0.2124018984670487,0.20832735243373413,0.21207036505315097,0.206547411012949,0.213479854905781,0.20923664897101324,0.21418083469238897,0.21411591607576513,0.21427235232752706,0.20429973337194865,0.19725641629163027,0.18830625741397544,0.19668480609105798,0.18506689396775203,0.192708508683167,0.1960942995669204,0.2056435565553067,0.2140745586352038,0.21413449378692812,0.21429490658923628,0.21382484293504028,0.21427336809421457,0.213792037725932,0.21424010348588565,0.21395063486487187,0.21429034384863466,0.21388809220006236,0.21425881250915169
0.22545619682823392,0.22560090955664897,0.22508487204304567,0.22556768289667634,0.22518552236369194,0.22552298826710812,0.2251285639828514,0.2256061218503382,0.22513124760080824,0.22555609543887167,0.22552477019974504,0.21676576086867805,0.2099686421831949,0.1992508868637088,0.20505393037839453,0.18992211965294428,0.2500000000000002,0.203888269002834,0.21630773443476417,0.22537666697727374,0.22544459415297213,0.22025971811244438,0.22458130127134046,0.22116798925742215,0.22423529418699772,0.2166244901250555,0.22397299414357125,0.22145199279339825,0.2249472389551443,0.22537784541735,0.22554845870680695,0.21902400277015782,0.22362766432641104,0.21931312576194417,0.2232539069173004,0.21744582022720144,0.22475066130821075,0.22028863780469474,0.22548875518016928,0.22542145513221007,0.22558620778834787,0.2150468170882021,0.2076601187795764,0.19819002682312506,0.20704486679915166,0.19478673343349348,0.20287547498379627,0.20643578680418753,0.21650050081446856,0.2253779396880235,0.2254410382314611,0.225609921067829,0.22511458394731335,0.2255872453185028,0.2250802295500251,0.22555222430413735,0.22524748909821804,0.22560511740904554,0.2251816183963357,0.22557192117930677
0.2281147763881212,0.22826119758321092,0.2277380153092695,0.22822757907231106,0.2278429544063606,0.22818235759461197,0.2278027087458257,0.2282664612600997,0.227789840524478,0.22821586382098577,0.22818392260354126,0.21919570179435346,0.2118262713514674,0.2018827325101342,0.20836626241713324,0.1927929199776522,0.203888269002834,0.2500000000000002,0.21857435757946544,0.22803351484406098,0.22810265656395992,0.22289569592416575,0.227279046592232,0.22359213903789565,0.22683841092199608,0.21929522776746718,0.22660114084035038,0.22400285076195767,0.22759841994004792,0.22803546633147423,0.2282083158254991,0.2215967065534789,0.22624594514931493,0.2218869110533163,0.2258868558395286,0.21999879246498633,0.2273970638033606,0.22287982485287192,0.22814772796526644,0.2280796692432943,0.2282463139599419,0.21758593242067026,0.21010378399419183,0.20055139475022926,0.20948650048849832,0.19710946440472354,0.20526629665767326,0.2088713573344743,0.21905322637719324,0.2280355976159407,0.2280994410231327,0.22827031531464945,0.22776930346966795,0.22824737216782515,0.2277345411585338,0.2282119381896843,0.22790361989534869,0.22826545501125942,0.22783695313706206,0.2282318673311316
0.24013100886457348,0.24028514005354473,0.23973628899818247,0.2402497507138342,0.23983414600605638,0.2402021465967048,0.23982680089284145,0.24029072054234774,0.2397644134897578,0.24023761895109327,0.24020469795708782,0.23049245481636485,0.2225754558601962,0.21239647536441883,0.2197527520192942,0.20579720055883982,0.21630773443476417,0.21857435757946544,0.2500000000000001,0.24005053109609378,0.2401180918966331,0.23446571074553368,0.23911493622008556,0.23532844877298054,0.23886843558531093,0.23146716076374632,0.2386782227010154,0.23604874257478722,0.23960790283493202,0.24004805913918664,0.24022927628930718,0.23329305894162253,0.2382180499489736,0.23359638088598114,0.23781512472487745,0.23159923046845646,0.23938393209557643,0.23462732433617467,0.24016615024989094,0.24009396780708664,0.24026946864010654,0.22905324972601848,0.22118333093965745,0.21107894461171287,0.2205170543508963,0.20744014164711672,0.21608119435411155,0.21987245968840666,0.23059305501102614,0.24004765737751574,0.2401148628176029,0.2402947381425444,0.23976714320074735,0.24027058644230928,0.2397304938326073,0.24023328592881327,0.23990872267930127,0.24028962181639416,0.23983855492199524,0.24025426486361567
0.24957836012787232,0.2497385546590829,0.24916742021975952,0.2497017731256891,0.24928544154755317,0.24965229499832414,0.24926341423526113,0.24974432447983697,0.2492134075524725,0.2496891144000289,0.24965420492558416,0.23945239798565496,0.2312225077334586,0.22036511752585722,0.22800149547925927,0.21408406518935347,0.22537666697727374,0.22803351484406098,0.24005053109609378,0.2500000000000002,0.2495648312214457,0.2436417250142602,0.24851662426627566,0.24455352533328525,0.24824470734781104,0.24048842324013767,0.24805977032008664,0.2454726220418191,0.2490366667625121,0.24949228012673755,0.24968050759032565,0.2424836592662111,0.2476004685240855,0.24279793663210006,0.24717823704803077,0.24072084369217858,0.24880254015980816,0.2438625444692724,0.2496149834985608,0.24953987179910023,0.2497222703720946,0.23807492969023208,0.2298914342264738,0.21940076398674727,0.22919371848506548,0.21561311839815425,0.22458328168717376,0.22852511687553312,0.239665648894668,0.24949172899658895,0.24956157838663368,0.24974853047104992,0.24920005404512924,0.24972342858321595,0.24916208875786947,0.2496846605760792,0.24934732178574098,0.2497432128558926,0.2492744017739179,0.2497064648727204
0.24964547827574968,0.24980571587955624,0.24923442922393882,0.2497689244553641,0.24935264301558188,0.24971943301495653,0.24933043816534733,0.24981148707346873,0.24928056655974665,0.24975626204124468,0.24972133909777802,0.23951709214826827,0.23128545400565584,0.22042430759191278,0.22806103804083028,0.21413740527119385,0.22544459415297213,0.22810265656395992,0.2401180918966331,0.2495648312214457,0.24999999999999972,0.24370605449444518,0.24858356345356647,0.244619129134107,0.24831168581221608,0.24055250152732977,0.24812651698851454,0.2455400115028539,0.24910364929429182,0.2495593770392454,0.24974765410590818,0.2425489209727116,0.24766711712002454,0.24286328968709348,0.2472447256768696,0.24078563690018565,0.24886945421249487,0.24392815620563035,0.24968211139085852,0.24960697961361003,0.24978942726415637,0.23813896824487277,0.2299532714984959,0.21945979438122507,0.22925534062307248,0.2156711196365491,0.22464367703764457,0.22858657531711865,0.23973010240076323,0.24955882384134487,0.2496286920141421,0.24981569437499207,0.24926706940625593,0.24979058573660934,0.24922909469644025,0.24975180730374977,0.2494143777808209,0.249810375329789,0.2493414381757341,0.2497736174641246
0.24371945901717215,0.24387589304734592,0.2433187535282309,0.24383997491048162,0.24343084686684918,0.2437916589675781,0.24340556451939235,0.24388152813165925,0.2433622366543059,0.24382759135687865,0.24379356823366247,0.23361328168608247,0.2254723906801089,0.2149498760417242,0.22275757485534678,0.20926599909569718,0.22025971811244438,0.22289569592416575,0.23446571074553368,0.2436417250142602,0.24370605449444518,0.25000000000000006,0.24266166260242295,0.23880184377574837,0.2424021330785515,0.23482116764078845,0.24222822836348265,0.23975417576420976,0.2431867598180528,0.24363535804647724,0.24381942742698895,0.23677752148815853,0.2417777335742137,0.23708476697371292,0.24136315101757302,0.2350568907592054,0.24295777235886043,0.23813254746349172,0.24375489767558228,0.2436819009385583,0.24385999676964765,0.23247505827074685,0.22448734521852862,0.21425108949548988,0.22381204948862146,0.21056114829530756,0.21930915464207507,0.2231586011533741,0.2340387839424484,0.2436348614187974,0.24370307127980034,0.2438856346183152,0.24335012071587472,0.24386112200106363,0.24331302693080378,0.24382326408307498,0.24349384718362865,0.243880441835268,0.24342263438238987,0.24384455651819278
0.24859701523768385,0.2487565800147422,0.24818779687680742,0.24871994308855466,0.24830429480528218,0.24867065970642407,0.2482824743707035,0.2487623268713348,0.24823292405209593,0.24870732825618747,0.24867256372859964,0.2385183460611166,0.23032164792378415,0.21947120995413683,0.2271420413524155,0.21334784861621697,0.22458130127134046,0.227279046592232,0.23911493622008556,0.24851662426627566,0.24858356345356647,0.24266166260242295,0.25000000000000006,0.24357008389036103,0.24730385696456353,0.23960666055530952,0.24713886421363773,0.2445427534777163,0.24806510465865458,0.24851080794847438,0.24869865923292428,0.24152392639625697,0.24662432320201527,0.24183235597619643,0.2462089126146752,0.2397559868909526,0.24782221055282586,0.24289492500587664,0.2486346611209753,0.24855868918691093,0.24874033799736622,0.23712227137742142,0.2289509211259357,0.21851522940705848,0.22827833837073966,0.2147580295436963,0.2236948505950074,0.2276232509437257,0.23872188734493144,0.24851072358333157,0.24858029961948533,0.24876651658349958,0.24822049239026747,0.24874151338534464,0.24818250611142953,0.24870289781842908,0.24836694674519472,0.24876121987754798,0.2482942172454849,0.24872461638760604
0.24463229907889736,0.244789319102791,0.24423017984200843,0.24475326642603787,0.2443417447367316,0.2447047696216072,0.24431943737831666,0.24479497683052173,0.2442721825700011,0.24474084888349992,0.2447067235347303,0.23459645902248982,0.22645293211076473,0.21540118884750348,0.22318472117344312,0.20988595316792522,0.22116798925742215,0.22359213903789565,0.23532844877298054,0.24455352533328525,0.244619129134107,0.23880184377574837,0.24357008389036103,0.2500000000000001,0.24329738585147664,0.23570244358663248,0.2431534557076454,0.2406426735439213,0.24409567448063618,0.24454763449779726,0.24473246398206713,0.23766812648903396,0.2426853936694235,0.2379760793220957,0.24226888294290266,0.2359404395284768,0.24386952141386348,0.23902490272137608,0.2446681088376626,0.24459459204299688,0.24477335767002087,0.23335490924193386,0.2253347237796161,0.2150622447001113,0.22465538012812591,0.21135166142629164,0.22013203981740245,0.2239963526947002,0.23491571830634417,0.24454738460466993,0.24461585003947955,0.24479909715018466,0.24426165929736007,0.24477449272234802,0.2442243630193083,0.24473649300752615,0.24440584063016765,0.24479388491782714,0.24433436549518253,0.24475786519390413
0.24832515454462223,0.24848454487958083,0.24791628326480852,0.2484479480213912,0.24803234798117915,0.2483987184946629,0.24801081753570822,0.24849028537821027,0.24796122177124072,0.24843534492438013,0.24840061764186736,0.238213835758826,0.23002126446868834,0.21911807450368456,0.2267859006160388,0.21282972744191173,0.22423529418699772,0.22683841092199608,0.23886843558531093,0.24824470734781104,0.24831168581221608,0.2424021330785515,0.24730385696456353,0.24329738585147664,0.2500000000000001,0.23922675488575407,0.24681104159459133,0.24424281411521112,0.2477863350292645,0.24823866526403793,0.24842650533117644,0.2412651394692023,0.246401777786366,0.2415742367087892,0.24593120365969529,0.23949469241877064,0.24755811554286453,0.2426265811939027,0.24836438376074554,0.24828687199216173,0.24846829841466736,0.23690501955911497,0.22872578279843483,0.21833827509454412,0.22804198696222525,0.21454393602602417,0.22345085873081807,0.22738052743256026,0.23846183776717714,0.24823895629552817,0.24830845730001544,0.24849447058446503,0.24794946097953455,0.24846949472414553,0.24791128655599223,0.24843092138588194,0.2480953673959742,0.24848917967111514,0.24802268086463647,0.24845261620979486
0.24056549612439637,0.24071990619724692,0.24016939362537384,0.24068445288064758,0.2402785252507538,0.24063676206654153,0.2402517500008278,0.24072547333901234,0.24021212553715107,0.2406722242010763,0.2406387512464817,0.2308356067125892,0.22298688354894017,0.2119675462951808,0.21914972296602572,0.2050362358428314,0.2166244901250555,0.21929522776746718,0.23146716076374632,0.24048842324013767,0.24055250152732977,0.23482116764078845,0.23960666055530952,0.23570244358663248,0.23922675488575407,0.25000000000000006,0.23904199876086366,0.23661668726695395,0.24004058341219978,0.2404816417579017,0.24066329198290362,0.23370083677231027,0.23865201013093904,0.23401752649382654,0.2382284741313345,0.2320001103878142,0.23980637268749924,0.23504342625184235,0.2406006741472034,0.24052841950176554,0.24070418853706987,0.22944426240368507,0.2215457408824684,0.2114478906972282,0.2209035040392419,0.20782203086696796,0.21646700034665053,0.22026834823869362,0.23100900645451647,0.2404819926498358,0.24054932094191422,0.24072952170806836,0.24020120617434484,0.24070532629835964,0.24016442024254606,0.24066795829976287,0.24034284866007924,0.24072439612484117,0.24027248457462536,0.24068897519781202
0.24813997045538047,0.24829924189738872,0.2477313435800844,0.24826267233826652,0.24784849364664055,0.24821347944208014,0.24782577292546046,0.24830497823271994,0.24777752527016703,0.248250080225224,0.24821537507538816,0.23808702670646864,0.2299157920784193,0.21903842614972308,0.2265825018236028,0.2126252631957648,0.22397299414357125,0.22660114084035038,0.2386782227010154,0.24805977032008664,0.24812651698851454,0.24222822836348265,0.24713886421363773,0.2431534557076454,0.24681104159459133,0.23904199876086366,0.2500000000000002,0.24403141338705311,0.24760723596412587,0.24805328406489646,0.24824121325621373,0.2410940635681568,0.24626654707465337,0.24141879336410807,0.2458730463129187,0.23931025179535703,0.24736989209678648,0.24244258771786178,0.2481779853674071,0.24810173616458744,0.24828300945583082,0.23672995295787855,0.22854952362490322,0.2181628850399499,0.22787057233306382,0.21440037930076936,0.2232893420111877,0.22721375762416907,0.23828397420726216,0.24805383647246979,0.24812328562627348,0.2483091602079151,0.24776441747376926,0.24828420297388476,0.2477264507420885,0.24824565840283008,0.24791032771945504,0.24830387324018946,0.24783772802757337,0.24826733704541176
0.24555327118150452,0.24571088272589553,0.2451488837219729,0.24567469434692782,0.24525963149273666,0.24562601458415623,0.24524087469263767,0.24571656287098734,0.24518905143322678,0.24566223625939718,0.24562798743040135,0.23562991825415133,0.2275470513255092,0.21693701023097303,0.22440891639971267,0.21031508001237373,0.22145199279339825,0.22400285076195767,0.23604874257478722,0.2454726220418191,0.2455400115028539,0.23975417576420976,0.2445427534777163,0.2406426735439213,0.24424281411521112,0.23661668726695395,0.24403141338705311,0.2500000000000001,0.24501029764411106,0.24546803495242192,0.2456536652788908,0.23854284520750865,0.24359988268923133,0.23885692317482254,0.24316569468106827,0.23680902375859503,0.2447803456892389,0.23991754950774702,0.24558907745750036,0.24551544126649308,0.2456948630283817,0.2341841045468162,0.22613073098989378,0.21581147609242715,0.22547967578785186,0.21213050085782115,0.22095354685175847,0.22483078924154115,0.2357976580048763,0.24546803693082397,0.24553676062620447,0.24572069761064666,0.24518127829404096,0.24569600054676455,0.24514380586288753,0.24565785777829763,0.24532600626120804,0.2457154657557973,0.24525418775716332,0.2456793104275676
0.24911715357112799,0.24927705209905696,0.2487069614870519,0.24924033853484012,0.24882479618443862,0.24919095184858567,0.24880278364852584,0.24928281109077532,0.24875298035115512,0.24922770233258426,0.24919285458719803,0.23901237609786735,0.23079950322611698,0.2199536317935326,0.22756455804315873,0.2136573664935051,0.2249472389551443,0.22759841994004792,0.23960790283493202,0.2490366667625121,0.24910364929429182,0.2431867598180528,0.24806510465865458,0.24409567448063618,0.2477863350292645,0.24004058341219978,0.24760723596412587,0.24501029764411106,0.25000000000000033,0.24903086748048858,0.24921941387087446,0.24208141728996907,0.24723713520357385,0.24239532772873615,0.24677244431691148,0.24028716075264084,0.2483547065918732,0.24341590275316669,0.24915454418709704,0.2490787399313959,0.2492608094502655,0.23768918350122406,0.2295066962248581,0.21903927945980806,0.22877771730761304,0.21523591084523422,0.22417509590212215,0.2281113781770202,0.2392244262901057,0.24903068276878712,0.24910040285005627,0.2492870094752937,0.24873947013592462,0.24926195397701903,0.2487016945754928,0.24922325761195302,0.24888652897431895,0.24928170168675445,0.24881377024787482,0.24924502161177725
0.2495729059818122,0.2497330970055527,0.2491619743300768,0.24969631627674008,0.24928015791827485,0.24964683922268946,0.2492579549315197,0.2497388664985302,0.24920810211537472,0.2496836574843957,0.24964874419375344,0.23944734780104318,0.2312180744000311,0.22036027297188157,0.22799427616725837,0.21407228166402165,0.22537784541735,0.22803546633147423,0.24004805913918664,0.24949228012673755,0.2495593770392454,0.24363535804647724,0.24851080794847438,0.24454763449779726,0.24823866526403793,0.2404816417579017,0.24805328406489646,0.24546803495242192,0.24903086748048858,0.25000000000000017,0.24967506136990847,0.24247753344671752,0.24759473594911668,0.24279208437805583,0.24717256438807522,0.24071535082380188,0.24879699552393383,0.24385710902042226,0.2496095132727784,0.24953441975447457,0.24971681331278828,0.23806915146532134,0.22988584670429102,0.21939580961287636,0.22918849874875663,0.21560891884925548,0.22457826175863013,0.22852001034892233,0.2396603700571586,0.2494862767240693,0.2495561246011173,0.24974307260028547,0.24919460664529805,0.24971797126087883,0.2491566458490793,0.24967920410110334,0.2493418731241177,0.24973775510133953,0.24926895385886466,0.24970100792123612
0.24976119326759774,0.2499215051443701,0.24934995222967915,0.2498846966668103,0.24946822246644446,0.24983518228515147,0.24944600716432896,0.24992727900795342,0.2493961116856881,0.24987202837464484,0.2498370890921808,0.23962807653605758,0.23139261195033498,0.22052693403801982,0.22816650613129794,0.2142351755906801,0.22554845870680695,0.2282083158254991,0.24022927628930718,0.24968050759032565,0.24974765410590818,0.24381942742698895,0.24869865923292428,0.24473246398206713,0.24842650533117644,0.24066329198290362,0.24824121325621373,0.2456536652788908,0.24921941387087446,0.24967506136990847,0.25000000000000006,0.2426604983784952,0.247782198132083,0.24297507181187175,0.24735970171134922,0.24089665103983646,0.2489849546276938,0.24404099027982806,0.2497978389070256,0.2497226780980095,0.24990521018650289,0.23824968288058374,0.23006092452179566,0.21956249233890676,0.22936204534774793,0.21577194844694966,0.22474788470008367,0.22869250496696703,0.23984122225503093,0.24967449869697847,0.24974439922552402,0.24993148826510542,0.2493826093801124,0.24990636798872606,0.24934461754834453,0.24986757158142184,0.24952998434517487,0.24992616675442642,0.24945701328514513,0.2498893918508616
0.242562072851746,0.24271776394240502,0.2421626504111555,0.24268201643311715,0.24227790557898923,0.24263392924672786,0.24225615641816584,0.24272337014685205,0.24220782298402246,0.24266971064415666,0.24263575276765503,0.2327185585601573,0.224718625623756,0.21417131202780978,0.22160065658092618,0.20806185167746993,0.21902400277015782,0.2215967065534789,0.23329305894162253,0.2424836592662111,0.2425489209727116,0.23677752148815853,0.24152392639625697,0.23766812648903396,0.2412651394692023,0.23370083677231027,0.2410940635681568,0.23854284520750865,0.24208141728996907,0.24247753344671752,0.2426604983784952,0.25000000000000017,0.2405891527744947,0.23589354176975502,0.24017467023331565,0.23398648994639537,0.24181742318393779,0.23717576367193272,0.2426084255447573,0.2425245919508101,0.2427022953261306,0.23105220254207612,0.22316600052999921,0.213173230261062,0.22300854130473982,0.20980761194130076,0.21833644178461803,0.222186832650332,0.2329187823153152,0.24247787750504107,0.24254576373934106,0.24272745930987577,0.24220130794953906,0.24270306313337564,0.24215892904506567,0.2426653849133835,0.24233783194065545,0.24272229118714986,0.24226683494499235,0.24268657628306292
0.24768055274927384,0.24783952922345853,0.2472726956059929,0.24780302737755905,0.24739011778888412,0.2477539254902267,0.24736817129842315,0.24784525405215457,0.24731876898147112,0.2477904614889792,0.24775579553215335,0.2376312954344585,0.22946012713382824,0.21867454933653777,0.22624695912602283,0.2124018984670487,0.22362766432641104,0.22624594514931493,0.2382180499489736,0.2476004685240855,0.24766711712002454,0.2417777335742137,0.24662432320201527,0.2426853936694235,0.246401777786366,0.23865201013093904,0.24626654707465337,0.24359988268923133,0.24723713520357385,0.24759473594911668,0.247782198132083,0.2405891527744947,0.2500000000000004,0.2408972852685766,0.24528369705630335,0.2388881085186259,0.24701528829352826,0.24205534597247721,0.2477357239248193,0.24764225845084337,0.2478236514161013,0.23620687650668382,0.2281149621421254,0.21756890930553135,0.2274441037477057,0.21387831532801163,0.2228939201228087,0.2267721838016474,0.23783919654079355,0.24759458882800847,0.24766389852417967,0.24784942917774894,0.24730356208757584,0.24782451821132853,0.24726619828939214,0.2477860449784181,0.24745123811865175,0.2478441519962385,0.24737899345756148,0.24780768344823736
