x1,x2,x3,x4,x5,x6,x7,x8,x9,x10,x11,x12,x13,x14,x15,x16,x17,x18,x19,x20,x21,x22,x23,x24,x25,x26,x27,x28,x29,x30,x31,x32,x33,x34,x35,x36,x37,x38,x39,x40,x41,x42,x43,x44,x45,x46,x47,x48,x49,x50,x51,x52,x53,x54,x55,x56,x57,x58,x59,x60
0.25,0.249475426896593,0.24823391782787455,0.24970203144078837,0.2474156678036405,0.24930665937582744,0.24433164391055287,0.24951265493213734,0.2477247965653256,0.24971721515351003,0.24817359331560213,0.09313164198380278,0.17466800446866085,0.0946643180435627,0.13603887704881085,0.08149027400376363,0.09339656599423113,0.2013265874883362,0.04422425598578451,0.24948496641596907,0.24786790052191432,0.18862271529804187,0.1621322579313537,0.21348884849530772,0.1293609663075585,0.20844360925357605,0.15728634479197498,0.19037201281809998,0.15632796281448857,0.24961176025842444,0.2482926382651243,0.20498066970079284,0.1506775211783459,0.1987672489722719,0.15085679217055706,0.2068340927519141,0.1504962689963972,0.17144713369862025,0.15067070904812316,0.24949000308881816,0.24931053002091963,0.1277932384271328,0.15514384254435218,0.123457550919617,0.122479875990145,0.11982903008123937,0.08613740704563229,0.19372727233217407,0.051306113397164226,0.2491664299345338,0.2495384661396584,0.24968332519408734,0.24762550560549781,0.24971681130024806,0.24199740005407436,0.2494638886164126,0.24092886646469105,0.24969357499343584,0.24338492646829255,0.24972286307094665
0.249475426896593,0.2500000000000001,0.2482579732566648,0.24972978575569688,0.24744262598914543,0.24933445129435935,0.24436395732162486,0.2495404458456298,0.24775080320810403,0.24974501368905547,0.24820069819546284,0.09308197740998808,0.17472997563946507,0.09465191453384734,0.13609286762761003,0.08146295172599699,0.09343717941368854,0.20134077443926743,0.04422987854732207,0.24951288382745357,0.24789555519750983,0.18863346580479984,0.16215296516386218,0.2134899042318188,0.12937661864375666,0.20845542003880685,0.15731138092137267,0.19038260536529128,0.15635205978777783,0.24963953846772124,0.2483202102525245,0.20499972830240912,0.15068972928715416,0.1987797998355491,0.1508743414317866,0.20685312063503528,0.1505062710000389,0.17146210477205917,0.15068321893506514,0.24951774633035795,0.24933828396553104,0.12781111629382522,0.15515533408210444,0.12347323860100015,0.12249383043425217,0.11984277327281613,0.08614670997941448,0.19374717616203604,0.05130994808078236,0.2491941278214456,0.24956624473991557,0.24971111989977463,0.24765297925180768,0.24974460936792467,0.24202348089781758,0.2494916455242508,0.24095460122590795,0.249721369920676,0.24341130419001014,0.24975066218563519
0.24823391782787455,0.2482579732566648,0.2500000000000001,0.24848452792817796,0.24620334019352066,0.2480948900518524,0.24319654840828958,0.2482961126628968,0.24651555388209562,0.24849972001160897,0.24696443228738535,0.09257828833230952,0.17347367254947388,0.09432768974637815,0.13529015711222306,0.0810648559529659,0.09293916750531242,0.2003495658813464,0.044012879079552626,0.24826873956965897,0.24665887812391987,0.18776514256496396,0.16132115850733617,0.21253114274379462,0.12870450817888662,0.20745983273427682,0.1565151999548174,0.18947441959393702,0.15554901528867582,0.2483947728708593,0.24708204079921658,0.20398615842123305,0.1499432998835994,0.1978022026366647,0.1501296780873901,0.20582178160763398,0.14976579509877058,0.1706088868212661,0.14993413595792646,0.2482737041467544,0.24809500949369245,0.12716131740508635,0.15438826766515995,0.12284747173067573,0.12187335951719877,0.11924471891131445,0.0857108344728174,0.19278598535388483,0.05105267882642268,0.24795158630750785,0.24832184315747208,0.24846599591113003,0.2464184244823072,0.24849931930271352,0.24081748313346063,0.2482476103748305,0.23975436705896816,0.24847619487287176,0.24219825526316488,0.24850534105377928
0.24970203144078837,0.24972978575569688,0.24848452792817796,0.2500000000000002,0.247667968642337,0.249560490194629,0.2445854778980782,0.24976690817791225,0.24797615107648985,0.24997167513736424,0.24842686389947635,0.09319983530631314,0.17485550867537533,0.09474499523934442,0.13619563346497257,0.08154572088162497,0.09351219010975631,0.20152809273059077,0.04427265454557441,0.24973927046727734,0.24812054677266665,0.18880722214750695,0.16230277058020867,0.21369639530006337,0.12949710147481724,0.20864929778709967,0.15745108508901787,0.19056228947751963,0.15648391473526588,0.24986610992164293,0.24854563283597278,0.20518687801343582,0.15082889075643743,0.19896252057545222,0.15100983135605378,0.2070415826455707,0.15064660583014577,0.1716171879944479,0.15082684962661924,0.24974422926701478,0.24956458825655928,0.1279269352267377,0.15529757247736525,0.12358594755992994,0.12260570170303081,0.11995433138526046,0.08622423471328136,0.19392358092584414,0.05135652991419778,0.2494203151242867,0.24979274398875853,0.24993775062799387,0.24787771669400804,0.24997127049215392,0.24224343919104468,0.2497180886436063,0.2411736775703994,0.2499480117290681,0.2436324599645199,0.2499773288020448
0.2474156678036405,0.24744262598914543,0.24620334019352066,0.247667968642337,0.2500000000000002,0.24727245559374647,0.24235313109375425,0.24747948079505194,0.24570621071315388,0.24768323478316812,0.24614283940375917,0.09191864226857364,0.17376452349092864,0.09341487879895208,0.13400297942731063,0.08079002052001795,0.09209994897208945,0.19982368153196575,0.04377050473116104,0.24745204316570063,0.2458447811511345,0.187130116868167,0.1606337003140409,0.2121434787299788,0.12809952451314838,0.20705728605857002,0.155950017958958,0.1889864862305574,0.1551307461129803,0.24757862120858523,0.24626968874455454,0.203445784489965,0.14940595642090074,0.1974143656154602,0.14962914084539036,0.20522151884981904,0.1493256256795117,0.17018531883610855,0.14931124326343007,0.24745849130153336,0.24727936288223698,0.12657138744055177,0.15400895824607994,0.12229202944758134,0.12137618546577672,0.11874872358757256,0.08541307696460079,0.19219820875956822,0.050911379572295454,0.24713682972403062,0.24750592986656586,0.24764960935988478,0.24561349137087743,0.24768283733898966,0.24003885904362626,0.24743177841589906,0.2389837071591343,0.24765973423508938,0.2414135009435785,0.247688825246933
0.24930665937582744,0.24933445129435935,0.2480948900518524,0.249560490194629,0.24727245559374647,0.2500000000000005,0.24418950360923578,0.24937120523295944,0.2475819566227311,0.2495756036796231,0.24803189553610994,0.09295216975879675,0.17470040212621757,0.09453983506393161,0.13604102338872,0.0813706856055961,0.09339080764571538,0.20120049546189608,0.04419698359900166,0.24934374511866259,0.24772731125283276,0.18850092458126905,0.16203821965916446,0.21333197710740162,0.12928144981878303,0.2083096850470993,0.15721136700736957,0.1902444656340099,0.1562597714013066,0.2494701904780373,0.24815166445038706,0.20486088565820093,0.15058195830855187,0.19864331206245772,0.15077416635567412,0.20671116616809285,0.15039807506828387,0.1713466475571212,0.15056958405004467,0.2493484658885652,0.24916912932570434,0.12772238102656036,0.15504822630433387,0.12338623628241742,0.12240752131474317,0.11975713452366608,0.0860878085617772,0.19361548427956257,0.051274324137347,0.2490250422117887,0.24939695649096782,0.24954173337568883,0.24748507125593117,0.24957520024639726,0.24185879567006757,0.24932238487676148,0.24079053506837295,0.2495519733839435,0.24324578512553358,0.24958124884533495
0.24433164391055287,0.24436395732162486,0.24319654840828958,0.2445854778980782,0.24235313109375425,0.24418950360923578,0.2500000000000004,0.24439525844758825,0.24269457435676706,0.24459990933176234,0.24306716801779124,0.09054592833846851,0.17084211779650352,0.09221119149142293,0.13257855548885913,0.07978076623515107,0.08905558984572003,0.19772851087315774,0.04228509613470301,0.24436983678469534,0.24277866991542246,0.18468560125540887,0.15841203139681134,0.20920385802580882,0.1264031137456716,0.2041065475480314,0.15420861104934286,0.18636197711936173,0.15373277423278872,0.2444964945861665,0.2432021960465486,0.2011516424269594,0.1475150988136344,0.19545076638794692,0.14765645157052976,0.20284663172924802,0.14736894556321142,0.16839876083589728,0.14705545640791748,0.24437841952613243,0.24420005530444003,0.12470789134184432,0.1523114731399611,0.12048897803368148,0.11972211679708411,0.11703454899403799,0.08436187012712495,0.18985124141296142,0.05034074745200049,0.2440599315811089,0.24442481494776333,0.24456670659405289,0.24256382157235717,0.2445995446764639,0.2370689323575211,0.24435119820509027,0.23603247714803355,0.2445766141604876,0.23842490321430496,0.24460543427423936
0.24951265493213734,0.2495404458456298,0.2482961126628968,0.24976690817791225,0.24747948079505194,0.24937120523295944,0.24439525844758825,0.2500000000000003,0.247787801251287,0.24978212391111698,0.24823797862723346,0.09311996906306373,0.17474107705852757,0.0946685544663668,0.136109090002455,0.08147881655982789,0.09344913174243673,0.20137113679356658,0.04424108718294381,0.24954992675184437,0.24793242110345504,0.18866378146517745,0.1621797451446468,0.2135276626049544,0.12939909387549836,0.20848840990375095,0.15733230824659955,0.19041515468798484,0.15636746092216158,0.24967663729959985,0.24835715144100418,0.2050297209639298,0.15071411351862235,0.1988085947060479,0.15089600637883593,0.20688365964228245,0.15053118043165145,0.171485941327392,0.15071147440352461,0.2495548364079558,0.24937534605604325,0.1278314865785408,0.1551782889075049,0.12349339004610643,0.12251335416611855,0.11986333282971094,0.08615923657511206,0.19377599938730894,0.05131738783607883,0.2492311748141152,0.24960332861367912,0.24974822529507626,0.24768972271182543,0.2497817196220179,0.2420595513072994,0.24952872766069262,0.2409905365073016,0.2497584783743861,0.243447550255415,0.2497877734565537
0.2477247965653256,0.24775080320810403,0.24651555388209562,0.24797615107648985,0.24570621071315388,0.2475819566227311,0.24269457435676706,0.247787801251287,0.25000000000000044,0.2479911952542798,0.24646250507416415,0.09200318582191343,0.17329849403608324,0.09382665196549964,0.13462586368293986,0.08077048667150691,0.0919807720675918,0.20042567873376443,0.043070563516007784,0.2477602584444465,0.2461510575779386,0.18724534895463507,0.16091183134549789,0.21202959151813966,0.1284069512270415,0.20687143385591206,0.15644695914331078,0.1889252253820866,0.15549480313741534,0.24788634025661446,0.24657492511377174,0.203737013572389,0.14956530804870855,0.19769447759131087,0.14972029889417532,0.20548371462750034,0.14933714356493905,0.17043531802070205,0.14940868878508046,0.24776643143793636,0.24758678899451797,0.12670261670113314,0.15418446426777738,0.12239628408824488,0.12150177180088813,0.11889176014943335,0.0855015322554621,0.19242276897290234,0.05095448901094841,0.2474437064913985,0.2478136807275148,0.24795753847682528,0.24591880613319148,0.24799080791733288,0.24033128474359827,0.24773927823956454,0.23927353415967198,0.24796766884207624,0.2417090482200125,0.2479968033469056
0.24971721515351003,0.24974501368905547,0.24849972001160897,0.24997167513736424,0.24768323478316812,0.2495756036796231,0.24459990933176234,0.24978212391111698,0.2479911952542798,0.2500000000000005,0.24844204334478687,0.09321091933288106,0.17485749060631084,0.09475577732829518,0.1362021300322475,0.08155266985201075,0.09352058204303446,0.20153941195535968,0.04427783003478111,0.24975447485057822,0.2481356938468225,0.18881850265729877,0.16231435386192797,0.2137096561431708,0.1295069127438675,0.2086618817809796,0.15745967791679275,0.19057499781585083,0.15649058958812437,0.24988133253770553,0.24856079118266616,0.20519864904643845,0.15083886730567006,0.1989734324962794,0.15101875083400554,0.20705393879471692,0.15065663137055219,0.17162663938025993,0.15083855141413652,0.24975944410156342,0.2495797967584365,0.12793591439230223,0.15530659306066324,0.12359474631784864,0.12261411094442272,0.11996288863626925,0.08622958152707337,0.19393522282286904,0.051359588202301014,0.24943551640524073,0.2498079605872737,0.2499529760576998,0.24789277948459013,0.2499864978705653,0.2422581991015376,0.24973330483010225,0.24118836450596023,0.24996323845322319,0.24364729742258215,0.249992556641893
0.24817359331560213,0.24820069819546284,0.24696443228738535,0.24842686389947635,0.24614283940375917,0.24803189553610994,0.24306716801779124,0.24823797862723346,0.24646250507416415,0.24844204334478687,0.25000000000000056,0.09170969603200667,0.17466523639713186,0.0937070963513262,0.13550117683834215,0.08072140103227918,0.09276303362472707,0.20035612983926016,0.043855938431694615,0.24821246622442647,0.24659994353082276,0.18760250062215678,0.16119230240578275,0.21233779775758155,0.12854933560900175,0.20734039067518742,0.15660416731519228,0.1892780383822757,0.15573268659210435,0.24833698177930136,0.2470230842544178,0.20397022841714949,0.14983049642003057,0.1977811466532385,0.1501248353627856,0.20576438150421475,0.14963026378813007,0.17060946931273516,0.14970815643089863,0.2482158894597942,0.24803706483366755,0.12707200789297712,0.15434514115800263,0.12274349322797645,0.12178007702678031,0.11914037432931546,0.08567805306938198,0.19274323038686775,0.05103136028684982,0.24789330608127963,0.24826422207317386,0.24840834135303266,0.24636316450022866,0.24844166104574167,0.2407558987183138,0.24818964420041922,0.23969217847870447,0.24841848878164385,0.24213774887395562,0.2484476774923385
0.09313164198380278,0.09308197740998808,0.09257828833230952,0.09319983530631314,0.09191864226857364,0.09295216975879675,0.09054592833846851,0.09311996906306373,0.09200318582191343,0.09321091933288106,0.09170969603200667,0.2500000000000004,0.0183981600165966,0.05586497060303205,0.05163507685772328,0.023378260557498982,0.04414315662430031,0.07724338217426106,0.01383286871152583,0.09313845739729228,0.09271229479829575,0.034409629679318,0.07216984797653059,0.06124587605462346,0.047454574777038384,0.06934905823125269,0.06117595776293413,0.06324735378646006,0.06290389425942419,0.09317006053826113,0.0926501982714563,0.0754235381227083,0.0522374063490037,0.0713779255440687,0.05657160940944397,0.07645035679434742,0.05372350602337236,0.06339932029329476,0.05422277145341196,0.09310290662040413,0.09305667764841916,0.049098389897006635,0.056275567822120925,0.04696298908472687,0.04636262347393771,0.044111606259961085,0.032772253876121114,0.07160431442826858,0.01900898800081941,0.092992607762097,0.09314436081927338,0.09319843330824171,0.09239809878342592,0.09321080722049266,0.09006695441702868,0.09311191532719922,0.08957521453415515,0.0932015875492711,0.09062967142853454,0.09321318973996136
0.17466800446866085,0.17472997563946507,0.17347367254947388,0.17485550867537533,0.17376452349092864,0.17470040212621757,0.17084211779650352,0.17474107705852757,0.17329849403608324,0.17485749060631084,0.17466523639713186,0.0183981600165966,0.2500000000000005,0.020093994875373236,0.1168520763385051,0.05048107651743038,0.06739225102612813,0.13733451992745496,0.03599654577245743,0.1746812153250935,0.17345195079411882,0.14821782307085019,0.10688831842886183,0.168130323349085,0.08549050435878447,0.1588106451457339,0.10503536375410505,0.14234566201621093,0.10580515958538764,0.1747849305278079,0.17387359147192008,0.14433158094938106,0.10672933336747256,0.14109626936882388,0.10760907508133219,0.14507935538144326,0.10861308914478639,0.12035062133037899,0.10622251082287568,0.17470897369820934,0.17457016628965782,0.08793035010958773,0.11003607616319101,0.08549185528753873,0.0847426762888936,0.08348898011135601,0.059875018914208024,0.1365101965288132,0.03615090413983165,0.17447758335323693,0.17473202912453206,0.17483346740718184,0.1734444567701281,0.1748570621650205,0.1696679474563489,0.1746808108697242,0.16899889545930336,0.17484058512003806,0.17060079550125748,0.17486115214873404
0.0946643180435627,0.09465191453384734,0.09432768974637815,0.09474499523934442,0.09341487879895208,0.09453983506393161,0.09221119149142293,0.0946685544663668,0.09382665196549964,0.09475577732829518,0.0937070963513262,0.05586497060303205,0.020093994875373236,0.2500000000000004,-0.018391132012073874,0.0637428965910466,0.020816105405302487,0.08253997546320405,0.018189458164088974,0.09464196172662218,0.09408919090620582,0.061755953197954946,0.06249150027779632,0.05997150327443344,0.05238356419005956,0.0643313912597401,0.06335520407226626,0.06203911907753983,0.06590808556599687,0.0947146887330747,0.09419909688407939,0.07768355031595697,0.058441847384940446,0.07596083383364373,0.05539827165112993,0.07940759319374141,0.05439293086838478,0.06667743202869823,0.054097920016943406,0.09465379785087864,0.0945967796393369,0.04889177048600374,0.058865786200835796,0.04679642435220322,0.047019826233291144,0.044241124750990755,0.03364385407817412,0.072923516137554,0.019993089874194642,0.09454140362835149,0.09468794985624493,0.09474292271203649,0.0939577760552801,0.0947556140870951,0.09176109153897417,0.09465732346884097,0.09130824562988696,0.09474622511698064,0.09231047589907275,0.09475792247123566
0.13603887704881085,0.13609286762761003,0.13529015711222306,0.13619563346497257,0.13400297942731063,0.13604102338872,0.13257855548885913,0.136109090002455,0.13462586368293986,0.1362021300322475,0.13550117683834215,0.05163507685772328,0.1168520763385051,-0.018391132012073874,0.25000000000000033,-0.03167779120534007,0.10040203540428223,0.09544358678363199,0.03809354694124958,0.13606085361010792,0.1352077913421399,0.10097470386582467,0.08849506740350882,0.1235644793346563,0.06471314672467592,0.1305868570525598,0.07984636513490485,0.11146590681686966,0.08633070798785154,0.13614748991920625,0.13543543891791363,0.11287392591842896,0.07980321703139584,0.11157612928401425,0.08473608043041882,0.11425733459915835,0.08602495268367581,0.09550705606358556,0.08147541309058665,0.13607133301797114,0.1359722097726693,0.06801811904243367,0.08704455846213854,0.06645166161255732,0.06643282759240769,0.0632989864768407,0.04776470333021791,0.10647807531531966,0.029164723934430162,0.13591113595002224,0.13610448763409413,0.13618351851707197,0.1351327106867205,0.13620198358127542,0.13234489037563787,0.13606530517797208,0.1318472157097152,0.1361884442510747,0.13304076213753965,0.13620507530392525
0.08149027400376363,0.08146295172599699,0.0810648559529659,0.08154572088162497,0.08079002052001795,0.0813706856055961,0.07978076623515107,0.08147881655982789,0.08077048667150691,0.08155266985201075,0.08072140103227918,0.023378260557498982,0.05048107651743038,0.0637428965910466,-0.03167779120534007,0.25000000000000044,-0.07409446468026086,0.0992165449298636,-0.022962117124497097,0.08149120457484056,0.0809405761969431,0.06296325299519036,0.05010375145167513,0.05182915548266157,0.04827483207025659,0.04153065187675413,0.05920272280317054,0.04590284232521285,0.053191097842866374,0.08151430342231529,0.08108762242435788,0.06499139977517743,0.05537688332528397,0.0616397681541483,0.0438000421738053,0.06712921007690718,0.04194532050625055,0.055432348300879807,0.04931929182796209,0.08147649057613489,0.08142905154395909,0.044734053550373416,0.0482622093986447,0.04226437364738683,0.0414795148427061,0.04126270652190455,0.02821691608787732,0.06184317893408341,0.016157409138886546,0.08136818917081455,0.08149425150098023,0.08154154318241114,0.08077095120101979,0.08155221566271882,0.07869618759560124,0.08147106110341155,0.0782341168919391,0.08154570944155762,0.07921160490509746,0.08155445977466749
0.09339656599423113,0.09343717941368854,0.09293916750531242,0.09351219010975631,0.09209994897208945,0.09339080764571538,0.08905558984572003,0.09344913174243673,0.0919807720675918,0.09352058204303446,0.09276303362472707,0.04414315662430031,0.06739225102612813,0.020816105405302487,0.10040203540428223,-0.07409446468026086,0.2500000000000001,0.045393696540214905,0.04491719120705747,0.09336826005944289,0.09287075008104817,0.06642196078896405,0.06402779837844368,0.08260827902332579,0.04607951398431124,0.09407732216802486,0.05319878271085423,0.07897715596772276,0.060263562956410416,0.09348587253068187,0.09299999843540815,0.07864662229491394,0.05339078305663223,0.07916552505238514,0.059267988467642224,0.07943830700906974,0.062082164544480435,0.06652505640393647,0.05573698569087449,0.09342986585269092,0.09335922677800691,0.04562767228825769,0.06122623103136219,0.044916410024409534,0.0456841969160017,0.042502102340295604,0.03329077344354758,0.0734698870792089,0.020655253288085196,0.0933272852817738,0.09345354284972285,0.09350781670446826,0.09281605138474293,0.0935205965955436,0.09106528285053554,0.09342832314028918,0.09076715791606445,0.09351104236465158,0.09151357035799418,0.09352261477316527
0.2013265874883362,0.20134077443926743,0.2003495658813464,0.20152809273059077,0.19982368153196575,0.20120049546189608,0.19772851087315774,0.20137113679356658,0.20042567873376443,0.20153941195535968,0.20035612983926016,0.07724338217426106,0.13733451992745496,0.08253997546320405,0.09544358678363199,0.0992165449298636,0.045393696540214905,0.2500000000000001,-0.003622840371094468,0.20139194196016585,0.20005858469387572,0.14615122507960362,0.12985586865992763,0.16659897758449604,0.10325093888650246,0.16099149831786927,0.1313620266257699,0.14328886059862553,0.1248068844088378,0.20144902569624562,0.20037104572262693,0.16392064378125817,0.12071755445787524,0.15655371118792918,0.11953922184714555,0.16569931657787523,0.11345342297741329,0.13753586126288542,0.12140884628752562,0.20136089513813782,0.20121778085894612,0.10522634346912195,0.12245483326494762,0.10085038475835988,0.09895638805594975,0.09859987463269486,0.06865917122382081,0.1554177299235757,0.04024325944321706,0.20108322864425568,0.2013952196335301,0.20151211231573987,0.19978941468548955,0.20153894226351488,0.19494346890816155,0.20133246504580785,0.19399123325614326,0.20152082653662087,0.19612224832099492,0.2015440295660243
0.04422425598578451,0.04422987854732207,0.044012879079552626,0.04427265454557441,0.04377050473116104,0.04419698359900166,0.04228509613470301,0.04424108718294381,0.043070563516007784,0.04427783003478111,0.043855938431694615,0.01383286871152583,0.03599654577245743,0.018189458164088974,0.03809354694124958,-0.022962117124497097,0.04491719120705747,-0.003622840371094468,0.25000000000000044,0.04407942035498468,0.043871002562531916,0.0401585419257298,0.025908221035038415,0.05183206603874716,0.015783757397521848,0.05348734990480104,0.021835802618079908,0.04316092415592629,0.030052585779321496,0.04426375577914532,0.044027427530240755,0.039231493597493096,0.02724504566246952,0.04289901684894845,0.03133559029713308,0.039473903448015164,0.03280993504959337,0.03409600723157223,0.02267338048289903,0.04423946613386773,0.0441883287126189,0.01839492941542036,0.031832949975355226,0.018387453717000492,0.020323175572822812,0.01686221459672126,0.016363112094126143,0.03555698707376586,0.011025392295093521,0.04418781768267062,0.04424615762091502,0.044271868195569775,0.04404940276685391,0.04427822390254024,0.04343796403294277,0.04423174926294027,0.04339375014967804,0.04427242264609672,0.043609219418542025,0.04427887166214843
0.24948496641596907,0.24951288382745357,0.24826873956965897,0.24973927046727734,0.24745204316570063,0.24934374511866259,0.24436983678469534,0.24954992675184437,0.2477602584444465,0.24975447485057822,0.24821246622442647,0.09313845739729228,0.1746812153250935,0.09464196172662218,0.13606085361010792,0.08149120457484056,0.09336826005944289,0.20139194196016585,0.04407942035498468,0.25000000000000044,0.2479050272824651,0.1886119256865026,0.16216587850126515,0.21348323209647066,0.1293837589127756,0.20844343591996276,0.15731814368535674,0.19037785758532227,0.15636586130156643,0.24964900041697008,0.24832964867090324,0.2050142564224515,0.15069963876037945,0.19880340149612616,0.1508754561144618,0.20686762254442587,0.15051500602061865,0.1714776780454688,0.15068686980258597,0.24952721992891505,0.24934771520274152,0.12780928970352062,0.15516963844972456,0.1234728189909894,0.1224968864805348,0.11984394738989179,0.08615097145080672,0.1937563633700895,0.05131470203366507,0.249203598684278,0.24957569860646353,0.24972057928621755,0.24766252304372993,0.24975407062209665,0.24203363577236234,0.24950110398101136,0.2409649533760025,0.24973082920235556,0.2434213845854533,0.24976012306004688
0.24786790052191432,0.24789555519750983,0.24665887812391987,0.24812054677266665,0.2458447811511345,0.24772731125283276,0.24277866991542246,0.24793242110345504,0.2461510575779386,0.2481356938468225,0.24659994353082276,0.09271229479829575,0.17345195079411882,0.09408919090620582,0.1352077913421399,0.0809405761969431,0.09287075008104817,0.20005858469387572,0.043871002562531916,0.2479050272824651,0.25000000000000033,0.18703905639226487,0.16121057076478693,0.21195040569951742,0.12849364129095758,0.2070529077606573,0.15632535371039957,0.18904692448378663,0.15547258061306352,0.2480308541891941,0.24671945294112144,0.20367144641073343,0.14967204826920075,0.19748889124653007,0.14993035951842829,0.20552561141184944,0.14949704927281052,0.17037774873393582,0.14962377028687235,0.2479094976575126,0.24773140760356677,0.12698805664107116,0.1541486010716422,0.12266982761057824,0.12170348803200716,0.11902663421698109,0.08560902225410748,0.19249088825770286,0.05098845948473886,0.24758811878347362,0.24795807731463448,0.24810201908309837,0.24605755911695681,0.24813529323214253,0.24046186671402767,0.2478838450882755,0.23939901857752127,0.2481121808488302,0.2418412359327847,0.2481413065063207
0.18862271529804187,0.18863346580479984,0.18776514256496396,0.18880722214750695,0.187130116868167,0.18850092458126905,0.18468560125540887,0.18866378146517745,0.18724534895463507,0.18881850265729877,0.18760250062215678,0.034409629679318,0.14821782307085019,0.061755953197954946,0.10097470386582467,0.06296325299519036,0.06642196078896405,0.14615122507960362,0.0401585419257298,0.1886119256865026,0.18703905639226487,0.25000000000000056,0.10153958357490883,0.17583024567370228,0.09614799806389639,0.16325980927624056,0.11727143262325562,0.1480159585599465,0.1153159547207949,0.1887382976970497,0.187757833882854,0.15368473129313073,0.12232597201182117,0.14838832418209902,0.11598685844137609,0.15551996170575377,0.11432990001002473,0.12857999059751116,0.11435092249358811,0.18865218815849602,0.18851297708229114,0.09737885544520554,0.11667547753473946,0.09412884426461228,0.09223222979846185,0.09131770308002518,0.06463334758088342,0.14663084959051295,0.03854604703473804,0.18840333560531128,0.18868329598912525,0.18879282540299777,0.18723906820677425,0.18881812280491095,0.18296597248241084,0.1886274651229651,0.18216725973747092,0.18880080319249956,0.18401635287317827,0.18882272237937256
0.1621322579313537,0.16215296516386218,0.16132115850733617,0.16230277058020867,0.1606337003140409,0.16203821965916446,0.15841203139681134,0.1621797451446468,0.16091183134549789,0.16231435386192797,0.16119230240578275,0.07216984797653059,0.10688831842886183,0.06249150027779632,0.08849506740350882,0.05010375145167513,0.06402779837844368,0.12985586865992763,0.025908221035038415,0.16216587850126515,0.16121057076478693,0.10153958357490883,0.25000000000000033,0.12614313497438695,0.08214921408737112,0.12908431579277657,0.10072178019994249,0.12140474055881552,0.10447533489652094,0.1622484109274183,0.1613313310878079,0.14168224523506415,0.06700714605054645,0.14179204625071726,0.09459705700972591,0.13841982718684284,0.09998606262679365,0.11624663890661625,0.09718746935151885,0.16218167581282722,0.1620382287501431,0.07580374942271303,0.10610469979218912,0.073805422833466,0.07861328704154545,0.07437375003156749,0.056431427534914105,0.12699464277197278,0.034303026114457597,0.16195793044117843,0.16219824068540015,0.1622924069132642,0.1610458344841362,0.16231457907777957,0.15771858744620335,0.16214800094008716,0.15714990047291644,0.16229829095021234,0.15855164330375973,0.16231810679895803
0.21348884849530772,0.2134899042318188,0.21253114274379462,0.21369639530006337,0.2121434787299788,0.21333197710740162,0.20920385802580882,0.2135276626049544,0.21202959151813966,0.2137096561431708,0.21233779775758155,0.06124587605462346,0.168130323349085,0.05997150327443344,0.1235644793346563,0.05182915548266157,0.08260827902332579,0.16659897758449604,0.05183206603874716,0.21348323209647066,0.21195040569951742,0.17583024567370228,0.12614313497438695,0.25000000000000044,0.09348063720028112,0.19862393302631973,0.12630351760252806,0.17846231924107522,0.12771091050584685,0.21362200801225706,0.21250642267256525,0.17548969252175872,0.13265866635500942,0.1704518355572672,0.13778101819154664,0.1761149702279775,0.13497178582674885,0.14608841986946,0.12908954600612235,0.2135222482217522,0.21335530466755645,0.1077329907188214,0.13389814559752247,0.10501510222162559,0.10286729344644235,0.101555047772625,0.0729841464694675,0.16715993901279438,0.04420745419751403,0.21324138405215318,0.21355672883035365,0.21368071086791074,0.2120058380670175,0.21370956505174557,0.20733943305296754,0.21349152902401214,0.20652441067596544,0.21368891513958907,0.20848116551377663,0.2137145456227955
0.1293609663075585,0.12937661864375666,0.12870450817888662,0.12949710147481724,0.12809952451314838,0.12928144981878303,0.1264031137456716,0.12939909387549836,0.1284069512270415,0.1295069127438675,0.12854933560900175,0.047454574777038384,0.08549050435878447,0.05238356419005956,0.06471314672467592,0.04827483207025659,0.04607951398431124,0.10325093888650246,0.015783757397521848,0.1293837589127756,0.12849364129095758,0.09614799806389639,0.08214921408737112,0.09348063720028112,0.2500000000000003,0.08837007111605698,0.07643786244099449,0.09983970472610457,0.07567856952622277,0.12945012392062064,0.12878004411712646,0.11205482890943406,0.0817513286508298,0.11703191218175547,0.03600675868698575,0.11367915962056631,0.0918097066559841,0.08898500169008638,0.08150111471189764,0.12943229728781092,0.1293022027809521,0.05845532078830193,0.08723888572312262,0.055068764063408125,0.06461316186531109,0.06110940377165325,0.045022896129932634,0.10179768046861334,0.026671872042974606,0.12923263340933408,0.1294142977356197,0.12948940859651098,0.12842398257308846,0.12950708078802467,0.1258608768507151,0.12937975976095945,0.1254438487450489,0.12949569717184775,0.12654029394195604,0.1295099239717515
0.20844360925357605,0.20845542003880685,0.20745983273427682,0.20864929778709967,0.20705728605857002,0.2083096850470993,0.2041065475480314,0.20848840990375095,0.20687143385591206,0.2086618817809796,0.20734039067518742,0.06934905823125269,0.1588106451457339,0.0643313912597401,0.1305868570525598,0.04153065187675413,0.09407732216802486,0.16099149831786927,0.05348734990480104,0.20844343591996276,0.2070529077606573,0.16325980927624056,0.12908431579277657,0.19862393302631973,0.08837007111605698,0.2500000000000005,0.11634788779833673,0.17083791414917243,0.12666299762033695,0.2085772794436384,0.20748358358776497,0.1714915633727803,0.12421721660321136,0.16650233567206563,0.1321717181509221,0.17259626719860652,0.1315948989256273,0.14309566997259912,0.1264637336933616,0.2084657255489533,0.20831525017077426,0.10568372826681625,0.1309946632797063,0.10353787561411394,0.10071857526130709,0.09930177760658943,0.07155779642472272,0.16333067448159008,0.04335564419411095,0.2082079790743624,0.2085125021062974,0.20863356504708366,0.20700131303732575,0.20866172370762784,0.2024992019018433,0.20844994458052588,0.20169159036728151,0.20864135659054328,0.2036025989969606,0.20866659558625228
0.15728634479197498,0.15731138092137267,0.1565151999548174,0.15745108508901787,0.155950017958958,0.15721136700736957,0.15420861104934286,0.15733230824659955,0.15644695914331078,0.15745967791679275,0.15660416731519228,0.06117595776293413,0.10503536375410505,0.06335520407226626,0.07984636513490485,0.05920272280317054,0.05319878271085423,0.1313620266257699,0.021835802618079908,0.15731814368535674,0.15632535371039957,0.11727143262325562,0.10072178019994249,0.12630351760252806,0.07643786244099449,0.11634788779833673,0.2500000000000006,0.09825588078052534,0.11087124769837331,0.15738004336185432,0.15652122013108652,0.1353029615916922,0.09921090838660734,0.13892327772558324,0.10574831524260696,0.13617651886846113,0.060897359866642665,0.12593715077114567,0.07961232365142867,0.15737175453873561,0.1571833328389289,0.07509643984833499,0.10063922160654518,0.06724261128529967,0.07911522823634162,0.0664822627421779,0.05777840732742601,0.11762582024569569,0.03505463155025611,0.15709703313330475,0.15734697258498304,0.1574382906956252,0.15619569422990381,0.15745977681783102,0.1526980565163395,0.15729485007933314,0.15206325413616345,0.15744469778115242,0.15357546271024836,0.15746323779938565
0.19037201281809998,0.19038260536529128,0.18947441959393702,0.19056228947751963,0.1889864862305574,0.1902444656340099,0.18636197711936173,0.19041515468798484,0.1889252253820866,0.19057499781585083,0.1892780383822757,0.06324735378646006,0.14234566201621093,0.06203911907753983,0.11146590681686966,0.04590284232521285,0.07897715596772276,0.14328886059862553,0.04316092415592629,0.19037785758532227,0.18904692448378663,0.1480159585599465,0.12140474055881552,0.17846231924107522,0.09983970472610457,0.17083791414917243,0.09825588078052534,0.2500000000000007,0.09755132236008855,0.19050732430224582,0.1895401624587475,0.15793481613799537,0.11297439125874024,0.15582310283084805,0.11153211819720293,0.15841112536243399,0.12666428049934994,0.12881359076464516,0.12652693516049007,0.1904149410404273,0.19027120445807338,0.09440864963996039,0.12182871245367595,0.0928792148979067,0.09279844463447842,0.09269649733129919,0.06489860018141741,0.14997748786283066,0.0393027680612366,0.19017354895346875,0.19043862543082082,0.1905491843671474,0.18902255839566431,0.19057492151929586,0.1851015536471349,0.1903879572687239,0.18443738905269144,0.19055754916116838,0.18605559437651686,0.19057935600012071
0.15632796281448857,0.15635205978777783,0.15554901528867582,0.15648391473526588,0.1551307461129803,0.1562597714013066,0.15373277423278872,0.15636746092216158,0.15549480313741534,0.15649058958812437,0.15573268659210435,0.06290389425942419,0.10580515958538764,0.06590808556599687,0.08633070798785154,0.053191097842866374,0.060263562956410416,0.1248068844088378,0.030052585779321496,0.15636586130156643,0.15547258061306352,0.1153159547207949,0.10447533489652094,0.12771091050584685,0.07567856952622277,0.12666299762033695,0.11087124769837331,0.09755132236008855,0.25000000000000056,0.15639840246383196,0.15551944197747433,0.13237655333478485,0.08797428910981622,0.13517519668030678,0.09543199627846362,0.1362378347820321,0.08078903726142804,0.12079856554842858,0.0611421325296965,0.15635181489781189,0.15619113603946627,0.07778438928732141,0.09970398298949454,0.07232101837489713,0.07699384435626228,0.06251458854817996,0.05951688889917805,0.11744838819105376,0.03681465318031009,0.15613851684607752,0.15637841451808432,0.15646922185753145,0.15538071528379863,0.15649073125205082,0.15211264345458117,0.15632489770890376,0.15150322252701554,0.1564733020358273,0.1529850039687258,0.15649399123528746
0.24961176025842444,0.24963953846772124,0.2483947728708593,0.24986610992164293,0.24757862120858523,0.2494701904780373,0.2444964945861665,0.24967663729959985,0.24788634025661446,0.24988133253770553,0.24833698177930136,0.09317006053826113,0.1747849305278079,0.0947146887330747,0.13614748991920625,0.08151430342231529,0.09348587253068187,0.20144902569624562,0.04426375577914532,0.24964900041697008,0.2480308541891941,0.1887382976970497,0.1622484109274183,0.21362200801225706,0.12945012392062064,0.2085772794436384,0.15738004336185432,0.19050732430224582,0.15639840246383196,0.2500000000000008,0.24845583464375917,0.2051174790411219,0.15076492663542493,0.19890585989057363,0.1509479969679071,0.20697294346006842,0.15059536646379806,0.17156225602069397,0.1507784894426396,0.24965398003697906,0.2494743754326578,0.1278727967401349,0.15524914274210144,0.12353351175834436,0.12256058323891614,0.11990510476512058,0.08619512050544123,0.19385428167901586,0.05134134794161807,0.24933018128482937,0.24970246604887772,0.2498474203062577,0.2477882784391408,0.24988092865024988,0.24215661285678872,0.24962783696276586,0.24108745840591086,0.24985767637140371,0.24354497753104418,0.24988698417125843
0.2482926382651243,0.2483202102525245,0.24708204079921658,0.24854563283597278,0.24626968874455454,0.24815166445038706,0.2432021960465486,0.24835715144100418,0.24657492511377174,0.24856079118266616,0.2470230842544178,0.0926501982714563,0.17387359147192008,0.09419909688407939,0.13543543891791363,0.08108762242435788,0.09299999843540815,0.20037104572262693,0.044027427530240755,0.24832964867090324,0.24671945294112144,0.187757833882854,0.1613313310878079,0.21250642267256525,0.12878004411712646,0.20748358358776497,0.15652122013108652,0.1895401624587475,0.15551944197747433,0.24845583464375917,0.2500000000000009,0.20392837794887175,0.14995843643249065,0.1977269719032736,0.1500454058076028,0.2058638349264071,0.14972205435356586,0.17062450086543943,0.15001056220958178,0.24833429466598098,0.248156139228197,0.1272700846325686,0.15438274618390432,0.12293715113904072,0.1219665870948609,0.11928022374043327,0.08576703187842562,0.1928099194242732,0.05106880774507029,0.2480125776561461,0.24838287054203828,0.24852705881844822,0.24647721452540058,0.2485603853580259,0.24087347160411543,0.24830869818934342,0.2398088222173336,0.24853726977572166,0.24225446703402004,0.2485664135111692
0.20498066970079284,0.20499972830240912,0.20398615842123305,0.20518687801343582,0.203445784489965,0.20486088565820093,0.2011516424269594,0.2050297209639298,0.203737013572389,0.20519864904643845,0.20397022841714949,0.0754235381227083,0.14433158094938106,0.07768355031595697,0.11287392591842896,0.06499139977517743,0.07864662229491394,0.16392064378125817,0.039231493597493096,0.2050142564224515,0.20367144641073343,0.15368473129313073,0.14168224523506415,0.17548969252175872,0.11205482890943406,0.1714915633727803,0.1353029615916922,0.15793481613799537,0.13237655333478485,0.2051174790411219,0.20392837794887175,0.2500000000000008,0.1066139456730816,0.18108948722162033,0.11681436965527621,0.17532657823114778,0.11939883841191454,0.14913614239247952,0.1172156362226806,0.2050465507783249,0.20484473591097513,0.08787608181610729,0.13283799251223175,0.09290173801240352,0.0958148446462847,0.09550410559533518,0.06857377856625295,0.15886831253330957,0.04312678777970119,0.20473593787463237,0.20505177514133713,0.20517079960508094,0.20355282991627324,0.20519884773152372,0.19930473699692938,0.20498643717768703,0.19856370508402285,0.2051786131693045,0.2003144042470915,0.20520329835322537
0.1506775211783459,0.15068972928715416,0.1499432998835994,0.15082889075643743,0.14940595642090074,0.15058195830855187,0.1475150988136344,0.15071411351862235,0.14956530804870855,0.15083886730567006,0.14983049642003057,0.0522374063490037,0.10672933336747256,0.058441847384940446,0.07980321703139584,0.05537688332528397,0.05339078305663223,0.12071755445787524,0.02724504566246952,0.15069963876037945,0.14967204826920075,0.12232597201182117,0.06700714605054645,0.13265866635500942,0.0817513286508298,0.12421721660321136,0.09921090838660734,0.11297439125874024,0.08797428910981622,0.15076492663542493,0.14995843643249065,0.1066139456730816,0.2500000000000009,0.1000805148857583,0.08861066993318832,0.11963906266899317,0.08732234708387544,0.09642677516556698,0.09184608039129816,0.15065778546384304,0.15060391444191187,0.08623537932065187,0.08629791364053811,0.08135125095528005,0.07531704178545598,0.07507125536474786,0.052060988823951264,0.11582171232432235,0.029129748417111932,0.1504815306069576,0.15073091803474778,0.15081840980853448,0.14946587995902846,0.1508380827647862,0.14530783326390578,0.15067747501809325,0.14442242026497124,0.15082411027247505,0.1463128731235752,0.15084229214485192
