x1,x2,x3,x4,x5,x6,x7,x8,x9,x10,x11,x12,x13,x14,x15,x16,x17,x18,x19,x20,x21,x22,x23,x24,x25,x26,x27,x28,x29,x30,x31,x32,x33,x34,x35,x36,x37,x38,x39,x40,x41,x42,x43,x44,x45,x46,x47,x48,x49,x50,x51,x52,x53,x54,x55,x56,x57,x58,x59,x60
0.25,0.24934161538330896,0.22929138228305637,0.24886273664183595,0.22877040168188575,0.24723989864241824,0.23552718831748756,0.24320712422679924,0.23046882300572807,0.2494810807439791,0.24639043770753147,-0.038536211948108745,0.03775999162335368,0.07034092904628307,-0.05472944289533931,0.18888833198960667,-0.14967598279567487,0.2292652287699282,-0.21211781786697997,0.24712609264578986,0.23224155167600952,0.06455816567357062,-0.05896447642691295,0.06567109534741451,-0.048358845483113325,0.0632658423334549,-0.027744947175728573,0.04261608679620879,-0.03592698473064623,0.24784313940136962,0.24279024863626636,-0.0522082644149489,0.06294409503387664,-0.052025139343481484,0.06235319657043945,-0.05440519989752098,0.07157633054559269,-0.041260174190007916,0.04819057997373871,0.24248633291823346,0.24568473925793313,0.07732964256331319,-0.07584510715303706,0.13468128189598996,-0.1022682385347396,0.20463662695109763,-0.1456291968729117,0.22723927633588606,-0.17833797910309976,0.23202252207807114,0.24929203422299867,0.24933629025909265,0.2376168519842876,0.24735669462674362,0.23152844430434977,0.24051620392553436,0.23489452936063165,0.23581980226354124,0.2157595793300618,0.2494855778828515
0.24934161538330896,0.24999999999999986,0.2296273647139037,0.24923637175469804,0.2290766398648329,0.24760963031761934,0.2358813604601823,0.24357411516315963,0.23081574488546636,0.24984890116733452,0.2467382030465824,-0.03886154739700591,0.038086903160800135,0.07023964191553726,-0.054617513940356854,0.18913186622445904,-0.14992773625680444,0.22960609601773518,-0.21243105054493183,0.24749234116560737,0.2325699514921967,0.06490819615775471,-0.059301527751914045,0.0660195484094557,-0.04866956515359043,0.06359024665088941,-0.028006734041076647,0.04288686995967829,-0.0361848347127098,0.24821125293622193,0.24315640574440775,-0.052523739008589206,0.0632833266377945,-0.05234332762740941,0.06269057710871598,-0.05472732800209798,0.07190997253320926,-0.04152543513686437,0.04846255134672621,0.24283854957147222,0.2460448506478834,0.07765137874910318,-0.07615674373476529,0.13501786114938472,-0.10253213721954037,0.2049893093659691,-0.1458434106102912,0.22757415380414267,-0.17856110371428746,0.23235087423895137,0.24965958993483967,0.2497037982396173,0.23797756759778088,0.2477197970749186,0.23187357807398917,0.240863718803723,0.2352345105300379,0.2361566344043066,0.21605254060138004,0.24985340168353934
0.22929138228305637,0.2296273647139037,0.2499999999999999,0.22914196122222774,0.21050962099812165,0.22762898319211333,0.21644042657707926,0.22376912490012732,0.21154069497829042,0.22975987100225104,0.2268691541995586,-0.02390802458642354,0.020071588487118572,0.07171806092995793,-0.056452624952213516,0.17517708598000611,-0.13586968186251822,0.21105180041000293,-0.19430964880106383,0.22746320329364145,0.21441170384610858,0.04979580240981532,-0.04486622037858384,0.05105740817761576,-0.03557929940313052,0.04988503284547121,-0.01728099712722098,0.03162660312593584,-0.025563134046703833,0.22828064780174506,0.22327522611576708,-0.039171157674430274,0.048759652862127925,-0.03886939960214388,0.04823246798566569,-0.041042449608654934,0.05755480092504771,-0.03050695276689597,0.03710106950280825,0.22351695178309236,0.22634286200445622,0.06345859147720209,-0.062386598526017495,0.11888693872105428,-0.08995792141322247,0.18655966903623045,-0.13412857424010263,0.20927508031336822,-0.16572771231231495,0.21419629929817705,0.22958540534715624,0.22963039851994818,0.21844632967375135,0.22786304514772407,0.21308605350451265,0.221769612274613,0.21656188453267203,0.21758540600728973,0.19964600495438922,0.22976429504759774
0.24886273664183595,0.24923637175469804,0.22914196122222774,0.24999999999999978,0.22859833286795117,0.24713478311693973,0.23542160056578026,0.24309608899516863,0.23034642245280923,0.24936967515291922,0.2462655322925223,-0.039306866846311975,0.03853142924509795,0.06977392960520096,-0.05417531158385349,0.1886723700161812,-0.1495392300625576,0.22914104176966626,-0.21197277343452034,0.24701469531400413,0.23209314330675349,0.06534101851814282,-0.05973729198621759,0.06645126975084839,-0.049106047388023814,0.0640065246261885,-0.028445312527989416,0.043286583611906564,-0.0365896186006277,0.24773924997040525,0.24270822236539932,-0.05295226958709106,0.06370910881256,-0.05277888304762232,0.06311510438056443,-0.05515955672545841,0.07228571456144861,-0.04190804746377404,0.04883145353041708,0.24236098630063632,0.24556823470281372,0.07796380734077822,-0.0764544362799722,0.1350655914936611,-0.10258684765145537,0.20470945974101976,-0.14556323956861753,0.22713755247428075,-0.17813025888349154,0.23187469171844224,0.2491807663301791,0.24922463861614183,0.23754419445079378,0.2472411358717103,0.23143725042894064,0.24038597241724066,0.23476935280003156,0.23567955733892895,0.21558228388625683,0.24937416799671117
0.22877040168188575,0.2290766398648329,0.21050962099812165,0.22859833286795117,0.25000000000000006,0.22697273503000084,0.21618637690875475,0.22305283681869975,0.21072216632502908,0.22921415650967972,0.22633058343197981,-0.03366633877585543,0.03256290838699944,0.07533352433239456,-0.07084997894171076,0.18163379673878102,-0.1422395860193726,0.2122800799564796,-0.19635931978297608,0.22696625605479887,0.21335784746243397,0.059464825523885864,-0.0543901569966459,0.06027637437121053,-0.044143828845336464,0.056183826907909754,-0.025078154200220828,0.03894081649140483,-0.032756602011581905,0.2279402079460065,0.22304175259666134,-0.0480591671657479,0.05794749500358225,-0.047834279454236316,0.05731857472807705,-0.04999730428738577,0.06592908203850409,-0.03778849786490892,0.04422305015122377,0.22279538592223053,0.225726763254176,0.0711300323999287,-0.0697656071994554,0.12379945162556957,-0.09399826119393093,0.1880121924568281,-0.1336419376384112,0.2086416344726529,-0.16376656547891413,0.2131838935707045,0.229040690825777,0.22908143044481571,0.2183190378531511,0.2272638045546023,0.21272616901246016,0.22098316288243702,0.21578672000856322,0.2166712816252309,0.19823552824000906,0.22921850860316786
0.24723989864241824,0.24760963031761934,0.22762898319211333,0.24713478311693973,0.22697273503000084,0.2499999999999999,0.23377783398925026,0.2414805519882865,0.2287516642895177,0.24774675052520975,0.24468143769573644,-0.04086649200202167,0.04008915950110874,0.06817369891712284,-0.05263160130487426,0.1870608977705891,-0.148023181691243,0.22752781671400052,-0.21037995963674613,0.24539466736235221,0.23047490481045688,0.0668703660253231,-0.06127665825377412,0.06798244304877783,-0.050649501161248604,0.06551290150261385,-0.029993897745199134,0.04473139755115497,-0.03805002840914346,0.24615135783684303,0.2411917766726164,-0.05446950787389019,0.06521913794950633,-0.05431968153631799,0.0646196161160445,-0.05668948679062186,0.07364632234540511,-0.04328687993106697,0.05017507531609674,0.2407421673618536,0.24395357687194044,0.07907959467883557,-0.07751800835812628,0.13526665577317187,-0.1028043438790736,0.20377784492316672,-0.14461649781561353,0.225660109864127,-0.17666116455599232,0.23025828191605657,0.2475592167473836,0.24760191968015,0.2360795270616605,0.24561969234000858,0.2299607377884248,0.23876610271677515,0.23319252201255938,0.23406091269049756,0.21398285776281467,0.24775122472074623
0.23552718831748756,0.2358813604601823,0.21644042657707926,0.23542160056578026,0.21618637690875475,0.23377783398925026,0.2499999999999999,0.22975081159355557,0.21769560123339884,0.23601763364855502,0.23310144925788892,-0.043720724357501316,0.04270261812696665,0.06527948152638943,-0.05250913252635317,0.18580988543817686,-0.1567554557428123,0.2214408154261957,-0.2043162167095444,0.2337701992472282,0.2192295228947394,0.06960657027147191,-0.06425481954761691,0.07052810297281578,-0.05351457360506635,0.06632469260647252,-0.033037828150315085,0.045230522574331494,-0.03874494666728539,0.2345710967708254,0.22995332680290057,-0.05745284680041645,0.06789640859921361,-0.057348036273346364,0.06724715193943163,-0.059556375318958875,0.07435836246461386,-0.044421003008725375,0.050335227651569156,0.22923925899215783,0.23235636019540418,0.08016845903342724,-0.07850619858363912,0.13202856883317884,-0.10051549968620684,0.19518885691131074,-0.1374269268211183,0.21472788900826356,-0.16723070536345475,0.21905899232931708,0.23583934540705284,0.23587757667478126,0.22514218481334763,0.23395707373343838,0.21916409934314737,0.22730879240010546,0.2219621639964437,0.222745215352419,0.20328223754187194,0.2360218747800733
0.24320712422679924,0.24357411516315963,0.22376912490012732,0.24309608899516863,0.22305283681869975,0.2414805519882865,0.22975081159355557,0.24999999999999978,0.22469450868079158,0.24371367220577045,0.24074926034645958,-0.04495045034889633,0.04417538704530388,0.06409300028831122,-0.04874301024377915,0.18300444792049897,-0.14397424562260575,0.2234873824589793,-0.20640673795460204,0.24135930037001324,0.22643782757566125,0.0709533718832548,-0.06538269279838212,0.07207389646383064,-0.05475593557568689,0.06954348988950322,-0.034096050141246656,0.04849307731521006,-0.04183709605826904,0.2422760720245737,0.23742891943732572,-0.05851575070405607,0.0692568675016151,-0.058423405916234725,0.06863836371899583,-0.06076772995231164,0.07722961282153151,-0.04688883830867611,0.053656858024048286,0.23671370359089394,0.23993861535203706,0.08209230036305713,-0.08039217692321897,0.1359226607966328,-0.10347036974490932,0.20151257443332424,-0.14225495255990803,0.22198545933142078,-0.17296207703560149,0.22622565464288588,0.24352958561637184,0.2435692536933472,0.2324515476015208,0.2415884926999279,0.22629557832977237,0.23473250350043864,0.22926619683122357,0.23002604388887798,0.20997932046812218,0.24371811148579187
0.23046882300572807,0.23081574488546636,0.21154069497829042,0.23034642245280923,0.21072216632502908,0.2287516642895177,0.21769560123339884,0.22469450868079158,0.24999999999999983,0.23095448127617868,0.2282092782409451,-0.049666353459333616,0.0487516859804757,0.0590606561634083,-0.04436470919942404,0.17791321596270113,-0.1395054253940951,0.21791717690638585,-0.22415110987096376,0.22914128301658065,0.2141221721481236,0.07557651674121989,-0.07010718289620343,0.07669474674150467,-0.059533269400234234,0.07393589966673907,-0.038906764059305064,0.05170630524599748,-0.045209389175850975,0.22957443622199414,0.225258227963809,-0.06335162913835053,0.0738017377097264,-0.06333565650217945,0.07313330058493911,-0.06547535600268284,0.0805710731736191,-0.050440440857028535,0.05663879941019508,0.2241641665519238,0.22730968059727086,0.08467269963078376,-0.08280601998621233,0.13337625390998226,-0.10179248931701469,0.19261160158207116,-0.13447498850856462,0.21008282654986957,-0.16244843815966695,0.21395693118815579,0.23078086591791006,0.23081495077249256,0.22062729385459356,0.22889198825065893,0.21458240367741288,0.222224816253192,0.21700569324582636,0.217648907967502,0.1981769475084247,0.23095895395595753
0.2494810807439791,0.24984890116733452,0.22975987100225104,0.24936967515291922,0.22921415650967972,0.24774675052520975,0.23601763364855502,0.24371367220577045,0.23095448127617868,0.2499999999999998,0.2468747309111431,-0.03877324241135543,0.0379989853253372,0.07034575704233022,-0.05471744491772517,0.18926285155332723,-0.150052870933829,0.22974257137382945,-0.21256682571700608,0.24763162974326866,0.23270661336264525,0.06482249886994684,-0.05921427644727207,0.06593372102835995,-0.04858037742275797,0.06350508459576581,-0.02791394497650721,0.04280610772402563,-0.03610251219293771,0.24834591478984308,0.24328841878805296,-0.052436645926767236,0.06319830180859187,-0.052254846609815636,0.06260591073005486,-0.05463984664119854,0.07183893452749196,-0.04144858130802006,0.04839038674161527,0.24297679922967788,0.24618334647860676,0.07759326142733243,-0.07610165340614786,0.13502591812993348,-0.1025343032724701,0.20507921771013843,-0.14592522309286088,0.22770137924922143,-0.178680359301595,0.23248740205470006,0.249799065371747,0.24984335361885812,0.23810545285897844,0.24785897146588906,0.23200128399272932,0.24100175447546027,0.23536901518511386,0.23629387940569613,0.216185531191383,0.24999299379119
0.24639043770753147,0.2467382030465824,0.2268691541995586,0.2462655322925223,0.22633058343197981,0.24468143769573644,0.23310144925788892,0.24074926034645958,0.2282092782409451,0.2468747309111431,0.24999999999999978,-0.04128818332180712,0.03996951101921697,0.06798460122695878,-0.052887971106229094,0.1865918801689289,-0.14807596845603935,0.2268115768604805,-0.21014554871206526,0.2445608815747172,0.2296834236338625,0.06628962466257668,-0.06070644885335971,0.06735146942093088,-0.0501010567133153,0.06471541015533325,-0.029533936409864632,0.04411556747015949,-0.03747041916697973,0.24525993231563148,0.24033213434050357,-0.053903488859725034,0.0646022429198544,-0.05375151437165664,0.06400906454140129,-0.05611182717487281,0.07295554434292605,-0.04273883704122349,0.0495592733559659,0.23990321788513555,0.24309821236579326,0.07847334921305962,-0.07693001427140916,0.13457004536817874,-0.10226215747650909,0.20297655058284797,-0.1441048227803611,0.22486567892122394,-0.176101333966619,0.22946928664441055,0.24668782568655967,0.24673055538771896,0.23523198691768332,0.24475763359133762,0.22914506828577932,0.2379367750137144,0.23238145107728445,0.23325402763987832,0.2132689911330228,0.24687918530301123
-0.038536211948108745,-0.03886154739700591,-0.02390802458642354,-0.039306866846311975,-0.03366633877585543,-0.04086649200202167,-0.043720724357501316,-0.04495045034889633,-0.049666353459333616,-0.03877324241135543,-0.04128818332180712,0.2499999999999999,-0.24028703536519727,0.1368410055186327,-0.11316909795947525,6.989112826665731e-6,0.048139906304618285,-0.03271721673464243,0.05098501571896923,-0.04053124507411239,-0.02463924084024234,-0.21905200751772466,0.21379708998414293,-0.2149870965626247,0.2022261840176818,-0.1937450918432972,0.1843185215954655,-0.17358552023298557,0.17020210241281467,-0.03948604397977135,-0.04461184426883322,0.2019357681668349,-0.21009658206708817,0.20462264045264075,-0.2094673277539225,0.20542807983166878,-0.19367672404275532,0.17011830190384716,-0.1670556600408127,-0.03336680188292995,-0.03646124126301947,-0.18080536358494267,0.174151951366692,-0.13294464431336667,0.10777905729964149,-0.0730914666316668,0.02235686171032853,-0.03534651976394358,-0.00462107138774964,-0.024864305599708043,-0.03875303169455605,-0.038667810979792334,-0.04535556655296417,-0.03714768021050439,-0.03903689712242753,-0.03159794794850207,-0.03138636818243808,-0.02780294417478662,-0.013053221889420341,-0.03876908632402618
0.03775999162335368,0.038086903160800135,0.020071588487118572,0.03853142924509795,0.03256290838699944,0.04008915950110874,0.04270261812696665,0.04417538704530388,0.0487516859804757,0.0379989853253372,0.03996951101921697,-0.24028703536519727,0.24999999999999983,-0.14125656036523745,0.11866899797559646,-0.0013819333630267269,-0.0460807745617794,0.031752744928484795,-0.049888142972706356,0.039743071678725095,0.024233409896019163,0.21315477826655543,-0.20798200332486944,0.20913750182299182,-0.1968249016730599,0.1884510263318026,-0.1793642692817808,0.1688481669437328,-0.16556290598005405,0.03859336142540248,0.04367615096631083,-0.19639566624205396,0.20433175749126492,-0.19902195966145345,0.203745937727964,-0.19980967565606822,0.18834302281283713,-0.16547244326685973,0.16246959777555547,0.03273158786571376,0.035746159266081844,0.17588053050180932,-0.1694094296319019,0.12941592707227134,-0.10491130188853884,0.07131372719732164,-0.021950277250034584,0.03467519141575608,0.0042593494655190686,0.02445113425135237,0.03797897710564342,0.03789614502190103,0.04438386169577168,0.03641538577380676,0.038232257265136974,0.031009864252171893,0.030805220873499458,0.027313413695369878,0.012948745688034637,0.03799481923887017
0.07034092904628307,0.07023964191553726,0.07171806092995793,0.06977392960520096,0.07533352433239456,0.06817369891712284,0.06527948152638943,0.06409300028831122,0.0590606561634083,0.07034575704233022,0.06798460122695878,0.1368410055186327,-0.14125656036523745,0.24999999999999994,-0.22509809677393802,0.10931514881795741,-0.06089120802065335,0.07640810877228818,-0.05776603199392286,0.06856491706178619,0.07267082635934395,-0.11333772486674898,0.11200679396766608,-0.11081453486383905,0.11173141949764176,-0.10221759828508295,0.10814628912683176,-0.09529049502704534,0.09568223486769419,0.0692417193002399,0.06413817375865917,0.10732726281862426,-0.10816204663293415,0.10914564778810977,-0.10830639772919734,0.10881846714991099,-0.09493141433601288,0.09314176526607099,-0.08858798439404454,0.07113344700094508,0.07036417693296974,-0.08447950213855646,0.08084059551712862,-0.032557605436531,0.028968899840513977,0.031677772440057206,-0.04050627689006984,0.06335440398033876,-0.07026847403840365,0.0725388115679473,0.07028665035524981,0.07035765769173187,0.06169639050421951,0.07057058081747479,0.06338361645113841,0.07149464060859441,0.06933682826214208,0.07212025621365832,0.07377792824481447,0.07035005761505284
-0.05472944289533931,-0.054617513940356854,-0.056452624952213516,-0.05417531158385349,-0.07084997894171076,-0.05263160130487426,-0.05250913252635317,-0.04874301024377915,-0.04436470919942404,-0.05471744491772517,-0.052887971106229094,-0.11316909795947525,0.11866899797559646,-0.22509809677393802,0.24999999999999994,-0.11468237179290318,0.06724495133842406,-0.0624763197657101,0.048024098601217605,-0.05313795702084207,-0.05672099284214933,0.09215314764034356,-0.09127339839057073,0.09243717632488528,-0.09344156231417568,0.0993807676407124,-0.09076740973076575,0.0802012084628145,-0.08036783275124576,-0.05412210463442421,-0.049633451460202566,-0.08896111119302548,0.0897435412158478,-0.09064114698494315,0.0900979750758969,-0.09045012194610741,0.07907317857195312,-0.0777803557039744,0.07413466763474669,-0.05547569350692229,-0.054783953882830604,0.07049077423414447,-0.06747151747658774,0.028492241581025368,-0.025166805894653265,-0.023408957806960007,0.031133134086388056,-0.04895871473422435,0.05541823405642022,-0.056777368671424695,-0.05467172868703647,-0.054729864942477384,-0.04775371943395016,-0.05493400743044603,-0.04922569242741505,-0.055794985543260095,-0.054022204854644894,-0.05637917240072916,-0.057999727538719355,-0.054721455418073855
0.18888833198960667,0.18913186622445904,0.17517708598000611,0.1886723700161812,0.18163379673878102,0.1870608977705891,0.18580988543817686,0.18300444792049897,0.17791321596270113,0.18926285155332723,0.1865918801689289,6.989112826665731e-6,-0.0013819333630267269,0.10931514881795741,-0.11468237179290318,0.24999999999999986,-0.20016778056106688,0.19629130018036245,-0.1773038122735647,0.18747307433451593,0.17738170446104648,0.024384320134930516,-0.022247187206236287,0.023119054384415836,-0.010297190229183555,0.004987545820236122,0.004902681147611398,0.008454945284655138,-0.003549680120998357,0.18797181202017718,0.18333306964910803,-0.01648116657296155,0.024063568624034543,-0.01578575723440343,0.02317097991686209,-0.01733183183414283,0.03210979262631886,-0.00873041314540196,0.014419218521464485,0.18454739207173818,0.18659775137208962,0.03851932979311574,-0.03818464779011077,0.0888058567058885,-0.06663714978933066,0.15019762931228364,-0.10916223382005034,0.17115306735839386,-0.1385061840624448,0.17747921275898804,0.18911865238836625,0.1891642206276494,0.17926150311615274,0.1878214337249459,0.17531859839081895,0.18321932960758325,0.1785962726310527,0.1800592779513958,0.1662183798344061,0.1892671634681043
-0.14967598279567487,-0.14992773625680444,-0.13586968186251822,-0.1495392300625576,-0.1422395860193726,-0.148023181691243,-0.1567554557428123,-0.14397424562260575,-0.1395054253940951,-0.150052870933829,-0.14807596845603935,0.048139906304618285,-0.0460807745617794,-0.06089120802065335,0.06724495133842406,-0.20016778056106688,0.24999999999999994,-0.16825461198328567,0.14838576230533881,-0.14891559668838503,-0.13768060314857894,-0.07253844950465692,0.07033935994351878,-0.07125148828851402,0.05832198440431884,-0.050545985513546526,0.041967875070648586,-0.04076163862107093,0.03642892238669824,-0.14900443211395442,-0.14707626171579738,0.06362842325791997,-0.0713655587215437,0.06365452071028477,-0.07036361327450921,0.06494659369794502,-0.06823117969615904,0.04416874371050147,-0.044734764341668974,-0.14522923771198532,-0.1474943637735815,-0.07448860882359647,0.07257869577575739,-0.09937838260043556,0.07652185281109626,-0.1293715384527534,0.08576950291947098,-0.1353237752557742,0.10114834428786597,-0.13782155892336365,-0.1499424694560775,-0.1499548514133271,-0.14430735200373535,-0.1485775886314536,-0.13978227856330647,-0.14377107835547973,-0.140190818864527,-0.14047500140771818,-0.12646636170787698,-0.1500566166109982
0.2292652287699282,0.22960609601773518,0.21105180041000293,0.22914104176966626,0.2122800799564796,0.22752781671400052,0.2214408154261957,0.2234873824589793,0.21791717690638585,0.22974257137382945,0.2268115768604805,-0.03271721673464243,0.031752744928484795,0.07640810877228818,-0.0624763197657101,0.19629130018036245,-0.16825461198328567,0.24999999999999983,-0.22667102103832323,0.22800815011702188,0.21393146274405564,0.05830245655055908,-0.05278256283569018,0.05942616364661037,-0.04232891564620026,0.05565604329009853,-0.0208149792715488,0.0238478602974808,-0.017616071890978944,0.2281207299337474,0.2234647804362768,-0.04687294914511166,0.056741151512206135,-0.04654481176557076,0.05601069197264653,-0.04835486026396153,0.0578272262081978,-0.027599264622032948,0.030173999775013224,0.22342756057657828,0.22626581429532353,0.07007037267966958,-0.06880056148910645,0.12299583075592994,-0.09322193151594511,0.18742723262284913,-0.1323060586867718,0.2079833975695684,-0.16371690985686077,0.21385203507098532,0.22956853982535722,0.22961085465722036,0.21874646895003394,0.22780904277960365,0.2131973862470086,0.22158629554675505,0.21611596393656282,0.21731509925074247,0.19890611460881552,0.2297469430543924
-0.21211781786697997,-0.21243105054493183,-0.19430964880106383,-0.21197277343452034,-0.19635931978297608,-0.21037995963674613,-0.2043162167095444,-0.20640673795460204,-0.22415110987096376,-0.21256682571700608,-0.21014554871206526,0.05098501571896923,-0.049888142972706356,-0.05776603199392286,0.048024098601217605,-0.1773038122735647,0.14838576230533881,-0.22667102103832323,0.25000000000000006,-0.21478322524104074,-0.19669473811519833,-0.07645331381947451,0.07108056287835311,-0.07763147384454493,0.06064804890486024,-0.07439529266020986,0.039574361087443465,-0.04265220352767952,0.03648281753804433,-0.21130094746638817,-0.20748269699295582,0.06484869447665324,-0.07469931449636087,0.06479862469175872,-0.07391047361568279,0.0665261560610926,-0.07523276202435945,0.04520955182411244,-0.04790287437683731,-0.20624238043103438,-0.20916024402096564,-0.08355528373440799,0.08166194323760871,-0.126291500319264,0.09649965184348407,-0.1781125272087098,0.12249362810914537,-0.19248133260800496,0.1479367720376286,-0.19662604621873006,-0.2124076103191393,-0.21243656047423987,-0.2033327832651227,-0.210635225778939,-0.19760390990496876,-0.20438113728089083,-0.19939981506859955,-0.2000900314828119,-0.18177159660646044,-0.2125711112205209
0.24712609264578986,0.24749234116560737,0.22746320329364145,0.24701469531400413,0.22696625605479887,0.24539466736235221,0.2337701992472282,0.24135930037001324,0.22914128301658065,0.24763162974326866,0.2445608815747172,-0.04053124507411239,0.039743071678725095,0.06856491706178619,-0.05313795702084207,0.18747307433451593,-0.14891559668838503,0.22800815011702188,-0.21478322524104074,0.2499999999999999,0.23038350896321708,0.06654895457463256,-0.06096066889126859,0.0676695864587373,-0.05033425065349093,0.06521475060999035,-0.02966115979420533,0.04439140046309097,-0.03771315447134869,0.24599567319211982,0.24107443840613269,-0.05416536025697365,0.06490170083127302,-0.054017461931485065,0.06430679914766627,-0.05637730503484803,0.07331608573756065,-0.04295047884286711,0.04982886390730694,0.24063761774364506,0.24384284275411225,0.07880002063175277,-0.0772488913814889,0.13504168979798797,-0.10262545975657676,0.2036216339945247,-0.14452677304192732,0.22553377572241085,-0.1766136942785299,0.2301693413232174,0.2474441849720664,0.24748701601408818,0.2359576922740964,0.2455076760478213,0.22985012695183002,0.23866453042432625,0.23308787821167548,0.23396651396423496,0.2139140613970238,0.24763612368733887
0.23224155167600952,0.2325699514921967,0.21441170384610858,0.23209314330675349,0.21335784746243397,0.23047490481045688,0.2192295228947394,0.22643782757566125,0.2141221721481236,0.23270661336264525,0.2296834236338625,-0.02463924084024234,0.024233409896019163,0.07267082635934395,-0.05672099284214933,0.17738170446104648,-0.13768060314857894,0.21393146274405564,-0.19669473811519833,0.23038350896321708,0.25,0.04755444533102364,-0.04234300136070196,0.048748656955631874,-0.03278802303882592,0.04744874257103009,-0.01429832689411263,0.028988016522401905,-0.022852361813129246,0.2311107968431708,0.22604124698463052,-0.036694439382218634,0.04632189553221637,-0.03635126291686247,0.04577704391701409,-0.03850219484025351,0.055394113664151215,-0.027966574828794496,0.03467672939095132,0.22645846243870604,0.22927320618446653,0.061678299455188226,-0.06069439178283886,0.11868904032998458,-0.08970482393833683,0.18830533229121169,-0.13569314546467934,0.21181073685089793,-0.16827155627263235,0.21712989613652517,0.23252969293161302,0.23257679487262545,0.22111873673976662,0.23080707137964787,0.2157766439574657,0.22471047263046723,0.21939252404458393,0.22052401937354718,0.20253140316692222,0.23271109259166084
0.06455816567357062,0.06490819615775471,0.04979580240981532,0.06534101851814282,0.059464825523885864,0.0668703660253231,0.06960657027147191,0.0709533718832548,0.07557651674121989,0.06482249886994684,0.06628962466257668,-0.21905200751772466,0.21315477826655543,-0.11333772486674898,0.09215314764034356,0.024384320134930516,-0.07253844950465692,0.05830245655055908,-0.07645331381947451,0.06654895457463256,0.04755444533102364,0.25000000000000017,-0.24267096700589458,0.2441697620380185,-0.22812119746447834,0.2197998269762834,-0.206384296374921,0.196013785562742,-0.1916576215893399,0.06549696662385114,0.07071721113832384,-0.22882114680019452,0.2388879581184173,-0.2317606681601979,0.2380319474898532,-0.2328110786652875,0.2213817906376556,-0.1921528305380825,0.18941922538941322,0.058220337300370545,0.06192535398953967,0.2075471820212392,-0.20003217837567935,0.15940067879447423,-0.12862540666841604,0.09901073409442077,-0.037317022927648255,0.058876849221504955,-0.010320309381063875,0.047873266509208735,0.0647837256406745,0.06469310644211368,0.0710991329320564,0.06283455256132149,0.0635564409043256,0.056082979258509136,0.05531234652712717,0.051464746409148845,0.03333270624901085,0.06481843940368384
-0.05896447642691295,-0.059301527751914045,-0.04486622037858384,-0.05973729198621759,-0.0543901569966459,-0.06127665825377412,-0.06425481954761691,-0.06538269279838212,-0.07010718289620343,-0.05921427644727207,-0.06070644885335971,0.21379708998414293,-0.20798200332486944,0.11200679396766608,-0.09127339839057073,-0.022247187206236287,0.07033935994351878,-0.05278256283569018,0.07108056287835311,-0.06096066889126859,-0.04234300136070196,-0.24267096700589458,0.2500000000000002,-0.24309360260528667,0.23355396614308438,-0.21973204697610077,0.2122607677745105,-0.20158323229897251,0.19731790686470216,-0.05997122990873434,-0.06548793318013041,0.23454872683040132,-0.24458421787282877,0.23753379664794677,-0.24368674877373686,0.2385636869100802,-0.2266519433454901,0.19755264648884763,-0.19471615802288136,-0.052612685336044906,-0.056341387642519704,-0.2118204824466403,0.20410784290539585,-0.1603803511408608,0.12960199979109968,-0.09590719128017526,0.034101002869886626,-0.053824330986181626,0.005198274079300274,-0.04225671255064538,-0.05918032892452118,-0.05908541395236805,-0.06605920332217059,-0.05722789565023548,-0.05846085059610079,-0.050469303763024734,-0.049859293832216725,-0.045846752686129276,-0.027754155784329358,-0.05921019047394143
0.06567109534741451,0.0660195484094557,0.05105740817761576,0.06645126975084839,0.06027637437121053,0.06798244304877783,0.07052810297281578,0.07207389646383064,0.07669474674150467,0.06593372102835995,0.06735146942093088,-0.2149870965626247,0.20913750182299182,-0.11081453486383905,0.09243717632488528,0.023119054384415836,-0.07125148828851402,0.05942616364661037,-0.07763147384454493,0.0676695864587373,0.048748656955631874,0.2441697620380185,-0.24309360260528667,0.2500000000000001,-0.2326190288450042,0.22336271719749784,-0.21084960596346075,0.20030069450886492,-0.19595875288758752,0.06664820078939038,0.07193822591562221,-0.23313847451111094,0.2433821317005404,-0.23612760968076232,0.24252362270402064,-0.2372751125332006,0.2256835870174577,-0.19638843246600132,0.19361946622728712,0.05919645815766905,0.06298193738452637,0.21144530850044516,-0.2037836374293378,0.1623614342696109,-0.13101577587792504,0.1008218507830716,-0.03820237107926156,0.06010862684326447,-0.010549664927132149,0.048649309443913775,0.06589439776275408,0.0658018615578935,0.07233454302813266,0.06390646800055311,0.06464532158839306,0.05702090971229218,0.05628825299786731,0.052310767249878855,0.03384659322940172,0.06592967701680738
-0.048358845483113325,-0.04866956515359043,-0.03557929940313052,-0.049106047388023814,-0.044143828845336464,-0.050649501161248604,-0.05351457360506635,-0.05475593557568689,-0.059533269400234234,-0.04858037742275797,-0.0501010567133153,0.2022261840176818,-0.1968249016730599,0.11173141949764176,-0.09344156231417568,-0.010297190229183555,0.05832198440431884,-0.04232891564620026,0.06064804890486024,-0.05033425065349093,-0.03278802303882592,-0.22812119746447834,0.23355396614308438,-0.2326190288450042,0.2500000000000002,-0.23273153326602986,0.2249692052258947,-0.21089122416835135,0.20690360511666497,-0.04954209386487012,-0.05485541891931005,0.22620937464733515,-0.2338624779353943,0.2295164689178924,-0.23538516562603587,0.23198255915390298,-0.21998433560894717,0.2035714803967056,-0.20063404298272725,-0.04210345724856383,-0.04588554046764357,-0.20319468393916112,0.19564024716959874,-0.1510980758378071,0.12227256239435139,-0.08642594118112193,0.03358271476159688,-0.04932327804019466,0.0013412579507607928,-0.03220021682067539,-0.04855428279337476,-0.04845618043922754,-0.0556486599585381,-0.04666141005518447,-0.04833002506600185,-0.04011880943786332,-0.04089667857100362,-0.035638308924283,-0.018813379987558047,-0.04857628823487066
0.0632658423334549,0.06359024665088941,0.04988503284547121,0.0640065246261885,0.056183826907909754,0.06551290150261385,0.06632469260647252,0.06954348988950322,0.07393589966673907,0.06350508459576581,0.06471541015533325,-0.1937450918432972,0.1884510263318026,-0.10221759828508295,0.0993807676407124,0.004987545820236122,-0.050545985513546526,0.05565604329009853,-0.07439529266020986,0.06521475060999035,0.04744874257103009,0.2197998269762834,-0.21973204697610077,0.22336271719749784,-0.23273153326602986,0.2500000000000002,-0.2141843977063462,0.20097478621420425,-0.19626536030488184,0.06433748622134398,0.06883166816942479,-0.2122754227389139,0.2200831468926232,-0.21557790404846497,0.22181922894145578,-0.21846973420650945,0.20818234447732598,-0.19276624476591678,0.1903996215130159,0.056948403079502434,0.0607279797299763,0.1929673020656002,-0.18587651058722546,0.14927657085510415,-0.12039516676892002,0.09517109136883539,-0.04304786168511301,0.06351509409154216,-0.015130118142475482,0.04699095399133613,0.06346639223313341,0.06337844715613003,0.06911650549955911,0.06156347781251393,0.0618920832284538,0.0549757765668889,0.0555025031069811,0.050462265680950184,0.03345330196304868,0.0635011998817055
-0.027744947175728573,-0.028006734041076647,-0.01728099712722098,-0.028445312527989416,-0.025078154200220828,-0.029993897745199134,-0.033037828150315085,-0.034096050141246656,-0.038906764059305064,-0.02791394497650721,-0.029533936409864632,0.1843185215954655,-0.1793642692817808,0.10814628912683176,-0.09076740973076575,0.004902681147611398,0.041967875070648586,-0.0208149792715488,0.039574361087443465,-0.02966115979420533,-0.01429832689411263,-0.206384296374921,0.2122607677745105,-0.21084960596346075,0.2249692052258947,-0.2141843977063462,0.25000000000000017,-0.2328002304671668,0.22921968227448036,-0.02929006976558318,-0.03417722431161412,0.20552526455009681,-0.21255324653215982,0.20882628144706936,-0.2141889246172204,0.21719138579041528,-0.20549224261223462,0.21846199997820223,-0.2158121443325806,-0.02161549537886774,-0.025580334203698873,-0.18235497808968687,0.17519111496555279,-0.13036710805304721,0.10667854363804324,-0.06824579116484944,0.03566900888825021,-0.04272405630996975,-0.00449094305716912,-0.012621860929768036,-0.02790278479006931,-0.02779833070144401,-0.035200524260380214,-0.026120793838038323,-0.028509971120988985,-0.01998295438664054,-0.023970852422121623,-0.015765245336200735,-0.0016183379916469068,-0.027909834202184042
0.04261608679620879,0.04288686995967829,0.03162660312593584,0.043286583611906564,0.03894081649140483,0.04473139755115497,0.045230522574331494,0.04849307731521006,0.05170630524599748,0.04280610772402563,0.04411556747015949,-0.17358552023298557,0.1688481669437328,-0.09529049502704534,0.0802012084628145,0.008454945284655138,-0.04076163862107093,0.0238478602974808,-0.04265220352767952,0.04439140046309097,0.028988016522401905,0.196013785562742,-0.20158323229897251,0.20030069450886492,-0.21089122416835135,0.20097478621420425,-0.2328002304671668,0.2500000000000002,-0.2422260900930604,0.04417956510954424,0.04831920906418793,-0.19463657870317191,0.2019128962213569,-0.1979127271666632,0.2036318782200195,-0.20578373730285074,0.20817005004558173,-0.2231908214432126,0.22840598709653614,0.03630071473297908,0.040367597820348225,0.17496276905368252,-0.1680999854032274,0.13094331329011089,-0.10654822905595727,0.07842603655531752,-0.046150085957648086,0.05745539659680304,-0.0092649575520166,0.027213897421218783,0.04278294549268111,0.04268716984917774,0.04881714484048452,0.040971015407373135,0.042132475190240305,0.03472098138302145,0.03857529118489143,0.03042430946098661,0.01595623464312867,0.04280244071088664
-0.03592698473064623,-0.0361848347127098,-0.025563134046703833,-0.0365896186006277,-0.032756602011581905,-0.03805002840914346,-0.03874494666728539,-0.04183709605826904,-0.045209389175850975,-0.03610251219293771,-0.03747041916697973,0.17020210241281467,-0.16556290598005405,0.09568223486769419,-0.08036783275124576,-0.003549680120998357,0.03642892238669824,-0.017616071890978944,0.03648281753804433,-0.03771315447134869,-0.022852361813129246,-0.1916576215893399,0.19731790686470216,-0.19595875288758752,0.20690360511666497,-0.19626536030488184,0.22921968227448036,-0.2422260900930604,0.2500000000000003,-0.03759556027036762,-0.04169869978403412,0.1904520092445026,-0.19759907156684975,0.19379922406493974,-0.1994001180834766,0.20244146412724365,-0.2049616625067015,0.23018000834616972,-0.23552342429461123,-0.029603414486967922,-0.03376314068251715,-0.17040463023731472,0.16359141226501153,-0.12568944441597613,0.1022613033472308,-0.07264394061987825,0.0466421724898682,-0.05545627640051537,0.00714190206766109,-0.0207423015555918,-0.03608430986190203,-0.03598550426757857,-0.04229668620481351,-0.03429478108941603,-0.03573339062509165,-0.028128825404433015,-0.033045185208538504,-0.023885082519909364,-0.010184679150921885,-0.03609880500483104
0.24784313940136962,0.24821125293622193,0.22828064780174506,0.24773924997040525,0.2279402079460065,0.24615135783684303,0.2345710967708254,0.2422760720245737,0.22957443622199414,0.24834591478984308,0.24525993231563148,-0.03948604397977135,0.03859336142540248,0.0692417193002399,-0.05412210463442421,0.18797181202017718,-0.14900443211395442,0.2281207299337474,-0.21130094746638817,0.24599567319211982,0.2311107968431708,0.06549696662385114,-0.05997122990873434,0.06664820078939038,-0.04954209386487012,0.06433748622134398,-0.02929006976558318,0.04417956510954424,-0.03759556027036762,0.2500000000000005,0.24171360942143033,-0.053223896587662536,0.06395320327444673,-0.053046301240031984,0.06336039053614745,-0.05546773050160579,0.07262264774016176,-0.042690370297785836,0.04962219074137362,0.2413451134822961,0.24455463105994668,0.0780659271076472,-0.07654270877030592,0.1347974191102118,-0.10239253587255846,0.20399804039747763,-0.14515749636530734,0.2263786795810392,-0.1774136799243514,0.23087868658257893,0.2481577627035314,0.24820109301496626,0.2365899745096787,0.24622083556899538,0.23048967396194567,0.23937583662647524,0.23382229636254265,0.23467625429895628,0.21463485111971026,0.24835033312449906
0.24279024863626636,0.24315640574440775,0.22327522611576708,0.24270822236539932,0.22304175259666134,0.2411917766726164,0.22995332680290057,0.23742891943732572,0.225258227963809,0.24328841878805296,0.24033213434050357,-0.04461184426883322,0.04367615096631083,0.06413817375865917,-0.049633451460202566,0.18333306964910803,-0.14707626171579738,0.2234647804362768,-0.20748269699295582,0.24107443840613269,0.22604124698463052,0.07071721113832384,-0.06548793318013041,0.07193822591562221,-0.05485541891931005,0.06883166816942479,-0.03417722431161412,0.04831920906418793,-0.04169869978403412,0.24171360942143033,0.25000000000000044,-0.059058729705719355,0.06946206127731729,-0.05864074768225296,0.06874204585231801,-0.06087611044058864,0.07718800057985876,-0.04684548769026238,0.05351037796391484,0.23629399429508458,0.2395161286958193,0.08234508345588483,-0.0806386909847472,0.13594445872159666,-0.10348005880762372,0.2011940325167646,-0.14192473062152083,0.22156575571871712,-0.17257535599247098,0.2258105919092166,0.2431044668525304,0.24314389675342662,0.23206602377729782,0.2411644341473335,0.22590646746391815,0.23431238182629352,0.22884748041470684,0.22960870918251694,0.20957228902107755,0.24329262882332936
-0.0522082644149489,-0.052523739008589206,-0.039171157674430274,-0.05295226958709106,-0.0480591671657479,-0.05446950787389019,-0.05745284680041645,-0.05851575070405607,-0.06335162913835053,-0.052436645926767236,-0.053903488859725034,0.2019357681668349,-0.19639566624205396,0.10732726281862426,-0.08896111119302548,-0.01648116657296155,0.06362842325791997,-0.04687294914511166,0.06484869447665324,-0.05416536025697365,-0.036694439382218634,-0.22882114680019452,0.23454872683040132,-0.23313847451111094,0.22620937464733515,-0.2122754227389139,0.20552526455009681,-0.19463657870317191,0.1904520092445026,-0.053223896587662536,-0.059058729705719355,0.2500000000000004,-0.23877626270133304,0.2415171167826498,-0.23610821248725422,0.2310937392409487,-0.2190623423688972,0.19036469126519975,-0.18730509865524397,-0.0459244821685944,-0.049534998557006514,-0.22284665487276217,0.21520970553318566,-0.16533182736842855,0.13324556854184474,-0.08868629419570619,0.02573598521627857,-0.046487103572910034,-0.002401319114416206,-0.03534507855283187,-0.05240958624561276,-0.05230809569700788,-0.0603373572083463,-0.050437564134157696,-0.052245705979191634,-0.04362079920244157,-0.042855780229154546,-0.038961385746471726,-0.0206804535569306,-0.05243263313240066
