x1,x2,x3,x4,x5,x6,x7,x8,x9,x10,x11,x12,x13,x14,x15,x16,x17,x18,x19,x20,x21,x22,x23,x24,x25,x26,x27,x28,x29,x30,x31,x32,x33,x34,x35,x36,x37,x38,x39,x40,x41,x42,x43,x44,x45,x46,x47,x48,x49,x50,x51,x52,x53,x54
0.2500000000000001,0.2126285183862298,0.23480402635947667,0.2173319408641008,0.23185668305750334,0.2154725009853254,0.2301993449448037,0.21480539836206897,0.23429742155511163,0.23254790274837947,0.2147450626048259,0.23490365664289947,0.2292872682783721,0.21825718031293304,0.2280902310380958,0.2220961374446314,0.22222227192438423,0.227767892808697,0.21858548803543193,0.22702325078553875,0.23310003844633684,0.23276349435418264,0.21720326254501116,0.21486025858809213,0.21990673321432852,0.23477341992986644,0.23352622101135104,0.22236933945325113,0.21877087189900893,0.22483289614781335,0.17918942068460478,0.2218075850502898,0.24008926625184537,0.23987429562534585,0.24087975419884505,0.21460103340692058,0.24058731782792386,0.21531781388067514,0.21670035796243742,0.24137513475797048,0.22611913251365592,0.23971675144524465,0.22177762416951755,0.18038167022152163,0.23875381044836594,0.22118934280402966,0.22325186913168407,0.24020155872666987,0.22280030031954445,0.2396125302815818,0.17860023112090354,0.2222335114712993,0.22179349042787994,0.22071268440685193
0.2126285183862298,0.25000000000000017,0.21341583384832719,0.19758838904619797,0.21152424527774075,0.19678446978594388,0.20988411471032273,0.1964275818088519,0.21304626468952245,0.2116717597562837,0.19514928377378904,0.21420215424716,0.2086793761101692,0.20034488903862718,0.20720068846916284,0.20125790119960096,0.20407735902102586,0.2072495609973799,0.19823000114319483,0.20685487606645464,0.2117993201642396,0.21183142182439157,0.19751973139688572,0.19706417772748364,0.20154618199673383,0.213579681800099,0.21256618415448128,0.20213985380530952,0.19729019282439067,0.20488095763105577,0.16434052057985232,0.20185327647030218,0.2184126548799857,0.21818499884187512,0.2192928492370662,0.19593473670877137,0.2189202041779261,0.1961658547236737,0.19784578300346736,0.2196788009823559,0.2064220292945173,0.21803663635933093,0.20203518942491228,0.16312883851522242,0.21705044785881317,0.2007029022422962,0.20357811544342916,0.21851879303096647,0.20330329713450043,0.21792588602050553,0.16331101056188452,0.20089275502232876,0.20205849532859546,0.19984850248435845
0.23480402635947667,0.21341583384832719,0.25000000000000017,0.21906758830182485,0.2328971736504064,0.21618416729189474,0.2313045064432907,0.21551692842938366,0.2347804439443211,0.2338235544974615,0.21620820947238667,0.23594486512752177,0.23042819335639392,0.21956935119526838,0.22864018410917206,0.22316623895192145,0.22294348519091536,0.22901046425380583,0.21963820317243815,0.22798040196890856,0.23368608263753077,0.23356224947544435,0.2180124607085959,0.21618862807579936,0.22104558927994963,0.23634972542660157,0.23458448528657483,0.22350154209223053,0.21988799155098013,0.22531653188312323,0.1804770921628875,0.22245045558991455,0.24118797281923585,0.24097372859025643,0.2419988686539994,0.21632640353260538,0.24167231487828048,0.2151548052039291,0.2173166155812242,0.2424723060295064,0.22764455255225496,0.24081339796627918,0.22275940250125323,0.18144890261301638,0.23986272652512203,0.22229264095619436,0.22394507810924197,0.24128495998871957,0.22460427938530478,0.24069699339359646,0.17964936328917194,0.22333326370058043,0.2221107403509979,0.22181523458690802
0.2173319408641008,0.19758838904619797,0.21906758830182485,0.24999999999999992,0.21488822015983966,0.1992124494867022,0.21357750301405562,0.20015088885412782,0.21751289097888973,0.2156524716489773,0.20228994462387873,0.21806920961131843,0.21241748331367213,0.20270618328541407,0.21043925160638352,0.20676460123939194,0.2077427263747596,0.210636681811109,0.2042271058319054,0.21027965708620813,0.21582265023018798,0.2155539074904698,0.20224191213234335,0.2006466517298196,0.2036314291112099,0.218464164494647,0.21723730265017793,0.20570812813739156,0.20189500276991687,0.20778874760501706,0.1620066877977316,0.20510469714240548,0.22294098748600163,0.2227255016113833,0.22384550857191976,0.1991902799420805,0.22365893744749105,0.19885423419372628,0.1988883647188053,0.22423701212316227,0.21035067302559382,0.22257100020624782,0.2048184711446558,0.16331469077685232,0.2216131218471967,0.20427719792140453,0.20630679252944245,0.2230516038088599,0.2071374792796691,0.22247778455481915,0.16270493491815677,0.2051385069613844,0.20518733135444783,0.2037890125250543
0.23185668305750334,0.21152424527774075,0.2328971736504064,0.21488822015983966,0.25000000000000033,0.21396411816301084,0.22886530412683193,0.21306572214181435,0.23188319289344494,0.2309792814997235,0.21230589879451012,0.23325025098206664,0.2278590608642434,0.21694767414922056,0.2261851048143022,0.21957906647071723,0.2203806843896526,0.22650860126229536,0.21670293581411976,0.22613143357404877,0.23117924546452245,0.2310140620899169,0.21569104639876627,0.21238214505149122,0.21877544604264512,0.23288750157532945,0.23186254640547516,0.2209131280421883,0.21719390149332923,0.22271003679768314,0.178722303438714,0.21927262987257748,0.23828087730291397,0.23807017404391728,0.23906587240133845,0.21321787242977625,0.23873599768709206,0.21250577126570414,0.21406445144789038,0.23955753219328882,0.22466222394441274,0.23789195092051774,0.2203306488171043,0.17955184899578688,0.23691277061586744,0.21960834225728468,0.22049539814628924,0.2383702532673166,0.22139057580259752,0.23777781084817814,0.17835428228224012,0.22054465632236597,0.21940705371452618,0.21919290754095702
0.2154725009853254,0.19678446978594388,0.21618416729189474,0.1992124494867022,0.21396411816301084,0.25000000000000017,0.21258455487343403,0.19868337389233362,0.2159221840295933,0.21442904505287141,0.19802192969852256,0.21707132402952375,0.21131461187833614,0.20428939210360936,0.210323012901578,0.20447367874192632,0.20503956274881865,0.2102857962281447,0.20495452678304316,0.21008624623945782,0.2148871038062866,0.21450567291253034,0.2003131178119325,0.19860262978813448,0.20367136788525958,0.2170024793605407,0.2158595007569712,0.20473458391636176,0.20050689278713746,0.20841682834577757,0.1646840017206559,0.20439784649053466,0.22134624152991772,0.22112586944041962,0.2222450770035755,0.19959632393698187,0.22189998322482207,0.199892097403567,0.2004578677375637,0.22261900810606422,0.20908093554379278,0.22096650073451354,0.20464154697156128,0.16574800706799,0.21998718955258867,0.20266405221704484,0.2060598728658351,0.22145684382429223,0.20623909343522423,0.22088262318719448,0.16552158146658214,0.20434109604595413,0.20509998111923375,0.2021721244551208
0.2301993449448037,0.20988411471032273,0.2313045064432907,0.21357750301405562,0.22886530412683193,0.21258455487343403,0.25000000000000044,0.2115515912947274,0.23031822707520364,0.2293545524432519,0.21106257802490913,0.23153961880444882,0.2262567611235268,0.21502817265182325,0.22462814646479962,0.218269081309043,0.2188063007367243,0.22500431592066542,0.2149658859723983,0.22426141004881667,0.22952341137657556,0.2293915871955961,0.21415274460632516,0.2110770281446566,0.21702863363392738,0.23131118394738473,0.23028888299400366,0.21927732352410106,0.21589303656365202,0.2212069816953015,0.1776537164812395,0.21784095885654525,0.23667490252678977,0.236464792406028,0.23745126792465443,0.21163593212497608,0.2371420775881418,0.2110392017206042,0.21262919734666896,0.23793690874764079,0.22306464046129476,0.23628827984196996,0.21875931599878728,0.1789207576712486,0.2353084327707924,0.21819361238612528,0.21898704084041706,0.23675598960113112,0.21987251324774443,0.23615998883425735,0.17716653258753068,0.21921326558595672,0.21790097110757367,0.2177652070601882
0.21480539836206897,0.1964275818088519,0.21551692842938366,0.20015088885412782,0.21306572214181435,0.19868337389233362,0.2115515912947274,0.2500000000000005,0.21460639086489008,0.2133387469240917,0.1970494909899586,0.21560127717121183,0.21058216238973837,0.2003207634457455,0.2088445219334168,0.20546325474307783,0.20505966814567936,0.20918329313334827,0.20136292825090102,0.20894592519372565,0.2133712388213723,0.21311068730533972,0.2008325798986797,0.19753832907165864,0.20290840322026127,0.21507783438903544,0.21415867129611568,0.20274453267671946,0.2002152812760468,0.2061253608693726,0.16327789422781236,0.2032883547620711,0.2201517932900207,0.21996446649637066,0.22090753031969185,0.1981407182310774,0.22064326836460507,0.1986479351680032,0.19938711503982015,0.2213690670154429,0.20762031075784937,0.21977778120819141,0.2027205248088458,0.1653092148772462,0.21881511498601713,0.20288239535628097,0.20476540128066964,0.22023334621059795,0.2048914630322848,0.2196391422260224,0.1616801566923768,0.20377149783661908,0.20411673707220968,0.20198997767658144
0.23429742155511163,0.21304626468952245,0.2347804439443211,0.21751289097888973,0.23188319289344494,0.2159221840295933,0.23031822707520364,0.21460639086489008,0.2500000000000004,0.23260923090992425,0.21491712605625962,0.2348474395990129,0.22936489819100803,0.21820990340080382,0.22814356296933386,0.22152175977870048,0.22263043789420378,0.22805393766762197,0.21854388203076208,0.22697528736301995,0.23316660541412276,0.23294232222562267,0.2171221831441645,0.21452325944778988,0.22043545155260705,0.234816856959533,0.23356458058889001,0.2224372775781431,0.218885069599225,0.2247439755855663,0.17957625451404693,0.22194967555404915,0.2401375012634487,0.2399317334552009,0.24093091773017156,0.21450498632124299,0.2406196968603496,0.21494733928721604,0.21713690065294008,0.2414300811274076,0.22620196899023728,0.23976137001288927,0.22179363999045057,0.1805369701014307,0.23880213518045765,0.22125064420049106,0.22300113610913833,0.24024098132957142,0.22287460087320754,0.23966688658019622,0.17865038116278723,0.22233910009589655,0.22157288539854017,0.22080026354978444
0.23254790274837947,0.2116717597562837,0.2338235544974615,0.2156524716489773,0.2309792814997235,0.21442904505287141,0.2293545524432519,0.2133387469240917,0.23260923090992425,0.25000000000000056,0.21341738597833734,0.23373661804573256,0.2285714102269805,0.21726045519976214,0.22684815844655207,0.22032276755647207,0.2207772954839192,0.2274047900141999,0.21729907553872663,0.22620663125727106,0.2317690343092311,0.23160637222098138,0.21603379807015322,0.21310710479978612,0.2192464993232098,0.23369325661077714,0.23239197046690674,0.22151675952618705,0.21806630920484132,0.22326165475086263,0.17963623796101258,0.22016720149765223,0.23901070753451273,0.23880246751814443,0.23979511872496978,0.21382710650426157,0.23947438346142574,0.21314970557006177,0.21506761868468685,0.24029065045085854,0.2252623916021045,0.2386220153622871,0.22087582688746357,0.18066654058701628,0.23764788080946658,0.22039556612697372,0.22140300547004774,0.2391056484731824,0.22201500348320885,0.2385055765710995,0.17861539402168675,0.22145464910602708,0.21990268648362257,0.2199638415076009
0.2147450626048259,0.19514928377378904,0.21620820947238667,0.20228994462387873,0.21230589879451012,0.19802192969852256,0.21106257802490913,0.1970494909899586,0.21491712605625962,0.21341738597833734,0.25000000000000033,0.21605263279292866,0.2099528130076606,0.20060915452900072,0.20795180560300794,0.20592782067097962,0.20517187907354292,0.2084112365766613,0.20254111831748844,0.2071961977369947,0.21303007611522817,0.21296509373551503,0.20015866118844025,0.1996222141953105,0.2018572086477546,0.21600301532794847,0.21467923065310637,0.2028999384979675,0.1990576156642962,0.20497149943529216,0.15928619377221387,0.20353731874574668,0.2203179913855267,0.22010043262074067,0.22117855897409336,0.1966084233081654,0.22085340389651328,0.1947890494959812,0.197476884402923,0.22162062836252294,0.2087540817660022,0.21994947321140895,0.20204227597750263,0.1608194100173621,0.21896835008408208,0.2015398703233522,0.20510145510949143,0.22041800567887396,0.20468691117897878,0.21988087242591733,0.15854204935920949,0.20244654672167253,0.20196737377895216,0.20108276975146006
0.23490365664289947,0.21420215424716,0.23594486512752177,0.21806920961131843,0.23325025098206664,0.21707132402952375,0.23153961880444882,0.21560127717121183,0.2348474395990129,0.23373661804573256,0.21605263279292866,0.25000000000000044,0.2303883518659289,0.2194782889216694,0.22888940649222847,0.22281231510124447,0.22377830068283802,0.22895444005502263,0.2196701682826084,0.22835721277132834,0.23379441597380463,0.23368582108300895,0.2183138877180602,0.21655708652500677,0.22131138589008337,0.23593138666947566,0.23484847165722997,0.22364027871533326,0.2199135415431354,0.22609929354134647,0.18047270063266763,0.2224538656630659,0.24129832141998456,0.24108565914297864,0.24208620850871077,0.2162677889837974,0.24178076885470484,0.21611617059140895,0.21735659050719802,0.2425871187406797,0.22773471109729718,0.24092418930182818,0.22290221116340392,0.18126750999597463,0.23996212936432476,0.22246546677579948,0.22375342746159177,0.2414042904309369,0.22433766605774103,0.24083184847353695,0.17960308016759655,0.2233824065790281,0.2234516390183811,0.2218706747526902
0.2292872682783721,0.2086793761101692,0.23042819335639392,0.21241748331367213,0.2278590608642434,0.21131461187833614,0.2262567611235268,0.21058216238973837,0.22936489819100803,0.2285714102269805,0.2099528130076606,0.2303883518659289,0.25000000000000056,0.21419715101806677,0.22375729968784558,0.2171156971218916,0.2176001361302222,0.22458539835661295,0.21402018375648743,0.22283106829934393,0.22852742340282955,0.2283795382705905,0.21289312408729152,0.20991168847979141,0.2162191332483981,0.230536677668808,0.2290413417492792,0.2185462616275912,0.21488396096973392,0.2200225002917975,0.17795081861310372,0.21709829797469643,0.23569331528505522,0.23548496596998508,0.23646834673542397,0.21077526092852114,0.2361371276512122,0.21010967081339413,0.2122178833277169,0.2369611167560573,0.2221738447540104,0.2353025249591389,0.21774883815810522,0.17851211147452567,0.23432430988911762,0.21735087878302325,0.21834277417421305,0.23578826606814354,0.21889465921118298,0.23519225248120845,0.17633531527367835,0.21817714561415058,0.2166182818588676,0.21692728527492647
0.21825718031293304,0.20034488903862718,0.21956935119526838,0.20270618328541407,0.21694767414922056,0.20428939210360936,0.21502817265182325,0.2003207634457455,0.21820990340080382,0.21726045519976214,0.20060915452900072,0.2194782889216694,0.21419715101806677,0.25000000000000056,0.21311114538180548,0.20680175625992453,0.20771588842998767,0.2130775307253695,0.20573453558128346,0.2127095126819905,0.21745934196588712,0.21711609442890992,0.2030915045097545,0.20120673357008761,0.2061733753289784,0.21951599970493407,0.21849754083951867,0.2071759440937568,0.20338269622779917,0.21028764746711254,0.16749423710666295,0.20679987406341563,0.22415647072160072,0.2239392205510358,0.22501423651366276,0.2021197615857,0.22470983765836425,0.20104061093965467,0.20258380901099846,0.2254327087108525,0.21170388074402724,0.22376939625364772,0.20708143118540573,0.1685055016233719,0.22279485574265975,0.20545133286080333,0.2079602263372749,0.22425985387301164,0.2092072976708239,0.22367159875883474,0.16771277346369473,0.2072517017279804,0.20703457295816743,0.2049814306288106
0.2280902310380958,0.20720068846916284,0.22864018410917206,0.21043925160638352,0.2261851048143022,0.210323012901578,0.22462814646479962,0.2088445219334168,0.22814356296933386,0.22684815844655207,0.20795180560300794,0.22888940649222847,0.22375729968784558,0.21311114538180548,0.2500000000000003,0.2156771884739558,0.21587333946407983,0.22212305409810698,0.2121765540258447,0.22134803410813556,0.22776153427183096,0.22746767355643202,0.21168142567696815,0.20797381952564314,0.21494674681652967,0.22867116165074897,0.22750006117851693,0.21678576671496877,0.2130800754601966,0.21858788171278326,0.17612493499808185,0.21545372846839173,0.2340678988714754,0.23385437870219927,0.23485806067577644,0.20853481082166192,0.23451299274183535,0.20837967814739702,0.21030599645762427,0.23533726257377202,0.22010148661585913,0.23367709775912388,0.21614726750483845,0.1770725182391297,0.23269154822141389,0.215849011335057,0.21695937000454932,0.23415740460000836,0.21671857158590577,0.2335801458106788,0.1748463271058835,0.21656626574518445,0.21519432536118838,0.2152473216131012
0.2220961374446314,0.20125790119960096,0.22316623895192145,0.20676460123939194,0.21957906647071723,0.20447367874192632,0.218269081309043,0.20546325474307783,0.22152175977870048,0.22032276755647207,0.20592782067097962,0.22281231510124447,0.2171156971218916,0.20680175625992453,0.2156771884739558,0.2500000000000003,0.2105292294322885,0.21559410602269458,0.2077070366925519,0.21483934769191212,0.22036926189685285,0.22006082220989917,0.20740082798820364,0.20558928001652296,0.20810357956918585,0.22234025348125122,0.22126858886842263,0.20976966376415004,0.20645913800030435,0.2127820332512669,0.1689957339731611,0.20997389386973583,0.22744942572684987,0.22722462947517025,0.22826819230720552,0.20409560848951797,0.22799851501014406,0.2055104131925879,0.2056865962744098,0.22873197564721193,0.21497776138856473,0.22707117698374218,0.2090599517087433,0.1696170026910561,0.22607831159053823,0.2088499626436908,0.21148329190996995,0.22757419054426556,0.21175441887575064,0.22701881150457426,0.16634294499635036,0.20994223274266663,0.2098604163400486,0.2084492313992169
0.22222227192438423,0.20407735902102586,0.22294348519091536,0.2077427263747596,0.2203806843896526,0.20503956274881865,0.2188063007367243,0.20505966814567936,0.22263043789420378,0.2207772954839192,0.20517187907354292,0.22377830068283802,0.2176001361302222,0.20771588842998767,0.21587333946407983,0.2105292294322885,0.2500000000000005,0.21640337137366206,0.20887761993586831,0.21525407880470412,0.22102044878680405,0.22062275502158643,0.20570781784965542,0.20704010174140236,0.20931534720646547,0.22282865031894603,0.22183748101698927,0.21069589219098483,0.2067467045601492,0.21312343871017528,0.16819821529029494,0.21047046758461127,0.22799472604271068,0.2277670452555221,0.2287803518887027,0.20379020887860405,0.2284590012277142,0.20406796802177524,0.2053709446362486,0.22926850044497044,0.21542742851713104,0.22761697415417953,0.20988485137963805,0.16835840529803875,0.22664514773373873,0.209165553819105,0.21131941857106484,0.22810061703799822,0.21261749038874597,0.2275065291335577,0.16847433406507858,0.21016204978027944,0.21056014610165238,0.20873258260195432
0.227767892808697,0.2072495609973799,0.22901046425380583,0.210636681811109,0.22650860126229536,0.2102857962281447,0.22500431592066542,0.20918329313334827,0.22805393766762197,0.2274047900141999,0.2084112365766613,0.22895444005502263,0.22458539835661295,0.2130775307253695,0.22212305409810698,0.21559410602269458,0.21640337137366206,0.2500000000000003,0.2126384359601956,0.22142017301068076,0.2271243697639178,0.2269507961548281,0.21166880918250977,0.20815949195287098,0.21483220357819188,0.22920403393456365,0.22754102242730012,0.21706525273007465,0.21352933709653585,0.2184540851246417,0.17633245417769308,0.21556795839290854,0.234228367819414,0.2340150147431582,0.23500734298885276,0.2092158643581008,0.23467313168800694,0.208527280319658,0.21035227800570053,0.2354947176743983,0.22076772593519386,0.23384227440839905,0.2160137907799422,0.17681434157950326,0.23286362451864584,0.21578200813501344,0.21733798555934328,0.23433144061100677,0.2175198027199554,0.2337220032321918,0.17445021122263166,0.2168386860318357,0.2151467426495287,0.21556532216038815
0.21858548803543193,0.19823000114319483,0.21963820317243815,0.2042271058319054,0.21670293581411976,0.20495452678304316,0.2149658859723983,0.20136292825090102,0.21854388203076208,0.21729907553872663,0.20254111831748844,0.2196701682826084,0.21402018375648743,0.20573453558128346,0.2121765540258447,0.2077070366925519,0.20887761993586831,0.2126384359601956,0.2500000000000002,0.21178080118231132,0.2171842557401345,0.2171006315421249,0.2028162701514103,0.20109582335811957,0.20602803666922262,0.22019493191477624,0.2185078888578873,0.2071739690881683,0.20358803861201477,0.21032730746912515,0.16394997010177867,0.20716057102523217,0.2243385379327771,0.22410559945794623,0.2251617151549419,0.201247725791162,0.22485211652163284,0.20109514442318221,0.20401788989355943,0.22560160983495595,0.21168587355924623,0.2239607274941802,0.20650438460487067,0.16578837183987027,0.222959866667078,0.20533016164832632,0.20800782595340683,0.22443201997457596,0.20821496923587404,0.22389033340795478,0.1640437052977608,0.20713850595016517,0.20697483213912174,0.20494212173555212
0.22702325078553875,0.20685487606645464,0.22798040196890856,0.21027965708620813,0.22613143357404877,0.21008624623945782,0.22426141004881667,0.20894592519372565,0.22697528736301995,0.22620663125727106,0.2071961977369947,0.22835721277132834,0.22283106829934393,0.2127095126819905,0.22134803410813556,0.21483934769191212,0.21525407880470412,0.22142017301068076,0.21178080118231132,0.2500000000000003,0.22628488154398582,0.22624730608215862,0.21093493892112533,0.20727709114877338,0.21416402953194125,0.22799930706794758,0.22715090617059644,0.21650879949979973,0.212449804737912,0.21851669167166313,0.17427724701645378,0.21442543873657732,0.23344433449788426,0.23322262117831719,0.23419832835345558,0.2087959492214579,0.23385245768187038,0.20828509853569527,0.20912770693798555,0.23468208558965978,0.2202835399835581,0.23305199947086586,0.21579317362092118,0.17525137013084796,0.23205825677550773,0.21493587138776962,0.21555796640704505,0.23352019395561546,0.21704876092017625,0.23292090019840214,0.1743005074598275,0.21569423948745955,0.21485905181046533,0.21442482184536538
0.23310003844633684,0.2117993201642396,0.23368608263753077,0.21582265023018798,0.23117924546452245,0.2148871038062866,0.22952341137657556,0.2133712388213723,0.23316660541412276,0.2317690343092311,0.21303007611522817,0.23379441597380463,0.22852742340282955,0.21745934196588712,0.22776153427183096,0.22036926189685285,0.22102044878680405,0.2271243697639178,0.2171842557401345,0.22628488154398582,0.2500000000000003,0.2318943288194441,0.21592949606866596,0.2132010816402068,0.2193644466299537,0.23370565292512022,0.23251201491965492,0.22169026538524633,0.21802387113768806,0.22346535099321935,0.17997762864342887,0.22035178140726897,0.23911196471955057,0.23890551690773706,0.23988244999353614,0.21365217521542784,0.23955313070448284,0.21339390472387343,0.21522386475537883,0.24037900118618166,0.2251463041098736,0.23872191664820025,0.22105953280584384,0.1809466108579409,0.23775351562195018,0.22054674354508955,0.2216443689104796,0.2392066506621495,0.22181984264746882,0.23860141058408782,0.17877266931225405,0.22145901812368685,0.22008612669446778,0.22005420435852718
0.23276349435418264,0.21183142182439157,0.23356224947544435,0.2155539074904698,0.2310140620899169,0.21450567291253034,0.2293915871955961,0.21311068730533972,0.23294232222562267,0.23160637222098138,0.21296509373551503,0.23368582108300895,0.2283795382705905,0.21711609442890992,0.22746767355643202,0.22006082220989917,0.22062275502158643,0.2269507961548281,0.2171006315421249,0.22624730608215862,0.2318943288194441,0.2500000000000006,0.21585608876841766,0.21308116453059944,0.21923834032626527,0.23356257903392005,0.23237934482259973,0.22180327980979428,0.21796474881821773,0.22343505459890153,0.179827042132817,0.2201362770562711,0.2389919080020934,0.23878256094097547,0.2397669963869286,0.21339092733457504,0.23943550712369308,0.2131520301327514,0.2149543676885412,0.24026387677989472,0.22500308558931534,0.2386046282522383,0.22106226342872662,0.1805745576650547,0.23763077390403828,0.22051605974487865,0.22133401782794837,0.23909236590463698,0.22160500861976654,0.2384951888796376,0.17894483839450961,0.22124379873232253,0.21998650555209923,0.22011680755878504
0.21720326254501116,0.19751973139688572,0.2180124607085959,0.20224191213234335,0.21569104639876627,0.2003131178119325,0.21415274460632516,0.2008325798986797,0.2171221831441645,0.21603379807015322,0.20015866118844025,0.2183138877180602,0.21289312408729152,0.2030915045097545,0.21168142567696815,0.20740082798820364,0.20570781784965542,0.21166880918250977,0.2028162701514103,0.21093493892112533,0.21592949606866596,0.21585608876841766,0.2500000000000006,0.2005891522694835,0.20547710799428465,0.2178624039518783,0.2171635802800468,0.205570485069398,0.20336614812002485,0.20828057373685097,0.16593758184578122,0.20541358163998805,0.2227986125444771,0.22259948869933383,0.22363527061531135,0.19994868367487778,0.22326461823028526,0.20065846691456143,0.20124762331073445,0.22404861280533636,0.21017271588296302,0.22242457332301524,0.20469224780725734,0.1682178136028477,0.22144885341110246,0.20514495664657847,0.20679510658031391,0.2228914952500798,0.2070345961619879,0.22237149591305327,0.1644341742505554,0.20674704255626605,0.20569755879324209,0.2052657695322932
0.21486025858809213,0.19706417772748364,0.21618862807579936,0.2006466517298196,0.21238214505149122,0.19860262978813448,0.2110770281446566,0.19753832907165864,0.21452325944778988,0.21310710479978612,0.1996222141953105,0.21655708652500677,0.20991168847979141,0.20120673357008761,0.20797381952564314,0.20558928001652296,0.20704010174140236,0.20815949195287098,0.20109582335811957,0.20727709114877338,0.2132010816402068,0.21308116453059944,0.2005891522694835,0.2500000000000009,0.20179738078611514,0.2157720238038048,0.2141989919720781,0.20283716409401797,0.19929791260627094,0.2057037033005653,0.15986105264253753,0.20367941508588275,0.22041325475397344,0.22018255094707803,0.22136084280896137,0.19542707305988954,0.22106511712902002,0.19597700876539684,0.19749891153755833,0.221678771851997,0.20699118724440932,0.22004192847682016,0.20250767131889902,0.1605587338853242,0.21906105333856737,0.2017212871353116,0.2035074579726401,0.22050268570515796,0.20399577052299234,0.21995066658490536,0.15872653984121576,0.20253753589482315,0.20296492710262842,0.20125413768319994
0.21990673321432852,0.20154618199673383,0.22104558927994963,0.2036314291112099,0.21877544604264512,0.20367136788525958,0.21702863363392738,0.20290840322026127,0.22043545155260705,0.2192464993232098,0.2018572086477546,0.22131138589008337,0.2162191332483981,0.2061733753289784,0.21494674681652967,0.20810357956918585,0.20931534720646547,0.21483220357819188,0.20602803666922262,0.21416402953194125,0.2193644466299537,0.21923834032626527,0.20547710799428465,0.20179738078611514,0.2500000000000008,0.22109438750625535,0.21985023521031408,0.21021834067777762,0.20504198439948756,0.21145157447797266,0.16953819258616631,0.20848275315050557,0.2260858658480357,0.2258544159408598,0.22688303301682877,0.2024400183877854,0.22657739320297599,0.20208344797037822,0.20400856274159618,0.2273281319316144,0.21338805095175803,0.2257044055224642,0.20942896219180063,0.16993053774210978,0.22471003281889212,0.20784658938617598,0.20931764080118437,0.22615246157363963,0.20991045078500478,0.22558416812042206,0.16863426582513238,0.20822599667224034,0.20788887943868642,0.20747137422151443
0.23477341992986644,0.213579681800099,0.23634972542660157,0.218464164494647,0.23288750157532945,0.2170024793605407,0.23131118394738473,0.21507783438903544,0.234816856959533,0.23369325661077714,0.21600301532794847,0.23593138666947566,0.230536677668808,0.21951599970493407,0.22867116165074897,0.22234025348125122,0.22282865031894603,0.22920403393456365,0.22019493191477624,0.22799930706794758,0.23370565292512022,0.23356257903392005,0.2178624039518783,0.2157720238038048,0.22109438750625535,0.25000000000000083,0.23470410507293998,0.2235450817389486,0.21996104855049417,0.22541815402269147,0.18045084226892782,0.22279612107512117,0.24120124198620027,0.2409902886428639,0.2420247652066433,0.2162342253847272,0.24170473849150834,0.2154064701096459,0.21740535409873232,0.242483689171688,0.22750280834199424,0.2408331090304491,0.22281871729048214,0.18136276548505,0.23988567988945966,0.22226387814818654,0.224365862290506,0.2413076866533865,0.22467852129593968,0.24072276557783384,0.1798069037607594,0.2233496776906262,0.22207856013008714,0.22187809924479263
0.23352622101135104,0.21256618415448128,0.23458448528657483,0.21723730265017793,0.23186254640547516,0.2158595007569712,0.23028888299400366,0.21415867129611568,0.23356458058889001,0.23239197046690674,0.21467923065310637,0.23484847165722997,0.2290413417492792,0.21849754083951867,0.22750006117851693,0.22126858886842263,0.22183748101698927,0.22754102242730012,0.2185078888578873,0.22715090617059644,0.23251201491965492,0.23237934482259973,0.2171635802800468,0.2141989919720781,0.21985023521031408,0.23470410507293998,0.25000000000000056,0.22218853517954565,0.21856870765766015,0.22486507258259783,0.1787665067753206,0.22129759832726795,0.2399006896264431,0.23968430408719796,0.24071855319713323,0.2152552018359666,0.2403947410286066,0.21473837029042464,0.2156700204269768,0.2411861218119799,0.2267603783586897,0.2395273729800264,0.22152881027912322,0.17992193854486405,0.23856694979341947,0.2209370895317434,0.22222722163275763,0.24000029176603122,0.22330666981661257,0.23940513311086467,0.1782764473914692,0.22218607179880448,0.22149646079926424,0.2205020612178136
0.22236933945325113,0.20213985380530952,0.22350154209223053,0.20570812813739156,0.2209131280421883,0.20473458391636176,0.21927732352410106,0.20274453267671946,0.2224372775781431,0.22151675952618705,0.2028999384979675,0.22364027871533326,0.2185462616275912,0.2071759440937568,0.21678576671496877,0.20976966376415004,0.21069589219098483,0.21706525273007465,0.2071739690881683,0.21650879949979973,0.22169026538524633,0.22180327980979428,0.205570485069398,0.20283716409401797,0.21021834067777762,0.2235450817389486,0.22218853517954565,0.2500000000000006,0.20976043414685985,0.2139438384998037,0.17211088067379146,0.21093039675352643,0.22899613669910607,0.22877937159522088,0.2296164915395226,0.20410300110131346,0.22929049975367816,0.20386418262893743,0.20559865231192898,0.2301184928484176,0.21563623554895953,0.2286514456166227,0.21261405127486213,0.1731335195775134,0.2277843003891879,0.21203959842435952,0.2121536598749452,0.22908135991616066,0.21227425091926505,0.2285379962475629,0.17376038070421812,0.2129108779530043,0.21081816217955304,0.21159559841325631
0.21877087189900893,0.19729019282439067,0.21988799155098013,0.20189500276991687,0.21719390149332923,0.20050689278713746,0.21589303656365202,0.2002152812760468,0.218885069599225,0.21806630920484132,0.1990576156642962,0.2199135415431354,0.21488396096973392,0.20338269622779917,0.2130800754601966,0.20645913800030435,0.2067467045601492,0.21352933709653585,0.20358803861201477,0.212449804737912,0.21802387113768806,0.21796474881821773,0.20336614812002485,0.19929791260627094,0.20504198439948756,0.21996104855049417,0.21856870765766015,0.20976043414685985,0.25000000000000056,0.21072728399076876,0.16950978491801635,0.2074647411721252,0.2254548137961332,0.22523755924020336,0.22595001429368192,0.20087312012441522,0.22563838357313173,0.20094554763258612,0.20255884815829017,0.22646939046830492,0.21226045489551673,0.22514205263849282,0.2092106993675512,0.17172409578545514,0.22433263164194828,0.2092908225670535,0.20895289081801707,0.22549793251849584,0.20889560542494082,0.2249434512906363,0.17030489799836082,0.21028596890840523,0.20767515125202882,0.20914503570426596
0.22483289614781335,0.20488095763105577,0.22531653188312323,0.20778874760501706,0.22271003679768314,0.20841682834577757,0.2212069816953015,0.2061253608693726,0.2247439755855663,0.22326165475086263,0.20497149943529216,0.22609929354134647,0.2200225002917975,0.21028764746711254,0.21858788171278326,0.2127820332512669,0.21312343871017528,0.2184540851246417,0.21032730746912515,0.21851669167166313,0.22346535099321935,0.22343505459890153,0.20828057373685097,0.2057037033005653,0.21145157447797266,0.22541815402269147,0.22486507258259783,0.2139438384998037,0.21072728399076876,0.25000000000000083,0.17256815427602645,0.2129003602618706,0.23071834441900516,0.2305150460224072,0.23143975659883748,0.20682141919499392,0.23116668858968326,0.2116656102643569,0.20778264712736086,0.23192188080045417,0.21755521039532924,0.23036913730589484,0.21299026316149886,0.17370658038356968,0.22948999459989783,0.2125125292143845,0.21390310382038474,0.23081937895207802,0.21431048577037978,0.23024220353139915,0.17269084158307935,0.21389197405342314,0.214193600031801,0.21237562266799592
0.17918942068460478,0.16434052057985232,0.1804770921628875,0.1620066877977316,0.178722303438714,0.1646840017206559,0.1776537164812395,0.16327789422781236,0.17957625451404693,0.17963623796101258,0.15928619377221387,0.18047270063266763,0.17795081861310372,0.16749423710666295,0.17612493499808185,0.1689957339731611,0.16819821529029494,0.17633245417769308,0.16394997010177867,0.17427724701645378,0.17997762864342887,0.179827042132817,0.16593758184578122,0.15986105264253753,0.16953819258616631,0.18045084226892782,0.1787665067753206,0.17211088067379146,0.16950978491801635,0.17256815427602645,0.2500000000000006,0.16972575225141764,0.18552294624775995,0.18532294053446427,0.18597141554722232,0.1650627963979116,0.18570586972979852,0.1660469839371016,0.16660226052076593,0.18646558606880242,0.1745698745865193,0.18515253070039642,0.17119826596507656,0.14619816614139017,0.18433477676794607,0.1728480840558207,0.17029479563359248,0.18554972804658018,0.17178973098993486,0.18498465212622137,0.14426592574010524,0.1726221087945577,0.16930624812781944,0.17153575391706602
0.2218075850502898,0.20185327647030218,0.22245045558991455,0.20510469714240548,0.21927262987257748,0.20439784649053466,0.21784095885654525,0.2032883547620711,0.22194967555404915,0.22016720149765223,0.20353731874574668,0.2224538656630659,0.21709829797469643,0.20679987406341563,0.21545372846839173,0.20997389386973583,0.21047046758461127,0.21556795839290854,0.20716057102523217,0.21442543873657732,0.22035178140726897,0.2201362770562711,0.20541358163998805,0.20367941508588275,0.20848275315050557,0.22279612107512117,0.22129759832726795,0.21093039675352643,0.2074647411721252,0.2129003602618706,0.16972575225141764,0.25000000000000117,0.22745555018867347,0.2272599677509932,0.22818261068085707,0.20313316898022266,0.2279182610475466,0.20359654099021085,0.21129702812733278,0.2286471013685858,0.21447949656405133,0.22711333099336584,0.21026374186161162,0.17056816499827307,0.22622214153757508,0.20963156518460613,0.2131530802695232,0.22755630594321624,0.21134665424105084,0.22700209466941249,0.16877413571743505,0.2103524218599056,0.20981026530392122,0.20929786072065812
0.24008926625184537,0.2184126548799857,0.24118797281923585,0.22294098748600163,0.23828087730291397,0.22134624152991772,0.23667490252678977,0.2201517932900207,0.2401375012634487,0.23901070753451273,0.2203179913855267,0.24129832141998456,0.23569331528505522,0.22415647072160072,0.2340678988714754,0.22744942572684987,0.22799472604271068,0.234228367819414,0.2243385379327771,0.23344433449788426,0.23911196471955057,0.2389919080020934,0.2227986125444771,0.22041325475397344,0.2260858658480357,0.24120124198620027,0.2399006896264431,0.22899613669910607,0.2254548137961332,0.23071834441900516,0.18552294624775995,0.22745555018867347,0.25000000000000083,0.24646577051331536,0.24744890865995903,0.22090971574012958,0.24711903865544688,0.2204984449875686,0.22224190457026533,0.24795657289485798,0.2325953729410195,0.2462942419901444,0.22828080900265008,0.18666258110819167,0.24533818534292312,0.22775275926384933,0.22876307693590386,0.2467780697065416,0.22920363893875195,0.24617666648647238,0.1851129342069348,0.228846820100758,0.22736825450684742,0.22737874691604462
0.23987429562534585,0.21818499884187512,0.24097372859025643,0.2227255016113833,0.23807017404391728,0.22112586944041962,0.236464792406028,0.21996446649637066,0.2399317334552009,0.23880246751814443,0.22010043262074067,0.24108565914297864,0.23548496596998508,0.2239392205510358,0.23385437870219927,0.22722462947517025,0.2277670452555221,0.2340150147431582,0.22410559945794623,0.23322262117831719,0.23890551690773706,0.23878256094097547,0.22259948869933383,0.22018255094707803,0.2258544159408598,0.2409902886428639,0.23968430408719796,0.22877937159522088,0.22523755924020336,0.2305150460224072,0.18532294053446427,0.2272599677509932,0.24646577051331536,0.25000000000000083,0.247241166529026,0.22071534890506433,0.24691118099377404,0.2203117404466526,0.2220507440901056,0.24774932610244135,0.23239319917957474,0.24608382326423767,0.22806794624688695,0.18647728978622616,0.24512439437543637,0.2275497991515995,0.2285618588942765,0.24656886197956887,0.2290043507955204,0.24596580655553762,0.1848993162704921,0.2286363543601274,0.22716768099448129,0.22716638303583025
0.24087975419884505,0.2192928492370662,0.2419988686539994,0.22384550857191976,0.23906587240133845,0.2222450770035755,0.23745126792465443,0.22090753031969185,0.24093091773017156,0.23979511872496978,0.22117855897409336,0.24208620850871077,0.23646834673542397,0.22501423651366276,0.23485806067577644,0.22826819230720552,0.2287803518887027,0.23500734298885276,0.2251617151549419,0.23419832835345558,0.23988244999353614,0.2397669963869286,0.22363527061531135,0.22136084280896137,0.22688303301682877,0.2420247652066433,0.24071855319713323,0.2296164915395226,0.22595001429368192,0.23143975659883748,0.18597141554722232,0.22818261068085707,0.24744890865995903,0.247241166529026,0.25000000000000105,0.2216533519041455,0.24791953182667115,0.22119014666248826,0.22295549210511495,0.24875590436666364,0.23330891669004147,0.24706071197616017,0.22891886089091534,0.18709713363139208,0.24608971026776008,0.2283079416345677,0.2294676705670893,0.2475563754664684,0.22992122825910763,0.24694704689447666,0.18545224733095467,0.22939176753755844,0.22806311754316003,0.2279054690427415
0.21460103340692058,0.19593473670877137,0.21632640353260538,0.1991902799420805,0.21321787242977625,0.19959632393698187,0.21163593212497608,0.1981407182310774,0.21450498632124299,0.21382710650426157,0.1966084233081654,0.2162677889837974,0.21077526092852114,0.2021197615857,0.20853481082166192,0.20409560848951797,0.20379020887860405,0.2092158643581008,0.201247725791162,0.2087959492214579,0.21365217521542784,0.21339092733457504,0.19994868367487778,0.19542707305988954,0.2024400183877854,0.2162342253847272,0.2152552018359666,0.20410300110131346,0.20087312012441522,0.20682141919499392,0.1650627963979116,0.20313316898022266,0.22090971574012958,0.22071534890506433,0.2216533519041455,0.25000000000000117,0.22140116684404812,0.19801246602796707,0.19860844565928304,0.22211958401038828,0.21071066772223726,0.2205487573575492,0.2038525477032921,0.1687455983226432,0.21967817325701636,0.20314739747689747,0.20453880474704783,0.2210043754945693,0.2082542599928671,0.22044959025441416,0.16521970919396087,0.20481523787697797,0.2039167404400574,0.202837055613452
0.24058731782792386,0.2189202041779261,0.24167231487828048,0.22365893744749105,0.23873599768709206,0.22189998322482207,0.2371420775881418,0.22064326836460507,0.2406196968603496,0.23947438346142574,0.22085340389651328,0.24178076885470484,0.2361371276512122,0.22470983765836425,0.23451299274183535,0.22799851501014406,0.2284590012277142,0.23467313168800694,0.22485211652163284,0.23385245768187038,0.23955313070448284,0.23943550712369308,0.22326461823028526,0.22106511712902002,0.22657739320297599,0.24170473849150834,0.2403947410286066,0.22929049975367816,0.22563838357313173,0.23116668858968326,0.18570586972979852,0.2279182610475466,0.24711903865544688,0.24691118099377404,0.24791953182667115,0.22140116684404812,0.25000000000000105,0.2210061409731271,0.22270999236350156,0.24842510503237883,0.2330160415657069,0.24672961725749679,0.22858801223045644,0.18684669884250862,0.24575605457176863,0.2280114776064972,0.22919514215192632,0.24722621959313204,0.22963377353387573,0.2466179431018044,0.18513464547967984,0.22909462920314452,0.2278121911259197,0.22758945747917314
