x1,x2,x3,x4,x5,x6,x7,x8,x9,x10,x11,x12,x13,x14,x15,x16,x17,x18,x19,x20,x21,x22,x23,x24,x25,x26,x27,x28,x29,x30,x31,x32,x33,x34,x35,x36,x37,x38,x39,x40,x41,x42,x43,x44,x45,x46,x47,x48,x49,x50,x51,x52,x53,x54,x55,x56,x57,x58,x59,x60
0.25,0.24945844495287814,0.24916772194976844,0.2497295095596602,0.24931578050257416,0.24978211966043004,0.24946723435436058,0.24977762938273937,0.24954935104076026,0.24980417957956474,0.2472493467544994,0.23161443273307752,0.19538834528001345,0.2144876312941288,0.2189623035999571,0.21196407305893883,0.22243264634693719,0.1995379619042513,0.22300656751211467,0.2491275964584235,0.24920073623076996,0.20466697951353993,0.22807162300855524,0.18913934348783204,0.2203301920066006,0.20349697833198563,0.22275681272557948,0.23570354082229814,0.2254403895414337,0.24474641311691633,0.24890764797692122,0.2105580782587693,0.2162355340399846,0.18774211790602433,0.2159006205728117,0.20749596882583166,0.22354104443225048,0.23839973171055415,0.23293242217888682,0.24655337259694737,0.24872630634990045,0.22587499465483638,0.20009864311336914,0.21501563025817172,0.22266161807401688,0.2124826131224597,0.222132284783817,0.19561489214477326,0.2254278293630996,0.2495927250559181,0.24961303765009274,0.2495213746824166,0.249445680785216,0.24972807767606822,0.24890236047498454,0.24981862393483759,0.2495526714778974,0.24975516672481174,0.24964274271222825,0.24981026231296322
0.24945844495287814,0.25,0.2489860793344135,0.24954745740261214,0.24913402995292291,0.24960002915075666,0.24928537339524884,0.24959554214646656,0.2493674302187998,0.24962207298826813,0.247069102629627,0.23144558641949267,0.19524590768910563,0.21433127037384306,0.2188026806553046,0.21180955180598343,0.22227049353152997,0.19939249925371536,0.22284399630968446,0.24894598309444674,0.24901906954809067,0.20451777782262795,0.22790535939396125,0.18900146140283036,0.22016957187488978,0.2033486295688641,0.22259442359373305,0.23553171355964836,0.2252760440891316,0.2445679936240972,0.24872619495481024,0.21040458197233336,0.2160778989031846,0.18760525439480458,0.2157432295870505,0.20734470480913542,0.22337808359754818,0.23822593893182312,0.23276261505445528,0.24637363583540917,0.2485449855253595,0.2257103323765476,0.19995277172770287,0.2148588844280274,0.22249929833882212,0.21232771385515947,0.22197035093120127,0.19547228940179567,0.2252634930671347,0.2494107726144145,0.2494310704007613,0.2493394742551481,0.24926383553859988,0.24954602656285974,0.24872091130744856,0.24963650681364422,0.2493707482353472,0.24957309586375798,0.24946075380798466,0.24962815128737026
0.24916772194976844,0.2489860793344135,0.24999999999999994,0.24925642211033106,0.2488439390857323,0.249309065577408,0.24899487014529476,0.24930464279272974,0.249076768553222,0.24933115621767737,0.24677999227594488,0.23119323824266796,0.19493435301545803,0.21409517352567223,0.21857394710222117,0.21158036275567013,0.22202837603265246,0.19915405420806184,0.22258829101690633,0.24865597693176628,0.24872923462442403,0.20428058986807274,0.22765950276055555,0.188788552771318,0.2199227307529695,0.2031263899765505,0.22233446362834283,0.2352675773453043,0.22500905562619328,0.24428356168293724,0.24843633656213648,0.21015930266608515,0.21583012199533658,0.18738036963235047,0.21550229869881993,0.20709695697062402,0.22311850037255426,0.23794921623510734,0.23249365228294025,0.24608599730504813,0.24825527582401266,0.2254424238630769,0.19971351112033606,0.21460426417556147,0.2222359238012827,0.21207321596427786,0.22170369465965942,0.1952368728069476,0.22499697319125056,0.24912009768503682,0.24914035611537355,0.24904888990429658,0.24897342786317095,0.24925520149287494,0.24843113676967155,0.24934557629432927,0.24908010873637365,0.24928223924439652,0.24917001884024675,0.2493372305056873
0.2497295095596602,0.24954745740261214,0.24925642211033106,0.25000000000000006,0.24940474948983749,0.24987124494841245,0.2495562520929678,0.24986675530691294,0.24963839605783145,0.24989331534990403,0.24733753950898635,0.23169728245233637,0.19545555069885345,0.2145641540964022,0.219040862059402,0.21203955535095523,0.22251241749285627,0.19960909753384604,0.22308622600340525,0.24921649390986922,0.24928966778394615,0.20474017923726018,0.22815318656595218,0.1892072938113448,0.2204089485053793,0.2035701150938033,0.22283621859370453,0.23578786143647865,0.22552076089119608,0.2448337522074182,0.24899646161960348,0.21063332694952133,0.21631255631277677,0.18780914736286264,0.21597756356580194,0.20756996885277626,0.22362076221425767,0.23848481370976576,0.23301559060177218,0.24664132530831112,0.2488150540601941,0.2259553567865467,0.2001700337046598,0.2150920483188045,0.22274105338694333,0.21255808029482007,0.22221135858420546,0.1956845428943817,0.22550820058084506,0.24968178413399636,0.24970210491270267,0.2496104095869352,0.24953469088408073,0.2498171863369081,0.24899117517020755,0.24990776490462885,0.24964171687459596,0.2498442850516333,0.24973182074067976,0.24989940029913707
0.24931578050257416,0.24913402995292291,0.2488439390857323,0.24940474948983749,0.25000000000000006,0.24945726696903028,0.24914287946434244,0.24945278662705744,0.24922473586641924,0.24947931326341827,0.24692680096888134,0.23134210193889454,0.19509423479433338,0.2142224890482243,0.21862466453563636,0.21171140057354504,0.2221501110202939,0.19926500037218395,0.2227190045937555,0.24880363989322643,0.24887671442152529,0.20442374193134188,0.22780962024399298,0.18889397001800504,0.2200581223062043,0.20322784895254975,0.22247173913525456,0.23540708708715932,0.22514201718800408,0.24442961795801452,0.24858416948424655,0.21027920891964258,0.2159711911832732,0.18748601448146937,0.21564962666091048,0.2072165570969634,0.22325313191335167,0.23809103785370372,0.23263061680428992,0.24623278371443857,0.2484028875202221,0.22558389164832313,0.19982562884950664,0.2147455631211468,0.22236432166667258,0.2122102108688481,0.22183613799102586,0.19535111973729963,0.2251297682827318,0.24926818292490033,0.24928839010123258,0.24919687784657193,0.24912138363271524,0.2494033120287275,0.2485788189048041,0.24949374053041323,0.24922812365207198,0.24943036584436412,0.2493180773372552,0.24948538978258009
0.24978211966043004,0.24960002915075666,0.249309065577408,0.24987124494841245,0.24945726696903028,0.25000000000000017,0.2496088237446027,0.2499193948348563,0.24969098616863902,0.24994595998848596,0.24738967672529427,0.23174604655492945,0.1954980237056781,0.21460964554791442,0.21908675685527937,0.21208464352356043,0.222558923641031,0.19965123902882054,0.22313314798258374,0.24926899365301922,0.24934217440684425,0.20478321317374823,0.2282012193628664,0.18924676092554776,0.22045536002909563,0.2036124934211659,0.2228833005416365,0.23583735111626514,0.22556834613603885,0.2448853363910695,0.2490489219467938,0.21067760482398526,0.21635834244765006,0.18784871272792192,0.2160232553964376,0.20761375777702534,0.22366792208877845,0.23853504669278142,0.23306462225024172,0.24669330915305912,0.24886747501062498,0.22600322755548705,0.20021218791211123,0.21513775706002106,0.22278797805623354,0.21260325999736476,0.22225835686709064,0.19572589512775218,0.22555576922397144,0.24973438566994263,0.24975470953048634,0.24966299459709335,0.24958725823681702,0.24986981490839175,0.2490436293735787,0.24996041255815535,0.24969430911669743,0.24989691933195726,0.24978443149226173,0.24995204619050634
0.24946723435436058,0.24928537339524884,0.24899487014529476,0.2495562520929678,0.24914287946434244,0.2496088237446027,0.24999999999999994,0.24960430811603665,0.24937627589215539,0.24963087167818584,0.24707738922513736,0.23144217763347455,0.19526605268432976,0.21434398171742508,0.21883402679721803,0.21184181134541863,0.22225931200053287,0.19938217074586304,0.22285340211965185,0.24895482432767563,0.24902781065056187,0.20453417959710846,0.22793311498453206,0.18901050857804028,0.22018559256271458,0.20336221818119324,0.22260373262375657,0.23554862851966982,0.22527749518645362,0.2445769281580849,0.24873505828359324,0.21040257369146953,0.21610383453381674,0.18759043260560251,0.21577862806329273,0.20733808310516785,0.22339070104790637,0.23823569370651557,0.23277307068588224,0.24638253632494797,0.2485538361682511,0.22572010830963843,0.1999464127536087,0.21487193675064345,0.22249913387596987,0.2123387306107421,0.22197161316714198,0.19547138998264366,0.2252666353085001,0.24941961394339396,0.24943982982753835,0.24934825946720143,0.2492726607596513,0.24955481905393959,0.24872982299118368,0.2496453024889953,0.2493795349979279,0.24958188930400568,0.24946953418887355,0.24963694666827332
0.24977762938273937,0.24959554214646656,0.24930464279272974,0.24986675530691294,0.24945278662705744,0.2499193948348563,0.24960430811603665,0.25000000000000006,0.2496864929330728,0.24994146685407514,0.24738521995464066,0.23174154629265825,0.19549403158241685,0.21460620868317737,0.2190836284592631,0.21208130433545413,0.22255347837634795,0.19964762417302725,0.22312920928135957,0.2492645170161402,0.24933770140365327,0.20478039148348773,0.22819728224188102,0.18924442325800978,0.220451512528539,0.20360973605921098,0.22287920013064305,0.23583338230249304,0.2255641912174217,0.24488092963035013,0.24904444009315818,0.21067386957621545,0.21635429109212514,0.187845182252371,0.21601925127658397,0.20760987981924997,0.22366388615143556,0.23853077950304302,0.23306050999580652,0.24668884824438214,0.24886299762562886,0.22599886251625026,0.20020854926042234,0.21513345907248624,0.22278394016000266,0.21259900078027577,0.222254128226363,0.1957221978139925,0.2255516272191564,0.2497298947994672,0.2497502193106116,0.24965850646091614,0.24958277348321584,0.24986532305424483,0.24903915334287505,0.2499559190753332,0.24968981972030418,0.24989242699054345,0.24977994095596656,0.24994755285808398
0.24954935104076026,0.2493674302187998,0.249076768553222,0.24963839605783145,0.24922473586641924,0.24969098616863902,0.24937627589215539,0.2496864929330728,0.25,0.24971303852731214,0.24715929854888646,0.23152368808745655,0.19532948051926413,0.2143941475094828,0.21887161914773604,0.2118760786733411,0.22236358017468347,0.19945170113591673,0.2229156833871022,0.24903663479280153,0.2491097171183708,0.20458412002088647,0.22797907604543452,0.1890621436403135,0.22024010513916423,0.2034134677128001,0.22267073058118245,0.23561501690821043,0.22535726228955513,0.2446560987234931,0.2488166843242214,0.2104790017265136,0.21615369007278332,0.1876700479159842,0.21581959131545483,0.207418158135304,0.2234604516317365,0.23831269677251782,0.23284799380901167,0.24646340056028268,0.24863557472765271,0.22579114193184016,0.20002591682486687,0.21493210345247968,0.22258056113140273,0.21240290726987737,0.22205105678310913,0.19554454748457917,0.22534558292100426,0.24950165504512598,0.2495219681607852,0.24943033698820447,0.24935463478952719,0.24963696456648413,0.24881154113148765,0.24972747778971144,0.24946162590635632,0.24966404373195722,0.24955166142491694,0.24971911921857415
0.24980417957956474,0.24962207298826813,0.24933115621767737,0.24989331534990403,0.24947931326341827,0.24994595998848596,0.24963087167818584,0.24994146685407514,0.24971303852731214,0.25000000000000006,0.24741152670883773,0.23176637237918593,0.19551646533468,0.21462836376113656,0.21910598671467002,0.21210314502738556,0.22257852631704458,0.1996688505250508,0.2231528435745501,0.24929100742759616,0.24936419480926011,0.20480120425184276,0.22822122844595963,0.189263381088814,0.22047471822394477,0.20363043944099568,0.22290293478910375,0.23585814140618167,0.2255882663499423,0.24490695094219925,0.24907091503892528,0.21069618522259495,0.21637738806789772,0.18786526312389049,0.2160422548648231,0.20763207462015565,0.2236876769442237,0.23855610589637535,0.23308520831764842,0.24671509639272232,0.24888945435319668,0.22602316846491785,0.20022989111322198,0.21515668922283,0.22280766737185242,0.2126220096112149,0.22227799656035677,0.1957432072463144,0.22557569680637912,0.24975644126163288,0.2497767670947219,0.24968504399549485,0.24960930038324144,0.24989188257246978,0.2490656237799327,0.24998248822352095,0.2497163613509231,0.24991898938981413,0.2498064916403953,0.24997412111698264
0.2472493467544994,0.247069102629627,0.24677999227594488,0.24733753950898635,0.24692680096888134,0.24738967672529427,0.24707738922513736,0.24738521995464066,0.24715929854888646,0.24741152670883773,0.24999999999999975,0.2292100326764518,0.1934432340675984,0.21236345641592813,0.21677174518383702,0.20989018914987986,0.220270174993037,0.19762780318497836,0.22086513410249753,0.24674071556372423,0.24681268990916308,0.20255975388158712,0.22583926877756078,0.18721020257695045,0.218168929387281,0.20147006016544156,0.22060839376544508,0.23341472172021135,0.22328179722939978,0.24239682785471325,0.24652312891464684,0.20851428252982693,0.21416841411612136,0.1859125298587563,0.2138344657214144,0.20549628751849777,0.22140942550384024,0.23611322431680992,0.23069864305557466,0.24419439134133927,0.2463444734971937,0.2237304282190795,0.19818088934128741,0.21296641627879073,0.22052946030747703,0.21047602340763683,0.22002273703406316,0.19376040488978857,0.22327450818415423,0.24720222516284787,0.2472222523513806,0.24713142960729892,0.2470560695134209,0.24733615277751964,0.2465182817021411,0.2474258317748796,0.24716251995990787,0.2473629823641594,0.2472516558845479,0.24741755024166223
0.23161443273307752,0.23144558641949267,0.23119323824266796,0.23169728245233637,0.23134210193889454,0.23174604655492945,0.23144217763347455,0.23174154629265825,0.23152368808745655,0.23176637237918593,0.2292100326764518,0.24999999999999972,0.17733074575096516,0.19979466342369434,0.2017211233589257,0.19696755497496127,0.20664661577277108,0.185143515888532,0.20701922190245026,0.2311201862519442,0.2311696502561331,0.1866807368139307,0.21238259682765132,0.17177699009010075,0.20417869774550823,0.1862740124548473,0.20673936347770028,0.2182521104438047,0.20905665251911174,0.2270376542020285,0.23094770041916038,0.19434580580496177,0.2022115784082012,0.17294820161749513,0.20243640512245945,0.1919407143532111,0.2079854300878165,0.22117421964635248,0.21604265816518387,0.2288641365481488,0.23078784499813854,0.21073523792833668,0.18496564007151123,0.20108885200450005,0.20620198861721006,0.19888321765558067,0.20653572198630743,0.1817548744595597,0.2091596089372179,0.23157890913462062,0.23158884781443115,0.23150397215098037,0.23142660385901756,0.23169574969678883,0.23093560655518328,0.2317797576517091,0.23153602150542515,0.2317208824678069,0.23161684517149903,0.2317719998036253
0.19538834528001345,0.19524590768910563,0.19493435301545803,0.19545555069885345,0.19509423479433338,0.1954980237056781,0.19526605268432976,0.19549403158241685,0.19532948051926413,0.19551646533468,0.1934432340675984,0.17733074575096516,0.24999999999999964,0.160213277131215,0.16919182753008344,0.16315300443216033,0.17404407376838132,0.15608363540491593,0.1747472102047343,0.19498052802345497,0.19505273133689083,0.15837634896767253,0.17707904735614607,0.1452130292788349,0.17122088509655778,0.15944561702584492,0.17369878843945002,0.18423284700546383,0.1763442463100803,0.19139001930484947,0.1947866639891793,0.16446439472890179,0.16853374782648708,0.14622676958834038,0.16822561825579782,0.16198267886729573,0.17503328646357028,0.18650793862878015,0.18242834101247546,0.19296308707532434,0.1946748883889368,0.17642081135043036,0.1567831625306293,0.16724271543820102,0.17436961265421755,0.16578348545420019,0.17382527963569153,0.15330807702370666,0.1764449611981075,0.19534935946752746,0.19536728197718647,0.19529516140900277,0.1952299676280688,0.19545694353331847,0.19480879739491117,0.19552781224436944,0.19532025017874619,0.1954781456073741,0.19539028834888472,0.19552126777893394
0.2144876312941288,0.21433127037384306,0.21409517352567223,0.2145641540964022,0.2142224890482243,0.21460964554791442,0.21434398171742508,0.21460620868317737,0.2143941475094828,0.21462836376113656,0.21236345641592813,0.19979466342369434,0.160213277131215,0.24999999999999975,0.18380835714108196,0.18055689496088406,0.19160962776819698,0.1702940926641579,0.19194466269666183,0.2140085731425216,0.21403609859362277,0.1716365624135666,0.1959643202867666,0.15404873140047728,0.18746550119367983,0.1704586684892546,0.19133615829108333,0.20186326662913975,0.19332198392857544,0.21001159745083894,0.21384981081963259,0.1780427322111943,0.18911347795319666,0.15723448063019613,0.19007117321235617,0.17616855467509912,0.19349889851602878,0.204650803334581,0.20023872684213048,0.2120742945300347,0.21375544334263763,0.19619985779046967,0.1702887889120299,0.18706638820169677,0.19035117855037992,0.18579772739943212,0.19148651939995387,0.1686573235883378,0.19351282036798115,0.21446544309476198,0.21446300704022234,0.2143853387970753,0.2142998400735255,0.21456293553041572,0.2138700451264639,0.21464073121195962,0.21441941011195334,0.21458620942752954,0.21448997623807545,0.21463354701852025
0.2189623035999571,0.2188026806553046,0.21857394710222117,0.219040862059402,0.21862466453563636,0.21908675685527937,0.21883402679721803,0.2190836284592631,0.21887161914773604,0.21910598671467002,0.21677174518383702,0.2017211233589257,0.16919182753008344,0.18380835714108196,0.2499999999999997,0.18127888666450695,0.19507218318570055,0.17475014826132157,0.1961992178833467,0.21850753253161684,0.21858411836003055,0.1808836893052871,0.19932873124419578,0.16473988913897827,0.1924683751611108,0.177861857044334,0.19482288415125967,0.20671674210687738,0.19756212972117373,0.2145840158954299,0.2182965449410151,0.18461454132360652,0.18856515344587865,0.1643585893871397,0.1883692166653206,0.18168063469682827,0.19580136208315502,0.20905759510292657,0.2043298505354824,0.21621364184895914,0.21815515566021035,0.19752003654860306,0.17561186800581852,0.18748227814374377,0.19537853520754522,0.18549901042026168,0.19459737563380164,0.17148292371154264,0.19768165196045137,0.21891703570904858,0.21893829345873658,0.21885787697804188,0.21879053709166138,0.21903917836794018,0.21831297423425272,0.21911859750730298,0.21888466915409366,0.21906293852305406,0.2189642359773148,0.21911126343951273
0.21196407305893883,0.21180955180598343,0.21158036275567013,0.21203955535095523,0.21171140057354504,0.21208464352356043,0.21184181134541863,0.21208130433545413,0.2118760786733411,0.21210314502738556,0.20989018914987986,0.19696755497496127,0.16315300443216033,0.18055689496088406,0.18127888666450695,0.24999999999999964,0.1847550794778775,0.16830093143541644,0.189789447094767,0.21149732489145287,0.21151509681496042,0.1690454019148254,0.19340131777044298,0.1528847006715267,0.18580246759129962,0.16612999433077366,0.18986847844577595,0.19900315964581652,0.1913896359057537,0.20776969557187,0.2113799095895141,0.17689306616312378,0.18745538668126435,0.1572929662147979,0.1879288537798247,0.17521999360067209,0.19052972535219284,0.20240177562345693,0.19762560028241194,0.20957815376804476,0.21123028435135066,0.19424489420814245,0.16857437702468459,0.18615802856610725,0.18832784676033998,0.18412613014698792,0.18961542517609467,0.16673282265385958,0.1914795811649984,0.21194143889009195,0.21194067974234185,0.21186298405636722,0.21178437608642228,0.2120384911728159,0.21134862674780475,0.21211537167582947,0.2118956690413672,0.2120614914250188,0.21196666311214207,0.2121082720091473
0.22243264634693719,0.22227049353152997,0.22202837603265246,0.22251241749285627,0.2221501110202939,0.222558923641031,0.22225931200053287,0.22255347837634795,0.22236358017468347,0.22257852631704458,0.220270174993037,0.20664661577277108,0.17404407376838132,0.19160962776819698,0.19507218318570055,0.1847550794778775,0.24999999999999964,0.1723872041481068,0.19884638965977905,0.2219615451650325,0.22202574978569156,0.1814645507111697,0.20339061372732856,0.16672037262451495,0.19614176923149756,0.17877434273423978,0.1983322926922641,0.2096106083924441,0.20078460183822344,0.21810313207347012,0.2217927611498545,0.18744215206737613,0.19345108562236496,0.16744804054752918,0.19330160158315812,0.18494225666784905,0.1991995825557943,0.2124171901367319,0.20739719784575153,0.21972604087656733,0.2216246047148162,0.2018592631745684,0.17806473219341987,0.1925051450239782,0.19828229462360736,0.19013629288311992,0.1981621590624516,0.17438442191444792,0.20091088474868632,0.22239337456288563,0.22240835709114593,0.2223265646929789,0.2222577653777691,0.22251073958566064,0.22177612196247315,0.22259141736374918,0.2223553296389265,0.2225348762035299,0.22243485519511036,0.22258396705724662
0.1995379619042513,0.19939249925371536,0.19915405420806184,0.19960909753384604,0.19926500037218395,0.19965123902882054,0.19938217074586304,0.19964762417302725,0.19945170113591673,0.1996688505250508,0.19762780318497836,0.185143515888532,0.15608363540491593,0.1702940926641579,0.17475014826132157,0.16830093143541644,0.1723872041481068,0.2499999999999996,0.1729556804706377,0.19909584501239908,0.19914447608335692,0.1610670168271901,0.18135244721735205,0.148756158508774,0.1748115973566979,0.1606661606111197,0.17783574837244268,0.1858166701566351,0.18015718296008262,0.19556503050917307,0.19895188048458434,0.167928495858462,0.17265635530373524,0.1497206325385453,0.1721883637053655,0.16587526335075506,0.17883962914778198,0.19056126253845831,0.18613826511654866,0.19712805186805715,0.19881553597118717,0.18101422680399581,0.15995609585205237,0.1724471498726539,0.17803114905620837,0.17064838627339776,0.17807342869742046,0.15678823011219556,0.18038472395874303,0.19950270350684765,0.1995171655355401,0.19944279898644235,0.19937507243502783,0.1996080170205324,0.19894534051829593,0.1996803908382428,0.1994697424511587,0.19962966938019655,0.19954035747442797,0.19967370738327564
0.22300656751211467,0.22284399630968446,0.22258829101690633,0.22308622600340525,0.2227190045937555,0.22313314798258374,0.22285340211965185,0.22312920928135957,0.2229156833871022,0.2231528435745501,0.22086513410249753,0.20701922190245026,0.1747472102047343,0.19194466269666183,0.1961992178833467,0.189789447094767,0.19884638965977905,0.1729556804706377,0.24999999999999964,0.22252637490864527,0.2226128666514319,0.18246058179643004,0.20350673210807607,0.16853432256701234,0.1964859308142431,0.1811699560822418,0.19862965515862196,0.2101963319601424,0.2012466399432553,0.2185715305724972,0.22234833398035025,0.1877868151121012,0.1935301099632957,0.16732535438624443,0.1932655126855424,0.18518901786781022,0.19991324906544014,0.21293601543573015,0.20812131026075967,0.22027885969594982,0.22219706409774595,0.20203104725324916,0.17859786798851768,0.19225589211702526,0.19880859499921613,0.19017573646636243,0.19853280986773705,0.17487598786251227,0.20136630752148882,0.22296613980882127,0.22298206322856512,0.22290021213060518,0.2228291180614879,0.22308486225444923,0.22234888502485345,0.22316574819012805,0.22292919100719472,0.223109061132499,0.22300871552868537,0.22315827866042778
0.2491275964584235,0.24894598309444674,0.24865597693176628,0.24921649390986922,0.24880363989322643,0.24926899365301922,0.24895482432767563,0.2492645170161402,0.24903663479280153,0.24929100742759616,0.24674071556372423,0.2311201862519442,0.19498052802345497,0.2140085731425216,0.21850753253161684,0.21149732489145287,0.2219615451650325,0.19909584501239908,0.22252637490864527,0.24999999999999964,0.2486889322890518,0.2042287073535569,0.22761686454611013,0.1887499020086136,0.21989794766772788,0.2031193640591016,0.22231852557745377,0.2352290245805048,0.2249796850973193,0.24424925361898583,0.24839673678439853,0.2101446120714279,0.2157814461935051,0.18738038913298347,0.21544983438994728,0.20707587131282748,0.22306543341803353,0.2379122251506894,0.23245131017678236,0.2460446801775321,0.24821486590470104,0.22539502698348335,0.19969042553703753,0.2145672279525875,0.22220620465710547,0.21202162771444566,0.22166347114591098,0.1951973958268776,0.22496211656780532,0.24907985677159897,0.24910023848616175,0.24900878354988912,0.24893357009013983,0.2492150619113731,0.24839102385236034,0.24930542216165705,0.2490399333443791,0.2492420953132027,0.24912988854688328,0.24929707771701096
0.24920073623076996,0.24901906954809067,0.24872923462442403,0.24928966778394615,0.24887671442152529,0.24934217440684425,0.24902781065056187,0.24933770140365327,0.2491097171183708,0.24936419480926011,0.24681268990916308,0.2311696502561331,0.19505273133689083,0.21403609859362277,0.21858411836003055,0.21151509681496042,0.22202574978569156,0.19914447608335692,0.2226128666514319,0.2486889322890518,0.24999999999999972,0.20420141270378436,0.2276352358603806,0.18878822550114788,0.21987367116731152,0.20311135625578117,0.2223159944629008,0.2352857840926678,0.22501905262061603,0.24430454646306848,0.24846788113128007,0.21011999891480407,0.21588531314051707,0.187291559937372,0.21557940356553498,0.2070616393007808,0.2231762832088024,0.2379760656538309,0.2325336547969626,0.24612147961721728,0.2482890509898983,0.22548338238994836,0.19970918745788863,0.2146180314380995,0.22224752714174398,0.21212101139291825,0.22173183688815673,0.1952702404918583,0.22501918356517603,0.24915333156969946,0.249173336172274,0.2490818884407832,0.24900592816268344,0.24928822737241005,0.2484643530924863,0.24937861414075724,0.2491132333577549,0.24931526869454818,0.24920303351520673,0.24937026724627195
0.20466697951353993,0.20451777782262795,0.20428058986807274,0.20474017923726018,0.20442374193134188,0.20478321317374823,0.20453417959710846,0.20478039148348773,0.20458412002088647,0.20480120425184276,0.20255975388158712,0.1866807368139307,0.15837634896767253,0.1716365624135666,0.1808836893052871,0.1690454019148254,0.1814645507111697,0.1610670168271901,0.18246058179643004,0.2042287073535569,0.20420141270378436,0.24999999999999978,0.18307172081710352,0.1553628440084192,0.177532754381265,0.16770303995824556,0.18033411704014973,0.19308404771770094,0.18406195376162834,0.20014821834551602,0.2039828499898888,0.17043124904129747,0.1762981579995448,0.1498499105619301,0.1769005774683991,0.16803675322188996,0.18403139709543218,0.19526465235966686,0.19146312761392742,0.20213935352524565,0.20393480517000787,0.1843246017490678,0.16337730710734255,0.17368338682556753,0.18212388352850284,0.17309830312869523,0.18152042549071257,0.16041618573573468,0.1844298954189076,0.2046285506372896,0.20464318830534858,0.2045693705815985,0.20449248218025687,0.20473883561748493,0.20406958648358395,0.20481306951042846,0.20459732896278587,0.20476104419486008,0.20466854006193352,0.2048062142581935
0.22807162300855524,0.22790535939396125,0.22765950276055555,0.22815318656595218,0.22780962024399298,0.2282012193628664,0.22793311498453206,0.22819728224188102,0.22797907604543452,0.22822122844595963,0.22583926877756078,0.21238259682765132,0.17707904735614607,0.1959643202867666,0.19932873124419578,0.19340131777044298,0.20339061372732856,0.18135244721735205,0.20350673210807607,0.22761686454611013,0.2276352358603806,0.18307172081710352,0.24999999999999978,0.1675425334844859,0.20194897261253855,0.1848386596735137,0.20361383688935536,0.21535252542311628,0.20562689789257874,0.2236808319293937,0.22743943878407052,0.19112205142184271,0.19477191393407592,0.17058703056401664,0.20406802269896193,0.19016634089026158,0.20634909636014628,0.2180457384611577,0.2126984823774091,0.2253403380217044,0.22725054015480234,0.20733001317495606,0.18182154910954232,0.1979781704093621,0.20287345138028218,0.1958857596567664,0.20320222464002896,0.17863302925329402,0.20588425086078366,0.22803644819315627,0.22804565621423664,0.22796285213386927,0.22789368279757055,0.22815169619722797,0.22740577236062895,0.22823441909355668,0.2279931064567625,0.22817644448530017,0.2280736712396547,0.22822677990913595
0.18913934348783204,0.18900146140283036,0.188788552771318,0.1892072938113448,0.18889397001800504,0.18924676092554776,0.18901050857804028,0.18924442325800978,0.1890621436403135,0.189263381088814,0.18721020257695045,0.17177699009010075,0.1452130292788349,0.15404873140047728,0.16473988913897827,0.1528847006715267,0.16672037262451495,0.148756158508774,0.16853432256701234,0.1887499020086136,0.18878822550114788,0.1553628440084192,0.1675425334844859,0.2499999999999997,0.15984440555377727,0.15785363225270335,0.164166329754874,0.17835580443185003,0.16923412237762936,0.1846152239261094,0.18845294738162144,0.15673891518463387,0.16184841091126076,0.13552761387405937,0.16247592977223294,0.15346328698721223,0.17164836836330552,0.18065383896130321,0.17740937575744312,0.1867856149888531,0.1884678766355824,0.16943799371090143,0.15059927147031255,0.15846319582384522,0.1681112307390536,0.15895595318586786,0.16738808281325088,0.14827773873330338,0.1702308990051558,0.18910256329044645,0.18911672749495878,0.18904913988145322,0.18897004379494697,0.18920574809158033,0.18859089917139474,0.18927434995633544,0.1890760798033534,0.18922627163508318,0.18914060472892213,0.18926801479698627
0.2203301920066006,0.22016957187488978,0.2199227307529695,0.2204089485053793,0.2200581223062043,0.22045536002909563,0.22018559256271458,0.220451512528539,0.22024010513916423,0.22047471822394477,0.218168929387281,0.20417869774550823,0.17122088509655778,0.18746550119367983,0.1924683751611108,0.18580246759129962,0.19614176923149756,0.1748115973566979,0.1964859308142431,0.21989794766772788,0.21987367116731152,0.177532754381265,0.20194897261253855,0.15984440555377727,0.24999999999999975,0.1742232219498736,0.19607764287369717,0.20763046962953866,0.19861270223870217,0.2163470000255934,0.2197946451314626,0.18589145471304072,0.19994381455332477,0.1653995992691239,0.18687606890812528,0.18377506533217122,0.20158436350953715,0.21083485559123263,0.20541462461922907,0.21775532388976065,0.21954181085854924,0.2017585284354389,0.17553831792364355,0.19413850535599053,0.19587870426428092,0.19101747283661297,0.19671360834628515,0.17252796694041728,0.1989488792312133,0.22030264452923531,0.2203047165326466,0.2202251132493542,0.2201672922452128,0.22040754737571733,0.21969131518119045,0.22048746230890462,0.22025437238697884,0.22043145552442675,0.2203321453857123,0.22048008241929248
0.20349697833198563,0.2033486295688641,0.2031263899765505,0.2035701150938033,0.20322784895254975,0.2036124934211659,0.20336221818119324,0.20360973605921098,0.2034134677128001,0.20363043944099568,0.20147006016544156,0.1862740124548473,0.15944561702584492,0.1704586684892546,0.177861857044334,0.16612999433077366,0.17877434273423978,0.1606661606111197,0.1811699560822418,0.2031193640591016,0.20311135625578117,0.16770303995824556,0.1848386596735137,0.15785363225270335,0.1742232219498736,0.24999999999999978,0.17666361528919525,0.19168852464675878,0.18204484413527344,0.19890674051706383,0.20284568132139413,0.17049708836278293,0.17877975351790126,0.14999997403423948,0.1772668357792009,0.16737443128339702,0.1831515593876819,0.1944932952922034,0.19064549752393267,0.2010244883944313,0.20277046313682442,0.18368239757014285,0.16203009752492673,0.17341887871004613,0.18091495915517872,0.1729309166815567,0.18083671605979967,0.15964071345924655,0.18348847503657206,0.2034612588351101,0.20347387157980237,0.2033999273194428,0.20332065349572373,0.20356842363490257,0.20290269513095985,0.20364223318875366,0.20342894096420497,0.20359050526655487,0.2034988334855985,0.2036354171259875
0.22275681272557948,0.22259442359373305,0.22233446362834283,0.22283621859370453,0.22247173913525456,0.2228833005416365,0.22260373262375657,0.22287920013064305,0.22267073058118245,0.22290293478910375,0.22060839376544508,0.20673936347770028,0.17369878843945002,0.19133615829108333,0.19482288415125967,0.18986847844577595,0.1983322926922641,0.17783574837244268,0.19862965515862196,0.22231852557745377,0.2223159944629008,0.18033411704014973,0.20361383688935536,0.164166329754874,0.19607764287369717,0.17666361528919525,0.24999999999999978,0.208862427176766,0.20091804802412427,0.21858100323903662,0.22213776978519315,0.18806345020672013,0.19693555228095572,0.16998563983445902,0.198602296690213,0.1851432840246916,0.19685767773300947,0.2125493275437333,0.2076083286982519,0.22004394733135468,0.22194558080002041,0.20247416284886613,0.17795456561464934,0.19409525345393586,0.19835707436639854,0.19092645877439,0.19819781508510187,0.1743407345212152,0.20107337884518067,0.2227186784535294,0.22273160870291414,0.22265057656592718,0.22258554255855675,0.22283501987910037,0.2221030229131594,0.22291581513190395,0.22267884154736156,0.222859191557172,0.22275871092749397,0.22290835396595704
0.23570354082229814,0.23553171355964836,0.2352675773453043,0.23578786143647865,0.23540708708715932,0.23583735111626514,0.23554862851966982,0.23583338230249304,0.23561501690821043,0.23585814140618167,0.23341472172021135,0.2182521104438047,0.18423284700546383,0.20186326662913975,0.20671674210687738,0.19900315964581652,0.2096106083924441,0.1858166701566351,0.2101963319601424,0.2352290245805048,0.2352857840926678,0.19308404771770094,0.21535252542311628,0.17835580443185003,0.20763046962953866,0.19168852464675878,0.208862427176766,0.2499999999999999,0.2116033780032465,0.231019091143558,0.2350072072096438,0.1989735944074681,0.20455685885349634,0.17816281829467237,0.20408350439522302,0.1962019344570694,0.21061515473948617,0.22512083961098703,0.21995514262362853,0.232758487068908,0.23483699336262026,0.21296845936631298,0.18866236027111852,0.2025100791174511,0.21009191156443174,0.20016401680273263,0.2094242514677311,0.18449381061902573,0.21271901741883237,0.2356570245853694,0.23567706644862216,0.23559113010164168,0.23552136208479196,0.23578629331213657,0.2350082245186412,0.23587178452020735,0.23562001499982904,0.23581186998710255,0.23570544136777508,0.23586388970905223
0.2254403895414337,0.2252760440891316,0.22500905562619328,0.22552076089119608,0.22514201718800408,0.22556834613603885,0.22527749518645362,0.2255641912174217,0.22535726228955513,0.2255882663499423,0.22328179722939978,0.20905665251911174,0.1763442463100803,0.19332198392857544,0.19756212972117373,0.1913896359057537,0.20078460183822344,0.18015718296008262,0.2012466399432553,0.2249796850973193,0.22501905262061603,0.18406195376162834,0.20562689789257874,0.16923412237762936,0.19861270223870217,0.18204484413527344,0.20091804802412427,0.2116033780032465,0.24999999999999972,0.22057224873209516,0.224792917852084,0.19054670983435856,0.19459364066019957,0.1704862265943547,0.19428931139113037,0.18789372400543322,0.20184643831755364,0.21536232334029062,0.20887524464493346,0.2226010306186268,0.2246072063396558,0.2038823007209676,0.18062992287019827,0.19432739890290082,0.20108255530709968,0.19187347786085449,0.20080514353845516,0.17676553948868534,0.2037473871155181,0.22539491068186418,0.22541647166585146,0.22533287344608569,0.22526761269527731,0.22551953863386076,0.22476754586187975,0.22560130746494736,0.22536026720727995,0.22554400181568424,0.22544265165498173,0.22559375641647678
0.24474641311691633,0.2445679936240972,0.24428356168293724,0.2448337522074182,0.24442961795801452,0.2448853363910695,0.2445769281580849,0.24488092963035013,0.2446560987234931,0.24490695094219925,0.24239682785471325,0.2270376542020285,0.19139001930484947,0.21001159745083894,0.2145840158954299,0.20776969557187,0.21810313207347012,0.19556503050917307,0.2185715305724972,0.24424925361898583,0.24430454646306848,0.20014821834551602,0.2236808319293937,0.1846152239261094,0.2163470000255934,0.19890674051706383,0.21858100323903662,0.231019091143558,0.22057224873209516,0.24999999999999975,0.24403706672655118,0.2067661075108175,0.21195490642538348,0.18479694830098523,0.2115709228705233,0.20377146805350585,0.21885428017084887,0.23377510273922883,0.228283705204192,0.24169487467237538,0.2438439534848015,0.22131557554399495,0.19627207744737413,0.21083192702620018,0.2183633889774469,0.2080967864167208,0.2176959550233965,0.19164646459286022,0.22101981776282206,0.24469798344317858,0.24471952134501979,0.244629689677022,0.24455942216592505,0.24483234036503257,0.24402167747257678,0.2449211115592243,0.2446593876026455,0.24485889840668515,0.24474858570759805,0.24491291386078948
0.24890764797692122,0.24872619495481024,0.24843633656213648,0.24899646161960348,0.24858416948424655,0.2490489219467938,0.24873505828359324,0.24904444009315818,0.2488166843242214,0.24907091503892528,0.24652312891464684,0.23094770041916038,0.1947866639891793,0.21384981081963259,0.2182965449410151,0.2113799095895141,0.2217927611498545,0.19895188048458434,0.22234833398035025,0.24839673678439853,0.24846788113128007,0.2039828499898888,0.22743943878407052,0.18845294738162144,0.2197946451314626,0.20284568132139413,0.22213776978519315,0.2350072072096438,0.224792917852084,0.24403706672655118,0.24999999999999994,0.20982416874108892,0.21563429831795486,0.18716647272247888,0.21522631938680103,0.2068751680608438,0.22282486255656442,0.23770610483635307,0.23222412293314837,0.24582418392303906,0.24799539890964592,0.22515524280645977,0.19948399910693987,0.21430035940318576,0.2219970548295361,0.21176946455182938,0.22143277721347468,0.19499718384246992,0.2247503866366342,0.24885975562149554,0.24888025003010975,0.24878893997111354,0.248713854527941,0.24899503621366173,0.24817182389193007,0.2490853166823915,0.24881998156701135,0.24902204574352663,0.24890990817144246,0.24907697960477262
0.2105580782587693,0.21040458197233336,0.21015930266608515,0.21063332694952133,0.21027920891964258,0.21067760482398526,0.21040257369146953,0.21067386957621545,0.2104790017265136,0.21069618522259495,0.20851428252982693,0.19434580580496177,0.16446439472890179,0.1780427322111943,0.18461454132360652,0.17689306616312378,0.18744215206737613,0.167928495858462,0.1877868151121012,0.2101446120714279,0.21011999891480407,0.17043124904129747,0.19112205142184271,0.15673891518463387,0.18589145471304072,0.17049708836278293,0.18806345020672013,0.1989735944074681,0.19054670983435856,0.2067661075108175,0.20982416874108892,0.25000000000000006,0.17715453887323196,0.15855497032089785,0.17819760191274464,0.1747557374613665,0.18593444317709718,0.2012089203940066,0.1958072559582136,0.20768328031585817,0.20975368177072887,0.1868727672042426,0.16827709419705666,0.1771771923001368,0.18747628570854322,0.1746275758602671,0.18557520839162295,0.16317193480576805,0.18969632166949268,0.2105005775882873,0.21053324254368333,0.21045765975291608,0.2104108054307146,0.21063200236224025,0.2099322909890505,0.21070837328481823,0.21047772409899665,0.21065485069723874,0.21055875436477692,0.21070132071209932
0.2162355340399846,0.2160778989031846,0.21583012199533658,0.21631255631277677,0.2159711911832732,0.21635834244765006,0.21610383453381674,0.21635429109212514,0.21615369007278332,0.21637738806789772,0.21416841411612136,0.2022115784082012,0.16853374782648708,0.18911347795319666,0.18856515344587865,0.18745538668126435,0.19345108562236496,0.17265635530373524,0.1935301099632957,0.2157814461935051,0.21588531314051707,0.1762981579995448,0.19477191393407592,0.16184841091126076,0.19994381455332477,0.17877975351790126,0.19693555228095572,0.20455685885349634,0.19459364066019957,0.21195490642538348,0.21563429831795486,0.17715453887323196,0.2499999999999999,0.15434232623270422,0.18929026810936367,0.17605120449909478,0.19344871569490607,0.2062582075563067,0.20191350882958672,0.21364244012168054,0.21549493158762925,0.1957140479183581,0.17138037204247483,0.18502119532788228,0.19163139169726168,0.1844808224888217,0.19146639942079482,0.16928130226265858,0.19440657220263405,0.21620614018185313,0.2162075769610269,0.2161324080986926,0.2160492236648481,0.2163114521837415,0.2156233125178514,0.2163898816032465,0.21616442112798562,0.21633491546699427,0.21623654310198362,0.21638263886089273
