x1,x2,x3,x4,x5,x6,x7,x8,x9,x10,x11,x12,x13,x14,x15,x16,x17,x18,x19,x20,x21,x22,x23,x24,x25,x26,x27,x28,x29,x30,x31,x32,x33,x34,x35,x36,x37,x38,x39,x40,x41,x42,x43,x44,x45,x46,x47,x48,x49,x50,x51,x52,x53,x54,x55,x56,x57,x58,x59,x60
0.25000000000000006,0.17727548844705365,-0.002142802189639689,0.15366289003347966,0.07320894169253314,0.12357761404619717,0.09568726585217283,0.13016483359156267,0.10091371382369682,0.2473620023687836,-0.2153958796397324,0.12004360467933413,-0.20105349821937324,0.1774494508574488,-0.22904497116578018,0.23043110680763004,-0.24266086824584568,0.23339573085891738,-0.23794439591171,0.23609970605527636,-0.02433073358475412,-0.09282216861928189,-0.08449854197466786,-0.15423562788161244,0.02263093446077751,-0.2300387342506322,0.17025424499940198,-0.2345563216002629,0.23170240799879524,-0.23260462593604211,0.20280646714993886,-0.2450614536397517,0.13535836162393003,-0.19622234939594277,0.029288043757637067,-0.1303578675670945,-0.1295105900128348,-0.017612704027382024,-0.2258092914164402,0.13195850901100084,-0.24210972009083145,0.23682968245906216,-0.2366318174702448,0.19742091647578652,-0.1958132948780727,0.1434089388173501,-0.1482523542951235,0.058151495244419385,-0.13241219258018244,0.030652734444284346,0.24708584431141775,0.1720163665160846,-0.03199494893043493,0.1977412449678721,-0.00195938979939904,0.17665357385394673,-0.005106593352205854,0.15827973479736693,0.014733668731931552,0.24336748234167752
0.17727548844705365,0.25000000000000006,-0.0695935162524983,0.12700078763644884,0.038044236514085505,0.08955130146667502,0.058106892860273304,0.09282018720805958,0.07952013251119164,0.17978201115437728,-0.15174969761825605,0.07578447014448182,-0.13224075136788355,0.11935530471892228,-0.16061057486494243,0.16265289254661575,-0.17581071244823118,0.1708212320520481,-0.17449860396769834,0.17324484130940104,-0.024972491104499103,-0.056933548200464305,-0.06601213488046084,-0.10459265630653797,0.01130038250200456,-0.16488715544338298,0.12384130461295496,-0.17219353004000648,0.17014363689373121,-0.17079112701626628,0.14914580922120163,-0.1782383107936461,0.1018044738289737,-0.14385761565849087,0.025309627675003943,-0.09643727728758911,-0.09419295855167635,-0.013333725777865093,-0.16580476736866273,0.09690981945516043,-0.17605982008275556,0.17230275363368835,-0.17217936360171288,0.14440909263785984,-0.14325316293313006,0.10571782787763981,-0.10914711017916733,0.042970852479711434,-0.09724291845722365,0.022372398509384318,0.17957688985677858,0.12508314222563516,-0.023222065404230684,0.14351011594963006,-0.0007730996903182417,0.12803055035305544,-0.002702848320526058,0.11460522479442815,0.011579246569500695,0.1768549713021633
-0.002142802189639689,-0.0695935162524983,0.25000000000000017,-0.09640588086076661,0.06084585166605932,-0.0010454168792090157,0.027553248132392332,0.021437752159438533,-0.03798500882729155,-0.0024855994717115147,-0.004417624222204709,0.03342648101116993,-0.044280840624297255,0.03080331280935765,-0.016657425337407033,0.013598466935306093,-6.606149258987781e-5,-0.004382889683641593,0.005934935834314583,-0.006101718068107378,0.02197526381311469,-0.03108278313757541,0.014117628643366987,-0.02368084955760149,0.01621447861110566,-0.005101650804986743,-0.0006152908072136743,0.006257592868741249,-0.006330181789266293,0.006305575928078177,-0.007001874014812022,0.002789408635879594,-0.011042210248859286,0.005718861258213627,-0.01298705122996124,0.007228877634721792,0.00021825137455537793,0.002595787762895228,0.006123956948417183,-0.003335159113778331,0.002750419955126503,-0.0029588836230703794,0.003024104205738485,-0.0049906612266330695,0.005027836289624329,-0.006563773393733964,0.006292247744328459,-0.0034232432701218297,0.004874139745317314,-0.0012660864261906093,-0.0024760595115593726,-0.0019697619879184346,0.0002588788033660422,-0.0013724669458856859,-0.002019474643997718,-0.0006542552302750254,-0.003273964117933064,-0.00020982483423788277,-0.0030575789695128806,-0.0023775809677142397
0.15366289003347966,0.12700078763644884,-0.09640588086076661,0.2500000000000001,-0.02238296857012824,0.08678286176686932,0.0439423278972626,0.07412492979494886,0.08472175040271683,0.15576985212652572,-0.12811740796971702,0.055297149058383156,-0.10805242067515455,0.09860006687801601,-0.13650653710102983,0.138428452548782,-0.15156941882659347,0.1467720205602415,-0.15023133061028654,0.14910904925548513,-0.027951619760309174,-0.038993018064081994,-0.06137570934621725,-0.08646745437431905,0.007005730214661452,-0.1416745726602388,0.10472825621114398,-0.14818317341613613,0.14640307737052655,-0.14696077662230617,0.13020935683071505,-0.1544371933467572,0.09081987423591457,-0.12613975741590047,0.023984053588138925,-0.08591190324224542,-0.0790317155838752,-0.013896831312126408,-0.14260075473161093,0.08271228806793793,-0.15271278220308895,0.14959056902238185,-0.14951673617762534,0.12667386179839019,-0.1256816789513956,0.09383968251285423,-0.09672192198748601,0.039468639270229366,-0.08624131276710664,0.020987853818971502,0.15559637601291332,0.1085939813960505,-0.020207129980895185,0.12419378362608063,0.00012859622353680693,0.11062622627094475,-0.001074632732408487,0.09882986285618185,0.011359757119257644,0.15321902102871607
0.07320894169253314,0.038044236514085505,0.06084585166605932,-0.02238296857012824,0.2500000000000002,-0.050054355241658084,0.06839902735899898,0.014737656819732246,0.015026430035740184,0.07151670714214849,-0.07502029689354997,0.07100561619085342,-0.09411502740476754,0.0807346732133252,-0.0907144539426241,0.08754477560946579,-0.07398349419892021,0.0677253704056592,-0.06694537457351869,0.06629533252040234,0.01571014558916839,-0.0611985174245965,-0.008907702051281845,-0.07087104538530516,0.024417254821915903,-0.07648853931348894,0.054058739645229746,-0.06572836934940071,0.06479455828936634,-0.06509464065480947,0.0539042310942879,-0.070585652313121,0.028294625223562016,-0.052000582436807455,-0.005427647671387302,-0.02975030878674063,-0.04158897270657478,-0.0002455759483064562,-0.06324618766190072,0.03785154994532773,-0.06955448798933331,0.0676624076811325,-0.0675117645396927,0.05286430499560303,-0.05233259933841499,0.03445471597429582,-0.036250875271269765,0.011726285620981753,-0.03298216171629255,0.006164566265073173,0.07144585065747913,0.04929740464841864,-0.009211517402840203,0.05785892239389935,-0.003157555105590554,0.05238579365845869,-0.005789858036848915,0.04748688824393751,0.0002566581427029715,0.07044482494064233
0.12357761404619717,0.08955130146667502,-0.0010454168792090157,0.08678286176686932,-0.050054355241658084,0.24999999999999994,-0.025053956031005655,0.09254200086297339,0.056909309677603236,0.12602054858255216,-0.10034998423900961,0.03863287386548512,-0.08176728366264074,0.07377482196249027,-0.10680717829798113,0.10841982109302431,-0.12133764703440511,0.11624706812689234,-0.11943336118233192,0.11846553952087106,-0.025328628268108822,-0.026342776351235903,-0.05122834042630175,-0.06487733680454748,0.0030784913728108083,-0.11311548968557714,0.08139393546342079,-0.11767954647216947,0.1162713532001288,-0.11670991694021274,0.10540427122460543,-0.12485655844728588,0.07410139139642943,-0.10287520501376408,0.021201726618805816,-0.07182547041406523,-0.06084068637853615,-0.013606824364434039,-0.11319848319054307,0.06492162003685562,-0.12366917460732241,0.12124221009439497,-0.1212081706607856,0.10362373253407751,-0.10284556563754946,0.07795950577000443,-0.08018520025918845,0.034102907022704736,-0.07152888365382928,0.01874810786184137,0.1258793125442643,0.08803820268552098,-0.016439244838488364,0.10039959174889065,0.000644598473603837,0.08928278181293624,0.000192358704334622,0.07959015373001381,0.010291892992346301,0.12394245987453173
0.09568726585217283,0.058106892860273304,0.027553248132392332,0.0439423278972626,0.06839902735899898,-0.025053956031005655,0.2500000000000002,-0.013002156803826876,0.03083065846019121,0.0955627957520653,-0.08745702229476036,0.05759900905552523,-0.09441383624757124,0.07801215818500119,-0.0970714965771925,0.09836718290583718,-0.10031373999600644,0.09765948263215794,-0.0968833866633365,0.09625971834403858,-0.006326126345586311,-0.04308828015646317,-0.03363205798741031,-0.06483525892419137,0.009592205213094345,-0.09199323274964487,0.0711953648510973,-0.09570784656408036,0.0945674389266694,-0.09493248107848955,0.07874045028704557,-0.09491419298769409,0.05394834909518171,-0.07538841892651943,0.011220128214426627,-0.047672105436327696,-0.05445992047353107,-0.0037676861773400963,-0.09224716681815598,0.055265533599413295,-0.09339524742384264,0.09125136872088613,-0.09114741450499525,0.07506063975880367,-0.07440620196777321,0.05308179742784827,-0.05507743766965498,0.019788647993995753,-0.04909300787705037,0.009066969758010782,0.0954468994894743,0.06620403261260259,-0.012199108421104004,0.07637735207722167,-0.0012108303033939627,0.06836255762938982,-0.003015940916855378,0.06143566186498256,0.004562798848500095,0.09401861712644866
0.13016483359156267,0.09282018720805958,0.021437752159438533,0.07412492979494886,0.014737656819732246,0.09254200086297339,-0.013002156803826876,0.24999999999999975,-0.015518273084419503,0.13263909659463383,-0.10485393839451024,0.04562432205841902,-0.09658941676918005,0.08684154303133244,-0.11793393547050915,0.11875262379641915,-0.12789280999851127,0.11996047325883127,-0.12320703359624177,0.12215672414622124,-0.021383553551032244,-0.03466016253698288,-0.04915935647413067,-0.07658715296972085,0.009349255760445005,-0.12140524210423184,0.08522690386356756,-0.12127203952020546,0.1197505179885037,-0.12022374409223584,0.10942319425808507,-0.1312278411783624,0.07428054573943013,-0.10709493470677996,0.017387215489294217,-0.07398665958814775,-0.06367802189296894,-0.014014934147988378,-0.11656974683765957,0.06655034337072281,-0.13007330008946283,0.12745444366220252,-0.12740174452699868,0.10831534942690325,-0.10747947077512394,0.08070118002301097,-0.0831387563039011,0.03537141107275224,-0.07445808647416381,0.020003267619628874,0.13247994243994624,0.09262812111079918,-0.01736238208357803,0.1058765728910529,8.787700162647712e-5,0.0943352376898776,-0.0007643338920965553,0.08419459727984652,0.010034574270258478,0.13046190420720177
0.10091371382369682,0.07952013251119164,-0.03798500882729155,0.08472175040271683,0.015026430035740184,0.056909309677603236,0.03083065846019121,-0.015518273084419503,0.24999999999999986,0.10108028389941043,-0.09603860047441366,0.07193392253347049,-0.093652412332458,0.08450104999644682,-0.09590439597219397,0.09749504585969439,-0.10124284300832152,0.10857786116738097,-0.11047011504812843,0.10994493803984343,-0.0003192478250318431,-0.05970872094576697,-0.03032016996005314,-0.07284614078053413,0.012023700899604377,-0.09513160582951277,0.08576122955765744,-0.10951908923703753,0.10832375316508151,-0.10871966459363734,0.08392482759708444,-0.1007505387902411,0.05517590128904767,-0.07688762102680163,0.011057496647883353,-0.044242997414669034,-0.06870778594706257,0.004449814310195137,-0.1058844790183947,0.06586555850265374,-0.09839712844478365,0.09578910274483987,-0.09559416144209595,0.07546011367452052,-0.07473470580383913,0.05024049831502287,-0.052558566610979074,0.013363235952651065,-0.04617054139294968,0.003295500308114487,0.10098602663879593,0.06935491319668491,-0.012507670905148835,0.08095337060145769,-0.002951440678117273,0.07279359058817038,-0.006144889779811848,0.06597179324919689,0.001400228081891042,0.0995087978236559
0.2473620023687836,0.17978201115437728,-0.0024855994717115147,0.15576985212652572,0.07151670714214849,0.12602054858255216,0.0955627957520653,0.13263909659463383,0.10108028389941043,0.24999999999999992,-0.21333314501383852,0.11791838052219154,-0.20185668544768115,0.17822431415951073,-0.2306046529086376,0.23214250005115772,-0.24514246910231652,0.23585638143645657,-0.240411551768135,0.23856299640238887,-0.02658100875089968,-0.0906903888192784,-0.08681655648539811,-0.15477731487274912,0.021988887339356836,-0.23200283575756572,0.1715668948506126,-0.23701382331148046,0.23412677472839222,-0.2350382997996151,0.20524180267468606,-0.2475444933823699,0.13772467628562304,-0.19865329608305815,0.030266974630197792,-0.13222209320823744,-0.13038399173033288,-0.018276781131230345,-0.22815620986616983,0.13322930495963686,-0.24458497210878286,0.23928716982605924,-0.23909594547737106,0.19981518598253226,-0.19819172675264823,0.14539556913248705,-0.15026793978947187,0.0592247807840396,-0.13421780288599253,0.03124804381748451,0.24956778537107271,0.17379359910307565,-0.03233023050488526,0.19967495712805422,-0.0017501790804723032,0.17833452074619513,-0.004824761983784759,0.15973774533741042,0.01522252293824572,0.24580646375986226
-0.2153958796397324,-0.15174969761825605,-0.004417624222204709,-0.12811740796971702,-0.07502029689354997,-0.10034998423900961,-0.08745702229476036,-0.10485393839451024,-0.09603860047441366,-0.21333314501383852,0.24999999999999994,-0.15445961943125866,0.18828977754322843,-0.1670390253911536,0.20433432834415965,-0.2043681135690466,0.2097739418603976,-0.20003026926745499,0.20389920031575734,-0.2020787630983413,-0.009829979600514266,0.12704659769041415,0.05032207332372217,0.14701157641654014,-0.03210908721230347,0.20199573908002613,-0.15245526261592238,0.20059752375317616,-0.19821992423521043,0.19899017132418606,-0.16877110397140463,0.21103032161336882,-0.10126165665001294,0.16220496333131962,-0.01531332734201306,0.10422869610718695,0.11820311705349261,0.007778490586135792,0.19342211493004977,-0.1145066267688118,0.20816291735931602,-0.20307269694558117,0.20277130325203943,-0.16402180412120035,0.1626371310868654,-0.1155309455212791,0.11998825978520114,-0.04273980905803174,0.10702721335298115,-0.0221418972666526,-0.21311258470720462,-0.14761267034330802,0.027381128398004904,-0.17134718594693812,0.005158710190028744,-0.15376406655582545,0.009395785799619832,-0.13849853373317528,-0.007563215088666524,-0.20998991367008693
0.12004360467933413,0.07578447014448182,0.03342648101116993,0.055297149058383156,0.07100561619085342,0.03863287386548512,0.05759900905552523,0.04562432205841902,0.07193392253347049,0.11791838052219154,-0.15445961943125866,0.2499999999999999,-0.16605136449203858,0.14776695171040638,-0.13730867187571172,0.1335378145872629,-0.11959034982270307,0.1076353371566084,-0.10847972743789105,0.10673221309845186,0.10499438362604721,-0.22205445966255882,0.04505532017310962,-0.13320207855010696,0.06176722675480257,-0.12424251239796158,0.10296627992529579,-0.10541481887798876,0.10431256242965073,-0.10472942890896442,0.07346962436867842,-0.11561499710685305,0.005964736113843108,-0.0669520428883896,-0.02615341802491752,-0.03013708408794616,-0.08689441397738579,0.019978298988926238,-0.1025629929527461,0.06552050364760678,-0.1129799839331127,0.10842566467104021,-0.10783321185265933,0.07042883511948969,-0.06964329564601654,0.0368616275078017,-0.040306716140738434,-0.0006650002474717451,-0.03566539335938786,-0.0017694925142296104,0.11785263728935251,0.07920422094042744,-0.014470349336500746,0.09736502002737725,-0.014156361985728711,0.08967648918174233,-0.021706832156258238,0.08314120449454264,-0.01271172750001119,0.11640497517901255
-0.20105349821937324,-0.13224075136788355,-0.044280840624297255,-0.10805242067515455,-0.09411502740476754,-0.08176728366264074,-0.09441383624757124,-0.09658941676918005,-0.093652412332458,-0.20185668544768115,0.18828977754322843,-0.16605136449203858,0.25000000000000006,-0.22135339773936547,0.22123864906973945,-0.21743354745448826,0.20352755878455503,-0.19144048225943142,0.19241987851763778,-0.19060820114918145,-0.02109524400559043,0.13820318991905403,0.03887667723706105,0.18868909460330624,-0.058321765574132566,0.20216463761792017,-0.15034337094360098,0.18905405940853298,-0.186423507447058,0.1872641482266349,-0.15737554002028387,0.19955403633539787,-0.08978679550904575,0.15070645219555368,0.006669860486466848,0.08859765161249805,0.11747166451478014,0.0025185476173704563,0.18187391380190057,-0.10831271990094254,0.19665238475046634,-0.19158164402685085,0.19122296613823414,-0.1523438387919187,0.15085392402647788,-0.1015947123955266,0.10645225513462651,-0.03544090516903608,0.0963178371848998,-0.01843338533319427,-0.20165922016680313,-0.1394250755110362,0.02598703820298079,-0.16274407812144903,0.006898003979591465,-0.14689817564175203,0.013479527245341738,-0.13284749193931705,-0.0033228662542951946,-0.19878132640458798
0.1774494508574488,0.11935530471892228,0.03080331280935765,0.09860006687801601,0.0807346732133252,0.07377482196249027,0.07801215818500119,0.08684154303133244,0.08450104999644682,0.17822431415951073,-0.1670390253911536,0.14776695171040638,-0.22135339773936547,0.2499999999999998,-0.19761706949290553,0.19382029042551505,-0.17989704965201792,0.16784032477933855,-0.16878663086398793,0.16699278908635468,0.020916756326797823,-0.12493477584312138,-0.015252235490323786,-0.2167030101686591,0.08430847007326574,-0.18233967307695403,0.14481626707329556,-0.1654112841934604,0.16274246591116912,-0.16359479842544508,0.13887778854389987,-0.1759207581372563,0.06615937684904297,-0.12707082615996956,-0.03192208896524344,-0.06431887891880037,-0.11754141477284988,0.00926506263264791,-0.15879879407074404,0.09529703901452523,-0.17301932600661593,0.16804014440197318,-0.16758900471668256,0.12876022327717618,-0.1272580465430249,0.07802378353932342,-0.08303749458420703,0.020203180829172756,-0.07590870490944766,0.010862177928449318,0.17806860272985506,0.122427114298148,-0.022832353663235907,0.14454907161172353,-0.009451602511122386,0.13159634373669957,-0.018778534244492995,0.12000619241087965,-0.003688820408170029,0.17564369543098107
-0.22904497116578018,-0.16061057486494243,-0.016657425337407033,-0.13650653710102983,-0.0907144539426241,-0.10680717829798113,-0.0970714965771925,-0.11793393547050915,-0.09590439597219397,-0.2306046529086376,0.20433432834415965,-0.13730867187571172,0.22123864906973945,-0.19761706949290553,0.2499999999999998,-0.24615881217984042,0.23227180919711593,-0.2201451508393601,0.22116784906880566,-0.2193337749507904,0.007373246102703748,0.10988676470911604,0.06753257664847638,0.17107380950483608,-0.03821822815083428,0.22906366048623963,-0.16502310395731615,0.2177764402780036,-0.21495659172022785,0.21584928115956312,-0.18602795409257092,0.2283008461882308,-0.11845959213446702,0.17940442720229322,-0.013991092745424434,0.11413112159973005,0.12467326293718776,0.012237482652280371,0.20954605873197757,-0.12333882756278729,0.22535825873556542,-0.2201462211814951,0.2198856426284679,-0.1807292236492614,0.17914468792975263,-0.12744234223787446,0.13236069522649624,-0.04980299353507328,0.1189139047871833,-0.026039205804572682,-0.2303579947864866,-0.16002243992725537,0.029806522158883318,-0.18490500380103986,0.003906445606537011,-0.16582034964404005,0.008530406023268003,-0.14904186975061925,-0.01033823713460015,-0.2269544475472608
0.23043110680763004,0.16265289254661575,0.013598466935306093,0.138428452548782,0.08754477560946579,0.10841982109302431,0.09836718290583718,0.11875262379641915,0.09749504585969439,0.23214250005115772,-0.2043681135690466,0.1335378145872629,-0.21743354745448826,0.19382029042551505,-0.24615881217984042,0.24999999999999994,-0.23589602124464312,0.2237705060853924,-0.2246613603186147,0.22289382584995823,-0.01096100712082676,-0.10621175480792319,-0.0710343253038477,-0.1675421428313313,0.03485412894828977,-0.2305260207331473,0.16766865623609772,-0.22139405521451275,0.21857350257125577,-0.2194678525095394,0.1883750834408682,-0.22995800736157768,0.12172312577510079,-0.1812809777788169,0.016965010539380675,-0.11552185078204653,-0.12654724601954134,-0.011985190259422606,-0.21308544759393547,0.12570018345538242,-0.22689475130149167,0.22167602869041467,-0.2214208781670515,0.18225519593705147,-0.18066486415056288,0.12881795658283213,-0.13372644644953285,0.05000689471341563,-0.11992383890075635,0.02568887823141709,0.23189291511617077,0.1610741145397918,-0.029946380986301813,0.18600101239365818,-0.0036102833630690537,0.16670897121165185,-0.008127641492524165,0.14981008033896995,0.010737304764765832,0.22845540789655877
-0.24266086824584568,-0.17581071244823118,-6.606149258987781e-5,-0.15156941882659347,-0.07398349419892021,-0.12133764703440511,-0.10031373999600644,-0.12789280999851127,-0.10124284300832152,-0.24514246910231652,0.2097739418603976,-0.11959034982270307,0.20352755878455503,-0.17989704965201792,0.23227180919711593,-0.23589602124464312,0.2499999999999998,-0.23782347570310833,0.23868812895242592,-0.23694528839016565,0.024863586247172095,0.09234820667105152,0.08497986181386774,0.15603514570519242,-0.02315831002837057,0.23018112621598205,-0.17213605987661101,0.23547818605158002,-0.23261123249893417,0.23351883625016182,-0.20175713247073573,0.24301961683830822,-0.13556727607025792,0.1944262425130875,-0.028709465753214484,0.1276436234438156,0.1310026495420444,0.015719453572538372,0.22673055513539703,-0.13323554378226232,0.2398799798211016,-0.2346004199221217,0.2343912970309501,-0.1951153317501633,0.19349669507448036,-0.14085762813069366,0.14573688040539406,-0.056106857694948595,0.1301270961874665,-0.028799567494149452,-0.2448702759893795,-0.17035017908686595,0.03162100393491206,-0.1959434456912412,0.0021163919561395478,-0.1751197798273644,0.005605660763869896,-0.15700443303230183,-0.014019045633695229,-0.2411888411312093
0.23339573085891738,0.1708212320520481,-0.004382889683641593,0.1467720205602415,0.0677253704056592,0.11624706812689234,0.09765948263215794,0.11996047325883127,0.10857786116738097,0.23585638143645657,-0.20003026926745499,0.1076353371566084,-0.19144048225943142,0.16784032477933855,-0.2201451508393601,0.2237705060853924,-0.23782347570310833,0.24999999999999956,-0.24541893517373609,0.24587018973073768,-0.03596243346198955,-0.08041144670047667,-0.0952131069017215,-0.14418892572343048,0.01152176375679756,-0.21961612047114465,0.1827436808183078,-0.24687294857373043,0.2440788518975664,-0.24497715853614843,0.2006313109359774,-0.2349260756783169,0.14347569330861243,-0.18849422092765614,0.03770216038793576,-0.11844864073873392,-0.14164175939993146,-0.005761122198879634,-0.23815756283380024,0.14414703091947473,-0.23059896332489244,0.22536096809330144,-0.22511709756397008,0.18589286646355974,-0.1842698893823393,0.13166067196467288,-0.13649748231760744,0.04634837595104464,-0.12071024610142243,0.018777224073367113,0.23559680415545137,0.16322271416118433,-0.029795940494598647,0.18798850220742291,-0.00195551245259912,0.16798105411841643,-0.006315082635061364,0.15097465843025648,0.01179475262780873,0.23203437061887133
-0.23794439591171,-0.17449860396769834,0.005934935834314583,-0.15023133061028654,-0.06694537457351869,-0.11943336118233192,-0.0968833866633365,-0.12320703359624177,-0.11047011504812843,-0.240411551768135,0.20389920031575734,-0.10847972743789105,0.19241987851763778,-0.16878663086398793,0.22116784906880566,-0.2246613603186147,0.23868812895242592,-0.24541893517373609,0.24999999999999964,-0.2480253657973855,0.035510069421232075,0.0812440139533851,0.09494065510280766,0.14533244683286894,-0.012509799771688637,0.2225646307041741,-0.18111165511388444,0.2465010591790353,-0.2436810543424452,0.2445843046755985,-0.20319197808831188,0.23919497976816387,-0.1438140423653404,0.19219735884417996,-0.037405969746385916,0.1227494775747918,0.1399191494090493,0.0087769854033319,0.23770249013994546,-0.14275981359860648,0.2351463936143777,-0.22988378582895472,0.229655545210372,-0.1903651040105654,0.18873757978982747,-0.13595490559577683,0.14080034524416787,-0.04973510993378537,0.1247469767009444,-0.021755490750306507,-0.24014566693437395,-0.16659161912404122,0.030536259158263652,-0.1916886227059202,0.001758109512977146,-0.17121861831085336,0.00574371840022897,-0.153733123914795,-0.012869468779538613,-0.2365121242595012
0.23609970605527636,0.17324484130940104,-0.006101718068107378,0.14910904925548513,0.06629533252040234,0.11846553952087106,0.09625971834403858,0.12215672414622124,0.10994493803984343,0.23856299640238887,-0.2020787630983413,0.10673221309845186,-0.19060820114918145,0.16699278908635468,-0.2193337749507904,0.22289382584995823,-0.23694528839016565,0.24587018973073768,-0.2480253657973855,0.24999999999999964,-0.03689833322949324,-0.07952274979021526,-0.09619976092110347,-0.14355815191813462,0.01083161980458155,-0.2207293271813318,0.18265607162287667,-0.24798432773059217,0.24517746927486717,-0.2460785037507897,0.2026360903517448,-0.2375329301377419,0.1446956107292816,-0.19089428174148795,0.03864138040723302,-0.12098289976539145,-0.14149391877916592,-0.0070936113054345905,-0.23920215975866868,0.14433032595071735,-0.23330086681378043,0.22804840428578252,-0.22781378472069003,0.18855085250346018,-0.18692386494256913,0.1341838064117104,-0.13902082603112068,0.04802193003911859,-0.12297940380406346,0.02006404574417576,0.23829933167947703,0.16519324888658618,-0.030196372115460945,0.19013294987311496,-0.0017588958897759373,0.16983232423994915,-0.005902405070668956,0.15255636942644826,0.012443546732525098,0.23469113689716412
-0.02433073358475412,-0.024972491104499103,0.02197526381311469,-0.027951619760309174,0.01571014558916839,-0.025328628268108822,-0.006326126345586311,-0.021383553551032244,-0.0003192478250318431,-0.02658100875089968,-0.009829979600514266,0.10499438362604721,-0.02109524400559043,0.020916756326797823,0.007373246102703748,-0.01096100712082676,0.024863586247172095,-0.03596243346198955,0.035510069421232075,-0.03689833322949324,0.24999999999999978,-0.13263539646965097,0.06218141148158664,-0.020818292414860683,0.03430482170101832,0.0127669827766769,0.0008452619403709902,0.03806475429517231,-0.0374053770522259,0.03759147974883353,-0.07109165517510584,0.027764404878946658,-0.041787090104159215,0.032775138048144685,-0.026170734330874766,0.026426891603584603,-0.00581303864653266,0.016339646748313844,0.03607672300890005,-0.024839609833722548,0.02681394384169163,-0.026983846805930436,0.027152391887412215,-0.03008675324406897,0.029942939818070138,-0.027779533448112192,0.027838521749454437,-0.018245366866457433,0.024547374055181072,-0.0032215965630257026,-0.026513602593650563,-0.01936170925126252,0.003454226218446367,-0.0196519374161811,-0.005204520135157014,-0.01630740590754238,-0.007802180047512307,-0.013285879088450732,-0.010133093084642648,-0.025945981891539287
-0.09282216861928189,-0.056933548200464305,-0.03108278313757541,-0.038993018064081994,-0.0611985174245965,-0.026342776351235903,-0.04308828015646317,-0.03466016253698288,-0.05970872094576697,-0.0906903888192784,0.12704659769041415,-0.22205445966255882,0.13820318991905403,-0.12493477584312138,0.10988676470911604,-0.10621175480792319,0.09234820667105152,-0.08041144670047667,0.0812440139533851,-0.07952274979021526,-0.13263539646965097,0.24999999999999944,-0.07240993833200357,0.11557193522016933,-0.06302616339074135,0.09914082505245454,-0.08801636785921295,0.07827460989368008,-0.07766589438639077,0.07794592585689344,-0.04616208459792527,0.08838006296458345,0.021314391070475423,0.03973850702848508,0.03263159844113442,0.011079090044895394,0.07735060783327188,-0.027496441373973602,0.07682464796730991,-0.051597931293098136,0.085828775921151,-0.08143854703241893,0.0807693150719535,-0.04381184237434098,0.04325350350594581,-0.015777126010251902,0.01876655674507769,0.012551717362165291,0.01589548226601577,0.008368996726547541,-0.09066225736675541,-0.05965852383558419,0.010730264133084014,-0.07615522257578307,0.01652530829745898,-0.07111860476637077,0.024422139350491236,-0.06703417358560851,0.017976220601592298,-0.08967950069095457
-0.08449854197466786,-0.06601213488046084,0.014117628643366987,-0.06137570934621725,-0.008907702051281845,-0.05122834042630175,-0.03363205798741031,-0.04915935647413067,-0.03032016996005314,-0.08681655648539811,0.05032207332372217,0.04505532017310962,0.03887667723706105,-0.015252235490323786,0.06753257664847638,-0.0710343253038477,0.08497986181386774,-0.0952131069017215,0.09494065510280766,-0.09619976092110347,0.06218141148158664,-0.07240993833200357,0.24999999999999964,-0.008331161014611689,0.07037757777955989,0.06968773119056276,-0.03655503837005915,0.0972847140444203,-0.09519450520123562,0.0956723855886019,-0.08524389454124179,0.0891882284932375,-0.19863114377278873,0.13750946471981043,-0.08947922225031534,0.11926534663721132,0.009387374946265827,0.06804456239655163,0.09040580171659861,-0.033238825407071716,0.0912431791549941,-0.09458585700324473,0.09577124168591745,-0.12988077102558027,0.12911788976396332,-0.125437127273879,0.12483661688144172,-0.08753762180707128,0.11372620919979164,-0.05678159555926315,-0.08662872895429997,-0.06773484536414869,0.013588891982033039,-0.062004990612931125,-0.032613537872448195,-0.04922364764896033,-0.043864225453390374,-0.03774231599423816,-0.052389340163971905,-0.08457274399388987
-0.15423562788161244,-0.10459265630653797,-0.02368084955760149,-0.08646745437431905,-0.07087104538530516,-0.06487733680454748,-0.06483525892419137,-0.07658715296972085,-0.07284614078053413,-0.15477731487274912,0.14701157641654014,-0.13320207855010696,0.18868909460330624,-0.2167030101686591,0.17107380950483608,-0.1675421428313313,0.15603514570519242,-0.14418892572343048,0.14533244683286894,-0.14355815191813462,-0.020818292414860683,0.11557193522016933,-0.008331161014611689,0.24999999999999947,-0.11559461450846474,0.1619643353420643,-0.1390984343489841,0.14193368684335606,-0.1391206746116338,0.14001418099556284,-0.12136651458319433,0.15246501720764502,-0.04261100933505922,0.1035576975597694,0.06157795089500704,0.03838273637662627,0.11796339445496391,-0.021385665860860773,0.13574397111653475,-0.08243255820452494,0.1495444628676174,-0.1446406058756661,0.14409091647127656,-0.10520187256918206,0.10364050130425047,-0.05338964623869456,0.05869982893665667,-0.004510597420946008,0.05504504489302835,-0.002983117908853675,-0.15465788141744974,-0.10556189736816227,0.01974001724814784,-0.12657147106680908,0.012183281685206321,-0.1166399585048869,0.024750075280899342,-0.1075285182164257,0.011137604650807882,-0.15269402159565343
0.02263093446077751,0.01130038250200456,0.01621447861110566,0.007005730214661452,0.024417254821915903,0.0030784913728108083,0.009592205213094345,0.009349255760445005,0.012023700899604377,0.021988887339356836,-0.03210908721230347,0.06176722675480257,-0.058321765574132566,0.08430847007326574,-0.03821822815083428,0.03485412894828977,-0.02315831002837057,0.01152176375679756,-0.012509799771688637,0.01083161980458155,0.03430482170101832,-0.06302616339074135,0.07037757777955989,-0.11559461450846474,0.24999999999999978,-0.03992622388673015,0.06419847448529771,-0.009101787802883822,0.0062776514660806085,-0.007172890916736806,0.017778755518106024,-0.019632542300748186,-0.05564681956576127,0.02925022113334819,-0.19550090170879758,0.09483020657523036,-0.07508014301872167,0.06317171699752813,-0.005824944051375341,0.0032434655716757025,-0.01674421024494163,0.012378376262191283,-0.011320164987250306,-0.027116320816425645,0.028621664100832687,-0.07623914003461003,0.06994527523779989,-0.06307915688059011,0.05022891080786982,-0.028947298058011654,0.022057331183915074,0.010549507151812257,-0.003001949083353799,0.02498220321719399,-0.02851924935560452,0.031597605399887096,-0.053220469156804534,0.03405272811769976,-0.04539978321234081,0.022595498297931272
-0.2300387342506322,-0.16488715544338298,-0.005101650804986743,-0.1416745726602388,-0.07648853931348894,-0.11311548968557714,-0.09199323274964487,-0.12140524210423184,-0.09513160582951277,-0.23200283575756572,0.20199573908002613,-0.12424251239796158,0.20216463761792017,-0.18233967307695403,0.22906366048623963,-0.2305260207331473,0.23018112621598205,-0.21961612047114465,0.2225646307041741,-0.2207293271813318,0.0127669827766769,0.09914082505245454,0.06968773119056276,0.1619643353420643,-0.03992622388673015,0.24999999999999953,-0.18432923886881644,0.21916553662763835,-0.21627799531800582,0.21719032058049162,-0.18738171176135687,0.22969690265156908,-0.11983276475994209,0.18078409060767728,-0.012352309945272501,0.11433024449516735,0.14021628126497043,0.0047253756751334565,0.2107607733539882,-0.12200602654851796,0.22673821584790324,-0.22150955600488234,0.22124886486609346,-0.18198344105979106,0.18035779544875355,-0.12771964136934424,0.13260918329940047,-0.044704403086891234,0.11797827263866817,-0.02559267963517362,-0.23175378404504834,-0.16087228289246744,0.029870247524742644,-0.185817166031548,0.003389726586372446,-0.16658406249252938,0.008700642794847877,-0.15005704443108775,-0.00944257248831623,-0.22833672957097761
0.17025424499940198,0.12384130461295496,-0.0006152908072136743,0.10472825621114398,0.054058739645229746,0.08139393546342079,0.0711953648510973,0.08522690386356756,0.08576122955765744,0.1715668948506126,-0.15245526261592238,0.10296627992529579,-0.15034337094360098,0.14481626707329556,-0.16502310395731615,0.16766865623609772,-0.17213605987661101,0.1827436808183078,-0.18111165511388444,0.18265607162287667,0.0008452619403709902,-0.08801636785921295,-0.03655503837005915,-0.1390984343489841,0.06419847448529771,-0.18432923886881644,0.24999999999999967,-0.18453930872622462,0.18391893957044675,-0.18481837752141608,0.13682018163380139,-0.1707035521741569,0.08050578337227221,-0.12454039013798833,-0.022853842321541123,-0.05418367193331191,-0.20510753106059715,0.057817954789684836,-0.17949521419585154,0.10322223233200911,-0.16631119470063335,0.1613350823578146,-0.16084249127292424,0.12174484815131673,-0.12009389061950834,0.06764703683545052,-0.07232416396188292,-0.016378465186259655,-0.05904374223345704,-0.004053186044139323,0.17141545887211201,0.1163229651240294,-0.020565410821814907,0.13750463358629242,-0.006681051349662215,0.12488120809496614,-0.019917223349055338,0.11599337162491626,-0.01052622206569941,0.16908969419352274
-0.2345563216002629,-0.17219353004000648,0.006257592868741249,-0.14818317341613613,-0.06572836934940071,-0.11767954647216947,-0.09570784656408036,-0.12127203952020546,-0.10951908923703753,-0.23701382331148046,0.20059752375317616,-0.10541481887798876,0.18905405940853298,-0.1654112841934604,0.2177764402780036,-0.22139405521451275,0.23547818605158002,-0.24687294857373043,0.2465010591790353,-0.24798432773059217,0.03806475429517231,0.07827460989368008,0.0972847140444203,0.14193368684335606,-0.009101787802883822,0.21916553662763835,-0.18453930872622462,0.24999999999999933,-0.2471104809438513,0.24801044111372683,-0.20219999212692896,0.2361501924424153,-0.1454731418711457,0.18976951514123597,-0.04002375802096574,0.11934020043565062,0.14334445481129895,0.005360745589989921,0.24112919179204792,-0.14618321664578535,0.23174698215296116,-0.22649713605359525,0.22625558652927097,-0.18696243201006774,0.18533348365398492,-0.1325568214652773,0.1373924756673006,-0.046321501358556866,0.1213383645831035,-0.018341621302312622,-0.23675207753850366,-0.16399804286725456,0.029890476320100872,-0.18881247615900743,0.0017610429860898651,-0.16865596220308224,0.006074196733586237,-0.15157048227021108,-0.012022897559628752,-0.23316456960343768
0.23170240799879524,0.17014363689373121,-0.006330181789266293,0.14640307737052655,0.06479455828936634,0.1162713532001288,0.0945674389266694,0.1197505179885037,0.10832375316508151,0.23412677472839222,-0.19821992423521043,0.10431256242965073,-0.186423507447058,0.16274246591116912,-0.21495659172022785,0.21857350257125577,-0.23261123249893417,0.2440788518975664,-0.2436810543424452,0.24517746927486717,-0.0374053770522259,-0.07766589438639077,-0.09519450520123562,-0.1391206746116338,0.0062776514660806085,-0.21627799531800582,0.18391893957044675,-0.2471104809438513,0.2499999999999996,-0.2490544203143596,0.1993525220015907,-0.23326938714670492,0.14278920589713567,-0.18696705984929587,0.04263505246268882,-0.11655082754421348,-0.14344743951445668,-0.002593911040736691,-0.24386152127912358,0.14893629405842623,-0.22886614305588251,0.22363325991915758,-0.22338191982055233,0.18414244895331275,-0.18251271036135971,0.1297722732488321,-0.13459613078286048,0.04354677871543474,-0.11854088483115321,0.015560540850198593,0.23386857469376468,0.1618070200676748,-0.029349219875134957,0.18636679297650147,-0.0017337171855551102,0.16647138565954686,-0.006305719731292972,0.14971818745956267,0.011360011604654045,0.2303197089015472
-0.23260462593604211,-0.17079112701626628,0.006305575928078177,-0.14696077662230617,-0.06509464065480947,-0.11670991694021274,-0.09493248107848955,-0.12022374409223584,-0.10871966459363734,-0.2350382997996151,0.19899017132418606,-0.10472942890896442,0.1872641482266349,-0.16359479842544508,0.21584928115956312,-0.2194678525095394,0.23351883625016182,-0.24497715853614843,0.2445843046755985,-0.2460785037507897,0.03759147974883353,0.07794592585689344,0.0956723855886019,0.14001418099556284,-0.007172890916736806,0.21719032058049162,-0.18481837752141608,0.24801044111372683,-0.2490544203143596,0.24999999999999947,-0.2002580722685615,0.23417882457002603,-0.14357448202324796,0.1878117659222391,-0.041809935115790786,0.11737494304693928,0.14416324684300486,0.0034024525784027587,0.24307205147610225,-0.14813302235941325,0.2297714751271299,-0.22452978692394554,0.22428069135849493,-0.1849926885876473,0.18336309545621757,-0.13059648626175663,0.13542585415138036,-0.04436068149963482,0.11937251633487395,-0.016382120594850943,-0.23477903892166208,-0.16249229793712636,0.029516703588476544,-0.18714109253745093,0.0017606811774562518,-0.16716632595252154,0.006260623003930488,-0.15031201085442084,-0.011538298785122018,-0.23121829057460505
0.20280646714993886,0.14914580922120163,-0.007001874014812022,0.13020935683071505,0.0539042310942879,0.10540427122460543,0.07874045028704557,0.10942319425808507,0.08392482759708444,0.20524180267468606,-0.16877110397140463,0.07346962436867842,-0.15737554002028387,0.13887778854389987,-0.18602795409257092,0.1883750834408682,-0.20175713247073573,0.2006313109359774,-0.20319197808831188,0.2026360903517448,-0.07109165517510584,-0.04616208459792527,-0.08524389454124179,-0.12136651458319433,0.017778755518106024,-0.18738171176135687,0.13682018163380139,-0.20219999212692896,0.1993525220015907,-0.2002580722685615,0.2499999999999993,-0.20530850669618111,0.1134419821661209,-0.16280957173922908,0.016658305917935025,-0.10277258955682934,-0.10385654066943598,-0.014258867068333108,-0.1941197230080889,0.11862073785288887,-0.20068793281770908,0.19625563287750214,-0.19604885356136698,0.16235423095111812,-0.16092694480042297,0.11504643329786607,-0.11940268038038168,0.046023320407559194,-0.10697225986066575,0.01876575693420962,0.20501022377107248,0.14240663673810278,-0.02628558545323495,0.16403291735456982,-0.0022804857304444,0.14684178682645718,-0.005889610826049427,0.13163901897896158,0.010985856795760788,0.2019313340354161
-0.2450614536397517,-0.1782383107936461,0.002789408635879594,-0.1544371933467572,-0.070585652313121,-0.12485655844728588,-0.09491419298769409,-0.1312278411783624,-0.1007505387902411,-0.2475444933823699,0.21103032161336882,-0.11561499710685305,0.19955403633539787,-0.1759207581372563,0.2283008461882308,-0.22995800736157768,0.24301961683830822,-0.2349260756783169,0.23919497976816387,-0.2375329301377419,0.027764404878946658,0.08838006296458345,0.0891882284932375,0.15246501720764502,-0.019632542300748186,0.22969690265156908,-0.1707035521741569,0.2361501924424153,-0.23326938714670492,0.23417882457002603,-0.20530850669618111,0.24999999999999942,-0.1401316148824107,0.19980590827356468,-0.03242776866574932,0.13299560598744184,0.12950765350713195,0.0191559748922018,0.22729551428254022,-0.13238003914402616,0.24396069236929604,-0.24005312913988855,0.23985261338968208,-0.20070173584617526,0.19907501650824133,-0.146304881855906,0.15114135637138804,-0.06012271473466253,0.1351101110452791,-0.03212121848768807,-0.24726472641287928,-0.17169782631745376,0.03067697471022866,-0.19747835123006402,0.0001543296105766842,-0.17619999805431483,0.0032856734545183147,-0.15768621695555732,-0.01664949778601239,-0.24351271270665
