x1,x2,x3,x4,x5,x6,x7,x8,x9,x10,x11,x12,x13,x14,x15,x16,x17,x18,x19,x20,x21,x22,x23,x24,x25,x26,x27,x28,x29,x30,x31,x32,x33,x34,x35,x36,x37,x38,x39,x40,x41,x42,x43,x44,x45,x46,x47,x48,x49,x50,x51,x52,x53,x54,x55,x56,x57,x58,x59,x60
0.25000000000000006,0.20684791196391633,-0.1265360305779098,0.20166410057139014,-0.12227411194962905,0.2091549941773893,-0.12758685518606733,0.2036633821817392,-0.12575590719518626,0.22725040886941156,-0.008322616527258946,-0.07924521770834374,0.07860091795622964,-0.07894074376314171,0.06873588605909717,-0.07100812954898648,0.08043947279692851,-0.08191112397757382,0.07442578577671247,-0.06797607859160121,-0.04506043821894721,0.04689260246081897,-0.0691417562453847,0.05203356886686408,-0.04425373615399555,0.0394874715987368,-0.045263750259701904,0.04964202711531403,-0.06173635814398204,0.06794100246063974,0.10738168757520722,-0.10764528935561167,0.06012121976732542,-0.04856891283372822,0.02685741361707251,-0.01896028936362964,0.005956003561705084,0.013581931079735798,-0.04869610854618161,0.1177063185421616,-0.1345410238874483,0.08188194941051181,-0.06587123505550697,0.02345778411601583,-0.0014508985539597326,-0.022243027381359196,0.04412069861756928,-0.07506952835405566,0.10358505379346784,-0.10717653737298645,0.22330293052144343,0.19126943626224735,-0.03376727540304589,0.1884615205747993,-0.07416887546713728,0.20702948919217587,-0.11251957127539783,0.2107876367554811,-0.1481220006443563,0.22726366339142912
0.20684791196391633,0.24999999999999994,-0.16959407687610667,0.2102799203958002,-0.14694272846363932,0.21541302989241998,-0.14540524024965035,0.21116351524602694,-0.14177965786786131,0.22955589937805454,0.034635585049955966,-0.12214713058400668,0.12104316101431337,-0.11767889380930592,0.10450740330465454,-0.10104153802436774,0.10563258441347392,-0.10575301295345153,0.09836564388515541,-0.09351976388999567,-0.0806300612705645,0.0846209532604963,-0.10664620985726575,0.08833945606511674,-0.07877752981332613,0.07258312148191122,-0.07723975045520778,0.07812858390589253,-0.0889895423794966,0.09392721499908198,0.13704600589086893,-0.1391523192314545,0.09727611775600083,-0.08446542301828629,0.06025212497027291,-0.050878104604628875,0.036389746354424504,-0.01391701623234292,-0.025997251417289122,0.10497596829489651,-0.15568610861846094,0.11430539773548373,-0.09832952675409654,0.056056456326463645,-0.031076061656005245,0.00421580882459118,0.020799440339456462,-0.05608839188206038,0.08938607752591121,-0.09358670580246473,0.22646464740194885,0.18905137682334305,-0.012350886808452442,0.18533523671314633,-0.05502057271560604,0.2065093316421066,-0.09876728617003946,0.21080096074456947,-0.13985545550029374,0.22957272437865936
-0.1265360305779098,-0.16959407687610667,0.2499999999999999,-0.17483178772285238,0.17089687026968198,-0.1517556914203376,0.13250685299416293,-0.1503798674886281,0.13201503520275573,-0.14921239941038844,-0.11489348089779285,0.20242931254495122,-0.20133662687900716,0.18463326773008015,-0.1636140572429579,0.14262576620955195,-0.1306900941175549,0.128119666821281,-0.12564606855557517,0.12773839304214915,0.15436590344971374,-0.1630435455105755,0.1756405866168603,-0.15929862289079405,0.14665261088480677,-0.13768199527241712,0.13718038638552946,-0.12699540172075252,0.12971355027121337,-0.12880032920997214,-0.1714857486960019,0.17803287423536812,-0.16808217637585296,0.15522261432974171,-0.13144309629682666,0.12144296637127443,-0.10824046110585851,0.08597529302996301,-0.04759486077220485,-0.029683260584418253,0.15813489724157798,-0.1653019160989576,0.1548781068900331,-0.12765489659240245,0.10322823449071587,-0.07703763766155222,0.05260843061414479,-0.018407088844972212,-0.015794748110329382,0.020139527004083696,-0.1497677171568058,-0.11110541375242737,-0.0538083107525491,-0.10640880773993802,-0.019815966432456006,-0.126940895764015,0.022774146878035466,-0.13111449544700332,0.06380415712401424,-0.1492269090702204
0.20166410057139014,0.2102799203958002,-0.17483178772285238,0.24999999999999986,-0.16828674772094296,0.21227405615635855,-0.14863667528325306,0.2084022226049923,-0.145792310775412,0.2243679798515289,0.03991109348742886,-0.12744478372756626,0.12634245836869254,-0.12542052291272007,0.11373415295824416,-0.10921209507990384,0.11296656473462638,-0.11245808616367373,0.10503468105447039,-0.10018224923122145,-0.0861207477590362,0.09013971279064471,-0.1134891430664584,0.09534089111798896,-0.08567278626323473,0.07973552670971326,-0.0841909843125611,0.0850031712933001,-0.09573999044646622,0.10057871774046455,0.14300549390958794,-0.14523506003543712,0.10426108490659751,-0.09143741729441143,0.06720486151501998,-0.057703130676964996,0.043214321386753456,-0.020581504517681325,-0.01951080813739519,0.0989773815875316,-0.15766689587180702,0.12055113600038339,-0.10471016405045452,0.06291433330124929,-0.037817113018548655,0.010852707875054395,0.014301627216544727,-0.04977660913310637,0.08348356576672537,-0.08772708546546354,0.22162675359678446,0.1836831270374937,-0.006280313761044126,0.17987419202341173,-0.04877297177207994,0.2011716458142718,-0.092744954914357,0.20548612961115062,-0.13419643687481797,0.22438451222218833
-0.12227411194962905,-0.14694272846363932,0.17089687026968198,-0.16828674772094296,0.2499999999999996,-0.1611670180766155,0.1612534746161858,-0.14683416857285175,0.16191454135535618,-0.14268273879418364,-0.08601072347886216,0.16409274933197274,-0.17066048112322285,0.19049078839235953,-0.19532082576071283,0.17851439075345363,-0.1712290953701382,0.16745106426592676,-0.16261090919032162,0.16140678017972254,0.13128013225912014,-0.14109518772529064,0.17193406218833265,-0.16820748225798535,0.16226441174002978,-0.15869973168292434,0.15936468625359493,-0.1545947246434387,0.1606252309965758,-0.1620997060088118,-0.16305334715327274,0.17249370311409354,-0.16938995304837273,0.1637728514489222,-0.14883389124796828,0.13836274755849506,-0.12484818862364447,0.10175785352832149,-0.06213555806079804,-0.01780674304848783,0.15369033081751174,-0.16151580412971617,0.1555856859343592,-0.13872645297005512,0.11638926269650421,-0.09249220530079659,0.06724506456645837,-0.03187573055471087,-0.0036411385637418847,0.008103507345004,-0.143359917647398,-0.1044986658713072,-0.059164548389724916,-0.09834901784858398,-0.03209783564594449,-0.1194885077359784,0.011093866480944101,-0.12380176012827888,0.053631400270835634,-0.14269742767897714
0.2091549941773893,0.21541302989241998,-0.1517556914203376,0.21227405615635855,-0.1611670180766155,0.24999999999999978,-0.16576366045569438,0.21631059676038322,-0.15233540951276153,0.23150823370165402,0.026409817950644975,-0.11211476968566221,0.11240227077019573,-0.1152898194868723,0.10659419518285591,-0.10767497653069158,0.11662000258953956,-0.11752369275015613,0.10900552867748169,-0.10245856198343758,-0.07384457342460304,0.07754049069530326,-0.10270606917029135,0.08661359846540112,-0.07851212631275581,0.07382852104282098,-0.07935193461465197,0.08342529629393532,-0.09628948251995093,0.1026911387746355,0.1370658541463309,-0.13890069571919586,0.09417172583474606,-0.08268084372950929,0.060067937921431835,-0.05065113904862527,0.036077096136377454,-0.013484583217263018,-0.026648790768006973,0.10606773836287083,-0.15534744961945435,0.11260332694414664,-0.09676381230795326,0.054737988903720405,-0.030151131684353242,0.003714924288355687,0.02143105233279118,-0.05691497060211301,0.09044436511195712,-0.09466646694060658,0.22837648239303207,0.19088493185114283,-0.013791769902485682,0.1870416737287856,-0.056051062656547704,0.2083121364394528,-0.09988304061427418,0.21262669928653027,-0.14122784168523295,0.2315252544426219
-0.12758685518606733,-0.14540524024965035,0.13250685299416293,-0.14863667528325306,0.1612534746161858,-0.16576366045569438,0.24999999999999972,-0.17106763504207867,0.19137660850830365,-0.1472812824813577,-0.054573214038209535,0.12361705484086291,-0.12845474882364186,0.14719715428625393,-0.16125522973466053,0.1838999412622431,-0.2004901590876347,0.20112310368546943,-0.19288408469517174,0.18631233643720638,0.10496886673964738,-0.11249463876256156,0.14454044337771735,-0.1460357562538924,0.15332276076569723,-0.15771437219220882,0.16133609025587872,-0.16731441679346595,0.18004614843879946,-0.18646789631121896,-0.15410765627380033,0.16050659377476237,-0.14605014276953518,0.1486870152375303,-0.14396458477902815,0.13355718302358935,-0.12000126041238253,0.09695741009251113,-0.057347130480407064,-0.02251068875365469,0.14447582375388107,-0.14405134752310514,0.14003810680283046,-0.12736931022243136,0.10821126510872599,-0.08767437233927843,0.0624569627263424,-0.027115366600532976,-0.008344210257564214,0.012799027291681333,-0.14754614768083646,-0.10998865168813901,-0.04896238016121028,-0.1031604872713894,-0.026463695004858224,-0.12410962742929654,0.01581419167800459,-0.12841884864666114,0.058297479253290756,-0.14729712935040495
0.2036633821817392,0.21116351524602694,-0.1503798674886281,0.2084022226049923,-0.14683416857285175,0.21631059676038322,-0.17106763504207867,0.2499999999999997,-0.16709099721882545,0.2261908594156275,0.027419371479943656,-0.11228352792064852,0.11181711982546833,-0.11342669633928476,0.1057821883396236,-0.11144032206503672,0.12193692806668607,-0.12282333623855456,0.11432274478112199,-0.10777374955884801,-0.07581032918910918,0.0794857594601617,-0.10431123311397952,0.0888003693932866,-0.08279251574642,0.0791435368047907,-0.08454730118976743,0.0887413197228906,-0.10159800730939388,0.10800145905863051,0.13808175588379976,-0.13986432127999224,0.09651917005667629,-0.0863428595046378,0.0653827554688086,-0.05590261164684129,0.041392137981391235,-0.018769678537079965,-0.021333169661878874,0.10078456705775408,-0.15425818909849592,0.11396021108507218,-0.0989616925755521,0.05900741006958446,-0.034923815308889494,0.009030113240991122,0.016121953338396475,-0.05159907866659442,0.08525180547366984,-0.08948876499308514,0.223261523658149,0.18581980516620478,-0.010098494328690545,0.1817521138537214,-0.050875625246032015,0.20299485068729706,-0.09456740140121227,0.20730934699755613,-0.1359862963353892,0.22620780312705654
-0.12575590719518626,-0.14177965786786131,0.13201503520275573,-0.145792310775412,0.16191454135535618,-0.15233540951276153,0.19137660850830365,-0.16709099721882545,0.24999999999999994,-0.1433411895514017,-0.054937971550527376,0.12370325355857618,-0.12913922341402406,0.14913223190977093,-0.16338800686813987,0.18357391741251897,-0.19875018832862507,0.2011159675231881,-0.19625834975354173,0.18965974715674655,0.10699110348296693,-0.11494179351057648,0.14767823962395812,-0.14959963384341213,0.15599167232444966,-0.1601393002619963,0.1636759535948869,-0.1697472460526256,0.18245787377202521,-0.18887767590238144,-0.15515921299135293,0.16206188790353987,-0.14922240526162675,0.15151552958278133,-0.14640142868449893,0.13597406352212182,-0.12248525133759292,0.099468108929186,-0.05995681775544745,-0.0197639985011239,0.14436499842830494,-0.14619342964178852,0.1423401135488974,-0.1301351315680843,0.11092731798426145,-0.09029685534375986,0.06510325791142191,-0.029845665939882086,-0.005561990191107129,0.01004166614085515,-0.14375325876564646,-0.1062392520263789,-0.05177251986564575,-0.09944102349585489,-0.02952821198972626,-0.12029936769132589,0.012705602510247459,-0.12459593580997153,0.055095495858486825,-0.14332949108784032
0.22725040886941156,0.22955589937805454,-0.14921239941038844,0.2243679798515289,-0.14268273879418364,0.23150823370165402,-0.1472812824813577,0.2261908594156275,-0.1433411895514017,0.2499999999999998,0.01431492171335215,-0.10182565082389129,0.10071907509034189,-0.09982097853733742,0.08811654944145034,-0.08924705648260328,0.09813702251382712,-0.09910076886627453,0.0905228240184458,-0.08398151641343357,-0.061809831655219125,0.06466649457677236,-0.08853348298181671,0.06972039885162404,-0.060921892927369076,0.05534499104469894,-0.06130340363101758,0.06494293044133405,-0.07783303981493965,0.08423203931100594,0.12756302312115642,-0.12854789276950582,0.07869667864112001,-0.06589949029957617,0.04158539540068605,-0.032391707821381094,0.01759756930169743,0.004885117849075075,-0.0451203405073975,0.12438466637216962,-0.15465951405717376,0.10070570280966183,-0.08334928519108674,0.03731824274681624,-0.012234558150178307,-0.014760341307008778,0.039880962293056044,-0.07538264648944358,0.10836909318638878,-0.1125258517290662,0.24591319655052024,0.2089197304133336,-0.0295678176542515,0.2054650181399326,-0.07437628614220758,0.22676086427721925,-0.11834307478480405,0.23107496251799498,-0.15935821087564914,0.24997089506757608
-0.008322616527258946,0.034635585049955966,-0.11489348089779285,0.03991109348742886,-0.08601072347886216,0.026409817950644975,-0.054573214038209535,0.027419371479943656,-0.054937971550527376,0.01431492171335215,0.2499999999999999,-0.16161829188320792,0.15422367096767606,-0.13150398012675926,0.1148460195333728,-0.09400012021266166,0.07776287626198557,-0.07473074006237346,0.07646453648487932,-0.08205040637132621,-0.1313715248266047,0.13895995213157755,-0.12964989900192428,0.12228847464322673,-0.1136230130718051,0.10727643773920456,-0.10357155933531116,0.09145900667041222,-0.0874129509535974,0.08315650705477416,0.10617601321025744,-0.11162791888712281,0.1269092811516145,-0.12018517687869557,0.10847869576690115,-0.10340355658260568,0.09815575259905167,-0.08797075930556957,0.07121342594472047,-0.03651463839877542,-0.07602553274162853,0.11321282556485436,-0.11151041525453102,0.10767060991642842,-0.09645425530372775,0.08442199369878185,-0.07346566968711468,0.05835887207727772,-0.0418526164032099,0.039692320760770464,0.017141223328496602,-0.001733226352510486,0.07046494690340081,-0.0043788648904215625,0.05969086923825449,0.0046629314105843716,0.04061538628530022,0.006521255379044897,0.021624158963277417,0.014325087195449364
-0.07924521770834374,-0.12214713058400668,0.20242931254495122,-0.12744478372756626,0.16409274933197274,-0.11211476968566221,0.12361705484086291,-0.11228352792064852,0.12370325355857618,-0.10182565082389129,-0.16161829188320792,0.24999999999999978,-0.24032858977380142,0.21132278665782542,-0.18675018644075136,0.1587272840102588,-0.13982485683526705,0.1364225933120064,-0.13629140911340065,0.14155676440775228,0.19802707143994394,-0.20944798307093207,0.20514246494376878,-0.1898405471182393,0.17560818037876008,-0.16543991889479437,0.1624446107792912,-0.14747697148218192,0.14646552944491473,-0.14295056654091018,-0.18546361631095087,0.19342521606795265,-0.19853798725163785,0.185683244245451,-0.1623363059660478,0.1523448136066037,-0.14027743356092734,0.11891023768504574,-0.08268583735313517,0.009019685309539926,0.1540534847476881,-0.18662521967967316,0.1789528457129169,-0.15937920167192715,0.13596657041280752,-0.11080803353514325,0.08750958151654596,-0.055109666877955,0.021662579782602033,-0.017329856363100995,-0.10431459673628489,-0.06643515722942295,-0.0861836963376614,-0.06158776071379789,-0.057273069816063726,-0.08097327596926605,-0.016699418777577708,-0.08494142919110115,0.022814333936736098,-0.10183879889971562
0.07860091795622964,0.12104316101431337,-0.20133662687900716,0.12634245836869254,-0.17066048112322285,0.11240227077019573,-0.12845474882364186,0.11181711982546833,-0.12913922341402406,0.10071907509034189,0.15422367096767606,-0.24032858977380142,0.24999999999999978,-0.2207298679633247,0.19511287021523813,-0.16700427062787884,0.14810160892486676,-0.14470001486456044,0.1445633434025056,-0.14984171869393592,-0.19302200004638242,0.20517438749194716,-0.21057498330604643,0.19810831141158072,-0.1837947674559208,0.17368858939547072,-0.1706345688259173,0.1557271390492157,-0.15474019679350662,0.15121149938504885,0.18504014816566453,-0.19473223863966269,0.2048028350425443,-0.19281822988065292,0.17047030930276097,-0.16022722113247956,0.14793232678230583,-0.12606720288746942,0.0890531221189695,-0.013739264116242924,-0.15560316750949021,0.18955378055119523,-0.18312949238440338,0.16643149080552747,-0.14292531324763266,0.1177269818985168,-0.0939280762646984,0.06079291650344007,-0.026564970483311693,0.02217423922035167,0.10329275537542246,0.06472776496221488,0.09004986901366623,0.059404716457138663,0.0625159663262339,0.07925825934133798,0.021189593480747615,0.08331261428374209,-0.019242465859513405,0.1007323967757328
-0.07894074376314171,-0.11767889380930592,0.18463326773008015,-0.12542052291272007,0.19049078839235953,-0.1152898194868723,0.14719715428625393,-0.11342669633928476,0.14913223190977093,-0.09982097853733742,-0.13150398012675926,0.21132278665782542,-0.2207298679633247,0.24999999999999986,-0.22388550945045227,0.19419924742281125,-0.1749133245957116,0.17045203579709853,-0.1697080015636594,0.17435500362575757,0.18083446202619274,-0.1945639870336455,0.2246829001212007,-0.21989092968640975,0.20557220451963898,-0.19631603105514384,0.19330939664863075,-0.17920672666222737,0.17880919197844533,-0.17559667745527743,-0.18575988944944494,0.19964361143579745,-0.22113018739279242,0.2114929379170705,-0.19176070691737848,0.18077677631747283,-0.167769947825479,0.1444310131615931,-0.10504390934285575,0.024807312052109797,0.16084478938649846,-0.19795902862678963,0.1945474233646471,-0.18474868607554523,0.16086627023688352,-0.13540738470664415,0.11010307170924835,-0.07477749383335636,0.038233839218725495,-0.033647418813236823,-0.10260833184235704,-0.06196251960504859,-0.09977852161862538,-0.055394860238398735,-0.07541543255701944,-0.07661998281991234,-0.03179304527599034,-0.08093397903379272,0.0113675093797563,-0.0998344356910784
0.06873588605909717,0.10450740330465454,-0.1636140572429579,0.11373415295824416,-0.19532082576071283,0.10659419518285591,-0.16125522973466053,0.1057821883396236,-0.16338800686813987,0.08811654944145034,0.1148460195333728,-0.18675018644075136,0.19511287021523813,-0.22388550945045227,0.24999999999999975,-0.21933020451053634,0.19909405636236618,-0.19163061236016424,0.18957192633592537,-0.19248487214997229,-0.16290084354931833,0.17627721082773112,-0.20951433052460144,0.21320937412759183,-0.21181942177180585,0.20993058721585908,-0.20717291834914758,0.195175072891567,-0.19590315937117156,0.19354260299625564,0.17151575861519244,-0.18577461418909522,0.21132618609333406,-0.21103543618496756,0.20294810367638577,-0.19184931990004547,0.1789998312059342,-0.15564108715038008,0.11638501391208506,-0.03628121463777327,-0.14900929321071837,0.185584541698969,-0.1870370771765116,0.1885719149920084,-0.16830332540852164,0.1466936056945061,-0.1214207988431818,0.08617227159585913,-0.04965892042630239,0.04507602061043037,0.09090513663605114,0.05182370428690408,0.10151502627878031,0.043963467907388164,0.08581803810692346,0.06495690745161162,0.04326265981293062,0.06926317975506019,0.00015771262857673435,0.08813029664778287
-0.07100812954898648,-0.10104153802436774,0.14262576620955195,-0.10921209507990384,0.17851439075345363,-0.10767497653069158,0.1838999412622431,-0.11144032206503672,0.18357391741251897,-0.08924705648260328,-0.09400012021266166,0.1587272840102588,-0.16700427062787884,0.19419924742281125,-0.21933020451053634,0.24999999999999975,-0.22894383459478762,0.21811581381742481,-0.2124311968581411,0.21080455156279074,0.1447503992995801,-0.1563145598997551,0.19146104673174685,-0.1999873151374923,0.20906421841588474,-0.21609467087480588,0.21462711502971063,-0.20763813451530258,0.2114778995643795,-0.21138984847181377,-0.16255733435506092,0.17546310358485956,-0.19660534758732293,0.20262248826882628,-0.20233418560478625,0.19122647846838847,-0.1783433810162558,0.15494836699056436,-0.11561740534678755,0.03537630678703997,0.14163818146678248,-0.17299546361222976,0.17659195900822272,-0.1829591233300739,0.16506992155642428,-0.14597908738696008,0.12066292260979175,-0.08535100834894604,0.04878331358046072,-0.04419374065974748,-0.09178475391429738,-0.05367496744783825,-0.09571781018995303,-0.0451466010752113,-0.08432799260003383,-0.06604657131285596,-0.042365368924012915,-0.07036047643217408,0.0008098002210153441,-0.08926108526680174
0.08043947279692851,0.10563258441347392,-0.1306900941175549,0.11296656473462638,-0.1712290953701382,0.11662000258953956,-0.2004901590876347,0.12193692806668607,-0.19875018832862507,0.09813702251382712,0.07776287626198557,-0.13982485683526705,0.14810160892486676,-0.1749133245957116,0.19909405636236618,-0.22894383459478762,0.2499999999999998,-0.23706065677527144,0.22923986598275278,-0.22372511273156284,-0.12868465948119187,0.13914776060774792,-0.17501910743136867,0.1853740559025711,-0.19783450244154713,0.2059412509673161,-0.20725805329930636,0.20980664524986353,-0.2196423550593809,0.22399498980236135,0.16248905361168778,-0.17285917400509307,0.181150857840519,-0.18955985236014933,0.19222961366333796,-0.18127501048095876,0.16833920154683898,-0.14509062685453628,0.10587564864986794,-0.025977261296185796,-0.13957084191944732,0.16462856011986443,-0.16722854269777052,0.17104494687500854,-0.15415606508297316,0.13610960244699333,-0.11091074736215487,0.0757354989174762,-0.03933551161278447,0.03476762449637382,0.10035383715900799,0.06266271354930361,0.08644743724956602,0.054269882962715295,0.0744611072280839,0.07503314978322642,0.03292916023700111,0.07932906485424522,-0.010056501768051654,0.09815108532823869
-0.08191112397757382,-0.10575301295345153,0.128119666821281,-0.11245808616367373,0.16745106426592676,-0.11752369275015613,0.20112310368546943,-0.12282333623855456,0.2011159675231881,-0.09910076886627453,-0.07473074006237346,0.1364225933120064,-0.14470001486456044,0.17045203579709853,-0.19163061236016424,0.21811581381742481,-0.23706065677527144,0.24999999999999972,-0.24139880959091292,0.23482925893974643,0.12649565321551093,-0.13789824440183768,0.17448958141089838,-0.18519342593982419,0.19799742925657235,-0.2062368426993701,0.20876436876731647,-0.21583461966360953,0.2285030882469565,-0.23494002049328327,-0.1652450402404018,0.17533253850760666,-0.1808426116121374,0.18951426108081904,-0.19247602402932712,0.18148019510263666,-0.16848543169337343,0.14514024988434182,-0.10575992519865311,0.02550113168502594,0.140376287062431,-0.16535768807430937,0.16773433740887694,-0.1710242030035117,0.15415201094662725,-0.136121228761335,0.1108171912676133,-0.07549383643864478,0.038842937582045864,-0.03424403802565148,-0.10138709898037153,-0.06345115715949934,-0.08643902059906661,-0.055055627096633364,-0.0741925155237119,-0.07590083985630722,-0.032510405583109615,-0.08021473986221862,0.010714495972884281,-0.09911483041255044
0.07442578577671247,0.09836564388515541,-0.12564606855557517,0.10503468105447039,-0.16261090919032162,0.10900552867748169,-0.19288408469517174,0.11432274478112199,-0.19625834975354173,0.0905228240184458,0.07646453648487932,-0.13629140911340065,0.1445633434025056,-0.1697080015636594,0.18957192633592537,-0.2124311968581411,0.22923986598275278,-0.24139880959091292,0.24999999999999994,-0.24250547332466355,-0.12709892312478868,0.14033178775750138,-0.1772552892139913,0.18853085306022493,-0.201675327947958,0.21027391514822674,-0.21262253972285217,0.2198318627652171,-0.23244063121560876,0.2388662143023676,0.1625950642239067,-0.17379530630751505,0.18405018313379218,-0.19309049789306595,0.19656278558726878,-0.1854967958720605,0.172602947199515,-0.1492519255163821,0.1099683252078421,-0.029807967018063687,-0.13734589346501797,0.1654569931494291,-0.1689525153036331,0.1749763944546963,-0.15845207117045082,0.1405993156750165,-0.11522678795263669,0.08000432298452843,-0.043629254064288456,0.03892664888054185,0.09304215904129769,0.05571965503480359,0.09033510563317255,0.04726585278024512,0.07994109848665032,0.06783325879626914,0.03833780953479971,0.07212524275001495,-0.004611532436741844,0.09053678446069804
-0.06797607859160121,-0.09351976388999567,0.12773839304214915,-0.10018224923122145,0.16140678017972254,-0.10245856198343758,0.18631233643720638,-0.10777374955884801,0.18965974715674655,-0.08398151641343357,-0.08205040637132621,0.14155676440775228,-0.14984171869393592,0.17435500362575757,-0.19248487214997229,0.21080455156279074,-0.22372511273156284,0.23482925893974643,-0.24250547332466355,0.24999999999999978,0.12982458805890387,-0.14588647194725113,0.18292450393665582,-0.19439848866442494,0.20778403976176527,-0.2167094622113803,0.21892262884544306,-0.2262788123404563,0.23890030488495298,-0.24533313149230085,-0.16059538921156327,0.1732641124777522,-0.1899972981009289,0.19923373045978016,-0.20297357892554604,0.19182276523396227,-0.17899546279489625,0.15559136701258777,-0.11631423995644183,0.036069380770048086,0.13607589325010025,-0.16708786178737065,0.17193206349244333,-0.1812216476293933,0.1647725677465861,-0.14699400123420764,0.12158644128399076,-0.08634850392660144,0.04986876462389488,-0.045141837005997644,-0.08670738397556718,-0.04947420012506991,-0.09496912516167628,-0.04075761982028457,-0.08637242075430687,-0.06131724549981742,-0.044754425035063744,-0.0656114016726272,-0.0017364389590089244,-0.0839953340099217
-0.04506043821894721,-0.0806300612705645,0.15436590344971374,-0.0861207477590362,0.13128013225912014,-0.07384457342460304,0.10496886673964738,-0.07581032918910918,0.10699110348296693,-0.061809831655219125,-0.1313715248266047,0.19802707143994394,-0.19302200004638242,0.18083446202619274,-0.16290084354931833,0.1447503992995801,-0.12868465948119187,0.12649565321551093,-0.12709892312478868,0.12982458805890387,0.24999999999999975,-0.2324602392444633,0.19370767243933634,-0.178720796555741,0.1638261435574644,-0.15402468940724684,0.15048469148660634,-0.13591061865528126,0.13475910115246534,-0.1318210673563257,-0.18261186803353652,0.1731808834043992,-0.18744042959722595,0.1745817334549002,-0.15194574030489916,0.14358395330447205,-0.13410446198999496,0.11638651864503208,-0.08666328843735965,0.025812692961400225,0.12889603177190834,-0.1698821121569299,0.16473225526415558,-0.15195485652802626,0.13188131882248452,-0.11006913976301218,0.09076844856117873,-0.06415101337765858,0.036081622957434036,-0.032301447803606435,-0.06498816112863785,-0.033239472839162926,-0.08985443670841559,-0.02923617654145077,-0.06733710447407895,-0.045079530788260734,-0.033526038750667814,-0.048370915976994035,-0.0006632129533631938,-0.06182016344929305
0.04689260246081897,0.0846209532604963,-0.1630435455105755,0.09013971279064471,-0.14109518772529064,0.07754049069530326,-0.11249463876256156,0.0794857594601617,-0.11494179351057648,0.06466649457677236,0.13895995213157755,-0.20944798307093207,0.20517438749194716,-0.1945639870336455,0.17627721082773112,-0.1563145598997551,0.13914776060774792,-0.13789824440183768,0.14033178775750138,-0.14588647194725113,-0.2324602392444633,0.24999999999999953,-0.20989747554207588,0.19484924283685962,-0.17999548806027432,0.17014448742814903,-0.16654326339445955,0.15193245584204645,-0.15087814559270976,0.1477275493562669,0.17973514351967676,-0.18040634383783757,0.2037494102675414,-0.1908411567421182,0.16786712099228088,-0.15866130652183028,0.1483330329960168,-0.1292036834865787,0.09714928729584756,-0.0315313292430098,-0.13672147524872263,0.1803423763531558,-0.17656087887602626,0.16683646881297817,-0.14542721146655116,0.12228899689204023,-0.10150114107189975,0.07276637077183395,-0.04256423850880468,0.03856142525978567,0.06798551082168987,0.034002297677901853,0.09761532355906384,0.02925116873177063,0.07558989846858485,0.04640940986010817,0.03925152304394546,0.04995218847093656,0.0038365565012791697,0.06467783965173077
-0.0691417562453847,-0.10664620985726575,0.1756405866168603,-0.1134891430664584,0.17193406218833265,-0.10270606917029135,0.14454044337771735,-0.10431123311397952,0.14767823962395812,-0.08853348298181671,-0.12964989900192428,0.20514246494376878,-0.21057498330604643,0.2246829001212007,-0.20951433052460144,0.19146104673174685,-0.17501910743136867,0.17448958141089838,-0.1772552892139913,0.18292450393665582,0.19370767243933634,-0.20989747554207588,0.24999999999999967,-0.23117810300428157,0.21631981321627072,-0.2063619005824624,0.20297506032574636,-0.18857847993260402,0.18782745535774462,-0.18437233770090705,-0.18929724878395415,0.20629941473316213,-0.24015167871192372,0.22703480014307753,-0.2030419769295166,0.19192442955167682,-0.17905163390671683,0.15564893965371193,-0.11632666664942368,0.03602111776515582,0.16375978300215385,-0.20895442682302648,0.2063511493786125,-0.19875405768303428,0.17354002474075092,-0.1466901074874271,0.12137243226763662,-0.08606084192878653,0.049260634385546176,-0.04464304530968444,-0.09189839744426304,-0.0506368588340567,-0.11123299061578888,-0.044036678061733496,-0.08706516201897697,-0.0653328398869049,-0.04307617293214816,-0.06964672178019987,0.0002385627450936914,-0.08854683405056439
0.05203356886686408,0.08833945606511674,-0.15929862289079405,0.09534089111798896,-0.16820748225798535,0.08661359846540112,-0.1460357562538924,0.0888003693932866,-0.14959963384341213,0.06972039885162404,0.12228847464322673,-0.1898405471182393,0.19810831141158072,-0.21989092968640975,0.21320937412759183,-0.1999873151374923,0.1853740559025711,-0.18519342593982419,0.18853085306022493,-0.19439848866442494,-0.178720796555741,0.19484924283685962,-0.23117810300428157,0.24999999999999956,-0.22967483514430725,0.2195467834360873,-0.2156152893987026,0.20133932491162163,-0.20009129122355168,0.19589609872290556,0.1732003908957688,-0.19116953775839146,0.23217243064533885,-0.22807924446216407,0.21695680010606616,-0.20580375160823725,0.19332904490641464,-0.1701947028922532,0.13157177721719063,-0.052483599709623185,-0.14937434314283352,0.19668649397890706,-0.1993770473929747,0.20434225144922183,-0.18359323443477615,0.1614894417436333,-0.13653506403874033,0.10179902049929052,-0.06551187689586126,0.0609400362149842,0.07323385833877345,0.03414712212669945,0.11588159252671752,0.026204054091033987,0.10178239487390436,0.04692705812952023,0.059593704052709,0.051176983207629013,0.016908610250565677,0.0697334327272413
-0.04425373615399555,-0.07877752981332613,0.14665261088480677,-0.08567278626323473,0.16226441174002978,-0.07851212631275581,0.15332276076569723,-0.08279251574642,0.15599167232444966,-0.060921892927369076,-0.1136230130718051,0.17560818037876008,-0.1837947674559208,0.20557220451963898,-0.21181942177180585,0.20906421841588474,-0.19783450244154713,0.19799742925657235,-0.201675327947958,0.20778403976176527,0.1638261435574644,-0.17999548806027432,0.21631981321627072,-0.22967483514430725,0.24999999999999983,-0.23531870265322205,0.23109714510598142,-0.21682178139577896,0.21515900370014446,-0.2093869372929492,-0.15990077101641165,0.17768098477377664,-0.2219168130242086,0.22703367537943872,-0.2306580933692312,0.21922011485411294,-0.206667807947286,0.18311949779488634,-0.14394231853168024,0.06362501829179343,0.13857807581518125,-0.1843546708550349,0.1916076432763889,-0.20729845140431116,0.19131497228937167,-0.17430323608961387,0.14895346840958087,-0.11367617289026827,0.0768436919886763,-0.07222107417853654,-0.064340709896088,-0.026457833995726654,-0.11688552331880353,-0.01692589807389521,-0.11211654763767542,-0.03772048860541628,-0.07068729222983604,-0.04203422063365399,-0.027352628561634788,-0.06093511421805687
0.0394874715987368,0.07258312148191122,-0.13768199527241712,0.07973552670971326,-0.15869973168292434,0.07382852104282098,-0.15771437219220882,0.0791435368047907,-0.1601393002619963,0.05534499104469894,0.10727643773920456,-0.16543991889479437,0.17368858939547072,-0.19631603105514384,0.20993058721585908,-0.21609467087480588,0.2059412509673161,-0.2062368426993701,0.21027391514822674,-0.2167094622113803,-0.15402468940724684,0.17014448742814903,-0.2063619005824624,0.2195467834360873,-0.23531870265322205,0.2499999999999998,-0.24079593829415458,0.2263250606042151,-0.2243728192747997,0.218331859215673,0.15067263869176434,-0.16836326076745214,0.21407824452649005,-0.22336982835517943,0.23159313200746304,-0.22025887202541225,0.20793534968951868,-0.18469118588050396,0.14608722344935887,-0.06687540075064902,-0.1311718240995042,0.17564608583210678,-0.18506387539786828,0.20581540554757966,-0.19141483991773847,0.17606078346433612,-0.15104845324570718,0.1162787048958028,-0.07990864937503189,0.07532281904462507,0.058742042250176575,0.022080224944953597,0.11545992150474593,0.012138392177686806,0.11454545668487326,0.03253852668724132,0.07405739288097145,0.03679300036455549,0.031304002765279976,0.05535806381365539
-0.045263750259701904,-0.07723975045520778,0.13718038638552946,-0.0841909843125611,0.15936468625359493,-0.07935193461465197,0.16133609025587872,-0.08454730118976743,0.1636759535948869,-0.06130340363101758,-0.10357155933531116,0.1624446107792912,-0.1706345688259173,0.19330939664863075,-0.20717291834914758,0.21462711502971063,-0.20725805329930636,0.20876436876731647,-0.21262253972285217,0.21892262884544306,0.15048469148660634,-0.16654326339445955,0.20297506032574636,-0.2156152893987026,0.23109714510598142,-0.24079593829415458,0.24999999999999972,-0.23095979732173122,0.22808129528336624,-0.22057303570805833,-0.15131236467103362,0.16844095362248057,-0.21044480982724129,0.21952194258289984,-0.229354233237393,0.21854271408459638,-0.20627399188366233,0.18272742922297858,-0.14354827987495944,0.06323162441767018,0.132304329426609,-0.17401601604178232,0.18268308025401597,-0.2016879719046581,0.1882349863507032,-0.17390974688652852,0.1485603265636106,-0.1132828424287428,0.0764495863459676,-0.07182663828801136,-0.06453114431947111,-0.027541317833400695,-0.11205647284041334,-0.017446831285747137,-0.11102602412587778,-0.03810348952208571,-0.07029805011765784,-0.04241713520833594,-0.026963267711587212,-0.061316621499418425
0.04964202711531403,0.07812858390589253,-0.12699540172075252,0.0850031712933001,-0.1545947246434387,0.08342529629393532,-0.16731441679346595,0.0887413197228906,-0.1697472460526256,0.06494293044133405,0.09145900667041222,-0.14747697148218192,0.1557271390492157,-0.17920672666222737,0.195175072891567,-0.20763813451530258,0.20980664524986353,-0.21583461966360953,0.2198318627652171,-0.2262788123404563,-0.13591061865528126,0.15193245584204645,-0.18857847993260402,0.20133932491162163,-0.21682178139577896,0.2263250606042151,-0.23095979732173122,0.2499999999999999,-0.23639616759766138,0.2278680794817973,0.15195772792011727,-0.16673839333654944,0.195982341581989,-0.20528605131581115,0.21559900420509173,-0.20478959528934065,0.19241467782497534,-0.16891184793842134,0.12971138583941635,-0.04944542491820453,-0.12876685710866148,0.16653024442657458,-0.17338079035769133,0.18795008414278647,-0.1750794308814798,0.16085045785613314,-0.13527516289142685,0.1000978602479299,-0.06407084680400797,0.05921040462315683,0.06800501660516078,0.03222364033330588,0.10357646805361007,0.022886592649616108,0.1009934367889055,0.04293498179271497,0.06025828327062378,0.04720328716204235,0.017630073016866702,0.0649557227962653
-0.06173635814398204,-0.0889895423794966,0.12971355027121337,-0.09573999044646622,0.1606252309965758,-0.09628948251995093,0.18004614843879946,-0.10159800730939388,0.18245787377202521,-0.07783303981493965,-0.0874129509535974,0.14646552944491473,-0.15474019679350662,0.17880919197844533,-0.19590315937117156,0.2114778995643795,-0.2196423550593809,0.2285030882469565,-0.23244063121560876,0.23890030488495298,0.13475910115246534,-0.15087814559270976,0.18782745535774462,-0.20009129122355168,0.21515900370014446,-0.2243728192747997,0.22808129528336624,-0.23639616759766138,0.24999999999999986,-0.24087643101284104,-0.15999508815601748,0.17359414870893786,-0.19505300943368492,0.2043778320010862,-0.21329824401656575,0.20237454693030282,-0.18974610412200688,0.16628592964934824,-0.12702122003697652,0.04669864225192634,0.1354359824956924,-0.16966204774882862,0.17520358129206373,-0.18653024268638313,0.17241825158941756,-0.1573703349033188,0.13204613085042802,-0.09675545277669378,0.05988317776870634,-0.055256489758158764,-0.08071840975466202,-0.04333571442086216,-0.10031691622635604,-0.033942274307456485,-0.09467189276664628,-0.054633470405751075,-0.05376939773443708,-0.05894695988810275,-0.010413524206318666,-0.07784648248833324
0.06794100246063974,0.09392721499908198,-0.12880032920997214,0.10057871774046455,-0.1620997060088118,0.1026911387746355,-0.18646789631121896,0.10800145905863051,-0.18887767590238144,0.08423203931100594,0.08315650705477416,-0.14295056654091018,0.15121149938504885,-0.17559667745527743,0.19354260299625564,-0.21138984847181377,0.22399498980236135,-0.23494002049328327,0.2388662143023676,-0.24533313149230085,-0.1318210673563257,0.1477275493562669,-0.18437233770090705,0.19589609872290556,-0.2093869372929492,0.218331859215673,-0.22057303570805833,0.2278680794817973,-0.24087643101284104,0.2500000000000001,0.1616811417527042,-0.17438202535901157,0.19149698589267256,-0.20085499009012675,0.2047571943075062,-0.1938411716354342,0.18115471107093403,-0.1578460617482201,0.11874007186413661,-0.03882206482166542,-0.13698483797895816,0.16839974096777716,-0.1733369765380819,0.1828767356780651,-0.1665215561157136,0.14902667951161308,-0.1238089018067674,0.08868422483894722,-0.05212528958372689,0.04751130693348828,0.08698265735300757,0.04944874691741123,0.09605326074087814,0.04057767395781101,0.08754993418827686,0.061239113330027246,0.0461966399197149,0.06552288653685318,0.0031475729998140093,0.08424572089690756
0.10738168757520722,0.13704600589086893,-0.1714857486960019,0.14300549390958794,-0.16305334715327274,0.1370658541463309,-0.15410765627380033,0.13808175588379976,-0.15515921299135293,0.12756302312115642,0.10617601321025744,-0.18546361631095087,0.18504014816566453,-0.18575988944944494,0.17151575861519244,-0.16255733435506092,0.16248905361168778,-0.1652450402404018,0.1625950642239067,-0.16059538921156327,-0.18261186803353652,0.17973514351967676,-0.18929724878395415,0.1732003908957688,-0.15990077101641165,0.15067263869176434,-0.15131236467103362,0.15195772792011727,-0.15999508815601748,0.1616811417527042,0.24999999999999994,-0.22929492792109563,0.18214797849153344,-0.16915869021394422,0.14535337282601887,-0.13540147491036178,0.12283790769010443,-0.10107770229717909,0.06388743778558251,0.011602796730315742,-0.17207342841029177,0.20174283732584977,-0.18448156570782515,0.14216444368972395,-0.11819277614420416,0.09249632076382963,-0.06873038127792527,0.03550500676824939,-0.0008536693592283072,-0.0035382634109198327,0.13011322946418136,0.08922048270643614,0.07828845501397654,0.08591529177737682,0.036904802629618844,0.10589708381834763,-0.004576462394995567,0.10995988760018276,-0.0453288086446924,0.12757584588258095
-0.10764528935561167,-0.1391523192314545,0.17803287423536812,-0.14523506003543712,0.17249370311409354,-0.13890069571919586,0.16050659377476237,-0.13986432127999224,0.16206188790353987,-0.12854789276950582,-0.11162791888712281,0.19342521606795265,-0.19473223863966269,0.19964361143579745,-0.18577461418909522,0.17546310358485956,-0.17285917400509307,0.17533253850760666,-0.17379530630751505,0.1732641124777522,0.1731808834043992,-0.18040634383783757,0.20629941473316213,-0.19116953775839146,0.17768098477377664,-0.16836326076745214,0.16844095362248057,-0.16673839333654944,0.17359414870893786,-0.17438202535901157,-0.22929492792109563,0.24999999999999994,-0.2001458088477301,0.18710200900522075,-0.16303308354622909,0.15237551193499305,-0.13904248092298285,0.11584884177060166,-0.07631645096986171,-0.003985992940448534,0.18448108479617392,-0.22127432451596427,0.20316569692489125,-0.15876360030065134,0.13357428996234086,-0.10668025096488905,0.08141032731860688,-0.04604992580962946,0.00924321169672798,-0.004626854781578562,-0.13140837009374173,-0.0877145430974592,-0.09052352529863805,-0.08404958996390524,-0.047056429501550735,-0.10534743214060827,-0.003068688226703196,-0.10966156011288804,0.04024943909280756,-0.12856162258069292
