x1,x2,x3,x4,x5,x6,x7,x8,x9,x10,x11,x12,x13,x14,x15,x16,x17,x18,x19,x20,x21,x22,x23,x24,x25,x26,x27,x28,x29,x30,x31,x32,x33,x34,x35,x36,x37,x38,x39,x40,x41,x42,x43,x44,x45,x46,x47,x48,x49,x50,x51,x52,x53,x54,x55,x56,x57,x58,x59,x60
0.25,0.24980991580803774,0.249959462632067,0.24996106627256812,0.24993251132164945,0.2499672220461709,0.24984148910992596,0.2499514419807828,0.24989737707214968,0.2499624320355236,0.24989978722346673,0.24638168738309363,0.24318358708170995,0.24453290972494585,0.2411738964473154,0.23581805930393068,0.24005853707998004,0.24226732490007447,0.24833257188151467,0.24987967321393953,0.24988308138257004,0.24593114642953443,0.24716933599951285,0.2434976957806428,0.24734377928590953,0.23807118532469,0.2462817137098632,0.24497880338339356,0.24736849488160564,0.2497812026451272,0.2499031921743654,0.2447982212208498,0.2448620730803427,0.24193516935264417,0.2463808544678579,0.2381205744412373,0.24692057648073618,0.24635497071022117,0.24828713821119297,0.24976998870715944,0.24988914384335847,0.24571245441605857,0.24275530208805504,0.2435639236247451,0.24056676823688392,0.2350833631473701,0.23847552127007202,0.2414606866071253,0.2480082207844476,0.24989303770145724,0.24996462563304442,0.2497989046614044,0.24993609265054947,0.24996094507585717,0.24988522978685215,0.24996957518236815,0.2497060224715272,0.2499676532565315,0.2497302102132594,0.24996261899663677
0.24980991580803774,0.25000000000000006,0.24981423204552688,0.24981583475428631,0.24978729639426697,0.24982198695128274,0.24969632706795564,0.2498062160543739,0.24975218255834794,0.24981719972371105,0.24975459130932737,0.24623853554321296,0.2430422933910577,0.24439083205549622,0.2410337704201973,0.23568104510687338,0.23991905909512223,0.24212656357292062,0.24818828654543829,0.24973448898637263,0.24973789517480077,0.24578825636140778,0.2470257265227444,0.24335621958763495,0.2472000684547033,0.23793286202410782,0.246138619956342,0.244836466642345,0.2472247696902291,0.24963607563059123,0.249757994281893,0.2446559894010278,0.24471980416153305,0.24179460101336311,0.2462377031119144,0.23798222244476058,0.24677711153736676,0.24621183439316954,0.248142879272831,0.24962486820810664,0.24974395411319827,0.2455696914116123,0.24261425723807498,0.24342240895226339,0.240426994961308,0.23494677582094398,0.23833696304361032,0.24132039395017532,0.24786412390172838,0.24974784570890116,0.2498193920467147,0.2496537673617032,0.24979087564235505,0.24981571362799204,0.24974004233082353,0.24982433872026805,0.24956093913791583,0.2498224179111021,0.2495851128261697,0.24981738657619582
0.249959462632067,0.24981423204552688,0.2500000000000001,0.24996538512164812,0.2499368296773546,0.24997154100161093,0.2498458058929415,0.24995576066357356,0.2499016948208022,0.24996675090820156,0.24990410501376228,0.24638594438735345,0.24318778882891415,0.24453713478586422,0.2411780634709098,0.2358221337889044,0.24006268483229798,0.2422715108160208,0.24833686259332727,0.24988399065670325,0.24988739888422049,0.24593539564930864,0.24717360661283427,0.24350190295504445,0.24734805291327727,0.23807529873937117,0.24628596898676924,0.24498303614850164,0.2473727689360119,0.24978551838650806,0.2499075100234921,0.24480245086584332,0.24486630382857416,0.2419393495295779,0.2463851114577262,0.23812468870926806,0.2469248427959687,0.2463592272528681,0.24829142813799795,0.24977430425478456,0.2498934614497561,0.2457166998572524,0.2427594964353137,0.24356813194343707,0.2405709247704639,0.23508742493819915,0.23847964167090466,0.24146485858590463,0.24801250589209275,0.24989735537513336,0.2499689445436231,0.2498032207086416,0.24994041106813267,0.2499652639228428,0.2498895473256224,0.24997389417846544,0.24971033691393768,0.24997197221942155,0.249734525073588,0.24996693787254456
0.24996106627256812,0.24981583475428631,0.24996538512164812,0.2500000000000002,0.24993843317265155,0.249973144719602,0.24984740880426604,0.2499573642803242,0.24990329809068787,0.24996835459546118,0.24990570829911068,0.24638752510158266,0.2431893490250492,0.24453870363886632,0.241179610773446,0.235823646729926,0.24006422497900845,0.24227306513368044,0.2483384558238712,0.2498855938130064,0.2498890020623889,0.24593697347299617,0.2471751923803908,0.24350346516641083,0.24734963980001187,0.23807682613580283,0.24628754905959577,0.2449846078622291,0.24737435598131435,0.2497871209110519,0.2499091133306853,0.24480402142100752,0.24486787479339386,0.24194090171622304,0.2463866921666116,0.2381262164225663,0.24692642696755562,0.24636080779569067,0.24829302107705323,0.249775906707383,0.24989506466681968,0.24571827627787507,0.2427610538836951,0.2435696945797022,0.24057246817783978,0.2350889331656213,0.23848117166144012,0.24146640772840464,0.24801409704169364,0.24989895861717887,0.24997054824495632,0.24980482334675663,0.24994201458640636,0.2499668676005626,0.24989115051757452,0.2499754979115535,0.24971193895614716,0.24997357594017913,0.24973612727097907,0.24996854156100373
0.24993251132164945,0.24978729639426697,0.2499368296773546,0.24993843317265155,0.2500000000000003,0.24994458838887057,0.2498188639816792,0.24992880971246598,0.24987475015731897,0.24993979881257408,0.24987715954045314,0.24635932323912635,0.24316075489109473,0.2445106330901132,0.24115198749426028,0.23579668046841934,0.24003678364464315,0.2422454074719311,0.2483100831631955,0.24985704777975834,0.24986045562835013,0.24590884423996087,0.2471469840936748,0.2434755938127024,0.24732141544566494,0.2380495400069453,0.24625944613242975,0.2449566354574875,0.24734610683913488,0.2497585858405709,0.24988056402498884,0.2447760253379599,0.24483986248399106,0.24191321741599234,0.24635852951385803,0.23809898349879188,0.2468982090568551,0.2463326572695122,0.24826465163844896,0.24974737296359284,0.24986651723567344,0.24569019996152713,0.2427333159661552,0.2435418628958174,0.24054498104702848,0.23506207430358636,0.23845392482308486,0.24143882308267364,0.2479857641194277,0.24987041074844663,0.2499419922108421,0.24977628624452156,0.249913461716618,0.24993831198690647,0.2498626035301124,0.24994694131200088,0.24968341234066385,0.24994501956018594,0.24970759799820438,0.2499399857561259
0.2499672220461709,0.24982198695128274,0.24997154100161093,0.249973144719602,0.24994458838887057,0.2500000000000003,0.24985356177883433,0.24996351996275826,0.24990945244163776,0.249974510548553,0.2499118627094165,0.24639359286983836,0.2431953380320475,0.2445447258763259,0.24118555028676175,0.23582945434229194,0.24007013702379698,0.24227903157542013,0.24834457163756093,0.24989174772795406,0.24989515606127174,0.24594303014554864,0.24718127954647318,0.24350946190912517,0.24735573126219848,0.23808268923705928,0.24629361436574845,0.24499064108094057,0.24738044805218476,0.2497932724009145,0.24991526782484677,0.24481005019242966,0.24487390513732818,0.24194685997779708,0.2463927599143547,0.23813208074015393,0.24693250800730973,0.24636687490598097,0.24829913577182383,0.249782057921074,0.24990121881500535,0.2457243275645866,0.2427670323430985,0.24357569295344345,0.2405783927390968,0.2350947226842472,0.2384870447204851,0.2414723543046483,0.24802020486742163,0.24990511286126063,0.24997670425207066,0.2498109752725756,0.24994816989082438,0.249973023517034,0.24989730456936693,0.24998165404056308,0.2497180885945089,0.24997973202185636,0.24974227750502467,0.2499746975186997
0.24984148910992596,0.24969632706795564,0.2498458058929415,0.24984740880426604,0.2498188639816792,0.24985356177883433,0.2500000000000003,0.24983778887623162,0.2497837472070438,0.2498487739416781,0.2497861564796781,0.24626938890036615,0.24307170108193754,0.2444213853906269,0.24106407523529527,0.23571067842187587,0.23994934296516832,0.24215710040244473,0.2482196421888679,0.2497660525907107,0.24976945946713933,0.2458191521222894,0.24705688130909034,0.24338678316864704,0.2472312684524406,0.23796268608090754,0.24616968921835986,0.24486734720990885,0.2472560049623283,0.24966762705660067,0.24978956097779775,0.24468689206235428,0.24475070342800676,0.24182513301673428,0.24626881097047879,0.2380122791326871,0.2468082809272167,0.24624293633978642,0.2481742312544821,0.24965641809529765,0.24977551902255998,0.24560072134585778,0.24264491387433623,0.24345316184232846,0.24045737312371504,0.23497645814881324,0.2383670784356309,0.24135088802654464,0.24789545040780464,0.2497794111906392,0.2498509665462915,0.24968532092823295,0.24982244654007565,0.2498472876626694,0.24977160655224187,0.2498559138450561,0.2495924809485208,0.24985399279312206,0.24961665770098818,0.2498489608223093
0.2499514419807828,0.2498062160543739,0.24995576066357356,0.2499573642803242,0.24992880971246598,0.24996351996275826,0.24983778887623162,0.25000000000000033,0.24989367600667034,0.2499587300229989,0.24989608612442984,0.24637803447301757,0.24317995304969342,0.24452928311797012,0.24117032246921935,0.23581456484861746,0.24005498125023864,0.24226373608656168,0.24832889384878032,0.2498759724255429,0.24987938054662392,0.24592750181580708,0.24716567450942542,0.2434940869097657,0.24734011551416232,0.23806765613705425,0.2462780657313467,0.24497517440816258,0.2473648311599849,0.24977750331744278,0.24989949103818263,0.24479459540355597,0.24485844614406427,0.24193158580122842,0.24637720529854026,0.2381170475076694,0.24691691925358408,0.24635132191761,0.24828346087316988,0.24976628954460717,0.2498854429156525,0.24570881525109614,0.24275170672472424,0.24356031621466345,0.2405632052641321,0.2350798813526067,0.23847198928753358,0.24145711043677023,0.2480045477039892,0.24988933671698713,0.24996092358808458,0.24979520507081923,0.24993239102802384,0.24995724308540754,0.24988152891486665,0.2499658730641041,0.24970232425612734,0.24996395116673148,0.24972651163987117,0.2499589169813957
0.24989737707214968,0.24975218255834794,0.2499016948208022,0.24990329809068787,0.24987475015731897,0.24990945244163776,0.2497837472070438,0.24989367600667034,0.2500000000000003,0.24990466353922464,0.24984203336258481,0.24632476110199272,0.24312692193234026,0.24447638279282893,0.2411181551974847,0.23576357787280483,0.2400030574394657,0.2422113569041589,0.24827518114737243,0.24982192401487874,0.2498253313346801,0.24587432298458628,0.24711223812791477,0.24344143091540474,0.24728663860741482,0.2380161694861588,0.24622481833530113,0.24492220587281543,0.24731133292575366,0.2497234760065983,0.24984543723662336,0.2447416355149306,0.24480547021666055,0.2418792397769224,0.2463239087308016,0.23806553298682762,0.24686351052780545,0.24629803609662496,0.24822975661656024,0.24971226471687916,0.24983139228621623,0.24565566683094825,0.24269919818759292,0.24350763342803847,0.2405111709248055,0.2350290346858723,0.23842040762885494,0.2414048842481937,0.24795090392854538,0.24983528522983312,0.24990685662856693,0.24974117395639295,0.24987833019389646,0.24990317692198077,0.24982747917387166,0.24991180503400523,0.24964831317921363,0.24990988355234117,0.24967249537878172,0.24990485045590777
0.2499624320355236,0.24981719972371105,0.24996675090820156,0.24996835459546118,0.24993979881257408,0.249974510548553,0.2498487739416781,0.2499587300229989,0.24990466353922464,0.2500000000000004,0.24990707375993143,0.24638887131386902,0.24319067518412135,0.2445400396437524,0.24118092851795336,0.2358249352844394,0.24006553666203986,0.24227438895119421,0.24833981272286954,0.2498869591641041,0.24989036743193765,0.24593831725675466,0.24717654298711306,0.24350479564086325,0.24735099135591151,0.23807812693846164,0.2462888948137189,0.24498594648575817,0.247375707631204,0.24978848572349235,0.24991047880935183,0.24480535896979444,0.2448692126807666,0.24194222360239243,0.24638803838170434,0.23812751748827857,0.24692777614549088,0.246362153885915,0.24829437772375992,0.2497772714587428,0.24989643006915407,0.24571961885388707,0.24276238030268654,0.24357102541830153,0.24057378264094806,0.23509021767202362,0.238482474699185,0.24146772708102318,0.2480154521665577,0.24990032404074825,0.24997191405972016,0.2498061882560155,0.2499433802451179,0.24996823339521576,0.24989251589862965,0.24997686375336187,0.2497133033577279,0.24997494177148605,0.24973749180487176,0.2499699073648033
0.24989978722346673,0.24975459130932737,0.24990410501376228,0.24990570829911068,0.24987715954045314,0.2499118627094165,0.2497861564796781,0.24989608612442984,0.24984203336258481,0.24990707375993143,0.2500000000000005,0.2463261534828973,0.24312901583386223,0.24447875170293934,0.2411203916646963,0.23576571302669497,0.24000510361628585,0.24221374422852096,0.2482775555551651,0.2498243343271382,0.2498277415998662,0.24587634599868505,0.24711468048037097,0.2434435045594832,0.24728910076923835,0.23801813640614589,0.24622727736727923,0.24492456076982866,0.24731375022521507,0.24972588473847193,0.24984784595924484,0.24474390685188918,0.24480771948223465,0.24188143549928137,0.24632624261010516,0.23806775106399067,0.24686585930309102,0.24630038711544008,0.24823213298052707,0.24971467332467562,0.24983380176215794,0.2456580224177873,0.24270152506803766,0.24350996691059826,0.2405134777640531,0.23503129668656575,0.23842269728769783,0.24140721149948455,0.24795329383493275,0.24983769472213185,0.24990926687132292,0.24974358260061072,0.2498807397863312,0.24990558712919841,0.24982988866946138,0.2499142153244813,0.24965072048204873,0.24991229382427788,0.2496749032870262,0.24990726067930252
0.24638168738309363,0.24623853554321296,0.24638594438735345,0.24638752510158266,0.24635932323912635,0.24639359286983836,0.24626938890036615,0.24637803447301757,0.24632476110199272,0.24638887131386902,0.2463261534828973,0.25000000000000056,0.23962634537457578,0.24100922893696822,0.23768452277289506,0.23238713736809793,0.23658568471652733,0.23878370686861178,0.24477541697871164,0.2463073695982875,0.24631091004698596,0.24236239623765707,0.2436283305974455,0.23993829919765092,0.24380635540399503,0.23455208684120732,0.24275751174159602,0.2414536544475246,0.24383055526536093,0.2462104445054356,0.24633034645840615,0.24127893410385048,0.2413377770827772,0.23844582098954709,0.24284714543963154,0.23469418233741587,0.2433783918678009,0.24282229145961404,0.24473089653769764,0.24619920205099785,0.24631658711415533,0.24219385188779072,0.23927820868805613,0.24007200066902357,0.23712043947339434,0.23171500447916404,0.23506044768133125,0.23800519848477142,0.24446190332406958,0.24632047871879828,0.2463910335729577,0.2462276818203364,0.2463628515269728,0.24638740563764525,0.24631260586324713,0.24639591236478095,0.2461360308899073,0.24639401791513924,0.24615994808734915,0.24638905562729999
0.24318358708170995,0.2430422933910577,0.24318778882891415,0.2431893490250492,0.24316075489109473,0.2431953380320475,0.24307170108193754,0.24317995304969342,0.24312692193234026,0.24319067518412135,0.24312901583386223,0.23962634537457578,0.25000000000000056,0.23776402676733366,0.23451081239519395,0.2293167961000105,0.23351811926719437,0.23567485072743163,0.24159494209933505,0.243110254552126,0.24311376576280821,0.23918164635691275,0.240465169466939,0.23677800500077595,0.2406491024271057,0.23143691641218944,0.23961337079362668,0.23831296179207434,0.24066727543269367,0.24301451851547962,0.24313285400915094,0.23813689251924536,0.23819042598571954,0.23533691844934435,0.23968867012009243,0.23163544942055744,0.2402121615833711,0.23966512809021445,0.24155091485639144,0.2430034609154684,0.24311931542987233,0.23904646689490539,0.23616960044439075,0.2369510965322523,0.23403927966692673,0.22870285594159798,0.23200658841424776,0.2349141745471671,0.24128845272639823,0.24312317742982562,0.24319281195431208,0.24303158058021007,0.24316500022531387,0.24318923111307936,0.2431153591863218,0.2431976274188573,0.24294111182594325,0.2431957575600756,0.24296472280507528,0.24319085968413254
0.24453290972494585,0.24439083205549622,0.24453713478586422,0.24453870363886632,0.2445106330901132,0.2445447258763259,0.2444213853906269,0.24452928311797012,0.24447638279282893,0.2445400396437524,0.24447875170293934,0.24100922893696822,0.23776402676733366,0.25000000000000056,0.23575379004518618,0.23058578198627291,0.2347429705904219,0.2370068047609396,0.2429350099940184,0.2444594347936224,0.24446329591168448,0.240528797896139,0.2418222892216751,0.23808134418980334,0.24201599958234968,0.23270425649770804,0.24097084714491165,0.2396315496231841,0.24200847746802193,0.2443633806993706,0.2444817234504241,0.23944102967321065,0.23949973916189293,0.23661365315701804,0.24101105925735858,0.2328991846505951,0.24153788300197943,0.24098628990565696,0.24288693643747383,0.24435186271216372,0.2444682395495552,0.24036910603046152,0.23747343462047932,0.23825861599121062,0.23533169954210326,0.22996772562568057,0.23328899516749607,0.23621537336052917,0.24262652916987956,0.24447216517365097,0.24454218578137576,0.24438005969551055,0.2445140996156139,0.24453858506658066,0.24446417072289212,0.24454702796781722,0.24428890902515268,0.24454514773181124,0.24431279642297654,0.24454022267995654
0.2411738964473154,0.2410337704201973,0.2411780634709098,0.241179610773446,0.24115198749426028,0.24118555028676175,0.24106407523529527,0.24117032246921935,0.2411181551974847,0.24118092851795336,0.2411203916646963,0.23768452277289506,0.23451081239519395,0.23575379004518618,0.2500000000000005,0.22703767956617465,0.23130014957714967,0.23369229732007116,0.2395666204515838,0.24110144769731076,0.24110488994550766,0.23722069831113976,0.23856001677615501,0.2348103845098528,0.23870632465445812,0.22931969240561612,0.23766715642137842,0.23633899130316785,0.23868208193599882,0.24100634330368825,0.24112331805981546,0.2361387445159824,0.23617416953568748,0.23334280987869113,0.23768630852372924,0.22969644644978082,0.23821549150694307,0.23767685785173057,0.23954840549111658,0.2409952562238386,0.24111011113769446,0.2370613150813362,0.23421008083629918,0.2349760401423894,0.23209407955769412,0.22680114949304137,0.2300804166146048,0.23296757208103014,0.2392934807768329,0.24111399832593583,0.24118304508113217,0.2410231461611345,0.24115542288908787,0.2411794938354219,0.24110608480577922,0.24118782075315431,0.24093333618088625,0.24118596634735687,0.24095681690214335,0.2411811089483097
0.23581805930393068,0.23568104510687338,0.2358221337889044,0.235823646729926,0.23579668046841934,0.23582945434229194,0.23571067842187587,0.23581456484861746,0.23576357787280483,0.2358249352844394,0.23576571302669497,0.23238713736809793,0.2293167961000105,0.23058578198627291,0.22703767956617465,0.25000000000000067,0.2259219429512709,0.22837534882972754,0.23420034457058345,0.23574739735258196,0.2357514661443191,0.2318795963484763,0.23328673211874182,0.22953398439133388,0.23333727091696624,0.22393724122175945,0.23232189494937852,0.23099855728390375,0.23335414135698532,0.2356553682044796,0.235768189912365,0.23084605581558623,0.23086105895863107,0.22806767978052808,0.23236636792024484,0.22454322857309367,0.2329116318752248,0.2323837632178983,0.23421728219679464,0.23564352182009268,0.2357555649814189,0.23178703812925824,0.22899072918123387,0.2297311295451815,0.22692234065952002,0.22175319364279833,0.22495858618959486,0.22778859425902012,0.2339778980037648,0.23575952175147874,0.23582700476026028,0.23567065671575022,0.2357997085759822,0.2358235323882127,0.23575112448557123,0.23583167439067756,0.2355824164964283,0.2358298611622399,0.23560572272403732,0.2358251116342709
0.24005853707998004,0.23991905909512223,0.24006268483229798,0.24006422497900845,0.24003678364464315,0.24007013702379698,0.23994934296516832,0.24005498125023864,0.2400030574394657,0.24006553666203986,0.24000510361628585,0.23658568471652733,0.23351811926719437,0.2347429705904219,0.23130014957714967,0.2259219429512709,0.2500000000000004,0.23237469815279646,0.23846606516022725,0.23998646582561373,0.239989663563467,0.23617733966401483,0.23756946973106535,0.23398544817050568,0.23766430859345916,0.22826649932677423,0.23656089268346847,0.23515261369932236,0.23755867813232415,0.23989153624413037,0.2400080941720452,0.23503004355426585,0.2350574382929421,0.23222786215815525,0.23656591083813897,0.22859715636703068,0.23711832808837482,0.23658160537265302,0.23844196568999,0.23988072483880918,0.23999502532971498,0.2359612675623733,0.23312313564572293,0.23388341493364603,0.23101899407701693,0.22575023189203963,0.22901594186700672,0.2318915997259426,0.2381868452246204,0.2399989177907121,0.24006764340332878,0.23990848396779324,0.24004011942977987,0.24006410858628305,0.23999098052584283,0.24007239699174146,0.23981900982751475,0.2400705511603648,0.23984245956205222,0.24006571622524728
0.24226732490007447,0.24212656357292062,0.2422715108160208,0.24227306513368044,0.2422454074719311,0.24227903157542013,0.24215710040244473,0.24226373608656168,0.2422113569041589,0.24227438895119421,0.24221374422852096,0.23878370686861178,0.23567485072743163,0.2370068047609396,0.23369229732007116,0.22837534882972754,0.23237469815279646,0.25000000000000067,0.24064539518826458,0.24219446213338106,0.24219807891304757,0.23834005320172744,0.2396833228525316,0.236010371802013,0.23983829914931262,0.2307056745386011,0.2386696572330278,0.23731060989646297,0.23972301801589066,0.24209953406207646,0.24221640128857533,0.23716583866429305,0.23721116617360702,0.23432426362544867,0.23872936781147097,0.23064544951807472,0.23928602711097316,0.2387360389815039,0.24062629495514215,0.2420878331267674,0.24220303991531153,0.23811411064873367,0.23524570242689155,0.23600185893529754,0.23312312693617257,0.2277969290105134,0.23110571331544508,0.23401186069466284,0.24037628820496446,0.242207241591208,0.24227651498885247,0.24211589151741816,0.2422487188372296,0.2422729476992554,0.24219843346649664,0.24228131233589562,0.24202534476515017,0.24227944952125335,0.2420492064728635,0.24227457010093273
0.24833257188151467,0.24818828654543829,0.24833686259332727,0.2483384558238712,0.2483100831631955,0.24834457163756093,0.2482196421888679,0.24832889384878032,0.24827518114737243,0.24833981272286954,0.2482775555551651,0.24477541697871164,0.24159494209933505,0.2429350099940184,0.2395666204515838,0.23420034457058345,0.23846606516022725,0.24064539518826458,0.2500000000000006,0.24826079190146844,0.24826101831927624,0.24432836967120286,0.2455976986302814,0.24193670217140562,0.24575848985202398,0.2364779365152697,0.24468300742521362,0.24336174896332338,0.24575824982977135,0.24815976483829616,0.24828085935937622,0.24319427963543225,0.24325239256669876,0.24034008064433368,0.2447705441654538,0.23655601993914158,0.24531247675204115,0.24475139834959664,0.24667230285813063,0.2481486122771069,0.24826696921462674,0.24411221669214142,0.2411747227613589,0.24197413954442076,0.238999708941231,0.23355072573747307,0.23692320520767293,0.23989079936784233,0.2463978389085878,0.24827087897555292,0.24834199207612304,0.2481773469158525,0.24831363020939354,0.24833833541678932,0.2482630040615095,0.2483469094983013,0.24808501677527509,0.2483450000485579,0.24810908802106485,0.24833999846850435
0.24987967321393953,0.24973448898637263,0.24988399065670325,0.2498855938130064,0.24985704777975834,0.24989174772795406,0.2497660525907107,0.2498759724255429,0.24982192401487874,0.2498869591641041,0.2498243343271382,0.2463073695982875,0.243110254552126,0.2444594347936224,0.24110144769731076,0.23574739735258196,0.23998646582561373,0.24219446213338106,0.24826079190146844,0.25000000000000067,0.24980763564919592,0.24585662761387084,0.24709525927146897,0.24342380857238147,0.24726980565816484,0.2379988561552669,0.24620805249195793,0.24490498921505682,0.24729401361628228,0.2497057857434445,0.24982773362298882,0.2447239679180971,0.24478778045619187,0.24186162038122347,0.246306331500404,0.23804832460377717,0.2468459195000405,0.24628049507414476,0.24821212141348103,0.2496945748422597,0.24981369286561983,0.24563819708563572,0.24268194175485214,0.2434903174550934,0.24049407520426672,0.2350123445111544,0.23840347020847122,0.24138777162079186,0.24793333097440856,0.24981758557069172,0.24988915209882365,0.24972348116219778,0.24986062647719598,0.24988547265275612,0.24980978068219406,0.24989410015368135,0.2496306251808946,0.2498921788081147,0.24965480715175636,0.24988714606824883
0.24988308138257004,0.24973789517480077,0.24988739888422049,0.2498890020623889,0.24986045562835013,0.24989515606127174,0.24976945946713933,0.24987938054662392,0.2498253313346801,0.24989036743193765,0.2498277415998662,0.24631091004698596,0.24311376576280821,0.24446329591168448,0.24110488994550766,0.2357514661443191,0.239989663563467,0.24219807891304757,0.24826101831927624,0.24980763564919592,0.2500000000000008,0.24586074233597216,0.24709905849267325,0.24342875460539068,0.24727347630767318,0.23800376485299343,0.24621158428633594,0.2449087252982356,0.24729741296751137,0.24970918979105564,0.24983114258731454,0.2447274745198089,0.24479136977495963,0.24186519050221836,0.24630977569641438,0.23805168849550018,0.2468494018134566,0.24628394614784957,0.24821557244553188,0.24969797998087376,0.24981710032059684,0.2456415698290273,0.2426852859521601,0.2434936809574737,0.24049739598421016,0.23501557736121256,0.23840675647447554,0.24139108532615997,0.2479367179390226,0.2498209929354878,0.24989256039673532,0.24972688720135747,0.24986403520513584,0.24988888090055048,0.2498131886194442,0.24989750851907622,0.24963403093109593,0.24989558714731425,0.24965821246829095,0.24989055433880356
0.24593114642953443,0.24578825636140778,0.24593539564930864,0.24593697347299617,0.24590884423996087,0.24594303014554864,0.2458191521222894,0.24592750181580708,0.24587432298458628,0.24593831725675466,0.24587634599868505,0.24236239623765707,0.23918164635691275,0.240528797896139,0.23722069831113976,0.2318795963484763,0.23617733966401483,0.23834005320172744,0.24432836967120286,0.24585662761387084,0.24586074233597216,0.2500000000000006,0.24314670471050343,0.23949496395334657,0.24340725700908722,0.23411889573626266,0.24238442343420835,0.24103996916405054,0.2434120818175693,0.2457611429372842,0.24588029423070065,0.2408552370265218,0.24092046340998172,0.23803163768215188,0.24241449278978838,0.2342574720851927,0.2429311060009528,0.2423601200201322,0.24428270732606647,0.24574900233482355,0.24586609308449658,0.24174939931334677,0.23883653425311466,0.2396247602594773,0.23667728752914746,0.23127194437652782,0.23461759009812022,0.23755561043376938,0.2440127322938169,0.24587007598916844,0.2459404755217384,0.24577742256797167,0.24591234366276743,0.2459368542284528,0.24586199519303004,0.2459453453966798,0.2456858531830345,0.24594345441273038,0.24570976977153725,0.24593850119994734
0.24716933599951285,0.2470257265227444,0.24717360661283427,0.2471751923803908,0.2471469840936748,0.24718127954647318,0.24705688130909034,0.24716567450942542,0.24711223812791477,0.24717654298711306,0.24711468048037097,0.2436283305974455,0.240465169466939,0.2418222892216751,0.23856001677615501,0.23328673211874182,0.23756946973106535,0.2396833228525316,0.2455976986302814,0.24709525927146897,0.24709905849267325,0.24314670471050343,0.2500000000000007,0.2407127217387439,0.24493130079920417,0.23571798798961818,0.24410258518794883,0.2425882948906743,0.2448374854908815,0.24700214368135193,0.24711831192613778,0.24203514669226592,0.24209830460604936,0.23919064371068835,0.24380275810647115,0.23544375312641436,0.24431656347894298,0.2436199884400298,0.24559409753051584,0.2469863078556455,0.24710375230731527,0.24294837503355088,0.2400165085068848,0.24080313832707678,0.23784288242339213,0.2323947913760406,0.2357730221508255,0.23873427893581597,0.2452375578509263,0.24710801249421613,0.24717871204709477,0.24701483830435955,0.24715044425711843,0.2471750725484806,0.24709960260316635,0.24718360645532492,0.24692242471355103,0.2471817059485483,0.24694675270985708,0.24717672779898955
0.2434976957806428,0.24335621958763495,0.24350190295504445,0.24350346516641083,0.2434755938127024,0.24350946190912517,0.24338678316864704,0.2434940869097657,0.24344143091540474,0.24350479564086325,0.2434435045594832,0.23993829919765092,0.23677800500077595,0.23808134418980334,0.2348103845098528,0.22953398439133388,0.23398544817050568,0.236010371802013,0.24193670217140562,0.24342380857238147,0.24342875460539068,0.23949496395334657,0.2407127217387439,0.2500000000000004,0.24089906787607357,0.23166340983915337,0.24020937875163997,0.23863850789803945,0.2410936754660444,0.24333323298382414,0.24344845499306217,0.23854594485688382,0.2386830135464281,0.23574246649749583,0.24004334866746144,0.23195623659152986,0.24059616529588754,0.23994646218364662,0.24189466380911262,0.243317403381976,0.24343310052601105,0.2393637843385519,0.23646368551190905,0.23723666675163033,0.23431648088312942,0.22895008811321058,0.2322723041754393,0.235176374873678,0.24159410022615757,0.24343731963974158,0.2435069325391123,0.24334549328714428,0.2434790362877937,0.24350334711147148,0.2434285150325794,0.24351175424539986,0.24325461313538174,0.2435098819757789,0.243278402546495,0.2435049777767405
0.24734377928590953,0.2472000684547033,0.24734805291327727,0.24734963980001187,0.24732141544566494,0.24735573126219848,0.2472312684524406,0.24734011551416232,0.24728663860741482,0.24735099135591151,0.24728910076923835,0.24380635540399503,0.2406491024271057,0.24201599958234968,0.23870632465445812,0.23333727091696624,0.23766430859345916,0.23983829914931262,0.24575848985202398,0.24726980565816484,0.24727347630767318,0.24340725700908722,0.24493130079920417,0.24089906787607357,0.2500000000000004,0.23546923050361962,0.24398003939104254,0.24263291162528003,0.2450352451240727,0.24717951585335385,0.24729396548689667,0.24242663524545935,0.24271350557670826,0.23946866339848105,0.2437742801314002,0.23562611373405354,0.24459708435902636,0.24381402183263076,0.24581012878466438,0.24716058541827024,0.24727824144813856,0.24316983776811646,0.2402095480167356,0.24099781194561082,0.23802951849426562,0.23258709979572811,0.23595505089298197,0.2389074929991922,0.24541242338379884,0.24728243080531037,0.24735316194650173,0.2471891726958806,0.24732493986751264,0.24734951988442253,0.24727390261347312,0.2473580598086265,0.2470969632148925,0.24735615796476276,0.24712106702647024,0.2473511763022538
0.23807118532469,0.23793286202410782,0.23807529873937117,0.23807682613580283,0.2380495400069453,0.23808268923705928,0.23796268608090754,0.23806765613705425,0.2380161694861588,0.23807812693846164,0.23801813640614589,0.23455208684120732,0.23143691641218944,0.23270425649770804,0.22931969240561612,0.22393724122175945,0.22826649932677423,0.2307056745386011,0.2364779365152697,0.2379988561552669,0.23800376485299343,0.23411889573626266,0.23571798798961818,0.23166340983915337,0.23546923050361962,0.2500000000000006,0.23440155209053015,0.23314972857082153,0.23559072108718182,0.2379117233116272,0.23802228424781763,0.23334940869880105,0.23357895944294627,0.23068799348812627,0.23471840733436403,0.22684543375205332,0.23515982727836457,0.23460290438484238,0.2364848867725434,0.23789465639053417,0.23800784044387469,0.2340174126878049,0.23116543394206107,0.23188106506872466,0.22903472514029066,0.2238072831633009,0.22705698689455217,0.22992311757737954,0.23620873215115382,0.23801237598744066,0.2380802161794359,0.23792237585819484,0.23805308225983784,0.23807671076678227,0.23800213962790623,0.23808493047064153,0.23783346017777743,0.23808309993868595,0.23785670907536355,0.23807830503659078
0.2462817137098632,0.246138619956342,0.24628596898676924,0.24628754905959577,0.24625944613242975,0.24629361436574845,0.24616968921835986,0.2462780657313467,0.24622481833530113,0.2462888948137189,0.24622727736727923,0.24275751174159602,0.23961337079362668,0.24097084714491165,0.23766715642137842,0.23232189494937852,0.23656089268346847,0.2386696572330278,0.24468300742521362,0.24620805249195793,0.24621158428633594,0.24238442343420835,0.24410258518794883,0.24020937875163997,0.24398003939104254,0.23440155209053015,0.2500000000000007,0.2413072592417464,0.24378173190800512,0.24611489296033567,0.2462311171081955,0.24134835058240264,0.24182766206199743,0.238899895092229,0.24341035116354884,0.23461087224071625,0.24325928921484932,0.24274807579866148,0.24478669204241202,0.24609915291377557,0.2462164779543369,0.24213286460257993,0.2391787390196116,0.23999661564379007,0.23699783847942255,0.23159409358942815,0.23494106239474266,0.23789518584611027,0.24436072490025001,0.24622068090541607,0.24629105606872553,0.24612777124048363,0.24626304977834965,0.24628742966283407,0.24621188642649558,0.2462959329066819,0.2460361200141607,0.24629403923533744,0.2460599601354155,0.24628907896427485
0.24497880338339356,0.244836466642345,0.24498303614850164,0.2449846078622291,0.2449566354574875,0.24499064108094057,0.24486734720990885,0.24497517440816258,0.24492220587281543,0.24498594648575817,0.24492456076982866,0.2414536544475246,0.23831296179207434,0.2396315496231841,0.23633899130316785,0.23099855728390375,0.23515261369932236,0.23731060989646297,0.24336174896332338,0.24490498921505682,0.2449087252982356,0.24103996916405054,0.2425882948906743,0.23863850789803945,0.24263291162528003,0.23314972857082153,0.2413072592417464,0.25000000000000067,0.24239615441771253,0.24481076809482263,0.24492768791036354,0.24004648386651528,0.24017075448301303,0.23753174905489968,0.24180538968191292,0.23341522109162327,0.24201566236191097,0.24144800551910545,0.2433362027748817,0.24479705512757166,0.244913790107074,0.24080469265300913,0.23788544102351664,0.2386548360234749,0.2357023765825267,0.23031993178418791,0.23366674282355687,0.23661793392494412,0.24306534763970428,0.24491818868006363,0.24498809629557786,0.24482567587188236,0.244960345269617,0.24498448913756046,0.2449088923707587,0.24499294735174687,0.24473435510188965,0.2449910637017694,0.2447582013806311,0.24498612967321534
0.24736849488160564,0.2472247696902291,0.2473727689360119,0.24737435598131435,0.24734610683913488,0.24738044805218476,0.2472560049623283,0.2473648311599849,0.24731133292575366,0.247375707631204,0.24731375022521507,0.24383055526536093,0.24066727543269367,0.24200847746802193,0.23868208193599882,0.23335414135698532,0.23755867813232415,0.23972301801589066,0.24575824982977135,0.24729401361628228,0.24729741296751137,0.2434120818175693,0.2448374854908815,0.2410936754660444,0.2450352451240727,0.23559072108718182,0.24378173190800512,0.24239615441771253,0.2500000000000006,0.2471978654974735,0.24731729349667017,0.24235981337346446,0.24262145899812818,0.23975168657375642,0.24423930783356246,0.2358648084010349,0.24458579643637612,0.24383831739790574,0.2457089037411999,0.24718520646280825,0.2473030989948154,0.2432124209048732,0.240250454364911,0.24107052521141714,0.2380534586015076,0.23263742680176663,0.23598247333872593,0.2389519150409279,0.24543998328171912,0.24730716465514035,0.2473778784740693,0.24721387300953324,0.24734970865728212,0.24737423605718786,0.24729860149746213,0.24738277682661158,0.24712183837961213,0.24738087479720247,0.24714578871591025,0.24737589263708956
0.2497812026451272,0.24963607563059123,0.24978551838650806,0.2497871209110519,0.2497585858405709,0.2497932724009145,0.24966762705660067,0.24977750331744278,0.2497234760065983,0.24978848572349235,0.24972588473847193,0.2462104445054356,0.24301451851547962,0.2443633806993706,0.24100634330368825,0.2356553682044796,0.23989153624413037,0.24209953406207646,0.24815976483829616,0.2497057857434445,0.24970918979105564,0.2457611429372842,0.24700214368135193,0.24333323298382414,0.24717951585335385,0.2379117233116272,0.24611489296033567,0.24481076809482263,0.2471978654974735,0.25000000000000056,0.24972926479908833,0.24462585600742037,0.24469021716170242,0.24176375706260697,0.24620865622098992,0.23795432954959633,0.2467494627421312,0.24618425405416527,0.24811431097697817,0.24959617723437783,0.24971524463436343,0.2455407375486011,0.2425856056257381,0.24339317346956474,0.24039852187164176,0.23491958308597846,0.2383091143001029,0.24129287545792924,0.24783564302082517,0.24971914180841848,0.24979067779401198,0.24962507215392196,0.2497621608933785,0.2497869997993058,0.2497113169488037,0.24979562389958448,0.2495322452511223,0.24979370331117345,0.2495564243040085,0.24978867255459414
0.2499031921743654,0.249757994281893,0.2499075100234921,0.2499091133306853,0.24988056402498884,0.24991526782484677,0.24978956097779775,0.24989949103818263,0.24984543723662336,0.24991047880935183,0.24984784595924484,0.24633034645840615,0.24313285400915094,0.2444817234504241,0.24112331805981546,0.235768189912365,0.2400080941720452,0.24221640128857533,0.24828085935937622,0.24982773362298882,0.24983114258731454,0.24588029423070065,0.24711831192613778,0.24344845499306217,0.24729396548689667,0.23802228424781763,0.2462311171081955,0.24492768791036354,0.24731729349667017,0.24972926479908833,0.25000000000000056,0.2447486278941522,0.24481063884549328,0.2418856152248792,0.24632926649423947,0.238070816516294,0.24686957056181283,0.24630364724496817,0.24823556021654866,0.24971807452403783,0.24983720380231642,0.2456612422927151,0.24270456541808053,0.24351265273770675,0.24051626597799555,0.23503373951780238,0.23842553212663592,0.24141003887088275,0.24795660561311295,0.24984109981945418,0.24991267195113046,0.24974698542696241,0.24988414434299105,0.24990899215929624,0.24983328466916782,0.24991762047190294,0.24965411880600616,0.24991569894555252,0.2496783039120668,0.249910665732028
0.2447982212208498,0.2446559894010278,0.24480245086584332,0.24480402142100752,0.2447760253379599,0.24481005019242966,0.24468689206235428,0.24479459540355597,0.2447416355149306,0.24480535896979444,0.24474390685188918,0.24127893410385048,0.23813689251924536,0.23944102967321065,0.2361387445159824,0.23084605581558623,0.23503004355426585,0.23716583866429305,0.24319427963543225,0.2447239679180971,0.2447274745198089,0.2408552370265218,0.24203514669226592,0.23854594485688382,0.24242663524545935,0.23334940869880105,0.24134835058240264,0.24004648386651528,0.24235981337346446,0.24462585600742037,0.2447486278941522,0.25000000000000067,0.23971260891168392,0.2368074303175743,0.24138413062038566,0.23298331917526086,0.24194864066752944,0.24132153201823867,0.2432651115411919,0.2446164062277245,0.24473278502253612,0.240562447921444,0.23762947668531925,0.2384186690821425,0.23551479731055885,0.23009632145225956,0.23351090566469765,0.23646894436526944,0.24288630123515415,0.24473760548038706,0.2448075072961415,0.24464520677115648,0.24478004315605853,0.24480390288561107,0.24472839911042388,0.24481235479366908,0.24455327051321987,0.24481047250749596,0.24457788096058022,0.24480554211021513
0.2448620730803427,0.24471980416153305,0.24486630382857416,0.24486787479339386,0.24483986248399106,0.24487390513732818,0.24475070342800676,0.24485844614406427,0.24480547021666055,0.2448692126807666,0.24480771948223465,0.2413377770827772,0.23819042598571954,0.23949973916189293,0.23617416953568748,0.23086105895863107,0.2350574382929421,0.23721116617360702,0.24325239256669876,0.24478778045619187,0.24479136977495963,0.24092046340998172,0.24209830460604936,0.2386830135464281,0.24271350557670826,0.23357895944294627,0.24182766206199743,0.24017075448301303,0.24262145899812818,0.24469021716170242,0.24481063884549328,0.23971260891168392,0.2500000000000008,0.2368471944905124,0.241671146616551,0.23355612561173458,0.24258301438944113,0.2417848448332884,0.24360192114722995,0.2446801772108292,0.24479711971217782,0.24067011449253425,0.23779840696723994,0.2385666178029041,0.23570369767912386,0.23034116847669606,0.23367573310429693,0.23661783028568534,0.24296411026191211,0.24480137321862713,0.24487136159509784,0.24470901846664042,0.24484387408721817,0.24486775620762963,0.24479273284414108,0.24487621034101406,0.24461790775932757,0.24487432756406124,0.24464184897185512,0.24486939587924986
