x1,x2,x3,x4,x5,x6,x7,x8,x9,x10,x11,x12,x13,x14,x15,x16,x17,x18,x19,x20,x21,x22,x23,x24,x25,x26,x27,x28,x29,x30,x31,x32,x33,x34,x35,x36,x37,x38,x39,x40,x41,x42,x43,x44,x45,x46,x47,x48,x49,x50,x51,x52,x53,x54,x55,x56,x57,x58,x59,x60
0.25000000000000006,0.24954830065251202,0.24636971430092236,0.24974759613420186,0.24782193443189998,0.2494957247994409,0.2476922153030001,0.24970284503630544,0.2491746761309354,0.24977355417378705,0.24853781944954587,0.15220875812614867,0.1662104485840547,0.15325034185920167,0.1032302156512883,0.16727778870034501,0.10905415817328246,0.226868498005791,0.10414682256955288,0.24929295859708647,0.24814702785711307,0.179114982500885,0.17727556450126378,0.17397095890949632,0.16547885261846051,0.14431010929545518,0.18432370489255404,0.1779563430386936,0.1726345105691616,0.24888223947720275,0.24760622451161238,0.19194361958715794,0.1842303740339488,0.15202492099493206,0.18862175484787597,0.14028453187554465,0.18994498465909102,0.14151957269334586,0.18626184111979097,0.24764986296979094,0.24968812997166287,0.18112939192722138,0.1431995270481153,0.16613622759760227,0.1093434773133944,0.1876603807153264,0.10346094310875724,0.2233471675572807,0.09127524441388683,0.24883742610733012,0.24976115951455588,0.24962318205511383,0.24807481549324076,0.24970320950739314,0.24781346830348544,0.24966373943117184,0.24601200485928132,0.24974540090433406,0.24731143625623375,0.24977446472913675
0.24954830065251202,0.25000000000000006,0.24636704959726768,0.24974686075776403,0.24782173567230173,0.24949506743077945,0.24769091834735482,0.2497021155607987,0.24917399978420704,0.2497728007124328,0.2485374881839136,0.1522270983452652,0.16623487927182892,0.1532501938138149,0.10324191773161817,0.1672634498477022,0.10906688140167854,0.22687249012904898,0.10415194662551037,0.24929219714623713,0.24814650972074248,0.1790917247440338,0.17729102689133944,0.1739443792880821,0.1654950829726026,0.14429769654041916,0.18433245808099966,0.17793737745175375,0.17264118148212576,0.24888138591800663,0.24760534874033768,0.191942185236804,0.18422211217007378,0.15202519195824632,0.18861291754301668,0.1402844603423606,0.1899370730704074,0.14151816621106647,0.18625703482230974,0.24764900122961983,0.2496873770679619,0.18112805429662798,0.14319837258069903,0.16613513910763256,0.10934252766878977,0.18765877909032663,0.10346036290533239,0.22334622919514888,0.09127473241654288,0.24883663681663706,0.2497604063994289,0.24962242935223453,0.24807406293682677,0.24970245656542478,0.24781263584394322,0.2496629860718175,0.24601104246901598,0.24974464752862852,0.24731054947009481,0.24977371157333975
0.24636971430092236,0.24636704959726768,0.24999999999999994,0.2465664165798462,0.2446470310645139,0.24631731169800855,0.24453598944280389,0.2465221797184577,0.24600117951355438,0.24659235226147183,0.24535968877457856,0.1496951038891539,0.162996343236259,0.15151667436180644,0.10179314092362517,0.16543614866174083,0.10739505547588826,0.22399114471916715,0.10263491253016993,0.24611877378522465,0.24498456881095204,0.17703835261828516,0.17486573623984009,0.1718790343536238,0.16323434258655914,0.1425000251154424,0.18190254266217903,0.17582857855195658,0.17035133977026384,0.24571350682879528,0.24445367781474445,0.1894823805182679,0.1819827420599287,0.15004921137166094,0.18632344189889727,0.1384660017134414,0.18760113647972657,0.1396914168184249,0.18394546974904805,0.24449604838689754,0.24650799169914842,0.17884936106660498,0.1413635040545387,0.1640531674985095,0.10795888537928326,0.18530301356257173,0.10212916005890348,0.22050567423418194,0.09009981499176005,0.24566834482458055,0.24658011415445405,0.24644389410264214,0.244915274458142,0.2465229021840646,0.24465748047624952,0.24648394488812814,0.2428796791386347,0.24656456225840964,0.24416213263629105,0.24659324992122533
0.24974759613420186,0.24974686075776403,0.2465664165798462,0.25,0.2480195228327155,0.24969415208649068,0.24788948558258184,0.24990139302795342,0.24937292467677505,0.2499721438803269,0.24873626164817383,0.15236035975252704,0.16632361123391723,0.15338932791575166,0.10329040816996948,0.1674242796801917,0.10913606352753133,0.2270548223045161,0.10421471950026295,0.24949126367389213,0.24834455642154374,0.17923575216756563,0.17742875049537907,0.17408436246261452,0.16562432242780825,0.14440764665525918,0.1844786083247222,0.17808272888997784,0.1727747275785532,0.2490800819601545,0.24780299538202888,0.19209308086720508,0.18437491539466078,0.15214370014642434,0.18876884072577593,0.1403949326063404,0.1900916862268055,0.14162751532317408,0.1864096087795966,0.24784657688123907,0.2498866486727316,0.18127566258011757,0.14331108094571474,0.1662713546484407,0.1094309479693895,0.18781129839562388,0.10354152226258802,0.22352422739170585,0.09134637610526256,0.24903523326701207,0.24995973940339317,0.24982165224624125,0.24827203749186944,0.24990174331595755,0.24801038298426387,0.24986224237788318,0.24620734526945007,0.2499439685485696,0.2475078796461943,0.24997305519754762
0.24782193443189998,0.24782173567230173,0.2446470310645139,0.2480195228327155,0.2500000000000001,0.24776766147126747,0.24596708747661214,0.24797510408690215,0.247449498292337,0.24804534247187787,0.2468114922728859,0.15077847323952606,0.16507767730553718,0.1521283635397101,0.10138660640750305,0.16623591162056128,0.10823751585434939,0.22530300762672067,0.10347240964302147,0.24756724397044527,0.24642817016697882,0.17793521142149799,0.1759532545848247,0.1731034925062836,0.1642127570703364,0.14339034678335938,0.1830205759438625,0.1768533239172365,0.17141675565020834,0.24715988608740094,0.24589314959813677,0.19063321995676968,0.1829480409805266,0.15097679003666079,0.1873408076277792,0.13930452679989375,0.18860878920332655,0.1405865776277465,0.1849362614564582,0.24593782667158126,0.2479605381941642,0.1798442798298335,0.14222001463888365,0.16495559195992432,0.10857239738123836,0.18635038857758124,0.1027543039064581,0.2218098394257057,0.0906489520080196,0.2471157764290445,0.24803302647769063,0.24789600359598274,0.24635863245842576,0.24797547743832343,0.24609963716163366,0.24793626958020237,0.2443113584907732,0.24801737179487204,0.24560174598471846,0.2480462396145264
0.2494957247994409,0.24949506743077945,0.24631731169800855,0.24969415208649068,0.24776766147126747,0.2500000000000002,0.24763784663832109,0.24964944220500138,0.24912136105299246,0.24972010050621246,0.24848484293097592,0.15217601612703083,0.16624990308176968,0.15320159595840288,0.10324629987938866,0.1672063962219726,0.10905182748356843,0.22682524509592247,0.10414827734441631,0.24923950467126801,0.2480940855876235,0.17905696556962372,0.177254524061907,0.17390302093631999,0.1654623971135754,0.14426607387983426,0.1842953150112173,0.17789469854806914,0.17260783188884377,0.2488288107549041,0.2475530657219567,0.19190243729267592,0.18417945367325064,0.15199262229020813,0.18856964144762245,0.14025283626778576,0.1898945581958195,0.14148998915988661,0.1862141642923357,0.24759682056471735,0.2496346974401578,0.1810873005695352,0.1431684875534701,0.16609765635440873,0.10931771877169834,0.1876178977558294,0.10343869887769783,0.22329982371188165,0.0912555135265917,0.2487841196353234,0.24970770899606387,0.24956976105132384,0.2480217454220844,0.24964977138918643,0.24776035114143713,0.24961030815485546,0.24595911103271112,0.24969195289742163,0.24725838611646064,0.24972101136120192
0.2476922153030001,0.24769091834735482,0.24453598944280389,0.24788948558258184,0.24596708747661214,0.24763784663832109,0.25000000000000017,0.24784470250477922,0.24733658126721902,0.24791539682551525,0.24668429874250353,0.15055075987113106,0.16483000347942012,0.15146424947349232,0.10257273508720084,0.16556106671987125,0.10719813030855692,0.22519188569294515,0.10334741338432116,0.2474373200414231,0.2462957339605528,0.17778379310951833,0.17566769062156223,0.17332965417638868,0.16404712243133143,0.14294288585162193,0.1828770455345068,0.17679096127284946,0.17128465192660497,0.24703175145876596,0.24576578267279858,0.19053000657367855,0.18306405998288966,0.15085979770103103,0.18740397792903837,0.1391368848678436,0.18870900703870322,0.1404900826210292,0.18493054230004347,0.24581063222424943,0.24783063127683308,0.1797633491892035,0.1421350727713698,0.16486934239870119,0.10850834034580555,0.1862735791523485,0.10267858195282992,0.22171327120883083,0.09057728362763999,0.24698663119693845,0.2479030840935472,0.2477661330115756,0.24623000511567822,0.24784556518942666,0.24597126674078335,0.24780638091117865,0.24418481520623325,0.24788743978590164,0.24547424601852555,0.24791629031017062
0.24970284503630544,0.2497021155607987,0.2465221797184577,0.24990139302795342,0.24797510408690215,0.24964944220500138,0.24784470250477922,0.2500000000000004,0.2493282997861481,0.24992736225257314,0.24869199491760324,0.1523400690006113,0.16628912037142748,0.15336627307072398,0.1032694890750545,0.16739509439390496,0.10911531725794453,0.22701745158383896,0.10419400365006937,0.2494465901223404,0.24830015241467968,0.17919455669104878,0.17740262810370636,0.17404101831038082,0.1656015553011192,0.14437313211522984,0.18445001367817884,0.17804279023757552,0.17274588978791636,0.24903542297723594,0.24775854285108725,0.1920574048168958,0.18433973672477702,0.1521152746568662,0.18873278958691841,0.14036856021985933,0.19005483999714223,0.14160058524229244,0.18637494094615337,0.24780211428710305,0.24984188178148134,0.18124342446237898,0.14328441160422942,0.16624216803678818,0.10941104024461337,0.18777804863785022,0.1035222276537614,0.22348418568142486,0.09132931584813078,0.2489905977949315,0.24991496008435407,0.24977689766427177,0.24822756069982496,0.24985697438403215,0.24796590168258628,0.24981748041835933,0.24616311503535765,0.24989919201314062,0.24746346167001265,0.2499282734929496
0.2491746761309354,0.24917399978420704,0.24600117951355438,0.24937292467677505,0.247449498292337,0.24912136105299246,0.24733658126721902,0.2493282997861481,0.2500000000000003,0.24939885689703717,0.248169682220277,0.15199574918194372,0.16591787511457035,0.15311605261123806,0.1029832916501236,0.1669803377041009,0.10885140173139862,0.22658289239552534,0.1039018840420842,0.2489193912672505,0.24777382020275926,0.17896288836825838,0.17697273006156403,0.17380864490370576,0.1652136123207021,0.14404118090898224,0.1840371613906951,0.17765344069443362,0.17235299047902283,0.24850912182058743,0.24723465507570028,0.19163534096482265,0.18398499454943518,0.15175340541875468,0.1883786854504593,0.1400366587924902,0.18969778631957754,0.1412755408832026,0.18600798501591603,0.24727823042822147,0.2493135449674234,0.18087011483835483,0.14297010077516348,0.16590000841213026,0.10917625043420327,0.1873941556200146,0.10329147601374893,0.2230172169379937,0.09112406560768999,0.2484640670648485,0.2493864810068606,0.24924871055223818,0.24770279683923746,0.24932861790624083,0.24744138707514063,0.24928920900032656,0.2456422588260334,0.24937074732388767,0.24693994667315344,0.24939976626441845
0.24977355417378705,0.2497728007124328,0.24659235226147183,0.2499721438803269,0.24804534247187787,0.24972010050621246,0.24791539682551525,0.24992736225257314,0.24939885689703717,0.2500000000000003,0.24876221915474658,0.1523801493834032,0.16633194313688013,0.15340909494008811,0.10329490927527786,0.167446539028828,0.10914465230145255,0.22707901611161996,0.10422150975817432,0.2495172130613706,0.2483703846437509,0.17925270433746648,0.17744773732171698,0.17410057323347913,0.16564230602323987,0.14442064756002643,0.1844983135858636,0.17810055224045931,0.1727923666774922,0.24910597170337578,0.24782874384315787,0.19211251231115917,0.1843946734642285,0.1521590535582966,0.18878892761857494,0.14040932049850272,0.19011149083049775,0.1416414228758372,0.18642948425678435,0.2478723075858355,0.2499126157576246,0.18129509303957533,0.1433256011400248,0.16628935344504042,0.10944254015889737,0.18783130020546188,0.10355198287186096,0.22354736576663592,0.09135561613165301,0.2490611099171673,0.24998571474510242,0.2498476132398985,0.24829783397146904,0.24992771262993344,0.24803614286059097,0.24988820777675122,0.24623290647322546,0.2499699423563416,0.2475335794123028,0.24999903192327974
0.24853781944954587,0.2485374881839136,0.24535968877457856,0.24873626164817383,0.2468114922728859,0.24848484293097592,0.24668429874250353,0.24869199491760324,0.248169682220277,0.24876221915474658,0.25000000000000033,0.15116815844066572,0.16604741765686426,0.1523281515260207,0.10310266053117735,0.16631661690527572,0.10872253693972082,0.22597578284404174,0.10398409730402408,0.24828220414835703,0.24713984694378596,0.17851826361975065,0.17647250981613588,0.17338361644143965,0.16473585346890904,0.1437624985211513,0.18355494300857159,0.17723803819037032,0.17193524055066509,0.2478739698832667,0.2466034490861134,0.19117305933454778,0.18346829037598955,0.15137257077791655,0.187854713840855,0.13966385061259856,0.1891709566836741,0.14096602321903473,0.18547249758349005,0.24664866005086566,0.2486771743372723,0.18036118654254513,0.14262162936296843,0.1654308719306222,0.1088728734498704,0.18689052183469765,0.1030401927272355,0.22245776387459493,0.09090094799591013,0.24782975598701373,0.2487498758851921,0.24861245695678885,0.24707085043587113,0.24869216051298618,0.24681033151915502,0.24865283508443978,0.24501609858883294,0.2487341735554653,0.24631074600824,0.2487631272048316
0.15220875812614867,0.1522270983452652,0.1496951038891539,0.15236035975252704,0.15077847323952606,0.15217601612703083,0.15055075987113106,0.1523400690006113,0.15199574918194372,0.1523801493834032,0.15116815844066572,0.2500000000000005,0.06884563585118449,0.10457793869228188,0.04763259359796027,0.10937354677587667,0.06194329165512652,0.1392914645025928,0.06335028015059925,0.15211013834451403,0.15158919376605898,0.08319534406177732,0.11977051448193234,0.08943521731433113,0.1124935936958923,0.07228941844329474,0.12084878695368347,0.0970396613973681,0.11036787268075003,0.15175580794099394,0.15094503175267746,0.11634263353773645,0.10631455706782675,0.09319281099134037,0.10860398024269402,0.0857916269444956,0.10915223051063373,0.08611826231628034,0.10988393820882407,0.1510122583522024,0.1523285555323916,0.10973457758418953,0.08680451149903388,0.10061894567677529,0.06624686417036678,0.11357060913942801,0.06293355699994126,0.13605757898106638,0.055459044121532505,0.1517814528989419,0.15237271445859624,0.15228853409139467,0.15134060825300735,0.15233735842546636,0.151131657552182,0.15231280598880495,0.1499449275817263,0.1523628577729264,0.1507965648429853,0.1523808310467299
0.1662104485840547,0.16623487927182892,0.162996343236259,0.16632361123391723,0.16507767730553718,0.16624990308176968,0.16483000347942012,0.16628912037142748,0.16591787511457035,0.16633194313688013,0.16604741765686426,0.06884563585118449,0.25000000000000056,0.06984886084287022,0.09478283226052649,0.09377013748062851,0.08311036452873741,0.1480599446210983,0.08026530313315088,0.1659420853420756,0.16509021369389185,0.13580415642049168,0.11014420110692308,0.13439402508874804,0.100985500297589,0.11056895388167308,0.11612125493606165,0.12650858298278542,0.11238558209172254,0.1657812386644952,0.1649652235580859,0.12931608908927303,0.12550154721227375,0.10141514416359437,0.12857020182992443,0.09357580075878341,0.13106179542553043,0.09582755351382671,0.12568351344831857,0.16501783363010106,0.166276021833957,0.11995553673864219,0.0965228198855253,0.10956253057063507,0.07265525387201854,0.12447090227248381,0.06963147794295235,0.1490596460960289,0.06145190277665415,0.16573253991660486,0.16632363206372033,0.1662317478202988,0.16521060771259233,0.16628504499580488,0.16508592737304661,0.16625868191183113,0.16396563595195646,0.16631307569188947,0.16478443720761685,0.16633249224664295
0.15325034185920167,0.1532501938138149,0.15151667436180644,0.15338932791575166,0.1521283635397101,0.15320159595840288,0.15146424947349232,0.15336627307072398,0.15311605261123806,0.15340909494008811,0.1523281515260207,0.10457793869228188,0.06984886084287022,0.2500000000000006,0.007100324853540105,0.12984808799648614,0.0542514903109057,0.14264011241994423,0.05580909915636199,0.15316621955674883,0.15253686899140173,0.09768450616330354,0.11367596634517847,0.0789942700050258,0.10929227710483715,0.07394511646428585,0.1209857177382282,0.09879571199829171,0.11040913664290566,0.15278611783486237,0.15198659009934443,0.11701558394260439,0.1081546028625114,0.09373201964852325,0.11115277698302839,0.08569107833154126,0.10996402284806234,0.08619552063045459,0.11076016791823516,0.15201333142026888,0.15335654037949836,0.11085709792421569,0.08699310301705744,0.10234391063949645,0.06673570439575316,0.11532028418657936,0.0629776119300985,0.13697702269661036,0.055572088180956825,0.15280187980150234,0.1534015471530141,0.1533167997742996,0.15236142017059282,0.1533659512747786,0.15214248722406595,0.15334139785667092,0.15094060885029956,0.15339172362321365,0.15180309879619808,0.15340971876314602
0.1032302156512883,0.10324191773161817,0.10179314092362517,0.10329040816996948,0.10138660640750305,0.10324629987938866,0.10257273508720084,0.1032694890750545,0.1029832916501236,0.10329490927527786,0.10310266053117735,0.04763259359796027,0.09478283226052649,0.007100324853540105,0.2500000000000004,0.02091494281479029,0.07018949826696173,0.08982902137464203,0.05499264532008614,0.10303548982802666,0.10255995497187637,0.08875724231078307,0.07193522997062866,0.07569778411615363,0.06811899387861577,0.07329600839640682,0.07505631596136318,0.07464462701012718,0.07174680418916754,0.10293103463383517,0.10243931660722905,0.07994980025855741,0.07757009294656199,0.06340221521578518,0.07902003456625835,0.05821317955877384,0.07977040761740575,0.05957923095023365,0.07692204832226582,0.1024507779043386,0.10326019821711484,0.07446728774745147,0.05975853760865321,0.0684376939428453,0.04504344141556354,0.07752139423080336,0.04311121533182028,0.09253020624727004,0.03811078660128139,0.10291127668383404,0.10328981170096273,0.10323274977357623,0.10259551837013935,0.10326584765496262,0.10249912814538524,0.1032494346719542,0.10177395256050187,0.10328323496881528,0.1023031322651451,0.10329531400295319
0.16727778870034501,0.1672634498477022,0.16543614866174083,0.1674242796801917,0.16623591162056128,0.1672063962219726,0.16556106671987125,0.16739509439390496,0.1669803377041009,0.167446539028828,0.16631661690527572,0.10937354677587667,0.09377013748062851,0.12984808799648614,0.02091494281479029,0.2500000000000003,0.02691707995168141,0.1618913660637187,0.0552362421461018,0.16714120988026124,0.16639027066971054,0.10657554634180524,0.123343002796263,0.09701646045881016,0.11795078699499056,0.06319427775843785,0.1296057471369764,0.10853717583841305,0.11878813827324224,0.16677379921254804,0.16591527518889695,0.12751971834176526,0.12118642031945087,0.10095874499056123,0.12312261591903532,0.09117243430505748,0.12098763554659572,0.09266525070512918,0.12132026821193799,0.1659213325032265,0.16738850602149555,0.1211315365338739,0.09420686122596834,0.11253669462440972,0.0723595205961068,0.1270177152431892,0.06795697145088188,0.14986016133034788,0.05994093154010066,0.1667765616433447,0.16743820206437945,0.16734569990878756,0.1663133401811381,0.1673993474261509,0.16605051142725202,0.16737253529569038,0.16471906590949217,0.16742749563456136,0.16567719150068458,0.16744712136528855
0.10905415817328246,0.10906688140167854,0.10739505547588826,0.10913606352753133,0.10823751585434939,0.10905182748356843,0.10719813030855692,0.10911531725794453,0.10885140173139862,0.10914465230145255,0.10872253693972082,0.06194329165512652,0.08311036452873741,0.0542514903109057,0.07018949826696173,0.02691707995168141,0.2500000000000005,0.0864594892135384,0.05220745462127886,0.10890480666527308,0.108341427418477,0.09315448369781286,0.07062165157082566,0.0770904626454547,0.06621755441791913,0.08114475039091282,0.07745549357789962,0.08182392026491372,0.07335411788166984,0.10880523960944648,0.10827208746686956,0.08343573457655913,0.08654188064685482,0.06449167474745807,0.08704567779637849,0.06041040287915455,0.08717786080054495,0.060869422093896876,0.08415009107794381,0.10821726398708154,0.10910626520380476,0.08033470156770746,0.06259081094264099,0.073972778131039,0.048183187058857845,0.08313227661914666,0.04496163736744588,0.09766469267666146,0.03980932761149672,0.10874275325063833,0.1091393461359432,0.10907905794255628,0.10840138203448911,0.10911402465197936,0.10828714106933496,0.10909724889644216,0.10751777127763175,0.1091326859726845,0.10806431059167508,0.10914516085429578
0.226868498005791,0.22687249012904898,0.22399114471916715,0.2270548223045161,0.22530300762672067,0.22682524509592247,0.22519188569294515,0.22701745158383896,0.22658289239552534,0.22707901611161996,0.22597578284404174,0.1392914645025928,0.1480599446210983,0.14264011241994423,0.08982902137464203,0.1618913660637187,0.0864594892135384,0.2500000000000005,0.0816993173614642,0.22683112180455928,0.2256126372816482,0.1597517410675577,0.16157540077429453,0.1546354426016214,0.15015723475577475,0.1262713158100959,0.16625829532832256,0.15681146371187213,0.1549030274710665,0.2262825406173947,0.22508225892178643,0.17249747009995986,0.16831635650907337,0.1344245256469035,0.17326738610701797,0.12456758806180951,0.17454143752849016,0.12531627376726337,0.17130925175200792,0.22509171004331519,0.22699940033686056,0.16613050989563993,0.12856515338287083,0.1527230846019978,0.09942195024005342,0.17200319238197292,0.09271154358985964,0.2031744324956954,0.08164422698053006,0.22621455240619207,0.22706776380850432,0.22694232590060986,0.22553878703017716,0.2270150759100388,0.22524612624472673,0.22697949503585027,0.2235498981454749,0.22705361732416954,0.22476028204080856,0.22707986055830764
0.10414682256955288,0.10415194662551037,0.10263491253016993,0.10421471950026295,0.10347240964302147,0.10414827734441631,0.10334741338432116,0.10419400365006937,0.1039018840420842,0.10422150975817432,0.10398409730402408,0.06335028015059925,0.08026530313315088,0.05580909915636199,0.05499264532008614,0.0552362421461018,0.05220745462127886,0.0816993173614642,0.25000000000000033,0.10383697446452811,0.10346134434758232,0.077940511040552,0.06985190229844043,0.08356575449945101,0.06561156242204724,0.0699293827819049,0.07662443428083938,0.07785786894866145,0.07442713420131934,0.10382932713204412,0.10335000040412229,0.08250052069021778,0.07610817320562359,0.06619025295929917,0.07711209523863526,0.060121236812633705,0.07891848059556915,0.06304572607659348,0.07548073498056694,0.103440155252471,0.10418863865126976,0.07331234570968741,0.0615970356361104,0.06681754267543084,0.04494093106611063,0.07667115603606534,0.04454228008997675,0.09350264383706404,0.039398317788306894,0.10384468890468128,0.10421631798869802,0.10415873914060715,0.10352120423697063,0.10419214153219883,0.10346593239731795,0.104175038560455,0.10278057964003254,0.10420938793074397,0.10329801719454927,0.10422186884737827
0.24929295859708647,0.24929219714623713,0.24611877378522465,0.24949126367389213,0.24756724397044527,0.24923950467126801,0.2474373200414231,0.2494465901223404,0.2489193912672505,0.2495172130613706,0.24828220414835703,0.15211013834451403,0.1659420853420756,0.15316621955674883,0.10303548982802666,0.16714120988026124,0.10890480666527308,0.22683112180455928,0.10383697446452811,0.25000000000000033,0.24789271751829892,0.1788580946760665,0.17711435745804538,0.17368175068834568,0.16534162955281553,0.14407921301529003,0.18414722659687713,0.1777373613571519,0.17246983861483914,0.24862664927124617,0.24735205594583967,0.19174630025433204,0.1840349229180964,0.15187734957625512,0.18842165173561676,0.14013838385167432,0.1897419256120364,0.14136987173966542,0.1860634065453883,0.24739536330682452,0.24943187396986874,0.18094359986700567,0.14304922456083394,0.16597074844618132,0.10923054615601037,0.1874717713433091,0.10335185734473143,0.2231177729426163,0.09117922069621408,0.24858195151078036,0.2495048312713694,0.2493669954186721,0.24782020467809052,0.24944694072920115,0.2475589458282794,0.24940751118697302,0.245759052320235,0.2494890888738145,0.24705732614211676,0.24951812283121325
0.24814702785711307,0.24814650972074248,0.24498456881095204,0.24834455642154374,0.24642817016697882,0.2480940855876235,0.2462957339605528,0.24830015241467968,0.24777382020275926,0.2483703846437509,0.24713984694378596,0.15158919376605898,0.16509021369389185,0.15253686899140173,0.10255995497187637,0.16639027066971054,0.108341427418477,0.2256126372816482,0.10346134434758232,0.24789271751829892,0.25000000000000044,0.1776625390389109,0.1765413211284515,0.1726427135936593,0.16485251386448718,0.1431499999933298,0.18352882471543655,0.1767205004085655,0.17186955992142372,0.24748124620366865,0.24621242663326082,0.19090740266339515,0.18295450593354992,0.15129326360806444,0.18733292224474932,0.13955872806234226,0.1886781154425122,0.14082679276414767,0.18504954300469018,0.2462592826926271,0.2482855300745232,0.18003154006097222,0.1424233246212297,0.16511249893234412,0.10870396274305161,0.18653490995405897,0.10290949867384024,0.2220927952535039,0.09078620531542816,0.24743917526894138,0.24835806116914755,0.2482208585669255,0.24668126928563536,0.24830043672330776,0.24642170394963311,0.24826115923810294,0.24462988548559936,0.24834237595135128,0.24592296496853214,0.24837129159765753
0.179114982500885,0.1790917247440338,0.17703835261828516,0.17923575216756563,0.17793521142149799,0.17905696556962372,0.17778379310951833,0.17919455669104878,0.17896288836825838,0.17925270433746648,0.17851826361975065,0.08319534406177732,0.13580415642049168,0.09768450616330354,0.08875724231078307,0.10657554634180524,0.09315448369781286,0.1597517410675577,0.077940511040552,0.1788580946760665,0.1776625390389109,0.25000000000000044,0.10693758602736693,0.13729974586299334,0.10870932755419081,0.1171342641315549,0.12402250286836675,0.1378659316281499,0.11892756608200504,0.1786877422658726,0.1777962627312451,0.1387416577148352,0.13765686715992848,0.10850588652359333,0.13998178160430588,0.10055722106069812,0.14246248944999945,0.1018324445208977,0.13719752712708144,0.17780255023270258,0.17919111630356754,0.13045516795747844,0.10348855499878569,0.11937622989741203,0.07884316955558214,0.134998181642416,0.07460413655779798,0.16046134705690415,0.06586381364533002,0.17860770886628843,0.17924370322474925,0.17914468530894614,0.17803729101428276,0.17920211763102206,0.17789571757839118,0.1791741470618618,0.17668297716219705,0.17923256324647593,0.17755991639122498,0.17925325228434094
0.17727556450126378,0.17729102689133944,0.17486573623984009,0.17742875049537907,0.1759532545848247,0.177254524061907,0.17566769062156223,0.17740262810370636,0.17697273006156403,0.17744773732171698,0.17647250981613588,0.11977051448193234,0.11014420110692308,0.11367596634517847,0.07193522997062866,0.123343002796263,0.07062165157082566,0.16157540077429453,0.06985190229844043,0.17711435745804538,0.1765413211284515,0.10693758602736693,0.2500000000000003,0.10172083765410103,0.1332519231635768,0.08214641165117277,0.14791234689835808,0.11286509165120381,0.13876730940886137,0.1766325300064525,0.17573028702206253,0.13835670410264303,0.11283355391143629,0.11704008671078862,0.12235215809656633,0.10410693128827606,0.12286622164857902,0.10702948042618583,0.12130663279341239,0.176002388124444,0.17739277902247796,0.1237638554751343,0.10314217152050606,0.11280358435166904,0.07599563274809906,0.12948062976972197,0.07513311219231472,0.15872836386907255,0.06614515664114537,0.1767644349741349,0.1774390243837698,0.1773409830629849,0.17624865564324366,0.17739785458849855,0.1760923475122284,0.17736795342306888,0.1748028209129189,0.17742688654608973,0.17577866048652724,0.1774484742386473
0.17397095890949632,0.1739443792880821,0.1718790343536238,0.17408436246261452,0.1731034925062836,0.17390302093631999,0.17332965417638868,0.17404101831038082,0.17380864490370576,0.17410057323347913,0.17338361644143965,0.08943521731433113,0.13439402508874804,0.0789942700050258,0.07569778411615363,0.09701646045881016,0.0770904626454547,0.1546354426016214,0.08356575449945101,0.17368175068834568,0.1726427135936593,0.13729974586299334,0.10172083765410103,0.25000000000000056,0.08995375566353496,0.113668708211337,0.1151408538350061,0.1376413314235262,0.11281221282798187,0.1735783446360735,0.1727158146948293,0.13546104473352977,0.13406918227943102,0.1027532378520824,0.13739468466831886,0.0965796819152106,0.14149590692149672,0.09879107407253619,0.1346723007763565,0.17276042005575562,0.1740410553645641,0.1260615712144644,0.1011648213257227,0.11473257806183339,0.0760052891732137,0.13036620381940145,0.07285453656983913,0.15620782944749273,0.06428585959773397,0.17348751328954046,0.17409178120251464,0.17399560759904908,0.17293612015124615,0.17405139449490226,0.17280867138455783,0.17402397566854452,0.17165859156714064,0.17408078968580631,0.1724860532293601,0.1741010554737314
0.16547885261846051,0.1654950829726026,0.16323434258655914,0.16562432242780825,0.1642127570703364,0.1654623971135754,0.16404712243133143,0.1656015553011192,0.1652136123207021,0.16564230602323987,0.16473585346890904,0.1124935936958923,0.100985500297589,0.10929227710483715,0.06811899387861577,0.11795078699499056,0.06621755441791913,0.15015723475577475,0.06561156242204724,0.16534162955281553,0.16485251386448718,0.10870932755419081,0.1332519231635768,0.08995375566353496,0.25000000000000044,0.060211659384231814,0.14318478166748133,0.1011207309232999,0.13518979799002626,0.16483769161255138,0.1640489470312368,0.13309257275331335,0.10959200910331093,0.11699693639780692,0.10600321036924625,0.09844910703110915,0.11396438783592897,0.10394528543949241,0.11024089953090038,0.16442030622396892,0.16559503149311658,0.11233925700725039,0.0986397751080691,0.10202876473250645,0.06986928178279359,0.1193898231004067,0.07097688338526212,0.14937449452991597,0.06247038591997404,0.16502337312136714,0.16563417377946185,0.1655426471060305,0.16453590008738386,0.16559574500985227,0.16447569734074238,0.16556707748220922,0.1633644229652966,0.16562247776722686,0.1642612289389401,0.16564299371412683
0.14431010929545518,0.14429769654041916,0.1425000251154424,0.14440764665525918,0.14339034678335938,0.14426607387983426,0.14294288585162193,0.14437313211522984,0.14404118090898224,0.14442064756002643,0.1437624985211513,0.07228941844329474,0.11056895388167308,0.07394511646428585,0.07329600839640682,0.06319427775843785,0.08114475039091282,0.1262713158100959,0.0699293827819049,0.14407921301529003,0.1431499999933298,0.1171342641315549,0.08214641165117277,0.113668708211337,0.060211659384231814,0.2500000000000003,0.07914500076883085,0.1096479778645958,0.09243792794258818,0.14399764580768115,0.14330952452280815,0.11201643011265093,0.11066151508038513,0.08233981492608744,0.11391057050957137,0.08153739516492989,0.11642535806209778,0.08242254232588267,0.11208150840966223,0.1432595410649818,0.14437042437051048,0.10514427622458408,0.08419863801971167,0.09575080923659532,0.0636842738050637,0.10778453521446259,0.06125143575551143,0.12883654232889086,0.05423099213032812,0.14390601358300764,0.14441347247937536,0.1443336971977094,0.14344211307915042,0.14437997364443428,0.1433148166213944,0.14435744374123835,0.1423272322907409,0.1444043958531198,0.14300781327078996,0.14442116618408984
0.18432370489255404,0.18433245808099966,0.18190254266217903,0.1844786083247222,0.1830205759438625,0.1842953150112173,0.1828770455345068,0.18445001367817884,0.1840371613906951,0.1844983135858636,0.18355494300857159,0.12084878695368347,0.11612125493606165,0.1209857177382282,0.07505631596136318,0.1296057471369764,0.07745549357789962,0.16625829532832256,0.07662443428083938,0.18414722659687713,0.18352882471543655,0.12402250286836675,0.14791234689835808,0.1151408538350061,0.14318478166748133,0.07914500076883085,0.25000000000000067,0.11275578180747045,0.14353692732550688,0.183648456347121,0.1827604089503354,0.14671606028533093,0.12589226183157676,0.12442950630772044,0.1315064831622499,0.10570973952685457,0.12569578691914876,0.11640959191785064,0.1253522921657833,0.1830955962506535,0.1844447480545879,0.12603011984478898,0.10955031686077063,0.11240633527994538,0.07940316919817339,0.13022346119361394,0.07934381347911273,0.16569697955132784,0.06900484984132899,0.18380991855469836,0.18448920070039965,0.1843872572722525,0.18326191871544217,0.18444639466676854,0.18318314537384245,0.18441477587027097,0.181930793026555,0.18447636880898552,0.18293167926093756,0.1844990250112344
0.1779563430386936,0.17793737745175375,0.17582857855195658,0.17808272888997784,0.1768533239172365,0.17789469854806914,0.17679096127284946,0.17804279023757552,0.17765344069443362,0.17810055224045931,0.17723803819037032,0.0970396613973681,0.12650858298278542,0.09879571199829171,0.07464462701012718,0.10853717583841305,0.08182392026491372,0.15681146371187213,0.07785786894866145,0.1777373613571519,0.1767205004085655,0.1378659316281499,0.11286509165120381,0.1376413314235262,0.1011207309232999,0.1096479778645958,0.11275578180747045,0.2500000000000006,0.10124756942239586,0.1775987053006829,0.17674089813736046,0.13738773693444095,0.1399582867537995,0.10311304878268772,0.14426847540207147,0.09986069485306882,0.14486451062582617,0.10367820189696741,0.13934757185396152,0.1766588689441654,0.1780388287304128,0.13038431109622237,0.10321724956972173,0.11940774110862147,0.07882541331229914,0.13471233984070896,0.07498966719026419,0.15901201451689118,0.06648446711028463,0.17747150290491434,0.17809162312313176,0.1779932460934685,0.1768800976572157,0.17805030769700883,0.17676056108251653,0.17802295898619888,0.17558022276722013,0.17808073794612578,0.1764152982568532,0.1781011114892556
0.1726345105691616,0.17264118148212576,0.17035133977026384,0.1727747275785532,0.17141675565020834,0.17260783188884377,0.17128465192660497,0.17274588978791636,0.17235299047902283,0.1727923666774922,0.17193524055066509,0.11036787268075003,0.11238558209172254,0.11040913664290566,0.07174680418916754,0.11878813827324224,0.07335411788166984,0.1549030274710665,0.07442713420131934,0.17246983861483914,0.17186955992142372,0.11892756608200504,0.13876730940886137,0.11281221282798187,0.13518979799002626,0.09243792794258818,0.14353692732550688,0.10124756942239586,0.25000000000000044,0.17193447520347435,0.171073353948991,0.1377933103204633,0.11132868565942318,0.11444610753219789,0.11593068074552394,0.10259917400050897,0.11752302420671676,0.10762362329352088,0.11179215862170667,0.17150558833972074,0.1727414606651154,0.11909109441449549,0.10228949325077535,0.10667083088862488,0.07576536768935205,0.12283047504811369,0.07426710492431723,0.15486144407095082,0.06444136278507573,0.1721286296317302,0.17278382938843218,0.17268835220410825,0.17163915606954133,0.1727437410823979,0.17151822834014982,0.17271381010732179,0.17034158211517078,0.1727716113971708,0.171285058668247,0.17279303003342397
0.24888223947720275,0.24888138591800663,0.24571350682879528,0.2490800819601545,0.24715988608740094,0.2488288107549041,0.24703175145876596,0.24903542297723594,0.24850912182058743,0.24910597170337578,0.2478739698832667,0.15175580794099394,0.1657812386644952,0.15278611783486237,0.10293103463383517,0.16677379921254804,0.10880523960944648,0.2262825406173947,0.10382932713204412,0.24862664927124617,0.24748124620366865,0.1786877422658726,0.1766325300064525,0.1735783446360735,0.16483769161255138,0.14399764580768115,0.183648456347121,0.1775987053006829,0.17193447520347435,0.25000000000000067,0.24694623536992297,0.1913541302291018,0.18392943985600438,0.15146310679058794,0.1883009156270715,0.1398282045353536,0.18967493210478056,0.14099202024440036,0.18595932059588932,0.246985982819347,0.2490206628622462,0.18073744878846332,0.14277498438936892,0.16578337650459843,0.10907360652195001,0.18723038445736473,0.10314439929783112,0.22275117656677054,0.09099587347612255,0.2481725187388756,0.24909360978294606,0.24895600139915844,0.24741176790344185,0.24903581466150757,0.247149918162636,0.2489964802498927,0.24535245514165224,0.24907790820485873,0.24664791159610894,0.24910687948083082
0.24760622451161238,0.24760534874033768,0.24445367781474445,0.24780299538202888,0.24589314959813677,0.2475530657219567,0.24576578267279858,0.24775854285108725,0.24723465507570028,0.24782874384315787,0.2466034490861134,0.15094503175267746,0.1649652235580859,0.15198659009934443,0.10243931660722905,0.16591527518889695,0.10827208746686956,0.22508225892178643,0.10335000040412229,0.24735205594583967,0.24621242663326082,0.1777962627312451,0.17573028702206253,0.1727158146948293,0.1640489470312368,0.14330952452280815,0.1827604089503354,0.17674089813736046,0.171073353948991,0.24694623536992297,0.2500000000000009,0.1899874329936195,0.18293715797458912,0.15054489566584237,0.18724495916218453,0.13908357114329403,0.18854998510212098,0.14020138054362308,0.1849892549519927,0.24571613448961468,0.2477438251350027,0.1798639263207384,0.1420085333567457,0.16495936147441598,0.10852848806752216,0.1862656656640795,0.10260540206962938,0.22159594867185292,0.09051047223041736,0.24689912536985575,0.24781644510336512,0.24767954231419526,0.24614299754310492,0.2477589462265993,0.2458800808281451,0.24771981533538753,0.24408818384439562,0.24780082475893944,0.24537879503507298,0.24782964677120053
0.19194361958715794,0.191942185236804,0.1894823805182679,0.19209308086720508,0.19063321995676968,0.19190243729267592,0.19053000657367855,0.1920574048168958,0.19163534096482265,0.19211251231115917,0.19117305933454778,0.11634263353773645,0.12931608908927303,0.11701558394260439,0.07994980025855741,0.12751971834176526,0.08343573457655913,0.17249747009995986,0.08250052069021778,0.19174630025433204,0.19090740266339515,0.1387416577148352,0.13835670410264303,0.13546104473352977,0.13309257275331335,0.11201643011265093,0.14671606028533093,0.13738773693444095,0.1377933103204633,0.1913541302291018,0.1899874329936195,0.25000000000000067,0.12682665541830915,0.12835691560842097,0.13469066640588237,0.11256511893536951,0.13553604794082852,0.1194175381034381,0.13478807941167267,0.1906187161829841,0.19205164648550327,0.12498222797762956,0.111681728790236,0.1213831500738208,0.08188746927858649,0.1384371205389315,0.08210904141741446,0.17096286712676048,0.07307717769967507,0.1914055909054971,0.1921029770015706,0.1919968350107251,0.1908013640608301,0.19205840928587092,0.19072330158750564,0.19202625102292672,0.18943551444242065,0.1920899193303935,0.1904097658680118,0.19211320804465554
0.1842303740339488,0.18422211217007378,0.1819827420599287,0.18437491539466078,0.1829480409805266,0.18417945367325064,0.18306405998288966,0.18433973672477702,0.18398499454943518,0.1843946734642285,0.18346829037598955,0.10631455706782675,0.12550154721227375,0.1081546028625114,0.07757009294656199,0.12118642031945087,0.08654188064685482,0.16831635650907337,0.07610817320562359,0.1840349229180964,0.18295450593354992,0.13765686715992848,0.11283355391143629,0.13406918227943102,0.10959200910331093,0.11066151508038513,0.12589226183157676,0.1399582867537995,0.11132868565942318,0.18392943985600438,0.18293715797458912,0.12682665541830915,0.25000000000000067,0.08686228744915281,0.1509317101788474,0.09159061221046602,0.1578541830536503,0.08818149220623969,0.15355695628908375,0.18257021039537835,0.18432046368869584,0.14256127973315397,0.09993769694023542,0.1315672246531154,0.08288472222283247,0.14573441606657206,0.0711139194843826,0.16537175045720698,0.062004664004179685,0.18367244973771696,0.18438548188836348,0.18428364474121398,0.18315035209519398,0.18434269163947975,0.1827441725443752,0.1843160807565676,0.18121830709047293,0.18437518977815712,0.18223386090736904,0.18439530814265567
